####################################################################################################
# Month: 12Dec                                                                                     #
# Station: JCMT                                                                                    #
# Frequency: 86 GHz                                                                                #
# Columns are: year    month   day     segment         tau     Tb (K)                              #
####################################################################################################
year,month,day,segment,tau,Tb
2009,12,1,0,0.05513888,16.60381
2009,12,1,1,0.03203698,10.86776
2009,12,1,2,0.02933863,10.16093
2009,12,1,3,0.02710144,9.584883
2009,12,1,4,0.02518559,9.095078
2009,12,1,5,0.0250474,9.069835
2009,12,1,6,0.02545882,9.166764
2009,12,1,7,0.02607867,9.330319
2009,12,2,0,0.02667335,9.488011
2009,12,2,1,0.02826678,9.89816
2009,12,2,2,0.03224234,10.91951
2009,12,2,3,0.03638285,11.96596
2009,12,2,4,0.04203236,13.39297
2009,12,2,5,0.04590948,14.37416
2009,12,2,6,0.0446344,14.049
2009,12,2,7,0.0405278,13.01323
2009,12,3,0,0.03782571,12.34388
2009,12,3,1,0.03232585,10.95013
2009,12,3,2,0.02913979,10.12664
2009,12,3,3,0.02790806,9.804886
2009,12,3,4,0.027576,9.72268
2009,12,3,5,0.0269722,9.572637
2009,12,3,6,0.0271917,9.620825
2009,12,3,7,0.02953435,10.23041
2009,12,4,0,0.03595526,11.88707
2009,12,4,1,0.04250533,13.53559
2009,12,4,2,0.04294547,13.62656
2009,12,4,3,0.05175244,15.77159
2009,12,4,4,0.05188747,15.74184
2009,12,4,5,0.04948114,15.11576
2009,12,4,6,0.06065452,17.98548
2009,12,4,7,0.0510992,15.62677
2009,12,5,0,0.03310497,11.07472
2009,12,5,1,0.03088179,10.51765
2009,12,5,2,0.03079467,10.48452
2009,12,5,3,0.02969644,10.16036
2009,12,5,4,0.03139473,10.60604
2009,12,5,5,0.03228094,10.8623
2009,12,5,6,0.03543449,11.67135
2009,12,5,7,0.03859789,12.48124
2009,12,6,0,0.03886532,12.55851
2009,12,6,1,0.03773333,12.28559
2009,12,6,2,0.03991579,12.83071
2009,12,6,3,0.046522,14.41322
2009,12,6,4,0.04530174,14.16624
2009,12,6,5,0.05252094,16.01282
2009,12,6,6,0.05442129,16.49014
2009,12,6,7,0.05315165,16.1907
2009,12,7,0,0.05567241,16.86666
2009,12,7,1,0.04914366,15.26713
2009,12,7,2,0.04006352,12.98272
2009,12,7,3,0.03562861,11.84029
2009,12,7,4,0.03245466,11.00629
2009,12,7,5,0.03095801,10.60731
2009,12,7,6,0.03100493,10.62879
2009,12,7,7,0.02934488,10.20879
2009,12,8,0,0.02838198,9.947076
2009,12,8,1,0.02654015,9.468556
2009,12,8,2,0.0268761,9.54899
2009,12,8,3,0.02705328,9.592616
2009,12,8,4,0.02735866,9.669186
2009,12,8,5,0.02811222,9.860863
2009,12,8,6,0.02866087,9.988774
2009,12,8,7,0.02812287,9.855504
2009,12,9,0,0.02877379,10.02146
2009,12,9,1,0.02946947,10.2049
2009,12,9,2,0.02949645,10.21114
2009,12,9,3,0.02923634,10.13854
2009,12,9,4,0.02962167,10.23566
2009,12,9,5,0.0295795,10.23066
2009,12,9,6,0.02895387,10.07645
2009,12,9,7,0.02851256,9.968066
2009,12,10,0,0.02935006,10.18963
2009,12,10,1,0.0304095,10.46592
2009,12,10,2,0.02980874,10.31636
2009,12,10,3,0.0285831,10.00479
2009,12,10,4,0.02838869,9.955499
2009,12,10,5,0.02803639,9.866273
2009,12,10,6,0.02717613,9.641953
2009,12,10,7,0.02673295,9.524966
2009,12,11,0,0.02686082,9.557138
2009,12,11,1,0.02672483,9.523571
2009,12,11,2,0.02626904,9.398529
2009,12,11,3,0.0257049,9.250596
2009,12,11,4,0.02524741,9.129679
2009,12,11,5,0.02495474,9.052127
2009,12,11,6,0.02490371,9.04023
2009,12,11,7,0.02493051,9.05108
2009,12,12,0,0.02481832,9.029097
2009,12,12,1,0.0248586,9.044578
2009,12,12,2,0.02493336,9.05789
2009,12,12,3,0.02490483,9.045363
2009,12,12,4,0.02531027,9.149816
2009,12,12,5,0.02543953,9.185508
2009,12,12,6,0.02569752,9.253642
2009,12,12,7,0.02609445,9.357777
2009,12,13,0,0.0260577,9.353368
2009,12,13,1,0.02612551,9.375467
2009,12,13,2,0.02648177,9.461586
2009,12,13,3,0.0263176,9.419686
2009,12,13,4,0.02653508,9.474563
2009,12,13,5,0.02681088,9.546123
2009,12,13,6,0.02647361,9.466711
2009,12,13,7,0.02641035,9.452802
2009,12,14,0,0.02698677,9.599478
2009,12,14,1,0.02729808,9.677593
2009,12,14,2,0.02725055,9.661753
2009,12,14,3,0.02711677,9.622397
2009,12,14,4,0.02701088,9.592311
2009,12,14,5,0.02704935,9.597683
2009,12,14,6,0.02696007,9.566316
2009,12,14,7,0.02687272,9.539196
2009,12,15,0,0.02693158,9.556977
2009,12,15,1,0.02708141,9.59635
2009,12,15,2,0.02691932,9.555826
2009,12,15,3,0.02688287,9.543373
2009,12,15,4,0.02738973,9.669936
2009,12,15,5,0.0277215,9.748143
2009,12,15,6,0.02695368,9.5564
2009,12,15,7,0.02634643,9.404788
2009,12,16,0,0.02623091,9.376142
2009,12,16,1,0.02680747,9.517453
2009,12,16,2,0.02693043,9.550154
2009,12,16,3,0.02680605,9.522214
2009,12,16,4,0.02703188,9.584068
2009,12,16,5,0.02698523,9.568839
2009,12,16,6,0.02669066,9.493112
2009,12,16,7,0.02657926,9.457911
2009,12,17,0,0.02658562,9.456317
2009,12,17,1,0.0267006,9.482491
2009,12,17,2,0.02654409,9.443895
2009,12,17,3,0.02669721,9.479203
2009,12,17,4,0.02671369,9.472322
2009,12,17,5,0.02661094,9.436134
2009,12,17,6,0.0268664,9.489033
2009,12,17,7,0.0271186,9.542102
2009,12,18,0,0.02736265,9.595353
2009,12,18,1,0.02540065,9.101076
2009,12,18,2,0.02422765,8.796877
2009,12,18,3,0.02458163,8.87349
2009,12,18,4,0.02503611,8.982023
2009,12,18,5,0.02575776,9.159045
2009,12,18,6,0.02614217,9.246985
2009,12,18,7,0.02648501,9.324836
2009,12,19,0,0.02838572,9.776464
2009,12,19,1,0.03123532,10.43727
2009,12,19,2,0.03629245,11.64286
2009,12,19,3,0.03429632,11.18595
2009,12,19,4,0.03125509,10.4675
2009,12,19,5,0.02950125,10.04159
2009,12,19,6,0.03399322,11.1006
2009,12,19,7,0.04305714,13.31824
2009,12,20,0,0.06567608,18.86962
2009,12,20,1,0.06865135,19.64772
2009,12,20,2,0.05082524,15.33348
2009,12,20,3,0.0733994,20.76198
2009,12,20,4,0.07439171,20.89611
2009,12,20,5,0.07896343,21.94634
2009,12,20,6,0.09385239,25.29499
2009,12,20,7,0.08353674,22.79968
2009,12,21,0,0.09469421,25.4517
2009,12,21,1,0.06865129,19.55477
2009,12,21,2,0.05900466,17.41047
2009,12,21,3,0.0482256,14.87538
2009,12,21,4,0.0380782,12.37526
2009,12,21,5,0.02855699,9.964498
2009,12,21,6,0.0259425,9.283499
2009,12,21,7,0.02675214,9.491459
2009,12,22,0,0.02822708,9.874075
2009,12,22,1,0.02852349,9.959813
2009,12,22,2,0.02823156,9.885624
2009,12,22,3,0.02952399,10.21552
2009,12,22,4,0.02975107,10.26825
2009,12,22,5,0.02829459,9.899282
2009,12,22,6,0.02698606,9.564903
2009,12,22,7,0.02593392,9.300088
2009,12,23,0,0.02586597,9.291551
2009,12,23,1,0.02586417,9.301807
2009,12,23,2,0.02514985,9.108056
2009,12,23,3,0.0263448,9.408477
2009,12,23,4,0.02803553,9.846511
2009,12,23,5,0.02896442,10.09576
2009,12,23,6,0.02932523,10.19286
2009,12,23,7,0.02933867,10.19402
2009,12,24,0,0.03046731,10.47849
2009,12,24,1,0.03028908,10.44663
2009,12,24,2,0.03065784,10.53739
2009,12,24,3,0.03138962,10.72234
2009,12,24,4,0.03264549,11.04457
2009,12,24,5,0.03385282,11.34944
2009,12,24,6,0.03604628,11.89467
2009,12,24,7,0.03647295,12.01532
2009,12,25,0,0.03533584,11.73512
2009,12,25,1,0.0349806,11.65036
2009,12,25,2,0.03599717,11.89198
2009,12,25,3,0.03546189,11.74858
2009,12,25,4,0.03553505,11.75796
2009,12,25,5,0.03415496,11.41819
2009,12,25,6,0.03286813,11.09123
2009,12,25,7,0.03318368,11.16449
2009,12,26,0,0.0324841,10.9883
2009,12,26,1,0.03193363,10.86262
2009,12,26,2,0.0302248,10.42404
2009,12,26,3,0.02815558,9.891234
2009,12,26,4,0.02765975,9.758998
2009,12,26,5,0.02737688,9.687998
2009,12,26,6,0.02648905,9.457052
2009,12,26,7,0.02553373,9.197897
2009,12,27,0,0.02511544,9.081862
2009,12,27,1,0.02852047,9.978249
2009,12,27,2,0.02926683,10.17106
2009,12,27,3,0.02771464,9.768131
2009,12,27,4,0.02630937,9.395283
2009,12,27,5,0.02567078,9.224703
2009,12,27,6,0.02546307,9.176193
2009,12,27,7,0.02541346,9.15903
2009,12,28,0,0.02532082,9.133417
2009,12,28,1,0.02510062,9.079085
2009,12,28,2,0.02510066,9.072184
2009,12,28,3,0.02540939,9.143554
2009,12,28,4,0.02543848,9.149146
2009,12,28,5,0.02561758,9.192634
2009,12,28,6,0.02557035,9.181451
2009,12,28,7,0.02591088,9.27159
2009,12,29,0,0.02662929,9.451932
2009,12,29,1,0.02674023,9.488877
2009,12,29,2,0.02646411,9.42132
2009,12,29,3,0.02643937,9.408497
2009,12,29,4,0.02628801,9.367818
2009,12,29,5,0.02621006,9.349093
2009,12,29,6,0.02594814,9.283302
2009,12,29,7,0.02577182,9.23575
2009,12,30,0,0.02585626,9.260442
2009,12,30,1,0.02568618,9.227714
2009,12,30,2,0.02588908,9.272711
2009,12,30,3,0.02588048,9.26474
2009,12,30,4,0.0255754,9.182269
2009,12,30,5,0.02539815,9.135284
2009,12,30,6,0.02529644,9.109121
2009,12,30,7,0.02503934,9.046681
2009,12,31,0,0.02503341,9.048459
2009,12,31,1,0.02527368,9.114798
2009,12,31,2,0.02538873,9.148322
2009,12,31,3,0.02528723,9.122096
2009,12,31,4,0.02527539,9.120617
2009,12,31,5,0.02550136,9.178114
2009,12,31,6,0.0257163,9.227787
2009,12,31,7,0.02626359,9.360635
2010,12,1,0,0.03271906,10.97076
2010,12,1,1,0.03337703,11.13641
2010,12,1,2,0.03431883,11.35422
2010,12,1,3,0.04901457,15.01976
2010,12,1,4,0.06832941,19.80064
2010,12,1,5,0.06782895,19.70827
2010,12,1,6,0.04259188,13.4886
2010,12,1,7,0.03409929,11.34503
2010,12,2,0,0.02911596,10.06317
2010,12,2,1,0.02825724,9.836348
2010,12,2,2,0.03022175,10.32482
2010,12,2,3,0.03099864,10.52585
2010,12,2,4,0.03219637,10.83254
2010,12,2,5,0.03252352,10.91156
2010,12,2,6,0.03177397,10.72172
2010,12,2,7,0.03156407,10.67213
2010,12,3,0,0.03280051,10.98831
2010,12,3,1,0.03388615,11.26347
2010,12,3,2,0.03532877,11.62069
2010,12,3,3,0.03635011,11.8741
2010,12,3,4,0.03731708,12.1008
2010,12,3,5,0.03903464,12.5126
2010,12,3,6,0.04519844,13.98243
2010,12,3,7,0.04545588,14.08153
2010,12,4,0,0.04388862,13.70983
2010,12,4,1,0.04605203,14.20278
2010,12,4,2,0.04397081,13.65812
2010,12,4,3,0.04242879,13.26458
2010,12,4,4,0.03980429,12.67575
2010,12,4,5,0.03023971,10.33309
2010,12,4,6,0.0249696,8.992046
2010,12,4,7,0.02410359,8.777213
2010,12,5,0,0.02427398,8.81559
2010,12,5,1,0.02431265,8.825231
2010,12,5,2,0.02422303,8.803447
2010,12,5,3,0.02441722,8.847709
2010,12,5,4,0.02454974,8.885284
2010,12,5,5,0.02490998,8.972982
2010,12,5,6,0.02508456,9.017622
2010,12,5,7,0.02489565,8.974791
2010,12,6,0,0.02530766,9.079472
2010,12,6,1,0.02573825,9.190125
2010,12,6,2,0.02581246,9.208767
2010,12,6,3,0.02583911,9.213145
2010,12,6,4,0.02582145,9.209844
2010,12,6,5,0.02581886,9.211695
2010,12,6,6,0.02576353,9.200651
2010,12,6,7,0.02574103,9.199939
2010,12,7,0,0.02586372,9.232544
2010,12,7,1,0.02585762,9.228661
2010,12,7,2,0.02552791,9.143521
2010,12,7,3,0.0252951,9.084505
2010,12,7,4,0.02551221,9.13797
2010,12,7,5,0.02562053,9.162829
2010,12,7,6,0.02588122,9.229707
2010,12,7,7,0.0264119,9.370341
2010,12,8,0,0.02692826,9.50496
2010,12,8,1,0.02730824,9.592829
2010,12,8,2,0.02737314,9.610188
2010,12,8,3,0.02727853,9.588316
2010,12,8,4,0.02757382,9.657316
2010,12,8,5,0.02800917,9.771537
2010,12,8,6,0.02803476,9.792105
2010,12,8,7,0.02831783,9.871382
2010,12,9,0,0.0288401,10.00729
2010,12,9,1,0.02916081,10.09105
2010,12,9,2,0.02997936,10.28604
2010,12,9,3,0.02940874,10.1188
2010,12,9,4,0.02916088,10.05571
2010,12,9,5,0.03014339,10.30638
2010,12,9,6,0.0296235,10.18062
2010,12,9,7,0.03071042,10.46614
2010,12,10,0,0.04224577,13.38834
2010,12,10,1,0.06154771,18.03632
2010,12,10,2,0.07040142,20.12829
2010,12,10,3,0.07020009,20.14029
2010,12,10,4,0.111952,30.07902
2010,12,10,5,0.1692283,42.90881
2010,12,10,6,0.1566963,40.30251
2010,12,10,7,0.1537417,39.45454
2010,12,11,0,0.1690491,42.74604
2010,12,11,1,0.1601956,40.78012
2010,12,11,2,0.1156312,30.71909
2010,12,11,3,0.06622851,19.06184
2010,12,11,4,0.03692864,11.95188
2010,12,11,5,0.02981743,10.21521
2010,12,11,6,0.03538532,11.6279
2010,12,11,7,0.03732257,12.19655
2010,12,12,0,0.04363201,13.85413
2010,12,12,1,0.03494532,11.60463
2010,12,12,2,0.03105149,10.58074
2010,12,12,3,0.03037993,10.39867
2010,12,12,4,0.03049408,10.42219
2010,12,12,5,0.03121938,10.60585
2010,12,12,6,0.03243869,10.92076
2010,12,12,7,0.03379937,11.26462
2010,12,13,0,0.03426299,11.38239
2010,12,13,1,0.03444063,11.43236
2010,12,13,2,0.03403307,11.32811
2010,12,13,3,0.03363143,11.22501
2010,12,13,4,0.03261509,10.96129
2010,12,13,5,0.03155456,10.68685
2010,12,13,6,0.03253312,10.93218
2010,12,13,7,0.0332823,11.11693
2010,12,14,0,0.03609825,11.81634
2010,12,14,1,0.03695285,12.05633
2010,12,14,2,0.03957112,12.7083
2010,12,14,3,0.03187642,10.77543
2010,12,14,4,0.02997318,10.29814
2010,12,14,5,0.02892388,10.02908
2010,12,14,6,0.02813159,9.830328
2010,12,14,7,0.02826324,9.877236
2010,12,15,0,0.02886932,10.03962
2010,12,15,1,0.02886186,10.0411
2010,12,15,2,0.02915712,10.11625
2010,12,15,3,0.02990711,10.30137
2010,12,15,4,0.03034137,10.40301
2010,12,15,5,0.0301125,10.3337
2010,12,15,6,0.02980959,10.2589
2010,12,15,7,0.02930352,10.1383
2010,12,16,0,0.0297728,10.26103
2010,12,16,1,0.02988629,10.28343
2010,12,16,2,0.03071351,10.48649
2010,12,16,3,0.03056525,10.45309
2010,12,16,4,0.03035766,10.39708
2010,12,16,5,0.03021692,10.35724
2010,12,16,6,0.02949745,10.17586
2010,12,16,7,0.0290341,10.06184
2010,12,17,0,0.02907081,10.07763
2010,12,17,1,0.02958577,10.2159
2010,12,17,2,0.03072556,10.49642
2010,12,17,3,0.03210683,10.84616
2010,12,17,4,0.03331787,11.14616
2010,12,17,5,0.03394246,11.29897
2010,12,17,6,0.03381031,11.28041
2010,12,17,7,0.03340518,11.19221
2010,12,18,0,0.03334483,11.18073
2010,12,18,1,0.03460756,11.49121
2010,12,18,2,0.03640287,11.92983
2010,12,18,3,0.03746626,12.18781
2010,12,18,4,0.03800769,12.31335
2010,12,18,5,0.03885592,12.49484
2010,12,18,6,0.03527262,11.62741
2010,12,18,7,0.03349617,11.1827
2010,12,19,0,0.0344417,11.41164
2010,12,19,1,0.03691789,12.04076
2010,12,19,2,0.04004857,12.84532
2010,12,19,3,0.0457556,14.26404
2010,12,19,4,0.06822805,19.75929
2010,12,19,5,0.1051097,28.61392
2010,12,19,6,0.1229291,32.65483
2010,12,19,7,0.1602104,41.3011
2010,12,20,0,0.2090602,51.84051
2010,12,20,1,0.1987902,49.4515
2010,12,20,2,0.2045881,50.53607
2010,12,20,3,0.2022585,50.24267
2010,12,20,4,0.1676141,42.83368
2010,12,20,5,0.1621777,41.76211
2010,12,20,6,0.2033556,50.35406
2010,12,20,7,0.2074666,51.45365
2010,12,21,0,0.2229349,54.89761
2010,12,21,1,0.2255253,55.21735
2010,12,21,2,0.1965146,49.09957
2010,12,21,3,0.2101004,51.88725
2010,12,21,4,0.2036329,50.46008
2010,12,21,5,0.1851392,46.21383
2010,12,21,6,0.1884718,46.87372
2010,12,21,7,0.2017783,50.09751
2010,12,22,0,0.2439079,59.12007
2010,12,22,1,0.2150214,53.23877
2010,12,22,2,0.1931914,48.46348
2010,12,22,3,0.1649527,42.17429
2010,12,22,4,0.1239925,32.87816
2010,12,22,5,0.1021859,27.79115
2010,12,22,6,0.0961204,26.40452
2010,12,22,7,0.1433994,37.18123
2010,12,23,0,0.1677659,42.07859
2010,12,23,1,0.1684059,42.71422
2010,12,23,2,0.1210611,32.24941
2010,12,23,3,0.127844,33.54007
2010,12,23,4,0.1297569,34.06148
2010,12,23,5,0.140509,36.49246
2010,12,23,6,0.1392882,36.27021
2010,12,23,7,0.1690236,43.00657
2010,12,24,0,0.16574,42.18295
2010,12,24,1,0.1199237,31.92584
2010,12,24,2,0.07540114,21.62929
2010,12,24,3,0.07100139,20.51786
2010,12,24,4,0.08442831,23.57364
2010,12,24,5,0.08666136,24.16215
2010,12,24,6,0.08351976,23.49502
2010,12,24,7,0.1031585,28.23315
2010,12,25,0,0.09993572,27.53106
2010,12,25,1,0.08410886,23.79949
2010,12,25,2,0.05567338,16.83459
2010,12,25,3,0.07794662,22.26089
2010,12,25,4,0.07774277,22.14615
2010,12,25,5,0.08196217,23.001
2010,12,25,6,0.06773127,19.58696
2010,12,25,7,0.0713981,20.49821
2010,12,26,0,0.1101693,29.5439
2010,12,26,1,0.1353086,35.03862
2010,12,26,2,0.1226525,32.44287
2010,12,26,3,0.1240975,32.56599
2010,12,26,4,0.09275242,25.2236
2010,12,26,5,0.08644163,23.71376
2010,12,26,6,0.06418117,18.548
2010,12,26,7,0.05895234,17.44581
2010,12,27,0,0.04977571,15.28727
2010,12,27,1,0.04397567,13.83924
2010,12,27,2,0.04502805,14.07317
2010,12,27,3,0.05417775,16.32453
2010,12,27,4,0.06319279,18.53129
2010,12,27,5,0.06840332,19.66722
2010,12,27,6,0.07977879,22.31407
2010,12,27,7,0.06106406,17.93234
2010,12,28,0,0.05337488,16.04982
2010,12,28,1,0.06761342,19.38107
2010,12,28,2,0.07476492,21.08389
2010,12,28,3,0.07574205,21.40888
2010,12,28,4,0.07819805,22.05289
2010,12,28,5,0.06350605,18.51916
2010,12,28,6,0.0737205,20.87279
2010,12,28,7,0.06717465,19.3238
2010,12,29,0,0.07403889,20.91468
2010,12,29,1,0.07667417,21.63847
2010,12,29,2,0.07002628,20.1576
2010,12,29,3,0.07157577,20.43747
2010,12,29,4,0.06048056,17.76279
2010,12,29,5,0.05253097,15.85397
2010,12,29,6,0.05278677,15.91692
2010,12,29,7,0.04784591,14.71105
2010,12,30,0,0.04039616,12.87723
2010,12,30,1,0.03456253,11.43569
2010,12,30,2,0.03113174,10.58514
2010,12,30,3,0.02939391,10.1453
2010,12,30,4,0.02814504,9.820207
2010,12,30,5,0.02788632,9.76004
2010,12,30,6,0.02842734,9.904085
2010,12,30,7,0.02846774,9.921236
2010,12,31,0,0.02856067,9.943128
2010,12,31,1,0.02804355,9.813819
2010,12,31,2,0.02765317,9.710327
2010,12,31,3,0.02784749,9.752413
2010,12,31,4,0.02757843,9.677407
2010,12,31,5,0.02717984,9.569685
2010,12,31,6,0.02694181,9.508745
2010,12,31,7,0.02706295,9.535168
2011,12,1,0,0.03319009,11.04645
2011,12,1,1,0.03171006,10.68534
2011,12,1,2,0.03164251,10.67194
2011,12,1,3,0.03250521,10.89146
2011,12,1,4,0.03362439,11.16281
2011,12,1,5,0.03369771,11.1758
2011,12,1,6,0.03392675,11.2244
2011,12,1,7,0.03560836,11.65786
2011,12,2,0,0.0374848,12.13199
2011,12,2,1,0.03720454,12.056
2011,12,2,2,0.03615945,11.76608
2011,12,2,3,0.03425176,11.28749
2011,12,2,4,0.0307418,10.43938
2011,12,2,5,0.03076273,10.46926
2011,12,2,6,0.02763881,9.661371
2011,12,2,7,0.02794692,9.729397
2011,12,3,0,0.03547531,11.6643
2011,12,3,1,0.04918237,15.15567
2011,12,3,2,0.03484457,11.51893
2011,12,3,3,0.03233819,10.84739
2011,12,3,4,0.0312146,10.53664
2011,12,3,5,0.03357595,11.11001
2011,12,3,6,0.0374585,12.05082
2011,12,3,7,0.04600303,14.02311
2011,12,4,0,0.04111894,12.8777
2011,12,4,1,0.04745706,14.38201
2011,12,4,2,0.05487848,16.12389
2011,12,4,3,0.05491327,16.15704
2011,12,4,4,0.04493639,13.83448
2011,12,4,5,0.04039961,12.77275
2011,12,4,6,0.03583704,11.66499
2011,12,4,7,0.03484893,11.42844
2011,12,5,0,0.04250755,13.2543
2011,12,5,1,0.04089893,12.90977
2011,12,5,2,0.03785459,12.21835
2011,12,5,3,0.0354131,11.65102
2011,12,5,4,0.03565378,11.70975
2011,12,5,5,0.03590116,11.75927
2011,12,5,6,0.03732965,12.1089
2011,12,5,7,0.03915281,12.54247
2011,12,6,0,0.04020193,12.76059
2011,12,6,1,0.04817569,14.67223
2011,12,6,2,0.06241534,18.04178
2011,12,6,3,0.0474267,14.507
2011,12,6,4,0.03584121,11.70688
2011,12,6,5,0.03422071,11.30776
2011,12,6,6,0.03424592,11.31932
2011,12,6,7,0.03486291,11.45411
2011,12,7,0,0.04327161,13.4659
2011,12,7,1,0.04063965,12.82879
2011,12,7,2,0.04740282,14.41469
2011,12,7,3,0.05648818,16.56232
2011,12,7,4,0.05096241,15.26346
2011,12,7,5,0.04137347,12.98967
2011,12,7,6,0.03688676,11.94718
2011,12,7,7,0.03562069,11.6658
2011,12,8,0,0.03055503,10.4011
2011,12,8,1,0.02843333,9.864572
2011,12,8,2,0.02757707,9.651854
2011,12,8,3,0.02716387,9.549577
2011,12,8,4,0.02760349,9.670301
2011,12,8,5,0.02833674,9.857831
2011,12,8,6,0.02837202,9.87359
2011,12,8,7,0.02823245,9.83673
2011,12,9,0,0.02840977,9.872002
2011,12,9,1,0.02846376,9.889685
2011,12,9,2,0.02868904,9.94703
2011,12,9,3,0.02818457,9.810465
2011,12,9,4,0.02766477,9.663055
2011,12,9,5,0.02775393,9.677482
2011,12,9,6,0.02736116,9.583877
2011,12,9,7,0.02684896,9.449704
2011,12,10,0,0.02616844,9.26875
2011,12,10,1,0.02541321,9.078759
2011,12,10,2,0.0250978,8.99583
2011,12,10,3,0.02532171,9.037005
2011,12,10,4,0.02543723,9.058102
2011,12,10,5,0.02573462,9.131711
2011,12,10,6,0.0259028,9.178064
2011,12,10,7,0.03895712,12.46966
2011,12,11,0,0.0607107,17.81435
2011,12,11,1,0.05534738,16.56828
2011,12,11,2,0.07241727,20.6217
2011,12,11,3,0.09756999,26.45504
2011,12,11,4,0.07707967,21.75266
2011,12,11,5,0.03585518,11.69014
2011,12,11,6,0.03310726,11.02266
2011,12,11,7,0.03766186,12.16596
2011,12,12,0,0.03566237,11.62373
2011,12,12,1,0.03405449,11.24578
2011,12,12,2,0.03464131,11.37184
2011,12,12,3,0.03780907,12.12166
2011,12,12,4,0.0448178,13.8292
2011,12,12,5,0.04887185,14.84324
2011,12,12,6,0.06129741,17.80244
2011,12,12,7,0.08647189,23.77423
2011,12,13,0,0.1272283,33.15884
2011,12,13,1,0.1516411,38.7377
2011,12,13,2,0.1536559,39.16875
2011,12,13,3,0.1563937,39.935
2011,12,13,4,0.1387378,35.98283
2011,12,13,5,0.1176312,31.07757
2011,12,13,6,0.07515207,21.40024
2011,12,13,7,0.07126089,20.45652
2011,12,14,0,0.0701379,20.19452
2011,12,14,1,0.0625351,18.29525
2011,12,14,2,0.05563424,16.59339
2011,12,14,3,0.0564351,16.75887
2011,12,14,4,0.06778543,19.62833
2011,12,14,5,0.06402026,18.73025
2011,12,14,6,0.04375992,13.73734
2011,12,14,7,0.04024318,12.88772
2011,12,15,0,0.04292004,13.59595
2011,12,15,1,0.04067569,13.0569
2011,12,15,2,0.02817311,9.824475
2011,12,15,3,0.02698291,9.525066
2011,12,15,4,0.02663445,9.437656
2011,12,15,5,0.02703449,9.539274
2011,12,15,6,0.02701717,9.53584
2011,12,15,7,0.0265103,9.402335
2011,12,16,0,0.02628911,9.345509
2011,12,16,1,0.0258765,9.244505
2011,12,16,2,0.02601291,9.273842
2011,12,16,3,0.03177398,10.74518
2011,12,16,4,0.04262314,13.46904
2011,12,16,5,0.02846755,9.880341
2011,12,16,6,0.02583391,9.195414
2011,12,16,7,0.02630708,9.302181
2011,12,17,0,0.02770981,9.651078
2011,12,17,1,0.03088846,10.45763
2011,12,17,2,0.03304206,10.98912
2011,12,17,3,0.03573179,11.66335
2011,12,17,4,0.03363197,11.14371
2011,12,17,5,0.03256301,10.84815
2011,12,17,6,0.03281236,10.90408
2011,12,17,7,0.03291356,10.93095
2011,12,18,0,0.03999364,12.71574
2011,12,18,1,0.03857236,12.31272
2011,12,18,2,0.03519531,11.45258
2011,12,18,3,0.03289764,10.87114
2011,12,18,4,0.03235497,10.731
2011,12,18,5,0.0322474,10.69942
2011,12,18,6,0.03377818,11.06708
2011,12,18,7,0.0450205,13.87501
2011,12,19,0,0.07195586,20.31593
2011,12,19,1,0.05542734,16.29826
2011,12,19,2,0.06145136,17.75788
2011,12,19,3,0.09335033,25.13044
2011,12,19,4,0.1082139,28.50653
2011,12,19,5,0.1119965,29.72713
2011,12,19,6,0.1255661,32.86929
2011,12,19,7,0.103506,28.08071
2011,12,20,0,0.104944,28.40813
2011,12,20,1,0.07212654,20.60207
2011,12,20,2,0.06547617,19.09048
2011,12,20,3,0.0689563,19.84443
2011,12,20,4,0.07329142,20.87129
2011,12,20,5,0.08177455,22.87025
2011,12,20,6,0.07188322,20.49394
2011,12,20,7,0.09868813,26.69488
2011,12,21,0,0.1045927,28.01697
2011,12,21,1,0.08044769,22.41242
2011,12,21,2,0.06212809,18.1321
2011,12,21,3,0.050831,15.44705
2011,12,21,4,0.04650298,14.41247
2011,12,21,5,0.05906015,17.53441
2011,12,21,6,0.0538323,16.27084
2011,12,21,7,0.04487254,14.05986
2011,12,22,0,0.05309057,16.13847
2011,12,22,1,0.06286241,18.51154
2011,12,22,2,0.07324587,21.0856
2011,12,22,3,0.08702968,24.51007
2011,12,22,4,0.05484299,16.60164
2011,12,22,5,0.03791618,12.31863
2011,12,22,6,0.02878011,9.967583
2011,12,22,7,0.02565248,9.156846
2011,12,23,0,0.02574121,9.175574
2011,12,23,1,0.02603939,9.248278
2011,12,23,2,0.02605671,9.248431
2011,12,23,3,0.02600558,9.23982
2011,12,23,4,0.02628384,9.31705
2011,12,23,5,0.02696099,9.493107
2011,12,23,6,0.02781323,9.707797
2011,12,23,7,0.02760662,9.655048
2011,12,24,0,0.02664008,9.408128
2011,12,24,1,0.02650036,9.370641
2011,12,24,2,0.02641772,9.348394
2011,12,24,3,0.0264394,9.354637
2011,12,24,4,0.0263804,9.340276
2011,12,24,5,0.02654303,9.376687
2011,12,24,6,0.02678415,9.436452
2011,12,24,7,0.0271909,9.537295
2011,12,25,0,0.02807574,9.755607
2011,12,25,1,0.02833967,9.831217
2011,12,25,2,0.02848577,9.86779
2011,12,25,3,0.02839765,9.840306
2011,12,25,4,0.02778923,9.691799
2011,12,25,5,0.02650729,9.365797
2011,12,25,6,0.02566243,9.146679
2011,12,25,7,0.02516585,9.019974
2011,12,26,0,0.02482968,8.934409
2011,12,26,1,0.02509873,9.003215
2011,12,26,2,0.02508431,9.002054
2011,12,26,3,0.02488233,8.952368
2011,12,26,4,0.02491243,8.961592
2011,12,26,5,0.02529569,9.059183
2011,12,26,6,0.02666529,9.402589
2011,12,26,7,0.02791752,9.732049
2011,12,27,0,0.02843274,9.878928
2011,12,27,1,0.02809182,9.80729
2011,12,27,2,0.0288664,10.011
2011,12,27,3,0.03015438,10.34201
2011,12,27,4,0.03013711,10.33289
2011,12,27,5,0.02878973,9.989354
2011,12,27,6,0.02808598,9.815772
2011,12,27,7,0.02713183,9.582197
2011,12,28,0,0.02664713,9.459215
2011,12,28,1,0.02636941,9.389086
2011,12,28,2,0.02621297,9.357232
2011,12,28,3,0.02573064,9.234099
2011,12,28,4,0.02550769,9.177661
2011,12,28,5,0.02621757,9.368953
2011,12,28,6,0.0272687,9.645297
2011,12,28,7,0.02830697,9.913155
2011,12,29,0,0.02890084,10.05154
2011,12,29,1,0.02828701,9.907383
2011,12,29,2,0.02972706,10.28968
2011,12,29,3,0.02897612,10.09602
2011,12,29,4,0.02801344,9.851793
2011,12,29,5,0.02782701,9.810709
2011,12,29,6,0.02722546,9.659323
2011,12,29,7,0.02688649,9.570496
2011,12,30,0,0.02690291,9.562428
2011,12,30,1,0.02654719,9.470653
2011,12,30,2,0.02622212,9.383189
2011,12,30,3,0.02549493,9.195632
2011,12,30,4,0.02527522,9.143166
2011,12,30,5,0.0252541,9.136511
2011,12,30,6,0.02523516,9.131481
2011,12,30,7,0.02531801,9.152697
2011,12,31,0,0.0255946,9.222386
2011,12,31,1,0.02583128,9.288398
2011,12,31,2,0.02572305,9.262305
2011,12,31,3,0.02539253,9.176604
2011,12,31,4,0.0253986,9.169746
2011,12,31,5,0.02536486,9.150629
2011,12,31,6,0.02522099,9.116991
2011,12,31,7,0.0257436,9.243982
2012,12,1,0,0.05520701,16.55676
2012,12,1,1,0.04945837,15.15798
2012,12,1,2,0.04812174,14.7908
2012,12,1,3,0.04504569,14.0607
2012,12,1,4,0.04587183,14.26355
2012,12,1,5,0.05212125,15.7324
2012,12,1,6,0.04979085,15.23295
2012,12,1,7,0.04951523,15.20322
2012,12,2,0,0.05083899,15.55173
2012,12,2,1,0.05592577,16.80541
2012,12,2,2,0.05257748,15.97034
2012,12,2,3,0.05416678,16.32038
2012,12,2,4,0.05251357,15.90838
2012,12,2,5,0.0679216,19.48645
2012,12,2,6,0.08666998,23.86262
2012,12,2,7,0.09441282,25.65437
2012,12,3,0,0.104136,27.93338
2012,12,3,1,0.06951276,19.86079
2012,12,3,2,0.06139706,18.04107
2012,12,3,3,0.067656,19.54645
2012,12,3,4,0.05943761,17.45734
2012,12,3,5,0.0428814,13.48079
2012,12,3,6,0.03528453,11.64411
2012,12,3,7,0.03806267,12.33322
2012,12,4,0,0.0465,14.37271
2012,12,4,1,0.04745082,14.64311
2012,12,4,2,0.04819315,14.82021
2012,12,4,3,0.0446278,13.93437
2012,12,4,4,0.04078778,12.99883
2012,12,4,5,0.04633225,14.35761
2012,12,4,6,0.04284361,13.56294
2012,12,4,7,0.04412492,13.909
2012,12,5,0,0.0511007,15.57415
2012,12,5,1,0.06259279,18.27274
2012,12,5,2,0.071665,20.33702
2012,12,5,3,0.09259071,25.10499
2012,12,5,4,0.08502392,23.38253
2012,12,5,5,0.08894217,24.30445
2012,12,5,6,0.08146999,22.6087
2012,12,5,7,0.07862126,21.97222
2012,12,6,0,0.08244825,22.80233
2012,12,6,1,0.07474632,21.05269
2012,12,6,2,0.06283159,18.26547
2012,12,6,3,0.05722153,16.94084
2012,12,6,4,0.05179162,15.67122
2012,12,6,5,0.04865647,14.92369
2012,12,6,6,0.05012535,15.29843
2012,12,6,7,0.05330755,16.07226
2012,12,7,0,0.05574975,16.67906
2012,12,7,1,0.05388326,16.31544
2012,12,7,2,0.05344857,16.18603
2012,12,7,3,0.05523341,16.59918
2012,12,7,4,0.06323667,18.50608
2012,12,7,5,0.05887387,17.47052
2012,12,7,6,0.05870929,17.44146
2012,12,7,7,0.05606002,16.79206
2012,12,8,0,0.05303633,16.06826
2012,12,8,1,0.05194369,15.82193
2012,12,8,2,0.05990925,17.6935
2012,12,8,3,0.06752766,19.46719
2012,12,8,4,0.05309022,16.02505
2012,12,8,5,0.04733201,14.62163
2012,12,8,6,0.0458714,14.26765
2012,12,8,7,0.04290222,13.57559
2012,12,9,0,0.04124016,13.1582
2012,12,9,1,0.04058546,12.99444
2012,12,9,2,0.04021359,12.89742
2012,12,9,3,0.03914992,12.61837
2012,12,9,4,0.03455563,11.44932
2012,12,9,5,0.03149104,10.65687
2012,12,9,6,0.03128807,10.61773
2012,12,9,7,0.03101664,10.55396
2012,12,10,0,0.03098955,10.54396
2012,12,10,1,0.03117613,10.59755
2012,12,10,2,0.03058544,10.4513
2012,12,10,3,0.03022198,10.36789
2012,12,10,4,0.0298931,10.28582
2012,12,10,5,0.03000484,10.30392
2012,12,10,6,0.02915963,10.09712
2012,12,10,7,0.02810366,9.832181
2012,12,11,0,0.0289042,10.01974
2012,12,11,1,0.02935505,10.12928
2012,12,11,2,0.02898053,10.03431
2012,12,11,3,0.02897261,10.02593
2012,12,11,4,0.02888178,9.991164
2012,12,11,5,0.02864244,9.927676
2012,12,11,6,0.02921155,10.06942
2012,12,11,7,0.03026907,10.33149
2012,12,12,0,0.032375,10.84952
2012,12,12,1,0.0401163,12.70736
2012,12,12,2,0.04568959,14.05838
2012,12,12,3,0.03451793,11.37934
2012,12,12,4,0.03635933,11.81935
2012,12,12,5,0.0333684,11.08937
2012,12,12,6,0.03458986,11.38064
2012,12,12,7,0.03383911,11.22465
2012,12,13,0,0.03422857,11.32693
2012,12,13,1,0.03566945,11.68837
2012,12,13,2,0.03565704,11.66703
2012,12,13,3,0.03436299,11.34459
2012,12,13,4,0.03500858,11.48683
2012,12,13,5,0.03743773,12.07769
2012,12,13,6,0.03778708,12.21315
2012,12,13,7,0.04231081,13.34887
2012,12,14,0,0.04368734,13.69048
2012,12,14,1,0.04561213,14.18249
2012,12,14,2,0.0499497,15.24127
2012,12,14,3,0.04235392,13.38635
2012,12,14,4,0.03716165,12.1017
2012,12,14,5,0.03411834,11.32841
2012,12,14,6,0.03197841,10.78324
2012,12,14,7,0.02959989,10.16898
2012,12,15,0,0.02761751,9.671107
2012,12,15,1,0.02603125,9.282467
2012,12,15,2,0.02516153,9.072458
2012,12,15,3,0.02471729,8.962034
2012,12,15,4,0.02453129,8.914623
2012,12,15,5,0.02475722,8.973321
2012,12,15,6,0.02517968,9.082588
2012,12,15,7,0.02518768,9.085696
2012,12,16,0,0.02497442,9.032663
2012,12,16,1,0.02492207,9.023827
2012,12,16,2,0.02484273,8.998296
2012,12,16,3,0.0245026,8.912808
2012,12,16,4,0.02472448,8.963333
2012,12,16,5,0.0249898,9.027193
2012,12,16,6,0.0250987,9.050559
2012,12,16,7,0.02513593,9.056673
2012,12,17,0,0.02536254,9.115129
2012,12,17,1,0.02583977,9.238879
2012,12,17,2,0.02646938,9.400109
2012,12,17,3,0.02679078,9.481126
2012,12,17,4,0.02731382,9.61752
2012,12,17,5,0.02704461,9.545746
2012,12,17,6,0.02653933,9.417771
2012,12,17,7,0.02680818,9.494139
2012,12,18,0,0.0268565,9.507446
2012,12,18,1,0.02636661,9.381729
2012,12,18,2,0.02612645,9.316619
2012,12,18,3,0.02608259,9.298698
2012,12,18,4,0.02593315,9.254018
2012,12,18,5,0.02576751,9.207848
2012,12,18,6,0.02593307,9.241504
2012,12,18,7,0.02615811,9.289961
2012,12,19,0,0.02640608,9.348088
2012,12,19,1,0.0265916,9.39067
2012,12,19,2,0.0263481,9.323473
2012,12,19,3,0.02597794,9.227393
2012,12,19,4,0.0262289,9.290392
2012,12,19,5,0.02659459,9.379518
2012,12,19,6,0.02668445,9.395593
2012,12,19,7,0.02651129,9.356503
2012,12,20,0,0.02678527,9.435546
2012,12,20,1,0.02746776,9.623167
2012,12,20,2,0.03397673,11.29995
2012,12,20,3,0.0329647,11.05024
2012,12,20,4,0.0314262,10.65765
2012,12,20,5,0.02875995,9.968125
2012,12,20,6,0.02550976,9.138636
2012,12,20,7,0.02518837,9.06954
2012,12,21,0,0.02522557,9.092636
2012,12,21,1,0.02515048,9.074208
2012,12,21,2,0.02541992,9.137963
2012,12,21,3,0.025768,9.229481
2012,12,21,4,0.02625183,9.343613
2012,12,21,5,0.02687803,9.487391
2012,12,21,6,0.02676767,9.472381
2012,12,21,7,0.02680947,9.483856
2012,12,22,0,0.02694171,9.52248
2012,12,22,1,0.02655837,9.445387
2012,12,22,2,0.02654436,9.442247
2012,12,22,3,0.02597194,9.302983
2012,12,22,4,0.02581966,9.265928
2012,12,22,5,0.0258156,9.266386
2012,12,22,6,0.02593271,9.300127
2012,12,22,7,0.02597337,9.320514
2012,12,23,0,0.02603849,9.342469
2012,12,23,1,0.02619576,9.382505
2012,12,23,2,0.02658982,9.474281
2012,12,23,3,0.02695606,9.558911
2012,12,23,4,0.02696297,9.554625
2012,12,23,5,0.02710166,9.583739
2012,12,23,6,0.02703671,9.576114
2012,12,23,7,0.02791679,9.792674
2012,12,24,0,0.0291482,10.10123
2012,12,24,1,0.03074795,10.49769
2012,12,24,2,0.03091375,10.52049
2012,12,24,3,0.03043448,10.39822
2012,12,24,4,0.03294343,11.01394
2012,12,24,5,0.03797159,12.2342
2012,12,24,6,0.03849195,12.37479
2012,12,24,7,0.03633059,11.85049
2012,12,25,0,0.04409175,13.68572
2012,12,25,1,0.04316562,13.52162
2012,12,25,2,0.04325673,13.53766
2012,12,25,3,0.04989578,15.13122
2012,12,25,4,0.04495625,14.01264
2012,12,25,5,0.05050756,15.33685
2012,12,25,6,0.0502391,15.32342
2012,12,25,7,0.06193056,18.422
2012,12,26,0,0.08419749,24.01299
2012,12,26,1,0.08459406,24.02667
2012,12,26,2,0.07813257,22.3399
2012,12,26,3,0.07182504,20.7916
2012,12,26,4,0.06633814,19.43872
2012,12,26,5,0.05769216,17.34282
2012,12,26,6,0.0534495,16.24595
2012,12,26,7,0.05578861,16.70966
2012,12,27,0,0.04982194,15.26046
2012,12,27,1,0.0434434,13.71101
2012,12,27,2,0.0392196,12.71259
2012,12,27,3,0.03798226,12.40581
2012,12,27,4,0.0462095,14.33736
2012,12,27,5,0.0450608,14.12918
2012,12,27,6,0.04414483,13.93665
2012,12,27,7,0.0410885,13.22452
2012,12,28,0,0.03791697,12.45541
2012,12,28,1,0.03623013,12.03567
2012,12,28,2,0.03479454,11.66772
2012,12,28,3,0.03438138,11.55624
2012,12,28,4,0.03344555,11.31076
2012,12,28,5,0.0324121,11.03438
2012,12,28,6,0.03137859,10.75376
2012,12,28,7,0.03148329,10.7855
2012,12,29,0,0.0332888,11.25255
2012,12,29,1,0.03378705,11.37763
2012,12,29,2,0.03259776,11.07302
2012,12,29,3,0.03284624,11.13136
2012,12,29,4,0.03293465,11.15481
2012,12,29,5,0.03356477,11.3054
2012,12,29,6,0.03357057,11.3159
2012,12,29,7,0.03306604,11.19576
2012,12,30,0,0.03265405,11.09121
2012,12,30,1,0.03268883,11.10313
2012,12,30,2,0.0330757,11.20967
2012,12,30,3,0.03241462,11.0259
2012,12,30,4,0.03080151,10.60158
2012,12,30,5,0.02906718,10.15253
2012,12,30,6,0.02860324,10.03351
2012,12,30,7,0.02842053,9.987783
2012,12,31,0,0.02834032,9.955875
2012,12,31,1,0.02820802,9.913452
2012,12,31,2,0.02841753,9.961953
2012,12,31,3,0.02822768,9.910245
2012,12,31,4,0.02759908,9.748592
2012,12,31,5,0.02736626,9.685303
2012,12,31,6,0.02767271,9.762141
2012,12,31,7,0.02850984,9.962001
2013,12,1,0,0.05959715,17.3302
2013,12,1,1,0.06374179,18.33289
2013,12,1,2,0.06667201,19.0467
2013,12,1,3,0.0714232,20.24139
2013,12,1,4,0.06161832,17.96889
2013,12,1,5,0.04897672,15.01117
2013,12,1,6,0.04566192,14.20694
2013,12,1,7,0.04588499,14.29095
2013,12,2,0,0.04100274,13.08559
2013,12,2,1,0.04399398,13.83827
2013,12,2,2,0.03859876,12.43155
2013,12,2,3,0.04100576,12.97709
2013,12,2,4,0.0395671,12.64274
2013,12,2,5,0.03602875,11.75956
2013,12,2,6,0.03575119,11.67879
2013,12,2,7,0.03635465,11.87502
2013,12,3,0,0.04635101,14.42157
2013,12,3,1,0.04398403,13.862
2013,12,3,2,0.03646844,11.94272
2013,12,3,3,0.03007995,10.30938
2013,12,3,4,0.03081478,10.49272
2013,12,3,5,0.03057122,10.4288
2013,12,3,6,0.03001474,10.29089
2013,12,3,7,0.02939642,10.12866
2013,12,4,0,0.02852237,9.913519
2013,12,4,1,0.02887632,10.00383
2013,12,4,2,0.03018811,10.3194
2013,12,4,3,0.03056173,10.40915
2013,12,4,4,0.03154948,10.65595
2013,12,4,5,0.03257732,10.91558
2013,12,4,6,0.03125744,10.60457
2013,12,4,7,0.03162329,10.70055
2013,12,5,0,0.03311311,11.06818
2013,12,5,1,0.03155761,10.69182
2013,12,5,2,0.03061891,10.45841
2013,12,5,3,0.03176062,10.74227
2013,12,5,4,0.03128956,10.61843
2013,12,5,5,0.03156197,10.68039
2013,12,5,6,0.0306917,10.4574
2013,12,5,7,0.02909036,10.05431
2013,12,6,0,0.0285558,9.922814
2013,12,6,1,0.02859705,9.935805
2013,12,6,2,0.02796519,9.769344
2013,12,6,3,0.02779587,9.710859
2013,12,6,4,0.02805462,9.775071
2013,12,6,5,0.02808952,9.773085
2013,12,6,6,0.02795653,9.732852
2013,12,6,7,0.02858164,9.913093
2013,12,7,0,0.0309176,10.53323
2013,12,7,1,0.02822865,9.823829
2013,12,7,2,0.02824058,9.820344
2013,12,7,3,0.0285632,9.902461
2013,12,7,4,0.029021,10.01762
2013,12,7,5,0.0295282,10.14656
2013,12,7,6,0.02934444,10.1006
2013,12,7,7,0.02946051,10.13718
2013,12,8,0,0.06211489,18.3879
2013,12,8,1,0.1089642,29.82817
2013,12,8,2,0.1150671,31.09792
2013,12,8,3,0.06760518,19.72385
2013,12,8,4,0.08050762,22.91286
2013,12,8,5,0.1031837,28.36996
2013,12,8,6,0.09352776,26.06086
2013,12,8,7,0.09781022,27.12273
2013,12,9,0,0.1219211,32.86577
2013,12,9,1,0.1054695,28.96546
2013,12,9,2,0.09402067,26.21921
2013,12,9,3,0.09746768,26.9773
2013,12,9,4,0.0659466,19.35793
2013,12,9,5,0.05202786,15.88221
2013,12,9,6,0.04524039,14.16245
2013,12,9,7,0.04429505,13.93866
2013,12,10,0,0.04949823,15.2862
2013,12,10,1,0.04972826,15.32812
2013,12,10,2,0.04851034,15.01192
2013,12,10,3,0.04148006,13.22735
2013,12,10,4,0.03669166,12.01256
2013,12,10,5,0.03506072,11.60847
2013,12,10,6,0.03458959,11.49623
2013,12,10,7,0.03705639,12.13517
2013,12,11,0,0.03720454,12.18198
2013,12,11,1,0.03584444,11.83701
2013,12,11,2,0.03431395,11.45216
2013,12,11,3,0.03314707,11.14596
2013,12,11,4,0.03275595,11.04277
2013,12,11,5,0.03162188,10.75761
2013,12,11,6,0.03021223,10.40025
2013,12,11,7,0.02921821,10.15049
2013,12,12,0,0.02994604,10.34238
2013,12,12,1,0.03081064,10.56635
2013,12,12,2,0.03059164,10.50257
2013,12,12,3,0.03014974,10.38423
2013,12,12,4,0.03063636,10.5032
2013,12,12,5,0.03095073,10.58115
2013,12,12,6,0.03024006,10.39616
2013,12,12,7,0.03035463,10.42392
2013,12,13,0,0.03040093,10.42944
2013,12,13,1,0.02941151,10.17002
2013,12,13,2,0.02832967,9.886415
2013,12,13,3,0.02781471,9.749727
2013,12,13,4,0.02810825,9.811779
2013,12,13,5,0.02826366,9.831355
2013,12,13,6,0.02888414,9.971655
2013,12,13,7,0.02951718,10.13249
2013,12,14,0,0.03654533,11.94165
2013,12,14,1,0.03616624,11.82947
2013,12,14,2,0.03627155,11.84278
2013,12,14,3,0.03713471,12.06968
2013,12,14,4,0.03111064,10.52272
2013,12,14,5,0.02969841,10.15847
2013,12,14,6,0.02885847,9.95264
2013,12,14,7,0.02792334,9.721604
2013,12,15,0,0.03563937,11.66671
2013,12,15,1,0.04038092,12.88187
2013,12,15,2,0.03212573,10.78182
2013,12,15,3,0.0319123,10.73028
2013,12,15,4,0.03307298,11.02874
2013,12,15,5,0.03411561,11.29047
2013,12,15,6,0.03668867,11.93712
2013,12,15,7,0.03843608,12.37043
2013,12,16,0,0.04797948,14.75751
2013,12,16,1,0.0572891,17.05184
2013,12,16,2,0.04119774,13.0999
2013,12,16,3,0.0335961,11.14987
2013,12,16,4,0.04493267,13.95021
2013,12,16,5,0.05194326,15.6987
2013,12,16,6,0.05331672,16.05242
2013,12,16,7,0.042995,13.55683
2013,12,17,0,0.04169979,13.2415
2013,12,17,1,0.03687183,12.02691
2013,12,17,2,0.02736706,9.600685
2013,12,17,3,0.02772648,9.686165
2013,12,17,4,0.02846782,9.888374
2013,12,17,5,0.02850895,9.89647
2013,12,17,6,0.02835759,9.856621
2013,12,17,7,0.02894026,10.00907
2013,12,18,0,0.02916981,10.06444
2013,12,18,1,0.02901098,10.03064
2013,12,18,2,0.02735814,9.6079
2013,12,18,3,0.02649512,9.395477
2013,12,18,4,0.03192968,10.79197
2013,12,18,5,0.04618692,14.36302
2013,12,18,6,0.05973085,17.65038
2013,12,18,7,0.05678358,16.87071
2013,12,19,0,0.07192289,20.45035
2013,12,19,1,0.08239367,22.97682
2013,12,19,2,0.06431629,18.7053
2013,12,19,3,0.07543845,21.32522
2013,12,19,4,0.09400581,25.6378
2013,12,19,5,0.121116,31.79102
2013,12,19,6,0.1532144,38.96249
2013,12,19,7,0.1003082,27.01628
2013,12,20,0,0.1115943,29.59411
2013,12,20,1,0.1014624,27.42598
2013,12,20,2,0.08467814,23.63582
2013,12,20,3,0.0656166,19.06741
2013,12,20,4,0.06716515,19.46882
2013,12,20,5,0.06953194,20.10991
2013,12,20,6,0.07199309,20.78998
2013,12,20,7,0.09015949,25.22058
2013,12,21,0,0.113645,30.76909
2013,12,21,1,0.1065996,29.12635
2013,12,21,2,0.08157905,23.10462
2013,12,21,3,0.06904019,19.94296
2013,12,21,4,0.06659767,19.30508
2013,12,21,5,0.06752282,19.62839
2013,12,21,6,0.06086657,18.01674
2013,12,21,7,0.06450054,18.96597
2013,12,22,0,0.06271536,18.47973
2013,12,22,1,0.04517182,14.09062
2013,12,22,2,0.03595605,11.74786
2013,12,22,3,0.03469085,11.43996
2013,12,22,4,0.04166565,13.18133
2013,12,22,5,0.04472206,13.88899
2013,12,22,6,0.04142517,13.11363
2013,12,22,7,0.04624108,14.3172
2013,12,23,0,0.04943421,15.10364
2013,12,23,1,0.04829869,14.86567
2013,12,23,2,0.05641952,16.92751
2013,12,23,3,0.06864205,19.9478
2013,12,23,4,0.09670339,26.58879
2013,12,23,5,0.1128198,30.27155
2013,12,23,6,0.05559985,16.69719
2013,12,23,7,0.04534514,14.1775
2013,12,24,0,0.04699389,14.62953
2013,12,24,1,0.03769465,12.28593
2013,12,24,2,0.03178016,10.76641
2013,12,24,3,0.03099916,10.57227
2013,12,24,4,0.02910176,10.09148
2013,12,24,5,0.0283166,9.889621
2013,12,24,6,0.02794516,9.792068
2013,12,24,7,0.02733933,9.633907
2013,12,25,0,0.02813508,9.837528
2013,12,25,1,0.03243921,10.94619
2013,12,25,2,0.03025982,10.3864
2013,12,25,3,0.02973971,10.23455
2013,12,25,4,0.03022194,10.34564
2013,12,25,5,0.02962155,10.20483
2013,12,25,6,0.02886983,10.02114
2013,12,25,7,0.02900301,10.0613
2013,12,26,0,0.02942685,10.18264
2013,12,26,1,0.02882132,10.03414
2013,12,26,2,0.02763866,9.73958
2013,12,26,3,0.0265859,9.471652
2013,12,26,4,0.02594721,9.305536
2013,12,26,5,0.02584876,9.275563
2013,12,26,6,0.02540479,9.154408
2013,12,26,7,0.0250702,9.066239
2013,12,27,0,0.02525693,9.121964
2013,12,27,1,0.02481951,9.02338
2013,12,27,2,0.02451708,8.951683
2013,12,27,3,0.0243223,8.90316
2013,12,27,4,0.02433309,8.905921
2013,12,27,5,0.02445213,8.934423
2013,12,27,6,0.0248172,9.029424
2013,12,27,7,0.02545354,9.190258
2013,12,28,0,0.02606784,9.341695
2013,12,28,1,0.02671208,9.514062
2013,12,28,2,0.02796529,9.844937
2013,12,28,3,0.03276632,11.09251
2013,12,28,4,0.05236698,16.06871
2013,12,28,5,0.06287098,18.68984
2013,12,28,6,0.05830584,17.48649
2013,12,28,7,0.06407949,18.72367
2013,12,29,0,0.07632152,21.58684
2013,12,29,1,0.0569653,16.9233
2013,12,29,2,0.0530666,15.73327
2013,12,29,3,0.03922343,12.46166
2013,12,29,4,0.03020808,10.25818
2013,12,29,5,0.03907853,12.51974
2013,12,29,6,0.05489927,16.42886
2013,12,29,7,0.05096679,15.46534
2013,12,30,0,0.04157067,13.15425
2013,12,30,1,0.0360053,11.76322
2013,12,30,2,0.03711408,12.05192
2013,12,30,3,0.07063835,20.46019
2013,12,30,4,0.06936802,19.95256
2013,12,30,5,0.05622908,16.8153
2013,12,30,6,0.04745725,14.67156
2013,12,30,7,0.03138193,10.58489
2013,12,31,0,0.04920459,15.14053
2013,12,31,1,0.05110863,15.62577
2013,12,31,2,0.05454265,16.52436
2013,12,31,3,0.04764246,14.81892
2013,12,31,4,0.02951958,10.18651
2013,12,31,5,0.03228948,10.88457
2013,12,31,6,0.03119754,10.60955
2013,12,31,7,0.03466912,11.49485
2014,12,1,0,0.02497518,9.05229
2014,12,1,1,0.02454528,8.949295
2014,12,1,2,0.02419509,8.86079
2014,12,1,3,0.02405105,8.822584
2014,12,1,4,0.02402368,8.811393
2014,12,1,5,0.02404288,8.809646
2014,12,1,6,0.02384708,8.758972
2014,12,1,7,0.02411075,8.821013
2014,12,2,0,0.02522845,9.109957
2014,12,2,1,0.02646823,9.427763
2014,12,2,2,0.02685787,9.522242
2014,12,2,3,0.02760683,9.695415
2014,12,2,4,0.02818996,9.856615
2014,12,2,5,0.02749707,9.68867
2014,12,2,6,0.02801116,9.812998
2014,12,2,7,0.02814596,9.84483
2014,12,3,0,0.02848729,9.928832
2014,12,3,1,0.02886472,10.01749
2014,12,3,2,0.0333249,11.08928
2014,12,3,3,0.04046878,12.78114
2014,12,3,4,0.04450233,13.75843
2014,12,3,5,0.0351364,11.59601
2014,12,3,6,0.0356032,11.69884
2014,12,3,7,0.04569448,14.1059
2014,12,4,0,0.03765718,12.22563
2014,12,4,1,0.04744193,14.50288
2014,12,4,2,0.05189846,15.59932
2014,12,4,3,0.04878532,14.85263
2014,12,4,4,0.06306827,18.20856
2014,12,4,5,0.06301971,18.24017
2014,12,4,6,0.07131814,20.17375
2014,12,4,7,0.08116308,22.50854
2014,12,5,0,0.06938789,19.81066
2014,12,5,1,0.06884136,19.7144
2014,12,5,2,0.06721548,19.39245
2014,12,5,3,0.06431232,18.73646
2014,12,5,4,0.06565001,18.99218
2014,12,5,5,0.08183756,22.79557
2014,12,5,6,0.09241256,25.42092
2014,12,5,7,0.1097758,29.42774
2014,12,6,0,0.1080179,28.97015
2014,12,6,1,0.0833516,23.25569
2014,12,6,2,0.07322378,20.91159
2014,12,6,3,0.05888102,17.51949
2014,12,6,4,0.04918658,15.14986
2014,12,6,5,0.03906666,12.63821
2014,12,6,6,0.03048022,10.45437
2014,12,6,7,0.0272034,9.597675
2014,12,7,0,0.02586855,9.245457
2014,12,7,1,0.02542277,9.140595
2014,12,7,2,0.02500743,9.037892
2014,12,7,3,0.02492855,9.02105
2014,12,7,4,0.02565279,9.206307
2014,12,7,5,0.02595832,9.29387
2014,12,7,6,0.02667712,9.486761
2014,12,7,7,0.02694044,9.569632
2014,12,8,0,0.02760265,9.751272
2014,12,8,1,0.02750529,9.739094
2014,12,8,2,0.02671178,9.538581
2014,12,8,3,0.02653526,9.48268
2014,12,8,4,0.02681161,9.548511
2014,12,8,5,0.02687392,9.567451
2014,12,8,6,0.02660747,9.505649
2014,12,8,7,0.02634757,9.44435
2014,12,9,0,0.02638286,9.45083
2014,12,9,1,0.02645172,9.469592
2014,12,9,2,0.02661365,9.511511
2014,12,9,3,0.02683639,9.565908
2014,12,9,4,0.02693776,9.591617
2014,12,9,5,0.02691752,9.587004
2014,12,9,6,0.02650464,9.485426
2014,12,9,7,0.02613483,9.393184
2014,12,10,0,0.02616227,9.397486
2014,12,10,1,0.02625773,9.420631
2014,12,10,2,0.02597138,9.349581
2014,12,10,3,0.02568585,9.276848
2014,12,10,4,0.0257759,9.300323
2014,12,10,5,0.02583522,9.31294
2014,12,10,6,0.02547966,9.221235
2014,12,10,7,0.02526948,9.17032
2014,12,11,0,0.02563802,9.266699
2014,12,11,1,0.02576312,9.30435
2014,12,11,2,0.02567105,9.283388
2014,12,11,3,0.02573652,9.295157
2014,12,11,4,0.02575376,9.294027
2014,12,11,5,0.02584276,9.311214
2014,12,11,6,0.02606584,9.361725
2014,12,11,7,0.02626988,9.413957
2014,12,12,0,0.02612611,9.379295
2014,12,12,1,0.02588792,9.316314
2014,12,12,2,0.02581617,9.294251
2014,12,12,3,0.02562226,9.245389
2014,12,12,4,0.02560891,9.239397
2014,12,12,5,0.02588145,9.299671
2014,12,12,6,0.02587048,9.293635
2014,12,12,7,0.02572493,9.256197
2014,12,13,0,0.02597018,9.318959
2014,12,13,1,0.02616229,9.371371
2014,12,13,2,0.02625749,9.393653
2014,12,13,3,0.0266395,9.4847
2014,12,13,4,0.02653789,9.4584
2014,12,13,5,0.02660699,9.468411
2014,12,13,6,0.02714382,9.58967
2014,12,13,7,0.02724749,9.613836
2014,12,14,0,0.02747866,9.655551
2014,12,14,1,0.0277516,9.715898
2014,12,14,2,0.02822958,9.821006
2014,12,14,3,0.0286359,9.917177
2014,12,14,4,0.02918943,10.04699
2014,12,14,5,0.02995284,10.23233
2014,12,14,6,0.03110036,10.51177
2014,12,14,7,0.0318472,10.69974
2014,12,15,0,0.03231719,10.83519
2014,12,15,1,0.03310003,11.0324
2014,12,15,2,0.03397976,11.23637
2014,12,15,3,0.03340663,11.08144
2014,12,15,4,0.03399223,11.20547
2014,12,15,5,0.03201171,10.73983
2014,12,15,6,0.03029342,10.32656
2014,12,15,7,0.02951224,10.11683
2014,12,16,0,0.0307026,10.38062
2014,12,16,1,0.03006205,10.23189
2014,12,16,2,0.02895612,9.966431
2014,12,16,3,0.02808922,9.754129
2014,12,16,4,0.02757912,9.628489
2014,12,16,5,0.02699071,9.485227
2014,12,16,6,0.02685361,9.464544
2014,12,16,7,0.02765,9.666195
2014,12,17,0,0.02726782,9.585392
2014,12,17,1,0.02730935,9.601748
2014,12,17,2,0.02697339,9.521832
2014,12,17,3,0.02676,9.465209
2014,12,17,4,0.02739333,9.607389
2014,12,17,5,0.02784069,9.709769
2014,12,17,6,0.02695315,9.495977
2014,12,17,7,0.02618617,9.308805
2014,12,18,0,0.0258235,9.216459
2014,12,18,1,0.02565108,9.173363
2014,12,18,2,0.02599388,9.250264
2014,12,18,3,0.0261757,9.293527
2014,12,18,4,0.02637873,9.34019
2014,12,18,5,0.02633683,9.337699
2014,12,18,6,0.02617295,9.299936
2014,12,18,7,0.02669932,9.415767
2014,12,19,0,0.02712506,9.508566
2014,12,19,1,0.02748843,9.593516
2014,12,19,2,0.02768602,9.636884
2014,12,19,3,0.02796142,9.695957
2014,12,19,4,0.02816896,9.745363
2014,12,19,5,0.02716769,9.522639
2014,12,19,6,0.02639262,9.350333
2014,12,19,7,0.02611427,9.289028
2014,12,20,0,0.02524441,9.076467
2014,12,20,1,0.02489282,8.995232
2014,12,20,2,0.0250352,9.03242
2014,12,20,3,0.02493761,9.003675
2014,12,20,4,0.02515658,9.057091
2014,12,20,5,0.02538453,9.116846
2014,12,20,6,0.02546679,9.140333
2014,12,20,7,0.02552205,9.162731
2014,12,21,0,0.02572308,9.220552
2014,12,21,1,0.02581946,9.250723
2014,12,21,2,0.02603988,9.305141
2014,12,21,3,0.02547844,9.161548
2014,12,21,4,0.0251364,9.076992
2014,12,21,5,0.02454915,8.928878
2014,12,21,6,0.02408724,8.813077
2014,12,21,7,0.02406302,8.810812
2014,12,22,0,0.02494632,9.034739
2014,12,22,1,0.02493523,9.025414
2014,12,22,2,0.02505472,9.056929
2014,12,22,3,0.02511704,9.078753
2014,12,22,4,0.02504408,9.061369
2014,12,22,5,0.02485894,9.010684
2014,12,22,6,0.0258996,9.267865
2014,12,22,7,0.02669397,9.469281
2014,12,23,0,0.02757721,9.693631
2014,12,23,1,0.0345893,11.47167
2014,12,23,2,0.04404788,13.80574
2014,12,23,3,0.07163685,20.48
2014,12,23,4,0.1231991,32.49028
2014,12,23,5,0.1401545,35.95218
2014,12,23,6,0.1539402,39.18062
2014,12,23,7,0.1661802,42.00265
2014,12,24,0,0.1712737,43.1555
2014,12,24,1,0.1624288,41.39118
2014,12,24,2,0.1443641,37.42424
2014,12,24,3,0.1366505,35.72164
2014,12,24,4,0.1097707,29.56183
2014,12,24,5,0.09593859,26.3571
2014,12,24,6,0.1164913,31.19215
2014,12,24,7,0.1219241,33.03274
2014,12,25,0,0.03908536,12.74903
2014,12,25,1,0.02349135,8.709144
2014,12,25,2,0.02414886,8.877127
2014,12,25,3,0.02625802,9.417015
2014,12,25,4,0.02809733,9.880682
2014,12,25,5,0.02779569,9.78578
2014,12,25,6,0.0268719,9.5477
2014,12,25,7,0.02643662,9.427196
2014,12,26,0,0.02603354,9.312967
2014,12,26,1,0.0260465,9.312201
2014,12,26,2,0.02674068,9.477826
2014,12,26,3,0.02698188,9.548957
2014,12,26,4,0.02702285,9.562761
2014,12,26,5,0.02779739,9.73703
2014,12,26,6,0.02903656,10.03469
2014,12,26,7,0.02739811,9.627426
2014,12,27,0,0.02694327,9.520077
2014,12,27,1,0.02664369,9.453066
2014,12,27,2,0.02741742,9.667293
2014,12,27,3,0.03009509,10.36587
2014,12,27,4,0.03060588,10.52347
2014,12,27,5,0.03002339,10.38329
2014,12,27,6,0.02803197,9.86594
2014,12,27,7,0.02570147,9.250775
2014,12,28,0,0.02453669,8.961557
2014,12,28,1,0.0263467,9.425846
2014,12,28,2,0.02761041,9.746135
2014,12,28,3,0.02740935,9.687597
2014,12,28,4,0.02753689,9.734636
2014,12,28,5,0.02786705,9.827243
2014,12,28,6,0.02605869,9.365293
2014,12,28,7,0.02541104,9.193752
2014,12,29,0,0.02688945,9.561624
2014,12,29,1,0.02791523,9.823178
2014,12,29,2,0.02976966,10.30821
2014,12,29,3,0.03133618,10.71352
2014,12,29,4,0.03152867,10.77167
2014,12,29,5,0.03116749,10.68757
2014,12,29,6,0.0298616,10.35726
2014,12,29,7,0.02877519,10.08278
2014,12,30,0,0.02872769,10.06984
2014,12,30,1,0.02906723,10.15663
2014,12,30,2,0.03048308,10.51562
2014,12,30,3,0.03017578,10.43833
2014,12,30,4,0.02865072,10.05281
2014,12,30,5,0.02854583,10.02224
2014,12,30,6,0.0284496,9.986419
2014,12,30,7,0.02861482,10.01733
2014,12,31,0,0.02867423,10.02192
2014,12,31,1,0.02680392,9.551497
2014,12,31,2,0.02429123,8.890663
2014,12,31,3,0.02416702,8.844489
2014,12,31,4,0.02541135,9.150006
2014,12,31,5,0.02703019,9.555523
2014,12,31,6,0.02825621,9.847452
2014,12,31,7,0.03111238,10.55261
2015,12,1,0,0.0261815,9.385043
2015,12,1,1,0.02611732,9.376662
2015,12,1,2,0.02564418,9.253509
2015,12,1,3,0.02541503,9.186066
2015,12,1,4,0.0254089,9.181849
2015,12,1,5,0.0254232,9.187008
2015,12,1,6,0.02535142,9.168032
2015,12,1,7,0.0251829,9.125006
2015,12,2,0,0.02506321,9.090831
2015,12,2,1,0.02506144,9.094278
2015,12,2,2,0.02486846,9.049478
2015,12,2,3,0.0249717,9.07313
2015,12,2,4,0.02519555,9.129778
2015,12,2,5,0.02529488,9.157189
2015,12,2,6,0.02535925,9.175334
2015,12,2,7,0.02524928,9.146103
2015,12,3,0,0.02519326,9.141354
2015,12,3,1,0.02558146,9.243166
2015,12,3,2,0.02567608,9.27076
2015,12,3,3,0.02561061,9.259137
2015,12,3,4,0.02570707,9.282817
2015,12,3,5,0.02580004,9.304024
2015,12,3,6,0.02574411,9.291729
2015,12,3,7,0.025765,9.296785
2015,12,4,0,0.02567515,9.276889
2015,12,4,1,0.02547637,9.231632
2015,12,4,2,0.02539985,9.208934
2015,12,4,3,0.02535702,9.18906
2015,12,4,4,0.02519669,9.141245
2015,12,4,5,0.02516539,9.12589
2015,12,4,6,0.02486398,9.048415
2015,12,4,7,0.02469512,9.00834
2015,12,5,0,0.02472377,9.014442
2015,12,5,1,0.02470776,9.009754
2015,12,5,2,0.02483033,9.040774
2015,12,5,3,0.02509483,9.103687
2015,12,5,4,0.02554623,9.209472
2015,12,5,5,0.02576627,9.258309
2015,12,5,6,0.02592747,9.29281
2015,12,5,7,0.02615326,9.355852
2015,12,6,0,0.02664736,9.492548
2015,12,6,1,0.02677552,9.538592
2015,12,6,2,0.02673211,9.538543
2015,12,6,3,0.02661967,9.512178
2015,12,6,4,0.02622135,9.408317
2015,12,6,5,0.02597038,9.342074
2015,12,6,6,0.02584754,9.309816
2015,12,6,7,0.02576584,9.29048
2015,12,7,0,0.0258043,9.302322
2015,12,7,1,0.02575581,9.293315
2015,12,7,2,0.02554545,9.2421
2015,12,7,3,0.02519177,9.150364
2015,12,7,4,0.02500731,9.097625
2015,12,7,5,0.02489819,9.067366
2015,12,7,6,0.02471053,9.019769
2015,12,7,7,0.02457267,8.985839
2015,12,8,0,0.02466025,9.009536
2015,12,8,1,0.02481853,9.057522
2015,12,8,2,0.02497603,9.105093
2015,12,8,3,0.02502483,9.115461
2015,12,8,4,0.02482788,9.061899
2015,12,8,5,0.02491715,9.085267
2015,12,8,6,0.02519594,9.154602
2015,12,8,7,0.02518176,9.151967
2015,12,9,0,0.02516579,9.148905
2015,12,9,1,0.02506388,9.130154
2015,12,9,2,0.02470597,9.038875
2015,12,9,3,0.02446459,8.970321
2015,12,9,4,0.02459293,8.998635
2015,12,9,5,0.02465412,9.015858
2015,12,9,6,0.02429525,8.926124
2015,12,9,7,0.02416485,8.892616
2015,12,10,0,0.02444747,8.96319
2015,12,10,1,0.02480687,9.056727
2015,12,10,2,0.02505465,9.124578
2015,12,10,3,0.02461963,9.013094
2015,12,10,4,0.02445526,8.968053
2015,12,10,5,0.02481497,9.060936
2015,12,10,6,0.0252677,9.182454
2015,12,10,7,0.02529685,9.191277
2015,12,11,0,0.02527217,9.189221
2015,12,11,1,0.02492773,9.104335
2015,12,11,2,0.02433194,8.944723
2015,12,11,3,0.02403774,8.860409
2015,12,11,4,0.02401778,8.848422
2015,12,11,5,0.02404259,8.849329
2015,12,11,6,0.02383411,8.796397
2015,12,11,7,0.02443623,8.949332
2015,12,12,0,0.02505536,9.104973
2015,12,12,1,0.02519715,9.149736
2015,12,12,2,0.02564979,9.262842
2015,12,12,3,0.02566155,9.266157
2015,12,12,4,0.02520828,9.151228
2015,12,12,5,0.02463408,9.01003
2015,12,12,6,0.02473511,9.03996
2015,12,12,7,0.02511612,9.141032
2015,12,13,0,0.02603175,9.379925
2015,12,13,1,0.02702878,9.640856
2015,12,13,2,0.02781842,9.840107
2015,12,13,3,0.02806521,9.894788
2015,12,13,4,0.02801802,9.871065
2015,12,13,5,0.02801009,9.860327
2015,12,13,6,0.02758818,9.751199
2015,12,13,7,0.02699262,9.601172
2015,12,14,0,0.02632881,9.433795
2015,12,14,1,0.0253241,9.171593
2015,12,14,2,0.02445208,8.943654
2015,12,14,3,0.02422485,8.881967
2015,12,14,4,0.02473585,9.013124
2015,12,14,5,0.02568937,9.256851
2015,12,14,6,0.02605816,9.350724
2015,12,14,7,0.02650758,9.474646
2015,12,15,0,0.02695493,9.585534
2015,12,15,1,0.02747829,9.72076
2015,12,15,2,0.02772525,9.778874
2015,12,15,3,0.02734044,9.672869
2015,12,15,4,0.02795234,9.828047
2015,12,15,5,0.02965482,10.25525
2015,12,15,6,0.02989213,10.31215
2015,12,15,7,0.0277481,9.768526
2015,12,16,0,0.02803198,9.839098
2015,12,16,1,0.02919986,10.14258
2015,12,16,2,0.02892331,10.07767
2015,12,16,3,0.02789984,9.817205
2015,12,16,4,0.02661137,9.482513
2015,12,16,5,0.02604095,9.336535
2015,12,16,6,0.02592681,9.314787
2015,12,16,7,0.02578054,9.283144
2015,12,17,0,0.02689757,9.577383
2015,12,17,1,0.02718102,9.650824
2015,12,17,2,0.02636755,9.440495
2015,12,17,3,0.02575248,9.276145
2015,12,17,4,0.02540985,9.178872
2015,12,17,5,0.0252542,9.137048
2015,12,17,6,0.02520164,9.125875
2015,12,17,7,0.02529863,9.150307
2015,12,18,0,0.02559513,9.225493
2015,12,18,1,0.02610908,9.358511
2015,12,18,2,0.02629505,9.408384
2015,12,18,3,0.02595085,9.322631
2015,12,18,4,0.02592621,9.305804
2015,12,18,5,0.02634952,9.388546
2015,12,18,6,0.0271861,9.581298
2015,12,18,7,0.02873633,9.942993
2015,12,19,0,0.03191889,10.68809
2015,12,19,1,0.03568624,11.56956
2015,12,19,2,0.03705309,11.88778
2015,12,19,3,0.04243162,13.2101
2015,12,19,4,0.05505153,16.17648
2015,12,19,5,0.05380354,15.90969
2015,12,19,6,0.03886498,12.40591
2015,12,19,7,0.03500015,11.46351
2015,12,20,0,0.03364359,11.12631
2015,12,20,1,0.03256919,10.84592
2015,12,20,2,0.03298927,10.92219
2015,12,20,3,0.0302868,10.24379
2015,12,20,4,0.03191828,10.63071
2015,12,20,5,0.02911149,9.969032
2015,12,20,6,0.02653792,9.360745
2015,12,20,7,0.02572352,9.169036
2015,12,21,0,0.02569316,9.167249
2015,12,21,1,0.0254804,9.118285
2015,12,21,2,0.02536402,9.093576
2015,12,21,3,0.02558671,9.15044
2015,12,21,4,0.02596479,9.247189
2015,12,21,5,0.0263685,9.356399
2015,12,21,6,0.02726228,9.579697
2015,12,21,7,0.02806916,9.78799
2015,12,22,0,0.02796369,9.774906
2015,12,22,1,0.02763774,9.697772
2015,12,22,2,0.0277166,9.72226
2015,12,22,3,0.02888676,10.02326
2015,12,22,4,0.03201276,10.80887
2015,12,22,5,0.03238754,10.92339
2015,12,22,6,0.03497582,11.57983
2015,12,22,7,0.04473904,14.02861
2015,12,23,0,0.07274449,20.86609
2015,12,23,1,0.04901496,15.15092
2015,12,23,2,0.03727867,12.23112
2015,12,23,3,0.03343602,11.26485
2015,12,23,4,0.03471263,11.59974
2015,12,23,5,0.03515142,11.73892
2015,12,23,6,0.03347728,11.33818
2015,12,23,7,0.03424038,11.55442
2015,12,24,0,0.03521546,11.81687
2015,12,24,1,0.03548942,11.89924
2015,12,24,2,0.03256565,11.14665
2015,12,24,3,0.03147069,10.86882
2015,12,24,4,0.03126458,10.82106
2015,12,24,5,0.02981249,10.44134
2015,12,24,6,0.02794089,9.952085
2015,12,24,7,0.02909917,10.27487
2015,12,25,0,0.03106193,10.79592
2015,12,25,1,0.03052506,10.65723
2015,12,25,2,0.02583138,9.402275
2015,12,25,3,0.0251733,9.221964
2015,12,25,4,0.02522327,9.230764
2015,12,25,5,0.02553623,9.311223
2015,12,25,6,0.02599294,9.429051
2015,12,25,7,0.02665331,9.599203
2015,12,26,0,0.02754064,9.829458
2015,12,26,1,0.02880645,10.16007
2015,12,26,2,0.03015971,10.50448
2015,12,26,3,0.03025651,10.51624
2015,12,26,4,0.03020515,10.49213
2015,12,26,5,0.03075567,10.62391
2015,12,26,6,0.03352827,11.33143
2015,12,26,7,0.03071644,10.59735
2015,12,27,0,0.03119443,10.73019
2015,12,27,1,0.03139599,10.78433
2015,12,27,2,0.03012388,10.44225
2015,12,27,3,0.02991547,10.35138
2015,12,27,4,0.030299,10.43175
2015,12,27,5,0.03004131,10.37153
2015,12,27,6,0.03739365,12.2588
2015,12,27,7,0.04278625,13.60186
2015,12,28,0,0.04411608,13.91712
2015,12,28,1,0.04250532,13.48014
2015,12,28,2,0.0382867,12.39268
2015,12,28,3,0.04134981,13.10924
2015,12,28,4,0.05069137,15.39079
2015,12,28,5,0.05849509,17.34135
2015,12,28,6,0.05617404,16.80224
2015,12,28,7,0.07397322,21.11324
2015,12,29,0,0.08360589,23.43327
2015,12,29,1,0.08058086,22.85325
2015,12,29,2,0.06690731,19.66448
2015,12,29,3,0.03846343,12.61648
2015,12,29,4,0.03072236,10.63739
2015,12,29,5,0.02855365,10.08753
2015,12,29,6,0.02674607,9.62326
2015,12,29,7,0.02497962,9.158348
2015,12,30,0,0.02451888,9.040029
2015,12,30,1,0.02422324,8.962156
2015,12,30,2,0.02449995,9.041504
2015,12,30,3,0.02401318,8.916033
2015,12,30,4,0.0237366,8.848349
2015,12,30,5,0.02340406,8.759665
2015,12,30,6,0.02346508,8.775528
2015,12,30,7,0.023108,8.681255
2015,12,31,0,0.02323424,8.711407
2015,12,31,1,0.02359397,8.807703
2015,12,31,2,0.02413413,8.948027
2015,12,31,3,0.02424298,8.971334
2015,12,31,4,0.02379932,8.848123
2015,12,31,5,0.02362661,8.797053
2015,12,31,6,0.02350173,8.767837
2015,12,31,7,0.02358005,8.788064
2016,12,1,0,0.03283769,10.94976
2016,12,1,1,0.03168654,10.67164
2016,12,1,2,0.03469355,11.43255
2016,12,1,3,0.03646417,11.84048
2016,12,1,4,0.04731784,14.45122
2016,12,1,5,0.07075939,20.01827
2016,12,1,6,0.06302172,18.22696
2016,12,1,7,0.05846421,17.20643
2016,12,2,0,0.05249074,15.76375
2016,12,2,1,0.05702824,16.87406
2016,12,2,2,0.07385968,20.72731
2016,12,2,3,0.08373067,22.96554
2016,12,2,4,0.07239371,20.43556
2016,12,2,5,0.06425938,18.57819
2016,12,2,6,0.08698904,24.04797
2016,12,2,7,0.1421728,36.35169
2016,12,3,0,0.161311,40.52123
2016,12,3,1,0.1136722,30.4431
2016,12,3,2,0.126148,33.46607
2016,12,3,3,0.1186417,31.73581
2016,12,3,4,0.07828624,22.27813
2016,12,3,5,0.05777475,17.33499
2016,12,3,6,0.04906078,15.21518
2016,12,3,7,0.06884446,20.14565
2016,12,4,0,0.09104926,25.56514
2016,12,4,1,0.07600327,21.89558
2016,12,4,2,0.06673073,19.41858
2016,12,4,3,0.06560392,18.99164
2016,12,4,4,0.06804018,19.43329
2016,12,4,5,0.08720109,23.89206
2016,12,4,6,0.1194585,31.75988
2016,12,4,7,0.1730876,44.03922
2016,12,5,0,0.148237,38.46316
2016,12,5,1,0.1515111,39.10794
2016,12,5,2,0.1115612,30.04789
2016,12,5,3,0.1168653,31.31838
2016,12,5,4,0.1228267,32.71604
2016,12,5,5,0.08659645,24.13327
2016,12,5,6,0.08247859,23.19023
2016,12,5,7,0.08310741,23.32481
2016,12,6,0,0.05843173,17.53004
2016,12,6,1,0.04191991,13.43901
2016,12,6,2,0.03154449,10.7978
2016,12,6,3,0.02954546,10.28566
2016,12,6,4,0.03041315,10.50832
2016,12,6,5,0.03134103,10.74505
2016,12,6,6,0.03259637,11.07065
2016,12,6,7,0.04246767,13.62476
2016,12,7,0,0.05504565,16.79424
2016,12,7,1,0.05449964,16.64549
2016,12,7,2,0.05256334,16.15176
2016,12,7,3,0.04710406,14.76587
2016,12,7,4,0.04181094,13.38331
2016,12,7,5,0.0395132,12.78247
2016,12,7,6,0.03714404,12.16497
2016,12,7,7,0.06606868,19.40041
2016,12,8,0,0.1078392,29.2049
2016,12,8,1,0.1146367,30.74628
2016,12,8,2,0.1024621,27.76049
2016,12,8,3,0.09131154,25.1294
2016,12,8,4,0.0868465,24.11675
2016,12,8,5,0.1066406,28.59107
2016,12,8,6,0.12372,32.68752
2016,12,8,7,0.1328263,34.70667
2016,12,9,0,0.1326185,34.49568
2016,12,9,1,0.1024057,27.71611
2016,12,9,2,0.1248831,32.7627
2016,12,9,3,0.1161105,30.87969
2016,12,9,4,0.08991962,24.7955
2016,12,9,5,0.1149508,30.46481
2016,12,9,6,0.09026629,24.84678
2016,12,9,7,0.09591489,26.11831
2016,12,10,0,0.1003916,27.11588
2016,12,10,1,0.1030809,27.80452
2016,12,10,2,0.1171675,31.09503
2016,12,10,3,0.1200663,31.70978
2016,12,10,4,0.1369911,35.62517
2016,12,10,5,0.1219386,32.10625
2016,12,10,6,0.1099787,29.31908
2016,12,10,7,0.09837594,26.6452
2016,12,11,0,0.1072738,28.77668
2016,12,11,1,0.08275885,23.10626
2016,12,11,2,0.07195524,20.51892
2016,12,11,3,0.07022143,20.1673
2016,12,11,4,0.0624644,18.39623
2016,12,11,5,0.04881074,15.093
2016,12,11,6,0.04200032,13.41592
2016,12,11,7,0.04817468,14.98473
2016,12,12,0,0.06144858,18.3253
2016,12,12,1,0.06715695,19.73337
2016,12,12,2,0.04986066,15.37241
2016,12,12,3,0.04600376,14.39309
2016,12,12,4,0.05421347,16.45674
2016,12,12,5,0.05100879,15.57185
2016,12,12,6,0.05999731,17.80753
2016,12,12,7,0.09697184,26.76286
2016,12,13,0,0.1013691,27.74337
2016,12,13,1,0.06036151,17.927
2016,12,13,2,0.04987502,15.31661
2016,12,13,3,0.04405944,13.89264
2016,12,13,4,0.03626531,11.94792
2016,12,13,5,0.02993687,10.33151
2016,12,13,6,0.02710032,9.610404
2016,12,13,7,0.02573266,9.266472
2016,12,14,0,0.02598535,9.325222
2016,12,14,1,0.02645746,9.448935
2016,12,14,2,0.02942408,10.19377
2016,12,14,3,0.03041287,10.46597
2016,12,14,4,0.02811082,9.893583
2016,12,14,5,0.0287257,10.04662
2016,12,14,6,0.02821777,9.922287
2016,12,14,7,0.02853762,10.01504
2016,12,15,0,0.02853175,10.00578
2016,12,15,1,0.02861197,10.00887
2016,12,15,2,0.02930541,10.17255
2016,12,15,3,0.02898369,10.0887
2016,12,15,4,0.02908726,10.10033
2016,12,15,5,0.02939555,10.16603
2016,12,15,6,0.03006129,10.34268
2016,12,15,7,0.02987023,10.30719
2016,12,16,0,0.02940407,10.17086
2016,12,16,1,0.02831814,9.88688
2016,12,16,2,0.02738973,9.637466
2016,12,16,3,0.02575605,9.231733
2016,12,16,4,0.02569454,9.21858
2016,12,16,5,0.02619423,9.336602
2016,12,16,6,0.02697975,9.523367
2016,12,16,7,0.02783499,9.736856
2016,12,17,0,0.02974097,10.22077
2016,12,17,1,0.03031464,10.38069
2016,12,17,2,0.02742028,9.639509
2016,12,17,3,0.02706847,9.550611
2016,12,17,4,0.02634017,9.37192
2016,12,17,5,0.02566872,9.20157
2016,12,17,6,0.0268265,9.501973
2016,12,17,7,0.03003198,10.34218
2016,12,18,0,0.02953327,10.18824
2016,12,18,1,0.04006447,12.86355
2016,12,18,2,0.1087026,29.716
2016,12,18,3,0.1021311,27.91055
2016,12,18,4,0.103534,28.26298
2016,12,18,5,0.1266676,32.75183
2016,12,18,6,0.1156254,30.2735
2016,12,18,7,0.1549062,39.18269
2016,12,19,0,0.1725622,43.05597
2016,12,19,1,0.1511029,38.10944
2016,12,19,2,0.1087251,28.9327
2016,12,19,3,0.0884644,24.35418
2016,12,19,4,0.06655455,19.22563
2016,12,19,5,0.05665364,16.85471
2016,12,19,6,0.05901883,17.38082
2016,12,19,7,0.06992865,19.95511
2016,12,20,0,0.07169739,20.37997
2016,12,20,1,0.05798812,17.25291
2016,12,20,2,0.05545345,16.65629
2016,12,20,3,0.05862442,17.40317
2016,12,20,4,0.05525734,16.56913
2016,12,20,5,0.04974869,15.21758
2016,12,20,6,0.04760554,14.69837
2016,12,20,7,0.0472643,14.62105
2016,12,21,0,0.04439396,13.90559
2016,12,21,1,0.04107754,13.06896
2016,12,21,2,0.0390393,12.56017
2016,12,21,3,0.03779511,12.24205
2016,12,21,4,0.03778761,12.22902
2016,12,21,5,0.03725938,12.09803
2016,12,21,6,0.03553365,11.66652
2016,12,21,7,0.0346071,11.4343
2016,12,22,0,0.03652971,11.92848
2016,12,22,1,0.03825225,12.37972
2016,12,22,2,0.04001393,12.82543
2016,12,22,3,0.04147411,13.19596
2016,12,22,4,0.04249869,13.4642
2016,12,22,5,0.04190878,13.31647
2016,12,22,6,0.03870424,12.50781
2016,12,22,7,0.03643762,11.94541
2016,12,23,0,0.03504666,11.61221
2016,12,23,1,0.03456102,11.49408
2016,12,23,2,0.03419805,11.39542
2016,12,23,3,0.03318952,11.13447
2016,12,23,4,0.03232909,10.91022
2016,12,23,5,0.03151666,10.70724
2016,12,23,6,0.03174772,10.76657
2016,12,23,7,0.03185825,10.80463
2016,12,24,0,0.03102683,10.59764
2016,12,24,1,0.03040871,10.4454
2016,12,24,2,0.03019546,10.39874
2016,12,24,3,0.03038445,10.44925
2016,12,24,4,0.03079419,10.55876
2016,12,24,5,0.03101335,10.61843
2016,12,24,6,0.03026015,10.42391
2016,12,24,7,0.02917014,10.14016
2016,12,25,0,0.02843922,9.949829
2016,12,25,1,0.0277495,9.75975
2016,12,25,2,0.02707094,9.586114
2016,12,25,3,0.02695763,9.556511
2016,12,25,4,0.02730503,9.63336
2016,12,25,5,0.02747815,9.665388
2016,12,25,6,0.02802086,9.780142
2016,12,25,7,0.027688,9.707339
2016,12,26,0,0.02896724,10.01856
2016,12,26,1,0.02916701,10.06809
2016,12,26,2,0.02987207,10.2318
2016,12,26,3,0.03576523,11.61258
2016,12,26,4,0.03896141,12.34605
2016,12,26,5,0.03478509,11.36056
2016,12,26,6,0.03231047,10.7797
2016,12,26,7,0.03038021,10.32325
2016,12,27,0,0.03058957,10.36908
2016,12,27,1,0.03010409,10.25172
2016,12,27,2,0.03010655,10.25599
2016,12,27,3,0.03071174,10.39588
2016,12,27,4,0.03131592,10.54046
2016,12,27,5,0.03139615,10.56462
2016,12,27,6,0.03185043,10.67975
2016,12,27,7,0.0320733,10.74548
2016,12,28,0,0.03391747,11.17769
2016,12,28,1,0.03445879,11.30176
2016,12,28,2,0.03478105,11.39043
2016,12,28,3,0.0359437,11.6752
2016,12,28,4,0.03469714,11.38349
2016,12,28,5,0.03099275,10.4994
2016,12,28,6,0.02991371,10.23568
2016,12,28,7,0.02902636,10.01349
2016,12,29,0,0.0288346,9.960213
2016,12,29,1,0.02814288,9.789604
2016,12,29,2,0.02791581,9.735491
2016,12,29,3,0.0277016,9.682504
2016,12,29,4,0.02808358,9.765118
2016,12,29,5,0.02840616,9.843586
2016,12,29,6,0.02806302,9.757249
2016,12,29,7,0.02840562,9.836883
2016,12,30,0,0.03100887,10.44117
2016,12,30,1,0.03125398,10.50251
2016,12,30,2,0.03105044,10.46656
2016,12,30,3,0.03531694,11.48796
2016,12,30,4,0.0377415,12.08983
2016,12,30,5,0.04027833,12.70519
2016,12,30,6,0.04675625,14.27918
2016,12,30,7,0.06141562,17.7973
2016,12,31,0,0.06720383,19.29209
2016,12,31,1,0.08317387,23.06635
2016,12,31,2,0.108508,29.00122
2016,12,31,3,0.1218288,32.16626
2016,12,31,4,0.105008,28.31486
2016,12,31,5,0.0882332,24.33796
2016,12,31,6,0.09006255,24.79276
2016,12,31,7,0.122373,32.45428
2017,12,1,0,0.1222325,32.46975
2017,12,1,1,0.1178689,31.3902
2017,12,1,2,0.1056464,28.50569
2017,12,1,3,0.09464538,25.95767
2017,12,1,4,0.1006761,27.33238
2017,12,1,5,0.09565092,26.32403
2017,12,1,6,0.08352112,23.57166
2017,12,1,7,0.1023748,28.05972
2017,12,2,0,0.1453599,37.82345
2017,12,2,1,0.1998379,49.59111
2017,12,2,2,0.2037742,50.69238
2017,12,2,3,0.1527179,39.63451
2017,12,2,4,0.1229306,32.78148
2017,12,2,5,0.119207,31.73684
2017,12,2,6,0.1033154,27.97485
2017,12,2,7,0.0880243,24.34678
2017,12,3,0,0.08701661,23.99126
2017,12,3,1,0.08426606,23.35022
2017,12,3,2,0.07143856,20.28568
2017,12,3,3,0.06283615,18.23711
2017,12,3,4,0.04421061,13.79114
2017,12,3,5,0.02769518,9.709984
2017,12,3,6,0.02538101,9.118207
2017,12,3,7,0.02442631,8.884382
2017,12,4,0,0.02389202,8.747582
2017,12,4,1,0.02348333,8.647645
2017,12,4,2,0.02394436,8.770725
2017,12,4,3,0.02425994,8.84567
2017,12,4,4,0.02487196,8.99291
2017,12,4,5,0.02664167,9.431069
2017,12,4,6,0.0282053,9.837429
2017,12,4,7,0.02824538,9.86619
2017,12,5,0,0.02969625,10.22224
2017,12,5,1,0.03018638,10.33495
2017,12,5,2,0.03319274,11.04868
2017,12,5,3,0.03401596,11.25448
2017,12,5,4,0.03639513,11.81523
2017,12,5,5,0.04360853,13.50681
2017,12,5,6,0.03959386,12.56022
2017,12,5,7,0.03115002,10.52115
2017,12,6,0,0.0260333,9.179163
2017,12,6,1,0.02632533,9.253055
2017,12,6,2,0.02618058,9.217729
2017,12,6,3,0.02630288,9.258535
2017,12,6,4,0.02860304,9.815466
2017,12,6,5,0.0339208,11.07929
2017,12,6,6,0.04353506,13.36786
2017,12,6,7,0.0352974,11.48079
2017,12,7,0,0.03469831,11.40009
2017,12,7,1,0.03203824,10.75036
2017,12,7,2,0.03682746,11.94985
2017,12,7,3,0.03851929,12.42006
2017,12,7,4,0.0383321,12.38368
2017,12,7,5,0.03597207,11.78937
2017,12,7,6,0.03672176,11.96389
2017,12,7,7,0.03672858,12.02214
2017,12,8,0,0.03609935,11.86869
2017,12,8,1,0.0342369,11.38534
2017,12,8,2,0.03068652,10.49664
2017,12,8,3,0.02879225,10.00963
2017,12,8,4,0.02790219,9.79494
2017,12,8,5,0.0278121,9.783923
2017,12,8,6,0.02827076,9.883
2017,12,8,7,0.02823088,9.869666
2017,12,9,0,0.02856847,9.955756
2017,12,9,1,0.02822193,9.872806
2017,12,9,2,0.02834741,9.908054
2017,12,9,3,0.02839429,9.916408
2017,12,9,4,0.0279396,9.805884
2017,12,9,5,0.02775405,9.756435
2017,12,9,6,0.02813855,9.837812
2017,12,9,7,0.02843118,9.911998
2017,12,10,0,0.02818553,9.850149
2017,12,10,1,0.02749819,9.652887
2017,12,10,2,0.02696333,9.513652
2017,12,10,3,0.02833665,9.867001
2017,12,10,4,0.02674756,9.465606
2017,12,10,5,0.02554757,9.166795
2017,12,10,6,0.02542161,9.143948
2017,12,10,7,0.02539483,9.13904
2017,12,11,0,0.02585035,9.25943
2017,12,11,1,0.02600775,9.303829
2017,12,11,2,0.0269954,9.540744
2017,12,11,3,0.02931116,10.09186
2017,12,11,4,0.02821252,9.843822
2017,12,11,5,0.02726743,9.612803
2017,12,11,6,0.02725469,9.60845
2017,12,11,7,0.02712062,9.582487
2017,12,12,0,0.0271949,9.596144
2017,12,12,1,0.02727742,9.625656
2017,12,12,2,0.02725511,9.615115
2017,12,12,3,0.02792222,9.77897
2017,12,12,4,0.0279902,9.800066
2017,12,12,5,0.02911003,10.06481
2017,12,12,6,0.03645496,11.79591
2017,12,12,7,0.03497281,11.46453
2017,12,13,0,0.03179219,10.76399
2017,12,13,1,0.03407502,11.34174
2017,12,13,2,0.03652096,11.94342
2017,12,13,3,0.03705993,12.08465
2017,12,13,4,0.03532031,11.65929
2017,12,13,5,0.0362029,11.85526
2017,12,13,6,0.03536486,11.63671
2017,12,13,7,0.03362336,11.15122
2017,12,14,0,0.03365656,11.1243
2017,12,14,1,0.02698004,9.444559
2017,12,14,2,0.0281696,9.731583
2017,12,14,3,0.02869427,9.868531
2017,12,14,4,0.02809415,9.7259
2017,12,14,5,0.02864369,9.869174
2017,12,14,6,0.02872016,9.887123
2017,12,14,7,0.02951407,10.10016
2017,12,15,0,0.02907427,10.01672
2017,12,15,1,0.03075581,10.45579
2017,12,15,2,0.0309738,10.51987
2017,12,15,3,0.03102632,10.55138
2017,12,15,4,0.03323436,11.09685
2017,12,15,5,0.03464918,11.45852
2017,12,15,6,0.0361601,11.83461
2017,12,15,7,0.03551527,11.66213
2017,12,16,0,0.0303011,10.33355
2017,12,16,1,0.02786989,9.691122
2017,12,16,2,0.030428,10.33098
2017,12,16,3,0.03330898,11.0687
2017,12,16,4,0.03580862,11.72333
2017,12,16,5,0.03577958,11.73117
2017,12,16,6,0.03227307,10.85205
2017,12,16,7,0.02858606,9.924048
2017,12,17,0,0.0286782,9.952698
2017,12,17,1,0.03087478,10.52562
2017,12,17,2,0.02949302,10.1807
2017,12,17,3,0.05980208,17.78233
2017,12,17,4,0.04615119,14.44397
2017,12,17,5,0.03063581,10.49661
2017,12,17,6,0.0268358,9.518418
2017,12,17,7,0.02851235,9.959254
2017,12,18,0,0.02939124,10.19337
2017,12,18,1,0.02946108,10.21031
2017,12,18,2,0.02930956,10.16877
2017,12,18,3,0.02904977,10.1006
2017,12,18,4,0.02825572,9.898851
2017,12,18,5,0.03041729,10.45647
2017,12,18,6,0.04004546,12.88492
2017,12,18,7,0.04077234,13.01642
2017,12,19,0,0.03947346,12.64321
2017,12,19,1,0.05672317,16.83552
2017,12,19,2,0.06716316,19.1981
2017,12,19,3,0.08689599,23.65716
2017,12,19,4,0.1462136,36.90088
2017,12,19,5,0.203343,49.09485
2017,12,19,6,0.2257148,53.76314
2017,12,19,7,0.1541473,39.00425
2017,12,20,0,0.1739702,43.21321
2017,12,20,1,0.1952294,48.10286
2017,12,20,2,0.1217547,31.91172
2017,12,20,3,0.09956218,26.9459
2017,12,20,4,0.1771609,43.95993
2017,12,20,5,0.171488,43.07917
2017,12,20,6,0.1935597,47.64262
2017,12,20,7,0.1856267,45.95217
2017,12,21,0,0.1591047,40.35501
2017,12,21,1,0.1663101,42.03252
2017,12,21,2,0.1668702,41.85708
2017,12,21,3,0.1535375,38.91267
2017,12,21,4,0.1604349,40.45392
2017,12,21,5,0.1324345,34.08945
2017,12,21,6,0.1100551,29.16764
2017,12,21,7,0.06998735,19.85482
2017,12,22,0,0.04961068,14.98215
2017,12,22,1,0.04789303,14.56939
2017,12,22,2,0.03576496,11.6551
2017,12,22,3,0.03299611,11.01815
2017,12,22,4,0.03123149,10.61653
2017,12,22,5,0.03092438,10.5477
2017,12,22,6,0.0337032,11.27422
2017,12,22,7,0.03408863,11.40516
2017,12,23,0,0.03308348,11.17014
2017,12,23,1,0.03246285,11.02469
2017,12,23,2,0.034385,11.51137
2017,12,23,3,0.03440645,11.52519
2017,12,23,4,0.03243212,11.0159
2017,12,23,5,0.03125303,10.70892
2017,12,23,6,0.02924301,10.19137
2017,12,23,7,0.02867592,10.04308
2017,12,24,0,0.02842461,9.971031
2017,12,24,1,0.02796675,9.848611
2017,12,24,2,0.02834348,9.941346
2017,12,24,3,0.02808988,9.874042
2017,12,24,4,0.02792571,9.83279
2017,12,24,5,0.02734889,9.67993
2017,12,24,6,0.02698323,9.579457
2017,12,24,7,0.02695576,9.566981
2017,12,25,0,0.02685974,9.541445
2017,12,25,1,0.0262309,9.379142
2017,12,25,2,0.02613778,9.345339
2017,12,25,3,0.02618604,9.354355
2017,12,25,4,0.02599952,9.307184
2017,12,25,5,0.02574901,9.242027
2017,12,25,6,0.02543198,9.156227
2017,12,25,7,0.02528358,9.113791
2017,12,26,0,0.02566141,9.204561
2017,12,26,1,0.02568748,9.209957
2017,12,26,2,0.0258959,9.263973
2017,12,26,3,0.02611919,9.321947
2017,12,26,4,0.0260176,9.289417
2017,12,26,5,0.02604367,9.291206
2017,12,26,6,0.0260355,9.284405
2017,12,26,7,0.0262531,9.33408
2017,12,27,0,0.0262356,9.326805
2017,12,27,1,0.02640938,9.376177
2017,12,27,2,0.04447812,13.98395
2017,12,27,3,0.0590875,17.47546
2017,12,27,4,0.06934872,19.99279
2017,12,27,5,0.06681084,19.45395
2017,12,27,6,0.03868726,12.494
2017,12,27,7,0.03069612,10.44516
2017,12,28,0,0.02686131,9.441613
2017,12,28,1,0.02739399,9.577014
2017,12,28,2,0.02695773,9.451267
2017,12,28,3,0.02774643,9.641116
2017,12,28,4,0.0291829,9.999702
2017,12,28,5,0.03090202,10.42918
2017,12,28,6,0.02913918,9.99262
2017,12,28,7,0.02667918,9.38709
2017,12,29,0,0.02544488,9.059022
2017,12,29,1,0.02550953,9.08316
2017,12,29,2,0.02583885,9.178992
2017,12,29,3,0.0257013,9.146582
2017,12,29,4,0.02675318,9.405925
2017,12,29,5,0.02825323,9.770811
2017,12,29,6,0.03011416,10.23251
2017,12,29,7,0.0315752,10.62608
2017,12,30,0,0.0318794,10.75518
2017,12,30,1,0.03180399,10.73985
2017,12,30,2,0.03384293,11.23797
2017,12,30,3,0.03942659,12.61248
2017,12,30,4,0.04399354,13.74621
2017,12,30,5,0.03968317,12.74061
2017,12,30,6,0.0371486,12.14138
2017,12,30,7,0.03786536,12.33919
2017,12,31,0,0.03542052,11.73769
2017,12,31,1,0.02912602,10.12066
2017,12,31,2,0.02737017,9.665761
2017,12,31,3,0.02710039,9.596053
2017,12,31,4,0.02641275,9.40551
2017,12,31,5,0.02740868,9.643552
2017,12,31,6,0.02653298,9.446433
2017,12,31,7,0.0268139,9.525708
2018,12,1,0,0.03358669,11.27568
2018,12,1,1,0.06066088,18.12661
2018,12,1,2,0.06457819,19.05159
2018,12,1,3,0.06362967,18.7747
2018,12,1,4,0.04385276,13.83712
2018,12,1,5,0.03038791,10.41762
2018,12,1,6,0.02786366,9.765819
2018,12,1,7,0.02676106,9.50392
2018,12,2,0,0.02713307,9.604113
2018,12,2,1,0.02832114,9.912805
2018,12,2,2,0.02750181,9.714608
2018,12,2,3,0.02929381,10.16208
2018,12,2,4,0.03331087,11.18913
2018,12,2,5,0.02860969,9.989831
2018,12,2,6,0.02652942,9.454225
2018,12,2,7,0.02667033,9.493476
2018,12,3,0,0.02661295,9.476874
2018,12,3,1,0.02856282,9.986053
2018,12,3,2,0.02871836,10.02426
2018,12,3,3,0.02813161,9.855071
2018,12,3,4,0.02864822,9.983738
2018,12,3,5,0.0297502,10.26339
2018,12,3,6,0.02758207,9.70989
2018,12,3,7,0.02560546,9.198883
2018,12,4,0,0.02579543,9.244412
2018,12,4,1,0.02635099,9.385289
2018,12,4,2,0.02533875,9.126552
2018,12,4,3,0.02522005,9.093935
2018,12,4,4,0.02476813,8.979021
2018,12,4,5,0.02465862,8.955168
2018,12,4,6,0.0244958,8.918553
2018,12,4,7,0.02441318,8.901105
2018,12,5,0,0.02429592,8.868515
2018,12,5,1,0.02441587,8.9009
2018,12,5,2,0.02435922,8.88715
2018,12,5,3,0.02440588,8.896607
2018,12,5,4,0.0244845,8.916807
2018,12,5,5,0.02446713,8.915299
2018,12,5,6,0.02473198,8.989711
2018,12,5,7,0.02495404,9.046047
2018,12,6,0,0.02507214,9.076761
2018,12,6,1,0.02523012,9.12262
2018,12,6,2,0.02574535,9.257723
2018,12,6,3,0.02625043,9.383351
2018,12,6,4,0.02684448,9.531313
2018,12,6,5,0.02838291,9.928651
2018,12,6,6,0.02906366,10.12257
2018,12,6,7,0.03031469,10.44323
2018,12,7,0,0.03151221,10.74471
2018,12,7,1,0.03248236,10.99145
2018,12,7,2,0.03251627,11.00497
2018,12,7,3,0.03333953,11.19907
2018,12,7,4,0.0350518,11.62334
2018,12,7,5,0.03861722,12.50071
2018,12,7,6,0.03791988,12.31971
2018,12,7,7,0.0373374,12.16926
2018,12,8,0,0.03733949,12.16119
2018,12,8,1,0.03801084,12.32194
2018,12,8,2,0.03633989,11.91181
2018,12,8,3,0.03393158,11.28395
2018,12,8,4,0.03163833,10.68181
2018,12,8,5,0.02962354,10.16984
2018,12,8,6,0.02765549,9.676654
2018,12,8,7,0.02567778,9.1713
2018,12,9,0,0.0250576,9.003192
2018,12,9,1,0.02481531,8.940661
2018,12,9,2,0.02474386,8.920624
2018,12,9,3,0.02462853,8.892171
2018,12,9,4,0.02453894,8.869957
2018,12,9,5,0.02461718,8.89198
2018,12,9,6,0.02454093,8.871819
2018,12,9,7,0.02440652,8.83643
2018,12,10,0,0.02451419,8.869544
2018,12,10,1,0.02458213,8.891486
2018,12,10,2,0.02466076,8.918081
2018,12,10,3,0.02474134,8.944431
2018,12,10,4,0.02480131,8.961398
2018,12,10,5,0.02493672,8.998982
2018,12,10,6,0.02495568,9.006899
2018,12,10,7,0.02505149,9.034135
2018,12,11,0,0.02507203,9.037517
2018,12,11,1,0.02500446,9.021443
2018,12,11,2,0.02547888,9.136147
2018,12,11,3,0.02544664,9.130877
2018,12,11,4,0.0253947,9.122532
2018,12,11,5,0.02565705,9.188108
2018,12,11,6,0.02584687,9.232434
2018,12,11,7,0.02539957,9.110138
2018,12,12,0,0.02470716,8.928183
2018,12,12,1,0.02511789,9.033856
2018,12,12,2,0.02506656,9.021582
2018,12,12,3,0.02494212,8.99183
2018,12,12,4,0.02504566,9.019209
2018,12,12,5,0.02540597,9.108995
2018,12,12,6,0.0259644,9.257403
2018,12,12,7,0.02643885,9.383341
2018,12,13,0,0.02656519,9.411356
2018,12,13,1,0.02661184,9.426713
2018,12,13,2,0.02687363,9.502507
2018,12,13,3,0.02717415,9.580031
2018,12,13,4,0.02736186,9.626809
2018,12,13,5,0.02653603,9.400829
2018,12,13,6,0.02557938,9.157881
2018,12,13,7,0.02524711,9.077571
2018,12,14,0,0.02586735,9.237736
2018,12,14,1,0.02603135,9.285047
2018,12,14,2,0.02584243,9.23198
2018,12,14,3,0.02556687,9.160064
2018,12,14,4,0.02526742,9.082258
2018,12,14,5,0.02505181,9.02804
2018,12,14,6,0.02452773,8.900577
2018,12,14,7,0.0241344,8.812256
2018,12,15,0,0.02441732,8.897162
2018,12,15,1,0.02479062,9.010965
2018,12,15,2,0.02521055,9.135598
2018,12,15,3,0.02603818,9.357102
2018,12,15,4,0.02811858,9.898435
2018,12,15,5,0.02921393,10.17725
2018,12,15,6,0.02927225,10.19199
2018,12,15,7,0.03024962,10.45365
2018,12,16,0,0.03174248,10.84417
2018,12,16,1,0.0327287,11.11287
2018,12,16,2,0.03148898,10.79928
2018,12,16,3,0.03069548,10.59522
2018,12,16,4,0.03094249,10.65576
2018,12,16,5,0.03011352,10.43738
2018,12,16,6,0.02923833,10.21269
2018,12,16,7,0.02866873,10.06727
2018,12,17,0,0.02763393,9.800392
2018,12,17,1,0.02702117,9.625448
2018,12,17,2,0.02709303,9.628341
2018,12,17,3,0.02671946,9.527299
2018,12,17,4,0.02726214,9.664859
2018,12,17,5,0.02768571,9.763869
2018,12,17,6,0.02724953,9.656479
2018,12,17,7,0.02755841,9.728971
2018,12,18,0,0.02809046,9.855387
2018,12,18,1,0.02901075,10.07048
2018,12,18,2,0.03032772,10.3874
2018,12,18,3,0.03024826,10.35723
2018,12,18,4,0.02949489,10.18075
2018,12,18,5,0.0295466,10.20556
2018,12,18,6,0.0301899,10.3591
2018,12,18,7,0.03081128,10.5025
2018,12,19,0,0.03100625,10.54867
2018,12,19,1,0.02983308,10.24194
2018,12,19,2,0.02851089,9.915317
2018,12,19,3,0.02753159,9.655329
2018,12,19,4,0.02735047,9.594426
2018,12,19,5,0.02805469,9.771751
2018,12,19,6,0.02839126,9.86236
2018,12,19,7,0.02918828,10.07184
2018,12,20,0,0.02864855,9.948973
2018,12,20,1,0.02732015,9.630971
2018,12,20,2,0.02761519,9.705902
2018,12,20,3,0.02724086,9.61906
2018,12,20,4,0.02754311,9.704617
2018,12,20,5,0.02757812,9.707674
2018,12,20,6,0.02708489,9.583071
2018,12,20,7,0.02690781,9.533819
2018,12,21,0,0.02662451,9.466748
2018,12,21,1,0.02682157,9.521198
2018,12,21,2,0.02722748,9.621922
2018,12,21,3,0.02844242,9.931163
2018,12,21,4,0.02823783,9.871089
2018,12,21,5,0.0283042,9.883248
2018,12,21,6,0.02971735,10.23499
2018,12,21,7,0.03174172,10.75078
2018,12,22,0,0.03291587,11.0518
2018,12,22,1,0.03303119,11.0972
2018,12,22,2,0.03270661,11.01764
2018,12,22,3,0.03179465,10.79227
2018,12,22,4,0.03191046,10.83251
2018,12,22,5,0.03126641,10.68162
2018,12,22,6,0.02990422,10.34299
2018,12,22,7,0.02916166,10.15958
2018,12,23,0,0.02898432,10.11505
2018,12,23,1,0.02866171,10.04257
2018,12,23,2,0.02843747,9.985589
2018,12,23,3,0.02806931,9.884387
2018,12,23,4,0.02735945,9.696598
2018,12,23,5,0.02672119,9.531024
2018,12,23,6,0.02618066,9.394712
2018,12,23,7,0.02578925,9.291707
2018,12,24,0,0.02564017,9.248526
2018,12,24,1,0.02548524,9.20801
2018,12,24,2,0.02537826,9.178648
2018,12,24,3,0.02831642,9.948707
2018,12,24,4,0.03162675,10.81139
2018,12,24,5,0.0357046,11.86501
2018,12,24,6,0.03933031,12.78778
2018,12,24,7,0.04224637,13.5334
2018,12,25,0,0.04450258,14.11194
2018,12,25,1,0.04097933,13.22447
2018,12,25,2,0.04076838,13.15491
2018,12,25,3,0.05134702,15.81615
2018,12,25,4,0.06787253,19.8118
2018,12,25,5,0.07237051,20.76105
2018,12,25,6,0.06345024,18.57901
2018,12,25,7,0.0676203,19.6113
2018,12,26,0,0.08053433,22.74661
2018,12,26,1,0.09922567,27.09463
2018,12,26,2,0.08193281,22.97453
2018,12,26,3,0.07146029,20.56395
2018,12,26,4,0.07397465,21.14575
2018,12,26,5,0.05912653,17.5942
2018,12,26,6,0.05245114,15.97749
2018,12,26,7,0.06775656,19.73479
2018,12,27,0,0.08959962,24.98022
2018,12,27,1,0.09118596,25.39984
2018,12,27,2,0.08362118,23.56593
2018,12,27,3,0.09315714,25.75729
2018,12,27,4,0.09245194,25.50511
2018,12,27,5,0.09038605,24.96701
2018,12,27,6,0.09862236,26.94668
2018,12,27,7,0.1023711,27.87964
2018,12,28,0,0.1096059,29.6072
2018,12,28,1,0.1084511,29.31716
2018,12,28,2,0.1148362,30.69124
2018,12,28,3,0.1335719,34.81024
2018,12,28,4,0.1546507,39.24454
2018,12,28,5,0.1609792,40.4956
2018,12,28,6,0.133646,34.40638
2018,12,28,7,0.1188027,31.0668
2018,12,29,0,0.1369016,35.14207
2018,12,29,1,0.1442997,36.85445
2018,12,29,2,0.1680342,41.90081
2018,12,29,3,0.1657287,41.42318
2018,12,29,4,0.1602329,40.31232
2018,12,29,5,0.1526889,38.95834
2018,12,29,6,0.1155896,30.60951
2018,12,29,7,0.08574871,23.73213
2018,12,30,0,0.08224722,22.8665
2018,12,30,1,0.07667929,21.57001
2018,12,30,2,0.07059103,20.1458
2018,12,30,3,0.05781906,17.17644
2018,12,30,4,0.0516578,15.69493
2018,12,30,5,0.04882649,15.00743
2018,12,30,6,0.04887059,15.03722
2018,12,30,7,0.05420752,16.32844
2018,12,31,0,0.04890931,15.04179
2018,12,31,1,0.04241913,13.46576
2018,12,31,2,0.04338647,13.71034
2018,12,31,3,0.04427439,13.92936
2018,12,31,4,0.03916587,12.66418
2018,12,31,5,0.03483866,11.58306
2018,12,31,6,0.03183502,10.82677
2018,12,31,7,0.0298886,10.32173
