####################################################################################################
# Month: 09Sep                                                                                     #
# Station: /n/holyscratch01/doeleman_lab/freemanmd/am_output/BRZ                                   #
# Columns are: year    month   day     segment         Tbase (K)                                   #
####################################################################################################
year,month,day,segment,Tbase
2009,09,1,0,282.7
2009,09,1,1,282.6
2009,09,1,2,282.4
2009,09,1,3,282.6
2009,09,1,4,282.6
2009,09,1,5,282.1
2009,09,1,6,281.8
2009,09,1,7,282.3
2009,09,2,0,282.2
2009,09,2,1,283.1
2009,09,2,2,282.7
2009,09,2,3,281.9
2009,09,2,4,281.8
2009,09,2,5,282.4
2009,09,2,6,281.8
2009,09,2,7,281.5
2009,09,3,0,281.9
2009,09,3,1,281.8
2009,09,3,2,280.6
2009,09,3,3,281.0
2009,09,3,4,281.6
2009,09,3,5,282.4
2009,09,3,6,282.5
2009,09,3,7,282.4
2009,09,4,0,282.3
2009,09,4,1,281.5
2009,09,4,2,281.6
2009,09,4,3,282.3
2009,09,4,4,282.7
2009,09,4,5,283.4
2009,09,4,6,283.2
2009,09,4,7,282.3
2009,09,5,0,282.1
2009,09,5,1,281.4
2009,09,5,2,281.6
2009,09,5,3,281.0
2009,09,5,4,281.2
2009,09,5,5,282.1
2009,09,5,6,282.4
2009,09,5,7,283.2
2009,09,6,0,282.5
2009,09,6,1,281.8
2009,09,6,2,282.3
2009,09,6,3,282.0
2009,09,6,4,282.4
2009,09,6,5,282.9
2009,09,6,6,283.4
2009,09,6,7,283.1
2009,09,7,0,282.8
2009,09,7,1,282.3
2009,09,7,2,282.4
2009,09,7,3,281.7
2009,09,7,4,281.5
2009,09,7,5,281.7
2009,09,7,6,282.1
2009,09,7,7,281.9
2009,09,8,0,281.7
2009,09,8,1,282.0
2009,09,8,2,281.9
2009,09,8,3,281.4
2009,09,8,4,281.5
2009,09,8,5,282.3
2009,09,8,6,282.4
2009,09,8,7,282.4
2009,09,9,0,282.6
2009,09,9,1,282.5
2009,09,9,2,282.7
2009,09,9,3,282.0
2009,09,9,4,281.4
2009,09,9,5,281.8
2009,09,9,6,282.3
2009,09,9,7,282.2
2009,09,10,0,282.6
2009,09,10,1,282.8
2009,09,10,2,282.7
2009,09,10,3,283.0
2009,09,10,4,283.6
2009,09,10,5,283.7
2009,09,10,6,285.5
2009,09,10,7,283.9
2009,09,11,0,284.0
2009,09,11,1,286.1
2009,09,11,2,283.3
2009,09,11,3,283.2
2009,09,11,4,284.7
2009,09,11,5,284.5
2009,09,11,6,283.4
2009,09,11,7,282.5
2009,09,12,0,282.5
2009,09,12,1,282.0
2009,09,12,2,282.1
2009,09,12,3,282.3
2009,09,12,4,282.3
2009,09,12,5,281.7
2009,09,12,6,281.3
2009,09,12,7,281.5
2009,09,13,0,282.1
2009,09,13,1,282.2
2009,09,13,2,281.9
2009,09,13,3,281.8
2009,09,13,4,281.3
2009,09,13,5,281.2
2009,09,13,6,281.3
2009,09,13,7,281.5
2009,09,14,0,281.4
2009,09,14,1,281.1
2009,09,14,2,280.5
2009,09,14,3,280.4
2009,09,14,4,280.3
2009,09,14,5,281.0
2009,09,14,6,281.5
2009,09,14,7,281.7
2009,09,15,0,281.5
2009,09,15,1,281.8
2009,09,15,2,281.8
2009,09,15,3,282.1
2009,09,15,4,282.7
2009,09,15,5,282.7
2009,09,15,6,282.2
2009,09,15,7,281.9
2009,09,16,0,282.5
2009,09,16,1,282.3
2009,09,16,2,281.6
2009,09,16,3,281.2
2009,09,16,4,281.6
2009,09,16,5,282.0
2009,09,16,6,282.0
2009,09,16,7,282.1
2009,09,17,0,282.3
2009,09,17,1,282.5
2009,09,17,2,280.4
2009,09,17,3,280.1
2009,09,17,4,281.2
2009,09,17,5,282.0
2009,09,17,6,281.5
2009,09,17,7,280.4
2009,09,18,0,280.9
2009,09,18,1,281.5
2009,09,18,2,281.1
2009,09,18,3,281.2
2009,09,18,4,281.4
2009,09,18,5,281.6
2009,09,18,6,281.5
2009,09,18,7,281.4
2009,09,19,0,281.8
2009,09,19,1,282.1
2009,09,19,2,282.5
2009,09,19,3,284.0
2009,09,19,4,282.1
2009,09,19,5,282.3
2009,09,19,6,282.5
2009,09,19,7,282.2
2009,09,20,0,282.4
2009,09,20,1,282.7
2009,09,20,2,282.1
2009,09,20,3,282.2
2009,09,20,4,282.3
2009,09,20,5,282.6
2009,09,20,6,282.7
2009,09,20,7,282.7
2009,09,21,0,282.9
2009,09,21,1,283.7
2009,09,21,2,282.8
2009,09,21,3,283.1
2009,09,21,4,282.3
2009,09,21,5,282.3
2009,09,21,6,282.8
2009,09,21,7,282.6
2009,09,22,0,282.6
2009,09,22,1,282.7
2009,09,22,2,282.2
2009,09,22,3,281.5
2009,09,22,4,282.2
2009,09,22,5,282.4
2009,09,22,6,282.6
2009,09,22,7,282.9
2009,09,23,0,283.1
2009,09,23,1,282.2
2009,09,23,2,281.7
2009,09,23,3,281.3
2009,09,23,4,281.5
2009,09,23,5,281.9
2009,09,23,6,281.4
2009,09,23,7,281.6
2009,09,24,0,281.7
2009,09,24,1,281.0
2009,09,24,2,280.2
2009,09,24,3,280.1
2009,09,24,4,280.4
2009,09,24,5,280.7
2009,09,24,6,280.8
2009,09,24,7,280.5
2009,09,25,0,280.3
2009,09,25,1,280.9
2009,09,25,2,281.3
2009,09,25,3,280.4
2009,09,25,4,280.8
2009,09,25,5,281.3
2009,09,25,6,280.9
2009,09,25,7,281.1
2009,09,26,0,281.3
2009,09,26,1,281.0
2009,09,26,2,280.8
2009,09,26,3,280.9
2009,09,26,4,281.1
2009,09,26,5,280.9
2009,09,26,6,280.3
2009,09,26,7,281.1
2009,09,27,0,280.9
2009,09,27,1,281.2
2009,09,27,2,281.2
2009,09,27,3,280.7
2009,09,27,4,281.4
2009,09,27,5,281.9
2009,09,27,6,281.9
2009,09,27,7,281.6
2009,09,28,0,281.7
2009,09,28,1,281.7
2009,09,28,2,281.4
2009,09,28,3,281.3
2009,09,28,4,281.3
2009,09,28,5,281.8
2009,09,28,6,282.2
2009,09,28,7,282.2
2009,09,29,0,282.9
2009,09,29,1,283.6
2009,09,29,2,283.8
2009,09,29,3,284.0
2009,09,29,4,284.2
2009,09,29,5,283.9
2009,09,29,6,283.8
2009,09,29,7,283.9
2009,09,30,0,283.8
2009,09,30,1,283.8
2009,09,30,2,283.0
2009,09,30,3,283.4
2009,09,30,4,284.0
2009,09,30,5,285.0
2009,09,30,6,283.7
2009,09,30,7,283.6
2009,09,31,0,283.7
2009,09,31,1,284.4
2009,09,31,2,282.6
2009,09,31,3,283.2
2009,09,31,4,284.4
2009,09,31,5,283.8
2009,09,31,6,283.7
2009,09,31,7,283.7
2009,09,1,0,284.4
2009,09,1,1,283.6
2009,09,1,2,283.7
2009,09,1,3,282.9
2009,09,1,4,283.1
2009,09,1,5,283.3
2009,09,1,6,283.1
2009,09,1,7,283.5
2009,09,2,0,283.2
2009,09,2,1,283.2
2009,09,2,2,283.5
2009,09,2,3,282.7
2009,09,2,4,282.8
2009,09,2,5,282.8
2009,09,2,6,283.0
2009,09,2,7,283.5
2009,09,3,0,283.0
2009,09,3,1,282.9
2009,09,3,2,282.4
2009,09,3,3,282.2
2009,09,3,4,285.0
2009,09,3,5,285.7
2009,09,3,6,284.5
2009,09,3,7,282.3
2009,09,4,0,283.3
2009,09,4,1,283.2
2009,09,4,2,283.4
2009,09,4,3,284.0
2009,09,4,4,284.9
2009,09,4,5,284.1
2009,09,4,6,284.1
2009,09,4,7,283.9
2009,09,5,0,283.7
2009,09,5,1,283.3
2009,09,5,2,283.0
2009,09,5,3,283.0
2009,09,5,4,283.0
2009,09,5,5,283.3
2009,09,5,6,283.3
2009,09,5,7,282.9
2009,09,6,0,282.6
2009,09,6,1,282.8
2009,09,6,2,282.1
2009,09,6,3,281.8
2009,09,6,4,282.0
2009,09,6,5,282.2
2009,09,6,6,282.4
2009,09,6,7,282.3
2009,09,7,0,282.2
2009,09,7,1,282.2
2009,09,7,2,281.4
2009,09,7,3,281.7
2009,09,7,4,281.5
2009,09,7,5,282.7
2009,09,7,6,283.2
2009,09,7,7,283.3
2009,09,8,0,283.3
2009,09,8,1,282.5
2009,09,8,2,282.1
2009,09,8,3,282.0
2009,09,8,4,283.3
2009,09,8,5,283.1
2009,09,8,6,283.1
2009,09,8,7,282.8
2009,09,9,0,282.7
2009,09,9,1,282.6
2009,09,9,2,282.2
2009,09,9,3,282.1
2009,09,9,4,282.7
2009,09,9,5,283.0
2009,09,9,6,282.9
2009,09,9,7,282.5
2009,09,10,0,283.2
2009,09,10,1,283.4
2009,09,10,2,283.0
2009,09,10,3,283.1
2009,09,10,4,282.7
2009,09,10,5,282.9
2009,09,10,6,283.3
2009,09,10,7,283.1
2009,09,11,0,283.3
2009,09,11,1,282.6
2009,09,11,2,282.3
2009,09,11,3,282.3
2009,09,11,4,282.7
2009,09,11,5,283.5
2009,09,11,6,283.8
2009,09,11,7,284.0
2009,09,12,0,283.7
2009,09,12,1,283.7
2009,09,12,2,283.3
2009,09,12,3,283.2
2009,09,12,4,283.6
2009,09,12,5,284.0
2009,09,12,6,283.6
2009,09,12,7,282.8
2009,09,13,0,282.5
2009,09,13,1,281.2
2009,09,13,2,282.2
2009,09,13,3,282.6
2009,09,13,4,282.2
2009,09,13,5,281.6
2009,09,13,6,280.3
2009,09,13,7,280.3
2009,09,14,0,280.7
2009,09,14,1,280.1
2009,09,14,2,280.3
2009,09,14,3,280.0
2009,09,14,4,281.0
2009,09,14,5,281.0
2009,09,14,6,281.2
2009,09,14,7,281.4
2009,09,15,0,281.5
2009,09,15,1,281.0
2009,09,15,2,280.7
2009,09,15,3,281.7
2009,09,15,4,282.3
2009,09,15,5,283.0
2009,09,15,6,283.8
2009,09,15,7,284.6
2009,09,16,0,283.0
2009,09,16,1,282.4
2009,09,16,2,282.1
2009,09,16,3,281.8
2009,09,16,4,281.2
2009,09,16,5,279.6
2009,09,16,6,280.2
2009,09,16,7,279.9
2009,09,17,0,279.8
2009,09,17,1,280.0
2009,09,17,2,277.5
2009,09,17,3,278.2
2009,09,17,4,279.4
2009,09,17,5,279.0
2009,09,17,6,280.8
2009,09,17,7,278.2
2009,09,18,0,280.4
2009,09,18,1,280.3
2009,09,18,2,278.2
2009,09,18,3,280.7
2009,09,18,4,282.4
2009,09,18,5,283.1
2009,09,18,6,282.8
2009,09,18,7,283.0
2009,09,19,0,283.5
2009,09,19,1,283.8
2009,09,19,2,282.5
2009,09,19,3,281.1
2009,09,19,4,280.5
2009,09,19,5,279.0
2009,09,19,6,278.3
2009,09,19,7,278.7
2009,09,20,0,280.4
2009,09,20,1,279.9
2009,09,20,2,277.7
2009,09,20,3,277.5
2009,09,20,4,280.0
2009,09,20,5,280.6
2009,09,20,6,280.5
2009,09,20,7,280.6
2009,09,21,0,280.9
2009,09,21,1,281.3
2009,09,21,2,280.9
2009,09,21,3,280.4
2009,09,21,4,280.8
2009,09,21,5,281.5
2009,09,21,6,281.2
2009,09,21,7,280.8
2009,09,22,0,281.0
2009,09,22,1,281.6
2009,09,22,2,282.6
2009,09,22,3,282.1
2009,09,22,4,282.2
2009,09,22,5,282.1
2009,09,22,6,281.9
2009,09,22,7,282.1
2009,09,23,0,282.6
2009,09,23,1,282.2
2009,09,23,2,281.1
2009,09,23,3,281.6
2009,09,23,4,281.5
2009,09,23,5,281.7
2009,09,23,6,282.2
2009,09,23,7,282.1
2009,09,24,0,282.1
2009,09,24,1,282.0
2009,09,24,2,281.9
2009,09,24,3,281.2
2009,09,24,4,281.5
2009,09,24,5,281.6
2009,09,24,6,281.7
2009,09,24,7,281.1
2009,09,25,0,280.6
2009,09,25,1,281.3
2009,09,25,2,281.1
2009,09,25,3,281.0
2009,09,25,4,281.7
2009,09,25,5,281.5
2009,09,25,6,281.6
2009,09,25,7,281.4
2009,09,26,0,281.6
2009,09,26,1,281.5
2009,09,26,2,281.6
2009,09,26,3,281.4
2009,09,26,4,281.7
2009,09,26,5,282.3
2009,09,26,6,282.3
2009,09,26,7,281.9
2009,09,27,0,282.4
2009,09,27,1,282.9
2009,09,27,2,282.5
2009,09,27,3,282.4
2009,09,27,4,283.1
2009,09,27,5,283.7
2009,09,27,6,284.0
2009,09,27,7,285.0
2009,09,28,0,284.6
2009,09,28,1,283.7
2009,09,28,2,283.8
2009,09,28,3,284.9
2009,09,28,4,284.9
2009,09,28,5,285.4
2009,09,28,6,286.0
2009,09,28,7,285.5
2009,09,1,0,285.5
2009,09,1,1,285.6
2009,09,1,2,286.4
2009,09,1,3,286.5
2009,09,1,4,287.8
2009,09,1,5,288.3
2009,09,1,6,287.5
2009,09,1,7,286.9
2009,09,2,0,286.0
2009,09,2,1,285.4
2009,09,2,2,285.1
2009,09,2,3,286.3
2009,09,2,4,287.0
2009,09,2,5,286.5
2009,09,2,6,286.2
2009,09,2,7,285.5
2009,09,3,0,285.8
2009,09,3,1,285.0
2009,09,3,2,285.2
2009,09,3,3,285.6
2009,09,3,4,286.0
2009,09,3,5,284.8
2009,09,3,6,282.6
2009,09,3,7,281.3
2009,09,4,0,283.6
2009,09,4,1,284.5
2009,09,4,2,284.2
2009,09,4,3,283.3
2009,09,4,4,282.7
2009,09,4,5,282.2
2009,09,4,6,282.3
2009,09,4,7,282.0
2009,09,5,0,282.2
2009,09,5,1,281.1
2009,09,5,2,282.1
2009,09,5,3,282.8
2009,09,5,4,285.0
2009,09,5,5,284.1
2009,09,5,6,283.2
2009,09,5,7,282.9
2009,09,6,0,282.6
2009,09,6,1,282.0
2009,09,6,2,282.3
2009,09,6,3,282.7
2009,09,6,4,284.1
2009,09,6,5,284.1
2009,09,6,6,284.1
2009,09,6,7,283.8
2009,09,7,0,283.3
2009,09,7,1,283.6
2009,09,7,2,283.2
2009,09,7,3,283.4
2009,09,7,4,283.6
2009,09,7,5,283.3
2009,09,7,6,283.1
2009,09,7,7,282.5
2009,09,8,0,283.1
2009,09,8,1,283.0
2009,09,8,2,282.8
2009,09,8,3,282.8
2009,09,8,4,282.4
2009,09,8,5,282.1
2009,09,8,6,282.5
2009,09,8,7,282.6
2009,09,9,0,282.5
2009,09,9,1,282.3
2009,09,9,2,282.3
2009,09,9,3,282.5
2009,09,9,4,282.4
2009,09,9,5,282.4
2009,09,9,6,282.8
2009,09,9,7,282.9
2009,09,10,0,282.9
2009,09,10,1,282.6
2009,09,10,2,282.0
2009,09,10,3,282.2
2009,09,10,4,282.8
2009,09,10,5,283.2
2009,09,10,6,283.1
2009,09,10,7,282.9
2009,09,11,0,284.2
2009,09,11,1,283.5
2009,09,11,2,282.6
2009,09,11,3,282.4
2009,09,11,4,282.8
2009,09,11,5,283.3
2009,09,11,6,283.7
2009,09,11,7,283.6
2009,09,12,0,283.4
2009,09,12,1,282.9
2009,09,12,2,281.9
2009,09,12,3,281.3
2009,09,12,4,281.7
2009,09,12,5,282.3
2009,09,12,6,282.4
2009,09,12,7,282.2
2009,09,13,0,282.3
2009,09,13,1,283.0
2009,09,13,2,282.8
2009,09,13,3,282.0
2009,09,13,4,281.9
2009,09,13,5,282.0
2009,09,13,6,281.6
2009,09,13,7,281.5
2009,09,14,0,281.4
2009,09,14,1,281.3
2009,09,14,2,280.9
2009,09,14,3,281.0
2009,09,14,4,281.9
2009,09,14,5,283.1
2009,09,14,6,283.4
2009,09,14,7,282.7
2009,09,15,0,281.9
2009,09,15,1,281.6
2009,09,15,2,281.0
2009,09,15,3,281.1
2009,09,15,4,281.4
2009,09,15,5,281.2
2009,09,15,6,281.1
2009,09,15,7,281.5
2009,09,16,0,282.2
2009,09,16,1,282.4
2009,09,16,2,282.1
2009,09,16,3,282.0
2009,09,16,4,281.7
2009,09,16,5,282.4
2009,09,16,6,282.1
2009,09,16,7,280.8
2009,09,17,0,281.9
2009,09,17,1,280.6
2009,09,17,2,281.5
2009,09,17,3,281.5
2009,09,17,4,281.0
2009,09,17,5,281.4
2009,09,17,6,281.3
2009,09,17,7,281.3
2009,09,18,0,281.9
2009,09,18,1,281.9
2009,09,18,2,281.4
2009,09,18,3,281.2
2009,09,18,4,281.9
2009,09,18,5,282.2
2009,09,18,6,281.8
2009,09,18,7,282.2
2009,09,19,0,281.9
2009,09,19,1,281.5
2009,09,19,2,282.6
2009,09,19,3,283.0
2009,09,19,4,283.2
2009,09,19,5,283.4
2009,09,19,6,283.7
2009,09,19,7,283.9
2009,09,20,0,284.2
2009,09,20,1,284.0
2009,09,20,2,282.8
2009,09,20,3,281.9
2009,09,20,4,282.5
2009,09,20,5,282.9
2009,09,20,6,281.8
2009,09,20,7,281.7
2009,09,21,0,281.8
2009,09,21,1,282.2
2009,09,21,2,281.4
2009,09,21,3,281.2
2009,09,21,4,281.8
2009,09,21,5,281.0
2009,09,21,6,282.0
2009,09,21,7,282.2
2009,09,22,0,281.9
2009,09,22,1,282.1
2009,09,22,2,281.9
2009,09,22,3,281.7
2009,09,22,4,281.7
2009,09,22,5,281.7
2009,09,22,6,281.5
2009,09,22,7,281.4
2009,09,23,0,281.6
2009,09,23,1,280.9
2009,09,23,2,280.2
2009,09,23,3,280.8
2009,09,23,4,282.0
2009,09,23,5,281.8
2009,09,23,6,282.1
2009,09,23,7,282.4
2009,09,24,0,282.0
2009,09,24,1,282.3
2009,09,24,2,283.0
2009,09,24,3,282.9
2009,09,24,4,282.7
2009,09,24,5,283.0
2009,09,24,6,282.9
2009,09,24,7,283.1
2009,09,25,0,282.1
2009,09,25,1,282.2
2009,09,25,2,282.3
2009,09,25,3,281.9
2009,09,25,4,281.6
2009,09,25,5,281.7
2009,09,25,6,281.6
2009,09,25,7,281.4
2009,09,26,0,281.9
2009,09,26,1,281.0
2009,09,26,2,281.0
2009,09,26,3,281.2
2009,09,26,4,281.3
2009,09,26,5,281.7
2009,09,26,6,281.6
2009,09,26,7,281.4
2009,09,27,0,282.3
2009,09,27,1,282.4
2009,09,27,2,281.7
2009,09,27,3,281.2
2009,09,27,4,281.4
2009,09,27,5,282.0
2009,09,27,6,281.8
2009,09,27,7,281.7
2009,09,28,0,281.8
2009,09,28,1,281.8
2009,09,28,2,281.7
2009,09,28,3,281.8
2009,09,28,4,282.1
2009,09,28,5,282.7
2009,09,28,6,282.1
2009,09,28,7,282.1
2009,09,29,0,282.3
2009,09,29,1,283.2
2009,09,29,2,283.5
2009,09,29,3,282.3
2009,09,29,4,283.0
2009,09,29,5,282.7
2009,09,29,6,281.8
2009,09,29,7,281.8
2009,09,30,0,282.4
2009,09,30,1,283.1
2009,09,30,2,283.2
2009,09,30,3,282.7
2009,09,30,4,282.3
2009,09,30,5,282.4
2009,09,30,6,282.5
2009,09,30,7,281.7
2009,09,31,0,281.8
2009,09,31,1,281.5
2009,09,31,2,281.9
2009,09,31,3,281.6
2009,09,31,4,282.0
2009,09,31,5,282.1
2009,09,31,6,282.0
2009,09,31,7,282.8
2009,09,1,0,283.5
2009,09,1,1,283.6
2009,09,1,2,282.8
2009,09,1,3,282.4
2009,09,1,4,282.5
2009,09,1,5,283.0
2009,09,1,6,282.8
2009,09,1,7,283.3
2009,09,2,0,282.1
2009,09,2,1,281.8
2009,09,2,2,281.4
2009,09,2,3,281.0
2009,09,2,4,281.8
2009,09,2,5,281.7
2009,09,2,6,281.1
2009,09,2,7,280.8
2009,09,3,0,281.2
2009,09,3,1,281.0
2009,09,3,2,280.7
2009,09,3,3,279.7
2009,09,3,4,280.5
2009,09,3,5,280.7
2009,09,3,6,280.8
2009,09,3,7,280.9
2009,09,4,0,281.5
2009,09,4,1,281.8
2009,09,4,2,281.6
2009,09,4,3,281.5
2009,09,4,4,281.6
2009,09,4,5,281.6
2009,09,4,6,281.6
2009,09,4,7,281.8
2009,09,5,0,282.2
2009,09,5,1,282.3
2009,09,5,2,282.3
2009,09,5,3,282.4
2009,09,5,4,282.8
2009,09,5,5,283.3
2009,09,5,6,283.2
2009,09,5,7,283.4
2009,09,6,0,283.5
2009,09,6,1,282.9
2009,09,6,2,282.5
2009,09,6,3,282.8
2009,09,6,4,283.0
2009,09,6,5,282.8
2009,09,6,6,282.6
2009,09,6,7,282.6
2009,09,7,0,282.3
2009,09,7,1,283.0
2009,09,7,2,282.1
2009,09,7,3,281.6
2009,09,7,4,281.8
2009,09,7,5,282.1
2009,09,7,6,281.9
2009,09,7,7,281.8
2009,09,8,0,281.0
2009,09,8,1,280.7
2009,09,8,2,280.4
2009,09,8,3,280.3
2009,09,8,4,280.6
2009,09,8,5,282.4
2009,09,8,6,281.4
2009,09,8,7,282.4
2009,09,9,0,282.5
2009,09,9,1,281.7
2009,09,9,2,281.4
2009,09,9,3,281.7
2009,09,9,4,281.2
2009,09,9,5,281.6
2009,09,9,6,281.5
2009,09,9,7,280.7
2009,09,10,0,280.8
2009,09,10,1,281.3
2009,09,10,2,281.2
2009,09,10,3,281.1
2009,09,10,4,281.3
2009,09,10,5,281.1
2009,09,10,6,281.6
2009,09,10,7,280.4
2009,09,11,0,278.3
2009,09,11,1,279.3
2009,09,11,2,280.9
2009,09,11,3,278.8
2009,09,11,4,279.9
2009,09,11,5,280.1
2009,09,11,6,282.0
2009,09,11,7,281.7
2009,09,12,0,280.8
2009,09,12,1,281.6
2009,09,12,2,281.5
2009,09,12,3,281.4
2009,09,12,4,281.4
2009,09,12,5,281.7
2009,09,12,6,281.5
2009,09,12,7,281.2
2009,09,13,0,283.1
2009,09,13,1,283.3
2009,09,13,2,282.0
2009,09,13,3,282.3
2009,09,13,4,281.8
2009,09,13,5,281.6
2009,09,13,6,281.5
2009,09,13,7,281.9
2009,09,14,0,282.3
2009,09,14,1,282.1
2009,09,14,2,281.8
2009,09,14,3,281.5
2009,09,14,4,281.6
2009,09,14,5,281.8
2009,09,14,6,281.6
2009,09,14,7,280.9
2009,09,15,0,280.5
2009,09,15,1,280.4
2009,09,15,2,280.5
2009,09,15,3,280.3
2009,09,15,4,280.1
2009,09,15,5,279.3
2009,09,15,6,279.1
2009,09,15,7,280.4
2009,09,16,0,279.8
2009,09,16,1,279.0
2009,09,16,2,279.3
2009,09,16,3,278.5
2009,09,16,4,278.5
2009,09,16,5,279.4
2009,09,16,6,278.5
2009,09,16,7,278.0
2009,09,17,0,278.3
2009,09,17,1,278.0
2009,09,17,2,277.6
2009,09,17,3,277.4
2009,09,17,4,277.8
2009,09,17,5,278.6
2009,09,17,6,278.5
2009,09,17,7,278.3
2009,09,18,0,278.0
2009,09,18,1,278.3
2009,09,18,2,278.8
2009,09,18,3,279.1
2009,09,18,4,279.9
2009,09,18,5,281.0
2009,09,18,6,281.9
2009,09,18,7,282.5
2009,09,19,0,282.9
2009,09,19,1,281.9
2009,09,19,2,282.1
2009,09,19,3,282.6
2009,09,19,4,283.1
2009,09,19,5,283.1
2009,09,19,6,283.2
2009,09,19,7,283.4
2009,09,20,0,283.1
2009,09,20,1,282.3
2009,09,20,2,281.8
2009,09,20,3,281.2
2009,09,20,4,281.0
2009,09,20,5,280.8
2009,09,20,6,280.8
2009,09,20,7,281.9
2009,09,21,0,281.5
2009,09,21,1,281.6
2009,09,21,2,282.3
2009,09,21,3,282.4
2009,09,21,4,282.0
2009,09,21,5,281.6
2009,09,21,6,281.3
2009,09,21,7,281.5
2009,09,22,0,280.8
2009,09,22,1,279.6
2009,09,22,2,278.8
2009,09,22,3,279.0
2009,09,22,4,280.7
2009,09,22,5,279.9
2009,09,22,6,279.3
2009,09,22,7,278.2
2009,09,23,0,279.2
2009,09,23,1,278.3
2009,09,23,2,278.6
2009,09,23,3,281.0
2009,09,23,4,281.2
2009,09,23,5,281.0
2009,09,23,6,279.4
2009,09,23,7,279.5
2009,09,24,0,279.2
2009,09,24,1,279.1
2009,09,24,2,279.3
2009,09,24,3,279.5
2009,09,24,4,279.5
2009,09,24,5,279.7
2009,09,24,6,279.3
2009,09,24,7,279.5
2009,09,25,0,279.4
2009,09,25,1,279.7
2009,09,25,2,280.2
2009,09,25,3,280.3
2009,09,25,4,279.8
2009,09,25,5,280.8
2009,09,25,6,280.6
2009,09,25,7,280.2
2009,09,26,0,281.3
2009,09,26,1,281.9
2009,09,26,2,280.4
2009,09,26,3,280.5
2009,09,26,4,280.2
2009,09,26,5,280.3
2009,09,26,6,280.3
2009,09,26,7,281.1
2009,09,27,0,282.9
2009,09,27,1,283.6
2009,09,27,2,284.1
2009,09,27,3,282.8
2009,09,27,4,283.1
2009,09,27,5,283.0
2009,09,27,6,284.5
2009,09,27,7,282.4
2009,09,28,0,282.2
2009,09,28,1,281.9
2009,09,28,2,281.8
2009,09,28,3,281.2
2009,09,28,4,280.5
2009,09,28,5,280.4
2009,09,28,6,281.8
2009,09,28,7,281.2
2009,09,29,0,280.8
2009,09,29,1,280.0
2009,09,29,2,279.7
2009,09,29,3,279.9
2009,09,29,4,279.5
2009,09,29,5,280.3
2009,09,29,6,280.6
2009,09,29,7,281.4
2009,09,30,0,282.1
2009,09,30,1,282.2
2009,09,30,2,283.1
2009,09,30,3,284.1
2009,09,30,4,284.9
2009,09,30,5,284.4
2009,09,30,6,284.9
2009,09,30,7,286.3
2009,09,1,0,286.8
2009,09,1,1,286.2
2009,09,1,2,285.1
2009,09,1,3,284.3
2009,09,1,4,284.4
2009,09,1,5,283.6
2009,09,1,6,282.4
2009,09,1,7,279.2
2009,09,2,0,279.2
2009,09,2,1,279.3
2009,09,2,2,279.0
2009,09,2,3,279.3
2009,09,2,4,279.2
2009,09,2,5,278.8
2009,09,2,6,278.2
2009,09,2,7,278.3
2009,09,3,0,278.3
2009,09,3,1,277.7
2009,09,3,2,277.7
2009,09,3,3,277.8
2009,09,3,4,277.7
2009,09,3,5,277.8
2009,09,3,6,278.1
2009,09,3,7,278.4
2009,09,4,0,278.7
2009,09,4,1,278.9
2009,09,4,2,278.6
2009,09,4,3,278.6
2009,09,4,4,278.6
2009,09,4,5,278.5
2009,09,4,6,278.6
2009,09,4,7,278.7
2009,09,5,0,278.7
2009,09,5,1,278.7
2009,09,5,2,278.9
2009,09,5,3,278.9
2009,09,5,4,279.6
2009,09,5,5,280.2
2009,09,5,6,279.8
2009,09,5,7,279.2
2009,09,6,0,279.2
2009,09,6,1,279.4
2009,09,6,2,279.4
2009,09,6,3,279.3
2009,09,6,4,279.6
2009,09,6,5,280.1
2009,09,6,6,280.6
2009,09,6,7,280.7
2009,09,7,0,280.8
2009,09,7,1,280.9
2009,09,7,2,280.5
2009,09,7,3,279.9
2009,09,7,4,279.9
2009,09,7,5,281.0
2009,09,7,6,280.7
2009,09,7,7,279.9
2009,09,8,0,280.2
2009,09,8,1,280.7
2009,09,8,2,281.1
2009,09,8,3,281.5
2009,09,8,4,282.1
2009,09,8,5,282.5
2009,09,8,6,282.5
2009,09,8,7,282.8
2009,09,9,0,283.1
2009,09,9,1,283.0
2009,09,9,2,282.7
2009,09,9,3,282.5
2009,09,9,4,281.8
2009,09,9,5,282.4
2009,09,9,6,281.7
2009,09,9,7,281.6
2009,09,10,0,281.9
2009,09,10,1,280.2
2009,09,10,2,279.8
2009,09,10,3,279.5
2009,09,10,4,279.6
2009,09,10,5,280.0
2009,09,10,6,279.8
2009,09,10,7,279.0
2009,09,11,0,279.5
2009,09,11,1,279.5
2009,09,11,2,279.2
2009,09,11,3,279.1
2009,09,11,4,279.3
2009,09,11,5,279.4
2009,09,11,6,279.0
2009,09,11,7,278.3
2009,09,12,0,278.4
2009,09,12,1,278.1
2009,09,12,2,277.4
2009,09,12,3,278.1
2009,09,12,4,278.3
2009,09,12,5,277.3
2009,09,12,6,277.6
2009,09,12,7,277.4
2009,09,13,0,278.3
2009,09,13,1,279.0
2009,09,13,2,279.5
2009,09,13,3,279.9
2009,09,13,4,280.3
2009,09,13,5,279.7
2009,09,13,6,278.6
2009,09,13,7,278.4
2009,09,14,0,278.2
2009,09,14,1,280.3
2009,09,14,2,280.0
2009,09,14,3,279.1
2009,09,14,4,278.2
2009,09,14,5,278.6
2009,09,14,6,278.7
2009,09,14,7,278.6
2009,09,15,0,278.2
2009,09,15,1,277.7
2009,09,15,2,279.0
2009,09,15,3,280.5
2009,09,15,4,280.5
2009,09,15,5,280.9
2009,09,15,6,281.2
2009,09,15,7,280.8
2009,09,16,0,280.6
2009,09,16,1,280.3
2009,09,16,2,280.0
2009,09,16,3,280.1
2009,09,16,4,280.4
2009,09,16,5,280.4
2009,09,16,6,280.2
2009,09,16,7,279.9
2009,09,17,0,281.6
2009,09,17,1,283.3
2009,09,17,2,283.2
2009,09,17,3,283.1
2009,09,17,4,283.9
2009,09,17,5,284.0
2009,09,17,6,283.4
2009,09,17,7,283.9
2009,09,18,0,283.8
2009,09,18,1,282.2
2009,09,18,2,282.4
2009,09,18,3,282.1
2009,09,18,4,282.8
2009,09,18,5,282.7
2009,09,18,6,282.4
2009,09,18,7,282.7
2009,09,19,0,282.8
2009,09,19,1,282.4
2009,09,19,2,282.1
2009,09,19,3,283.0
2009,09,19,4,282.6
2009,09,19,5,282.3
2009,09,19,6,281.9
2009,09,19,7,281.4
2009,09,20,0,281.0
2009,09,20,1,281.4
2009,09,20,2,281.2
2009,09,20,3,281.3
2009,09,20,4,281.4
2009,09,20,5,281.4
2009,09,20,6,281.5
2009,09,20,7,281.7
2009,09,21,0,282.4
2009,09,21,1,282.7
2009,09,21,2,281.6
2009,09,21,3,282.1
2009,09,21,4,281.9
2009,09,21,5,281.8
2009,09,21,6,282.1
2009,09,21,7,281.7
2009,09,22,0,281.4
2009,09,22,1,281.0
2009,09,22,2,281.1
2009,09,22,3,281.4
2009,09,22,4,282.1
2009,09,22,5,282.0
2009,09,22,6,283.3
2009,09,22,7,282.7
2009,09,23,0,282.7
2009,09,23,1,282.5
2009,09,23,2,282.2
2009,09,23,3,282.2
2009,09,23,4,282.6
2009,09,23,5,283.2
2009,09,23,6,283.3
2009,09,23,7,283.3
2009,09,24,0,283.0
2009,09,24,1,282.3
2009,09,24,2,282.2
2009,09,24,3,282.5
2009,09,24,4,282.9
2009,09,24,5,282.9
2009,09,24,6,282.6
2009,09,24,7,282.5
2009,09,25,0,282.4
2009,09,25,1,281.8
2009,09,25,2,281.1
2009,09,25,3,281.2
2009,09,25,4,281.4
2009,09,25,5,281.6
2009,09,25,6,281.7
2009,09,25,7,281.4
2009,09,26,0,281.3
2009,09,26,1,281.1
2009,09,26,2,280.6
2009,09,26,3,280.2
2009,09,26,4,280.7
2009,09,26,5,280.9
2009,09,26,6,281.1
2009,09,26,7,280.3
2009,09,27,0,279.5
2009,09,27,1,279.9
2009,09,27,2,280.1
2009,09,27,3,280.5
2009,09,27,4,280.6
2009,09,27,5,280.8
2009,09,27,6,280.5
2009,09,27,7,280.3
2009,09,28,0,280.3
2009,09,28,1,280.3
2009,09,28,2,280.3
2009,09,28,3,280.3
2009,09,28,4,280.7
2009,09,28,5,280.7
2009,09,28,6,281.2
2009,09,28,7,281.4
2009,09,29,0,281.1
2009,09,29,1,280.6
2009,09,29,2,280.4
2009,09,29,3,280.5
2009,09,29,4,280.2
2009,09,29,5,280.5
2009,09,29,6,280.7
2009,09,29,7,280.4
2009,09,30,0,280.3
2009,09,30,1,280.3
2009,09,30,2,280.2
2009,09,30,3,280.3
2009,09,30,4,282.2
2009,09,30,5,282.0
2009,09,30,6,281.0
2009,09,30,7,281.7
2009,09,31,0,282.2
2009,09,31,1,280.9
2009,09,31,2,280.1
2009,09,31,3,279.9
2009,09,31,4,280.6
2009,09,31,5,280.8
2009,09,31,6,280.9
2009,09,31,7,281.0
2009,09,1,0,280.3
2009,09,1,1,279.7
2009,09,1,2,279.7
2009,09,1,3,279.9
2009,09,1,4,280.2
2009,09,1,5,280.7
2009,09,1,6,280.7
2009,09,1,7,280.6
2009,09,2,0,280.5
2009,09,2,1,279.8
2009,09,2,2,279.7
2009,09,2,3,279.9
2009,09,2,4,280.0
2009,09,2,5,280.0
2009,09,2,6,279.9
2009,09,2,7,279.6
2009,09,3,0,279.0
2009,09,3,1,278.6
2009,09,3,2,279.3
2009,09,3,3,279.6
2009,09,3,4,280.0
2009,09,3,5,280.2
2009,09,3,6,279.8
2009,09,3,7,279.5
2009,09,4,0,279.8
2009,09,4,1,280.1
2009,09,4,2,280.0
2009,09,4,3,279.6
2009,09,4,4,280.1
2009,09,4,5,279.5
2009,09,4,6,279.1
2009,09,4,7,279.6
2009,09,5,0,279.6
2009,09,5,1,279.2
2009,09,5,2,278.3
2009,09,5,3,277.3
2009,09,5,4,277.5
2009,09,5,5,277.9
2009,09,5,6,277.8
2009,09,5,7,277.9
2009,09,6,0,276.3
2009,09,6,1,276.1
2009,09,6,2,276.8
2009,09,6,3,276.4
2009,09,6,4,275.3
2009,09,6,5,277.5
2009,09,6,6,277.6
2009,09,6,7,276.0
2009,09,7,0,275.5
2009,09,7,1,275.6
2009,09,7,2,276.3
2009,09,7,3,277.4
2009,09,7,4,277.6
2009,09,7,5,276.8
2009,09,7,6,274.7
2009,09,7,7,274.1
2009,09,8,0,276.4
2009,09,8,1,277.0
2009,09,8,2,277.9
2009,09,8,3,279.6
2009,09,8,4,275.1
2009,09,8,5,279.8
2009,09,8,6,278.7
2009,09,8,7,279.8
2009,09,9,0,279.6
2009,09,9,1,279.0
2009,09,9,2,278.3
2009,09,9,3,277.8
2009,09,9,4,277.7
2009,09,9,5,277.9
2009,09,9,6,278.5
2009,09,9,7,277.7
2009,09,10,0,277.7
2009,09,10,1,277.9
2009,09,10,2,277.8
2009,09,10,3,277.1
2009,09,10,4,277.5
2009,09,10,5,278.0
2009,09,10,6,278.5
2009,09,10,7,278.1
2009,09,11,0,276.8
2009,09,11,1,276.4
2009,09,11,2,276.8
2009,09,11,3,277.7
2009,09,11,4,279.1
2009,09,11,5,279.1
2009,09,11,6,278.5
2009,09,11,7,277.7
2009,09,12,0,277.6
2009,09,12,1,276.8
2009,09,12,2,277.6
2009,09,12,3,277.8
2009,09,12,4,277.7
2009,09,12,5,278.4
2009,09,12,6,278.1
2009,09,12,7,277.4
2009,09,13,0,278.0
2009,09,13,1,277.7
2009,09,13,2,277.8
2009,09,13,3,277.5
2009,09,13,4,277.7
2009,09,13,5,277.3
2009,09,13,6,277.1
2009,09,13,7,277.3
2009,09,14,0,276.9
2009,09,14,1,276.6
2009,09,14,2,276.0
2009,09,14,3,275.7
2009,09,14,4,275.5
2009,09,14,5,275.3
2009,09,14,6,275.8
2009,09,14,7,276.4
2009,09,15,0,276.0
2009,09,15,1,275.7
2009,09,15,2,277.4
2009,09,15,3,278.2
2009,09,15,4,278.0
2009,09,15,5,277.1
2009,09,15,6,277.3
2009,09,15,7,277.9
2009,09,16,0,277.8
2009,09,16,1,278.3
2009,09,16,2,278.8
2009,09,16,3,280.6
2009,09,16,4,281.2
2009,09,16,5,280.2
2009,09,16,6,280.0
2009,09,16,7,280.1
2009,09,17,0,279.3
2009,09,17,1,278.7
2009,09,17,2,279.2
2009,09,17,3,279.1
2009,09,17,4,278.7
2009,09,17,5,278.9
2009,09,17,6,278.9
2009,09,17,7,278.8
2009,09,18,0,277.4
2009,09,18,1,274.8
2009,09,18,2,276.0
2009,09,18,3,279.4
2009,09,18,4,281.9
2009,09,18,5,281.8
2009,09,18,6,281.3
2009,09,18,7,280.6
2009,09,19,0,280.0
2009,09,19,1,280.3
2009,09,19,2,280.3
2009,09,19,3,279.7
2009,09,19,4,279.6
2009,09,19,5,279.7
2009,09,19,6,279.2
2009,09,19,7,280.1
2009,09,20,0,280.6
2009,09,20,1,280.6
2009,09,20,2,280.3
2009,09,20,3,280.5
2009,09,20,4,281.0
2009,09,20,5,281.1
2009,09,20,6,281.2
2009,09,20,7,281.5
2009,09,21,0,280.9
2009,09,21,1,279.8
2009,09,21,2,279.6
2009,09,21,3,279.8
2009,09,21,4,280.0
2009,09,21,5,280.0
2009,09,21,6,279.2
2009,09,21,7,278.8
2009,09,22,0,277.6
2009,09,22,1,276.6
2009,09,22,2,276.3
2009,09,22,3,276.9
2009,09,22,4,279.7
2009,09,22,5,280.6
2009,09,22,6,280.6
2009,09,22,7,280.8
2009,09,23,0,281.2
2009,09,23,1,281.1
2009,09,23,2,282.7
2009,09,23,3,283.8
2009,09,23,4,283.6
2009,09,23,5,284.6
2009,09,23,6,285.3
2009,09,23,7,285.4
2009,09,24,0,284.5
2009,09,24,1,284.1
2009,09,24,2,284.9
2009,09,24,3,284.9
2009,09,24,4,284.0
2009,09,24,5,283.7
2009,09,24,6,283.4
2009,09,24,7,282.7
2009,09,25,0,281.4
2009,09,25,1,281.5
2009,09,25,2,282.0
2009,09,25,3,282.1
2009,09,25,4,279.8
2009,09,25,5,279.8
2009,09,25,6,279.8
2009,09,25,7,279.9
2009,09,26,0,279.6
2009,09,26,1,279.4
2009,09,26,2,279.6
2009,09,26,3,278.5
2009,09,26,4,278.3
2009,09,26,5,279.2
2009,09,26,6,278.6
2009,09,26,7,278.1
2009,09,27,0,278.7
2009,09,27,1,278.8
2009,09,27,2,278.7
2009,09,27,3,278.6
2009,09,27,4,278.5
2009,09,27,5,278.7
2009,09,27,6,278.0
2009,09,27,7,278.2
2009,09,28,0,279.1
2009,09,28,1,279.0
2009,09,28,2,278.7
2009,09,28,3,278.8
2009,09,28,4,278.9
2009,09,28,5,278.9
2009,09,28,6,279.0
2009,09,28,7,279.4
2009,09,29,0,278.1
2009,09,29,1,277.9
2009,09,29,2,278.7
2009,09,29,3,278.0
2009,09,29,4,278.5
2009,09,29,5,278.5
2009,09,29,6,279.0
2009,09,29,7,279.3
2009,09,30,0,281.5
2009,09,30,1,282.9
2009,09,30,2,282.7
2009,09,30,3,282.2
2009,09,30,4,281.5
2009,09,30,5,280.3
2009,09,30,6,280.6
2009,09,30,7,280.4
2009,09,1,0,280.3
2009,09,1,1,279.8
2009,09,1,2,280.0
2009,09,1,3,279.5
2009,09,1,4,278.7
2009,09,1,5,277.7
2009,09,1,6,277.5
2009,09,1,7,277.0
2009,09,2,0,275.1
2009,09,2,1,273.5
2009,09,2,2,272.7
2009,09,2,3,276.3
2009,09,2,4,272.5
2009,09,2,5,274.5
2009,09,2,6,277.7
2009,09,2,7,277.9
2009,09,3,0,277.2
2009,09,3,1,274.5
2009,09,3,2,273.9
2009,09,3,3,275.0
2009,09,3,4,275.6
2009,09,3,5,277.0
2009,09,3,6,277.0
2009,09,3,7,276.8
2009,09,4,0,277.2
2009,09,4,1,277.7
2009,09,4,2,277.2
2009,09,4,3,276.6
2009,09,4,4,276.6
2009,09,4,5,276.8
2009,09,4,6,277.0
2009,09,4,7,276.4
2009,09,5,0,276.2
2009,09,5,1,276.5
2009,09,5,2,276.7
2009,09,5,3,276.6
2009,09,5,4,276.4
2009,09,5,5,277.1
2009,09,5,6,277.3
2009,09,5,7,277.5
2009,09,6,0,277.5
2009,09,6,1,277.3
2009,09,6,2,277.2
2009,09,6,3,277.2
2009,09,6,4,277.1
2009,09,6,5,276.9
2009,09,6,6,277.0
2009,09,6,7,277.2
2009,09,7,0,277.4
2009,09,7,1,277.0
2009,09,7,2,276.9
2009,09,7,3,276.8
2009,09,7,4,277.0
2009,09,7,5,277.2
2009,09,7,6,277.0
2009,09,7,7,276.4
2009,09,8,0,276.3
2009,09,8,1,276.0
2009,09,8,2,276.0
2009,09,8,3,276.0
2009,09,8,4,276.0
2009,09,8,5,276.5
2009,09,8,6,275.2
2009,09,8,7,276.3
2009,09,9,0,278.2
2009,09,9,1,278.1
2009,09,9,2,278.2
2009,09,9,3,276.9
2009,09,9,4,277.2
2009,09,9,5,279.2
2009,09,9,6,278.5
2009,09,9,7,279.0
2009,09,10,0,278.2
2009,09,10,1,278.2
2009,09,10,2,280.5
2009,09,10,3,279.6
2009,09,10,4,279.2
2009,09,10,5,279.6
2009,09,10,6,280.7
2009,09,10,7,281.3
2009,09,11,0,282.0
2009,09,11,1,282.4
2009,09,11,2,282.5
2009,09,11,3,282.6
2009,09,11,4,282.8
2009,09,11,5,283.3
2009,09,11,6,282.2
2009,09,11,7,280.7
2009,09,12,0,278.6
2009,09,12,1,279.5
2009,09,12,2,279.7
2009,09,12,3,279.2
2009,09,12,4,279.6
2009,09,12,5,280.4
2009,09,12,6,279.5
2009,09,12,7,280.2
2009,09,13,0,279.7
2009,09,13,1,281.3
2009,09,13,2,281.8
2009,09,13,3,281.5
2009,09,13,4,281.4
2009,09,13,5,282.1
2009,09,13,6,280.5
2009,09,13,7,282.2
2009,09,14,0,282.4
2009,09,14,1,282.5
2009,09,14,2,282.4
2009,09,14,3,282.1
2009,09,14,4,282.3
2009,09,14,5,282.4
2009,09,14,6,281.8
2009,09,14,7,281.2
2009,09,15,0,280.8
2009,09,15,1,280.5
2009,09,15,2,280.4
2009,09,15,3,280.3
2009,09,15,4,280.9
2009,09,15,5,280.8
2009,09,15,6,280.5
2009,09,15,7,280.3
2009,09,16,0,279.4
2009,09,16,1,277.9
2009,09,16,2,277.8
2009,09,16,3,278.1
2009,09,16,4,278.9
2009,09,16,5,279.0
2009,09,16,6,280.3
2009,09,16,7,281.4
2009,09,17,0,281.8
2009,09,17,1,281.7
2009,09,17,2,282.5
2009,09,17,3,282.8
2009,09,17,4,283.1
2009,09,17,5,283.4
2009,09,17,6,283.4
2009,09,17,7,282.3
2009,09,18,0,282.4
2009,09,18,1,282.5
2009,09,18,2,282.4
2009,09,18,3,281.9
2009,09,18,4,281.6
2009,09,18,5,281.2
2009,09,18,6,280.7
2009,09,18,7,279.7
2009,09,19,0,279.1
2009,09,19,1,278.8
2009,09,19,2,278.5
2009,09,19,3,277.8
2009,09,19,4,276.9
2009,09,19,5,276.5
2009,09,19,6,276.9
2009,09,19,7,276.5
2009,09,20,0,276.8
2009,09,20,1,276.4
2009,09,20,2,272.7
2009,09,20,3,272.9
2009,09,20,4,275.8
2009,09,20,5,273.9
2009,09,20,6,276.4
2009,09,20,7,277.9
2009,09,21,0,278.0
2009,09,21,1,280.6
2009,09,21,2,282.8
2009,09,21,3,282.6
2009,09,21,4,284.4
2009,09,21,5,283.5
2009,09,21,6,282.9
2009,09,21,7,283.0
2009,09,22,0,285.1
2009,09,22,1,285.4
2009,09,22,2,285.8
2009,09,22,3,285.9
2009,09,22,4,285.2
2009,09,22,5,284.9
2009,09,22,6,285.8
2009,09,22,7,284.9
2009,09,23,0,284.4
2009,09,23,1,284.1
2009,09,23,2,284.9
2009,09,23,3,285.4
2009,09,23,4,283.6
2009,09,23,5,283.9
2009,09,23,6,283.9
2009,09,23,7,283.7
2009,09,24,0,282.7
2009,09,24,1,283.1
2009,09,24,2,283.1
2009,09,24,3,282.0
2009,09,24,4,281.8
2009,09,24,5,281.9
2009,09,24,6,281.5
2009,09,24,7,281.5
2009,09,25,0,280.8
2009,09,25,1,280.3
2009,09,25,2,280.9
2009,09,25,3,281.6
2009,09,25,4,281.6
2009,09,25,5,281.5
2009,09,25,6,282.1
2009,09,25,7,282.1
2009,09,26,0,282.5
2009,09,26,1,281.9
2009,09,26,2,281.6
2009,09,26,3,282.4
2009,09,26,4,283.3
2009,09,26,5,283.3
2009,09,26,6,282.6
2009,09,26,7,281.2
2009,09,27,0,281.8
2009,09,27,1,282.2
2009,09,27,2,283.0
2009,09,27,3,282.7
2009,09,27,4,283.5
2009,09,27,5,283.5
2009,09,27,6,282.4
2009,09,27,7,282.3
2009,09,28,0,282.2
2009,09,28,1,281.4
2009,09,28,2,281.7
2009,09,28,3,283.2
2009,09,28,4,282.4
2009,09,28,5,283.0
2009,09,28,6,283.4
2009,09,28,7,283.7
2009,09,29,0,284.0
2009,09,29,1,283.5
2009,09,29,2,282.6
2009,09,29,3,282.4
2009,09,29,4,282.1
2009,09,29,5,282.0
2009,09,29,6,282.5
2009,09,29,7,282.1
2009,09,30,0,280.9
2009,09,30,1,282.1
2009,09,30,2,281.1
2009,09,30,3,281.5
2009,09,30,4,281.5
2009,09,30,5,281.5
2009,09,30,6,281.4
2009,09,30,7,280.6
2009,09,31,0,281.3
2009,09,31,1,281.8
2009,09,31,2,281.3
2009,09,31,3,280.8
2009,09,31,4,280.7
2009,09,31,5,280.6
2009,09,31,6,280.6
2009,09,31,7,280.9
2009,09,1,0,281.0
2009,09,1,1,280.7
2009,09,1,2,280.8
2009,09,1,3,281.2
2009,09,1,4,281.5
2009,09,1,5,280.8
2009,09,1,6,281.5
2009,09,1,7,281.8
2009,09,2,0,281.7
2009,09,2,1,280.6
2009,09,2,2,279.8
2009,09,2,3,279.8
2009,09,2,4,280.6
2009,09,2,5,281.0
2009,09,2,6,281.1
2009,09,2,7,281.2
2009,09,3,0,282.1
2009,09,3,1,282.1
2009,09,3,2,281.5
2009,09,3,3,280.0
2009,09,3,4,281.5
2009,09,3,5,280.5
2009,09,3,6,279.4
2009,09,3,7,279.2
2009,09,4,0,279.6
2009,09,4,1,279.5
2009,09,4,2,279.0
2009,09,4,3,278.5
2009,09,4,4,278.7
2009,09,4,5,279.3
2009,09,4,6,279.8
2009,09,4,7,279.3
2009,09,5,0,279.4
2009,09,5,1,275.8
2009,09,5,2,276.0
2009,09,5,3,278.3
2009,09,5,4,280.8
2009,09,5,5,281.0
2009,09,5,6,280.5
2009,09,5,7,281.0
2009,09,6,0,281.2
2009,09,6,1,281.4
2009,09,6,2,282.0
2009,09,6,3,282.0
2009,09,6,4,282.4
2009,09,6,5,281.2
2009,09,6,6,280.0
2009,09,6,7,278.6
2009,09,7,0,278.0
2009,09,7,1,277.8
2009,09,7,2,278.4
2009,09,7,3,280.0
2009,09,7,4,280.8
2009,09,7,5,280.1
2009,09,7,6,277.3
2009,09,7,7,278.2
2009,09,8,0,280.2
2009,09,8,1,281.3
2009,09,8,2,282.0
2009,09,8,3,282.9
2009,09,8,4,284.6
2009,09,8,5,285.1
2009,09,8,6,284.9
2009,09,8,7,284.7
2009,09,9,0,284.8
2009,09,9,1,284.6
2009,09,9,2,283.9
2009,09,9,3,283.3
2009,09,9,4,283.8
2009,09,9,5,284.6
2009,09,9,6,284.5
2009,09,9,7,283.4
2009,09,10,0,283.9
2009,09,10,1,284.5
2009,09,10,2,284.3
2009,09,10,3,283.5
2009,09,10,4,283.6
2009,09,10,5,284.4
2009,09,10,6,284.1
2009,09,10,7,281.2
2009,09,11,0,276.8
2009,09,11,1,275.1
2009,09,11,2,275.9
2009,09,11,3,281.0
2009,09,11,4,281.7
2009,09,11,5,280.5
2009,09,11,6,278.5
2009,09,11,7,277.6
2009,09,12,0,279.4
2009,09,12,1,279.4
2009,09,12,2,277.7
2009,09,12,3,277.4
2009,09,12,4,279.4
2009,09,12,5,280.8
2009,09,12,6,281.0
2009,09,12,7,281.2
2009,09,13,0,281.0
2009,09,13,1,281.0
2009,09,13,2,279.9
2009,09,13,3,280.1
2009,09,13,4,280.0
2009,09,13,5,280.0
2009,09,13,6,282.5
2009,09,13,7,283.1
2009,09,14,0,280.7
2009,09,14,1,280.2
2009,09,14,2,279.7
2009,09,14,3,279.8
2009,09,14,4,280.2
2009,09,14,5,279.9
2009,09,14,6,279.9
2009,09,14,7,279.6
2009,09,15,0,279.4
2009,09,15,1,278.9
2009,09,15,2,279.4
2009,09,15,3,279.8
2009,09,15,4,280.1
2009,09,15,5,281.2
2009,09,15,6,282.3
2009,09,15,7,282.4
2009,09,16,0,281.5
2009,09,16,1,280.2
2009,09,16,2,279.6
2009,09,16,3,279.5
2009,09,16,4,279.6
2009,09,16,5,279.4
2009,09,16,6,279.7
2009,09,16,7,280.3
2009,09,17,0,281.0
2009,09,17,1,280.5
2009,09,17,2,280.4
2009,09,17,3,280.5
2009,09,17,4,280.8
2009,09,17,5,281.2
2009,09,17,6,281.1
2009,09,17,7,281.0
2009,09,18,0,279.7
2009,09,18,1,279.4
2009,09,18,2,278.4
2009,09,18,3,278.0
2009,09,18,4,279.4
2009,09,18,5,279.6
2009,09,18,6,279.0
2009,09,18,7,278.9
2009,09,19,0,278.6
2009,09,19,1,278.1
2009,09,19,2,278.3
2009,09,19,3,277.9
2009,09,19,4,277.7
2009,09,19,5,278.3
2009,09,19,6,278.5
2009,09,19,7,277.5
2009,09,20,0,277.5
2009,09,20,1,277.2
2009,09,20,2,277.3
2009,09,20,3,277.1
2009,09,20,4,277.1
2009,09,20,5,277.5
2009,09,20,6,278.3
2009,09,20,7,278.2
2009,09,21,0,278.6
2009,09,21,1,278.9
2009,09,21,2,278.8
2009,09,21,3,278.5
2009,09,21,4,278.7
2009,09,21,5,279.2
2009,09,21,6,279.4
2009,09,21,7,278.8
2009,09,22,0,280.0
2009,09,22,1,280.2
2009,09,22,2,281.3
2009,09,22,3,282.0
2009,09,22,4,282.2
2009,09,22,5,281.7
2009,09,22,6,281.4
2009,09,22,7,281.6
2009,09,23,0,280.9
2009,09,23,1,280.3
2009,09,23,2,279.3
2009,09,23,3,279.2
2009,09,23,4,279.6
2009,09,23,5,279.9
2009,09,23,6,279.5
2009,09,23,7,279.4
2009,09,24,0,280.1
2009,09,24,1,280.2
2009,09,24,2,279.7
2009,09,24,3,279.2
2009,09,24,4,278.7
2009,09,24,5,278.8
2009,09,24,6,279.2
2009,09,24,7,278.2
2009,09,25,0,278.2
2009,09,25,1,278.7
2009,09,25,2,278.9
2009,09,25,3,278.7
2009,09,25,4,278.9
2009,09,25,5,278.4
2009,09,25,6,278.0
2009,09,25,7,278.0
2009,09,26,0,278.5
2009,09,26,1,278.7
2009,09,26,2,278.3
2009,09,26,3,277.9
2009,09,26,4,277.6
2009,09,26,5,277.4
2009,09,26,6,277.2
2009,09,26,7,276.9
2009,09,27,0,277.4
2009,09,27,1,277.7
2009,09,27,2,277.1
2009,09,27,3,276.9
2009,09,27,4,276.7
2009,09,27,5,277.4
2009,09,27,6,277.5
2009,09,27,7,277.0
2009,09,28,0,277.1
2009,09,28,1,277.0
2009,09,28,2,276.7
2009,09,28,3,276.4
2009,09,28,4,276.7
2009,09,28,5,277.2
2009,09,28,6,277.8
2009,09,28,7,277.4
2009,09,29,0,277.3
2009,09,29,1,277.5
2009,09,29,2,277.7
2009,09,29,3,277.6
2009,09,29,4,278.7
2009,09,29,5,279.6
2009,09,29,6,280.1
2009,09,29,7,279.5
2009,09,30,0,279.8
2009,09,30,1,279.5
2009,09,30,2,279.2
2009,09,30,3,279.4
2009,09,30,4,280.0
2009,09,30,5,280.5
2009,09,30,6,281.6
2009,09,30,7,282.6
2009,09,31,0,283.5
2009,09,31,1,283.5
2009,09,31,2,282.8
2009,09,31,3,281.6
2009,09,31,4,280.1
2009,09,31,5,279.6
2009,09,31,6,279.4
2009,09,31,7,279.6
2009,09,1,0,279.5
2009,09,1,1,279.2
2009,09,1,2,277.0
2009,09,1,3,276.6
2009,09,1,4,277.0
2009,09,1,5,277.6
2009,09,1,6,277.1
2009,09,1,7,278.3
2009,09,2,0,278.7
2009,09,2,1,279.0
2009,09,2,2,279.2
2009,09,2,3,279.2
2009,09,2,4,278.8
2009,09,2,5,276.4
2009,09,2,6,278.6
2009,09,2,7,278.7
2009,09,3,0,278.8
2009,09,3,1,279.0
2009,09,3,2,279.0
2009,09,3,3,282.4
2009,09,3,4,283.9
2009,09,3,5,284.4
2009,09,3,6,284.0
2009,09,3,7,282.2
2009,09,4,0,281.4
2009,09,4,1,281.2
2009,09,4,2,280.7
2009,09,4,3,280.1
2009,09,4,4,280.0
2009,09,4,5,280.2
2009,09,4,6,280.2
2009,09,4,7,280.1
2009,09,5,0,280.8
2009,09,5,1,280.5
2009,09,5,2,280.2
2009,09,5,3,280.4
2009,09,5,4,280.0
2009,09,5,5,280.8
2009,09,5,6,280.4
2009,09,5,7,279.7
2009,09,6,0,279.7
2009,09,6,1,280.1
2009,09,6,2,280.2
2009,09,6,3,279.9
2009,09,6,4,279.8
2009,09,6,5,280.5
2009,09,6,6,280.7
2009,09,6,7,280.5
2009,09,7,0,280.7
2009,09,7,1,280.4
2009,09,7,2,281.3
2009,09,7,3,281.0
2009,09,7,4,280.7
2009,09,7,5,280.3
2009,09,7,6,280.6
2009,09,7,7,280.5
2009,09,8,0,281.0
2009,09,8,1,280.9
2009,09,8,2,280.8
2009,09,8,3,280.7
2009,09,8,4,280.6
2009,09,8,5,281.1
2009,09,8,6,281.9
2009,09,8,7,282.0
2009,09,9,0,281.5
2009,09,9,1,280.9
2009,09,9,2,280.4
2009,09,9,3,281.9
2009,09,9,4,282.8
2009,09,9,5,282.5
2009,09,9,6,282.3
2009,09,9,7,282.5
2009,09,10,0,282.7
2009,09,10,1,282.8
2009,09,10,2,282.9
2009,09,10,3,282.9
2009,09,10,4,283.1
2009,09,10,5,283.3
2009,09,10,6,282.6
2009,09,10,7,282.5
2009,09,11,0,283.2
2009,09,11,1,283.9
2009,09,11,2,283.4
2009,09,11,3,282.8
2009,09,11,4,283.6
2009,09,11,5,284.2
2009,09,11,6,284.1
2009,09,11,7,284.8
2009,09,12,0,283.1
2009,09,12,1,285.6
2009,09,12,2,282.5
2009,09,12,3,283.3
2009,09,12,4,283.5
2009,09,12,5,283.4
2009,09,12,6,283.7
2009,09,12,7,283.3
2009,09,13,0,283.7
2009,09,13,1,282.3
2009,09,13,2,281.7
2009,09,13,3,281.6
2009,09,13,4,282.2
2009,09,13,5,282.7
2009,09,13,6,282.5
2009,09,13,7,282.3
2009,09,14,0,281.1
2009,09,14,1,280.5
2009,09,14,2,280.5
2009,09,14,3,280.6
2009,09,14,4,280.8
2009,09,14,5,281.0
2009,09,14,6,280.8
2009,09,14,7,279.0
2009,09,15,0,279.2
2009,09,15,1,279.5
2009,09,15,2,279.2
2009,09,15,3,279.5
2009,09,15,4,279.7
2009,09,15,5,279.7
2009,09,15,6,278.4
2009,09,15,7,278.5
2009,09,16,0,279.2
2009,09,16,1,278.8
2009,09,16,2,277.0
2009,09,16,3,279.8
2009,09,16,4,280.6
2009,09,16,5,279.7
2009,09,16,6,278.4
2009,09,16,7,280.2
2009,09,17,0,282.7
2009,09,17,1,282.4
2009,09,17,2,282.5
2009,09,17,3,282.1
2009,09,17,4,281.4
2009,09,17,5,282.7
2009,09,17,6,282.9
2009,09,17,7,282.2
2009,09,18,0,281.9
2009,09,18,1,282.0
2009,09,18,2,280.9
2009,09,18,3,280.3
2009,09,18,4,280.2
2009,09,18,5,280.7
2009,09,18,6,280.2
2009,09,18,7,280.7
2009,09,19,0,281.2
2009,09,19,1,281.4
2009,09,19,2,281.7
2009,09,19,3,281.6
2009,09,19,4,282.0
2009,09,19,5,282.2
2009,09,19,6,281.4
2009,09,19,7,281.7
2009,09,20,0,281.5
2009,09,20,1,281.5
2009,09,20,2,281.3
2009,09,20,3,281.3
2009,09,20,4,281.4
2009,09,20,5,282.1
2009,09,20,6,281.5
2009,09,20,7,281.6
2009,09,21,0,281.9
2009,09,21,1,282.3
2009,09,21,2,282.0
2009,09,21,3,281.3
2009,09,21,4,281.6
2009,09,21,5,281.7
2009,09,21,6,281.1
2009,09,21,7,281.4
2009,09,22,0,281.9
2009,09,22,1,281.1
2009,09,22,2,280.2
2009,09,22,3,279.6
2009,09,22,4,281.0
2009,09,22,5,281.6
2009,09,22,6,281.3
2009,09,22,7,280.8
2009,09,23,0,280.8
2009,09,23,1,281.5
2009,09,23,2,281.0
2009,09,23,3,280.9
2009,09,23,4,281.3
2009,09,23,5,281.6
2009,09,23,6,281.7
2009,09,23,7,280.8
2009,09,24,0,282.1
2009,09,24,1,282.6
2009,09,24,2,281.0
2009,09,24,3,280.9
2009,09,24,4,280.7
2009,09,24,5,280.7
2009,09,24,6,281.0
2009,09,24,7,280.7
2009,09,25,0,281.3
2009,09,25,1,281.0
2009,09,25,2,280.0
2009,09,25,3,279.5
2009,09,25,4,280.2
2009,09,25,5,280.6
2009,09,25,6,279.1
2009,09,25,7,280.1
2009,09,26,0,284.5
2009,09,26,1,285.7
2009,09,26,2,286.4
2009,09,26,3,285.1
2009,09,26,4,283.0
2009,09,26,5,281.8
2009,09,26,6,281.2
2009,09,26,7,281.9
2009,09,27,0,282.6
2009,09,27,1,281.3
2009,09,27,2,281.1
2009,09,27,3,282.5
2009,09,27,4,283.9
2009,09,27,5,283.6
2009,09,27,6,282.7
2009,09,27,7,282.0
2009,09,28,0,282.3
2009,09,28,1,281.8
2009,09,28,2,281.0
2009,09,28,3,280.8
2009,09,28,4,282.1
2009,09,28,5,282.6
2009,09,28,6,283.0
2009,09,28,7,282.6
2009,09,29,0,281.8
2009,09,29,1,281.3
2009,09,29,2,281.1
2009,09,29,3,280.1
2009,09,29,4,279.9
2009,09,29,5,280.3
2009,09,29,6,280.8
2009,09,29,7,280.3
2009,09,30,0,281.0
2009,09,30,1,280.7
2009,09,30,2,283.2
2009,09,30,3,280.9
2009,09,30,4,280.1
2009,09,30,5,280.8
2009,09,30,6,280.4
2009,09,30,7,280.7
2009,09,1,0,281.8
2009,09,1,1,281.3
2009,09,1,2,281.2
2009,09,1,3,281.3
2009,09,1,4,280.8
2009,09,1,5,280.8
2009,09,1,6,280.8
2009,09,1,7,281.4
2009,09,2,0,282.0
2009,09,2,1,282.0
2009,09,2,2,281.8
2009,09,2,3,282.0
2009,09,2,4,282.1
2009,09,2,5,282.0
2009,09,2,6,281.9
2009,09,2,7,281.5
2009,09,3,0,281.8
2009,09,3,1,281.6
2009,09,3,2,280.9
2009,09,3,3,280.4
2009,09,3,4,280.6
2009,09,3,5,280.8
2009,09,3,6,280.1
2009,09,3,7,279.6
2009,09,4,0,280.4
2009,09,4,1,279.3
2009,09,4,2,279.2
2009,09,4,3,279.5
2009,09,4,4,280.5
2009,09,4,5,281.3
2009,09,4,6,280.4
2009,09,4,7,280.1
2009,09,5,0,279.8
2009,09,5,1,279.9
2009,09,5,2,278.9
2009,09,5,3,279.6
2009,09,5,4,280.6
2009,09,5,5,281.3
2009,09,5,6,281.0
2009,09,5,7,281.9
2009,09,6,0,281.8
2009,09,6,1,281.6
2009,09,6,2,281.3
2009,09,6,3,281.2
2009,09,6,4,281.2
2009,09,6,5,281.7
2009,09,6,6,282.3
2009,09,6,7,282.4
2009,09,7,0,282.6
2009,09,7,1,282.6
2009,09,7,2,282.2
2009,09,7,3,281.2
2009,09,7,4,281.1
2009,09,7,5,280.8
2009,09,7,6,280.3
2009,09,7,7,279.8
2009,09,8,0,279.4
2009,09,8,1,280.8
2009,09,8,2,280.5
2009,09,8,3,280.5
2009,09,8,4,280.5
2009,09,8,5,280.5
2009,09,8,6,280.1
2009,09,8,7,279.9
2009,09,9,0,280.2
2009,09,9,1,280.1
2009,09,9,2,279.9
2009,09,9,3,279.8
2009,09,9,4,279.9
2009,09,9,5,279.8
2009,09,9,6,280.2
2009,09,9,7,279.7
2009,09,10,0,279.5
2009,09,10,1,279.4
2009,09,10,2,279.1
2009,09,10,3,279.4
2009,09,10,4,279.1
2009,09,10,5,278.8
2009,09,10,6,278.5
2009,09,10,7,278.7
2009,09,11,0,279.1
2009,09,11,1,279.1
2009,09,11,2,279.0
2009,09,11,3,278.8
2009,09,11,4,278.4
2009,09,11,5,278.1
2009,09,11,6,278.2
2009,09,11,7,278.9
2009,09,12,0,278.7
2009,09,12,1,279.2
2009,09,12,2,279.0
2009,09,12,3,278.6
2009,09,12,4,278.4
2009,09,12,5,281.0
2009,09,12,6,279.4
2009,09,12,7,281.6
2009,09,13,0,280.1
2009,09,13,1,282.0
2009,09,13,2,282.4
2009,09,13,3,280.6
2009,09,13,4,281.7
2009,09,13,5,282.4
2009,09,13,6,279.8
2009,09,13,7,280.3
2009,09,14,0,281.3
2009,09,14,1,280.8
2009,09,14,2,280.6
2009,09,14,3,280.3
2009,09,14,4,281.1
2009,09,14,5,281.4
2009,09,14,6,281.3
2009,09,14,7,281.2
2009,09,15,0,281.6
2009,09,15,1,281.0
2009,09,15,2,281.0
2009,09,15,3,281.1
2009,09,15,4,280.9
2009,09,15,5,280.9
2009,09,15,6,280.9
2009,09,15,7,280.1
2009,09,16,0,279.6
2009,09,16,1,280.7
2009,09,16,2,280.3
2009,09,16,3,280.0
2009,09,16,4,279.8
2009,09,16,5,281.2
2009,09,16,6,281.6
2009,09,16,7,281.2
2009,09,17,0,280.8
2009,09,17,1,281.4
2009,09,17,2,281.6
2009,09,17,3,280.7
2009,09,17,4,281.8
2009,09,17,5,280.6
2009,09,17,6,281.8
2009,09,17,7,281.5
2009,09,18,0,281.1
2009,09,18,1,280.7
2009,09,18,2,280.6
2009,09,18,3,280.5
2009,09,18,4,281.0
2009,09,18,5,282.1
2009,09,18,6,282.7
2009,09,18,7,281.6
2009,09,19,0,280.9
2009,09,19,1,280.7
2009,09,19,2,280.9
2009,09,19,3,281.7
2009,09,19,4,281.8
2009,09,19,5,281.6
2009,09,19,6,281.5
2009,09,19,7,281.7
2009,09,20,0,281.6
2009,09,20,1,280.5
2009,09,20,2,280.8
2009,09,20,3,281.4
2009,09,20,4,283.1
2009,09,20,5,281.7
2009,09,20,6,281.7
2009,09,20,7,281.5
2009,09,21,0,281.6
2009,09,21,1,281.6
2009,09,21,2,281.5
2009,09,21,3,281.4
2009,09,21,4,281.7
2009,09,21,5,281.8
2009,09,21,6,281.8
2009,09,21,7,282.2
2009,09,22,0,282.4
2009,09,22,1,282.0
2009,09,22,2,282.3
2009,09,22,3,282.3
2009,09,22,4,282.2
2009,09,22,5,281.3
2009,09,22,6,280.9
2009,09,22,7,282.3
2009,09,23,0,281.9
2009,09,23,1,281.5
2009,09,23,2,281.2
2009,09,23,3,282.1
2009,09,23,4,281.4
2009,09,23,5,282.0
2009,09,23,6,282.1
2009,09,23,7,281.0
2009,09,24,0,282.3
2009,09,24,1,282.6
2009,09,24,2,282.3
2009,09,24,3,282.1
2009,09,24,4,283.2
2009,09,24,5,282.8
2009,09,24,6,282.5
2009,09,24,7,281.6
2009,09,25,0,281.9
2009,09,25,1,283.3
2009,09,25,2,282.8
2009,09,25,3,282.5
2009,09,25,4,282.4
2009,09,25,5,282.9
2009,09,25,6,282.2
2009,09,25,7,282.2
2009,09,26,0,280.4
2009,09,26,1,281.6
2009,09,26,2,281.0
2009,09,26,3,281.0
2009,09,26,4,281.8
2009,09,26,5,282.1
2009,09,26,6,281.1
2009,09,26,7,280.7
2009,09,27,0,280.8
2009,09,27,1,280.1
2009,09,27,2,279.8
2009,09,27,3,279.2
2009,09,27,4,279.1
2009,09,27,5,279.9
2009,09,27,6,280.2
2009,09,27,7,279.8
2009,09,28,0,280.1
2009,09,28,1,279.6
2009,09,28,2,280.6
2009,09,28,3,279.8
2009,09,28,4,280.2
2009,09,28,5,280.3
2009,09,28,6,280.5
2009,09,28,7,280.5
2009,09,29,0,280.1
2009,09,29,1,280.9
2009,09,29,2,281.1
2009,09,29,3,280.5
2009,09,29,4,280.5
2009,09,29,5,280.5
2009,09,29,6,280.4
2009,09,29,7,280.7
2009,09,30,0,280.6
2009,09,30,1,281.1
2009,09,30,2,280.7
2009,09,30,3,280.2
2009,09,30,4,279.3
2009,09,30,5,279.2
2009,09,30,6,279.8
2009,09,30,7,280.2
2009,09,31,0,280.5
2009,09,31,1,280.9
2009,09,31,2,280.3
2009,09,31,3,280.4
2009,09,31,4,279.2
2009,09,31,5,279.4
2009,09,31,6,280.8
2009,09,31,7,280.6
2009,09,1,0,280.4
2009,09,1,1,280.2
2009,09,1,2,279.7
2009,09,1,3,280.1
2009,09,1,4,281.7
2009,09,1,5,280.4
2009,09,1,6,280.3
2009,09,1,7,281.1
2009,09,2,0,281.3
2009,09,2,1,280.1
2009,09,2,2,281.1
2009,09,2,3,281.2
2009,09,2,4,281.5
2009,09,2,5,282.0
2009,09,2,6,282.0
2009,09,2,7,281.9
2009,09,3,0,282.4
2009,09,3,1,281.9
2009,09,3,2,282.2
2009,09,3,3,282.5
2009,09,3,4,281.7
2009,09,3,5,281.6
2009,09,3,6,281.6
2009,09,3,7,282.1
2009,09,4,0,282.4
2009,09,4,1,281.6
2009,09,4,2,281.3
2009,09,4,3,281.0
2009,09,4,4,281.2
2009,09,4,5,281.4
2009,09,4,6,281.9
2009,09,4,7,282.0
2009,09,5,0,282.5
2009,09,5,1,282.8
2009,09,5,2,281.8
2009,09,5,3,282.4
2009,09,5,4,283.3
2009,09,5,5,283.7
2009,09,5,6,283.7
2009,09,5,7,283.5
2009,09,6,0,283.5
2009,09,6,1,283.5
2009,09,6,2,282.9
2009,09,6,3,282.1
2009,09,6,4,281.8
2009,09,6,5,281.7
2009,09,6,6,282.1
2009,09,6,7,281.8
2009,09,7,0,282.3
2009,09,7,1,282.5
2009,09,7,2,282.2
2009,09,7,3,281.8
2009,09,7,4,281.8
2009,09,7,5,282.1
2009,09,7,6,282.7
2009,09,7,7,282.7
2009,09,8,0,282.5
2009,09,8,1,282.4
2009,09,8,2,282.1
2009,09,8,3,282.2
2009,09,8,4,281.7
2009,09,8,5,282.8
2009,09,8,6,282.8
2009,09,8,7,282.5
2009,09,9,0,282.4
2009,09,9,1,282.4
2009,09,9,2,282.2
2009,09,9,3,282.1
2009,09,9,4,281.8
2009,09,9,5,281.8
2009,09,9,6,282.1
2009,09,9,7,282.4
2009,09,10,0,282.9
2009,09,10,1,283.1
2009,09,10,2,282.5
2009,09,10,3,281.8
2009,09,10,4,282.0
2009,09,10,5,282.6
2009,09,10,6,282.9
2009,09,10,7,282.9
2009,09,11,0,283.4
2009,09,11,1,283.7
2009,09,11,2,283.5
2009,09,11,3,283.3
2009,09,11,4,283.4
2009,09,11,5,283.8
2009,09,11,6,283.1
2009,09,11,7,283.1
2009,09,12,0,283.9
2009,09,12,1,284.2
2009,09,12,2,284.2
2009,09,12,3,283.5
2009,09,12,4,283.7
2009,09,12,5,283.7
2009,09,12,6,283.7
2009,09,12,7,283.5
2009,09,13,0,283.6
2009,09,13,1,284.4
2009,09,13,2,283.5
2009,09,13,3,282.9
2009,09,13,4,283.3
2009,09,13,5,283.7
2009,09,13,6,284.2
2009,09,13,7,284.6
2009,09,14,0,284.7
2009,09,14,1,284.7
2009,09,14,2,284.2
2009,09,14,3,284.8
2009,09,14,4,285.5
2009,09,14,5,286.0
2009,09,14,6,285.5
2009,09,14,7,285.0
2009,09,15,0,284.6
2009,09,15,1,284.0
2009,09,15,2,282.8
2009,09,15,3,283.6
2009,09,15,4,283.7
2009,09,15,5,284.1
2009,09,15,6,283.7
2009,09,15,7,283.9
2009,09,16,0,284.4
2009,09,16,1,283.6
2009,09,16,2,282.4
2009,09,16,3,283.2
2009,09,16,4,283.5
2009,09,16,5,284.4
2009,09,16,6,282.8
2009,09,16,7,282.1
2009,09,17,0,282.4
2009,09,17,1,281.0
2009,09,17,2,281.9
2009,09,17,3,282.0
2009,09,17,4,282.7
2009,09,17,5,282.5
2009,09,17,6,282.6
2009,09,17,7,283.1
2009,09,18,0,282.6
2009,09,18,1,281.4
2009,09,18,2,282.6
2009,09,18,3,282.1
2009,09,18,4,282.5
2009,09,18,5,283.2
2009,09,18,6,282.7
2009,09,18,7,282.8
2009,09,19,0,282.5
2009,09,19,1,282.2
2009,09,19,2,282.1
2009,09,19,3,282.3
2009,09,19,4,282.3
2009,09,19,5,282.8
2009,09,19,6,283.4
2009,09,19,7,283.4
2009,09,20,0,283.3
2009,09,20,1,282.8
2009,09,20,2,283.6
2009,09,20,3,284.0
2009,09,20,4,283.6
2009,09,20,5,283.1
2009,09,20,6,283.4
2009,09,20,7,283.4
2009,09,21,0,283.2
2009,09,21,1,283.0
2009,09,21,2,282.7
2009,09,21,3,282.5
2009,09,21,4,282.5
2009,09,21,5,282.4
2009,09,21,6,282.4
2009,09,21,7,282.5
2009,09,22,0,282.5
2009,09,22,1,282.6
2009,09,22,2,282.2
2009,09,22,3,281.7
2009,09,22,4,281.5
2009,09,22,5,281.6
2009,09,22,6,282.2
2009,09,22,7,282.7
2009,09,23,0,283.1
2009,09,23,1,283.0
2009,09,23,2,282.3
2009,09,23,3,282.1
2009,09,23,4,282.1
2009,09,23,5,281.8
2009,09,23,6,281.5
2009,09,23,7,281.4
2009,09,24,0,281.2
2009,09,24,1,281.3
2009,09,24,2,281.3
2009,09,24,3,281.4
2009,09,24,4,281.5
2009,09,24,5,281.2
2009,09,24,6,281.3
2009,09,24,7,281.6
2009,09,25,0,281.7
2009,09,25,1,282.3
2009,09,25,2,282.1
2009,09,25,3,281.7
2009,09,25,4,282.0
2009,09,25,5,282.1
2009,09,25,6,281.9
2009,09,25,7,280.7
2009,09,26,0,281.3
2009,09,26,1,281.4
2009,09,26,2,280.9
2009,09,26,3,281.6
2009,09,26,4,282.4
2009,09,26,5,283.0
2009,09,26,6,283.4
2009,09,26,7,283.3
2009,09,27,0,283.1
2009,09,27,1,282.9
2009,09,27,2,282.7
2009,09,27,3,282.9
2009,09,27,4,283.0
2009,09,27,5,283.0
2009,09,27,6,282.4
2009,09,27,7,282.3
2009,09,28,0,282.5
2009,09,28,1,282.2
2009,09,28,2,282.3
2009,09,28,3,282.2
2009,09,28,4,282.3
2009,09,28,5,283.0
2009,09,28,6,284.1
2009,09,28,7,281.5
2009,09,29,0,282.1
2009,09,29,1,282.4
2009,09,29,2,282.2
2009,09,29,3,281.9
2009,09,29,4,281.8
2009,09,29,5,282.0
2009,09,29,6,281.5
2009,09,29,7,281.7
2009,09,30,0,282.4
2009,09,30,1,282.9
2009,09,30,2,283.1
2009,09,30,3,282.5
2009,09,30,4,281.9
2009,09,30,5,281.8
2009,09,30,6,281.4
2009,09,30,7,282.5
2009,09,1,0,282.9
2009,09,1,1,283.0
2009,09,1,2,283.2
2009,09,1,3,283.0
2009,09,1,4,283.1
2009,09,1,5,283.4
2009,09,1,6,283.6
2009,09,1,7,284.3
2009,09,2,0,283.8
2009,09,2,1,282.7
2009,09,2,2,281.9
2009,09,2,3,281.7
2009,09,2,4,281.8
2009,09,2,5,282.1
2009,09,2,6,282.2
2009,09,2,7,282.2
2009,09,3,0,282.2
2009,09,3,1,281.8
2009,09,3,2,281.7
2009,09,3,3,281.9
2009,09,3,4,281.8
2009,09,3,5,282.0
2009,09,3,6,282.8
2009,09,3,7,282.1
2009,09,4,0,281.8
2009,09,4,1,281.2
2009,09,4,2,280.9
2009,09,4,3,280.4
2009,09,4,4,280.5
2009,09,4,5,280.8
2009,09,4,6,281.3
2009,09,4,7,281.9
2009,09,5,0,281.5
2009,09,5,1,281.5
2009,09,5,2,281.7
2009,09,5,3,281.4
2009,09,5,4,281.6
2009,09,5,5,282.0
2009,09,5,6,282.1
2009,09,5,7,282.0
2009,09,6,0,281.7
2009,09,6,1,281.8
2009,09,6,2,281.7
2009,09,6,3,281.4
2009,09,6,4,281.7
2009,09,6,5,281.8
2009,09,6,6,281.7
2009,09,6,7,281.5
2009,09,7,0,281.6
2009,09,7,1,282.2
2009,09,7,2,282.2
2009,09,7,3,282.7
2009,09,7,4,282.5
2009,09,7,5,282.8
2009,09,7,6,283.1
2009,09,7,7,282.9
2009,09,8,0,282.8
2009,09,8,1,283.2
2009,09,8,2,283.3
2009,09,8,3,282.9
2009,09,8,4,283.2
2009,09,8,5,283.9
2009,09,8,6,283.8
2009,09,8,7,283.4
2009,09,9,0,283.0
2009,09,9,1,282.6
2009,09,9,2,283.0
2009,09,9,3,283.4
2009,09,9,4,282.8
2009,09,9,5,282.8
2009,09,9,6,282.8
2009,09,9,7,282.5
2009,09,10,0,282.3
2009,09,10,1,281.6
2009,09,10,2,281.5
2009,09,10,3,281.9
2009,09,10,4,282.8
2009,09,10,5,283.4
2009,09,10,6,283.1
2009,09,10,7,282.7
2009,09,11,0,282.9
2009,09,11,1,283.8
2009,09,11,2,284.0
2009,09,11,3,284.2
2009,09,11,4,284.3
2009,09,11,5,284.7
2009,09,11,6,284.9
2009,09,11,7,284.9
2009,09,12,0,285.2
2009,09,12,1,285.2
2009,09,12,2,284.9
2009,09,12,3,284.5
2009,09,12,4,284.2
2009,09,12,5,284.3
2009,09,12,6,284.9
2009,09,12,7,284.9
2009,09,13,0,285.0
2009,09,13,1,284.7
2009,09,13,2,285.0
2009,09,13,3,285.6
2009,09,13,4,284.5
2009,09,13,5,284.4
2009,09,13,6,284.1
2009,09,13,7,283.5
2009,09,14,0,282.6
2009,09,14,1,281.2
2009,09,14,2,281.6
2009,09,14,3,281.7
2009,09,14,4,281.7
2009,09,14,5,282.3
2009,09,14,6,282.7
2009,09,14,7,282.6
2009,09,15,0,282.4
2009,09,15,1,282.2
2009,09,15,2,282.1
2009,09,15,3,282.3
2009,09,15,4,283.1
2009,09,15,5,283.6
2009,09,15,6,283.1
2009,09,15,7,282.3
2009,09,16,0,282.7
2009,09,16,1,283.3
2009,09,16,2,282.5
2009,09,16,3,282.2
2009,09,16,4,282.7
2009,09,16,5,283.1
2009,09,16,6,282.7
2009,09,16,7,282.2
2009,09,17,0,281.9
2009,09,17,1,282.2
2009,09,17,2,281.5
2009,09,17,3,280.8
2009,09,17,4,280.8
2009,09,17,5,281.1
2009,09,17,6,281.2
2009,09,17,7,281.2
2009,09,18,0,280.8
2009,09,18,1,280.5
2009,09,18,2,280.2
2009,09,18,3,279.9
2009,09,18,4,280.2
2009,09,18,5,280.1
2009,09,18,6,279.3
2009,09,18,7,280.2
2009,09,19,0,280.2
2009,09,19,1,279.5
2009,09,19,2,279.1
2009,09,19,3,278.9
2009,09,19,4,278.8
2009,09,19,5,279.4
2009,09,19,6,280.1
2009,09,19,7,280.4
2009,09,20,0,280.6
2009,09,20,1,280.1
2009,09,20,2,279.4
2009,09,20,3,279.5
2009,09,20,4,280.0
2009,09,20,5,280.5
2009,09,20,6,279.8
2009,09,20,7,281.1
2009,09,21,0,280.1
2009,09,21,1,279.9
2009,09,21,2,278.7
2009,09,21,3,281.0
2009,09,21,4,280.6
2009,09,21,5,280.3
2009,09,21,6,279.9
2009,09,21,7,280.3
2009,09,22,0,280.6
2009,09,22,1,280.6
2009,09,22,2,279.9
2009,09,22,3,279.1
2009,09,22,4,279.7
2009,09,22,5,280.3
2009,09,22,6,280.6
2009,09,22,7,280.6
2009,09,23,0,280.7
2009,09,23,1,281.2
2009,09,23,2,280.5
2009,09,23,3,280.3
2009,09,23,4,280.0
2009,09,23,5,280.2
2009,09,23,6,281.0
2009,09,23,7,280.7
2009,09,24,0,280.6
2009,09,24,1,280.8
2009,09,24,2,280.9
2009,09,24,3,280.8
2009,09,24,4,281.1
2009,09,24,5,281.2
2009,09,24,6,280.9
2009,09,24,7,280.7
2009,09,25,0,280.6
2009,09,25,1,280.2
2009,09,25,2,280.3
2009,09,25,3,279.9
2009,09,25,4,281.3
2009,09,25,5,280.7
2009,09,25,6,280.7
2009,09,25,7,281.7
2009,09,26,0,281.6
2009,09,26,1,280.8
2009,09,26,2,280.5
2009,09,26,3,280.9
2009,09,26,4,281.6
2009,09,26,5,282.7
2009,09,26,6,282.7
2009,09,26,7,282.7
2009,09,27,0,282.8
2009,09,27,1,282.3
2009,09,27,2,282.0
2009,09,27,3,281.9
2009,09,27,4,282.6
2009,09,27,5,283.7
2009,09,27,6,283.3
2009,09,27,7,282.5
2009,09,28,0,283.8
2009,09,28,1,283.7
2009,09,28,2,283.1
2009,09,28,3,282.6
2009,09,28,4,283.2
2009,09,28,5,283.4
2009,09,28,6,283.1
2009,09,28,7,282.9
2009,09,29,0,282.7
2009,09,29,1,282.2
2009,09,29,2,282.6
2009,09,29,3,282.0
2009,09,29,4,282.5
2009,09,29,5,283.4
2009,09,29,6,282.8
2009,09,29,7,282.7
2009,09,30,0,283.2
2009,09,30,1,282.8
2009,09,30,2,282.0
2009,09,30,3,281.8
2009,09,30,4,283.0
2009,09,30,5,283.5
2009,09,30,6,283.3
2009,09,30,7,282.4
2009,09,31,0,283.2
2009,09,31,1,283.9
2009,09,31,2,283.4
2009,09,31,3,283.1
2009,09,31,4,283.2
2009,09,31,5,282.4
2009,09,31,6,282.3
2009,09,31,7,282.5
2010,09,1,0,282.4
2010,09,1,1,282.2
2010,09,1,2,281.6
2010,09,1,3,281.6
2010,09,1,4,282.1
2010,09,1,5,282.5
2010,09,1,6,282.8
2010,09,1,7,283.1
2010,09,2,0,283.8
2010,09,2,1,284.1
2010,09,2,2,283.7
2010,09,2,3,285.6
2010,09,2,4,285.6
2010,09,2,5,283.4
2010,09,2,6,283.7
2010,09,2,7,283.9
2010,09,3,0,284.5
2010,09,3,1,284.7
2010,09,3,2,284.3
2010,09,3,3,283.8
2010,09,3,4,283.3
2010,09,3,5,283.6
2010,09,3,6,283.9
2010,09,3,7,283.5
2010,09,4,0,283.1
2010,09,4,1,282.8
2010,09,4,2,282.4
2010,09,4,3,282.3
2010,09,4,4,283.1
2010,09,4,5,283.6
2010,09,4,6,283.4
2010,09,4,7,282.9
2010,09,5,0,283.0
2010,09,5,1,283.1
2010,09,5,2,282.3
2010,09,5,3,282.4
2010,09,5,4,282.3
2010,09,5,5,282.9
2010,09,5,6,283.0
2010,09,5,7,283.0
2010,09,6,0,283.1
2010,09,6,1,283.0
2010,09,6,2,283.0
2010,09,6,3,283.0
2010,09,6,4,282.7
2010,09,6,5,282.5
2010,09,6,6,281.7
2010,09,6,7,281.8
2010,09,7,0,282.1
2010,09,7,1,281.1
2010,09,7,2,282.1
2010,09,7,3,282.6
2010,09,7,4,282.4
2010,09,7,5,282.4
2010,09,7,6,282.7
2010,09,7,7,282.7
2010,09,8,0,282.6
2010,09,8,1,283.0
2010,09,8,2,283.0
2010,09,8,3,282.8
2010,09,8,4,283.3
2010,09,8,5,283.7
2010,09,8,6,284.0
2010,09,8,7,283.9
2010,09,9,0,284.1
2010,09,9,1,284.3
2010,09,9,2,283.9
2010,09,9,3,284.1
2010,09,9,4,283.8
2010,09,9,5,284.0
2010,09,9,6,284.5
2010,09,9,7,284.6
2010,09,10,0,284.2
2010,09,10,1,283.7
2010,09,10,2,283.3
2010,09,10,3,283.5
2010,09,10,4,284.6
2010,09,10,5,285.2
2010,09,10,6,284.6
2010,09,10,7,284.3
2010,09,11,0,284.7
2010,09,11,1,284.7
2010,09,11,2,284.0
2010,09,11,3,284.0
2010,09,11,4,284.4
2010,09,11,5,284.9
2010,09,11,6,284.5
2010,09,11,7,283.9
2010,09,12,0,283.1
2010,09,12,1,282.5
2010,09,12,2,282.2
2010,09,12,3,282.9
2010,09,12,4,283.1
2010,09,12,5,283.4
2010,09,12,6,283.5
2010,09,12,7,283.1
2010,09,13,0,282.7
2010,09,13,1,283.1
2010,09,13,2,283.1
2010,09,13,3,284.4
2010,09,13,4,284.3
2010,09,13,5,283.5
2010,09,13,6,283.0
2010,09,13,7,282.6
2010,09,14,0,285.1
2010,09,14,1,284.3
2010,09,14,2,284.5
2010,09,14,3,284.0
2010,09,14,4,284.0
2010,09,14,5,284.3
2010,09,14,6,284.3
2010,09,14,7,283.5
2010,09,15,0,282.1
2010,09,15,1,281.6
2010,09,15,2,282.1
2010,09,15,3,282.4
2010,09,15,4,282.7
2010,09,15,5,283.0
2010,09,15,6,283.1
2010,09,15,7,282.7
2010,09,16,0,282.6
2010,09,16,1,282.9
2010,09,16,2,282.6
2010,09,16,3,282.7
2010,09,16,4,283.4
2010,09,16,5,283.8
2010,09,16,6,283.3
2010,09,16,7,282.7
2010,09,17,0,283.7
2010,09,17,1,283.9
2010,09,17,2,286.1
2010,09,17,3,285.8
2010,09,17,4,286.1
2010,09,17,5,286.7
2010,09,17,6,286.1
2010,09,17,7,286.2
2010,09,18,0,284.3
2010,09,18,1,284.2
2010,09,18,2,288.0
2010,09,18,3,287.1
2010,09,18,4,284.6
2010,09,18,5,282.5
2010,09,18,6,282.2
2010,09,18,7,282.2
2010,09,19,0,282.2
2010,09,19,1,282.0
2010,09,19,2,282.0
2010,09,19,3,282.1
2010,09,19,4,282.3
2010,09,19,5,282.9
2010,09,19,6,283.0
2010,09,19,7,282.9
2010,09,20,0,282.7
2010,09,20,1,283.0
2010,09,20,2,282.5
2010,09,20,3,282.1
2010,09,20,4,282.3
2010,09,20,5,282.9
2010,09,20,6,283.3
2010,09,20,7,282.1
2010,09,21,0,281.5
2010,09,21,1,282.4
2010,09,21,2,282.2
2010,09,21,3,281.8
2010,09,21,4,282.5
2010,09,21,5,283.3
2010,09,21,6,283.4
2010,09,21,7,282.4
2010,09,22,0,282.5
2010,09,22,1,283.0
2010,09,22,2,283.1
2010,09,22,3,283.0
2010,09,22,4,283.0
2010,09,22,5,283.1
2010,09,22,6,282.1
2010,09,22,7,282.1
2010,09,23,0,282.3
2010,09,23,1,282.8
2010,09,23,2,282.7
2010,09,23,3,282.6
2010,09,23,4,282.9
2010,09,23,5,283.3
2010,09,23,6,281.7
2010,09,23,7,282.4
2010,09,24,0,282.8
2010,09,24,1,282.7
2010,09,24,2,282.4
2010,09,24,3,281.6
2010,09,24,4,282.3
2010,09,24,5,282.8
2010,09,24,6,282.0
2010,09,24,7,281.6
2010,09,25,0,282.1
2010,09,25,1,282.8
2010,09,25,2,282.8
2010,09,25,3,283.0
2010,09,25,4,283.2
2010,09,25,5,283.4
2010,09,25,6,281.7
2010,09,25,7,281.5
2010,09,26,0,281.6
2010,09,26,1,281.5
2010,09,26,2,281.0
2010,09,26,3,280.8
2010,09,26,4,281.3
2010,09,26,5,281.8
2010,09,26,6,281.5
2010,09,26,7,281.0
2010,09,27,0,281.7
2010,09,27,1,281.2
2010,09,27,2,281.1
2010,09,27,3,281.7
2010,09,27,4,282.8
2010,09,27,5,281.7
2010,09,27,6,281.2
2010,09,27,7,281.2
2010,09,28,0,281.6
2010,09,28,1,281.8
2010,09,28,2,281.5
2010,09,28,3,281.5
2010,09,28,4,281.9
2010,09,28,5,282.4
2010,09,28,6,281.0
2010,09,28,7,280.3
2010,09,29,0,284.1
2010,09,29,1,283.3
2010,09,29,2,282.1
2010,09,29,3,282.9
2010,09,29,4,283.5
2010,09,29,5,284.1
2010,09,29,6,285.2
2010,09,29,7,284.4
2010,09,30,0,285.2
2010,09,30,1,285.2
2010,09,30,2,284.9
2010,09,30,3,283.2
2010,09,30,4,283.4
2010,09,30,5,284.6
2010,09,30,6,284.1
2010,09,30,7,283.7
2010,09,31,0,284.5
2010,09,31,1,283.6
2010,09,31,2,281.9
2010,09,31,3,281.3
2010,09,31,4,281.5
2010,09,31,5,281.7
2010,09,31,6,281.1
2010,09,31,7,280.8
2010,09,1,0,281.4
2010,09,1,1,281.5
2010,09,1,2,281.0
2010,09,1,3,281.5
2010,09,1,4,282.3
2010,09,1,5,282.7
2010,09,1,6,284.4
2010,09,1,7,282.5
2010,09,2,0,282.8
2010,09,2,1,282.3
2010,09,2,2,282.1
2010,09,2,3,282.7
2010,09,2,4,283.3
2010,09,2,5,283.5
2010,09,2,6,282.4
2010,09,2,7,281.7
2010,09,3,0,282.4
2010,09,3,1,282.8
2010,09,3,2,282.3
2010,09,3,3,282.5
2010,09,3,4,283.0
2010,09,3,5,282.9
2010,09,3,6,282.7
2010,09,3,7,282.6
2010,09,4,0,282.8
2010,09,4,1,282.5
2010,09,4,2,282.4
2010,09,4,3,282.3
2010,09,4,4,282.7
2010,09,4,5,282.8
2010,09,4,6,282.1
2010,09,4,7,282.0
2010,09,5,0,283.1
2010,09,5,1,283.3
2010,09,5,2,282.8
2010,09,5,3,282.5
2010,09,5,4,282.3
2010,09,5,5,282.5
2010,09,5,6,281.4
2010,09,5,7,280.9
2010,09,6,0,282.4
2010,09,6,1,281.9
2010,09,6,2,281.4
2010,09,6,3,281.4
2010,09,6,4,281.7
2010,09,6,5,281.9
2010,09,6,6,281.8
2010,09,6,7,281.7
2010,09,7,0,282.0
2010,09,7,1,281.4
2010,09,7,2,280.8
2010,09,7,3,281.6
2010,09,7,4,281.9
2010,09,7,5,282.0
2010,09,7,6,282.5
2010,09,7,7,283.5
2010,09,8,0,283.9
2010,09,8,1,282.8
2010,09,8,2,282.0
2010,09,8,3,281.8
2010,09,8,4,282.2
2010,09,8,5,283.1
2010,09,8,6,285.3
2010,09,8,7,285.6
2010,09,9,0,286.5
2010,09,9,1,285.6
2010,09,9,2,282.4
2010,09,9,3,282.4
2010,09,9,4,283.0
2010,09,9,5,283.4
2010,09,9,6,283.7
2010,09,9,7,283.2
2010,09,10,0,283.5
2010,09,10,1,284.3
2010,09,10,2,284.0
2010,09,10,3,283.5
2010,09,10,4,283.8
2010,09,10,5,284.2
2010,09,10,6,283.4
2010,09,10,7,283.4
2010,09,11,0,284.6
2010,09,11,1,284.3
2010,09,11,2,284.1
2010,09,11,3,283.5
2010,09,11,4,283.1
2010,09,11,5,282.0
2010,09,11,6,282.9
2010,09,11,7,282.9
2010,09,12,0,283.5
2010,09,12,1,283.8
2010,09,12,2,284.9
2010,09,12,3,285.2
2010,09,12,4,285.1
2010,09,12,5,285.0
2010,09,12,6,282.9
2010,09,12,7,284.8
2010,09,13,0,283.0
2010,09,13,1,282.7
2010,09,13,2,282.6
2010,09,13,3,283.4
2010,09,13,4,283.9
2010,09,13,5,283.8
2010,09,13,6,283.5
2010,09,13,7,283.0
2010,09,14,0,284.1
2010,09,14,1,282.6
2010,09,14,2,283.3
2010,09,14,3,283.0
2010,09,14,4,283.5
2010,09,14,5,283.4
2010,09,14,6,281.7
2010,09,14,7,281.8
2010,09,15,0,283.0
2010,09,15,1,282.5
2010,09,15,2,281.6
2010,09,15,3,281.3
2010,09,15,4,281.7
2010,09,15,5,282.3
2010,09,15,6,282.8
2010,09,15,7,282.8
2010,09,16,0,282.9
2010,09,16,1,282.6
2010,09,16,2,282.0
2010,09,16,3,282.1
2010,09,16,4,282.4
2010,09,16,5,282.6
2010,09,16,6,282.8
2010,09,16,7,283.1
2010,09,17,0,283.6
2010,09,17,1,283.7
2010,09,17,2,283.1
2010,09,17,3,282.7
2010,09,17,4,283.0
2010,09,17,5,283.4
2010,09,17,6,284.4
2010,09,17,7,282.2
2010,09,18,0,282.3
2010,09,18,1,283.2
2010,09,18,2,282.1
2010,09,18,3,282.7
2010,09,18,4,282.8
2010,09,18,5,283.2
2010,09,18,6,283.0
2010,09,18,7,282.1
2010,09,19,0,282.3
2010,09,19,1,282.5
2010,09,19,2,283.0
2010,09,19,3,283.4
2010,09,19,4,283.3
2010,09,19,5,283.0
2010,09,19,6,281.5
2010,09,19,7,281.5
2010,09,20,0,282.2
2010,09,20,1,282.1
2010,09,20,2,282.0
2010,09,20,3,282.0
2010,09,20,4,281.7
2010,09,20,5,281.5
2010,09,20,6,281.7
2010,09,20,7,281.7
2010,09,21,0,280.9
2010,09,21,1,281.1
2010,09,21,2,280.9
2010,09,21,3,281.6
2010,09,21,4,282.2
2010,09,21,5,282.6
2010,09,21,6,282.5
2010,09,21,7,281.1
2010,09,22,0,281.5
2010,09,22,1,281.7
2010,09,22,2,280.9
2010,09,22,3,280.3
2010,09,22,4,281.4
2010,09,22,5,281.7
2010,09,22,6,280.9
2010,09,22,7,281.1
2010,09,23,0,281.0
2010,09,23,1,281.2
2010,09,23,2,281.2
2010,09,23,3,281.2
2010,09,23,4,281.8
2010,09,23,5,282.6
2010,09,23,6,281.6
2010,09,23,7,281.5
2010,09,24,0,281.5
2010,09,24,1,281.8
2010,09,24,2,281.9
2010,09,24,3,282.0
2010,09,24,4,282.6
2010,09,24,5,283.1
2010,09,24,6,282.4
2010,09,24,7,282.6
2010,09,25,0,282.6
2010,09,25,1,282.4
2010,09,25,2,282.4
2010,09,25,3,282.3
2010,09,25,4,282.4
2010,09,25,5,282.8
2010,09,25,6,281.7
2010,09,25,7,282.5
2010,09,26,0,282.7
2010,09,26,1,282.8
2010,09,26,2,282.3
2010,09,26,3,281.4
2010,09,26,4,280.7
2010,09,26,5,280.8
2010,09,26,6,281.0
2010,09,26,7,280.9
2010,09,27,0,281.1
2010,09,27,1,281.0
2010,09,27,2,281.2
2010,09,27,3,281.5
2010,09,27,4,281.8
2010,09,27,5,282.1
2010,09,27,6,282.6
2010,09,27,7,282.1
2010,09,28,0,281.9
2010,09,28,1,282.0
2010,09,28,2,282.1
2010,09,28,3,281.7
2010,09,28,4,282.1
2010,09,28,5,282.7
2010,09,28,6,282.2
2010,09,28,7,282.2
2010,09,1,0,282.9
2010,09,1,1,282.8
2010,09,1,2,282.2
2010,09,1,3,282.0
2010,09,1,4,282.4
2010,09,1,5,282.9
2010,09,1,6,283.0
2010,09,1,7,282.3
2010,09,2,0,281.8
2010,09,2,1,282.0
2010,09,2,2,281.9
2010,09,2,3,281.8
2010,09,2,4,281.4
2010,09,2,5,281.7
2010,09,2,6,282.2
2010,09,2,7,282.3
2010,09,3,0,282.8
2010,09,3,1,282.9
2010,09,3,2,282.9
2010,09,3,3,282.9
2010,09,3,4,283.0
2010,09,3,5,283.0
2010,09,3,6,282.6
2010,09,3,7,282.4
2010,09,4,0,282.8
2010,09,4,1,282.4
2010,09,4,2,282.6
2010,09,4,3,282.2
2010,09,4,4,282.7
2010,09,4,5,282.5
2010,09,4,6,282.8
2010,09,4,7,283.0
2010,09,5,0,282.3
2010,09,5,1,282.0
2010,09,5,2,281.7
2010,09,5,3,281.9
2010,09,5,4,281.6
2010,09,5,5,281.5
2010,09,5,6,282.5
2010,09,5,7,282.1
2010,09,6,0,281.4
2010,09,6,1,281.7
2010,09,6,2,281.0
2010,09,6,3,281.2
2010,09,6,4,281.5
2010,09,6,5,281.0
2010,09,6,6,281.3
2010,09,6,7,282.3
2010,09,7,0,281.8
2010,09,7,1,281.7
2010,09,7,2,282.4
2010,09,7,3,280.9
2010,09,7,4,281.8
2010,09,7,5,282.5
2010,09,7,6,283.0
2010,09,7,7,282.8
2010,09,8,0,282.4
2010,09,8,1,282.5
2010,09,8,2,281.8
2010,09,8,3,282.0
2010,09,8,4,282.8
2010,09,8,5,283.5
2010,09,8,6,283.2
2010,09,8,7,282.6
2010,09,9,0,282.6
2010,09,9,1,283.5
2010,09,9,2,282.5
2010,09,9,3,282.1
2010,09,9,4,282.9
2010,09,9,5,283.3
2010,09,9,6,283.3
2010,09,9,7,283.2
2010,09,10,0,283.3
2010,09,10,1,283.5
2010,09,10,2,284.0
2010,09,10,3,284.1
2010,09,10,4,283.6
2010,09,10,5,283.3
2010,09,10,6,283.8
2010,09,10,7,284.3
2010,09,11,0,284.0
2010,09,11,1,283.2
2010,09,11,2,282.7
2010,09,11,3,283.1
2010,09,11,4,283.3
2010,09,11,5,283.1
2010,09,11,6,282.3
2010,09,11,7,282.5
2010,09,12,0,282.2
2010,09,12,1,282.5
2010,09,12,2,282.0
2010,09,12,3,281.5
2010,09,12,4,282.3
2010,09,12,5,282.8
2010,09,12,6,282.8
2010,09,12,7,282.2
2010,09,13,0,282.1
2010,09,13,1,282.6
2010,09,13,2,283.0
2010,09,13,3,282.8
2010,09,13,4,283.1
2010,09,13,5,284.1
2010,09,13,6,283.5
2010,09,13,7,283.3
2010,09,14,0,283.6
2010,09,14,1,283.8
2010,09,14,2,282.4
2010,09,14,3,281.9
2010,09,14,4,282.2
2010,09,14,5,282.4
2010,09,14,6,283.2
2010,09,14,7,283.3
2010,09,15,0,282.5
2010,09,15,1,282.3
2010,09,15,2,282.5
2010,09,15,3,282.2
2010,09,15,4,282.4
2010,09,15,5,282.8
2010,09,15,6,283.2
2010,09,15,7,283.1
2010,09,16,0,282.6
2010,09,16,1,282.0
2010,09,16,2,282.2
2010,09,16,3,282.2
2010,09,16,4,282.3
2010,09,16,5,282.3
2010,09,16,6,281.6
2010,09,16,7,282.5
2010,09,17,0,282.6
2010,09,17,1,282.3
2010,09,17,2,282.2
2010,09,17,3,281.9
2010,09,17,4,282.0
2010,09,17,5,282.0
2010,09,17,6,282.1
2010,09,17,7,281.8
2010,09,18,0,281.6
2010,09,18,1,281.6
2010,09,18,2,281.4
2010,09,18,3,281.5
2010,09,18,4,281.6
2010,09,18,5,281.3
2010,09,18,6,281.1
2010,09,18,7,281.4
2010,09,19,0,281.8
2010,09,19,1,281.9
2010,09,19,2,281.6
2010,09,19,3,281.5
2010,09,19,4,281.4
2010,09,19,5,281.8
2010,09,19,6,281.8
2010,09,19,7,281.4
2010,09,20,0,281.5
2010,09,20,1,281.6
2010,09,20,2,281.4
2010,09,20,3,280.9
2010,09,20,4,280.9
2010,09,20,5,281.0
2010,09,20,6,280.9
2010,09,20,7,280.7
2010,09,21,0,281.0
2010,09,21,1,281.0
2010,09,21,2,280.6
2010,09,21,3,280.9
2010,09,21,4,281.2
2010,09,21,5,281.5
2010,09,21,6,281.3
2010,09,21,7,280.5
2010,09,22,0,280.8
2010,09,22,1,281.8
2010,09,22,2,282.2
2010,09,22,3,282.6
2010,09,22,4,282.1
2010,09,22,5,282.9
2010,09,22,6,282.7
2010,09,22,7,283.0
2010,09,23,0,282.6
2010,09,23,1,283.0
2010,09,23,2,282.6
2010,09,23,3,281.7
2010,09,23,4,282.1
2010,09,23,5,282.5
2010,09,23,6,282.5
2010,09,23,7,282.3
2010,09,24,0,282.2
2010,09,24,1,282.2
2010,09,24,2,281.9
2010,09,24,3,282.0
2010,09,24,4,282.1
2010,09,24,5,282.3
2010,09,24,6,282.3
2010,09,24,7,281.8
2010,09,25,0,281.8
2010,09,25,1,281.4
2010,09,25,2,281.2
2010,09,25,3,281.6
2010,09,25,4,281.5
2010,09,25,5,282.0
2010,09,25,6,281.9
2010,09,25,7,281.5
2010,09,26,0,281.7
2010,09,26,1,282.2
2010,09,26,2,281.8
2010,09,26,3,281.7
2010,09,26,4,281.6
2010,09,26,5,281.4
2010,09,26,6,281.2
2010,09,26,7,281.6
2010,09,27,0,282.0
2010,09,27,1,281.8
2010,09,27,2,281.7
2010,09,27,3,281.9
2010,09,27,4,282.1
2010,09,27,5,282.1
2010,09,27,6,282.0
2010,09,27,7,282.0
2010,09,28,0,282.1
2010,09,28,1,282.0
2010,09,28,2,281.7
2010,09,28,3,281.9
2010,09,28,4,282.1
2010,09,28,5,282.4
2010,09,28,6,283.0
2010,09,28,7,283.0
2010,09,29,0,283.0
2010,09,29,1,282.8
2010,09,29,2,282.2
2010,09,29,3,281.8
2010,09,29,4,282.1
2010,09,29,5,282.5
2010,09,29,6,282.4
2010,09,29,7,282.1
2010,09,30,0,282.2
2010,09,30,1,282.6
2010,09,30,2,282.1
2010,09,30,3,281.9
2010,09,30,4,282.0
2010,09,30,5,282.7
2010,09,30,6,282.7
2010,09,30,7,282.1
2010,09,31,0,281.5
2010,09,31,1,281.4
2010,09,31,2,281.2
2010,09,31,3,281.3
2010,09,31,4,281.6
2010,09,31,5,281.8
2010,09,31,6,281.6
2010,09,31,7,281.6
2010,09,1,0,282.0
2010,09,1,1,282.2
2010,09,1,2,281.5
2010,09,1,3,281.4
2010,09,1,4,281.3
2010,09,1,5,281.7
2010,09,1,6,281.4
2010,09,1,7,281.0
2010,09,2,0,281.3
2010,09,2,1,281.8
2010,09,2,2,281.5
2010,09,2,3,281.1
2010,09,2,4,281.2
2010,09,2,5,281.5
2010,09,2,6,280.7
2010,09,2,7,280.6
2010,09,3,0,281.2
2010,09,3,1,281.5
2010,09,3,2,281.5
2010,09,3,3,281.8
2010,09,3,4,282.4
2010,09,3,5,282.5
2010,09,3,6,282.3
2010,09,3,7,282.0
2010,09,4,0,281.6
2010,09,4,1,281.6
2010,09,4,2,281.7
2010,09,4,3,281.4
2010,09,4,4,281.6
2010,09,4,5,281.6
2010,09,4,6,281.5
2010,09,4,7,281.3
2010,09,5,0,281.4
2010,09,5,1,281.6
2010,09,5,2,281.9
2010,09,5,3,281.5
2010,09,5,4,281.5
2010,09,5,5,282.3
2010,09,5,6,282.2
2010,09,5,7,282.0
2010,09,6,0,282.6
2010,09,6,1,282.6
2010,09,6,2,282.4
2010,09,6,3,282.4
2010,09,6,4,282.5
2010,09,6,5,283.0
2010,09,6,6,282.9
2010,09,6,7,282.3
2010,09,7,0,282.1
2010,09,7,1,281.9
2010,09,7,2,282.2
2010,09,7,3,281.3
2010,09,7,4,281.1
2010,09,7,5,282.2
2010,09,7,6,280.3
2010,09,7,7,277.7
2010,09,8,0,277.1
2010,09,8,1,276.7
2010,09,8,2,279.5
2010,09,8,3,281.8
2010,09,8,4,280.9
2010,09,8,5,279.6
2010,09,8,6,279.4
2010,09,8,7,279.9
2010,09,9,0,279.3
2010,09,9,1,278.7
2010,09,9,2,279.3
2010,09,9,3,281.0
2010,09,9,4,280.8
2010,09,9,5,279.7
2010,09,9,6,279.5
2010,09,9,7,278.3
2010,09,10,0,278.3
2010,09,10,1,278.4
2010,09,10,2,277.1
2010,09,10,3,278.1
2010,09,10,4,279.9
2010,09,10,5,279.9
2010,09,10,6,278.4
2010,09,10,7,277.8
2010,09,11,0,279.2
2010,09,11,1,279.4
2010,09,11,2,279.9
2010,09,11,3,280.3
2010,09,11,4,280.5
2010,09,11,5,279.6
2010,09,11,6,278.6
2010,09,11,7,277.6
2010,09,12,0,276.5
2010,09,12,1,275.6
2010,09,12,2,276.1
2010,09,12,3,276.3
2010,09,12,4,276.8
2010,09,12,5,276.2
2010,09,12,6,275.8
2010,09,12,7,275.3
2010,09,13,0,276.7
2010,09,13,1,276.6
2010,09,13,2,276.3
2010,09,13,3,276.5
2010,09,13,4,275.7
2010,09,13,5,276.4
2010,09,13,6,277.6
2010,09,13,7,277.5
2010,09,14,0,277.3
2010,09,14,1,277.1
2010,09,14,2,277.0
2010,09,14,3,276.7
2010,09,14,4,274.4
2010,09,14,5,278.0
2010,09,14,6,278.3
2010,09,14,7,278.5
2010,09,15,0,278.7
2010,09,15,1,278.5
2010,09,15,2,278.3
2010,09,15,3,278.2
2010,09,15,4,278.3
2010,09,15,5,278.7
2010,09,15,6,279.1
2010,09,15,7,279.2
2010,09,16,0,277.0
2010,09,16,1,276.4
2010,09,16,2,277.2
2010,09,16,3,278.3
2010,09,16,4,278.0
2010,09,16,5,278.7
2010,09,16,6,280.5
2010,09,16,7,281.3
2010,09,17,0,282.7
2010,09,17,1,282.1
2010,09,17,2,280.6
2010,09,17,3,281.5
2010,09,17,4,283.5
2010,09,17,5,282.5
2010,09,17,6,282.6
2010,09,17,7,282.7
2010,09,18,0,281.3
2010,09,18,1,281.3
2010,09,18,2,280.7
2010,09,18,3,281.8
2010,09,18,4,282.0
2010,09,18,5,281.3
2010,09,18,6,280.3
2010,09,18,7,280.6
2010,09,19,0,280.3
2010,09,19,1,280.0
2010,09,19,2,277.7
2010,09,19,3,281.3
2010,09,19,4,285.2
2010,09,19,5,283.4
2010,09,19,6,284.0
2010,09,19,7,284.5
2010,09,20,0,285.2
2010,09,20,1,285.0
2010,09,20,2,286.0
2010,09,20,3,286.2
2010,09,20,4,285.3
2010,09,20,5,284.7
2010,09,20,6,284.6
2010,09,20,7,285.3
2010,09,21,0,285.3
2010,09,21,1,284.5
2010,09,21,2,284.8
2010,09,21,3,284.7
2010,09,21,4,284.6
2010,09,21,5,284.8
2010,09,21,6,285.1
2010,09,21,7,285.1
2010,09,22,0,285.2
2010,09,22,1,285.2
2010,09,22,2,285.0
2010,09,22,3,285.2
2010,09,22,4,285.1
2010,09,22,5,284.7
2010,09,22,6,284.6
2010,09,22,7,283.7
2010,09,23,0,284.3
2010,09,23,1,284.4
2010,09,23,2,284.6
2010,09,23,3,286.0
2010,09,23,4,286.1
2010,09,23,5,285.4
2010,09,23,6,285.6
2010,09,23,7,284.7
2010,09,24,0,282.6
2010,09,24,1,283.4
2010,09,24,2,284.3
2010,09,24,3,285.3
2010,09,24,4,286.6
2010,09,24,5,286.3
2010,09,24,6,285.3
2010,09,24,7,284.1
2010,09,25,0,283.4
2010,09,25,1,283.6
2010,09,25,2,283.5
2010,09,25,3,283.4
2010,09,25,4,283.3
2010,09,25,5,283.7
2010,09,25,6,284.9
2010,09,25,7,285.6
2010,09,26,0,285.7
2010,09,26,1,285.2
2010,09,26,2,284.2
2010,09,26,3,282.9
2010,09,26,4,282.9
2010,09,26,5,282.9
2010,09,26,6,282.4
2010,09,26,7,281.3
2010,09,27,0,283.4
2010,09,27,1,282.5
2010,09,27,2,281.6
2010,09,27,3,279.3
2010,09,27,4,279.8
2010,09,27,5,280.7
2010,09,27,6,280.2
2010,09,27,7,279.8
2010,09,28,0,279.7
2010,09,28,1,280.6
2010,09,28,2,279.3
2010,09,28,3,280.3
2010,09,28,4,282.5
2010,09,28,5,283.7
2010,09,28,6,281.9
2010,09,28,7,281.2
2010,09,29,0,281.3
2010,09,29,1,281.2
2010,09,29,2,280.5
2010,09,29,3,279.9
2010,09,29,4,279.6
2010,09,29,5,279.9
2010,09,29,6,280.3
2010,09,29,7,279.9
2010,09,30,0,279.8
2010,09,30,1,279.8
2010,09,30,2,279.0
2010,09,30,3,279.0
2010,09,30,4,278.9
2010,09,30,5,279.2
2010,09,30,6,279.8
2010,09,30,7,278.6
2010,09,1,0,278.8
2010,09,1,1,278.6
2010,09,1,2,278.8
2010,09,1,3,277.8
2010,09,1,4,277.9
2010,09,1,5,279.2
2010,09,1,6,278.9
2010,09,1,7,278.2
2010,09,2,0,278.2
2010,09,2,1,278.8
2010,09,2,2,281.8
2010,09,2,3,282.7
2010,09,2,4,282.2
2010,09,2,5,281.6
2010,09,2,6,281.8
2010,09,2,7,282.1
2010,09,3,0,281.7
2010,09,3,1,281.7
2010,09,3,2,281.2
2010,09,3,3,281.5
2010,09,3,4,282.3
2010,09,3,5,282.6
2010,09,3,6,282.7
2010,09,3,7,282.8
2010,09,4,0,282.8
2010,09,4,1,282.2
2010,09,4,2,282.0
2010,09,4,3,282.3
2010,09,4,4,282.6
2010,09,4,5,282.7
2010,09,4,6,283.2
2010,09,4,7,283.8
2010,09,5,0,283.7
2010,09,5,1,283.4
2010,09,5,2,282.8
2010,09,5,3,282.4
2010,09,5,4,282.7
2010,09,5,5,283.1
2010,09,5,6,283.3
2010,09,5,7,283.2
2010,09,6,0,282.5
2010,09,6,1,283.4
2010,09,6,2,283.6
2010,09,6,3,283.7
2010,09,6,4,283.2
2010,09,6,5,282.6
2010,09,6,6,282.7
2010,09,6,7,282.8
2010,09,7,0,281.5
2010,09,7,1,281.4
2010,09,7,2,280.6
2010,09,7,3,280.5
2010,09,7,4,281.4
2010,09,7,5,280.6
2010,09,7,6,280.1
2010,09,7,7,279.6
2010,09,8,0,280.2
2010,09,8,1,282.2
2010,09,8,2,283.4
2010,09,8,3,283.7
2010,09,8,4,283.1
2010,09,8,5,281.8
2010,09,8,6,282.3
2010,09,8,7,282.4
2010,09,9,0,282.0
2010,09,9,1,281.7
2010,09,9,2,280.9
2010,09,9,3,280.1
2010,09,9,4,280.1
2010,09,9,5,280.7
2010,09,9,6,280.5
2010,09,9,7,279.9
2010,09,10,0,279.9
2010,09,10,1,280.3
2010,09,10,2,280.1
2010,09,10,3,279.4
2010,09,10,4,279.4
2010,09,10,5,279.5
2010,09,10,6,279.6
2010,09,10,7,279.4
2010,09,11,0,279.3
2010,09,11,1,278.7
2010,09,11,2,278.6
2010,09,11,3,278.9
2010,09,11,4,279.0
2010,09,11,5,279.6
2010,09,11,6,279.4
2010,09,11,7,278.8
2010,09,12,0,278.5
2010,09,12,1,278.9
2010,09,12,2,279.2
2010,09,12,3,279.9
2010,09,12,4,279.6
2010,09,12,5,280.0
2010,09,12,6,280.0
2010,09,12,7,279.8
2010,09,13,0,280.2
2010,09,13,1,279.7
2010,09,13,2,281.0
2010,09,13,3,281.5
2010,09,13,4,282.2
2010,09,13,5,282.0
2010,09,13,6,282.2
2010,09,13,7,281.8
2010,09,14,0,281.3
2010,09,14,1,281.4
2010,09,14,2,281.3
2010,09,14,3,281.4
2010,09,14,4,281.1
2010,09,14,5,281.7
2010,09,14,6,282.9
2010,09,14,7,283.4
2010,09,15,0,284.4
2010,09,15,1,284.5
2010,09,15,2,284.8
2010,09,15,3,284.0
2010,09,15,4,284.0
2010,09,15,5,284.5
2010,09,15,6,284.8
2010,09,15,7,285.1
2010,09,16,0,285.0
2010,09,16,1,284.8
2010,09,16,2,285.4
2010,09,16,3,285.8
2010,09,16,4,285.8
2010,09,16,5,285.4
2010,09,16,6,284.8
2010,09,16,7,283.8
2010,09,17,0,283.1
2010,09,17,1,282.5
2010,09,17,2,282.3
2010,09,17,3,283.1
2010,09,17,4,281.3
2010,09,17,5,280.6
2010,09,17,6,280.4
2010,09,17,7,280.7
2010,09,18,0,281.0
2010,09,18,1,281.1
2010,09,18,2,277.9
2010,09,18,3,280.2
2010,09,18,4,279.2
2010,09,18,5,280.9
2010,09,18,6,281.0
2010,09,18,7,280.8
2010,09,19,0,281.7
2010,09,19,1,281.6
2010,09,19,2,282.8
2010,09,19,3,284.6
2010,09,19,4,283.7
2010,09,19,5,283.6
2010,09,19,6,283.0
2010,09,19,7,282.0
2010,09,20,0,282.4
2010,09,20,1,281.6
2010,09,20,2,279.8
2010,09,20,3,279.4
2010,09,20,4,278.8
2010,09,20,5,277.9
2010,09,20,6,278.9
2010,09,20,7,279.5
2010,09,21,0,279.7
2010,09,21,1,279.5
2010,09,21,2,279.8
2010,09,21,3,279.5
2010,09,21,4,279.4
2010,09,21,5,279.6
2010,09,21,6,279.8
2010,09,21,7,278.8
2010,09,22,0,276.6
2010,09,22,1,276.4
2010,09,22,2,278.3
2010,09,22,3,279.1
2010,09,22,4,278.7
2010,09,22,5,279.2
2010,09,22,6,279.4
2010,09,22,7,278.7
2010,09,23,0,277.9
2010,09,23,1,277.8
2010,09,23,2,277.0
2010,09,23,3,278.5
2010,09,23,4,278.7
2010,09,23,5,279.6
2010,09,23,6,279.6
2010,09,23,7,278.6
2010,09,24,0,278.2
2010,09,24,1,279.1
2010,09,24,2,280.1
2010,09,24,3,280.4
2010,09,24,4,280.1
2010,09,24,5,279.6
2010,09,24,6,279.8
2010,09,24,7,280.1
2010,09,25,0,280.7
2010,09,25,1,281.4
2010,09,25,2,281.2
2010,09,25,3,280.8
2010,09,25,4,281.1
2010,09,25,5,281.2
2010,09,25,6,280.4
2010,09,25,7,280.4
2010,09,26,0,280.0
2010,09,26,1,279.7
2010,09,26,2,279.4
2010,09,26,3,279.2
2010,09,26,4,278.9
2010,09,26,5,279.6
2010,09,26,6,279.7
2010,09,26,7,279.6
2010,09,27,0,279.0
2010,09,27,1,278.7
2010,09,27,2,278.4
2010,09,27,3,278.5
2010,09,27,4,278.7
2010,09,27,5,278.9
2010,09,27,6,279.0
2010,09,27,7,278.5
2010,09,28,0,278.4
2010,09,28,1,278.3
2010,09,28,2,278.4
2010,09,28,3,279.3
2010,09,28,4,279.0
2010,09,28,5,279.2
2010,09,28,6,279.4
2010,09,28,7,279.6
2010,09,29,0,279.5
2010,09,29,1,279.3
2010,09,29,2,279.0
2010,09,29,3,278.6
2010,09,29,4,278.0
2010,09,29,5,280.4
2010,09,29,6,280.8
2010,09,29,7,281.1
2010,09,30,0,281.8
2010,09,30,1,282.9
2010,09,30,2,283.6
2010,09,30,3,284.5
2010,09,30,4,284.5
2010,09,30,5,284.3
2010,09,30,6,284.5
2010,09,30,7,284.4
2010,09,31,0,284.7
2010,09,31,1,286.3
2010,09,31,2,285.5
2010,09,31,3,283.0
2010,09,31,4,280.1
2010,09,31,5,279.9
2010,09,31,6,279.4
2010,09,31,7,279.0
2010,09,1,0,278.6
2010,09,1,1,278.2
2010,09,1,2,278.9
2010,09,1,3,278.6
2010,09,1,4,277.1
2010,09,1,5,277.1
2010,09,1,6,278.0
2010,09,1,7,277.9
2010,09,2,0,277.0
2010,09,2,1,275.7
2010,09,2,2,276.8
2010,09,2,3,277.0
2010,09,2,4,279.1
2010,09,2,5,278.1
2010,09,2,6,275.7
2010,09,2,7,275.6
2010,09,3,0,275.7
2010,09,3,1,275.9
2010,09,3,2,275.5
2010,09,3,3,275.6
2010,09,3,4,275.5
2010,09,3,5,275.8
2010,09,3,6,275.9
2010,09,3,7,275.5
2010,09,4,0,275.6
2010,09,4,1,273.0
2010,09,4,2,274.7
2010,09,4,3,277.1
2010,09,4,4,277.4
2010,09,4,5,277.2
2010,09,4,6,277.9
2010,09,4,7,278.8
2010,09,5,0,279.0
2010,09,5,1,278.9
2010,09,5,2,279.4
2010,09,5,3,278.7
2010,09,5,4,280.3
2010,09,5,5,281.0
2010,09,5,6,279.9
2010,09,5,7,280.4
2010,09,6,0,279.3
2010,09,6,1,278.7
2010,09,6,2,279.9
2010,09,6,3,280.8
2010,09,6,4,281.8
2010,09,6,5,280.6
2010,09,6,6,280.6
2010,09,6,7,280.3
2010,09,7,0,280.4
2010,09,7,1,280.2
2010,09,7,2,280.3
2010,09,7,3,280.9
2010,09,7,4,280.7
2010,09,7,5,281.0
2010,09,7,6,280.9
2010,09,7,7,280.7
2010,09,8,0,280.5
2010,09,8,1,280.8
2010,09,8,2,281.2
2010,09,8,3,281.3
2010,09,8,4,281.4
2010,09,8,5,281.4
2010,09,8,6,280.6
2010,09,8,7,280.8
2010,09,9,0,281.7
2010,09,9,1,282.2
2010,09,9,2,281.9
2010,09,9,3,282.3
2010,09,9,4,282.6
2010,09,9,5,282.7
2010,09,9,6,282.4
2010,09,9,7,281.5
2010,09,10,0,281.5
2010,09,10,1,281.7
2010,09,10,2,280.9
2010,09,10,3,279.8
2010,09,10,4,278.4
2010,09,10,5,277.6
2010,09,10,6,275.6
2010,09,10,7,273.3
2010,09,11,0,273.5
2010,09,11,1,274.1
2010,09,11,2,275.4
2010,09,11,3,274.9
2010,09,11,4,273.5
2010,09,11,5,273.4
2010,09,11,6,274.7
2010,09,11,7,273.5
2010,09,12,0,273.1
2010,09,12,1,277.5
2010,09,12,2,278.8
2010,09,12,3,278.9
2010,09,12,4,280.2
2010,09,12,5,280.6
2010,09,12,6,280.5
2010,09,12,7,280.9
2010,09,13,0,282.3
2010,09,13,1,283.4
2010,09,13,2,282.3
2010,09,13,3,280.6
2010,09,13,4,281.4
2010,09,13,5,281.6
2010,09,13,6,281.2
2010,09,13,7,281.1
2010,09,14,0,281.5
2010,09,14,1,281.4
2010,09,14,2,280.9
2010,09,14,3,280.9
2010,09,14,4,280.6
2010,09,14,5,281.7
2010,09,14,6,281.8
2010,09,14,7,282.5
2010,09,15,0,284.2
2010,09,15,1,284.6
2010,09,15,2,283.6
2010,09,15,3,283.0
2010,09,15,4,283.8
2010,09,15,5,284.4
2010,09,15,6,283.2
2010,09,15,7,283.3
2010,09,16,0,283.7
2010,09,16,1,284.2
2010,09,16,2,284.3
2010,09,16,3,284.3
2010,09,16,4,284.7
2010,09,16,5,284.8
2010,09,16,6,284.7
2010,09,16,7,284.7
2010,09,17,0,284.9
2010,09,17,1,284.9
2010,09,17,2,284.8
2010,09,17,3,284.7
2010,09,17,4,284.7
2010,09,17,5,284.6
2010,09,17,6,284.2
2010,09,17,7,283.8
2010,09,18,0,283.3
2010,09,18,1,283.4
2010,09,18,2,283.2
2010,09,18,3,283.4
2010,09,18,4,283.4
2010,09,18,5,283.1
2010,09,18,6,282.8
2010,09,18,7,282.6
2010,09,19,0,282.7
2010,09,19,1,282.7
2010,09,19,2,282.8
2010,09,19,3,283.0
2010,09,19,4,283.3
2010,09,19,5,283.7
2010,09,19,6,283.5
2010,09,19,7,283.3
2010,09,20,0,283.5
2010,09,20,1,283.4
2010,09,20,2,283.2
2010,09,20,3,283.5
2010,09,20,4,283.5
2010,09,20,5,283.3
2010,09,20,6,283.4
2010,09,20,7,283.5
2010,09,21,0,283.4
2010,09,21,1,283.4
2010,09,21,2,283.4
2010,09,21,3,283.2
2010,09,21,4,283.5
2010,09,21,5,283.8
2010,09,21,6,283.7
2010,09,21,7,283.2
2010,09,22,0,283.5
2010,09,22,1,283.5
2010,09,22,2,283.3
2010,09,22,3,284.1
2010,09,22,4,283.4
2010,09,22,5,283.0
2010,09,22,6,282.4
2010,09,22,7,281.4
2010,09,23,0,281.4
2010,09,23,1,281.8
2010,09,23,2,281.1
2010,09,23,3,280.8
2010,09,23,4,281.4
2010,09,23,5,280.9
2010,09,23,6,280.0
2010,09,23,7,280.2
2010,09,24,0,280.6
2010,09,24,1,280.7
2010,09,24,2,281.1
2010,09,24,3,281.7
2010,09,24,4,282.3
2010,09,24,5,282.7
2010,09,24,6,282.7
2010,09,24,7,283.5
2010,09,25,0,282.7
2010,09,25,1,282.3
2010,09,25,2,283.0
2010,09,25,3,283.5
2010,09,25,4,284.9
2010,09,25,5,286.2
2010,09,25,6,285.9
2010,09,25,7,285.6
2010,09,26,0,285.4
2010,09,26,1,285.8
2010,09,26,2,285.4
2010,09,26,3,285.2
2010,09,26,4,284.3
2010,09,26,5,284.9
2010,09,26,6,284.7
2010,09,26,7,284.7
2010,09,27,0,284.1
2010,09,27,1,283.4
2010,09,27,2,283.4
2010,09,27,3,283.2
2010,09,27,4,283.4
2010,09,27,5,283.7
2010,09,27,6,283.5
2010,09,27,7,283.4
2010,09,28,0,283.4
2010,09,28,1,283.2
2010,09,28,2,282.8
2010,09,28,3,282.6
2010,09,28,4,282.6
2010,09,28,5,282.9
2010,09,28,6,283.3
2010,09,28,7,283.3
2010,09,29,0,283.4
2010,09,29,1,283.2
2010,09,29,2,282.9
2010,09,29,3,283.0
2010,09,29,4,282.7
2010,09,29,5,281.9
2010,09,29,6,281.7
2010,09,29,7,281.7
2010,09,30,0,281.9
2010,09,30,1,281.9
2010,09,30,2,281.7
2010,09,30,3,281.5
2010,09,30,4,281.7
2010,09,30,5,281.8
2010,09,30,6,281.5
2010,09,30,7,281.5
2010,09,1,0,281.7
2010,09,1,1,281.6
2010,09,1,2,281.3
2010,09,1,3,281.4
2010,09,1,4,281.6
2010,09,1,5,281.8
2010,09,1,6,281.8
2010,09,1,7,281.6
2010,09,2,0,281.8
2010,09,2,1,281.6
2010,09,2,2,280.8
2010,09,2,3,280.5
2010,09,2,4,281.0
2010,09,2,5,280.9
2010,09,2,6,280.5
2010,09,2,7,280.7
2010,09,3,0,280.5
2010,09,3,1,279.7
2010,09,3,2,279.5
2010,09,3,3,279.2
2010,09,3,4,278.8
2010,09,3,5,278.6
2010,09,3,6,277.7
2010,09,3,7,278.3
2010,09,4,0,278.3
2010,09,4,1,277.5
2010,09,4,2,277.2
2010,09,4,3,277.7
2010,09,4,4,278.2
2010,09,4,5,278.4
2010,09,4,6,278.5
2010,09,4,7,278.2
2010,09,5,0,277.1
2010,09,5,1,277.0
2010,09,5,2,279.7
2010,09,5,3,281.1
2010,09,5,4,281.4
2010,09,5,5,281.2
2010,09,5,6,281.2
2010,09,5,7,281.8
2010,09,6,0,281.0
2010,09,6,1,280.4
2010,09,6,2,280.0
2010,09,6,3,281.0
2010,09,6,4,283.4
2010,09,6,5,284.0
2010,09,6,6,283.1
2010,09,6,7,283.3
2010,09,7,0,283.9
2010,09,7,1,284.5
2010,09,7,2,284.8
2010,09,7,3,285.0
2010,09,7,4,284.0
2010,09,7,5,283.8
2010,09,7,6,284.0
2010,09,7,7,283.7
2010,09,8,0,284.4
2010,09,8,1,283.7
2010,09,8,2,282.1
2010,09,8,3,282.5
2010,09,8,4,282.1
2010,09,8,5,280.6
2010,09,8,6,277.9
2010,09,8,7,274.9
2010,09,9,0,273.3
2010,09,9,1,275.7
2010,09,9,2,276.6
2010,09,9,3,276.4
2010,09,9,4,276.5
2010,09,9,5,274.5
2010,09,9,6,277.3
2010,09,9,7,277.0
2010,09,10,0,277.9
2010,09,10,1,277.8
2010,09,10,2,278.4
2010,09,10,3,278.3
2010,09,10,4,278.3
2010,09,10,5,278.5
2010,09,10,6,278.9
2010,09,10,7,278.1
2010,09,11,0,277.8
2010,09,11,1,277.6
2010,09,11,2,277.7
2010,09,11,3,277.8
2010,09,11,4,277.5
2010,09,11,5,277.6
2010,09,11,6,278.0
2010,09,11,7,278.4
2010,09,12,0,278.2
2010,09,12,1,278.1
2010,09,12,2,278.6
2010,09,12,3,279.0
2010,09,12,4,279.2
2010,09,12,5,279.3
2010,09,12,6,279.1
2010,09,12,7,279.1
2010,09,13,0,278.9
2010,09,13,1,278.7
2010,09,13,2,278.7
2010,09,13,3,278.8
2010,09,13,4,279.2
2010,09,13,5,279.4
2010,09,13,6,279.7
2010,09,13,7,279.6
2010,09,14,0,278.8
2010,09,14,1,278.3
2010,09,14,2,278.2
2010,09,14,3,277.7
2010,09,14,4,277.9
2010,09,14,5,278.4
2010,09,14,6,278.6
2010,09,14,7,278.2
2010,09,15,0,278.7
2010,09,15,1,278.7
2010,09,15,2,277.8
2010,09,15,3,277.2
2010,09,15,4,277.1
2010,09,15,5,276.6
2010,09,15,6,276.3
2010,09,15,7,276.3
2010,09,16,0,276.3
2010,09,16,1,276.2
2010,09,16,2,276.3
2010,09,16,3,276.4
2010,09,16,4,277.4
2010,09,16,5,277.4
2010,09,16,6,276.7
2010,09,16,7,276.1
2010,09,17,0,276.6
2010,09,17,1,275.7
2010,09,17,2,274.9
2010,09,17,3,275.0
2010,09,17,4,275.1
2010,09,17,5,274.4
2010,09,17,6,275.1
2010,09,17,7,274.4
2010,09,18,0,274.7
2010,09,18,1,275.3
2010,09,18,2,276.1
2010,09,18,3,276.7
2010,09,18,4,277.4
2010,09,18,5,277.0
2010,09,18,6,276.3
2010,09,18,7,276.7
2010,09,19,0,276.8
2010,09,19,1,276.3
2010,09,19,2,277.1
2010,09,19,3,278.4
2010,09,19,4,279.4
2010,09,19,5,278.4
2010,09,19,6,278.7
2010,09,19,7,280.8
2010,09,20,0,281.3
2010,09,20,1,279.9
2010,09,20,2,280.6
2010,09,20,3,281.3
2010,09,20,4,281.8
2010,09,20,5,282.3
2010,09,20,6,281.7
2010,09,20,7,281.1
2010,09,21,0,281.4
2010,09,21,1,280.8
2010,09,21,2,280.9
2010,09,21,3,281.4
2010,09,21,4,281.5
2010,09,21,5,281.2
2010,09,21,6,280.6
2010,09,21,7,280.3
2010,09,22,0,280.4
2010,09,22,1,280.7
2010,09,22,2,281.1
2010,09,22,3,281.8
2010,09,22,4,281.8
2010,09,22,5,281.1
2010,09,22,6,280.4
2010,09,22,7,280.1
2010,09,23,0,280.0
2010,09,23,1,279.4
2010,09,23,2,278.5
2010,09,23,3,277.3
2010,09,23,4,278.6
2010,09,23,5,279.2
2010,09,23,6,278.9
2010,09,23,7,278.2
2010,09,24,0,278.3
2010,09,24,1,278.3
2010,09,24,2,278.9
2010,09,24,3,279.1
2010,09,24,4,278.5
2010,09,24,5,278.9
2010,09,24,6,280.1
2010,09,24,7,280.3
2010,09,25,0,281.0
2010,09,25,1,281.2
2010,09,25,2,280.6
2010,09,25,3,280.3
2010,09,25,4,280.9
2010,09,25,5,281.4
2010,09,25,6,282.0
2010,09,25,7,282.9
2010,09,26,0,283.3
2010,09,26,1,283.4
2010,09,26,2,283.5
2010,09,26,3,283.5
2010,09,26,4,284.2
2010,09,26,5,284.2
2010,09,26,6,282.9
2010,09,26,7,282.4
2010,09,27,0,284.0
2010,09,27,1,283.9
2010,09,27,2,283.3
2010,09,27,3,282.4
2010,09,27,4,282.5
2010,09,27,5,281.9
2010,09,27,6,276.9
2010,09,27,7,276.4
2010,09,28,0,280.8
2010,09,28,1,281.9
2010,09,28,2,283.6
2010,09,28,3,282.5
2010,09,28,4,282.2
2010,09,28,5,281.6
2010,09,28,6,281.5
2010,09,28,7,282.6
2010,09,29,0,284.2
2010,09,29,1,284.6
2010,09,29,2,283.8
2010,09,29,3,283.7
2010,09,29,4,283.7
2010,09,29,5,283.3
2010,09,29,6,282.6
2010,09,29,7,283.0
2010,09,30,0,282.9
2010,09,30,1,283.0
2010,09,30,2,283.8
2010,09,30,3,284.2
2010,09,30,4,284.7
2010,09,30,5,284.9
2010,09,30,6,284.9
2010,09,30,7,285.2
2010,09,31,0,286.0
2010,09,31,1,286.0
2010,09,31,2,285.6
2010,09,31,3,285.5
2010,09,31,4,286.2
2010,09,31,5,285.2
2010,09,31,6,285.6
2010,09,31,7,285.3
2010,09,1,0,284.7
2010,09,1,1,285.0
2010,09,1,2,284.2
2010,09,1,3,283.9
2010,09,1,4,284.4
2010,09,1,5,284.2
2010,09,1,6,283.8
2010,09,1,7,283.2
2010,09,2,0,282.9
2010,09,2,1,283.7
2010,09,2,2,283.6
2010,09,2,3,284.5
2010,09,2,4,284.9
2010,09,2,5,284.5
2010,09,2,6,283.9
2010,09,2,7,283.3
2010,09,3,0,282.8
2010,09,3,1,282.9
2010,09,3,2,283.0
2010,09,3,3,283.2
2010,09,3,4,283.1
2010,09,3,5,282.6
2010,09,3,6,282.0
2010,09,3,7,282.2
2010,09,4,0,282.5
2010,09,4,1,282.0
2010,09,4,2,281.0
2010,09,4,3,281.8
2010,09,4,4,281.4
2010,09,4,5,281.6
2010,09,4,6,282.3
2010,09,4,7,281.7
2010,09,5,0,283.1
2010,09,5,1,284.1
2010,09,5,2,283.2
2010,09,5,3,282.2
2010,09,5,4,282.5
2010,09,5,5,282.0
2010,09,5,6,281.8
2010,09,5,7,279.0
2010,09,6,0,276.9
2010,09,6,1,279.9
2010,09,6,2,282.8
2010,09,6,3,282.1
2010,09,6,4,281.8
2010,09,6,5,281.7
2010,09,6,6,281.3
2010,09,6,7,280.7
2010,09,7,0,280.3
2010,09,7,1,279.7
2010,09,7,2,279.4
2010,09,7,3,281.4
2010,09,7,4,281.4
2010,09,7,5,282.0
2010,09,7,6,281.7
2010,09,7,7,282.2
2010,09,8,0,282.7
2010,09,8,1,282.9
2010,09,8,2,282.9
2010,09,8,3,282.9
2010,09,8,4,282.3
2010,09,8,5,282.4
2010,09,8,6,283.0
2010,09,8,7,283.1
2010,09,9,0,283.2
2010,09,9,1,282.4
2010,09,9,2,283.3
2010,09,9,3,283.9
2010,09,9,4,282.6
2010,09,9,5,282.9
2010,09,9,6,282.3
2010,09,9,7,278.5
2010,09,10,0,279.6
2010,09,10,1,279.5
2010,09,10,2,279.0
2010,09,10,3,280.0
2010,09,10,4,280.9
2010,09,10,5,281.0
2010,09,10,6,279.6
2010,09,10,7,277.4
2010,09,11,0,280.3
2010,09,11,1,279.2
2010,09,11,2,280.4
2010,09,11,3,281.8
2010,09,11,4,283.2
2010,09,11,5,283.6
2010,09,11,6,282.9
2010,09,11,7,282.7
2010,09,12,0,282.4
2010,09,12,1,281.7
2010,09,12,2,281.9
2010,09,12,3,282.1
2010,09,12,4,282.5
2010,09,12,5,282.8
2010,09,12,6,282.6
2010,09,12,7,283.1
2010,09,13,0,283.3
2010,09,13,1,283.3
2010,09,13,2,282.6
2010,09,13,3,282.5
2010,09,13,4,283.0
2010,09,13,5,282.7
2010,09,13,6,282.8
2010,09,13,7,282.8
2010,09,14,0,283.4
2010,09,14,1,282.7
2010,09,14,2,281.8
2010,09,14,3,280.3
2010,09,14,4,280.3
2010,09,14,5,281.3
2010,09,14,6,279.4
2010,09,14,7,275.3
2010,09,15,0,277.4
2010,09,15,1,277.3
2010,09,15,2,277.0
2010,09,15,3,277.1
2010,09,15,4,277.1
2010,09,15,5,277.2
2010,09,15,6,276.9
2010,09,15,7,277.1
2010,09,16,0,277.2
2010,09,16,1,276.9
2010,09,16,2,276.6
2010,09,16,3,275.5
2010,09,16,4,274.2
2010,09,16,5,271.8
2010,09,16,6,272.7
2010,09,16,7,276.4
2010,09,17,0,277.8
2010,09,17,1,278.5
2010,09,17,2,279.5
2010,09,17,3,279.6
2010,09,17,4,279.5
2010,09,17,5,278.9
2010,09,17,6,279.5
2010,09,17,7,280.4
2010,09,18,0,280.2
2010,09,18,1,279.5
2010,09,18,2,279.0
2010,09,18,3,278.6
2010,09,18,4,278.6
2010,09,18,5,278.6
2010,09,18,6,278.8
2010,09,18,7,279.1
2010,09,19,0,279.2
2010,09,19,1,279.3
2010,09,19,2,279.5
2010,09,19,3,279.7
2010,09,19,4,279.1
2010,09,19,5,279.1
2010,09,19,6,278.7
2010,09,19,7,279.0
2010,09,20,0,279.2
2010,09,20,1,279.3
2010,09,20,2,279.7
2010,09,20,3,279.7
2010,09,20,4,279.8
2010,09,20,5,279.9
2010,09,20,6,280.3
2010,09,20,7,280.8
2010,09,21,0,280.7
2010,09,21,1,280.8
2010,09,21,2,280.5
2010,09,21,3,280.6
2010,09,21,4,280.6
2010,09,21,5,281.2
2010,09,21,6,281.4
2010,09,21,7,281.3
2010,09,22,0,280.9
2010,09,22,1,280.8
2010,09,22,2,281.4
2010,09,22,3,282.2
2010,09,22,4,283.2
2010,09,22,5,282.5
2010,09,22,6,282.5
2010,09,22,7,282.4
2010,09,23,0,282.3
2010,09,23,1,281.8
2010,09,23,2,282.2
2010,09,23,3,282.6
2010,09,23,4,282.7
2010,09,23,5,282.8
2010,09,23,6,282.7
2010,09,23,7,282.9
2010,09,24,0,283.2
2010,09,24,1,282.8
2010,09,24,2,282.8
2010,09,24,3,283.2
2010,09,24,4,282.9
2010,09,24,5,282.7
2010,09,24,6,283.7
2010,09,24,7,284.5
2010,09,25,0,284.5
2010,09,25,1,283.9
2010,09,25,2,283.3
2010,09,25,3,283.4
2010,09,25,4,283.8
2010,09,25,5,283.7
2010,09,25,6,283.6
2010,09,25,7,284.0
2010,09,26,0,284.4
2010,09,26,1,283.6
2010,09,26,2,283.1
2010,09,26,3,283.5
2010,09,26,4,283.8
2010,09,26,5,283.5
2010,09,26,6,283.4
2010,09,26,7,283.6
2010,09,27,0,283.8
2010,09,27,1,283.7
2010,09,27,2,283.5
2010,09,27,3,283.8
2010,09,27,4,283.4
2010,09,27,5,282.9
2010,09,27,6,283.5
2010,09,27,7,283.5
2010,09,28,0,284.0
2010,09,28,1,283.8
2010,09,28,2,282.8
2010,09,28,3,282.3
2010,09,28,4,283.4
2010,09,28,5,284.3
2010,09,28,6,283.7
2010,09,28,7,284.4
2010,09,29,0,285.4
2010,09,29,1,284.5
2010,09,29,2,283.3
2010,09,29,3,282.8
2010,09,29,4,283.6
2010,09,29,5,284.1
2010,09,29,6,284.0
2010,09,29,7,284.2
2010,09,30,0,283.4
2010,09,30,1,282.5
2010,09,30,2,281.8
2010,09,30,3,282.2
2010,09,30,4,283.1
2010,09,30,5,283.7
2010,09,30,6,282.9
2010,09,30,7,282.3
2010,09,31,0,282.6
2010,09,31,1,282.1
2010,09,31,2,281.8
2010,09,31,3,281.6
2010,09,31,4,282.0
2010,09,31,5,282.0
2010,09,31,6,281.1
2010,09,31,7,281.0
2010,09,1,0,280.9
2010,09,1,1,280.8
2010,09,1,2,280.7
2010,09,1,3,280.9
2010,09,1,4,281.7
2010,09,1,5,282.4
2010,09,1,6,281.6
2010,09,1,7,280.9
2010,09,2,0,281.6
2010,09,2,1,281.0
2010,09,2,2,281.0
2010,09,2,3,280.9
2010,09,2,4,280.7
2010,09,2,5,281.1
2010,09,2,6,281.6
2010,09,2,7,283.0
2010,09,3,0,282.8
2010,09,3,1,282.4
2010,09,3,2,282.8
2010,09,3,3,282.8
2010,09,3,4,283.2
2010,09,3,5,283.2
2010,09,3,6,283.6
2010,09,3,7,283.8
2010,09,4,0,283.1
2010,09,4,1,282.2
2010,09,4,2,282.1
2010,09,4,3,282.5
2010,09,4,4,282.8
2010,09,4,5,282.8
2010,09,4,6,283.1
2010,09,4,7,282.6
2010,09,5,0,282.0
2010,09,5,1,281.3
2010,09,5,2,281.5
2010,09,5,3,279.2
2010,09,5,4,278.9
2010,09,5,5,276.9
2010,09,5,6,277.4
2010,09,5,7,278.4
2010,09,6,0,277.5
2010,09,6,1,278.7
2010,09,6,2,278.3
2010,09,6,3,276.9
2010,09,6,4,277.0
2010,09,6,5,277.4
2010,09,6,6,277.8
2010,09,6,7,278.2
2010,09,7,0,279.2
2010,09,7,1,280.0
2010,09,7,2,280.3
2010,09,7,3,279.4
2010,09,7,4,279.8
2010,09,7,5,279.9
2010,09,7,6,279.7
2010,09,7,7,278.2
2010,09,8,0,279.2
2010,09,8,1,278.8
2010,09,8,2,277.4
2010,09,8,3,277.2
2010,09,8,4,276.9
2010,09,8,5,276.6
2010,09,8,6,275.9
2010,09,8,7,276.2
2010,09,9,0,275.9
2010,09,9,1,275.6
2010,09,9,2,275.0
2010,09,9,3,274.6
2010,09,9,4,275.4
2010,09,9,5,276.0
2010,09,9,6,276.7
2010,09,9,7,279.1
2010,09,10,0,279.7
2010,09,10,1,278.1
2010,09,10,2,279.2
2010,09,10,3,279.9
2010,09,10,4,279.4
2010,09,10,5,278.7
2010,09,10,6,278.1
2010,09,10,7,278.1
2010,09,11,0,277.6
2010,09,11,1,277.3
2010,09,11,2,277.8
2010,09,11,3,278.5
2010,09,11,4,278.9
2010,09,11,5,278.9
2010,09,11,6,278.8
2010,09,11,7,279.0
2010,09,12,0,278.9
2010,09,12,1,279.2
2010,09,12,2,280.6
2010,09,12,3,281.4
2010,09,12,4,281.5
2010,09,12,5,281.3
2010,09,12,6,281.3
2010,09,12,7,281.4
2010,09,13,0,282.2
2010,09,13,1,282.3
2010,09,13,2,281.4
2010,09,13,3,280.5
2010,09,13,4,281.0
2010,09,13,5,281.2
2010,09,13,6,281.6
2010,09,13,7,281.4
2010,09,14,0,281.9
2010,09,14,1,281.6
2010,09,14,2,281.7
2010,09,14,3,281.8
2010,09,14,4,282.3
2010,09,14,5,283.8
2010,09,14,6,283.1
2010,09,14,7,283.4
2010,09,15,0,284.2
2010,09,15,1,284.0
2010,09,15,2,283.4
2010,09,15,3,282.8
2010,09,15,4,284.1
2010,09,15,5,282.9
2010,09,15,6,283.2
2010,09,15,7,283.8
2010,09,16,0,285.5
2010,09,16,1,285.1
2010,09,16,2,284.1
2010,09,16,3,282.3
2010,09,16,4,282.2
2010,09,16,5,282.3
2010,09,16,6,281.7
2010,09,16,7,282.8
2010,09,17,0,282.7
2010,09,17,1,282.2
2010,09,17,2,281.3
2010,09,17,3,280.5
2010,09,17,4,280.8
2010,09,17,5,281.1
2010,09,17,6,282.0
2010,09,17,7,281.6
2010,09,18,0,282.0
2010,09,18,1,281.2
2010,09,18,2,280.3
2010,09,18,3,279.8
2010,09,18,4,280.4
2010,09,18,5,281.0
2010,09,18,6,279.3
2010,09,18,7,279.3
2010,09,19,0,279.6
2010,09,19,1,280.8
2010,09,19,2,280.3
2010,09,19,3,280.2
2010,09,19,4,279.9
2010,09,19,5,280.1
2010,09,19,6,279.3
2010,09,19,7,279.2
2010,09,20,0,279.8
2010,09,20,1,279.7
2010,09,20,2,279.0
2010,09,20,3,278.8
2010,09,20,4,279.6
2010,09,20,5,279.2
2010,09,20,6,279.2
2010,09,20,7,280.3
2010,09,21,0,280.0
2010,09,21,1,279.2
2010,09,21,2,279.4
2010,09,21,3,279.2
2010,09,21,4,279.7
2010,09,21,5,279.9
2010,09,21,6,280.2
2010,09,21,7,280.6
2010,09,22,0,281.3
2010,09,22,1,280.8
2010,09,22,2,280.2
2010,09,22,3,281.2
2010,09,22,4,281.5
2010,09,22,5,282.2
2010,09,22,6,281.2
2010,09,22,7,282.1
2010,09,23,0,283.4
2010,09,23,1,282.6
2010,09,23,2,281.5
2010,09,23,3,281.7
2010,09,23,4,282.6
2010,09,23,5,283.0
2010,09,23,6,282.6
2010,09,23,7,282.2
2010,09,24,0,283.5
2010,09,24,1,282.9
2010,09,24,2,281.3
2010,09,24,3,279.9
2010,09,24,4,280.6
2010,09,24,5,279.2
2010,09,24,6,279.4
2010,09,24,7,280.2
2010,09,25,0,280.5
2010,09,25,1,279.9
2010,09,25,2,279.4
2010,09,25,3,279.6
2010,09,25,4,280.0
2010,09,25,5,280.0
2010,09,25,6,279.8
2010,09,25,7,279.4
2010,09,26,0,280.4
2010,09,26,1,280.8
2010,09,26,2,280.7
2010,09,26,3,280.5
2010,09,26,4,280.3
2010,09,26,5,280.4
2010,09,26,6,280.1
2010,09,26,7,280.5
2010,09,27,0,282.2
2010,09,27,1,282.2
2010,09,27,2,281.4
2010,09,27,3,281.2
2010,09,27,4,281.8
2010,09,27,5,282.3
2010,09,27,6,281.5
2010,09,27,7,281.6
2010,09,28,0,282.0
2010,09,28,1,282.2
2010,09,28,2,282.6
2010,09,28,3,282.1
2010,09,28,4,282.1
2010,09,28,5,282.1
2010,09,28,6,282.0
2010,09,28,7,282.1
2010,09,29,0,282.5
2010,09,29,1,282.6
2010,09,29,2,281.5
2010,09,29,3,280.9
2010,09,29,4,281.0
2010,09,29,5,281.6
2010,09,29,6,281.2
2010,09,29,7,281.2
2010,09,30,0,281.2
2010,09,30,1,281.4
2010,09,30,2,281.0
2010,09,30,3,281.5
2010,09,30,4,282.9
2010,09,30,5,282.9
2010,09,30,6,283.1
2010,09,30,7,281.7
2010,09,1,0,282.5
2010,09,1,1,282.7
2010,09,1,2,282.6
2010,09,1,3,282.2
2010,09,1,4,282.6
2010,09,1,5,282.9
2010,09,1,6,282.7
2010,09,1,7,282.9
2010,09,2,0,283.5
2010,09,2,1,282.8
2010,09,2,2,282.4
2010,09,2,3,282.7
2010,09,2,4,282.6
2010,09,2,5,282.9
2010,09,2,6,282.9
2010,09,2,7,282.3
2010,09,3,0,281.9
2010,09,3,1,281.8
2010,09,3,2,281.8
2010,09,3,3,281.1
2010,09,3,4,281.1
2010,09,3,5,280.6
2010,09,3,6,280.7
2010,09,3,7,280.9
2010,09,4,0,281.5
2010,09,4,1,281.2
2010,09,4,2,280.9
2010,09,4,3,280.8
2010,09,4,4,281.6
2010,09,4,5,281.9
2010,09,4,6,281.4
2010,09,4,7,281.2
2010,09,5,0,282.5
2010,09,5,1,283.0
2010,09,5,2,282.7
2010,09,5,3,282.5
2010,09,5,4,282.2
2010,09,5,5,281.7
2010,09,5,6,281.7
2010,09,5,7,282.5
2010,09,6,0,282.7
2010,09,6,1,282.5
2010,09,6,2,282.1
2010,09,6,3,282.1
2010,09,6,4,282.7
2010,09,6,5,282.4
2010,09,6,6,282.1
2010,09,6,7,282.5
2010,09,7,0,282.6
2010,09,7,1,283.3
2010,09,7,2,283.4
2010,09,7,3,282.9
2010,09,7,4,282.9
2010,09,7,5,283.1
2010,09,7,6,282.8
2010,09,7,7,282.0
2010,09,8,0,282.5
2010,09,8,1,283.0
2010,09,8,2,283.0
2010,09,8,3,282.7
2010,09,8,4,282.3
2010,09,8,5,282.7
2010,09,8,6,281.7
2010,09,8,7,281.8
2010,09,9,0,281.7
2010,09,9,1,281.0
2010,09,9,2,282.1
2010,09,9,3,281.9
2010,09,9,4,283.2
2010,09,9,5,283.7
2010,09,9,6,282.5
2010,09,9,7,278.3
2010,09,10,0,280.4
2010,09,10,1,285.5
2010,09,10,2,285.5
2010,09,10,3,284.6
2010,09,10,4,283.6
2010,09,10,5,283.3
2010,09,10,6,282.0
2010,09,10,7,279.6
2010,09,11,0,280.2
2010,09,11,1,281.5
2010,09,11,2,281.1
2010,09,11,3,280.4
2010,09,11,4,280.0
2010,09,11,5,280.1
2010,09,11,6,279.6
2010,09,11,7,279.2
2010,09,12,0,280.9
2010,09,12,1,279.5
2010,09,12,2,280.3
2010,09,12,3,279.8
2010,09,12,4,279.5
2010,09,12,5,279.3
2010,09,12,6,279.6
2010,09,12,7,278.5
2010,09,13,0,282.4
2010,09,13,1,284.5
2010,09,13,2,283.2
2010,09,13,3,282.5
2010,09,13,4,281.5
2010,09,13,5,280.4
2010,09,13,6,279.9
2010,09,13,7,281.0
2010,09,14,0,285.1
2010,09,14,1,284.5
2010,09,14,2,283.4
2010,09,14,3,283.7
2010,09,14,4,283.5
2010,09,14,5,283.1
2010,09,14,6,282.7
2010,09,14,7,281.0
2010,09,15,0,281.3
2010,09,15,1,281.3
2010,09,15,2,280.7
2010,09,15,3,281.6
2010,09,15,4,282.5
2010,09,15,5,282.6
2010,09,15,6,282.7
2010,09,15,7,281.4
2010,09,16,0,281.3
2010,09,16,1,281.5
2010,09,16,2,281.2
2010,09,16,3,281.0
2010,09,16,4,281.6
2010,09,16,5,282.1
2010,09,16,6,282.0
2010,09,16,7,280.2
2010,09,17,0,280.5
2010,09,17,1,281.3
2010,09,17,2,280.9
2010,09,17,3,280.8
2010,09,17,4,280.8
2010,09,17,5,281.6
2010,09,17,6,281.5
2010,09,17,7,280.2
2010,09,18,0,281.6
2010,09,18,1,282.1
2010,09,18,2,281.4
2010,09,18,3,281.4
2010,09,18,4,281.7
2010,09,18,5,281.5
2010,09,18,6,281.1
2010,09,18,7,283.2
2010,09,19,0,281.0
2010,09,19,1,281.5
2010,09,19,2,281.6
2010,09,19,3,281.4
2010,09,19,4,281.3
2010,09,19,5,281.1
2010,09,19,6,280.4
2010,09,19,7,280.4
2010,09,20,0,280.3
2010,09,20,1,280.0
2010,09,20,2,280.0
2010,09,20,3,279.8
2010,09,20,4,280.1
2010,09,20,5,281.4
2010,09,20,6,280.8
2010,09,20,7,278.1
2010,09,21,0,281.6
2010,09,21,1,282.0
2010,09,21,2,282.1
2010,09,21,3,281.7
2010,09,21,4,280.2
2010,09,21,5,279.8
2010,09,21,6,277.1
2010,09,21,7,276.9
2010,09,22,0,280.3
2010,09,22,1,280.0
2010,09,22,2,283.1
2010,09,22,3,283.7
2010,09,22,4,284.5
2010,09,22,5,285.0
2010,09,22,6,284.3
2010,09,22,7,283.2
2010,09,23,0,283.8
2010,09,23,1,283.2
2010,09,23,2,283.1
2010,09,23,3,282.4
2010,09,23,4,282.2
2010,09,23,5,282.7
2010,09,23,6,282.5
2010,09,23,7,281.0
2010,09,24,0,280.0
2010,09,24,1,279.7
2010,09,24,2,280.1
2010,09,24,3,280.2
2010,09,24,4,280.1
2010,09,24,5,280.1
2010,09,24,6,279.6
2010,09,24,7,279.6
2010,09,25,0,280.0
2010,09,25,1,280.1
2010,09,25,2,279.9
2010,09,25,3,280.3
2010,09,25,4,280.6
2010,09,25,5,280.7
2010,09,25,6,280.7
2010,09,25,7,280.1
2010,09,26,0,280.6
2010,09,26,1,281.0
2010,09,26,2,280.2
2010,09,26,3,280.4
2010,09,26,4,280.9
2010,09,26,5,280.4
2010,09,26,6,280.0
2010,09,26,7,280.9
2010,09,27,0,282.5
2010,09,27,1,280.7
2010,09,27,2,279.7
2010,09,27,3,280.1
2010,09,27,4,279.8
2010,09,27,5,279.5
2010,09,27,6,279.3
2010,09,27,7,278.9
2010,09,28,0,278.9
2010,09,28,1,275.8
2010,09,28,2,280.0
2010,09,28,3,282.7
2010,09,28,4,283.2
2010,09,28,5,282.6
2010,09,28,6,283.5
2010,09,28,7,282.0
2010,09,29,0,281.0
2010,09,29,1,283.5
2010,09,29,2,285.0
2010,09,29,3,285.5
2010,09,29,4,285.4
2010,09,29,5,285.1
2010,09,29,6,285.0
2010,09,29,7,283.0
2010,09,30,0,283.9
2010,09,30,1,283.2
2010,09,30,2,282.2
2010,09,30,3,282.6
2010,09,30,4,282.5
2010,09,30,5,282.8
2010,09,30,6,283.0
2010,09,30,7,282.2
2010,09,31,0,281.9
2010,09,31,1,281.6
2010,09,31,2,281.3
2010,09,31,3,281.4
2010,09,31,4,280.3
2010,09,31,5,280.0
2010,09,31,6,279.2
2010,09,31,7,279.9
2010,09,1,0,280.7
2010,09,1,1,280.1
2010,09,1,2,279.9
2010,09,1,3,280.8
2010,09,1,4,280.6
2010,09,1,5,280.6
2010,09,1,6,281.4
2010,09,1,7,281.1
2010,09,2,0,280.9
2010,09,2,1,281.3
2010,09,2,2,281.1
2010,09,2,3,281.0
2010,09,2,4,280.3
2010,09,2,5,280.2
2010,09,2,6,280.1
2010,09,2,7,281.0
2010,09,3,0,281.4
2010,09,3,1,281.0
2010,09,3,2,280.4
2010,09,3,3,279.7
2010,09,3,4,279.4
2010,09,3,5,279.2
2010,09,3,6,279.4
2010,09,3,7,279.8
2010,09,4,0,280.3
2010,09,4,1,279.9
2010,09,4,2,279.9
2010,09,4,3,280.2
2010,09,4,4,280.5
2010,09,4,5,280.8
2010,09,4,6,280.8
2010,09,4,7,280.3
2010,09,5,0,281.0
2010,09,5,1,281.2
2010,09,5,2,281.1
2010,09,5,3,280.8
2010,09,5,4,280.9
2010,09,5,5,281.3
2010,09,5,6,282.4
2010,09,5,7,280.9
2010,09,6,0,280.6
2010,09,6,1,281.1
2010,09,6,2,281.2
2010,09,6,3,281.4
2010,09,6,4,281.1
2010,09,6,5,281.3
2010,09,6,6,280.7
2010,09,6,7,281.1
2010,09,7,0,281.1
2010,09,7,1,280.6
2010,09,7,2,280.1
2010,09,7,3,279.9
2010,09,7,4,280.8
2010,09,7,5,280.9
2010,09,7,6,280.7
2010,09,7,7,281.3
2010,09,8,0,281.6
2010,09,8,1,281.9
2010,09,8,2,282.2
2010,09,8,3,281.4
2010,09,8,4,281.5
2010,09,8,5,281.7
2010,09,8,6,281.5
2010,09,8,7,281.7
2010,09,9,0,282.0
2010,09,9,1,281.9
2010,09,9,2,281.4
2010,09,9,3,281.7
2010,09,9,4,281.9
2010,09,9,5,282.0
2010,09,9,6,281.7
2010,09,9,7,281.3
2010,09,10,0,281.2
2010,09,10,1,281.2
2010,09,10,2,280.7
2010,09,10,3,280.5
2010,09,10,4,280.4
2010,09,10,5,280.7
2010,09,10,6,280.6
2010,09,10,7,280.3
2010,09,11,0,280.2
2010,09,11,1,279.8
2010,09,11,2,279.3
2010,09,11,3,279.4
2010,09,11,4,279.9
2010,09,11,5,280.2
2010,09,11,6,279.8
2010,09,11,7,280.2
2010,09,12,0,280.1
2010,09,12,1,279.9
2010,09,12,2,279.6
2010,09,12,3,279.3
2010,09,12,4,279.4
2010,09,12,5,280.1
2010,09,12,6,280.7
2010,09,12,7,279.9
2010,09,13,0,279.6
2010,09,13,1,280.1
2010,09,13,2,279.6
2010,09,13,3,279.7
2010,09,13,4,279.4
2010,09,13,5,280.2
2010,09,13,6,280.3
2010,09,13,7,280.6
2010,09,14,0,280.0
2010,09,14,1,279.3
2010,09,14,2,278.4
2010,09,14,3,279.3
2010,09,14,4,280.1
2010,09,14,5,279.6
2010,09,14,6,278.0
2010,09,14,7,278.1
2010,09,15,0,278.2
2010,09,15,1,278.3
2010,09,15,2,277.8
2010,09,15,3,278.3
2010,09,15,4,278.9
2010,09,15,5,278.7
2010,09,15,6,278.4
2010,09,15,7,278.1
2010,09,16,0,278.0
2010,09,16,1,278.3
2010,09,16,2,278.5
2010,09,16,3,278.0
2010,09,16,4,279.1
2010,09,16,5,279.3
2010,09,16,6,279.6
2010,09,16,7,279.6
2010,09,17,0,280.6
2010,09,17,1,280.3
2010,09,17,2,280.5
2010,09,17,3,280.8
2010,09,17,4,280.5
2010,09,17,5,280.4
2010,09,17,6,280.0
2010,09,17,7,279.1
2010,09,18,0,280.2
2010,09,18,1,280.4
2010,09,18,2,280.1
2010,09,18,3,279.1
2010,09,18,4,279.9
2010,09,18,5,280.2
2010,09,18,6,281.0
2010,09,18,7,279.9
2010,09,19,0,278.3
2010,09,19,1,277.9
2010,09,19,2,279.5
2010,09,19,3,282.6
2010,09,19,4,283.3
2010,09,19,5,284.1
2010,09,19,6,283.9
2010,09,19,7,282.7
2010,09,20,0,282.9
2010,09,20,1,284.6
2010,09,20,2,285.7
2010,09,20,3,286.1
2010,09,20,4,285.6
2010,09,20,5,282.6
2010,09,20,6,282.8
2010,09,20,7,282.4
2010,09,21,0,282.1
2010,09,21,1,282.2
2010,09,21,2,281.7
2010,09,21,3,281.5
2010,09,21,4,281.5
2010,09,21,5,281.8
2010,09,21,6,281.7
2010,09,21,7,281.7
2010,09,22,0,282.3
2010,09,22,1,281.6
2010,09,22,2,280.3
2010,09,22,3,279.9
2010,09,22,4,279.3
2010,09,22,5,279.2
2010,09,22,6,278.8
2010,09,22,7,279.6
2010,09,23,0,279.2
2010,09,23,1,278.7
2010,09,23,2,279.6
2010,09,23,3,281.2
2010,09,23,4,281.8
2010,09,23,5,281.6
2010,09,23,6,280.6
2010,09,23,7,281.0
2010,09,24,0,281.6
2010,09,24,1,281.9
2010,09,24,2,281.4
2010,09,24,3,281.7
2010,09,24,4,281.8
2010,09,24,5,281.8
2010,09,24,6,282.7
2010,09,24,7,283.0
2010,09,25,0,281.9
2010,09,25,1,282.6
2010,09,25,2,282.2
2010,09,25,3,279.6
2010,09,25,4,281.1
2010,09,25,5,281.1
2010,09,25,6,280.2
2010,09,25,7,281.6
2010,09,26,0,281.9
2010,09,26,1,282.6
2010,09,26,2,280.8
2010,09,26,3,281.6
2010,09,26,4,280.9
2010,09,26,5,280.4
2010,09,26,6,282.0
2010,09,26,7,281.7
2010,09,27,0,281.7
2010,09,27,1,281.6
2010,09,27,2,281.4
2010,09,27,3,281.4
2010,09,27,4,281.1
2010,09,27,5,281.3
2010,09,27,6,281.1
2010,09,27,7,280.5
2010,09,28,0,280.0
2010,09,28,1,279.2
2010,09,28,2,279.4
2010,09,28,3,279.0
2010,09,28,4,280.0
2010,09,28,5,280.4
2010,09,28,6,281.0
2010,09,28,7,279.7
2010,09,29,0,280.0
2010,09,29,1,280.0
2010,09,29,2,280.1
2010,09,29,3,280.7
2010,09,29,4,280.4
2010,09,29,5,280.9
2010,09,29,6,281.1
2010,09,29,7,281.3
2010,09,30,0,281.5
2010,09,30,1,281.1
2010,09,30,2,281.1
2010,09,30,3,281.3
2010,09,30,4,281.4
2010,09,30,5,282.2
2010,09,30,6,282.5
2010,09,30,7,282.0
2010,09,1,0,282.2
2010,09,1,1,282.4
2010,09,1,2,281.9
2010,09,1,3,281.7
2010,09,1,4,281.9
2010,09,1,5,282.3
2010,09,1,6,281.9
2010,09,1,7,281.9
2010,09,2,0,282.0
2010,09,2,1,282.0
2010,09,2,2,281.6
2010,09,2,3,281.6
2010,09,2,4,281.9
2010,09,2,5,282.1
2010,09,2,6,281.9
2010,09,2,7,282.6
2010,09,3,0,282.8
2010,09,3,1,282.1
2010,09,3,2,281.9
2010,09,3,3,282.2
2010,09,3,4,282.9
2010,09,3,5,284.2
2010,09,3,6,284.1
2010,09,3,7,283.2
2010,09,4,0,283.4
2010,09,4,1,283.6
2010,09,4,2,283.5
2010,09,4,3,283.9
2010,09,4,4,283.7
2010,09,4,5,283.9
2010,09,4,6,283.9
2010,09,4,7,283.7
2010,09,5,0,283.9
2010,09,5,1,284.0
2010,09,5,2,283.2
2010,09,5,3,283.7
2010,09,5,4,284.4
2010,09,5,5,284.7
2010,09,5,6,284.9
2010,09,5,7,284.8
2010,09,6,0,284.8
2010,09,6,1,284.6
2010,09,6,2,284.4
2010,09,6,3,284.8
2010,09,6,4,284.5
2010,09,6,5,284.4
2010,09,6,6,284.1
2010,09,6,7,284.0
2010,09,7,0,283.8
2010,09,7,1,283.2
2010,09,7,2,283.1
2010,09,7,3,283.6
2010,09,7,4,284.6
2010,09,7,5,283.9
2010,09,7,6,284.8
2010,09,7,7,285.8
2010,09,8,0,285.8
2010,09,8,1,285.5
2010,09,8,2,285.5
2010,09,8,3,285.5
2010,09,8,4,287.0
2010,09,8,5,286.7
2010,09,8,6,286.3
2010,09,8,7,285.5
2010,09,9,0,285.5
2010,09,9,1,283.8
2010,09,9,2,284.4
2010,09,9,3,284.4
2010,09,9,4,284.1
2010,09,9,5,284.6
2010,09,9,6,283.8
2010,09,9,7,283.6
2010,09,10,0,284.0
2010,09,10,1,284.1
2010,09,10,2,284.2
2010,09,10,3,285.1
2010,09,10,4,284.6
2010,09,10,5,283.2
2010,09,10,6,282.4
2010,09,10,7,282.4
2010,09,11,0,284.5
2010,09,11,1,283.6
2010,09,11,2,283.8
2010,09,11,3,284.0
2010,09,11,4,285.2
2010,09,11,5,285.8
2010,09,11,6,285.4
2010,09,11,7,284.8
2010,09,12,0,285.2
2010,09,12,1,285.6
2010,09,12,2,285.0
2010,09,12,3,284.6
2010,09,12,4,284.8
2010,09,12,5,285.1
2010,09,12,6,285.0
2010,09,12,7,284.8
2010,09,13,0,284.6
2010,09,13,1,284.8
2010,09,13,2,284.8
2010,09,13,3,284.2
2010,09,13,4,284.6
2010,09,13,5,284.8
2010,09,13,6,284.5
2010,09,13,7,284.1
2010,09,14,0,284.0
2010,09,14,1,284.4
2010,09,14,2,284.3
2010,09,14,3,283.2
2010,09,14,4,283.5
2010,09,14,5,284.0
2010,09,14,6,283.3
2010,09,14,7,283.2
2010,09,15,0,283.3
2010,09,15,1,283.9
2010,09,15,2,282.5
2010,09,15,3,282.1
2010,09,15,4,282.3
2010,09,15,5,283.0
2010,09,15,6,283.1
2010,09,15,7,282.6
2010,09,16,0,283.0
2010,09,16,1,282.7
2010,09,16,2,281.6
2010,09,16,3,281.8
2010,09,16,4,283.4
2010,09,16,5,283.4
2010,09,16,6,283.0
2010,09,16,7,282.7
2010,09,17,0,282.8
2010,09,17,1,282.6
2010,09,17,2,281.8
2010,09,17,3,281.5
2010,09,17,4,281.5
2010,09,17,5,282.3
2010,09,17,6,281.7
2010,09,17,7,283.2
2010,09,18,0,282.4
2010,09,18,1,282.6
2010,09,18,2,282.1
2010,09,18,3,282.6
2010,09,18,4,282.8
2010,09,18,5,282.3
2010,09,18,6,282.0
2010,09,18,7,281.6
2010,09,19,0,281.6
2010,09,19,1,282.5
2010,09,19,2,282.2
2010,09,19,3,282.6
2010,09,19,4,282.8
2010,09,19,5,282.9
2010,09,19,6,283.6
2010,09,19,7,284.2
2010,09,20,0,282.9
2010,09,20,1,283.3
2010,09,20,2,282.9
2010,09,20,3,283.0
2010,09,20,4,283.1
2010,09,20,5,283.6
2010,09,20,6,284.0
2010,09,20,7,284.3
2010,09,21,0,284.8
2010,09,21,1,285.0
2010,09,21,2,284.4
2010,09,21,3,284.1
2010,09,21,4,284.4
2010,09,21,5,284.7
2010,09,21,6,284.4
2010,09,21,7,284.1
2010,09,22,0,284.7
2010,09,22,1,284.4
2010,09,22,2,283.8
2010,09,22,3,283.3
2010,09,22,4,283.4
2010,09,22,5,283.6
2010,09,22,6,283.5
2010,09,22,7,283.3
2010,09,23,0,283.4
2010,09,23,1,283.6
2010,09,23,2,282.7
2010,09,23,3,282.2
2010,09,23,4,282.5
2010,09,23,5,283.2
2010,09,23,6,283.3
2010,09,23,7,282.8
2010,09,24,0,283.0
2010,09,24,1,283.1
2010,09,24,2,283.1
2010,09,24,3,282.4
2010,09,24,4,282.6
2010,09,24,5,282.0
2010,09,24,6,281.8
2010,09,24,7,282.0
2010,09,25,0,282.5
2010,09,25,1,282.5
2010,09,25,2,281.7
2010,09,25,3,281.8
2010,09,25,4,282.3
2010,09,25,5,281.8
2010,09,25,6,282.6
2010,09,25,7,282.7
2010,09,26,0,283.0
2010,09,26,1,282.8
2010,09,26,2,282.9
2010,09,26,3,283.1
2010,09,26,4,283.2
2010,09,26,5,283.6
2010,09,26,6,283.0
2010,09,26,7,283.8
2010,09,27,0,284.8
2010,09,27,1,284.3
2010,09,27,2,284.0
2010,09,27,3,283.2
2010,09,27,4,283.0
2010,09,27,5,283.1
2010,09,27,6,283.2
2010,09,27,7,282.9
2010,09,28,0,282.9
2010,09,28,1,282.3
2010,09,28,2,281.9
2010,09,28,3,282.0
2010,09,28,4,282.0
2010,09,28,5,282.6
2010,09,28,6,282.5
2010,09,28,7,282.8
2010,09,29,0,283.0
2010,09,29,1,282.6
2010,09,29,2,283.1
2010,09,29,3,283.0
2010,09,29,4,283.2
2010,09,29,5,283.5
2010,09,29,6,284.2
2010,09,29,7,283.7
2010,09,30,0,282.0
2010,09,30,1,281.3
2010,09,30,2,282.4
2010,09,30,3,282.0
2010,09,30,4,281.6
2010,09,30,5,282.3
2010,09,30,6,282.3
2010,09,30,7,282.4
2010,09,31,0,282.1
2010,09,31,1,281.6
2010,09,31,2,281.3
2010,09,31,3,281.6
2010,09,31,4,281.3
2010,09,31,5,281.7
2010,09,31,6,281.9
2010,09,31,7,281.6
2011,09,1,0,282.0
2011,09,1,1,281.2
2011,09,1,2,281.1
2011,09,1,3,280.7
2011,09,1,4,281.2
2011,09,1,5,281.7
2011,09,1,6,281.8
2011,09,1,7,281.7
2011,09,2,0,281.5
2011,09,2,1,281.3
2011,09,2,2,281.3
2011,09,2,3,281.0
2011,09,2,4,281.3
2011,09,2,5,282.0
2011,09,2,6,282.5
2011,09,2,7,282.5
2011,09,3,0,282.7
2011,09,3,1,283.2
2011,09,3,2,282.1
2011,09,3,3,281.3
2011,09,3,4,281.1
2011,09,3,5,281.6
2011,09,3,6,281.1
2011,09,3,7,280.9
2011,09,4,0,280.8
2011,09,4,1,280.8
2011,09,4,2,281.1
2011,09,4,3,280.8
2011,09,4,4,281.2
2011,09,4,5,281.8
2011,09,4,6,282.0
2011,09,4,7,282.1
2011,09,5,0,281.8
2011,09,5,1,281.9
2011,09,5,2,281.7
2011,09,5,3,281.8
2011,09,5,4,281.8
2011,09,5,5,282.0
2011,09,5,6,281.6
2011,09,5,7,281.3
2011,09,6,0,281.4
2011,09,6,1,281.3
2011,09,6,2,280.9
2011,09,6,3,280.5
2011,09,6,4,281.9
2011,09,6,5,282.8
2011,09,6,6,282.4
2011,09,6,7,282.4
2011,09,7,0,282.2
2011,09,7,1,283.6
2011,09,7,2,282.4
2011,09,7,3,282.4
2011,09,7,4,284.3
2011,09,7,5,284.3
2011,09,7,6,283.1
2011,09,7,7,281.3
2011,09,8,0,282.9
2011,09,8,1,284.2
2011,09,8,2,283.6
2011,09,8,3,283.3
2011,09,8,4,283.0
2011,09,8,5,281.5
2011,09,8,6,280.8
2011,09,8,7,281.0
2011,09,9,0,281.2
2011,09,9,1,280.7
2011,09,9,2,280.1
2011,09,9,3,278.8
2011,09,9,4,279.6
2011,09,9,5,281.3
2011,09,9,6,281.5
2011,09,9,7,282.2
2011,09,10,0,282.1
2011,09,10,1,281.8
2011,09,10,2,281.5
2011,09,10,3,281.9
2011,09,10,4,283.3
2011,09,10,5,282.5
2011,09,10,6,282.6
2011,09,10,7,282.5
2011,09,11,0,282.4
2011,09,11,1,282.6
2011,09,11,2,282.2
2011,09,11,3,281.5
2011,09,11,4,281.9
2011,09,11,5,281.9
2011,09,11,6,281.2
2011,09,11,7,282.5
2011,09,12,0,282.9
2011,09,12,1,283.1
2011,09,12,2,281.8
2011,09,12,3,282.0
2011,09,12,4,282.7
2011,09,12,5,282.9
2011,09,12,6,282.9
2011,09,12,7,282.7
2011,09,13,0,282.3
2011,09,13,1,282.2
2011,09,13,2,282.2
2011,09,13,3,281.7
2011,09,13,4,281.9
2011,09,13,5,282.0
2011,09,13,6,282.6
2011,09,13,7,282.5
2011,09,14,0,282.9
2011,09,14,1,283.4
2011,09,14,2,283.0
2011,09,14,3,283.1
2011,09,14,4,283.3
2011,09,14,5,283.1
2011,09,14,6,283.1
2011,09,14,7,283.4
2011,09,15,0,284.0
2011,09,15,1,284.2
2011,09,15,2,283.5
2011,09,15,3,283.4
2011,09,15,4,283.0
2011,09,15,5,283.2
2011,09,15,6,282.8
2011,09,15,7,283.1
2011,09,16,0,283.2
2011,09,16,1,283.0
2011,09,16,2,282.3
2011,09,16,3,282.3
2011,09,16,4,283.6
2011,09,16,5,284.6
2011,09,16,6,284.8
2011,09,16,7,285.0
2011,09,17,0,284.8
2011,09,17,1,284.8
2011,09,17,2,284.2
2011,09,17,3,283.7
2011,09,17,4,284.1
2011,09,17,5,284.6
2011,09,17,6,284.5
2011,09,17,7,283.6
2011,09,18,0,283.4
2011,09,18,1,283.5
2011,09,18,2,283.5
2011,09,18,3,284.0
2011,09,18,4,284.1
2011,09,18,5,284.3
2011,09,18,6,284.6
2011,09,18,7,284.7
2011,09,19,0,284.3
2011,09,19,1,283.8
2011,09,19,2,283.0
2011,09,19,3,282.6
2011,09,19,4,283.1
2011,09,19,5,283.4
2011,09,19,6,283.4
2011,09,19,7,283.5
2011,09,20,0,283.9
2011,09,20,1,284.0
2011,09,20,2,283.2
2011,09,20,3,282.7
2011,09,20,4,282.7
2011,09,20,5,283.0
2011,09,20,6,283.0
2011,09,20,7,282.8
2011,09,21,0,283.6
2011,09,21,1,284.0
2011,09,21,2,283.6
2011,09,21,3,282.9
2011,09,21,4,283.2
2011,09,21,5,283.5
2011,09,21,6,282.7
2011,09,21,7,281.9
2011,09,22,0,282.0
2011,09,22,1,281.9
2011,09,22,2,281.5
2011,09,22,3,281.4
2011,09,22,4,281.9
2011,09,22,5,282.4
2011,09,22,6,282.5
2011,09,22,7,282.6
2011,09,23,0,282.9
2011,09,23,1,282.5
2011,09,23,2,281.8
2011,09,23,3,282.0
2011,09,23,4,282.3
2011,09,23,5,282.6
2011,09,23,6,282.6
2011,09,23,7,283.5
2011,09,24,0,284.1
2011,09,24,1,283.8
2011,09,24,2,283.6
2011,09,24,3,284.0
2011,09,24,4,283.7
2011,09,24,5,284.3
2011,09,24,6,285.8
2011,09,24,7,285.8
2011,09,25,0,284.3
2011,09,25,1,283.9
2011,09,25,2,285.6
2011,09,25,3,285.5
2011,09,25,4,285.6
2011,09,25,5,283.5
2011,09,25,6,280.9
2011,09,25,7,281.1
2011,09,26,0,281.2
2011,09,26,1,280.6
2011,09,26,2,280.1
2011,09,26,3,279.8
2011,09,26,4,280.6
2011,09,26,5,281.2
2011,09,26,6,281.5
2011,09,26,7,281.3
2011,09,27,0,281.1
2011,09,27,1,280.9
2011,09,27,2,280.7
2011,09,27,3,280.7
2011,09,27,4,281.5
2011,09,27,5,282.4
2011,09,27,6,282.5
2011,09,27,7,282.4
2011,09,28,0,281.8
2011,09,28,1,281.1
2011,09,28,2,280.7
2011,09,28,3,279.8
2011,09,28,4,282.4
2011,09,28,5,283.8
2011,09,28,6,284.4
2011,09,28,7,285.1
2011,09,29,0,284.9
2011,09,29,1,283.7
2011,09,29,2,283.7
2011,09,29,3,285.2
2011,09,29,4,284.7
2011,09,29,5,284.2
2011,09,29,6,285.3
2011,09,29,7,285.5
2011,09,30,0,284.8
2011,09,30,1,284.2
2011,09,30,2,283.3
2011,09,30,3,284.2
2011,09,30,4,285.5
2011,09,30,5,285.8
2011,09,30,6,285.1
2011,09,30,7,284.5
2011,09,31,0,284.3
2011,09,31,1,284.3
2011,09,31,2,283.8
2011,09,31,3,283.6
2011,09,31,4,284.4
2011,09,31,5,284.7
2011,09,31,6,284.5
2011,09,31,7,284.4
2011,09,1,0,283.4
2011,09,1,1,283.7
2011,09,1,2,283.6
2011,09,1,3,283.4
2011,09,1,4,283.6
2011,09,1,5,284.0
2011,09,1,6,284.6
2011,09,1,7,285.0
2011,09,2,0,284.6
2011,09,2,1,284.5
2011,09,2,2,284.7
2011,09,2,3,284.6
2011,09,2,4,284.7
2011,09,2,5,285.0
2011,09,2,6,285.0
2011,09,2,7,284.9
2011,09,3,0,285.0
2011,09,3,1,285.3
2011,09,3,2,284.4
2011,09,3,3,284.5
2011,09,3,4,284.8
2011,09,3,5,284.6
2011,09,3,6,284.6
2011,09,3,7,284.8
2011,09,4,0,285.1
2011,09,4,1,284.8
2011,09,4,2,284.1
2011,09,4,3,284.2
2011,09,4,4,283.9
2011,09,4,5,283.6
2011,09,4,6,283.9
2011,09,4,7,284.0
2011,09,5,0,284.3
2011,09,5,1,283.9
2011,09,5,2,282.8
2011,09,5,3,282.0
2011,09,5,4,282.4
2011,09,5,5,282.6
2011,09,5,6,282.7
2011,09,5,7,283.0
2011,09,6,0,283.2
2011,09,6,1,282.6
2011,09,6,2,282.1
2011,09,6,3,281.6
2011,09,6,4,281.9
2011,09,6,5,282.2
2011,09,6,6,282.2
2011,09,6,7,282.3
2011,09,7,0,282.4
2011,09,7,1,282.3
2011,09,7,2,281.7
2011,09,7,3,282.0
2011,09,7,4,281.9
2011,09,7,5,281.9
2011,09,7,6,281.9
2011,09,7,7,281.8
2011,09,8,0,281.6
2011,09,8,1,281.1
2011,09,8,2,281.7
2011,09,8,3,281.3
2011,09,8,4,280.3
2011,09,8,5,280.9
2011,09,8,6,281.3
2011,09,8,7,281.5
2011,09,9,0,281.1
2011,09,9,1,280.5
2011,09,9,2,279.0
2011,09,9,3,279.8
2011,09,9,4,281.4
2011,09,9,5,281.8
2011,09,9,6,282.0
2011,09,9,7,281.7
2011,09,10,0,281.4
2011,09,10,1,281.0
2011,09,10,2,280.8
2011,09,10,3,280.6
2011,09,10,4,280.6
2011,09,10,5,281.0
2011,09,10,6,281.9
2011,09,10,7,282.2
2011,09,11,0,282.4
2011,09,11,1,282.4
2011,09,11,2,281.9
2011,09,11,3,281.1
2011,09,11,4,281.2
2011,09,11,5,282.0
2011,09,11,6,282.6
2011,09,11,7,281.9
2011,09,12,0,283.5
2011,09,12,1,284.6
2011,09,12,2,283.6
2011,09,12,3,284.3
2011,09,12,4,283.3
2011,09,12,5,283.6
2011,09,12,6,283.7
2011,09,12,7,284.2
2011,09,13,0,284.0
2011,09,13,1,283.5
2011,09,13,2,282.9
2011,09,13,3,283.4
2011,09,13,4,283.8
2011,09,13,5,284.2
2011,09,13,6,285.2
2011,09,13,7,285.5
2011,09,14,0,285.1
2011,09,14,1,284.4
2011,09,14,2,283.9
2011,09,14,3,285.4
2011,09,14,4,285.3
2011,09,14,5,284.5
2011,09,14,6,285.2
2011,09,14,7,285.5
2011,09,15,0,284.7
2011,09,15,1,284.6
2011,09,15,2,284.5
2011,09,15,3,284.6
2011,09,15,4,284.9
2011,09,15,5,283.7
2011,09,15,6,283.1
2011,09,15,7,282.6
2011,09,16,0,282.6
2011,09,16,1,282.1
2011,09,16,2,280.9
2011,09,16,3,280.9
2011,09,16,4,281.1
2011,09,16,5,281.3
2011,09,16,6,281.2
2011,09,16,7,281.1
2011,09,17,0,281.4
2011,09,17,1,280.0
2011,09,17,2,278.4
2011,09,17,3,278.0
2011,09,17,4,280.8
2011,09,17,5,280.8
2011,09,17,6,280.9
2011,09,17,7,281.4
2011,09,18,0,282.2
2011,09,18,1,283.4
2011,09,18,2,284.3
2011,09,18,3,284.4
2011,09,18,4,284.1
2011,09,18,5,283.4
2011,09,18,6,281.2
2011,09,18,7,280.8
2011,09,19,0,280.6
2011,09,19,1,280.4
2011,09,19,2,280.2
2011,09,19,3,280.0
2011,09,19,4,280.5
2011,09,19,5,281.2
2011,09,19,6,281.4
2011,09,19,7,281.5
2011,09,20,0,281.4
2011,09,20,1,281.1
2011,09,20,2,280.8
2011,09,20,3,280.7
2011,09,20,4,281.0
2011,09,20,5,281.3
2011,09,20,6,281.6
2011,09,20,7,281.6
2011,09,21,0,281.8
2011,09,21,1,281.9
2011,09,21,2,281.8
2011,09,21,3,282.0
2011,09,21,4,282.4
2011,09,21,5,283.1
2011,09,21,6,283.0
2011,09,21,7,282.3
2011,09,22,0,282.7
2011,09,22,1,282.9
2011,09,22,2,282.5
2011,09,22,3,282.5
2011,09,22,4,282.8
2011,09,22,5,283.2
2011,09,22,6,283.3
2011,09,22,7,283.1
2011,09,23,0,282.9
2011,09,23,1,282.7
2011,09,23,2,282.1
2011,09,23,3,282.0
2011,09,23,4,282.0
2011,09,23,5,282.5
2011,09,23,6,282.8
2011,09,23,7,282.6
2011,09,24,0,282.1
2011,09,24,1,282.1
2011,09,24,2,282.1
2011,09,24,3,282.3
2011,09,24,4,282.2
2011,09,24,5,282.3
2011,09,24,6,282.7
2011,09,24,7,282.9
2011,09,25,0,282.8
2011,09,25,1,282.4
2011,09,25,2,282.1
2011,09,25,3,282.0
2011,09,25,4,282.3
2011,09,25,5,281.7
2011,09,25,6,282.5
2011,09,25,7,282.9
2011,09,26,0,283.4
2011,09,26,1,282.6
2011,09,26,2,281.9
2011,09,26,3,282.0
2011,09,26,4,282.0
2011,09,26,5,282.5
2011,09,26,6,282.2
2011,09,26,7,282.3
2011,09,27,0,282.5
2011,09,27,1,282.3
2011,09,27,2,281.7
2011,09,27,3,281.9
2011,09,27,4,282.1
2011,09,27,5,282.2
2011,09,27,6,282.1
2011,09,27,7,282.3
2011,09,28,0,282.4
2011,09,28,1,282.7
2011,09,28,2,281.6
2011,09,28,3,281.0
2011,09,28,4,281.9
2011,09,28,5,282.5
2011,09,28,6,282.2
2011,09,28,7,281.7
2011,09,1,0,281.7
2011,09,1,1,282.2
2011,09,1,2,282.3
2011,09,1,3,281.7
2011,09,1,4,281.9
2011,09,1,5,282.4
2011,09,1,6,282.5
2011,09,1,7,282.4
2011,09,2,0,282.0
2011,09,2,1,281.6
2011,09,2,2,281.2
2011,09,2,3,281.1
2011,09,2,4,281.6
2011,09,2,5,282.4
2011,09,2,6,281.3
2011,09,2,7,281.9
2011,09,3,0,282.0
2011,09,3,1,281.3
2011,09,3,2,280.9
2011,09,3,3,280.7
2011,09,3,4,280.6
2011,09,3,5,280.6
2011,09,3,6,280.4
2011,09,3,7,280.1
2011,09,4,0,280.5
2011,09,4,1,280.8
2011,09,4,2,280.1
2011,09,4,3,280.1
2011,09,4,4,280.2
2011,09,4,5,280.5
2011,09,4,6,280.3
2011,09,4,7,279.8
2011,09,5,0,280.0
2011,09,5,1,280.1
2011,09,5,2,280.1
2011,09,5,3,279.6
2011,09,5,4,278.8
2011,09,5,5,279.8
2011,09,5,6,279.4
2011,09,5,7,279.0
2011,09,6,0,279.6
2011,09,6,1,279.6
2011,09,6,2,280.3
2011,09,6,3,280.1
2011,09,6,4,280.5
2011,09,6,5,280.6
2011,09,6,6,279.9
2011,09,6,7,280.1
2011,09,7,0,280.5
2011,09,7,1,279.8
2011,09,7,2,280.8
2011,09,7,3,281.3
2011,09,7,4,281.2
2011,09,7,5,280.4
2011,09,7,6,280.7
2011,09,7,7,280.2
2011,09,8,0,280.7
2011,09,8,1,281.5
2011,09,8,2,281.1
2011,09,8,3,281.5
2011,09,8,4,281.7
2011,09,8,5,281.7
2011,09,8,6,280.9
2011,09,8,7,280.7
2011,09,9,0,281.4
2011,09,9,1,282.0
2011,09,9,2,282.0
2011,09,9,3,281.8
2011,09,9,4,282.3
2011,09,9,5,282.5
2011,09,9,6,282.1
2011,09,9,7,282.2
2011,09,10,0,281.8
2011,09,10,1,281.6
2011,09,10,2,281.4
2011,09,10,3,281.4
2011,09,10,4,282.0
2011,09,10,5,281.8
2011,09,10,6,282.0
2011,09,10,7,282.3
2011,09,11,0,283.2
2011,09,11,1,283.5
2011,09,11,2,282.3
2011,09,11,3,281.6
2011,09,11,4,282.3
2011,09,11,5,282.9
2011,09,11,6,282.3
2011,09,11,7,282.7
2011,09,12,0,283.1
2011,09,12,1,282.2
2011,09,12,2,282.6
2011,09,12,3,283.2
2011,09,12,4,282.9
2011,09,12,5,282.9
2011,09,12,6,282.6
2011,09,12,7,282.2
2011,09,13,0,282.2
2011,09,13,1,282.8
2011,09,13,2,283.3
2011,09,13,3,282.1
2011,09,13,4,281.7
2011,09,13,5,281.8
2011,09,13,6,282.1
2011,09,13,7,282.4
2011,09,14,0,283.1
2011,09,14,1,283.7
2011,09,14,2,283.6
2011,09,14,3,283.0
2011,09,14,4,282.6
2011,09,14,5,282.4
2011,09,14,6,282.1
2011,09,14,7,281.2
2011,09,15,0,283.4
2011,09,15,1,283.2
2011,09,15,2,282.7
2011,09,15,3,282.4
2011,09,15,4,282.3
2011,09,15,5,282.6
2011,09,15,6,282.5
2011,09,15,7,282.0
2011,09,16,0,282.6
2011,09,16,1,283.0
2011,09,16,2,282.8
2011,09,16,3,282.5
2011,09,16,4,282.1
2011,09,16,5,282.6
2011,09,16,6,282.2
2011,09,16,7,281.7
2011,09,17,0,282.5
2011,09,17,1,282.6
2011,09,17,2,282.0
2011,09,17,3,282.3
2011,09,17,4,282.0
2011,09,17,5,281.7
2011,09,17,6,281.8
2011,09,17,7,281.9
2011,09,18,0,282.7
2011,09,18,1,282.7
2011,09,18,2,282.3
2011,09,18,3,281.8
2011,09,18,4,281.7
2011,09,18,5,282.0
2011,09,18,6,282.0
2011,09,18,7,281.7
2011,09,19,0,282.4
2011,09,19,1,284.0
2011,09,19,2,284.2
2011,09,19,3,283.5
2011,09,19,4,283.9
2011,09,19,5,284.0
2011,09,19,6,285.4
2011,09,19,7,285.6
2011,09,20,0,285.3
2011,09,20,1,283.4
2011,09,20,2,282.7
2011,09,20,3,282.9
2011,09,20,4,283.2
2011,09,20,5,282.6
2011,09,20,6,281.6
2011,09,20,7,281.7
2011,09,21,0,282.5
2011,09,21,1,282.7
2011,09,21,2,281.6
2011,09,21,3,280.9
2011,09,21,4,281.3
2011,09,21,5,281.1
2011,09,21,6,280.6
2011,09,21,7,281.8
2011,09,22,0,282.0
2011,09,22,1,282.0
2011,09,22,2,283.7
2011,09,22,3,283.2
2011,09,22,4,283.7
2011,09,22,5,281.3
2011,09,22,6,281.0
2011,09,22,7,281.1
2011,09,23,0,282.1
2011,09,23,1,282.6
2011,09,23,2,283.2
2011,09,23,3,283.6
2011,09,23,4,283.2
2011,09,23,5,282.0
2011,09,23,6,281.6
2011,09,23,7,281.3
2011,09,24,0,282.8
2011,09,24,1,282.9
2011,09,24,2,281.7
2011,09,24,3,281.4
2011,09,24,4,281.8
2011,09,24,5,282.3
2011,09,24,6,282.2
2011,09,24,7,281.8
2011,09,25,0,282.0
2011,09,25,1,282.2
2011,09,25,2,282.0
2011,09,25,3,281.9
2011,09,25,4,282.7
2011,09,25,5,283.5
2011,09,25,6,283.2
2011,09,25,7,282.6
2011,09,26,0,282.9
2011,09,26,1,282.9
2011,09,26,2,282.8
2011,09,26,3,283.0
2011,09,26,4,283.2
2011,09,26,5,283.4
2011,09,26,6,283.2
2011,09,26,7,282.6
2011,09,27,0,283.2
2011,09,27,1,283.3
2011,09,27,2,282.9
2011,09,27,3,282.8
2011,09,27,4,283.1
2011,09,27,5,283.4
2011,09,27,6,283.5
2011,09,27,7,283.2
2011,09,28,0,283.1
2011,09,28,1,282.9
2011,09,28,2,282.2
2011,09,28,3,281.9
2011,09,28,4,282.3
2011,09,28,5,282.8
2011,09,28,6,282.8
2011,09,28,7,282.8
2011,09,29,0,282.7
2011,09,29,1,282.4
2011,09,29,2,282.2
2011,09,29,3,282.3
2011,09,29,4,283.1
2011,09,29,5,283.6
2011,09,29,6,283.5
2011,09,29,7,282.8
2011,09,30,0,282.4
2011,09,30,1,282.1
2011,09,30,2,282.2
2011,09,30,3,282.1
2011,09,30,4,282.4
2011,09,30,5,282.9
2011,09,30,6,282.8
2011,09,30,7,282.4
2011,09,31,0,282.4
2011,09,31,1,282.9
2011,09,31,2,282.4
2011,09,31,3,282.3
2011,09,31,4,282.2
2011,09,31,5,282.3
2011,09,31,6,282.6
2011,09,31,7,282.4
2011,09,1,0,282.6
2011,09,1,1,282.1
2011,09,1,2,280.3
2011,09,1,3,282.0
2011,09,1,4,282.4
2011,09,1,5,282.6
2011,09,1,6,282.4
2011,09,1,7,281.9
2011,09,2,0,281.8
2011,09,2,1,281.9
2011,09,2,2,281.7
2011,09,2,3,281.2
2011,09,2,4,281.4
2011,09,2,5,281.9
2011,09,2,6,282.2
2011,09,2,7,282.2
2011,09,3,0,282.3
2011,09,3,1,282.9
2011,09,3,2,282.5
2011,09,3,3,281.9
2011,09,3,4,282.0
2011,09,3,5,281.6
2011,09,3,6,281.3
2011,09,3,7,281.6
2011,09,4,0,282.4
2011,09,4,1,282.0
2011,09,4,2,281.9
2011,09,4,3,281.3
2011,09,4,4,280.6
2011,09,4,5,280.1
2011,09,4,6,281.0
2011,09,4,7,281.4
2011,09,5,0,281.6
2011,09,5,1,281.5
2011,09,5,2,280.7
2011,09,5,3,280.8
2011,09,5,4,281.5
2011,09,5,5,281.7
2011,09,5,6,282.0
2011,09,5,7,281.6
2011,09,6,0,281.3
2011,09,6,1,282.0
2011,09,6,2,281.4
2011,09,6,3,281.0
2011,09,6,4,281.4
2011,09,6,5,282.6
2011,09,6,6,282.3
2011,09,6,7,281.4
2011,09,7,0,281.0
2011,09,7,1,281.1
2011,09,7,2,282.6
2011,09,7,3,283.1
2011,09,7,4,284.2
2011,09,7,5,284.0
2011,09,7,6,281.3
2011,09,7,7,278.7
2011,09,8,0,278.8
2011,09,8,1,278.8
2011,09,8,2,278.7
2011,09,8,3,278.7
2011,09,8,4,280.0
2011,09,8,5,279.1
2011,09,8,6,279.6
2011,09,8,7,279.8
2011,09,9,0,279.4
2011,09,9,1,278.9
2011,09,9,2,279.0
2011,09,9,3,279.4
2011,09,9,4,279.6
2011,09,9,5,279.9
2011,09,9,6,279.5
2011,09,9,7,279.2
2011,09,10,0,280.2
2011,09,10,1,280.5
2011,09,10,2,280.0
2011,09,10,3,280.0
2011,09,10,4,280.0
2011,09,10,5,280.1
2011,09,10,6,280.8
2011,09,10,7,281.2
2011,09,11,0,281.1
2011,09,11,1,281.2
2011,09,11,2,280.9
2011,09,11,3,280.2
2011,09,11,4,280.6
2011,09,11,5,281.3
2011,09,11,6,281.7
2011,09,11,7,281.7
2011,09,12,0,281.5
2011,09,12,1,281.5
2011,09,12,2,281.5
2011,09,12,3,281.6
2011,09,12,4,282.3
2011,09,12,5,283.2
2011,09,12,6,282.5
2011,09,12,7,282.1
2011,09,13,0,283.7
2011,09,13,1,284.2
2011,09,13,2,284.0
2011,09,13,3,284.0
2011,09,13,4,284.3
2011,09,13,5,284.4
2011,09,13,6,284.6
2011,09,13,7,284.3
2011,09,14,0,284.5
2011,09,14,1,285.0
2011,09,14,2,285.2
2011,09,14,3,285.5
2011,09,14,4,286.0
2011,09,14,5,286.5
2011,09,14,6,286.0
2011,09,14,7,285.5
2011,09,15,0,285.5
2011,09,15,1,285.2
2011,09,15,2,284.7
2011,09,15,3,284.4
2011,09,15,4,284.6
2011,09,15,5,284.7
2011,09,15,6,284.3
2011,09,15,7,283.6
2011,09,16,0,283.6
2011,09,16,1,283.5
2011,09,16,2,283.2
2011,09,16,3,283.4
2011,09,16,4,283.1
2011,09,16,5,282.9
2011,09,16,6,282.8
2011,09,16,7,283.6
2011,09,17,0,283.1
2011,09,17,1,282.5
2011,09,17,2,282.1
2011,09,17,3,281.5
2011,09,17,4,282.2
2011,09,17,5,282.7
2011,09,17,6,283.2
2011,09,17,7,283.8
2011,09,18,0,284.0
2011,09,18,1,283.3
2011,09,18,2,283.2
2011,09,18,3,282.9
2011,09,18,4,283.1
2011,09,18,5,283.3
2011,09,18,6,282.2
2011,09,18,7,281.3
2011,09,19,0,280.6
2011,09,19,1,280.2
2011,09,19,2,279.4
2011,09,19,3,278.4
2011,09,19,4,277.8
2011,09,19,5,279.2
2011,09,19,6,278.9
2011,09,19,7,278.9
2011,09,20,0,279.3
2011,09,20,1,279.3
2011,09,20,2,279.3
2011,09,20,3,280.0
2011,09,20,4,279.8
2011,09,20,5,280.0
2011,09,20,6,279.7
2011,09,20,7,279.6
2011,09,21,0,280.1
2011,09,21,1,278.5
2011,09,21,2,279.0
2011,09,21,3,279.3
2011,09,21,4,279.7
2011,09,21,5,280.6
2011,09,21,6,280.6
2011,09,21,7,280.6
2011,09,22,0,280.7
2011,09,22,1,280.6
2011,09,22,2,280.5
2011,09,22,3,280.9
2011,09,22,4,281.2
2011,09,22,5,281.1
2011,09,22,6,281.3
2011,09,22,7,281.0
2011,09,23,0,280.8
2011,09,23,1,280.5
2011,09,23,2,280.0
2011,09,23,3,280.0
2011,09,23,4,280.2
2011,09,23,5,280.6
2011,09,23,6,280.9
2011,09,23,7,280.9
2011,09,24,0,280.8
2011,09,24,1,280.6
2011,09,24,2,280.4
2011,09,24,3,280.7
2011,09,24,4,281.4
2011,09,24,5,281.5
2011,09,24,6,280.3
2011,09,24,7,279.7
2011,09,25,0,280.1
2011,09,25,1,279.5
2011,09,25,2,279.1
2011,09,25,3,280.0
2011,09,25,4,281.1
2011,09,25,5,280.9
2011,09,25,6,280.8
2011,09,25,7,280.5
2011,09,26,0,280.5
2011,09,26,1,280.4
2011,09,26,2,279.9
2011,09,26,3,279.8
2011,09,26,4,280.3
2011,09,26,5,279.6
2011,09,26,6,279.2
2011,09,26,7,278.8
2011,09,27,0,278.9
2011,09,27,1,278.9
2011,09,27,2,278.3
2011,09,27,3,278.0
2011,09,27,4,278.3
2011,09,27,5,279.3
2011,09,27,6,279.0
2011,09,27,7,278.4
2011,09,28,0,278.8
2011,09,28,1,278.9
2011,09,28,2,278.7
2011,09,28,3,278.6
2011,09,28,4,279.3
2011,09,28,5,279.8
2011,09,28,6,279.8
2011,09,28,7,280.2
2011,09,29,0,280.6
2011,09,29,1,280.3
2011,09,29,2,279.5
2011,09,29,3,279.5
2011,09,29,4,280.0
2011,09,29,5,280.2
2011,09,29,6,280.2
2011,09,29,7,280.0
2011,09,30,0,279.9
2011,09,30,1,280.0
2011,09,30,2,280.4
2011,09,30,3,280.6
2011,09,30,4,280.8
2011,09,30,5,280.9
2011,09,30,6,280.5
2011,09,30,7,279.9
2011,09,1,0,279.6
2011,09,1,1,279.1
2011,09,1,2,278.7
2011,09,1,3,278.6
2011,09,1,4,278.6
2011,09,1,5,279.0
2011,09,1,6,279.7
2011,09,1,7,280.0
2011,09,2,0,280.0
2011,09,2,1,280.1
2011,09,2,2,278.9
2011,09,2,3,279.2
2011,09,2,4,280.1
2011,09,2,5,280.7
2011,09,2,6,280.9
2011,09,2,7,281.0
2011,09,3,0,280.9
2011,09,3,1,280.5
2011,09,3,2,279.2
2011,09,3,3,279.4
2011,09,3,4,280.0
2011,09,3,5,280.5
2011,09,3,6,280.5
2011,09,3,7,280.4
2011,09,4,0,280.8
2011,09,4,1,280.6
2011,09,4,2,279.2
2011,09,4,3,279.3
2011,09,4,4,279.5
2011,09,4,5,280.2
2011,09,4,6,280.6
2011,09,4,7,280.3
2011,09,5,0,279.3
2011,09,5,1,279.1
2011,09,5,2,279.5
2011,09,5,3,281.4
2011,09,5,4,283.7
2011,09,5,5,284.6
2011,09,5,6,284.7
2011,09,5,7,283.9
2011,09,6,0,282.6
2011,09,6,1,281.5
2011,09,6,2,279.8
2011,09,6,3,279.0
2011,09,6,4,277.1
2011,09,6,5,277.3
2011,09,6,6,278.5
2011,09,6,7,279.2
2011,09,7,0,278.5
2011,09,7,1,278.5
2011,09,7,2,279.2
2011,09,7,3,281.5
2011,09,7,4,282.9
2011,09,7,5,283.4
2011,09,7,6,282.5
2011,09,7,7,282.0
2011,09,8,0,282.4
2011,09,8,1,282.4
2011,09,8,2,282.4
2011,09,8,3,282.4
2011,09,8,4,281.9
2011,09,8,5,282.3
2011,09,8,6,282.3
2011,09,8,7,282.5
2011,09,9,0,282.9
2011,09,9,1,282.6
2011,09,9,2,282.3
2011,09,9,3,282.8
2011,09,9,4,283.3
2011,09,9,5,284.0
2011,09,9,6,283.4
2011,09,9,7,282.2
2011,09,10,0,282.2
2011,09,10,1,282.3
2011,09,10,2,281.4
2011,09,10,3,282.3
2011,09,10,4,282.9
2011,09,10,5,283.2
2011,09,10,6,282.3
2011,09,10,7,281.5
2011,09,11,0,281.2
2011,09,11,1,280.6
2011,09,11,2,281.6
2011,09,11,3,282.9
2011,09,11,4,283.1
2011,09,11,5,282.4
2011,09,11,6,281.5
2011,09,11,7,280.0
2011,09,12,0,280.5
2011,09,12,1,280.7
2011,09,12,2,279.6
2011,09,12,3,280.5
2011,09,12,4,281.4
2011,09,12,5,282.6
2011,09,12,6,283.1
2011,09,12,7,282.6
2011,09,13,0,281.8
2011,09,13,1,281.6
2011,09,13,2,280.7
2011,09,13,3,280.1
2011,09,13,4,280.8
2011,09,13,5,281.3
2011,09,13,6,280.5
2011,09,13,7,279.6
2011,09,14,0,279.6
2011,09,14,1,279.3
2011,09,14,2,278.4
2011,09,14,3,278.4
2011,09,14,4,278.1
2011,09,14,5,277.9
2011,09,14,6,277.9
2011,09,14,7,278.4
2011,09,15,0,278.6
2011,09,15,1,278.6
2011,09,15,2,279.2
2011,09,15,3,280.1
2011,09,15,4,281.0
2011,09,15,5,281.6
2011,09,15,6,280.0
2011,09,15,7,279.6
2011,09,16,0,278.8
2011,09,16,1,278.5
2011,09,16,2,277.9
2011,09,16,3,277.8
2011,09,16,4,277.7
2011,09,16,5,278.6
2011,09,16,6,278.3
2011,09,16,7,277.0
2011,09,17,0,276.6
2011,09,17,1,276.4
2011,09,17,2,276.3
2011,09,17,3,276.2
2011,09,17,4,276.3
2011,09,17,5,276.3
2011,09,17,6,275.5
2011,09,17,7,275.1
2011,09,18,0,274.8
2011,09,18,1,276.0
2011,09,18,2,276.7
2011,09,18,3,278.7
2011,09,18,4,278.4
2011,09,18,5,276.4
2011,09,18,6,276.4
2011,09,18,7,275.4
2011,09,19,0,273.4
2011,09,19,1,273.6
2011,09,19,2,275.0
2011,09,19,3,276.5
2011,09,19,4,276.8
2011,09,19,5,275.9
2011,09,19,6,274.3
2011,09,19,7,275.0
2011,09,20,0,275.5
2011,09,20,1,275.6
2011,09,20,2,275.3
2011,09,20,3,275.1
2011,09,20,4,274.9
2011,09,20,5,275.0
2011,09,20,6,275.4
2011,09,20,7,275.8
2011,09,21,0,275.8
2011,09,21,1,275.4
2011,09,21,2,274.7
2011,09,21,3,274.5
2011,09,21,4,274.6
2011,09,21,5,274.7
2011,09,21,6,274.8
2011,09,21,7,275.2
2011,09,22,0,275.4
2011,09,22,1,276.1
2011,09,22,2,276.1
2011,09,22,3,276.2
2011,09,22,4,275.9
2011,09,22,5,275.8
2011,09,22,6,276.0
2011,09,22,7,276.8
2011,09,23,0,277.8
2011,09,23,1,278.4
2011,09,23,2,278.8
2011,09,23,3,279.3
2011,09,23,4,279.8
2011,09,23,5,279.3
2011,09,23,6,280.3
2011,09,23,7,281.0
2011,09,24,0,280.0
2011,09,24,1,280.6
2011,09,24,2,280.5
2011,09,24,3,281.0
2011,09,24,4,281.2
2011,09,24,5,281.4
2011,09,24,6,281.6
2011,09,24,7,281.6
2011,09,25,0,281.2
2011,09,25,1,280.5
2011,09,25,2,280.2
2011,09,25,3,280.4
2011,09,25,4,280.9
2011,09,25,5,281.0
2011,09,25,6,281.1
2011,09,25,7,282.2
2011,09,26,0,282.2
2011,09,26,1,282.8
2011,09,26,2,283.5
2011,09,26,3,283.5
2011,09,26,4,283.0
2011,09,26,5,282.4
2011,09,26,6,282.5
2011,09,26,7,282.1
2011,09,27,0,282.4
2011,09,27,1,282.5
2011,09,27,2,282.1
2011,09,27,3,281.6
2011,09,27,4,281.5
2011,09,27,5,280.9
2011,09,27,6,280.9
2011,09,27,7,280.2
2011,09,28,0,278.8
2011,09,28,1,277.3
2011,09,28,2,277.2
2011,09,28,3,275.9
2011,09,28,4,275.8
2011,09,28,5,276.4
2011,09,28,6,275.7
2011,09,28,7,276.1
2011,09,29,0,276.4
2011,09,29,1,277.8
2011,09,29,2,278.5
2011,09,29,3,281.2
2011,09,29,4,281.9
2011,09,29,5,281.6
2011,09,29,6,280.6
2011,09,29,7,280.2
2011,09,30,0,280.7
2011,09,30,1,280.8
2011,09,30,2,280.4
2011,09,30,3,280.0
2011,09,30,4,281.3
2011,09,30,5,282.7
2011,09,30,6,283.0
2011,09,30,7,281.3
2011,09,31,0,281.4
2011,09,31,1,283.8
2011,09,31,2,282.0
2011,09,31,3,283.4
2011,09,31,4,283.6
2011,09,31,5,283.4
2011,09,31,6,281.9
2011,09,31,7,282.9
2011,09,1,0,283.3
2011,09,1,1,283.9
2011,09,1,2,284.1
2011,09,1,3,283.3
2011,09,1,4,284.4
2011,09,1,5,283.7
2011,09,1,6,282.4
2011,09,1,7,280.8
2011,09,2,0,276.8
2011,09,2,1,280.9
2011,09,2,2,282.5
2011,09,2,3,281.1
2011,09,2,4,282.2
2011,09,2,5,283.0
2011,09,2,6,283.7
2011,09,2,7,284.6
2011,09,3,0,285.3
2011,09,3,1,284.6
2011,09,3,2,285.3
2011,09,3,3,284.5
2011,09,3,4,284.1
2011,09,3,5,283.3
2011,09,3,6,282.0
2011,09,3,7,280.4
2011,09,4,0,279.1
2011,09,4,1,280.9
2011,09,4,2,279.6
2011,09,4,3,280.3
2011,09,4,4,281.5
2011,09,4,5,279.9
2011,09,4,6,278.6
2011,09,4,7,276.9
2011,09,5,0,276.0
2011,09,5,1,277.3
2011,09,5,2,277.8
2011,09,5,3,277.0
2011,09,5,4,276.7
2011,09,5,5,276.9
2011,09,5,6,277.9
2011,09,5,7,278.5
2011,09,6,0,279.2
2011,09,6,1,280.3
2011,09,6,2,278.9
2011,09,6,3,278.7
2011,09,6,4,279.0
2011,09,6,5,279.4
2011,09,6,6,279.7
2011,09,6,7,279.8
2011,09,7,0,281.1
2011,09,7,1,281.8
2011,09,7,2,281.9
2011,09,7,3,282.0
2011,09,7,4,281.1
2011,09,7,5,281.6
2011,09,7,6,282.4
2011,09,7,7,282.3
2011,09,8,0,282.4
2011,09,8,1,283.4
2011,09,8,2,281.4
2011,09,8,3,280.3
2011,09,8,4,280.3
2011,09,8,5,280.6
2011,09,8,6,281.0
2011,09,8,7,282.5
2011,09,9,0,283.7
2011,09,9,1,282.6
2011,09,9,2,282.3
2011,09,9,3,281.8
2011,09,9,4,280.9
2011,09,9,5,280.4
2011,09,9,6,280.1
2011,09,9,7,279.8
2011,09,10,0,279.8
2011,09,10,1,279.9
2011,09,10,2,280.3
2011,09,10,3,280.1
2011,09,10,4,279.7
2011,09,10,5,279.2
2011,09,10,6,278.5
2011,09,10,7,279.1
2011,09,11,0,279.4
2011,09,11,1,278.6
2011,09,11,2,278.4
2011,09,11,3,278.7
2011,09,11,4,278.8
2011,09,11,5,279.6
2011,09,11,6,279.5
2011,09,11,7,278.8
2011,09,12,0,280.3
2011,09,12,1,280.9
2011,09,12,2,280.6
2011,09,12,3,280.3
2011,09,12,4,280.3
2011,09,12,5,280.4
2011,09,12,6,280.7
2011,09,12,7,280.9
2011,09,13,0,280.8
2011,09,13,1,280.6
2011,09,13,2,280.1
2011,09,13,3,279.6
2011,09,13,4,279.5
2011,09,13,5,280.0
2011,09,13,6,280.1
2011,09,13,7,280.2
2011,09,14,0,280.0
2011,09,14,1,279.5
2011,09,14,2,279.5
2011,09,14,3,278.9
2011,09,14,4,278.4
2011,09,14,5,278.8
2011,09,14,6,278.5
2011,09,14,7,278.3
2011,09,15,0,277.4
2011,09,15,1,279.0
2011,09,15,2,280.5
2011,09,15,3,281.3
2011,09,15,4,281.5
2011,09,15,5,280.9
2011,09,15,6,280.9
2011,09,15,7,281.5
2011,09,16,0,281.5
2011,09,16,1,282.4
2011,09,16,2,282.3
2011,09,16,3,281.9
2011,09,16,4,281.3
2011,09,16,5,280.7
2011,09,16,6,280.4
2011,09,16,7,281.2
2011,09,17,0,281.1
2011,09,17,1,281.0
2011,09,17,2,281.0
2011,09,17,3,280.7
2011,09,17,4,281.0
2011,09,17,5,281.3
2011,09,17,6,281.3
2011,09,17,7,280.9
2011,09,18,0,281.7
2011,09,18,1,282.2
2011,09,18,2,282.4
2011,09,18,3,282.1
2011,09,18,4,281.7
2011,09,18,5,281.0
2011,09,18,6,281.4
2011,09,18,7,281.8
2011,09,19,0,282.1
2011,09,19,1,282.6
2011,09,19,2,281.9
2011,09,19,3,279.6
2011,09,19,4,280.4
2011,09,19,5,280.4
2011,09,19,6,280.2
2011,09,19,7,280.3
2011,09,20,0,281.8
2011,09,20,1,281.8
2011,09,20,2,284.1
2011,09,20,3,282.5
2011,09,20,4,283.1
2011,09,20,5,282.7
2011,09,20,6,282.7
2011,09,20,7,282.6
2011,09,21,0,282.6
2011,09,21,1,282.7
2011,09,21,2,282.9
2011,09,21,3,282.3
2011,09,21,4,282.5
2011,09,21,5,282.9
2011,09,21,6,282.8
2011,09,21,7,282.8
2011,09,22,0,282.4
2011,09,22,1,282.5
2011,09,22,2,282.5
2011,09,22,3,283.1
2011,09,22,4,283.7
2011,09,22,5,284.0
2011,09,22,6,283.4
2011,09,22,7,282.9
2011,09,23,0,282.6
2011,09,23,1,282.2
2011,09,23,2,282.2
2011,09,23,3,281.9
2011,09,23,4,281.6
2011,09,23,5,281.3
2011,09,23,6,281.0
2011,09,23,7,281.0
2011,09,24,0,281.0
2011,09,24,1,280.9
2011,09,24,2,281.1
2011,09,24,3,281.7
2011,09,24,4,281.6
2011,09,24,5,282.4
2011,09,24,6,281.9
2011,09,24,7,283.7
2011,09,25,0,283.9
2011,09,25,1,283.4
2011,09,25,2,282.1
2011,09,25,3,280.6
2011,09,25,4,280.6
2011,09,25,5,280.5
2011,09,25,6,280.4
2011,09,25,7,280.5
2011,09,26,0,280.8
2011,09,26,1,280.6
2011,09,26,2,280.2
2011,09,26,3,280.0
2011,09,26,4,280.1
2011,09,26,5,280.1
2011,09,26,6,279.6
2011,09,26,7,279.3
2011,09,27,0,278.7
2011,09,27,1,279.5
2011,09,27,2,278.9
2011,09,27,3,277.6
2011,09,27,4,277.6
2011,09,27,5,276.9
2011,09,27,6,277.5
2011,09,27,7,277.1
2011,09,28,0,277.5
2011,09,28,1,275.8
2011,09,28,2,279.4
2011,09,28,3,281.0
2011,09,28,4,281.3
2011,09,28,5,280.5
2011,09,28,6,280.5
2011,09,28,7,281.8
2011,09,29,0,284.2
2011,09,29,1,284.8
2011,09,29,2,283.7
2011,09,29,3,283.5
2011,09,29,4,283.3
2011,09,29,5,282.8
2011,09,29,6,282.1
2011,09,29,7,282.1
2011,09,30,0,282.7
2011,09,30,1,282.2
2011,09,30,2,282.4
2011,09,30,3,283.0
2011,09,30,4,283.6
2011,09,30,5,283.9
2011,09,30,6,283.0
2011,09,30,7,284.3
2011,09,1,0,284.3
2011,09,1,1,283.5
2011,09,1,2,282.8
2011,09,1,3,282.7
2011,09,1,4,283.4
2011,09,1,5,283.5
2011,09,1,6,282.8
2011,09,1,7,282.0
2011,09,2,0,281.7
2011,09,2,1,281.7
2011,09,2,2,282.0
2011,09,2,3,282.1
2011,09,2,4,282.8
2011,09,2,5,283.4
2011,09,2,6,283.3
2011,09,2,7,282.8
2011,09,3,0,282.7
2011,09,3,1,282.5
2011,09,3,2,281.6
2011,09,3,3,282.0
2011,09,3,4,282.8
2011,09,3,5,283.1
2011,09,3,6,282.1
2011,09,3,7,281.2
2011,09,4,0,281.9
2011,09,4,1,281.9
2011,09,4,2,281.9
2011,09,4,3,281.8
2011,09,4,4,282.0
2011,09,4,5,282.7
2011,09,4,6,282.4
2011,09,4,7,281.9
2011,09,5,0,282.0
2011,09,5,1,282.6
2011,09,5,2,282.0
2011,09,5,3,282.5
2011,09,5,4,282.1
2011,09,5,5,282.0
2011,09,5,6,281.9
2011,09,5,7,281.8
2011,09,6,0,281.5
2011,09,6,1,282.0
2011,09,6,2,281.5
2011,09,6,3,281.4
2011,09,6,4,281.2
2011,09,6,5,281.0
2011,09,6,6,280.9
2011,09,6,7,280.6
2011,09,7,0,280.1
2011,09,7,1,279.8
2011,09,7,2,279.5
2011,09,7,3,279.5
2011,09,7,4,278.8
2011,09,7,5,279.2
2011,09,7,6,278.5
2011,09,7,7,277.3
2011,09,8,0,277.4
2011,09,8,1,279.1
2011,09,8,2,277.5
2011,09,8,3,277.5
2011,09,8,4,278.5
2011,09,8,5,280.0
2011,09,8,6,280.1
2011,09,8,7,281.3
2011,09,9,0,280.6
2011,09,9,1,280.3
2011,09,9,2,280.6
2011,09,9,3,280.6
2011,09,9,4,280.9
2011,09,9,5,281.3
2011,09,9,6,281.7
2011,09,9,7,282.5
2011,09,10,0,283.1
2011,09,10,1,282.9
2011,09,10,2,282.3
2011,09,10,3,282.0
2011,09,10,4,282.5
2011,09,10,5,283.2
2011,09,10,6,282.8
2011,09,10,7,281.9
2011,09,11,0,281.6
2011,09,11,1,281.2
2011,09,11,2,281.0
2011,09,11,3,281.2
2011,09,11,4,280.9
2011,09,11,5,280.8
2011,09,11,6,280.6
2011,09,11,7,280.3
2011,09,12,0,280.1
2011,09,12,1,279.9
2011,09,12,2,279.5
2011,09,12,3,279.3
2011,09,12,4,279.8
2011,09,12,5,280.4
2011,09,12,6,280.7
2011,09,12,7,280.8
2011,09,13,0,280.7
2011,09,13,1,280.3
2011,09,13,2,280.7
2011,09,13,3,281.6
2011,09,13,4,281.2
2011,09,13,5,281.7
2011,09,13,6,282.1
2011,09,13,7,282.6
2011,09,14,0,282.5
2011,09,14,1,282.2
2011,09,14,2,282.2
2011,09,14,3,282.5
2011,09,14,4,282.4
2011,09,14,5,282.7
2011,09,14,6,283.0
2011,09,14,7,282.9
2011,09,15,0,282.9
2011,09,15,1,283.8
2011,09,15,2,283.9
2011,09,15,3,283.6
2011,09,15,4,283.7
2011,09,15,5,284.8
2011,09,15,6,285.5
2011,09,15,7,285.7
2011,09,16,0,286.1
2011,09,16,1,286.4
2011,09,16,2,286.0
2011,09,16,3,285.5
2011,09,16,4,285.3
2011,09,16,5,285.3
2011,09,16,6,284.9
2011,09,16,7,284.8
2011,09,17,0,284.1
2011,09,17,1,284.1
2011,09,17,2,282.6
2011,09,17,3,282.1
2011,09,17,4,282.8
2011,09,17,5,283.5
2011,09,17,6,283.4
2011,09,17,7,283.5
2011,09,18,0,283.5
2011,09,18,1,282.7
2011,09,18,2,281.0
2011,09,18,3,281.7
2011,09,18,4,282.9
2011,09,18,5,282.7
2011,09,18,6,281.9
2011,09,18,7,281.8
2011,09,19,0,281.0
2011,09,19,1,280.2
2011,09,19,2,280.3
2011,09,19,3,279.8
2011,09,19,4,279.8
2011,09,19,5,281.3
2011,09,19,6,281.0
2011,09,19,7,279.2
2011,09,20,0,278.4
2011,09,20,1,279.4
2011,09,20,2,280.1
2011,09,20,3,280.9
2011,09,20,4,282.1
2011,09,20,5,282.1
2011,09,20,6,283.0
2011,09,20,7,282.9
2011,09,21,0,283.3
2011,09,21,1,283.2
2011,09,21,2,283.4
2011,09,21,3,283.9
2011,09,21,4,285.2
2011,09,21,5,285.5
2011,09,21,6,285.3
2011,09,21,7,285.2
2011,09,22,0,285.1
2011,09,22,1,284.9
2011,09,22,2,284.3
2011,09,22,3,284.0
2011,09,22,4,283.4
2011,09,22,5,282.9
2011,09,22,6,282.7
2011,09,22,7,282.0
2011,09,23,0,281.5
2011,09,23,1,281.5
2011,09,23,2,280.9
2011,09,23,3,280.2
2011,09,23,4,280.0
2011,09,23,5,279.2
2011,09,23,6,277.9
2011,09,23,7,277.3
2011,09,24,0,278.2
2011,09,24,1,278.0
2011,09,24,2,278.3
2011,09,24,3,278.4
2011,09,24,4,277.5
2011,09,24,5,276.3
2011,09,24,6,276.7
2011,09,24,7,276.5
2011,09,25,0,277.4
2011,09,25,1,278.3
2011,09,25,2,278.4
2011,09,25,3,279.0
2011,09,25,4,278.5
2011,09,25,5,278.9
2011,09,25,6,278.9
2011,09,25,7,279.2
2011,09,26,0,279.0
2011,09,26,1,279.4
2011,09,26,2,279.6
2011,09,26,3,279.6
2011,09,26,4,279.7
2011,09,26,5,279.5
2011,09,26,6,279.1
2011,09,26,7,279.2
2011,09,27,0,279.6
2011,09,27,1,279.3
2011,09,27,2,278.7
2011,09,27,3,279.1
2011,09,27,4,279.4
2011,09,27,5,279.3
2011,09,27,6,281.0
2011,09,27,7,281.1
2011,09,28,0,279.1
2011,09,28,1,279.6
2011,09,28,2,279.5
2011,09,28,3,279.0
2011,09,28,4,280.1
2011,09,28,5,281.0
2011,09,28,6,283.6
2011,09,28,7,283.2
2011,09,29,0,283.6
2011,09,29,1,283.7
2011,09,29,2,283.3
2011,09,29,3,283.4
2011,09,29,4,283.6
2011,09,29,5,283.5
2011,09,29,6,280.0
2011,09,29,7,283.8
2011,09,30,0,284.3
2011,09,30,1,284.8
2011,09,30,2,280.7
2011,09,30,3,281.1
2011,09,30,4,281.4
2011,09,30,5,281.7
2011,09,30,6,281.2
2011,09,30,7,283.3
2011,09,31,0,283.1
2011,09,31,1,279.7
2011,09,31,2,280.0
2011,09,31,3,280.5
2011,09,31,4,281.4
2011,09,31,5,282.6
2011,09,31,6,281.6
2011,09,31,7,282.4
2011,09,1,0,281.7
2011,09,1,1,282.2
2011,09,1,2,282.0
2011,09,1,3,282.3
2011,09,1,4,283.7
2011,09,1,5,284.7
2011,09,1,6,282.4
2011,09,1,7,280.6
2011,09,2,0,280.3
2011,09,2,1,281.9
2011,09,2,2,282.8
2011,09,2,3,283.9
2011,09,2,4,284.4
2011,09,2,5,284.6
2011,09,2,6,282.4
2011,09,2,7,284.0
2011,09,3,0,283.9
2011,09,3,1,283.2
2011,09,3,2,282.9
2011,09,3,3,282.3
2011,09,3,4,282.2
2011,09,3,5,282.0
2011,09,3,6,281.9
2011,09,3,7,282.5
2011,09,4,0,282.2
2011,09,4,1,281.4
2011,09,4,2,280.9
2011,09,4,3,280.6
2011,09,4,4,280.8
2011,09,4,5,280.5
2011,09,4,6,279.7
2011,09,4,7,279.0
2011,09,5,0,280.2
2011,09,5,1,281.0
2011,09,5,2,282.1
2011,09,5,3,282.0
2011,09,5,4,281.6
2011,09,5,5,281.2
2011,09,5,6,280.9
2011,09,5,7,280.8
2011,09,6,0,280.9
2011,09,6,1,280.7
2011,09,6,2,279.8
2011,09,6,3,279.5
2011,09,6,4,279.7
2011,09,6,5,279.9
2011,09,6,6,280.0
2011,09,6,7,280.1
2011,09,7,0,279.6
2011,09,7,1,278.2
2011,09,7,2,278.6
2011,09,7,3,279.5
2011,09,7,4,280.0
2011,09,7,5,280.0
2011,09,7,6,280.4
2011,09,7,7,280.7
2011,09,8,0,280.9
2011,09,8,1,280.6
2011,09,8,2,280.3
2011,09,8,3,282.4
2011,09,8,4,283.5
2011,09,8,5,283.6
2011,09,8,6,283.1
2011,09,8,7,281.2
2011,09,9,0,281.4
2011,09,9,1,281.5
2011,09,9,2,281.1
2011,09,9,3,280.7
2011,09,9,4,280.7
2011,09,9,5,280.8
2011,09,9,6,280.9
2011,09,9,7,280.5
2011,09,10,0,280.8
2011,09,10,1,280.9
2011,09,10,2,280.5
2011,09,10,3,279.6
2011,09,10,4,279.8
2011,09,10,5,279.7
2011,09,10,6,279.3
2011,09,10,7,279.3
2011,09,11,0,279.3
2011,09,11,1,278.7
2011,09,11,2,277.2
2011,09,11,3,278.8
2011,09,11,4,279.5
2011,09,11,5,279.7
2011,09,11,6,279.9
2011,09,11,7,281.4
2011,09,12,0,282.4
2011,09,12,1,282.8
2011,09,12,2,281.7
2011,09,12,3,282.3
2011,09,12,4,282.7
2011,09,12,5,282.7
2011,09,12,6,282.4
2011,09,12,7,282.3
2011,09,13,0,282.5
2011,09,13,1,282.6
2011,09,13,2,282.3
2011,09,13,3,282.3
2011,09,13,4,282.9
2011,09,13,5,283.4
2011,09,13,6,283.5
2011,09,13,7,283.5
2011,09,14,0,283.2
2011,09,14,1,282.7
2011,09,14,2,282.5
2011,09,14,3,282.1
2011,09,14,4,282.1
2011,09,14,5,282.1
2011,09,14,6,281.0
2011,09,14,7,280.8
2011,09,15,0,281.1
2011,09,15,1,281.2
2011,09,15,2,280.5
2011,09,15,3,280.5
2011,09,15,4,280.8
2011,09,15,5,281.5
2011,09,15,6,281.2
2011,09,15,7,281.8
2011,09,16,0,281.3
2011,09,16,1,280.0
2011,09,16,2,280.5
2011,09,16,3,281.1
2011,09,16,4,281.4
2011,09,16,5,281.5
2011,09,16,6,281.7
2011,09,16,7,281.8
2011,09,17,0,281.7
2011,09,17,1,281.6
2011,09,17,2,281.3
2011,09,17,3,281.0
2011,09,17,4,281.4
2011,09,17,5,281.8
2011,09,17,6,281.5
2011,09,17,7,281.3
2011,09,18,0,281.1
2011,09,18,1,280.8
2011,09,18,2,280.6
2011,09,18,3,281.2
2011,09,18,4,282.6
2011,09,18,5,283.2
2011,09,18,6,282.6
2011,09,18,7,283.3
2011,09,19,0,283.7
2011,09,19,1,284.6
2011,09,19,2,283.5
2011,09,19,3,283.0
2011,09,19,4,283.2
2011,09,19,5,283.5
2011,09,19,6,283.9
2011,09,19,7,284.1
2011,09,20,0,285.2
2011,09,20,1,286.1
2011,09,20,2,285.2
2011,09,20,3,284.6
2011,09,20,4,283.3
2011,09,20,5,282.8
2011,09,20,6,281.2
2011,09,20,7,281.0
2011,09,21,0,280.5
2011,09,21,1,280.1
2011,09,21,2,280.5
2011,09,21,3,280.9
2011,09,21,4,281.1
2011,09,21,5,282.0
2011,09,21,6,282.5
2011,09,21,7,282.0
2011,09,22,0,281.0
2011,09,22,1,278.6
2011,09,22,2,279.2
2011,09,22,3,279.2
2011,09,22,4,279.9
2011,09,22,5,279.9
2011,09,22,6,279.3
2011,09,22,7,278.9
2011,09,23,0,278.9
2011,09,23,1,279.3
2011,09,23,2,280.6
2011,09,23,3,281.1
2011,09,23,4,280.8
2011,09,23,5,280.7
2011,09,23,6,281.2
2011,09,23,7,281.3
2011,09,24,0,282.7
2011,09,24,1,281.4
2011,09,24,2,282.2
2011,09,24,3,281.2
2011,09,24,4,280.4
2011,09,24,5,279.7
2011,09,24,6,278.7
2011,09,24,7,278.1
2011,09,25,0,278.9
2011,09,25,1,278.6
2011,09,25,2,278.1
2011,09,25,3,277.4
2011,09,25,4,277.8
2011,09,25,5,278.0
2011,09,25,6,277.3
2011,09,25,7,276.3
2011,09,26,0,278.2
2011,09,26,1,277.9
2011,09,26,2,277.7
2011,09,26,3,276.4
2011,09,26,4,275.6
2011,09,26,5,277.7
2011,09,26,6,275.6
2011,09,26,7,277.0
2011,09,27,0,277.5
2011,09,27,1,278.3
2011,09,27,2,278.1
2011,09,27,3,279.2
2011,09,27,4,280.1
2011,09,27,5,280.6
2011,09,27,6,281.3
2011,09,27,7,283.0
2011,09,28,0,280.5
2011,09,28,1,281.2
2011,09,28,2,281.4
2011,09,28,3,281.6
2011,09,28,4,281.7
2011,09,28,5,281.9
2011,09,28,6,281.3
2011,09,28,7,282.3
2011,09,29,0,283.4
2011,09,29,1,283.7
2011,09,29,2,283.3
2011,09,29,3,283.2
2011,09,29,4,283.3
2011,09,29,5,283.6
2011,09,29,6,283.9
2011,09,29,7,284.2
2011,09,30,0,284.7
2011,09,30,1,284.9
2011,09,30,2,284.8
2011,09,30,3,284.6
2011,09,30,4,284.8
2011,09,30,5,285.0
2011,09,30,6,285.0
2011,09,30,7,284.6
2011,09,31,0,284.1
2011,09,31,1,283.3
2011,09,31,2,282.5
2011,09,31,3,282.3
2011,09,31,4,282.3
2011,09,31,5,284.4
2011,09,31,6,282.8
2011,09,31,7,279.2
2011,09,1,0,281.7
2011,09,1,1,281.0
2011,09,1,2,280.8
2011,09,1,3,281.1
2011,09,1,4,280.8
2011,09,1,5,280.8
2011,09,1,6,280.4
2011,09,1,7,282.0
2011,09,2,0,282.6
2011,09,2,1,281.8
2011,09,2,2,280.5
2011,09,2,3,278.7
2011,09,2,4,277.2
2011,09,2,5,277.4
2011,09,2,6,278.3
2011,09,2,7,279.4
2011,09,3,0,280.3
2011,09,3,1,280.3
2011,09,3,2,280.3
2011,09,3,3,281.0
2011,09,3,4,281.7
2011,09,3,5,282.0
2011,09,3,6,281.8
2011,09,3,7,281.6
2011,09,4,0,281.9
2011,09,4,1,281.8
2011,09,4,2,281.9
2011,09,4,3,281.8
2011,09,4,4,282.1
2011,09,4,5,282.5
2011,09,4,6,282.3
2011,09,4,7,282.4
2011,09,5,0,283.0
2011,09,5,1,283.1
2011,09,5,2,283.2
2011,09,5,3,283.8
2011,09,5,4,284.1
2011,09,5,5,284.0
2011,09,5,6,283.8
2011,09,5,7,283.7
2011,09,6,0,283.5
2011,09,6,1,283.0
2011,09,6,2,282.4
2011,09,6,3,282.4
2011,09,6,4,282.5
2011,09,6,5,282.1
2011,09,6,6,281.8
2011,09,6,7,282.1
2011,09,7,0,282.5
2011,09,7,1,282.4
2011,09,7,2,282.3
2011,09,7,3,282.5
2011,09,7,4,282.9
2011,09,7,5,283.1
2011,09,7,6,283.0
2011,09,7,7,283.1
2011,09,8,0,283.3
2011,09,8,1,283.1
2011,09,8,2,282.8
2011,09,8,3,282.7
2011,09,8,4,282.7
2011,09,8,5,282.7
2011,09,8,6,282.3
2011,09,8,7,282.0
2011,09,9,0,281.4
2011,09,9,1,280.9
2011,09,9,2,280.3
2011,09,9,3,280.9
2011,09,9,4,281.3
2011,09,9,5,281.8
2011,09,9,6,281.5
2011,09,9,7,281.7
2011,09,10,0,282.0
2011,09,10,1,282.2
2011,09,10,2,281.8
2011,09,10,3,281.4
2011,09,10,4,281.4
2011,09,10,5,281.3
2011,09,10,6,280.9
2011,09,10,7,281.0
2011,09,11,0,281.5
2011,09,11,1,282.2
2011,09,11,2,282.0
2011,09,11,3,281.8
2011,09,11,4,281.7
2011,09,11,5,281.6
2011,09,11,6,280.9
2011,09,11,7,280.3
2011,09,12,0,280.1
2011,09,12,1,280.0
2011,09,12,2,279.8
2011,09,12,3,279.8
2011,09,12,4,280.3
2011,09,12,5,280.5
2011,09,12,6,279.5
2011,09,12,7,279.7
2011,09,13,0,280.1
2011,09,13,1,279.9
2011,09,13,2,279.4
2011,09,13,3,278.8
2011,09,13,4,279.0
2011,09,13,5,279.2
2011,09,13,6,279.1
2011,09,13,7,279.6
2011,09,14,0,279.4
2011,09,14,1,279.1
2011,09,14,2,276.3
2011,09,14,3,277.7
2011,09,14,4,279.5
2011,09,14,5,278.8
2011,09,14,6,279.2
2011,09,14,7,278.5
2011,09,15,0,278.2
2011,09,15,1,277.7
2011,09,15,2,277.7
2011,09,15,3,278.2
2011,09,15,4,278.1
2011,09,15,5,278.4
2011,09,15,6,277.7
2011,09,15,7,276.8
2011,09,16,0,278.3
2011,09,16,1,279.3
2011,09,16,2,279.7
2011,09,16,3,280.2
2011,09,16,4,280.3
2011,09,16,5,280.0
2011,09,16,6,279.7
2011,09,16,7,281.2
2011,09,17,0,281.3
2011,09,17,1,281.6
2011,09,17,2,281.8
2011,09,17,3,281.7
2011,09,17,4,281.0
2011,09,17,5,280.6
2011,09,17,6,280.7
2011,09,17,7,280.8
2011,09,18,0,279.9
2011,09,18,1,279.4
2011,09,18,2,279.6
2011,09,18,3,279.5
2011,09,18,4,279.6
2011,09,18,5,279.5
2011,09,18,6,278.9
2011,09,18,7,279.3
2011,09,19,0,279.1
2011,09,19,1,279.0
2011,09,19,2,278.9
2011,09,19,3,279.1
2011,09,19,4,279.2
2011,09,19,5,279.4
2011,09,19,6,279.2
2011,09,19,7,279.5
2011,09,20,0,279.8
2011,09,20,1,279.3
2011,09,20,2,279.1
2011,09,20,3,279.3
2011,09,20,4,279.5
2011,09,20,5,279.6
2011,09,20,6,279.4
2011,09,20,7,279.3
2011,09,21,0,279.7
2011,09,21,1,279.9
2011,09,21,2,279.6
2011,09,21,3,279.6
2011,09,21,4,280.4
2011,09,21,5,280.6
2011,09,21,6,280.5
2011,09,21,7,280.3
2011,09,22,0,279.7
2011,09,22,1,279.2
2011,09,22,2,279.0
2011,09,22,3,279.1
2011,09,22,4,279.4
2011,09,22,5,279.4
2011,09,22,6,278.4
2011,09,22,7,276.9
2011,09,23,0,279.2
2011,09,23,1,278.8
2011,09,23,2,278.2
2011,09,23,3,277.9
2011,09,23,4,277.8
2011,09,23,5,278.0
2011,09,23,6,278.2
2011,09,23,7,278.7
2011,09,24,0,280.0
2011,09,24,1,280.4
2011,09,24,2,280.7
2011,09,24,3,280.5
2011,09,24,4,280.3
2011,09,24,5,280.0
2011,09,24,6,278.6
2011,09,24,7,278.1
2011,09,25,0,278.6
2011,09,25,1,278.9
2011,09,25,2,278.8
2011,09,25,3,279.4
2011,09,25,4,279.5
2011,09,25,5,279.2
2011,09,25,6,279.0
2011,09,25,7,280.7
2011,09,26,0,282.2
2011,09,26,1,283.0
2011,09,26,2,283.8
2011,09,26,3,283.1
2011,09,26,4,281.2
2011,09,26,5,281.4
2011,09,26,6,280.7
2011,09,26,7,280.7
2011,09,27,0,282.9
2011,09,27,1,282.3
2011,09,27,2,281.2
2011,09,27,3,281.0
2011,09,27,4,281.3
2011,09,27,5,281.1
2011,09,27,6,280.1
2011,09,27,7,281.2
2011,09,28,0,279.9
2011,09,28,1,279.8
2011,09,28,2,279.1
2011,09,28,3,279.4
2011,09,28,4,279.8
2011,09,28,5,280.1
2011,09,28,6,277.4
2011,09,28,7,277.7
2011,09,29,0,277.8
2011,09,29,1,278.1
2011,09,29,2,277.1
2011,09,29,3,278.8
2011,09,29,4,280.2
2011,09,29,5,281.0
2011,09,29,6,280.1
2011,09,29,7,279.9
2011,09,30,0,285.6
2011,09,30,1,283.9
2011,09,30,2,283.1
2011,09,30,3,284.2
2011,09,30,4,282.8
2011,09,30,5,283.3
2011,09,30,6,284.9
2011,09,30,7,285.0
2011,09,1,0,283.7
2011,09,1,1,283.6
2011,09,1,2,283.7
2011,09,1,3,284.2
2011,09,1,4,284.3
2011,09,1,5,284.1
2011,09,1,6,282.9
2011,09,1,7,283.7
2011,09,2,0,284.8
2011,09,2,1,284.8
2011,09,2,2,283.8
2011,09,2,3,283.6
2011,09,2,4,283.8
2011,09,2,5,283.6
2011,09,2,6,282.3
2011,09,2,7,282.0
2011,09,3,0,282.7
2011,09,3,1,282.5
2011,09,3,2,282.3
2011,09,3,3,282.3
2011,09,3,4,281.6
2011,09,3,5,281.2
2011,09,3,6,280.7
2011,09,3,7,279.3
2011,09,4,0,279.9
2011,09,4,1,279.5
2011,09,4,2,279.3
2011,09,4,3,279.1
2011,09,4,4,279.2
2011,09,4,5,279.3
2011,09,4,6,279.3
2011,09,4,7,279.8
2011,09,5,0,279.9
2011,09,5,1,279.4
2011,09,5,2,279.5
2011,09,5,3,279.5
2011,09,5,4,279.2
2011,09,5,5,279.0
2011,09,5,6,279.1
2011,09,5,7,279.0
2011,09,6,0,279.5
2011,09,6,1,279.9
2011,09,6,2,279.9
2011,09,6,3,279.6
2011,09,6,4,279.6
2011,09,6,5,279.4
2011,09,6,6,279.3
2011,09,6,7,279.5
2011,09,7,0,279.7
2011,09,7,1,279.7
2011,09,7,2,279.7
2011,09,7,3,280.0
2011,09,7,4,280.4
2011,09,7,5,280.8
2011,09,7,6,280.5
2011,09,7,7,279.9
2011,09,8,0,279.8
2011,09,8,1,279.0
2011,09,8,2,277.5
2011,09,8,3,278.3
2011,09,8,4,279.6
2011,09,8,5,279.5
2011,09,8,6,278.3
2011,09,8,7,278.5
2011,09,9,0,280.4
2011,09,9,1,279.5
2011,09,9,2,279.0
2011,09,9,3,279.1
2011,09,9,4,278.8
2011,09,9,5,280.2
2011,09,9,6,280.9
2011,09,9,7,280.9
2011,09,10,0,280.2
2011,09,10,1,280.1
2011,09,10,2,279.9
2011,09,10,3,279.8
2011,09,10,4,279.4
2011,09,10,5,280.1
2011,09,10,6,281.2
2011,09,10,7,280.7
2011,09,11,0,281.2
2011,09,11,1,281.0
2011,09,11,2,281.6
2011,09,11,3,281.0
2011,09,11,4,281.1
2011,09,11,5,280.9
2011,09,11,6,280.5
2011,09,11,7,280.5
2011,09,12,0,280.0
2011,09,12,1,281.3
2011,09,12,2,281.2
2011,09,12,3,280.7
2011,09,12,4,281.0
2011,09,12,5,280.3
2011,09,12,6,280.9
2011,09,12,7,280.1
2011,09,13,0,279.8
2011,09,13,1,279.1
2011,09,13,2,278.8
2011,09,13,3,278.3
2011,09,13,4,279.0
2011,09,13,5,279.6
2011,09,13,6,280.0
2011,09,13,7,278.9
2011,09,14,0,280.2
2011,09,14,1,279.8
2011,09,14,2,279.4
2011,09,14,3,280.0
2011,09,14,4,280.5
2011,09,14,5,280.8
2011,09,14,6,280.3
2011,09,14,7,280.7
2011,09,15,0,281.1
2011,09,15,1,281.7
2011,09,15,2,281.7
2011,09,15,3,281.4
2011,09,15,4,281.5
2011,09,15,5,281.2
2011,09,15,6,281.0
2011,09,15,7,280.3
2011,09,16,0,281.3
2011,09,16,1,281.0
2011,09,16,2,281.5
2011,09,16,3,281.1
2011,09,16,4,281.0
2011,09,16,5,281.7
2011,09,16,6,282.6
2011,09,16,7,281.6
2011,09,17,0,281.5
2011,09,17,1,281.7
2011,09,17,2,281.9
2011,09,17,3,281.3
2011,09,17,4,281.3
2011,09,17,5,281.5
2011,09,17,6,282.4
2011,09,17,7,282.6
2011,09,18,0,281.9
2011,09,18,1,282.0
2011,09,18,2,279.0
2011,09,18,3,280.6
2011,09,18,4,280.6
2011,09,18,5,280.1
2011,09,18,6,278.3
2011,09,18,7,277.8
2011,09,19,0,277.5
2011,09,19,1,277.7
2011,09,19,2,278.4
2011,09,19,3,278.9
2011,09,19,4,279.5
2011,09,19,5,279.6
2011,09,19,6,279.7
2011,09,19,7,280.3
2011,09,20,0,279.9
2011,09,20,1,279.7
2011,09,20,2,280.8
2011,09,20,3,281.6
2011,09,20,4,281.9
2011,09,20,5,281.5
2011,09,20,6,281.1
2011,09,20,7,281.8
2011,09,21,0,282.4
2011,09,21,1,280.9
2011,09,21,2,280.0
2011,09,21,3,279.5
2011,09,21,4,279.3
2011,09,21,5,279.1
2011,09,21,6,279.1
2011,09,21,7,280.2
2011,09,22,0,280.3
2011,09,22,1,281.2
2011,09,22,2,282.2
2011,09,22,3,282.9
2011,09,22,4,281.0
2011,09,22,5,278.7
2011,09,22,6,278.6
2011,09,22,7,279.3
2011,09,23,0,280.0
2011,09,23,1,279.8
2011,09,23,2,279.4
2011,09,23,3,279.6
2011,09,23,4,279.4
2011,09,23,5,278.2
2011,09,23,6,277.7
2011,09,23,7,277.5
2011,09,24,0,277.4
2011,09,24,1,277.2
2011,09,24,2,277.2
2011,09,24,3,277.2
2011,09,24,4,277.9
2011,09,24,5,278.6
2011,09,24,6,278.4
2011,09,24,7,278.3
2011,09,25,0,279.9
2011,09,25,1,279.9
2011,09,25,2,279.7
2011,09,25,3,279.6
2011,09,25,4,278.5
2011,09,25,5,279.5
2011,09,25,6,279.9
2011,09,25,7,280.4
2011,09,26,0,279.7
2011,09,26,1,279.3
2011,09,26,2,279.0
2011,09,26,3,279.5
2011,09,26,4,280.0
2011,09,26,5,281.3
2011,09,26,6,281.1
2011,09,26,7,280.5
2011,09,27,0,280.8
2011,09,27,1,281.1
2011,09,27,2,280.9
2011,09,27,3,280.3
2011,09,27,4,280.3
2011,09,27,5,280.4
2011,09,27,6,281.4
2011,09,27,7,281.9
2011,09,28,0,282.5
2011,09,28,1,282.0
2011,09,28,2,281.6
2011,09,28,3,281.0
2011,09,28,4,281.8
2011,09,28,5,282.8
2011,09,28,6,283.2
2011,09,28,7,282.3
2011,09,29,0,282.4
2011,09,29,1,282.3
2011,09,29,2,281.2
2011,09,29,3,280.4
2011,09,29,4,282.1
2011,09,29,5,281.4
2011,09,29,6,282.6
2011,09,29,7,281.3
2011,09,30,0,282.7
2011,09,30,1,284.2
2011,09,30,2,282.3
2011,09,30,3,281.3
2011,09,30,4,281.5
2011,09,30,5,281.7
2011,09,30,6,280.9
2011,09,30,7,282.0
2011,09,31,0,282.3
2011,09,31,1,281.2
2011,09,31,2,281.1
2011,09,31,3,280.6
2011,09,31,4,281.3
2011,09,31,5,280.7
2011,09,31,6,279.4
2011,09,31,7,279.3
2011,09,1,0,280.1
2011,09,1,1,280.0
2011,09,1,2,279.6
2011,09,1,3,279.2
2011,09,1,4,280.1
2011,09,1,5,278.4
2011,09,1,6,278.0
2011,09,1,7,277.1
2011,09,2,0,273.4
2011,09,2,1,275.4
2011,09,2,2,277.0
2011,09,2,3,277.4
2011,09,2,4,278.1
2011,09,2,5,277.5
2011,09,2,6,277.0
2011,09,2,7,276.0
2011,09,3,0,280.0
2011,09,3,1,280.4
2011,09,3,2,281.1
2011,09,3,3,280.0
2011,09,3,4,279.2
2011,09,3,5,278.3
2011,09,3,6,278.7
2011,09,3,7,280.1
2011,09,4,0,280.8
2011,09,4,1,281.2
2011,09,4,2,278.2
2011,09,4,3,278.7
2011,09,4,4,278.7
2011,09,4,5,277.5
2011,09,4,6,279.4
2011,09,4,7,278.6
2011,09,5,0,277.7
2011,09,5,1,278.4
2011,09,5,2,281.7
2011,09,5,3,283.4
2011,09,5,4,281.6
2011,09,5,5,283.1
2011,09,5,6,283.5
2011,09,5,7,284.4
2011,09,6,0,283.5
2011,09,6,1,281.4
2011,09,6,2,281.4
2011,09,6,3,281.0
2011,09,6,4,281.2
2011,09,6,5,281.2
2011,09,6,6,281.4
2011,09,6,7,279.0
2011,09,7,0,283.0
2011,09,7,1,281.0
2011,09,7,2,280.2
2011,09,7,3,279.9
2011,09,7,4,279.6
2011,09,7,5,279.3
2011,09,7,6,278.6
2011,09,7,7,277.9
2011,09,8,0,278.4
2011,09,8,1,279.1
2011,09,8,2,279.0
2011,09,8,3,278.7
2011,09,8,4,279.0
2011,09,8,5,278.9
2011,09,8,6,278.4
2011,09,8,7,278.7
2011,09,9,0,280.5
2011,09,9,1,278.6
2011,09,9,2,278.5
2011,09,9,3,279.2
2011,09,9,4,279.7
2011,09,9,5,279.3
2011,09,9,6,278.7
2011,09,9,7,278.9
2011,09,10,0,278.6
2011,09,10,1,278.5
2011,09,10,2,279.4
2011,09,10,3,280.0
2011,09,10,4,280.3
2011,09,10,5,279.8
2011,09,10,6,279.8
2011,09,10,7,278.7
2011,09,11,0,278.8
2011,09,11,1,279.7
2011,09,11,2,279.8
2011,09,11,3,279.7
2011,09,11,4,279.9
2011,09,11,5,279.4
2011,09,11,6,279.2
2011,09,11,7,279.4
2011,09,12,0,279.4
2011,09,12,1,279.3
2011,09,12,2,279.6
2011,09,12,3,280.2
2011,09,12,4,281.1
2011,09,12,5,281.9
2011,09,12,6,280.2
2011,09,12,7,280.5
2011,09,13,0,280.5
2011,09,13,1,281.9
2011,09,13,2,281.6
2011,09,13,3,282.5
2011,09,13,4,283.2
2011,09,13,5,280.4
2011,09,13,6,280.4
2011,09,13,7,280.1
2011,09,14,0,280.6
2011,09,14,1,281.8
2011,09,14,2,281.4
2011,09,14,3,280.6
2011,09,14,4,280.1
2011,09,14,5,281.2
2011,09,14,6,280.5
2011,09,14,7,281.0
2011,09,15,0,281.7
2011,09,15,1,281.8
2011,09,15,2,281.8
2011,09,15,3,280.9
2011,09,15,4,280.7
2011,09,15,5,281.2
2011,09,15,6,281.1
2011,09,15,7,281.7
2011,09,16,0,281.6
2011,09,16,1,282.2
2011,09,16,2,281.5
2011,09,16,3,281.9
2011,09,16,4,281.1
2011,09,16,5,281.1
2011,09,16,6,281.4
2011,09,16,7,281.4
2011,09,17,0,280.9
2011,09,17,1,279.7
2011,09,17,2,278.3
2011,09,17,3,277.8
2011,09,17,4,279.3
2011,09,17,5,279.8
2011,09,17,6,279.3
2011,09,17,7,280.1
2011,09,18,0,281.2
2011,09,18,1,280.6
2011,09,18,2,278.7
2011,09,18,3,280.6
2011,09,18,4,282.1
2011,09,18,5,282.1
2011,09,18,6,280.4
2011,09,18,7,280.0
2011,09,19,0,280.5
2011,09,19,1,280.6
2011,09,19,2,280.4
2011,09,19,3,279.8
2011,09,19,4,279.4
2011,09,19,5,280.0
2011,09,19,6,279.1
2011,09,19,7,279.6
2011,09,20,0,279.7
2011,09,20,1,279.4
2011,09,20,2,279.2
2011,09,20,3,278.6
2011,09,20,4,278.2
2011,09,20,5,278.2
2011,09,20,6,278.2
2011,09,20,7,278.5
2011,09,21,0,278.5
2011,09,21,1,278.6
2011,09,21,2,278.6
2011,09,21,3,278.0
2011,09,21,4,278.7
2011,09,21,5,279.4
2011,09,21,6,280.3
2011,09,21,7,280.4
2011,09,22,0,280.2
2011,09,22,1,279.8
2011,09,22,2,279.2
2011,09,22,3,280.4
2011,09,22,4,280.7
2011,09,22,5,281.2
2011,09,22,6,282.0
2011,09,22,7,281.6
2011,09,23,0,282.0
2011,09,23,1,282.4
2011,09,23,2,282.5
2011,09,23,3,281.9
2011,09,23,4,281.2
2011,09,23,5,281.9
2011,09,23,6,280.8
2011,09,23,7,281.1
2011,09,24,0,281.6
2011,09,24,1,280.2
2011,09,24,2,280.1
2011,09,24,3,280.5
2011,09,24,4,281.5
2011,09,24,5,282.3
2011,09,24,6,282.5
2011,09,24,7,281.6
2011,09,25,0,281.6
2011,09,25,1,281.2
2011,09,25,2,281.5
2011,09,25,3,281.9
2011,09,25,4,282.0
2011,09,25,5,282.1
2011,09,25,6,282.4
2011,09,25,7,281.6
2011,09,26,0,281.7
2011,09,26,1,281.8
2011,09,26,2,281.6
2011,09,26,3,280.8
2011,09,26,4,281.1
2011,09,26,5,280.7
2011,09,26,6,280.4
2011,09,26,7,280.4
2011,09,27,0,279.7
2011,09,27,1,280.4
2011,09,27,2,280.7
2011,09,27,3,280.3
2011,09,27,4,279.2
2011,09,27,5,279.7
2011,09,27,6,278.5
2011,09,27,7,280.4
2011,09,28,0,280.0
2011,09,28,1,278.6
2011,09,28,2,278.1
2011,09,28,3,278.2
2011,09,28,4,279.3
2011,09,28,5,278.5
2011,09,28,6,278.4
2011,09,28,7,278.5
2011,09,29,0,278.7
2011,09,29,1,278.3
2011,09,29,2,278.2
2011,09,29,3,279.0
2011,09,29,4,279.2
2011,09,29,5,280.4
2011,09,29,6,279.5
2011,09,29,7,279.3
2011,09,30,0,280.1
2011,09,30,1,280.7
2011,09,30,2,279.9
2011,09,30,3,280.0
2011,09,30,4,280.6
2011,09,30,5,280.8
2011,09,30,6,280.8
2011,09,30,7,280.4
2011,09,1,0,281.1
2011,09,1,1,281.5
2011,09,1,2,280.1
2011,09,1,3,280.4
2011,09,1,4,280.0
2011,09,1,5,280.4
2011,09,1,6,280.3
2011,09,1,7,279.7
2011,09,2,0,279.5
2011,09,2,1,279.9
2011,09,2,2,280.1
2011,09,2,3,279.6
2011,09,2,4,279.7
2011,09,2,5,280.2
2011,09,2,6,280.1
2011,09,2,7,280.4
2011,09,3,0,280.3
2011,09,3,1,280.6
2011,09,3,2,280.3
2011,09,3,3,280.3
2011,09,3,4,281.1
2011,09,3,5,280.6
2011,09,3,6,280.4
2011,09,3,7,280.3
2011,09,4,0,280.8
2011,09,4,1,280.6
2011,09,4,2,280.3
2011,09,4,3,280.0
2011,09,4,4,280.7
2011,09,4,5,280.6
2011,09,4,6,281.2
2011,09,4,7,280.4
2011,09,5,0,280.7
2011,09,5,1,280.8
2011,09,5,2,280.6
2011,09,5,3,280.6
2011,09,5,4,281.0
2011,09,5,5,281.1
2011,09,5,6,280.5
2011,09,5,7,281.2
2011,09,6,0,281.7
2011,09,6,1,280.9
2011,09,6,2,280.5
2011,09,6,3,280.0
2011,09,6,4,280.4
2011,09,6,5,280.5
2011,09,6,6,281.4
2011,09,6,7,281.3
2011,09,7,0,281.2
2011,09,7,1,280.3
2011,09,7,2,280.9
2011,09,7,3,280.7
2011,09,7,4,280.9
2011,09,7,5,281.1
2011,09,7,6,280.6
2011,09,7,7,280.2
2011,09,8,0,280.2
2011,09,8,1,279.6
2011,09,8,2,279.7
2011,09,8,3,280.2
2011,09,8,4,280.1
2011,09,8,5,280.9
2011,09,8,6,280.9
2011,09,8,7,280.7
2011,09,9,0,281.0
2011,09,9,1,280.4
2011,09,9,2,278.8
2011,09,9,3,279.9
2011,09,9,4,281.0
2011,09,9,5,279.9
2011,09,9,6,280.0
2011,09,9,7,280.1
2011,09,10,0,279.7
2011,09,10,1,280.8
2011,09,10,2,281.2
2011,09,10,3,280.1
2011,09,10,4,280.3
2011,09,10,5,279.2
2011,09,10,6,279.5
2011,09,10,7,279.9
2011,09,11,0,279.8
2011,09,11,1,280.1
2011,09,11,2,280.9
2011,09,11,3,280.9
2011,09,11,4,280.2
2011,09,11,5,280.1
2011,09,11,6,279.9
2011,09,11,7,280.1
2011,09,12,0,281.0
2011,09,12,1,280.3
2011,09,12,2,280.3
2011,09,12,3,280.0
2011,09,12,4,280.5
2011,09,12,5,280.8
2011,09,12,6,281.2
2011,09,12,7,281.0
2011,09,13,0,281.1
2011,09,13,1,280.6
2011,09,13,2,280.9
2011,09,13,3,281.2
2011,09,13,4,280.7
2011,09,13,5,280.6
2011,09,13,6,280.9
2011,09,13,7,281.1
2011,09,14,0,280.7
2011,09,14,1,281.6
2011,09,14,2,279.9
2011,09,14,3,280.3
2011,09,14,4,281.8
2011,09,14,5,281.4
2011,09,14,6,280.5
2011,09,14,7,279.9
2011,09,15,0,280.3
2011,09,15,1,280.4
2011,09,15,2,280.1
2011,09,15,3,280.4
2011,09,15,4,280.8
2011,09,15,5,280.9
2011,09,15,6,280.8
2011,09,15,7,280.9
2011,09,16,0,280.9
2011,09,16,1,281.3
2011,09,16,2,280.6
2011,09,16,3,281.1
2011,09,16,4,281.3
2011,09,16,5,281.5
2011,09,16,6,281.5
2011,09,16,7,281.7
2011,09,17,0,280.5
2011,09,17,1,281.4
2011,09,17,2,281.4
2011,09,17,3,281.0
2011,09,17,4,281.4
2011,09,17,5,281.6
2011,09,17,6,282.2
2011,09,17,7,282.1
2011,09,18,0,282.3
2011,09,18,1,281.9
2011,09,18,2,282.2
2011,09,18,3,281.7
2011,09,18,4,280.8
2011,09,18,5,280.8
2011,09,18,6,280.8
2011,09,18,7,280.2
2011,09,19,0,279.6
2011,09,19,1,280.1
2011,09,19,2,280.8
2011,09,19,3,281.8
2011,09,19,4,281.4
2011,09,19,5,281.3
2011,09,19,6,281.2
2011,09,19,7,281.0
2011,09,20,0,280.0
2011,09,20,1,280.8
2011,09,20,2,280.5
2011,09,20,3,281.2
2011,09,20,4,281.5
2011,09,20,5,281.0
2011,09,20,6,281.2
2011,09,20,7,282.1
2011,09,21,0,282.5
2011,09,21,1,282.2
2011,09,21,2,281.9
2011,09,21,3,281.6
2011,09,21,4,281.8
2011,09,21,5,281.9
2011,09,21,6,281.2
2011,09,21,7,281.5
2011,09,22,0,281.0
2011,09,22,1,281.3
2011,09,22,2,280.3
2011,09,22,3,280.4
2011,09,22,4,280.6
2011,09,22,5,280.5
2011,09,22,6,280.8
2011,09,22,7,280.6
2011,09,23,0,280.6
2011,09,23,1,280.6
2011,09,23,2,280.1
2011,09,23,3,280.4
2011,09,23,4,281.5
2011,09,23,5,281.5
2011,09,23,6,281.0
2011,09,23,7,281.4
2011,09,24,0,281.7
2011,09,24,1,282.0
2011,09,24,2,281.3
2011,09,24,3,281.4
2011,09,24,4,281.3
2011,09,24,5,281.8
2011,09,24,6,282.3
2011,09,24,7,282.8
2011,09,25,0,282.8
2011,09,25,1,282.6
2011,09,25,2,282.3
2011,09,25,3,282.0
2011,09,25,4,282.1
2011,09,25,5,282.2
2011,09,25,6,281.9
2011,09,25,7,281.5
2011,09,26,0,282.1
2011,09,26,1,282.0
2011,09,26,2,282.2
2011,09,26,3,282.0
2011,09,26,4,281.9
2011,09,26,5,281.8
2011,09,26,6,281.8
2011,09,26,7,282.0
2011,09,27,0,282.2
2011,09,27,1,281.4
2011,09,27,2,281.6
2011,09,27,3,281.6
2011,09,27,4,281.9
2011,09,27,5,282.1
2011,09,27,6,281.6
2011,09,27,7,280.7
2011,09,28,0,281.1
2011,09,28,1,281.5
2011,09,28,2,279.8
2011,09,28,3,280.5
2011,09,28,4,281.1
2011,09,28,5,280.5
2011,09,28,6,281.1
2011,09,28,7,282.6
2011,09,29,0,280.5
2011,09,29,1,280.3
2011,09,29,2,279.9
2011,09,29,3,281.2
2011,09,29,4,279.3
2011,09,29,5,279.6
2011,09,29,6,281.1
2011,09,29,7,281.7
2011,09,30,0,282.2
2011,09,30,1,281.5
2011,09,30,2,280.4
2011,09,30,3,280.8
2011,09,30,4,280.7
2011,09,30,5,280.4
2011,09,30,6,281.3
2011,09,30,7,282.7
2011,09,31,0,283.2
2011,09,31,1,282.0
2011,09,31,2,282.0
2011,09,31,3,282.0
2011,09,31,4,282.0
2011,09,31,5,281.8
2011,09,31,6,281.6
2011,09,31,7,281.5
2012,09,1,0,281.8
2012,09,1,1,281.5
2012,09,1,2,281.9
2012,09,1,3,281.8
2012,09,1,4,281.8
2012,09,1,5,281.7
2012,09,1,6,282.1
2012,09,1,7,281.7
2012,09,2,0,281.6
2012,09,2,1,281.9
2012,09,2,2,281.7
2012,09,2,3,281.7
2012,09,2,4,281.8
2012,09,2,5,281.8
2012,09,2,6,282.1
2012,09,2,7,280.5
2012,09,3,0,281.4
2012,09,3,1,282.3
2012,09,3,2,282.0
2012,09,3,3,282.0
2012,09,3,4,281.5
2012,09,3,5,281.2
2012,09,3,6,280.7
2012,09,3,7,280.6
2012,09,4,0,281.1
2012,09,4,1,280.9
2012,09,4,2,280.5
2012,09,4,3,280.4
2012,09,4,4,280.6
2012,09,4,5,280.1
2012,09,4,6,281.2
2012,09,4,7,280.7
2012,09,5,0,279.6
2012,09,5,1,279.9
2012,09,5,2,279.8
2012,09,5,3,279.7
2012,09,5,4,280.2
2012,09,5,5,280.2
2012,09,5,6,281.3
2012,09,5,7,280.5
2012,09,6,0,280.1
2012,09,6,1,281.2
2012,09,6,2,280.7
2012,09,6,3,280.1
2012,09,6,4,280.4
2012,09,6,5,280.8
2012,09,6,6,280.9
2012,09,6,7,280.9
2012,09,7,0,280.6
2012,09,7,1,280.5
2012,09,7,2,280.5
2012,09,7,3,281.0
2012,09,7,4,281.3
2012,09,7,5,281.4
2012,09,7,6,280.7
2012,09,7,7,280.9
2012,09,8,0,281.6
2012,09,8,1,280.3
2012,09,8,2,280.4
2012,09,8,3,279.6
2012,09,8,4,279.6
2012,09,8,5,279.3
2012,09,8,6,278.4
2012,09,8,7,280.1
2012,09,9,0,279.1
2012,09,9,1,278.1
2012,09,9,2,278.4
2012,09,9,3,277.8
2012,09,9,4,278.0
2012,09,9,5,278.6
2012,09,9,6,278.2
2012,09,9,7,275.7
2012,09,10,0,277.6
2012,09,10,1,275.1
2012,09,10,2,278.2
2012,09,10,3,279.1
2012,09,10,4,279.0
2012,09,10,5,279.5
2012,09,10,6,279.0
2012,09,10,7,278.8
2012,09,11,0,278.6
2012,09,11,1,278.6
2012,09,11,2,279.5
2012,09,11,3,279.5
2012,09,11,4,279.4
2012,09,11,5,279.5
2012,09,11,6,279.6
2012,09,11,7,279.6
2012,09,12,0,280.1
2012,09,12,1,280.9
2012,09,12,2,280.7
2012,09,12,3,280.8
2012,09,12,4,281.0
2012,09,12,5,281.7
2012,09,12,6,281.5
2012,09,12,7,281.9
2012,09,13,0,282.1
2012,09,13,1,281.2
2012,09,13,2,280.2
2012,09,13,3,279.8
2012,09,13,4,279.9
2012,09,13,5,280.1
2012,09,13,6,280.4
2012,09,13,7,279.6
2012,09,14,0,280.1
2012,09,14,1,280.7
2012,09,14,2,280.7
2012,09,14,3,280.7
2012,09,14,4,280.8
2012,09,14,5,280.5
2012,09,14,6,280.5
2012,09,14,7,281.2
2012,09,15,0,281.7
2012,09,15,1,281.8
2012,09,15,2,281.6
2012,09,15,3,281.4
2012,09,15,4,281.3
2012,09,15,5,281.6
2012,09,15,6,281.9
2012,09,15,7,282.0
2012,09,16,0,281.7
2012,09,16,1,281.4
2012,09,16,2,281.2
2012,09,16,3,281.2
2012,09,16,4,281.1
2012,09,16,5,281.2
2012,09,16,6,281.9
2012,09,16,7,282.5
2012,09,17,0,282.6
2012,09,17,1,281.9
2012,09,17,2,280.9
2012,09,17,3,282.4
2012,09,17,4,280.8
2012,09,17,5,282.6
2012,09,17,6,283.4
2012,09,17,7,283.9
2012,09,18,0,283.8
2012,09,18,1,283.2
2012,09,18,2,283.2
2012,09,18,3,284.1
2012,09,18,4,284.5
2012,09,18,5,284.4
2012,09,18,6,284.6
2012,09,18,7,284.2
2012,09,19,0,284.9
2012,09,19,1,284.4
2012,09,19,2,283.9
2012,09,19,3,281.9
2012,09,19,4,282.6
2012,09,19,5,282.9
2012,09,19,6,283.2
2012,09,19,7,282.6
2012,09,20,0,282.5
2012,09,20,1,281.8
2012,09,20,2,281.4
2012,09,20,3,282.5
2012,09,20,4,282.3
2012,09,20,5,281.6
2012,09,20,6,281.4
2012,09,20,7,280.2
2012,09,21,0,280.2
2012,09,21,1,280.8
2012,09,21,2,280.9
2012,09,21,3,281.6
2012,09,21,4,282.3
2012,09,21,5,282.2
2012,09,21,6,280.7
2012,09,21,7,280.3
2012,09,22,0,280.8
2012,09,22,1,281.0
2012,09,22,2,282.2
2012,09,22,3,283.2
2012,09,22,4,282.8
2012,09,22,5,282.1
2012,09,22,6,281.5
2012,09,22,7,281.3
2012,09,23,0,282.2
2012,09,23,1,282.3
2012,09,23,2,281.9
2012,09,23,3,282.6
2012,09,23,4,281.6
2012,09,23,5,281.4
2012,09,23,6,282.0
2012,09,23,7,283.1
2012,09,24,0,283.3
2012,09,24,1,282.6
2012,09,24,2,282.5
2012,09,24,3,282.8
2012,09,24,4,282.4
2012,09,24,5,281.4
2012,09,24,6,280.6
2012,09,24,7,280.9
2012,09,25,0,280.6
2012,09,25,1,281.7
2012,09,25,2,282.0
2012,09,25,3,282.0
2012,09,25,4,283.0
2012,09,25,5,283.4
2012,09,25,6,282.7
2012,09,25,7,281.8
2012,09,26,0,282.6
2012,09,26,1,282.6
2012,09,26,2,283.3
2012,09,26,3,283.2
2012,09,26,4,283.3
2012,09,26,5,283.0
2012,09,26,6,283.5
2012,09,26,7,283.3
2012,09,27,0,282.8
2012,09,27,1,282.5
2012,09,27,2,282.3
2012,09,27,3,283.4
2012,09,27,4,283.3
2012,09,27,5,283.6
2012,09,27,6,283.1
2012,09,27,7,283.2
2012,09,28,0,283.2
2012,09,28,1,282.5
2012,09,28,2,281.9
2012,09,28,3,281.6
2012,09,28,4,281.6
2012,09,28,5,282.1
2012,09,28,6,281.0
2012,09,28,7,281.8
2012,09,29,0,281.2
2012,09,29,1,280.8
2012,09,29,2,280.3
2012,09,29,3,280.1
2012,09,29,4,280.8
2012,09,29,5,281.1
2012,09,29,6,280.8
2012,09,29,7,284.8
2012,09,30,0,281.2
2012,09,30,1,281.7
2012,09,30,2,280.9
2012,09,30,3,280.6
2012,09,30,4,281.0
2012,09,30,5,281.2
2012,09,30,6,280.5
2012,09,30,7,281.4
2012,09,31,0,281.6
2012,09,31,1,278.6
2012,09,31,2,280.3
2012,09,31,3,280.2
2012,09,31,4,280.3
2012,09,31,5,280.3
2012,09,31,6,280.5
2012,09,31,7,280.9
2012,09,1,0,280.9
2012,09,1,1,279.6
2012,09,1,2,279.0
2012,09,1,3,279.3
2012,09,1,4,280.1
2012,09,1,5,280.3
2012,09,1,6,280.6
2012,09,1,7,280.9
2012,09,2,0,281.1
2012,09,2,1,281.2
2012,09,2,2,281.5
2012,09,2,3,282.5
2012,09,2,4,282.6
2012,09,2,5,282.6
2012,09,2,6,282.9
2012,09,2,7,284.6
2012,09,3,0,284.7
2012,09,3,1,284.4
2012,09,3,2,284.5
2012,09,3,3,284.8
2012,09,3,4,285.4
2012,09,3,5,280.8
2012,09,3,6,280.9
2012,09,3,7,281.4
2012,09,4,0,285.6
2012,09,4,1,284.5
2012,09,4,2,284.5
2012,09,4,3,285.2
2012,09,4,4,285.9
2012,09,4,5,285.9
2012,09,4,6,285.8
2012,09,4,7,286.1
2012,09,5,0,285.5
2012,09,5,1,284.3
2012,09,5,2,284.2
2012,09,5,3,284.3
2012,09,5,4,284.4
2012,09,5,5,283.5
2012,09,5,6,282.0
2012,09,5,7,281.8
2012,09,6,0,281.3
2012,09,6,1,279.3
2012,09,6,2,279.7
2012,09,6,3,282.8
2012,09,6,4,284.9
2012,09,6,5,284.5
2012,09,6,6,283.3
2012,09,6,7,282.1
2012,09,7,0,281.2
2012,09,7,1,281.5
2012,09,7,2,281.1
2012,09,7,3,280.5
2012,09,7,4,280.6
2012,09,7,5,281.4
2012,09,7,6,281.7
2012,09,7,7,281.9
2012,09,8,0,281.9
2012,09,8,1,281.7
2012,09,8,2,281.7
2012,09,8,3,282.5
2012,09,8,4,283.8
2012,09,8,5,282.8
2012,09,8,6,282.9
2012,09,8,7,284.1
2012,09,9,0,282.5
2012,09,9,1,283.0
2012,09,9,2,281.6
2012,09,9,3,282.6
2012,09,9,4,283.7
2012,09,9,5,282.9
2012,09,9,6,282.7
2012,09,9,7,282.3
2012,09,10,0,282.4
2012,09,10,1,282.3
2012,09,10,2,281.4
2012,09,10,3,281.6
2012,09,10,4,281.4
2012,09,10,5,281.6
2012,09,10,6,281.8
2012,09,10,7,281.3
2012,09,11,0,281.2
2012,09,11,1,281.0
2012,09,11,2,280.9
2012,09,11,3,281.0
2012,09,11,4,281.0
2012,09,11,5,281.5
2012,09,11,6,281.6
2012,09,11,7,281.5
2012,09,12,0,281.5
2012,09,12,1,281.5
2012,09,12,2,281.5
2012,09,12,3,281.4
2012,09,12,4,281.3
2012,09,12,5,282.2
2012,09,12,6,282.1
2012,09,12,7,281.5
2012,09,13,0,282.2
2012,09,13,1,282.7
2012,09,13,2,281.4
2012,09,13,3,281.3
2012,09,13,4,282.1
2012,09,13,5,281.5
2012,09,13,6,281.1
2012,09,13,7,280.5
2012,09,14,0,280.2
2012,09,14,1,279.9
2012,09,14,2,279.8
2012,09,14,3,279.7
2012,09,14,4,280.2
2012,09,14,5,280.7
2012,09,14,6,281.1
2012,09,14,7,281.2
2012,09,15,0,281.5
2012,09,15,1,282.9
2012,09,15,2,283.7
2012,09,15,3,283.5
2012,09,15,4,282.6
2012,09,15,5,280.9
2012,09,15,6,280.9
2012,09,15,7,280.8
2012,09,16,0,280.9
2012,09,16,1,281.3
2012,09,16,2,281.6
2012,09,16,3,281.6
2012,09,16,4,280.7
2012,09,16,5,279.7
2012,09,16,6,279.9
2012,09,16,7,280.5
2012,09,17,0,281.0
2012,09,17,1,281.4
2012,09,17,2,283.6
2012,09,17,3,283.6
2012,09,17,4,283.0
2012,09,17,5,281.2
2012,09,17,6,282.6
2012,09,17,7,283.4
2012,09,18,0,282.7
2012,09,18,1,282.4
2012,09,18,2,282.4
2012,09,18,3,282.0
2012,09,18,4,282.8
2012,09,18,5,282.7
2012,09,18,6,282.2
2012,09,18,7,281.9
2012,09,19,0,282.8
2012,09,19,1,282.6
2012,09,19,2,281.8
2012,09,19,3,282.8
2012,09,19,4,283.2
2012,09,19,5,283.1
2012,09,19,6,283.5
2012,09,19,7,284.3
2012,09,20,0,283.0
2012,09,20,1,281.7
2012,09,20,2,282.0
2012,09,20,3,282.8
2012,09,20,4,282.2
2012,09,20,5,282.4
2012,09,20,6,283.0
2012,09,20,7,283.2
2012,09,21,0,282.3
2012,09,21,1,281.8
2012,09,21,2,281.6
2012,09,21,3,281.9
2012,09,21,4,282.4
2012,09,21,5,282.4
2012,09,21,6,281.3
2012,09,21,7,282.0
2012,09,22,0,282.7
2012,09,22,1,281.3
2012,09,22,2,280.1
2012,09,22,3,279.7
2012,09,22,4,280.6
2012,09,22,5,280.6
2012,09,22,6,280.9
2012,09,22,7,280.7
2012,09,23,0,281.5
2012,09,23,1,281.3
2012,09,23,2,280.7
2012,09,23,3,279.6
2012,09,23,4,280.7
2012,09,23,5,281.7
2012,09,23,6,282.4
2012,09,23,7,281.9
2012,09,24,0,282.7
2012,09,24,1,283.0
2012,09,24,2,282.4
2012,09,24,3,282.3
2012,09,24,4,283.4
2012,09,24,5,284.2
2012,09,24,6,284.1
2012,09,24,7,284.7
2012,09,25,0,284.1
2012,09,25,1,284.4
2012,09,25,2,284.3
2012,09,25,3,283.9
2012,09,25,4,284.1
2012,09,25,5,284.9
2012,09,25,6,286.3
2012,09,25,7,287.0
2012,09,26,0,286.6
2012,09,26,1,285.9
2012,09,26,2,285.4
2012,09,26,3,285.7
2012,09,26,4,286.0
2012,09,26,5,284.6
2012,09,26,6,284.1
2012,09,26,7,284.0
2012,09,27,0,282.8
2012,09,27,1,281.5
2012,09,27,2,280.8
2012,09,27,3,282.2
2012,09,27,4,283.5
2012,09,27,5,284.5
2012,09,27,6,285.9
2012,09,27,7,286.4
2012,09,28,0,285.4
2012,09,28,1,283.9
2012,09,28,2,283.7
2012,09,28,3,284.5
2012,09,28,4,283.8
2012,09,28,5,283.9
2012,09,28,6,283.9
2012,09,28,7,284.5
2012,09,29,0,285.0
2012,09,29,1,284.4
2012,09,29,2,283.7
2012,09,29,3,283.7
2012,09,29,4,284.2
2012,09,29,5,284.9
2012,09,29,6,285.5
2012,09,29,7,286.0
2012,09,1,0,286.2
2012,09,1,1,285.5
2012,09,1,2,285.4
2012,09,1,3,285.6
2012,09,1,4,286.2
2012,09,1,5,286.5
2012,09,1,6,286.8
2012,09,1,7,287.4
2012,09,2,0,288.0
2012,09,2,1,287.1
2012,09,2,2,285.7
2012,09,2,3,285.3
2012,09,2,4,285.1
2012,09,2,5,283.9
2012,09,2,6,285.1
2012,09,2,7,285.5
2012,09,3,0,285.8
2012,09,3,1,285.9
2012,09,3,2,285.4
2012,09,3,3,285.0
2012,09,3,4,283.8
2012,09,3,5,283.7
2012,09,3,6,284.0
2012,09,3,7,284.1
2012,09,4,0,284.2
2012,09,4,1,283.7
2012,09,4,2,283.0
2012,09,4,3,282.8
2012,09,4,4,282.1
2012,09,4,5,282.4
2012,09,4,6,282.4
2012,09,4,7,281.8
2012,09,5,0,281.1
2012,09,5,1,279.6
2012,09,5,2,279.6
2012,09,5,3,279.8
2012,09,5,4,280.0
2012,09,5,5,280.5
2012,09,5,6,280.5
2012,09,5,7,280.0
2012,09,6,0,279.7
2012,09,6,1,279.3
2012,09,6,2,279.4
2012,09,6,3,279.4
2012,09,6,4,279.3
2012,09,6,5,279.6
2012,09,6,6,279.1
2012,09,6,7,279.0
2012,09,7,0,278.7
2012,09,7,1,278.3
2012,09,7,2,278.2
2012,09,7,3,278.4
2012,09,7,4,278.9
2012,09,7,5,279.4
2012,09,7,6,278.9
2012,09,7,7,278.1
2012,09,8,0,278.3
2012,09,8,1,277.9
2012,09,8,2,278.0
2012,09,8,3,279.0
2012,09,8,4,281.2
2012,09,8,5,280.8
2012,09,8,6,282.3
2012,09,8,7,281.5
2012,09,9,0,281.2
2012,09,9,1,281.9
2012,09,9,2,280.3
2012,09,9,3,280.4
2012,09,9,4,281.0
2012,09,9,5,281.1
2012,09,9,6,280.6
2012,09,9,7,280.1
2012,09,10,0,280.4
2012,09,10,1,281.5
2012,09,10,2,281.5
2012,09,10,3,281.3
2012,09,10,4,281.3
2012,09,10,5,281.4
2012,09,10,6,280.8
2012,09,10,7,281.2
2012,09,11,0,281.6
2012,09,11,1,281.9
2012,09,11,2,281.6
2012,09,11,3,281.3
2012,09,11,4,282.0
2012,09,11,5,282.1
2012,09,11,6,281.7
2012,09,11,7,281.8
2012,09,12,0,282.2
2012,09,12,1,281.7
2012,09,12,2,281.3
2012,09,12,3,281.2
2012,09,12,4,281.5
2012,09,12,5,281.5
2012,09,12,6,280.7
2012,09,12,7,280.8
2012,09,13,0,280.8
2012,09,13,1,281.1
2012,09,13,2,281.4
2012,09,13,3,281.4
2012,09,13,4,281.1
2012,09,13,5,281.3
2012,09,13,6,280.5
2012,09,13,7,281.2
2012,09,14,0,281.4
2012,09,14,1,281.0
2012,09,14,2,280.2
2012,09,14,3,280.4
2012,09,14,4,280.3
2012,09,14,5,280.7
2012,09,14,6,280.9
2012,09,14,7,280.6
2012,09,15,0,281.7
2012,09,15,1,281.0
2012,09,15,2,280.9
2012,09,15,3,280.8
2012,09,15,4,280.5
2012,09,15,5,281.2
2012,09,15,6,281.6
2012,09,15,7,281.0
2012,09,16,0,281.5
2012,09,16,1,282.1
2012,09,16,2,281.7
2012,09,16,3,281.5
2012,09,16,4,281.0
2012,09,16,5,281.0
2012,09,16,6,281.1
2012,09,16,7,281.1
2012,09,17,0,281.8
2012,09,17,1,281.3
2012,09,17,2,281.0
2012,09,17,3,280.9
2012,09,17,4,281.4
2012,09,17,5,281.3
2012,09,17,6,280.7
2012,09,17,7,280.6
2012,09,18,0,280.9
2012,09,18,1,281.2
2012,09,18,2,280.8
2012,09,18,3,279.6
2012,09,18,4,280.2
2012,09,18,5,280.2
2012,09,18,6,280.3
2012,09,18,7,280.4
2012,09,19,0,279.9
2012,09,19,1,280.0
2012,09,19,2,280.6
2012,09,19,3,280.0
2012,09,19,4,279.3
2012,09,19,5,280.0
2012,09,19,6,280.0
2012,09,19,7,280.1
2012,09,20,0,280.1
2012,09,20,1,280.1
2012,09,20,2,280.2
2012,09,20,3,280.3
2012,09,20,4,281.1
2012,09,20,5,280.3
2012,09,20,6,280.5
2012,09,20,7,280.4
2012,09,21,0,280.5
2012,09,21,1,280.8
2012,09,21,2,281.0
2012,09,21,3,280.7
2012,09,21,4,281.3
2012,09,21,5,282.0
2012,09,21,6,281.9
2012,09,21,7,281.9
2012,09,22,0,282.0
2012,09,22,1,282.0
2012,09,22,2,282.0
2012,09,22,3,282.3
2012,09,22,4,282.8
2012,09,22,5,283.3
2012,09,22,6,283.7
2012,09,22,7,283.3
2012,09,23,0,283.0
2012,09,23,1,282.7
2012,09,23,2,282.5
2012,09,23,3,282.3
2012,09,23,4,282.0
2012,09,23,5,282.9
2012,09,23,6,282.7
2012,09,23,7,281.7
2012,09,24,0,281.7
2012,09,24,1,282.3
2012,09,24,2,282.2
2012,09,24,3,281.1
2012,09,24,4,281.7
2012,09,24,5,282.2
2012,09,24,6,282.7
2012,09,24,7,282.9
2012,09,25,0,282.5
2012,09,25,1,282.2
2012,09,25,2,282.3
2012,09,25,3,282.1
2012,09,25,4,281.6
2012,09,25,5,281.9
2012,09,25,6,282.2
2012,09,25,7,282.6
2012,09,26,0,282.5
2012,09,26,1,282.1
2012,09,26,2,281.5
2012,09,26,3,280.9
2012,09,26,4,280.6
2012,09,26,5,281.2
2012,09,26,6,281.6
2012,09,26,7,281.8
2012,09,27,0,281.9
2012,09,27,1,281.6
2012,09,27,2,281.1
2012,09,27,3,280.9
2012,09,27,4,281.7
2012,09,27,5,283.1
2012,09,27,6,284.3
2012,09,27,7,283.9
2012,09,28,0,283.1
2012,09,28,1,282.5
2012,09,28,2,282.0
2012,09,28,3,282.5
2012,09,28,4,282.5
2012,09,28,5,282.4
2012,09,28,6,281.8
2012,09,28,7,280.9
2012,09,29,0,280.6
2012,09,29,1,280.7
2012,09,29,2,280.6
2012,09,29,3,280.3
2012,09,29,4,280.1
2012,09,29,5,280.4
2012,09,29,6,279.6
2012,09,29,7,279.4
2012,09,30,0,280.3
2012,09,30,1,280.2
2012,09,30,2,280.7
2012,09,30,3,280.6
2012,09,30,4,281.6
2012,09,30,5,281.8
2012,09,30,6,281.2
2012,09,30,7,280.5
2012,09,31,0,280.4
2012,09,31,1,280.4
2012,09,31,2,279.9
2012,09,31,3,280.0
2012,09,31,4,280.2
2012,09,31,5,280.0
2012,09,31,6,279.9
2012,09,31,7,280.0
2012,09,1,0,280.1
2012,09,1,1,280.5
2012,09,1,2,280.4
2012,09,1,3,280.4
2012,09,1,4,280.5
2012,09,1,5,280.2
2012,09,1,6,281.2
2012,09,1,7,279.8
2012,09,2,0,280.4
2012,09,2,1,280.4
2012,09,2,2,279.9
2012,09,2,3,279.6
2012,09,2,4,279.7
2012,09,2,5,280.5
2012,09,2,6,280.9
2012,09,2,7,280.6
2012,09,3,0,280.9
2012,09,3,1,280.8
2012,09,3,2,280.3
2012,09,3,3,280.2
2012,09,3,4,280.6
2012,09,3,5,280.8
2012,09,3,6,281.0
2012,09,3,7,280.8
2012,09,4,0,280.8
2012,09,4,1,280.8
2012,09,4,2,280.8
2012,09,4,3,280.3
2012,09,4,4,280.3
2012,09,4,5,280.7
2012,09,4,6,281.0
2012,09,4,7,280.6
2012,09,5,0,280.8
2012,09,5,1,280.8
2012,09,5,2,280.8
2012,09,5,3,280.7
2012,09,5,4,281.0
2012,09,5,5,281.4
2012,09,5,6,281.9
2012,09,5,7,282.1
2012,09,6,0,281.6
2012,09,6,1,281.3
2012,09,6,2,281.1
2012,09,6,3,280.9
2012,09,6,4,281.3
2012,09,6,5,281.6
2012,09,6,6,281.1
2012,09,6,7,280.2
2012,09,7,0,280.5
2012,09,7,1,281.1
2012,09,7,2,280.0
2012,09,7,3,281.7
2012,09,7,4,281.1
2012,09,7,5,281.0
2012,09,7,6,281.2
2012,09,7,7,281.0
2012,09,8,0,281.0
2012,09,8,1,281.3
2012,09,8,2,281.0
2012,09,8,3,280.9
2012,09,8,4,281.0
2012,09,8,5,281.0
2012,09,8,6,280.8
2012,09,8,7,280.5
2012,09,9,0,280.9
2012,09,9,1,280.4
2012,09,9,2,279.9
2012,09,9,3,279.9
2012,09,9,4,280.2
2012,09,9,5,280.2
2012,09,9,6,280.3
2012,09,9,7,279.6
2012,09,10,0,279.6
2012,09,10,1,279.3
2012,09,10,2,278.8
2012,09,10,3,278.8
2012,09,10,4,279.7
2012,09,10,5,280.2
2012,09,10,6,279.8
2012,09,10,7,279.3
2012,09,11,0,279.5
2012,09,11,1,279.6
2012,09,11,2,279.7
2012,09,11,3,279.7
2012,09,11,4,280.2
2012,09,11,5,280.1
2012,09,11,6,279.8
2012,09,11,7,279.7
2012,09,12,0,279.9
2012,09,12,1,279.7
2012,09,12,2,279.4
2012,09,12,3,279.5
2012,09,12,4,279.7
2012,09,12,5,279.4
2012,09,12,6,279.8
2012,09,12,7,279.4
2012,09,13,0,279.7
2012,09,13,1,280.3
2012,09,13,2,280.1
2012,09,13,3,279.9
2012,09,13,4,280.0
2012,09,13,5,280.4
2012,09,13,6,280.6
2012,09,13,7,280.4
2012,09,14,0,281.1
2012,09,14,1,281.6
2012,09,14,2,281.0
2012,09,14,3,280.6
2012,09,14,4,281.3
2012,09,14,5,281.6
2012,09,14,6,281.8
2012,09,14,7,281.7
2012,09,15,0,281.7
2012,09,15,1,281.4
2012,09,15,2,281.4
2012,09,15,3,281.4
2012,09,15,4,281.4
2012,09,15,5,281.9
2012,09,15,6,282.2
2012,09,15,7,281.6
2012,09,16,0,280.9
2012,09,16,1,280.4
2012,09,16,2,279.8
2012,09,16,3,280.7
2012,09,16,4,281.5
2012,09,16,5,281.5
2012,09,16,6,281.5
2012,09,16,7,281.3
2012,09,17,0,281.1
2012,09,17,1,280.5
2012,09,17,2,280.3
2012,09,17,3,280.4
2012,09,17,4,280.5
2012,09,17,5,280.6
2012,09,17,6,280.7
2012,09,17,7,280.6
2012,09,18,0,280.4
2012,09,18,1,280.4
2012,09,18,2,280.9
2012,09,18,3,281.8
2012,09,18,4,282.9
2012,09,18,5,283.4
2012,09,18,6,282.9
2012,09,18,7,282.8
2012,09,19,0,282.0
2012,09,19,1,280.5
2012,09,19,2,280.4
2012,09,19,3,281.1
2012,09,19,4,282.6
2012,09,19,5,284.2
2012,09,19,6,284.3
2012,09,19,7,284.8
2012,09,20,0,285.2
2012,09,20,1,284.8
2012,09,20,2,283.9
2012,09,20,3,283.5
2012,09,20,4,283.9
2012,09,20,5,283.7
2012,09,20,6,283.7
2012,09,20,7,282.6
2012,09,21,0,282.8
2012,09,21,1,282.7
2012,09,21,2,282.5
2012,09,21,3,282.8
2012,09,21,4,282.1
2012,09,21,5,281.7
2012,09,21,6,280.6
2012,09,21,7,279.9
2012,09,22,0,280.9
2012,09,22,1,280.4
2012,09,22,2,279.6
2012,09,22,3,279.5
2012,09,22,4,280.5
2012,09,22,5,281.4
2012,09,22,6,280.7
2012,09,22,7,280.4
2012,09,23,0,281.1
2012,09,23,1,281.5
2012,09,23,2,281.2
2012,09,23,3,280.9
2012,09,23,4,281.1
2012,09,23,5,281.0
2012,09,23,6,281.4
2012,09,23,7,280.9
2012,09,24,0,280.7
2012,09,24,1,280.2
2012,09,24,2,280.6
2012,09,24,3,280.9
2012,09,24,4,281.1
2012,09,24,5,281.7
2012,09,24,6,282.8
2012,09,24,7,283.3
2012,09,25,0,284.4
2012,09,25,1,284.7
2012,09,25,2,284.0
2012,09,25,3,283.6
2012,09,25,4,282.3
2012,09,25,5,282.4
2012,09,25,6,282.1
2012,09,25,7,282.0
2012,09,26,0,282.3
2012,09,26,1,282.8
2012,09,26,2,282.5
2012,09,26,3,282.3
2012,09,26,4,282.5
2012,09,26,5,282.7
2012,09,26,6,282.9
2012,09,26,7,281.7
2012,09,27,0,282.1
2012,09,27,1,282.4
2012,09,27,2,282.8
2012,09,27,3,283.8
2012,09,27,4,283.5
2012,09,27,5,282.8
2012,09,27,6,282.7
2012,09,27,7,282.4
2012,09,28,0,281.9
2012,09,28,1,281.7
2012,09,28,2,281.9
2012,09,28,3,282.3
2012,09,28,4,281.6
2012,09,28,5,282.4
2012,09,28,6,282.0
2012,09,28,7,281.4
2012,09,29,0,281.7
2012,09,29,1,282.4
2012,09,29,2,282.7
2012,09,29,3,282.1
2012,09,29,4,282.3
2012,09,29,5,283.1
2012,09,29,6,283.1
2012,09,29,7,282.3
2012,09,30,0,281.5
2012,09,30,1,281.7
2012,09,30,2,281.7
2012,09,30,3,281.6
2012,09,30,4,281.6
2012,09,30,5,281.3
2012,09,30,6,281.7
2012,09,30,7,280.4
2012,09,1,0,280.9
2012,09,1,1,280.8
2012,09,1,2,280.2
2012,09,1,3,279.4
2012,09,1,4,279.2
2012,09,1,5,279.2
2012,09,1,6,279.0
2012,09,1,7,279.1
2012,09,2,0,279.8
2012,09,2,1,280.5
2012,09,2,2,279.0
2012,09,2,3,278.3
2012,09,2,4,278.2
2012,09,2,5,274.2
2012,09,2,6,277.9
2012,09,2,7,272.2
2012,09,3,0,272.9
2012,09,3,1,273.4
2012,09,3,2,274.8
2012,09,3,3,276.6
2012,09,3,4,278.6
2012,09,3,5,278.5
2012,09,3,6,276.4
2012,09,3,7,275.9
2012,09,4,0,276.6
2012,09,4,1,276.8
2012,09,4,2,277.1
2012,09,4,3,278.0
2012,09,4,4,278.6
2012,09,4,5,277.9
2012,09,4,6,276.0
2012,09,4,7,275.5
2012,09,5,0,276.1
2012,09,5,1,275.0
2012,09,5,2,274.3
2012,09,5,3,274.5
2012,09,5,4,276.4
2012,09,5,5,275.1
2012,09,5,6,276.8
2012,09,5,7,276.6
2012,09,6,0,277.5
2012,09,6,1,278.1
2012,09,6,2,279.7
2012,09,6,3,276.9
2012,09,6,4,276.6
2012,09,6,5,277.1
2012,09,6,6,277.1
2012,09,6,7,277.4
2012,09,7,0,277.8
2012,09,7,1,278.0
2012,09,7,2,278.2
2012,09,7,3,278.2
2012,09,7,4,278.6
2012,09,7,5,279.0
2012,09,7,6,279.0
2012,09,7,7,279.5
2012,09,8,0,279.9
2012,09,8,1,280.0
2012,09,8,2,279.9
2012,09,8,3,279.7
2012,09,8,4,279.8
2012,09,8,5,280.0
2012,09,8,6,279.6
2012,09,8,7,279.9
2012,09,9,0,279.6
2012,09,9,1,279.2
2012,09,9,2,278.9
2012,09,9,3,278.6
2012,09,9,4,278.5
2012,09,9,5,278.7
2012,09,9,6,279.1
2012,09,9,7,278.4
2012,09,10,0,278.2
2012,09,10,1,278.1
2012,09,10,2,278.0
2012,09,10,3,277.7
2012,09,10,4,277.4
2012,09,10,5,275.1
2012,09,10,6,277.9
2012,09,10,7,277.9
2012,09,11,0,277.9
2012,09,11,1,277.5
2012,09,11,2,276.9
2012,09,11,3,273.3
2012,09,11,4,274.8
2012,09,11,5,275.9
2012,09,11,6,274.4
2012,09,11,7,277.3
2012,09,12,0,276.8
2012,09,12,1,273.4
2012,09,12,2,277.5
2012,09,12,3,278.9
2012,09,12,4,279.7
2012,09,12,5,280.3
2012,09,12,6,280.2
2012,09,12,7,279.4
2012,09,13,0,279.6
2012,09,13,1,279.5
2012,09,13,2,279.2
2012,09,13,3,279.3
2012,09,13,4,279.7
2012,09,13,5,280.7
2012,09,13,6,280.5
2012,09,13,7,279.8
2012,09,14,0,279.8
2012,09,14,1,280.0
2012,09,14,2,280.0
2012,09,14,3,279.7
2012,09,14,4,279.5
2012,09,14,5,280.3
2012,09,14,6,280.4
2012,09,14,7,279.7
2012,09,15,0,279.8
2012,09,15,1,279.3
2012,09,15,2,278.5
2012,09,15,3,278.7
2012,09,15,4,278.3
2012,09,15,5,277.9
2012,09,15,6,278.9
2012,09,15,7,279.7
2012,09,16,0,279.4
2012,09,16,1,277.9
2012,09,16,2,277.9
2012,09,16,3,278.1
2012,09,16,4,278.2
2012,09,16,5,277.8
2012,09,16,6,278.1
2012,09,16,7,277.6
2012,09,17,0,277.3
2012,09,17,1,277.2
2012,09,17,2,277.4
2012,09,17,3,277.4
2012,09,17,4,277.5
2012,09,17,5,277.7
2012,09,17,6,277.3
2012,09,17,7,276.5
2012,09,18,0,276.3
2012,09,18,1,276.3
2012,09,18,2,276.0
2012,09,18,3,275.8
2012,09,18,4,275.8
2012,09,18,5,276.0
2012,09,18,6,275.3
2012,09,18,7,275.0
2012,09,19,0,274.6
2012,09,19,1,274.4
2012,09,19,2,274.2
2012,09,19,3,270.1
2012,09,19,4,270.7
2012,09,19,5,272.0
2012,09,19,6,272.1
2012,09,19,7,273.8
2012,09,20,0,274.9
2012,09,20,1,277.6
2012,09,20,2,277.2
2012,09,20,3,277.2
2012,09,20,4,278.3
2012,09,20,5,277.3
2012,09,20,6,276.0
2012,09,20,7,275.0
2012,09,21,0,275.1
2012,09,21,1,275.0
2012,09,21,2,275.4
2012,09,21,3,273.3
2012,09,21,4,274.2
2012,09,21,5,274.7
2012,09,21,6,275.4
2012,09,21,7,275.2
2012,09,22,0,274.8
2012,09,22,1,275.0
2012,09,22,2,275.1
2012,09,22,3,274.9
2012,09,22,4,275.1
2012,09,22,5,274.4
2012,09,22,6,275.2
2012,09,22,7,274.6
2012,09,23,0,274.0
2012,09,23,1,274.0
2012,09,23,2,273.9
2012,09,23,3,274.4
2012,09,23,4,275.8
2012,09,23,5,276.2
2012,09,23,6,276.2
2012,09,23,7,275.4
2012,09,24,0,274.9
2012,09,24,1,274.6
2012,09,24,2,273.8
2012,09,24,3,273.7
2012,09,24,4,275.0
2012,09,24,5,275.8
2012,09,24,6,275.6
2012,09,24,7,275.2
2012,09,25,0,276.7
2012,09,25,1,277.1
2012,09,25,2,277.0
2012,09,25,3,277.1
2012,09,25,4,277.2
2012,09,25,5,277.8
2012,09,25,6,278.4
2012,09,25,7,278.4
2012,09,26,0,278.4
2012,09,26,1,278.4
2012,09,26,2,278.4
2012,09,26,3,278.4
2012,09,26,4,278.3
2012,09,26,5,278.1
2012,09,26,6,278.9
2012,09,26,7,278.1
2012,09,27,0,278.1
2012,09,27,1,278.4
2012,09,27,2,279.1
2012,09,27,3,279.4
2012,09,27,4,279.1
2012,09,27,5,279.3
2012,09,27,6,280.0
2012,09,27,7,279.7
2012,09,28,0,279.9
2012,09,28,1,281.2
2012,09,28,2,280.8
2012,09,28,3,280.3
2012,09,28,4,278.9
2012,09,28,5,279.5
2012,09,28,6,279.7
2012,09,28,7,279.5
2012,09,29,0,279.5
2012,09,29,1,278.9
2012,09,29,2,278.1
2012,09,29,3,279.0
2012,09,29,4,279.8
2012,09,29,5,279.9
2012,09,29,6,279.9
2012,09,29,7,279.0
2012,09,30,0,279.0
2012,09,30,1,279.3
2012,09,30,2,278.9
2012,09,30,3,278.4
2012,09,30,4,278.6
2012,09,30,5,278.9
2012,09,30,6,278.8
2012,09,30,7,278.2
2012,09,31,0,277.8
2012,09,31,1,277.6
2012,09,31,2,278.9
2012,09,31,3,278.7
2012,09,31,4,278.1
2012,09,31,5,278.8
2012,09,31,6,278.7
2012,09,31,7,277.8
2012,09,1,0,277.8
2012,09,1,1,278.0
2012,09,1,2,276.9
2012,09,1,3,277.1
2012,09,1,4,278.0
2012,09,1,5,278.6
2012,09,1,6,278.4
2012,09,1,7,277.6
2012,09,2,0,277.3
2012,09,2,1,276.8
2012,09,2,2,278.0
2012,09,2,3,278.6
2012,09,2,4,277.9
2012,09,2,5,278.7
2012,09,2,6,279.4
2012,09,2,7,279.2
2012,09,3,0,278.8
2012,09,3,1,279.2
2012,09,3,2,278.6
2012,09,3,3,278.7
2012,09,3,4,278.7
2012,09,3,5,279.1
2012,09,3,6,279.5
2012,09,3,7,278.9
2012,09,4,0,278.2
2012,09,4,1,278.7
2012,09,4,2,278.7
2012,09,4,3,279.1
2012,09,4,4,279.3
2012,09,4,5,279.9
2012,09,4,6,279.7
2012,09,4,7,278.8
2012,09,5,0,278.2
2012,09,5,1,278.4
2012,09,5,2,277.4
2012,09,5,3,278.7
2012,09,5,4,278.8
2012,09,5,5,279.2
2012,09,5,6,279.6
2012,09,5,7,279.6
2012,09,6,0,279.4
2012,09,6,1,279.3
2012,09,6,2,279.1
2012,09,6,3,279.3
2012,09,6,4,279.5
2012,09,6,5,279.2
2012,09,6,6,279.2
2012,09,6,7,278.6
2012,09,7,0,279.1
2012,09,7,1,280.0
2012,09,7,2,279.8
2012,09,7,3,280.2
2012,09,7,4,280.0
2012,09,7,5,280.0
2012,09,7,6,280.1
2012,09,7,7,279.4
2012,09,8,0,278.8
2012,09,8,1,278.9
2012,09,8,2,279.0
2012,09,8,3,279.7
2012,09,8,4,279.8
2012,09,8,5,279.9
2012,09,8,6,280.3
2012,09,8,7,279.5
2012,09,9,0,280.2
2012,09,9,1,279.1
2012,09,9,2,277.7
2012,09,9,3,278.5
2012,09,9,4,279.0
2012,09,9,5,279.0
2012,09,9,6,278.4
2012,09,9,7,277.5
2012,09,10,0,280.1
2012,09,10,1,280.1
2012,09,10,2,280.0
2012,09,10,3,279.2
2012,09,10,4,278.3
2012,09,10,5,278.4
2012,09,10,6,278.3
2012,09,10,7,281.0
2012,09,11,0,279.4
2012,09,11,1,279.9
2012,09,11,2,280.0
2012,09,11,3,280.6
2012,09,11,4,280.2
2012,09,11,5,280.5
2012,09,11,6,280.3
2012,09,11,7,280.2
2012,09,12,0,280.1
2012,09,12,1,279.6
2012,09,12,2,278.9
2012,09,12,3,278.3
2012,09,12,4,278.0
2012,09,12,5,278.4
2012,09,12,6,278.9
2012,09,12,7,278.2
2012,09,13,0,278.4
2012,09,13,1,277.9
2012,09,13,2,276.9
2012,09,13,3,274.8
2012,09,13,4,278.3
2012,09,13,5,278.6
2012,09,13,6,276.8
2012,09,13,7,276.8
2012,09,14,0,277.3
2012,09,14,1,277.2
2012,09,14,2,276.7
2012,09,14,3,277.8
2012,09,14,4,279.1
2012,09,14,5,277.8
2012,09,14,6,276.6
2012,09,14,7,277.9
2012,09,15,0,278.9
2012,09,15,1,279.0
2012,09,15,2,278.3
2012,09,15,3,277.9
2012,09,15,4,277.1
2012,09,15,5,276.7
2012,09,15,6,276.7
2012,09,15,7,276.7
2012,09,16,0,276.8
2012,09,16,1,276.9
2012,09,16,2,276.6
2012,09,16,3,276.2
2012,09,16,4,276.0
2012,09,16,5,276.5
2012,09,16,6,277.1
2012,09,16,7,276.4
2012,09,17,0,275.6
2012,09,17,1,273.4
2012,09,17,2,275.4
2012,09,17,3,276.7
2012,09,17,4,279.9
2012,09,17,5,279.4
2012,09,17,6,280.2
2012,09,17,7,278.4
2012,09,18,0,279.2
2012,09,18,1,279.0
2012,09,18,2,279.1
2012,09,18,3,279.0
2012,09,18,4,279.0
2012,09,18,5,279.1
2012,09,18,6,279.6
2012,09,18,7,279.5
2012,09,19,0,280.3
2012,09,19,1,281.1
2012,09,19,2,281.6
2012,09,19,3,281.7
2012,09,19,4,280.9
2012,09,19,5,279.8
2012,09,19,6,279.1
2012,09,19,7,278.7
2012,09,20,0,278.4
2012,09,20,1,278.9
2012,09,20,2,280.3
2012,09,20,3,281.0
2012,09,20,4,279.8
2012,09,20,5,279.4
2012,09,20,6,280.0
2012,09,20,7,281.0
2012,09,21,0,279.7
2012,09,21,1,279.9
2012,09,21,2,280.0
2012,09,21,3,280.1
2012,09,21,4,280.3
2012,09,21,5,280.0
2012,09,21,6,280.7
2012,09,21,7,280.9
2012,09,22,0,281.5
2012,09,22,1,280.5
2012,09,22,2,278.6
2012,09,22,3,279.4
2012,09,22,4,281.4
2012,09,22,5,281.4
2012,09,22,6,282.0
2012,09,22,7,283.4
2012,09,23,0,282.4
2012,09,23,1,280.5
2012,09,23,2,280.2
2012,09,23,3,281.0
2012,09,23,4,282.5
2012,09,23,5,282.7
2012,09,23,6,284.0
2012,09,23,7,283.9
2012,09,24,0,283.6
2012,09,24,1,282.9
2012,09,24,2,283.2
2012,09,24,3,283.5
2012,09,24,4,282.5
2012,09,24,5,282.6
2012,09,24,6,282.1
2012,09,24,7,282.3
2012,09,25,0,283.4
2012,09,25,1,283.5
2012,09,25,2,283.4
2012,09,25,3,283.1
2012,09,25,4,283.3
2012,09,25,5,283.0
2012,09,25,6,284.2
2012,09,25,7,283.8
2012,09,26,0,284.2
2012,09,26,1,284.2
2012,09,26,2,284.2
2012,09,26,3,282.0
2012,09,26,4,281.8
2012,09,26,5,282.0
2012,09,26,6,281.7
2012,09,26,7,282.3
2012,09,27,0,282.2
2012,09,27,1,281.8
2012,09,27,2,283.6
2012,09,27,3,283.5
2012,09,27,4,282.7
2012,09,27,5,282.3
2012,09,27,6,282.9
2012,09,27,7,283.0
2012,09,28,0,283.7
2012,09,28,1,283.6
2012,09,28,2,284.6
2012,09,28,3,284.3
2012,09,28,4,284.6
2012,09,28,5,285.0
2012,09,28,6,283.5
2012,09,28,7,283.6
2012,09,29,0,282.0
2012,09,29,1,281.9
2012,09,29,2,282.1
2012,09,29,3,282.3
2012,09,29,4,282.5
2012,09,29,5,282.3
2012,09,29,6,282.0
2012,09,29,7,281.8
2012,09,30,0,282.2
2012,09,30,1,282.0
2012,09,30,2,281.4
2012,09,30,3,280.9
2012,09,30,4,280.8
2012,09,30,5,280.9
2012,09,30,6,280.9
2012,09,30,7,280.8
2012,09,1,0,280.7
2012,09,1,1,280.4
2012,09,1,2,280.1
2012,09,1,3,280.0
2012,09,1,4,280.2
2012,09,1,5,280.1
2012,09,1,6,280.0
2012,09,1,7,280.1
2012,09,2,0,280.6
2012,09,2,1,280.9
2012,09,2,2,280.8
2012,09,2,3,280.0
2012,09,2,4,280.3
2012,09,2,5,280.4
2012,09,2,6,280.5
2012,09,2,7,280.8
2012,09,3,0,280.8
2012,09,3,1,280.2
2012,09,3,2,279.8
2012,09,3,3,279.6
2012,09,3,4,280.3
2012,09,3,5,281.1
2012,09,3,6,281.3
2012,09,3,7,281.6
2012,09,4,0,281.8
2012,09,4,1,281.8
2012,09,4,2,281.5
2012,09,4,3,281.6
2012,09,4,4,282.3
2012,09,4,5,282.6
2012,09,4,6,283.6
2012,09,4,7,281.6
2012,09,5,0,281.7
2012,09,5,1,281.2
2012,09,5,2,280.4
2012,09,5,3,279.7
2012,09,5,4,279.7
2012,09,5,5,279.6
2012,09,5,6,278.3
2012,09,5,7,278.5
2012,09,6,0,279.0
2012,09,6,1,277.7
2012,09,6,2,277.8
2012,09,6,3,278.4
2012,09,6,4,278.9
2012,09,6,5,279.2
2012,09,6,6,279.6
2012,09,6,7,280.1
2012,09,7,0,280.5
2012,09,7,1,280.4
2012,09,7,2,279.8
2012,09,7,3,279.6
2012,09,7,4,279.3
2012,09,7,5,279.8
2012,09,7,6,279.4
2012,09,7,7,280.4
2012,09,8,0,283.1
2012,09,8,1,283.5
2012,09,8,2,283.3
2012,09,8,3,282.9
2012,09,8,4,280.5
2012,09,8,5,279.5
2012,09,8,6,279.5
2012,09,8,7,278.3
2012,09,9,0,279.1
2012,09,9,1,279.2
2012,09,9,2,281.1
2012,09,9,3,281.8
2012,09,9,4,281.6
2012,09,9,5,282.4
2012,09,9,6,282.8
2012,09,9,7,282.8
2012,09,10,0,282.9
2012,09,10,1,283.0
2012,09,10,2,283.1
2012,09,10,3,282.2
2012,09,10,4,282.4
2012,09,10,5,282.9
2012,09,10,6,282.6
2012,09,10,7,283.0
2012,09,11,0,283.7
2012,09,11,1,284.0
2012,09,11,2,285.0
2012,09,11,3,284.9
2012,09,11,4,284.5
2012,09,11,5,284.7
2012,09,11,6,284.6
2012,09,11,7,284.4
2012,09,12,0,286.1
2012,09,12,1,286.3
2012,09,12,2,285.7
2012,09,12,3,285.2
2012,09,12,4,285.1
2012,09,12,5,285.0
2012,09,12,6,280.6
2012,09,12,7,277.5
2012,09,13,0,275.5
2012,09,13,1,277.9
2012,09,13,2,277.5
2012,09,13,3,277.2
2012,09,13,4,277.0
2012,09,13,5,277.5
2012,09,13,6,277.4
2012,09,13,7,276.6
2012,09,14,0,277.0
2012,09,14,1,276.9
2012,09,14,2,278.1
2012,09,14,3,279.9
2012,09,14,4,279.9
2012,09,14,5,281.3
2012,09,14,6,280.5
2012,09,14,7,279.9
2012,09,15,0,280.7
2012,09,15,1,281.6
2012,09,15,2,281.2
2012,09,15,3,280.7
2012,09,15,4,280.8
2012,09,15,5,280.6
2012,09,15,6,278.5
2012,09,15,7,277.0
2012,09,16,0,279.2
2012,09,16,1,279.4
2012,09,16,2,279.1
2012,09,16,3,278.5
2012,09,16,4,278.2
2012,09,16,5,277.1
2012,09,16,6,276.0
2012,09,16,7,275.5
2012,09,17,0,275.1
2012,09,17,1,274.1
2012,09,17,2,273.9
2012,09,17,3,275.0
2012,09,17,4,276.3
2012,09,17,5,275.9
2012,09,17,6,276.1
2012,09,17,7,275.9
2012,09,18,0,276.3
2012,09,18,1,276.2
2012,09,18,2,276.1
2012,09,18,3,276.4
2012,09,18,4,276.3
2012,09,18,5,276.7
2012,09,18,6,276.6
2012,09,18,7,274.9
2012,09,19,0,275.2
2012,09,19,1,274.4
2012,09,19,2,275.2
2012,09,19,3,276.2
2012,09,19,4,278.0
2012,09,19,5,278.2
2012,09,19,6,278.3
2012,09,19,7,279.1
2012,09,20,0,280.1
2012,09,20,1,280.4
2012,09,20,2,280.1
2012,09,20,3,280.0
2012,09,20,4,280.0
2012,09,20,5,280.1
2012,09,20,6,280.3
2012,09,20,7,280.7
2012,09,21,0,281.7
2012,09,21,1,282.4
2012,09,21,2,282.2
2012,09,21,3,282.1
2012,09,21,4,282.0
2012,09,21,5,282.2
2012,09,21,6,282.7
2012,09,21,7,282.7
2012,09,22,0,283.4
2012,09,22,1,284.3
2012,09,22,2,283.6
2012,09,22,3,283.3
2012,09,22,4,283.4
2012,09,22,5,283.3
2012,09,22,6,282.5
2012,09,22,7,280.6
2012,09,23,0,279.6
2012,09,23,1,278.5
2012,09,23,2,279.0
2012,09,23,3,280.4
2012,09,23,4,279.4
2012,09,23,5,279.1
2012,09,23,6,275.1
2012,09,23,7,273.0
2012,09,24,0,276.6
2012,09,24,1,278.6
2012,09,24,2,281.9
2012,09,24,3,277.6
2012,09,24,4,281.2
2012,09,24,5,280.9
2012,09,24,6,280.4
2012,09,24,7,280.5
2012,09,25,0,281.9
2012,09,25,1,283.0
2012,09,25,2,283.8
2012,09,25,3,283.9
2012,09,25,4,283.6
2012,09,25,5,283.8
2012,09,25,6,284.0
2012,09,25,7,283.8
2012,09,26,0,282.6
2012,09,26,1,282.2
2012,09,26,2,283.6
2012,09,26,3,284.5
2012,09,26,4,285.2
2012,09,26,5,285.1
2012,09,26,6,284.3
2012,09,26,7,283.3
2012,09,27,0,283.8
2012,09,27,1,283.7
2012,09,27,2,283.3
2012,09,27,3,283.5
2012,09,27,4,284.2
2012,09,27,5,284.6
2012,09,27,6,284.4
2012,09,27,7,283.4
2012,09,28,0,283.4
2012,09,28,1,283.3
2012,09,28,2,283.6
2012,09,28,3,284.1
2012,09,28,4,283.6
2012,09,28,5,282.9
2012,09,28,6,282.3
2012,09,28,7,282.2
2012,09,29,0,283.0
2012,09,29,1,283.0
2012,09,29,2,283.5
2012,09,29,3,283.9
2012,09,29,4,284.8
2012,09,29,5,284.9
2012,09,29,6,284.2
2012,09,29,7,284.1
2012,09,30,0,285.0
2012,09,30,1,284.2
2012,09,30,2,283.8
2012,09,30,3,284.6
2012,09,30,4,284.8
2012,09,30,5,283.8
2012,09,30,6,284.1
2012,09,30,7,283.9
2012,09,31,0,283.6
2012,09,31,1,283.1
2012,09,31,2,283.4
2012,09,31,3,283.5
2012,09,31,4,284.0
2012,09,31,5,284.1
2012,09,31,6,284.2
2012,09,31,7,284.1
2012,09,1,0,284.0
2012,09,1,1,282.3
2012,09,1,2,282.5
2012,09,1,3,282.4
2012,09,1,4,281.8
2012,09,1,5,281.6
2012,09,1,6,281.8
2012,09,1,7,281.6
2012,09,2,0,281.2
2012,09,2,1,281.9
2012,09,2,2,281.2
2012,09,2,3,280.8
2012,09,2,4,280.5
2012,09,2,5,280.5
2012,09,2,6,281.2
2012,09,2,7,281.9
2012,09,3,0,281.0
2012,09,3,1,280.6
2012,09,3,2,281.2
2012,09,3,3,282.1
2012,09,3,4,282.4
2012,09,3,5,282.6
2012,09,3,6,282.0
2012,09,3,7,282.1
2012,09,4,0,282.2
2012,09,4,1,281.3
2012,09,4,2,281.0
2012,09,4,3,281.8
2012,09,4,4,282.4
2012,09,4,5,282.3
2012,09,4,6,282.4
2012,09,4,7,282.7
2012,09,5,0,283.1
2012,09,5,1,283.4
2012,09,5,2,283.2
2012,09,5,3,283.3
2012,09,5,4,283.4
2012,09,5,5,282.4
2012,09,5,6,278.9
2012,09,5,7,276.7
2012,09,6,0,277.3
2012,09,6,1,277.0
2012,09,6,2,276.5
2012,09,6,3,274.3
2012,09,6,4,274.4
2012,09,6,5,275.0
2012,09,6,6,272.5
2012,09,6,7,273.6
2012,09,7,0,278.4
2012,09,7,1,279.2
2012,09,7,2,279.2
2012,09,7,3,279.6
2012,09,7,4,279.5
2012,09,7,5,279.5
2012,09,7,6,280.1
2012,09,7,7,281.0
2012,09,8,0,280.8
2012,09,8,1,281.0
2012,09,8,2,281.2
2012,09,8,3,280.8
2012,09,8,4,280.9
2012,09,8,5,280.6
2012,09,8,6,280.7
2012,09,8,7,280.8
2012,09,9,0,280.9
2012,09,9,1,280.3
2012,09,9,2,280.5
2012,09,9,3,281.3
2012,09,9,4,281.1
2012,09,9,5,281.5
2012,09,9,6,282.0
2012,09,9,7,282.3
2012,09,10,0,282.3
2012,09,10,1,281.4
2012,09,10,2,281.3
2012,09,10,3,281.3
2012,09,10,4,281.0
2012,09,10,5,280.6
2012,09,10,6,280.0
2012,09,10,7,280.5
2012,09,11,0,280.6
2012,09,11,1,280.4
2012,09,11,2,280.4
2012,09,11,3,280.2
2012,09,11,4,280.2
2012,09,11,5,280.5
2012,09,11,6,280.8
2012,09,11,7,280.8
2012,09,12,0,280.2
2012,09,12,1,280.3
2012,09,12,2,280.1
2012,09,12,3,279.8
2012,09,12,4,280.1
2012,09,12,5,279.7
2012,09,12,6,279.7
2012,09,12,7,279.9
2012,09,13,0,279.6
2012,09,13,1,279.2
2012,09,13,2,279.6
2012,09,13,3,280.0
2012,09,13,4,280.2
2012,09,13,5,278.7
2012,09,13,6,275.6
2012,09,13,7,273.8
2012,09,14,0,275.2
2012,09,14,1,275.0
2012,09,14,2,274.0
2012,09,14,3,274.6
2012,09,14,4,274.7
2012,09,14,5,276.5
2012,09,14,6,276.9
2012,09,14,7,277.8
2012,09,15,0,277.9
2012,09,15,1,277.9
2012,09,15,2,278.2
2012,09,15,3,276.9
2012,09,15,4,276.4
2012,09,15,5,275.3
2012,09,15,6,273.9
2012,09,15,7,274.3
2012,09,16,0,275.8
2012,09,16,1,275.6
2012,09,16,2,275.9
2012,09,16,3,275.5
2012,09,16,4,276.1
2012,09,16,5,275.6
2012,09,16,6,274.6
2012,09,16,7,276.1
2012,09,17,0,277.2
2012,09,17,1,277.1
2012,09,17,2,277.5
2012,09,17,3,278.2
2012,09,17,4,278.4
2012,09,17,5,276.6
2012,09,17,6,275.2
2012,09,17,7,274.2
2012,09,18,0,276.3
2012,09,18,1,277.6
2012,09,18,2,276.8
2012,09,18,3,276.2
2012,09,18,4,275.9
2012,09,18,5,274.6
2012,09,18,6,272.6
2012,09,18,7,273.0
2012,09,19,0,273.7
2012,09,19,1,273.2
2012,09,19,2,273.4
2012,09,19,3,273.8
2012,09,19,4,275.2
2012,09,19,5,275.8
2012,09,19,6,276.0
2012,09,19,7,277.0
2012,09,20,0,276.9
2012,09,20,1,277.4
2012,09,20,2,277.9
2012,09,20,3,278.3
2012,09,20,4,278.2
2012,09,20,5,277.8
2012,09,20,6,277.8
2012,09,20,7,278.4
2012,09,21,0,278.1
2012,09,21,1,276.8
2012,09,21,2,276.9
2012,09,21,3,275.5
2012,09,21,4,276.0
2012,09,21,5,275.6
2012,09,21,6,276.1
2012,09,21,7,277.1
2012,09,22,0,277.2
2012,09,22,1,277.4
2012,09,22,2,277.3
2012,09,22,3,277.5
2012,09,22,4,278.1
2012,09,22,5,278.5
2012,09,22,6,278.5
2012,09,22,7,279.1
2012,09,23,0,278.9
2012,09,23,1,278.8
2012,09,23,2,278.8
2012,09,23,3,278.7
2012,09,23,4,278.4
2012,09,23,5,276.2
2012,09,23,6,275.8
2012,09,23,7,275.7
2012,09,24,0,274.7
2012,09,24,1,274.2
2012,09,24,2,276.6
2012,09,24,3,277.1
2012,09,24,4,277.7
2012,09,24,5,277.7
2012,09,24,6,277.3
2012,09,24,7,277.9
2012,09,25,0,277.7
2012,09,25,1,277.1
2012,09,25,2,277.1
2012,09,25,3,276.9
2012,09,25,4,276.3
2012,09,25,5,275.7
2012,09,25,6,275.0
2012,09,25,7,276.0
2012,09,26,0,273.5
2012,09,26,1,275.6
2012,09,26,2,273.4
2012,09,26,3,273.8
2012,09,26,4,274.3
2012,09,26,5,276.3
2012,09,26,6,278.0
2012,09,26,7,277.4
2012,09,27,0,277.7
2012,09,27,1,277.8
2012,09,27,2,277.2
2012,09,27,3,276.6
2012,09,27,4,276.5
2012,09,27,5,276.7
2012,09,27,6,276.6
2012,09,27,7,276.3
2012,09,28,0,276.1
2012,09,28,1,276.0
2012,09,28,2,275.6
2012,09,28,3,275.0
2012,09,28,4,274.9
2012,09,28,5,275.2
2012,09,28,6,275.8
2012,09,28,7,275.7
2012,09,29,0,275.8
2012,09,29,1,276.5
2012,09,29,2,276.6
2012,09,29,3,276.3
2012,09,29,4,276.6
2012,09,29,5,277.4
2012,09,29,6,276.7
2012,09,29,7,277.1
2012,09,30,0,277.4
2012,09,30,1,277.4
2012,09,30,2,276.8
2012,09,30,3,276.3
2012,09,30,4,276.6
2012,09,30,5,279.4
2012,09,30,6,279.4
2012,09,30,7,278.5
2012,09,31,0,280.1
2012,09,31,1,279.1
2012,09,31,2,280.0
2012,09,31,3,280.8
2012,09,31,4,281.2
2012,09,31,5,281.2
2012,09,31,6,280.5
2012,09,31,7,282.3
2012,09,1,0,281.8
2012,09,1,1,282.7
2012,09,1,2,283.7
2012,09,1,3,282.6
2012,09,1,4,282.7
2012,09,1,5,282.3
2012,09,1,6,282.3
2012,09,1,7,282.2
2012,09,2,0,282.1
2012,09,2,1,281.3
2012,09,2,2,280.5
2012,09,2,3,281.6
2012,09,2,4,282.2
2012,09,2,5,281.8
2012,09,2,6,282.1
2012,09,2,7,282.5
2012,09,3,0,281.8
2012,09,3,1,280.9
2012,09,3,2,280.4
2012,09,3,3,280.8
2012,09,3,4,282.7
2012,09,3,5,282.9
2012,09,3,6,281.6
2012,09,3,7,278.3
2012,09,4,0,279.4
2012,09,4,1,278.9
2012,09,4,2,278.9
2012,09,4,3,278.7
2012,09,4,4,281.0
2012,09,4,5,280.6
2012,09,4,6,280.1
2012,09,4,7,280.9
2012,09,5,0,280.8
2012,09,5,1,281.5
2012,09,5,2,281.2
2012,09,5,3,281.4
2012,09,5,4,281.4
2012,09,5,5,281.3
2012,09,5,6,281.0
2012,09,5,7,281.2
2012,09,6,0,281.4
2012,09,6,1,280.9
2012,09,6,2,279.9
2012,09,6,3,280.3
2012,09,6,4,280.7
2012,09,6,5,280.8
2012,09,6,6,281.6
2012,09,6,7,281.7
2012,09,7,0,281.9
2012,09,7,1,281.5
2012,09,7,2,282.1
2012,09,7,3,281.3
2012,09,7,4,281.3
2012,09,7,5,281.5
2012,09,7,6,281.2
2012,09,7,7,281.1
2012,09,8,0,282.2
2012,09,8,1,281.7
2012,09,8,2,281.0
2012,09,8,3,280.8
2012,09,8,4,280.0
2012,09,8,5,280.2
2012,09,8,6,280.4
2012,09,8,7,280.1
2012,09,9,0,280.5
2012,09,9,1,279.3
2012,09,9,2,278.6
2012,09,9,3,278.2
2012,09,9,4,278.3
2012,09,9,5,278.4
2012,09,9,6,279.1
2012,09,9,7,278.0
2012,09,10,0,278.4
2012,09,10,1,278.9
2012,09,10,2,279.0
2012,09,10,3,278.5
2012,09,10,4,277.6
2012,09,10,5,277.7
2012,09,10,6,278.3
2012,09,10,7,278.4
2012,09,11,0,278.5
2012,09,11,1,279.9
2012,09,11,2,279.7
2012,09,11,3,279.2
2012,09,11,4,279.1
2012,09,11,5,279.4
2012,09,11,6,279.5
2012,09,11,7,280.4
2012,09,12,0,281.3
2012,09,12,1,280.9
2012,09,12,2,280.4
2012,09,12,3,279.9
2012,09,12,4,279.9
2012,09,12,5,279.3
2012,09,12,6,280.0
2012,09,12,7,280.2
2012,09,13,0,280.7
2012,09,13,1,281.0
2012,09,13,2,280.3
2012,09,13,3,280.2
2012,09,13,4,280.6
2012,09,13,5,280.9
2012,09,13,6,280.5
2012,09,13,7,280.6
2012,09,14,0,280.7
2012,09,14,1,280.8
2012,09,14,2,280.4
2012,09,14,3,280.3
2012,09,14,4,280.7
2012,09,14,5,280.9
2012,09,14,6,279.5
2012,09,14,7,279.8
2012,09,15,0,280.0
2012,09,15,1,279.6
2012,09,15,2,279.5
2012,09,15,3,280.0
2012,09,15,4,279.8
2012,09,15,5,279.6
2012,09,15,6,279.1
2012,09,15,7,278.7
2012,09,16,0,280.4
2012,09,16,1,279.9
2012,09,16,2,279.7
2012,09,16,3,280.0
2012,09,16,4,279.7
2012,09,16,5,279.7
2012,09,16,6,279.3
2012,09,16,7,280.1
2012,09,17,0,280.7
2012,09,17,1,280.1
2012,09,17,2,279.9
2012,09,17,3,279.6
2012,09,17,4,279.8
2012,09,17,5,280.2
2012,09,17,6,280.7
2012,09,17,7,281.7
2012,09,18,0,282.3
2012,09,18,1,281.8
2012,09,18,2,281.2
2012,09,18,3,281.2
2012,09,18,4,281.6
2012,09,18,5,281.9
2012,09,18,6,282.4
2012,09,18,7,282.8
2012,09,19,0,283.1
2012,09,19,1,283.5
2012,09,19,2,282.1
2012,09,19,3,280.1
2012,09,19,4,279.3
2012,09,19,5,280.2
2012,09,19,6,280.3
2012,09,19,7,281.4
2012,09,20,0,282.2
2012,09,20,1,281.8
2012,09,20,2,281.5
2012,09,20,3,281.7
2012,09,20,4,282.2
2012,09,20,5,282.0
2012,09,20,6,282.1
2012,09,20,7,281.4
2012,09,21,0,281.3
2012,09,21,1,281.3
2012,09,21,2,281.5
2012,09,21,3,281.7
2012,09,21,4,282.0
2012,09,21,5,281.9
2012,09,21,6,282.0
2012,09,21,7,282.0
2012,09,22,0,281.8
2012,09,22,1,281.9
2012,09,22,2,280.4
2012,09,22,3,280.1
2012,09,22,4,280.6
2012,09,22,5,279.7
2012,09,22,6,280.3
2012,09,22,7,280.1
2012,09,23,0,281.5
2012,09,23,1,282.4
2012,09,23,2,280.2
2012,09,23,3,279.4
2012,09,23,4,280.6
2012,09,23,5,279.4
2012,09,23,6,279.4
2012,09,23,7,280.9
2012,09,24,0,281.7
2012,09,24,1,280.9
2012,09,24,2,281.5
2012,09,24,3,281.6
2012,09,24,4,281.5
2012,09,24,5,281.5
2012,09,24,6,281.5
2012,09,24,7,280.7
2012,09,25,0,281.6
2012,09,25,1,281.1
2012,09,25,2,280.9
2012,09,25,3,280.5
2012,09,25,4,280.7
2012,09,25,5,281.1
2012,09,25,6,280.2
2012,09,25,7,280.5
2012,09,26,0,281.2
2012,09,26,1,280.5
2012,09,26,2,280.0
2012,09,26,3,280.5
2012,09,26,4,278.6
2012,09,26,5,280.0
2012,09,26,6,279.3
2012,09,26,7,279.1
2012,09,27,0,279.0
2012,09,27,1,279.0
2012,09,27,2,278.1
2012,09,27,3,278.3
2012,09,27,4,279.4
2012,09,27,5,279.4
2012,09,27,6,278.9
2012,09,27,7,278.5
2012,09,28,0,278.6
2012,09,28,1,278.1
2012,09,28,2,277.7
2012,09,28,3,277.5
2012,09,28,4,277.8
2012,09,28,5,278.4
2012,09,28,6,278.2
2012,09,28,7,278.8
2012,09,29,0,280.5
2012,09,29,1,279.9
2012,09,29,2,280.3
2012,09,29,3,280.7
2012,09,29,4,281.4
2012,09,29,5,281.2
2012,09,29,6,280.3
2012,09,29,7,280.9
2012,09,30,0,281.5
2012,09,30,1,281.5
2012,09,30,2,282.0
2012,09,30,3,282.5
2012,09,30,4,282.7
2012,09,30,5,282.7
2012,09,30,6,282.8
2012,09,30,7,284.1
2012,09,1,0,283.3
2012,09,1,1,282.4
2012,09,1,2,282.1
2012,09,1,3,282.9
2012,09,1,4,283.4
2012,09,1,5,283.2
2012,09,1,6,282.1
2012,09,1,7,281.2
2012,09,2,0,281.4
2012,09,2,1,281.0
2012,09,2,2,280.0
2012,09,2,3,281.4
2012,09,2,4,281.9
2012,09,2,5,281.8
2012,09,2,6,279.3
2012,09,2,7,278.4
2012,09,3,0,279.9
2012,09,3,1,278.9
2012,09,3,2,278.6
2012,09,3,3,277.1
2012,09,3,4,278.8
2012,09,3,5,280.1
2012,09,3,6,281.1
2012,09,3,7,282.3
2012,09,4,0,281.2
2012,09,4,1,279.1
2012,09,4,2,279.9
2012,09,4,3,281.6
2012,09,4,4,281.9
2012,09,4,5,281.8
2012,09,4,6,282.6
2012,09,4,7,284.1
2012,09,5,0,285.4
2012,09,5,1,282.9
2012,09,5,2,283.1
2012,09,5,3,283.2
2012,09,5,4,283.1
2012,09,5,5,283.4
2012,09,5,6,283.5
2012,09,5,7,284.0
2012,09,6,0,282.5
2012,09,6,1,282.4
2012,09,6,2,282.5
2012,09,6,3,282.8
2012,09,6,4,283.4
2012,09,6,5,283.8
2012,09,6,6,283.9
2012,09,6,7,284.5
2012,09,7,0,284.5
2012,09,7,1,283.4
2012,09,7,2,283.1
2012,09,7,3,283.2
2012,09,7,4,282.9
2012,09,7,5,282.7
2012,09,7,6,282.7
2012,09,7,7,283.5
2012,09,8,0,283.6
2012,09,8,1,282.6
2012,09,8,2,280.7
2012,09,8,3,280.1
2012,09,8,4,280.7
2012,09,8,5,280.5
2012,09,8,6,279.5
2012,09,8,7,280.6
2012,09,9,0,280.4
2012,09,9,1,279.7
2012,09,9,2,281.1
2012,09,9,3,279.7
2012,09,9,4,279.0
2012,09,9,5,279.1
2012,09,9,6,281.0
2012,09,9,7,281.7
2012,09,10,0,282.1
2012,09,10,1,281.7
2012,09,10,2,280.9
2012,09,10,3,280.7
2012,09,10,4,281.5
2012,09,10,5,282.1
2012,09,10,6,281.9
2012,09,10,7,282.2
2012,09,11,0,282.8
2012,09,11,1,282.3
2012,09,11,2,280.3
2012,09,11,3,281.3
2012,09,11,4,280.8
2012,09,11,5,281.2
2012,09,11,6,280.3
2012,09,11,7,278.4
2012,09,12,0,279.7
2012,09,12,1,279.5
2012,09,12,2,279.0
2012,09,12,3,278.9
2012,09,12,4,279.4
2012,09,12,5,279.6
2012,09,12,6,279.1
2012,09,12,7,279.3
2012,09,13,0,279.5
2012,09,13,1,279.7
2012,09,13,2,278.9
2012,09,13,3,278.9
2012,09,13,4,279.2
2012,09,13,5,280.3
2012,09,13,6,280.1
2012,09,13,7,279.2
2012,09,14,0,279.4
2012,09,14,1,279.3
2012,09,14,2,280.6
2012,09,14,3,279.6
2012,09,14,4,278.6
2012,09,14,5,277.7
2012,09,14,6,277.4
2012,09,14,7,277.1
2012,09,15,0,277.1
2012,09,15,1,277.8
2012,09,15,2,277.4
2012,09,15,3,277.0
2012,09,15,4,277.4
2012,09,15,5,277.7
2012,09,15,6,276.7
2012,09,15,7,274.0
2012,09,16,0,277.8
2012,09,16,1,279.0
2012,09,16,2,278.4
2012,09,16,3,278.9
2012,09,16,4,279.0
2012,09,16,5,278.8
2012,09,16,6,279.0
2012,09,16,7,279.1
2012,09,17,0,282.7
2012,09,17,1,282.2
2012,09,17,2,279.4
2012,09,17,3,278.8
2012,09,17,4,279.1
2012,09,17,5,279.0
2012,09,17,6,278.5
2012,09,17,7,278.2
2012,09,18,0,278.8
2012,09,18,1,279.4
2012,09,18,2,279.2
2012,09,18,3,279.1
2012,09,18,4,279.4
2012,09,18,5,279.3
2012,09,18,6,279.5
2012,09,18,7,279.5
2012,09,19,0,279.5
2012,09,19,1,279.3
2012,09,19,2,279.3
2012,09,19,3,279.6
2012,09,19,4,279.7
2012,09,19,5,280.3
2012,09,19,6,279.6
2012,09,19,7,278.7
2012,09,20,0,279.9
2012,09,20,1,280.2
2012,09,20,2,280.1
2012,09,20,3,280.4
2012,09,20,4,280.8
2012,09,20,5,281.1
2012,09,20,6,280.4
2012,09,20,7,279.6
2012,09,21,0,281.6
2012,09,21,1,282.1
2012,09,21,2,281.9
2012,09,21,3,281.9
2012,09,21,4,281.9
2012,09,21,5,282.0
2012,09,21,6,281.9
2012,09,21,7,280.0
2012,09,22,0,280.8
2012,09,22,1,281.9
2012,09,22,2,281.6
2012,09,22,3,281.2
2012,09,22,4,281.2
2012,09,22,5,281.2
2012,09,22,6,281.3
2012,09,22,7,281.8
2012,09,23,0,282.1
2012,09,23,1,282.3
2012,09,23,2,282.4
2012,09,23,3,282.2
2012,09,23,4,282.0
2012,09,23,5,282.3
2012,09,23,6,281.4
2012,09,23,7,281.5
2012,09,24,0,282.9
2012,09,24,1,284.1
2012,09,24,2,283.5
2012,09,24,3,282.6
2012,09,24,4,282.7
2012,09,24,5,283.4
2012,09,24,6,282.3
2012,09,24,7,282.7
2012,09,25,0,282.8
2012,09,25,1,282.7
2012,09,25,2,282.4
2012,09,25,3,282.5
2012,09,25,4,281.8
2012,09,25,5,281.8
2012,09,25,6,281.4
2012,09,25,7,281.9
2012,09,26,0,283.4
2012,09,26,1,283.4
2012,09,26,2,283.1
2012,09,26,3,283.0
2012,09,26,4,283.4
2012,09,26,5,283.8
2012,09,26,6,283.4
2012,09,26,7,283.7
2012,09,27,0,283.8
2012,09,27,1,283.3
2012,09,27,2,283.3
2012,09,27,3,283.1
2012,09,27,4,283.1
2012,09,27,5,283.7
2012,09,27,6,283.6
2012,09,27,7,284.0
2012,09,28,0,284.7
2012,09,28,1,284.0
2012,09,28,2,283.7
2012,09,28,3,283.9
2012,09,28,4,283.2
2012,09,28,5,282.2
2012,09,28,6,282.5
2012,09,28,7,282.6
2012,09,29,0,282.1
2012,09,29,1,282.0
2012,09,29,2,281.7
2012,09,29,3,281.9
2012,09,29,4,282.1
2012,09,29,5,281.5
2012,09,29,6,281.5
2012,09,29,7,281.7
2012,09,30,0,281.9
2012,09,30,1,282.1
2012,09,30,2,283.1
2012,09,30,3,283.4
2012,09,30,4,283.1
2012,09,30,5,282.8
2012,09,30,6,283.0
2012,09,30,7,283.5
2012,09,31,0,282.8
2012,09,31,1,282.8
2012,09,31,2,283.2
2012,09,31,3,283.7
2012,09,31,4,283.6
2012,09,31,5,283.0
2012,09,31,6,283.5
2012,09,31,7,283.3
2012,09,1,0,283.5
2012,09,1,1,283.3
2012,09,1,2,283.5
2012,09,1,3,283.7
2012,09,1,4,284.5
2012,09,1,5,282.7
2012,09,1,6,282.9
2012,09,1,7,283.2
2012,09,2,0,283.4
2012,09,2,1,283.0
2012,09,2,2,283.1
2012,09,2,3,282.7
2012,09,2,4,282.6
2012,09,2,5,282.8
2012,09,2,6,282.1
2012,09,2,7,281.8
2012,09,3,0,281.8
2012,09,3,1,281.9
2012,09,3,2,282.2
2012,09,3,3,282.1
2012,09,3,4,281.1
2012,09,3,5,281.5
2012,09,3,6,279.9
2012,09,3,7,280.5
2012,09,4,0,280.5
2012,09,4,1,280.6
2012,09,4,2,280.6
2012,09,4,3,281.0
2012,09,4,4,281.3
2012,09,4,5,281.2
2012,09,4,6,281.8
2012,09,4,7,282.4
2012,09,5,0,282.3
2012,09,5,1,282.0
2012,09,5,2,281.6
2012,09,5,3,280.9
2012,09,5,4,281.0
2012,09,5,5,281.4
2012,09,5,6,280.9
2012,09,5,7,281.3
2012,09,6,0,281.5
2012,09,6,1,280.8
2012,09,6,2,280.4
2012,09,6,3,280.4
2012,09,6,4,280.8
2012,09,6,5,280.8
2012,09,6,6,280.2
2012,09,6,7,279.0
2012,09,7,0,280.4
2012,09,7,1,280.4
2012,09,7,2,281.4
2012,09,7,3,279.6
2012,09,7,4,280.3
2012,09,7,5,280.4
2012,09,7,6,280.0
2012,09,7,7,280.0
2012,09,8,0,280.5
2012,09,8,1,280.7
2012,09,8,2,280.6
2012,09,8,3,280.6
2012,09,8,4,280.9
2012,09,8,5,281.5
2012,09,8,6,281.3
2012,09,8,7,281.1
2012,09,9,0,281.4
2012,09,9,1,281.5
2012,09,9,2,281.5
2012,09,9,3,281.1
2012,09,9,4,280.8
2012,09,9,5,280.1
2012,09,9,6,279.9
2012,09,9,7,279.8
2012,09,10,0,280.1
2012,09,10,1,281.1
2012,09,10,2,281.0
2012,09,10,3,280.4
2012,09,10,4,279.9
2012,09,10,5,279.6
2012,09,10,6,279.5
2012,09,10,7,280.3
2012,09,11,0,280.3
2012,09,11,1,280.4
2012,09,11,2,280.6
2012,09,11,3,280.6
2012,09,11,4,280.5
2012,09,11,5,281.1
2012,09,11,6,281.2
2012,09,11,7,282.7
2012,09,12,0,282.1
2012,09,12,1,282.4
2012,09,12,2,282.0
2012,09,12,3,281.7
2012,09,12,4,282.3
2012,09,12,5,282.7
2012,09,12,6,282.7
2012,09,12,7,282.2
2012,09,13,0,282.5
2012,09,13,1,283.0
2012,09,13,2,282.6
2012,09,13,3,282.1
2012,09,13,4,282.5
2012,09,13,5,283.1
2012,09,13,6,283.2
2012,09,13,7,284.4
2012,09,14,0,283.5
2012,09,14,1,283.0
2012,09,14,2,283.8
2012,09,14,3,282.9
2012,09,14,4,282.2
2012,09,14,5,281.5
2012,09,14,6,280.9
2012,09,14,7,281.0
2012,09,15,0,281.4
2012,09,15,1,281.6
2012,09,15,2,280.5
2012,09,15,3,280.5
2012,09,15,4,280.7
2012,09,15,5,281.4
2012,09,15,6,281.8
2012,09,15,7,282.2
2012,09,16,0,282.1
2012,09,16,1,281.9
2012,09,16,2,281.8
2012,09,16,3,281.7
2012,09,16,4,281.0
2012,09,16,5,282.1
2012,09,16,6,281.8
2012,09,16,7,281.6
2012,09,17,0,282.6
2012,09,17,1,280.6
2012,09,17,2,279.7
2012,09,17,3,279.1
2012,09,17,4,279.4
2012,09,17,5,279.6
2012,09,17,6,279.4
2012,09,17,7,278.8
2012,09,18,0,278.5
2012,09,18,1,278.3
2012,09,18,2,278.9
2012,09,18,3,279.2
2012,09,18,4,280.5
2012,09,18,5,280.1
2012,09,18,6,276.2
2012,09,18,7,277.6
2012,09,19,0,277.6
2012,09,19,1,276.2
2012,09,19,2,278.9
2012,09,19,3,279.7
2012,09,19,4,280.7
2012,09,19,5,280.1
2012,09,19,6,278.8
2012,09,19,7,279.1
2012,09,20,0,279.8
2012,09,20,1,280.3
2012,09,20,2,280.0
2012,09,20,3,280.4
2012,09,20,4,280.1
2012,09,20,5,279.8
2012,09,20,6,280.4
2012,09,20,7,279.8
2012,09,21,0,280.4
2012,09,21,1,280.7
2012,09,21,2,280.9
2012,09,21,3,280.8
2012,09,21,4,281.0
2012,09,21,5,281.2
2012,09,21,6,281.0
2012,09,21,7,281.8
2012,09,22,0,281.3
2012,09,22,1,281.2
2012,09,22,2,282.3
2012,09,22,3,283.6
2012,09,22,4,284.6
2012,09,22,5,285.0
2012,09,22,6,286.0
2012,09,22,7,286.8
2012,09,23,0,285.9
2012,09,23,1,284.0
2012,09,23,2,284.0
2012,09,23,3,282.7
2012,09,23,4,283.1
2012,09,23,5,283.2
2012,09,23,6,282.6
2012,09,23,7,283.9
2012,09,24,0,283.5
2012,09,24,1,282.4
2012,09,24,2,280.3
2012,09,24,3,281.2
2012,09,24,4,282.2
2012,09,24,5,282.4
2012,09,24,6,282.5
2012,09,24,7,282.6
2012,09,25,0,281.7
2012,09,25,1,282.0
2012,09,25,2,281.7
2012,09,25,3,280.2
2012,09,25,4,282.1
2012,09,25,5,282.0
2012,09,25,6,282.2
2012,09,25,7,281.9
2012,09,26,0,281.6
2012,09,26,1,281.4
2012,09,26,2,281.2
2012,09,26,3,281.3
2012,09,26,4,281.4
2012,09,26,5,281.6
2012,09,26,6,281.9
2012,09,26,7,281.9
2012,09,27,0,282.3
2012,09,27,1,281.6
2012,09,27,2,281.8
2012,09,27,3,281.4
2012,09,27,4,281.2
2012,09,27,5,281.3
2012,09,27,6,280.2
2012,09,27,7,282.1
2012,09,28,0,282.3
2012,09,28,1,283.0
2012,09,28,2,282.3
2012,09,28,3,282.4
2012,09,28,4,282.1
2012,09,28,5,282.5
2012,09,28,6,282.8
2012,09,28,7,284.5
2012,09,29,0,283.0
2012,09,29,1,282.3
2012,09,29,2,281.5
2012,09,29,3,281.3
2012,09,29,4,281.8
2012,09,29,5,282.3
2012,09,29,6,282.3
2012,09,29,7,281.4
2012,09,30,0,282.9
2012,09,30,1,282.2
2012,09,30,2,283.1
2012,09,30,3,283.5
2012,09,30,4,283.5
2012,09,30,5,283.4
2012,09,30,6,281.7
2012,09,30,7,281.3
2012,09,1,0,281.6
2012,09,1,1,281.4
2012,09,1,2,281.8
2012,09,1,3,281.9
2012,09,1,4,281.5
2012,09,1,5,281.8
2012,09,1,6,281.8
2012,09,1,7,282.2
2012,09,2,0,282.0
2012,09,2,1,281.2
2012,09,2,2,280.8
2012,09,2,3,281.6
2012,09,2,4,283.2
2012,09,2,5,282.9
2012,09,2,6,282.3
2012,09,2,7,282.6
2012,09,3,0,282.7
2012,09,3,1,282.9
2012,09,3,2,282.1
2012,09,3,3,281.9
2012,09,3,4,281.6
2012,09,3,5,282.1
2012,09,3,6,281.7
2012,09,3,7,281.2
2012,09,4,0,281.7
2012,09,4,1,281.4
2012,09,4,2,281.1
2012,09,4,3,281.3
2012,09,4,4,282.0
2012,09,4,5,282.6
2012,09,4,6,281.7
2012,09,4,7,281.2
2012,09,5,0,281.8
2012,09,5,1,281.4
2012,09,5,2,280.4
2012,09,5,3,279.3
2012,09,5,4,280.2
2012,09,5,5,281.3
2012,09,5,6,280.6
2012,09,5,7,282.4
2012,09,6,0,282.9
2012,09,6,1,281.5
2012,09,6,2,281.7
2012,09,6,3,282.9
2012,09,6,4,283.2
2012,09,6,5,283.8
2012,09,6,6,285.2
2012,09,6,7,285.7
2012,09,7,0,285.8
2012,09,7,1,284.1
2012,09,7,2,284.4
2012,09,7,3,284.4
2012,09,7,4,284.6
2012,09,7,5,283.8
2012,09,7,6,284.6
2012,09,7,7,282.0
2012,09,8,0,282.2
2012,09,8,1,283.1
2012,09,8,2,282.9
2012,09,8,3,283.7
2012,09,8,4,284.8
2012,09,8,5,284.5
2012,09,8,6,283.3
2012,09,8,7,283.1
2012,09,9,0,282.9
2012,09,9,1,283.1
2012,09,9,2,283.1
2012,09,9,3,282.6
2012,09,9,4,283.3
2012,09,9,5,283.2
2012,09,9,6,283.6
2012,09,9,7,284.6
2012,09,10,0,283.8
2012,09,10,1,283.2
2012,09,10,2,283.2
2012,09,10,3,283.5
2012,09,10,4,283.3
2012,09,10,5,282.9
2012,09,10,6,283.0
2012,09,10,7,283.2
2012,09,11,0,283.3
2012,09,11,1,283.2
2012,09,11,2,282.7
2012,09,11,3,282.8
2012,09,11,4,283.0
2012,09,11,5,283.6
2012,09,11,6,283.6
2012,09,11,7,283.6
2012,09,12,0,283.9
2012,09,12,1,284.4
2012,09,12,2,284.5
2012,09,12,3,283.8
2012,09,12,4,283.2
2012,09,12,5,283.8
2012,09,12,6,284.0
2012,09,12,7,284.1
2012,09,13,0,283.5
2012,09,13,1,283.6
2012,09,13,2,282.9
2012,09,13,3,283.3
2012,09,13,4,283.4
2012,09,13,5,283.2
2012,09,13,6,283.6
2012,09,13,7,283.7
2012,09,14,0,283.9
2012,09,14,1,283.5
2012,09,14,2,282.7
2012,09,14,3,282.8
2012,09,14,4,282.7
2012,09,14,5,283.0
2012,09,14,6,283.2
2012,09,14,7,284.5
2012,09,15,0,283.9
2012,09,15,1,282.8
2012,09,15,2,283.2
2012,09,15,3,282.7
2012,09,15,4,282.6
2012,09,15,5,282.8
2012,09,15,6,282.9
2012,09,15,7,282.2
2012,09,16,0,282.5
2012,09,16,1,283.2
2012,09,16,2,283.8
2012,09,16,3,283.2
2012,09,16,4,283.1
2012,09,16,5,283.8
2012,09,16,6,283.1
2012,09,16,7,283.1
2012,09,17,0,283.1
2012,09,17,1,283.1
2012,09,17,2,283.1
2012,09,17,3,283.0
2012,09,17,4,283.6
2012,09,17,5,284.3
2012,09,17,6,283.7
2012,09,17,7,283.2
2012,09,18,0,283.4
2012,09,18,1,283.2
2012,09,18,2,282.8
2012,09,18,3,282.8
2012,09,18,4,283.0
2012,09,18,5,283.8
2012,09,18,6,283.8
2012,09,18,7,283.2
2012,09,19,0,283.7
2012,09,19,1,283.7
2012,09,19,2,283.5
2012,09,19,3,283.0
2012,09,19,4,283.1
2012,09,19,5,283.3
2012,09,19,6,283.7
2012,09,19,7,284.2
2012,09,20,0,284.1
2012,09,20,1,284.0
2012,09,20,2,283.9
2012,09,20,3,283.4
2012,09,20,4,283.9
2012,09,20,5,284.8
2012,09,20,6,284.2
2012,09,20,7,283.9
2012,09,21,0,284.3
2012,09,21,1,285.5
2012,09,21,2,285.3
2012,09,21,3,284.4
2012,09,21,4,284.7
2012,09,21,5,284.7
2012,09,21,6,284.3
2012,09,21,7,284.5
2012,09,22,0,285.7
2012,09,22,1,286.1
2012,09,22,2,285.0
2012,09,22,3,284.2
2012,09,22,4,285.5
2012,09,22,5,285.1
2012,09,22,6,285.8
2012,09,22,7,283.2
2012,09,23,0,282.8
2012,09,23,1,283.6
2012,09,23,2,284.3
2012,09,23,3,284.4
2012,09,23,4,284.9
2012,09,23,5,284.5
2012,09,23,6,282.3
2012,09,23,7,282.0
2012,09,24,0,282.6
2012,09,24,1,283.6
2012,09,24,2,283.2
2012,09,24,3,284.0
2012,09,24,4,284.3
2012,09,24,5,283.6
2012,09,24,6,285.1
2012,09,24,7,285.8
2012,09,25,0,287.3
2012,09,25,1,284.7
2012,09,25,2,283.2
2012,09,25,3,282.5
2012,09,25,4,283.4
2012,09,25,5,283.9
2012,09,25,6,283.0
2012,09,25,7,282.9
2012,09,26,0,283.1
2012,09,26,1,283.4
2012,09,26,2,283.6
2012,09,26,3,283.4
2012,09,26,4,283.3
2012,09,26,5,284.0
2012,09,26,6,283.0
2012,09,26,7,283.2
2012,09,27,0,283.3
2012,09,27,1,283.2
2012,09,27,2,283.2
2012,09,27,3,282.8
2012,09,27,4,282.5
2012,09,27,5,282.8
2012,09,27,6,282.4
2012,09,27,7,282.4
2012,09,28,0,282.7
2012,09,28,1,282.5
2012,09,28,2,281.8
2012,09,28,3,283.0
2012,09,28,4,281.2
2012,09,28,5,281.7
2012,09,28,6,281.3
2012,09,28,7,281.2
2012,09,29,0,281.4
2012,09,29,1,282.5
2012,09,29,2,282.5
2012,09,29,3,282.1
2012,09,29,4,281.9
2012,09,29,5,282.2
2012,09,29,6,282.0
2012,09,29,7,281.4
2012,09,30,0,281.3
2012,09,30,1,282.1
2012,09,30,2,282.0
2012,09,30,3,282.0
2012,09,30,4,282.7
2012,09,30,5,283.2
2012,09,30,6,283.8
2012,09,30,7,282.8
2012,09,31,0,285.4
2012,09,31,1,283.8
2012,09,31,2,283.9
2012,09,31,3,285.5
2012,09,31,4,284.9
2012,09,31,5,284.9
2012,09,31,6,285.7
2012,09,31,7,285.7
2013,09,1,0,286.1
2013,09,1,1,284.6
2013,09,1,2,283.3
2013,09,1,3,283.0
2013,09,1,4,284.0
2013,09,1,5,284.1
2013,09,1,6,285.1
2013,09,1,7,284.1
2013,09,2,0,285.0
2013,09,2,1,285.3
2013,09,2,2,281.9
2013,09,2,3,282.7
2013,09,2,4,283.7
2013,09,2,5,283.4
2013,09,2,6,281.7
2013,09,2,7,281.8
2013,09,3,0,281.6
2013,09,3,1,283.0
2013,09,3,2,280.4
2013,09,3,3,281.4
2013,09,3,4,282.5
2013,09,3,5,283.0
2013,09,3,6,281.3
2013,09,3,7,281.8
2013,09,4,0,281.7
2013,09,4,1,281.0
2013,09,4,2,281.8
2013,09,4,3,282.0
2013,09,4,4,282.4
2013,09,4,5,282.7
2013,09,4,6,280.4
2013,09,4,7,280.5
2013,09,5,0,282.2
2013,09,5,1,281.9
2013,09,5,2,281.6
2013,09,5,3,281.2
2013,09,5,4,281.5
2013,09,5,5,281.5
2013,09,5,6,281.3
2013,09,5,7,281.2
2013,09,6,0,281.6
2013,09,6,1,281.1
2013,09,6,2,281.8
2013,09,6,3,283.5
2013,09,6,4,281.7
2013,09,6,5,283.4
2013,09,6,6,281.8
2013,09,6,7,281.1
2013,09,7,0,281.2
2013,09,7,1,281.3
2013,09,7,2,281.3
2013,09,7,3,281.5
2013,09,7,4,282.1
2013,09,7,5,282.0
2013,09,7,6,281.3
2013,09,7,7,281.4
2013,09,8,0,281.5
2013,09,8,1,281.5
2013,09,8,2,281.2
2013,09,8,3,282.9
2013,09,8,4,282.5
2013,09,8,5,282.8
2013,09,8,6,283.0
2013,09,8,7,281.8
2013,09,9,0,284.0
2013,09,9,1,282.8
2013,09,9,2,282.6
2013,09,9,3,283.6
2013,09,9,4,284.2
2013,09,9,5,283.6
2013,09,9,6,283.5
2013,09,9,7,282.8
2013,09,10,0,285.3
2013,09,10,1,285.7
2013,09,10,2,283.9
2013,09,10,3,283.9
2013,09,10,4,282.5
2013,09,10,5,282.5
2013,09,10,6,282.5
2013,09,10,7,280.9
2013,09,11,0,281.1
2013,09,11,1,281.1
2013,09,11,2,281.7
2013,09,11,3,282.0
2013,09,11,4,281.7
2013,09,11,5,281.4
2013,09,11,6,281.1
2013,09,11,7,280.0
2013,09,12,0,280.2
2013,09,12,1,280.7
2013,09,12,2,280.5
2013,09,12,3,280.4
2013,09,12,4,280.7
2013,09,12,5,281.0
2013,09,12,6,280.4
2013,09,12,7,279.5
2013,09,13,0,280.5
2013,09,13,1,280.9
2013,09,13,2,280.9
2013,09,13,3,280.6
2013,09,13,4,282.0
2013,09,13,5,282.5
2013,09,13,6,281.6
2013,09,13,7,280.4
2013,09,14,0,281.2
2013,09,14,1,282.7
2013,09,14,2,282.9
2013,09,14,3,282.7
2013,09,14,4,283.0
2013,09,14,5,283.0
2013,09,14,6,282.1
2013,09,14,7,281.7
2013,09,15,0,281.9
2013,09,15,1,282.5
2013,09,15,2,281.9
2013,09,15,3,281.1
2013,09,15,4,281.3
2013,09,15,5,280.1
2013,09,15,6,279.4
2013,09,15,7,279.3
2013,09,16,0,280.9
2013,09,16,1,281.0
2013,09,16,2,281.1
2013,09,16,3,280.2
2013,09,16,4,280.5
2013,09,16,5,281.6
2013,09,16,6,281.1
2013,09,16,7,282.2
2013,09,17,0,282.6
2013,09,17,1,282.5
2013,09,17,2,281.9
2013,09,17,3,281.5
2013,09,17,4,282.2
2013,09,17,5,282.3
2013,09,17,6,281.5
2013,09,17,7,282.3
2013,09,18,0,283.3
2013,09,18,1,283.2
2013,09,18,2,282.4
2013,09,18,3,281.5
2013,09,18,4,281.3
2013,09,18,5,281.6
2013,09,18,6,281.5
2013,09,18,7,281.8
2013,09,19,0,282.1
2013,09,19,1,283.0
2013,09,19,2,282.1
2013,09,19,3,281.7
2013,09,19,4,282.4
2013,09,19,5,282.7
2013,09,19,6,281.3
2013,09,19,7,282.6
2013,09,20,0,283.8
2013,09,20,1,283.1
2013,09,20,2,281.9
2013,09,20,3,280.9
2013,09,20,4,281.1
2013,09,20,5,281.9
2013,09,20,6,282.1
2013,09,20,7,282.3
2013,09,21,0,283.4
2013,09,21,1,281.7
2013,09,21,2,281.5
2013,09,21,3,281.4
2013,09,21,4,281.5
2013,09,21,5,281.4
2013,09,21,6,281.2
2013,09,21,7,281.0
2013,09,22,0,281.0
2013,09,22,1,280.7
2013,09,22,2,280.6
2013,09,22,3,280.4
2013,09,22,4,280.4
2013,09,22,5,281.1
2013,09,22,6,280.4
2013,09,22,7,280.6
2013,09,23,0,280.7
2013,09,23,1,280.4
2013,09,23,2,279.8
2013,09,23,3,280.0
2013,09,23,4,280.3
2013,09,23,5,280.0
2013,09,23,6,280.5
2013,09,23,7,281.3
2013,09,24,0,281.6
2013,09,24,1,281.5
2013,09,24,2,281.4
2013,09,24,3,281.1
2013,09,24,4,281.4
2013,09,24,5,281.3
2013,09,24,6,282.3
2013,09,24,7,282.6
2013,09,25,0,282.6
2013,09,25,1,282.8
2013,09,25,2,283.0
2013,09,25,3,283.4
2013,09,25,4,283.4
2013,09,25,5,283.9
2013,09,25,6,284.1
2013,09,25,7,283.9
2013,09,26,0,284.4
2013,09,26,1,285.1
2013,09,26,2,284.6
2013,09,26,3,284.4
2013,09,26,4,284.0
2013,09,26,5,284.0
2013,09,26,6,283.8
2013,09,26,7,284.3
2013,09,27,0,283.5
2013,09,27,1,283.1
2013,09,27,2,282.9
2013,09,27,3,282.7
2013,09,27,4,283.1
2013,09,27,5,282.9
2013,09,27,6,283.4
2013,09,27,7,283.9
2013,09,28,0,285.8
2013,09,28,1,283.6
2013,09,28,2,283.7
2013,09,28,3,283.8
2013,09,28,4,282.8
2013,09,28,5,283.0
2013,09,28,6,283.0
2013,09,28,7,283.3
2013,09,29,0,283.2
2013,09,29,1,282.9
2013,09,29,2,282.7
2013,09,29,3,282.2
2013,09,29,4,282.0
2013,09,29,5,281.8
2013,09,29,6,282.0
2013,09,29,7,282.6
2013,09,30,0,282.8
2013,09,30,1,283.0
2013,09,30,2,283.0
2013,09,30,3,282.5
2013,09,30,4,282.4
2013,09,30,5,282.6
2013,09,30,6,282.8
2013,09,30,7,282.4
2013,09,31,0,281.7
2013,09,31,1,281.6
2013,09,31,2,281.4
2013,09,31,3,282.0
2013,09,31,4,282.6
2013,09,31,5,282.5
2013,09,31,6,282.1
2013,09,31,7,281.9
2013,09,1,0,282.0
2013,09,1,1,282.4
2013,09,1,2,282.9
2013,09,1,3,282.4
2013,09,1,4,281.9
2013,09,1,5,283.2
2013,09,1,6,283.3
2013,09,1,7,283.2
2013,09,2,0,282.8
2013,09,2,1,282.6
2013,09,2,2,282.4
2013,09,2,3,282.5
2013,09,2,4,282.5
2013,09,2,5,282.5
2013,09,2,6,282.5
2013,09,2,7,282.8
2013,09,3,0,282.9
2013,09,3,1,283.3
2013,09,3,2,283.0
2013,09,3,3,282.8
2013,09,3,4,282.4
2013,09,3,5,282.5
2013,09,3,6,282.7
2013,09,3,7,282.7
2013,09,4,0,283.1
2013,09,4,1,283.5
2013,09,4,2,283.2
2013,09,4,3,282.3
2013,09,4,4,281.9
2013,09,4,5,281.6
2013,09,4,6,281.3
2013,09,4,7,280.3
2013,09,5,0,280.4
2013,09,5,1,280.9
2013,09,5,2,280.0
2013,09,5,3,279.7
2013,09,5,4,279.5
2013,09,5,5,280.2
2013,09,5,6,280.4
2013,09,5,7,281.8
2013,09,6,0,282.2
2013,09,6,1,280.4
2013,09,6,2,280.2
2013,09,6,3,279.4
2013,09,6,4,280.2
2013,09,6,5,281.1
2013,09,6,6,279.8
2013,09,6,7,280.0
2013,09,7,0,280.9
2013,09,7,1,281.0
2013,09,7,2,281.0
2013,09,7,3,281.2
2013,09,7,4,281.8
2013,09,7,5,281.7
2013,09,7,6,281.3
2013,09,7,7,281.2
2013,09,8,0,281.3
2013,09,8,1,281.4
2013,09,8,2,280.5
2013,09,8,3,280.1
2013,09,8,4,280.7
2013,09,8,5,281.8
2013,09,8,6,282.3
2013,09,8,7,282.3
2013,09,9,0,281.7
2013,09,9,1,282.0
2013,09,9,2,281.3
2013,09,9,3,281.1
2013,09,9,4,281.4
2013,09,9,5,281.9
2013,09,9,6,282.1
2013,09,9,7,282.1
2013,09,10,0,282.3
2013,09,10,1,282.2
2013,09,10,2,281.7
2013,09,10,3,281.4
2013,09,10,4,281.4
2013,09,10,5,281.8
2013,09,10,6,281.8
2013,09,10,7,281.5
2013,09,11,0,282.6
2013,09,11,1,283.4
2013,09,11,2,282.6
2013,09,11,3,283.0
2013,09,11,4,283.3
2013,09,11,5,283.9
2013,09,11,6,283.6
2013,09,11,7,283.4
2013,09,12,0,283.3
2013,09,12,1,283.1
2013,09,12,2,283.3
2013,09,12,3,283.6
2013,09,12,4,283.8
2013,09,12,5,284.1
2013,09,12,6,284.2
2013,09,12,7,284.3
2013,09,13,0,284.3
2013,09,13,1,283.9
2013,09,13,2,283.2
2013,09,13,3,283.0
2013,09,13,4,283.2
2013,09,13,5,283.5
2013,09,13,6,283.3
2013,09,13,7,283.1
2013,09,14,0,283.3
2013,09,14,1,283.4
2013,09,14,2,282.6
2013,09,14,3,283.5
2013,09,14,4,283.9
2013,09,14,5,284.2
2013,09,14,6,283.2
2013,09,14,7,282.3
2013,09,15,0,282.2
2013,09,15,1,282.3
2013,09,15,2,282.3
2013,09,15,3,283.8
2013,09,15,4,284.7
2013,09,15,5,284.8
2013,09,15,6,285.5
2013,09,15,7,285.0
2013,09,16,0,285.3
2013,09,16,1,285.0
2013,09,16,2,283.9
2013,09,16,3,283.5
2013,09,16,4,284.0
2013,09,16,5,284.8
2013,09,16,6,285.0
2013,09,16,7,284.9
2013,09,17,0,284.3
2013,09,17,1,284.0
2013,09,17,2,283.9
2013,09,17,3,283.9
2013,09,17,4,283.5
2013,09,17,5,284.0
2013,09,17,6,283.9
2013,09,17,7,283.4
2013,09,18,0,283.7
2013,09,18,1,283.8
2013,09,18,2,285.4
2013,09,18,3,284.0
2013,09,18,4,284.9
2013,09,18,5,284.7
2013,09,18,6,285.0
2013,09,18,7,285.2
2013,09,19,0,285.6
2013,09,19,1,285.0
2013,09,19,2,283.6
2013,09,19,3,284.1
2013,09,19,4,284.9
2013,09,19,5,283.2
2013,09,19,6,283.8
2013,09,19,7,283.6
2013,09,20,0,283.3
2013,09,20,1,282.8
2013,09,20,2,281.6
2013,09,20,3,280.9
2013,09,20,4,281.1
2013,09,20,5,281.4
2013,09,20,6,281.7
2013,09,20,7,281.1
2013,09,21,0,281.6
2013,09,21,1,281.4
2013,09,21,2,280.9
2013,09,21,3,280.9
2013,09,21,4,282.3
2013,09,21,5,282.6
2013,09,21,6,282.2
2013,09,21,7,282.4
2013,09,22,0,282.5
2013,09,22,1,281.8
2013,09,22,2,280.7
2013,09,22,3,281.5
2013,09,22,4,282.5
2013,09,22,5,282.8
2013,09,22,6,281.4
2013,09,22,7,280.6
2013,09,23,0,281.8
2013,09,23,1,282.9
2013,09,23,2,282.6
2013,09,23,3,283.2
2013,09,23,4,283.4
2013,09,23,5,282.4
2013,09,23,6,283.1
2013,09,23,7,281.4
2013,09,24,0,280.8
2013,09,24,1,279.7
2013,09,24,2,280.9
2013,09,24,3,281.0
2013,09,24,4,282.2
2013,09,24,5,282.7
2013,09,24,6,282.4
2013,09,24,7,283.3
2013,09,25,0,284.2
2013,09,25,1,283.5
2013,09,25,2,283.0
2013,09,25,3,281.3
2013,09,25,4,281.9
2013,09,25,5,282.6
2013,09,25,6,283.0
2013,09,25,7,283.3
2013,09,26,0,283.0
2013,09,26,1,283.0
2013,09,26,2,282.9
2013,09,26,3,282.3
2013,09,26,4,281.9
2013,09,26,5,283.2
2013,09,26,6,282.9
2013,09,26,7,282.2
2013,09,27,0,281.8
2013,09,27,1,282.4
2013,09,27,2,282.3
2013,09,27,3,282.1
2013,09,27,4,282.5
2013,09,27,5,282.5
2013,09,27,6,281.6
2013,09,27,7,281.9
2013,09,28,0,282.1
2013,09,28,1,282.1
2013,09,28,2,282.1
2013,09,28,3,282.4
2013,09,28,4,282.7
2013,09,28,5,282.8
2013,09,28,6,282.1
2013,09,28,7,281.3
2013,09,1,0,281.9
2013,09,1,1,282.5
2013,09,1,2,281.7
2013,09,1,3,280.8
2013,09,1,4,280.5
2013,09,1,5,281.0
2013,09,1,6,280.8
2013,09,1,7,280.3
2013,09,2,0,280.0
2013,09,2,1,280.7
2013,09,2,2,280.8
2013,09,2,3,280.0
2013,09,2,4,280.5
2013,09,2,5,280.6
2013,09,2,6,280.1
2013,09,2,7,280.6
2013,09,3,0,280.8
2013,09,3,1,281.6
2013,09,3,2,281.3
2013,09,3,3,280.8
2013,09,3,4,281.2
2013,09,3,5,282.0
2013,09,3,6,282.3
2013,09,3,7,281.8
2013,09,4,0,282.4
2013,09,4,1,282.2
2013,09,4,2,281.9
2013,09,4,3,281.7
2013,09,4,4,282.4
2013,09,4,5,284.5
2013,09,4,6,284.7
2013,09,4,7,284.4
2013,09,5,0,284.2
2013,09,5,1,283.5
2013,09,5,2,283.2
2013,09,5,3,283.0
2013,09,5,4,282.9
2013,09,5,5,283.4
2013,09,5,6,283.7
2013,09,5,7,283.4
2013,09,6,0,282.2
2013,09,6,1,281.6
2013,09,6,2,280.2
2013,09,6,3,280.5
2013,09,6,4,282.6
2013,09,6,5,282.9
2013,09,6,6,283.1
2013,09,6,7,282.8
2013,09,7,0,282.7
2013,09,7,1,282.8
2013,09,7,2,282.2
2013,09,7,3,281.9
2013,09,7,4,282.1
2013,09,7,5,282.8
2013,09,7,6,282.9
2013,09,7,7,282.8
2013,09,8,0,283.1
2013,09,8,1,282.1
2013,09,8,2,282.4
2013,09,8,3,282.7
2013,09,8,4,283.3
2013,09,8,5,284.0
2013,09,8,6,284.1
2013,09,8,7,284.0
2013,09,9,0,283.9
2013,09,9,1,283.5
2013,09,9,2,282.9
2013,09,9,3,283.0
2013,09,9,4,283.1
2013,09,9,5,283.2
2013,09,9,6,283.5
2013,09,9,7,283.7
2013,09,10,0,283.7
2013,09,10,1,284.0
2013,09,10,2,283.5
2013,09,10,3,283.6
2013,09,10,4,283.8
2013,09,10,5,282.9
2013,09,10,6,282.8
2013,09,10,7,283.0
2013,09,11,0,283.3
2013,09,11,1,282.9
2013,09,11,2,282.5
2013,09,11,3,282.7
2013,09,11,4,282.8
2013,09,11,5,283.3
2013,09,11,6,283.4
2013,09,11,7,283.1
2013,09,12,0,282.5
2013,09,12,1,283.2
2013,09,12,2,283.6
2013,09,12,3,283.2
2013,09,12,4,283.8
2013,09,12,5,284.5
2013,09,12,6,284.1
2013,09,12,7,283.9
2013,09,13,0,283.7
2013,09,13,1,283.5
2013,09,13,2,283.2
2013,09,13,3,283.0
2013,09,13,4,283.3
2013,09,13,5,284.0
2013,09,13,6,284.4
2013,09,13,7,284.4
2013,09,14,0,283.8
2013,09,14,1,284.1
2013,09,14,2,283.4
2013,09,14,3,282.7
2013,09,14,4,282.7
2013,09,14,5,282.6
2013,09,14,6,282.6
2013,09,14,7,282.5
2013,09,15,0,283.1
2013,09,15,1,283.1
2013,09,15,2,282.6
2013,09,15,3,282.0
2013,09,15,4,283.3
2013,09,15,5,282.9
2013,09,15,6,283.3
2013,09,15,7,283.0
2013,09,16,0,283.2
2013,09,16,1,282.2
2013,09,16,2,282.8
2013,09,16,3,283.3
2013,09,16,4,283.3
2013,09,16,5,283.8
2013,09,16,6,283.0
2013,09,16,7,282.2
2013,09,17,0,281.9
2013,09,17,1,282.0
2013,09,17,2,282.8
2013,09,17,3,282.2
2013,09,17,4,282.8
2013,09,17,5,283.1
2013,09,17,6,282.8
2013,09,17,7,281.7
2013,09,18,0,281.7
2013,09,18,1,281.6
2013,09,18,2,282.4
2013,09,18,3,281.6
2013,09,18,4,281.7
2013,09,18,5,281.7
2013,09,18,6,281.7
2013,09,18,7,282.4
2013,09,19,0,282.0
2013,09,19,1,280.8
2013,09,19,2,280.9
2013,09,19,3,280.4
2013,09,19,4,280.4
2013,09,19,5,280.9
2013,09,19,6,280.3
2013,09,19,7,280.6
2013,09,20,0,280.5
2013,09,20,1,280.2
2013,09,20,2,280.0
2013,09,20,3,281.1
2013,09,20,4,281.3
2013,09,20,5,280.6
2013,09,20,6,280.4
2013,09,20,7,281.0
2013,09,21,0,281.4
2013,09,21,1,281.5
2013,09,21,2,281.5
2013,09,21,3,281.5
2013,09,21,4,281.7
2013,09,21,5,281.8
2013,09,21,6,281.7
2013,09,21,7,281.3
2013,09,22,0,281.2
2013,09,22,1,281.4
2013,09,22,2,281.5
2013,09,22,3,281.0
2013,09,22,4,280.9
2013,09,22,5,281.1
2013,09,22,6,281.0
2013,09,22,7,280.7
2013,09,23,0,280.9
2013,09,23,1,280.9
2013,09,23,2,280.4
2013,09,23,3,279.8
2013,09,23,4,280.8
2013,09,23,5,280.8
2013,09,23,6,280.6
2013,09,23,7,280.7
2013,09,24,0,281.4
2013,09,24,1,282.5
2013,09,24,2,282.6
2013,09,24,3,281.2
2013,09,24,4,280.6
2013,09,24,5,280.3
2013,09,24,6,279.5
2013,09,24,7,279.8
2013,09,25,0,279.3
2013,09,25,1,278.6
2013,09,25,2,279.2
2013,09,25,3,279.4
2013,09,25,4,280.3
2013,09,25,5,280.7
2013,09,25,6,279.9
2013,09,25,7,280.3
2013,09,26,0,280.5
2013,09,26,1,280.9
2013,09,26,2,281.0
2013,09,26,3,281.0
2013,09,26,4,281.3
2013,09,26,5,281.4
2013,09,26,6,282.0
2013,09,26,7,281.8
2013,09,27,0,281.6
2013,09,27,1,281.5
2013,09,27,2,281.9
2013,09,27,3,282.5
2013,09,27,4,281.8
2013,09,27,5,281.9
2013,09,27,6,281.5
2013,09,27,7,281.5
2013,09,28,0,281.7
2013,09,28,1,281.8
2013,09,28,2,281.7
2013,09,28,3,280.6
2013,09,28,4,280.6
2013,09,28,5,281.6
2013,09,28,6,282.1
2013,09,28,7,281.4
2013,09,29,0,281.2
2013,09,29,1,281.2
2013,09,29,2,281.3
2013,09,29,3,281.8
2013,09,29,4,281.9
2013,09,29,5,281.5
2013,09,29,6,281.4
2013,09,29,7,280.5
2013,09,30,0,280.3
2013,09,30,1,280.5
2013,09,30,2,280.5
2013,09,30,3,280.6
2013,09,30,4,280.6
2013,09,30,5,280.9
2013,09,30,6,280.6
2013,09,30,7,280.5
2013,09,31,0,280.8
2013,09,31,1,280.6
2013,09,31,2,280.4
2013,09,31,3,281.0
2013,09,31,4,281.0
2013,09,31,5,280.7
2013,09,31,6,280.4
2013,09,31,7,281.7
2013,09,1,0,280.8
2013,09,1,1,280.7
2013,09,1,2,280.1
2013,09,1,3,280.1
2013,09,1,4,281.1
2013,09,1,5,282.2
2013,09,1,6,282.2
2013,09,1,7,281.5
2013,09,2,0,280.2
2013,09,2,1,279.2
2013,09,2,2,280.0
2013,09,2,3,279.7
2013,09,2,4,280.2
2013,09,2,5,281.5
2013,09,2,6,281.6
2013,09,2,7,280.8
2013,09,3,0,280.4
2013,09,3,1,280.1
2013,09,3,2,279.9
2013,09,3,3,279.9
2013,09,3,4,279.4
2013,09,3,5,279.8
2013,09,3,6,280.8
2013,09,3,7,280.7
2013,09,4,0,280.8
2013,09,4,1,280.9
2013,09,4,2,280.1
2013,09,4,3,280.4
2013,09,4,4,280.8
2013,09,4,5,281.3
2013,09,4,6,280.8
2013,09,4,7,281.0
2013,09,5,0,281.3
2013,09,5,1,281.2
2013,09,5,2,281.1
2013,09,5,3,281.2
2013,09,5,4,281.2
2013,09,5,5,281.4
2013,09,5,6,281.4
2013,09,5,7,280.6
2013,09,6,0,280.5
2013,09,6,1,281.6
2013,09,6,2,281.7
2013,09,6,3,281.5
2013,09,6,4,281.0
2013,09,6,5,280.7
2013,09,6,6,281.6
2013,09,6,7,281.8
2013,09,7,0,282.0
2013,09,7,1,282.1
2013,09,7,2,281.5
2013,09,7,3,281.1
2013,09,7,4,282.0
2013,09,7,5,282.2
2013,09,7,6,282.0
2013,09,7,7,282.7
2013,09,8,0,282.4
2013,09,8,1,282.6
2013,09,8,2,282.5
2013,09,8,3,281.7
2013,09,8,4,281.7
2013,09,8,5,281.8
2013,09,8,6,281.4
2013,09,8,7,281.0
2013,09,9,0,280.3
2013,09,9,1,280.1
2013,09,9,2,280.0
2013,09,9,3,280.0
2013,09,9,4,280.5
2013,09,9,5,281.0
2013,09,9,6,281.0
2013,09,9,7,281.4
2013,09,10,0,280.8
2013,09,10,1,279.9
2013,09,10,2,279.7
2013,09,10,3,280.3
2013,09,10,4,281.0
2013,09,10,5,280.6
2013,09,10,6,279.7
2013,09,10,7,279.9
2013,09,11,0,279.9
2013,09,11,1,280.3
2013,09,11,2,280.1
2013,09,11,3,279.6
2013,09,11,4,280.1
2013,09,11,5,280.2
2013,09,11,6,280.4
2013,09,11,7,280.5
2013,09,12,0,281.2
2013,09,12,1,281.4
2013,09,12,2,281.1
2013,09,12,3,280.7
2013,09,12,4,280.9
2013,09,12,5,280.7
2013,09,12,6,282.2
2013,09,12,7,282.1
2013,09,13,0,282.5
2013,09,13,1,282.2
2013,09,13,2,281.9
2013,09,13,3,282.0
2013,09,13,4,281.5
2013,09,13,5,281.7
2013,09,13,6,281.8
2013,09,13,7,281.9
2013,09,14,0,282.0
2013,09,14,1,281.5
2013,09,14,2,280.5
2013,09,14,3,280.5
2013,09,14,4,280.8
2013,09,14,5,282.0
2013,09,14,6,281.4
2013,09,14,7,281.1
2013,09,15,0,281.3
2013,09,15,1,281.4
2013,09,15,2,281.6
2013,09,15,3,281.2
2013,09,15,4,281.3
2013,09,15,5,281.5
2013,09,15,6,281.3
2013,09,15,7,280.4
2013,09,16,0,278.8
2013,09,16,1,279.9
2013,09,16,2,280.8
2013,09,16,3,281.3
2013,09,16,4,282.6
2013,09,16,5,282.8
2013,09,16,6,281.5
2013,09,16,7,280.9
2013,09,17,0,280.6
2013,09,17,1,281.0
2013,09,17,2,281.9
2013,09,17,3,282.2
2013,09,17,4,282.3
2013,09,17,5,281.7
2013,09,17,6,281.1
2013,09,17,7,280.5
2013,09,18,0,282.0
2013,09,18,1,282.7
2013,09,18,2,281.8
2013,09,18,3,282.4
2013,09,18,4,282.3
2013,09,18,5,281.4
2013,09,18,6,281.3
2013,09,18,7,281.1
2013,09,19,0,281.9
2013,09,19,1,283.0
2013,09,19,2,283.8
2013,09,19,3,284.0
2013,09,19,4,283.6
2013,09,19,5,283.1
2013,09,19,6,282.9
2013,09,19,7,283.1
2013,09,20,0,283.0
2013,09,20,1,282.3
2013,09,20,2,281.2
2013,09,20,3,281.5
2013,09,20,4,282.9
2013,09,20,5,283.9
2013,09,20,6,283.5
2013,09,20,7,283.7
2013,09,21,0,285.3
2013,09,21,1,285.1
2013,09,21,2,285.1
2013,09,21,3,284.1
2013,09,21,4,284.7
2013,09,21,5,284.9
2013,09,21,6,283.9
2013,09,21,7,283.2
2013,09,22,0,281.9
2013,09,22,1,280.9
2013,09,22,2,280.8
2013,09,22,3,281.4
2013,09,22,4,281.7
2013,09,22,5,281.7
2013,09,22,6,280.9
2013,09,22,7,280.9
2013,09,23,0,280.3
2013,09,23,1,280.7
2013,09,23,2,281.8
2013,09,23,3,281.2
2013,09,23,4,281.6
2013,09,23,5,281.7
2013,09,23,6,281.7
2013,09,23,7,282.2
2013,09,24,0,282.2
2013,09,24,1,282.7
2013,09,24,2,282.2
2013,09,24,3,282.1
2013,09,24,4,282.2
2013,09,24,5,282.7
2013,09,24,6,282.0
2013,09,24,7,282.5
2013,09,25,0,283.1
2013,09,25,1,283.4
2013,09,25,2,283.2
2013,09,25,3,282.8
2013,09,25,4,283.5
2013,09,25,5,283.5
2013,09,25,6,282.6
2013,09,25,7,282.5
2013,09,26,0,283.2
2013,09,26,1,283.0
2013,09,26,2,282.6
2013,09,26,3,282.8
2013,09,26,4,283.4
2013,09,26,5,283.4
2013,09,26,6,283.0
2013,09,26,7,283.0
2013,09,27,0,283.4
2013,09,27,1,283.8
2013,09,27,2,284.2
2013,09,27,3,283.7
2013,09,27,4,284.3
2013,09,27,5,284.0
2013,09,27,6,283.6
2013,09,27,7,283.7
2013,09,28,0,283.7
2013,09,28,1,283.9
2013,09,28,2,284.8
2013,09,28,3,286.4
2013,09,28,4,286.7
2013,09,28,5,286.5
2013,09,28,6,285.7
2013,09,28,7,285.1
2013,09,29,0,283.8
2013,09,29,1,284.1
2013,09,29,2,283.9
2013,09,29,3,284.1
2013,09,29,4,284.5
2013,09,29,5,284.9
2013,09,29,6,284.8
2013,09,29,7,285.1
2013,09,30,0,285.4
2013,09,30,1,285.4
2013,09,30,2,284.7
2013,09,30,3,284.5
2013,09,30,4,284.7
2013,09,30,5,284.4
2013,09,30,6,284.1
2013,09,30,7,283.9
2013,09,1,0,283.7
2013,09,1,1,283.3
2013,09,1,2,282.5
2013,09,1,3,281.8
2013,09,1,4,281.7
2013,09,1,5,281.7
2013,09,1,6,280.3
2013,09,1,7,279.8
2013,09,2,0,280.9
2013,09,2,1,280.8
2013,09,2,2,280.6
2013,09,2,3,280.8
2013,09,2,4,281.0
2013,09,2,5,282.2
2013,09,2,6,282.1
2013,09,2,7,281.9
2013,09,3,0,281.8
2013,09,3,1,281.3
2013,09,3,2,282.3
2013,09,3,3,283.5
2013,09,3,4,284.5
2013,09,3,5,284.4
2013,09,3,6,283.7
2013,09,3,7,282.7
2013,09,4,0,283.3
2013,09,4,1,284.0
2013,09,4,2,282.0
2013,09,4,3,280.8
2013,09,4,4,281.5
2013,09,4,5,282.8
2013,09,4,6,284.4
2013,09,4,7,285.2
2013,09,5,0,284.7
2013,09,5,1,283.8
2013,09,5,2,283.0
2013,09,5,3,283.6
2013,09,5,4,284.5
2013,09,5,5,284.8
2013,09,5,6,284.0
2013,09,5,7,284.3
2013,09,6,0,284.6
2013,09,6,1,282.4
2013,09,6,2,281.8
2013,09,6,3,282.3
2013,09,6,4,281.0
2013,09,6,5,279.2
2013,09,6,6,278.5
2013,09,6,7,276.5
2013,09,7,0,277.3
2013,09,7,1,277.2
2013,09,7,2,274.6
2013,09,7,3,278.6
2013,09,7,4,280.3
2013,09,7,5,281.1
2013,09,7,6,281.9
2013,09,7,7,281.5
2013,09,8,0,280.4
2013,09,8,1,282.2
2013,09,8,2,279.8
2013,09,8,3,281.0
2013,09,8,4,282.2
2013,09,8,5,281.2
2013,09,8,6,281.6
2013,09,8,7,281.8
2013,09,9,0,281.9
2013,09,9,1,281.3
2013,09,9,2,280.7
2013,09,9,3,279.7
2013,09,9,4,279.6
2013,09,9,5,279.8
2013,09,9,6,279.6
2013,09,9,7,279.7
2013,09,10,0,279.6
2013,09,10,1,279.8
2013,09,10,2,280.1
2013,09,10,3,280.6
2013,09,10,4,281.2
2013,09,10,5,281.9
2013,09,10,6,281.9
2013,09,10,7,282.2
2013,09,11,0,282.6
2013,09,11,1,283.0
2013,09,11,2,281.0
2013,09,11,3,281.2
2013,09,11,4,281.6
2013,09,11,5,281.6
2013,09,11,6,281.3
2013,09,11,7,281.3
2013,09,12,0,281.3
2013,09,12,1,281.0
2013,09,12,2,280.7
2013,09,12,3,280.8
2013,09,12,4,280.9
2013,09,12,5,280.7
2013,09,12,6,280.2
2013,09,12,7,280.0
2013,09,13,0,280.0
2013,09,13,1,279.9
2013,09,13,2,279.3
2013,09,13,3,278.8
2013,09,13,4,278.5
2013,09,13,5,278.8
2013,09,13,6,279.4
2013,09,13,7,279.0
2013,09,14,0,279.1
2013,09,14,1,278.7
2013,09,14,2,278.6
2013,09,14,3,278.5
2013,09,14,4,278.4
2013,09,14,5,278.6
2013,09,14,6,279.2
2013,09,14,7,279.1
2013,09,15,0,279.0
2013,09,15,1,278.9
2013,09,15,2,278.5
2013,09,15,3,278.5
2013,09,15,4,278.4
2013,09,15,5,279.1
2013,09,15,6,279.7
2013,09,15,7,279.2
2013,09,16,0,279.6
2013,09,16,1,279.9
2013,09,16,2,279.6
2013,09,16,3,279.2
2013,09,16,4,279.2
2013,09,16,5,277.3
2013,09,16,6,279.6
2013,09,16,7,279.6
2013,09,17,0,280.2
2013,09,17,1,280.5
2013,09,17,2,280.6
2013,09,17,3,281.0
2013,09,17,4,279.7
2013,09,17,5,279.8
2013,09,17,6,279.8
2013,09,17,7,280.3
2013,09,18,0,280.3
2013,09,18,1,280.0
2013,09,18,2,280.1
2013,09,18,3,280.3
2013,09,18,4,278.7
2013,09,18,5,279.5
2013,09,18,6,279.5
2013,09,18,7,279.8
2013,09,19,0,280.1
2013,09,19,1,280.5
2013,09,19,2,279.9
2013,09,19,3,279.5
2013,09,19,4,279.3
2013,09,19,5,280.1
2013,09,19,6,280.3
2013,09,19,7,280.3
2013,09,20,0,280.3
2013,09,20,1,280.1
2013,09,20,2,280.1
2013,09,20,3,280.9
2013,09,20,4,280.7
2013,09,20,5,280.4
2013,09,20,6,280.3
2013,09,20,7,280.3
2013,09,21,0,279.6
2013,09,21,1,279.7
2013,09,21,2,279.8
2013,09,21,3,279.2
2013,09,21,4,279.2
2013,09,21,5,280.0
2013,09,21,6,279.9
2013,09,21,7,279.2
2013,09,22,0,279.1
2013,09,22,1,278.8
2013,09,22,2,278.1
2013,09,22,3,277.7
2013,09,22,4,277.9
2013,09,22,5,278.9
2013,09,22,6,279.1
2013,09,22,7,278.4
2013,09,23,0,278.7
2013,09,23,1,279.2
2013,09,23,2,279.1
2013,09,23,3,279.5
2013,09,23,4,279.8
2013,09,23,5,279.9
2013,09,23,6,279.8
2013,09,23,7,279.2
2013,09,24,0,278.9
2013,09,24,1,278.9
2013,09,24,2,278.5
2013,09,24,3,278.5
2013,09,24,4,277.6
2013,09,24,5,278.1
2013,09,24,6,278.3
2013,09,24,7,278.5
2013,09,25,0,279.3
2013,09,25,1,280.3
2013,09,25,2,278.2
2013,09,25,3,277.9
2013,09,25,4,277.5
2013,09,25,5,277.3
2013,09,25,6,276.9
2013,09,25,7,276.8
2013,09,26,0,277.3
2013,09,26,1,277.1
2013,09,26,2,276.2
2013,09,26,3,276.0
2013,09,26,4,278.2
2013,09,26,5,277.8
2013,09,26,6,276.4
2013,09,26,7,275.5
2013,09,27,0,276.3
2013,09,27,1,275.8
2013,09,27,2,275.9
2013,09,27,3,277.9
2013,09,27,4,277.6
2013,09,27,5,277.6
2013,09,27,6,278.2
2013,09,27,7,279.2
2013,09,28,0,279.3
2013,09,28,1,278.9
2013,09,28,2,278.5
2013,09,28,3,278.6
2013,09,28,4,280.6
2013,09,28,5,279.6
2013,09,28,6,279.7
2013,09,28,7,279.9
2013,09,29,0,279.6
2013,09,29,1,278.8
2013,09,29,2,279.4
2013,09,29,3,280.6
2013,09,29,4,280.3
2013,09,29,5,280.1
2013,09,29,6,281.4
2013,09,29,7,280.6
2013,09,30,0,280.0
2013,09,30,1,280.1
2013,09,30,2,280.4
2013,09,30,3,280.2
2013,09,30,4,279.9
2013,09,30,5,279.5
2013,09,30,6,279.6
2013,09,30,7,279.2
2013,09,31,0,279.1
2013,09,31,1,279.4
2013,09,31,2,279.7
2013,09,31,3,280.5
2013,09,31,4,281.3
2013,09,31,5,281.6
2013,09,31,6,281.0
2013,09,31,7,279.9
2013,09,1,0,280.5
2013,09,1,1,280.7
2013,09,1,2,280.6
2013,09,1,3,281.5
2013,09,1,4,282.3
2013,09,1,5,281.0
2013,09,1,6,281.6
2013,09,1,7,281.4
2013,09,2,0,281.0
2013,09,2,1,280.3
2013,09,2,2,279.5
2013,09,2,3,279.3
2013,09,2,4,279.9
2013,09,2,5,280.4
2013,09,2,6,280.4
2013,09,2,7,280.0
2013,09,3,0,280.5
2013,09,3,1,281.1
2013,09,3,2,280.8
2013,09,3,3,280.4
2013,09,3,4,280.2
2013,09,3,5,280.0
2013,09,3,6,278.9
2013,09,3,7,277.7
2013,09,4,0,277.7
2013,09,4,1,279.2
2013,09,4,2,277.7
2013,09,4,3,278.0
2013,09,4,4,279.1
2013,09,4,5,278.3
2013,09,4,6,277.1
2013,09,4,7,277.9
2013,09,5,0,276.4
2013,09,5,1,277.1
2013,09,5,2,279.3
2013,09,5,3,281.1
2013,09,5,4,281.8
2013,09,5,5,281.4
2013,09,5,6,280.7
2013,09,5,7,280.4
2013,09,6,0,280.1
2013,09,6,1,280.2
2013,09,6,2,280.0
2013,09,6,3,279.5
2013,09,6,4,279.2
2013,09,6,5,279.4
2013,09,6,6,278.9
2013,09,6,7,278.3
2013,09,7,0,278.5
2013,09,7,1,278.5
2013,09,7,2,278.4
2013,09,7,3,278.1
2013,09,7,4,278.4
2013,09,7,5,279.1
2013,09,7,6,279.2
2013,09,7,7,279.0
2013,09,8,0,278.8
2013,09,8,1,278.7
2013,09,8,2,278.5
2013,09,8,3,280.1
2013,09,8,4,281.0
2013,09,8,5,280.7
2013,09,8,6,280.1
2013,09,8,7,280.0
2013,09,9,0,280.2
2013,09,9,1,280.0
2013,09,9,2,279.4
2013,09,9,3,279.6
2013,09,9,4,280.7
2013,09,9,5,281.2
2013,09,9,6,280.7
2013,09,9,7,280.6
2013,09,10,0,280.7
2013,09,10,1,279.3
2013,09,10,2,278.4
2013,09,10,3,278.7
2013,09,10,4,278.9
2013,09,10,5,278.6
2013,09,10,6,278.3
2013,09,10,7,278.4
2013,09,11,0,278.2
2013,09,11,1,277.8
2013,09,11,2,277.3
2013,09,11,3,276.4
2013,09,11,4,275.9
2013,09,11,5,277.2
2013,09,11,6,277.5
2013,09,11,7,277.1
2013,09,12,0,277.1
2013,09,12,1,277.5
2013,09,12,2,276.3
2013,09,12,3,278.0
2013,09,12,4,278.9
2013,09,12,5,278.9
2013,09,12,6,279.0
2013,09,12,7,278.8
2013,09,13,0,278.9
2013,09,13,1,279.0
2013,09,13,2,278.6
2013,09,13,3,278.5
2013,09,13,4,278.7
2013,09,13,5,279.1
2013,09,13,6,279.1
2013,09,13,7,278.2
2013,09,14,0,278.6
2013,09,14,1,278.8
2013,09,14,2,278.3
2013,09,14,3,278.1
2013,09,14,4,277.3
2013,09,14,5,277.5
2013,09,14,6,275.2
2013,09,14,7,277.2
2013,09,15,0,277.3
2013,09,15,1,279.5
2013,09,15,2,278.4
2013,09,15,3,278.4
2013,09,15,4,277.9
2013,09,15,5,275.8
2013,09,15,6,276.8
2013,09,15,7,276.9
2013,09,16,0,276.9
2013,09,16,1,277.2
2013,09,16,2,278.2
2013,09,16,3,280.1
2013,09,16,4,279.4
2013,09,16,5,279.1
2013,09,16,6,278.8
2013,09,16,7,279.6
2013,09,17,0,280.9
2013,09,17,1,282.4
2013,09,17,2,282.0
2013,09,17,3,281.6
2013,09,17,4,280.9
2013,09,17,5,280.8
2013,09,17,6,280.7
2013,09,17,7,280.6
2013,09,18,0,279.9
2013,09,18,1,279.4
2013,09,18,2,278.7
2013,09,18,3,280.0
2013,09,18,4,282.9
2013,09,18,5,283.8
2013,09,18,6,283.5
2013,09,18,7,284.3
2013,09,19,0,286.2
2013,09,19,1,286.6
2013,09,19,2,285.4
2013,09,19,3,284.9
2013,09,19,4,285.0
2013,09,19,5,285.8
2013,09,19,6,284.6
2013,09,19,7,283.7
2013,09,20,0,283.9
2013,09,20,1,282.4
2013,09,20,2,281.8
2013,09,20,3,282.1
2013,09,20,4,281.8
2013,09,20,5,282.1
2013,09,20,6,282.2
2013,09,20,7,281.6
2013,09,21,0,282.0
2013,09,21,1,281.7
2013,09,21,2,282.9
2013,09,21,3,283.4
2013,09,21,4,282.9
2013,09,21,5,282.9
2013,09,21,6,283.3
2013,09,21,7,283.3
2013,09,22,0,283.8
2013,09,22,1,284.7
2013,09,22,2,284.2
2013,09,22,3,282.9
2013,09,22,4,282.8
2013,09,22,5,281.9
2013,09,22,6,280.6
2013,09,22,7,279.6
2013,09,23,0,279.7
2013,09,23,1,279.9
2013,09,23,2,280.6
2013,09,23,3,280.6
2013,09,23,4,280.4
2013,09,23,5,280.9
2013,09,23,6,281.0
2013,09,23,7,280.4
2013,09,24,0,280.7
2013,09,24,1,280.6
2013,09,24,2,279.9
2013,09,24,3,280.4
2013,09,24,4,282.4
2013,09,24,5,282.9
2013,09,24,6,282.6
2013,09,24,7,283.0
2013,09,25,0,282.8
2013,09,25,1,282.1
2013,09,25,2,282.9
2013,09,25,3,283.1
2013,09,25,4,282.9
2013,09,25,5,283.2
2013,09,25,6,284.1
2013,09,25,7,284.6
2013,09,26,0,283.5
2013,09,26,1,281.1
2013,09,26,2,281.9
2013,09,26,3,281.4
2013,09,26,4,283.2
2013,09,26,5,283.3
2013,09,26,6,283.6
2013,09,26,7,283.2
2013,09,27,0,283.4
2013,09,27,1,282.8
2013,09,27,2,282.0
2013,09,27,3,281.4
2013,09,27,4,281.3
2013,09,27,5,282.2
2013,09,27,6,281.8
2013,09,27,7,281.0
2013,09,28,0,280.6
2013,09,28,1,282.2
2013,09,28,2,282.9
2013,09,28,3,281.0
2013,09,28,4,282.0
2013,09,28,5,280.5
2013,09,28,6,279.8
2013,09,28,7,279.3
2013,09,29,0,279.3
2013,09,29,1,279.2
2013,09,29,2,279.1
2013,09,29,3,278.9
2013,09,29,4,277.2
2013,09,29,5,279.3
2013,09,29,6,279.7
2013,09,29,7,279.6
2013,09,30,0,279.4
2013,09,30,1,279.2
2013,09,30,2,280.3
2013,09,30,3,280.7
2013,09,30,4,280.2
2013,09,30,5,280.4
2013,09,30,6,279.6
2013,09,30,7,277.9
2013,09,1,0,280.2
2013,09,1,1,280.1
2013,09,1,2,279.0
2013,09,1,3,278.4
2013,09,1,4,278.7
2013,09,1,5,279.0
2013,09,1,6,279.1
2013,09,1,7,278.4
2013,09,2,0,278.4
2013,09,2,1,278.1
2013,09,2,2,278.2
2013,09,2,3,277.9
2013,09,2,4,277.6
2013,09,2,5,277.5
2013,09,2,6,278.3
2013,09,2,7,278.1
2013,09,3,0,278.4
2013,09,3,1,277.3
2013,09,3,2,277.1
2013,09,3,3,277.7
2013,09,3,4,278.3
2013,09,3,5,278.1
2013,09,3,6,277.4
2013,09,3,7,277.9
2013,09,4,0,277.8
2013,09,4,1,278.5
2013,09,4,2,278.6
2013,09,4,3,278.0
2013,09,4,4,278.6
2013,09,4,5,279.1
2013,09,4,6,279.4
2013,09,4,7,280.1
2013,09,5,0,280.3
2013,09,5,1,280.3
2013,09,5,2,280.5
2013,09,5,3,280.6
2013,09,5,4,280.6
2013,09,5,5,280.9
2013,09,5,6,281.3
2013,09,5,7,281.4
2013,09,6,0,281.7
2013,09,6,1,281.3
2013,09,6,2,281.1
2013,09,6,3,281.6
2013,09,6,4,281.9
2013,09,6,5,281.9
2013,09,6,6,282.4
2013,09,6,7,282.0
2013,09,7,0,281.3
2013,09,7,1,281.0
2013,09,7,2,281.0
2013,09,7,3,281.6
2013,09,7,4,281.5
2013,09,7,5,281.6
2013,09,7,6,281.4
2013,09,7,7,280.4
2013,09,8,0,279.9
2013,09,8,1,280.1
2013,09,8,2,280.1
2013,09,8,3,279.9
2013,09,8,4,279.9
2013,09,8,5,279.8
2013,09,8,6,279.9
2013,09,8,7,280.3
2013,09,9,0,280.5
2013,09,9,1,279.5
2013,09,9,2,279.1
2013,09,9,3,279.1
2013,09,9,4,279.5
2013,09,9,5,279.2
2013,09,9,6,277.4
2013,09,9,7,277.9
2013,09,10,0,277.7
2013,09,10,1,277.3
2013,09,10,2,276.9
2013,09,10,3,276.0
2013,09,10,4,279.2
2013,09,10,5,279.8
2013,09,10,6,277.8
2013,09,10,7,276.5
2013,09,11,0,275.4
2013,09,11,1,273.4
2013,09,11,2,272.4
2013,09,11,3,272.1
2013,09,11,4,272.7
2013,09,11,5,273.8
2013,09,11,6,275.5
2013,09,11,7,275.1
2013,09,12,0,275.0
2013,09,12,1,272.5
2013,09,12,2,272.7
2013,09,12,3,272.7
2013,09,12,4,275.3
2013,09,12,5,276.3
2013,09,12,6,277.0
2013,09,12,7,277.3
2013,09,13,0,277.6
2013,09,13,1,277.9
2013,09,13,2,277.5
2013,09,13,3,277.3
2013,09,13,4,277.9
2013,09,13,5,278.8
2013,09,13,6,279.3
2013,09,13,7,278.2
2013,09,14,0,278.1
2013,09,14,1,277.3
2013,09,14,2,276.7
2013,09,14,3,274.0
2013,09,14,4,275.0
2013,09,14,5,276.3
2013,09,14,6,276.1
2013,09,14,7,275.4
2013,09,15,0,276.7
2013,09,15,1,276.9
2013,09,15,2,276.9
2013,09,15,3,276.9
2013,09,15,4,277.1
2013,09,15,5,277.7
2013,09,15,6,277.2
2013,09,15,7,276.1
2013,09,16,0,276.3
2013,09,16,1,276.2
2013,09,16,2,275.9
2013,09,16,3,276.5
2013,09,16,4,279.0
2013,09,16,5,278.9
2013,09,16,6,279.2
2013,09,16,7,279.7
2013,09,17,0,280.8
2013,09,17,1,281.3
2013,09,17,2,280.8
2013,09,17,3,280.5
2013,09,17,4,280.7
2013,09,17,5,281.0
2013,09,17,6,280.5
2013,09,17,7,280.3
2013,09,18,0,279.9
2013,09,18,1,279.8
2013,09,18,2,280.1
2013,09,18,3,280.1
2013,09,18,4,279.8
2013,09,18,5,278.7
2013,09,18,6,278.9
2013,09,18,7,278.2
2013,09,19,0,278.3
2013,09,19,1,277.0
2013,09,19,2,277.9
2013,09,19,3,276.8
2013,09,19,4,276.6
2013,09,19,5,276.2
2013,09,19,6,276.6
2013,09,19,7,275.9
2013,09,20,0,276.0
2013,09,20,1,278.2
2013,09,20,2,279.6
2013,09,20,3,278.4
2013,09,20,4,278.1
2013,09,20,5,278.3
2013,09,20,6,277.6
2013,09,20,7,278.5
2013,09,21,0,279.9
2013,09,21,1,280.8
2013,09,21,2,281.6
2013,09,21,3,281.6
2013,09,21,4,281.0
2013,09,21,5,280.7
2013,09,21,6,280.7
2013,09,21,7,281.2
2013,09,22,0,282.7
2013,09,22,1,283.3
2013,09,22,2,282.7
2013,09,22,3,282.0
2013,09,22,4,282.3
2013,09,22,5,281.2
2013,09,22,6,281.8
2013,09,22,7,282.4
2013,09,23,0,283.2
2013,09,23,1,282.5
2013,09,23,2,281.7
2013,09,23,3,282.8
2013,09,23,4,282.9
2013,09,23,5,280.9
2013,09,23,6,280.8
2013,09,23,7,278.5
2013,09,24,0,279.0
2013,09,24,1,279.0
2013,09,24,2,278.4
2013,09,24,3,279.9
2013,09,24,4,280.0
2013,09,24,5,279.8
2013,09,24,6,280.2
2013,09,24,7,281.0
2013,09,25,0,280.6
2013,09,25,1,279.7
2013,09,25,2,279.5
2013,09,25,3,279.7
2013,09,25,4,280.1
2013,09,25,5,280.8
2013,09,25,6,281.8
2013,09,25,7,281.2
2013,09,26,0,278.1
2013,09,26,1,278.3
2013,09,26,2,275.4
2013,09,26,3,274.4
2013,09,26,4,276.0
2013,09,26,5,277.7
2013,09,26,6,277.0
2013,09,26,7,275.1
2013,09,27,0,276.6
2013,09,27,1,275.2
2013,09,27,2,275.9
2013,09,27,3,278.1
2013,09,27,4,281.4
2013,09,27,5,282.7
2013,09,27,6,282.6
2013,09,27,7,281.9
2013,09,28,0,282.3
2013,09,28,1,283.1
2013,09,28,2,282.9
2013,09,28,3,282.2
2013,09,28,4,282.1
2013,09,28,5,281.8
2013,09,28,6,281.1
2013,09,28,7,280.5
2013,09,29,0,280.2
2013,09,29,1,280.7
2013,09,29,2,281.2
2013,09,29,3,281.5
2013,09,29,4,281.7
2013,09,29,5,281.5
2013,09,29,6,281.0
2013,09,29,7,279.8
2013,09,30,0,279.2
2013,09,30,1,279.9
2013,09,30,2,280.6
2013,09,30,3,281.6
2013,09,30,4,280.7
2013,09,30,5,280.3
2013,09,30,6,280.9
2013,09,30,7,281.2
2013,09,31,0,280.8
2013,09,31,1,280.1
2013,09,31,2,280.7
2013,09,31,3,280.5
2013,09,31,4,281.8
2013,09,31,5,282.8
2013,09,31,6,283.0
2013,09,31,7,282.2
2013,09,1,0,282.1
2013,09,1,1,282.3
2013,09,1,2,282.6
2013,09,1,3,282.9
2013,09,1,4,283.1
2013,09,1,5,283.3
2013,09,1,6,283.6
2013,09,1,7,283.2
2013,09,2,0,283.0
2013,09,2,1,282.9
2013,09,2,2,282.8
2013,09,2,3,282.9
2013,09,2,4,283.2
2013,09,2,5,283.2
2013,09,2,6,283.2
2013,09,2,7,283.5
2013,09,3,0,283.5
2013,09,3,1,283.2
2013,09,3,2,283.4
2013,09,3,3,283.6
2013,09,3,4,283.3
2013,09,3,5,282.8
2013,09,3,6,283.0
2013,09,3,7,282.7
2013,09,4,0,282.4
2013,09,4,1,282.0
2013,09,4,2,281.9
2013,09,4,3,282.5
2013,09,4,4,282.9
2013,09,4,5,282.6
2013,09,4,6,282.1
2013,09,4,7,282.4
2013,09,5,0,283.1
2013,09,5,1,282.8
2013,09,5,2,282.7
2013,09,5,3,282.9
2013,09,5,4,284.0
2013,09,5,5,283.2
2013,09,5,6,282.3
2013,09,5,7,282.6
2013,09,6,0,282.8
2013,09,6,1,282.3
2013,09,6,2,283.3
2013,09,6,3,284.1
2013,09,6,4,282.7
2013,09,6,5,282.4
2013,09,6,6,283.7
2013,09,6,7,283.4
2013,09,7,0,281.6
2013,09,7,1,281.6
2013,09,7,2,282.0
2013,09,7,3,282.1
2013,09,7,4,282.2
2013,09,7,5,282.1
2013,09,7,6,281.1
2013,09,7,7,281.4
2013,09,8,0,281.2
2013,09,8,1,281.2
2013,09,8,2,281.6
2013,09,8,3,281.8
2013,09,8,4,282.4
2013,09,8,5,283.1
2013,09,8,6,282.3
2013,09,8,7,281.2
2013,09,9,0,281.1
2013,09,9,1,282.2
2013,09,9,2,282.0
2013,09,9,3,282.3
2013,09,9,4,282.0
2013,09,9,5,281.8
2013,09,9,6,282.8
2013,09,9,7,283.3
2013,09,10,0,284.0
2013,09,10,1,282.6
2013,09,10,2,282.6
2013,09,10,3,282.1
2013,09,10,4,282.6
2013,09,10,5,283.0
2013,09,10,6,282.9
2013,09,10,7,282.8
2013,09,11,0,282.9
2013,09,11,1,281.6
2013,09,11,2,279.2
2013,09,11,3,284.0
2013,09,11,4,285.3
2013,09,11,5,280.6
2013,09,11,6,279.1
2013,09,11,7,278.2
2013,09,12,0,276.7
2013,09,12,1,276.8
2013,09,12,2,275.9
2013,09,12,3,279.1
2013,09,12,4,281.5
2013,09,12,5,281.9
2013,09,12,6,279.6
2013,09,12,7,276.5
2013,09,13,0,279.3
2013,09,13,1,279.2
2013,09,13,2,278.2
2013,09,13,3,278.7
2013,09,13,4,277.9
2013,09,13,5,277.7
2013,09,13,6,279.1
2013,09,13,7,276.8
2013,09,14,0,278.9
2013,09,14,1,279.0
2013,09,14,2,281.1
2013,09,14,3,281.3
2013,09,14,4,281.6
2013,09,14,5,282.1
2013,09,14,6,281.0
2013,09,14,7,281.3
2013,09,15,0,279.9
2013,09,15,1,279.6
2013,09,15,2,279.6
2013,09,15,3,279.3
2013,09,15,4,279.4
2013,09,15,5,279.5
2013,09,15,6,279.6
2013,09,15,7,279.3
2013,09,16,0,279.4
2013,09,16,1,279.2
2013,09,16,2,278.6
2013,09,16,3,278.0
2013,09,16,4,278.2
2013,09,16,5,278.4
2013,09,16,6,279.2
2013,09,16,7,279.7
2013,09,17,0,281.3
2013,09,17,1,280.8
2013,09,17,2,280.6
2013,09,17,3,279.5
2013,09,17,4,277.5
2013,09,17,5,276.8
2013,09,17,6,276.4
2013,09,17,7,276.8
2013,09,18,0,276.8
2013,09,18,1,276.9
2013,09,18,2,276.5
2013,09,18,3,276.0
2013,09,18,4,275.6
2013,09,18,5,275.0
2013,09,18,6,275.3
2013,09,18,7,275.4
2013,09,19,0,275.5
2013,09,19,1,275.1
2013,09,19,2,275.2
2013,09,19,3,276.6
2013,09,19,4,276.7
2013,09,19,5,276.0
2013,09,19,6,276.4
2013,09,19,7,274.4
2013,09,20,0,275.3
2013,09,20,1,275.0
2013,09,20,2,274.8
2013,09,20,3,274.9
2013,09,20,4,275.2
2013,09,20,5,274.9
2013,09,20,6,275.3
2013,09,20,7,275.8
2013,09,21,0,275.8
2013,09,21,1,275.9
2013,09,21,2,276.0
2013,09,21,3,275.9
2013,09,21,4,276.5
2013,09,21,5,276.8
2013,09,21,6,276.4
2013,09,21,7,275.0
2013,09,22,0,277.5
2013,09,22,1,274.8
2013,09,22,2,274.0
2013,09,22,3,273.9
2013,09,22,4,275.6
2013,09,22,5,276.4
2013,09,22,6,276.6
2013,09,22,7,277.3
2013,09,23,0,279.4
2013,09,23,1,278.7
2013,09,23,2,279.6
2013,09,23,3,281.8
2013,09,23,4,282.9
2013,09,23,5,282.4
2013,09,23,6,282.4
2013,09,23,7,283.9
2013,09,24,0,284.3
2013,09,24,1,283.3
2013,09,24,2,282.9
2013,09,24,3,282.8
2013,09,24,4,283.4
2013,09,24,5,283.3
2013,09,24,6,282.9
2013,09,24,7,282.8
2013,09,25,0,282.8
2013,09,25,1,282.5
2013,09,25,2,282.1
2013,09,25,3,282.2
2013,09,25,4,282.4
2013,09,25,5,281.8
2013,09,25,6,281.0
2013,09,25,7,280.5
2013,09,26,0,280.4
2013,09,26,1,281.0
2013,09,26,2,280.3
2013,09,26,3,279.6
2013,09,26,4,280.9
2013,09,26,5,280.5
2013,09,26,6,279.4
2013,09,26,7,278.4
2013,09,27,0,277.7
2013,09,27,1,278.3
2013,09,27,2,277.9
2013,09,27,3,277.4
2013,09,27,4,277.3
2013,09,27,5,277.8
2013,09,27,6,277.7
2013,09,27,7,277.8
2013,09,28,0,277.8
2013,09,28,1,278.0
2013,09,28,2,277.6
2013,09,28,3,277.1
2013,09,28,4,277.0
2013,09,28,5,277.4
2013,09,28,6,277.6
2013,09,28,7,277.2
2013,09,29,0,278.9
2013,09,29,1,279.1
2013,09,29,2,279.3
2013,09,29,3,280.0
2013,09,29,4,281.2
2013,09,29,5,281.8
2013,09,29,6,281.9
2013,09,29,7,282.0
2013,09,30,0,281.0
2013,09,30,1,280.7
2013,09,30,2,280.3
2013,09,30,3,280.4
2013,09,30,4,280.9
2013,09,30,5,281.2
2013,09,30,6,280.7
2013,09,30,7,280.6
2013,09,31,0,281.8
2013,09,31,1,281.1
2013,09,31,2,280.6
2013,09,31,3,280.4
2013,09,31,4,280.5
2013,09,31,5,280.6
2013,09,31,6,280.5
2013,09,31,7,280.3
2013,09,1,0,280.6
2013,09,1,1,280.3
2013,09,1,2,279.5
2013,09,1,3,279.6
2013,09,1,4,279.8
2013,09,1,5,280.1
2013,09,1,6,279.6
2013,09,1,7,279.7
2013,09,2,0,281.0
2013,09,2,1,281.4
2013,09,2,2,280.4
2013,09,2,3,280.0
2013,09,2,4,280.6
2013,09,2,5,281.1
2013,09,2,6,281.1
2013,09,2,7,281.3
2013,09,3,0,281.3
2013,09,3,1,281.1
2013,09,3,2,279.7
2013,09,3,3,278.3
2013,09,3,4,278.5
2013,09,3,5,279.1
2013,09,3,6,278.7
2013,09,3,7,277.1
2013,09,4,0,276.6
2013,09,4,1,277.6
2013,09,4,2,277.8
2013,09,4,3,277.8
2013,09,4,4,277.9
2013,09,4,5,278.1
2013,09,4,6,277.9
2013,09,4,7,278.2
2013,09,5,0,278.4
2013,09,5,1,277.3
2013,09,5,2,276.7
2013,09,5,3,276.1
2013,09,5,4,277.2
2013,09,5,5,277.4
2013,09,5,6,276.6
2013,09,5,7,276.4
2013,09,6,0,276.1
2013,09,6,1,275.7
2013,09,6,2,272.5
2013,09,6,3,275.1
2013,09,6,4,277.4
2013,09,6,5,278.9
2013,09,6,6,278.6
2013,09,6,7,281.2
2013,09,7,0,280.2
2013,09,7,1,280.6
2013,09,7,2,282.1
2013,09,7,3,282.9
2013,09,7,4,283.0
2013,09,7,5,283.4
2013,09,7,6,282.5
2013,09,7,7,282.4
2013,09,8,0,280.6
2013,09,8,1,280.4
2013,09,8,2,282.1
2013,09,8,3,280.4
2013,09,8,4,280.5
2013,09,8,5,281.2
2013,09,8,6,281.3
2013,09,8,7,281.1
2013,09,9,0,281.7
2013,09,9,1,281.0
2013,09,9,2,280.1
2013,09,9,3,280.0
2013,09,9,4,280.4
2013,09,9,5,280.7
2013,09,9,6,280.3
2013,09,9,7,279.2
2013,09,10,0,280.7
2013,09,10,1,279.3
2013,09,10,2,280.0
2013,09,10,3,280.0
2013,09,10,4,279.5
2013,09,10,5,279.3
2013,09,10,6,278.6
2013,09,10,7,278.6
2013,09,11,0,277.8
2013,09,11,1,277.6
2013,09,11,2,277.3
2013,09,11,3,277.4
2013,09,11,4,277.5
2013,09,11,5,277.2
2013,09,11,6,276.7
2013,09,11,7,277.6
2013,09,12,0,277.1
2013,09,12,1,277.2
2013,09,12,2,277.6
2013,09,12,3,277.4
2013,09,12,4,277.6
2013,09,12,5,277.7
2013,09,12,6,276.9
2013,09,12,7,277.1
2013,09,13,0,277.1
2013,09,13,1,276.8
2013,09,13,2,277.1
2013,09,13,3,277.1
2013,09,13,4,277.1
2013,09,13,5,277.0
2013,09,13,6,276.7
2013,09,13,7,277.5
2013,09,14,0,277.6
2013,09,14,1,277.5
2013,09,14,2,277.5
2013,09,14,3,277.7
2013,09,14,4,277.8
2013,09,14,5,278.0
2013,09,14,6,278.2
2013,09,14,7,278.4
2013,09,15,0,279.1
2013,09,15,1,278.8
2013,09,15,2,278.2
2013,09,15,3,278.0
2013,09,15,4,277.9
2013,09,15,5,277.8
2013,09,15,6,277.6
2013,09,15,7,277.6
2013,09,16,0,276.8
2013,09,16,1,278.2
2013,09,16,2,278.3
2013,09,16,3,278.2
2013,09,16,4,278.4
2013,09,16,5,278.7
2013,09,16,6,277.3
2013,09,16,7,277.6
2013,09,17,0,280.1
2013,09,17,1,280.3
2013,09,17,2,280.7
2013,09,17,3,281.3
2013,09,17,4,281.4
2013,09,17,5,281.5
2013,09,17,6,281.9
2013,09,17,7,282.0
2013,09,18,0,282.6
2013,09,18,1,282.6
2013,09,18,2,282.2
2013,09,18,3,281.1
2013,09,18,4,281.2
2013,09,18,5,281.5
2013,09,18,6,281.7
2013,09,18,7,281.1
2013,09,19,0,283.5
2013,09,19,1,282.3
2013,09,19,2,281.2
2013,09,19,3,280.8
2013,09,19,4,281.0
2013,09,19,5,281.6
2013,09,19,6,280.9
2013,09,19,7,281.2
2013,09,20,0,282.0
2013,09,20,1,281.7
2013,09,20,2,281.2
2013,09,20,3,280.5
2013,09,20,4,281.3
2013,09,20,5,282.2
2013,09,20,6,283.8
2013,09,20,7,282.9
2013,09,21,0,284.1
2013,09,21,1,283.4
2013,09,21,2,283.5
2013,09,21,3,283.4
2013,09,21,4,283.8
2013,09,21,5,283.9
2013,09,21,6,283.9
2013,09,21,7,284.2
2013,09,22,0,284.2
2013,09,22,1,284.1
2013,09,22,2,283.6
2013,09,22,3,283.3
2013,09,22,4,283.9
2013,09,22,5,284.3
2013,09,22,6,282.6
2013,09,22,7,282.7
2013,09,23,0,283.0
2013,09,23,1,282.6
2013,09,23,2,282.6
2013,09,23,3,282.7
2013,09,23,4,282.8
2013,09,23,5,282.4
2013,09,23,6,283.0
2013,09,23,7,283.0
2013,09,24,0,282.9
2013,09,24,1,282.9
2013,09,24,2,282.7
2013,09,24,3,282.2
2013,09,24,4,282.4
2013,09,24,5,283.1
2013,09,24,6,282.0
2013,09,24,7,282.4
2013,09,25,0,282.7
2013,09,25,1,282.7
2013,09,25,2,281.5
2013,09,25,3,282.2
2013,09,25,4,282.7
2013,09,25,5,282.3
2013,09,25,6,281.6
2013,09,25,7,281.6
2013,09,26,0,281.6
2013,09,26,1,281.3
2013,09,26,2,281.2
2013,09,26,3,281.8
2013,09,26,4,282.4
2013,09,26,5,282.5
2013,09,26,6,281.1
2013,09,26,7,278.3
2013,09,27,0,279.9
2013,09,27,1,283.1
2013,09,27,2,282.0
2013,09,27,3,282.3
2013,09,27,4,282.4
2013,09,27,5,285.0
2013,09,27,6,284.1
2013,09,27,7,284.8
2013,09,28,0,285.7
2013,09,28,1,285.7
2013,09,28,2,284.5
2013,09,28,3,282.3
2013,09,28,4,282.7
2013,09,28,5,282.7
2013,09,28,6,283.3
2013,09,28,7,281.6
2013,09,29,0,283.0
2013,09,29,1,283.8
2013,09,29,2,283.7
2013,09,29,3,283.2
2013,09,29,4,282.4
2013,09,29,5,281.6
2013,09,29,6,280.9
2013,09,29,7,280.7
2013,09,30,0,280.8
2013,09,30,1,280.7
2013,09,30,2,280.6
2013,09,30,3,280.9
2013,09,30,4,280.7
2013,09,30,5,280.9
2013,09,30,6,280.6
2013,09,30,7,282.9
2013,09,1,0,282.2
2013,09,1,1,282.7
2013,09,1,2,282.4
2013,09,1,3,281.5
2013,09,1,4,281.5
2013,09,1,5,282.0
2013,09,1,6,282.3
2013,09,1,7,280.8
2013,09,2,0,280.0
2013,09,2,1,279.8
2013,09,2,2,279.7
2013,09,2,3,279.8
2013,09,2,4,281.0
2013,09,2,5,281.4
2013,09,2,6,280.7
2013,09,2,7,280.2
2013,09,3,0,280.2
2013,09,3,1,280.1
2013,09,3,2,280.0
2013,09,3,3,281.1
2013,09,3,4,281.7
2013,09,3,5,281.7
2013,09,3,6,281.5
2013,09,3,7,281.4
2013,09,4,0,281.5
2013,09,4,1,281.7
2013,09,4,2,281.9
2013,09,4,3,282.0
2013,09,4,4,282.2
2013,09,4,5,282.4
2013,09,4,6,282.1
2013,09,4,7,281.9
2013,09,5,0,282.3
2013,09,5,1,282.2
2013,09,5,2,282.2
2013,09,5,3,282.4
2013,09,5,4,281.4
2013,09,5,5,281.4
2013,09,5,6,281.8
2013,09,5,7,282.6
2013,09,6,0,282.2
2013,09,6,1,281.4
2013,09,6,2,281.2
2013,09,6,3,281.0
2013,09,6,4,282.0
2013,09,6,5,281.1
2013,09,6,6,281.7
2013,09,6,7,279.4
2013,09,7,0,277.3
2013,09,7,1,277.7
2013,09,7,2,279.3
2013,09,7,3,278.5
2013,09,7,4,279.5
2013,09,7,5,280.0
2013,09,7,6,281.0
2013,09,7,7,280.8
2013,09,8,0,279.4
2013,09,8,1,278.1
2013,09,8,2,278.0
2013,09,8,3,278.3
2013,09,8,4,278.6
2013,09,8,5,278.1
2013,09,8,6,278.6
2013,09,8,7,277.5
2013,09,9,0,276.6
2013,09,9,1,276.4
2013,09,9,2,277.4
2013,09,9,3,277.8
2013,09,9,4,277.1
2013,09,9,5,276.6
2013,09,9,6,275.7
2013,09,9,7,275.0
2013,09,10,0,276.5
2013,09,10,1,276.2
2013,09,10,2,278.0
2013,09,10,3,278.9
2013,09,10,4,278.6
2013,09,10,5,277.8
2013,09,10,6,277.7
2013,09,10,7,278.2
2013,09,11,0,278.8
2013,09,11,1,277.9
2013,09,11,2,277.9
2013,09,11,3,278.6
2013,09,11,4,278.9
2013,09,11,5,278.8
2013,09,11,6,279.4
2013,09,11,7,280.3
2013,09,12,0,281.0
2013,09,12,1,280.8
2013,09,12,2,281.4
2013,09,12,3,281.4
2013,09,12,4,282.2
2013,09,12,5,283.0
2013,09,12,6,282.9
2013,09,12,7,283.2
2013,09,13,0,282.6
2013,09,13,1,283.4
2013,09,13,2,283.1
2013,09,13,3,282.8
2013,09,13,4,283.1
2013,09,13,5,282.9
2013,09,13,6,282.5
2013,09,13,7,281.6
2013,09,14,0,282.2
2013,09,14,1,281.3
2013,09,14,2,280.8
2013,09,14,3,282.7
2013,09,14,4,281.3
2013,09,14,5,281.9
2013,09,14,6,281.2
2013,09,14,7,281.8
2013,09,15,0,281.6
2013,09,15,1,280.9
2013,09,15,2,280.4
2013,09,15,3,280.2
2013,09,15,4,280.6
2013,09,15,5,280.8
2013,09,15,6,280.2
2013,09,15,7,279.6
2013,09,16,0,279.9
2013,09,16,1,280.1
2013,09,16,2,279.9
2013,09,16,3,279.5
2013,09,16,4,279.6
2013,09,16,5,279.9
2013,09,16,6,279.0
2013,09,16,7,278.3
2013,09,17,0,279.3
2013,09,17,1,279.5
2013,09,17,2,278.9
2013,09,17,3,279.9
2013,09,17,4,279.8
2013,09,17,5,280.1
2013,09,17,6,279.4
2013,09,17,7,280.0
2013,09,18,0,280.5
2013,09,18,1,279.7
2013,09,18,2,279.2
2013,09,18,3,279.8
2013,09,18,4,279.9
2013,09,18,5,281.1
2013,09,18,6,280.0
2013,09,18,7,279.6
2013,09,19,0,279.9
2013,09,19,1,279.7
2013,09,19,2,279.8
2013,09,19,3,279.6
2013,09,19,4,280.3
2013,09,19,5,280.0
2013,09,19,6,279.5
2013,09,19,7,280.5
2013,09,20,0,280.6
2013,09,20,1,278.5
2013,09,20,2,279.1
2013,09,20,3,279.2
2013,09,20,4,280.1
2013,09,20,5,280.2
2013,09,20,6,279.3
2013,09,20,7,279.3
2013,09,21,0,280.0
2013,09,21,1,279.7
2013,09,21,2,279.9
2013,09,21,3,279.5
2013,09,21,4,279.4
2013,09,21,5,280.7
2013,09,21,6,281.1
2013,09,21,7,281.3
2013,09,22,0,281.0
2013,09,22,1,280.9
2013,09,22,2,280.5
2013,09,22,3,280.6
2013,09,22,4,280.5
2013,09,22,5,281.1
2013,09,22,6,280.9
2013,09,22,7,280.6
2013,09,23,0,282.4
2013,09,23,1,282.9
2013,09,23,2,282.3
2013,09,23,3,281.8
2013,09,23,4,281.7
2013,09,23,5,281.9
2013,09,23,6,280.9
2013,09,23,7,280.4
2013,09,24,0,281.8
2013,09,24,1,281.5
2013,09,24,2,281.9
2013,09,24,3,282.9
2013,09,24,4,282.7
2013,09,24,5,283.2
2013,09,24,6,283.3
2013,09,24,7,283.8
2013,09,25,0,284.1
2013,09,25,1,283.3
2013,09,25,2,282.9
2013,09,25,3,283.3
2013,09,25,4,282.9
2013,09,25,5,283.8
2013,09,25,6,281.2
2013,09,25,7,280.2
2013,09,26,0,280.4
2013,09,26,1,281.3
2013,09,26,2,281.0
2013,09,26,3,281.2
2013,09,26,4,281.3
2013,09,26,5,281.1
2013,09,26,6,280.5
2013,09,26,7,281.6
2013,09,27,0,284.3
2013,09,27,1,282.4
2013,09,27,2,282.0
2013,09,27,3,281.0
2013,09,27,4,281.7
2013,09,27,5,282.0
2013,09,27,6,282.3
2013,09,27,7,281.4
2013,09,28,0,280.9
2013,09,28,1,281.1
2013,09,28,2,281.1
2013,09,28,3,281.1
2013,09,28,4,281.1
2013,09,28,5,281.4
2013,09,28,6,280.8
2013,09,28,7,281.0
2013,09,29,0,281.0
2013,09,29,1,281.3
2013,09,29,2,281.0
2013,09,29,3,281.5
2013,09,29,4,282.6
2013,09,29,5,281.3
2013,09,29,6,280.5
2013,09,29,7,280.2
2013,09,30,0,284.2
2013,09,30,1,283.2
2013,09,30,2,283.5
2013,09,30,3,282.5
2013,09,30,4,281.2
2013,09,30,5,281.2
2013,09,30,6,280.7
2013,09,30,7,280.6
2013,09,31,0,280.8
2013,09,31,1,280.7
2013,09,31,2,281.1
2013,09,31,3,280.9
2013,09,31,4,280.8
2013,09,31,5,280.2
2013,09,31,6,279.9
2013,09,31,7,279.7
2013,09,1,0,280.0
2013,09,1,1,279.5
2013,09,1,2,278.8
2013,09,1,3,278.5
2013,09,1,4,278.6
2013,09,1,5,278.9
2013,09,1,6,278.8
2013,09,1,7,278.9
2013,09,2,0,278.4
2013,09,2,1,277.7
2013,09,2,2,277.1
2013,09,2,3,280.4
2013,09,2,4,281.1
2013,09,2,5,281.4
2013,09,2,6,280.8
2013,09,2,7,279.8
2013,09,3,0,280.1
2013,09,3,1,278.3
2013,09,3,2,278.3
2013,09,3,3,279.5
2013,09,3,4,278.4
2013,09,3,5,277.7
2013,09,3,6,278.2
2013,09,3,7,279.6
2013,09,4,0,280.0
2013,09,4,1,278.7
2013,09,4,2,278.7
2013,09,4,3,278.7
2013,09,4,4,278.9
2013,09,4,5,278.4
2013,09,4,6,278.2
2013,09,4,7,278.5
2013,09,5,0,280.0
2013,09,5,1,278.7
2013,09,5,2,276.1
2013,09,5,3,276.8
2013,09,5,4,276.9
2013,09,5,5,277.1
2013,09,5,6,277.4
2013,09,5,7,276.4
2013,09,6,0,277.2
2013,09,6,1,278.2
2013,09,6,2,277.9
2013,09,6,3,277.2
2013,09,6,4,278.2
2013,09,6,5,278.0
2013,09,6,6,278.8
2013,09,6,7,278.3
2013,09,7,0,277.7
2013,09,7,1,279.3
2013,09,7,2,279.6
2013,09,7,3,279.1
2013,09,7,4,278.7
2013,09,7,5,279.3
2013,09,7,6,279.4
2013,09,7,7,278.9
2013,09,8,0,279.5
2013,09,8,1,279.4
2013,09,8,2,280.0
2013,09,8,3,279.7
2013,09,8,4,280.0
2013,09,8,5,280.2
2013,09,8,6,280.2
2013,09,8,7,280.8
2013,09,9,0,280.5
2013,09,9,1,280.6
2013,09,9,2,280.6
2013,09,9,3,280.5
2013,09,9,4,280.6
2013,09,9,5,281.0
2013,09,9,6,280.7
2013,09,9,7,280.4
2013,09,10,0,282.7
2013,09,10,1,282.1
2013,09,10,2,283.5
2013,09,10,3,286.8
2013,09,10,4,286.6
2013,09,10,5,285.1
2013,09,10,6,281.5
2013,09,10,7,282.0
2013,09,11,0,281.8
2013,09,11,1,282.7
2013,09,11,2,282.6
2013,09,11,3,283.5
2013,09,11,4,283.7
2013,09,11,5,282.6
2013,09,11,6,283.2
2013,09,11,7,283.4
2013,09,12,0,283.5
2013,09,12,1,283.3
2013,09,12,2,282.8
2013,09,12,3,282.6
2013,09,12,4,282.6
2013,09,12,5,283.4
2013,09,12,6,284.1
2013,09,12,7,284.1
2013,09,13,0,283.9
2013,09,13,1,283.2
2013,09,13,2,282.7
2013,09,13,3,282.9
2013,09,13,4,282.6
2013,09,13,5,281.6
2013,09,13,6,281.1
2013,09,13,7,281.4
2013,09,14,0,282.1
2013,09,14,1,282.5
2013,09,14,2,281.8
2013,09,14,3,281.5
2013,09,14,4,280.9
2013,09,14,5,280.3
2013,09,14,6,279.8
2013,09,14,7,280.9
2013,09,15,0,280.7
2013,09,15,1,279.8
2013,09,15,2,279.5
2013,09,15,3,279.5
2013,09,15,4,279.5
2013,09,15,5,279.9
2013,09,15,6,280.8
2013,09,15,7,279.0
2013,09,16,0,279.3
2013,09,16,1,278.8
2013,09,16,2,279.5
2013,09,16,3,279.9
2013,09,16,4,280.3
2013,09,16,5,280.8
2013,09,16,6,281.3
2013,09,16,7,280.5
2013,09,17,0,281.6
2013,09,17,1,281.7
2013,09,17,2,280.8
2013,09,17,3,280.6
2013,09,17,4,280.7
2013,09,17,5,280.9
2013,09,17,6,280.4
2013,09,17,7,280.0
2013,09,18,0,279.6
2013,09,18,1,280.5
2013,09,18,2,280.3
2013,09,18,3,280.4
2013,09,18,4,280.4
2013,09,18,5,279.9
2013,09,18,6,280.7
2013,09,18,7,281.3
2013,09,19,0,280.6
2013,09,19,1,280.5
2013,09,19,2,280.4
2013,09,19,3,280.7
2013,09,19,4,281.3
2013,09,19,5,281.8
2013,09,19,6,282.6
2013,09,19,7,282.9
2013,09,20,0,283.2
2013,09,20,1,282.2
2013,09,20,2,281.6
2013,09,20,3,282.1
2013,09,20,4,282.7
2013,09,20,5,282.8
2013,09,20,6,282.2
2013,09,20,7,282.6
2013,09,21,0,284.4
2013,09,21,1,283.4
2013,09,21,2,283.1
2013,09,21,3,283.6
2013,09,21,4,283.5
2013,09,21,5,283.8
2013,09,21,6,285.1
2013,09,21,7,283.5
2013,09,22,0,283.9
2013,09,22,1,283.8
2013,09,22,2,282.9
2013,09,22,3,281.9
2013,09,22,4,282.1
2013,09,22,5,281.3
2013,09,22,6,281.7
2013,09,22,7,281.7
2013,09,23,0,281.3
2013,09,23,1,280.9
2013,09,23,2,280.6
2013,09,23,3,280.6
2013,09,23,4,280.7
2013,09,23,5,280.8
2013,09,23,6,280.0
2013,09,23,7,279.9
2013,09,24,0,280.0
2013,09,24,1,280.9
2013,09,24,2,280.9
2013,09,24,3,280.8
2013,09,24,4,281.1
2013,09,24,5,281.2
2013,09,24,6,281.2
2013,09,24,7,280.8
2013,09,25,0,280.8
2013,09,25,1,280.8
2013,09,25,2,280.7
2013,09,25,3,280.8
2013,09,25,4,280.6
2013,09,25,5,280.4
2013,09,25,6,280.3
2013,09,25,7,280.0
2013,09,26,0,279.6
2013,09,26,1,278.9
2013,09,26,2,279.9
2013,09,26,3,280.5
2013,09,26,4,280.2
2013,09,26,5,280.9
2013,09,26,6,279.3
2013,09,26,7,279.3
2013,09,27,0,279.3
2013,09,27,1,279.8
2013,09,27,2,279.5
2013,09,27,3,279.7
2013,09,27,4,279.9
2013,09,27,5,280.5
2013,09,27,6,280.5
2013,09,27,7,280.8
2013,09,28,0,281.5
2013,09,28,1,281.4
2013,09,28,2,281.4
2013,09,28,3,281.7
2013,09,28,4,281.6
2013,09,28,5,281.9
2013,09,28,6,282.7
2013,09,28,7,282.1
2013,09,29,0,282.3
2013,09,29,1,282.7
2013,09,29,2,282.1
2013,09,29,3,281.6
2013,09,29,4,282.0
2013,09,29,5,282.5
2013,09,29,6,282.3
2013,09,29,7,281.4
2013,09,30,0,282.1
2013,09,30,1,282.6
2013,09,30,2,282.1
2013,09,30,3,281.6
2013,09,30,4,281.6
2013,09,30,5,281.7
2013,09,30,6,281.4
2013,09,30,7,281.4
2013,09,1,0,281.5
2013,09,1,1,281.4
2013,09,1,2,281.5
2013,09,1,3,281.3
2013,09,1,4,281.4
2013,09,1,5,282.0
2013,09,1,6,281.8
2013,09,1,7,281.7
2013,09,2,0,282.3
2013,09,2,1,283.2
2013,09,2,2,283.3
2013,09,2,3,283.3
2013,09,2,4,283.4
2013,09,2,5,283.0
2013,09,2,6,282.1
2013,09,2,7,280.9
2013,09,3,0,281.7
2013,09,3,1,281.9
2013,09,3,2,281.0
2013,09,3,3,281.0
2013,09,3,4,280.9
2013,09,3,5,282.0
2013,09,3,6,283.2
2013,09,3,7,282.0
2013,09,4,0,282.0
2013,09,4,1,282.1
2013,09,4,2,281.3
2013,09,4,3,281.2
2013,09,4,4,281.9
2013,09,4,5,282.5
2013,09,4,6,283.4
2013,09,4,7,282.0
2013,09,5,0,282.6
2013,09,5,1,283.1
2013,09,5,2,282.7
2013,09,5,3,282.4
2013,09,5,4,283.0
2013,09,5,5,283.6
2013,09,5,6,283.7
2013,09,5,7,283.7
2013,09,6,0,283.5
2013,09,6,1,283.7
2013,09,6,2,284.1
2013,09,6,3,283.9
2013,09,6,4,283.7
2013,09,6,5,283.1
2013,09,6,6,282.8
2013,09,6,7,281.5
2013,09,7,0,281.3
2013,09,7,1,281.7
2013,09,7,2,281.7
2013,09,7,3,281.1
2013,09,7,4,280.7
2013,09,7,5,281.5
2013,09,7,6,281.0
2013,09,7,7,280.6
2013,09,8,0,281.1
2013,09,8,1,281.7
2013,09,8,2,281.7
2013,09,8,3,281.3
2013,09,8,4,281.9
2013,09,8,5,281.2
2013,09,8,6,280.9
2013,09,8,7,281.5
2013,09,9,0,281.8
2013,09,9,1,282.0
2013,09,9,2,281.7
2013,09,9,3,281.8
2013,09,9,4,282.1
2013,09,9,5,282.7
2013,09,9,6,283.0
2013,09,9,7,282.8
2013,09,10,0,283.0
2013,09,10,1,282.8
2013,09,10,2,283.0
2013,09,10,3,282.6
2013,09,10,4,283.1
2013,09,10,5,283.8
2013,09,10,6,283.4
2013,09,10,7,282.8
2013,09,11,0,282.7
2013,09,11,1,282.8
2013,09,11,2,282.8
2013,09,11,3,282.9
2013,09,11,4,283.4
2013,09,11,5,282.9
2013,09,11,6,282.7
2013,09,11,7,283.2
2013,09,12,0,283.9
2013,09,12,1,283.2
2013,09,12,2,282.7
2013,09,12,3,282.7
2013,09,12,4,283.1
2013,09,12,5,283.0
2013,09,12,6,282.7
2013,09,12,7,282.7
2013,09,13,0,282.6
2013,09,13,1,282.7
2013,09,13,2,282.7
2013,09,13,3,282.6
2013,09,13,4,282.9
2013,09,13,5,282.6
2013,09,13,6,283.4
2013,09,13,7,282.1
2013,09,14,0,282.4
2013,09,14,1,282.0
2013,09,14,2,281.9
2013,09,14,3,281.8
2013,09,14,4,282.0
2013,09,14,5,282.6
2013,09,14,6,281.5
2013,09,14,7,282.1
2013,09,15,0,282.1
2013,09,15,1,281.3
2013,09,15,2,283.5
2013,09,15,3,282.5
2013,09,15,4,281.8
2013,09,15,5,282.2
2013,09,15,6,282.1
2013,09,15,7,282.1
2013,09,16,0,282.3
2013,09,16,1,281.1
2013,09,16,2,281.3
2013,09,16,3,281.7
2013,09,16,4,281.1
2013,09,16,5,280.9
2013,09,16,6,281.5
2013,09,16,7,282.1
2013,09,17,0,282.1
2013,09,17,1,281.3
2013,09,17,2,280.6
2013,09,17,3,280.0
2013,09,17,4,281.0
2013,09,17,5,281.7
2013,09,17,6,281.5
2013,09,17,7,282.3
2013,09,18,0,281.8
2013,09,18,1,281.7
2013,09,18,2,282.0
2013,09,18,3,281.9
2013,09,18,4,282.1
2013,09,18,5,281.9
2013,09,18,6,281.8
2013,09,18,7,281.8
2013,09,19,0,282.0
2013,09,19,1,281.5
2013,09,19,2,281.5
2013,09,19,3,281.3
2013,09,19,4,281.9
2013,09,19,5,283.0
2013,09,19,6,283.2
2013,09,19,7,283.4
2013,09,20,0,282.5
2013,09,20,1,281.8
2013,09,20,2,282.7
2013,09,20,3,282.1
2013,09,20,4,282.4
2013,09,20,5,282.1
2013,09,20,6,282.0
2013,09,20,7,281.6
2013,09,21,0,282.0
2013,09,21,1,281.3
2013,09,21,2,281.6
2013,09,21,3,282.5
2013,09,21,4,282.7
2013,09,21,5,281.5
2013,09,21,6,281.4
2013,09,21,7,282.0
2013,09,22,0,282.5
2013,09,22,1,281.7
2013,09,22,2,280.6
2013,09,22,3,281.2
2013,09,22,4,281.6
2013,09,22,5,282.0
2013,09,22,6,281.9
2013,09,22,7,282.4
2013,09,23,0,282.2
2013,09,23,1,282.3
2013,09,23,2,282.2
2013,09,23,3,282.0
2013,09,23,4,282.9
2013,09,23,5,283.0
2013,09,23,6,281.3
2013,09,23,7,281.0
2013,09,24,0,282.4
2013,09,24,1,282.7
2013,09,24,2,282.3
2013,09,24,3,283.3
2013,09,24,4,283.0
2013,09,24,5,282.5
2013,09,24,6,283.1
2013,09,24,7,283.0
2013,09,25,0,282.9
2013,09,25,1,282.5
2013,09,25,2,282.5
2013,09,25,3,282.8
2013,09,25,4,282.9
2013,09,25,5,283.0
2013,09,25,6,282.6
2013,09,25,7,283.0
2013,09,26,0,284.0
2013,09,26,1,282.7
2013,09,26,2,284.0
2013,09,26,3,283.8
2013,09,26,4,283.9
2013,09,26,5,283.8
2013,09,26,6,284.1
2013,09,26,7,283.8
2013,09,27,0,283.1
2013,09,27,1,283.0
2013,09,27,2,282.8
2013,09,27,3,282.6
2013,09,27,4,282.5
2013,09,27,5,282.6
2013,09,27,6,282.8
2013,09,27,7,282.8
2013,09,28,0,283.1
2013,09,28,1,283.8
2013,09,28,2,282.6
2013,09,28,3,281.9
2013,09,28,4,282.1
2013,09,28,5,282.2
2013,09,28,6,283.1
2013,09,28,7,283.3
2013,09,29,0,282.9
2013,09,29,1,282.7
2013,09,29,2,282.5
2013,09,29,3,282.3
2013,09,29,4,281.9
2013,09,29,5,282.0
2013,09,29,6,282.1
2013,09,29,7,282.1
2013,09,30,0,282.4
2013,09,30,1,283.0
2013,09,30,2,283.0
2013,09,30,3,282.7
2013,09,30,4,283.1
2013,09,30,5,283.6
2013,09,30,6,283.6
2013,09,30,7,283.4
2013,09,31,0,283.4
2013,09,31,1,283.6
2013,09,31,2,283.8
2013,09,31,3,283.6
2013,09,31,4,283.7
2013,09,31,5,284.1
2013,09,31,6,284.9
2013,09,31,7,284.7
2014,09,1,0,284.5
2014,09,1,1,283.9
2014,09,1,2,283.9
2014,09,1,3,284.5
2014,09,1,4,284.1
2014,09,1,5,284.9
2014,09,1,6,285.7
2014,09,1,7,285.3
2014,09,2,0,284.9
2014,09,2,1,284.6
2014,09,2,2,284.3
2014,09,2,3,285.0
2014,09,2,4,286.0
2014,09,2,5,286.0
2014,09,2,6,285.5
2014,09,2,7,286.3
2014,09,3,0,286.3
2014,09,3,1,285.7
2014,09,3,2,285.7
2014,09,3,3,285.9
2014,09,3,4,286.2
2014,09,3,5,286.5
2014,09,3,6,286.9
2014,09,3,7,287.1
2014,09,4,0,286.9
2014,09,4,1,286.2
2014,09,4,2,285.8
2014,09,4,3,285.6
2014,09,4,4,285.7
2014,09,4,5,285.8
2014,09,4,6,286.0
2014,09,4,7,286.2
2014,09,5,0,286.0
2014,09,5,1,285.5
2014,09,5,2,284.6
2014,09,5,3,283.7
2014,09,5,4,283.7
2014,09,5,5,283.6
2014,09,5,6,283.5
2014,09,5,7,283.4
2014,09,6,0,283.7
2014,09,6,1,283.5
2014,09,6,2,283.8
2014,09,6,3,284.3
2014,09,6,4,284.4
2014,09,6,5,283.7
2014,09,6,6,285.5
2014,09,6,7,286.1
2014,09,7,0,283.7
2014,09,7,1,283.9
2014,09,7,2,283.7
2014,09,7,3,283.1
2014,09,7,4,282.6
2014,09,7,5,284.1
2014,09,7,6,282.7
2014,09,7,7,281.7
2014,09,8,0,282.8
2014,09,8,1,282.6
2014,09,8,2,282.4
2014,09,8,3,281.9
2014,09,8,4,281.8
2014,09,8,5,282.3
2014,09,8,6,281.7
2014,09,8,7,281.5
2014,09,9,0,281.8
2014,09,9,1,281.5
2014,09,9,2,281.1
2014,09,9,3,280.9
2014,09,9,4,281.2
2014,09,9,5,281.5
2014,09,9,6,280.9
2014,09,9,7,281.5
2014,09,10,0,281.9
2014,09,10,1,281.8
2014,09,10,2,281.5
2014,09,10,3,281.5
2014,09,10,4,281.9
2014,09,10,5,282.6
2014,09,10,6,282.7
2014,09,10,7,282.7
2014,09,11,0,282.6
2014,09,11,1,282.4
2014,09,11,2,281.9
2014,09,11,3,281.5
2014,09,11,4,281.5
2014,09,11,5,281.7
2014,09,11,6,282.0
2014,09,11,7,282.2
2014,09,12,0,282.2
2014,09,12,1,282.0
2014,09,12,2,281.7
2014,09,12,3,281.5
2014,09,12,4,281.4
2014,09,12,5,282.7
2014,09,12,6,282.9
2014,09,12,7,282.9
2014,09,13,0,283.2
2014,09,13,1,283.8
2014,09,13,2,283.6
2014,09,13,3,283.5
2014,09,13,4,283.5
2014,09,13,5,283.5
2014,09,13,6,283.5
2014,09,13,7,283.7
2014,09,14,0,284.0
2014,09,14,1,283.6
2014,09,14,2,283.1
2014,09,14,3,283.1
2014,09,14,4,283.7
2014,09,14,5,284.1
2014,09,14,6,283.5
2014,09,14,7,283.4
2014,09,15,0,284.2
2014,09,15,1,283.7
2014,09,15,2,283.5
2014,09,15,3,283.3
2014,09,15,4,283.5
2014,09,15,5,287.5
2014,09,15,6,288.1
2014,09,15,7,284.2
2014,09,16,0,285.0
2014,09,16,1,284.7
2014,09,16,2,284.0
2014,09,16,3,283.9
2014,09,16,4,284.0
2014,09,16,5,284.3
2014,09,16,6,284.8
2014,09,16,7,284.2
2014,09,17,0,285.1
2014,09,17,1,285.2
2014,09,17,2,284.2
2014,09,17,3,282.9
2014,09,17,4,282.7
2014,09,17,5,282.6
2014,09,17,6,281.8
2014,09,17,7,281.7
2014,09,18,0,281.3
2014,09,18,1,281.3
2014,09,18,2,280.2
2014,09,18,3,280.2
2014,09,18,4,280.1
2014,09,18,5,280.7
2014,09,18,6,280.1
2014,09,18,7,280.1
2014,09,19,0,280.1
2014,09,19,1,280.0
2014,09,19,2,279.6
2014,09,19,3,279.6
2014,09,19,4,280.0
2014,09,19,5,280.4
2014,09,19,6,280.6
2014,09,19,7,281.1
2014,09,20,0,281.2
2014,09,20,1,281.5
2014,09,20,2,281.3
2014,09,20,3,281.0
2014,09,20,4,281.4
2014,09,20,5,281.3
2014,09,20,6,281.8
2014,09,20,7,282.7
2014,09,21,0,282.7
2014,09,21,1,282.4
2014,09,21,2,282.1
2014,09,21,3,281.5
2014,09,21,4,282.0
2014,09,21,5,282.4
2014,09,21,6,282.5
2014,09,21,7,282.3
2014,09,22,0,282.5
2014,09,22,1,282.9
2014,09,22,2,282.8
2014,09,22,3,282.4
2014,09,22,4,282.4
2014,09,22,5,282.6
2014,09,22,6,282.6
2014,09,22,7,282.8
2014,09,23,0,282.8
2014,09,23,1,282.7
2014,09,23,2,282.5
2014,09,23,3,282.2
2014,09,23,4,282.5
2014,09,23,5,282.9
2014,09,23,6,282.9
2014,09,23,7,283.4
2014,09,24,0,283.4
2014,09,24,1,283.2
2014,09,24,2,282.7
2014,09,24,3,282.0
2014,09,24,4,282.3
2014,09,24,5,283.1
2014,09,24,6,283.6
2014,09,24,7,283.8
2014,09,25,0,284.4
2014,09,25,1,284.4
2014,09,25,2,283.5
2014,09,25,3,283.5
2014,09,25,4,284.7
2014,09,25,5,285.1
2014,09,25,6,285.1
2014,09,25,7,285.4
2014,09,26,0,285.1
2014,09,26,1,284.2
2014,09,26,2,283.5
2014,09,26,3,282.9
2014,09,26,4,282.9
2014,09,26,5,282.7
2014,09,26,6,282.5
2014,09,26,7,282.9
2014,09,27,0,282.8
2014,09,27,1,281.6
2014,09,27,2,280.7
2014,09,27,3,280.4
2014,09,27,4,280.6
2014,09,27,5,281.2
2014,09,27,6,281.5
2014,09,27,7,281.3
2014,09,28,0,281.2
2014,09,28,1,280.4
2014,09,28,2,279.8
2014,09,28,3,279.7
2014,09,28,4,279.9
2014,09,28,5,280.3
2014,09,28,6,280.8
2014,09,28,7,281.3
2014,09,29,0,281.4
2014,09,29,1,281.2
2014,09,29,2,281.6
2014,09,29,3,282.3
2014,09,29,4,282.5
2014,09,29,5,284.3
2014,09,29,6,285.5
2014,09,29,7,286.6
2014,09,30,0,286.3
2014,09,30,1,285.6
2014,09,30,2,285.5
2014,09,30,3,285.1
2014,09,30,4,284.5
2014,09,30,5,283.5
2014,09,30,6,283.6
2014,09,30,7,284.5
2014,09,31,0,284.6
2014,09,31,1,284.4
2014,09,31,2,284.8
2014,09,31,3,284.8
2014,09,31,4,283.8
2014,09,31,5,282.3
2014,09,31,6,282.3
2014,09,31,7,282.2
2014,09,1,0,281.9
2014,09,1,1,280.3
2014,09,1,2,281.1
2014,09,1,3,281.3
2014,09,1,4,281.3
2014,09,1,5,280.9
2014,09,1,6,280.9
2014,09,1,7,282.2
2014,09,2,0,283.3
2014,09,2,1,283.7
2014,09,2,2,283.6
2014,09,2,3,283.8
2014,09,2,4,283.8
2014,09,2,5,283.7
2014,09,2,6,283.6
2014,09,2,7,284.1
2014,09,3,0,284.5
2014,09,3,1,284.3
2014,09,3,2,283.9
2014,09,3,3,283.2
2014,09,3,4,282.4
2014,09,3,5,282.2
2014,09,3,6,282.0
2014,09,3,7,282.0
2014,09,4,0,282.0
2014,09,4,1,281.6
2014,09,4,2,281.0
2014,09,4,3,280.8
2014,09,4,4,281.3
2014,09,4,5,282.1
2014,09,4,6,281.9
2014,09,4,7,281.9
2014,09,5,0,282.1
2014,09,5,1,282.3
2014,09,5,2,283.7
2014,09,5,3,283.8
2014,09,5,4,284.3
2014,09,5,5,285.2
2014,09,5,6,285.8
2014,09,5,7,284.5
2014,09,6,0,284.3
2014,09,6,1,284.0
2014,09,6,2,284.1
2014,09,6,3,283.4
2014,09,6,4,284.3
2014,09,6,5,283.5
2014,09,6,6,282.1
2014,09,6,7,282.6
2014,09,7,0,282.7
2014,09,7,1,282.0
2014,09,7,2,281.4
2014,09,7,3,281.1
2014,09,7,4,281.5
2014,09,7,5,281.6
2014,09,7,6,281.9
2014,09,7,7,281.9
2014,09,8,0,282.0
2014,09,8,1,282.1
2014,09,8,2,284.9
2014,09,8,3,284.6
2014,09,8,4,284.6
2014,09,8,5,282.6
2014,09,8,6,284.9
2014,09,8,7,282.8
2014,09,9,0,283.3
2014,09,9,1,283.0
2014,09,9,2,282.9
2014,09,9,3,282.7
2014,09,9,4,282.8
2014,09,9,5,283.1
2014,09,9,6,283.0
2014,09,9,7,282.9
2014,09,10,0,282.8
2014,09,10,1,281.7
2014,09,10,2,280.6
2014,09,10,3,280.4
2014,09,10,4,280.9
2014,09,10,5,281.5
2014,09,10,6,281.4
2014,09,10,7,281.6
2014,09,11,0,281.7
2014,09,11,1,281.0
2014,09,11,2,278.4
2014,09,11,3,279.2
2014,09,11,4,279.8
2014,09,11,5,280.3
2014,09,11,6,281.0
2014,09,11,7,283.4
2014,09,12,0,283.2
2014,09,12,1,281.6
2014,09,12,2,281.6
2014,09,12,3,281.3
2014,09,12,4,280.8
2014,09,12,5,279.8
2014,09,12,6,278.4
2014,09,12,7,277.7
2014,09,13,0,280.8
2014,09,13,1,281.0
2014,09,13,2,280.5
2014,09,13,3,280.3
2014,09,13,4,280.1
2014,09,13,5,279.8
2014,09,13,6,280.7
2014,09,13,7,281.2
2014,09,14,0,281.4
2014,09,14,1,281.2
2014,09,14,2,281.0
2014,09,14,3,280.5
2014,09,14,4,280.4
2014,09,14,5,280.9
2014,09,14,6,280.5
2014,09,14,7,281.4
2014,09,15,0,281.5
2014,09,15,1,281.2
2014,09,15,2,280.6
2014,09,15,3,279.9
2014,09,15,4,280.2
2014,09,15,5,281.0
2014,09,15,6,280.5
2014,09,15,7,280.4
2014,09,16,0,280.9
2014,09,16,1,281.0
2014,09,16,2,280.6
2014,09,16,3,280.2
2014,09,16,4,280.7
2014,09,16,5,280.7
2014,09,16,6,280.4
2014,09,16,7,280.6
2014,09,17,0,280.3
2014,09,17,1,279.5
2014,09,17,2,279.4
2014,09,17,3,279.0
2014,09,17,4,279.8
2014,09,17,5,280.2
2014,09,17,6,280.0
2014,09,17,7,279.6
2014,09,18,0,280.1
2014,09,18,1,280.2
2014,09,18,2,279.9
2014,09,18,3,279.6
2014,09,18,4,280.0
2014,09,18,5,280.7
2014,09,18,6,280.1
2014,09,18,7,280.5
2014,09,19,0,280.5
2014,09,19,1,280.4
2014,09,19,2,281.4
2014,09,19,3,279.7
2014,09,19,4,280.4
2014,09,19,5,280.5
2014,09,19,6,280.7
2014,09,19,7,280.8
2014,09,20,0,279.9
2014,09,20,1,278.9
2014,09,20,2,278.9
2014,09,20,3,278.9
2014,09,20,4,279.7
2014,09,20,5,279.9
2014,09,20,6,279.8
2014,09,20,7,279.4
2014,09,21,0,278.9
2014,09,21,1,278.2
2014,09,21,2,278.4
2014,09,21,3,278.6
2014,09,21,4,279.1
2014,09,21,5,279.3
2014,09,21,6,280.2
2014,09,21,7,279.7
2014,09,22,0,279.8
2014,09,22,1,279.9
2014,09,22,2,279.5
2014,09,22,3,279.4
2014,09,22,4,279.9
2014,09,22,5,280.3
2014,09,22,6,281.0
2014,09,22,7,281.1
2014,09,23,0,282.3
2014,09,23,1,283.3
2014,09,23,2,283.5
2014,09,23,3,283.8
2014,09,23,4,283.1
2014,09,23,5,284.7
2014,09,23,6,285.4
2014,09,23,7,283.8
2014,09,24,0,285.0
2014,09,24,1,285.0
2014,09,24,2,284.4
2014,09,24,3,284.6
2014,09,24,4,284.0
2014,09,24,5,283.3
2014,09,24,6,282.1
2014,09,24,7,281.9
2014,09,25,0,282.4
2014,09,25,1,282.1
2014,09,25,2,282.8
2014,09,25,3,282.9
2014,09,25,4,283.0
2014,09,25,5,283.4
2014,09,25,6,282.8
2014,09,25,7,282.7
2014,09,26,0,282.2
2014,09,26,1,280.7
2014,09,26,2,280.1
2014,09,26,3,280.3
2014,09,26,4,280.4
2014,09,26,5,279.8
2014,09,26,6,281.7
2014,09,26,7,281.8
2014,09,27,0,280.2
2014,09,27,1,280.9
2014,09,27,2,280.5
2014,09,27,3,280.5
2014,09,27,4,281.0
2014,09,27,5,280.5
2014,09,27,6,281.5
2014,09,27,7,281.9
2014,09,28,0,281.5
2014,09,28,1,281.6
2014,09,28,2,281.2
2014,09,28,3,280.8
2014,09,28,4,280.7
2014,09,28,5,281.1
2014,09,28,6,280.8
2014,09,28,7,280.1
2014,09,1,0,280.9
2014,09,1,1,281.4
2014,09,1,2,281.3
2014,09,1,3,280.9
2014,09,1,4,280.9
2014,09,1,5,281.0
2014,09,1,6,280.6
2014,09,1,7,280.1
2014,09,2,0,280.8
2014,09,2,1,280.9
2014,09,2,2,280.0
2014,09,2,3,279.9
2014,09,2,4,280.3
2014,09,2,5,280.8
2014,09,2,6,279.5
2014,09,2,7,279.5
2014,09,3,0,280.4
2014,09,3,1,281.2
2014,09,3,2,280.3
2014,09,3,3,280.0
2014,09,3,4,280.4
2014,09,3,5,281.0
2014,09,3,6,280.5
2014,09,3,7,280.4
2014,09,4,0,281.5
2014,09,4,1,281.5
2014,09,4,2,281.7
2014,09,4,3,282.0
2014,09,4,4,281.8
2014,09,4,5,282.7
2014,09,4,6,281.8
2014,09,4,7,281.7
2014,09,5,0,282.3
2014,09,5,1,282.0
2014,09,5,2,281.8
2014,09,5,3,281.3
2014,09,5,4,282.1
2014,09,5,5,282.7
2014,09,5,6,282.2
2014,09,5,7,282.7
2014,09,6,0,282.8
2014,09,6,1,281.7
2014,09,6,2,282.8
2014,09,6,3,283.1
2014,09,6,4,283.5
2014,09,6,5,283.8
2014,09,6,6,283.2
2014,09,6,7,281.8
2014,09,7,0,282.2
2014,09,7,1,281.4
2014,09,7,2,281.5
2014,09,7,3,281.4
2014,09,7,4,280.8
2014,09,7,5,280.5
2014,09,7,6,280.7
2014,09,7,7,279.7
2014,09,8,0,281.4
2014,09,8,1,282.1
2014,09,8,2,281.8
2014,09,8,3,281.5
2014,09,8,4,281.7
2014,09,8,5,282.3
2014,09,8,6,281.7
2014,09,8,7,281.7
2014,09,9,0,282.3
2014,09,9,1,281.8
2014,09,9,2,280.9
2014,09,9,3,280.1
2014,09,9,4,281.0
2014,09,9,5,280.8
2014,09,9,6,281.8
2014,09,9,7,281.8
2014,09,10,0,281.7
2014,09,10,1,280.7
2014,09,10,2,282.3
2014,09,10,3,281.5
2014,09,10,4,281.4
2014,09,10,5,282.0
2014,09,10,6,281.7
2014,09,10,7,282.3
2014,09,11,0,282.5
2014,09,11,1,281.7
2014,09,11,2,280.9
2014,09,11,3,281.1
2014,09,11,4,281.7
2014,09,11,5,282.7
2014,09,11,6,283.5
2014,09,11,7,284.2
2014,09,12,0,284.6
2014,09,12,1,283.4
2014,09,12,2,283.9
2014,09,12,3,282.7
2014,09,12,4,281.7
2014,09,12,5,281.6
2014,09,12,6,281.5
2014,09,12,7,281.5
2014,09,13,0,281.7
2014,09,13,1,281.5
2014,09,13,2,281.5
2014,09,13,3,281.4
2014,09,13,4,281.4
2014,09,13,5,281.5
2014,09,13,6,281.9
2014,09,13,7,280.7
2014,09,14,0,280.6
2014,09,14,1,280.4
2014,09,14,2,280.1
2014,09,14,3,280.2
2014,09,14,4,281.0
2014,09,14,5,281.3
2014,09,14,6,280.8
2014,09,14,7,280.6
2014,09,15,0,280.3
2014,09,15,1,278.9
2014,09,15,2,280.3
2014,09,15,3,280.2
2014,09,15,4,281.9
2014,09,15,5,282.6
2014,09,15,6,282.6
2014,09,15,7,283.5
2014,09,16,0,283.7
2014,09,16,1,281.4
2014,09,16,2,280.9
2014,09,16,3,281.8
2014,09,16,4,282.0
2014,09,16,5,281.1
2014,09,16,6,280.0
2014,09,16,7,279.9
2014,09,17,0,279.9
2014,09,17,1,279.3
2014,09,17,2,279.3
2014,09,17,3,279.7
2014,09,17,4,280.6
2014,09,17,5,280.3
2014,09,17,6,277.8
2014,09,17,7,277.0
2014,09,18,0,279.4
2014,09,18,1,278.1
2014,09,18,2,277.4
2014,09,18,3,278.9
2014,09,18,4,280.5
2014,09,18,5,280.8
2014,09,18,6,280.2
2014,09,18,7,279.5
2014,09,19,0,280.8
2014,09,19,1,279.7
2014,09,19,2,278.8
2014,09,19,3,280.7
2014,09,19,4,282.3
2014,09,19,5,283.0
2014,09,19,6,283.1
2014,09,19,7,282.7
2014,09,20,0,283.0
2014,09,20,1,282.5
2014,09,20,2,281.6
2014,09,20,3,280.7
2014,09,20,4,281.7
2014,09,20,5,283.5
2014,09,20,6,283.4
2014,09,20,7,283.2
2014,09,21,0,283.1
2014,09,21,1,282.0
2014,09,21,2,281.8
2014,09,21,3,281.9
2014,09,21,4,282.5
2014,09,21,5,283.1
2014,09,21,6,282.9
2014,09,21,7,281.9
2014,09,22,0,282.2
2014,09,22,1,282.9
2014,09,22,2,282.1
2014,09,22,3,281.8
2014,09,22,4,281.8
2014,09,22,5,282.4
2014,09,22,6,281.9
2014,09,22,7,282.0
2014,09,23,0,282.0
2014,09,23,1,282.5
2014,09,23,2,283.3
2014,09,23,3,282.4
2014,09,23,4,282.0
2014,09,23,5,281.9
2014,09,23,6,281.2
2014,09,23,7,281.3
2014,09,24,0,281.4
2014,09,24,1,281.3
2014,09,24,2,280.7
2014,09,24,3,280.1
2014,09,24,4,281.2
2014,09,24,5,279.6
2014,09,24,6,280.0
2014,09,24,7,279.5
2014,09,25,0,280.6
2014,09,25,1,280.6
2014,09,25,2,280.4
2014,09,25,3,280.4
2014,09,25,4,281.2
2014,09,25,5,281.1
2014,09,25,6,279.8
2014,09,25,7,280.5
2014,09,26,0,280.4
2014,09,26,1,280.8
2014,09,26,2,280.1
2014,09,26,3,280.5
2014,09,26,4,281.3
2014,09,26,5,281.0
2014,09,26,6,280.7
2014,09,26,7,280.0
2014,09,27,0,280.3
2014,09,27,1,280.5
2014,09,27,2,280.5
2014,09,27,3,280.5
2014,09,27,4,280.9
2014,09,27,5,280.9
2014,09,27,6,279.7
2014,09,27,7,280.1
2014,09,28,0,280.2
2014,09,28,1,280.4
2014,09,28,2,279.7
2014,09,28,3,279.5
2014,09,28,4,280.2
2014,09,28,5,280.9
2014,09,28,6,280.1
2014,09,28,7,281.3
2014,09,29,0,280.7
2014,09,29,1,279.6
2014,09,29,2,280.2
2014,09,29,3,281.6
2014,09,29,4,281.9
2014,09,29,5,281.3
2014,09,29,6,280.8
2014,09,29,7,280.5
2014,09,30,0,280.9
2014,09,30,1,280.8
2014,09,30,2,280.8
2014,09,30,3,280.7
2014,09,30,4,280.5
2014,09,30,5,281.1
2014,09,30,6,280.7
2014,09,30,7,280.3
2014,09,31,0,280.8
2014,09,31,1,280.9
2014,09,31,2,280.4
2014,09,31,3,280.0
2014,09,31,4,279.9
2014,09,31,5,280.1
2014,09,31,6,280.1
2014,09,31,7,280.1
2014,09,1,0,280.0
2014,09,1,1,280.4
2014,09,1,2,280.4
2014,09,1,3,280.4
2014,09,1,4,280.8
2014,09,1,5,281.0
2014,09,1,6,280.6
2014,09,1,7,280.5
2014,09,2,0,281.2
2014,09,2,1,281.3
2014,09,2,2,281.7
2014,09,2,3,281.0
2014,09,2,4,281.3
2014,09,2,5,281.7
2014,09,2,6,281.4
2014,09,2,7,281.3
2014,09,3,0,281.3
2014,09,3,1,281.4
2014,09,3,2,280.7
2014,09,3,3,280.4
2014,09,3,4,280.8
2014,09,3,5,281.6
2014,09,3,6,281.4
2014,09,3,7,281.0
2014,09,4,0,281.0
2014,09,4,1,281.1
2014,09,4,2,281.4
2014,09,4,3,281.1
2014,09,4,4,281.3
2014,09,4,5,281.5
2014,09,4,6,281.3
2014,09,4,7,280.7
2014,09,5,0,280.9
2014,09,5,1,280.9
2014,09,5,2,280.8
2014,09,5,3,280.8
2014,09,5,4,281.7
2014,09,5,5,282.7
2014,09,5,6,283.2
2014,09,5,7,282.9
2014,09,6,0,282.5
2014,09,6,1,281.7
2014,09,6,2,282.1
2014,09,6,3,282.2
2014,09,6,4,282.4
2014,09,6,5,282.5
2014,09,6,6,282.5
2014,09,6,7,282.5
2014,09,7,0,282.6
2014,09,7,1,282.5
2014,09,7,2,282.8
2014,09,7,3,283.0
2014,09,7,4,283.2
2014,09,7,5,283.0
2014,09,7,6,282.7
2014,09,7,7,282.5
2014,09,8,0,282.7
2014,09,8,1,282.1
2014,09,8,2,281.7
2014,09,8,3,281.3
2014,09,8,4,280.1
2014,09,8,5,279.0
2014,09,8,6,278.5
2014,09,8,7,277.0
2014,09,9,0,277.4
2014,09,9,1,277.4
2014,09,9,2,278.3
2014,09,9,3,279.7
2014,09,9,4,279.8
2014,09,9,5,280.9
2014,09,9,6,282.6
2014,09,9,7,282.4
2014,09,10,0,280.8
2014,09,10,1,280.6
2014,09,10,2,280.5
2014,09,10,3,280.3
2014,09,10,4,280.5
2014,09,10,5,281.3
2014,09,10,6,280.7
2014,09,10,7,280.6
2014,09,11,0,280.8
2014,09,11,1,280.5
2014,09,11,2,279.9
2014,09,11,3,279.6
2014,09,11,4,279.2
2014,09,11,5,280.7
2014,09,11,6,280.4
2014,09,11,7,280.5
2014,09,12,0,281.0
2014,09,12,1,280.7
2014,09,12,2,281.0
2014,09,12,3,281.4
2014,09,12,4,281.9
2014,09,12,5,282.1
2014,09,12,6,282.2
2014,09,12,7,283.3
2014,09,13,0,282.8
2014,09,13,1,282.6
2014,09,13,2,282.1
2014,09,13,3,282.0
2014,09,13,4,282.2
2014,09,13,5,281.1
2014,09,13,6,281.5
2014,09,13,7,282.5
2014,09,14,0,283.3
2014,09,14,1,282.6
2014,09,14,2,282.2
2014,09,14,3,281.9
2014,09,14,4,282.0
2014,09,14,5,282.6
2014,09,14,6,282.9
2014,09,14,7,282.3
2014,09,15,0,282.9
2014,09,15,1,282.9
2014,09,15,2,281.3
2014,09,15,3,281.0
2014,09,15,4,281.5
2014,09,15,5,282.2
2014,09,15,6,282.0
2014,09,15,7,282.0
2014,09,16,0,282.5
2014,09,16,1,282.3
2014,09,16,2,281.9
2014,09,16,3,281.7
2014,09,16,4,282.3
2014,09,16,5,283.0
2014,09,16,6,283.1
2014,09,16,7,281.8
2014,09,17,0,282.0
2014,09,17,1,282.1
2014,09,17,2,282.2
2014,09,17,3,282.1
2014,09,17,4,281.9
2014,09,17,5,282.3
2014,09,17,6,282.5
2014,09,17,7,281.9
2014,09,18,0,281.8
2014,09,18,1,282.0
2014,09,18,2,281.8
2014,09,18,3,281.5
2014,09,18,4,281.1
2014,09,18,5,281.1
2014,09,18,6,281.3
2014,09,18,7,281.2
2014,09,19,0,281.1
2014,09,19,1,280.7
2014,09,19,2,280.3
2014,09,19,3,280.1
2014,09,19,4,280.7
2014,09,19,5,281.7
2014,09,19,6,281.7
2014,09,19,7,281.0
2014,09,20,0,281.0
2014,09,20,1,281.6
2014,09,20,2,280.9
2014,09,20,3,281.6
2014,09,20,4,282.0
2014,09,20,5,282.3
2014,09,20,6,282.2
2014,09,20,7,281.7
2014,09,21,0,281.1
2014,09,21,1,280.8
2014,09,21,2,280.8
2014,09,21,3,280.9
2014,09,21,4,281.0
2014,09,21,5,280.8
2014,09,21,6,281.2
2014,09,21,7,281.5
2014,09,22,0,281.4
2014,09,22,1,281.0
2014,09,22,2,280.4
2014,09,22,3,280.8
2014,09,22,4,280.8
2014,09,22,5,281.0
2014,09,22,6,281.2
2014,09,22,7,280.5
2014,09,23,0,279.9
2014,09,23,1,280.6
2014,09,23,2,281.0
2014,09,23,3,281.4
2014,09,23,4,281.3
2014,09,23,5,281.2
2014,09,23,6,281.3
2014,09,23,7,280.8
2014,09,24,0,280.6
2014,09,24,1,280.7
2014,09,24,2,280.6
2014,09,24,3,280.5
2014,09,24,4,280.7
2014,09,24,5,280.3
2014,09,24,6,280.0
2014,09,24,7,280.0
2014,09,25,0,279.7
2014,09,25,1,279.0
2014,09,25,2,279.4
2014,09,25,3,279.4
2014,09,25,4,279.4
2014,09,25,5,279.2
2014,09,25,6,279.4
2014,09,25,7,277.6
2014,09,26,0,277.6
2014,09,26,1,277.0
2014,09,26,2,278.3
2014,09,26,3,278.6
2014,09,26,4,278.5
2014,09,26,5,278.6
2014,09,26,6,278.0
2014,09,26,7,276.2
2014,09,27,0,275.4
2014,09,27,1,276.9
2014,09,27,2,279.0
2014,09,27,3,279.2
2014,09,27,4,279.0
2014,09,27,5,278.9
2014,09,27,6,277.5
2014,09,27,7,277.4
2014,09,28,0,277.1
2014,09,28,1,276.7
2014,09,28,2,277.5
2014,09,28,3,276.9
2014,09,28,4,276.7
2014,09,28,5,276.2
2014,09,28,6,275.7
2014,09,28,7,277.9
2014,09,29,0,279.4
2014,09,29,1,279.3
2014,09,29,2,279.9
2014,09,29,3,280.7
2014,09,29,4,281.2
2014,09,29,5,281.5
2014,09,29,6,281.8
2014,09,29,7,281.3
2014,09,30,0,281.6
2014,09,30,1,281.7
2014,09,30,2,281.9
2014,09,30,3,282.1
2014,09,30,4,282.4
2014,09,30,5,282.7
2014,09,30,6,283.1
2014,09,30,7,283.7
2014,09,1,0,284.0
2014,09,1,1,284.2
2014,09,1,2,283.8
2014,09,1,3,283.6
2014,09,1,4,283.7
2014,09,1,5,283.6
2014,09,1,6,284.1
2014,09,1,7,284.7
2014,09,2,0,284.9
2014,09,2,1,284.8
2014,09,2,2,284.2
2014,09,2,3,284.1
2014,09,2,4,284.8
2014,09,2,5,285.1
2014,09,2,6,284.1
2014,09,2,7,283.7
2014,09,3,0,284.0
2014,09,3,1,284.2
2014,09,3,2,283.8
2014,09,3,3,283.8
2014,09,3,4,284.1
2014,09,3,5,283.7
2014,09,3,6,283.7
2014,09,3,7,284.2
2014,09,4,0,284.3
2014,09,4,1,284.6
2014,09,4,2,284.8
2014,09,4,3,284.8
2014,09,4,4,285.0
2014,09,4,5,284.6
2014,09,4,6,284.5
2014,09,4,7,284.8
2014,09,5,0,285.0
2014,09,5,1,285.3
2014,09,5,2,285.0
2014,09,5,3,283.9
2014,09,5,4,284.2
2014,09,5,5,284.1
2014,09,5,6,283.7
2014,09,5,7,283.3
2014,09,6,0,284.1
2014,09,6,1,284.1
2014,09,6,2,283.0
2014,09,6,3,282.5
2014,09,6,4,282.8
2014,09,6,5,282.7
2014,09,6,6,281.9
2014,09,6,7,282.2
2014,09,7,0,283.4
2014,09,7,1,283.1
2014,09,7,2,282.3
2014,09,7,3,281.8
2014,09,7,4,281.9
2014,09,7,5,281.9
2014,09,7,6,281.6
2014,09,7,7,281.5
2014,09,8,0,281.7
2014,09,8,1,281.7
2014,09,8,2,281.4
2014,09,8,3,281.0
2014,09,8,4,280.7
2014,09,8,5,280.8
2014,09,8,6,280.8
2014,09,8,7,280.5
2014,09,9,0,280.0
2014,09,9,1,279.5
2014,09,9,2,279.5
2014,09,9,3,279.8
2014,09,9,4,280.1
2014,09,9,5,281.0
2014,09,9,6,280.2
2014,09,9,7,279.6
2014,09,10,0,279.8
2014,09,10,1,279.5
2014,09,10,2,279.0
2014,09,10,3,278.6
2014,09,10,4,278.6
2014,09,10,5,278.7
2014,09,10,6,278.1
2014,09,10,7,278.0
2014,09,11,0,278.1
2014,09,11,1,278.0
2014,09,11,2,277.3
2014,09,11,3,277.5
2014,09,11,4,279.9
2014,09,11,5,279.9
2014,09,11,6,279.6
2014,09,11,7,280.5
2014,09,12,0,281.2
2014,09,12,1,281.0
2014,09,12,2,280.9
2014,09,12,3,281.3
2014,09,12,4,280.7
2014,09,12,5,280.7
2014,09,12,6,281.9
2014,09,12,7,282.3
2014,09,13,0,280.9
2014,09,13,1,281.0
2014,09,13,2,280.8
2014,09,13,3,280.5
2014,09,13,4,280.5
2014,09,13,5,282.0
2014,09,13,6,282.0
2014,09,13,7,281.9
2014,09,14,0,280.9
2014,09,14,1,279.7
2014,09,14,2,279.0
2014,09,14,3,279.2
2014,09,14,4,279.4
2014,09,14,5,279.3
2014,09,14,6,279.5
2014,09,14,7,278.1
2014,09,15,0,279.6
2014,09,15,1,280.2
2014,09,15,2,280.5
2014,09,15,3,280.9
2014,09,15,4,281.2
2014,09,15,5,281.4
2014,09,15,6,282.3
2014,09,15,7,283.0
2014,09,16,0,283.7
2014,09,16,1,283.4
2014,09,16,2,282.0
2014,09,16,3,280.9
2014,09,16,4,279.6
2014,09,16,5,279.9
2014,09,16,6,280.7
2014,09,16,7,281.2
2014,09,17,0,281.0
2014,09,17,1,281.1
2014,09,17,2,281.0
2014,09,17,3,281.2
2014,09,17,4,281.2
2014,09,17,5,281.0
2014,09,17,6,280.5
2014,09,17,7,279.9
2014,09,18,0,280.6
2014,09,18,1,281.1
2014,09,18,2,280.6
2014,09,18,3,279.1
2014,09,18,4,279.1
2014,09,18,5,278.8
2014,09,18,6,277.9
2014,09,18,7,277.4
2014,09,19,0,277.8
2014,09,19,1,277.5
2014,09,19,2,277.3
2014,09,19,3,277.6
2014,09,19,4,278.3
2014,09,19,5,278.9
2014,09,19,6,278.0
2014,09,19,7,278.5
2014,09,20,0,280.4
2014,09,20,1,279.7
2014,09,20,2,280.5
2014,09,20,3,281.6
2014,09,20,4,282.4
2014,09,20,5,282.4
2014,09,20,6,282.2
2014,09,20,7,282.1
2014,09,21,0,282.8
2014,09,21,1,283.3
2014,09,21,2,282.0
2014,09,21,3,283.0
2014,09,21,4,283.9
2014,09,21,5,284.2
2014,09,21,6,284.2
2014,09,21,7,284.8
2014,09,22,0,286.1
2014,09,22,1,287.2
2014,09,22,2,284.9
2014,09,22,3,284.4
2014,09,22,4,284.1
2014,09,22,5,284.5
2014,09,22,6,283.4
2014,09,22,7,283.8
2014,09,23,0,283.3
2014,09,23,1,282.7
2014,09,23,2,282.7
2014,09,23,3,281.8
2014,09,23,4,280.7
2014,09,23,5,281.6
2014,09,23,6,281.3
2014,09,23,7,279.9
2014,09,24,0,279.5
2014,09,24,1,279.3
2014,09,24,2,282.6
2014,09,24,3,281.1
2014,09,24,4,279.6
2014,09,24,5,281.3
2014,09,24,6,281.7
2014,09,24,7,280.8
2014,09,25,0,280.1
2014,09,25,1,281.0
2014,09,25,2,280.9
2014,09,25,3,280.8
2014,09,25,4,280.4
2014,09,25,5,280.8
2014,09,25,6,281.2
2014,09,25,7,280.9
2014,09,26,0,281.5
2014,09,26,1,281.4
2014,09,26,2,281.5
2014,09,26,3,281.4
2014,09,26,4,281.6
2014,09,26,5,282.2
2014,09,26,6,282.7
2014,09,26,7,282.5
2014,09,27,0,281.7
2014,09,27,1,281.7
2014,09,27,2,281.4
2014,09,27,3,281.3
2014,09,27,4,281.7
2014,09,27,5,282.1
2014,09,27,6,281.9
2014,09,27,7,281.0
2014,09,28,0,280.5
2014,09,28,1,280.2
2014,09,28,2,280.1
2014,09,28,3,280.6
2014,09,28,4,281.2
2014,09,28,5,280.4
2014,09,28,6,281.9
2014,09,28,7,282.1
2014,09,29,0,281.8
2014,09,29,1,280.1
2014,09,29,2,280.7
2014,09,29,3,281.9
2014,09,29,4,281.7
2014,09,29,5,279.9
2014,09,29,6,279.0
2014,09,29,7,277.7
2014,09,30,0,277.1
2014,09,30,1,275.3
2014,09,30,2,274.0
2014,09,30,3,275.8
2014,09,30,4,277.4
2014,09,30,5,276.9
2014,09,30,6,275.6
2014,09,30,7,274.6
2014,09,31,0,276.6
2014,09,31,1,275.8
2014,09,31,2,277.1
2014,09,31,3,278.7
2014,09,31,4,278.4
2014,09,31,5,277.9
2014,09,31,6,278.5
2014,09,31,7,280.3
2014,09,1,0,282.0
2014,09,1,1,282.0
2014,09,1,2,281.5
2014,09,1,3,282.9
2014,09,1,4,283.6
2014,09,1,5,282.7
2014,09,1,6,281.7
2014,09,1,7,281.3
2014,09,2,0,280.9
2014,09,2,1,280.6
2014,09,2,2,280.5
2014,09,2,3,278.0
2014,09,2,4,277.0
2014,09,2,5,278.6
2014,09,2,6,279.0
2014,09,2,7,278.6
2014,09,3,0,277.5
2014,09,3,1,276.6
2014,09,3,2,276.7
2014,09,3,3,278.2
2014,09,3,4,277.7
2014,09,3,5,278.0
2014,09,3,6,278.1
2014,09,3,7,277.0
2014,09,4,0,277.0
2014,09,4,1,277.1
2014,09,4,2,275.8
2014,09,4,3,277.7
2014,09,4,4,278.0
2014,09,4,5,279.3
2014,09,4,6,279.9
2014,09,4,7,281.4
2014,09,5,0,282.1
2014,09,5,1,282.2
2014,09,5,2,282.3
2014,09,5,3,282.1
2014,09,5,4,282.3
2014,09,5,5,282.0
2014,09,5,6,282.0
2014,09,5,7,282.5
2014,09,6,0,282.5
2014,09,6,1,282.9
2014,09,6,2,283.4
2014,09,6,3,283.2
2014,09,6,4,282.7
2014,09,6,5,282.1
2014,09,6,6,282.8
2014,09,6,7,283.9
2014,09,7,0,285.2
2014,09,7,1,286.5
2014,09,7,2,285.5
2014,09,7,3,284.6
2014,09,7,4,285.3
2014,09,7,5,285.9
2014,09,7,6,284.3
2014,09,7,7,284.6
2014,09,8,0,285.7
2014,09,8,1,286.5
2014,09,8,2,284.6
2014,09,8,3,284.9
2014,09,8,4,285.6
2014,09,8,5,285.7
2014,09,8,6,286.0
2014,09,8,7,286.4
2014,09,9,0,286.4
2014,09,9,1,285.5
2014,09,9,2,284.8
2014,09,9,3,284.3
2014,09,9,4,284.5
2014,09,9,5,284.8
2014,09,9,6,283.8
2014,09,9,7,282.9
2014,09,10,0,281.9
2014,09,10,1,283.2
2014,09,10,2,284.2
2014,09,10,3,284.5
2014,09,10,4,284.7
2014,09,10,5,284.0
2014,09,10,6,283.1
2014,09,10,7,282.5
2014,09,11,0,281.5
2014,09,11,1,280.3
2014,09,11,2,279.5
2014,09,11,3,278.8
2014,09,11,4,278.4
2014,09,11,5,278.3
2014,09,11,6,279.2
2014,09,11,7,280.1
2014,09,12,0,280.2
2014,09,12,1,279.9
2014,09,12,2,279.5
2014,09,12,3,279.8
2014,09,12,4,278.2
2014,09,12,5,278.0
2014,09,12,6,278.5
2014,09,12,7,278.7
2014,09,13,0,279.3
2014,09,13,1,279.5
2014,09,13,2,278.8
2014,09,13,3,278.3
2014,09,13,4,278.2
2014,09,13,5,278.4
2014,09,13,6,279.3
2014,09,13,7,278.4
2014,09,14,0,279.0
2014,09,14,1,279.0
2014,09,14,2,279.2
2014,09,14,3,279.7
2014,09,14,4,280.1
2014,09,14,5,280.1
2014,09,14,6,279.7
2014,09,14,7,279.9
2014,09,15,0,280.5
2014,09,15,1,280.0
2014,09,15,2,279.7
2014,09,15,3,279.3
2014,09,15,4,279.6
2014,09,15,5,279.8
2014,09,15,6,278.8
2014,09,15,7,278.5
2014,09,16,0,279.3
2014,09,16,1,279.5
2014,09,16,2,279.8
2014,09,16,3,280.0
2014,09,16,4,280.1
2014,09,16,5,280.0
2014,09,16,6,279.6
2014,09,16,7,279.7
2014,09,17,0,280.4
2014,09,17,1,280.2
2014,09,17,2,279.8
2014,09,17,3,279.4
2014,09,17,4,279.4
2014,09,17,5,279.9
2014,09,17,6,279.8
2014,09,17,7,279.5
2014,09,18,0,279.9
2014,09,18,1,280.2
2014,09,18,2,279.6
2014,09,18,3,279.2
2014,09,18,4,279.1
2014,09,18,5,279.1
2014,09,18,6,278.5
2014,09,18,7,277.5
2014,09,19,0,277.3
2014,09,19,1,277.0
2014,09,19,2,276.5
2014,09,19,3,276.2
2014,09,19,4,276.1
2014,09,19,5,276.2
2014,09,19,6,276.4
2014,09,19,7,275.6
2014,09,20,0,276.1
2014,09,20,1,276.3
2014,09,20,2,274.4
2014,09,20,3,275.2
2014,09,20,4,275.4
2014,09,20,5,274.6
2014,09,20,6,273.3
2014,09,20,7,275.2
2014,09,21,0,275.6
2014,09,21,1,276.5
2014,09,21,2,275.6
2014,09,21,3,273.4
2014,09,21,4,274.3
2014,09,21,5,274.3
2014,09,21,6,273.6
2014,09,21,7,272.8
2014,09,22,0,275.8
2014,09,22,1,275.8
2014,09,22,2,272.6
2014,09,22,3,275.1
2014,09,22,4,276.3
2014,09,22,5,275.0
2014,09,22,6,274.1
2014,09,22,7,276.6
2014,09,23,0,274.6
2014,09,23,1,274.6
2014,09,23,2,274.3
2014,09,23,3,273.8
2014,09,23,4,274.7
2014,09,23,5,275.0
2014,09,23,6,275.0
2014,09,23,7,275.3
2014,09,24,0,276.2
2014,09,24,1,281.5
2014,09,24,2,284.0
2014,09,24,3,285.2
2014,09,24,4,286.5
2014,09,24,5,286.2
2014,09,24,6,285.2
2014,09,24,7,281.8
2014,09,25,0,282.0
2014,09,25,1,282.1
2014,09,25,2,282.2
2014,09,25,3,282.3
2014,09,25,4,282.4
2014,09,25,5,282.5
2014,09,25,6,282.5
2014,09,25,7,282.1
2014,09,26,0,282.2
2014,09,26,1,282.6
2014,09,26,2,282.6
2014,09,26,3,282.4
2014,09,26,4,282.7
2014,09,26,5,283.2
2014,09,26,6,283.1
2014,09,26,7,283.1
2014,09,27,0,283.4
2014,09,27,1,283.3
2014,09,27,2,283.0
2014,09,27,3,282.9
2014,09,27,4,283.2
2014,09,27,5,283.4
2014,09,27,6,283.2
2014,09,27,7,283.1
2014,09,28,0,282.8
2014,09,28,1,282.2
2014,09,28,2,281.7
2014,09,28,3,281.6
2014,09,28,4,281.7
2014,09,28,5,281.6
2014,09,28,6,280.5
2014,09,28,7,280.5
2014,09,29,0,280.3
2014,09,29,1,279.9
2014,09,29,2,280.1
2014,09,29,3,280.1
2014,09,29,4,280.3
2014,09,29,5,280.5
2014,09,29,6,280.3
2014,09,29,7,280.3
2014,09,30,0,280.9
2014,09,30,1,280.0
2014,09,30,2,279.2
2014,09,30,3,279.8
2014,09,30,4,280.0
2014,09,30,5,280.9
2014,09,30,6,281.5
2014,09,30,7,281.2
2014,09,1,0,280.7
2014,09,1,1,279.3
2014,09,1,2,278.6
2014,09,1,3,278.0
2014,09,1,4,278.4
2014,09,1,5,278.5
2014,09,1,6,277.8
2014,09,1,7,277.2
2014,09,2,0,276.9
2014,09,2,1,276.5
2014,09,2,2,276.1
2014,09,2,3,276.3
2014,09,2,4,276.2
2014,09,2,5,274.4
2014,09,2,6,274.9
2014,09,2,7,274.5
2014,09,3,0,276.1
2014,09,3,1,275.8
2014,09,3,2,275.4
2014,09,3,3,275.6
2014,09,3,4,276.1
2014,09,3,5,275.9
2014,09,3,6,273.9
2014,09,3,7,275.6
2014,09,4,0,273.7
2014,09,4,1,274.2
2014,09,4,2,274.8
2014,09,4,3,278.0
2014,09,4,4,279.2
2014,09,4,5,278.3
2014,09,4,6,277.4
2014,09,4,7,277.9
2014,09,5,0,279.0
2014,09,5,1,278.9
2014,09,5,2,278.7
2014,09,5,3,279.7
2014,09,5,4,281.0
2014,09,5,5,281.3
2014,09,5,6,281.7
2014,09,5,7,281.9
2014,09,6,0,282.2
2014,09,6,1,282.4
2014,09,6,2,282.4
2014,09,6,3,281.3
2014,09,6,4,280.7
2014,09,6,5,278.3
2014,09,6,6,276.4
2014,09,6,7,275.2
2014,09,7,0,277.3
2014,09,7,1,276.1
2014,09,7,2,274.9
2014,09,7,3,275.0
2014,09,7,4,276.0
2014,09,7,5,274.8
2014,09,7,6,274.5
2014,09,7,7,275.0
2014,09,8,0,272.3
2014,09,8,1,273.4
2014,09,8,2,273.2
2014,09,8,3,273.4
2014,09,8,4,273.0
2014,09,8,5,274.4
2014,09,8,6,275.1
2014,09,8,7,274.1
2014,09,9,0,273.4
2014,09,9,1,273.4
2014,09,9,2,273.6
2014,09,9,3,274.3
2014,09,9,4,274.8
2014,09,9,5,275.3
2014,09,9,6,275.8
2014,09,9,7,275.4
2014,09,10,0,275.4
2014,09,10,1,275.4
2014,09,10,2,275.2
2014,09,10,3,275.1
2014,09,10,4,275.4
2014,09,10,5,275.9
2014,09,10,6,275.6
2014,09,10,7,275.6
2014,09,11,0,275.4
2014,09,11,1,275.6
2014,09,11,2,275.5
2014,09,11,3,275.1
2014,09,11,4,274.4
2014,09,11,5,276.3
2014,09,11,6,276.4
2014,09,11,7,276.4
2014,09,12,0,274.1
2014,09,12,1,274.7
2014,09,12,2,275.5
2014,09,12,3,276.1
2014,09,12,4,276.5
2014,09,12,5,276.3
2014,09,12,6,275.8
2014,09,12,7,275.6
2014,09,13,0,276.6
2014,09,13,1,276.6
2014,09,13,2,277.4
2014,09,13,3,278.7
2014,09,13,4,279.3
2014,09,13,5,279.2
2014,09,13,6,279.1
2014,09,13,7,280.3
2014,09,14,0,281.3
2014,09,14,1,281.3
2014,09,14,2,281.2
2014,09,14,3,281.5
2014,09,14,4,281.8
2014,09,14,5,281.8
2014,09,14,6,281.6
2014,09,14,7,281.1
2014,09,15,0,281.4
2014,09,15,1,281.6
2014,09,15,2,281.0
2014,09,15,3,281.2
2014,09,15,4,281.3
2014,09,15,5,281.0
2014,09,15,6,280.8
2014,09,15,7,281.4
2014,09,16,0,282.0
2014,09,16,1,280.7
2014,09,16,2,279.6
2014,09,16,3,279.3
2014,09,16,4,280.2
2014,09,16,5,281.2
2014,09,16,6,280.3
2014,09,16,7,280.1
2014,09,17,0,280.3
2014,09,17,1,279.8
2014,09,17,2,277.5
2014,09,17,3,278.4
2014,09,17,4,278.4
2014,09,17,5,279.4
2014,09,17,6,279.7
2014,09,17,7,279.9
2014,09,18,0,279.4
2014,09,18,1,278.9
2014,09,18,2,278.3
2014,09,18,3,279.5
2014,09,18,4,281.2
2014,09,18,5,280.9
2014,09,18,6,281.5
2014,09,18,7,279.8
2014,09,19,0,277.4
2014,09,19,1,277.3
2014,09,19,2,277.4
2014,09,19,3,277.7
2014,09,19,4,277.2
2014,09,19,5,277.5
2014,09,19,6,277.0
2014,09,19,7,276.6
2014,09,20,0,276.9
2014,09,20,1,279.0
2014,09,20,2,278.9
2014,09,20,3,280.4
2014,09,20,4,280.4
2014,09,20,5,279.8
2014,09,20,6,278.4
2014,09,20,7,277.2
2014,09,21,0,276.0
2014,09,21,1,276.0
2014,09,21,2,277.4
2014,09,21,3,278.8
2014,09,21,4,278.2
2014,09,21,5,277.8
2014,09,21,6,277.9
2014,09,21,7,277.9
2014,09,22,0,279.8
2014,09,22,1,278.1
2014,09,22,2,277.9
2014,09,22,3,277.9
2014,09,22,4,279.5
2014,09,22,5,280.2
2014,09,22,6,279.9
2014,09,22,7,280.0
2014,09,23,0,279.3
2014,09,23,1,279.0
2014,09,23,2,278.5
2014,09,23,3,279.4
2014,09,23,4,279.7
2014,09,23,5,279.4
2014,09,23,6,278.6
2014,09,23,7,278.2
2014,09,24,0,277.9
2014,09,24,1,276.2
2014,09,24,2,276.0
2014,09,24,3,275.7
2014,09,24,4,277.7
2014,09,24,5,279.8
2014,09,24,6,280.2
2014,09,24,7,280.5
2014,09,25,0,280.2
2014,09,25,1,278.9
2014,09,25,2,278.9
2014,09,25,3,278.0
2014,09,25,4,278.0
2014,09,25,5,278.4
2014,09,25,6,278.6
2014,09,25,7,278.1
2014,09,26,0,277.3
2014,09,26,1,277.2
2014,09,26,2,276.7
2014,09,26,3,277.7
2014,09,26,4,278.2
2014,09,26,5,277.9
2014,09,26,6,277.5
2014,09,26,7,277.3
2014,09,27,0,277.2
2014,09,27,1,277.6
2014,09,27,2,277.3
2014,09,27,3,277.1
2014,09,27,4,276.5
2014,09,27,5,276.7
2014,09,27,6,276.9
2014,09,27,7,276.7
2014,09,28,0,276.8
2014,09,28,1,277.0
2014,09,28,2,277.1
2014,09,28,3,277.0
2014,09,28,4,277.1
2014,09,28,5,277.6
2014,09,28,6,276.9
2014,09,28,7,276.6
2014,09,29,0,276.9
2014,09,29,1,276.9
2014,09,29,2,276.5
2014,09,29,3,276.2
2014,09,29,4,275.4
2014,09,29,5,275.8
2014,09,29,6,275.9
2014,09,29,7,275.8
2014,09,30,0,275.2
2014,09,30,1,275.3
2014,09,30,2,275.3
2014,09,30,3,274.6
2014,09,30,4,273.9
2014,09,30,5,274.3
2014,09,30,6,275.6
2014,09,30,7,276.2
2014,09,31,0,276.4
2014,09,31,1,276.2
2014,09,31,2,275.8
2014,09,31,3,275.4
2014,09,31,4,276.0
2014,09,31,5,276.2
2014,09,31,6,275.5
2014,09,31,7,274.8
2014,09,1,0,277.2
2014,09,1,1,276.9
2014,09,1,2,275.1
2014,09,1,3,274.1
2014,09,1,4,274.8
2014,09,1,5,273.8
2014,09,1,6,275.3
2014,09,1,7,275.6
2014,09,2,0,275.1
2014,09,2,1,275.7
2014,09,2,2,277.8
2014,09,2,3,276.5
2014,09,2,4,276.9
2014,09,2,5,276.7
2014,09,2,6,275.5
2014,09,2,7,273.5
2014,09,3,0,275.2
2014,09,3,1,275.6
2014,09,3,2,275.8
2014,09,3,3,276.5
2014,09,3,4,275.5
2014,09,3,5,275.9
2014,09,3,6,276.4
2014,09,3,7,276.1
2014,09,4,0,276.6
2014,09,4,1,279.4
2014,09,4,2,278.9
2014,09,4,3,279.0
2014,09,4,4,279.5
2014,09,4,5,279.5
2014,09,4,6,279.5
2014,09,4,7,279.2
2014,09,5,0,279.2
2014,09,5,1,277.4
2014,09,5,2,276.0
2014,09,5,3,276.0
2014,09,5,4,276.7
2014,09,5,5,279.5
2014,09,5,6,276.7
2014,09,5,7,278.4
2014,09,6,0,278.7
2014,09,6,1,279.2
2014,09,6,2,279.8
2014,09,6,3,279.4
2014,09,6,4,279.3
2014,09,6,5,278.6
2014,09,6,6,278.1
2014,09,6,7,279.4
2014,09,7,0,280.1
2014,09,7,1,280.2
2014,09,7,2,280.8
2014,09,7,3,281.4
2014,09,7,4,282.5
2014,09,7,5,282.4
2014,09,7,6,282.3
2014,09,7,7,282.4
2014,09,8,0,282.9
2014,09,8,1,282.7
2014,09,8,2,282.1
2014,09,8,3,282.3
2014,09,8,4,283.7
2014,09,8,5,284.0
2014,09,8,6,283.0
2014,09,8,7,282.6
2014,09,9,0,283.0
2014,09,9,1,282.8
2014,09,9,2,281.6
2014,09,9,3,281.0
2014,09,9,4,281.1
2014,09,9,5,281.1
2014,09,9,6,281.5
2014,09,9,7,281.4
2014,09,10,0,281.7
2014,09,10,1,282.0
2014,09,10,2,282.7
2014,09,10,3,283.4
2014,09,10,4,284.3
2014,09,10,5,285.1
2014,09,10,6,284.5
2014,09,10,7,284.3
2014,09,11,0,284.9
2014,09,11,1,283.8
2014,09,11,2,283.0
2014,09,11,3,283.1
2014,09,11,4,283.7
2014,09,11,5,284.2
2014,09,11,6,283.4
2014,09,11,7,283.0
2014,09,12,0,283.6
2014,09,12,1,284.3
2014,09,12,2,283.7
2014,09,12,3,282.9
2014,09,12,4,282.5
2014,09,12,5,281.9
2014,09,12,6,281.7
2014,09,12,7,281.9
2014,09,13,0,281.9
2014,09,13,1,281.9
2014,09,13,2,281.8
2014,09,13,3,282.1
2014,09,13,4,281.8
2014,09,13,5,281.8
2014,09,13,6,280.7
2014,09,13,7,277.1
2014,09,14,0,276.4
2014,09,14,1,277.5
2014,09,14,2,278.3
2014,09,14,3,279.6
2014,09,14,4,279.5
2014,09,14,5,279.5
2014,09,14,6,279.3
2014,09,14,7,278.3
2014,09,15,0,277.6
2014,09,15,1,277.5
2014,09,15,2,277.1
2014,09,15,3,277.5
2014,09,15,4,277.1
2014,09,15,5,276.4
2014,09,15,6,276.3
2014,09,15,7,276.5
2014,09,16,0,276.5
2014,09,16,1,276.3
2014,09,16,2,273.1
2014,09,16,3,272.8
2014,09,16,4,273.4
2014,09,16,5,273.5
2014,09,16,6,273.1
2014,09,16,7,273.0
2014,09,17,0,274.9
2014,09,17,1,273.9
2014,09,17,2,272.8
2014,09,17,3,272.9
2014,09,17,4,273.6
2014,09,17,5,275.7
2014,09,17,6,276.7
2014,09,17,7,275.1
2014,09,18,0,277.0
2014,09,18,1,276.2
2014,09,18,2,275.5
2014,09,18,3,274.8
2014,09,18,4,274.1
2014,09,18,5,275.9
2014,09,18,6,276.2
2014,09,18,7,275.5
2014,09,19,0,276.0
2014,09,19,1,275.9
2014,09,19,2,275.7
2014,09,19,3,275.4
2014,09,19,4,275.8
2014,09,19,5,276.1
2014,09,19,6,276.6
2014,09,19,7,275.9
2014,09,20,0,277.5
2014,09,20,1,277.5
2014,09,20,2,278.3
2014,09,20,3,279.6
2014,09,20,4,282.0
2014,09,20,5,282.1
2014,09,20,6,281.5
2014,09,20,7,282.9
2014,09,21,0,283.6
2014,09,21,1,283.4
2014,09,21,2,282.6
2014,09,21,3,281.5
2014,09,21,4,282.1
2014,09,21,5,282.5
2014,09,21,6,282.2
2014,09,21,7,282.1
2014,09,22,0,282.6
2014,09,22,1,281.5
2014,09,22,2,281.2
2014,09,22,3,281.0
2014,09,22,4,280.9
2014,09,22,5,281.3
2014,09,22,6,281.4
2014,09,22,7,281.5
2014,09,23,0,282.0
2014,09,23,1,281.4
2014,09,23,2,281.1
2014,09,23,3,281.7
2014,09,23,4,282.2
2014,09,23,5,282.3
2014,09,23,6,282.7
2014,09,23,7,283.0
2014,09,24,0,283.0
2014,09,24,1,281.8
2014,09,24,2,282.1
2014,09,24,3,282.2
2014,09,24,4,282.1
2014,09,24,5,282.2
2014,09,24,6,282.4
2014,09,24,7,282.4
2014,09,25,0,282.5
2014,09,25,1,282.2
2014,09,25,2,281.3
2014,09,25,3,280.8
2014,09,25,4,281.7
2014,09,25,5,282.4
2014,09,25,6,282.4
2014,09,25,7,282.1
2014,09,26,0,281.5
2014,09,26,1,280.7
2014,09,26,2,279.9
2014,09,26,3,279.5
2014,09,26,4,279.5
2014,09,26,5,279.4
2014,09,26,6,278.9
2014,09,26,7,279.9
2014,09,27,0,280.9
2014,09,27,1,280.7
2014,09,27,2,281.0
2014,09,27,3,281.6
2014,09,27,4,281.5
2014,09,27,5,281.4
2014,09,27,6,280.9
2014,09,27,7,281.5
2014,09,28,0,281.1
2014,09,28,1,281.0
2014,09,28,2,281.3
2014,09,28,3,281.2
2014,09,28,4,281.2
2014,09,28,5,280.7
2014,09,28,6,279.8
2014,09,28,7,280.2
2014,09,29,0,280.3
2014,09,29,1,280.5
2014,09,29,2,280.3
2014,09,29,3,280.0
2014,09,29,4,280.2
2014,09,29,5,280.2
2014,09,29,6,278.9
2014,09,29,7,279.5
2014,09,30,0,279.8
2014,09,30,1,279.7
2014,09,30,2,279.6
2014,09,30,3,279.3
2014,09,30,4,279.4
2014,09,30,5,282.4
2014,09,30,6,282.6
2014,09,30,7,282.1
2014,09,31,0,280.8
2014,09,31,1,281.3
2014,09,31,2,281.3
2014,09,31,3,281.5
2014,09,31,4,282.0
2014,09,31,5,282.2
2014,09,31,6,281.8
2014,09,31,7,281.4
2014,09,1,0,280.5
2014,09,1,1,280.4
2014,09,1,2,280.5
2014,09,1,3,280.3
2014,09,1,4,280.4
2014,09,1,5,280.1
2014,09,1,6,281.1
2014,09,1,7,280.9
2014,09,2,0,280.9
2014,09,2,1,280.9
2014,09,2,2,280.4
2014,09,2,3,280.0
2014,09,2,4,280.4
2014,09,2,5,282.0
2014,09,2,6,280.5
2014,09,2,7,280.6
2014,09,3,0,282.2
2014,09,3,1,283.4
2014,09,3,2,281.1
2014,09,3,3,280.8
2014,09,3,4,280.7
2014,09,3,5,281.6
2014,09,3,6,280.7
2014,09,3,7,280.8
2014,09,4,0,280.5
2014,09,4,1,280.6
2014,09,4,2,281.6
2014,09,4,3,282.4
2014,09,4,4,282.0
2014,09,4,5,282.0
2014,09,4,6,281.5
2014,09,4,7,281.6
2014,09,5,0,281.4
2014,09,5,1,281.6
2014,09,5,2,281.1
2014,09,5,3,280.5
2014,09,5,4,281.0
2014,09,5,5,280.8
2014,09,5,6,280.7
2014,09,5,7,280.9
2014,09,6,0,280.4
2014,09,6,1,280.3
2014,09,6,2,280.8
2014,09,6,3,280.5
2014,09,6,4,280.8
2014,09,6,5,280.7
2014,09,6,6,281.0
2014,09,6,7,282.2
2014,09,7,0,282.1
2014,09,7,1,281.7
2014,09,7,2,281.7
2014,09,7,3,282.0
2014,09,7,4,282.3
2014,09,7,5,282.3
2014,09,7,6,282.2
2014,09,7,7,282.8
2014,09,8,0,283.0
2014,09,8,1,282.5
2014,09,8,2,281.7
2014,09,8,3,281.2
2014,09,8,4,281.6
2014,09,8,5,281.8
2014,09,8,6,281.2
2014,09,8,7,282.0
2014,09,9,0,283.0
2014,09,9,1,281.9
2014,09,9,2,281.3
2014,09,9,3,281.1
2014,09,9,4,281.2
2014,09,9,5,281.3
2014,09,9,6,280.6
2014,09,9,7,281.5
2014,09,10,0,281.7
2014,09,10,1,281.5
2014,09,10,2,281.4
2014,09,10,3,281.0
2014,09,10,4,280.9
2014,09,10,5,280.8
2014,09,10,6,280.3
2014,09,10,7,280.3
2014,09,11,0,281.5
2014,09,11,1,281.4
2014,09,11,2,281.1
2014,09,11,3,280.8
2014,09,11,4,280.8
2014,09,11,5,281.1
2014,09,11,6,281.3
2014,09,11,7,280.4
2014,09,12,0,280.9
2014,09,12,1,280.8
2014,09,12,2,281.5
2014,09,12,3,281.9
2014,09,12,4,282.3
2014,09,12,5,281.8
2014,09,12,6,281.5
2014,09,12,7,281.7
2014,09,13,0,282.6
2014,09,13,1,283.1
2014,09,13,2,283.1
2014,09,13,3,283.0
2014,09,13,4,283.4
2014,09,13,5,283.3
2014,09,13,6,282.6
2014,09,13,7,282.5
2014,09,14,0,282.8
2014,09,14,1,282.5
2014,09,14,2,282.3
2014,09,14,3,282.5
2014,09,14,4,282.6
2014,09,14,5,282.8
2014,09,14,6,282.6
2014,09,14,7,283.3
2014,09,15,0,283.9
2014,09,15,1,283.4
2014,09,15,2,283.3
2014,09,15,3,283.1
2014,09,15,4,283.7
2014,09,15,5,282.7
2014,09,15,6,283.1
2014,09,15,7,283.4
2014,09,16,0,283.1
2014,09,16,1,281.9
2014,09,16,2,282.1
2014,09,16,3,282.2
2014,09,16,4,282.6
2014,09,16,5,281.4
2014,09,16,6,281.2
2014,09,16,7,281.1
2014,09,17,0,281.2
2014,09,17,1,280.9
2014,09,17,2,280.7
2014,09,17,3,280.5
2014,09,17,4,280.8
2014,09,17,5,281.1
2014,09,17,6,280.0
2014,09,17,7,280.1
2014,09,18,0,280.9
2014,09,18,1,281.2
2014,09,18,2,280.8
2014,09,18,3,280.4
2014,09,18,4,280.0
2014,09,18,5,280.1
2014,09,18,6,278.6
2014,09,18,7,279.0
2014,09,19,0,283.0
2014,09,19,1,282.0
2014,09,19,2,283.5
2014,09,19,3,284.3
2014,09,19,4,284.0
2014,09,19,5,283.6
2014,09,19,6,283.5
2014,09,19,7,283.8
2014,09,20,0,284.8
2014,09,20,1,285.5
2014,09,20,2,283.0
2014,09,20,3,282.2
2014,09,20,4,281.8
2014,09,20,5,281.9
2014,09,20,6,281.4
2014,09,20,7,281.8
2014,09,21,0,281.9
2014,09,21,1,281.4
2014,09,21,2,281.2
2014,09,21,3,281.5
2014,09,21,4,282.3
2014,09,21,5,282.2
2014,09,21,6,282.3
2014,09,21,7,281.9
2014,09,22,0,281.1
2014,09,22,1,280.6
2014,09,22,2,280.1
2014,09,22,3,280.0
2014,09,22,4,280.4
2014,09,22,5,280.4
2014,09,22,6,282.3
2014,09,22,7,282.7
2014,09,23,0,281.6
2014,09,23,1,281.6
2014,09,23,2,281.7
2014,09,23,3,281.9
2014,09,23,4,282.6
2014,09,23,5,282.5
2014,09,23,6,282.0
2014,09,23,7,282.7
2014,09,24,0,283.2
2014,09,24,1,282.5
2014,09,24,2,282.3
2014,09,24,3,282.9
2014,09,24,4,283.5
2014,09,24,5,283.4
2014,09,24,6,283.6
2014,09,24,7,283.9
2014,09,25,0,283.7
2014,09,25,1,283.0
2014,09,25,2,282.4
2014,09,25,3,282.3
2014,09,25,4,282.7
2014,09,25,5,283.2
2014,09,25,6,283.0
2014,09,25,7,283.1
2014,09,26,0,283.1
2014,09,26,1,282.2
2014,09,26,2,281.6
2014,09,26,3,281.8
2014,09,26,4,281.4
2014,09,26,5,281.5
2014,09,26,6,281.9
2014,09,26,7,282.4
2014,09,27,0,282.0
2014,09,27,1,281.3
2014,09,27,2,281.6
2014,09,27,3,282.4
2014,09,27,4,282.3
2014,09,27,5,282.1
2014,09,27,6,281.4
2014,09,27,7,280.1
2014,09,28,0,280.9
2014,09,28,1,281.6
2014,09,28,2,281.9
2014,09,28,3,282.2
2014,09,28,4,282.0
2014,09,28,5,281.6
2014,09,28,6,281.4
2014,09,28,7,281.1
2014,09,29,0,282.5
2014,09,29,1,282.6
2014,09,29,2,282.3
2014,09,29,3,282.9
2014,09,29,4,283.9
2014,09,29,5,284.5
2014,09,29,6,282.9
2014,09,29,7,283.0
2014,09,30,0,284.4
2014,09,30,1,284.1
2014,09,30,2,283.6
2014,09,30,3,283.3
2014,09,30,4,283.3
2014,09,30,5,283.2
2014,09,30,6,283.1
2014,09,30,7,283.4
2014,09,1,0,283.2
2014,09,1,1,283.0
2014,09,1,2,282.6
2014,09,1,3,282.6
2014,09,1,4,283.3
2014,09,1,5,283.3
2014,09,1,6,283.0
2014,09,1,7,282.8
2014,09,2,0,283.1
2014,09,2,1,282.6
2014,09,2,2,281.4
2014,09,2,3,280.7
2014,09,2,4,281.7
2014,09,2,5,282.6
2014,09,2,6,283.4
2014,09,2,7,282.6
2014,09,3,0,282.0
2014,09,3,1,281.6
2014,09,3,2,281.8
2014,09,3,3,282.0
2014,09,3,4,281.6
2014,09,3,5,281.3
2014,09,3,6,281.2
2014,09,3,7,281.7
2014,09,4,0,281.5
2014,09,4,1,280.9
2014,09,4,2,280.6
2014,09,4,3,279.9
2014,09,4,4,279.3
2014,09,4,5,279.3
2014,09,4,6,279.8
2014,09,4,7,279.9
2014,09,5,0,279.7
2014,09,5,1,280.3
2014,09,5,2,279.8
2014,09,5,3,279.3
2014,09,5,4,280.1
2014,09,5,5,280.7
2014,09,5,6,279.9
2014,09,5,7,278.5
2014,09,6,0,277.8
2014,09,6,1,277.9
2014,09,6,2,278.3
2014,09,6,3,278.1
2014,09,6,4,279.0
2014,09,6,5,278.5
2014,09,6,6,278.0
2014,09,6,7,279.0
2014,09,7,0,279.9
2014,09,7,1,279.5
2014,09,7,2,279.6
2014,09,7,3,279.3
2014,09,7,4,279.5
2014,09,7,5,279.4
2014,09,7,6,278.8
2014,09,7,7,278.8
2014,09,8,0,280.0
2014,09,8,1,279.3
2014,09,8,2,276.7
2014,09,8,3,276.1
2014,09,8,4,277.1
2014,09,8,5,277.3
2014,09,8,6,275.6
2014,09,8,7,275.4
2014,09,9,0,278.6
2014,09,9,1,276.7
2014,09,9,2,276.0
2014,09,9,3,277.2
2014,09,9,4,278.8
2014,09,9,5,278.8
2014,09,9,6,279.7
2014,09,9,7,280.5
2014,09,10,0,282.4
2014,09,10,1,280.7
2014,09,10,2,279.0
2014,09,10,3,279.4
2014,09,10,4,279.7
2014,09,10,5,279.5
2014,09,10,6,279.1
2014,09,10,7,278.5
2014,09,11,0,279.3
2014,09,11,1,279.9
2014,09,11,2,279.9
2014,09,11,3,280.1
2014,09,11,4,280.5
2014,09,11,5,280.8
2014,09,11,6,280.5
2014,09,11,7,281.0
2014,09,12,0,281.4
2014,09,12,1,281.4
2014,09,12,2,280.9
2014,09,12,3,280.9
2014,09,12,4,281.2
2014,09,12,5,280.5
2014,09,12,6,280.5
2014,09,12,7,281.2
2014,09,13,0,282.7
2014,09,13,1,282.3
2014,09,13,2,282.2
2014,09,13,3,282.1
2014,09,13,4,282.0
2014,09,13,5,281.9
2014,09,13,6,282.3
2014,09,13,7,282.9
2014,09,14,0,282.9
2014,09,14,1,282.9
2014,09,14,2,283.2
2014,09,14,3,282.7
2014,09,14,4,282.3
2014,09,14,5,281.6
2014,09,14,6,281.0
2014,09,14,7,281.5
2014,09,15,0,281.9
2014,09,15,1,281.9
2014,09,15,2,281.5
2014,09,15,3,281.0
2014,09,15,4,281.1
2014,09,15,5,280.7
2014,09,15,6,280.8
2014,09,15,7,281.0
2014,09,16,0,281.3
2014,09,16,1,281.0
2014,09,16,2,282.1
2014,09,16,3,282.0
2014,09,16,4,282.4
2014,09,16,5,281.6
2014,09,16,6,280.0
2014,09,16,7,280.4
2014,09,17,0,283.8
2014,09,17,1,282.9
2014,09,17,2,282.6
2014,09,17,3,282.8
2014,09,17,4,283.0
2014,09,17,5,283.0
2014,09,17,6,283.2
2014,09,17,7,282.4
2014,09,18,0,283.5
2014,09,18,1,283.3
2014,09,18,2,282.9
2014,09,18,3,282.9
2014,09,18,4,283.0
2014,09,18,5,282.8
2014,09,18,6,281.3
2014,09,18,7,281.9
2014,09,19,0,282.5
2014,09,19,1,283.1
2014,09,19,2,282.5
2014,09,19,3,282.4
2014,09,19,4,283.1
2014,09,19,5,283.4
2014,09,19,6,282.8
2014,09,19,7,283.5
2014,09,20,0,283.2
2014,09,20,1,283.1
2014,09,20,2,282.6
2014,09,20,3,282.6
2014,09,20,4,283.2
2014,09,20,5,282.9
2014,09,20,6,282.7
2014,09,20,7,282.5
2014,09,21,0,282.6
2014,09,21,1,281.6
2014,09,21,2,281.9
2014,09,21,3,281.8
2014,09,21,4,281.0
2014,09,21,5,281.3
2014,09,21,6,279.8
2014,09,21,7,280.0
2014,09,22,0,280.9
2014,09,22,1,279.1
2014,09,22,2,279.2
2014,09,22,3,279.8
2014,09,22,4,279.9
2014,09,22,5,280.0
2014,09,22,6,280.4
2014,09,22,7,279.6
2014,09,23,0,279.8
2014,09,23,1,279.0
2014,09,23,2,278.9
2014,09,23,3,279.1
2014,09,23,4,278.2
2014,09,23,5,278.4
2014,09,23,6,278.2
2014,09,23,7,278.9
2014,09,24,0,279.0
2014,09,24,1,279.5
2014,09,24,2,279.0
2014,09,24,3,277.8
2014,09,24,4,279.5
2014,09,24,5,281.7
2014,09,24,6,277.3
2014,09,24,7,280.1
2014,09,25,0,280.0
2014,09,25,1,281.9
2014,09,25,2,280.5
2014,09,25,3,281.0
2014,09,25,4,280.3
2014,09,25,5,281.3
2014,09,25,6,280.0
2014,09,25,7,280.2
2014,09,26,0,280.5
2014,09,26,1,280.4
2014,09,26,2,280.1
2014,09,26,3,280.0
2014,09,26,4,279.7
2014,09,26,5,278.5
2014,09,26,6,279.8
2014,09,26,7,279.2
2014,09,27,0,278.6
2014,09,27,1,279.2
2014,09,27,2,279.2
2014,09,27,3,279.1
2014,09,27,4,279.1
2014,09,27,5,278.9
2014,09,27,6,279.0
2014,09,27,7,279.0
2014,09,28,0,277.9
2014,09,28,1,277.0
2014,09,28,2,277.4
2014,09,28,3,278.6
2014,09,28,4,278.7
2014,09,28,5,278.7
2014,09,28,6,277.9
2014,09,28,7,277.7
2014,09,29,0,278.3
2014,09,29,1,278.0
2014,09,29,2,278.1
2014,09,29,3,278.0
2014,09,29,4,278.3
2014,09,29,5,278.5
2014,09,29,6,278.6
2014,09,29,7,280.2
2014,09,30,0,280.4
2014,09,30,1,279.9
2014,09,30,2,280.1
2014,09,30,3,280.3
2014,09,30,4,279.5
2014,09,30,5,279.8
2014,09,30,6,279.4
2014,09,30,7,280.0
2014,09,31,0,281.1
2014,09,31,1,280.8
2014,09,31,2,279.2
2014,09,31,3,279.5
2014,09,31,4,280.5
2014,09,31,5,279.9
2014,09,31,6,280.4
2014,09,31,7,280.8
2014,09,1,0,280.8
2014,09,1,1,280.7
2014,09,1,2,280.8
2014,09,1,3,280.6
2014,09,1,4,280.7
2014,09,1,5,280.9
2014,09,1,6,281.0
2014,09,1,7,281.7
2014,09,2,0,282.6
2014,09,2,1,282.5
2014,09,2,2,281.8
2014,09,2,3,282.0
2014,09,2,4,282.4
2014,09,2,5,282.2
2014,09,2,6,282.1
2014,09,2,7,281.6
2014,09,3,0,283.5
2014,09,3,1,282.0
2014,09,3,2,282.4
2014,09,3,3,283.3
2014,09,3,4,283.4
2014,09,3,5,283.3
2014,09,3,6,285.3
2014,09,3,7,284.9
2014,09,4,0,284.8
2014,09,4,1,284.4
2014,09,4,2,284.2
2014,09,4,3,284.6
2014,09,4,4,283.3
2014,09,4,5,283.9
2014,09,4,6,284.4
2014,09,4,7,284.5
2014,09,5,0,285.3
2014,09,5,1,284.7
2014,09,5,2,283.6
2014,09,5,3,283.5
2014,09,5,4,283.3
2014,09,5,5,282.8
2014,09,5,6,283.3
2014,09,5,7,282.3
2014,09,6,0,284.3
2014,09,6,1,284.0
2014,09,6,2,281.3
2014,09,6,3,283.1
2014,09,6,4,282.0
2014,09,6,5,282.1
2014,09,6,6,280.8
2014,09,6,7,281.2
2014,09,7,0,282.9
2014,09,7,1,281.6
2014,09,7,2,281.0
2014,09,7,3,280.8
2014,09,7,4,281.2
2014,09,7,5,281.8
2014,09,7,6,281.0
2014,09,7,7,281.1
2014,09,8,0,282.4
2014,09,8,1,282.9
2014,09,8,2,282.1
2014,09,8,3,282.2
2014,09,8,4,281.7
2014,09,8,5,282.5
2014,09,8,6,282.4
2014,09,8,7,282.1
2014,09,9,0,282.5
2014,09,9,1,282.7
2014,09,9,2,282.5
2014,09,9,3,282.4
2014,09,9,4,281.8
2014,09,9,5,281.5
2014,09,9,6,281.9
2014,09,9,7,281.9
2014,09,10,0,281.9
2014,09,10,1,281.4
2014,09,10,2,282.9
2014,09,10,3,282.2
2014,09,10,4,281.6
2014,09,10,5,280.7
2014,09,10,6,280.6
2014,09,10,7,280.6
2014,09,11,0,280.0
2014,09,11,1,280.6
2014,09,11,2,281.0
2014,09,11,3,281.0
2014,09,11,4,279.4
2014,09,11,5,280.7
2014,09,11,6,279.1
2014,09,11,7,279.5
2014,09,12,0,279.4
2014,09,12,1,280.9
2014,09,12,2,280.6
2014,09,12,3,280.5
2014,09,12,4,280.5
2014,09,12,5,280.4
2014,09,12,6,280.6
2014,09,12,7,280.7
2014,09,13,0,281.0
2014,09,13,1,280.7
2014,09,13,2,280.8
2014,09,13,3,280.7
2014,09,13,4,280.4
2014,09,13,5,280.9
2014,09,13,6,281.0
2014,09,13,7,281.0
2014,09,14,0,281.2
2014,09,14,1,281.1
2014,09,14,2,281.2
2014,09,14,3,280.5
2014,09,14,4,281.3
2014,09,14,5,281.7
2014,09,14,6,280.9
2014,09,14,7,280.9
2014,09,15,0,280.6
2014,09,15,1,281.6
2014,09,15,2,280.6
2014,09,15,3,280.6
2014,09,15,4,279.9
2014,09,15,5,280.6
2014,09,15,6,280.6
2014,09,15,7,279.3
2014,09,16,0,279.9
2014,09,16,1,279.8
2014,09,16,2,279.3
2014,09,16,3,279.2
2014,09,16,4,278.8
2014,09,16,5,279.2
2014,09,16,6,279.7
2014,09,16,7,278.7
2014,09,17,0,279.4
2014,09,17,1,279.3
2014,09,17,2,280.2
2014,09,17,3,280.4
2014,09,17,4,280.5
2014,09,17,5,281.0
2014,09,17,6,280.8
2014,09,17,7,281.1
2014,09,18,0,281.2
2014,09,18,1,278.9
2014,09,18,2,279.8
2014,09,18,3,280.4
2014,09,18,4,280.0
2014,09,18,5,280.1
2014,09,18,6,279.6
2014,09,18,7,279.7
2014,09,19,0,280.7
2014,09,19,1,279.8
2014,09,19,2,280.4
2014,09,19,3,280.9
2014,09,19,4,280.7
2014,09,19,5,281.1
2014,09,19,6,281.7
2014,09,19,7,281.7
2014,09,20,0,284.9
2014,09,20,1,283.7
2014,09,20,2,281.3
2014,09,20,3,280.4
2014,09,20,4,282.5
2014,09,20,5,283.0
2014,09,20,6,280.4
2014,09,20,7,278.7
2014,09,21,0,281.4
2014,09,21,1,281.7
2014,09,21,2,279.7
2014,09,21,3,282.0
2014,09,21,4,284.1
2014,09,21,5,284.3
2014,09,21,6,282.6
2014,09,21,7,280.8
2014,09,22,0,283.3
2014,09,22,1,283.1
2014,09,22,2,282.9
2014,09,22,3,283.6
2014,09,22,4,284.2
2014,09,22,5,283.8
2014,09,22,6,282.1
2014,09,22,7,281.3
2014,09,23,0,282.1
2014,09,23,1,282.0
2014,09,23,2,281.4
2014,09,23,3,280.8
2014,09,23,4,280.7
2014,09,23,5,281.9
2014,09,23,6,281.3
2014,09,23,7,280.9
2014,09,24,0,281.9
2014,09,24,1,281.4
2014,09,24,2,280.8
2014,09,24,3,280.7
2014,09,24,4,281.1
2014,09,24,5,281.4
2014,09,24,6,280.8
2014,09,24,7,281.6
2014,09,25,0,281.7
2014,09,25,1,282.0
2014,09,25,2,281.6
2014,09,25,3,281.0
2014,09,25,4,280.9
2014,09,25,5,281.5
2014,09,25,6,281.9
2014,09,25,7,281.4
2014,09,26,0,281.4
2014,09,26,1,282.0
2014,09,26,2,281.6
2014,09,26,3,281.3
2014,09,26,4,281.7
2014,09,26,5,282.0
2014,09,26,6,281.7
2014,09,26,7,281.6
2014,09,27,0,282.2
2014,09,27,1,282.8
2014,09,27,2,283.0
2014,09,27,3,282.8
2014,09,27,4,282.4
2014,09,27,5,282.4
2014,09,27,6,282.2
2014,09,27,7,282.4
2014,09,28,0,282.8
2014,09,28,1,282.9
2014,09,28,2,282.7
2014,09,28,3,282.2
2014,09,28,4,282.1
2014,09,28,5,281.8
2014,09,28,6,281.6
2014,09,28,7,280.8
2014,09,29,0,281.4
2014,09,29,1,281.5
2014,09,29,2,281.5
2014,09,29,3,281.6
2014,09,29,4,281.7
2014,09,29,5,281.8
2014,09,29,6,281.2
2014,09,29,7,281.1
2014,09,30,0,281.7
2014,09,30,1,281.8
2014,09,30,2,281.5
2014,09,30,3,280.7
2014,09,30,4,280.7
2014,09,30,5,280.8
2014,09,30,6,280.7
2014,09,30,7,281.1
2014,09,1,0,280.5
2014,09,1,1,280.7
2014,09,1,2,279.7
2014,09,1,3,278.8
2014,09,1,4,279.7
2014,09,1,5,279.9
2014,09,1,6,279.3
2014,09,1,7,278.9
2014,09,2,0,279.3
2014,09,2,1,278.1
2014,09,2,2,276.6
2014,09,2,3,276.1
2014,09,2,4,278.0
2014,09,2,5,278.6
2014,09,2,6,278.7
2014,09,2,7,278.8
2014,09,3,0,279.7
2014,09,3,1,280.1
2014,09,3,2,279.7
2014,09,3,3,279.5
2014,09,3,4,280.2
2014,09,3,5,280.7
2014,09,3,6,280.9
2014,09,3,7,280.2
2014,09,4,0,280.9
2014,09,4,1,281.0
2014,09,4,2,280.9
2014,09,4,3,280.8
2014,09,4,4,281.4
2014,09,4,5,281.5
2014,09,4,6,280.6
2014,09,4,7,280.9
2014,09,5,0,280.7
2014,09,5,1,280.2
2014,09,5,2,280.2
2014,09,5,3,279.8
2014,09,5,4,280.2
2014,09,5,5,279.7
2014,09,5,6,279.9
2014,09,5,7,280.1
2014,09,6,0,280.2
2014,09,6,1,279.9
2014,09,6,2,278.8
2014,09,6,3,279.1
2014,09,6,4,279.2
2014,09,6,5,279.2
2014,09,6,6,279.1
2014,09,6,7,278.9
2014,09,7,0,279.9
2014,09,7,1,279.3
2014,09,7,2,280.1
2014,09,7,3,281.2
2014,09,7,4,282.4
2014,09,7,5,282.0
2014,09,7,6,280.7
2014,09,7,7,280.1
2014,09,8,0,281.0
2014,09,8,1,280.9
2014,09,8,2,281.4
2014,09,8,3,281.2
2014,09,8,4,281.7
2014,09,8,5,282.0
2014,09,8,6,282.3
2014,09,8,7,282.2
2014,09,9,0,282.1
2014,09,9,1,281.1
2014,09,9,2,280.4
2014,09,9,3,280.2
2014,09,9,4,282.3
2014,09,9,5,282.5
2014,09,9,6,282.4
2014,09,9,7,281.2
2014,09,10,0,281.7
2014,09,10,1,282.8
2014,09,10,2,282.8
2014,09,10,3,283.2
2014,09,10,4,284.8
2014,09,10,5,286.2
2014,09,10,6,286.4
2014,09,10,7,286.6
2014,09,11,0,286.6
2014,09,11,1,284.9
2014,09,11,2,284.4
2014,09,11,3,284.3
2014,09,11,4,283.9
2014,09,11,5,283.4
2014,09,11,6,282.8
2014,09,11,7,283.7
2014,09,12,0,285.5
2014,09,12,1,282.3
2014,09,12,2,281.6
2014,09,12,3,283.3
2014,09,12,4,282.8
2014,09,12,5,281.5
2014,09,12,6,280.6
2014,09,12,7,280.3
2014,09,13,0,282.0
2014,09,13,1,282.1
2014,09,13,2,281.2
2014,09,13,3,280.8
2014,09,13,4,281.4
2014,09,13,5,281.6
2014,09,13,6,280.5
2014,09,13,7,280.7
2014,09,14,0,281.7
2014,09,14,1,281.3
2014,09,14,2,280.9
2014,09,14,3,280.1
2014,09,14,4,280.6
2014,09,14,5,281.4
2014,09,14,6,281.9
2014,09,14,7,282.4
2014,09,15,0,283.3
2014,09,15,1,281.4
2014,09,15,2,281.8
2014,09,15,3,281.7
2014,09,15,4,281.7
2014,09,15,5,281.7
2014,09,15,6,282.1
2014,09,15,7,281.8
2014,09,16,0,281.3
2014,09,16,1,280.5
2014,09,16,2,280.2
2014,09,16,3,280.8
2014,09,16,4,280.7
2014,09,16,5,280.7
2014,09,16,6,279.5
2014,09,16,7,279.3
2014,09,17,0,280.2
2014,09,17,1,280.3
2014,09,17,2,280.5
2014,09,17,3,281.2
2014,09,17,4,281.5
2014,09,17,5,282.7
2014,09,17,6,283.7
2014,09,17,7,283.7
2014,09,18,0,283.3
2014,09,18,1,283.0
2014,09,18,2,282.9
2014,09,18,3,283.8
2014,09,18,4,283.3
2014,09,18,5,282.3
2014,09,18,6,282.2
2014,09,18,7,282.6
2014,09,19,0,283.6
2014,09,19,1,284.4
2014,09,19,2,284.1
2014,09,19,3,283.7
2014,09,19,4,282.7
2014,09,19,5,283.2
2014,09,19,6,283.1
2014,09,19,7,283.1
2014,09,20,0,283.9
2014,09,20,1,283.7
2014,09,20,2,282.4
2014,09,20,3,282.1
2014,09,20,4,282.4
2014,09,20,5,283.2
2014,09,20,6,283.0
2014,09,20,7,282.6
2014,09,21,0,283.3
2014,09,21,1,283.0
2014,09,21,2,282.9
2014,09,21,3,283.2
2014,09,21,4,282.6
2014,09,21,5,282.1
2014,09,21,6,282.0
2014,09,21,7,282.0
2014,09,22,0,282.8
2014,09,22,1,282.9
2014,09,22,2,283.0
2014,09,22,3,283.2
2014,09,22,4,283.0
2014,09,22,5,283.1
2014,09,22,6,282.9
2014,09,22,7,283.5
2014,09,23,0,283.6
2014,09,23,1,283.7
2014,09,23,2,283.4
2014,09,23,3,283.3
2014,09,23,4,283.4
2014,09,23,5,283.3
2014,09,23,6,283.1
2014,09,23,7,282.3
2014,09,24,0,281.5
2014,09,24,1,282.7
2014,09,24,2,282.9
2014,09,24,3,284.6
2014,09,24,4,285.1
2014,09,24,5,284.2
2014,09,24,6,285.8
2014,09,24,7,285.8
2014,09,25,0,286.6
2014,09,25,1,286.1
2014,09,25,2,283.6
2014,09,25,3,283.8
2014,09,25,4,284.4
2014,09,25,5,285.3
2014,09,25,6,284.6
2014,09,25,7,284.2
2014,09,26,0,285.4
2014,09,26,1,285.8
2014,09,26,2,285.4
2014,09,26,3,285.3
2014,09,26,4,285.8
2014,09,26,5,285.9
2014,09,26,6,286.4
2014,09,26,7,286.0
2014,09,27,0,284.1
2014,09,27,1,285.3
2014,09,27,2,284.9
2014,09,27,3,284.9
2014,09,27,4,284.9
2014,09,27,5,284.9
2014,09,27,6,283.8
2014,09,27,7,283.0
2014,09,28,0,284.1
2014,09,28,1,285.5
2014,09,28,2,285.3
2014,09,28,3,285.1
2014,09,28,4,284.9
2014,09,28,5,284.9
2014,09,28,6,283.8
2014,09,28,7,283.1
2014,09,29,0,282.4
2014,09,29,1,282.4
2014,09,29,2,283.7
2014,09,29,3,283.8
2014,09,29,4,283.5
2014,09,29,5,283.2
2014,09,29,6,282.2
2014,09,29,7,282.6
2014,09,30,0,282.3
2014,09,30,1,282.4
2014,09,30,2,281.8
2014,09,30,3,281.5
2014,09,30,4,281.7
2014,09,30,5,282.3
2014,09,30,6,282.3
2014,09,30,7,282.6
2014,09,31,0,282.3
2014,09,31,1,282.3
2014,09,31,2,282.4
2014,09,31,3,282.5
2014,09,31,4,283.0
2014,09,31,5,283.6
2014,09,31,6,282.7
2014,09,31,7,282.1
2015,09,1,0,282.0
2015,09,1,1,283.4
2015,09,1,2,282.9
2015,09,1,3,283.9
2015,09,1,4,284.2
2015,09,1,5,284.6
2015,09,1,6,283.7
2015,09,1,7,283.2
2015,09,2,0,283.3
2015,09,2,1,283.3
2015,09,2,2,283.5
2015,09,2,3,283.9
2015,09,2,4,284.3
2015,09,2,5,284.3
2015,09,2,6,283.9
2015,09,2,7,284.0
2015,09,3,0,284.1
2015,09,3,1,284.0
2015,09,3,2,283.5
2015,09,3,3,283.5
2015,09,3,4,283.7
2015,09,3,5,283.3
2015,09,3,6,283.4
2015,09,3,7,283.5
2015,09,4,0,283.4
2015,09,4,1,283.6
2015,09,4,2,283.3
2015,09,4,3,282.9
2015,09,4,4,283.2
2015,09,4,5,282.6
2015,09,4,6,282.0
2015,09,4,7,282.1
2015,09,5,0,282.1
2015,09,5,1,282.6
2015,09,5,2,282.1
2015,09,5,3,282.3
2015,09,5,4,282.6
2015,09,5,5,282.1
2015,09,5,6,281.4
2015,09,5,7,281.5
2015,09,6,0,284.1
2015,09,6,1,282.4
2015,09,6,2,283.2
2015,09,6,3,282.8
2015,09,6,4,282.3
2015,09,6,5,282.2
2015,09,6,6,282.5
2015,09,6,7,281.9
2015,09,7,0,281.9
2015,09,7,1,282.5
2015,09,7,2,281.8
2015,09,7,3,282.2
2015,09,7,4,282.8
2015,09,7,5,282.6
2015,09,7,6,282.3
2015,09,7,7,282.4
2015,09,8,0,282.4
2015,09,8,1,282.0
2015,09,8,2,282.2
2015,09,8,3,281.9
2015,09,8,4,283.7
2015,09,8,5,284.2
2015,09,8,6,284.7
2015,09,8,7,285.9
2015,09,9,0,285.9
2015,09,9,1,283.5
2015,09,9,2,283.4
2015,09,9,3,284.2
2015,09,9,4,285.6
2015,09,9,5,286.1
2015,09,9,6,285.4
2015,09,9,7,285.5
2015,09,10,0,287.2
2015,09,10,1,285.2
2015,09,10,2,284.2
2015,09,10,3,284.5
2015,09,10,4,285.7
2015,09,10,5,286.7
2015,09,10,6,287.3
2015,09,10,7,287.4
2015,09,11,0,288.4
2015,09,11,1,286.4
2015,09,11,2,285.8
2015,09,11,3,286.8
2015,09,11,4,287.0
2015,09,11,5,287.2
2015,09,11,6,286.9
2015,09,11,7,284.4
2015,09,12,0,284.0
2015,09,12,1,286.8
2015,09,12,2,287.8
2015,09,12,3,288.4
2015,09,12,4,285.8
2015,09,12,5,287.6
2015,09,12,6,287.4
2015,09,12,7,286.4
2015,09,13,0,287.5
2015,09,13,1,286.0
2015,09,13,2,284.4
2015,09,13,3,284.6
2015,09,13,4,285.2
2015,09,13,5,285.3
2015,09,13,6,284.5
2015,09,13,7,282.3
2015,09,14,0,285.8
2015,09,14,1,286.1
2015,09,14,2,285.8
2015,09,14,3,285.5
2015,09,14,4,283.8
2015,09,14,5,285.5
2015,09,14,6,284.6
2015,09,14,7,284.4
2015,09,15,0,285.4
2015,09,15,1,284.5
2015,09,15,2,285.2
2015,09,15,3,284.4
2015,09,15,4,285.5
2015,09,15,5,287.2
2015,09,15,6,285.4
2015,09,15,7,283.3
2015,09,16,0,286.6
2015,09,16,1,285.3
2015,09,16,2,285.2
2015,09,16,3,285.5
2015,09,16,4,285.7
2015,09,16,5,286.0
2015,09,16,6,284.8
2015,09,16,7,282.7
2015,09,17,0,285.6
2015,09,17,1,284.3
2015,09,17,2,285.2
2015,09,17,3,286.2
2015,09,17,4,286.6
2015,09,17,5,286.6
2015,09,17,6,285.6
2015,09,17,7,285.4
2015,09,18,0,287.6
2015,09,18,1,286.4
2015,09,18,2,286.3
2015,09,18,3,286.5
2015,09,18,4,286.3
2015,09,18,5,286.4
2015,09,18,6,286.2
2015,09,18,7,285.3
2015,09,19,0,286.0
2015,09,19,1,285.0
2015,09,19,2,285.3
2015,09,19,3,285.3
2015,09,19,4,285.5
2015,09,19,5,285.8
2015,09,19,6,285.8
2015,09,19,7,285.5
2015,09,20,0,286.8
2015,09,20,1,283.5
2015,09,20,2,284.4
2015,09,20,3,284.9
2015,09,20,4,283.4
2015,09,20,5,283.1
2015,09,20,6,283.5
2015,09,20,7,281.4
2015,09,21,0,282.0
2015,09,21,1,282.5
2015,09,21,2,283.8
2015,09,21,3,284.3
2015,09,21,4,284.3
2015,09,21,5,283.8
2015,09,21,6,281.6
2015,09,21,7,281.9
2015,09,22,0,282.0
2015,09,22,1,282.1
2015,09,22,2,281.3
2015,09,22,3,281.5
2015,09,22,4,281.8
2015,09,22,5,281.2
2015,09,22,6,281.7
2015,09,22,7,281.7
2015,09,23,0,281.7
2015,09,23,1,281.9
2015,09,23,2,280.9
2015,09,23,3,280.6
2015,09,23,4,280.7
2015,09,23,5,280.5
2015,09,23,6,280.3
2015,09,23,7,280.6
2015,09,24,0,280.9
2015,09,24,1,281.2
2015,09,24,2,280.7
2015,09,24,3,280.4
2015,09,24,4,280.7
2015,09,24,5,280.2
2015,09,24,6,279.5
2015,09,24,7,279.7
2015,09,25,0,279.4
2015,09,25,1,280.0
2015,09,25,2,280.0
2015,09,25,3,280.2
2015,09,25,4,280.7
2015,09,25,5,280.0
2015,09,25,6,279.9
2015,09,25,7,279.9
2015,09,26,0,280.2
2015,09,26,1,280.9
2015,09,26,2,281.3
2015,09,26,3,281.0
2015,09,26,4,280.9
2015,09,26,5,281.3
2015,09,26,6,281.3
2015,09,26,7,281.7
2015,09,27,0,281.9
2015,09,27,1,281.8
2015,09,27,2,281.5
2015,09,27,3,281.4
2015,09,27,4,282.1
2015,09,27,5,282.3
2015,09,27,6,282.3
2015,09,27,7,282.0
2015,09,28,0,282.3
2015,09,28,1,282.6
2015,09,28,2,282.1
2015,09,28,3,282.1
2015,09,28,4,282.9
2015,09,28,5,282.8
2015,09,28,6,281.9
2015,09,28,7,281.9
2015,09,29,0,282.0
2015,09,29,1,283.2
2015,09,29,2,282.5
2015,09,29,3,282.5
2015,09,29,4,282.5
2015,09,29,5,282.7
2015,09,29,6,281.6
2015,09,29,7,282.4
2015,09,30,0,282.2
2015,09,30,1,282.1
2015,09,30,2,281.9
2015,09,30,3,280.1
2015,09,30,4,281.5
2015,09,30,5,281.9
2015,09,30,6,283.1
2015,09,30,7,282.9
2015,09,31,0,282.9
2015,09,31,1,282.9
2015,09,31,2,282.8
2015,09,31,3,283.3
2015,09,31,4,284.0
2015,09,31,5,283.0
2015,09,31,6,282.4
2015,09,31,7,282.4
2015,09,1,0,282.8
2015,09,1,1,282.6
2015,09,1,2,282.8
2015,09,1,3,282.4
2015,09,1,4,283.4
2015,09,1,5,283.6
2015,09,1,6,281.3
2015,09,1,7,281.7
2015,09,2,0,282.3
2015,09,2,1,283.0
2015,09,2,2,282.0
2015,09,2,3,282.8
2015,09,2,4,283.0
2015,09,2,5,282.6
2015,09,2,6,280.8
2015,09,2,7,280.6
2015,09,3,0,280.3
2015,09,3,1,282.8
2015,09,3,2,281.0
2015,09,3,3,281.6
2015,09,3,4,281.8
2015,09,3,5,281.5
2015,09,3,6,280.7
2015,09,3,7,280.7
2015,09,4,0,279.8
2015,09,4,1,280.9
2015,09,4,2,281.4
2015,09,4,3,281.5
2015,09,4,4,281.0
2015,09,4,5,280.6
2015,09,4,6,280.7
2015,09,4,7,281.2
2015,09,5,0,281.7
2015,09,5,1,281.9
2015,09,5,2,281.9
2015,09,5,3,282.1
2015,09,5,4,281.8
2015,09,5,5,281.1
2015,09,5,6,281.2
2015,09,5,7,281.4
2015,09,6,0,280.9
2015,09,6,1,281.1
2015,09,6,2,281.5
2015,09,6,3,281.4
2015,09,6,4,281.6
2015,09,6,5,281.9
2015,09,6,6,281.2
2015,09,6,7,282.1
2015,09,7,0,282.8
2015,09,7,1,281.1
2015,09,7,2,280.8
2015,09,7,3,280.8
2015,09,7,4,280.6
2015,09,7,5,281.8
2015,09,7,6,282.2
2015,09,7,7,280.9
2015,09,8,0,281.2
2015,09,8,1,280.9
2015,09,8,2,280.5
2015,09,8,3,280.8
2015,09,8,4,281.1
2015,09,8,5,282.2
2015,09,8,6,282.3
2015,09,8,7,282.4
2015,09,9,0,282.5
2015,09,9,1,282.4
2015,09,9,2,281.9
2015,09,9,3,281.6
2015,09,9,4,281.4
2015,09,9,5,281.8
2015,09,9,6,281.9
2015,09,9,7,282.1
2015,09,10,0,282.2
2015,09,10,1,282.2
2015,09,10,2,281.8
2015,09,10,3,281.7
2015,09,10,4,282.1
2015,09,10,5,282.9
2015,09,10,6,283.1
2015,09,10,7,282.9
2015,09,11,0,282.7
2015,09,11,1,282.1
2015,09,11,2,282.0
2015,09,11,3,282.0
2015,09,11,4,282.8
2015,09,11,5,284.0
2015,09,11,6,284.5
2015,09,11,7,284.4
2015,09,12,0,284.3
2015,09,12,1,284.6
2015,09,12,2,284.7
2015,09,12,3,284.2
2015,09,12,4,283.3
2015,09,12,5,283.3
2015,09,12,6,283.5
2015,09,12,7,283.0
2015,09,13,0,282.4
2015,09,13,1,281.7
2015,09,13,2,283.0
2015,09,13,3,282.2
2015,09,13,4,281.4
2015,09,13,5,281.9
2015,09,13,6,282.3
2015,09,13,7,282.3
2015,09,14,0,282.0
2015,09,14,1,281.5
2015,09,14,2,280.6
2015,09,14,3,280.9
2015,09,14,4,282.2
2015,09,14,5,283.5
2015,09,14,6,282.8
2015,09,14,7,281.6
2015,09,15,0,281.9
2015,09,15,1,283.4
2015,09,15,2,282.2
2015,09,15,3,281.9
2015,09,15,4,281.1
2015,09,15,5,282.0
2015,09,15,6,282.2
2015,09,15,7,282.0
2015,09,16,0,281.7
2015,09,16,1,281.6
2015,09,16,2,281.5
2015,09,16,3,281.5
2015,09,16,4,281.5
2015,09,16,5,281.7
2015,09,16,6,281.9
2015,09,16,7,281.1
2015,09,17,0,281.5
2015,09,17,1,281.2
2015,09,17,2,280.6
2015,09,17,3,280.7
2015,09,17,4,281.2
2015,09,17,5,281.6
2015,09,17,6,281.8
2015,09,17,7,281.4
2015,09,18,0,280.7
2015,09,18,1,281.0
2015,09,18,2,281.1
2015,09,18,3,281.1
2015,09,18,4,281.4
2015,09,18,5,281.4
2015,09,18,6,281.3
2015,09,18,7,279.8
2015,09,19,0,279.4
2015,09,19,1,280.8
2015,09,19,2,280.6
2015,09,19,3,280.7
2015,09,19,4,281.2
2015,09,19,5,281.4
2015,09,19,6,281.4
2015,09,19,7,281.1
2015,09,20,0,281.1
2015,09,20,1,281.5
2015,09,20,2,281.9
2015,09,20,3,282.0
2015,09,20,4,282.1
2015,09,20,5,282.9
2015,09,20,6,281.8
2015,09,20,7,281.4
2015,09,21,0,283.2
2015,09,21,1,283.4
2015,09,21,2,284.3
2015,09,21,3,283.1
2015,09,21,4,282.8
2015,09,21,5,282.4
2015,09,21,6,282.0
2015,09,21,7,280.1
2015,09,22,0,281.0
2015,09,22,1,279.7
2015,09,22,2,280.6
2015,09,22,3,281.6
2015,09,22,4,282.3
2015,09,22,5,281.9
2015,09,22,6,281.5
2015,09,22,7,280.7
2015,09,23,0,281.1
2015,09,23,1,280.7
2015,09,23,2,280.2
2015,09,23,3,280.0
2015,09,23,4,279.9
2015,09,23,5,280.5
2015,09,23,6,280.8
2015,09,23,7,280.6
2015,09,24,0,280.2
2015,09,24,1,280.5
2015,09,24,2,280.7
2015,09,24,3,281.0
2015,09,24,4,280.7
2015,09,24,5,280.4
2015,09,24,6,280.8
2015,09,24,7,280.2
2015,09,25,0,280.7
2015,09,25,1,280.8
2015,09,25,2,280.6
2015,09,25,3,280.9
2015,09,25,4,281.6
2015,09,25,5,282.3
2015,09,25,6,282.1
2015,09,25,7,281.7
2015,09,26,0,281.8
2015,09,26,1,282.1
2015,09,26,2,281.4
2015,09,26,3,281.5
2015,09,26,4,281.8
2015,09,26,5,281.9
2015,09,26,6,282.4
2015,09,26,7,282.1
2015,09,27,0,282.1
2015,09,27,1,282.0
2015,09,27,2,281.8
2015,09,27,3,281.0
2015,09,27,4,280.9
2015,09,27,5,281.5
2015,09,27,6,281.5
2015,09,27,7,280.9
2015,09,28,0,280.8
2015,09,28,1,281.2
2015,09,28,2,281.0
2015,09,28,3,281.2
2015,09,28,4,282.0
2015,09,28,5,282.3
2015,09,28,6,281.1
2015,09,28,7,281.1
2015,09,1,0,281.5
2015,09,1,1,281.4
2015,09,1,2,281.2
2015,09,1,3,281.4
2015,09,1,4,281.5
2015,09,1,5,281.4
2015,09,1,6,281.2
2015,09,1,7,282.1
2015,09,2,0,282.2
2015,09,2,1,281.7
2015,09,2,2,281.2
2015,09,2,3,281.4
2015,09,2,4,282.5
2015,09,2,5,282.1
2015,09,2,6,281.0
2015,09,2,7,281.3
2015,09,3,0,281.3
2015,09,3,1,281.1
2015,09,3,2,281.3
2015,09,3,3,281.2
2015,09,3,4,281.6
2015,09,3,5,281.9
2015,09,3,6,282.2
2015,09,3,7,283.2
2015,09,4,0,279.4
2015,09,4,1,280.8
2015,09,4,2,281.3
2015,09,4,3,281.2
2015,09,4,4,281.1
2015,09,4,5,281.5
2015,09,4,6,281.0
2015,09,4,7,280.9
2015,09,5,0,281.1
2015,09,5,1,280.9
2015,09,5,2,280.5
2015,09,5,3,279.7
2015,09,5,4,280.4
2015,09,5,5,280.7
2015,09,5,6,280.3
2015,09,5,7,281.1
2015,09,6,0,280.6
2015,09,6,1,280.3
2015,09,6,2,280.2
2015,09,6,3,280.3
2015,09,6,4,280.3
2015,09,6,5,280.6
2015,09,6,6,281.2
2015,09,6,7,281.2
2015,09,7,0,281.6
2015,09,7,1,281.8
2015,09,7,2,281.4
2015,09,7,3,281.1
2015,09,7,4,281.7
2015,09,7,5,282.2
2015,09,7,6,282.0
2015,09,7,7,281.9
2015,09,8,0,281.8
2015,09,8,1,281.7
2015,09,8,2,281.5
2015,09,8,3,281.3
2015,09,8,4,281.8
2015,09,8,5,282.6
2015,09,8,6,282.3
2015,09,8,7,281.7
2015,09,9,0,281.9
2015,09,9,1,282.5
2015,09,9,2,283.0
2015,09,9,3,282.5
2015,09,9,4,282.5
2015,09,9,5,282.7
2015,09,9,6,282.9
2015,09,9,7,282.4
2015,09,10,0,282.8
2015,09,10,1,283.3
2015,09,10,2,282.4
2015,09,10,3,282.3
2015,09,10,4,282.3
2015,09,10,5,282.7
2015,09,10,6,282.6
2015,09,10,7,282.4
2015,09,11,0,282.3
2015,09,11,1,283.0
2015,09,11,2,282.8
2015,09,11,3,282.7
2015,09,11,4,283.0
2015,09,11,5,283.4
2015,09,11,6,283.3
2015,09,11,7,283.0
2015,09,12,0,282.7
2015,09,12,1,282.6
2015,09,12,2,282.3
2015,09,12,3,284.1
2015,09,12,4,286.1
2015,09,12,5,284.2
2015,09,12,6,283.7
2015,09,12,7,283.5
2015,09,13,0,282.7
2015,09,13,1,281.8
2015,09,13,2,282.2
2015,09,13,3,282.4
2015,09,13,4,282.7
2015,09,13,5,283.1
2015,09,13,6,282.7
2015,09,13,7,282.1
2015,09,14,0,282.4
2015,09,14,1,283.1
2015,09,14,2,283.4
2015,09,14,3,283.4
2015,09,14,4,283.0
2015,09,14,5,283.7
2015,09,14,6,283.1
2015,09,14,7,280.2
2015,09,15,0,281.0
2015,09,15,1,283.5
2015,09,15,2,283.6
2015,09,15,3,283.2
2015,09,15,4,283.7
2015,09,15,5,284.0
2015,09,15,6,282.1
2015,09,15,7,280.2
2015,09,16,0,280.4
2015,09,16,1,282.5
2015,09,16,2,281.3
2015,09,16,3,281.2
2015,09,16,4,281.9
2015,09,16,5,283.0
2015,09,16,6,282.9
2015,09,16,7,281.3
2015,09,17,0,281.7
2015,09,17,1,283.3
2015,09,17,2,283.1
2015,09,17,3,282.7
2015,09,17,4,281.4
2015,09,17,5,281.7
2015,09,17,6,281.2
2015,09,17,7,280.6
2015,09,18,0,281.6
2015,09,18,1,283.0
2015,09,18,2,283.1
2015,09,18,3,283.2
2015,09,18,4,282.3
2015,09,18,5,282.8
2015,09,18,6,282.4
2015,09,18,7,281.9
2015,09,19,0,282.0
2015,09,19,1,282.2
2015,09,19,2,281.5
2015,09,19,3,282.3
2015,09,19,4,282.5
2015,09,19,5,282.2
2015,09,19,6,280.5
2015,09,19,7,280.2
2015,09,20,0,280.4
2015,09,20,1,280.6
2015,09,20,2,280.5
2015,09,20,3,280.8
2015,09,20,4,281.3
2015,09,20,5,281.6
2015,09,20,6,280.8
2015,09,20,7,281.3
2015,09,21,0,281.4
2015,09,21,1,281.6
2015,09,21,2,281.6
2015,09,21,3,281.0
2015,09,21,4,279.9
2015,09,21,5,280.5
2015,09,21,6,281.1
2015,09,21,7,280.9
2015,09,22,0,280.2
2015,09,22,1,280.0
2015,09,22,2,280.5
2015,09,22,3,280.6
2015,09,22,4,280.3
2015,09,22,5,280.0
2015,09,22,6,279.3
2015,09,22,7,279.1
2015,09,23,0,279.3
2015,09,23,1,281.3
2015,09,23,2,280.8
2015,09,23,3,279.8
2015,09,23,4,279.7
2015,09,23,5,279.7
2015,09,23,6,280.3
2015,09,23,7,280.6
2015,09,24,0,280.3
2015,09,24,1,280.8
2015,09,24,2,280.9
2015,09,24,3,280.4
2015,09,24,4,280.8
2015,09,24,5,281.6
2015,09,24,6,281.8
2015,09,24,7,281.8
2015,09,25,0,281.6
2015,09,25,1,281.6
2015,09,25,2,281.1
2015,09,25,3,280.8
2015,09,25,4,280.8
2015,09,25,5,279.5
2015,09,25,6,280.9
2015,09,25,7,282.7
2015,09,26,0,285.5
2015,09,26,1,285.4
2015,09,26,2,285.1
2015,09,26,3,285.3
2015,09,26,4,285.6
2015,09,26,5,285.3
2015,09,26,6,284.6
2015,09,26,7,284.4
2015,09,27,0,285.3
2015,09,27,1,286.5
2015,09,27,2,286.1
2015,09,27,3,286.0
2015,09,27,4,286.2
2015,09,27,5,286.6
2015,09,27,6,285.7
2015,09,27,7,285.8
2015,09,28,0,285.5
2015,09,28,1,285.2
2015,09,28,2,284.1
2015,09,28,3,283.7
2015,09,28,4,284.3
2015,09,28,5,284.5
2015,09,28,6,284.0
2015,09,28,7,282.6
2015,09,29,0,284.4
2015,09,29,1,284.7
2015,09,29,2,283.5
2015,09,29,3,283.2
2015,09,29,4,283.1
2015,09,29,5,283.1
2015,09,29,6,283.2
2015,09,29,7,282.6
2015,09,30,0,282.5
2015,09,30,1,282.6
2015,09,30,2,282.0
2015,09,30,3,281.9
2015,09,30,4,282.2
2015,09,30,5,282.5
2015,09,30,6,282.8
2015,09,30,7,282.4
2015,09,31,0,282.0
2015,09,31,1,281.8
2015,09,31,2,281.8
2015,09,31,3,282.3
2015,09,31,4,282.3
2015,09,31,5,282.9
2015,09,31,6,283.3
2015,09,31,7,282.7
2015,09,1,0,282.0
2015,09,1,1,281.7
2015,09,1,2,281.3
2015,09,1,3,281.1
2015,09,1,4,282.0
2015,09,1,5,282.4
2015,09,1,6,282.3
2015,09,1,7,282.5
2015,09,2,0,282.8
2015,09,2,1,282.5
2015,09,2,2,281.8
2015,09,2,3,281.1
2015,09,2,4,280.8
2015,09,2,5,281.9
2015,09,2,6,282.1
2015,09,2,7,280.9
2015,09,3,0,281.3
2015,09,3,1,281.3
2015,09,3,2,280.4
2015,09,3,3,280.4
2015,09,3,4,281.3
2015,09,3,5,281.5
2015,09,3,6,280.8
2015,09,3,7,281.7
2015,09,4,0,283.2
2015,09,4,1,282.8
2015,09,4,2,283.1
2015,09,4,3,283.5
2015,09,4,4,283.8
2015,09,4,5,282.7
2015,09,4,6,282.6
2015,09,4,7,282.9
2015,09,5,0,284.3
2015,09,5,1,283.9
2015,09,5,2,281.2
2015,09,5,3,282.0
2015,09,5,4,282.3
2015,09,5,5,281.8
2015,09,5,6,281.5
2015,09,5,7,280.7
2015,09,6,0,281.5
2015,09,6,1,281.5
2015,09,6,2,281.0
2015,09,6,3,281.3
2015,09,6,4,282.0
2015,09,6,5,282.9
2015,09,6,6,283.6
2015,09,6,7,283.1
2015,09,7,0,282.1
2015,09,7,1,281.2
2015,09,7,2,281.3
2015,09,7,3,281.3
2015,09,7,4,281.5
2015,09,7,5,281.5
2015,09,7,6,281.1
2015,09,7,7,280.4
2015,09,8,0,281.2
2015,09,8,1,281.3
2015,09,8,2,281.7
2015,09,8,3,281.5
2015,09,8,4,281.0
2015,09,8,5,281.9
2015,09,8,6,282.2
2015,09,8,7,281.7
2015,09,9,0,280.7
2015,09,9,1,279.7
2015,09,9,2,280.8
2015,09,9,3,280.3
2015,09,9,4,279.5
2015,09,9,5,279.5
2015,09,9,6,279.9
2015,09,9,7,279.0
2015,09,10,0,280.7
2015,09,10,1,283.6
2015,09,10,2,284.1
2015,09,10,3,284.3
2015,09,10,4,283.8
2015,09,10,5,281.9
2015,09,10,6,279.6
2015,09,10,7,280.3
2015,09,11,0,282.6
2015,09,11,1,282.6
2015,09,11,2,283.1
2015,09,11,3,283.6
2015,09,11,4,284.5
2015,09,11,5,284.5
2015,09,11,6,283.7
2015,09,11,7,282.7
2015,09,12,0,283.9
2015,09,12,1,284.1
2015,09,12,2,283.5
2015,09,12,3,282.9
2015,09,12,4,282.7
2015,09,12,5,282.5
2015,09,12,6,281.2
2015,09,12,7,278.5
2015,09,13,0,280.9
2015,09,13,1,280.9
2015,09,13,2,280.4
2015,09,13,3,280.7
2015,09,13,4,281.0
2015,09,13,5,281.0
2015,09,13,6,279.5
2015,09,13,7,277.2
2015,09,14,0,281.4
2015,09,14,1,282.5
2015,09,14,2,281.4
2015,09,14,3,281.5
2015,09,14,4,281.1
2015,09,14,5,280.9
2015,09,14,6,276.6
2015,09,14,7,278.2
2015,09,15,0,277.9
2015,09,15,1,279.9
2015,09,15,2,279.3
2015,09,15,3,279.5
2015,09,15,4,279.1
2015,09,15,5,279.2
2015,09,15,6,278.9
2015,09,15,7,278.3
2015,09,16,0,280.1
2015,09,16,1,281.7
2015,09,16,2,280.2
2015,09,16,3,280.4
2015,09,16,4,281.2
2015,09,16,5,281.5
2015,09,16,6,281.1
2015,09,16,7,280.1
2015,09,17,0,281.1
2015,09,17,1,281.0
2015,09,17,2,280.9
2015,09,17,3,280.7
2015,09,17,4,280.9
2015,09,17,5,280.9
2015,09,17,6,280.0
2015,09,17,7,280.3
2015,09,18,0,280.4
2015,09,18,1,281.1
2015,09,18,2,279.8
2015,09,18,3,279.6
2015,09,18,4,280.9
2015,09,18,5,281.1
2015,09,18,6,280.8
2015,09,18,7,280.3
2015,09,19,0,280.7
2015,09,19,1,280.8
2015,09,19,2,279.9
2015,09,19,3,279.8
2015,09,19,4,280.2
2015,09,19,5,280.6
2015,09,19,6,280.6
2015,09,19,7,279.7
2015,09,20,0,280.9
2015,09,20,1,281.1
2015,09,20,2,280.8
2015,09,20,3,280.7
2015,09,20,4,281.4
2015,09,20,5,282.1
2015,09,20,6,281.5
2015,09,20,7,281.6
2015,09,21,0,281.8
2015,09,21,1,282.0
2015,09,21,2,281.9
2015,09,21,3,282.2
2015,09,21,4,282.4
2015,09,21,5,283.0
2015,09,21,6,283.5
2015,09,21,7,283.6
2015,09,22,0,283.7
2015,09,22,1,283.3
2015,09,22,2,282.7
2015,09,22,3,282.9
2015,09,22,4,283.4
2015,09,22,5,283.1
2015,09,22,6,282.5
2015,09,22,7,282.6
2015,09,23,0,282.9
2015,09,23,1,282.9
2015,09,23,2,282.2
2015,09,23,3,282.0
2015,09,23,4,282.1
2015,09,23,5,282.2
2015,09,23,6,282.1
2015,09,23,7,281.3
2015,09,24,0,281.6
2015,09,24,1,281.9
2015,09,24,2,281.6
2015,09,24,3,281.9
2015,09,24,4,282.0
2015,09,24,5,282.0
2015,09,24,6,281.9
2015,09,24,7,281.3
2015,09,25,0,281.3
2015,09,25,1,281.8
2015,09,25,2,281.2
2015,09,25,3,281.4
2015,09,25,4,281.1
2015,09,25,5,282.1
2015,09,25,6,281.7
2015,09,25,7,280.4
2015,09,26,0,279.9
2015,09,26,1,279.1
2015,09,26,2,279.2
2015,09,26,3,281.6
2015,09,26,4,282.4
2015,09,26,5,282.1
2015,09,26,6,282.3
2015,09,26,7,282.4
2015,09,27,0,282.1
2015,09,27,1,281.5
2015,09,27,2,282.0
2015,09,27,3,283.2
2015,09,27,4,283.4
2015,09,27,5,281.8
2015,09,27,6,279.8
2015,09,27,7,277.9
2015,09,28,0,278.8
2015,09,28,1,278.9
2015,09,28,2,278.9
2015,09,28,3,278.4
2015,09,28,4,278.7
2015,09,28,5,280.6
2015,09,28,6,279.6
2015,09,28,7,278.0
2015,09,29,0,280.0
2015,09,29,1,279.8
2015,09,29,2,279.5
2015,09,29,3,279.0
2015,09,29,4,278.4
2015,09,29,5,278.0
2015,09,29,6,277.4
2015,09,29,7,277.5
2015,09,30,0,277.4
2015,09,30,1,277.4
2015,09,30,2,277.6
2015,09,30,3,277.6
2015,09,30,4,277.5
2015,09,30,5,277.9
2015,09,30,6,277.9
2015,09,30,7,276.7
2015,09,1,0,277.4
2015,09,1,1,277.3
2015,09,1,2,277.3
2015,09,1,3,277.4
2015,09,1,4,277.7
2015,09,1,5,277.9
2015,09,1,6,278.2
2015,09,1,7,277.8
2015,09,2,0,277.5
2015,09,2,1,277.2
2015,09,2,2,277.5
2015,09,2,3,278.0
2015,09,2,4,278.4
2015,09,2,5,278.6
2015,09,2,6,278.6
2015,09,2,7,278.2
2015,09,3,0,278.6
2015,09,3,1,278.7
2015,09,3,2,277.6
2015,09,3,3,277.9
2015,09,3,4,277.4
2015,09,3,5,276.8
2015,09,3,6,278.9
2015,09,3,7,277.3
2015,09,4,0,280.1
2015,09,4,1,280.4
2015,09,4,2,280.4
2015,09,4,3,279.9
2015,09,4,4,280.0
2015,09,4,5,279.4
2015,09,4,6,280.5
2015,09,4,7,280.0
2015,09,5,0,280.5
2015,09,5,1,280.0
2015,09,5,2,280.2
2015,09,5,3,280.4
2015,09,5,4,280.5
2015,09,5,5,280.6
2015,09,5,6,280.7
2015,09,5,7,281.2
2015,09,6,0,281.1
2015,09,6,1,281.0
2015,09,6,2,280.6
2015,09,6,3,280.8
2015,09,6,4,281.1
2015,09,6,5,281.0
2015,09,6,6,280.7
2015,09,6,7,279.9
2015,09,7,0,280.1
2015,09,7,1,280.5
2015,09,7,2,280.4
2015,09,7,3,280.6
2015,09,7,4,281.0
2015,09,7,5,281.1
2015,09,7,6,281.1
2015,09,7,7,280.7
2015,09,8,0,280.0
2015,09,8,1,279.4
2015,09,8,2,279.7
2015,09,8,3,279.4
2015,09,8,4,279.2
2015,09,8,5,277.4
2015,09,8,6,277.5
2015,09,8,7,279.8
2015,09,9,0,281.9
2015,09,9,1,281.2
2015,09,9,2,281.8
2015,09,9,3,282.7
2015,09,9,4,282.8
2015,09,9,5,282.7
2015,09,9,6,282.3
2015,09,9,7,281.6
2015,09,10,0,280.7
2015,09,10,1,282.0
2015,09,10,2,282.0
2015,09,10,3,281.7
2015,09,10,4,281.7
2015,09,10,5,281.9
2015,09,10,6,282.2
2015,09,10,7,282.2
2015,09,11,0,282.2
2015,09,11,1,282.5
2015,09,11,2,280.8
2015,09,11,3,279.8
2015,09,11,4,280.5
2015,09,11,5,280.9
2015,09,11,6,281.3
2015,09,11,7,281.0
2015,09,12,0,280.4
2015,09,12,1,279.4
2015,09,12,2,279.4
2015,09,12,3,279.0
2015,09,12,4,279.2
2015,09,12,5,280.3
2015,09,12,6,279.8
2015,09,12,7,278.8
2015,09,13,0,279.5
2015,09,13,1,281.9
2015,09,13,2,283.2
2015,09,13,3,282.8
2015,09,13,4,282.6
2015,09,13,5,282.2
2015,09,13,6,281.2
2015,09,13,7,281.4
2015,09,14,0,281.8
2015,09,14,1,282.2
2015,09,14,2,280.8
2015,09,14,3,281.7
2015,09,14,4,282.4
2015,09,14,5,282.1
2015,09,14,6,281.5
2015,09,14,7,282.2
2015,09,15,0,282.9
2015,09,15,1,282.7
2015,09,15,2,282.9
2015,09,15,3,283.3
2015,09,15,4,283.6
2015,09,15,5,282.9
2015,09,15,6,282.1
2015,09,15,7,283.0
2015,09,16,0,282.6
2015,09,16,1,282.9
2015,09,16,2,283.6
2015,09,16,3,284.5
2015,09,16,4,282.2
2015,09,16,5,284.1
2015,09,16,6,283.4
2015,09,16,7,283.7
2015,09,17,0,282.1
2015,09,17,1,283.1
2015,09,17,2,282.1
2015,09,17,3,281.9
2015,09,17,4,280.6
2015,09,17,5,280.0
2015,09,17,6,279.3
2015,09,17,7,278.8
2015,09,18,0,278.8
2015,09,18,1,278.6
2015,09,18,2,278.2
2015,09,18,3,278.7
2015,09,18,4,278.3
2015,09,18,5,278.2
2015,09,18,6,279.1
2015,09,18,7,279.1
2015,09,19,0,278.5
2015,09,19,1,277.7
2015,09,19,2,277.7
2015,09,19,3,277.3
2015,09,19,4,277.8
2015,09,19,5,277.5
2015,09,19,6,277.0
2015,09,19,7,276.9
2015,09,20,0,277.6
2015,09,20,1,277.6
2015,09,20,2,277.4
2015,09,20,3,277.3
2015,09,20,4,277.8
2015,09,20,5,278.2
2015,09,20,6,277.5
2015,09,20,7,277.1
2015,09,21,0,277.3
2015,09,21,1,277.7
2015,09,21,2,277.4
2015,09,21,3,277.8
2015,09,21,4,278.5
2015,09,21,5,278.8
2015,09,21,6,278.8
2015,09,21,7,279.6
2015,09,22,0,279.2
2015,09,22,1,278.7
2015,09,22,2,279.5
2015,09,22,3,280.5
2015,09,22,4,281.8
2015,09,22,5,281.8
2015,09,22,6,282.3
2015,09,22,7,283.3
2015,09,23,0,282.7
2015,09,23,1,283.0
2015,09,23,2,283.6
2015,09,23,3,282.8
2015,09,23,4,282.5
2015,09,23,5,282.2
2015,09,23,6,282.3
2015,09,23,7,282.3
2015,09,24,0,282.9
2015,09,24,1,283.2
2015,09,24,2,282.5
2015,09,24,3,281.9
2015,09,24,4,282.3
2015,09,24,5,282.8
2015,09,24,6,282.3
2015,09,24,7,281.9
2015,09,25,0,281.8
2015,09,25,1,281.4
2015,09,25,2,280.5
2015,09,25,3,280.2
2015,09,25,4,280.7
2015,09,25,5,280.8
2015,09,25,6,280.8
2015,09,25,7,281.0
2015,09,26,0,281.3
2015,09,26,1,281.2
2015,09,26,2,280.2
2015,09,26,3,279.6
2015,09,26,4,280.1
2015,09,26,5,280.8
2015,09,26,6,280.3
2015,09,26,7,279.6
2015,09,27,0,280.3
2015,09,27,1,281.2
2015,09,27,2,280.9
2015,09,27,3,280.3
2015,09,27,4,279.9
2015,09,27,5,280.0
2015,09,27,6,281.0
2015,09,27,7,281.4
2015,09,28,0,281.5
2015,09,28,1,282.5
2015,09,28,2,282.0
2015,09,28,3,280.9
2015,09,28,4,281.5
2015,09,28,5,281.0
2015,09,28,6,280.3
2015,09,28,7,279.4
2015,09,29,0,279.6
2015,09,29,1,279.5
2015,09,29,2,279.3
2015,09,29,3,279.1
2015,09,29,4,279.1
2015,09,29,5,278.7
2015,09,29,6,278.5
2015,09,29,7,278.9
2015,09,30,0,278.7
2015,09,30,1,278.5
2015,09,30,2,276.5
2015,09,30,3,276.4
2015,09,30,4,277.8
2015,09,30,5,278.3
2015,09,30,6,278.7
2015,09,30,7,277.7
2015,09,31,0,276.6
2015,09,31,1,277.9
2015,09,31,2,278.8
2015,09,31,3,279.9
2015,09,31,4,279.9
2015,09,31,5,279.8
2015,09,31,6,279.9
2015,09,31,7,279.6
2015,09,1,0,279.8
2015,09,1,1,279.9
2015,09,1,2,279.4
2015,09,1,3,279.2
2015,09,1,4,279.3
2015,09,1,5,279.7
2015,09,1,6,279.9
2015,09,1,7,278.7
2015,09,2,0,278.4
2015,09,2,1,278.0
2015,09,2,2,278.2
2015,09,2,3,278.5
2015,09,2,4,278.8
2015,09,2,5,279.2
2015,09,2,6,279.1
2015,09,2,7,278.8
2015,09,3,0,278.5
2015,09,3,1,278.1
2015,09,3,2,278.0
2015,09,3,3,277.6
2015,09,3,4,277.6
2015,09,3,5,277.5
2015,09,3,6,277.9
2015,09,3,7,278.3
2015,09,4,0,278.3
2015,09,4,1,277.9
2015,09,4,2,277.6
2015,09,4,3,277.3
2015,09,4,4,276.2
2015,09,4,5,277.5
2015,09,4,6,277.9
2015,09,4,7,278.3
2015,09,5,0,278.6
2015,09,5,1,278.5
2015,09,5,2,278.3
2015,09,5,3,277.4
2015,09,5,4,277.4
2015,09,5,5,278.5
2015,09,5,6,278.7
2015,09,5,7,278.7
2015,09,6,0,278.4
2015,09,6,1,278.3
2015,09,6,2,278.3
2015,09,6,3,278.8
2015,09,6,4,279.0
2015,09,6,5,279.1
2015,09,6,6,280.3
2015,09,6,7,281.4
2015,09,7,0,282.0
2015,09,7,1,281.9
2015,09,7,2,281.7
2015,09,7,3,281.9
2015,09,7,4,282.1
2015,09,7,5,281.1
2015,09,7,6,280.9
2015,09,7,7,281.3
2015,09,8,0,281.8
2015,09,8,1,281.6
2015,09,8,2,281.1
2015,09,8,3,280.5
2015,09,8,4,280.6
2015,09,8,5,279.9
2015,09,8,6,280.2
2015,09,8,7,280.7
2015,09,9,0,281.5
2015,09,9,1,281.9
2015,09,9,2,281.7
2015,09,9,3,281.7
2015,09,9,4,283.3
2015,09,9,5,284.2
2015,09,9,6,283.3
2015,09,9,7,283.5
2015,09,10,0,284.4
2015,09,10,1,284.3
2015,09,10,2,283.8
2015,09,10,3,283.9
2015,09,10,4,284.7
2015,09,10,5,284.9
2015,09,10,6,284.5
2015,09,10,7,284.8
2015,09,11,0,286.1
2015,09,11,1,280.3
2015,09,11,2,280.5
2015,09,11,3,288.0
2015,09,11,4,288.5
2015,09,11,5,288.6
2015,09,11,6,280.4
2015,09,11,7,287.4
2015,09,12,0,288.0
2015,09,12,1,288.3
2015,09,12,2,288.1
2015,09,12,3,286.9
2015,09,12,4,286.3
2015,09,12,5,287.0
2015,09,12,6,286.4
2015,09,12,7,285.9
2015,09,13,0,278.6
2015,09,13,1,286.0
2015,09,13,2,285.7
2015,09,13,3,285.2
2015,09,13,4,283.7
2015,09,13,5,284.5
2015,09,13,6,284.4
2015,09,13,7,283.2
2015,09,14,0,284.5
2015,09,14,1,284.2
2015,09,14,2,283.9
2015,09,14,3,283.8
2015,09,14,4,283.6
2015,09,14,5,283.3
2015,09,14,6,283.1
2015,09,14,7,281.4
2015,09,15,0,278.7
2015,09,15,1,278.5
2015,09,15,2,278.2
2015,09,15,3,278.1
2015,09,15,4,279.7
2015,09,15,5,280.2
2015,09,15,6,279.5
2015,09,15,7,279.5
2015,09,16,0,279.5
2015,09,16,1,279.5
2015,09,16,2,279.4
2015,09,16,3,279.4
2015,09,16,4,279.6
2015,09,16,5,280.0
2015,09,16,6,280.0
2015,09,16,7,280.1
2015,09,17,0,281.4
2015,09,17,1,281.6
2015,09,17,2,281.4
2015,09,17,3,281.1
2015,09,17,4,280.8
2015,09,17,5,280.6
2015,09,17,6,279.5
2015,09,17,7,279.4
2015,09,18,0,279.9
2015,09,18,1,280.0
2015,09,18,2,279.4
2015,09,18,3,279.6
2015,09,18,4,280.3
2015,09,18,5,280.6
2015,09,18,6,280.5
2015,09,18,7,280.1
2015,09,19,0,279.6
2015,09,19,1,278.9
2015,09,19,2,278.3
2015,09,19,3,277.7
2015,09,19,4,277.5
2015,09,19,5,278.2
2015,09,19,6,278.3
2015,09,19,7,277.7
2015,09,20,0,277.7
2015,09,20,1,277.3
2015,09,20,2,277.0
2015,09,20,3,276.5
2015,09,20,4,276.7
2015,09,20,5,277.3
2015,09,20,6,277.3
2015,09,20,7,277.4
2015,09,21,0,277.6
2015,09,21,1,277.2
2015,09,21,2,277.0
2015,09,21,3,276.8
2015,09,21,4,276.7
2015,09,21,5,276.9
2015,09,21,6,277.3
2015,09,21,7,277.4
2015,09,22,0,277.3
2015,09,22,1,276.9
2015,09,22,2,276.5
2015,09,22,3,276.5
2015,09,22,4,276.4
2015,09,22,5,276.8
2015,09,22,6,276.9
2015,09,22,7,277.6
2015,09,23,0,279.0
2015,09,23,1,279.0
2015,09,23,2,278.8
2015,09,23,3,278.3
2015,09,23,4,278.3
2015,09,23,5,278.7
2015,09,23,6,279.0
2015,09,23,7,278.4
2015,09,24,0,276.9
2015,09,24,1,276.1
2015,09,24,2,275.8
2015,09,24,3,276.8
2015,09,24,4,276.4
2015,09,24,5,274.9
2015,09,24,6,274.0
2015,09,24,7,272.9
2015,09,25,0,272.8
2015,09,25,1,275.8
2015,09,25,2,275.6
2015,09,25,3,273.9
2015,09,25,4,273.8
2015,09,25,5,273.8
2015,09,25,6,274.1
2015,09,25,7,275.3
2015,09,26,0,274.9
2015,09,26,1,274.5
2015,09,26,2,274.4
2015,09,26,3,272.4
2015,09,26,4,274.3
2015,09,26,5,275.5
2015,09,26,6,276.7
2015,09,26,7,277.1
2015,09,27,0,276.8
2015,09,27,1,276.6
2015,09,27,2,276.8
2015,09,27,3,276.8
2015,09,27,4,276.9
2015,09,27,5,276.8
2015,09,27,6,277.9
2015,09,27,7,278.4
2015,09,28,0,278.2
2015,09,28,1,278.3
2015,09,28,2,278.4
2015,09,28,3,277.9
2015,09,28,4,277.2
2015,09,28,5,277.3
2015,09,28,6,276.3
2015,09,28,7,276.1
2015,09,29,0,275.9
2015,09,29,1,275.4
2015,09,29,2,275.2
2015,09,29,3,275.2
2015,09,29,4,275.8
2015,09,29,5,276.6
2015,09,29,6,277.4
2015,09,29,7,278.1
2015,09,30,0,278.0
2015,09,30,1,277.4
2015,09,30,2,277.5
2015,09,30,3,277.7
2015,09,30,4,277.9
2015,09,30,5,277.9
2015,09,30,6,278.1
2015,09,30,7,278.0
2015,09,1,0,278.1
2015,09,1,1,277.6
2015,09,1,2,277.2
2015,09,1,3,276.5
2015,09,1,4,276.3
2015,09,1,5,276.0
2015,09,1,6,277.7
2015,09,1,7,277.0
2015,09,2,0,276.7
2015,09,2,1,276.9
2015,09,2,2,276.9
2015,09,2,3,275.6
2015,09,2,4,276.3
2015,09,2,5,277.1
2015,09,2,6,278.2
2015,09,2,7,276.4
2015,09,3,0,275.6
2015,09,3,1,276.0
2015,09,3,2,276.9
2015,09,3,3,278.1
2015,09,3,4,278.6
2015,09,3,5,279.7
2015,09,3,6,280.8
2015,09,3,7,281.2
2015,09,4,0,280.2
2015,09,4,1,280.9
2015,09,4,2,280.6
2015,09,4,3,280.0
2015,09,4,4,280.2
2015,09,4,5,280.7
2015,09,4,6,279.8
2015,09,4,7,279.0
2015,09,5,0,278.2
2015,09,5,1,277.9
2015,09,5,2,278.4
2015,09,5,3,278.8
2015,09,5,4,280.3
2015,09,5,5,281.3
2015,09,5,6,280.7
2015,09,5,7,279.5
2015,09,6,0,278.6
2015,09,6,1,278.1
2015,09,6,2,276.1
2015,09,6,3,276.2
2015,09,6,4,276.4
2015,09,6,5,276.7
2015,09,6,6,276.8
2015,09,6,7,276.8
2015,09,7,0,276.0
2015,09,7,1,276.3
2015,09,7,2,276.8
2015,09,7,3,276.7
2015,09,7,4,277.2
2015,09,7,5,278.1
2015,09,7,6,278.4
2015,09,7,7,278.3
2015,09,8,0,278.9
2015,09,8,1,278.7
2015,09,8,2,278.7
2015,09,8,3,278.9
2015,09,8,4,279.7
2015,09,8,5,280.1
2015,09,8,6,280.4
2015,09,8,7,280.0
2015,09,9,0,280.4
2015,09,9,1,280.3
2015,09,9,2,280.2
2015,09,9,3,280.0
2015,09,9,4,280.1
2015,09,9,5,279.4
2015,09,9,6,279.0
2015,09,9,7,279.9
2015,09,10,0,279.0
2015,09,10,1,279.0
2015,09,10,2,278.2
2015,09,10,3,278.1
2015,09,10,4,277.7
2015,09,10,5,277.4
2015,09,10,6,276.7
2015,09,10,7,276.6
2015,09,11,0,278.2
2015,09,11,1,278.3
2015,09,11,2,276.9
2015,09,11,3,276.3
2015,09,11,4,277.3
2015,09,11,5,278.7
2015,09,11,6,278.6
2015,09,11,7,278.7
2015,09,12,0,278.9
2015,09,12,1,279.5
2015,09,12,2,279.5
2015,09,12,3,279.8
2015,09,12,4,280.0
2015,09,12,5,280.5
2015,09,12,6,281.1
2015,09,12,7,281.8
2015,09,13,0,281.8
2015,09,13,1,282.3
2015,09,13,2,281.6
2015,09,13,3,281.8
2015,09,13,4,282.3
2015,09,13,5,282.2
2015,09,13,6,282.7
2015,09,13,7,283.4
2015,09,14,0,283.6
2015,09,14,1,283.2
2015,09,14,2,283.3
2015,09,14,3,283.8
2015,09,14,4,284.3
2015,09,14,5,284.4
2015,09,14,6,284.1
2015,09,14,7,284.0
2015,09,15,0,283.9
2015,09,15,1,283.6
2015,09,15,2,283.3
2015,09,15,3,283.8
2015,09,15,4,283.6
2015,09,15,5,283.4
2015,09,15,6,283.2
2015,09,15,7,283.5
2015,09,16,0,283.6
2015,09,16,1,283.1
2015,09,16,2,282.5
2015,09,16,3,282.6
2015,09,16,4,285.2
2015,09,16,5,285.5
2015,09,16,6,284.6
2015,09,16,7,283.6
2015,09,17,0,281.9
2015,09,17,1,281.9
2015,09,17,2,281.8
2015,09,17,3,281.2
2015,09,17,4,280.8
2015,09,17,5,280.5
2015,09,17,6,280.0
2015,09,17,7,279.7
2015,09,18,0,280.1
2015,09,18,1,279.9
2015,09,18,2,279.6
2015,09,18,3,279.3
2015,09,18,4,279.3
2015,09,18,5,279.2
2015,09,18,6,278.5
2015,09,18,7,278.5
2015,09,19,0,278.6
2015,09,19,1,277.6
2015,09,19,2,278.1
2015,09,19,3,278.1
2015,09,19,4,277.7
2015,09,19,5,277.7
2015,09,19,6,277.9
2015,09,19,7,278.8
2015,09,20,0,279.0
2015,09,20,1,278.7
2015,09,20,2,278.2
2015,09,20,3,277.7
2015,09,20,4,278.5
2015,09,20,5,279.2
2015,09,20,6,279.5
2015,09,20,7,280.5
2015,09,21,0,281.3
2015,09,21,1,281.9
2015,09,21,2,281.8
2015,09,21,3,281.7
2015,09,21,4,281.3
2015,09,21,5,280.8
2015,09,21,6,280.3
2015,09,21,7,280.3
2015,09,22,0,280.0
2015,09,22,1,277.9
2015,09,22,2,277.5
2015,09,22,3,278.8
2015,09,22,4,278.4
2015,09,22,5,277.0
2015,09,22,6,276.3
2015,09,22,7,274.8
2015,09,23,0,276.2
2015,09,23,1,276.3
2015,09,23,2,275.9
2015,09,23,3,275.8
2015,09,23,4,273.1
2015,09,23,5,273.3
2015,09,23,6,273.1
2015,09,23,7,273.9
2015,09,24,0,275.0
2015,09,24,1,275.2
2015,09,24,2,275.3
2015,09,24,3,276.6
2015,09,24,4,278.7
2015,09,24,5,278.6
2015,09,24,6,277.1
2015,09,24,7,275.9
2015,09,25,0,277.5
2015,09,25,1,277.2
2015,09,25,2,275.4
2015,09,25,3,275.2
2015,09,25,4,275.3
2015,09,25,5,276.4
2015,09,25,6,277.7
2015,09,25,7,277.1
2015,09,26,0,277.2
2015,09,26,1,277.5
2015,09,26,2,277.4
2015,09,26,3,277.1
2015,09,26,4,277.0
2015,09,26,5,277.5
2015,09,26,6,278.0
2015,09,26,7,277.1
2015,09,27,0,277.5
2015,09,27,1,277.6
2015,09,27,2,277.3
2015,09,27,3,277.0
2015,09,27,4,276.8
2015,09,27,5,277.7
2015,09,27,6,278.1
2015,09,27,7,277.0
2015,09,28,0,276.8
2015,09,28,1,276.1
2015,09,28,2,275.0
2015,09,28,3,275.2
2015,09,28,4,276.4
2015,09,28,5,276.6
2015,09,28,6,276.5
2015,09,28,7,274.7
2015,09,29,0,275.9
2015,09,29,1,277.9
2015,09,29,2,279.5
2015,09,29,3,279.7
2015,09,29,4,281.1
2015,09,29,5,281.1
2015,09,29,6,281.0
2015,09,29,7,281.8
2015,09,30,0,282.4
2015,09,30,1,281.5
2015,09,30,2,281.3
2015,09,30,3,281.9
2015,09,30,4,282.7
2015,09,30,5,283.0
2015,09,30,6,282.9
2015,09,30,7,283.1
2015,09,31,0,283.3
2015,09,31,1,283.5
2015,09,31,2,283.2
2015,09,31,3,284.0
2015,09,31,4,284.7
2015,09,31,5,285.2
2015,09,31,6,285.1
2015,09,31,7,285.3
2015,09,1,0,285.0
2015,09,1,1,284.1
2015,09,1,2,284.4
2015,09,1,3,283.6
2015,09,1,4,283.4
2015,09,1,5,283.2
2015,09,1,6,284.1
2015,09,1,7,284.4
2015,09,2,0,284.7
2015,09,2,1,284.8
2015,09,2,2,284.6
2015,09,2,3,284.7
2015,09,2,4,285.1
2015,09,2,5,285.1
2015,09,2,6,284.9
2015,09,2,7,284.9
2015,09,3,0,285.4
2015,09,3,1,285.4
2015,09,3,2,284.6
2015,09,3,3,284.2
2015,09,3,4,284.6
2015,09,3,5,284.6
2015,09,3,6,284.2
2015,09,3,7,283.8
2015,09,4,0,283.7
2015,09,4,1,284.1
2015,09,4,2,284.0
2015,09,4,3,283.9
2015,09,4,4,284.1
2015,09,4,5,283.6
2015,09,4,6,285.3
2015,09,4,7,285.3
2015,09,5,0,285.4
2015,09,5,1,285.1
2015,09,5,2,284.3
2015,09,5,3,283.6
2015,09,5,4,282.9
2015,09,5,5,282.9
2015,09,5,6,283.1
2015,09,5,7,283.3
2015,09,6,0,283.9
2015,09,6,1,283.9
2015,09,6,2,283.4
2015,09,6,3,282.8
2015,09,6,4,283.0
2015,09,6,5,284.0
2015,09,6,6,282.8
2015,09,6,7,282.3
2015,09,7,0,284.9
2015,09,7,1,285.8
2015,09,7,2,284.4
2015,09,7,3,282.2
2015,09,7,4,282.6
2015,09,7,5,284.3
2015,09,7,6,282.5
2015,09,7,7,282.3
2015,09,8,0,284.8
2015,09,8,1,283.8
2015,09,8,2,283.7
2015,09,8,3,285.2
2015,09,8,4,285.8
2015,09,8,5,285.1
2015,09,8,6,283.7
2015,09,8,7,283.3
2015,09,9,0,282.9
2015,09,9,1,282.5
2015,09,9,2,282.3
2015,09,9,3,281.8
2015,09,9,4,281.7
2015,09,9,5,281.2
2015,09,9,6,280.5
2015,09,9,7,281.6
2015,09,10,0,281.5
2015,09,10,1,280.8
2015,09,10,2,280.0
2015,09,10,3,279.6
2015,09,10,4,283.5
2015,09,10,5,283.2
2015,09,10,6,282.8
2015,09,10,7,282.9
2015,09,11,0,283.1
2015,09,11,1,282.2
2015,09,11,2,281.1
2015,09,11,3,281.2
2015,09,11,4,281.6
2015,09,11,5,282.0
2015,09,11,6,281.4
2015,09,11,7,281.7
2015,09,12,0,282.4
2015,09,12,1,281.5
2015,09,12,2,281.0
2015,09,12,3,281.4
2015,09,12,4,282.0
2015,09,12,5,282.3
2015,09,12,6,282.2
2015,09,12,7,282.8
2015,09,13,0,282.8
2015,09,13,1,282.3
2015,09,13,2,282.0
2015,09,13,3,281.8
2015,09,13,4,281.8
2015,09,13,5,281.4
2015,09,13,6,280.8
2015,09,13,7,281.0
2015,09,14,0,281.1
2015,09,14,1,281.2
2015,09,14,2,280.5
2015,09,14,3,279.6
2015,09,14,4,279.7
2015,09,14,5,280.0
2015,09,14,6,280.0
2015,09,14,7,280.3
2015,09,15,0,280.3
2015,09,15,1,280.0
2015,09,15,2,280.1
2015,09,15,3,280.5
2015,09,15,4,281.1
2015,09,15,5,281.2
2015,09,15,6,280.9
2015,09,15,7,280.7
2015,09,16,0,280.5
2015,09,16,1,280.1
2015,09,16,2,280.1
2015,09,16,3,279.7
2015,09,16,4,279.8
2015,09,16,5,279.6
2015,09,16,6,279.3
2015,09,16,7,279.3
2015,09,17,0,279.2
2015,09,17,1,278.5
2015,09,17,2,278.0
2015,09,17,3,278.4
2015,09,17,4,279.2
2015,09,17,5,279.6
2015,09,17,6,279.9
2015,09,17,7,280.0
2015,09,18,0,280.3
2015,09,18,1,280.0
2015,09,18,2,279.6
2015,09,18,3,279.8
2015,09,18,4,279.3
2015,09,18,5,279.6
2015,09,18,6,281.4
2015,09,18,7,281.9
2015,09,19,0,281.3
2015,09,19,1,280.5
2015,09,19,2,280.4
2015,09,19,3,280.6
2015,09,19,4,280.1
2015,09,19,5,279.0
2015,09,19,6,279.5
2015,09,19,7,280.0
2015,09,20,0,279.1
2015,09,20,1,277.8
2015,09,20,2,277.4
2015,09,20,3,277.3
2015,09,20,4,275.6
2015,09,20,5,277.2
2015,09,20,6,276.6
2015,09,20,7,277.5
2015,09,21,0,278.3
2015,09,21,1,276.8
2015,09,21,2,279.3
2015,09,21,3,279.4
2015,09,21,4,279.5
2015,09,21,5,279.3
2015,09,21,6,279.1
2015,09,21,7,278.2
2015,09,22,0,279.4
2015,09,22,1,276.7
2015,09,22,2,274.5
2015,09,22,3,276.4
2015,09,22,4,276.1
2015,09,22,5,275.6
2015,09,22,6,274.7
2015,09,22,7,274.9
2015,09,23,0,279.0
2015,09,23,1,280.1
2015,09,23,2,282.1
2015,09,23,3,282.7
2015,09,23,4,283.2
2015,09,23,5,283.6
2015,09,23,6,283.4
2015,09,23,7,283.1
2015,09,24,0,283.1
2015,09,24,1,283.1
2015,09,24,2,282.2
2015,09,24,3,281.9
2015,09,24,4,282.5
2015,09,24,5,281.6
2015,09,24,6,279.3
2015,09,24,7,277.1
2015,09,25,0,279.7
2015,09,25,1,279.7
2015,09,25,2,278.7
2015,09,25,3,278.2
2015,09,25,4,278.6
2015,09,25,5,278.8
2015,09,25,6,278.5
2015,09,25,7,277.4
2015,09,26,0,279.6
2015,09,26,1,279.1
2015,09,26,2,278.4
2015,09,26,3,278.1
2015,09,26,4,278.3
2015,09,26,5,278.3
2015,09,26,6,277.8
2015,09,26,7,277.4
2015,09,27,0,277.5
2015,09,27,1,277.6
2015,09,27,2,278.4
2015,09,27,3,278.8
2015,09,27,4,279.2
2015,09,27,5,279.2
2015,09,27,6,278.7
2015,09,27,7,278.6
2015,09,28,0,278.8
2015,09,28,1,278.8
2015,09,28,2,278.8
2015,09,28,3,278.6
2015,09,28,4,279.1
2015,09,28,5,279.2
2015,09,28,6,279.1
2015,09,28,7,279.6
2015,09,29,0,279.6
2015,09,29,1,278.9
2015,09,29,2,278.8
2015,09,29,3,278.8
2015,09,29,4,279.5
2015,09,29,5,281.5
2015,09,29,6,281.0
2015,09,29,7,282.4
2015,09,30,0,281.7
2015,09,30,1,281.4
2015,09,30,2,280.4
2015,09,30,3,280.7
2015,09,30,4,281.8
2015,09,30,5,282.5
2015,09,30,6,283.2
2015,09,30,7,283.0
2015,09,31,0,282.6
2015,09,31,1,282.1
2015,09,31,2,281.1
2015,09,31,3,281.3
2015,09,31,4,281.9
2015,09,31,5,282.0
2015,09,31,6,282.4
2015,09,31,7,283.6
2015,09,1,0,283.9
2015,09,1,1,284.2
2015,09,1,2,285.1
2015,09,1,3,285.3
2015,09,1,4,285.0
2015,09,1,5,285.6
2015,09,1,6,284.4
2015,09,1,7,279.6
2015,09,2,0,280.4
2015,09,2,1,281.5
2015,09,2,2,282.0
2015,09,2,3,282.2
2015,09,2,4,283.1
2015,09,2,5,283.4
2015,09,2,6,282.1
2015,09,2,7,282.3
2015,09,3,0,283.3
2015,09,3,1,280.9
2015,09,3,2,280.3
2015,09,3,3,280.8
2015,09,3,4,279.7
2015,09,3,5,279.5
2015,09,3,6,280.0
2015,09,3,7,279.4
2015,09,4,0,279.6
2015,09,4,1,279.6
2015,09,4,2,279.7
2015,09,4,3,280.0
2015,09,4,4,280.4
2015,09,4,5,280.7
2015,09,4,6,281.1
2015,09,4,7,281.8
2015,09,5,0,281.6
2015,09,5,1,281.5
2015,09,5,2,280.7
2015,09,5,3,280.3
2015,09,5,4,280.3
2015,09,5,5,279.9
2015,09,5,6,278.6
2015,09,5,7,278.9
2015,09,6,0,279.1
2015,09,6,1,279.0
2015,09,6,2,279.2
2015,09,6,3,279.6
2015,09,6,4,279.9
2015,09,6,5,280.2
2015,09,6,6,279.8
2015,09,6,7,279.1
2015,09,7,0,279.7
2015,09,7,1,279.7
2015,09,7,2,279.9
2015,09,7,3,280.0
2015,09,7,4,279.9
2015,09,7,5,279.6
2015,09,7,6,279.9
2015,09,7,7,279.6
2015,09,8,0,280.5
2015,09,8,1,280.3
2015,09,8,2,280.2
2015,09,8,3,280.3
2015,09,8,4,280.2
2015,09,8,5,280.1
2015,09,8,6,279.3
2015,09,8,7,278.8
2015,09,9,0,279.9
2015,09,9,1,280.8
2015,09,9,2,280.1
2015,09,9,3,280.5
2015,09,9,4,279.2
2015,09,9,5,279.3
2015,09,9,6,279.2
2015,09,9,7,278.1
2015,09,10,0,278.1
2015,09,10,1,278.4
2015,09,10,2,279.6
2015,09,10,3,279.4
2015,09,10,4,278.7
2015,09,10,5,278.7
2015,09,10,6,278.9
2015,09,10,7,279.1
2015,09,11,0,280.3
2015,09,11,1,280.4
2015,09,11,2,280.7
2015,09,11,3,280.3
2015,09,11,4,280.2
2015,09,11,5,280.3
2015,09,11,6,279.0
2015,09,11,7,279.0
2015,09,12,0,279.0
2015,09,12,1,278.5
2015,09,12,2,278.8
2015,09,12,3,278.4
2015,09,12,4,278.7
2015,09,12,5,279.3
2015,09,12,6,279.6
2015,09,12,7,278.9
2015,09,13,0,279.3
2015,09,13,1,278.9
2015,09,13,2,279.0
2015,09,13,3,278.8
2015,09,13,4,278.1
2015,09,13,5,278.6
2015,09,13,6,278.0
2015,09,13,7,278.4
2015,09,14,0,278.3
2015,09,14,1,277.5
2015,09,14,2,277.1
2015,09,14,3,277.5
2015,09,14,4,277.8
2015,09,14,5,279.9
2015,09,14,6,279.5
2015,09,14,7,278.6
2015,09,15,0,279.8
2015,09,15,1,280.0
2015,09,15,2,279.4
2015,09,15,3,278.9
2015,09,15,4,279.2
2015,09,15,5,279.6
2015,09,15,6,279.6
2015,09,15,7,279.0
2015,09,16,0,280.4
2015,09,16,1,280.2
2015,09,16,2,280.5
2015,09,16,3,280.9
2015,09,16,4,281.2
2015,09,16,5,281.7
2015,09,16,6,282.4
2015,09,16,7,282.8
2015,09,17,0,283.0
2015,09,17,1,283.4
2015,09,17,2,283.8
2015,09,17,3,282.9
2015,09,17,4,283.4
2015,09,17,5,283.5
2015,09,17,6,283.3
2015,09,17,7,283.8
2015,09,18,0,284.3
2015,09,18,1,284.2
2015,09,18,2,283.7
2015,09,18,3,283.4
2015,09,18,4,283.3
2015,09,18,5,283.0
2015,09,18,6,282.9
2015,09,18,7,282.9
2015,09,19,0,282.6
2015,09,19,1,282.2
2015,09,19,2,281.6
2015,09,19,3,281.4
2015,09,19,4,280.8
2015,09,19,5,280.7
2015,09,19,6,281.3
2015,09,19,7,281.7
2015,09,20,0,282.0
2015,09,20,1,281.5
2015,09,20,2,281.0
2015,09,20,3,281.4
2015,09,20,4,282.2
2015,09,20,5,282.7
2015,09,20,6,283.0
2015,09,20,7,283.5
2015,09,21,0,284.1
2015,09,21,1,283.3
2015,09,21,2,283.1
2015,09,21,3,282.5
2015,09,21,4,281.9
2015,09,21,5,281.4
2015,09,21,6,281.4
2015,09,21,7,282.2
2015,09,22,0,284.0
2015,09,22,1,284.4
2015,09,22,2,283.0
2015,09,22,3,282.0
2015,09,22,4,282.5
2015,09,22,5,283.2
2015,09,22,6,283.8
2015,09,22,7,283.6
2015,09,23,0,284.4
2015,09,23,1,284.3
2015,09,23,2,283.9
2015,09,23,3,284.0
2015,09,23,4,284.5
2015,09,23,5,284.5
2015,09,23,6,283.8
2015,09,23,7,281.6
2015,09,24,0,282.4
2015,09,24,1,282.7
2015,09,24,2,283.4
2015,09,24,3,283.9
2015,09,24,4,284.0
2015,09,24,5,284.5
2015,09,24,6,284.6
2015,09,24,7,282.8
2015,09,25,0,283.2
2015,09,25,1,282.6
2015,09,25,2,283.1
2015,09,25,3,281.4
2015,09,25,4,282.2
2015,09,25,5,282.7
2015,09,25,6,282.9
2015,09,25,7,283.5
2015,09,26,0,283.6
2015,09,26,1,283.5
2015,09,26,2,283.1
2015,09,26,3,282.7
2015,09,26,4,282.4
2015,09,26,5,281.5
2015,09,26,6,281.6
2015,09,26,7,281.5
2015,09,27,0,282.4
2015,09,27,1,282.5
2015,09,27,2,282.4
2015,09,27,3,282.3
2015,09,27,4,282.7
2015,09,27,5,283.3
2015,09,27,6,282.7
2015,09,27,7,282.5
2015,09,28,0,283.1
2015,09,28,1,282.8
2015,09,28,2,282.4
2015,09,28,3,282.0
2015,09,28,4,281.9
2015,09,28,5,282.0
2015,09,28,6,281.9
2015,09,28,7,281.8
2015,09,29,0,281.0
2015,09,29,1,281.7
2015,09,29,2,282.3
2015,09,29,3,282.5
2015,09,29,4,282.7
2015,09,29,5,283.0
2015,09,29,6,281.3
2015,09,29,7,280.8
2015,09,30,0,280.5
2015,09,30,1,281.3
2015,09,30,2,281.6
2015,09,30,3,281.6
2015,09,30,4,281.9
2015,09,30,5,282.3
2015,09,30,6,281.5
2015,09,30,7,281.4
2015,09,1,0,282.0
2015,09,1,1,282.6
2015,09,1,2,282.5
2015,09,1,3,282.8
2015,09,1,4,282.9
2015,09,1,5,281.7
2015,09,1,6,281.4
2015,09,1,7,281.8
2015,09,2,0,281.8
2015,09,2,1,282.1
2015,09,2,2,282.3
2015,09,2,3,282.2
2015,09,2,4,282.8
2015,09,2,5,283.1
2015,09,2,6,281.3
2015,09,2,7,281.0
2015,09,3,0,282.3
2015,09,3,1,283.3
2015,09,3,2,283.2
2015,09,3,3,283.1
2015,09,3,4,282.7
2015,09,3,5,282.2
2015,09,3,6,281.2
2015,09,3,7,281.7
2015,09,4,0,282.0
2015,09,4,1,281.9
2015,09,4,2,282.3
2015,09,4,3,283.2
2015,09,4,4,283.7
2015,09,4,5,282.8
2015,09,4,6,282.7
2015,09,4,7,282.2
2015,09,5,0,283.0
2015,09,5,1,282.9
2015,09,5,2,281.9
2015,09,5,3,281.3
2015,09,5,4,281.6
2015,09,5,5,281.7
2015,09,5,6,281.6
2015,09,5,7,281.2
2015,09,6,0,285.5
2015,09,6,1,285.2
2015,09,6,2,284.1
2015,09,6,3,283.0
2015,09,6,4,283.8
2015,09,6,5,284.3
2015,09,6,6,283.1
2015,09,6,7,280.7
2015,09,7,0,284.9
2015,09,7,1,282.6
2015,09,7,2,282.2
2015,09,7,3,281.6
2015,09,7,4,282.6
2015,09,7,5,282.3
2015,09,7,6,281.8
2015,09,7,7,279.3
2015,09,8,0,284.1
2015,09,8,1,282.8
2015,09,8,2,282.3
2015,09,8,3,282.6
2015,09,8,4,282.9
2015,09,8,5,282.9
2015,09,8,6,282.9
2015,09,8,7,283.5
2015,09,9,0,284.2
2015,09,9,1,283.2
2015,09,9,2,283.3
2015,09,9,3,284.0
2015,09,9,4,283.9
2015,09,9,5,283.9
2015,09,9,6,285.4
2015,09,9,7,285.3
2015,09,10,0,285.3
2015,09,10,1,285.4
2015,09,10,2,285.5
2015,09,10,3,284.6
2015,09,10,4,284.4
2015,09,10,5,283.7
2015,09,10,6,282.0
2015,09,10,7,280.1
2015,09,11,0,284.9
2015,09,11,1,285.6
2015,09,11,2,284.6
2015,09,11,3,283.9
2015,09,11,4,284.0
2015,09,11,5,283.9
2015,09,11,6,283.7
2015,09,11,7,283.5
2015,09,12,0,284.1
2015,09,12,1,284.0
2015,09,12,2,283.0
2015,09,12,3,283.1
2015,09,12,4,283.3
2015,09,12,5,283.3
2015,09,12,6,283.2
2015,09,12,7,283.9
2015,09,13,0,284.3
2015,09,13,1,284.1
2015,09,13,2,283.3
2015,09,13,3,282.4
2015,09,13,4,282.4
2015,09,13,5,282.9
2015,09,13,6,282.9
2015,09,13,7,282.8
2015,09,14,0,284.1
2015,09,14,1,282.1
2015,09,14,2,282.1
2015,09,14,3,282.1
2015,09,14,4,283.0
2015,09,14,5,283.8
2015,09,14,6,284.5
2015,09,14,7,284.4
2015,09,15,0,283.1
2015,09,15,1,283.4
2015,09,15,2,283.8
2015,09,15,3,283.5
2015,09,15,4,282.6
2015,09,15,5,282.5
2015,09,15,6,282.0
2015,09,15,7,281.6
2015,09,16,0,282.0
2015,09,16,1,282.8
2015,09,16,2,282.9
2015,09,16,3,282.7
2015,09,16,4,282.6
2015,09,16,5,282.0
2015,09,16,6,282.4
2015,09,16,7,282.8
2015,09,17,0,282.8
2015,09,17,1,282.7
2015,09,17,2,282.5
2015,09,17,3,282.1
2015,09,17,4,282.4
2015,09,17,5,281.6
2015,09,17,6,282.6
2015,09,17,7,283.2
2015,09,18,0,283.0
2015,09,18,1,283.0
2015,09,18,2,282.7
2015,09,18,3,282.4
2015,09,18,4,282.8
2015,09,18,5,283.3
2015,09,18,6,281.2
2015,09,18,7,282.3
2015,09,19,0,283.4
2015,09,19,1,283.1
2015,09,19,2,283.1
2015,09,19,3,282.5
2015,09,19,4,282.5
2015,09,19,5,282.8
2015,09,19,6,280.6
2015,09,19,7,280.9
2015,09,20,0,283.1
2015,09,20,1,283.2
2015,09,20,2,282.9
2015,09,20,3,282.8
2015,09,20,4,283.0
2015,09,20,5,283.0
2015,09,20,6,282.6
2015,09,20,7,282.2
2015,09,21,0,284.5
2015,09,21,1,284.8
2015,09,21,2,284.3
2015,09,21,3,284.0
2015,09,21,4,283.9
2015,09,21,5,283.7
2015,09,21,6,284.0
2015,09,21,7,284.6
2015,09,22,0,284.2
2015,09,22,1,283.9
2015,09,22,2,283.5
2015,09,22,3,283.8
2015,09,22,4,284.0
2015,09,22,5,284.1
2015,09,22,6,283.1
2015,09,22,7,283.2
2015,09,23,0,282.4
2015,09,23,1,282.7
2015,09,23,2,283.2
2015,09,23,3,283.2
2015,09,23,4,284.2
2015,09,23,5,283.2
2015,09,23,6,282.2
2015,09,23,7,282.0
2015,09,24,0,282.3
2015,09,24,1,282.9
2015,09,24,2,282.5
2015,09,24,3,282.5
2015,09,24,4,282.6
2015,09,24,5,284.6
2015,09,24,6,285.1
2015,09,24,7,283.6
2015,09,25,0,284.8
2015,09,25,1,284.5
2015,09,25,2,282.3
2015,09,25,3,282.7
2015,09,25,4,283.0
2015,09,25,5,282.9
2015,09,25,6,283.3
2015,09,25,7,281.5
2015,09,26,0,284.5
2015,09,26,1,284.2
2015,09,26,2,282.2
2015,09,26,3,282.2
2015,09,26,4,282.0
2015,09,26,5,281.9
2015,09,26,6,281.0
2015,09,26,7,281.1
2015,09,27,0,281.8
2015,09,27,1,282.3
2015,09,27,2,281.9
2015,09,27,3,281.7
2015,09,27,4,281.5
2015,09,27,5,281.6
2015,09,27,6,281.7
2015,09,27,7,281.2
2015,09,28,0,281.2
2015,09,28,1,281.6
2015,09,28,2,281.7
2015,09,28,3,281.4
2015,09,28,4,280.8
2015,09,28,5,281.2
2015,09,28,6,281.2
2015,09,28,7,280.7
2015,09,29,0,280.5
2015,09,29,1,280.7
2015,09,29,2,280.5
2015,09,29,3,279.5
2015,09,29,4,280.0
2015,09,29,5,281.1
2015,09,29,6,281.2
2015,09,29,7,281.1
2015,09,30,0,282.0
2015,09,30,1,282.1
2015,09,30,2,282.4
2015,09,30,3,282.4
2015,09,30,4,281.8
2015,09,30,5,279.4
2015,09,30,6,278.5
2015,09,30,7,279.1
2015,09,31,0,278.0
2015,09,31,1,279.8
2015,09,31,2,279.3
2015,09,31,3,280.2
2015,09,31,4,282.6
2015,09,31,5,283.8
2015,09,31,6,283.1
2015,09,31,7,283.6
2015,09,1,0,285.9
2015,09,1,1,285.3
2015,09,1,2,281.9
2015,09,1,3,282.7
2015,09,1,4,282.2
2015,09,1,5,280.9
2015,09,1,6,281.3
2015,09,1,7,281.0
2015,09,2,0,280.2
2015,09,2,1,279.5
2015,09,2,2,280.1
2015,09,2,3,282.3
2015,09,2,4,282.1
2015,09,2,5,281.8
2015,09,2,6,281.4
2015,09,2,7,280.1
2015,09,3,0,281.7
2015,09,3,1,281.7
2015,09,3,2,281.7
2015,09,3,3,282.1
2015,09,3,4,281.8
2015,09,3,5,281.8
2015,09,3,6,282.0
2015,09,3,7,281.4
2015,09,4,0,281.0
2015,09,4,1,281.8
2015,09,4,2,281.8
2015,09,4,3,282.0
2015,09,4,4,281.8
2015,09,4,5,282.1
2015,09,4,6,282.3
2015,09,4,7,281.6
2015,09,5,0,281.4
2015,09,5,1,281.6
2015,09,5,2,281.3
2015,09,5,3,281.0
2015,09,5,4,281.2
2015,09,5,5,281.3
2015,09,5,6,281.8
2015,09,5,7,282.3
2015,09,6,0,282.5
2015,09,6,1,282.2
2015,09,6,2,282.0
2015,09,6,3,281.9
2015,09,6,4,282.0
2015,09,6,5,281.8
2015,09,6,6,282.4
2015,09,6,7,282.6
2015,09,7,0,282.9
2015,09,7,1,282.9
2015,09,7,2,282.6
2015,09,7,3,282.5
2015,09,7,4,283.0
2015,09,7,5,282.6
2015,09,7,6,282.1
2015,09,7,7,282.2
2015,09,8,0,283.4
2015,09,8,1,283.1
2015,09,8,2,283.1
2015,09,8,3,282.7
2015,09,8,4,282.8
2015,09,8,5,283.1
2015,09,8,6,282.1
2015,09,8,7,281.4
2015,09,9,0,282.7
2015,09,9,1,283.1
2015,09,9,2,282.6
2015,09,9,3,282.1
2015,09,9,4,282.0
2015,09,9,5,282.3
2015,09,9,6,281.1
2015,09,9,7,281.5
2015,09,10,0,281.8
2015,09,10,1,282.8
2015,09,10,2,282.5
2015,09,10,3,282.2
2015,09,10,4,282.5
2015,09,10,5,282.3
2015,09,10,6,281.3
2015,09,10,7,281.6
2015,09,11,0,282.0
2015,09,11,1,282.8
2015,09,11,2,282.2
2015,09,11,3,282.2
2015,09,11,4,282.2
2015,09,11,5,282.2
2015,09,11,6,281.6
2015,09,11,7,282.2
2015,09,12,0,282.0
2015,09,12,1,282.0
2015,09,12,2,281.6
2015,09,12,3,281.2
2015,09,12,4,282.1
2015,09,12,5,282.4
2015,09,12,6,283.2
2015,09,12,7,283.3
2015,09,13,0,283.1
2015,09,13,1,283.8
2015,09,13,2,283.5
2015,09,13,3,283.2
2015,09,13,4,283.1
2015,09,13,5,282.9
2015,09,13,6,283.1
2015,09,13,7,283.1
2015,09,14,0,283.4
2015,09,14,1,283.4
2015,09,14,2,283.1
2015,09,14,3,282.8
2015,09,14,4,283.2
2015,09,14,5,284.0
2015,09,14,6,282.8
2015,09,14,7,283.2
2015,09,15,0,283.4
2015,09,15,1,284.3
2015,09,15,2,283.6
2015,09,15,3,283.2
2015,09,15,4,282.8
2015,09,15,5,282.5
2015,09,15,6,282.0
2015,09,15,7,281.4
2015,09,16,0,282.4
2015,09,16,1,283.1
2015,09,16,2,282.2
2015,09,16,3,281.8
2015,09,16,4,281.9
2015,09,16,5,281.6
2015,09,16,6,282.6
2015,09,16,7,282.8
2015,09,17,0,282.8
2015,09,17,1,283.0
2015,09,17,2,282.9
2015,09,17,3,283.0
2015,09,17,4,283.5
2015,09,17,5,283.3
2015,09,17,6,284.1
2015,09,17,7,284.2
2015,09,18,0,283.9
2015,09,18,1,283.0
2015,09,18,2,283.4
2015,09,18,3,282.7
2015,09,18,4,282.4
2015,09,18,5,282.4
2015,09,18,6,282.3
2015,09,18,7,282.3
2015,09,19,0,282.0
2015,09,19,1,281.6
2015,09,19,2,282.0
2015,09,19,3,282.0
2015,09,19,4,282.2
2015,09,19,5,281.6
2015,09,19,6,282.7
2015,09,19,7,283.7
2015,09,20,0,283.9
2015,09,20,1,283.2
2015,09,20,2,282.7
2015,09,20,3,282.7
2015,09,20,4,282.4
2015,09,20,5,281.8
2015,09,20,6,281.5
2015,09,20,7,282.5
2015,09,21,0,282.5
2015,09,21,1,281.8
2015,09,21,2,281.0
2015,09,21,3,280.5
2015,09,21,4,281.8
2015,09,21,5,282.2
2015,09,21,6,282.1
2015,09,21,7,282.7
2015,09,22,0,283.1
2015,09,22,1,283.6
2015,09,22,2,283.0
2015,09,22,3,282.3
2015,09,22,4,282.4
2015,09,22,5,282.7
2015,09,22,6,282.7
2015,09,22,7,282.7
2015,09,23,0,283.2
2015,09,23,1,284.0
2015,09,23,2,284.3
2015,09,23,3,284.1
2015,09,23,4,284.2
2015,09,23,5,284.0
2015,09,23,6,283.3
2015,09,23,7,282.2
2015,09,24,0,282.8
2015,09,24,1,282.7
2015,09,24,2,283.2
2015,09,24,3,283.7
2015,09,24,4,284.5
2015,09,24,5,284.6
2015,09,24,6,283.7
2015,09,24,7,283.9
2015,09,25,0,285.7
2015,09,25,1,284.9
2015,09,25,2,283.5
2015,09,25,3,283.9
2015,09,25,4,282.4
2015,09,25,5,283.1
2015,09,25,6,283.2
2015,09,25,7,283.0
2015,09,26,0,282.8
2015,09,26,1,282.4
2015,09,26,2,282.2
2015,09,26,3,282.9
2015,09,26,4,283.4
2015,09,26,5,282.7
2015,09,26,6,282.2
2015,09,26,7,282.4
2015,09,27,0,282.4
2015,09,27,1,282.4
2015,09,27,2,283.1
2015,09,27,3,282.4
2015,09,27,4,283.0
2015,09,27,5,281.9
2015,09,27,6,278.8
2015,09,27,7,280.8
2015,09,28,0,280.0
2015,09,28,1,283.6
2015,09,28,2,283.9
2015,09,28,3,283.3
2015,09,28,4,282.9
2015,09,28,5,282.0
2015,09,28,6,282.0
2015,09,28,7,281.9
2015,09,29,0,283.2
2015,09,29,1,283.1
2015,09,29,2,282.3
2015,09,29,3,281.7
2015,09,29,4,281.8
2015,09,29,5,282.3
2015,09,29,6,282.9
2015,09,29,7,282.9
2015,09,30,0,282.5
2015,09,30,1,282.9
2015,09,30,2,283.4
2015,09,30,3,282.6
2015,09,30,4,282.3
2015,09,30,5,282.6
2015,09,30,6,282.9
2015,09,30,7,283.1
2015,09,1,0,282.8
2015,09,1,1,282.8
2015,09,1,2,282.9
2015,09,1,3,283.6
2015,09,1,4,284.1
2015,09,1,5,282.9
2015,09,1,6,283.0
2015,09,1,7,283.4
2015,09,2,0,283.6
2015,09,2,1,284.1
2015,09,2,2,283.0
2015,09,2,3,283.0
2015,09,2,4,283.0
2015,09,2,5,283.3
2015,09,2,6,283.4
2015,09,2,7,283.3
2015,09,3,0,282.9
2015,09,3,1,282.8
2015,09,3,2,282.6
2015,09,3,3,282.8
2015,09,3,4,283.7
2015,09,3,5,284.1
2015,09,3,6,283.5
2015,09,3,7,283.4
2015,09,4,0,283.4
2015,09,4,1,282.9
2015,09,4,2,283.3
2015,09,4,3,282.5
2015,09,4,4,283.5
2015,09,4,5,284.3
2015,09,4,6,284.5
2015,09,4,7,283.8
2015,09,5,0,283.0
2015,09,5,1,282.7
2015,09,5,2,282.7
2015,09,5,3,282.8
2015,09,5,4,283.7
2015,09,5,5,283.8
2015,09,5,6,283.4
2015,09,5,7,282.4
2015,09,6,0,282.6
2015,09,6,1,283.3
2015,09,6,2,283.3
2015,09,6,3,283.0
2015,09,6,4,283.1
2015,09,6,5,283.3
2015,09,6,6,282.8
2015,09,6,7,282.8
2015,09,7,0,282.8
2015,09,7,1,283.1
2015,09,7,2,283.3
2015,09,7,3,283.1
2015,09,7,4,282.9
2015,09,7,5,282.9
2015,09,7,6,282.8
2015,09,7,7,283.7
2015,09,8,0,283.5
2015,09,8,1,282.9
2015,09,8,2,282.7
2015,09,8,3,283.4
2015,09,8,4,283.8
2015,09,8,5,283.9
2015,09,8,6,283.4
2015,09,8,7,282.8
2015,09,9,0,282.7
2015,09,9,1,282.8
2015,09,9,2,282.3
2015,09,9,3,282.4
2015,09,9,4,282.7
2015,09,9,5,283.0
2015,09,9,6,283.0
2015,09,9,7,283.2
2015,09,10,0,283.4
2015,09,10,1,283.1
2015,09,10,2,283.0
2015,09,10,3,283.2
2015,09,10,4,283.1
2015,09,10,5,282.8
2015,09,10,6,283.1
2015,09,10,7,283.2
2015,09,11,0,283.3
2015,09,11,1,283.5
2015,09,11,2,282.7
2015,09,11,3,281.9
2015,09,11,4,281.6
2015,09,11,5,281.8
2015,09,11,6,281.5
2015,09,11,7,282.1
2015,09,12,0,282.7
2015,09,12,1,282.4
2015,09,12,2,282.4
2015,09,12,3,281.9
2015,09,12,4,282.0
2015,09,12,5,282.1
2015,09,12,6,281.9
2015,09,12,7,281.5
2015,09,13,0,281.7
2015,09,13,1,282.1
2015,09,13,2,282.1
2015,09,13,3,281.9
2015,09,13,4,282.4
2015,09,13,5,282.8
2015,09,13,6,282.4
2015,09,13,7,281.7
2015,09,14,0,281.8
2015,09,14,1,282.8
2015,09,14,2,282.4
2015,09,14,3,281.8
2015,09,14,4,282.4
2015,09,14,5,283.0
2015,09,14,6,283.2
2015,09,14,7,281.5
2015,09,15,0,282.9
2015,09,15,1,281.9
2015,09,15,2,282.0
2015,09,15,3,282.7
2015,09,15,4,283.4
2015,09,15,5,283.4
2015,09,15,6,284.4
2015,09,15,7,284.3
2015,09,16,0,284.9
2015,09,16,1,285.2
2015,09,16,2,283.7
2015,09,16,3,282.2
2015,09,16,4,283.2
2015,09,16,5,283.2
2015,09,16,6,283.6
2015,09,16,7,281.8
2015,09,17,0,280.7
2015,09,17,1,282.2
2015,09,17,2,282.5
2015,09,17,3,281.6
2015,09,17,4,282.0
2015,09,17,5,281.7
2015,09,17,6,281.3
2015,09,17,7,281.0
2015,09,18,0,280.9
2015,09,18,1,281.6
2015,09,18,2,281.4
2015,09,18,3,281.0
2015,09,18,4,280.7
2015,09,18,5,280.9
2015,09,18,6,280.7
2015,09,18,7,281.2
2015,09,19,0,281.1
2015,09,19,1,281.2
2015,09,19,2,280.5
2015,09,19,3,280.7
2015,09,19,4,280.7
2015,09,19,5,280.7
2015,09,19,6,281.0
2015,09,19,7,281.5
2015,09,20,0,281.4
2015,09,20,1,280.9
2015,09,20,2,280.2
2015,09,20,3,280.2
2015,09,20,4,280.8
2015,09,20,5,281.2
2015,09,20,6,280.3
2015,09,20,7,280.7
2015,09,21,0,280.6
2015,09,21,1,280.0
2015,09,21,2,280.2
2015,09,21,3,280.6
2015,09,21,4,280.6
2015,09,21,5,281.8
2015,09,21,6,281.1
2015,09,21,7,280.1
2015,09,22,0,282.7
2015,09,22,1,281.1
2015,09,22,2,281.4
2015,09,22,3,282.5
2015,09,22,4,282.9
2015,09,22,5,282.4
2015,09,22,6,283.5
2015,09,22,7,282.5
2015,09,23,0,282.6
2015,09,23,1,282.6
2015,09,23,2,282.7
2015,09,23,3,283.1
2015,09,23,4,283.8
2015,09,23,5,283.4
2015,09,23,6,284.8
2015,09,23,7,285.0
2015,09,24,0,284.6
2015,09,24,1,283.7
2015,09,24,2,283.1
2015,09,24,3,284.2
2015,09,24,4,284.1
2015,09,24,5,284.7
2015,09,24,6,284.1
2015,09,24,7,283.2
2015,09,25,0,281.9
2015,09,25,1,282.8
2015,09,25,2,280.9
2015,09,25,3,280.4
2015,09,25,4,281.3
2015,09,25,5,282.1
2015,09,25,6,280.7
2015,09,25,7,280.9
2015,09,26,0,281.6
2015,09,26,1,282.0
2015,09,26,2,281.7
2015,09,26,3,281.5
2015,09,26,4,281.3
2015,09,26,5,281.1
2015,09,26,6,280.8
2015,09,26,7,281.5
2015,09,27,0,281.2
2015,09,27,1,281.5
2015,09,27,2,280.7
2015,09,27,3,280.3
2015,09,27,4,280.6
2015,09,27,5,280.8
2015,09,27,6,280.1
2015,09,27,7,280.5
2015,09,28,0,280.9
2015,09,28,1,281.3
2015,09,28,2,281.1
2015,09,28,3,280.6
2015,09,28,4,281.0
2015,09,28,5,281.2
2015,09,28,6,280.1
2015,09,28,7,280.1
2015,09,29,0,280.6
2015,09,29,1,281.1
2015,09,29,2,280.8
2015,09,29,3,280.8
2015,09,29,4,281.7
2015,09,29,5,282.1
2015,09,29,6,282.1
2015,09,29,7,282.2
2015,09,30,0,282.5
2015,09,30,1,282.7
2015,09,30,2,283.0
2015,09,30,3,282.7
2015,09,30,4,282.4
2015,09,30,5,282.4
2015,09,30,6,282.6
2015,09,30,7,282.8
2015,09,31,0,283.1
2015,09,31,1,283.1
2015,09,31,2,282.7
2015,09,31,3,282.4
2015,09,31,4,283.1
2015,09,31,5,283.7
2015,09,31,6,283.3
2015,09,31,7,282.6
2016,09,1,0,282.3
2016,09,1,1,282.4
2016,09,1,2,283.5
2016,09,1,3,284.9
2016,09,1,4,284.1
2016,09,1,5,284.1
2016,09,1,6,283.7
2016,09,1,7,283.5
2016,09,5,0,281.5
2016,09,5,1,281.4
2016,09,5,2,281.4
2016,09,5,3,281.9
2016,09,5,4,282.7
2016,09,5,5,282.7
2016,09,5,6,283.0
2016,09,5,7,283.9
2016,09,6,0,284.9
2016,09,6,1,284.3
2016,09,6,2,283.5
2016,09,6,3,283.7
2016,09,6,4,284.0
2016,09,6,5,283.9
2016,09,6,6,283.5
2016,09,6,7,283.9
2016,09,7,0,284.0
2016,09,7,1,282.5
2016,09,7,2,284.9
2016,09,7,3,286.2
2016,09,7,4,285.2
2016,09,7,5,284.3
2016,09,7,6,283.8
2016,09,7,7,283.1
2016,09,8,0,281.4
2016,09,8,1,281.1
2016,09,8,2,282.0
2016,09,8,3,282.9
2016,09,8,4,283.1
2016,09,8,5,283.0
2016,09,8,6,282.4
2016,09,8,7,282.5
2016,09,9,0,283.4
2016,09,9,1,282.6
2016,09,9,2,282.7
2016,09,9,3,282.8
2016,09,9,4,282.5
2016,09,9,5,282.9
2016,09,9,6,282.7
2016,09,9,7,281.8
2016,09,10,0,282.8
2016,09,10,1,283.0
2016,09,10,2,282.8
2016,09,10,3,282.2
2016,09,10,4,282.8
2016,09,10,5,283.6
2016,09,10,6,282.8
2016,09,10,7,282.5
2016,09,11,0,283.4
2016,09,11,1,284.0
2016,09,11,2,283.3
2016,09,11,3,282.9
2016,09,11,4,283.0
2016,09,11,5,283.6
2016,09,11,6,283.6
2016,09,11,7,282.8
2016,09,12,0,282.7
2016,09,12,1,283.1
2016,09,12,2,283.4
2016,09,12,3,283.6
2016,09,12,4,283.4
2016,09,12,5,283.4
2016,09,12,6,283.5
2016,09,12,7,283.2
2016,09,13,0,283.3
2016,09,13,1,283.0
2016,09,13,2,283.0
2016,09,13,3,283.4
2016,09,13,4,283.2
2016,09,13,5,283.0
2016,09,13,6,283.1
2016,09,13,7,282.9
2016,09,14,0,283.6
2016,09,14,1,283.9
2016,09,14,2,283.1
2016,09,14,3,283.0
2016,09,14,4,283.5
2016,09,14,5,283.5
2016,09,14,6,283.1
2016,09,14,7,283.2
2016,09,15,0,284.7
2016,09,15,1,284.0
2016,09,15,2,282.8
2016,09,15,3,282.8
2016,09,15,4,282.9
2016,09,15,5,283.2
2016,09,15,6,282.9
2016,09,15,7,282.7
2016,09,16,0,282.9
2016,09,16,1,283.1
2016,09,16,2,282.7
2016,09,16,3,282.2
2016,09,16,4,282.0
2016,09,16,5,282.3
2016,09,16,6,282.4
2016,09,16,7,282.3
2016,09,17,0,282.2
2016,09,17,1,282.8
2016,09,17,2,282.4
2016,09,17,3,282.5
2016,09,17,4,282.7
2016,09,17,5,283.8
2016,09,17,6,283.5
2016,09,17,7,283.9
2016,09,18,0,284.3
2016,09,18,1,283.8
2016,09,18,2,282.6
2016,09,18,3,282.6
2016,09,18,4,283.0
2016,09,18,5,283.1
2016,09,18,6,283.2
2016,09,18,7,283.0
2016,09,19,0,283.3
2016,09,19,1,283.2
2016,09,19,2,283.0
2016,09,19,3,282.6
2016,09,19,4,282.6
2016,09,19,5,283.1
2016,09,19,6,283.1
2016,09,19,7,283.4
2016,09,20,0,284.0
2016,09,20,1,283.6
2016,09,20,2,282.7
2016,09,20,3,282.4
2016,09,20,4,282.5
2016,09,20,5,282.5
2016,09,20,6,282.4
2016,09,20,7,282.4
2016,09,21,0,282.5
2016,09,21,1,282.7
2016,09,21,2,282.1
2016,09,21,3,282.0
2016,09,21,4,281.7
2016,09,21,5,281.2
2016,09,21,6,280.5
2016,09,21,7,280.9
2016,09,22,0,281.9
2016,09,22,1,281.5
2016,09,22,2,280.9
2016,09,22,3,280.9
2016,09,22,4,281.3
2016,09,22,5,281.4
2016,09,22,6,281.6
2016,09,22,7,281.5
2016,09,23,0,281.8
2016,09,23,1,281.6
2016,09,23,2,282.4
2016,09,23,3,282.5
2016,09,23,4,281.7
2016,09,23,5,282.1
2016,09,23,6,282.2
2016,09,23,7,282.0
2016,09,24,0,282.0
2016,09,24,1,282.3
2016,09,24,2,282.2
2016,09,24,3,281.5
2016,09,24,4,282.7
2016,09,24,5,282.9
2016,09,24,6,282.5
2016,09,24,7,281.7
2016,09,25,0,281.9
2016,09,25,1,282.2
2016,09,25,2,282.3
2016,09,25,3,282.1
2016,09,25,4,282.2
2016,09,25,5,282.5
2016,09,25,6,282.4
2016,09,25,7,281.9
2016,09,26,0,282.0
2016,09,26,1,282.5
2016,09,26,2,283.1
2016,09,26,3,283.6
2016,09,26,4,283.7
2016,09,26,5,283.9
2016,09,26,6,283.7
2016,09,26,7,282.9
2016,09,27,0,282.7
2016,09,27,1,282.8
2016,09,27,2,283.2
2016,09,27,3,282.8
2016,09,27,4,283.1
2016,09,27,5,283.6
2016,09,27,6,282.8
2016,09,27,7,282.7
2016,09,28,0,284.0
2016,09,28,1,283.6
2016,09,28,2,282.2
2016,09,28,3,282.2
2016,09,28,4,282.8
2016,09,28,5,283.4
2016,09,28,6,282.9
2016,09,28,7,282.8
2016,09,29,0,283.5
2016,09,29,1,284.1
2016,09,29,2,284.6
2016,09,29,3,283.8
2016,09,29,4,284.0
2016,09,29,5,282.6
2016,09,29,6,281.0
2016,09,29,7,281.0
2016,09,30,0,280.5
2016,09,30,1,279.2
2016,09,30,2,280.4
2016,09,30,3,280.5
2016,09,30,4,280.6
2016,09,30,5,281.0
2016,09,30,6,279.9
2016,09,30,7,281.2
2016,09,31,0,279.7
2016,09,31,1,280.0
2016,09,31,2,278.5
2016,09,31,3,280.4
2016,09,31,4,281.1
2016,09,31,5,282.2
2016,09,31,6,282.3
2016,09,31,7,281.5
2016,09,1,0,281.8
2016,09,1,1,282.2
2016,09,1,2,282.5
2016,09,1,3,283.1
2016,09,1,4,283.7
2016,09,1,5,284.1
2016,09,1,6,283.9
2016,09,1,7,284.7
2016,09,2,0,286.0
2016,09,2,1,286.0
2016,09,2,2,285.1
2016,09,2,3,285.2
2016,09,2,4,284.0
2016,09,2,5,284.0
2016,09,2,6,284.4
2016,09,2,7,283.3
2016,09,3,0,284.1
2016,09,3,1,282.5
2016,09,3,2,281.4
2016,09,3,3,282.5
2016,09,3,4,282.4
2016,09,3,5,282.6
2016,09,3,6,282.2
2016,09,3,7,281.5
2016,09,4,0,279.7
2016,09,4,1,280.6
2016,09,4,2,280.6
2016,09,4,3,282.9
2016,09,4,4,283.0
2016,09,4,5,281.3
2016,09,4,6,279.7
2016,09,4,7,281.4
2016,09,5,0,281.8
2016,09,5,1,282.1
2016,09,5,2,281.4
2016,09,5,3,282.4
2016,09,5,4,282.9
2016,09,5,5,283.5
2016,09,5,6,283.6
2016,09,5,7,283.7
2016,09,6,0,285.4
2016,09,6,1,286.8
2016,09,6,2,286.4
2016,09,6,3,286.1
2016,09,6,4,285.8
2016,09,6,5,285.9
2016,09,6,6,285.5
2016,09,6,7,284.7
2016,09,7,0,285.1
2016,09,7,1,285.6
2016,09,7,2,284.5
2016,09,7,3,284.3
2016,09,7,4,284.6
2016,09,7,5,282.1
2016,09,7,6,281.4
2016,09,7,7,281.2
2016,09,8,0,282.6
2016,09,8,1,283.6
2016,09,8,2,283.8
2016,09,8,3,284.0
2016,09,8,4,284.3
2016,09,8,5,284.5
2016,09,8,6,284.6
2016,09,8,7,285.1
2016,09,9,0,285.9
2016,09,9,1,285.8
2016,09,9,2,285.3
2016,09,9,3,285.4
2016,09,9,4,285.6
2016,09,9,5,285.6
2016,09,9,6,285.4
2016,09,9,7,286.0
2016,09,10,0,286.9
2016,09,10,1,287.6
2016,09,10,2,286.9
2016,09,10,3,285.7
2016,09,10,4,286.7
2016,09,10,5,286.6
2016,09,10,6,287.2
2016,09,10,7,286.9
2016,09,11,0,287.0
2016,09,11,1,286.6
2016,09,11,2,286.3
2016,09,11,3,286.9
2016,09,11,4,285.6
2016,09,11,5,284.6
2016,09,11,6,284.5
2016,09,11,7,283.6
2016,09,12,0,281.9
2016,09,12,1,282.1
2016,09,12,2,281.6
2016,09,12,3,281.4
2016,09,12,4,281.7
2016,09,12,5,282.1
2016,09,12,6,282.8
2016,09,12,7,283.3
2016,09,13,0,283.3
2016,09,13,1,282.6
2016,09,13,2,281.5
2016,09,13,3,282.1
2016,09,13,4,282.5
2016,09,13,5,282.9
2016,09,13,6,283.5
2016,09,13,7,281.9
2016,09,14,0,282.0
2016,09,14,1,283.1
2016,09,14,2,282.8
2016,09,14,3,282.1
2016,09,14,4,282.5
2016,09,14,5,283.3
2016,09,14,6,283.6
2016,09,14,7,282.7
2016,09,15,0,283.1
2016,09,15,1,283.2
2016,09,15,2,282.3
2016,09,15,3,283.2
2016,09,15,4,282.8
2016,09,15,5,282.7
2016,09,15,6,283.1
2016,09,15,7,282.5
2016,09,16,0,282.1
2016,09,16,1,282.2
2016,09,16,2,282.1
2016,09,16,3,281.5
2016,09,16,4,282.2
2016,09,16,5,282.7
2016,09,16,6,282.6
2016,09,16,7,282.1
2016,09,17,0,282.0
2016,09,17,1,281.7
2016,09,17,2,280.9
2016,09,17,3,281.2
2016,09,17,4,281.7
2016,09,17,5,282.9
2016,09,17,6,283.2
2016,09,17,7,282.4
2016,09,18,0,283.1
2016,09,18,1,283.3
2016,09,18,2,283.2
2016,09,18,3,283.6
2016,09,18,4,282.5
2016,09,18,5,282.3
2016,09,18,6,283.0
2016,09,18,7,282.9
2016,09,19,0,283.3
2016,09,19,1,283.2
2016,09,19,2,282.6
2016,09,19,3,282.6
2016,09,19,4,282.5
2016,09,19,5,282.6
2016,09,19,6,282.5
2016,09,19,7,282.7
2016,09,20,0,283.3
2016,09,20,1,282.7
2016,09,20,2,282.4
2016,09,20,3,281.9
2016,09,20,4,282.2
2016,09,20,5,282.8
2016,09,20,6,282.7
2016,09,20,7,282.4
2016,09,21,0,283.5
2016,09,21,1,283.7
2016,09,21,2,281.6
2016,09,21,3,281.1
2016,09,21,4,281.4
2016,09,21,5,282.3
2016,09,21,6,281.8
2016,09,21,7,281.7
2016,09,22,0,281.8
2016,09,22,1,282.3
2016,09,22,2,281.4
2016,09,22,3,281.6
2016,09,22,4,282.3
2016,09,22,5,282.3
2016,09,22,6,283.3
2016,09,22,7,284.3
2016,09,23,0,283.1
2016,09,23,1,282.7
2016,09,23,2,282.1
2016,09,23,3,281.8
2016,09,23,4,282.1
2016,09,23,5,282.4
2016,09,23,6,282.0
2016,09,23,7,281.7
2016,09,24,0,282.0
2016,09,24,1,282.2
2016,09,24,2,281.8
2016,09,24,3,282.0
2016,09,24,4,282.3
2016,09,24,5,282.7
2016,09,24,6,282.2
2016,09,24,7,281.4
2016,09,25,0,281.5
2016,09,25,1,281.6
2016,09,25,2,281.6
2016,09,25,3,281.7
2016,09,25,4,281.9
2016,09,25,5,282.4
2016,09,25,6,282.0
2016,09,25,7,281.3
2016,09,26,0,281.5
2016,09,26,1,282.0
2016,09,26,2,282.0
2016,09,26,3,282.5
2016,09,26,4,282.3
2016,09,26,5,282.4
2016,09,26,6,282.9
2016,09,26,7,283.3
2016,09,27,0,283.2
2016,09,27,1,283.0
2016,09,27,2,282.8
2016,09,27,3,282.6
2016,09,27,4,282.6
2016,09,27,5,282.9
2016,09,27,6,283.0
2016,09,27,7,283.2
2016,09,28,0,283.1
2016,09,28,1,283.2
2016,09,28,2,283.3
2016,09,28,3,282.9
2016,09,28,4,282.8
2016,09,28,5,283.3
2016,09,28,6,282.7
2016,09,28,7,282.7
2016,09,29,0,283.0
2016,09,29,1,283.3
2016,09,29,2,283.2
2016,09,29,3,283.5
2016,09,29,4,284.2
2016,09,29,5,283.8
2016,09,29,6,283.7
2016,09,29,7,283.5
2016,09,1,0,283.5
2016,09,1,1,282.7
2016,09,1,2,283.0
2016,09,1,3,283.8
2016,09,1,4,284.4
2016,09,1,5,284.4
2016,09,1,6,285.2
2016,09,1,7,284.8
2016,09,2,0,285.5
2016,09,2,1,284.4
2016,09,2,2,283.4
2016,09,2,3,283.4
2016,09,2,4,283.5
2016,09,2,5,283.6
2016,09,2,6,283.7
2016,09,2,7,283.7
2016,09,3,0,285.5
2016,09,3,1,286.5
2016,09,3,2,284.6
2016,09,3,3,284.5
2016,09,3,4,285.2
2016,09,3,5,284.8
2016,09,3,6,283.3
2016,09,3,7,282.4
2016,09,4,0,283.1
2016,09,4,1,284.2
2016,09,4,2,284.2
2016,09,4,3,283.6
2016,09,4,4,282.0
2016,09,4,5,280.9
2016,09,4,6,280.0
2016,09,4,7,281.6
2016,09,5,0,282.0
2016,09,5,1,281.9
2016,09,5,2,281.7
2016,09,5,3,281.2
2016,09,5,4,281.4
2016,09,5,5,282.1
2016,09,5,6,282.1
2016,09,5,7,282.0
2016,09,6,0,281.9
2016,09,6,1,281.7
2016,09,6,2,281.6
2016,09,6,3,281.0
2016,09,6,4,281.5
2016,09,6,5,281.9
2016,09,6,6,281.6
2016,09,6,7,281.7
2016,09,7,0,281.7
2016,09,7,1,282.2
2016,09,7,2,281.8
2016,09,7,3,281.6
2016,09,7,4,282.7
2016,09,7,5,283.3
2016,09,7,6,283.3
2016,09,7,7,283.3
2016,09,8,0,283.4
2016,09,8,1,283.9
2016,09,8,2,283.2
2016,09,8,3,283.7
2016,09,8,4,283.8
2016,09,8,5,283.8
2016,09,8,6,284.8
2016,09,8,7,285.1
2016,09,9,0,284.3
2016,09,9,1,283.3
2016,09,9,2,282.7
2016,09,9,3,283.3
2016,09,9,4,284.4
2016,09,9,5,284.9
2016,09,9,6,284.1
2016,09,9,7,284.8
2016,09,10,0,285.1
2016,09,10,1,284.9
2016,09,10,2,285.0
2016,09,10,3,284.0
2016,09,10,4,284.8
2016,09,10,5,284.8
2016,09,10,6,284.7
2016,09,10,7,283.7
2016,09,11,0,284.2
2016,09,11,1,284.5
2016,09,11,2,283.9
2016,09,11,3,283.7
2016,09,11,4,283.6
2016,09,11,5,283.5
2016,09,11,6,282.6
2016,09,11,7,281.6
2016,09,12,0,281.3
2016,09,12,1,281.4
2016,09,12,2,282.1
2016,09,12,3,282.1
2016,09,12,4,281.8
2016,09,12,5,282.4
2016,09,12,6,281.9
2016,09,12,7,281.8
2016,09,13,0,282.8
2016,09,13,1,282.9
2016,09,13,2,281.5
2016,09,13,3,281.7
2016,09,13,4,282.0
2016,09,13,5,282.2
2016,09,13,6,281.8
2016,09,13,7,282.3
2016,09,14,0,282.9
2016,09,14,1,281.9
2016,09,14,2,280.7
2016,09,14,3,280.6
2016,09,14,4,281.4
2016,09,14,5,282.0
2016,09,14,6,281.8
2016,09,14,7,281.3
2016,09,15,0,281.8
2016,09,15,1,281.7
2016,09,15,2,280.7
2016,09,15,3,281.2
2016,09,15,4,282.3
2016,09,15,5,283.4
2016,09,15,6,282.6
2016,09,15,7,280.0
2016,09,16,0,280.6
2016,09,16,1,280.9
2016,09,16,2,280.7
2016,09,16,3,281.2
2016,09,16,4,281.3
2016,09,16,5,281.3
2016,09,16,6,281.2
2016,09,16,7,280.8
2016,09,17,0,280.7
2016,09,17,1,279.9
2016,09,17,2,279.5
2016,09,17,3,280.1
2016,09,17,4,280.6
2016,09,17,5,280.7
2016,09,17,6,280.3
2016,09,17,7,280.3
2016,09,18,0,280.4
2016,09,18,1,280.3
2016,09,18,2,280.2
2016,09,18,3,280.3
2016,09,18,4,280.3
2016,09,18,5,280.8
2016,09,18,6,280.7
2016,09,18,7,281.1
2016,09,19,0,281.2
2016,09,19,1,281.2
2016,09,19,2,280.9
2016,09,19,3,280.6
2016,09,19,4,280.9
2016,09,19,5,281.3
2016,09,19,6,281.4
2016,09,19,7,280.7
2016,09,20,0,279.6
2016,09,20,1,279.2
2016,09,20,2,281.0
2016,09,20,3,282.1
2016,09,20,4,281.8
2016,09,20,5,281.9
2016,09,20,6,282.1
2016,09,20,7,282.4
2016,09,21,0,282.7
2016,09,21,1,281.8
2016,09,21,2,281.1
2016,09,21,3,281.7
2016,09,21,4,282.7
2016,09,21,5,283.2
2016,09,21,6,283.2
2016,09,21,7,283.3
2016,09,22,0,283.4
2016,09,22,1,283.2
2016,09,22,2,282.6
2016,09,22,3,283.0
2016,09,22,4,283.5
2016,09,22,5,283.2
2016,09,22,6,282.5
2016,09,22,7,282.1
2016,09,23,0,282.2
2016,09,23,1,281.9
2016,09,23,2,281.8
2016,09,23,3,282.3
2016,09,23,4,282.9
2016,09,23,5,282.3
2016,09,23,6,282.3
2016,09,23,7,281.4
2016,09,24,0,281.2
2016,09,24,1,281.9
2016,09,24,2,281.7
2016,09,24,3,281.3
2016,09,24,4,281.9
2016,09,24,5,282.3
2016,09,24,6,282.6
2016,09,24,7,282.5
2016,09,25,0,282.2
2016,09,25,1,282.2
2016,09,25,2,281.6
2016,09,25,3,281.2
2016,09,25,4,281.7
2016,09,25,5,282.3
2016,09,25,6,281.8
2016,09,25,7,281.0
2016,09,26,0,281.2
2016,09,26,1,281.6
2016,09,26,2,281.5
2016,09,26,3,281.6
2016,09,26,4,281.8
2016,09,26,5,282.0
2016,09,26,6,282.0
2016,09,26,7,281.0
2016,09,27,0,281.5
2016,09,27,1,282.4
2016,09,27,2,282.6
2016,09,27,3,282.3
2016,09,27,4,282.5
2016,09,27,5,283.0
2016,09,27,6,283.0
2016,09,27,7,283.0
2016,09,28,0,283.8
2016,09,28,1,283.7
2016,09,28,2,283.1
2016,09,28,3,283.7
2016,09,28,4,284.0
2016,09,28,5,284.4
2016,09,28,6,284.4
2016,09,28,7,284.3
2016,09,29,0,284.7
2016,09,29,1,284.2
2016,09,29,2,283.4
2016,09,29,3,283.4
2016,09,29,4,283.7
2016,09,29,5,283.7
2016,09,29,6,282.7
2016,09,29,7,283.1
2016,09,30,0,282.7
2016,09,30,1,282.5
2016,09,30,2,282.2
2016,09,30,3,282.5
2016,09,30,4,282.6
2016,09,30,5,282.5
2016,09,30,6,282.4
2016,09,30,7,281.9
2016,09,31,0,282.0
2016,09,31,1,281.4
2016,09,31,2,281.1
2016,09,31,3,281.3
2016,09,31,4,282.2
2016,09,31,5,282.2
2016,09,31,6,281.6
2016,09,31,7,282.1
2016,09,1,0,282.1
2016,09,1,1,282.4
2016,09,1,2,282.1
2016,09,1,3,281.8
2016,09,1,4,282.1
2016,09,1,5,282.4
2016,09,1,6,282.2
2016,09,1,7,281.2
2016,09,2,0,281.6
2016,09,2,1,281.2
2016,09,2,2,281.1
2016,09,2,3,281.0
2016,09,2,4,281.2
2016,09,2,5,281.1
2016,09,2,6,281.2
2016,09,2,7,281.2
2016,09,3,0,280.5
2016,09,3,1,279.9
2016,09,3,2,279.2
2016,09,3,3,279.4
2016,09,3,4,280.9
2016,09,3,5,282.5
2016,09,3,6,282.4
2016,09,3,7,279.5
2016,09,4,0,279.9
2016,09,4,1,283.6
2016,09,4,2,283.9
2016,09,4,3,284.0
2016,09,4,4,284.9
2016,09,4,5,284.8
2016,09,4,6,283.2
2016,09,4,7,280.8
2016,09,5,0,280.8
2016,09,5,1,278.9
2016,09,5,2,281.1
2016,09,5,3,281.4
2016,09,5,4,282.0
2016,09,5,5,281.3
2016,09,5,6,281.8
2016,09,5,7,281.3
2016,09,6,0,281.7
2016,09,6,1,280.6
2016,09,6,2,280.1
2016,09,6,3,282.3
2016,09,6,4,284.0
2016,09,6,5,284.0
2016,09,6,6,282.3
2016,09,6,7,281.2
2016,09,7,0,285.9
2016,09,7,1,284.9
2016,09,7,2,284.2
2016,09,7,3,284.2
2016,09,7,4,284.7
2016,09,7,5,284.4
2016,09,7,6,282.4
2016,09,7,7,281.3
2016,09,8,0,283.6
2016,09,8,1,282.5
2016,09,8,2,281.8
2016,09,8,3,282.3
2016,09,8,4,282.9
2016,09,8,5,282.9
2016,09,8,6,281.6
2016,09,8,7,278.6
2016,09,9,0,280.2
2016,09,9,1,282.1
2016,09,9,2,281.6
2016,09,9,3,282.1
2016,09,9,4,282.6
2016,09,9,5,282.7
2016,09,9,6,279.4
2016,09,9,7,279.6
2016,09,10,0,279.5
2016,09,10,1,278.4
2016,09,10,2,278.2
2016,09,10,3,279.6
2016,09,10,4,281.4
2016,09,10,5,281.4
2016,09,10,6,277.9
2016,09,10,7,274.7
2016,09,11,0,276.4
2016,09,11,1,279.2
2016,09,11,2,279.9
2016,09,11,3,281.1
2016,09,11,4,281.9
2016,09,11,5,282.3
2016,09,11,6,281.3
2016,09,11,7,280.0
2016,09,12,0,282.5
2016,09,12,1,282.8
2016,09,12,2,282.0
2016,09,12,3,282.6
2016,09,12,4,283.5
2016,09,12,5,282.1
2016,09,12,6,278.1
2016,09,12,7,277.7
2016,09,13,0,280.7
2016,09,13,1,280.4
2016,09,13,2,282.9
2016,09,13,3,284.5
2016,09,13,4,284.7
2016,09,13,5,284.0
2016,09,13,6,281.0
2016,09,13,7,279.9
2016,09,14,0,282.9
2016,09,14,1,284.9
2016,09,14,2,285.7
2016,09,14,3,286.7
2016,09,14,4,286.9
2016,09,14,5,286.5
2016,09,14,6,285.4
2016,09,14,7,284.9
2016,09,15,0,286.6
2016,09,15,1,287.3
2016,09,15,2,287.1
2016,09,15,3,286.8
2016,09,15,4,287.0
2016,09,15,5,286.7
2016,09,15,6,285.3
2016,09,15,7,285.0
2016,09,16,0,287.7
2016,09,16,1,288.3
2016,09,16,2,287.0
2016,09,16,3,286.8
2016,09,16,4,286.1
2016,09,16,5,285.1
2016,09,16,6,284.6
2016,09,16,7,284.8
2016,09,17,0,284.3
2016,09,17,1,282.3
2016,09,17,2,281.7
2016,09,17,3,281.9
2016,09,17,4,282.9
2016,09,17,5,282.7
2016,09,17,6,280.7
2016,09,17,7,280.1
2016,09,18,0,281.7
2016,09,18,1,281.8
2016,09,18,2,282.8
2016,09,18,3,284.7
2016,09,18,4,285.9
2016,09,18,5,284.8
2016,09,18,6,281.7
2016,09,18,7,281.2
2016,09,19,0,281.8
2016,09,19,1,281.6
2016,09,19,2,281.2
2016,09,19,3,281.5
2016,09,19,4,282.4
2016,09,19,5,282.9
2016,09,19,6,282.7
2016,09,19,7,283.0
2016,09,20,0,283.4
2016,09,20,1,283.6
2016,09,20,2,284.8
2016,09,20,3,285.2
2016,09,20,4,286.3
2016,09,20,5,285.8
2016,09,20,6,283.2
2016,09,20,7,280.5
2016,09,21,0,280.8
2016,09,21,1,282.3
2016,09,21,2,282.4
2016,09,21,3,283.0
2016,09,21,4,283.4
2016,09,21,5,283.1
2016,09,21,6,282.9
2016,09,21,7,282.6
2016,09,22,0,282.4
2016,09,22,1,282.2
2016,09,22,2,282.3
2016,09,22,3,282.3
2016,09,22,4,280.4
2016,09,22,5,279.6
2016,09,22,6,280.5
2016,09,22,7,280.3
2016,09,23,0,280.5
2016,09,23,1,281.0
2016,09,23,2,280.6
2016,09,23,3,278.1
2016,09,23,4,279.6
2016,09,23,5,281.4
2016,09,23,6,281.0
2016,09,23,7,281.4
2016,09,24,0,283.4
2016,09,24,1,283.6
2016,09,24,2,283.2
2016,09,24,3,283.9
2016,09,24,4,283.1
2016,09,24,5,283.3
2016,09,24,6,283.0
2016,09,24,7,283.0
2016,09,25,0,282.9
2016,09,25,1,283.5
2016,09,25,2,283.4
2016,09,25,3,283.4
2016,09,25,4,284.0
2016,09,25,5,284.5
2016,09,25,6,284.1
2016,09,25,7,284.5
2016,09,26,0,283.8
2016,09,26,1,285.7
2016,09,26,2,287.6
2016,09,26,3,286.0
2016,09,26,4,283.9
2016,09,26,5,285.0
2016,09,26,6,284.8
2016,09,26,7,283.9
2016,09,27,0,284.4
2016,09,27,1,283.2
2016,09,27,2,280.3
2016,09,27,3,281.2
2016,09,27,4,282.4
2016,09,27,5,282.1
2016,09,27,6,281.2
2016,09,27,7,280.4
2016,09,28,0,280.6
2016,09,28,1,280.6
2016,09,28,2,280.7
2016,09,28,3,282.1
2016,09,28,4,280.9
2016,09,28,5,280.5
2016,09,28,6,280.8
2016,09,28,7,280.5
2016,09,29,0,279.9
2016,09,29,1,280.0
2016,09,29,2,280.3
2016,09,29,3,280.5
2016,09,29,4,280.5
2016,09,29,5,280.0
2016,09,29,6,280.1
2016,09,29,7,280.3
2016,09,30,0,280.4
2016,09,30,1,279.3
2016,09,30,2,279.4
2016,09,30,3,279.4
2016,09,30,4,280.2
2016,09,30,5,281.2
2016,09,30,6,280.9
2016,09,30,7,280.0
2016,09,1,0,279.0
2016,09,1,1,278.7
2016,09,1,2,277.7
2016,09,1,3,278.5
2016,09,1,4,279.2
2016,09,1,5,279.7
2016,09,1,6,280.3
2016,09,1,7,280.4
2016,09,2,0,281.7
2016,09,2,1,281.7
2016,09,2,2,281.2
2016,09,2,3,280.4
2016,09,2,4,280.0
2016,09,2,5,280.0
2016,09,2,6,279.9
2016,09,2,7,281.0
2016,09,3,0,282.0
2016,09,3,1,282.6
2016,09,3,2,282.8
2016,09,3,3,282.3
2016,09,3,4,283.1
2016,09,3,5,283.8
2016,09,3,6,283.3
2016,09,3,7,283.5
2016,09,4,0,284.4
2016,09,4,1,284.6
2016,09,4,2,284.1
2016,09,4,3,283.7
2016,09,4,4,283.9
2016,09,4,5,283.2
2016,09,4,6,284.9
2016,09,4,7,284.9
2016,09,5,0,285.3
2016,09,5,1,285.7
2016,09,5,2,285.2
2016,09,5,3,284.8
2016,09,5,4,284.5
2016,09,5,5,284.4
2016,09,5,6,284.2
2016,09,5,7,283.9
2016,09,6,0,285.1
2016,09,6,1,286.7
2016,09,6,2,286.1
2016,09,6,3,285.2
2016,09,6,4,285.6
2016,09,6,5,285.6
2016,09,6,6,284.4
2016,09,6,7,284.1
2016,09,7,0,284.9
2016,09,7,1,283.7
2016,09,7,2,284.1
2016,09,7,3,283.3
2016,09,7,4,282.8
2016,09,7,5,281.6
2016,09,7,6,281.9
2016,09,7,7,280.2
2016,09,8,0,279.8
2016,09,8,1,279.6
2016,09,8,2,279.9
2016,09,8,3,280.1
2016,09,8,4,280.3
2016,09,8,5,280.7
2016,09,8,6,280.8
2016,09,8,7,280.1
2016,09,9,0,280.4
2016,09,9,1,280.2
2016,09,9,2,280.3
2016,09,9,3,281.0
2016,09,9,4,281.4
2016,09,9,5,281.6
2016,09,9,6,281.1
2016,09,9,7,280.8
2016,09,10,0,281.2
2016,09,10,1,281.5
2016,09,10,2,281.6
2016,09,10,3,281.4
2016,09,10,4,281.8
2016,09,10,5,282.4
2016,09,10,6,282.7
2016,09,10,7,283.5
2016,09,11,0,282.9
2016,09,11,1,283.8
2016,09,11,2,282.8
2016,09,11,3,281.6
2016,09,11,4,280.7
2016,09,11,5,279.8
2016,09,11,6,280.9
2016,09,11,7,280.5
2016,09,12,0,280.3
2016,09,12,1,280.2
2016,09,12,2,280.5
2016,09,12,3,281.0
2016,09,12,4,280.5
2016,09,12,5,281.9
2016,09,12,6,281.2
2016,09,12,7,280.1
2016,09,13,0,279.9
2016,09,13,1,280.0
2016,09,13,2,280.7
2016,09,13,3,281.1
2016,09,13,4,280.8
2016,09,13,5,279.3
2016,09,13,6,279.0
2016,09,13,7,278.2
2016,09,14,0,278.4
2016,09,14,1,278.7
2016,09,14,2,279.0
2016,09,14,3,278.3
2016,09,14,4,277.9
2016,09,14,5,277.8
2016,09,14,6,277.6
2016,09,14,7,275.8
2016,09,15,0,276.1
2016,09,15,1,277.1
2016,09,15,2,279.0
2016,09,15,3,280.2
2016,09,15,4,281.2
2016,09,15,5,281.4
2016,09,15,6,282.2
2016,09,15,7,282.9
2016,09,16,0,282.8
2016,09,16,1,282.8
2016,09,16,2,282.5
2016,09,16,3,281.6
2016,09,16,4,281.4
2016,09,16,5,282.2
2016,09,16,6,282.2
2016,09,16,7,282.3
2016,09,17,0,282.4
2016,09,17,1,282.3
2016,09,17,2,281.9
2016,09,17,3,281.2
2016,09,17,4,281.0
2016,09,17,5,281.3
2016,09,17,6,280.6
2016,09,17,7,280.8
2016,09,18,0,281.2
2016,09,18,1,280.7
2016,09,18,2,280.2
2016,09,18,3,280.4
2016,09,18,4,280.5
2016,09,18,5,280.4
2016,09,18,6,280.8
2016,09,18,7,280.3
2016,09,19,0,280.1
2016,09,19,1,280.5
2016,09,19,2,281.0
2016,09,19,3,280.9
2016,09,19,4,280.8
2016,09,19,5,280.6
2016,09,19,6,280.7
2016,09,19,7,280.3
2016,09,20,0,280.2
2016,09,20,1,280.2
2016,09,20,2,279.8
2016,09,20,3,279.6
2016,09,20,4,279.6
2016,09,20,5,280.0
2016,09,20,6,280.6
2016,09,20,7,280.0
2016,09,21,0,280.7
2016,09,21,1,280.5
2016,09,21,2,280.4
2016,09,21,3,280.3
2016,09,21,4,280.8
2016,09,21,5,281.3
2016,09,21,6,281.5
2016,09,21,7,281.2
2016,09,22,0,281.6
2016,09,22,1,281.8
2016,09,22,2,281.4
2016,09,22,3,281.1
2016,09,22,4,280.8
2016,09,22,5,281.1
2016,09,22,6,281.0
2016,09,22,7,281.1
2016,09,23,0,280.9
2016,09,23,1,280.6
2016,09,23,2,280.7
2016,09,23,3,280.6
2016,09,23,4,280.6
2016,09,23,5,281.0
2016,09,23,6,280.7
2016,09,23,7,279.6
2016,09,24,0,280.2
2016,09,24,1,277.7
2016,09,24,2,278.3
2016,09,24,3,277.8
2016,09,24,4,278.7
2016,09,24,5,280.5
2016,09,24,6,280.1
2016,09,24,7,280.1
2016,09,25,0,280.5
2016,09,25,1,280.4
2016,09,25,2,280.4
2016,09,25,3,280.3
2016,09,25,4,281.4
2016,09,25,5,281.5
2016,09,25,6,280.9
2016,09,25,7,281.9
2016,09,26,0,283.0
2016,09,26,1,283.0
2016,09,26,2,282.1
2016,09,26,3,281.8
2016,09,26,4,282.2
2016,09,26,5,282.7
2016,09,26,6,282.1
2016,09,26,7,281.5
2016,09,27,0,282.5
2016,09,27,1,283.7
2016,09,27,2,284.1
2016,09,27,3,284.3
2016,09,27,4,283.5
2016,09,27,5,283.8
2016,09,27,6,283.3
2016,09,27,7,283.5
2016,09,28,0,283.6
2016,09,28,1,283.3
2016,09,28,2,283.0
2016,09,28,3,282.0
2016,09,28,4,281.6
2016,09,28,5,282.1
2016,09,28,6,282.6
2016,09,28,7,283.2
2016,09,29,0,282.4
2016,09,29,1,283.7
2016,09,29,2,282.6
2016,09,29,3,281.2
2016,09,29,4,280.9
2016,09,29,5,280.3
2016,09,29,6,280.1
2016,09,29,7,280.7
2016,09,30,0,280.7
2016,09,30,1,280.0
2016,09,30,2,279.5
2016,09,30,3,278.8
2016,09,30,4,279.0
2016,09,30,5,279.9
2016,09,30,6,280.7
2016,09,30,7,279.4
2016,09,31,0,277.9
2016,09,31,1,277.5
2016,09,31,2,279.3
2016,09,31,3,279.0
2016,09,31,4,278.4
2016,09,31,5,278.8
2016,09,31,6,279.0
2016,09,31,7,278.0
2016,09,1,0,278.2
2016,09,1,1,277.7
2016,09,1,2,280.3
2016,09,1,3,279.9
2016,09,1,4,278.9
2016,09,1,5,279.6
2016,09,1,6,279.7
2016,09,1,7,279.0
2016,09,2,0,278.6
2016,09,2,1,279.0
2016,09,2,2,279.0
2016,09,2,3,278.2
2016,09,2,4,279.3
2016,09,2,5,279.7
2016,09,2,6,279.4
2016,09,2,7,278.7
2016,09,3,0,278.8
2016,09,3,1,278.0
2016,09,3,2,277.9
2016,09,3,3,277.7
2016,09,3,4,278.1
2016,09,3,5,278.5
2016,09,3,6,278.6
2016,09,3,7,279.2
2016,09,4,0,278.5
2016,09,4,1,278.7
2016,09,4,2,278.2
2016,09,4,3,278.4
2016,09,4,4,278.1
2016,09,4,5,278.8
2016,09,4,6,280.2
2016,09,4,7,279.4
2016,09,5,0,279.4
2016,09,5,1,279.7
2016,09,5,2,279.7
2016,09,5,3,280.2
2016,09,5,4,280.4
2016,09,5,5,280.7
2016,09,5,6,280.3
2016,09,5,7,280.0
2016,09,6,0,279.9
2016,09,6,1,279.9
2016,09,6,2,280.0
2016,09,6,3,280.3
2016,09,6,4,280.0
2016,09,6,5,280.5
2016,09,6,6,279.8
2016,09,6,7,279.6
2016,09,7,0,278.3
2016,09,7,1,279.7
2016,09,7,2,279.6
2016,09,7,3,280.0
2016,09,7,4,280.2
2016,09,7,5,280.4
2016,09,7,6,279.8
2016,09,7,7,279.2
2016,09,8,0,280.4
2016,09,8,1,280.2
2016,09,8,2,279.4
2016,09,8,3,279.0
2016,09,8,4,279.1
2016,09,8,5,279.0
2016,09,8,6,279.6
2016,09,8,7,278.9
2016,09,9,0,278.8
2016,09,9,1,278.6
2016,09,9,2,278.3
2016,09,9,3,277.8
2016,09,9,4,278.0
2016,09,9,5,278.6
2016,09,9,6,278.6
2016,09,9,7,278.9
2016,09,10,0,278.4
2016,09,10,1,278.0
2016,09,10,2,277.6
2016,09,10,3,277.7
2016,09,10,4,278.1
2016,09,10,5,277.9
2016,09,10,6,277.2
2016,09,10,7,277.3
2016,09,11,0,275.0
2016,09,11,1,278.1
2016,09,11,2,276.7
2016,09,11,3,276.4
2016,09,11,4,275.0
2016,09,11,5,276.7
2016,09,11,6,277.3
2016,09,11,7,277.0
2016,09,12,0,277.0
2016,09,12,1,278.6
2016,09,12,2,280.0
2016,09,12,3,280.1
2016,09,12,4,279.3
2016,09,12,5,278.8
2016,09,12,6,279.1
2016,09,12,7,278.3
2016,09,13,0,277.1
2016,09,13,1,278.1
2016,09,13,2,278.5
2016,09,13,3,277.7
2016,09,13,4,277.6
2016,09,13,5,277.8
2016,09,13,6,277.6
2016,09,13,7,277.9
2016,09,14,0,278.0
2016,09,14,1,277.2
2016,09,14,2,277.2
2016,09,14,3,278.0
2016,09,14,4,277.9
2016,09,14,5,277.6
2016,09,14,6,277.8
2016,09,14,7,278.0
2016,09,15,0,278.6
2016,09,15,1,278.9
2016,09,15,2,279.3
2016,09,15,3,279.5
2016,09,15,4,280.0
2016,09,15,5,281.3
2016,09,15,6,281.8
2016,09,15,7,282.5
2016,09,16,0,283.2
2016,09,16,1,283.7
2016,09,16,2,281.6
2016,09,16,3,281.7
2016,09,16,4,282.3
2016,09,16,5,282.5
2016,09,16,6,282.1
2016,09,16,7,281.3
2016,09,17,0,281.1
2016,09,17,1,281.4
2016,09,17,2,281.1
2016,09,17,3,280.9
2016,09,17,4,281.9
2016,09,17,5,282.3
2016,09,17,6,282.2
2016,09,17,7,282.1
2016,09,18,0,281.9
2016,09,18,1,281.4
2016,09,18,2,280.9
2016,09,18,3,280.3
2016,09,18,4,280.2
2016,09,18,5,280.6
2016,09,18,6,280.5
2016,09,18,7,280.1
2016,09,19,0,279.7
2016,09,19,1,279.5
2016,09,19,2,279.4
2016,09,19,3,279.4
2016,09,19,4,279.1
2016,09,19,5,279.0
2016,09,19,6,278.8
2016,09,19,7,278.4
2016,09,20,0,278.4
2016,09,20,1,278.3
2016,09,20,2,278.6
2016,09,20,3,279.0
2016,09,20,4,279.3
2016,09,20,5,278.0
2016,09,20,6,277.1
2016,09,20,7,276.5
2016,09,21,0,274.3
2016,09,21,1,276.7
2016,09,21,2,278.0
2016,09,21,3,279.1
2016,09,21,4,279.3
2016,09,21,5,278.0
2016,09,21,6,277.2
2016,09,21,7,277.1
2016,09,22,0,278.1
2016,09,22,1,277.8
2016,09,22,2,278.3
2016,09,22,3,278.7
2016,09,22,4,278.8
2016,09,22,5,278.7
2016,09,22,6,279.1
2016,09,22,7,279.9
2016,09,23,0,280.0
2016,09,23,1,279.4
2016,09,23,2,279.4
2016,09,23,3,278.1
2016,09,23,4,278.2
2016,09,23,5,278.5
2016,09,23,6,278.1
2016,09,23,7,276.8
2016,09,24,0,277.0
2016,09,24,1,277.0
2016,09,24,2,276.4
2016,09,24,3,277.2
2016,09,24,4,277.2
2016,09,24,5,277.0
2016,09,24,6,277.1
2016,09,24,7,276.5
2016,09,25,0,276.5
2016,09,25,1,276.7
2016,09,25,2,278.3
2016,09,25,3,280.0
2016,09,25,4,279.8
2016,09,25,5,279.0
2016,09,25,6,279.2
2016,09,25,7,279.4
2016,09,26,0,279.0
2016,09,26,1,278.5
2016,09,26,2,278.2
2016,09,26,3,278.9
2016,09,26,4,279.8
2016,09,26,5,280.4
2016,09,26,6,280.7
2016,09,26,7,281.0
2016,09,27,0,281.1
2016,09,27,1,281.5
2016,09,27,2,281.7
2016,09,27,3,281.9
2016,09,27,4,282.5
2016,09,27,5,282.8
2016,09,27,6,282.6
2016,09,27,7,282.5
2016,09,28,0,282.4
2016,09,28,1,282.4
2016,09,28,2,282.2
2016,09,28,3,281.5
2016,09,28,4,281.5
2016,09,28,5,281.2
2016,09,28,6,280.9
2016,09,28,7,281.0
2016,09,29,0,281.2
2016,09,29,1,280.3
2016,09,29,2,280.1
2016,09,29,3,279.8
2016,09,29,4,280.0
2016,09,29,5,281.4
2016,09,29,6,280.7
2016,09,29,7,279.7
2016,09,30,0,280.3
2016,09,30,1,281.5
2016,09,30,2,281.3
2016,09,30,3,281.0
2016,09,30,4,280.1
2016,09,30,5,279.4
2016,09,30,6,278.8
2016,09,30,7,279.0
2016,09,1,0,278.0
2016,09,1,1,277.4
2016,09,1,2,278.2
2016,09,1,3,278.0
2016,09,1,4,279.0
2016,09,1,5,279.2
2016,09,1,6,278.9
2016,09,1,7,278.7
2016,09,2,0,278.7
2016,09,2,1,278.7
2016,09,2,2,278.4
2016,09,2,3,277.8
2016,09,2,4,277.5
2016,09,2,5,277.5
2016,09,2,6,277.1
2016,09,2,7,277.6
2016,09,3,0,277.4
2016,09,3,1,276.4
2016,09,3,2,275.8
2016,09,3,3,276.3
2016,09,3,4,277.4
2016,09,3,5,277.7
2016,09,3,6,278.0
2016,09,3,7,278.8
2016,09,4,0,278.9
2016,09,4,1,278.6
2016,09,4,2,279.0
2016,09,4,3,279.3
2016,09,4,4,279.3
2016,09,4,5,278.9
2016,09,4,6,278.0
2016,09,4,7,277.4
2016,09,5,0,279.3
2016,09,5,1,278.7
2016,09,5,2,278.1
2016,09,5,3,277.6
2016,09,5,4,277.5
2016,09,5,5,277.9
2016,09,5,6,278.1
2016,09,5,7,278.4
2016,09,6,0,278.4
2016,09,6,1,278.5
2016,09,6,2,278.6
2016,09,6,3,279.9
2016,09,6,4,279.4
2016,09,6,5,279.0
2016,09,6,6,279.5
2016,09,6,7,280.6
2016,09,7,0,282.5
2016,09,7,1,282.5
2016,09,7,2,281.0
2016,09,7,3,279.3
2016,09,7,4,277.8
2016,09,7,5,277.2
2016,09,7,6,276.9
2016,09,7,7,277.2
2016,09,8,0,277.2
2016,09,8,1,274.7
2016,09,8,2,277.8
2016,09,8,3,280.9
2016,09,8,4,282.1
2016,09,8,5,281.3
2016,09,8,6,281.1
2016,09,8,7,281.3
2016,09,9,0,281.8
2016,09,9,1,281.4
2016,09,9,2,281.6
2016,09,9,3,281.3
2016,09,9,4,282.0
2016,09,9,5,283.1
2016,09,9,6,283.2
2016,09,9,7,283.7
2016,09,10,0,282.8
2016,09,10,1,282.2
2016,09,10,2,282.5
2016,09,10,3,283.0
2016,09,10,4,283.9
2016,09,10,5,283.5
2016,09,10,6,283.3
2016,09,10,7,283.7
2016,09,11,0,284.7
2016,09,11,1,284.8
2016,09,11,2,284.4
2016,09,11,3,283.9
2016,09,11,4,282.7
2016,09,11,5,283.1
2016,09,11,6,283.2
2016,09,11,7,284.1
2016,09,12,0,283.9
2016,09,12,1,283.7
2016,09,12,2,283.5
2016,09,12,3,283.4
2016,09,12,4,283.4
2016,09,12,5,283.3
2016,09,12,6,283.1
2016,09,12,7,283.1
2016,09,13,0,283.3
2016,09,13,1,282.9
2016,09,13,2,282.0
2016,09,13,3,281.6
2016,09,13,4,282.0
2016,09,13,5,282.4
2016,09,13,6,282.0
2016,09,13,7,282.5
2016,09,14,0,282.4
2016,09,14,1,283.7
2016,09,14,2,283.5
2016,09,14,3,283.3
2016,09,14,4,283.7
2016,09,14,5,283.8
2016,09,14,6,283.5
2016,09,14,7,283.3
2016,09,15,0,283.3
2016,09,15,1,283.3
2016,09,15,2,284.2
2016,09,15,3,284.3
2016,09,15,4,283.5
2016,09,15,5,283.1
2016,09,15,6,282.9
2016,09,15,7,284.9
2016,09,16,0,284.4
2016,09,16,1,283.6
2016,09,16,2,283.8
2016,09,16,3,283.4
2016,09,16,4,283.8
2016,09,16,5,283.3
2016,09,16,6,283.6
2016,09,16,7,280.7
2016,09,17,0,279.0
2016,09,17,1,277.4
2016,09,17,2,279.6
2016,09,17,3,281.3
2016,09,17,4,279.7
2016,09,17,5,281.1
2016,09,17,6,279.4
2016,09,17,7,276.1
2016,09,18,0,277.4
2016,09,18,1,279.7
2016,09,18,2,279.3
2016,09,18,3,279.6
2016,09,18,4,280.4
2016,09,18,5,280.5
2016,09,18,6,279.9
2016,09,18,7,280.2
2016,09,19,0,281.1
2016,09,19,1,282.1
2016,09,19,2,281.4
2016,09,19,3,281.0
2016,09,19,4,279.1
2016,09,19,5,276.9
2016,09,19,6,275.4
2016,09,19,7,275.7
2016,09,20,0,275.6
2016,09,20,1,276.5
2016,09,20,2,276.1
2016,09,20,3,276.6
2016,09,20,4,276.7
2016,09,20,5,275.9
2016,09,20,6,276.2
2016,09,20,7,276.9
2016,09,21,0,276.9
2016,09,21,1,276.6
2016,09,21,2,276.4
2016,09,21,3,277.5
2016,09,21,4,277.1
2016,09,21,5,275.5
2016,09,21,6,276.2
2016,09,21,7,276.0
2016,09,22,0,275.6
2016,09,22,1,273.2
2016,09,22,2,276.4
2016,09,22,3,277.6
2016,09,22,4,277.0
2016,09,22,5,275.9
2016,09,22,6,277.5
2016,09,22,7,278.3
2016,09,23,0,279.3
2016,09,23,1,279.6
2016,09,23,2,280.5
2016,09,23,3,280.8
2016,09,23,4,281.1
2016,09,23,5,281.4
2016,09,23,6,281.2
2016,09,23,7,281.3
2016,09,24,0,280.9
2016,09,24,1,280.8
2016,09,24,2,281.0
2016,09,24,3,280.4
2016,09,24,4,280.8
2016,09,24,5,280.9
2016,09,24,6,280.7
2016,09,24,7,280.5
2016,09,25,0,281.2
2016,09,25,1,280.7
2016,09,25,2,280.0
2016,09,25,3,280.1
2016,09,25,4,280.3
2016,09,25,5,280.3
2016,09,25,6,279.1
2016,09,25,7,278.8
2016,09,26,0,279.6
2016,09,26,1,280.1
2016,09,26,2,279.7
2016,09,26,3,280.0
2016,09,26,4,280.3
2016,09,26,5,280.4
2016,09,26,6,280.8
2016,09,26,7,281.4
2016,09,27,0,281.7
2016,09,27,1,281.4
2016,09,27,2,280.4
2016,09,27,3,279.1
2016,09,27,4,279.1
2016,09,27,5,280.4
2016,09,27,6,281.0
2016,09,27,7,278.6
2016,09,28,0,275.3
2016,09,28,1,272.7
2016,09,28,2,274.4
2016,09,28,3,277.5
2016,09,28,4,278.5
2016,09,28,5,279.8
2016,09,28,6,280.4
2016,09,28,7,280.3
2016,09,29,0,280.6
2016,09,29,1,280.4
2016,09,29,2,280.0
2016,09,29,3,280.0
2016,09,29,4,279.2
2016,09,29,5,277.8
2016,09,29,6,275.4
2016,09,29,7,274.4
2016,09,30,0,277.0
2016,09,30,1,278.1
2016,09,30,2,280.4
2016,09,30,3,281.4
2016,09,30,4,281.9
2016,09,30,5,281.9
2016,09,30,6,275.8
2016,09,30,7,276.4
2016,09,31,0,283.2
2016,09,31,1,283.3
2016,09,31,2,283.4
2016,09,31,3,283.6
2016,09,31,4,285.4
2016,09,31,5,286.1
2016,09,31,6,285.3
2016,09,31,7,284.8
2016,09,1,0,285.0
2016,09,1,1,285.2
2016,09,1,2,285.3
2016,09,1,3,284.9
2016,09,1,4,285.4
2016,09,1,5,284.7
2016,09,1,6,283.6
2016,09,1,7,284.3
2016,09,2,0,285.1
2016,09,2,1,283.7
2016,09,2,2,283.3
2016,09,2,3,283.1
2016,09,2,4,283.1
2016,09,2,5,283.3
2016,09,2,6,284.3
2016,09,2,7,284.2
2016,09,3,0,283.7
2016,09,3,1,283.3
2016,09,3,2,282.8
2016,09,3,3,282.3
2016,09,3,4,281.5
2016,09,3,5,280.0
2016,09,3,6,278.3
2016,09,3,7,276.6
2016,09,4,0,279.1
2016,09,4,1,279.0
2016,09,4,2,279.4
2016,09,4,3,280.5
2016,09,4,4,280.2
2016,09,4,5,279.5
2016,09,4,6,278.6
2016,09,4,7,280.7
2016,09,5,0,281.9
2016,09,5,1,281.3
2016,09,5,2,281.3
2016,09,5,3,280.8
2016,09,5,4,280.8
2016,09,5,5,280.5
2016,09,5,6,280.4
2016,09,5,7,275.8
2016,09,6,0,284.2
2016,09,6,1,282.1
2016,09,6,2,282.3
2016,09,6,3,283.4
2016,09,6,4,286.0
2016,09,6,5,287.1
2016,09,6,6,285.9
2016,09,6,7,285.5
2016,09,7,0,285.5
2016,09,7,1,285.3
2016,09,7,2,285.6
2016,09,7,3,285.7
2016,09,7,4,286.0
2016,09,7,5,285.6
2016,09,7,6,285.2
2016,09,7,7,282.8
2016,09,8,0,280.0
2016,09,8,1,279.3
2016,09,8,2,282.0
2016,09,8,3,283.4
2016,09,8,4,283.7
2016,09,8,5,283.7
2016,09,8,6,282.4
2016,09,8,7,282.7
2016,09,9,0,283.4
2016,09,9,1,282.4
2016,09,9,2,280.7
2016,09,9,3,279.4
2016,09,9,4,279.8
2016,09,9,5,280.7
2016,09,9,6,280.1
2016,09,9,7,280.2
2016,09,10,0,280.3
2016,09,10,1,281.2
2016,09,10,2,280.4
2016,09,10,3,279.8
2016,09,10,4,279.8
2016,09,10,5,279.6
2016,09,10,6,278.6
2016,09,10,7,279.0
2016,09,11,0,278.4
2016,09,11,1,278.7
2016,09,11,2,278.4
2016,09,11,3,278.7
2016,09,11,4,279.1
2016,09,11,5,279.2
2016,09,11,6,278.5
2016,09,11,7,278.8
2016,09,12,0,278.8
2016,09,12,1,278.7
2016,09,12,2,282.8
2016,09,12,3,282.2
2016,09,12,4,282.4
2016,09,12,5,283.0
2016,09,12,6,282.2
2016,09,12,7,281.5
2016,09,13,0,282.5
2016,09,13,1,280.9
2016,09,13,2,281.1
2016,09,13,3,281.5
2016,09,13,4,281.7
2016,09,13,5,280.9
2016,09,13,6,282.3
2016,09,13,7,282.5
2016,09,14,0,280.0
2016,09,14,1,280.0
2016,09,14,2,279.7
2016,09,14,3,279.4
2016,09,14,4,279.2
2016,09,14,5,279.3
2016,09,14,6,278.5
2016,09,14,7,279.6
2016,09,15,0,280.1
2016,09,15,1,280.1
2016,09,15,2,279.9
2016,09,15,3,279.8
2016,09,15,4,279.4
2016,09,15,5,279.4
2016,09,15,6,279.5
2016,09,15,7,280.2
2016,09,16,0,280.4
2016,09,16,1,280.4
2016,09,16,2,280.4
2016,09,16,3,279.4
2016,09,16,4,279.9
2016,09,16,5,280.0
2016,09,16,6,279.9
2016,09,16,7,279.1
2016,09,17,0,278.8
2016,09,17,1,278.9
2016,09,17,2,278.6
2016,09,17,3,278.5
2016,09,17,4,278.9
2016,09,17,5,279.6
2016,09,17,6,279.8
2016,09,17,7,279.9
2016,09,18,0,280.0
2016,09,18,1,279.6
2016,09,18,2,279.4
2016,09,18,3,277.3
2016,09,18,4,281.7
2016,09,18,5,280.5
2016,09,18,6,280.5
2016,09,18,7,280.6
2016,09,19,0,280.5
2016,09,19,1,280.3
2016,09,19,2,279.8
2016,09,19,3,279.3
2016,09,19,4,279.4
2016,09,19,5,280.3
2016,09,19,6,280.5
2016,09,19,7,280.5
2016,09,20,0,281.5
2016,09,20,1,281.3
2016,09,20,2,281.0
2016,09,20,3,280.9
2016,09,20,4,281.4
2016,09,20,5,281.6
2016,09,20,6,281.3
2016,09,20,7,280.9
2016,09,21,0,280.9
2016,09,21,1,281.2
2016,09,21,2,281.9
2016,09,21,3,281.8
2016,09,21,4,280.7
2016,09,21,5,282.0
2016,09,21,6,281.0
2016,09,21,7,281.2
2016,09,22,0,281.2
2016,09,22,1,280.4
2016,09,22,2,280.3
2016,09,22,3,279.9
2016,09,22,4,279.9
2016,09,22,5,280.0
2016,09,22,6,279.8
2016,09,22,7,279.8
2016,09,23,0,279.7
2016,09,23,1,282.3
2016,09,23,2,282.2
2016,09,23,3,281.6
2016,09,23,4,281.1
2016,09,23,5,281.0
2016,09,23,6,279.0
2016,09,23,7,279.2
2016,09,24,0,283.0
2016,09,24,1,282.5
2016,09,24,2,281.6
2016,09,24,3,282.1
2016,09,24,4,283.0
2016,09,24,5,281.6
2016,09,24,6,283.5
2016,09,24,7,283.4
2016,09,25,0,281.8
2016,09,25,1,282.6
2016,09,25,2,282.7
2016,09,25,3,282.6
2016,09,25,4,281.5
2016,09,25,5,281.5
2016,09,25,6,282.8
2016,09,25,7,281.6
2016,09,26,0,282.7
2016,09,26,1,282.0
2016,09,26,2,281.5
2016,09,26,3,281.7
2016,09,26,4,281.8
2016,09,26,5,281.7
2016,09,26,6,281.3
2016,09,26,7,281.1
2016,09,27,0,281.6
2016,09,27,1,281.3
2016,09,27,2,280.5
2016,09,27,3,280.3
2016,09,27,4,280.8
2016,09,27,5,281.0
2016,09,27,6,281.1
2016,09,27,7,281.7
2016,09,28,0,281.8
2016,09,28,1,281.1
2016,09,28,2,280.6
2016,09,28,3,280.6
2016,09,28,4,280.7
2016,09,28,5,281.0
2016,09,28,6,281.3
2016,09,28,7,281.5
2016,09,29,0,281.7
2016,09,29,1,281.6
2016,09,29,2,281.2
2016,09,29,3,280.9
2016,09,29,4,280.6
2016,09,29,5,281.0
2016,09,29,6,281.5
2016,09,29,7,281.8
2016,09,30,0,282.1
2016,09,30,1,281.4
2016,09,30,2,280.8
2016,09,30,3,280.4
2016,09,30,4,280.2
2016,09,30,5,279.8
2016,09,30,6,279.5
2016,09,30,7,280.2
2016,09,31,0,281.3
2016,09,31,1,280.7
2016,09,31,2,280.6
2016,09,31,3,280.0
2016,09,31,4,280.3
2016,09,31,5,279.5
2016,09,31,6,279.1
2016,09,31,7,278.0
2016,09,1,0,278.7
2016,09,1,1,278.2
2016,09,1,2,278.8
2016,09,1,3,278.8
2016,09,1,4,278.0
2016,09,1,5,277.9
2016,09,1,6,278.2
2016,09,1,7,278.3
2016,09,2,0,278.2
2016,09,2,1,278.1
2016,09,2,2,277.9
2016,09,2,3,278.0
2016,09,2,4,278.2
2016,09,2,5,278.1
2016,09,2,6,278.0
2016,09,2,7,277.6
2016,09,3,0,278.2
2016,09,3,1,277.0
2016,09,3,2,276.5
2016,09,3,3,276.3
2016,09,3,4,277.2
2016,09,3,5,278.2
2016,09,3,6,278.6
2016,09,3,7,277.7
2016,09,4,0,278.5
2016,09,4,1,279.2
2016,09,4,2,278.1
2016,09,4,3,277.5
2016,09,4,4,278.3
2016,09,4,5,278.6
2016,09,4,6,278.3
2016,09,4,7,278.5
2016,09,5,0,279.7
2016,09,5,1,280.0
2016,09,5,2,279.3
2016,09,5,3,279.1
2016,09,5,4,279.7
2016,09,5,5,280.6
2016,09,5,6,280.7
2016,09,5,7,280.6
2016,09,6,0,281.0
2016,09,6,1,280.6
2016,09,6,2,281.1
2016,09,6,3,281.2
2016,09,6,4,281.3
2016,09,6,5,281.1
2016,09,6,6,280.4
2016,09,6,7,280.1
2016,09,7,0,279.1
2016,09,7,1,279.0
2016,09,7,2,278.7
2016,09,7,3,277.3
2016,09,7,4,277.7
2016,09,7,5,278.7
2016,09,7,6,278.9
2016,09,7,7,278.0
2016,09,8,0,277.3
2016,09,8,1,277.9
2016,09,8,2,277.3
2016,09,8,3,277.3
2016,09,8,4,277.7
2016,09,8,5,278.1
2016,09,8,6,278.2
2016,09,8,7,277.1
2016,09,9,0,276.8
2016,09,9,1,276.6
2016,09,9,2,276.2
2016,09,9,3,275.9
2016,09,9,4,275.9
2016,09,9,5,276.1
2016,09,9,6,275.8
2016,09,9,7,275.3
2016,09,10,0,275.4
2016,09,10,1,275.4
2016,09,10,2,275.1
2016,09,10,3,275.1
2016,09,10,4,275.3
2016,09,10,5,275.7
2016,09,10,6,275.4
2016,09,10,7,276.0
2016,09,11,0,278.7
2016,09,11,1,277.7
2016,09,11,2,277.3
2016,09,11,3,278.4
2016,09,11,4,278.6
2016,09,11,5,278.6
2016,09,11,6,277.4
2016,09,11,7,274.9
2016,09,12,0,277.4
2016,09,12,1,277.0
2016,09,12,2,276.5
2016,09,12,3,278.7
2016,09,12,4,278.7
2016,09,12,5,279.2
2016,09,12,6,278.9
2016,09,12,7,278.7
2016,09,13,0,280.2
2016,09,13,1,279.9
2016,09,13,2,279.9
2016,09,13,3,280.6
2016,09,13,4,281.5
2016,09,13,5,281.4
2016,09,13,6,281.1
2016,09,13,7,281.1
2016,09,14,0,279.9
2016,09,14,1,278.7
2016,09,14,2,279.6
2016,09,14,3,280.1
2016,09,14,4,280.5
2016,09,14,5,280.1
2016,09,14,6,280.9
2016,09,14,7,281.9
2016,09,15,0,282.1
2016,09,15,1,282.2
2016,09,15,2,282.8
2016,09,15,3,282.3
2016,09,15,4,282.4
2016,09,15,5,282.8
2016,09,15,6,282.3
2016,09,15,7,282.5
2016,09,16,0,281.8
2016,09,16,1,281.4
2016,09,16,2,280.9
2016,09,16,3,281.0
2016,09,16,4,281.5
2016,09,16,5,281.7
2016,09,16,6,281.4
2016,09,16,7,280.5
2016,09,17,0,282.3
2016,09,17,1,282.0
2016,09,17,2,281.5
2016,09,17,3,281.2
2016,09,17,4,281.1
2016,09,17,5,281.2
2016,09,17,6,281.0
2016,09,17,7,280.8
2016,09,18,0,281.6
2016,09,18,1,281.0
2016,09,18,2,281.0
2016,09,18,3,280.8
2016,09,18,4,281.2
2016,09,18,5,281.1
2016,09,18,6,279.9
2016,09,18,7,280.3
2016,09,19,0,280.8
2016,09,19,1,281.0
2016,09,19,2,280.3
2016,09,19,3,280.5
2016,09,19,4,281.4
2016,09,19,5,281.4
2016,09,19,6,280.3
2016,09,19,7,280.7
2016,09,20,0,280.6
2016,09,20,1,280.8
2016,09,20,2,280.9
2016,09,20,3,281.0
2016,09,20,4,281.0
2016,09,20,5,280.9
2016,09,20,6,279.6
2016,09,20,7,280.1
2016,09,21,0,280.5
2016,09,21,1,280.4
2016,09,21,2,280.5
2016,09,21,3,279.6
2016,09,21,4,279.8
2016,09,21,5,278.8
2016,09,21,6,277.5
2016,09,21,7,279.8
2016,09,22,0,281.2
2016,09,22,1,280.6
2016,09,22,2,281.4
2016,09,22,3,282.2
2016,09,22,4,282.6
2016,09,22,5,282.7
2016,09,22,6,282.0
2016,09,22,7,282.7
2016,09,23,0,283.5
2016,09,23,1,282.6
2016,09,23,2,282.1
2016,09,23,3,282.2
2016,09,23,4,282.7
2016,09,23,5,282.3
2016,09,23,6,283.6
2016,09,23,7,283.8
2016,09,24,0,283.8
2016,09,24,1,284.0
2016,09,24,2,283.1
2016,09,24,3,282.3
2016,09,24,4,282.4
2016,09,24,5,281.9
2016,09,24,6,281.5
2016,09,24,7,279.6
2016,09,25,0,280.1
2016,09,25,1,280.5
2016,09,25,2,279.9
2016,09,25,3,278.9
2016,09,25,4,279.6
2016,09,25,5,280.0
2016,09,25,6,280.0
2016,09,25,7,279.3
2016,09,26,0,279.2
2016,09,26,1,279.3
2016,09,26,2,279.6
2016,09,26,3,279.6
2016,09,26,4,279.1
2016,09,26,5,279.6
2016,09,26,6,278.7
2016,09,26,7,278.4
2016,09,27,0,278.7
2016,09,27,1,278.6
2016,09,27,2,278.1
2016,09,27,3,278.6
2016,09,27,4,278.5
2016,09,27,5,278.4
2016,09,27,6,277.6
2016,09,27,7,277.8
2016,09,28,0,275.8
2016,09,28,1,278.4
2016,09,28,2,278.6
2016,09,28,3,278.4
2016,09,28,4,277.8
2016,09,28,5,280.3
2016,09,28,6,281.1
2016,09,28,7,282.3
2016,09,29,0,278.6
2016,09,29,1,279.1
2016,09,29,2,279.2
2016,09,29,3,279.3
2016,09,29,4,279.5
2016,09,29,5,279.6
2016,09,29,6,280.4
2016,09,29,7,280.2
2016,09,30,0,279.7
2016,09,30,1,279.3
2016,09,30,2,279.0
2016,09,30,3,278.8
2016,09,30,4,278.8
2016,09,30,5,278.8
2016,09,30,6,279.0
2016,09,30,7,279.1
2016,09,1,0,279.7
2016,09,1,1,279.7
2016,09,1,2,279.3
2016,09,1,3,279.0
2016,09,1,4,279.2
2016,09,1,5,279.9
2016,09,1,6,279.4
2016,09,1,7,279.1
2016,09,2,0,279.5
2016,09,2,1,279.7
2016,09,2,2,279.4
2016,09,2,3,278.5
2016,09,2,4,278.3
2016,09,2,5,278.3
2016,09,2,6,277.8
2016,09,2,7,277.7
2016,09,3,0,280.7
2016,09,3,1,281.6
2016,09,3,2,281.7
2016,09,3,3,281.9
2016,09,3,4,282.7
2016,09,3,5,282.9
2016,09,3,6,282.0
2016,09,3,7,281.6
2016,09,4,0,280.3
2016,09,4,1,280.3
2016,09,4,2,279.1
2016,09,4,3,278.9
2016,09,4,4,279.8
2016,09,4,5,280.0
2016,09,4,6,280.6
2016,09,4,7,280.4
2016,09,5,0,279.6
2016,09,5,1,279.8
2016,09,5,2,279.8
2016,09,5,3,280.4
2016,09,5,4,279.9
2016,09,5,5,279.1
2016,09,5,6,278.6
2016,09,5,7,278.8
2016,09,6,0,279.5
2016,09,6,1,280.2
2016,09,6,2,280.4
2016,09,6,3,279.6
2016,09,6,4,280.2
2016,09,6,5,280.3
2016,09,6,6,280.1
2016,09,6,7,279.9
2016,09,7,0,279.9
2016,09,7,1,278.9
2016,09,7,2,278.7
2016,09,7,3,279.4
2016,09,7,4,279.1
2016,09,7,5,279.7
2016,09,7,6,277.7
2016,09,7,7,278.2
2016,09,8,0,277.4
2016,09,8,1,284.4
2016,09,8,2,285.1
2016,09,8,3,285.4
2016,09,8,4,285.3
2016,09,8,5,284.7
2016,09,8,6,284.5
2016,09,8,7,283.1
2016,09,9,0,282.2
2016,09,9,1,283.8
2016,09,9,2,283.8
2016,09,9,3,283.5
2016,09,9,4,283.0
2016,09,9,5,282.5
2016,09,9,6,281.7
2016,09,9,7,279.9
2016,09,10,0,279.8
2016,09,10,1,279.7
2016,09,10,2,279.7
2016,09,10,3,279.6
2016,09,10,4,279.8
2016,09,10,5,279.8
2016,09,10,6,279.2
2016,09,10,7,279.3
2016,09,11,0,279.6
2016,09,11,1,279.5
2016,09,11,2,279.2
2016,09,11,3,277.8
2016,09,11,4,279.6
2016,09,11,5,278.8
2016,09,11,6,279.7
2016,09,11,7,281.7
2016,09,12,0,282.0
2016,09,12,1,281.3
2016,09,12,2,280.6
2016,09,12,3,281.9
2016,09,12,4,281.8
2016,09,12,5,280.8
2016,09,12,6,280.2
2016,09,12,7,280.9
2016,09,13,0,280.8
2016,09,13,1,279.7
2016,09,13,2,279.6
2016,09,13,3,280.3
2016,09,13,4,280.9
2016,09,13,5,281.5
2016,09,13,6,281.8
2016,09,13,7,281.8
2016,09,14,0,281.9
2016,09,14,1,281.3
2016,09,14,2,280.7
2016,09,14,3,280.3
2016,09,14,4,280.0
2016,09,14,5,280.6
2016,09,14,6,280.9
2016,09,14,7,280.2
2016,09,15,0,281.2
2016,09,15,1,281.0
2016,09,15,2,280.6
2016,09,15,3,280.1
2016,09,15,4,280.4
2016,09,15,5,281.0
2016,09,15,6,280.8
2016,09,15,7,280.2
2016,09,16,0,280.2
2016,09,16,1,280.9
2016,09,16,2,281.2
2016,09,16,3,281.3
2016,09,16,4,281.1
2016,09,16,5,281.3
2016,09,16,6,281.2
2016,09,16,7,280.8
2016,09,17,0,282.0
2016,09,17,1,281.8
2016,09,17,2,281.2
2016,09,17,3,281.1
2016,09,17,4,281.7
2016,09,17,5,282.1
2016,09,17,6,282.3
2016,09,17,7,282.6
2016,09,18,0,281.9
2016,09,18,1,281.7
2016,09,18,2,281.1
2016,09,18,3,281.2
2016,09,18,4,281.8
2016,09,18,5,282.0
2016,09,18,6,281.8
2016,09,18,7,280.5
2016,09,19,0,281.2
2016,09,19,1,281.3
2016,09,19,2,281.0
2016,09,19,3,281.0
2016,09,19,4,281.9
2016,09,19,5,282.5
2016,09,19,6,280.7
2016,09,19,7,280.6
2016,09,20,0,281.8
2016,09,20,1,282.8
2016,09,20,2,282.5
2016,09,20,3,282.4
2016,09,20,4,282.9
2016,09,20,5,283.5
2016,09,20,6,282.3
2016,09,20,7,282.6
2016,09,21,0,282.7
2016,09,21,1,282.6
2016,09,21,2,282.8
2016,09,21,3,282.7
2016,09,21,4,282.3
2016,09,21,5,282.0
2016,09,21,6,282.0
2016,09,21,7,284.1
2016,09,22,0,283.2
2016,09,22,1,281.9
2016,09,22,2,281.0
2016,09,22,3,281.4
2016,09,22,4,281.2
2016,09,22,5,281.5
2016,09,22,6,280.9
2016,09,22,7,281.6
2016,09,23,0,281.7
2016,09,23,1,281.3
2016,09,23,2,280.0
2016,09,23,3,281.0
2016,09,23,4,281.1
2016,09,23,5,280.7
2016,09,23,6,280.2
2016,09,23,7,281.1
2016,09,24,0,281.3
2016,09,24,1,281.0
2016,09,24,2,280.3
2016,09,24,3,280.5
2016,09,24,4,281.6
2016,09,24,5,281.8
2016,09,24,6,280.6
2016,09,24,7,281.0
2016,09,25,0,281.8
2016,09,25,1,281.3
2016,09,25,2,281.1
2016,09,25,3,281.2
2016,09,25,4,281.4
2016,09,25,5,281.7
2016,09,25,6,280.9
2016,09,25,7,281.4
2016,09,26,0,281.5
2016,09,26,1,281.5
2016,09,26,2,281.1
2016,09,26,3,280.8
2016,09,26,4,281.4
2016,09,26,5,281.8
2016,09,26,6,282.0
2016,09,26,7,281.3
2016,09,27,0,282.4
2016,09,27,1,282.8
2016,09,27,2,282.6
2016,09,27,3,282.3
2016,09,27,4,282.0
2016,09,27,5,282.0
2016,09,27,6,282.8
2016,09,27,7,282.6
2016,09,28,0,282.4
2016,09,28,1,281.8
2016,09,28,2,282.0
2016,09,28,3,281.9
2016,09,28,4,281.7
2016,09,28,5,281.5
2016,09,28,6,281.4
2016,09,28,7,282.2
2016,09,29,0,281.9
2016,09,29,1,281.0
2016,09,29,2,281.8
2016,09,29,3,281.8
2016,09,29,4,281.6
2016,09,29,5,281.1
2016,09,29,6,281.2
2016,09,29,7,280.7
2016,09,30,0,280.5
2016,09,30,1,280.2
2016,09,30,2,279.8
2016,09,30,3,279.8
2016,09,30,4,279.5
2016,09,30,5,279.3
2016,09,30,6,279.3
2016,09,30,7,278.3
2016,09,31,0,279.8
2016,09,31,1,278.6
2016,09,31,2,278.2
2016,09,31,3,279.9
2016,09,31,4,281.0
2016,09,31,5,280.7
2016,09,31,6,277.4
2016,09,31,7,277.6
2016,09,1,0,281.1
2016,09,1,1,279.9
2016,09,1,2,278.2
2016,09,1,3,278.7
2016,09,1,4,279.4
2016,09,1,5,279.9
2016,09,1,6,280.0
2016,09,1,7,279.8
2016,09,2,0,280.0
2016,09,2,1,280.4
2016,09,2,2,280.5
2016,09,2,3,281.1
2016,09,2,4,281.6
2016,09,2,5,281.6
2016,09,2,6,282.8
2016,09,2,7,283.1
2016,09,3,0,282.6
2016,09,3,1,282.2
2016,09,3,2,281.1
2016,09,3,3,280.9
2016,09,3,4,280.9
2016,09,3,5,280.8
2016,09,3,6,280.3
2016,09,3,7,280.2
2016,09,4,0,280.8
2016,09,4,1,280.9
2016,09,4,2,280.9
2016,09,4,3,280.8
2016,09,4,4,280.6
2016,09,4,5,280.5
2016,09,4,6,280.1
2016,09,4,7,280.0
2016,09,5,0,280.4
2016,09,5,1,280.6
2016,09,5,2,280.4
2016,09,5,3,280.7
2016,09,5,4,281.0
2016,09,5,5,280.2
2016,09,5,6,281.1
2016,09,5,7,280.3
2016,09,6,0,280.1
2016,09,6,1,280.8
2016,09,6,2,281.0
2016,09,6,3,281.1
2016,09,6,4,281.2
2016,09,6,5,279.9
2016,09,6,6,281.6
2016,09,6,7,281.1
2016,09,7,0,282.7
2016,09,7,1,279.7
2016,09,7,2,279.3
2016,09,7,3,279.4
2016,09,7,4,278.9
2016,09,7,5,278.3
2016,09,7,6,278.3
2016,09,7,7,278.7
2016,09,8,0,278.9
2016,09,8,1,278.8
2016,09,8,2,278.8
2016,09,8,3,278.8
2016,09,8,4,279.0
2016,09,8,5,279.2
2016,09,8,6,278.7
2016,09,8,7,278.7
2016,09,9,0,278.9
2016,09,9,1,278.9
2016,09,9,2,279.3
2016,09,9,3,279.2
2016,09,9,4,279.8
2016,09,9,5,280.0
2016,09,9,6,280.4
2016,09,9,7,279.6
2016,09,10,0,280.5
2016,09,10,1,281.0
2016,09,10,2,281.3
2016,09,10,3,281.1
2016,09,10,4,280.9
2016,09,10,5,281.2
2016,09,10,6,281.8
2016,09,10,7,281.7
2016,09,11,0,281.5
2016,09,11,1,281.7
2016,09,11,2,281.8
2016,09,11,3,281.4
2016,09,11,4,281.6
2016,09,11,5,281.8
2016,09,11,6,281.4
2016,09,11,7,281.8
2016,09,12,0,282.2
2016,09,12,1,282.6
2016,09,12,2,282.1
2016,09,12,3,281.7
2016,09,12,4,281.7
2016,09,12,5,281.3
2016,09,12,6,280.9
2016,09,12,7,281.3
2016,09,13,0,281.3
2016,09,13,1,281.8
2016,09,13,2,281.5
2016,09,13,3,280.4
2016,09,13,4,280.7
2016,09,13,5,280.7
2016,09,13,6,281.3
2016,09,13,7,281.0
2016,09,14,0,281.4
2016,09,14,1,281.2
2016,09,14,2,281.4
2016,09,14,3,281.8
2016,09,14,4,281.4
2016,09,14,5,281.4
2016,09,14,6,282.3
2016,09,14,7,283.0
2016,09,15,0,283.3
2016,09,15,1,282.6
2016,09,15,2,282.2
2016,09,15,3,282.0
2016,09,15,4,282.3
2016,09,15,5,283.0
2016,09,15,6,282.8
2016,09,15,7,283.7
2016,09,16,0,283.8
2016,09,16,1,283.4
2016,09,16,2,283.1
2016,09,16,3,283.8
2016,09,16,4,284.8
2016,09,16,5,283.2
2016,09,16,6,283.0
2016,09,16,7,282.7
2016,09,17,0,282.4
2016,09,17,1,282.4
2016,09,17,2,282.6
2016,09,17,3,282.5
2016,09,17,4,282.2
2016,09,17,5,282.1
2016,09,17,6,282.1
2016,09,17,7,282.6
2016,09,18,0,282.8
2016,09,18,1,283.2
2016,09,18,2,282.8
2016,09,18,3,282.4
2016,09,18,4,281.9
2016,09,18,5,281.2
2016,09,18,6,282.7
2016,09,18,7,283.5
2016,09,19,0,283.8
2016,09,19,1,282.7
2016,09,19,2,282.5
2016,09,19,3,283.6
2016,09,19,4,282.1
2016,09,19,5,281.5
2016,09,19,6,281.9
2016,09,19,7,282.1
2016,09,20,0,282.7
2016,09,20,1,283.0
2016,09,20,2,283.0
2016,09,20,3,282.8
2016,09,20,4,282.8
2016,09,20,5,282.5
2016,09,20,6,282.0
2016,09,20,7,282.7
2016,09,21,0,282.7
2016,09,21,1,283.7
2016,09,21,2,283.0
2016,09,21,3,282.5
2016,09,21,4,283.7
2016,09,21,5,284.3
2016,09,21,6,283.9
2016,09,21,7,283.0
2016,09,22,0,282.0
2016,09,22,1,281.8
2016,09,22,2,281.5
2016,09,22,3,281.6
2016,09,22,4,281.5
2016,09,22,5,281.9
2016,09,22,6,281.7
2016,09,22,7,281.5
2016,09,23,0,281.1
2016,09,23,1,282.0
2016,09,23,2,281.7
2016,09,23,3,281.4
2016,09,23,4,282.1
2016,09,23,5,282.0
2016,09,23,6,281.9
2016,09,23,7,282.2
2016,09,24,0,281.8
2016,09,24,1,281.3
2016,09,24,2,281.8
2016,09,24,3,281.6
2016,09,24,4,281.4
2016,09,24,5,282.5
2016,09,24,6,282.0
2016,09,24,7,282.6
2016,09,25,0,282.9
2016,09,25,1,285.3
2016,09,25,2,281.5
2016,09,25,3,281.5
2016,09,25,4,281.7
2016,09,25,5,282.1
2016,09,25,6,282.4
2016,09,25,7,281.3
2016,09,26,0,283.3
2016,09,26,1,283.1
2016,09,26,2,282.9
2016,09,26,3,282.9
2016,09,26,4,283.2
2016,09,26,5,283.0
2016,09,26,6,282.6
2016,09,26,7,282.4
2016,09,27,0,282.9
2016,09,27,1,282.5
2016,09,27,2,281.9
2016,09,27,3,281.6
2016,09,27,4,281.6
2016,09,27,5,281.6
2016,09,27,6,281.5
2016,09,27,7,281.4
2016,09,28,0,281.6
2016,09,28,1,282.1
2016,09,28,2,281.2
2016,09,28,3,281.0
2016,09,28,4,282.4
2016,09,28,5,282.3
2016,09,28,6,282.7
2016,09,28,7,282.6
2016,09,29,0,282.9
2016,09,29,1,283.1
2016,09,29,2,283.2
2016,09,29,3,283.1
2016,09,29,4,282.8
2016,09,29,5,283.5
2016,09,29,6,283.4
2016,09,29,7,283.4
2016,09,30,0,282.9
2016,09,30,1,282.9
2016,09,30,2,282.7
2016,09,30,3,282.8
2016,09,30,4,282.7
2016,09,30,5,282.5
2016,09,30,6,282.0
2016,09,30,7,282.3
2016,09,1,0,282.0
2016,09,1,1,281.8
2016,09,1,2,281.3
2016,09,1,3,280.8
2016,09,1,4,281.1
2016,09,1,5,281.7
2016,09,1,6,281.5
2016,09,1,7,281.5
2016,09,2,0,281.9
2016,09,2,1,281.7
2016,09,2,2,281.5
2016,09,2,3,281.7
2016,09,2,4,282.0
2016,09,2,5,282.2
2016,09,2,6,282.1
2016,09,2,7,282.1
2016,09,3,0,282.6
2016,09,3,1,282.1
2016,09,3,2,281.5
2016,09,3,3,281.2
2016,09,3,4,281.5
2016,09,3,5,282.3
2016,09,3,6,282.9
2016,09,3,7,282.6
2016,09,4,0,282.9
2016,09,4,1,283.2
2016,09,4,2,283.0
2016,09,4,3,283.1
2016,09,4,4,282.9
2016,09,4,5,282.3
2016,09,4,6,281.5
2016,09,4,7,283.0
2016,09,5,0,284.9
2016,09,5,1,283.7
2016,09,5,2,282.9
2016,09,5,3,282.7
2016,09,5,4,282.2
2016,09,5,5,282.7
2016,09,5,6,283.4
2016,09,5,7,283.0
2016,09,6,0,283.7
2016,09,6,1,282.9
2016,09,6,2,282.6
2016,09,6,3,283.5
2016,09,6,4,284.3
2016,09,6,5,284.8
2016,09,6,6,285.6
2016,09,6,7,285.7
2016,09,7,0,286.5
2016,09,7,1,286.3
2016,09,7,2,286.0
2016,09,7,3,287.2
2016,09,7,4,286.9
2016,09,7,5,284.3
2016,09,7,6,286.3
2016,09,7,7,286.0
2016,09,8,0,285.4
2016,09,8,1,283.0
2016,09,8,2,282.7
2016,09,8,3,282.8
2016,09,8,4,282.6
2016,09,8,5,282.1
2016,09,8,6,282.5
2016,09,8,7,283.0
2016,09,9,0,283.0
2016,09,9,1,282.5
2016,09,9,2,282.5
2016,09,9,3,282.1
2016,09,9,4,282.3
2016,09,9,5,282.9
2016,09,9,6,282.9
2016,09,9,7,281.9
2016,09,10,0,281.5
2016,09,10,1,282.0
2016,09,10,2,282.5
2016,09,10,3,282.0
2016,09,10,4,282.3
2016,09,10,5,282.6
2016,09,10,6,282.6
2016,09,10,7,282.6
2016,09,11,0,282.6
2016,09,11,1,282.6
2016,09,11,2,282.4
2016,09,11,3,282.2
2016,09,11,4,282.9
2016,09,11,5,283.4
2016,09,11,6,283.7
2016,09,11,7,283.0
2016,09,12,0,283.5
2016,09,12,1,284.0
2016,09,12,2,283.7
2016,09,12,3,283.8
2016,09,12,4,283.6
2016,09,12,5,283.7
2016,09,12,6,283.4
2016,09,12,7,283.6
2016,09,13,0,284.6
2016,09,13,1,284.4
2016,09,13,2,284.5
2016,09,13,3,283.3
2016,09,13,4,283.8
2016,09,13,5,284.0
2016,09,13,6,283.3
2016,09,13,7,283.0
2016,09,14,0,283.4
2016,09,14,1,283.3
2016,09,14,2,282.5
2016,09,14,3,282.8
2016,09,14,4,283.3
2016,09,14,5,283.1
2016,09,14,6,282.9
2016,09,14,7,282.8
2016,09,15,0,283.0
2016,09,15,1,282.4
2016,09,15,2,283.2
2016,09,15,3,282.4
2016,09,15,4,281.9
2016,09,15,5,281.3
2016,09,15,6,281.4
2016,09,15,7,281.8
2016,09,16,0,281.6
2016,09,16,1,281.1
2016,09,16,2,281.0
2016,09,16,3,281.0
2016,09,16,4,280.3
2016,09,16,5,280.1
2016,09,16,6,280.1
2016,09,16,7,280.5
2016,09,17,0,280.8
2016,09,17,1,280.4
2016,09,17,2,280.3
2016,09,17,3,280.3
2016,09,17,4,280.6
2016,09,17,5,280.7
2016,09,17,6,280.2
2016,09,17,7,280.4
2016,09,18,0,280.7
2016,09,18,1,280.3
2016,09,18,2,280.1
2016,09,18,3,279.9
2016,09,18,4,280.0
2016,09,18,5,280.2
2016,09,18,6,279.9
2016,09,18,7,280.0
2016,09,19,0,280.3
2016,09,19,1,280.7
2016,09,19,2,280.8
2016,09,19,3,280.7
2016,09,19,4,280.4
2016,09,19,5,280.6
2016,09,19,6,280.7
2016,09,19,7,280.8
2016,09,20,0,280.7
2016,09,20,1,280.5
2016,09,20,2,280.7
2016,09,20,3,281.1
2016,09,20,4,281.2
2016,09,20,5,281.0
2016,09,20,6,280.7
2016,09,20,7,280.7
2016,09,21,0,280.8
2016,09,21,1,281.1
2016,09,21,2,281.2
2016,09,21,3,281.4
2016,09,21,4,282.0
2016,09,21,5,282.5
2016,09,21,6,282.3
2016,09,21,7,282.3
2016,09,22,0,282.4
2016,09,22,1,282.3
2016,09,22,2,282.4
2016,09,22,3,282.6
2016,09,22,4,283.5
2016,09,22,5,284.2
2016,09,22,6,284.2
2016,09,22,7,284.2
2016,09,23,0,283.9
2016,09,23,1,283.6
2016,09,23,2,283.5
2016,09,23,3,283.8
2016,09,23,4,284.2
2016,09,23,5,284.2
2016,09,23,6,284.4
2016,09,23,7,284.3
2016,09,24,0,283.7
2016,09,24,1,283.5
2016,09,24,2,283.5
2016,09,24,3,282.9
2016,09,24,4,283.1
2016,09,24,5,283.4
2016,09,24,6,283.0
2016,09,24,7,283.1
2016,09,25,0,283.4
2016,09,25,1,283.1
2016,09,25,2,282.6
2016,09,25,3,282.2
2016,09,25,4,282.5
2016,09,25,5,282.5
2016,09,25,6,282.0
2016,09,25,7,281.9
2016,09,26,0,281.8
2016,09,26,1,282.6
2016,09,26,2,282.4
2016,09,26,3,281.9
2016,09,26,4,282.4
2016,09,26,5,283.0
2016,09,26,6,283.3
2016,09,26,7,283.2
2016,09,27,0,283.1
2016,09,27,1,282.8
2016,09,27,2,282.7
2016,09,27,3,282.5
2016,09,27,4,282.4
2016,09,27,5,282.5
2016,09,27,6,282.7
2016,09,27,7,282.6
2016,09,28,0,281.8
2016,09,28,1,281.1
2016,09,28,2,281.0
2016,09,28,3,281.3
2016,09,28,4,281.4
2016,09,28,5,282.0
2016,09,28,6,282.0
2016,09,28,7,281.9
2016,09,29,0,281.8
2016,09,29,1,282.0
2016,09,29,2,281.8
2016,09,29,3,281.6
2016,09,29,4,281.9
2016,09,29,5,282.5
2016,09,29,6,283.3
2016,09,29,7,283.9
2016,09,30,0,283.4
2016,09,30,1,283.1
2016,09,30,2,282.9
2016,09,30,3,282.9
2016,09,30,4,282.5
2016,09,30,5,282.3
2016,09,30,6,282.9
2016,09,30,7,283.2
2016,09,31,0,283.9
2016,09,31,1,283.7
2016,09,31,2,283.7
2016,09,31,3,284.1
2016,09,31,4,283.8
2016,09,31,5,283.9
2016,09,31,6,284.3
2016,09,31,7,284.6
2017,09,1,0,284.6
2017,09,1,1,284.5
2017,09,1,2,284.3
2017,09,1,3,284.5
2017,09,1,4,284.9
2017,09,1,5,284.9
2017,09,1,6,284.6
2017,09,1,7,284.5
2017,09,2,0,284.7
2017,09,2,1,284.7
2017,09,2,2,284.5
2017,09,2,3,284.3
2017,09,2,4,283.8
2017,09,2,5,283.4
2017,09,2,6,283.8
2017,09,2,7,283.3
2017,09,3,0,283.3
2017,09,3,1,283.5
2017,09,3,2,282.8
2017,09,3,3,282.5
2017,09,3,4,283.0
2017,09,3,5,283.8
2017,09,3,6,284.5
2017,09,3,7,284.7
2017,09,4,0,284.6
2017,09,4,1,284.2
2017,09,4,2,283.6
2017,09,4,3,283.3
2017,09,4,4,283.5
2017,09,4,5,283.6
2017,09,4,6,283.7
2017,09,4,7,283.6
2017,09,5,0,283.8
2017,09,5,1,283.9
2017,09,5,2,283.2
2017,09,5,3,282.6
2017,09,5,4,282.8
2017,09,5,5,283.3
2017,09,5,6,283.6
2017,09,5,7,283.8
2017,09,6,0,284.0
2017,09,6,1,284.2
2017,09,6,2,283.9
2017,09,6,3,283.7
2017,09,6,4,283.5
2017,09,6,5,283.7
2017,09,6,6,284.0
2017,09,6,7,283.6
2017,09,7,0,283.4
2017,09,7,1,284.2
2017,09,7,2,283.8
2017,09,7,3,283.9
2017,09,7,4,284.3
2017,09,7,5,284.6
2017,09,7,6,285.0
2017,09,7,7,284.8
2017,09,8,0,284.4
2017,09,8,1,284.8
2017,09,8,2,283.4
2017,09,8,3,284.1
2017,09,8,4,284.1
2017,09,8,5,284.3
2017,09,8,6,284.4
2017,09,8,7,284.0
2017,09,9,0,283.6
2017,09,9,1,284.1
2017,09,9,2,283.4
2017,09,9,3,282.6
2017,09,9,4,282.9
2017,09,9,5,283.3
2017,09,9,6,282.8
2017,09,9,7,282.6
2017,09,10,0,282.6
2017,09,10,1,283.2
2017,09,10,2,283.2
2017,09,10,3,283.4
2017,09,10,4,283.5
2017,09,10,5,283.5
2017,09,10,6,283.4
2017,09,10,7,283.8
2017,09,11,0,284.0
2017,09,11,1,283.9
2017,09,11,2,284.4
2017,09,11,3,283.7
2017,09,11,4,284.0
2017,09,11,5,284.3
2017,09,11,6,284.0
2017,09,11,7,284.0
2017,09,12,0,284.5
2017,09,12,1,284.4
2017,09,12,2,283.6
2017,09,12,3,284.1
2017,09,12,4,284.2
2017,09,12,5,284.4
2017,09,12,6,284.5
2017,09,12,7,283.9
2017,09,13,0,283.4
2017,09,13,1,283.2
2017,09,13,2,282.2
2017,09,13,3,282.2
2017,09,13,4,282.9
2017,09,13,5,283.1
2017,09,13,6,282.7
2017,09,13,7,283.1
2017,09,14,0,282.8
2017,09,14,1,282.4
2017,09,14,2,281.5
2017,09,14,3,283.6
2017,09,14,4,283.1
2017,09,14,5,283.0
2017,09,14,6,282.3
2017,09,14,7,282.4
2017,09,15,0,282.7
2017,09,15,1,283.0
2017,09,15,2,282.9
2017,09,15,3,282.2
2017,09,15,4,281.9
2017,09,15,5,282.3
2017,09,15,6,282.2
2017,09,15,7,282.2
2017,09,16,0,282.1
2017,09,16,1,282.6
2017,09,16,2,282.8
2017,09,16,3,281.8
2017,09,16,4,282.4
2017,09,16,5,283.1
2017,09,16,6,283.3
2017,09,16,7,283.6
2017,09,17,0,284.4
2017,09,17,1,284.2
2017,09,17,2,283.9
2017,09,17,3,284.1
2017,09,17,4,284.2
2017,09,17,5,284.1
2017,09,17,6,284.3
2017,09,17,7,284.4
2017,09,18,0,284.3
2017,09,18,1,285.1
2017,09,18,2,284.9
2017,09,18,3,284.6
2017,09,18,4,284.0
2017,09,18,5,283.2
2017,09,18,6,283.3
2017,09,18,7,284.1
2017,09,19,0,284.3
2017,09,19,1,285.1
2017,09,19,2,284.8
2017,09,19,3,284.9
2017,09,19,4,285.0
2017,09,19,5,285.4
2017,09,19,6,284.7
2017,09,19,7,282.7
2017,09,20,0,286.6
2017,09,20,1,285.2
2017,09,20,2,284.4
2017,09,20,3,284.9
2017,09,20,4,285.4
2017,09,20,5,285.7
2017,09,20,6,283.7
2017,09,20,7,285.8
2017,09,21,0,285.7
2017,09,21,1,284.9
2017,09,21,2,284.2
2017,09,21,3,282.8
2017,09,21,4,283.4
2017,09,21,5,284.2
2017,09,21,6,282.8
2017,09,21,7,280.3
2017,09,22,0,282.5
2017,09,22,1,282.7
2017,09,22,2,282.2
2017,09,22,3,281.3
2017,09,22,4,281.4
2017,09,22,5,282.6
2017,09,22,6,283.3
2017,09,22,7,282.0
2017,09,23,0,280.8
2017,09,23,1,280.7
2017,09,23,2,282.9
2017,09,23,3,285.0
2017,09,23,4,284.3
2017,09,23,5,283.7
2017,09,23,6,283.7
2017,09,23,7,282.7
2017,09,24,0,282.9
2017,09,24,1,282.1
2017,09,24,2,281.8
2017,09,24,3,282.0
2017,09,24,4,281.9
2017,09,24,5,282.6
2017,09,24,6,282.4
2017,09,24,7,282.1
2017,09,25,0,282.7
2017,09,25,1,282.7
2017,09,25,2,282.3
2017,09,25,3,283.3
2017,09,25,4,282.7
2017,09,25,5,283.7
2017,09,25,6,284.5
2017,09,25,7,284.9
2017,09,26,0,285.4
2017,09,26,1,284.7
2017,09,26,2,284.0
2017,09,26,3,283.0
2017,09,26,4,284.4
2017,09,26,5,285.3
2017,09,26,6,285.4
2017,09,26,7,284.8
2017,09,27,0,285.5
2017,09,27,1,286.4
2017,09,27,2,285.0
2017,09,27,3,284.8
2017,09,27,4,284.2
2017,09,27,5,285.1
2017,09,27,6,285.1
2017,09,27,7,285.0
2017,09,28,0,285.7
2017,09,28,1,284.5
2017,09,28,2,283.8
2017,09,28,3,284.2
2017,09,28,4,283.9
2017,09,28,5,283.2
2017,09,28,6,282.6
2017,09,28,7,281.6
2017,09,29,0,281.5
2017,09,29,1,279.2
2017,09,29,2,279.3
2017,09,29,3,279.4
2017,09,29,4,279.0
2017,09,29,5,279.0
2017,09,29,6,279.8
2017,09,29,7,280.1
2017,09,30,0,281.0
2017,09,30,1,280.9
2017,09,30,2,280.8
2017,09,30,3,280.9
2017,09,30,4,281.2
2017,09,30,5,281.5
2017,09,30,6,280.7
2017,09,30,7,280.7
2017,09,31,0,281.3
2017,09,31,1,281.5
2017,09,31,2,281.2
2017,09,31,3,281.1
2017,09,31,4,281.5
2017,09,31,5,281.2
2017,09,31,6,280.8
2017,09,31,7,280.1
2017,09,1,0,280.7
2017,09,1,1,281.8
2017,09,1,2,281.3
2017,09,1,3,281.1
2017,09,1,4,281.2
2017,09,1,5,281.2
2017,09,1,6,281.7
2017,09,1,7,280.1
2017,09,2,0,280.8
2017,09,2,1,281.1
2017,09,2,2,281.2
2017,09,2,3,280.9
2017,09,2,4,280.4
2017,09,2,5,280.6
2017,09,2,6,281.1
2017,09,2,7,281.7
2017,09,3,0,281.7
2017,09,3,1,281.6
2017,09,3,2,282.3
2017,09,3,3,282.1
2017,09,3,4,282.3
2017,09,3,5,282.0
2017,09,3,6,282.5
2017,09,3,7,283.3
2017,09,4,0,283.4
2017,09,4,1,283.1
2017,09,4,2,282.7
2017,09,4,3,282.6
2017,09,4,4,282.8
2017,09,4,5,282.1
2017,09,4,6,282.2
2017,09,4,7,282.0
2017,09,5,0,282.4
2017,09,5,1,282.8
2017,09,5,2,282.8
2017,09,5,3,282.7
2017,09,5,4,282.3
2017,09,5,5,282.2
2017,09,5,6,282.0
2017,09,5,7,281.9
2017,09,6,0,281.9
2017,09,6,1,281.1
2017,09,6,2,280.6
2017,09,6,3,281.7
2017,09,6,4,281.7
2017,09,6,5,282.1
2017,09,6,6,282.2
2017,09,6,7,282.3
2017,09,7,0,283.0
2017,09,7,1,282.5
2017,09,7,2,282.9
2017,09,7,3,282.1
2017,09,7,4,282.9
2017,09,7,5,283.4
2017,09,7,6,282.7
2017,09,7,7,282.3
2017,09,8,0,282.0
2017,09,8,1,281.5
2017,09,8,2,281.5
2017,09,8,3,281.5
2017,09,8,4,281.8
2017,09,8,5,281.7
2017,09,8,6,280.9
2017,09,8,7,281.6
2017,09,9,0,282.0
2017,09,9,1,282.4
2017,09,9,2,281.0
2017,09,9,3,280.9
2017,09,9,4,281.8
2017,09,9,5,282.1
2017,09,9,6,282.2
2017,09,9,7,282.2
2017,09,10,0,282.0
2017,09,10,1,281.9
2017,09,10,2,282.5
2017,09,10,3,282.4
2017,09,10,4,282.1
2017,09,10,5,281.7
2017,09,10,6,282.0
2017,09,10,7,281.6
2017,09,11,0,281.9
2017,09,11,1,282.6
2017,09,11,2,282.4
2017,09,11,3,282.4
2017,09,11,4,282.2
2017,09,11,5,281.7
2017,09,11,6,281.8
2017,09,11,7,281.0
2017,09,12,0,281.1
2017,09,12,1,281.3
2017,09,12,2,281.3
2017,09,12,3,281.2
2017,09,12,4,281.4
2017,09,12,5,281.5
2017,09,12,6,281.4
2017,09,12,7,281.2
2017,09,13,0,281.0
2017,09,13,1,280.9
2017,09,13,2,281.6
2017,09,13,3,281.6
2017,09,13,4,281.7
2017,09,13,5,282.2
2017,09,13,6,281.1
2017,09,13,7,282.0
2017,09,14,0,282.1
2017,09,14,1,282.5
2017,09,14,2,283.9
2017,09,14,3,284.3
2017,09,14,4,283.3
2017,09,14,5,279.4
2017,09,14,6,280.0
2017,09,14,7,280.8
2017,09,15,0,282.0
2017,09,15,1,282.0
2017,09,15,2,282.5
2017,09,15,3,283.3
2017,09,15,4,283.7
2017,09,15,5,284.7
2017,09,15,6,284.8
2017,09,15,7,284.8
2017,09,16,0,285.2
2017,09,16,1,283.7
2017,09,16,2,283.6
2017,09,16,3,283.8
2017,09,16,4,284.2
2017,09,16,5,284.2
2017,09,16,6,283.8
2017,09,16,7,283.4
2017,09,17,0,283.8
2017,09,17,1,282.0
2017,09,17,2,280.4
2017,09,17,3,280.3
2017,09,17,4,282.2
2017,09,17,5,282.5
2017,09,17,6,281.9
2017,09,17,7,281.0
2017,09,18,0,282.2
2017,09,18,1,281.7
2017,09,18,2,281.2
2017,09,18,3,281.6
2017,09,18,4,282.2
2017,09,18,5,282.5
2017,09,18,6,282.1
2017,09,18,7,281.1
2017,09,19,0,280.8
2017,09,19,1,279.7
2017,09,19,2,279.9
2017,09,19,3,280.3
2017,09,19,4,280.9
2017,09,19,5,281.7
2017,09,19,6,281.7
2017,09,19,7,282.7
2017,09,20,0,283.1
2017,09,20,1,280.9
2017,09,20,2,279.4
2017,09,20,3,279.8
2017,09,20,4,280.6
2017,09,20,5,281.2
2017,09,20,6,281.5
2017,09,20,7,281.1
2017,09,21,0,281.2
2017,09,21,1,280.9
2017,09,21,2,280.5
2017,09,21,3,280.1
2017,09,21,4,280.2
2017,09,21,5,280.7
2017,09,21,6,280.7
2017,09,21,7,281.2
2017,09,22,0,281.7
2017,09,22,1,282.1
2017,09,22,2,283.1
2017,09,22,3,281.3
2017,09,22,4,281.1
2017,09,22,5,281.4
2017,09,22,6,281.9
2017,09,22,7,281.6
2017,09,23,0,282.3
2017,09,23,1,282.4
2017,09,23,2,284.9
2017,09,23,3,284.7
2017,09,23,4,284.4
2017,09,23,5,284.2
2017,09,23,6,284.3
2017,09,23,7,282.6
2017,09,24,0,283.5
2017,09,24,1,283.5
2017,09,24,2,283.1
2017,09,24,3,282.7
2017,09,24,4,282.7
2017,09,24,5,283.2
2017,09,24,6,283.7
2017,09,24,7,283.9
2017,09,25,0,283.7
2017,09,25,1,282.8
2017,09,25,2,281.7
2017,09,25,3,281.3
2017,09,25,4,281.9
2017,09,25,5,283.1
2017,09,25,6,282.6
2017,09,25,7,283.0
2017,09,26,0,282.9
2017,09,26,1,283.4
2017,09,26,2,283.9
2017,09,26,3,282.7
2017,09,26,4,281.2
2017,09,26,5,281.6
2017,09,26,6,281.1
2017,09,26,7,280.1
2017,09,27,0,280.3
2017,09,27,1,281.2
2017,09,27,2,281.2
2017,09,27,3,280.6
2017,09,27,4,280.6
2017,09,27,5,280.7
2017,09,27,6,280.2
2017,09,27,7,279.5
2017,09,28,0,280.3
2017,09,28,1,281.4
2017,09,28,2,281.1
2017,09,28,3,280.9
2017,09,28,4,281.7
2017,09,28,5,281.2
2017,09,28,6,280.7
2017,09,28,7,281.6
2017,09,1,0,281.8
2017,09,1,1,281.6
2017,09,1,2,281.2
2017,09,1,3,281.1
2017,09,1,4,281.8
2017,09,1,5,281.8
2017,09,1,6,282.3
2017,09,1,7,282.6
2017,09,2,0,282.6
2017,09,2,1,282.4
2017,09,2,2,282.2
2017,09,2,3,282.1
2017,09,2,4,282.3
2017,09,2,5,282.9
2017,09,2,6,283.8
2017,09,2,7,284.0
2017,09,3,0,284.7
2017,09,3,1,284.8
2017,09,3,2,284.2
2017,09,3,3,285.8
2017,09,3,4,286.1
2017,09,3,5,285.7
2017,09,3,6,285.7
2017,09,3,7,284.1
2017,09,4,0,283.1
2017,09,4,1,285.3
2017,09,4,2,284.2
2017,09,4,3,284.8
2017,09,4,4,284.5
2017,09,4,5,284.1
2017,09,4,6,284.0
2017,09,4,7,283.4
2017,09,5,0,284.1
2017,09,5,1,284.7
2017,09,5,2,284.1
2017,09,5,3,284.6
2017,09,5,4,284.7
2017,09,5,5,284.3
2017,09,5,6,284.5
2017,09,5,7,283.1
2017,09,6,0,283.3
2017,09,6,1,282.9
2017,09,6,2,283.9
2017,09,6,3,284.8
2017,09,6,4,284.9
2017,09,6,5,283.7
2017,09,6,6,283.3
2017,09,6,7,283.1
2017,09,7,0,284.1
2017,09,7,1,283.4
2017,09,7,2,282.9
2017,09,7,3,283.1
2017,09,7,4,282.9
2017,09,7,5,283.6
2017,09,7,6,284.1
2017,09,7,7,283.6
2017,09,8,0,282.7
2017,09,8,1,282.3
2017,09,8,2,281.7
2017,09,8,3,282.2
2017,09,8,4,282.7
2017,09,8,5,282.6
2017,09,8,6,281.8
2017,09,8,7,282.4
2017,09,9,0,282.3
2017,09,9,1,282.0
2017,09,9,2,281.5
2017,09,9,3,281.0
2017,09,9,4,281.0
2017,09,9,5,281.7
2017,09,9,6,281.9
2017,09,9,7,281.8
2017,09,10,0,281.4
2017,09,10,1,281.6
2017,09,10,2,281.4
2017,09,10,3,281.0
2017,09,10,4,281.6
2017,09,10,5,282.8
2017,09,10,6,283.1
2017,09,10,7,282.3
2017,09,11,0,282.4
2017,09,11,1,281.5
2017,09,11,2,281.1
2017,09,11,3,281.3
2017,09,11,4,281.0
2017,09,11,5,280.9
2017,09,11,6,280.6
2017,09,11,7,279.1
2017,09,12,0,280.8
2017,09,12,1,281.1
2017,09,12,2,281.6
2017,09,12,3,282.6
2017,09,12,4,283.3
2017,09,12,5,283.2
2017,09,12,6,284.0
2017,09,12,7,284.3
2017,09,13,0,285.5
2017,09,13,1,284.5
2017,09,13,2,283.6
2017,09,13,3,283.7
2017,09,13,4,283.8
2017,09,13,5,283.6
2017,09,13,6,283.9
2017,09,13,7,283.1
2017,09,14,0,279.9
2017,09,14,1,280.7
2017,09,14,2,281.8
2017,09,14,3,281.8
2017,09,14,4,281.9
2017,09,14,5,282.8
2017,09,14,6,283.1
2017,09,14,7,282.7
2017,09,15,0,282.3
2017,09,15,1,282.7
2017,09,15,2,282.9
2017,09,15,3,281.9
2017,09,15,4,282.0
2017,09,15,5,279.9
2017,09,15,6,277.7
2017,09,15,7,278.6
2017,09,16,0,279.0
2017,09,16,1,279.2
2017,09,16,2,279.3
2017,09,16,3,279.6
2017,09,16,4,280.4
2017,09,16,5,280.5
2017,09,16,6,281.0
2017,09,16,7,279.9
2017,09,17,0,280.3
2017,09,17,1,280.3
2017,09,17,2,280.6
2017,09,17,3,280.7
2017,09,17,4,281.9
2017,09,17,5,281.8
2017,09,17,6,282.0
2017,09,17,7,281.1
2017,09,18,0,281.0
2017,09,18,1,281.2
2017,09,18,2,281.4
2017,09,18,3,281.3
2017,09,18,4,282.4
2017,09,18,5,282.4
2017,09,18,6,282.0
2017,09,18,7,282.7
2017,09,19,0,282.7
2017,09,19,1,282.5
2017,09,19,2,281.8
2017,09,19,3,281.5
2017,09,19,4,281.6
2017,09,19,5,281.5
2017,09,19,6,281.1
2017,09,19,7,280.8
2017,09,20,0,281.0
2017,09,20,1,281.5
2017,09,20,2,281.6
2017,09,20,3,281.0
2017,09,20,4,281.6
2017,09,20,5,281.7
2017,09,20,6,281.7
2017,09,20,7,281.4
2017,09,21,0,281.8
2017,09,21,1,282.0
2017,09,21,2,281.7
2017,09,21,3,281.2
2017,09,21,4,282.0
2017,09,21,5,282.0
2017,09,21,6,281.7
2017,09,21,7,282.0
2017,09,22,0,282.0
2017,09,22,1,281.9
2017,09,22,2,281.8
2017,09,22,3,282.2
2017,09,22,4,282.7
2017,09,22,5,282.2
2017,09,22,6,280.8
2017,09,22,7,281.1
2017,09,23,0,282.9
2017,09,23,1,282.1
2017,09,23,2,282.2
2017,09,23,3,282.8
2017,09,23,4,283.7
2017,09,23,5,283.5
2017,09,23,6,282.3
2017,09,23,7,283.2
2017,09,24,0,283.1
2017,09,24,1,282.9
2017,09,24,2,284.5
2017,09,24,3,284.8
2017,09,24,4,284.8
2017,09,24,5,284.5
2017,09,24,6,284.2
2017,09,24,7,284.1
2017,09,25,0,283.5
2017,09,25,1,282.2
2017,09,25,2,281.6
2017,09,25,3,281.5
2017,09,25,4,282.0
2017,09,25,5,281.3
2017,09,25,6,281.0
2017,09,25,7,280.6
2017,09,26,0,280.5
2017,09,26,1,280.5
2017,09,26,2,280.3
2017,09,26,3,280.2
2017,09,26,4,280.6
2017,09,26,5,281.4
2017,09,26,6,281.0
2017,09,26,7,280.6
2017,09,27,0,281.0
2017,09,27,1,281.3
2017,09,27,2,281.1
2017,09,27,3,280.4
2017,09,27,4,280.7
2017,09,27,5,281.6
2017,09,27,6,280.8
2017,09,27,7,280.4
2017,09,28,0,281.1
2017,09,28,1,280.8
2017,09,28,2,281.0
2017,09,28,3,280.9
2017,09,28,4,281.3
2017,09,28,5,281.8
2017,09,28,6,280.6
2017,09,28,7,280.2
2017,09,29,0,280.2
2017,09,29,1,279.9
2017,09,29,2,279.4
2017,09,29,3,279.3
2017,09,29,4,279.6
2017,09,29,5,279.6
2017,09,29,6,279.5
2017,09,29,7,278.3
2017,09,30,0,280.5
2017,09,30,1,280.1
2017,09,30,2,280.5
2017,09,30,3,281.1
2017,09,30,4,280.9
2017,09,30,5,280.2
2017,09,30,6,280.3
2017,09,30,7,280.0
2017,09,31,0,280.2
2017,09,31,1,279.0
2017,09,31,2,277.7
2017,09,31,3,279.6
2017,09,31,4,278.6
2017,09,31,5,276.8
2017,09,31,6,277.8
2017,09,31,7,276.1
2017,09,1,0,277.1
2017,09,1,1,277.0
2017,09,1,2,276.6
2017,09,1,3,276.5
2017,09,1,4,276.5
2017,09,1,5,276.8
2017,09,1,6,276.2
2017,09,1,7,275.4
2017,09,2,0,276.7
2017,09,2,1,277.1
2017,09,2,2,276.5
2017,09,2,3,277.3
2017,09,2,4,277.4
2017,09,2,5,277.2
2017,09,2,6,277.7
2017,09,2,7,277.2
2017,09,3,0,275.9
2017,09,3,1,276.0
2017,09,3,2,276.1
2017,09,3,3,277.8
2017,09,3,4,278.4
2017,09,3,5,278.0
2017,09,3,6,278.0
2017,09,3,7,278.0
2017,09,4,0,279.0
2017,09,4,1,279.5
2017,09,4,2,278.6
2017,09,4,3,279.0
2017,09,4,4,279.4
2017,09,4,5,279.5
2017,09,4,6,279.3
2017,09,4,7,279.1
2017,09,5,0,281.0
2017,09,5,1,281.2
2017,09,5,2,280.1
2017,09,5,3,281.5
2017,09,5,4,281.9
2017,09,5,5,281.8
2017,09,5,6,281.0
2017,09,5,7,280.8
2017,09,6,0,281.3
2017,09,6,1,282.8
2017,09,6,2,282.8
2017,09,6,3,282.8
2017,09,6,4,282.2
2017,09,6,5,281.5
2017,09,6,6,282.2
2017,09,6,7,282.0
2017,09,7,0,282.2
2017,09,7,1,281.9
2017,09,7,2,281.6
2017,09,7,3,282.9
2017,09,7,4,283.2
2017,09,7,5,283.3
2017,09,7,6,282.9
2017,09,7,7,282.0
2017,09,8,0,282.4
2017,09,8,1,282.6
2017,09,8,2,281.9
2017,09,8,3,280.9
2017,09,8,4,281.4
2017,09,8,5,281.5
2017,09,8,6,281.6
2017,09,8,7,280.8
2017,09,9,0,282.8
2017,09,9,1,281.7
2017,09,9,2,281.3
2017,09,9,3,282.4
2017,09,9,4,282.0
2017,09,9,5,281.9
2017,09,9,6,281.9
2017,09,9,7,281.7
2017,09,10,0,281.9
2017,09,10,1,280.8
2017,09,10,2,280.4
2017,09,10,3,280.3
2017,09,10,4,280.4
2017,09,10,5,278.7
2017,09,10,6,279.8
2017,09,10,7,280.8
2017,09,11,0,280.0
2017,09,11,1,278.9
2017,09,11,2,278.6
2017,09,11,3,279.2
2017,09,11,4,280.9
2017,09,11,5,280.0
2017,09,11,6,277.9
2017,09,11,7,281.4
2017,09,12,0,282.9
2017,09,12,1,282.2
2017,09,12,2,282.2
2017,09,12,3,283.2
2017,09,12,4,282.8
2017,09,12,5,280.9
2017,09,12,6,280.2
2017,09,12,7,280.9
2017,09,13,0,282.2
2017,09,13,1,281.1
2017,09,13,2,280.0
2017,09,13,3,279.9
2017,09,13,4,280.3
2017,09,13,5,280.9
2017,09,13,6,280.4
2017,09,13,7,280.6
2017,09,14,0,280.9
2017,09,14,1,280.7
2017,09,14,2,281.2
2017,09,14,3,281.1
2017,09,14,4,281.4
2017,09,14,5,280.9
2017,09,14,6,280.0
2017,09,14,7,279.7
2017,09,15,0,279.9
2017,09,15,1,280.0
2017,09,15,2,280.5
2017,09,15,3,280.5
2017,09,15,4,280.6
2017,09,15,5,280.0
2017,09,15,6,278.9
2017,09,15,7,277.6
2017,09,16,0,277.0
2017,09,16,1,277.3
2017,09,16,2,280.5
2017,09,16,3,282.0
2017,09,16,4,282.4
2017,09,16,5,282.5
2017,09,16,6,282.1
2017,09,16,7,279.9
2017,09,17,0,279.3
2017,09,17,1,279.4
2017,09,17,2,279.1
2017,09,17,3,278.6
2017,09,17,4,278.4
2017,09,17,5,279.6
2017,09,17,6,280.1
2017,09,17,7,279.1
2017,09,18,0,279.4
2017,09,18,1,279.6
2017,09,18,2,279.4
2017,09,18,3,279.5
2017,09,18,4,279.8
2017,09,18,5,279.8
2017,09,18,6,279.9
2017,09,18,7,279.2
2017,09,19,0,278.9
2017,09,19,1,279.6
2017,09,19,2,279.6
2017,09,19,3,279.8
2017,09,19,4,280.9
2017,09,19,5,280.3
2017,09,19,6,280.2
2017,09,19,7,281.1
2017,09,20,0,282.2
2017,09,20,1,282.0
2017,09,20,2,282.0
2017,09,20,3,282.8
2017,09,20,4,283.3
2017,09,20,5,283.6
2017,09,20,6,283.8
2017,09,20,7,284.1
2017,09,21,0,284.2
2017,09,21,1,283.9
2017,09,21,2,283.0
2017,09,21,3,282.9
2017,09,21,4,283.2
2017,09,21,5,283.4
2017,09,21,6,283.3
2017,09,21,7,283.3
2017,09,22,0,283.6
2017,09,22,1,283.9
2017,09,22,2,282.1
2017,09,22,3,281.1
2017,09,22,4,281.4
2017,09,22,5,281.6
2017,09,22,6,281.2
2017,09,22,7,280.4
2017,09,23,0,280.1
2017,09,23,1,280.3
2017,09,23,2,280.3
2017,09,23,3,280.5
2017,09,23,4,280.9
2017,09,23,5,282.1
2017,09,23,6,281.2
2017,09,23,7,281.3
2017,09,24,0,281.4
2017,09,24,1,280.5
2017,09,24,2,280.4
2017,09,24,3,281.0
2017,09,24,4,281.4
2017,09,24,5,281.4
2017,09,24,6,281.5
2017,09,24,7,281.7
2017,09,25,0,282.6
2017,09,25,1,282.3
2017,09,25,2,281.5
2017,09,25,3,281.4
2017,09,25,4,282.0
2017,09,25,5,282.5
2017,09,25,6,282.4
2017,09,25,7,282.5
2017,09,26,0,282.9
2017,09,26,1,282.6
2017,09,26,2,282.1
2017,09,26,3,282.2
2017,09,26,4,282.6
2017,09,26,5,283.1
2017,09,26,6,283.7
2017,09,26,7,283.8
2017,09,27,0,283.5
2017,09,27,1,283.5
2017,09,27,2,283.0
2017,09,27,3,282.0
2017,09,27,4,282.4
2017,09,27,5,282.7
2017,09,27,6,282.7
2017,09,27,7,282.2
2017,09,28,0,281.7
2017,09,28,1,281.8
2017,09,28,2,281.8
2017,09,28,3,282.2
2017,09,28,4,282.5
2017,09,28,5,282.2
2017,09,28,6,281.7
2017,09,28,7,281.8
2017,09,29,0,281.6
2017,09,29,1,281.4
2017,09,29,2,280.8
2017,09,29,3,280.4
2017,09,29,4,280.6
2017,09,29,5,281.2
2017,09,29,6,281.4
2017,09,29,7,281.2
2017,09,30,0,280.8
2017,09,30,1,280.0
2017,09,30,2,279.6
2017,09,30,3,279.5
2017,09,30,4,279.5
2017,09,30,5,279.7
2017,09,30,6,279.8
2017,09,30,7,279.7
2017,09,1,0,279.2
2017,09,1,1,278.9
2017,09,1,2,279.0
2017,09,1,3,279.1
2017,09,1,4,279.4
2017,09,1,5,279.8
2017,09,1,6,279.7
2017,09,1,7,279.6
2017,09,2,0,279.3
2017,09,2,1,279.0
2017,09,2,2,278.9
2017,09,2,3,278.8
2017,09,2,4,278.9
2017,09,2,5,279.3
2017,09,2,6,279.5
2017,09,2,7,279.6
2017,09,3,0,279.8
2017,09,3,1,279.2
2017,09,3,2,278.9
2017,09,3,3,278.9
2017,09,3,4,279.2
2017,09,3,5,279.5
2017,09,3,6,279.8
2017,09,3,7,279.3
2017,09,4,0,279.6
2017,09,4,1,279.7
2017,09,4,2,279.2
2017,09,4,3,278.6
2017,09,4,4,278.7
2017,09,4,5,279.0
2017,09,4,6,278.6
2017,09,4,7,278.1
2017,09,5,0,278.7
2017,09,5,1,279.3
2017,09,5,2,278.7
2017,09,5,3,278.5
2017,09,5,4,278.7
2017,09,5,5,278.9
2017,09,5,6,279.0
2017,09,5,7,278.7
2017,09,6,0,278.6
2017,09,6,1,278.7
2017,09,6,2,278.6
2017,09,6,3,278.6
2017,09,6,4,278.3
2017,09,6,5,278.5
2017,09,6,6,278.7
2017,09,6,7,278.3
2017,09,7,0,277.8
2017,09,7,1,277.9
2017,09,7,2,277.9
2017,09,7,3,278.1
2017,09,7,4,278.4
2017,09,7,5,278.7
2017,09,7,6,278.6
2017,09,7,7,277.8
2017,09,8,0,276.4
2017,09,8,1,277.2
2017,09,8,2,277.5
2017,09,8,3,277.7
2017,09,8,4,276.9
2017,09,8,5,275.5
2017,09,8,6,275.2
2017,09,8,7,273.8
2017,09,9,0,272.6
2017,09,9,1,273.2
2017,09,9,2,274.4
2017,09,9,3,274.8
2017,09,9,4,275.9
2017,09,9,5,277.9
2017,09,9,6,277.7
2017,09,9,7,279.1
2017,09,10,0,275.3
2017,09,10,1,276.6
2017,09,10,2,272.8
2017,09,10,3,278.7
2017,09,10,4,279.1
2017,09,10,5,277.9
2017,09,10,6,279.1
2017,09,10,7,279.9
2017,09,11,0,280.8
2017,09,11,1,281.0
2017,09,11,2,280.9
2017,09,11,3,280.4
2017,09,11,4,278.9
2017,09,11,5,278.7
2017,09,11,6,278.0
2017,09,11,7,279.4
2017,09,12,0,280.0
2017,09,12,1,281.1
2017,09,12,2,281.4
2017,09,12,3,281.8
2017,09,12,4,283.0
2017,09,12,5,284.1
2017,09,12,6,285.0
2017,09,12,7,285.4
2017,09,13,0,285.4
2017,09,13,1,285.4
2017,09,13,2,285.8
2017,09,13,3,285.6
2017,09,13,4,286.0
2017,09,13,5,285.6
2017,09,13,6,286.0
2017,09,13,7,286.7
2017,09,14,0,288.0
2017,09,14,1,287.0
2017,09,14,2,287.1
2017,09,14,3,288.9
2017,09,14,4,287.5
2017,09,14,5,285.0
2017,09,14,6,283.6
2017,09,14,7,283.6
2017,09,15,0,283.6
2017,09,15,1,281.9
2017,09,15,2,281.8
2017,09,15,3,282.1
2017,09,15,4,282.7
2017,09,15,5,282.5
2017,09,15,6,281.6
2017,09,15,7,282.8
2017,09,16,0,281.8
2017,09,16,1,283.0
2017,09,16,2,283.0
2017,09,16,3,280.8
2017,09,16,4,280.5
2017,09,16,5,280.7
2017,09,16,6,280.6
2017,09,16,7,279.8
2017,09,17,0,280.4
2017,09,17,1,280.5
2017,09,17,2,280.6
2017,09,17,3,280.5
2017,09,17,4,280.5
2017,09,17,5,280.1
2017,09,17,6,279.7
2017,09,17,7,278.8
2017,09,18,0,279.0
2017,09,18,1,277.3
2017,09,18,2,280.9
2017,09,18,3,282.7
2017,09,18,4,280.0
2017,09,18,5,279.3
2017,09,18,6,279.0
2017,09,18,7,277.5
2017,09,19,0,278.3
2017,09,19,1,279.4
2017,09,19,2,280.7
2017,09,19,3,280.4
2017,09,19,4,279.6
2017,09,19,5,279.4
2017,09,19,6,280.0
2017,09,19,7,279.2
2017,09,20,0,279.5
2017,09,20,1,279.6
2017,09,20,2,280.7
2017,09,20,3,280.0
2017,09,20,4,278.6
2017,09,20,5,278.5
2017,09,20,6,279.4
2017,09,20,7,278.9
2017,09,21,0,278.2
2017,09,21,1,279.6
2017,09,21,2,280.1
2017,09,21,3,279.7
2017,09,21,4,280.3
2017,09,21,5,280.7
2017,09,21,6,281.1
2017,09,21,7,281.3
2017,09,22,0,280.8
2017,09,22,1,281.0
2017,09,22,2,281.3
2017,09,22,3,281.5
2017,09,22,4,281.5
2017,09,22,5,281.7
2017,09,22,6,281.5
2017,09,22,7,280.8
2017,09,23,0,281.4
2017,09,23,1,281.8
2017,09,23,2,281.4
2017,09,23,3,281.2
2017,09,23,4,281.0
2017,09,23,5,280.9
2017,09,23,6,279.5
2017,09,23,7,277.9
2017,09,24,0,277.2
2017,09,24,1,277.3
2017,09,24,2,276.2
2017,09,24,3,276.9
2017,09,24,4,277.8
2017,09,24,5,276.7
2017,09,24,6,278.0
2017,09,24,7,277.9
2017,09,25,0,279.8
2017,09,25,1,283.6
2017,09,25,2,283.5
2017,09,25,3,283.2
2017,09,25,4,282.2
2017,09,25,5,281.7
2017,09,25,6,281.2
2017,09,25,7,281.5
2017,09,26,0,281.3
2017,09,26,1,280.8
2017,09,26,2,280.7
2017,09,26,3,281.0
2017,09,26,4,281.0
2017,09,26,5,280.3
2017,09,26,6,280.5
2017,09,26,7,282.0
2017,09,27,0,282.0
2017,09,27,1,282.1
2017,09,27,2,282.2
2017,09,27,3,282.2
2017,09,27,4,281.4
2017,09,27,5,280.8
2017,09,27,6,281.6
2017,09,27,7,282.3
2017,09,28,0,282.7
2017,09,28,1,282.3
2017,09,28,2,281.7
2017,09,28,3,280.7
2017,09,28,4,281.8
2017,09,28,5,281.4
2017,09,28,6,281.6
2017,09,28,7,283.3
2017,09,29,0,283.2
2017,09,29,1,283.2
2017,09,29,2,283.8
2017,09,29,3,283.7
2017,09,29,4,284.3
2017,09,29,5,284.2
2017,09,29,6,285.0
2017,09,29,7,284.3
2017,09,30,0,284.2
2017,09,30,1,284.3
2017,09,30,2,283.6
2017,09,30,3,284.0
2017,09,30,4,284.5
2017,09,30,5,284.4
2017,09,30,6,284.2
2017,09,30,7,284.2
2017,09,31,0,284.4
2017,09,31,1,285.0
2017,09,31,2,285.1
2017,09,31,3,284.6
2017,09,31,4,284.7
2017,09,31,5,286.0
2017,09,31,6,286.1
2017,09,31,7,285.6
2017,09,1,0,283.3
2017,09,1,1,281.0
2017,09,1,2,282.3
2017,09,1,3,283.1
2017,09,1,4,282.4
2017,09,1,5,281.2
2017,09,1,6,281.2
2017,09,1,7,279.7
2017,09,2,0,279.4
2017,09,2,1,278.3
2017,09,2,2,279.1
2017,09,2,3,280.5
2017,09,2,4,281.7
2017,09,2,5,281.4
2017,09,2,6,281.1
2017,09,2,7,280.6
2017,09,3,0,280.2
2017,09,3,1,281.1
2017,09,3,2,280.2
2017,09,3,3,280.5
2017,09,3,4,280.1
2017,09,3,5,279.9
2017,09,3,6,280.4
2017,09,3,7,280.7
2017,09,4,0,280.7
2017,09,4,1,280.4
2017,09,4,2,279.9
2017,09,4,3,279.1
2017,09,4,4,279.9
2017,09,4,5,280.4
2017,09,4,6,281.9
2017,09,4,7,282.2
2017,09,5,0,281.6
2017,09,5,1,281.5
2017,09,5,2,282.8
2017,09,5,3,283.0
2017,09,5,4,282.1
2017,09,5,5,283.1
2017,09,5,6,283.2
2017,09,5,7,283.2
2017,09,6,0,283.8
2017,09,6,1,283.5
2017,09,6,2,283.6
2017,09,6,3,284.0
2017,09,6,4,283.7
2017,09,6,5,283.3
2017,09,6,6,283.0
2017,09,6,7,283.1
2017,09,7,0,283.6
2017,09,7,1,283.6
2017,09,7,2,283.2
2017,09,7,3,282.9
2017,09,7,4,282.3
2017,09,7,5,281.7
2017,09,7,6,281.3
2017,09,7,7,281.6
2017,09,8,0,282.3
2017,09,8,1,282.1
2017,09,8,2,281.8
2017,09,8,3,280.8
2017,09,8,4,281.8
2017,09,8,5,282.2
2017,09,8,6,281.0
2017,09,8,7,281.9
2017,09,9,0,282.2
2017,09,9,1,281.9
2017,09,9,2,280.9
2017,09,9,3,282.1
2017,09,9,4,281.8
2017,09,9,5,281.8
2017,09,9,6,281.4
2017,09,9,7,280.6
2017,09,10,0,278.8
2017,09,10,1,278.7
2017,09,10,2,278.4
2017,09,10,3,278.4
2017,09,10,4,278.8
2017,09,10,5,279.6
2017,09,10,6,279.0
2017,09,10,7,279.1
2017,09,11,0,279.1
2017,09,11,1,279.5
2017,09,11,2,279.3
2017,09,11,3,279.1
2017,09,11,4,278.8
2017,09,11,5,279.0
2017,09,11,6,279.6
2017,09,11,7,279.3
2017,09,12,0,279.3
2017,09,12,1,279.4
2017,09,12,2,279.2
2017,09,12,3,278.9
2017,09,12,4,278.7
2017,09,12,5,278.7
2017,09,12,6,279.2
2017,09,12,7,279.1
2017,09,13,0,279.3
2017,09,13,1,279.3
2017,09,13,2,279.0
2017,09,13,3,278.8
2017,09,13,4,279.1
2017,09,13,5,279.6
2017,09,13,6,279.8
2017,09,13,7,279.8
2017,09,14,0,279.9
2017,09,14,1,279.9
2017,09,14,2,279.4
2017,09,14,3,279.5
2017,09,14,4,279.4
2017,09,14,5,279.3
2017,09,14,6,278.8
2017,09,14,7,279.0
2017,09,15,0,279.4
2017,09,15,1,279.4
2017,09,15,2,279.9
2017,09,15,3,279.5
2017,09,15,4,279.5
2017,09,15,5,281.1
2017,09,15,6,282.0
2017,09,15,7,283.0
2017,09,16,0,282.8
2017,09,16,1,282.5
2017,09,16,2,282.6
2017,09,16,3,282.0
2017,09,16,4,281.8
2017,09,16,5,281.6
2017,09,16,6,281.6
2017,09,16,7,281.5
2017,09,17,0,280.7
2017,09,17,1,280.0
2017,09,17,2,280.3
2017,09,17,3,281.0
2017,09,17,4,280.8
2017,09,17,5,281.5
2017,09,17,6,281.3
2017,09,17,7,281.4
2017,09,18,0,281.7
2017,09,18,1,281.6
2017,09,18,2,280.8
2017,09,18,3,280.1
2017,09,18,4,280.3
2017,09,18,5,280.4
2017,09,18,6,280.5
2017,09,18,7,280.7
2017,09,19,0,281.5
2017,09,19,1,282.0
2017,09,19,2,281.2
2017,09,19,3,281.7
2017,09,19,4,280.4
2017,09,19,5,280.2
2017,09,19,6,280.4
2017,09,19,7,280.4
2017,09,20,0,279.9
2017,09,20,1,278.1
2017,09,20,2,275.7
2017,09,20,3,274.4
2017,09,20,4,276.7
2017,09,20,5,277.5
2017,09,20,6,276.2
2017,09,20,7,276.4
2017,09,21,0,276.2
2017,09,21,1,275.8
2017,09,21,2,275.7
2017,09,21,3,275.1
2017,09,21,4,275.1
2017,09,21,5,274.9
2017,09,21,6,275.3
2017,09,21,7,276.5
2017,09,22,0,276.5
2017,09,22,1,276.3
2017,09,22,2,275.8
2017,09,22,3,275.5
2017,09,22,4,274.3
2017,09,22,5,276.3
2017,09,22,6,276.0
2017,09,22,7,274.6
2017,09,23,0,275.9
2017,09,23,1,276.5
2017,09,23,2,276.3
2017,09,23,3,276.2
2017,09,23,4,276.6
2017,09,23,5,275.9
2017,09,23,6,275.0
2017,09,23,7,274.9
2017,09,24,0,274.4
2017,09,24,1,275.4
2017,09,24,2,277.2
2017,09,24,3,277.8
2017,09,24,4,278.2
2017,09,24,5,278.3
2017,09,24,6,278.3
2017,09,24,7,279.0
2017,09,25,0,279.1
2017,09,25,1,279.1
2017,09,25,2,279.5
2017,09,25,3,280.0
2017,09,25,4,280.1
2017,09,25,5,278.2
2017,09,25,6,276.3
2017,09,25,7,276.3
2017,09,26,0,276.3
2017,09,26,1,276.0
2017,09,26,2,275.8
2017,09,26,3,276.7
2017,09,26,4,279.2
2017,09,26,5,279.5
2017,09,26,6,278.8
2017,09,26,7,278.1
2017,09,27,0,277.7
2017,09,27,1,277.7
2017,09,27,2,278.5
2017,09,27,3,278.8
2017,09,27,4,279.5
2017,09,27,5,279.7
2017,09,27,6,279.3
2017,09,27,7,279.7
2017,09,28,0,280.7
2017,09,28,1,281.3
2017,09,28,2,281.5
2017,09,28,3,281.5
2017,09,28,4,281.7
2017,09,28,5,281.2
2017,09,28,6,280.9
2017,09,28,7,280.7
2017,09,29,0,279.7
2017,09,29,1,279.6
2017,09,29,2,279.7
2017,09,29,3,280.1
2017,09,29,4,280.4
2017,09,29,5,280.5
2017,09,29,6,280.4
2017,09,29,7,280.4
2017,09,30,0,280.4
2017,09,30,1,278.8
2017,09,30,2,278.9
2017,09,30,3,280.1
2017,09,30,4,279.9
2017,09,30,5,278.5
2017,09,30,6,278.7
2017,09,30,7,278.6
2017,09,1,0,277.6
2017,09,1,1,277.1
2017,09,1,2,277.5
2017,09,1,3,278.5
2017,09,1,4,278.5
2017,09,1,5,277.6
2017,09,1,6,276.8
2017,09,1,7,276.7
2017,09,2,0,277.1
2017,09,2,1,274.5
2017,09,2,2,274.3
2017,09,2,3,276.1
2017,09,2,4,277.3
2017,09,2,5,276.3
2017,09,2,6,274.2
2017,09,2,7,275.7
2017,09,3,0,277.0
2017,09,3,1,277.7
2017,09,3,2,278.5
2017,09,3,3,279.3
2017,09,3,4,280.0
2017,09,3,5,279.8
2017,09,3,6,279.5
2017,09,3,7,280.1
2017,09,4,0,280.5
2017,09,4,1,280.0
2017,09,4,2,279.6
2017,09,4,3,279.7
2017,09,4,4,279.7
2017,09,4,5,279.2
2017,09,4,6,279.3
2017,09,4,7,279.8
2017,09,5,0,280.5
2017,09,5,1,280.4
2017,09,5,2,280.4
2017,09,5,3,280.6
2017,09,5,4,281.1
2017,09,5,5,280.7
2017,09,5,6,280.7
2017,09,5,7,280.6
2017,09,6,0,281.1
2017,09,6,1,281.7
2017,09,6,2,282.0
2017,09,6,3,282.6
2017,09,6,4,282.7
2017,09,6,5,281.8
2017,09,6,6,281.8
2017,09,6,7,282.6
2017,09,7,0,283.1
2017,09,7,1,283.5
2017,09,7,2,283.7
2017,09,7,3,283.5
2017,09,7,4,283.2
2017,09,7,5,282.2
2017,09,7,6,281.3
2017,09,7,7,279.8
2017,09,8,0,280.8
2017,09,8,1,280.1
2017,09,8,2,279.4
2017,09,8,3,278.6
2017,09,8,4,277.3
2017,09,8,5,277.5
2017,09,8,6,277.9
2017,09,8,7,278.1
2017,09,9,0,278.1
2017,09,9,1,278.2
2017,09,9,2,278.2
2017,09,9,3,277.6
2017,09,9,4,277.2
2017,09,9,5,276.3
2017,09,9,6,276.9
2017,09,9,7,277.6
2017,09,10,0,277.6
2017,09,10,1,277.8
2017,09,10,2,277.8
2017,09,10,3,277.7
2017,09,10,4,277.8
2017,09,10,5,277.9
2017,09,10,6,277.8
2017,09,10,7,277.8
2017,09,11,0,277.7
2017,09,11,1,277.5
2017,09,11,2,277.3
2017,09,11,3,277.0
2017,09,11,4,276.8
2017,09,11,5,276.8
2017,09,11,6,276.4
2017,09,11,7,276.1
2017,09,12,0,276.5
2017,09,12,1,276.3
2017,09,12,2,275.8
2017,09,12,3,274.4
2017,09,12,4,275.6
2017,09,12,5,275.9
2017,09,12,6,276.3
2017,09,12,7,277.1
2017,09,13,0,277.7
2017,09,13,1,277.5
2017,09,13,2,277.3
2017,09,13,3,277.8
2017,09,13,4,278.9
2017,09,13,5,279.0
2017,09,13,6,279.0
2017,09,13,7,279.4
2017,09,14,0,279.0
2017,09,14,1,278.5
2017,09,14,2,279.0
2017,09,14,3,279.9
2017,09,14,4,280.7
2017,09,14,5,280.9
2017,09,14,6,281.5
2017,09,14,7,282.4
2017,09,15,0,282.1
2017,09,15,1,281.5
2017,09,15,2,280.7
2017,09,15,3,280.9
2017,09,15,4,281.8
2017,09,15,5,282.0
2017,09,15,6,282.3
2017,09,15,7,282.9
2017,09,16,0,282.1
2017,09,16,1,281.9
2017,09,16,2,281.9
2017,09,16,3,281.9
2017,09,16,4,282.9
2017,09,16,5,283.6
2017,09,16,6,283.5
2017,09,16,7,283.5
2017,09,17,0,283.3
2017,09,17,1,282.6
2017,09,17,2,282.2
2017,09,17,3,281.6
2017,09,17,4,281.4
2017,09,17,5,281.5
2017,09,17,6,281.3
2017,09,17,7,281.1
2017,09,18,0,280.9
2017,09,18,1,280.8
2017,09,18,2,280.2
2017,09,18,3,280.0
2017,09,18,4,279.5
2017,09,18,5,279.4
2017,09,18,6,279.2
2017,09,18,7,277.0
2017,09,19,0,273.9
2017,09,19,1,277.3
2017,09,19,2,277.1
2017,09,19,3,275.8
2017,09,19,4,275.6
2017,09,19,5,275.2
2017,09,19,6,273.8
2017,09,19,7,272.8
2017,09,20,0,273.9
2017,09,20,1,274.4
2017,09,20,2,275.0
2017,09,20,3,275.0
2017,09,20,4,274.8
2017,09,20,5,274.8
2017,09,20,6,275.2
2017,09,20,7,275.4
2017,09,21,0,275.3
2017,09,21,1,275.1
2017,09,21,2,274.7
2017,09,21,3,274.6
2017,09,21,4,274.6
2017,09,21,5,275.1
2017,09,21,6,274.7
2017,09,21,7,274.7
2017,09,22,0,275.1
2017,09,22,1,275.3
2017,09,22,2,275.1
2017,09,22,3,274.8
2017,09,22,4,274.7
2017,09,22,5,274.6
2017,09,22,6,275.2
2017,09,22,7,275.2
2017,09,23,0,276.0
2017,09,23,1,276.3
2017,09,23,2,278.0
2017,09,23,3,278.6
2017,09,23,4,277.1
2017,09,23,5,277.6
2017,09,23,6,277.8
2017,09,23,7,277.7
2017,09,24,0,277.9
2017,09,24,1,279.0
2017,09,24,2,280.2
2017,09,24,3,281.1
2017,09,24,4,282.1
2017,09,24,5,282.2
2017,09,24,6,281.5
2017,09,24,7,281.4
2017,09,25,0,281.0
2017,09,25,1,280.6
2017,09,25,2,281.2
2017,09,25,3,282.3
2017,09,25,4,283.3
2017,09,25,5,283.6
2017,09,25,6,283.4
2017,09,25,7,283.7
2017,09,26,0,282.3
2017,09,26,1,282.1
2017,09,26,2,281.8
2017,09,26,3,282.9
2017,09,26,4,283.1
2017,09,26,5,282.9
2017,09,26,6,283.5
2017,09,26,7,284.7
2017,09,27,0,285.0
2017,09,27,1,284.9
2017,09,27,2,285.3
2017,09,27,3,285.8
2017,09,27,4,285.5
2017,09,27,5,284.6
2017,09,27,6,284.3
2017,09,27,7,283.9
2017,09,28,0,282.2
2017,09,28,1,280.6
2017,09,28,2,279.6
2017,09,28,3,278.9
2017,09,28,4,278.0
2017,09,28,5,276.8
2017,09,28,6,276.0
2017,09,28,7,275.6
2017,09,29,0,275.0
2017,09,29,1,274.6
2017,09,29,2,274.7
2017,09,29,3,278.4
2017,09,29,4,279.3
2017,09,29,5,278.8
2017,09,29,6,278.8
2017,09,29,7,279.8
2017,09,30,0,279.7
2017,09,30,1,279.4
2017,09,30,2,279.3
2017,09,30,3,279.3
2017,09,30,4,279.4
2017,09,30,5,279.1
2017,09,30,6,278.4
2017,09,30,7,278.9
2017,09,31,0,278.5
2017,09,31,1,278.3
2017,09,31,2,278.4
2017,09,31,3,278.6
2017,09,31,4,279.0
2017,09,31,5,279.5
2017,09,31,6,280.0
2017,09,31,7,280.1
2017,09,1,0,279.9
2017,09,1,1,279.7
2017,09,1,2,278.7
2017,09,1,3,279.3
2017,09,1,4,279.8
2017,09,1,5,279.8
2017,09,1,6,279.6
2017,09,1,7,278.6
2017,09,2,0,280.2
2017,09,2,1,279.6
2017,09,2,2,279.5
2017,09,2,3,280.0
2017,09,2,4,280.1
2017,09,2,5,280.6
2017,09,2,6,281.1
2017,09,2,7,281.7
2017,09,3,0,282.5
2017,09,3,1,281.9
2017,09,3,2,282.1
2017,09,3,3,283.1
2017,09,3,4,282.5
2017,09,3,5,281.5
2017,09,3,6,281.4
2017,09,3,7,277.8
2017,09,4,0,277.5
2017,09,4,1,277.5
2017,09,4,2,276.7
2017,09,4,3,276.4
2017,09,4,4,276.2
2017,09,4,5,274.9
2017,09,4,6,276.2
2017,09,4,7,274.8
2017,09,5,0,277.7
2017,09,5,1,279.3
2017,09,5,2,280.9
2017,09,5,3,281.5
2017,09,5,4,281.3
2017,09,5,5,280.5
2017,09,5,6,279.7
2017,09,5,7,280.3
2017,09,6,0,281.0
2017,09,6,1,279.7
2017,09,6,2,279.1
2017,09,6,3,279.4
2017,09,6,4,279.5
2017,09,6,5,279.3
2017,09,6,6,278.4
2017,09,6,7,278.9
2017,09,7,0,279.8
2017,09,7,1,278.7
2017,09,7,2,279.0
2017,09,7,3,279.5
2017,09,7,4,279.6
2017,09,7,5,279.2
2017,09,7,6,278.9
2017,09,7,7,279.6
2017,09,8,0,281.1
2017,09,8,1,281.4
2017,09,8,2,281.1
2017,09,8,3,281.1
2017,09,8,4,281.4
2017,09,8,5,279.8
2017,09,8,6,279.5
2017,09,8,7,279.7
2017,09,9,0,279.7
2017,09,9,1,278.8
2017,09,9,2,278.7
2017,09,9,3,280.4
2017,09,9,4,281.3
2017,09,9,5,282.8
2017,09,9,6,283.3
2017,09,9,7,281.8
2017,09,10,0,277.1
2017,09,10,1,278.0
2017,09,10,2,276.7
2017,09,10,3,279.4
2017,09,10,4,280.5
2017,09,10,5,281.3
2017,09,10,6,279.3
2017,09,10,7,279.6
2017,09,11,0,280.9
2017,09,11,1,280.3
2017,09,11,2,280.9
2017,09,11,3,281.1
2017,09,11,4,281.6
2017,09,11,5,281.7
2017,09,11,6,281.4
2017,09,11,7,281.7
2017,09,12,0,281.7
2017,09,12,1,281.5
2017,09,12,2,281.8
2017,09,12,3,281.9
2017,09,12,4,282.3
2017,09,12,5,282.0
2017,09,12,6,282.0
2017,09,12,7,283.2
2017,09,13,0,284.1
2017,09,13,1,284.2
2017,09,13,2,284.3
2017,09,13,3,284.5
2017,09,13,4,284.4
2017,09,13,5,283.9
2017,09,13,6,283.1
2017,09,13,7,283.4
2017,09,14,0,283.6
2017,09,14,1,283.1
2017,09,14,2,282.4
2017,09,14,3,282.4
2017,09,14,4,283.3
2017,09,14,5,283.0
2017,09,14,6,282.5
2017,09,14,7,280.4
2017,09,15,0,280.4
2017,09,15,1,278.9
2017,09,15,2,279.0
2017,09,15,3,279.4
2017,09,15,4,280.7
2017,09,15,5,281.6
2017,09,15,6,281.9
2017,09,15,7,281.8
2017,09,16,0,281.3
2017,09,16,1,282.7
2017,09,16,2,282.1
2017,09,16,3,282.5
2017,09,16,4,282.2
2017,09,16,5,281.8
2017,09,16,6,281.5
2017,09,16,7,281.6
2017,09,17,0,281.6
2017,09,17,1,281.4
2017,09,17,2,281.1
2017,09,17,3,280.9
2017,09,17,4,280.9
2017,09,17,5,280.7
2017,09,17,6,281.2
2017,09,17,7,279.6
2017,09,18,0,279.8
2017,09,18,1,279.1
2017,09,18,2,279.6
2017,09,18,3,280.2
2017,09,18,4,280.3
2017,09,18,5,279.9
2017,09,18,6,279.0
2017,09,18,7,277.8
2017,09,19,0,278.9
2017,09,19,1,279.8
2017,09,19,2,279.5
2017,09,19,3,279.2
2017,09,19,4,279.8
2017,09,19,5,280.2
2017,09,19,6,279.5
2017,09,19,7,279.8
2017,09,20,0,281.4
2017,09,20,1,281.8
2017,09,20,2,281.5
2017,09,20,3,281.3
2017,09,20,4,281.6
2017,09,20,5,282.3
2017,09,20,6,282.6
2017,09,20,7,282.2
2017,09,21,0,281.0
2017,09,21,1,279.9
2017,09,21,2,278.9
2017,09,21,3,279.0
2017,09,21,4,279.8
2017,09,21,5,279.5
2017,09,21,6,278.2
2017,09,21,7,277.4
2017,09,22,0,278.0
2017,09,22,1,278.0
2017,09,22,2,278.6
2017,09,22,3,279.1
2017,09,22,4,278.1
2017,09,22,5,277.9
2017,09,22,6,278.4
2017,09,22,7,277.9
2017,09,23,0,277.1
2017,09,23,1,277.3
2017,09,23,2,278.3
2017,09,23,3,279.2
2017,09,23,4,279.3
2017,09,23,5,278.5
2017,09,23,6,279.0
2017,09,23,7,280.8
2017,09,24,0,282.3
2017,09,24,1,283.9
2017,09,24,2,283.7
2017,09,24,3,282.6
2017,09,24,4,281.4
2017,09,24,5,279.9
2017,09,24,6,279.6
2017,09,24,7,279.6
2017,09,25,0,280.5
2017,09,25,1,280.9
2017,09,25,2,280.7
2017,09,25,3,280.3
2017,09,25,4,280.6
2017,09,25,5,280.9
2017,09,25,6,280.3
2017,09,25,7,280.3
2017,09,26,0,280.6
2017,09,26,1,280.6
2017,09,26,2,280.5
2017,09,26,3,280.3
2017,09,26,4,280.7
2017,09,26,5,280.5
2017,09,26,6,280.1
2017,09,26,7,280.3
2017,09,27,0,280.6
2017,09,27,1,280.2
2017,09,27,2,279.8
2017,09,27,3,279.6
2017,09,27,4,280.0
2017,09,27,5,280.4
2017,09,27,6,280.5
2017,09,27,7,280.7
2017,09,28,0,281.4
2017,09,28,1,281.4
2017,09,28,2,281.2
2017,09,28,3,281.3
2017,09,28,4,281.9
2017,09,28,5,282.6
2017,09,28,6,282.3
2017,09,28,7,281.7
2017,09,29,0,280.8
2017,09,29,1,280.7
2017,09,29,2,280.4
2017,09,29,3,280.3
2017,09,29,4,280.7
2017,09,29,5,281.1
2017,09,29,6,279.7
2017,09,29,7,280.6
2017,09,30,0,281.5
2017,09,30,1,282.4
2017,09,30,2,281.0
2017,09,30,3,282.0
2017,09,30,4,282.4
2017,09,30,5,282.8
2017,09,30,6,282.9
2017,09,30,7,283.0
2017,09,31,0,282.9
2017,09,31,1,282.4
2017,09,31,2,281.6
2017,09,31,3,281.5
2017,09,31,4,281.7
2017,09,31,5,282.0
2017,09,31,6,280.7
2017,09,31,7,282.4
2017,09,1,0,282.5
2017,09,1,1,281.1
2017,09,1,2,280.2
2017,09,1,3,279.9
2017,09,1,4,280.7
2017,09,1,5,281.3
2017,09,1,6,281.6
2017,09,1,7,282.5
2017,09,2,0,282.2
2017,09,2,1,281.6
2017,09,2,2,281.9
2017,09,2,3,282.0
2017,09,2,4,282.0
2017,09,2,5,281.6
2017,09,2,6,281.1
2017,09,2,7,281.0
2017,09,3,0,280.9
2017,09,3,1,280.4
2017,09,3,2,279.4
2017,09,3,3,279.4
2017,09,3,4,281.0
2017,09,3,5,282.0
2017,09,3,6,280.9
2017,09,3,7,281.0
2017,09,4,0,280.4
2017,09,4,1,280.1
2017,09,4,2,279.9
2017,09,4,3,279.6
2017,09,4,4,279.6
2017,09,4,5,279.9
2017,09,4,6,280.1
2017,09,4,7,280.1
2017,09,5,0,280.2
2017,09,5,1,280.1
2017,09,5,2,280.1
2017,09,5,3,280.3
2017,09,5,4,280.5
2017,09,5,5,280.6
2017,09,5,6,280.6
2017,09,5,7,281.0
2017,09,6,0,281.7
2017,09,6,1,282.2
2017,09,6,2,281.8
2017,09,6,3,281.1
2017,09,6,4,281.1
2017,09,6,5,281.3
2017,09,6,6,281.8
2017,09,6,7,282.0
2017,09,7,0,283.3
2017,09,7,1,281.9
2017,09,7,2,282.0
2017,09,7,3,281.9
2017,09,7,4,282.3
2017,09,7,5,281.4
2017,09,7,6,281.2
2017,09,7,7,281.2
2017,09,8,0,281.9
2017,09,8,1,281.9
2017,09,8,2,283.1
2017,09,8,3,284.1
2017,09,8,4,285.2
2017,09,8,5,285.1
2017,09,8,6,283.9
2017,09,8,7,284.4
2017,09,9,0,284.8
2017,09,9,1,283.4
2017,09,9,2,283.0
2017,09,9,3,283.1
2017,09,9,4,282.6
2017,09,9,5,281.4
2017,09,9,6,280.5
2017,09,9,7,281.1
2017,09,10,0,281.8
2017,09,10,1,281.2
2017,09,10,2,281.6
2017,09,10,3,281.4
2017,09,10,4,282.3
2017,09,10,5,283.4
2017,09,10,6,283.4
2017,09,10,7,283.4
2017,09,11,0,283.6
2017,09,11,1,283.7
2017,09,11,2,283.3
2017,09,11,3,283.1
2017,09,11,4,282.9
2017,09,11,5,283.0
2017,09,11,6,283.6
2017,09,11,7,283.6
2017,09,12,0,283.4
2017,09,12,1,283.7
2017,09,12,2,284.0
2017,09,12,3,283.6
2017,09,12,4,283.0
2017,09,12,5,282.8
2017,09,12,6,282.6
2017,09,12,7,282.7
2017,09,13,0,282.9
2017,09,13,1,282.8
2017,09,13,2,283.1
2017,09,13,3,283.3
2017,09,13,4,283.1
2017,09,13,5,283.0
2017,09,13,6,283.0
2017,09,13,7,282.6
2017,09,14,0,282.0
2017,09,14,1,281.3
2017,09,14,2,280.8
2017,09,14,3,280.4
2017,09,14,4,280.6
2017,09,14,5,281.0
2017,09,14,6,281.3
2017,09,14,7,281.3
2017,09,15,0,281.2
2017,09,15,1,280.9
2017,09,15,2,281.2
2017,09,15,3,281.5
2017,09,15,4,281.6
2017,09,15,5,282.0
2017,09,15,6,282.1
2017,09,15,7,282.0
2017,09,16,0,282.0
2017,09,16,1,281.1
2017,09,16,2,280.8
2017,09,16,3,280.8
2017,09,16,4,281.0
2017,09,16,5,281.6
2017,09,16,6,282.1
2017,09,16,7,282.3
2017,09,17,0,281.8
2017,09,17,1,280.6
2017,09,17,2,280.5
2017,09,17,3,281.3
2017,09,17,4,283.0
2017,09,17,5,284.2
2017,09,17,6,284.2
2017,09,17,7,283.9
2017,09,18,0,283.5
2017,09,18,1,283.2
2017,09,18,2,282.7
2017,09,18,3,282.5
2017,09,18,4,283.4
2017,09,18,5,283.8
2017,09,18,6,283.0
2017,09,18,7,282.1
2017,09,19,0,282.3
2017,09,19,1,281.7
2017,09,19,2,281.4
2017,09,19,3,281.5
2017,09,19,4,282.5
2017,09,19,5,282.5
2017,09,19,6,282.0
2017,09,19,7,282.2
2017,09,20,0,281.4
2017,09,20,1,280.5
2017,09,20,2,279.6
2017,09,20,3,278.9
2017,09,20,4,279.4
2017,09,20,5,279.6
2017,09,20,6,279.2
2017,09,20,7,279.5
2017,09,21,0,279.3
2017,09,21,1,278.7
2017,09,21,2,278.9
2017,09,21,3,279.4
2017,09,21,4,279.9
2017,09,21,5,279.8
2017,09,21,6,279.6
2017,09,21,7,280.1
2017,09,22,0,280.3
2017,09,22,1,280.0
2017,09,22,2,279.0
2017,09,22,3,279.2
2017,09,22,4,279.5
2017,09,22,5,279.5
2017,09,22,6,279.5
2017,09,22,7,279.9
2017,09,23,0,280.7
2017,09,23,1,280.5
2017,09,23,2,280.0
2017,09,23,3,279.9
2017,09,23,4,280.4
2017,09,23,5,280.6
2017,09,23,6,280.6
2017,09,23,7,280.4
2017,09,24,0,281.0
2017,09,24,1,280.9
2017,09,24,2,281.1
2017,09,24,3,281.2
2017,09,24,4,280.9
2017,09,24,5,280.4
2017,09,24,6,278.6
2017,09,24,7,278.7
2017,09,25,0,281.8
2017,09,25,1,280.4
2017,09,25,2,280.3
2017,09,25,3,280.0
2017,09,25,4,280.7
2017,09,25,5,280.7
2017,09,25,6,280.4
2017,09,25,7,280.8
2017,09,26,0,280.6
2017,09,26,1,280.5
2017,09,26,2,280.5
2017,09,26,3,281.0
2017,09,26,4,280.6
2017,09,26,5,280.4
2017,09,26,6,280.2
2017,09,26,7,281.2
2017,09,27,0,282.3
2017,09,27,1,280.9
2017,09,27,2,280.2
2017,09,27,3,279.5
2017,09,27,4,278.4
2017,09,27,5,277.6
2017,09,27,6,277.9
2017,09,27,7,278.3
2017,09,28,0,278.9
2017,09,28,1,279.5
2017,09,28,2,279.3
2017,09,28,3,279.2
2017,09,28,4,278.7
2017,09,28,5,278.8
2017,09,28,6,278.4
2017,09,28,7,278.7
2017,09,29,0,279.0
2017,09,29,1,279.3
2017,09,29,2,279.7
2017,09,29,3,279.7
2017,09,29,4,279.9
2017,09,29,5,280.3
2017,09,29,6,280.4
2017,09,29,7,280.7
2017,09,30,0,280.4
2017,09,30,1,280.8
2017,09,30,2,280.3
2017,09,30,3,280.7
2017,09,30,4,280.8
2017,09,30,5,280.4
2017,09,30,6,279.6
2017,09,30,7,279.5
2017,09,1,0,279.5
2017,09,1,1,280.3
2017,09,1,2,280.9
2017,09,1,3,280.0
2017,09,1,4,279.9
2017,09,1,5,280.8
2017,09,1,6,281.3
2017,09,1,7,280.7
2017,09,2,0,280.7
2017,09,2,1,280.4
2017,09,2,2,280.8
2017,09,2,3,281.1
2017,09,2,4,281.5
2017,09,2,5,282.2
2017,09,2,6,282.6
2017,09,2,7,282.5
2017,09,3,0,283.1
2017,09,3,1,283.7
2017,09,3,2,283.2
2017,09,3,3,282.8
2017,09,3,4,282.3
2017,09,3,5,282.4
2017,09,3,6,281.5
2017,09,3,7,280.7
2017,09,4,0,280.8
2017,09,4,1,280.7
2017,09,4,2,280.9
2017,09,4,3,281.0
2017,09,4,4,280.8
2017,09,4,5,280.6
2017,09,4,6,280.1
2017,09,4,7,279.8
2017,09,5,0,279.6
2017,09,5,1,279.8
2017,09,5,2,279.8
2017,09,5,3,280.5
2017,09,5,4,281.1
2017,09,5,5,281.8
2017,09,5,6,281.9
2017,09,5,7,282.4
2017,09,6,0,282.2
2017,09,6,1,281.9
2017,09,6,2,281.3
2017,09,6,3,280.9
2017,09,6,4,281.2
2017,09,6,5,281.5
2017,09,6,6,280.5
2017,09,6,7,281.0
2017,09,7,0,283.2
2017,09,7,1,282.5
2017,09,7,2,281.8
2017,09,7,3,281.9
2017,09,7,4,281.8
2017,09,7,5,280.9
2017,09,7,6,278.6
2017,09,7,7,278.7
2017,09,8,0,280.0
2017,09,8,1,281.1
2017,09,8,2,281.0
2017,09,8,3,281.6
2017,09,8,4,281.6
2017,09,8,5,281.5
2017,09,8,6,282.2
2017,09,8,7,282.5
2017,09,9,0,282.3
2017,09,9,1,282.1
2017,09,9,2,281.8
2017,09,9,3,281.9
2017,09,9,4,281.9
2017,09,9,5,281.8
2017,09,9,6,281.3
2017,09,9,7,281.4
2017,09,10,0,282.2
2017,09,10,1,281.8
2017,09,10,2,280.9
2017,09,10,3,281.2
2017,09,10,4,281.8
2017,09,10,5,282.6
2017,09,10,6,282.6
2017,09,10,7,282.5
2017,09,11,0,282.6
2017,09,11,1,282.2
2017,09,11,2,281.6
2017,09,11,3,281.6
2017,09,11,4,282.1
2017,09,11,5,282.4
2017,09,11,6,282.1
2017,09,11,7,282.6
2017,09,12,0,282.7
2017,09,12,1,281.7
2017,09,12,2,281.2
2017,09,12,3,281.1
2017,09,12,4,281.6
2017,09,12,5,282.1
2017,09,12,6,282.4
2017,09,12,7,282.3
2017,09,13,0,282.5
2017,09,13,1,281.9
2017,09,13,2,281.8
2017,09,13,3,281.8
2017,09,13,4,282.1
2017,09,13,5,282.6
2017,09,13,6,282.6
2017,09,13,7,282.8
2017,09,14,0,283.2
2017,09,14,1,282.8
2017,09,14,2,282.1
2017,09,14,3,282.2
2017,09,14,4,282.9
2017,09,14,5,283.3
2017,09,14,6,282.8
2017,09,14,7,281.9
2017,09,15,0,281.5
2017,09,15,1,281.3
2017,09,15,2,281.1
2017,09,15,3,281.0
2017,09,15,4,281.3
2017,09,15,5,279.6
2017,09,15,6,279.4
2017,09,15,7,281.2
2017,09,16,0,281.6
2017,09,16,1,281.5
2017,09,16,2,281.3
2017,09,16,3,281.2
2017,09,16,4,281.4
2017,09,16,5,281.4
2017,09,16,6,280.4
2017,09,16,7,280.8
2017,09,17,0,280.5
2017,09,17,1,279.4
2017,09,17,2,278.3
2017,09,17,3,281.7
2017,09,17,4,281.7
2017,09,17,5,278.6
2017,09,17,6,278.0
2017,09,17,7,278.3
2017,09,18,0,278.8
2017,09,18,1,279.0
2017,09,18,2,279.2
2017,09,18,3,279.3
2017,09,18,4,279.9
2017,09,18,5,280.0
2017,09,18,6,280.0
2017,09,18,7,280.3
2017,09,19,0,281.7
2017,09,19,1,280.8
2017,09,19,2,280.8
2017,09,19,3,281.2
2017,09,19,4,280.9
2017,09,19,5,280.7
2017,09,19,6,281.4
2017,09,19,7,281.8
2017,09,20,0,280.0
2017,09,20,1,280.0
2017,09,20,2,280.0
2017,09,20,3,279.7
2017,09,20,4,279.3
2017,09,20,5,278.9
2017,09,20,6,280.0
2017,09,20,7,280.4
2017,09,21,0,280.6
2017,09,21,1,281.0
2017,09,21,2,280.6
2017,09,21,3,280.6
2017,09,21,4,281.1
2017,09,21,5,281.8
2017,09,21,6,281.9
2017,09,21,7,282.0
2017,09,22,0,282.7
2017,09,22,1,282.9
2017,09,22,2,282.7
2017,09,22,3,282.4
2017,09,22,4,282.7
2017,09,22,5,283.0
2017,09,22,6,282.1
2017,09,22,7,281.9
2017,09,23,0,281.4
2017,09,23,1,282.4
2017,09,23,2,282.5
2017,09,23,3,282.2
2017,09,23,4,282.2
2017,09,23,5,281.5
2017,09,23,6,280.0
2017,09,23,7,279.6
2017,09,24,0,279.6
2017,09,24,1,279.5
2017,09,24,2,280.1
2017,09,24,3,280.7
2017,09,24,4,281.2
2017,09,24,5,281.5
2017,09,24,6,280.3
2017,09,24,7,279.9
2017,09,25,0,281.9
2017,09,25,1,282.2
2017,09,25,2,281.7
2017,09,25,3,281.7
2017,09,25,4,281.8
2017,09,25,5,282.1
2017,09,25,6,280.9
2017,09,25,7,281.4
2017,09,26,0,282.6
2017,09,26,1,282.2
2017,09,26,2,281.8
2017,09,26,3,281.6
2017,09,26,4,281.8
2017,09,26,5,281.9
2017,09,26,6,280.5
2017,09,26,7,280.9
2017,09,27,0,280.8
2017,09,27,1,281.9
2017,09,27,2,282.1
2017,09,27,3,281.3
2017,09,27,4,282.0
2017,09,27,5,282.1
2017,09,27,6,280.7
2017,09,27,7,281.5
2017,09,28,0,281.9
2017,09,28,1,281.5
2017,09,28,2,281.7
2017,09,28,3,281.9
2017,09,28,4,281.6
2017,09,28,5,281.6
2017,09,28,6,282.1
2017,09,28,7,283.0
2017,09,29,0,282.3
2017,09,29,1,281.5
2017,09,29,2,281.1
2017,09,29,3,281.5
2017,09,29,4,282.1
2017,09,29,5,282.5
2017,09,29,6,282.4
2017,09,29,7,281.3
2017,09,30,0,282.1
2017,09,30,1,282.2
2017,09,30,2,282.1
2017,09,30,3,281.4
2017,09,30,4,280.3
2017,09,30,5,280.5
2017,09,30,6,281.1
2017,09,30,7,281.1
2017,09,31,0,282.3
2017,09,31,1,283.3
2017,09,31,2,283.1
2017,09,31,3,283.0
2017,09,31,4,281.9
2017,09,31,5,282.1
2017,09,31,6,282.6
2017,09,31,7,282.0
2017,09,1,0,282.5
2017,09,1,1,282.3
2017,09,1,2,281.5
2017,09,1,3,282.0
2017,09,1,4,280.7
2017,09,1,5,280.6
2017,09,1,6,279.9
2017,09,1,7,279.4
2017,09,2,0,279.8
2017,09,2,1,280.3
2017,09,2,2,279.6
2017,09,2,3,279.8
2017,09,2,4,280.5
2017,09,2,5,282.1
2017,09,2,6,282.2
2017,09,2,7,282.6
2017,09,3,0,283.0
2017,09,3,1,281.8
2017,09,3,2,280.5
2017,09,3,3,279.8
2017,09,3,4,280.0
2017,09,3,5,279.8
2017,09,3,6,279.8
2017,09,3,7,280.0
2017,09,4,0,279.6
2017,09,4,1,277.9
2017,09,4,2,278.4
2017,09,4,3,279.1
2017,09,4,4,278.9
2017,09,4,5,280.1
2017,09,4,6,278.9
2017,09,4,7,280.7
2017,09,5,0,281.6
2017,09,5,1,281.7
2017,09,5,2,281.8
2017,09,5,3,281.6
2017,09,5,4,281.9
2017,09,5,5,281.9
2017,09,5,6,281.4
2017,09,5,7,281.0
2017,09,6,0,281.0
2017,09,6,1,281.0
2017,09,6,2,281.3
2017,09,6,3,281.1
2017,09,6,4,281.8
2017,09,6,5,281.8
2017,09,6,6,281.6
2017,09,6,7,281.6
2017,09,7,0,281.8
2017,09,7,1,281.5
2017,09,7,2,281.1
2017,09,7,3,281.4
2017,09,7,4,281.7
2017,09,7,5,280.3
2017,09,7,6,280.5
2017,09,7,7,280.5
2017,09,8,0,280.8
2017,09,8,1,280.1
2017,09,8,2,280.2
2017,09,8,3,280.2
2017,09,8,4,278.7
2017,09,8,5,279.3
2017,09,8,6,279.6
2017,09,8,7,279.7
2017,09,9,0,279.9
2017,09,9,1,280.0
2017,09,9,2,279.9
2017,09,9,3,280.0
2017,09,9,4,280.0
2017,09,9,5,279.9
2017,09,9,6,279.7
2017,09,9,7,279.8
2017,09,10,0,280.4
2017,09,10,1,280.4
2017,09,10,2,280.2
2017,09,10,3,280.8
2017,09,10,4,280.8
2017,09,10,5,281.4
2017,09,10,6,281.6
2017,09,10,7,281.2
2017,09,11,0,281.6
2017,09,11,1,281.3
2017,09,11,2,281.1
2017,09,11,3,280.9
2017,09,11,4,281.7
2017,09,11,5,281.7
2017,09,11,6,281.4
2017,09,11,7,281.4
2017,09,12,0,281.6
2017,09,12,1,282.9
2017,09,12,2,282.2
2017,09,12,3,281.6
2017,09,12,4,282.0
2017,09,12,5,281.7
2017,09,12,6,282.8
2017,09,12,7,282.2
2017,09,13,0,280.5
2017,09,13,1,278.4
2017,09,13,2,280.7
2017,09,13,3,284.0
2017,09,13,4,283.1
2017,09,13,5,283.4
2017,09,13,6,281.3
2017,09,13,7,279.5
2017,09,14,0,277.4
2017,09,14,1,281.2
2017,09,14,2,280.9
2017,09,14,3,281.4
2017,09,14,4,281.2
2017,09,14,5,282.2
2017,09,14,6,280.2
2017,09,14,7,279.4
2017,09,15,0,279.7
2017,09,15,1,280.5
2017,09,15,2,280.7
2017,09,15,3,280.8
2017,09,15,4,280.8
2017,09,15,5,280.5
2017,09,15,6,279.6
2017,09,15,7,281.3
2017,09,16,0,281.7
2017,09,16,1,279.9
2017,09,16,2,279.8
2017,09,16,3,279.8
2017,09,16,4,279.8
2017,09,16,5,280.0
2017,09,16,6,280.5
2017,09,16,7,281.3
2017,09,17,0,280.8
2017,09,17,1,280.3
2017,09,17,2,280.1
2017,09,17,3,279.9
2017,09,17,4,280.1
2017,09,17,5,280.8
2017,09,17,6,281.0
2017,09,17,7,280.7
2017,09,18,0,280.6
2017,09,18,1,281.1
2017,09,18,2,281.0
2017,09,18,3,281.0
2017,09,18,4,281.4
2017,09,18,5,281.8
2017,09,18,6,281.0
2017,09,18,7,281.0
2017,09,19,0,281.5
2017,09,19,1,282.8
2017,09,19,2,282.2
2017,09,19,3,281.7
2017,09,19,4,281.7
2017,09,19,5,281.9
2017,09,19,6,281.3
2017,09,19,7,281.8
2017,09,20,0,282.3
2017,09,20,1,281.3
2017,09,20,2,281.0
2017,09,20,3,281.1
2017,09,20,4,281.2
2017,09,20,5,281.0
2017,09,20,6,281.5
2017,09,20,7,281.2
2017,09,21,0,281.4
2017,09,21,1,282.3
2017,09,21,2,282.6
2017,09,21,3,281.6
2017,09,21,4,281.5
2017,09,21,5,281.8
2017,09,21,6,282.1
2017,09,21,7,282.4
2017,09,22,0,282.4
2017,09,22,1,282.0
2017,09,22,2,281.7
2017,09,22,3,281.3
2017,09,22,4,281.7
2017,09,22,5,282.1
2017,09,22,6,281.8
2017,09,22,7,282.1
2017,09,23,0,281.7
2017,09,23,1,281.6
2017,09,23,2,281.3
2017,09,23,3,280.7
2017,09,23,4,280.3
2017,09,23,5,280.7
2017,09,23,6,281.5
2017,09,23,7,282.1
2017,09,24,0,282.3
2017,09,24,1,281.9
2017,09,24,2,281.4
2017,09,24,3,281.0
2017,09,24,4,280.1
2017,09,24,5,281.0
2017,09,24,6,281.5
2017,09,24,7,281.2
2017,09,25,0,281.4
2017,09,25,1,281.2
2017,09,25,2,280.5
2017,09,25,3,278.6
2017,09,25,4,280.5
2017,09,25,5,281.1
2017,09,25,6,281.7
2017,09,25,7,281.9
2017,09,26,0,282.0
2017,09,26,1,281.5
2017,09,26,2,281.6
2017,09,26,3,281.7
2017,09,26,4,281.7
2017,09,26,5,282.1
2017,09,26,6,282.6
2017,09,26,7,283.2
2017,09,27,0,283.1
2017,09,27,1,283.9
2017,09,27,2,283.7
2017,09,27,3,282.5
2017,09,27,4,282.3
2017,09,27,5,282.1
2017,09,27,6,282.5
2017,09,27,7,282.3
2017,09,28,0,281.8
2017,09,28,1,281.3
2017,09,28,2,281.2
2017,09,28,3,280.9
2017,09,28,4,281.3
2017,09,28,5,281.2
2017,09,28,6,281.7
2017,09,28,7,282.2
2017,09,29,0,281.5
2017,09,29,1,281.4
2017,09,29,2,281.2
2017,09,29,3,280.3
2017,09,29,4,280.9
2017,09,29,5,280.9
2017,09,29,6,281.1
2017,09,29,7,281.5
2017,09,30,0,281.0
2017,09,30,1,279.8
2017,09,30,2,279.6
2017,09,30,3,280.2
2017,09,30,4,280.5
2017,09,30,5,280.6
2017,09,30,6,281.1
2017,09,30,7,280.5
2017,09,1,0,280.4
2017,09,1,1,280.4
2017,09,1,2,280.3
2017,09,1,3,279.6
2017,09,1,4,281.0
2017,09,1,5,279.7
2017,09,1,6,279.8
2017,09,1,7,280.6
2017,09,2,0,280.0
2017,09,2,1,280.0
2017,09,2,2,280.5
2017,09,2,3,281.5
2017,09,2,4,281.0
2017,09,2,5,282.0
2017,09,2,6,281.9
2017,09,2,7,281.3
2017,09,3,0,280.8
2017,09,3,1,280.5
2017,09,3,2,281.4
2017,09,3,3,282.3
2017,09,3,4,282.4
2017,09,3,5,282.5
2017,09,3,6,282.6
2017,09,3,7,282.0
2017,09,4,0,282.2
2017,09,4,1,283.0
2017,09,4,2,283.1
2017,09,4,3,283.3
2017,09,4,4,282.6
2017,09,4,5,282.6
2017,09,4,6,282.5
2017,09,4,7,282.9
2017,09,5,0,282.9
2017,09,5,1,283.2
2017,09,5,2,282.9
2017,09,5,3,284.8
2017,09,5,4,284.5
2017,09,5,5,282.9
2017,09,5,6,282.9
2017,09,5,7,283.0
2017,09,6,0,283.0
2017,09,6,1,282.2
2017,09,6,2,282.0
2017,09,6,3,282.0
2017,09,6,4,282.5
2017,09,6,5,281.9
2017,09,6,6,282.4
2017,09,6,7,282.0
2017,09,7,0,281.9
2017,09,7,1,282.0
2017,09,7,2,283.3
2017,09,7,3,284.2
2017,09,7,4,283.8
2017,09,7,5,281.7
2017,09,7,6,281.9
2017,09,7,7,281.4
2017,09,8,0,282.1
2017,09,8,1,282.7
2017,09,8,2,282.2
2017,09,8,3,282.1
2017,09,8,4,282.4
2017,09,8,5,282.8
2017,09,8,6,282.7
2017,09,8,7,284.2
2017,09,9,0,283.0
2017,09,9,1,282.7
2017,09,9,2,283.4
2017,09,9,3,283.7
2017,09,9,4,283.5
2017,09,9,5,283.4
2017,09,9,6,283.4
2017,09,9,7,283.0
2017,09,10,0,282.6
2017,09,10,1,282.3
2017,09,10,2,281.9
2017,09,10,3,281.7
2017,09,10,4,281.8
2017,09,10,5,282.2
2017,09,10,6,282.4
2017,09,10,7,282.5
2017,09,11,0,282.5
2017,09,11,1,282.0
2017,09,11,2,282.1
2017,09,11,3,282.2
2017,09,11,4,282.1
2017,09,11,5,281.3
2017,09,11,6,281.3
2017,09,11,7,281.3
2017,09,12,0,281.7
2017,09,12,1,281.7
2017,09,12,2,281.0
2017,09,12,3,281.1
2017,09,12,4,281.2
2017,09,12,5,281.6
2017,09,12,6,281.1
2017,09,12,7,281.3
2017,09,13,0,281.8
2017,09,13,1,281.4
2017,09,13,2,281.7
2017,09,13,3,282.0
2017,09,13,4,282.0
2017,09,13,5,281.9
2017,09,13,6,281.8
2017,09,13,7,282.2
2017,09,14,0,281.9
2017,09,14,1,280.8
2017,09,14,2,280.9
2017,09,14,3,281.0
2017,09,14,4,280.9
2017,09,14,5,280.8
2017,09,14,6,281.3
2017,09,14,7,281.9
2017,09,15,0,281.7
2017,09,15,1,281.4
2017,09,15,2,281.6
2017,09,15,3,281.7
2017,09,15,4,281.9
2017,09,15,5,281.5
2017,09,15,6,281.4
2017,09,15,7,281.4
2017,09,16,0,281.8
2017,09,16,1,281.5
2017,09,16,2,280.7
2017,09,16,3,281.2
2017,09,16,4,281.1
2017,09,16,5,281.1
2017,09,16,6,281.3
2017,09,16,7,281.4
2017,09,17,0,281.9
2017,09,17,1,281.0
2017,09,17,2,281.0
2017,09,17,3,281.1
2017,09,17,4,280.8
2017,09,17,5,281.7
2017,09,17,6,282.1
2017,09,17,7,283.3
2017,09,18,0,283.4
2017,09,18,1,282.1
2017,09,18,2,282.3
2017,09,18,3,282.9
2017,09,18,4,283.2
2017,09,18,5,283.4
2017,09,18,6,283.5
2017,09,18,7,284.4
2017,09,19,0,284.7
2017,09,19,1,284.5
2017,09,19,2,284.0
2017,09,19,3,284.3
2017,09,19,4,284.5
2017,09,19,5,284.5
2017,09,19,6,284.2
2017,09,19,7,284.1
2017,09,20,0,284.6
2017,09,20,1,284.6
2017,09,20,2,284.0
2017,09,20,3,283.6
2017,09,20,4,284.2
2017,09,20,5,284.6
2017,09,20,6,285.4
2017,09,20,7,283.4
2017,09,21,0,284.5
2017,09,21,1,283.9
2017,09,21,2,284.4
2017,09,21,3,283.5
2017,09,21,4,284.0
2017,09,21,5,284.4
2017,09,21,6,283.5
2017,09,21,7,283.1
2017,09,22,0,284.1
2017,09,22,1,283.0
2017,09,22,2,282.3
2017,09,22,3,282.2
2017,09,22,4,282.2
2017,09,22,5,282.3
2017,09,22,6,282.4
2017,09,22,7,281.8
2017,09,23,0,282.3
2017,09,23,1,282.6
2017,09,23,2,282.1
2017,09,23,3,282.5
2017,09,23,4,282.9
2017,09,23,5,283.2
2017,09,23,6,283.3
2017,09,23,7,282.5
2017,09,24,0,283.4
2017,09,24,1,283.8
2017,09,24,2,283.3
2017,09,24,3,284.0
2017,09,24,4,284.3
2017,09,24,5,284.6
2017,09,24,6,284.5
2017,09,24,7,283.8
2017,09,25,0,284.2
2017,09,25,1,284.6
2017,09,25,2,284.3
2017,09,25,3,284.0
2017,09,25,4,283.9
2017,09,25,5,284.5
2017,09,25,6,283.6
2017,09,25,7,283.4
2017,09,26,0,284.2
2017,09,26,1,283.9
2017,09,26,2,284.6
2017,09,26,3,283.4
2017,09,26,4,283.8
2017,09,26,5,284.3
2017,09,26,6,283.4
2017,09,26,7,283.2
2017,09,27,0,283.8
2017,09,27,1,284.4
2017,09,27,2,284.2
2017,09,27,3,283.6
2017,09,27,4,283.8
2017,09,27,5,284.0
2017,09,27,6,283.0
2017,09,27,7,284.0
2017,09,28,0,282.8
2017,09,28,1,283.8
2017,09,28,2,283.4
2017,09,28,3,283.2
2017,09,28,4,283.5
2017,09,28,5,283.8
2017,09,28,6,282.7
2017,09,28,7,282.8
2017,09,29,0,282.7
2017,09,29,1,282.7
2017,09,29,2,283.1
2017,09,29,3,283.4
2017,09,29,4,283.1
2017,09,29,5,283.2
2017,09,29,6,283.1
2017,09,29,7,282.6
2017,09,30,0,283.5
2017,09,30,1,283.8
2017,09,30,2,282.6
2017,09,30,3,283.0
2017,09,30,4,283.2
2017,09,30,5,283.4
2017,09,30,6,282.9
2017,09,30,7,282.8
2017,09,31,0,282.4
2017,09,31,1,282.2
2017,09,31,2,281.7
2017,09,31,3,281.1
2017,09,31,4,281.7
2017,09,31,5,282.1
2017,09,31,6,282.5
2017,09,31,7,281.2
2018,09,1,0,281.4
2018,09,1,1,282.3
2018,09,1,2,281.5
2018,09,1,3,281.6
2018,09,1,4,282.0
2018,09,1,5,282.5
2018,09,1,6,282.4
2018,09,1,7,282.6
2018,09,2,0,282.9
2018,09,2,1,282.4
2018,09,2,2,282.2
2018,09,2,3,282.1
2018,09,2,4,282.3
2018,09,2,5,283.0
2018,09,2,6,284.1
2018,09,2,7,283.5
2018,09,3,0,283.3
2018,09,3,1,283.2
2018,09,3,2,283.0
2018,09,3,3,282.8
2018,09,3,4,282.9
2018,09,3,5,283.0
2018,09,3,6,283.1
2018,09,3,7,283.1
2018,09,4,0,283.2
2018,09,4,1,283.5
2018,09,4,2,282.9
2018,09,4,3,282.4
2018,09,4,4,282.1
2018,09,4,5,282.3
2018,09,4,6,282.1
2018,09,4,7,282.5
2018,09,5,0,282.7
2018,09,5,1,281.9
2018,09,5,2,281.9
2018,09,5,3,281.8
2018,09,5,4,281.7
2018,09,5,5,281.5
2018,09,5,6,281.5
2018,09,5,7,282.3
2018,09,6,0,282.4
2018,09,6,1,282.5
2018,09,6,2,282.9
2018,09,6,3,283.3
2018,09,6,4,283.1
2018,09,6,5,282.7
2018,09,6,6,282.6
2018,09,6,7,282.2
2018,09,7,0,281.6
2018,09,7,1,281.5
2018,09,7,2,282.6
2018,09,7,3,282.3
2018,09,7,4,283.2
2018,09,7,5,283.1
2018,09,7,6,282.8
2018,09,7,7,281.7
2018,09,8,0,282.1
2018,09,8,1,282.5
2018,09,8,2,282.1
2018,09,8,3,281.5
2018,09,8,4,281.6
2018,09,8,5,281.9
2018,09,8,6,281.6
2018,09,8,7,281.7
2018,09,9,0,282.2
2018,09,9,1,281.8
2018,09,9,2,282.3
2018,09,9,3,282.4
2018,09,9,4,282.8
2018,09,9,5,283.0
2018,09,9,6,281.8
2018,09,9,7,281.1
2018,09,10,0,281.7
2018,09,10,1,281.5
2018,09,10,2,282.4
2018,09,10,3,282.3
2018,09,10,4,281.9
2018,09,10,5,281.8
2018,09,10,6,281.5
2018,09,10,7,281.2
2018,09,11,0,282.5
2018,09,11,1,281.4
2018,09,11,2,282.8
2018,09,11,3,282.4
2018,09,11,4,282.8
2018,09,11,5,283.1
2018,09,11,6,281.9
2018,09,11,7,281.1
2018,09,12,0,281.3
2018,09,12,1,280.4
2018,09,12,2,280.7
2018,09,12,3,280.6
2018,09,12,4,280.9
2018,09,12,5,281.2
2018,09,12,6,281.0
2018,09,12,7,280.6
2018,09,13,0,280.6
2018,09,13,1,281.2
2018,09,13,2,281.7
2018,09,13,3,281.8
2018,09,13,4,282.1
2018,09,13,5,282.5
2018,09,13,6,282.2
2018,09,13,7,281.8
2018,09,14,0,281.7
2018,09,14,1,281.8
2018,09,14,2,282.0
2018,09,14,3,281.7
2018,09,14,4,281.8
2018,09,14,5,282.2
2018,09,14,6,282.0
2018,09,14,7,281.6
2018,09,15,0,281.4
2018,09,15,1,281.2
2018,09,15,2,281.2
2018,09,15,3,281.2
2018,09,15,4,281.2
2018,09,15,5,281.9
2018,09,15,6,281.8
2018,09,15,7,281.3
2018,09,16,0,283.1
2018,09,16,1,282.1
2018,09,16,2,281.7
2018,09,16,3,282.9
2018,09,16,4,283.5
2018,09,16,5,282.9
2018,09,16,6,282.9
2018,09,16,7,282.3
2018,09,17,0,284.7
2018,09,17,1,284.1
2018,09,17,2,283.9
2018,09,17,3,284.3
2018,09,17,4,284.1
2018,09,17,5,283.6
2018,09,17,6,283.6
2018,09,17,7,283.5
2018,09,18,0,285.4
2018,09,18,1,284.3
2018,09,18,2,283.2
2018,09,18,3,283.7
2018,09,18,4,283.6
2018,09,18,5,282.8
2018,09,18,6,282.1
2018,09,18,7,281.1
2018,09,19,0,282.2
2018,09,19,1,282.9
2018,09,19,2,281.6
2018,09,19,3,280.9
2018,09,19,4,280.7
2018,09,19,5,281.9
2018,09,19,6,281.2
2018,09,19,7,282.0
2018,09,20,0,281.5
2018,09,20,1,282.1
2018,09,20,2,281.1
2018,09,20,3,281.3
2018,09,20,4,281.1
2018,09,20,5,281.2
2018,09,20,6,280.6
2018,09,20,7,280.7
2018,09,21,0,280.6
2018,09,21,1,280.7
2018,09,21,2,280.6
2018,09,21,3,280.5
2018,09,21,4,280.5
2018,09,21,5,281.1
2018,09,21,6,280.4
2018,09,21,7,280.8
2018,09,22,0,281.0
2018,09,22,1,281.9
2018,09,22,2,281.4
2018,09,22,3,280.9
2018,09,22,4,281.5
2018,09,22,5,282.1
2018,09,22,6,281.0
2018,09,22,7,280.8
2018,09,23,0,280.8
2018,09,23,1,281.1
2018,09,23,2,281.3
2018,09,23,3,280.9
2018,09,23,4,281.5
2018,09,23,5,281.8
2018,09,23,6,281.2
2018,09,23,7,280.4
2018,09,24,0,281.1
2018,09,24,1,281.4
2018,09,24,2,280.8
2018,09,24,3,280.9
2018,09,24,4,281.3
2018,09,24,5,281.5
2018,09,24,6,280.8
2018,09,24,7,280.2
2018,09,25,0,280.9
2018,09,25,1,281.7
2018,09,25,2,281.1
2018,09,25,3,280.7
2018,09,25,4,281.1
2018,09,25,5,281.5
2018,09,25,6,281.7
2018,09,25,7,280.0
2018,09,26,0,280.6
2018,09,26,1,281.5
2018,09,26,2,281.0
2018,09,26,3,281.1
2018,09,26,4,281.4
2018,09,26,5,280.7
2018,09,26,6,280.2
2018,09,26,7,280.3
2018,09,27,0,280.4
2018,09,27,1,280.9
2018,09,27,2,280.8
2018,09,27,3,280.9
2018,09,27,4,281.3
2018,09,27,5,281.5
2018,09,27,6,281.2
2018,09,27,7,281.7
2018,09,28,0,282.0
2018,09,28,1,281.8
2018,09,28,2,281.9
2018,09,28,3,282.2
2018,09,28,4,282.3
2018,09,28,5,282.2
2018,09,28,6,283.0
2018,09,28,7,282.1
2018,09,29,0,282.5
2018,09,29,1,282.9
2018,09,29,2,282.9
2018,09,29,3,283.1
2018,09,29,4,283.0
2018,09,29,5,283.0
2018,09,29,6,282.2
2018,09,29,7,282.6
2018,09,30,0,283.7
2018,09,30,1,283.9
2018,09,30,2,283.0
2018,09,30,3,283.3
2018,09,30,4,282.3
2018,09,30,5,282.5
2018,09,30,6,282.1
2018,09,30,7,283.2
2018,09,31,0,282.4
2018,09,31,1,282.2
2018,09,31,2,281.0
2018,09,31,3,280.7
2018,09,31,4,282.7
2018,09,31,5,283.9
2018,09,31,6,286.0
2018,09,31,7,283.7
2018,09,1,0,283.0
2018,09,1,1,282.9
2018,09,1,2,282.8
2018,09,1,3,282.3
2018,09,1,4,281.9
2018,09,1,5,282.5
2018,09,1,6,282.4
2018,09,1,7,281.9
2018,09,2,0,282.3
2018,09,2,1,282.7
2018,09,2,2,282.8
2018,09,2,3,281.9
2018,09,2,4,281.7
2018,09,2,5,282.3
2018,09,2,6,282.5
2018,09,2,7,283.1
2018,09,3,0,282.7
2018,09,3,1,282.6
2018,09,3,2,282.0
2018,09,3,3,281.8
2018,09,3,4,281.5
2018,09,3,5,281.8
2018,09,3,6,282.2
2018,09,3,7,282.5
2018,09,4,0,283.0
2018,09,4,1,281.5
2018,09,4,2,281.5
2018,09,4,3,281.2
2018,09,4,4,281.4
2018,09,4,5,281.8
2018,09,4,6,282.0
2018,09,4,7,282.6
2018,09,5,0,281.8
2018,09,5,1,281.4
2018,09,5,2,281.2
2018,09,5,3,281.0
2018,09,5,4,280.8
2018,09,5,5,281.0
2018,09,5,6,280.1
2018,09,5,7,281.2
2018,09,6,0,281.0
2018,09,6,1,280.5
2018,09,6,2,280.8
2018,09,6,3,281.4
2018,09,6,4,282.0
2018,09,6,5,282.7
2018,09,6,6,282.3
2018,09,6,7,282.1
2018,09,7,0,281.4
2018,09,7,1,281.3
2018,09,7,2,281.6
2018,09,7,3,281.2
2018,09,7,4,282.1
2018,09,7,5,282.9
2018,09,7,6,282.1
2018,09,7,7,282.2
2018,09,8,0,283.2
2018,09,8,1,283.2
2018,09,8,2,282.4
2018,09,8,3,281.6
2018,09,8,4,281.5
2018,09,8,5,281.7
2018,09,8,6,281.8
2018,09,8,7,281.2
2018,09,9,0,282.2
2018,09,9,1,282.1
2018,09,9,2,282.3
2018,09,9,3,282.5
2018,09,9,4,282.3
2018,09,9,5,282.6
2018,09,9,6,282.7
2018,09,9,7,282.7
2018,09,10,0,282.7
2018,09,10,1,282.7
2018,09,10,2,283.4
2018,09,10,3,283.2
2018,09,10,4,283.7
2018,09,10,5,283.8
2018,09,10,6,283.5
2018,09,10,7,284.6
2018,09,11,0,285.3
2018,09,11,1,284.8
2018,09,11,2,284.3
2018,09,11,3,285.6
2018,09,11,4,286.9
2018,09,11,5,285.4
2018,09,11,6,284.4
2018,09,11,7,284.7
2018,09,12,0,284.8
2018,09,12,1,284.3
2018,09,12,2,284.1
2018,09,12,3,284.4
2018,09,12,4,284.0
2018,09,12,5,283.9
2018,09,12,6,284.4
2018,09,12,7,284.7
2018,09,13,0,285.2
2018,09,13,1,285.4
2018,09,13,2,284.7
2018,09,13,3,285.7
2018,09,13,4,285.5
2018,09,13,5,286.0
2018,09,13,6,286.9
2018,09,13,7,286.8
2018,09,14,0,286.7
2018,09,14,1,286.5
2018,09,14,2,286.3
2018,09,14,3,285.9
2018,09,14,4,285.9
2018,09,14,5,285.5
2018,09,14,6,285.4
2018,09,14,7,285.6
2018,09,15,0,285.1
2018,09,15,1,284.7
2018,09,15,2,284.2
2018,09,15,3,283.6
2018,09,15,4,284.1
2018,09,15,5,284.0
2018,09,15,6,283.3
2018,09,15,7,281.3
2018,09,16,0,283.8
2018,09,16,1,282.1
2018,09,16,2,282.5
2018,09,16,3,283.1
2018,09,16,4,283.1
2018,09,16,5,282.9
2018,09,16,6,282.4
2018,09,16,7,281.7
2018,09,17,0,281.0
2018,09,17,1,280.2
2018,09,17,2,280.2
2018,09,17,3,280.6
2018,09,17,4,281.3
2018,09,17,5,281.1
2018,09,17,6,281.3
2018,09,17,7,281.1
2018,09,18,0,281.0
2018,09,18,1,280.7
2018,09,18,2,280.6
2018,09,18,3,280.9
2018,09,18,4,281.2
2018,09,18,5,281.6
2018,09,18,6,281.6
2018,09,18,7,280.8
2018,09,19,0,280.8
2018,09,19,1,281.0
2018,09,19,2,281.4
2018,09,19,3,281.8
2018,09,19,4,281.1
2018,09,19,5,281.2
2018,09,19,6,281.0
2018,09,19,7,281.1
2018,09,20,0,281.8
2018,09,20,1,281.6
2018,09,20,2,281.5
2018,09,20,3,281.6
2018,09,20,4,281.7
2018,09,20,5,281.6
2018,09,20,6,282.2
2018,09,20,7,282.2
2018,09,21,0,282.0
2018,09,21,1,282.3
2018,09,21,2,282.5
2018,09,21,3,282.3
2018,09,21,4,282.2
2018,09,21,5,282.5
2018,09,21,6,282.4
2018,09,21,7,282.4
2018,09,22,0,283.1
2018,09,22,1,282.5
2018,09,22,2,283.0
2018,09,22,3,282.1
2018,09,22,4,282.2
2018,09,22,5,282.8
2018,09,22,6,282.9
2018,09,22,7,282.3
2018,09,23,0,282.1
2018,09,23,1,282.5
2018,09,23,2,281.9
2018,09,23,3,281.9
2018,09,23,4,282.0
2018,09,23,5,282.4
2018,09,23,6,282.4
2018,09,23,7,281.2
2018,09,24,0,281.2
2018,09,24,1,281.7
2018,09,24,2,281.4
2018,09,24,3,281.3
2018,09,24,4,281.7
2018,09,24,5,282.0
2018,09,24,6,281.4
2018,09,24,7,280.7
2018,09,25,0,281.3
2018,09,25,1,282.2
2018,09,25,2,280.9
2018,09,25,3,281.5
2018,09,25,4,281.8
2018,09,25,5,281.9
2018,09,25,6,281.5
2018,09,25,7,281.4
2018,09,26,0,281.9
2018,09,26,1,282.0
2018,09,26,2,281.8
2018,09,26,3,282.4
2018,09,26,4,282.6
2018,09,26,5,282.4
2018,09,26,6,281.9
2018,09,26,7,281.8
2018,09,27,0,282.7
2018,09,27,1,283.3
2018,09,27,2,282.9
2018,09,27,3,281.7
2018,09,27,4,282.5
2018,09,27,5,282.6
2018,09,27,6,282.9
2018,09,27,7,282.8
2018,09,28,0,283.0
2018,09,28,1,282.3
2018,09,28,2,281.9
2018,09,28,3,281.7
2018,09,28,4,282.1
2018,09,28,5,282.7
2018,09,28,6,282.6
2018,09,28,7,282.3
2018,09,1,0,282.4
2018,09,1,1,282.5
2018,09,1,2,283.0
2018,09,1,3,281.2
2018,09,1,4,282.2
2018,09,1,5,282.9
2018,09,1,6,282.9
2018,09,1,7,282.9
2018,09,2,0,282.6
2018,09,2,1,282.6
2018,09,2,2,282.5
2018,09,2,3,282.3
2018,09,2,4,283.3
2018,09,2,5,282.7
2018,09,2,6,282.9
2018,09,2,7,283.0
2018,09,3,0,283.7
2018,09,3,1,284.8
2018,09,3,2,282.8
2018,09,3,3,282.7
2018,09,3,4,282.9
2018,09,3,5,283.3
2018,09,3,6,283.2
2018,09,3,7,283.7
2018,09,4,0,284.0
2018,09,4,1,283.4
2018,09,4,2,282.2
2018,09,4,3,283.5
2018,09,4,4,283.5
2018,09,4,5,283.6
2018,09,4,6,283.6
2018,09,4,7,283.6
2018,09,5,0,283.5
2018,09,5,1,283.9
2018,09,5,2,283.3
2018,09,5,3,282.4
2018,09,5,4,283.2
2018,09,5,5,283.7
2018,09,5,6,283.9
2018,09,5,7,283.8
2018,09,6,0,283.4
2018,09,6,1,283.8
2018,09,6,2,283.9
2018,09,6,3,282.4
2018,09,6,4,282.8
2018,09,6,5,284.2
2018,09,6,6,283.4
2018,09,6,7,283.8
2018,09,7,0,283.4
2018,09,7,1,283.0
2018,09,7,2,282.7
2018,09,7,3,282.5
2018,09,7,4,283.5
2018,09,7,5,283.7
2018,09,7,6,283.8
2018,09,7,7,282.9
2018,09,8,0,283.0
2018,09,8,1,283.5
2018,09,8,2,283.0
2018,09,8,3,282.9
2018,09,8,4,282.9
2018,09,8,5,283.2
2018,09,8,6,282.5
2018,09,8,7,282.9
2018,09,9,0,283.3
2018,09,9,1,283.4
2018,09,9,2,283.0
2018,09,9,3,282.8
2018,09,9,4,282.6
2018,09,9,5,283.0
2018,09,9,6,283.1
2018,09,9,7,282.9
2018,09,10,0,282.7
2018,09,10,1,283.3
2018,09,10,2,282.8
2018,09,10,3,283.2
2018,09,10,4,283.3
2018,09,10,5,283.6
2018,09,10,6,283.2
2018,09,10,7,282.7
2018,09,11,0,283.1
2018,09,11,1,283.0
2018,09,11,2,282.7
2018,09,11,3,282.5
2018,09,11,4,282.7
2018,09,11,5,283.2
2018,09,11,6,283.0
2018,09,11,7,282.7
2018,09,12,0,283.9
2018,09,12,1,284.0
2018,09,12,2,283.2
2018,09,12,3,283.1
2018,09,12,4,283.5
2018,09,12,5,285.6
2018,09,12,6,286.5
2018,09,12,7,286.2
2018,09,13,0,286.5
2018,09,13,1,286.2
2018,09,13,2,284.6
2018,09,13,3,284.5
2018,09,13,4,285.2
2018,09,13,5,285.5
2018,09,13,6,285.4
2018,09,13,7,284.5
2018,09,14,0,283.7
2018,09,14,1,283.4
2018,09,14,2,284.2
2018,09,14,3,284.8
2018,09,14,4,284.7
2018,09,14,5,284.2
2018,09,14,6,284.2
2018,09,14,7,284.0
2018,09,15,0,283.6
2018,09,15,1,283.2
2018,09,15,2,282.6
2018,09,15,3,282.3
2018,09,15,4,282.5
2018,09,15,5,283.2
2018,09,15,6,283.8
2018,09,15,7,283.8
2018,09,16,0,283.1
2018,09,16,1,282.4
2018,09,16,2,282.2
2018,09,16,3,282.4
2018,09,16,4,282.6
2018,09,16,5,282.6
2018,09,16,6,282.9
2018,09,16,7,282.5
2018,09,17,0,282.2
2018,09,17,1,281.4
2018,09,17,2,280.5
2018,09,17,3,281.5
2018,09,17,4,282.2
2018,09,17,5,282.2
2018,09,17,6,281.4
2018,09,17,7,282.5
2018,09,18,0,282.6
2018,09,18,1,282.0
2018,09,18,2,280.9
2018,09,18,3,281.4
2018,09,18,4,281.4
2018,09,18,5,281.8
2018,09,18,6,282.4
2018,09,18,7,282.0
2018,09,19,0,282.0
2018,09,19,1,282.0
2018,09,19,2,281.9
2018,09,19,3,282.4
2018,09,19,4,282.7
2018,09,19,5,282.7
2018,09,19,6,282.6
2018,09,19,7,282.2
2018,09,20,0,281.9
2018,09,20,1,281.4
2018,09,20,2,280.7
2018,09,20,3,280.4
2018,09,20,4,280.5
2018,09,20,5,281.0
2018,09,20,6,282.2
2018,09,20,7,281.7
2018,09,21,0,281.9
2018,09,21,1,281.1
2018,09,21,2,280.7
2018,09,21,3,281.2
2018,09,21,4,281.7
2018,09,21,5,281.9
2018,09,21,6,281.8
2018,09,21,7,281.7
2018,09,22,0,281.6
2018,09,22,1,282.2
2018,09,22,2,281.9
2018,09,22,3,281.5
2018,09,22,4,281.5
2018,09,22,5,281.3
2018,09,22,6,280.7
2018,09,22,7,281.3
2018,09,23,0,281.1
2018,09,23,1,280.4
2018,09,23,2,281.5
2018,09,23,3,281.8
2018,09,23,4,281.7
2018,09,23,5,281.7
2018,09,23,6,281.5
2018,09,23,7,281.8
2018,09,24,0,281.7
2018,09,24,1,281.6
2018,09,24,2,282.1
2018,09,24,3,282.4
2018,09,24,4,281.9
2018,09,24,5,282.9
2018,09,24,6,283.2
2018,09,24,7,284.2
2018,09,25,0,284.4
2018,09,25,1,283.3
2018,09,25,2,282.2
2018,09,25,3,282.0
2018,09,25,4,282.1
2018,09,25,5,281.4
2018,09,25,6,281.8
2018,09,25,7,282.7
2018,09,26,0,282.4
2018,09,26,1,281.5
2018,09,26,2,281.6
2018,09,26,3,282.4
2018,09,26,4,282.3
2018,09,26,5,281.9
2018,09,26,6,281.5
2018,09,26,7,281.2
2018,09,27,0,281.5
2018,09,27,1,281.3
2018,09,27,2,281.2
2018,09,27,3,281.8
2018,09,27,4,281.9
2018,09,27,5,281.4
2018,09,27,6,281.5
2018,09,27,7,280.9
2018,09,28,0,280.5
2018,09,28,1,280.4
2018,09,28,2,280.4
2018,09,28,3,280.2
2018,09,28,4,280.5
2018,09,28,5,281.2
2018,09,28,6,281.5
2018,09,28,7,281.3
2018,09,29,0,281.5
2018,09,29,1,281.2
2018,09,29,2,280.9
2018,09,29,3,280.7
2018,09,29,4,280.8
2018,09,29,5,280.9
2018,09,29,6,280.9
2018,09,29,7,280.8
2018,09,30,0,280.8
2018,09,30,1,280.6
2018,09,30,2,280.8
2018,09,30,3,281.0
2018,09,30,4,281.2
2018,09,30,5,281.9
2018,09,30,6,282.4
2018,09,30,7,281.2
2018,09,31,0,281.6
2018,09,31,1,281.2
2018,09,31,2,281.1
2018,09,31,3,282.9
2018,09,31,4,283.1
2018,09,31,5,283.3
2018,09,31,6,283.3
2018,09,31,7,283.4
2018,09,1,0,283.7
2018,09,1,1,282.5
2018,09,1,2,283.0
2018,09,1,3,283.1
2018,09,1,4,282.8
2018,09,1,5,283.2
2018,09,1,6,283.0
2018,09,1,7,283.2
2018,09,2,0,283.1
2018,09,2,1,282.8
2018,09,2,2,282.3
2018,09,2,3,282.2
2018,09,2,4,283.0
2018,09,2,5,284.1
2018,09,2,6,283.5
2018,09,2,7,282.5
2018,09,3,0,282.6
2018,09,3,1,282.5
2018,09,3,2,282.3
2018,09,3,3,282.3
2018,09,3,4,283.0
2018,09,3,5,283.2
2018,09,3,6,283.6
2018,09,3,7,283.3
2018,09,4,0,283.1
2018,09,4,1,283.1
2018,09,4,2,282.4
2018,09,4,3,282.5
2018,09,4,4,283.3
2018,09,4,5,283.1
2018,09,4,6,282.5
2018,09,4,7,282.1
2018,09,5,0,282.6
2018,09,5,1,282.7
2018,09,5,2,283.1
2018,09,5,3,282.8
2018,09,5,4,282.4
2018,09,5,5,282.7
2018,09,5,6,283.0
2018,09,5,7,283.6
2018,09,6,0,282.8
2018,09,6,1,282.2
2018,09,6,2,281.8
2018,09,6,3,281.0
2018,09,6,4,281.4
2018,09,6,5,281.4
2018,09,6,6,280.9
2018,09,6,7,281.9
2018,09,7,0,280.6
2018,09,7,1,281.1
2018,09,7,2,281.2
2018,09,7,3,280.6
2018,09,7,4,280.8
2018,09,7,5,281.6
2018,09,7,6,281.5
2018,09,7,7,280.9
2018,09,8,0,281.0
2018,09,8,1,281.0
2018,09,8,2,280.9
2018,09,8,3,281.1
2018,09,8,4,281.2
2018,09,8,5,281.1
2018,09,8,6,280.1
2018,09,8,7,280.6
2018,09,9,0,280.7
2018,09,9,1,280.1
2018,09,9,2,279.6
2018,09,9,3,279.5
2018,09,9,4,280.0
2018,09,9,5,280.1
2018,09,9,6,279.9
2018,09,9,7,279.4
2018,09,10,0,279.0
2018,09,10,1,278.7
2018,09,10,2,280.0
2018,09,10,3,280.6
2018,09,10,4,281.4
2018,09,10,5,281.9
2018,09,10,6,281.3
2018,09,10,7,281.4
2018,09,11,0,281.5
2018,09,11,1,280.8
2018,09,11,2,280.6
2018,09,11,3,279.2
2018,09,11,4,279.1
2018,09,11,5,279.4
2018,09,11,6,279.8
2018,09,11,7,280.6
2018,09,12,0,280.0
2018,09,12,1,278.4
2018,09,12,2,277.4
2018,09,12,3,278.6
2018,09,12,4,278.8
2018,09,12,5,278.2
2018,09,12,6,279.2
2018,09,12,7,279.3
2018,09,13,0,279.5
2018,09,13,1,279.5
2018,09,13,2,279.5
2018,09,13,3,279.8
2018,09,13,4,280.0
2018,09,13,5,280.4
2018,09,13,6,281.0
2018,09,13,7,282.1
2018,09,14,0,282.3
2018,09,14,1,282.0
2018,09,14,2,282.0
2018,09,14,3,281.7
2018,09,14,4,281.4
2018,09,14,5,281.5
2018,09,14,6,280.9
2018,09,14,7,279.7
2018,09,15,0,280.9
2018,09,15,1,280.6
2018,09,15,2,280.8
2018,09,15,3,281.3
2018,09,15,4,282.5
2018,09,15,5,282.2
2018,09,15,6,280.1
2018,09,15,7,280.2
2018,09,16,0,281.0
2018,09,16,1,280.2
2018,09,16,2,280.0
2018,09,16,3,279.9
2018,09,16,4,279.1
2018,09,16,5,279.5
2018,09,16,6,279.4
2018,09,16,7,278.8
2018,09,17,0,278.6
2018,09,17,1,279.2
2018,09,17,2,279.9
2018,09,17,3,280.4
2018,09,17,4,280.4
2018,09,17,5,280.1
2018,09,17,6,280.0
2018,09,17,7,280.2
2018,09,18,0,279.9
2018,09,18,1,279.8
2018,09,18,2,279.9
2018,09,18,3,280.1
2018,09,18,4,280.5
2018,09,18,5,280.6
2018,09,18,6,280.6
2018,09,18,7,280.7
2018,09,19,0,281.3
2018,09,19,1,281.7
2018,09,19,2,281.8
2018,09,19,3,282.0
2018,09,19,4,282.3
2018,09,19,5,282.5
2018,09,19,6,282.0
2018,09,19,7,281.7
2018,09,20,0,281.8
2018,09,20,1,281.9
2018,09,20,2,281.3
2018,09,20,3,280.7
2018,09,20,4,281.9
2018,09,20,5,281.3
2018,09,20,6,281.2
2018,09,20,7,281.7
2018,09,21,0,282.1
2018,09,21,1,282.9
2018,09,21,2,282.1
2018,09,21,3,282.6
2018,09,21,4,283.3
2018,09,21,5,282.9
2018,09,21,6,279.3
2018,09,21,7,274.8
2018,09,22,0,274.4
2018,09,22,1,275.4
2018,09,22,2,276.0
2018,09,22,3,276.9
2018,09,22,4,279.1
2018,09,22,5,277.9
2018,09,22,6,275.9
2018,09,22,7,275.4
2018,09,23,0,277.6
2018,09,23,1,277.9
2018,09,23,2,277.6
2018,09,23,3,277.3
2018,09,23,4,278.0
2018,09,23,5,278.5
2018,09,23,6,278.4
2018,09,23,7,278.9
2018,09,24,0,279.0
2018,09,24,1,278.1
2018,09,24,2,278.1
2018,09,24,3,278.4
2018,09,24,4,279.0
2018,09,24,5,279.2
2018,09,24,6,278.9
2018,09,24,7,279.8
2018,09,25,0,278.9
2018,09,25,1,279.0
2018,09,25,2,279.5
2018,09,25,3,279.9
2018,09,25,4,280.4
2018,09,25,5,282.5
2018,09,25,6,280.1
2018,09,25,7,281.8
2018,09,26,0,282.8
2018,09,26,1,280.5
2018,09,26,2,280.7
2018,09,26,3,280.8
2018,09,26,4,281.2
2018,09,26,5,281.4
2018,09,26,6,280.8
2018,09,26,7,280.7
2018,09,27,0,281.2
2018,09,27,1,280.8
2018,09,27,2,280.2
2018,09,27,3,280.2
2018,09,27,4,281.4
2018,09,27,5,279.7
2018,09,27,6,279.6
2018,09,27,7,279.3
2018,09,28,0,279.0
2018,09,28,1,278.8
2018,09,28,2,278.5
2018,09,28,3,279.0
2018,09,28,4,278.8
2018,09,28,5,279.1
2018,09,28,6,279.0
2018,09,28,7,279.1
2018,09,29,0,279.3
2018,09,29,1,279.4
2018,09,29,2,279.5
2018,09,29,3,279.2
2018,09,29,4,279.9
2018,09,29,5,280.3
2018,09,29,6,280.6
2018,09,29,7,281.0
2018,09,30,0,281.2
2018,09,30,1,281.0
2018,09,30,2,280.8
2018,09,30,3,280.8
2018,09,30,4,280.9
2018,09,30,5,279.4
2018,09,30,6,279.7
2018,09,30,7,279.9
2018,09,1,0,280.1
2018,09,1,1,279.8
2018,09,1,2,279.2
2018,09,1,3,279.2
2018,09,1,4,279.1
2018,09,1,5,279.2
2018,09,1,6,279.2
2018,09,1,7,279.3
2018,09,2,0,279.3
2018,09,2,1,279.3
2018,09,2,2,280.1
2018,09,2,3,280.6
2018,09,2,4,281.0
2018,09,2,5,281.0
2018,09,2,6,281.9
2018,09,2,7,282.4
2018,09,3,0,282.4
2018,09,3,1,282.2
2018,09,3,2,282.2
2018,09,3,3,282.1
2018,09,3,4,281.9
2018,09,3,5,282.3
2018,09,3,6,282.4
2018,09,3,7,282.6
2018,09,4,0,282.8
2018,09,4,1,282.6
2018,09,4,2,282.2
2018,09,4,3,281.8
2018,09,4,4,282.5
2018,09,4,5,283.0
2018,09,4,6,283.3
2018,09,4,7,283.5
2018,09,5,0,283.4
2018,09,5,1,282.4
2018,09,5,2,282.0
2018,09,5,3,281.3
2018,09,5,4,281.4
2018,09,5,5,281.3
2018,09,5,6,280.9
2018,09,5,7,280.1
2018,09,6,0,279.5
2018,09,6,1,279.0
2018,09,6,2,278.9
2018,09,6,3,278.8
2018,09,6,4,278.4
2018,09,6,5,278.3
2018,09,6,6,277.8
2018,09,6,7,277.5
2018,09,7,0,277.5
2018,09,7,1,276.5
2018,09,7,2,276.2
2018,09,7,3,276.3
2018,09,7,4,277.0
2018,09,7,5,278.4
2018,09,7,6,278.4
2018,09,7,7,278.1
2018,09,8,0,277.9
2018,09,8,1,276.9
2018,09,8,2,277.6
2018,09,8,3,277.7
2018,09,8,4,278.4
2018,09,8,5,278.9
2018,09,8,6,279.2
2018,09,8,7,279.2
2018,09,9,0,278.4
2018,09,9,1,277.7
2018,09,9,2,278.0
2018,09,9,3,280.0
2018,09,9,4,278.7
2018,09,9,5,279.0
2018,09,9,6,279.4
2018,09,9,7,280.6
2018,09,10,0,281.2
2018,09,10,1,280.1
2018,09,10,2,280.5
2018,09,10,3,279.8
2018,09,10,4,280.4
2018,09,10,5,280.5
2018,09,10,6,280.7
2018,09,10,7,281.4
2018,09,11,0,281.4
2018,09,11,1,280.9
2018,09,11,2,280.8
2018,09,11,3,280.7
2018,09,11,4,280.4
2018,09,11,5,280.0
2018,09,11,6,280.1
2018,09,11,7,280.8
2018,09,12,0,280.7
2018,09,12,1,276.9
2018,09,12,2,275.9
2018,09,12,3,272.8
2018,09,12,4,278.3
2018,09,12,5,273.8
2018,09,12,6,279.3
2018,09,12,7,277.1
2018,09,13,0,278.6
2018,09,13,1,276.9
2018,09,13,2,278.6
2018,09,13,3,278.6
2018,09,13,4,278.8
2018,09,13,5,278.7
2018,09,13,6,279.1
2018,09,13,7,279.8
2018,09,14,0,280.2
2018,09,14,1,280.1
2018,09,14,2,279.5
2018,09,14,3,279.1
2018,09,14,4,279.2
2018,09,14,5,279.0
2018,09,14,6,278.7
2018,09,14,7,278.6
2018,09,15,0,278.9
2018,09,15,1,278.8
2018,09,15,2,278.6
2018,09,15,3,278.6
2018,09,15,4,279.1
2018,09,15,5,279.2
2018,09,15,6,279.3
2018,09,15,7,279.3
2018,09,16,0,279.6
2018,09,16,1,279.5
2018,09,16,2,279.3
2018,09,16,3,279.2
2018,09,16,4,279.5
2018,09,16,5,279.8
2018,09,16,6,280.2
2018,09,16,7,279.8
2018,09,17,0,279.6
2018,09,17,1,279.5
2018,09,17,2,279.2
2018,09,17,3,279.4
2018,09,17,4,279.7
2018,09,17,5,279.9
2018,09,17,6,279.2
2018,09,17,7,278.9
2018,09,18,0,279.5
2018,09,18,1,278.7
2018,09,18,2,278.8
2018,09,18,3,278.7
2018,09,18,4,279.0
2018,09,18,5,279.3
2018,09,18,6,279.5
2018,09,18,7,280.2
2018,09,19,0,280.5
2018,09,19,1,280.4
2018,09,19,2,280.4
2018,09,19,3,280.4
2018,09,19,4,280.4
2018,09,19,5,280.7
2018,09,19,6,281.0
2018,09,19,7,280.4
2018,09,20,0,280.6
2018,09,20,1,280.6
2018,09,20,2,279.9
2018,09,20,3,280.2
2018,09,20,4,280.8
2018,09,20,5,280.9
2018,09,20,6,281.5
2018,09,20,7,282.2
2018,09,21,0,282.5
2018,09,21,1,282.6
2018,09,21,2,282.7
2018,09,21,3,282.5
2018,09,21,4,282.3
2018,09,21,5,282.1
2018,09,21,6,281.7
2018,09,21,7,281.4
2018,09,22,0,281.3
2018,09,22,1,281.8
2018,09,22,2,282.0
2018,09,22,3,282.1
2018,09,22,4,282.1
2018,09,22,5,281.9
2018,09,22,6,281.9
2018,09,22,7,282.0
2018,09,23,0,282.3
2018,09,23,1,282.8
2018,09,23,2,281.8
2018,09,23,3,281.2
2018,09,23,4,281.6
2018,09,23,5,281.7
2018,09,23,6,281.3
2018,09,23,7,281.0
2018,09,24,0,280.7
2018,09,24,1,280.6
2018,09,24,2,279.8
2018,09,24,3,279.2
2018,09,24,4,279.2
2018,09,24,5,279.5
2018,09,24,6,279.5
2018,09,24,7,279.0
2018,09,25,0,279.1
2018,09,25,1,278.6
2018,09,25,2,277.5
2018,09,25,3,277.8
2018,09,25,4,276.8
2018,09,25,5,277.2
2018,09,25,6,277.0
2018,09,25,7,276.6
2018,09,26,0,276.5
2018,09,26,1,276.3
2018,09,26,2,275.9
2018,09,26,3,275.3
2018,09,26,4,275.0
2018,09,26,5,275.1
2018,09,26,6,276.1
2018,09,26,7,276.4
2018,09,27,0,276.3
2018,09,27,1,276.0
2018,09,27,2,275.7
2018,09,27,3,275.4
2018,09,27,4,275.5
2018,09,27,5,276.1
2018,09,27,6,276.7
2018,09,27,7,277.1
2018,09,28,0,276.6
2018,09,28,1,276.2
2018,09,28,2,276.0
2018,09,28,3,276.4
2018,09,28,4,276.7
2018,09,28,5,276.9
2018,09,28,6,277.3
2018,09,28,7,277.8
2018,09,29,0,277.9
2018,09,29,1,278.1
2018,09,29,2,278.7
2018,09,29,3,279.2
2018,09,29,4,278.6
2018,09,29,5,278.2
2018,09,29,6,279.2
2018,09,29,7,280.2
2018,09,30,0,279.6
2018,09,30,1,279.4
2018,09,30,2,280.0
2018,09,30,3,280.4
2018,09,30,4,280.2
2018,09,30,5,277.3
2018,09,30,6,274.1
2018,09,30,7,277.9
2018,09,31,0,278.5
2018,09,31,1,278.1
2018,09,31,2,277.9
2018,09,31,3,277.9
2018,09,31,4,277.0
2018,09,31,5,278.8
2018,09,31,6,280.3
2018,09,31,7,281.5
2018,09,1,0,280.8
2018,09,1,1,277.5
2018,09,1,2,275.7
2018,09,1,3,274.9
2018,09,1,4,274.6
2018,09,1,5,275.0
2018,09,1,6,275.9
2018,09,1,7,276.7
2018,09,2,0,276.5
2018,09,2,1,279.6
2018,09,2,2,281.5
2018,09,2,3,280.1
2018,09,2,4,279.5
2018,09,2,5,281.0
2018,09,2,6,282.0
2018,09,2,7,282.8
2018,09,3,0,281.1
2018,09,3,1,279.3
2018,09,3,2,278.3
2018,09,3,3,278.2
2018,09,3,4,279.6
2018,09,3,5,278.7
2018,09,3,6,277.8
2018,09,3,7,277.8
2018,09,4,0,279.1
2018,09,4,1,278.8
2018,09,4,2,278.2
2018,09,4,3,278.1
2018,09,4,4,278.1
2018,09,4,5,279.3
2018,09,4,6,279.4
2018,09,4,7,280.7
2018,09,5,0,280.8
2018,09,5,1,280.4
2018,09,5,2,279.3
2018,09,5,3,278.9
2018,09,5,4,279.5
2018,09,5,5,279.9
2018,09,5,6,280.3
2018,09,5,7,280.4
2018,09,6,0,279.1
2018,09,6,1,279.6
2018,09,6,2,280.3
2018,09,6,3,280.9
2018,09,6,4,280.0
2018,09,6,5,279.9
2018,09,6,6,280.3
2018,09,6,7,279.8
2018,09,7,0,279.0
2018,09,7,1,280.2
2018,09,7,2,279.9
2018,09,7,3,279.2
2018,09,7,4,279.6
2018,09,7,5,279.9
2018,09,7,6,280.0
2018,09,7,7,281.2
2018,09,8,0,281.1
2018,09,8,1,279.1
2018,09,8,2,279.4
2018,09,8,3,281.2
2018,09,8,4,283.1
2018,09,8,5,281.2
2018,09,8,6,280.7
2018,09,8,7,280.0
2018,09,9,0,279.8
2018,09,9,1,280.9
2018,09,9,2,281.3
2018,09,9,3,280.9
2018,09,9,4,280.2
2018,09,9,5,280.2
2018,09,9,6,280.3
2018,09,9,7,280.4
2018,09,10,0,280.3
2018,09,10,1,280.6
2018,09,10,2,280.9
2018,09,10,3,282.0
2018,09,10,4,282.8
2018,09,10,5,283.3
2018,09,10,6,282.6
2018,09,10,7,282.5
2018,09,11,0,281.8
2018,09,11,1,283.2
2018,09,11,2,283.4
2018,09,11,3,283.7
2018,09,11,4,283.9
2018,09,11,5,283.8
2018,09,11,6,283.7
2018,09,11,7,283.6
2018,09,12,0,282.7
2018,09,12,1,282.5
2018,09,12,2,282.1
2018,09,12,3,282.0
2018,09,12,4,282.2
2018,09,12,5,282.3
2018,09,12,6,282.8
2018,09,12,7,282.8
2018,09,13,0,282.0
2018,09,13,1,281.6
2018,09,13,2,281.0
2018,09,13,3,280.7
2018,09,13,4,281.4
2018,09,13,5,283.9
2018,09,13,6,284.1
2018,09,13,7,283.2
2018,09,14,0,283.3
2018,09,14,1,282.6
2018,09,14,2,283.2
2018,09,14,3,282.8
2018,09,14,4,282.8
2018,09,14,5,283.0
2018,09,14,6,283.5
2018,09,14,7,282.9
2018,09,15,0,282.4
2018,09,15,1,282.3
2018,09,15,2,282.4
2018,09,15,3,282.7
2018,09,15,4,281.8
2018,09,15,5,282.2
2018,09,15,6,282.2
2018,09,15,7,282.5
2018,09,16,0,282.5
2018,09,16,1,281.8
2018,09,16,2,280.3
2018,09,16,3,280.0
2018,09,16,4,281.2
2018,09,16,5,281.3
2018,09,16,6,280.8
2018,09,16,7,280.7
2018,09,17,0,281.9
2018,09,17,1,282.2
2018,09,17,2,278.5
2018,09,17,3,278.6
2018,09,17,4,280.0
2018,09,17,5,280.2
2018,09,17,6,279.2
2018,09,17,7,278.7
2018,09,18,0,278.5
2018,09,18,1,278.5
2018,09,18,2,277.9
2018,09,18,3,277.8
2018,09,18,4,278.4
2018,09,18,5,278.8
2018,09,18,6,278.5
2018,09,18,7,278.7
2018,09,19,0,278.8
2018,09,19,1,278.0
2018,09,19,2,278.3
2018,09,19,3,278.3
2018,09,19,4,278.7
2018,09,19,5,278.8
2018,09,19,6,278.5
2018,09,19,7,278.5
2018,09,20,0,278.7
2018,09,20,1,278.3
2018,09,20,2,278.2
2018,09,20,3,278.4
2018,09,20,4,278.5
2018,09,20,5,279.0
2018,09,20,6,279.2
2018,09,20,7,278.8
2018,09,21,0,279.7
2018,09,21,1,279.9
2018,09,21,2,279.4
2018,09,21,3,279.4
2018,09,21,4,279.5
2018,09,21,5,279.5
2018,09,21,6,279.1
2018,09,21,7,279.0
2018,09,22,0,279.1
2018,09,22,1,278.6
2018,09,22,2,278.5
2018,09,22,3,278.5
2018,09,22,4,277.5
2018,09,22,5,277.1
2018,09,22,6,277.1
2018,09,22,7,277.7
2018,09,23,0,277.9
2018,09,23,1,277.9
2018,09,23,2,277.5
2018,09,23,3,277.4
2018,09,23,4,277.6
2018,09,23,5,277.9
2018,09,23,6,278.2
2018,09,23,7,277.8
2018,09,24,0,274.0
2018,09,24,1,273.5
2018,09,24,2,272.3
2018,09,24,3,271.8
2018,09,24,4,273.1
2018,09,24,5,273.6
2018,09,24,6,271.8
2018,09,24,7,270.1
2018,09,25,0,272.0
2018,09,25,1,275.8
2018,09,25,2,277.6
2018,09,25,3,276.6
2018,09,25,4,276.8
2018,09,25,5,278.5
2018,09,25,6,277.1
2018,09,25,7,278.3
2018,09,26,0,275.9
2018,09,26,1,276.2
2018,09,26,2,276.9
2018,09,26,3,274.5
2018,09,26,4,273.8
2018,09,26,5,274.4
2018,09,26,6,273.4
2018,09,26,7,273.7
2018,09,27,0,274.4
2018,09,27,1,276.9
2018,09,27,2,278.5
2018,09,27,3,280.9
2018,09,27,4,281.3
2018,09,27,5,279.7
2018,09,27,6,277.5
2018,09,27,7,279.0
2018,09,28,0,278.8
2018,09,28,1,279.7
2018,09,28,2,281.6
2018,09,28,3,282.8
2018,09,28,4,283.7
2018,09,28,5,277.9
2018,09,28,6,277.5
2018,09,28,7,277.9
2018,09,29,0,277.8
2018,09,29,1,284.1
2018,09,29,2,284.6
2018,09,29,3,285.3
2018,09,29,4,286.3
2018,09,29,5,286.4
2018,09,29,6,285.5
2018,09,29,7,283.4
2018,09,30,0,285.0
2018,09,30,1,286.2
2018,09,30,2,285.3
2018,09,30,3,283.9
2018,09,30,4,283.0
2018,09,30,5,282.5
2018,09,30,6,282.3
2018,09,30,7,280.0
2018,09,1,0,280.4
2018,09,1,1,279.6
2018,09,1,2,278.7
2018,09,1,3,278.8
2018,09,1,4,279.0
2018,09,1,5,279.1
2018,09,1,6,279.0
2018,09,1,7,278.0
2018,09,2,0,277.5
2018,09,2,1,277.3
2018,09,2,2,277.0
2018,09,2,3,275.8
2018,09,2,4,276.8
2018,09,2,5,278.3
2018,09,2,6,278.5
2018,09,2,7,277.3
2018,09,3,0,277.0
2018,09,3,1,275.6
2018,09,3,2,278.9
2018,09,3,3,282.1
2018,09,3,4,282.4
2018,09,3,5,282.4
2018,09,3,6,282.6
2018,09,3,7,281.8
2018,09,4,0,281.4
2018,09,4,1,281.2
2018,09,4,2,280.9
2018,09,4,3,280.5
2018,09,4,4,280.9
2018,09,4,5,282.3
2018,09,4,6,283.7
2018,09,4,7,285.0
2018,09,5,0,284.7
2018,09,5,1,283.5
2018,09,5,2,283.7
2018,09,5,3,284.2
2018,09,5,4,284.2
2018,09,5,5,284.0
2018,09,5,6,283.2
2018,09,5,7,283.4
2018,09,6,0,283.7
2018,09,6,1,282.9
2018,09,6,2,282.3
2018,09,6,3,282.5
2018,09,6,4,283.5
2018,09,6,5,283.6
2018,09,6,6,283.0
2018,09,6,7,283.1
2018,09,7,0,282.9
2018,09,7,1,282.5
2018,09,7,2,283.2
2018,09,7,3,284.6
2018,09,7,4,285.6
2018,09,7,5,285.9
2018,09,7,6,285.5
2018,09,7,7,285.8
2018,09,8,0,284.8
2018,09,8,1,285.5
2018,09,8,2,285.1
2018,09,8,3,285.1
2018,09,8,4,284.0
2018,09,8,5,283.9
2018,09,8,6,284.0
2018,09,8,7,283.2
2018,09,9,0,283.5
2018,09,9,1,283.3
2018,09,9,2,283.3
2018,09,9,3,283.3
2018,09,9,4,283.4
2018,09,9,5,283.5
2018,09,9,6,283.0
2018,09,9,7,281.2
2018,09,10,0,278.3
2018,09,10,1,277.0
2018,09,10,2,277.0
2018,09,10,3,277.4
2018,09,10,4,278.4
2018,09,10,5,278.2
2018,09,10,6,277.2
2018,09,10,7,277.0
2018,09,11,0,276.5
2018,09,11,1,276.2
2018,09,11,2,275.9
2018,09,11,3,275.6
2018,09,11,4,275.3
2018,09,11,5,274.8
2018,09,11,6,276.0
2018,09,11,7,275.3
2018,09,12,0,275.9
2018,09,12,1,275.4
2018,09,12,2,274.8
2018,09,12,3,274.8
2018,09,12,4,275.3
2018,09,12,5,274.8
2018,09,12,6,277.5
2018,09,12,7,277.5
2018,09,13,0,276.8
2018,09,13,1,278.5
2018,09,13,2,279.8
2018,09,13,3,280.5
2018,09,13,4,280.7
2018,09,13,5,281.3
2018,09,13,6,280.5
2018,09,13,7,279.5
2018,09,14,0,280.0
2018,09,14,1,281.2
2018,09,14,2,279.9
2018,09,14,3,279.2
2018,09,14,4,278.0
2018,09,14,5,277.9
2018,09,14,6,278.3
2018,09,14,7,280.0
2018,09,15,0,283.3
2018,09,15,1,284.3
2018,09,15,2,283.8
2018,09,15,3,283.9
2018,09,15,4,284.0
2018,09,15,5,284.2
2018,09,15,6,284.0
2018,09,15,7,283.8
2018,09,16,0,282.4
2018,09,16,1,281.8
2018,09,16,2,281.9
2018,09,16,3,282.5
2018,09,16,4,282.3
2018,09,16,5,282.5
2018,09,16,6,282.6
2018,09,16,7,282.8
2018,09,17,0,282.7
2018,09,17,1,282.7
2018,09,17,2,282.9
2018,09,17,3,282.7
2018,09,17,4,283.5
2018,09,17,5,284.1
2018,09,17,6,283.9
2018,09,17,7,285.0
2018,09,18,0,285.4
2018,09,18,1,285.5
2018,09,18,2,286.1
2018,09,18,3,283.8
2018,09,18,4,284.0
2018,09,18,5,284.5
2018,09,18,6,284.5
2018,09,18,7,284.5
2018,09,19,0,284.4
2018,09,19,1,283.6
2018,09,19,2,283.0
2018,09,19,3,282.9
2018,09,19,4,283.3
2018,09,19,5,283.5
2018,09,19,6,282.9
2018,09,19,7,282.2
2018,09,20,0,281.9
2018,09,20,1,281.3
2018,09,20,2,280.2
2018,09,20,3,280.0
2018,09,20,4,280.1
2018,09,20,5,280.0
2018,09,20,6,280.0
2018,09,20,7,280.0
2018,09,21,0,279.8
2018,09,21,1,279.5
2018,09,21,2,279.2
2018,09,21,3,278.9
2018,09,21,4,278.1
2018,09,21,5,278.5
2018,09,21,6,278.6
2018,09,21,7,277.6
2018,09,22,0,276.5
2018,09,22,1,277.6
2018,09,22,2,278.3
2018,09,22,3,279.9
2018,09,22,4,280.4
2018,09,22,5,279.8
2018,09,22,6,280.1
2018,09,22,7,280.8
2018,09,23,0,281.0
2018,09,23,1,280.4
2018,09,23,2,280.8
2018,09,23,3,280.9
2018,09,23,4,280.1
2018,09,23,5,279.2
2018,09,23,6,277.5
2018,09,23,7,277.6
2018,09,24,0,278.4
2018,09,24,1,277.5
2018,09,24,2,277.5
2018,09,24,3,278.0
2018,09,24,4,278.2
2018,09,24,5,278.2
2018,09,24,6,278.3
2018,09,24,7,277.7
2018,09,25,0,277.3
2018,09,25,1,276.2
2018,09,25,2,277.1
2018,09,25,3,278.1
2018,09,25,4,279.2
2018,09,25,5,278.9
2018,09,25,6,277.6
2018,09,25,7,278.0
2018,09,26,0,278.5
2018,09,26,1,277.4
2018,09,26,2,278.2
2018,09,26,3,279.6
2018,09,26,4,280.3
2018,09,26,5,280.4
2018,09,26,6,279.9
2018,09,26,7,279.9
2018,09,27,0,279.7
2018,09,27,1,279.4
2018,09,27,2,279.9
2018,09,27,3,279.7
2018,09,27,4,279.6
2018,09,27,5,279.9
2018,09,27,6,280.1
2018,09,27,7,279.7
2018,09,28,0,278.9
2018,09,28,1,278.7
2018,09,28,2,277.9
2018,09,28,3,277.6
2018,09,28,4,278.7
2018,09,28,5,279.6
2018,09,28,6,281.3
2018,09,28,7,281.2
2018,09,29,0,279.6
2018,09,29,1,279.8
2018,09,29,2,279.9
2018,09,29,3,280.1
2018,09,29,4,281.0
2018,09,29,5,280.1
2018,09,29,6,280.5
2018,09,29,7,281.4
2018,09,30,0,282.2
2018,09,30,1,282.1
2018,09,30,2,281.3
2018,09,30,3,281.0
2018,09,30,4,281.1
2018,09,30,5,281.3
2018,09,30,6,281.1
2018,09,30,7,281.0
2018,09,31,0,280.4
2018,09,31,1,283.2
2018,09,31,2,282.8
2018,09,31,3,279.5
2018,09,31,4,280.3
2018,09,31,5,280.4
2018,09,31,6,278.2
2018,09,31,7,278.4
2018,09,1,0,277.6
2018,09,1,1,277.6
2018,09,1,2,277.8
2018,09,1,3,277.8
2018,09,1,4,277.3
2018,09,1,5,278.1
2018,09,1,6,277.6
2018,09,1,7,276.9
2018,09,2,0,278.4
2018,09,2,1,278.5
2018,09,2,2,278.0
2018,09,2,3,277.9
2018,09,2,4,278.1
2018,09,2,5,278.8
2018,09,2,6,278.7
2018,09,2,7,278.0
2018,09,3,0,278.6
2018,09,3,1,278.5
2018,09,3,2,278.3
2018,09,3,3,278.4
2018,09,3,4,278.3
2018,09,3,5,279.0
2018,09,3,6,278.9
2018,09,3,7,278.5
2018,09,4,0,279.0
2018,09,4,1,279.2
2018,09,4,2,279.3
2018,09,4,3,279.8
2018,09,4,4,279.0
2018,09,4,5,279.2
2018,09,4,6,279.5
2018,09,4,7,279.5
2018,09,5,0,279.3
2018,09,5,1,279.4
2018,09,5,2,280.2
2018,09,5,3,280.6
2018,09,5,4,280.0
2018,09,5,5,280.1
2018,09,5,6,280.3
2018,09,5,7,280.0
2018,09,6,0,279.4
2018,09,6,1,279.3
2018,09,6,2,279.5
2018,09,6,3,279.5
2018,09,6,4,279.8
2018,09,6,5,280.5
2018,09,6,6,280.7
2018,09,6,7,279.8
2018,09,7,0,280.2
2018,09,7,1,280.6
2018,09,7,2,280.7
2018,09,7,3,280.2
2018,09,7,4,280.5
2018,09,7,5,280.6
2018,09,7,6,280.1
2018,09,7,7,279.9
2018,09,8,0,280.1
2018,09,8,1,280.1
2018,09,8,2,279.7
2018,09,8,3,280.5
2018,09,8,4,280.5
2018,09,8,5,280.4
2018,09,8,6,278.8
2018,09,8,7,277.3
2018,09,9,0,279.0
2018,09,9,1,279.8
2018,09,9,2,280.8
2018,09,9,3,279.7
2018,09,9,4,281.8
2018,09,9,5,281.0
2018,09,9,6,281.1
2018,09,9,7,280.5
2018,09,10,0,279.9
2018,09,10,1,280.1
2018,09,10,2,279.8
2018,09,10,3,280.3
2018,09,10,4,280.1
2018,09,10,5,281.1
2018,09,10,6,281.5
2018,09,10,7,281.5
2018,09,11,0,284.0
2018,09,11,1,280.0
2018,09,11,2,280.3
2018,09,11,3,280.9
2018,09,11,4,281.8
2018,09,11,5,281.7
2018,09,11,6,280.4
2018,09,11,7,279.8
2018,09,12,0,279.7
2018,09,12,1,280.1
2018,09,12,2,279.8
2018,09,12,3,279.0
2018,09,12,4,281.4
2018,09,12,5,283.8
2018,09,12,6,284.7
2018,09,12,7,282.5
2018,09,13,0,282.2
2018,09,13,1,281.9
2018,09,13,2,281.8
2018,09,13,3,281.2
2018,09,13,4,281.3
2018,09,13,5,281.8
2018,09,13,6,281.4
2018,09,13,7,282.1
2018,09,14,0,282.3
2018,09,14,1,282.1
2018,09,14,2,281.7
2018,09,14,3,282.2
2018,09,14,4,282.8
2018,09,14,5,283.1
2018,09,14,6,283.1
2018,09,14,7,283.8
2018,09,15,0,282.9
2018,09,15,1,281.8
2018,09,15,2,282.1
2018,09,15,3,282.6
2018,09,15,4,282.9
2018,09,15,5,283.0
2018,09,15,6,282.2
2018,09,15,7,281.5
2018,09,16,0,282.5
2018,09,16,1,282.1
2018,09,16,2,282.6
2018,09,16,3,282.9
2018,09,16,4,279.7
2018,09,16,5,279.5
2018,09,16,6,278.8
2018,09,16,7,278.4
2018,09,17,0,278.4
2018,09,17,1,278.4
2018,09,17,2,278.0
2018,09,17,3,277.6
2018,09,17,4,277.0
2018,09,17,5,277.0
2018,09,17,6,276.0
2018,09,17,7,275.3
2018,09,18,0,276.2
2018,09,18,1,276.0
2018,09,18,2,275.5
2018,09,18,3,276.3
2018,09,18,4,276.7
2018,09,18,5,276.6
2018,09,18,6,275.7
2018,09,18,7,275.7
2018,09,19,0,276.9
2018,09,19,1,277.3
2018,09,19,2,277.4
2018,09,19,3,276.3
2018,09,19,4,276.0
2018,09,19,5,275.7
2018,09,19,6,276.7
2018,09,19,7,276.1
2018,09,20,0,276.6
2018,09,20,1,276.5
2018,09,20,2,276.7
2018,09,20,3,277.2
2018,09,20,4,277.6
2018,09,20,5,277.7
2018,09,20,6,277.7
2018,09,20,7,278.3
2018,09,21,0,279.3
2018,09,21,1,278.4
2018,09,21,2,278.2
2018,09,21,3,278.9
2018,09,21,4,279.1
2018,09,21,5,279.8
2018,09,21,6,279.9
2018,09,21,7,280.4
2018,09,22,0,280.7
2018,09,22,1,279.1
2018,09,22,2,278.8
2018,09,22,3,279.5
2018,09,22,4,280.4
2018,09,22,5,279.9
2018,09,22,6,279.8
2018,09,22,7,280.4
2018,09,23,0,280.8
2018,09,23,1,279.5
2018,09,23,2,278.1
2018,09,23,3,278.7
2018,09,23,4,280.5
2018,09,23,5,280.3
2018,09,23,6,280.0
2018,09,23,7,281.8
2018,09,24,0,282.5
2018,09,24,1,280.5
2018,09,24,2,279.8
2018,09,24,3,280.3
2018,09,24,4,280.5
2018,09,24,5,281.3
2018,09,24,6,281.7
2018,09,24,7,282.0
2018,09,25,0,282.8
2018,09,25,1,282.1
2018,09,25,2,280.8
2018,09,25,3,279.9
2018,09,25,4,280.3
2018,09,25,5,279.8
2018,09,25,6,280.1
2018,09,25,7,279.2
2018,09,26,0,280.2
2018,09,26,1,280.8
2018,09,26,2,278.4
2018,09,26,3,279.3
2018,09,26,4,281.3
2018,09,26,5,281.0
2018,09,26,6,280.9
2018,09,26,7,279.1
2018,09,27,0,278.8
2018,09,27,1,279.0
2018,09,27,2,278.7
2018,09,27,3,278.3
2018,09,27,4,278.0
2018,09,27,5,276.3
2018,09,27,6,277.1
2018,09,27,7,278.8
2018,09,28,0,280.2
2018,09,28,1,279.7
2018,09,28,2,279.4
2018,09,28,3,279.4
2018,09,28,4,279.9
2018,09,28,5,280.0
2018,09,28,6,280.3
2018,09,28,7,280.9
2018,09,29,0,281.1
2018,09,29,1,280.8
2018,09,29,2,280.6
2018,09,29,3,281.0
2018,09,29,4,280.4
2018,09,29,5,279.8
2018,09,29,6,280.0
2018,09,29,7,280.9
2018,09,30,0,281.5
2018,09,30,1,281.3
2018,09,30,2,281.6
2018,09,30,3,282.6
2018,09,30,4,282.7
2018,09,30,5,282.4
2018,09,30,6,282.5
2018,09,30,7,283.1
2018,09,31,0,282.5
2018,09,31,1,282.5
2018,09,31,2,283.2
2018,09,31,3,283.9
2018,09,31,4,284.6
2018,09,31,5,284.7
2018,09,31,6,284.3
2018,09,31,7,283.9
2018,09,1,0,283.4
2018,09,1,1,282.7
2018,09,1,2,282.3
2018,09,1,3,282.1
2018,09,1,4,282.4
2018,09,1,5,282.9
2018,09,1,6,283.1
2018,09,1,7,282.7
2018,09,2,0,283.0
2018,09,2,1,282.8
2018,09,2,2,282.3
2018,09,2,3,282.2
2018,09,2,4,282.5
2018,09,2,5,282.9
2018,09,2,6,282.9
2018,09,2,7,283.0
2018,09,3,0,282.5
2018,09,3,1,281.8
2018,09,3,2,281.7
2018,09,3,3,281.5
2018,09,3,4,280.7
2018,09,3,5,280.0
2018,09,3,6,280.5
2018,09,3,7,279.1
2018,09,4,0,278.9
2018,09,4,1,278.5
2018,09,4,2,278.2
2018,09,4,3,277.9
2018,09,4,4,277.5
2018,09,4,5,277.9
2018,09,4,6,275.9
2018,09,4,7,277.8
2018,09,5,0,276.9
2018,09,5,1,275.3
2018,09,5,2,275.3
2018,09,5,3,275.5
2018,09,5,4,275.5
2018,09,5,5,275.4
2018,09,5,6,274.6
2018,09,5,7,273.4
2018,09,6,0,273.4
2018,09,6,1,273.6
2018,09,6,2,274.1
2018,09,6,3,275.5
2018,09,6,4,275.9
2018,09,6,5,276.4
2018,09,6,6,278.9
2018,09,6,7,280.6
2018,09,7,0,280.9
2018,09,7,1,280.7
2018,09,7,2,281.4
2018,09,7,3,282.3
2018,09,7,4,282.1
2018,09,7,5,282.5
2018,09,7,6,282.8
2018,09,7,7,282.8
2018,09,8,0,282.2
2018,09,8,1,281.9
2018,09,8,2,281.8
2018,09,8,3,281.7
2018,09,8,4,281.8
2018,09,8,5,281.9
2018,09,8,6,281.7
2018,09,8,7,281.9
2018,09,9,0,282.1
2018,09,9,1,281.5
2018,09,9,2,280.9
2018,09,9,3,281.6
2018,09,9,4,281.6
2018,09,9,5,281.5
2018,09,9,6,281.2
2018,09,9,7,281.5
2018,09,10,0,282.6
2018,09,10,1,283.4
2018,09,10,2,283.0
2018,09,10,3,282.4
2018,09,10,4,282.0
2018,09,10,5,281.6
2018,09,10,6,279.2
2018,09,10,7,275.4
2018,09,11,0,274.9
2018,09,11,1,273.8
2018,09,11,2,273.7
2018,09,11,3,274.1
2018,09,11,4,277.5
2018,09,11,5,277.7
2018,09,11,6,276.5
2018,09,11,7,276.7
2018,09,12,0,277.1
2018,09,12,1,276.9
2018,09,12,2,276.5
2018,09,12,3,276.1
2018,09,12,4,276.6
2018,09,12,5,276.6
2018,09,12,6,276.6
2018,09,12,7,276.7
2018,09,13,0,276.7
2018,09,13,1,277.0
2018,09,13,2,277.1
2018,09,13,3,277.7
2018,09,13,4,278.1
2018,09,13,5,278.3
2018,09,13,6,278.0
2018,09,13,7,278.2
2018,09,14,0,279.6
2018,09,14,1,278.5
2018,09,14,2,278.4
2018,09,14,3,278.1
2018,09,14,4,278.6
2018,09,14,5,279.1
2018,09,14,6,279.3
2018,09,14,7,279.1
2018,09,15,0,279.5
2018,09,15,1,280.1
2018,09,15,2,279.6
2018,09,15,3,279.1
2018,09,15,4,278.7
2018,09,15,5,278.1
2018,09,15,6,278.8
2018,09,15,7,278.5
2018,09,16,0,278.6
2018,09,16,1,278.0
2018,09,16,2,278.3
2018,09,16,3,278.2
2018,09,16,4,279.0
2018,09,16,5,278.5
2018,09,16,6,279.3
2018,09,16,7,279.2
2018,09,17,0,279.3
2018,09,17,1,279.7
2018,09,17,2,280.0
2018,09,17,3,280.7
2018,09,17,4,280.5
2018,09,17,5,280.3
2018,09,17,6,280.0
2018,09,17,7,279.4
2018,09,18,0,279.7
2018,09,18,1,280.1
2018,09,18,2,280.2
2018,09,18,3,280.0
2018,09,18,4,280.4
2018,09,18,5,280.3
2018,09,18,6,279.7
2018,09,18,7,279.3
2018,09,19,0,279.3
2018,09,19,1,279.4
2018,09,19,2,279.4
2018,09,19,3,279.6
2018,09,19,4,279.5
2018,09,19,5,280.4
2018,09,19,6,280.4
2018,09,19,7,280.2
2018,09,20,0,280.7
2018,09,20,1,280.5
2018,09,20,2,280.1
2018,09,20,3,279.7
2018,09,20,4,279.4
2018,09,20,5,279.6
2018,09,20,6,278.3
2018,09,20,7,278.6
2018,09,21,0,279.3
2018,09,21,1,279.9
2018,09,21,2,280.0
2018,09,21,3,279.8
2018,09,21,4,279.6
2018,09,21,5,280.0
2018,09,21,6,280.3
2018,09,21,7,280.1
2018,09,22,0,280.3
2018,09,22,1,279.7
2018,09,22,2,281.2
2018,09,22,3,283.5
2018,09,22,4,283.6
2018,09,22,5,282.4
2018,09,22,6,282.2
2018,09,22,7,281.9
2018,09,23,0,282.2
2018,09,23,1,281.3
2018,09,23,2,282.6
2018,09,23,3,283.9
2018,09,23,4,282.4
2018,09,23,5,281.7
2018,09,23,6,282.8
2018,09,23,7,282.1
2018,09,24,0,281.0
2018,09,24,1,279.3
2018,09,24,2,280.7
2018,09,24,3,283.0
2018,09,24,4,283.1
2018,09,24,5,283.0
2018,09,24,6,283.2
2018,09,24,7,283.6
2018,09,25,0,283.1
2018,09,25,1,281.8
2018,09,25,2,281.6
2018,09,25,3,282.1
2018,09,25,4,282.4
2018,09,25,5,282.3
2018,09,25,6,282.7
2018,09,25,7,282.0
2018,09,26,0,284.1
2018,09,26,1,282.0
2018,09,26,2,281.8
2018,09,26,3,282.1
2018,09,26,4,282.3
2018,09,26,5,282.9
2018,09,26,6,283.0
2018,09,26,7,283.4
2018,09,27,0,283.6
2018,09,27,1,282.8
2018,09,27,2,282.0
2018,09,27,3,281.9
2018,09,27,4,283.0
2018,09,27,5,283.3
2018,09,27,6,283.0
2018,09,27,7,282.3
2018,09,28,0,282.4
2018,09,28,1,282.2
2018,09,28,2,281.5
2018,09,28,3,281.7
2018,09,28,4,282.0
2018,09,28,5,282.1
2018,09,28,6,281.9
2018,09,28,7,280.5
2018,09,29,0,280.7
2018,09,29,1,280.8
2018,09,29,2,280.7
2018,09,29,3,280.7
2018,09,29,4,281.2
2018,09,29,5,281.4
2018,09,29,6,281.3
2018,09,29,7,280.6
2018,09,30,0,280.5
2018,09,30,1,280.6
2018,09,30,2,281.0
2018,09,30,3,281.0
2018,09,30,4,280.8
2018,09,30,5,280.8
2018,09,30,6,280.4
2018,09,30,7,280.5
2018,09,1,0,280.7
2018,09,1,1,280.9
2018,09,1,2,280.7
2018,09,1,3,280.7
2018,09,1,4,280.9
2018,09,1,5,281.0
2018,09,1,6,280.4
2018,09,1,7,279.9
2018,09,2,0,280.1
2018,09,2,1,280.6
2018,09,2,2,280.0
2018,09,2,3,279.9
2018,09,2,4,280.4
2018,09,2,5,280.0
2018,09,2,6,279.2
2018,09,2,7,279.3
2018,09,3,0,279.5
2018,09,3,1,279.7
2018,09,3,2,281.8
2018,09,3,3,281.8
2018,09,3,4,281.1
2018,09,3,5,281.2
2018,09,3,6,281.3
2018,09,3,7,281.0
2018,09,4,0,281.4
2018,09,4,1,281.0
2018,09,4,2,280.8
2018,09,4,3,281.2
2018,09,4,4,281.5
2018,09,4,5,281.4
2018,09,4,6,281.4
2018,09,4,7,281.6
2018,09,5,0,281.5
2018,09,5,1,281.2
2018,09,5,2,281.3
2018,09,5,3,281.5
2018,09,5,4,281.8
2018,09,5,5,281.8
2018,09,5,6,281.1
2018,09,5,7,281.5
2018,09,6,0,281.8
2018,09,6,1,281.8
2018,09,6,2,281.6
2018,09,6,3,281.3
2018,09,6,4,281.7
2018,09,6,5,281.2
2018,09,6,6,281.0
2018,09,6,7,280.6
2018,09,7,0,281.7
2018,09,7,1,281.2
2018,09,7,2,281.1
2018,09,7,3,281.1
2018,09,7,4,281.4
2018,09,7,5,282.1
2018,09,7,6,281.8
2018,09,7,7,281.1
2018,09,8,0,281.7
2018,09,8,1,282.0
2018,09,8,2,282.1
2018,09,8,3,281.8
2018,09,8,4,281.9
2018,09,8,5,282.1
2018,09,8,6,280.9
2018,09,8,7,282.1
2018,09,9,0,283.3
2018,09,9,1,283.2
2018,09,9,2,282.9
2018,09,9,3,282.5
2018,09,9,4,282.5
2018,09,9,5,282.4
2018,09,9,6,280.8
2018,09,9,7,280.6
2018,09,10,0,281.0
2018,09,10,1,281.4
2018,09,10,2,281.2
2018,09,10,3,281.2
2018,09,10,4,281.5
2018,09,10,5,281.8
2018,09,10,6,281.1
2018,09,10,7,280.8
2018,09,11,0,280.4
2018,09,11,1,281.0
2018,09,11,2,281.0
2018,09,11,3,281.0
2018,09,11,4,281.1
2018,09,11,5,281.5
2018,09,11,6,282.8
2018,09,11,7,281.6
2018,09,12,0,281.4
2018,09,12,1,281.8
2018,09,12,2,281.5
2018,09,12,3,281.3
2018,09,12,4,281.8
2018,09,12,5,282.1
2018,09,12,6,280.9
2018,09,12,7,281.5
2018,09,13,0,282.4
2018,09,13,1,282.5
2018,09,13,2,282.2
2018,09,13,3,282.1
2018,09,13,4,282.5
2018,09,13,5,282.9
2018,09,13,6,283.2
2018,09,13,7,282.3
2018,09,14,0,282.8
2018,09,14,1,283.3
2018,09,14,2,282.8
2018,09,14,3,283.1
2018,09,14,4,282.4
2018,09,14,5,282.2
2018,09,14,6,282.4
2018,09,14,7,282.5
2018,09,15,0,283.0
2018,09,15,1,283.2
2018,09,15,2,282.5
2018,09,15,3,282.1
2018,09,15,4,281.8
2018,09,15,5,281.7
2018,09,15,6,281.3
2018,09,15,7,281.6
2018,09,16,0,281.8
2018,09,16,1,282.3
2018,09,16,2,282.4
2018,09,16,3,281.5
2018,09,16,4,281.3
2018,09,16,5,281.4
2018,09,16,6,281.0
2018,09,16,7,281.7
2018,09,17,0,281.8
2018,09,17,1,281.5
2018,09,17,2,280.9
2018,09,17,3,280.6
2018,09,17,4,280.7
2018,09,17,5,281.1
2018,09,17,6,281.1
2018,09,17,7,281.8
2018,09,18,0,282.3
2018,09,18,1,282.4
2018,09,18,2,282.1
2018,09,18,3,281.9
2018,09,18,4,282.2
2018,09,18,5,282.4
2018,09,18,6,282.5
2018,09,18,7,282.9
2018,09,19,0,282.2
2018,09,19,1,281.8
2018,09,19,2,281.5
2018,09,19,3,282.0
2018,09,19,4,282.3
2018,09,19,5,281.4
2018,09,19,6,281.2
2018,09,19,7,281.1
2018,09,20,0,281.1
2018,09,20,1,281.6
2018,09,20,2,281.1
2018,09,20,3,280.2
2018,09,20,4,280.7
2018,09,20,5,280.7
2018,09,20,6,280.6
2018,09,20,7,281.4
2018,09,21,0,281.5
2018,09,21,1,281.4
2018,09,21,2,281.1
2018,09,21,3,283.0
2018,09,21,4,283.3
2018,09,21,5,282.9
2018,09,21,6,282.2
2018,09,21,7,281.7
2018,09,22,0,284.0
2018,09,22,1,282.7
2018,09,22,2,282.3
2018,09,22,3,282.0
2018,09,22,4,282.2
2018,09,22,5,282.4
2018,09,22,6,281.6
2018,09,22,7,282.4
2018,09,23,0,282.9
2018,09,23,1,283.1
2018,09,23,2,281.7
2018,09,23,3,281.7
2018,09,23,4,282.0
2018,09,23,5,282.4
2018,09,23,6,282.0
2018,09,23,7,281.9
2018,09,24,0,282.1
2018,09,24,1,281.9
2018,09,24,2,281.3
2018,09,24,3,281.4
2018,09,24,4,281.3
2018,09,24,5,280.5
2018,09,24,6,280.3
2018,09,24,7,280.1
2018,09,25,0,279.8
2018,09,25,1,281.2
2018,09,25,2,281.3
2018,09,25,3,281.3
2018,09,25,4,281.7
2018,09,25,5,281.8
2018,09,25,6,281.7
2018,09,25,7,282.2
2018,09,26,0,282.4
2018,09,26,1,282.0
2018,09,26,2,281.3
2018,09,26,3,281.5
2018,09,26,4,282.2
2018,09,26,5,282.3
2018,09,26,6,282.0
2018,09,26,7,282.2
2018,09,27,0,282.5
2018,09,27,1,282.8
2018,09,27,2,283.5
2018,09,27,3,282.3
2018,09,27,4,282.2
2018,09,27,5,282.7
2018,09,27,6,282.7
2018,09,27,7,282.9
2018,09,28,0,282.5
2018,09,28,1,281.6
2018,09,28,2,282.2
2018,09,28,3,283.2
2018,09,28,4,283.0
2018,09,28,5,283.0
2018,09,28,6,282.6
2018,09,28,7,281.6
2018,09,29,0,282.1
2018,09,29,1,282.6
2018,09,29,2,282.5
2018,09,29,3,281.9
2018,09,29,4,282.0
2018,09,29,5,281.7
2018,09,29,6,281.3
2018,09,29,7,282.1
2018,09,30,0,281.3
2018,09,30,1,281.7
2018,09,30,2,281.6
2018,09,30,3,281.6
2018,09,30,4,281.4
2018,09,30,5,281.2
2018,09,30,6,281.3
2018,09,30,7,281.0
2018,09,31,0,281.3
2018,09,31,1,282.0
2018,09,31,2,282.6
2018,09,31,3,284.4
2018,09,31,4,284.5
2018,09,31,5,284.5
2018,09,31,6,284.9
2018,09,31,7,284.6
2018,09,1,0,285.1
2018,09,1,1,283.0
2018,09,1,2,283.5
2018,09,1,3,283.0
2018,09,1,4,283.1
2018,09,1,5,283.3
2018,09,1,6,282.7
2018,09,1,7,282.3
2018,09,2,0,281.9
2018,09,2,1,281.9
2018,09,2,2,282.4
2018,09,2,3,282.5
2018,09,2,4,282.5
2018,09,2,5,282.9
2018,09,2,6,282.3
2018,09,2,7,281.6
2018,09,3,0,282.5
2018,09,3,1,282.2
2018,09,3,2,281.6
2018,09,3,3,281.7
2018,09,3,4,282.1
2018,09,3,5,282.4
2018,09,3,6,282.9
2018,09,3,7,282.3
2018,09,4,0,282.2
2018,09,4,1,282.5
2018,09,4,2,282.4
2018,09,4,3,282.2
2018,09,4,4,282.3
2018,09,4,5,283.0
2018,09,4,6,282.6
2018,09,4,7,280.5
2018,09,5,0,280.8
2018,09,5,1,281.9
2018,09,5,2,282.2
2018,09,5,3,279.1
2018,09,5,4,280.4
2018,09,5,5,279.7
2018,09,5,6,279.9
2018,09,5,7,279.7
2018,09,6,0,280.0
2018,09,6,1,280.4
2018,09,6,2,280.4
2018,09,6,3,280.3
2018,09,6,4,280.4
2018,09,6,5,280.3
2018,09,6,6,281.4
2018,09,6,7,282.1
2018,09,7,0,280.5
2018,09,7,1,280.2
2018,09,7,2,280.2
2018,09,7,3,280.4
2018,09,7,4,280.7
2018,09,7,5,280.9
2018,09,7,6,281.1
2018,09,7,7,280.6
2018,09,8,0,281.0
2018,09,8,1,281.5
2018,09,8,2,281.3
2018,09,8,3,280.7
2018,09,8,4,280.2
2018,09,8,5,278.3
2018,09,8,6,278.7
2018,09,8,7,277.5
2018,09,9,0,278.8
2018,09,9,1,278.6
2018,09,9,2,278.0
2018,09,9,3,278.3
2018,09,9,4,278.3
2018,09,9,5,278.7
2018,09,9,6,279.3
2018,09,9,7,279.3
2018,09,10,0,278.9
2018,09,10,1,280.1
2018,09,10,2,279.9
2018,09,10,3,279.6
2018,09,10,4,279.7
2018,09,10,5,279.8
2018,09,10,6,280.2
2018,09,10,7,279.9
2018,09,11,0,280.1
2018,09,11,1,280.0
2018,09,11,2,280.1
2018,09,11,3,280.3
2018,09,11,4,280.9
2018,09,11,5,280.9
2018,09,11,6,280.8
2018,09,11,7,280.4
2018,09,12,0,280.9
2018,09,12,1,280.8
2018,09,12,2,280.2
2018,09,12,3,279.7
2018,09,12,4,280.0
2018,09,12,5,280.4
2018,09,12,6,280.3
2018,09,12,7,280.6
2018,09,13,0,280.8
2018,09,13,1,280.6
2018,09,13,2,280.2
2018,09,13,3,279.7
2018,09,13,4,279.6
2018,09,13,5,280.7
2018,09,13,6,281.9
2018,09,13,7,281.2
2018,09,14,0,281.3
2018,09,14,1,280.7
2018,09,14,2,282.0
2018,09,14,3,281.3
2018,09,14,4,280.2
2018,09,14,5,281.3
2018,09,14,6,282.4
2018,09,14,7,281.8
2018,09,15,0,282.0
2018,09,15,1,282.3
2018,09,15,2,281.9
2018,09,15,3,281.4
2018,09,15,4,281.6
2018,09,15,5,282.0
2018,09,15,6,281.2
2018,09,15,7,281.9
2018,09,16,0,282.4
2018,09,16,1,282.2
2018,09,16,2,282.7
2018,09,16,3,281.9
2018,09,16,4,281.4
2018,09,16,5,281.5
2018,09,16,6,281.3
2018,09,16,7,281.6
2018,09,17,0,282.1
2018,09,17,1,281.8
2018,09,17,2,281.1
2018,09,17,3,281.5
2018,09,17,4,281.2
2018,09,17,5,281.0
2018,09,17,6,280.6
2018,09,17,7,281.2
2018,09,18,0,281.6
2018,09,18,1,280.7
2018,09,18,2,280.4
2018,09,18,3,280.6
2018,09,18,4,281.0
2018,09,18,5,281.3
2018,09,18,6,281.3
2018,09,18,7,280.3
2018,09,19,0,280.9
2018,09,19,1,281.3
2018,09,19,2,280.9
2018,09,19,3,280.3
2018,09,19,4,280.6
2018,09,19,5,281.0
2018,09,19,6,280.9
2018,09,19,7,280.5
2018,09,20,0,280.3
2018,09,20,1,279.3
2018,09,20,2,279.1
2018,09,20,3,279.7
2018,09,20,4,280.0
2018,09,20,5,280.3
2018,09,20,6,280.0
2018,09,20,7,279.5
2018,09,21,0,280.5
2018,09,21,1,280.9
2018,09,21,2,280.1
2018,09,21,3,280.7
2018,09,21,4,280.6
2018,09,21,5,279.9
2018,09,21,6,279.8
2018,09,21,7,279.3
2018,09,22,0,279.0
2018,09,22,1,279.6
2018,09,22,2,279.7
2018,09,22,3,279.3
2018,09,22,4,277.9
2018,09,22,5,277.6
2018,09,22,6,278.0
2018,09,22,7,279.6
2018,09,23,0,279.1
2018,09,23,1,279.3
2018,09,23,2,279.2
2018,09,23,3,279.9
2018,09,23,4,280.3
2018,09,23,5,280.3
2018,09,23,6,279.2
2018,09,23,7,279.9
2018,09,24,0,280.7
2018,09,24,1,281.1
2018,09,24,2,281.3
2018,09,24,3,281.2
2018,09,24,4,281.4
2018,09,24,5,280.9
2018,09,24,6,280.1
2018,09,24,7,278.7
2018,09,25,0,280.2
2018,09,25,1,280.1
2018,09,25,2,279.8
2018,09,25,3,279.7
2018,09,25,4,279.7
2018,09,25,5,279.7
2018,09,25,6,279.4
2018,09,25,7,279.4
2018,09,26,0,280.6
2018,09,26,1,280.6
2018,09,26,2,280.5
2018,09,26,3,280.3
2018,09,26,4,280.5
2018,09,26,5,279.7
2018,09,26,6,279.5
2018,09,26,7,278.8
2018,09,27,0,278.6
2018,09,27,1,279.1
2018,09,27,2,279.6
2018,09,27,3,279.2
2018,09,27,4,279.7
2018,09,27,5,279.2
2018,09,27,6,279.2
2018,09,27,7,278.8
2018,09,28,0,279.6
2018,09,28,1,279.8
2018,09,28,2,279.3
2018,09,28,3,279.7
2018,09,28,4,280.1
2018,09,28,5,280.3
2018,09,28,6,281.6
2018,09,28,7,281.5
2018,09,29,0,281.5
2018,09,29,1,280.2
2018,09,29,2,280.5
2018,09,29,3,280.7
2018,09,29,4,281.0
2018,09,29,5,280.8
2018,09,29,6,281.3
2018,09,29,7,280.8
2018,09,30,0,281.2
2018,09,30,1,281.0
2018,09,30,2,280.6
2018,09,30,3,280.1
2018,09,30,4,280.4
2018,09,30,5,280.9
2018,09,30,6,280.6
2018,09,30,7,280.6
2018,09,1,0,281.2
2018,09,1,1,281.5
2018,09,1,2,281.6
2018,09,1,3,281.2
2018,09,1,4,280.6
2018,09,1,5,280.8
2018,09,1,6,281.7
2018,09,1,7,281.4
2018,09,2,0,281.1
2018,09,2,1,281.3
2018,09,2,2,281.6
2018,09,2,3,281.4
2018,09,2,4,281.7
2018,09,2,5,282.4
2018,09,2,6,282.4
2018,09,2,7,282.6
2018,09,3,0,283.0
2018,09,3,1,282.4
2018,09,3,2,283.1
2018,09,3,3,283.1
2018,09,3,4,282.6
2018,09,3,5,283.0
2018,09,3,6,283.7
2018,09,3,7,282.9
2018,09,4,0,283.4
2018,09,4,1,282.8
2018,09,4,2,282.4
2018,09,4,3,281.8
2018,09,4,4,283.4
2018,09,4,5,283.6
2018,09,4,6,283.9
2018,09,4,7,285.1
2018,09,5,0,285.6
2018,09,5,1,283.6
2018,09,5,2,282.9
2018,09,5,3,283.0
2018,09,5,4,283.3
2018,09,5,5,284.4
2018,09,5,6,284.5
2018,09,5,7,283.0
2018,09,6,0,282.1
2018,09,6,1,282.6
2018,09,6,2,281.9
2018,09,6,3,281.8
2018,09,6,4,282.1
2018,09,6,5,282.2
2018,09,6,6,282.4
2018,09,6,7,281.9
2018,09,7,0,282.2
2018,09,7,1,283.1
2018,09,7,2,283.2
2018,09,7,3,282.4
2018,09,7,4,282.5
2018,09,7,5,282.1
2018,09,7,6,282.7
2018,09,7,7,283.7
2018,09,8,0,282.7
2018,09,8,1,281.6
2018,09,8,2,282.7
2018,09,8,3,280.0
2018,09,8,4,280.4
2018,09,8,5,279.7
2018,09,8,6,279.0
2018,09,8,7,279.3
2018,09,9,0,276.6
2018,09,9,1,277.6
2018,09,9,2,279.6
2018,09,9,3,281.5
2018,09,9,4,281.6
2018,09,9,5,280.9
2018,09,9,6,276.1
2018,09,9,7,275.4
2018,09,10,0,276.7
2018,09,10,1,277.9
2018,09,10,2,278.1
2018,09,10,3,278.5
2018,09,10,4,279.2
2018,09,10,5,279.6
2018,09,10,6,279.9
2018,09,10,7,279.2
2018,09,11,0,279.1
2018,09,11,1,279.3
2018,09,11,2,279.4
2018,09,11,3,279.6
2018,09,11,4,280.3
2018,09,11,5,280.4
2018,09,11,6,280.8
2018,09,11,7,280.8
2018,09,12,0,281.0
2018,09,12,1,280.5
2018,09,12,2,279.4
2018,09,12,3,280.0
2018,09,12,4,281.2
2018,09,12,5,281.8
2018,09,12,6,282.0
2018,09,12,7,282.2
2018,09,13,0,281.7
2018,09,13,1,281.5
2018,09,13,2,281.1
2018,09,13,3,281.7
2018,09,13,4,281.6
2018,09,13,5,281.6
2018,09,13,6,281.0
2018,09,13,7,281.2
2018,09,14,0,282.0
2018,09,14,1,282.5
2018,09,14,2,282.4
2018,09,14,3,282.1
2018,09,14,4,281.7
2018,09,14,5,281.7
2018,09,14,6,282.6
2018,09,14,7,283.1
2018,09,15,0,282.8
2018,09,15,1,282.4
2018,09,15,2,282.0
2018,09,15,3,281.9
2018,09,15,4,282.3
2018,09,15,5,282.5
2018,09,15,6,282.6
2018,09,15,7,283.5
2018,09,16,0,284.0
2018,09,16,1,282.1
2018,09,16,2,281.4
2018,09,16,3,281.5
2018,09,16,4,283.2
2018,09,16,5,283.9
2018,09,16,6,284.0
2018,09,16,7,284.9
2018,09,17,0,284.4
2018,09,17,1,282.5
2018,09,17,2,281.9
2018,09,17,3,281.7
2018,09,17,4,282.3
2018,09,17,5,283.1
2018,09,17,6,284.1
2018,09,17,7,283.8
2018,09,18,0,284.2
2018,09,18,1,283.2
2018,09,18,2,282.9
2018,09,18,3,282.9
2018,09,18,4,283.3
2018,09,18,5,285.1
2018,09,18,6,284.4
2018,09,18,7,281.2
2018,09,19,0,282.7
2018,09,19,1,282.8
2018,09,19,2,282.2
2018,09,19,3,282.6
2018,09,19,4,283.8
2018,09,19,5,283.6
2018,09,19,6,283.5
2018,09,19,7,284.7
2018,09,20,0,285.0
2018,09,20,1,284.7
2018,09,20,2,284.4
2018,09,20,3,284.7
2018,09,20,4,285.1
2018,09,20,5,285.2
2018,09,20,6,283.8
2018,09,20,7,284.6
2018,09,21,0,284.4
2018,09,21,1,284.3
2018,09,21,2,284.1
2018,09,21,3,284.2
2018,09,21,4,284.2
2018,09,21,5,284.0
2018,09,21,6,283.6
2018,09,21,7,283.9
2018,09,22,0,284.3
2018,09,22,1,284.5
2018,09,22,2,284.3
2018,09,22,3,284.1
2018,09,22,4,284.8
2018,09,22,5,284.0
2018,09,22,6,283.5
2018,09,22,7,283.7
2018,09,23,0,284.0
2018,09,23,1,284.1
2018,09,23,2,283.9
2018,09,23,3,284.4
2018,09,23,4,284.4
2018,09,23,5,283.5
2018,09,23,6,282.8
2018,09,23,7,283.1
2018,09,24,0,283.4
2018,09,24,1,283.6
2018,09,24,2,283.1
2018,09,24,3,282.8
2018,09,24,4,282.9
2018,09,24,5,282.3
2018,09,24,6,282.6
2018,09,24,7,282.9
2018,09,25,0,282.9
2018,09,25,1,283.0
2018,09,25,2,281.6
2018,09,25,3,282.1
2018,09,25,4,282.6
2018,09,25,5,283.3
2018,09,25,6,282.2
2018,09,25,7,281.9
2018,09,26,0,282.0
2018,09,26,1,282.3
2018,09,26,2,282.4
2018,09,26,3,282.2
2018,09,26,4,282.6
2018,09,26,5,282.7
2018,09,26,6,282.6
2018,09,26,7,281.9
2018,09,27,0,282.0
2018,09,27,1,282.2
2018,09,27,2,282.1
2018,09,27,3,281.7
2018,09,27,4,282.2
2018,09,27,5,282.5
2018,09,27,6,282.3
2018,09,27,7,282.2
2018,09,28,0,281.5
2018,09,28,1,281.3
2018,09,28,2,280.8
2018,09,28,3,281.1
2018,09,28,4,281.5
2018,09,28,5,280.7
2018,09,28,6,281.4
2018,09,28,7,282.5
2018,09,29,0,281.4
2018,09,29,1,281.0
2018,09,29,2,281.0
2018,09,29,3,280.2
2018,09,29,4,282.4
2018,09,29,5,282.9
2018,09,29,6,282.0
2018,09,29,7,282.9
2018,09,30,0,282.8
2018,09,30,1,282.5
2018,09,30,2,281.2
2018,09,30,3,281.7
2018,09,30,4,281.5
2018,09,30,5,281.8
2018,09,30,6,282.8
2018,09,30,7,282.7
2018,09,31,0,283.0
2018,09,31,1,282.8
2018,09,31,2,282.9
2018,09,31,3,282.0
2018,09,31,4,281.2
2018,09,31,5,281.3
2018,09,31,6,282.3
2018,09,31,7,282.5
2019,09,1,0,282.2
2019,09,1,1,282.1
2019,09,1,2,281.4
2019,09,1,3,281.8
2019,09,1,4,282.1
2019,09,1,5,282.0
2019,09,1,6,281.9
2019,09,1,7,282.3
