####################################################################################################
# Month: 03Mar                                                                                     #
# Station: /n/holyscratch01/doeleman_lab/freemanmd/am_output/BAN                                   #
# Columns are: year    month   day     segment         PWV (mm)                                    #
####################################################################################################
year,month,day,segment,PWV
2009,03,1,0,2.27237
2009,03,1,1,1.79748
2009,03,1,2,1.67578
2009,03,1,3,1.45368
2009,03,1,4,1.25812
2009,03,1,5,1.18329
2009,03,1,6,1.1551
2009,03,1,7,1.07038
2009,03,2,0,1.02881
2009,03,2,1,0.908592
2009,03,2,2,0.8323400000000001
2009,03,2,3,0.8113640000000001
2009,03,2,4,0.8482390000000001
2009,03,2,5,0.867005
2009,03,2,6,0.850481
2009,03,2,7,0.804462
2009,03,3,0,0.791369
2009,03,3,1,0.79976
2009,03,3,2,0.804671
2009,03,3,3,0.961059
2009,03,3,4,1.32835
2009,03,3,5,1.4496900000000001
2009,03,3,6,1.51469
2009,03,3,7,1.56852
2009,03,4,0,1.47823
2009,03,4,1,1.71444
2009,03,4,2,1.2368800000000002
2009,03,4,3,1.16168
2009,03,4,4,1.42435
2009,03,4,5,1.77535
2009,03,4,6,2.5576999999999996
2009,03,4,7,3.17915
2009,03,5,0,4.0759
2009,03,5,1,4.593
2009,03,5,2,4.18023
2009,03,5,3,4.28449
2009,03,5,4,4.389270000000001
2009,03,5,5,4.33583
2009,03,5,6,4.03861
2009,03,5,7,3.3074299999999996
2009,03,6,0,2.71292
2009,03,6,1,2.58547
2009,03,6,2,1.54352
2009,03,6,3,1.2455999999999998
2009,03,6,4,1.1220999999999999
2009,03,6,5,1.0044
2009,03,6,6,1.03176
2009,03,6,7,1.17603
2009,03,7,0,1.51951
2009,03,7,1,2.44936
2009,03,7,2,2.93898
2009,03,7,3,3.24646
2009,03,7,4,4.11122
2009,03,7,5,3.46616
2009,03,7,6,3.25047
2009,03,7,7,2.71742
2009,03,8,0,3.3479099999999997
2009,03,8,1,3.69502
2009,03,8,2,4.37008
2009,03,8,3,4.50079
2009,03,8,4,4.04881
2009,03,8,5,3.5070799999999998
2009,03,8,6,2.03245
2009,03,8,7,1.02409
2009,03,9,0,0.644788
2009,03,9,1,0.539489
2009,03,9,2,0.8715539999999999
2009,03,9,3,1.32225
2009,03,9,4,2.4483800000000002
2009,03,9,5,3.23062
2009,03,9,6,3.35602
2009,03,9,7,2.6869
2009,03,10,0,2.8430500000000003
2009,03,10,1,2.98366
2009,03,10,2,3.31725
2009,03,10,3,3.20633
2009,03,10,4,3.2530799999999997
2009,03,10,5,3.14085
2009,03,10,6,2.8978200000000003
2009,03,10,7,2.39048
2009,03,11,0,1.9750999999999999
2009,03,11,1,1.91094
2009,03,11,2,2.11336
2009,03,11,3,3.6669
2009,03,11,4,4.582529999999999
2009,03,11,5,3.73725
2009,03,11,6,3.02596
2009,03,11,7,2.66919
2009,03,12,0,2.64119
2009,03,12,1,2.18287
2009,03,12,2,1.91816
2009,03,12,3,2.27343
2009,03,12,4,3.0830300000000004
2009,03,12,5,3.9070500000000004
2009,03,12,6,4.86745
2009,03,12,7,6.38642
2009,03,13,0,7.02933
2009,03,13,1,5.490939999999999
2009,03,13,2,5.2226099999999995
2009,03,13,3,3.61613
2009,03,13,4,2.71483
2009,03,13,5,2.97779
2009,03,13,6,3.53511
2009,03,13,7,3.72492
2009,03,14,0,4.02134
2009,03,14,1,4.7836300000000005
2009,03,14,2,5.18744
2009,03,14,3,5.87053
2009,03,14,4,6.37383
2009,03,14,5,6.47451
2009,03,14,6,6.28923
2009,03,14,7,6.28899
2009,03,15,0,7.04094
2009,03,15,1,6.9037299999999995
2009,03,15,2,6.92134
2009,03,15,3,5.55948
2009,03,15,4,3.97056
2009,03,15,5,3.44141
2009,03,15,6,3.80473
2009,03,15,7,2.6743200000000003
2009,03,16,0,2.1505300000000003
2009,03,16,1,2.86747
2009,03,16,2,3.96677
2009,03,16,3,2.91673
2009,03,16,4,3.68641
2009,03,16,5,2.80907
2009,03,16,6,3.0936500000000002
2009,03,16,7,2.26023
2009,03,17,0,2.5237800000000004
2009,03,17,1,2.40776
2009,03,17,2,2.39013
2009,03,17,3,2.03168
2009,03,17,4,3.1197199999999996
2009,03,17,5,3.61276
2009,03,17,6,3.98425
2009,03,17,7,4.372649999999999
2009,03,18,0,2.30437
2009,03,18,1,2.0548699999999998
2009,03,18,2,1.37768
2009,03,18,3,1.1179400000000002
2009,03,18,4,1.3743299999999998
2009,03,18,5,1.10236
2009,03,18,6,0.973851
2009,03,18,7,1.0593800000000002
2009,03,19,0,0.8952619999999999
2009,03,19,1,0.7565660000000001
2009,03,19,2,0.6827580000000001
2009,03,19,3,0.760893
2009,03,19,4,0.884833
2009,03,19,5,0.8914070000000001
2009,03,19,6,0.642408
2009,03,19,7,1.39642
2009,03,20,0,1.43497
2009,03,20,1,1.60192
2009,03,20,2,1.46967
2009,03,20,3,1.0751199999999999
2009,03,20,4,0.963357
2009,03,20,5,1.2338699999999998
2009,03,20,6,1.41477
2009,03,20,7,1.3642699999999999
2009,03,21,0,1.2598
2009,03,21,1,1.40148
2009,03,21,2,1.6511099999999999
2009,03,21,3,1.67297
2009,03,21,4,1.7013900000000002
2009,03,21,5,2.27723
2009,03,21,6,2.67575
2009,03,21,7,3.67054
2009,03,22,0,4.93928
2009,03,22,1,3.29208
2009,03,22,2,2.08977
2009,03,22,3,1.8876600000000001
2009,03,22,4,1.71296
2009,03,22,5,1.49481
2009,03,22,6,1.27268
2009,03,22,7,1.11669
2009,03,23,0,1.00792
2009,03,23,1,0.919628
2009,03,23,2,0.847047
2009,03,23,3,0.7955829999999999
2009,03,23,4,0.793524
2009,03,23,5,0.870484
2009,03,23,6,0.8635
2009,03,23,7,0.838237
2009,03,24,0,0.5880059999999999
2009,03,24,1,0.46164
2009,03,24,2,0.372273
2009,03,24,3,0.402038
2009,03,24,4,0.446051
2009,03,24,5,0.546359
2009,03,24,6,0.700214
2009,03,24,7,0.893368
2009,03,25,0,0.9913630000000001
2009,03,25,1,1.08179
2009,03,25,2,0.71069
2009,03,25,3,0.853406
2009,03,25,4,1.26172
2009,03,25,5,1.24956
2009,03,25,6,1.0587
2009,03,25,7,0.992914
2009,03,26,0,0.823665
2009,03,26,1,0.737659
2009,03,26,2,0.686801
2009,03,26,3,0.7960430000000001
2009,03,26,4,0.8416849999999999
2009,03,26,5,0.670775
2009,03,26,6,1.1047799999999999
2009,03,26,7,1.73799
2009,03,27,0,3.05197
2009,03,27,1,4.69891
2009,03,27,2,5.33335
2009,03,27,3,5.28266
2009,03,27,4,4.02789
2009,03,27,5,3.45721
2009,03,27,6,3.69845
2009,03,27,7,3.52828
2009,03,28,0,3.36748
2009,03,28,1,3.27753
2009,03,28,2,3.13521
2009,03,28,3,2.44353
2009,03,28,4,1.80784
2009,03,28,5,1.77225
2009,03,28,6,1.86704
2009,03,28,7,1.54605
2009,03,29,0,1.4591500000000002
2009,03,29,1,1.83416
2009,03,29,2,2.81499
2009,03,29,3,3.98792
2009,03,29,4,4.5880600000000005
2009,03,29,5,4.96089
2009,03,29,6,5.13573
2009,03,29,7,5.78113
2009,03,30,0,6.29733
2009,03,30,1,6.59881
2009,03,30,2,5.4966
2009,03,30,3,3.5476
2009,03,30,4,3.24094
2009,03,30,5,3.5867199999999997
2009,03,30,6,4.971430000000001
2009,03,30,7,4.88002
2009,03,31,0,3.6272399999999996
2009,03,31,1,1.15903
2009,03,31,2,1.25393
2009,03,31,3,1.26772
2009,03,31,4,0.989344
2009,03,31,5,1.38596
2009,03,31,6,1.60315
2009,03,31,7,1.62224
2009,03,1,0,1.34769
2009,03,1,1,1.17535
2009,03,1,2,0.9711879999999999
2009,03,1,3,1.15085
2009,03,1,4,1.3511
2009,03,1,5,1.70325
2009,03,1,6,2.37877
2009,03,1,7,2.9735500000000004
2009,03,2,0,3.2665100000000002
2009,03,2,1,3.90922
2009,03,2,2,4.4611
2009,03,2,3,4.663399999999999
2009,03,2,4,4.823270000000001
2009,03,2,5,4.87645
2009,03,2,6,4.84546
2009,03,2,7,3.95065
2009,03,3,0,2.57744
2009,03,3,1,2.2114000000000003
2009,03,3,2,3.30546
2009,03,3,3,6.04493
2009,03,3,4,6.82359
2009,03,3,5,5.93645
2009,03,3,6,4.6944300000000005
2009,03,3,7,3.76681
2009,03,4,0,2.90895
2009,03,4,1,3.90319
2009,03,4,2,4.924390000000001
2009,03,4,3,3.04942
2009,03,4,4,1.84138
2009,03,4,5,2.8512
2009,03,4,6,2.7934099999999997
2009,03,4,7,3.9485799999999998
2009,03,5,0,4.56159
2009,03,5,1,4.367229999999999
2009,03,5,2,4.45846
2009,03,5,3,4.63612
2009,03,5,4,4.34496
2009,03,5,5,3.8946300000000003
2009,03,5,6,3.77002
2009,03,5,7,3.69271
2009,03,6,0,3.3413600000000003
2009,03,6,1,2.85246
2009,03,6,2,2.76999
2009,03,6,3,2.84706
2009,03,6,4,2.84847
2009,03,6,5,2.72905
2009,03,6,6,2.19909
2009,03,6,7,1.7265899999999998
2009,03,7,0,1.66811
2009,03,7,1,2.1139699999999997
2009,03,7,2,3.20062
2009,03,7,3,3.9690700000000003
2009,03,7,4,4.06029
2009,03,7,5,4.800590000000001
2009,03,7,6,5.21941
2009,03,7,7,5.0852200000000005
2009,03,8,0,5.84088
2009,03,8,1,5.90685
2009,03,8,2,6.0957
2009,03,8,3,5.4881
2009,03,8,4,5.08068
2009,03,8,5,4.895149999999999
2009,03,8,6,4.362520000000001
2009,03,8,7,3.9597399999999996
2009,03,9,0,3.8651999999999997
2009,03,9,1,3.7152800000000004
2009,03,9,2,3.6286199999999997
2009,03,9,3,4.42593
2009,03,9,4,4.38905
2009,03,9,5,4.509930000000001
2009,03,9,6,4.3391
2009,03,9,7,3.99422
2009,03,10,0,2.96706
2009,03,10,1,2.3322399999999996
2009,03,10,2,2.01606
2009,03,10,3,1.87252
2009,03,10,4,1.66074
2009,03,10,5,1.54385
2009,03,10,6,1.31535
2009,03,10,7,1.15595
2009,03,11,0,0.958681
2009,03,11,1,0.8802859999999999
2009,03,11,2,0.871544
2009,03,11,3,0.922819
2009,03,11,4,1.04105
2009,03,11,5,1.475
2009,03,11,6,1.65831
2009,03,11,7,1.56205
2009,03,12,0,0.882218
2009,03,12,1,0.6625030000000001
2009,03,12,2,0.75817
2009,03,12,3,0.7673540000000001
2009,03,12,4,0.865676
2009,03,12,5,0.950491
2009,03,12,6,0.9642329999999999
2009,03,12,7,1.0182
2009,03,13,0,1.09199
2009,03,13,1,1.06026
2009,03,13,2,0.965305
2009,03,13,3,0.923194
2009,03,13,4,0.929242
2009,03,13,5,0.896968
2009,03,13,6,0.636068
2009,03,13,7,0.5732619999999999
2009,03,14,0,0.63005
2009,03,14,1,0.7125670000000001
2009,03,14,2,0.926175
2009,03,14,3,1.11736
2009,03,14,4,1.11745
2009,03,14,5,1.01474
2009,03,14,6,0.907827
2009,03,14,7,0.797508
2009,03,15,0,0.7002039999999999
2009,03,15,1,0.660374
2009,03,15,2,0.625023
2009,03,15,3,0.5992179999999999
2009,03,15,4,0.589831
2009,03,15,5,0.6218790000000001
2009,03,15,6,0.642351
2009,03,15,7,0.7297089999999999
2009,03,16,0,0.890755
2009,03,16,1,1.24061
2009,03,16,2,1.7335699999999998
2009,03,16,3,1.95437
2009,03,16,4,1.6477899999999999
2009,03,16,5,1.49101
2009,03,16,6,1.6961400000000002
2009,03,16,7,1.7340799999999998
2009,03,17,0,2.27275
2009,03,17,1,1.9476300000000002
2009,03,17,2,2.26464
2009,03,17,3,2.9625100000000004
2009,03,17,4,3.68946
2009,03,17,5,4.3300600000000005
2009,03,17,6,4.6743999999999994
2009,03,17,7,4.68067
2009,03,18,0,3.91418
2009,03,18,1,3.34491
2009,03,18,2,2.9160700000000004
2009,03,18,3,1.98253
2009,03,18,4,1.78749
2009,03,18,5,1.8754000000000002
2009,03,18,6,2.25098
2009,03,18,7,2.58155
2009,03,19,0,2.79467
2009,03,19,1,2.5000999999999998
2009,03,19,2,3.0502
2009,03,19,3,3.26912
2009,03,19,4,2.79127
2009,03,19,5,2.2036100000000003
2009,03,19,6,1.91475
2009,03,19,7,2.2422199999999997
2009,03,20,0,2.40125
2009,03,20,1,3.1793400000000003
2009,03,20,2,4.8966199999999995
2009,03,20,3,6.29481
2009,03,20,4,6.64941
2009,03,20,5,5.74137
2009,03,20,6,5.35978
2009,03,20,7,5.4431899999999995
2009,03,21,0,5.595470000000001
2009,03,21,1,5.12591
2009,03,21,2,4.5421000000000005
2009,03,21,3,4.097600000000001
2009,03,21,4,4.1213
2009,03,21,5,4.74195
2009,03,21,6,5.27167
2009,03,21,7,4.738390000000001
2009,03,22,0,3.90206
2009,03,22,1,2.56552
2009,03,22,2,2.3729699999999996
2009,03,22,3,2.5364299999999997
2009,03,22,4,2.54806
2009,03,22,5,2.73218
2009,03,22,6,3.1387199999999997
2009,03,22,7,3.53885
2009,03,23,0,3.72542
2009,03,23,1,4.20363
2009,03,23,2,4.02361
2009,03,23,3,3.8492100000000002
2009,03,23,4,3.45872
2009,03,23,5,3.0967399999999996
2009,03,23,6,2.72783
2009,03,23,7,2.35556
2009,03,24,0,1.9633399999999999
2009,03,24,1,1.54174
2009,03,24,2,1.23113
2009,03,24,3,1.11353
2009,03,24,4,1.10533
2009,03,24,5,0.9461660000000001
2009,03,24,6,0.895884
2009,03,24,7,0.905061
2009,03,25,0,0.861884
2009,03,25,1,0.757591
2009,03,25,2,0.654872
2009,03,25,3,0.563696
2009,03,25,4,0.42667700000000003
2009,03,25,5,0.30784300000000003
2009,03,25,6,0.26295999999999997
2009,03,25,7,0.26110300000000003
2009,03,26,0,0.28713
2009,03,26,1,0.349597
2009,03,26,2,0.448495
2009,03,26,3,0.567584
2009,03,26,4,0.714121
2009,03,26,5,0.922774
2009,03,26,6,1.05495
2009,03,26,7,0.900126
2009,03,27,0,0.98875
2009,03,27,1,1.86766
2009,03,27,2,2.12748
2009,03,27,3,2.5837399999999997
2009,03,27,4,2.63224
2009,03,27,5,2.4427
2009,03,27,6,2.7545300000000004
2009,03,27,7,2.9092
2009,03,28,0,2.91961
2009,03,28,1,2.75129
2009,03,28,2,2.64235
2009,03,28,3,2.5922899999999998
2009,03,28,4,2.16419
2009,03,28,5,1.62201
2009,03,28,6,1.70926
2009,03,28,7,1.49773
2009,03,1,0,1.5560699999999998
2009,03,1,1,1.51068
2009,03,1,2,1.6268099999999999
2009,03,1,3,2.1153299999999997
2009,03,1,4,3.11596
2009,03,1,5,5.16074
2009,03,1,6,6.6748
2009,03,1,7,6.72673
2009,03,2,0,4.86392
2009,03,2,1,2.6479899999999996
2009,03,2,2,3.7539000000000002
2009,03,2,3,4.60896
2009,03,2,4,4.98627
2009,03,2,5,5.00771
2009,03,2,6,5.01828
2009,03,2,7,5.67903
2009,03,3,0,7.03219
2009,03,3,1,6.64053
2009,03,3,2,3.36956
2009,03,3,3,3.1693200000000004
2009,03,3,4,3.5466100000000003
2009,03,3,5,3.68921
2009,03,3,6,3.60879
2009,03,3,7,3.0608299999999997
2009,03,4,0,2.67869
2009,03,4,1,2.69052
2009,03,4,2,2.96104
2009,03,4,3,3.33951
2009,03,4,4,2.7540999999999998
2009,03,4,5,2.8396500000000002
2009,03,4,6,3.4739
2009,03,4,7,3.1908600000000003
2009,03,5,0,2.50117
2009,03,5,1,1.9580799999999998
2009,03,5,2,1.4881900000000001
2009,03,5,3,0.8836609999999999
2009,03,5,4,0.553594
2009,03,5,5,0.599804
2009,03,5,6,0.497733
2009,03,5,7,0.414333
2009,03,6,0,0.508714
2009,03,6,1,0.805249
2009,03,6,2,1.11322
2009,03,6,3,1.8028499999999998
2009,03,6,4,2.65721
2009,03,6,5,4.1094
2009,03,6,6,4.65533
2009,03,6,7,5.91932
2009,03,7,0,5.31333
2009,03,7,1,4.7171899999999996
2009,03,7,2,4.5825
2009,03,7,3,4.551699999999999
2009,03,7,4,3.9898800000000003
2009,03,7,5,2.95241
2009,03,7,6,2.43012
2009,03,7,7,1.9290399999999999
2009,03,8,0,1.55813
2009,03,8,1,1.5529000000000002
2009,03,8,2,1.52025
2009,03,8,3,1.4688800000000002
2009,03,8,4,1.27631
2009,03,8,5,0.905884
2009,03,8,6,0.7286459999999999
2009,03,8,7,0.6365109999999999
2009,03,9,0,0.605125
2009,03,9,1,0.513807
2009,03,9,2,0.44855700000000004
2009,03,9,3,0.411704
2009,03,9,4,0.389309
2009,03,9,5,0.393591
2009,03,9,6,0.39142200000000005
2009,03,9,7,0.381426
2009,03,10,0,0.366131
2009,03,10,1,0.345503
2009,03,10,2,0.340882
2009,03,10,3,0.356952
2009,03,10,4,0.375107
2009,03,10,5,0.394183
2009,03,10,6,0.390462
2009,03,10,7,0.403263
2009,03,11,0,0.41767899999999997
2009,03,11,1,0.484808
2009,03,11,2,0.601201
2009,03,11,3,0.5982569999999999
2009,03,11,4,0.727509
2009,03,11,5,0.887974
2009,03,11,6,1.3564500000000002
2009,03,11,7,2.07592
2009,03,12,0,2.3261
2009,03,12,1,2.5553000000000003
2009,03,12,2,2.82734
2009,03,12,3,3.0012800000000004
2009,03,12,4,2.89189
2009,03,12,5,2.4817
2009,03,12,6,3.00828
2009,03,12,7,4.27355
2009,03,13,0,5.32512
2009,03,13,1,5.77404
2009,03,13,2,4.84474
2009,03,13,3,5.22564
2009,03,13,4,4.35534
2009,03,13,5,3.84144
2009,03,13,6,3.3098
2009,03,13,7,2.219
2009,03,14,0,2.25474
2009,03,14,1,2.70029
2009,03,14,2,2.81759
2009,03,14,3,2.98262
2009,03,14,4,2.9438299999999997
2009,03,14,5,2.78094
2009,03,14,6,2.3167199999999997
2009,03,14,7,1.92198
2009,03,15,0,1.8771
2009,03,15,1,1.7975
2009,03,15,2,2.28029
2009,03,15,3,2.80106
2009,03,15,4,2.84994
2009,03,15,5,2.72658
2009,03,15,6,2.5689
2009,03,15,7,2.55883
2009,03,16,0,2.96
2009,03,16,1,2.76784
2009,03,16,2,1.99779
2009,03,16,3,1.60405
2009,03,16,4,1.4816500000000001
2009,03,16,5,1.4726199999999998
2009,03,16,6,1.64596
2009,03,16,7,1.84228
2009,03,17,0,1.8403399999999999
2009,03,17,1,1.9087
2009,03,17,2,1.93263
2009,03,17,3,1.7342899999999999
2009,03,17,4,1.4735
2009,03,17,5,1.09699
2009,03,17,6,1.12619
2009,03,17,7,1.84657
2009,03,18,0,1.76853
2009,03,18,1,1.3155299999999999
2009,03,18,2,0.944972
2009,03,18,3,1.10883
2009,03,18,4,1.32603
2009,03,18,5,1.5419100000000001
2009,03,18,6,2.0591399999999997
2009,03,18,7,3.49316
2009,03,19,0,2.6101199999999998
2009,03,19,1,3.15789
2009,03,19,2,2.69991
2009,03,19,3,2.66584
2009,03,19,4,2.68912
2009,03,19,5,2.81755
2009,03,19,6,2.96077
2009,03,19,7,3.07673
2009,03,20,0,2.8983600000000003
2009,03,20,1,2.4421500000000003
2009,03,20,2,2.62856
2009,03,20,3,3.48494
2009,03,20,4,3.80863
2009,03,20,5,4.06023
2009,03,20,6,4.12147
2009,03,20,7,4.05234
2009,03,21,0,4.71266
2009,03,21,1,5.38383
2009,03,21,2,5.140899999999999
2009,03,21,3,2.0495799999999997
2009,03,21,4,1.1293900000000001
2009,03,21,5,1.02382
2009,03,21,6,0.979268
2009,03,21,7,0.883301
2009,03,22,0,1.22817
2009,03,22,1,1.58928
2009,03,22,2,2.83707
2009,03,22,3,3.01591
2009,03,22,4,3.10994
2009,03,22,5,2.81681
2009,03,22,6,2.6575
2009,03,22,7,2.75407
2009,03,23,0,2.7100999999999997
2009,03,23,1,2.44773
2009,03,23,2,2.21989
2009,03,23,3,2.18959
2009,03,23,4,2.1825
2009,03,23,5,2.06706
2009,03,23,6,1.98672
2009,03,23,7,2.17206
2009,03,24,0,2.9693400000000003
2009,03,24,1,4.0858
2009,03,24,2,4.25472
2009,03,24,3,4.25069
2009,03,24,4,4.1715
2009,03,24,5,4.15365
2009,03,24,6,4.00044
2009,03,24,7,3.81
2009,03,25,0,3.7963899999999997
2009,03,25,1,3.68973
2009,03,25,2,3.46111
2009,03,25,3,3.3916
2009,03,25,4,3.3230500000000003
2009,03,25,5,3.22634
2009,03,25,6,3.1360300000000003
2009,03,25,7,2.88611
2009,03,26,0,2.6085
2009,03,26,1,2.28832
2009,03,26,2,1.84897
2009,03,26,3,1.76196
2009,03,26,4,1.47529
2009,03,26,5,1.04038
2009,03,26,6,1.4415799999999999
2009,03,26,7,2.51631
2009,03,27,0,4.4583699999999995
2009,03,27,1,5.86343
2009,03,27,2,3.78009
2009,03,27,3,1.82985
2009,03,27,4,1.90434
2009,03,27,5,2.02631
2009,03,27,6,1.9270399999999999
2009,03,27,7,1.96316
2009,03,28,0,1.95378
2009,03,28,1,1.90654
2009,03,28,2,1.94792
2009,03,28,3,2.18158
2009,03,28,4,2.3334099999999998
2009,03,28,5,2.26321
2009,03,28,6,2.1983699999999997
2009,03,28,7,2.1345
2009,03,29,0,2.03484
2009,03,29,1,2.20548
2009,03,29,2,2.26143
2009,03,29,3,2.24889
2009,03,29,4,1.95548
2009,03,29,5,1.69594
2009,03,29,6,1.7180799999999998
2009,03,29,7,1.5001900000000001
2009,03,30,0,0.9735929999999999
2009,03,30,1,1.17429
2009,03,30,2,1.67452
2009,03,30,3,1.48348
2009,03,30,4,3.0254499999999998
2009,03,30,5,2.7291
2009,03,30,6,3.48824
2009,03,30,7,3.9080100000000004
2009,03,31,0,3.55902
2009,03,31,1,2.04525
2009,03,31,2,1.59572
2009,03,31,3,1.3888099999999999
2009,03,31,4,1.85896
2009,03,31,5,1.76556
2009,03,31,6,1.48807
2009,03,31,7,1.49177
2009,03,1,0,1.2007
2009,03,1,1,1.1861199999999998
2009,03,1,2,1.09754
2009,03,1,3,1.04325
2009,03,1,4,1.0635599999999998
2009,03,1,5,1.35049
2009,03,1,6,1.69936
2009,03,1,7,2.03262
2009,03,2,0,2.52783
2009,03,2,1,2.78675
2009,03,2,2,2.79846
2009,03,2,3,2.76501
2009,03,2,4,2.6840900000000003
2009,03,2,5,2.60312
2009,03,2,6,2.56268
2009,03,2,7,2.53579
2009,03,3,0,2.50781
2009,03,3,1,2.47321
2009,03,3,2,2.4442
2009,03,3,3,2.35139
2009,03,3,4,2.3420199999999998
2009,03,3,5,2.43052
2009,03,3,6,2.39398
2009,03,3,7,2.37477
2009,03,4,0,2.40627
2009,03,4,1,2.26322
2009,03,4,2,1.70944
2009,03,4,3,1.09802
2009,03,4,4,1.16897
2009,03,4,5,1.43373
2009,03,4,6,1.61933
2009,03,4,7,1.86647
2009,03,5,0,2.22381
2009,03,5,1,2.84633
2009,03,5,2,3.2662
2009,03,5,3,3.56281
2009,03,5,4,3.99765
2009,03,5,5,4.0375700000000005
2009,03,5,6,4.66184
2009,03,5,7,3.73279
2009,03,6,0,4.12774
2009,03,6,1,5.08291
2009,03,6,2,4.94773
2009,03,6,3,5.084149999999999
2009,03,6,4,3.83581
2009,03,6,5,2.38104
2009,03,6,6,3.31733
2009,03,6,7,4.02353
2009,03,7,0,3.65592
2009,03,7,1,3.00444
2009,03,7,2,2.6538000000000004
2009,03,7,3,2.55035
2009,03,7,4,2.68311
2009,03,7,5,3.46771
2009,03,7,6,4.07604
2009,03,7,7,4.77402
2009,03,8,0,5.13075
2009,03,8,1,5.4091700000000005
2009,03,8,2,5.69342
2009,03,8,3,5.32547
2009,03,8,4,3.80814
2009,03,8,5,2.89416
2009,03,8,6,2.7440300000000004
2009,03,8,7,2.5931100000000002
2009,03,9,0,5.45595
2009,03,9,1,6.323729999999999
2009,03,9,2,6.51046
2009,03,9,3,6.35405
2009,03,9,4,6.08538
2009,03,9,5,5.98376
2009,03,9,6,5.76137
2009,03,9,7,5.39789
2009,03,10,0,5.8213
2009,03,10,1,5.29396
2009,03,10,2,4.9066
2009,03,10,3,5.0743
2009,03,10,4,4.76976
2009,03,10,5,4.19813
2009,03,10,6,3.6854
2009,03,10,7,3.0151399999999997
2009,03,11,0,2.59294
2009,03,11,1,2.3228899999999997
2009,03,11,2,2.19899
2009,03,11,3,1.73725
2009,03,11,4,2.27122
2009,03,11,5,4.286239999999999
2009,03,11,6,3.69208
2009,03,11,7,3.87365
2009,03,12,0,4.92165
2009,03,12,1,5.68597
2009,03,12,2,5.3138000000000005
2009,03,12,3,3.50322
2009,03,12,4,2.54788
2009,03,12,5,2.35292
2009,03,12,6,1.89826
2009,03,12,7,2.6520799999999998
2009,03,13,0,3.3010900000000003
2009,03,13,1,4.48175
2009,03,13,2,5.052449999999999
2009,03,13,3,5.29868
2009,03,13,4,5.36325
2009,03,13,5,5.0813999999999995
2009,03,13,6,4.74236
2009,03,13,7,4.73323
2009,03,14,0,4.47703
2009,03,14,1,3.63715
2009,03,14,2,1.88325
2009,03,14,3,1.58374
2009,03,14,4,1.35816
2009,03,14,5,1.42431
2009,03,14,6,1.4397
2009,03,14,7,2.00165
2009,03,15,0,2.22005
2009,03,15,1,2.18548
2009,03,15,2,2.21243
2009,03,15,3,2.31981
2009,03,15,4,2.5143899999999997
2009,03,15,5,2.7142399999999998
2009,03,15,6,2.4503600000000003
2009,03,15,7,2.3318600000000003
2009,03,16,0,2.30299
2009,03,16,1,2.07003
2009,03,16,2,1.79208
2009,03,16,3,1.60083
2009,03,16,4,1.3397000000000001
2009,03,16,5,0.991402
2009,03,16,6,1.20319
2009,03,16,7,1.9530699999999999
2009,03,17,0,2.44707
2009,03,17,1,2.62326
2009,03,17,2,3.26784
2009,03,17,3,3.91069
2009,03,17,4,3.93629
2009,03,17,5,5.30088
2009,03,17,6,6.41506
2009,03,17,7,6.2961
2009,03,18,0,5.72244
2009,03,18,1,4.43501
2009,03,18,2,3.78257
2009,03,18,3,2.92427
2009,03,18,4,1.8252899999999999
2009,03,18,5,1.46699
2009,03,18,6,1.3723299999999998
2009,03,18,7,2.59196
2009,03,19,0,2.79678
2009,03,19,1,1.66719
2009,03,19,2,1.38973
2009,03,19,3,2.67136
2009,03,19,4,1.9536300000000002
2009,03,19,5,1.696
2009,03,19,6,2.19281
2009,03,19,7,3.7168099999999997
2009,03,20,0,4.77826
2009,03,20,1,5.18595
2009,03,20,2,5.6068299999999995
2009,03,20,3,6.194439999999999
2009,03,20,4,6.49572
2009,03,20,5,6.290970000000001
2009,03,20,6,6.309270000000001
2009,03,20,7,6.47356
2009,03,21,0,6.55789
2009,03,21,1,6.765
2009,03,21,2,7.846970000000001
2009,03,21,3,8.63817
2009,03,21,4,8.515270000000001
2009,03,21,5,8.16459
2009,03,21,6,8.17692
2009,03,21,7,7.233779999999999
2009,03,22,0,6.92584
2009,03,22,1,6.54591
2009,03,22,2,1.8360699999999999
2009,03,22,3,1.2980399999999999
2009,03,22,4,1.61703
2009,03,22,5,1.7430999999999999
2009,03,22,6,2.3215700000000004
2009,03,22,7,2.34269
2009,03,23,0,2.37295
2009,03,23,1,2.3778099999999998
2009,03,23,2,2.21227
2009,03,23,3,1.7277799999999999
2009,03,23,4,2.15895
2009,03,23,5,1.77586
2009,03,23,6,1.50679
2009,03,23,7,1.57737
2009,03,24,0,1.40276
2009,03,24,1,1.3121500000000001
2009,03,24,2,1.1687
2009,03,24,3,1.18279
2009,03,24,4,1.12776
2009,03,24,5,1.36157
2009,03,24,6,2.83931
2009,03,24,7,4.3167
2009,03,25,0,4.8269899999999994
2009,03,25,1,4.870939999999999
2009,03,25,2,4.63941
2009,03,25,3,4.28888
2009,03,25,4,3.84804
2009,03,25,5,3.15568
2009,03,25,6,2.7814699999999997
2009,03,25,7,2.32079
2009,03,26,0,2.75334
2009,03,26,1,2.91391
2009,03,26,2,2.9189499999999997
2009,03,26,3,2.7530300000000003
2009,03,26,4,2.21728
2009,03,26,5,1.55308
2009,03,26,6,1.72591
2009,03,26,7,1.93136
2009,03,27,0,1.79793
2009,03,27,1,1.68489
2009,03,27,2,1.65598
2009,03,27,3,1.7067
2009,03,27,4,1.72971
2009,03,27,5,1.5683900000000002
2009,03,27,6,1.6056700000000002
2009,03,27,7,1.88987
2009,03,28,0,1.90445
2009,03,28,1,1.60263
2009,03,28,2,1.61574
2009,03,28,3,1.70428
2009,03,28,4,1.6563299999999999
2009,03,28,5,1.38035
2009,03,28,6,1.0265799999999998
2009,03,28,7,1.2759800000000001
2009,03,29,0,1.4007
2009,03,29,1,1.10212
2009,03,29,2,0.8674850000000001
2009,03,29,3,0.941288
2009,03,29,4,1.2584000000000002
2009,03,29,5,1.54328
2009,03,29,6,1.98852
2009,03,29,7,3.0003200000000003
2009,03,30,0,4.34711
2009,03,30,1,5.23016
2009,03,30,2,5.393
2009,03,30,3,4.95487
2009,03,30,4,3.5080999999999998
2009,03,30,5,3.1916599999999997
2009,03,30,6,1.9751400000000001
2009,03,30,7,1.99077
2009,03,1,0,2.72284
2009,03,1,1,2.38348
2009,03,1,2,3.57496
2009,03,1,3,5.46905
2009,03,1,4,6.46645
2009,03,1,5,6.7802
2009,03,1,6,6.5511800000000004
2009,03,1,7,6.18702
2009,03,2,0,6.27891
2009,03,2,1,5.61773
2009,03,2,2,4.97613
2009,03,2,3,4.51992
2009,03,2,4,4.23331
2009,03,2,5,4.14735
2009,03,2,6,4.04756
2009,03,2,7,4.49367
2009,03,3,0,4.26705
2009,03,3,1,4.23799
2009,03,3,2,4.65658
2009,03,3,3,4.79463
2009,03,3,4,4.60991
2009,03,3,5,4.39121
2009,03,3,6,3.92715
2009,03,3,7,4.1908900000000004
2009,03,4,0,6.42795
2009,03,4,1,7.42705
2009,03,4,2,6.5886499999999995
2009,03,4,3,5.4943800000000005
2009,03,4,4,3.27068
2009,03,4,5,1.84275
2009,03,4,6,1.73239
2009,03,4,7,2.74244
2009,03,5,0,2.9596199999999997
2009,03,5,1,3.51994
2009,03,5,2,4.5363999999999995
2009,03,5,3,5.3222700000000005
2009,03,5,4,5.27008
2009,03,5,5,5.28433
2009,03,5,6,5.355600000000001
2009,03,5,7,6.22306
2009,03,6,0,6.77831
2009,03,6,1,7.44041
2009,03,6,2,7.583270000000001
2009,03,6,3,6.95862
2009,03,6,4,6.63356
2009,03,6,5,6.69328
2009,03,6,6,6.8787
2009,03,6,7,6.28206
2009,03,7,0,5.765479999999999
2009,03,7,1,5.60634
2009,03,7,2,5.57236
2009,03,7,3,5.63709
2009,03,7,4,5.42707
2009,03,7,5,5.11208
2009,03,7,6,5.0472399999999995
2009,03,7,7,5.3156300000000005
2009,03,8,0,5.45294
2009,03,8,1,5.63966
2009,03,8,2,5.5537600000000005
2009,03,8,3,5.143050000000001
2009,03,8,4,4.25706
2009,03,8,5,3.43871
2009,03,8,6,4.396520000000001
2009,03,8,7,5.21051
2009,03,9,0,5.43733
2009,03,9,1,5.366020000000001
2009,03,9,2,5.140569999999999
2009,03,9,3,4.90583
2009,03,9,4,4.620979999999999
2009,03,9,5,4.37594
2009,03,9,6,4.30375
2009,03,9,7,5.07875
2009,03,10,0,5.23616
2009,03,10,1,5.00384
2009,03,10,2,4.9308000000000005
2009,03,10,3,3.86089
2009,03,10,4,3.40784
2009,03,10,5,3.34084
2009,03,10,6,3.9036
2009,03,10,7,4.71229
2009,03,11,0,4.76121
2009,03,11,1,3.82922
2009,03,11,2,3.7406599999999997
2009,03,11,3,3.83343
2009,03,11,4,4.27919
2009,03,11,5,4.79579
2009,03,11,6,5.32568
2009,03,11,7,5.69967
2009,03,12,0,6.28679
2009,03,12,1,7.34876
2009,03,12,2,7.18489
2009,03,12,3,5.4046899999999996
2009,03,12,4,5.45538
2009,03,12,5,5.08095
2009,03,12,6,4.52608
2009,03,12,7,3.7278000000000002
2009,03,13,0,2.96079
2009,03,13,1,2.9935
2009,03,13,2,2.93992
2009,03,13,3,2.36585
2009,03,13,4,2.4478899999999997
2009,03,13,5,2.71791
2009,03,13,6,3.12329
2009,03,13,7,3.36932
2009,03,14,0,3.59276
2009,03,14,1,3.73677
2009,03,14,2,3.5913000000000004
2009,03,14,3,2.92525
2009,03,14,4,2.04514
2009,03,14,5,1.48795
2009,03,14,6,2.08871
2009,03,14,7,2.7728099999999998
2009,03,15,0,3.3487600000000004
2009,03,15,1,2.73872
2009,03,15,2,2.56603
2009,03,15,3,2.79977
2009,03,15,4,3.34441
2009,03,15,5,3.19852
2009,03,15,6,3.15232
2009,03,15,7,3.47119
2009,03,16,0,3.98131
2009,03,16,1,4.19338
2009,03,16,2,4.70626
2009,03,16,3,6.42511
2009,03,16,4,6.404310000000001
2009,03,16,5,5.7765200000000005
2009,03,16,6,5.0768699999999995
2009,03,16,7,4.7050600000000005
2009,03,17,0,5.43043
2009,03,17,1,7.39109
2009,03,17,2,8.48481
2009,03,17,3,8.13992
2009,03,17,4,8.48039
2009,03,17,5,6.3793
2009,03,17,6,4.65203
2009,03,17,7,3.93364
2009,03,18,0,3.92877
2009,03,18,1,4.47455
2009,03,18,2,4.57984
2009,03,18,3,3.9555599999999997
2009,03,18,4,3.6659
2009,03,18,5,3.52724
2009,03,18,6,3.59327
2009,03,18,7,3.7553
2009,03,19,0,3.81031
2009,03,19,1,3.72524
2009,03,19,2,4.17717
2009,03,19,3,5.3390200000000005
2009,03,19,4,5.89205
2009,03,19,5,5.72937
2009,03,19,6,5.35769
2009,03,19,7,4.92755
2009,03,20,0,4.61104
2009,03,20,1,4.1306899999999995
2009,03,20,2,3.50818
2009,03,20,3,3.51122
2009,03,20,4,3.83796
2009,03,20,5,3.92567
2009,03,20,6,3.8943499999999998
2009,03,20,7,4.00026
2009,03,21,0,4.27382
2009,03,21,1,4.86756
2009,03,21,2,4.71965
2009,03,21,3,3.56355
2009,03,21,4,3.07333
2009,03,21,5,1.8374300000000001
2009,03,21,6,1.34894
2009,03,21,7,2.01126
2009,03,22,0,2.32816
2009,03,22,1,2.53425
2009,03,22,2,2.6415300000000004
2009,03,22,3,2.63138
2009,03,22,4,2.49885
2009,03,22,5,2.31404
2009,03,22,6,2.33563
2009,03,22,7,2.7748600000000003
2009,03,23,0,3.05926
2009,03,23,1,3.14579
2009,03,23,2,3.1817800000000003
2009,03,23,3,3.4430300000000003
2009,03,23,4,3.67938
2009,03,23,5,4.0124699999999995
2009,03,23,6,4.3551400000000005
2009,03,23,7,5.1611199999999995
2009,03,24,0,6.4317
2009,03,24,1,7.1923
2009,03,24,2,6.40499
2009,03,24,3,5.69023
2009,03,24,4,3.7071300000000003
2009,03,24,5,4.11629
2009,03,24,6,4.8128
2009,03,24,7,6.34963
2009,03,25,0,7.10436
2009,03,25,1,6.51762
2009,03,25,2,5.8463
2009,03,25,3,5.47741
2009,03,25,4,5.52092
2009,03,25,5,5.56166
2009,03,25,6,5.39553
2009,03,25,7,5.941140000000001
2009,03,26,0,6.13349
2009,03,26,1,6.4747200000000005
2009,03,26,2,7.16258
2009,03,26,3,7.15481
2009,03,26,4,7.57934
2009,03,26,5,8.07606
2009,03,26,6,9.236930000000001
2009,03,26,7,9.14544
2009,03,27,0,9.34343
2009,03,27,1,8.71056
2009,03,27,2,5.01274
2009,03,27,3,2.94959
2009,03,27,4,3.37542
2009,03,27,5,3.7567199999999996
2009,03,27,6,4.68649
2009,03,27,7,5.57788
2009,03,28,0,5.7799
2009,03,28,1,6.17498
2009,03,28,2,6.151560000000001
2009,03,28,3,5.74713
2009,03,28,4,5.77888
2009,03,28,5,2.9047899999999998
2009,03,28,6,1.99976
2009,03,28,7,2.6772199999999997
2009,03,29,0,3.38544
2009,03,29,1,4.00775
2009,03,29,2,5.07371
2009,03,29,3,6.69937
2009,03,29,4,8.053840000000001
2009,03,29,5,8.92059
2009,03,29,6,7.49272
2009,03,29,7,6.8892299999999995
2009,03,30,0,10.7787
2009,03,30,1,13.8055
2009,03,30,2,12.223
2009,03,30,3,6.33429
2009,03,30,4,1.42522
2009,03,30,5,1.09999
2009,03,30,6,2.5681100000000003
2009,03,30,7,3.74955
2009,03,31,0,4.2033000000000005
2009,03,31,1,5.051699999999999
2009,03,31,2,6.5191099999999995
2009,03,31,3,6.5146999999999995
2009,03,31,4,4.96926
2009,03,31,5,4.394489999999999
2009,03,31,6,5.14103
2009,03,31,7,5.09861
2009,03,1,0,5.2975
2009,03,1,1,4.5187
2009,03,1,2,4.36418
2009,03,1,3,4.1404
2009,03,1,4,3.67272
2009,03,1,5,2.9515700000000002
2009,03,1,6,2.43166
2009,03,1,7,2.86658
2009,03,2,0,2.5877399999999997
2009,03,2,1,1.91452
2009,03,2,2,1.6832
2009,03,2,3,2.14696
2009,03,2,4,3.1113299999999997
2009,03,2,5,3.69469
2009,03,2,6,4.52438
2009,03,2,7,5.7554799999999995
2009,03,3,0,6.217779999999999
2009,03,3,1,5.94254
2009,03,3,2,6.124140000000001
2009,03,3,3,6.31398
2009,03,3,4,7.254560000000001
2009,03,3,5,7.91554
2009,03,3,6,7.36713
2009,03,3,7,7.28773
2009,03,4,0,9.765450000000001
2009,03,4,1,11.739600000000001
2009,03,4,2,9.26092
2009,03,4,3,8.57262
2009,03,4,4,8.86486
2009,03,4,5,8.11849
2009,03,4,6,7.67191
2009,03,4,7,9.05323
2009,03,5,0,11.6265
2009,03,5,1,9.6675
2009,03,5,2,6.31128
2009,03,5,3,6.07637
2009,03,5,4,6.20277
2009,03,5,5,6.38129
2009,03,5,6,4.9312
2009,03,5,7,3.38301
2009,03,6,0,2.99092
2009,03,6,1,2.2164699999999997
2009,03,6,2,1.6784000000000001
2009,03,6,3,1.71124
2009,03,6,4,2.08113
2009,03,6,5,2.27854
2009,03,6,6,3.03849
2009,03,6,7,3.9298699999999998
2009,03,7,0,4.5330200000000005
2009,03,7,1,4.41107
2009,03,7,2,3.7919899999999997
2009,03,7,3,3.4094
2009,03,7,4,3.28558
2009,03,7,5,3.39027
2009,03,7,6,3.25959
2009,03,7,7,3.0615
2009,03,8,0,3.55711
2009,03,8,1,3.3403400000000003
2009,03,8,2,2.6832
2009,03,8,3,2.34075
2009,03,8,4,2.059
2009,03,8,5,1.9521099999999998
2009,03,8,6,1.9405599999999998
2009,03,8,7,2.9387
2009,03,9,0,3.52749
2009,03,9,1,3.45113
2009,03,9,2,2.6999299999999997
2009,03,9,3,2.20749
2009,03,9,4,1.84561
2009,03,9,5,1.9158499999999998
2009,03,9,6,2.9468400000000003
2009,03,9,7,4.94846
2009,03,10,0,5.20374
2009,03,10,1,4.70022
2009,03,10,2,5.0961099999999995
2009,03,10,3,5.77524
2009,03,10,4,6.32833
2009,03,10,5,5.990060000000001
2009,03,10,6,5.91494
2009,03,10,7,6.72745
2009,03,11,0,7.325270000000001
2009,03,11,1,8.23553
2009,03,11,2,9.972
2009,03,11,3,10.427200000000001
2009,03,11,4,9.85484
2009,03,11,5,10.662600000000001
2009,03,11,6,11.3076
2009,03,11,7,11.0108
2009,03,12,0,9.5092
2009,03,12,1,9.30025
2009,03,12,2,9.76281
2009,03,12,3,8.45439
2009,03,12,4,8.09257
2009,03,12,5,8.18245
2009,03,12,6,7.90306
2009,03,12,7,7.65405
2009,03,13,0,7.09348
2009,03,13,1,7.66791
2009,03,13,2,8.45174
2009,03,13,3,8.82526
2009,03,13,4,7.41273
2009,03,13,5,5.205760000000001
2009,03,13,6,4.91649
2009,03,13,7,4.97983
2009,03,14,0,5.98993
2009,03,14,1,5.59628
2009,03,14,2,5.10756
2009,03,14,3,4.71231
2009,03,14,4,5.8764899999999995
2009,03,14,5,7.0552
2009,03,14,6,7.1871
2009,03,14,7,6.6974
2009,03,15,0,8.43414
2009,03,15,1,8.96935
2009,03,15,2,9.305489999999999
2009,03,15,3,9.681479999999999
2009,03,15,4,8.74517
2009,03,15,5,8.674290000000001
2009,03,15,6,8.82301
2009,03,15,7,9.18314
2009,03,16,0,9.39847
2009,03,16,1,11.238
2009,03,16,2,12.1707
2009,03,16,3,11.2405
2009,03,16,4,8.67267
2009,03,16,5,4.64668
2009,03,16,6,4.26034
2009,03,16,7,6.37589
2009,03,17,0,6.91971
2009,03,17,1,7.52105
2009,03,17,2,7.72604
2009,03,17,3,7.9642100000000005
2009,03,17,4,8.93614
2009,03,17,5,10.3788
2009,03,17,6,11.2753
2009,03,17,7,10.552100000000001
2009,03,18,0,10.8308
2009,03,18,1,9.58832
2009,03,18,2,7.82993
2009,03,18,3,6.9098500000000005
2009,03,18,4,7.0694799999999995
2009,03,18,5,7.10154
2009,03,18,6,6.9671400000000006
2009,03,18,7,7.23269
2009,03,19,0,7.0447299999999995
2009,03,19,1,7.31852
2009,03,19,2,6.90091
2009,03,19,3,6.70538
2009,03,19,4,6.97694
2009,03,19,5,6.85263
2009,03,19,6,6.1393699999999995
2009,03,19,7,5.880739999999999
2009,03,20,0,5.87751
2009,03,20,1,5.8880799999999995
2009,03,20,2,6.33444
2009,03,20,3,7.69684
2009,03,20,4,9.54823
2009,03,20,5,10.2827
2009,03,20,6,9.878530000000001
2009,03,20,7,8.49833
2009,03,21,0,5.91331
2009,03,21,1,5.2603100000000005
2009,03,21,2,5.99241
2009,03,21,3,6.51559
2009,03,21,4,6.48851
2009,03,21,5,6.0190600000000005
2009,03,21,6,8.63493
2009,03,21,7,7.44849
2009,03,22,0,7.90628
2009,03,22,1,7.53424
2009,03,22,2,7.3853
2009,03,22,3,7.22211
2009,03,22,4,7.16578
2009,03,22,5,7.27121
2009,03,22,6,6.56616
2009,03,22,7,5.8101199999999995
2009,03,23,0,5.88759
2009,03,23,1,6.35437
2009,03,23,2,6.22264
2009,03,23,3,6.46009
2009,03,23,4,6.94129
2009,03,23,5,6.58175
2009,03,23,6,6.54302
2009,03,23,7,6.619149999999999
2009,03,24,0,6.87237
2009,03,24,1,7.43475
2009,03,24,2,7.6854700000000005
2009,03,24,3,7.0345200000000006
2009,03,24,4,7.81928
2009,03,24,5,8.61482
2009,03,24,6,8.221309999999999
2009,03,24,7,8.75964
2009,03,25,0,9.80977
2009,03,25,1,12.5286
2009,03,25,2,13.334200000000001
2009,03,25,3,12.27
2009,03,25,4,9.3706
2009,03,25,5,8.47852
2009,03,25,6,7.5158000000000005
2009,03,25,7,8.506530000000001
2009,03,26,0,9.11432
2009,03,26,1,9.3713
2009,03,26,2,10.2331
2009,03,26,3,10.5999
2009,03,26,4,10.087299999999999
2009,03,26,5,9.401110000000001
2009,03,26,6,9.31202
2009,03,26,7,9.66673
2009,03,27,0,10.0836
2009,03,27,1,9.99471
2009,03,27,2,9.62041
2009,03,27,3,8.524569999999999
2009,03,27,4,7.46966
2009,03,27,5,4.09951
2009,03,27,6,6.46217
2009,03,27,7,11.6206
2009,03,28,0,11.1519
2009,03,28,1,6.530939999999999
2009,03,28,2,7.3247
2009,03,28,3,9.507040000000002
2009,03,28,4,11.0044
2009,03,28,5,9.00691
2009,03,28,6,4.7649099999999995
2009,03,28,7,5.34126
2009,03,29,0,6.18874
2009,03,29,1,6.998609999999999
2009,03,29,2,6.92996
2009,03,29,3,6.4213000000000005
2009,03,29,4,5.0971
2009,03,29,5,4.203609999999999
2009,03,29,6,4.60787
2009,03,29,7,5.21932
2009,03,30,0,5.69674
2009,03,30,1,5.591
2009,03,30,2,5.16662
2009,03,30,3,4.55725
2009,03,30,4,4.12068
2009,03,30,5,4.61613
2009,03,30,6,5.77718
2009,03,30,7,7.7221400000000004
2009,03,1,0,7.738300000000001
2009,03,1,1,6.54157
2009,03,1,2,7.16963
2009,03,1,3,7.13948
2009,03,1,4,6.5327
2009,03,1,5,6.5657
2009,03,1,6,6.59464
2009,03,1,7,6.87836
2009,03,2,0,7.04491
2009,03,2,1,6.496149999999999
2009,03,2,2,5.94052
2009,03,2,3,5.245310000000001
2009,03,2,4,4.96412
2009,03,2,5,5.7373199999999995
2009,03,2,6,6.49525
2009,03,2,7,6.40221
2009,03,3,0,6.26584
2009,03,3,1,6.29712
2009,03,3,2,6.344
2009,03,3,3,6.69122
2009,03,3,4,7.24871
2009,03,3,5,7.34463
2009,03,3,6,6.85345
2009,03,3,7,6.22585
2009,03,4,0,6.30596
2009,03,4,1,6.38242
2009,03,4,2,6.49159
2009,03,4,3,6.7738000000000005
2009,03,4,4,7.18993
2009,03,4,5,7.3308800000000005
2009,03,4,6,6.91324
2009,03,4,7,6.3135200000000005
2009,03,5,0,6.411149999999999
2009,03,5,1,6.00809
2009,03,5,2,5.23
2009,03,5,3,4.316229999999999
2009,03,5,4,3.6281999999999996
2009,03,5,5,3.19109
2009,03,5,6,2.7556599999999998
2009,03,5,7,3.35297
2009,03,6,0,3.52442
2009,03,6,1,4.71509
2009,03,6,2,8.358889999999999
2009,03,6,3,10.5472
2009,03,6,4,10.9451
2009,03,6,5,9.980229999999999
2009,03,6,6,9.8684
2009,03,6,7,11.223799999999999
2009,03,7,0,11.4976
2009,03,7,1,11.7324
2009,03,7,2,12.421299999999999
2009,03,7,3,13.197700000000001
2009,03,7,4,12.768799999999999
2009,03,7,5,12.039200000000001
2009,03,7,6,11.549100000000001
2009,03,7,7,10.1511
2009,03,8,0,9.528459999999999
2009,03,8,1,9.617090000000001
2009,03,8,2,9.83303
2009,03,8,3,9.76694
2009,03,8,4,7.75656
2009,03,8,5,6.77616
2009,03,8,6,6.57489
2009,03,8,7,7.27394
2009,03,9,0,6.94871
2009,03,9,1,7.28568
2009,03,9,2,9.69627
2009,03,9,3,9.43399
2009,03,9,4,5.28809
2009,03,9,5,2.33896
2009,03,9,6,1.55688
2009,03,9,7,2.00613
2009,03,10,0,3.47112
2009,03,10,1,4.64994
2009,03,10,2,5.68903
2009,03,10,3,6.97154
2009,03,10,4,8.55651
2009,03,10,5,10.5338
2009,03,10,6,12.6597
2009,03,10,7,12.8247
2009,03,11,0,13.2099
2009,03,11,1,11.6518
2009,03,11,2,8.23859
2009,03,11,3,5.87395
2009,03,11,4,6.09295
2009,03,11,5,6.85474
2009,03,11,6,6.82638
2009,03,11,7,7.59872
2009,03,12,0,7.73876
2009,03,12,1,7.62513
2009,03,12,2,8.37581
2009,03,12,3,9.176459999999999
2009,03,12,4,10.1859
2009,03,12,5,11.4487
2009,03,12,6,12.402299999999999
2009,03,12,7,11.6217
2009,03,13,0,9.64836
2009,03,13,1,9.54735
2009,03,13,2,9.86157
2009,03,13,3,10.4713
2009,03,13,4,11.43
2009,03,13,5,10.7936
2009,03,13,6,10.280100000000001
2009,03,13,7,10.9528
2009,03,14,0,9.757950000000001
2009,03,14,1,9.7614
2009,03,14,2,8.246319999999999
2009,03,14,3,5.953270000000001
2009,03,14,4,4.307390000000001
2009,03,14,5,4.43291
2009,03,14,6,5.01448
2009,03,14,7,5.316470000000001
2009,03,15,0,5.6529799999999994
2009,03,15,1,5.82515
2009,03,15,2,5.79883
2009,03,15,3,5.66729
2009,03,15,4,5.42495
2009,03,15,5,5.147729999999999
2009,03,15,6,5.282760000000001
2009,03,15,7,6.433520000000001
2009,03,16,0,8.37636
2009,03,16,1,9.15966
2009,03,16,2,8.29568
2009,03,16,3,7.0201
2009,03,16,4,6.76867
2009,03,16,5,6.91561
2009,03,16,6,8.031310000000001
2009,03,16,7,8.17574
2009,03,17,0,9.32441
2009,03,17,1,10.0604
2009,03,17,2,7.7195100000000005
2009,03,17,3,5.83817
2009,03,17,4,7.2318999999999996
2009,03,17,5,9.33309
2009,03,17,6,10.357700000000001
2009,03,17,7,10.2574
2009,03,18,0,11.7516
2009,03,18,1,10.499
2009,03,18,2,11.5805
2009,03,18,3,10.3615
2009,03,18,4,8.11622
2009,03,18,5,6.63492
2009,03,18,6,7.9581599999999995
2009,03,18,7,9.662180000000001
2009,03,19,0,11.0356
2009,03,19,1,9.52501
2009,03,19,2,9.83774
2009,03,19,3,9.9091
2009,03,19,4,10.9451
2009,03,19,5,11.0434
2009,03,19,6,8.662709999999999
2009,03,19,7,8.99791
2009,03,20,0,9.43559
2009,03,20,1,9.43795
2009,03,20,2,9.25515
2009,03,20,3,7.83438
2009,03,20,4,7.31142
2009,03,20,5,7.376180000000001
2009,03,20,6,7.38189
2009,03,20,7,8.5748
2009,03,21,0,9.26129
2009,03,21,1,8.78301
2009,03,21,2,8.71068
2009,03,21,3,8.49177
2009,03,21,4,7.70196
2009,03,21,5,8.28449
2009,03,21,6,9.564110000000001
2009,03,21,7,12.2708
2009,03,22,0,13.2578
2009,03,22,1,11.859399999999999
2009,03,22,2,13.6061
2009,03,22,3,13.2682
2009,03,22,4,10.7021
2009,03,22,5,8.542819999999999
2009,03,22,6,9.90709
2009,03,22,7,10.2079
2009,03,23,0,9.9167
2009,03,23,1,9.395809999999999
2009,03,23,2,10.9635
2009,03,23,3,12.0169
2009,03,23,4,11.6015
2009,03,23,5,10.382700000000002
2009,03,23,6,9.79647
2009,03,23,7,9.230690000000001
2009,03,24,0,8.22845
2009,03,24,1,7.63936
2009,03,24,2,8.84764
2009,03,24,3,10.0402
2009,03,24,4,15.970799999999999
2009,03,24,5,13.2161
2009,03,24,6,12.5387
2009,03,24,7,12.5135
2009,03,25,0,13.1054
2009,03,25,1,16.924
2009,03,25,2,16.932
2009,03,25,3,15.1035
2009,03,25,4,13.875
2009,03,25,5,13.4378
2009,03,25,6,12.218200000000001
2009,03,25,7,9.65707
2009,03,26,0,9.151489999999999
2009,03,26,1,9.43385
2009,03,26,2,8.83144
2009,03,26,3,8.28296
2009,03,26,4,8.39779
2009,03,26,5,8.12988
2009,03,26,6,7.90835
2009,03,26,7,7.8093699999999995
2009,03,27,0,8.55103
2009,03,27,1,9.198229999999999
2009,03,27,2,9.35508
2009,03,27,3,10.491200000000001
2009,03,27,4,11.033700000000001
2009,03,27,5,12.2525
2009,03,27,6,14.4466
2009,03,27,7,15.19
2009,03,28,0,15.421100000000001
2009,03,28,1,16.380200000000002
2009,03,28,2,13.7856
2009,03,28,3,11.1857
2009,03,28,4,9.09595
2009,03,28,5,8.994290000000001
2009,03,28,6,9.41884
2009,03,28,7,9.27553
2009,03,29,0,10.0848
2009,03,29,1,10.0863
2009,03,29,2,10.481200000000001
2009,03,29,3,10.9557
2009,03,29,4,11.2712
2009,03,29,5,11.618
2009,03,29,6,12.1671
2009,03,29,7,11.951600000000001
2009,03,30,0,11.8561
2009,03,30,1,11.1911
2009,03,30,2,11.5339
2009,03,30,3,13.328899999999999
2009,03,30,4,14.774799999999999
2009,03,30,5,15.920200000000001
2009,03,30,6,10.2203
2009,03,30,7,10.7467
2009,03,31,0,9.303889999999999
2009,03,31,1,5.75105
2009,03,31,2,4.68726
2009,03,31,3,5.04408
2009,03,31,4,6.35291
2009,03,31,5,7.51759
2009,03,31,6,8.742370000000001
2009,03,31,7,9.52318
2009,03,1,0,10.9821
2009,03,1,1,13.0115
2009,03,1,2,14.2083
2009,03,1,3,15.1221
2009,03,1,4,16.4574
2009,03,1,5,17.4395
2009,03,1,6,13.9641
2009,03,1,7,12.856399999999999
2009,03,2,0,16.3383
2009,03,2,1,13.3963
2009,03,2,2,12.2225
2009,03,2,3,11.5519
2009,03,2,4,15.5084
2009,03,2,5,16.8964
2009,03,2,6,15.5183
2009,03,2,7,13.655100000000001
2009,03,3,0,13.738
2009,03,3,1,13.7373
2009,03,3,2,11.3149
2009,03,3,3,9.95494
2009,03,3,4,11.8176
2009,03,3,5,11.7962
2009,03,3,6,10.773100000000001
2009,03,3,7,9.34314
2009,03,4,0,8.17238
2009,03,4,1,7.29716
2009,03,4,2,5.797140000000001
2009,03,4,3,5.313770000000001
2009,03,4,4,4.956899999999999
2009,03,4,5,5.297149999999999
2009,03,4,6,5.74025
2009,03,4,7,6.04299
2009,03,5,0,5.65746
2009,03,5,1,5.5024
2009,03,5,2,5.27283
2009,03,5,3,4.80136
2009,03,5,4,4.0755300000000005
2009,03,5,5,3.4563099999999998
2009,03,5,6,3.53004
2009,03,5,7,3.68593
2009,03,6,0,3.49998
2009,03,6,1,3.146
2009,03,6,2,3.8519200000000002
2009,03,6,3,3.83477
2009,03,6,4,3.14184
2009,03,6,5,2.90298
2009,03,6,6,2.34618
2009,03,6,7,3.0337899999999998
2009,03,7,0,3.74464
2009,03,7,1,4.73264
2009,03,7,2,4.949109999999999
2009,03,7,3,4.55511
2009,03,7,4,3.81157
2009,03,7,5,3.5005300000000004
2009,03,7,6,2.79876
2009,03,7,7,2.66655
2009,03,8,0,2.8602800000000004
2009,03,8,1,2.7964
2009,03,8,2,3.84464
2009,03,8,3,6.73585
2009,03,8,4,7.02166
2009,03,8,5,8.40409
2009,03,8,6,10.0808
2009,03,8,7,8.57566
2009,03,9,0,8.840530000000001
2009,03,9,1,8.77194
2009,03,9,2,8.867379999999999
2009,03,9,3,7.84522
2009,03,9,4,6.9543800000000005
2009,03,9,5,6.55684
2009,03,9,6,6.68497
2009,03,9,7,6.85051
2009,03,10,0,8.01626
2009,03,10,1,8.815520000000001
2009,03,10,2,8.54194
2009,03,10,3,10.9135
2009,03,10,4,12.068200000000001
2009,03,10,5,11.6461
2009,03,10,6,10.556799999999999
2009,03,10,7,7.26789
2009,03,11,0,6.54507
2009,03,11,1,8.38032
2009,03,11,2,9.13196
2009,03,11,3,6.166939999999999
2009,03,11,4,4.96318
2009,03,11,5,3.97704
2009,03,11,6,3.54275
2009,03,11,7,5.32235
2009,03,12,0,5.60823
2009,03,12,1,6.16745
2009,03,12,2,6.39645
2009,03,12,3,5.43408
2009,03,12,4,6.04312
2009,03,12,5,7.6440600000000005
2009,03,12,6,8.665379999999999
2009,03,12,7,8.85777
2009,03,13,0,8.70805
2009,03,13,1,8.53917
2009,03,13,2,8.44775
2009,03,13,3,8.19817
2009,03,13,4,7.90109
2009,03,13,5,7.3332
2009,03,13,6,6.93355
2009,03,13,7,6.43017
2009,03,14,0,5.51249
2009,03,14,1,4.76082
2009,03,14,2,4.57235
2009,03,14,3,4.233149999999999
2009,03,14,4,3.5544000000000002
2009,03,14,5,2.4811
2009,03,14,6,2.49279
2009,03,14,7,4.469930000000001
2009,03,15,0,5.927770000000001
2009,03,15,1,7.255649999999999
2009,03,15,2,8.19079
2009,03,15,3,9.04098
2009,03,15,4,9.58486
2009,03,15,5,9.81716
2009,03,15,6,9.83417
2009,03,15,7,9.91544
2009,03,16,0,9.911719999999999
2009,03,16,1,9.54552
2009,03,16,2,8.99823
2009,03,16,3,8.4265
2009,03,16,4,8.28132
2009,03,16,5,9.017479999999999
2009,03,16,6,9.58825
2009,03,16,7,10.5355
2009,03,17,0,11.0692
2009,03,17,1,13.3672
2009,03,17,2,14.974200000000002
2009,03,17,3,15.5861
2009,03,17,4,14.6476
2009,03,17,5,13.898399999999999
2009,03,17,6,13.8864
2009,03,17,7,13.1761
2009,03,18,0,14.0036
2009,03,18,1,13.2337
2009,03,18,2,14.2324
2009,03,18,3,10.159600000000001
2009,03,18,4,8.31871
2009,03,18,5,10.854899999999999
2009,03,18,6,8.059890000000001
2009,03,18,7,6.92788
2009,03,19,0,6.80593
2009,03,19,1,6.91283
2009,03,19,2,6.67796
2009,03,19,3,6.31994
2009,03,19,4,6.17746
2009,03,19,5,6.5915799999999996
2009,03,19,6,7.08385
2009,03,19,7,7.17753
2009,03,20,0,8.54608
2009,03,20,1,8.528540000000001
2009,03,20,2,9.754610000000001
2009,03,20,3,11.165899999999999
2009,03,20,4,9.42458
2009,03,20,5,8.08596
2009,03,20,6,9.63152
2009,03,20,7,12.3222
2009,03,21,0,10.846
2009,03,21,1,11.0562
2009,03,21,2,12.470600000000001
2009,03,21,3,14.7143
2009,03,21,4,16.0068
2009,03,21,5,13.5645
2009,03,21,6,13.0851
2009,03,21,7,10.1041
2009,03,22,0,10.874600000000001
2009,03,22,1,11.1166
2009,03,22,2,9.52723
2009,03,22,3,9.77634
2009,03,22,4,5.42946
2009,03,22,5,3.9104
2009,03,22,6,4.107069999999999
2009,03,22,7,5.27827
2009,03,23,0,5.91986
2009,03,23,1,5.6754
2009,03,23,2,5.10692
2009,03,23,3,5.18978
2009,03,23,4,6.020989999999999
2009,03,23,5,7.62659
2009,03,23,6,6.040439999999999
2009,03,23,7,6.50046
2009,03,24,0,6.50349
2009,03,24,1,6.18509
2009,03,24,2,6.77446
2009,03,24,3,7.9334
2009,03,24,4,7.84574
2009,03,24,5,6.48728
2009,03,24,6,6.31299
2009,03,24,7,6.6022799999999995
2009,03,25,0,7.28208
2009,03,25,1,10.013200000000001
2009,03,25,2,12.829799999999999
2009,03,25,3,13.274700000000001
2009,03,25,4,13.282399999999999
2009,03,25,5,11.5821
2009,03,25,6,9.16138
2009,03,25,7,8.08549
2009,03,26,0,4.28842
2009,03,26,1,5.26114
2009,03,26,2,5.3558699999999995
2009,03,26,3,4.93046
2009,03,26,4,4.68813
2009,03,26,5,5.98127
2009,03,26,6,6.9514
2009,03,26,7,7.61053
2009,03,27,0,8.71177
2009,03,27,1,8.7866
2009,03,27,2,8.10167
2009,03,27,3,7.47326
2009,03,27,4,6.82667
2009,03,27,5,7.89738
2009,03,27,6,10.6723
2009,03,27,7,11.778799999999999
2009,03,28,0,13.5812
2009,03,28,1,8.22997
2009,03,28,2,5.70191
2009,03,28,3,5.0823599999999995
2009,03,28,4,4.55306
2009,03,28,5,4.73604
2009,03,28,6,4.8261199999999995
2009,03,28,7,4.65958
2009,03,29,0,4.691979999999999
2009,03,29,1,5.515350000000001
2009,03,29,2,6.41312
2009,03,29,3,7.93667
2009,03,29,4,9.06601
2009,03,29,5,12.2226
2009,03,29,6,12.4801
2009,03,29,7,12.7239
2009,03,30,0,11.5114
2009,03,30,1,9.89125
2009,03,30,2,10.234399999999999
2009,03,30,3,10.8979
2009,03,30,4,9.00959
2009,03,30,5,6.683590000000001
2009,03,30,6,6.47328
2009,03,30,7,7.76417
2009,03,31,0,7.55246
2009,03,31,1,9.305530000000001
2009,03,31,2,11.024
2009,03,31,3,11.81
2009,03,31,4,12.0199
2009,03,31,5,12.164200000000001
2009,03,31,6,13.1928
2009,03,31,7,12.9642
2009,03,1,0,11.3262
2009,03,1,1,10.1993
2009,03,1,2,10.5524
2009,03,1,3,11.5514
2009,03,1,4,10.843399999999999
2009,03,1,5,10.342799999999999
2009,03,1,6,10.994399999999999
2009,03,1,7,8.82666
2009,03,2,0,8.52148
2009,03,2,1,11.422
2009,03,2,2,14.306899999999999
2009,03,2,3,16.1936
2009,03,2,4,16.1456
2009,03,2,5,14.873
2009,03,2,6,15.5903
2009,03,2,7,16.1949
2009,03,3,0,13.7497
2009,03,3,1,10.4861
2009,03,3,2,7.64177
2009,03,3,3,6.4401
2009,03,3,4,8.93839
2009,03,3,5,9.28333
2009,03,3,6,9.40796
2009,03,3,7,7.09292
2009,03,4,0,9.5033
2009,03,4,1,13.064200000000001
2009,03,4,2,12.3177
2009,03,4,3,11.7451
2009,03,4,4,13.0199
2009,03,4,5,13.687899999999999
2009,03,4,6,14.556299999999998
2009,03,4,7,12.7533
2009,03,5,0,8.094199999999999
2009,03,5,1,4.78661
2009,03,5,2,4.0103800000000005
2009,03,5,3,3.63146
2009,03,5,4,3.73841
2009,03,5,5,4.20591
2009,03,5,6,4.30201
2009,03,5,7,6.31796
2009,03,6,0,9.557129999999999
2009,03,6,1,13.2456
2009,03,6,2,13.7116
2009,03,6,3,14.4194
2009,03,6,4,12.7087
2009,03,6,5,11.4231
2009,03,6,6,10.332799999999999
2009,03,6,7,12.139899999999999
2009,03,7,0,11.716700000000001
2009,03,7,1,9.29913
2009,03,7,2,9.48031
2009,03,7,3,8.36979
2009,03,7,4,8.58484
2009,03,7,5,8.514389999999999
2009,03,7,6,7.9140299999999995
2009,03,7,7,7.89768
2009,03,8,0,7.9973
2009,03,8,1,8.94895
2009,03,8,2,8.97009
2009,03,8,3,8.91001
2009,03,8,4,8.2156
2009,03,8,5,8.69828
2009,03,8,6,8.92993
2009,03,8,7,8.97385
2009,03,9,0,9.179129999999999
2009,03,9,1,9.18515
2009,03,9,2,7.374149999999999
2009,03,9,3,4.678979999999999
2009,03,9,4,6.893770000000001
2009,03,9,5,10.038799999999998
2009,03,9,6,11.5302
2009,03,9,7,11.6727
2009,03,10,0,11.3431
2009,03,10,1,10.278
2009,03,10,2,8.52183
2009,03,10,3,7.74216
2009,03,10,4,8.34224
2009,03,10,5,7.72942
2009,03,10,6,6.49897
2009,03,10,7,5.61665
2009,03,11,0,6.87742
2009,03,11,1,9.1247
2009,03,11,2,10.5993
2009,03,11,3,11.3031
2009,03,11,4,11.7657
2009,03,11,5,13.009
2009,03,11,6,13.117700000000001
2009,03,11,7,13.9941
2009,03,12,0,10.827
2009,03,12,1,10.3116
2009,03,12,2,9.03773
2009,03,12,3,8.387
2009,03,12,4,9.70942
2009,03,12,5,9.46143
2009,03,12,6,8.10516
2009,03,12,7,7.21739
2009,03,13,0,7.15692
2009,03,13,1,6.19828
2009,03,13,2,6.05539
2009,03,13,3,5.5276000000000005
2009,03,13,4,5.38575
2009,03,13,5,5.88081
2009,03,13,6,6.9902
2009,03,13,7,7.68768
2009,03,14,0,7.6502
2009,03,14,1,7.43658
2009,03,14,2,6.92261
2009,03,14,3,6.10512
2009,03,14,4,5.84078
2009,03,14,5,5.66697
2009,03,14,6,5.41099
2009,03,14,7,5.8230699999999995
2009,03,15,0,6.5962700000000005
2009,03,15,1,7.51935
2009,03,15,2,9.222940000000001
2009,03,15,3,10.864
2009,03,15,4,10.088799999999999
2009,03,15,5,7.02296
2009,03,15,6,7.88889
2009,03,15,7,9.11315
2009,03,16,0,9.06115
2009,03,16,1,10.2352
2009,03,16,2,13.7898
2009,03,16,3,15.7919
2009,03,16,4,14.8753
2009,03,16,5,13.5547
2009,03,16,6,14.1504
2009,03,16,7,13.4728
2009,03,17,0,10.790700000000001
2009,03,17,1,10.6532
2009,03,17,2,11.7548
2009,03,17,3,11.4058
2009,03,17,4,14.921
2009,03,17,5,10.335700000000001
2009,03,17,6,8.9338
2009,03,17,7,4.98609
2009,03,18,0,2.90529
2009,03,18,1,3.05953
2009,03,18,2,4.56567
2009,03,18,3,8.30891
2009,03,18,4,10.201600000000001
2009,03,18,5,6.77257
2009,03,18,6,4.62352
2009,03,18,7,7.21426
2009,03,19,0,11.8747
2009,03,19,1,15.2631
2009,03,19,2,15.0861
2009,03,19,3,14.5777
2009,03,19,4,14.197
2009,03,19,5,12.7946
2009,03,19,6,6.7616000000000005
2009,03,19,7,2.93244
2009,03,20,0,4.205439999999999
2009,03,20,1,4.5065100000000005
2009,03,20,2,4.77146
2009,03,20,3,5.14979
2009,03,20,4,4.3626000000000005
2009,03,20,5,4.33866
2009,03,20,6,5.1421
2009,03,20,7,3.9658800000000003
2009,03,21,0,4.12918
2009,03,21,1,4.3355500000000005
2009,03,21,2,4.7200299999999995
2009,03,21,3,8.47217
2009,03,21,4,13.3617
2009,03,21,5,14.052299999999999
2009,03,21,6,12.203100000000001
2009,03,21,7,10.36
2009,03,22,0,11.7005
2009,03,22,1,13.745299999999999
2009,03,22,2,15.1365
2009,03,22,3,12.0025
2009,03,22,4,11.5959
2009,03,22,5,12.7059
2009,03,22,6,9.02258
2009,03,22,7,6.7060900000000006
2009,03,23,0,4.816479999999999
2009,03,23,1,4.09591
2009,03,23,2,4.553439999999999
2009,03,23,3,6.57143
2009,03,23,4,8.19941
2009,03,23,5,5.87256
2009,03,23,6,3.81401
2009,03,23,7,3.59886
2009,03,24,0,4.496689999999999
2009,03,24,1,5.636909999999999
2009,03,24,2,6.8591999999999995
2009,03,24,3,9.10656
2009,03,24,4,2.73263
2009,03,24,5,3.4700100000000003
2009,03,24,6,2.63784
2009,03,24,7,3.54392
2009,03,25,0,4.35178
2009,03,25,1,4.291300000000001
2009,03,25,2,4.16727
2009,03,25,3,5.03817
2009,03,25,4,4.68373
2009,03,25,5,6.47559
2009,03,25,6,7.97792
2009,03,25,7,10.802
2009,03,26,0,11.639
2009,03,26,1,8.84167
2009,03,26,2,4.82271
2009,03,26,3,3.79111
2009,03,26,4,3.96143
2009,03,26,5,3.70927
2009,03,26,6,4.00619
2009,03,26,7,5.13915
2009,03,27,0,4.50571
2009,03,27,1,3.80934
2009,03,27,2,3.01502
2009,03,27,3,2.06836
2009,03,27,4,2.14093
2009,03,27,5,2.19152
2009,03,27,6,2.14406
2009,03,27,7,2.54326
2009,03,28,0,2.7883899999999997
2009,03,28,1,2.9317699999999998
2009,03,28,2,4.00162
2009,03,28,3,6.14904
2009,03,28,4,7.60913
2009,03,28,5,6.457319999999999
2009,03,28,6,5.84178
2009,03,28,7,5.9435
2009,03,29,0,4.69692
2009,03,29,1,4.96983
2009,03,29,2,6.26666
2009,03,29,3,6.627680000000001
2009,03,29,4,6.712140000000001
2009,03,29,5,6.64181
2009,03,29,6,5.74675
2009,03,29,7,5.242
2009,03,30,0,5.18292
2009,03,30,1,4.84881
2009,03,30,2,4.63036
2009,03,30,3,4.67785
2009,03,30,4,4.53412
2009,03,30,5,3.5005
2009,03,30,6,2.78717
2009,03,30,7,2.42469
2009,03,1,0,2.45938
2009,03,1,1,2.72026
2009,03,1,2,2.70627
2009,03,1,3,2.56487
2009,03,1,4,3.25175
2009,03,1,5,4.577979999999999
2009,03,1,6,4.94532
2009,03,1,7,4.87961
2009,03,2,0,4.7753000000000005
2009,03,2,1,3.39235
2009,03,2,2,2.8625599999999998
2009,03,2,3,2.74071
2009,03,2,4,2.6557
2009,03,2,5,2.4159499999999996
2009,03,2,6,2.58907
2009,03,2,7,3.19319
2009,03,3,0,3.4266900000000002
2009,03,3,1,3.4126
2009,03,3,2,3.4427
2009,03,3,3,3.57594
2009,03,3,4,3.58644
2009,03,3,5,3.10955
2009,03,3,6,3.20275
2009,03,3,7,3.51596
2009,03,4,0,3.1696
2009,03,4,1,2.85531
2009,03,4,2,2.58107
2009,03,4,3,2.39493
2009,03,4,4,2.12605
2009,03,4,5,1.86302
2009,03,4,6,1.62486
2009,03,4,7,1.40659
2009,03,5,0,1.3730799999999999
2009,03,5,1,1.76451
2009,03,5,2,2.28091
2009,03,5,3,3.08789
2009,03,5,4,4.04591
2009,03,5,5,5.28021
2009,03,5,6,7.36825
2009,03,5,7,9.70421
2009,03,6,0,11.4613
2009,03,6,1,12.3062
2009,03,6,2,12.0625
2009,03,6,3,11.1366
2009,03,6,4,8.176359999999999
2009,03,6,5,5.30456
2009,03,6,6,5.15088
2009,03,6,7,4.28884
2009,03,7,0,3.22158
2009,03,7,1,2.17932
2009,03,7,2,2.81434
2009,03,7,3,2.9877
2009,03,7,4,2.7179699999999998
2009,03,7,5,2.4189000000000003
2009,03,7,6,2.2735100000000004
2009,03,7,7,2.38725
2009,03,8,0,2.1474
2009,03,8,1,2.26124
2009,03,8,2,2.6156599999999997
2009,03,8,3,2.38376
2009,03,8,4,1.98147
2009,03,8,5,1.18379
2009,03,8,6,0.8278730000000001
2009,03,8,7,0.8454149999999999
2009,03,9,0,1.03579
2009,03,9,1,1.2133399999999999
2009,03,9,2,1.25566
2009,03,9,3,1.27877
2009,03,9,4,1.56149
2009,03,9,5,1.64661
2009,03,9,6,1.65272
2009,03,9,7,1.68679
2009,03,10,0,1.7578
2009,03,10,1,1.78548
2009,03,10,2,1.7428599999999999
2009,03,10,3,1.7490599999999998
2009,03,10,4,1.75672
2009,03,10,5,1.77929
2009,03,10,6,1.86045
2009,03,10,7,1.8837899999999999
2009,03,11,0,1.81933
2009,03,11,1,1.72135
2009,03,11,2,1.6159000000000001
2009,03,11,3,1.51907
2009,03,11,4,1.37769
2009,03,11,5,1.28978
2009,03,11,6,1.29009
2009,03,11,7,1.33203
2009,03,12,0,1.43159
2009,03,12,1,1.5663
2009,03,12,2,1.6525999999999998
2009,03,12,3,1.61834
2009,03,12,4,1.52596
2009,03,12,5,1.40867
2009,03,12,6,1.40567
2009,03,12,7,1.47615
2009,03,13,0,1.5514700000000001
2009,03,13,1,1.57775
2009,03,13,2,1.47923
2009,03,13,3,1.3528499999999999
2009,03,13,4,1.31467
2009,03,13,5,1.47564
2009,03,13,6,1.69123
2009,03,13,7,2.44637
2009,03,14,0,3.32085
2009,03,14,1,4.24313
2009,03,14,2,5.3004
2009,03,14,3,5.97723
2009,03,14,4,6.26495
2009,03,14,5,6.3052399999999995
2009,03,14,6,6.39613
2009,03,14,7,6.60418
2009,03,15,0,6.69813
2009,03,15,1,6.5234499999999995
2009,03,15,2,6.04216
2009,03,15,3,5.80825
2009,03,15,4,5.87196
2009,03,15,5,6.545229999999999
2009,03,15,6,6.62829
2009,03,15,7,3.43236
2009,03,16,0,2.50598
2009,03,16,1,2.28419
2009,03,16,2,2.2260500000000003
2009,03,16,3,2.29414
2009,03,16,4,2.39378
2009,03,16,5,4.22603
2009,03,16,6,6.57697
2009,03,16,7,11.8088
2009,03,17,0,3.57015
2009,03,17,1,2.9205
2009,03,17,2,1.0746600000000002
2009,03,17,3,1.41401
2009,03,17,4,2.6823699999999997
2009,03,17,5,2.9563
2009,03,17,6,3.33867
2009,03,17,7,3.54421
2009,03,18,0,3.47927
2009,03,18,1,3.63113
2009,03,18,2,4.068
2009,03,18,3,4.65414
2009,03,18,4,4.7822700000000005
2009,03,18,5,4.9853000000000005
2009,03,18,6,5.0819399999999995
2009,03,18,7,5.19106
2009,03,19,0,5.455100000000001
2009,03,19,1,5.4365
2009,03,19,2,5.01163
2009,03,19,3,4.06851
2009,03,19,4,3.65042
2009,03,19,5,3.58194
2009,03,19,6,3.56789
2009,03,19,7,3.61891
2009,03,20,0,3.6358200000000003
2009,03,20,1,3.58064
2009,03,20,2,3.46547
2009,03,20,3,3.80193
2009,03,20,4,4.32477
2009,03,20,5,4.34741
2009,03,20,6,4.21576
2009,03,20,7,3.88953
2009,03,21,0,3.21217
2009,03,21,1,2.6806300000000003
2009,03,21,2,2.5536399999999997
2009,03,21,3,2.9811
2009,03,21,4,3.32119
2009,03,21,5,4.0163400000000005
2009,03,21,6,5.8104700000000005
2009,03,21,7,7.382029999999999
2009,03,22,0,7.68846
2009,03,22,1,7.3288
2009,03,22,2,6.79706
2009,03,22,3,5.6216099999999996
2009,03,22,4,3.83496
2009,03,22,5,4.399109999999999
2009,03,22,6,4.61038
2009,03,22,7,3.2672600000000003
2009,03,23,0,3.05965
2009,03,23,1,3.8619499999999998
2009,03,23,2,5.79554
2009,03,23,3,6.78325
2009,03,23,4,7.44445
2009,03,23,5,7.93819
2009,03,23,6,7.44828
2009,03,23,7,5.67551
2009,03,24,0,5.17758
2009,03,24,1,4.942819999999999
2009,03,24,2,4.7991
2009,03,24,3,5.316560000000001
2009,03,24,4,4.64432
2009,03,24,5,2.9032199999999997
2009,03,24,6,2.3898200000000003
2009,03,24,7,1.70222
2009,03,25,0,1.72457
2009,03,25,1,2.03883
2009,03,25,2,2.3670500000000003
2009,03,25,3,2.4289699999999996
2009,03,25,4,2.8465
2009,03,25,5,3.7439400000000003
2009,03,25,6,4.27708
2009,03,25,7,4.60588
2009,03,26,0,5.22682
2009,03,26,1,7.75847
2009,03,26,2,5.98772
2009,03,26,3,4.17506
2009,03,26,4,4.06986
2009,03,26,5,5.42856
2009,03,26,6,5.23127
2009,03,26,7,4.73748
2009,03,27,0,4.821899999999999
2009,03,27,1,4.71033
2009,03,27,2,4.2018699999999995
2009,03,27,3,3.55821
2009,03,27,4,3.28762
2009,03,27,5,3.60021
2009,03,27,6,3.6459699999999997
2009,03,27,7,3.8194899999999996
2009,03,28,0,3.90633
2009,03,28,1,3.7823
2009,03,28,2,3.70813
2009,03,28,3,3.65373
2009,03,28,4,3.55567
2009,03,28,5,3.32198
2009,03,28,6,3.10599
2009,03,28,7,2.87775
2009,03,29,0,2.62704
2009,03,29,1,2.5414
2009,03,29,2,2.55101
2009,03,29,3,2.28043
2009,03,29,4,2.60662
2009,03,29,5,4.32353
2009,03,29,6,5.891970000000001
2009,03,29,7,6.71721
2009,03,30,0,4.56711
2009,03,30,1,3.4835100000000003
2009,03,30,2,3.7376300000000002
2009,03,30,3,4.61923
2009,03,30,4,5.54955
2009,03,30,5,6.63133
2009,03,30,6,7.777909999999999
2009,03,30,7,8.789100000000001
2009,03,31,0,8.960450000000002
2009,03,31,1,9.38318
2009,03,31,2,9.30476
2009,03,31,3,7.5423599999999995
2009,03,31,4,4.80997
2009,03,31,5,5.844060000000001
2009,03,31,6,3.1357600000000003
2009,03,31,7,2.40781
2009,03,1,0,1.7980699999999998
2009,03,1,1,2.29162
2009,03,1,2,1.99394
2009,03,1,3,1.95407
2009,03,1,4,2.11543
2009,03,1,5,2.47763
2009,03,1,6,2.6369000000000002
2009,03,1,7,2.48835
2009,03,2,0,1.95944
2009,03,2,1,2.3914299999999997
2009,03,2,2,3.8019000000000003
2009,03,2,3,4.71223
2009,03,2,4,4.09805
2009,03,2,5,3.3929099999999996
2009,03,2,6,3.46492
2009,03,2,7,3.8978099999999998
2009,03,3,0,3.75931
2009,03,3,1,2.96127
2009,03,3,2,3.14569
2009,03,3,3,3.34331
2009,03,3,4,3.50791
2009,03,3,5,2.3454
2009,03,3,6,2.21978
2009,03,3,7,1.88431
2009,03,4,0,1.57595
2009,03,4,1,1.5868699999999998
2009,03,4,2,1.3034100000000002
2009,03,4,3,1.31836
2009,03,4,4,1.34166
2009,03,4,5,1.8133599999999999
2009,03,4,6,2.53414
2009,03,4,7,5.23973
2009,03,5,0,6.76641
2009,03,5,1,6.2120299999999995
2009,03,5,2,4.2698
2009,03,5,3,6.67672
2009,03,5,4,8.97211
2009,03,5,5,7.24034
2009,03,5,6,8.031369999999999
2009,03,5,7,8.69374
2009,03,6,0,7.6796999999999995
2009,03,6,1,6.98613
2009,03,6,2,6.30609
2009,03,6,3,7.40045
2009,03,6,4,4.84026
2009,03,6,5,2.01458
2009,03,6,6,2.2829200000000003
2009,03,6,7,2.82212
2009,03,7,0,3.06669
2009,03,7,1,2.8880100000000004
2009,03,7,2,2.62077
2009,03,7,3,2.51517
2009,03,7,4,2.01377
2009,03,7,5,2.66817
2009,03,7,6,2.38747
2009,03,7,7,2.29993
2009,03,8,0,2.93136
2009,03,8,1,3.67396
2009,03,8,2,3.6187
2009,03,8,3,2.85222
2009,03,8,4,2.67109
2009,03,8,5,2.45019
2009,03,8,6,2.12687
2009,03,8,7,1.99279
2009,03,9,0,2.29807
2009,03,9,1,2.7588000000000004
2009,03,9,2,2.82652
2009,03,9,3,1.98096
2009,03,9,4,3.98549
2009,03,9,5,4.644270000000001
2009,03,9,6,3.90559
2009,03,9,7,4.56503
2009,03,10,0,6.113729999999999
2009,03,10,1,6.34443
2009,03,10,2,6.03985
2009,03,10,3,3.08873
2009,03,10,4,1.01233
2009,03,10,5,1.4816500000000001
2009,03,10,6,2.47988
2009,03,10,7,2.3497600000000003
2009,03,11,0,2.44319
2009,03,11,1,2.47723
2009,03,11,2,1.76044
2009,03,11,3,2.3086100000000003
2009,03,11,4,2.47494
2009,03,11,5,2.37569
2009,03,11,6,2.6812
2009,03,11,7,2.91411
2009,03,12,0,2.66026
2009,03,12,1,2.2044
2009,03,12,2,2.44189
2009,03,12,3,2.00948
2009,03,12,4,2.21617
2009,03,12,5,2.41239
2009,03,12,6,2.80883
2009,03,12,7,2.6001
2009,03,13,0,3.3486
2009,03,13,1,3.8234299999999997
2009,03,13,2,4.98263
2009,03,13,3,5.03349
2009,03,13,4,5.3401499999999995
2009,03,13,5,4.84209
2009,03,13,6,4.36801
2009,03,13,7,4.15878
2009,03,14,0,3.84552
2009,03,14,1,2.79794
2009,03,14,2,1.92493
2009,03,14,3,1.47479
2009,03,14,4,1.0378699999999998
2009,03,14,5,1.05868
2009,03,14,6,1.7851199999999998
2009,03,14,7,3.26877
2009,03,15,0,6.19696
2009,03,15,1,7.43238
2009,03,15,2,6.25423
2009,03,15,3,5.58201
2009,03,15,4,5.14329
2009,03,15,5,4.315180000000001
2009,03,15,6,3.76615
2009,03,15,7,4.02649
2009,03,16,0,4.35891
2009,03,16,1,5.082409999999999
2009,03,16,2,5.98552
2009,03,16,3,6.112220000000001
2009,03,16,4,6.29146
2009,03,16,5,6.567699999999999
2009,03,16,6,6.16263
2009,03,16,7,3.70489
2009,03,17,0,3.18794
2009,03,17,1,5.54059
2009,03,17,2,2.83982
2009,03,17,3,2.40579
2009,03,17,4,5.29058
2009,03,17,5,7.31523
2009,03,17,6,4.40015
2009,03,17,7,3.30673
2009,03,18,0,3.13798
2009,03,18,1,3.239
2009,03,18,2,1.7664600000000001
2009,03,18,3,1.2275
2009,03,18,4,1.11351
2009,03,18,5,1.24503
2009,03,18,6,2.37166
2009,03,18,7,2.3601199999999998
2009,03,19,0,1.6531300000000002
2009,03,19,1,1.8223900000000002
2009,03,19,2,2.4876199999999997
2009,03,19,3,3.7662600000000004
2009,03,19,4,4.39966
2009,03,19,5,4.27686
2009,03,19,6,3.09255
2009,03,19,7,2.47738
2009,03,20,0,1.52006
2009,03,20,1,1.55877
2009,03,20,2,2.51635
2009,03,20,3,4.53895
2009,03,20,4,5.64171
2009,03,20,5,6.26163
2009,03,20,6,6.82791
2009,03,20,7,6.5093000000000005
2009,03,21,0,6.16593
2009,03,21,1,5.88716
2009,03,21,2,4.7672799999999995
2009,03,21,3,3.68208
2009,03,21,4,2.79412
2009,03,21,5,2.5114
2009,03,21,6,2.43473
2009,03,21,7,1.71806
2009,03,22,0,1.84945
2009,03,22,1,1.85428
2009,03,22,2,1.54047
2009,03,22,3,1.3886500000000002
2009,03,22,4,1.23493
2009,03,22,5,1.21783
2009,03,22,6,1.73546
2009,03,22,7,2.83313
2009,03,23,0,3.6254
2009,03,23,1,3.83966
2009,03,23,2,3.6988000000000003
2009,03,23,3,2.61782
2009,03,23,4,1.5608499999999998
2009,03,23,5,1.24344
2009,03,23,6,1.59844
2009,03,23,7,2.9656
2009,03,24,0,6.1033800000000005
2009,03,24,1,4.40654
2009,03,24,2,2.41855
2009,03,24,3,2.69538
2009,03,24,4,2.25209
2009,03,24,5,2.35172
2009,03,24,6,1.94149
2009,03,24,7,1.4951400000000001
2009,03,25,0,1.7133
2009,03,25,1,3.08705
2009,03,25,2,6.55511
2009,03,25,3,8.62891
2009,03,25,4,6.65004
2009,03,25,5,8.912370000000001
2009,03,25,6,7.32268
2009,03,25,7,8.64597
2009,03,26,0,7.0823599999999995
2009,03,26,1,5.07896
2009,03,26,2,3.35215
2009,03,26,3,3.27182
2009,03,26,4,2.2606100000000002
2009,03,26,5,2.64023
2009,03,26,6,3.7628000000000004
2009,03,26,7,3.97512
2009,03,27,0,3.74408
2009,03,27,1,3.48429
2009,03,27,2,3.37291
2009,03,27,3,3.2618
2009,03,27,4,3.32761
2009,03,27,5,3.34508
2009,03,27,6,3.20276
2009,03,27,7,2.07083
2009,03,28,0,1.0563099999999999
2009,03,28,1,1.6541400000000002
2009,03,28,2,3.1341900000000003
2009,03,28,3,2.88131
2009,03,28,4,3.0058200000000004
2009,03,28,5,2.72785
2009,03,28,6,2.27404
2009,03,28,7,2.11149
2009,03,29,0,4.48846
2009,03,29,1,5.609970000000001
2009,03,29,2,5.54938
2009,03,29,3,5.29145
2009,03,29,4,3.11398
2009,03,29,5,2.3153099999999998
2009,03,29,6,2.2001999999999997
2009,03,29,7,2.46969
2009,03,30,0,2.66802
2009,03,30,1,2.49891
2009,03,30,2,2.54002
2009,03,30,3,2.5128000000000004
2009,03,30,4,2.2694099999999997
2009,03,30,5,1.906
2009,03,30,6,2.18993
2009,03,30,7,1.83999
2009,03,1,0,0.899904
2009,03,1,1,0.611655
2009,03,1,2,0.6552169999999999
2009,03,1,3,0.964372
2009,03,1,4,1.4576099999999999
2009,03,1,5,1.25292
2009,03,1,6,1.12198
2009,03,1,7,1.0880999999999998
2009,03,2,0,0.891458
2009,03,2,1,0.7048690000000001
2009,03,2,2,0.786052
2009,03,2,3,0.991818
2009,03,2,4,1.30782
2009,03,2,5,1.79483
2009,03,2,6,2.23279
2009,03,2,7,3.04731
2009,03,3,0,3.77173
2009,03,3,1,4.05884
2009,03,3,2,4.50206
2009,03,3,3,5.01657
2009,03,3,4,7.11011
2009,03,3,5,7.01142
2009,03,3,6,6.95835
2009,03,3,7,6.40609
2009,03,4,0,5.73822
2009,03,4,1,4.5921199999999995
2009,03,4,2,4.96358
2009,03,4,3,4.91794
2009,03,4,4,4.177149999999999
2009,03,4,5,3.8064299999999998
2009,03,4,6,3.57777
2009,03,4,7,3.24636
2009,03,5,0,2.15044
2009,03,5,1,1.3056199999999998
2009,03,5,2,0.727304
2009,03,5,3,0.813288
2009,03,5,4,1.04535
2009,03,5,5,1.22051
2009,03,5,6,1.26713
2009,03,5,7,1.08683
2009,03,6,0,0.704288
2009,03,6,1,0.690954
2009,03,6,2,0.649914
2009,03,6,3,0.544596
2009,03,6,4,0.6645700000000001
2009,03,6,5,0.760749
2009,03,6,6,0.589285
2009,03,6,7,0.6158579999999999
2009,03,7,0,0.829307
2009,03,7,1,0.914529
2009,03,7,2,0.9897630000000001
2009,03,7,3,1.3017
2009,03,7,4,1.6655799999999998
2009,03,7,5,2.20242
2009,03,7,6,2.74005
2009,03,7,7,2.62231
2009,03,8,0,2.5421199999999997
2009,03,8,1,2.51552
2009,03,8,2,2.31353
2009,03,8,3,2.01765
2009,03,8,4,1.60536
2009,03,8,5,1.6025
2009,03,8,6,2.14674
2009,03,8,7,2.11014
2009,03,9,0,1.9368599999999998
2009,03,9,1,1.7568199999999998
2009,03,9,2,1.47599
2009,03,9,3,1.35726
2009,03,9,4,1.4726400000000002
2009,03,9,5,1.8124
2009,03,9,6,1.9557200000000001
2009,03,9,7,1.94995
2009,03,10,0,1.8468399999999998
2009,03,10,1,1.7166
2009,03,10,2,0.901516
2009,03,10,3,1.07971
2009,03,10,4,1.13128
2009,03,10,5,1.4986
2009,03,10,6,1.76831
2009,03,10,7,1.9106800000000002
2009,03,11,0,2.07098
2009,03,11,1,1.9969700000000001
2009,03,11,2,1.81702
2009,03,11,3,1.59811
2009,03,11,4,1.54651
2009,03,11,5,1.57163
2009,03,11,6,1.53753
2009,03,11,7,1.4493099999999999
2009,03,12,0,1.35664
2009,03,12,1,1.2173399999999999
2009,03,12,2,1.0977999999999999
2009,03,12,3,0.964937
2009,03,12,4,0.7640009999999999
2009,03,12,5,0.507792
2009,03,12,6,0.312731
2009,03,12,7,0.280433
2009,03,13,0,0.31211500000000003
2009,03,13,1,0.35819999999999996
2009,03,13,2,0.428499
2009,03,13,3,0.479548
2009,03,13,4,0.5215660000000001
2009,03,13,5,0.576106
2009,03,13,6,0.697154
2009,03,13,7,0.851763
2009,03,14,0,0.965893
2009,03,14,1,0.942999
2009,03,14,2,0.900184
2009,03,14,3,0.8485199999999999
2009,03,14,4,0.7952809999999999
2009,03,14,5,0.792925
2009,03,14,6,0.8524640000000001
2009,03,14,7,0.918937
2009,03,15,0,0.827816
2009,03,15,1,0.6204829999999999
2009,03,15,2,0.546964
2009,03,15,3,0.567569
2009,03,15,4,0.533303
2009,03,15,5,0.690303
2009,03,15,6,0.7812830000000001
2009,03,15,7,0.880481
2009,03,16,0,1.02623
2009,03,16,1,1.80452
2009,03,16,2,2.82237
2009,03,16,3,3.04271
2009,03,16,4,3.5511999999999997
2009,03,16,5,4.16324
2009,03,16,6,4.34373
2009,03,16,7,3.45158
2009,03,17,0,4.58798
2009,03,17,1,4.74206
2009,03,17,2,4.37893
2009,03,17,3,4.6229499999999994
2009,03,17,4,3.4099299999999997
2009,03,17,5,2.9279499999999996
2009,03,17,6,2.4717
2009,03,17,7,1.6608399999999999
2009,03,18,0,1.57816
2009,03,18,1,1.4635
2009,03,18,2,1.63842
2009,03,18,3,2.65619
2009,03,18,4,3.5156199999999997
2009,03,18,5,6.22979
2009,03,18,6,6.76902
2009,03,18,7,2.0053199999999998
2009,03,19,0,1.82676
2009,03,19,1,1.1891800000000001
2009,03,19,2,0.788418
2009,03,19,3,0.7067089999999999
2009,03,19,4,0.819442
2009,03,19,5,0.940782
2009,03,19,6,1.08476
2009,03,19,7,0.658771
2009,03,20,0,0.8648859999999999
2009,03,20,1,0.807801
2009,03,20,2,0.659516
2009,03,20,3,0.716554
2009,03,20,4,0.8849859999999999
2009,03,20,5,1.06423
2009,03,20,6,1.31086
2009,03,20,7,1.68451
2009,03,21,0,2.23611
2009,03,21,1,2.70494
2009,03,21,2,3.34989
2009,03,21,3,3.8216
2009,03,21,4,3.86858
2009,03,21,5,4.00257
2009,03,21,6,3.9236999999999997
2009,03,21,7,3.91918
2009,03,22,0,3.89483
2009,03,22,1,3.75356
2009,03,22,2,3.5662
2009,03,22,3,3.2919699999999996
2009,03,22,4,2.9277399999999996
2009,03,22,5,2.4652399999999997
2009,03,22,6,1.98633
2009,03,22,7,1.56099
2009,03,23,0,1.349
2009,03,23,1,1.45072
2009,03,23,2,1.5306300000000002
2009,03,23,3,1.38768
2009,03,23,4,0.945939
2009,03,23,5,0.823961
2009,03,23,6,1.0883699999999998
2009,03,23,7,1.3748699999999998
2009,03,24,0,1.49746
2009,03,24,1,1.70695
2009,03,24,2,1.99505
2009,03,24,3,3.11456
2009,03,24,4,4.93354
2009,03,24,5,4.61384
2009,03,24,6,3.80202
2009,03,24,7,2.4916
2009,03,25,0,1.86091
2009,03,25,1,1.5596199999999998
2009,03,25,2,1.4338499999999998
2009,03,25,3,2.3417199999999996
2009,03,25,4,3.93148
2009,03,25,5,6.82369
2009,03,25,6,8.30364
2009,03,25,7,6.5409
2009,03,26,0,4.15403
2009,03,26,1,4.6631800000000005
2009,03,26,2,3.673
2009,03,26,3,2.27018
2009,03,26,4,2.1365700000000003
2009,03,26,5,2.60404
2009,03,26,6,2.47612
2009,03,26,7,2.30565
2009,03,27,0,2.23279
2009,03,27,1,1.9189
2009,03,27,2,1.5358800000000001
2009,03,27,3,1.65545
2009,03,27,4,2.50728
2009,03,27,5,2.7441999999999998
2009,03,27,6,3.09918
2009,03,27,7,3.5628
2009,03,28,0,4.22914
2009,03,28,1,4.8681
2009,03,28,2,5.72616
2009,03,28,3,6.0687
2009,03,28,4,5.20383
2009,03,28,5,3.41169
2009,03,28,6,2.48283
2009,03,28,7,2.7674000000000003
2009,03,29,0,3.0228699999999997
2009,03,29,1,2.7840700000000003
2009,03,29,2,3.6108200000000004
2009,03,29,3,4.0315900000000005
2009,03,29,4,3.87383
2009,03,29,5,3.9403200000000003
2009,03,29,6,3.53982
2009,03,29,7,2.87897
2009,03,30,0,2.76631
2009,03,30,1,2.8406599999999997
2009,03,30,2,2.65644
2009,03,30,3,2.40111
2009,03,30,4,2.17092
2009,03,30,5,1.83371
2009,03,30,6,1.58361
2009,03,30,7,1.47919
2009,03,31,0,1.4370999999999998
2009,03,31,1,1.2844200000000001
2009,03,31,2,1.21732
2009,03,31,3,1.10075
2009,03,31,4,0.990136
2009,03,31,5,0.825021
2009,03,31,6,0.599121
2009,03,31,7,0.506229
2010,03,1,0,0.5858519999999999
2010,03,1,1,0.7145119999999999
2010,03,1,2,0.86382
2010,03,1,3,1.3029600000000001
2010,03,1,4,2.59798
2010,03,1,5,4.9093800000000005
2010,03,1,6,4.60951
2010,03,1,7,3.2916999999999996
2010,03,2,0,3.25029
2010,03,2,1,4.16526
2010,03,2,2,4.593859999999999
2010,03,2,3,4.434609999999999
2010,03,2,4,3.62675
2010,03,2,5,2.51354
2010,03,2,6,2.22321
2010,03,2,7,1.9251500000000001
2010,03,3,0,1.7602
2010,03,3,1,2.17391
2010,03,3,2,3.0676799999999997
2010,03,3,3,4.0673
2010,03,3,4,3.7108600000000003
2010,03,3,5,2.17667
2010,03,3,6,1.53311
2010,03,3,7,0.816413
2010,03,4,0,0.821331
2010,03,4,1,1.02012
2010,03,4,2,1.2381
2010,03,4,3,1.4501400000000002
2010,03,4,4,1.72929
2010,03,4,5,1.7387000000000001
2010,03,4,6,1.53183
2010,03,4,7,1.42819
2010,03,5,0,1.58999
2010,03,5,1,1.79675
2010,03,5,2,1.7285899999999998
2010,03,5,3,1.45736
2010,03,5,4,1.2572999999999999
2010,03,5,5,1.1854500000000001
2010,03,5,6,1.1027799999999999
2010,03,5,7,1.0511300000000001
2010,03,6,0,0.9498840000000001
2010,03,6,1,0.8289719999999999
2010,03,6,2,0.6409729999999999
2010,03,6,3,0.535934
2010,03,6,4,0.6000679999999999
2010,03,6,5,0.8195549999999999
2010,03,6,6,1.1238299999999999
2010,03,6,7,1.57046
2010,03,7,0,1.6013499999999998
2010,03,7,1,1.57443
2010,03,7,2,1.58573
2010,03,7,3,2.4339
2010,03,7,4,3.72781
2010,03,7,5,2.7633
2010,03,7,6,4.56353
2010,03,7,7,5.29869
2010,03,8,0,5.18767
2010,03,8,1,4.583
2010,03,8,2,4.78702
2010,03,8,3,6.53736
2010,03,8,4,7.97194
2010,03,8,5,7.86566
2010,03,8,6,3.88803
2010,03,8,7,1.47172
2010,03,9,0,2.09152
2010,03,9,1,2.3978099999999998
2010,03,9,2,3.00862
2010,03,9,3,3.90686
2010,03,9,4,6.69774
2010,03,9,5,7.61275
2010,03,9,6,6.56139
2010,03,9,7,6.07976
2010,03,10,0,5.318
2010,03,10,1,5.38578
2010,03,10,2,4.85675
2010,03,10,3,2.94224
2010,03,10,4,3.73875
2010,03,10,5,4.83837
2010,03,10,6,7.14696
2010,03,10,7,7.203060000000001
2010,03,11,0,7.57015
2010,03,11,1,7.1378699999999995
2010,03,11,2,7.8903
2010,03,11,3,9.492
2010,03,11,4,10.137799999999999
2010,03,11,5,9.161700000000002
2010,03,11,6,7.62042
2010,03,11,7,5.14593
2010,03,12,0,2.9507800000000004
2010,03,12,1,2.98414
2010,03,12,2,5.03334
2010,03,12,3,8.99931
2010,03,12,4,8.13262
2010,03,12,5,8.24526
2010,03,12,6,6.51018
2010,03,12,7,4.83828
2010,03,13,0,5.29249
2010,03,13,1,4.81532
2010,03,13,2,3.6039299999999996
2010,03,13,3,4.33441
2010,03,13,4,4.58036
2010,03,13,5,4.0091399999999995
2010,03,13,6,5.49146
2010,03,13,7,5.189310000000001
2010,03,14,0,3.62304
2010,03,14,1,3.65876
2010,03,14,2,3.91794
2010,03,14,3,4.10332
2010,03,14,4,4.76444
2010,03,14,5,4.341939999999999
2010,03,14,6,3.82938
2010,03,14,7,5.1218699999999995
2010,03,15,0,6.13183
2010,03,15,1,5.7856499999999995
2010,03,15,2,5.0160100000000005
2010,03,15,3,3.67436
2010,03,15,4,4.05755
2010,03,15,5,4.36961
2010,03,15,6,4.843
2010,03,15,7,5.48309
2010,03,16,0,5.31771
2010,03,16,1,2.9524899999999996
2010,03,16,2,2.70085
2010,03,16,3,3.67734
2010,03,16,4,2.65076
2010,03,16,5,2.0365699999999998
2010,03,16,6,1.87317
2010,03,16,7,2.00507
2010,03,17,0,1.9356900000000001
2010,03,17,1,1.98076
2010,03,17,2,2.47634
2010,03,17,3,2.34384
2010,03,17,4,1.63128
2010,03,17,5,1.4213099999999999
2010,03,17,6,2.40535
2010,03,17,7,5.96967
2010,03,18,0,4.325189999999999
2010,03,18,1,3.6565700000000003
2010,03,18,2,2.9421399999999998
2010,03,18,3,1.93678
2010,03,18,4,2.1650300000000002
2010,03,18,5,3.37156
2010,03,18,6,6.41928
2010,03,18,7,4.25227
2010,03,19,0,3.49143
2010,03,19,1,4.93266
2010,03,19,2,5.5071
2010,03,19,3,4.62271
2010,03,19,4,3.08059
2010,03,19,5,2.69133
2010,03,19,6,2.2252899999999998
2010,03,19,7,1.8850799999999999
2010,03,20,0,1.9143
2010,03,20,1,2.45239
2010,03,20,2,3.0568899999999997
2010,03,20,3,3.0605100000000003
2010,03,20,4,3.04256
2010,03,20,5,2.20452
2010,03,20,6,2.3095700000000003
2010,03,20,7,2.7719
2010,03,21,0,2.6738600000000003
2010,03,21,1,3.5238899999999997
2010,03,21,2,4.511609999999999
2010,03,21,3,5.1002600000000005
2010,03,21,4,4.5492
2010,03,21,5,3.61597
2010,03,21,6,2.9594099999999997
2010,03,21,7,3.0644400000000003
2010,03,22,0,2.9805
2010,03,22,1,3.08413
2010,03,22,2,3.16055
2010,03,22,3,3.0772199999999996
2010,03,22,4,3.2036599999999997
2010,03,22,5,3.3107800000000003
2010,03,22,6,3.5364299999999997
2010,03,22,7,3.9360999999999997
2010,03,23,0,3.69733
2010,03,23,1,3.5498499999999997
2010,03,23,2,3.59429
2010,03,23,3,3.60692
2010,03,23,4,3.52208
2010,03,23,5,3.43331
2010,03,23,6,3.3126700000000002
2010,03,23,7,3.2762
2010,03,24,0,3.11816
2010,03,24,1,3.09516
2010,03,24,2,3.26473
2010,03,24,3,3.2325999999999997
2010,03,24,4,3.12256
2010,03,24,5,2.94666
2010,03,24,6,2.75446
2010,03,24,7,2.55301
2010,03,25,0,2.39839
2010,03,25,1,2.32363
2010,03,25,2,2.24104
2010,03,25,3,2.18064
2010,03,25,4,2.1029400000000003
2010,03,25,5,2.05053
2010,03,25,6,2.12006
2010,03,25,7,2.0989400000000002
2010,03,26,0,2.14425
2010,03,26,1,2.22927
2010,03,26,2,2.03891
2010,03,26,3,1.6717
2010,03,26,4,1.15391
2010,03,26,5,0.732217
2010,03,26,6,0.660513
2010,03,26,7,0.660848
2010,03,27,0,0.6749059999999999
2010,03,27,1,0.771301
2010,03,27,2,0.8265549999999999
2010,03,27,3,0.9770800000000001
2010,03,27,4,1.41045
2010,03,27,5,1.9043299999999999
2010,03,27,6,2.19846
2010,03,27,7,2.23592
2010,03,28,0,2.2236700000000003
2010,03,28,1,2.22479
2010,03,28,2,2.72261
2010,03,28,3,3.50742
2010,03,28,4,4.36112
2010,03,28,5,4.317810000000001
2010,03,28,6,4.5253000000000005
2010,03,28,7,5.42339
2010,03,29,0,6.253010000000001
2010,03,29,1,6.48738
2010,03,29,2,6.54577
2010,03,29,3,6.91272
2010,03,29,4,7.43787
2010,03,29,5,7.00538
2010,03,29,6,6.63659
2010,03,29,7,6.018260000000001
2010,03,30,0,5.67866
2010,03,30,1,5.36197
2010,03,30,2,4.8432200000000005
2010,03,30,3,4.5077799999999995
2010,03,30,4,4.33692
2010,03,30,5,4.28967
2010,03,30,6,4.5219499999999995
2010,03,30,7,5.21399
2010,03,31,0,5.703189999999999
2010,03,31,1,5.53179
2010,03,31,2,5.332199999999999
2010,03,31,3,5.22442
2010,03,31,4,5.1934499999999995
2010,03,31,5,5.30361
2010,03,31,6,5.42448
2010,03,31,7,5.3566899999999995
2010,03,1,0,4.91856
2010,03,1,1,3.78197
2010,03,1,2,3.28747
2010,03,1,3,3.07246
2010,03,1,4,2.99497
2010,03,1,5,3.0785
2010,03,1,6,3.175
2010,03,1,7,3.19605
2010,03,2,0,3.07627
2010,03,2,1,2.89762
2010,03,2,2,2.84459
2010,03,2,3,2.78127
2010,03,2,4,2.58281
2010,03,2,5,2.39499
2010,03,2,6,2.08459
2010,03,2,7,1.83539
2010,03,3,0,1.97669
2010,03,3,1,2.04497
2010,03,3,2,2.67526
2010,03,3,3,2.63387
2010,03,3,4,2.47513
2010,03,3,5,2.11942
2010,03,3,6,2.03956
2010,03,3,7,2.02035
2010,03,4,0,1.82399
2010,03,4,1,1.74109
2010,03,4,2,1.84826
2010,03,4,3,2.0305
2010,03,4,4,2.3636999999999997
2010,03,4,5,1.9283299999999999
2010,03,4,6,2.08345
2010,03,4,7,2.69243
2010,03,5,0,3.07474
2010,03,5,1,3.09613
2010,03,5,2,3.02716
2010,03,5,3,2.95862
2010,03,5,4,2.66613
2010,03,5,5,2.57162
2010,03,5,6,2.30935
2010,03,5,7,1.98726
2010,03,6,0,1.91723
2010,03,6,1,1.83922
2010,03,6,2,1.62781
2010,03,6,3,1.7763900000000001
2010,03,6,4,2.8000599999999998
2010,03,6,5,4.0321
2010,03,6,6,4.54677
2010,03,6,7,4.261220000000001
2010,03,7,0,3.1643000000000003
2010,03,7,1,2.18507
2010,03,7,2,1.90349
2010,03,7,3,1.73868
2010,03,7,4,1.64703
2010,03,7,5,1.86873
2010,03,7,6,2.2120900000000003
2010,03,7,7,2.3286
2010,03,8,0,2.4990300000000003
2010,03,8,1,2.6485100000000004
2010,03,8,2,2.92329
2010,03,8,3,3.26942
2010,03,8,4,3.03102
2010,03,8,5,2.69748
2010,03,8,6,2.74606
2010,03,8,7,2.70075
2010,03,9,0,2.58023
2010,03,9,1,2.71152
2010,03,9,2,3.20979
2010,03,9,3,4.0385100000000005
2010,03,9,4,4.3822399999999995
2010,03,9,5,3.57258
2010,03,9,6,2.9878899999999997
2010,03,9,7,3.4542800000000002
2010,03,10,0,4.13587
2010,03,10,1,3.36884
2010,03,10,2,2.27002
2010,03,10,3,1.84936
2010,03,10,4,1.21526
2010,03,10,5,0.766317
2010,03,10,6,0.652693
2010,03,10,7,0.808604
2010,03,11,0,1.13894
2010,03,11,1,1.13977
2010,03,11,2,0.990407
2010,03,11,3,1.70887
2010,03,11,4,2.9362600000000003
2010,03,11,5,3.98613
2010,03,11,6,4.2216000000000005
2010,03,11,7,3.9293
2010,03,12,0,3.4976700000000003
2010,03,12,1,3.24524
2010,03,12,2,2.90044
2010,03,12,3,3.0706700000000002
2010,03,12,4,3.7597899999999997
2010,03,12,5,5.33195
2010,03,12,6,6.667859999999999
2010,03,12,7,6.533510000000001
2010,03,13,0,6.10286
2010,03,13,1,4.40564
2010,03,13,2,3.8135
2010,03,13,3,3.2978400000000003
2010,03,13,4,2.47758
2010,03,13,5,3.36529
2010,03,13,6,3.88389
2010,03,13,7,2.63248
2010,03,14,0,2.21908
2010,03,14,1,2.4530700000000003
2010,03,14,2,3.09613
2010,03,14,3,3.53846
2010,03,14,4,5.11132
2010,03,14,5,6.69942
2010,03,14,6,6.79527
2010,03,14,7,6.27263
2010,03,15,0,5.34387
2010,03,15,1,3.76757
2010,03,15,2,2.66185
2010,03,15,3,2.29286
2010,03,15,4,1.75977
2010,03,15,5,1.2100499999999998
2010,03,15,6,1.21714
2010,03,15,7,1.22845
2010,03,16,0,1.08561
2010,03,16,1,0.95666
2010,03,16,2,0.9675969999999999
2010,03,16,3,1.0881800000000001
2010,03,16,4,1.18965
2010,03,16,5,1.2411800000000002
2010,03,16,6,1.4081700000000001
2010,03,16,7,1.9528299999999998
2010,03,17,0,3.99282
2010,03,17,1,5.66408
2010,03,17,2,5.88241
2010,03,17,3,5.703060000000001
2010,03,17,4,5.19621
2010,03,17,5,4.05099
2010,03,17,6,2.51285
2010,03,17,7,1.27151
2010,03,18,0,1.30274
2010,03,18,1,1.28125
2010,03,18,2,1.57778
2010,03,18,3,2.20804
2010,03,18,4,2.60569
2010,03,18,5,3.41606
2010,03,18,6,3.89433
2010,03,18,7,3.70936
2010,03,19,0,3.27722
2010,03,19,1,3.3331
2010,03,19,2,3.81244
2010,03,19,3,3.71639
2010,03,19,4,3.7884499999999997
2010,03,19,5,4.181979999999999
2010,03,19,6,4.70257
2010,03,19,7,4.50349
2010,03,20,0,3.7381599999999997
2010,03,20,1,3.74604
2010,03,20,2,4.3551899999999995
2010,03,20,3,4.61017
2010,03,20,4,4.86057
2010,03,20,5,4.63012
2010,03,20,6,4.05684
2010,03,20,7,3.43217
2010,03,21,0,2.80469
2010,03,21,1,2.06716
2010,03,21,2,1.66879
2010,03,21,3,1.75892
2010,03,21,4,1.998
2010,03,21,5,1.84301
2010,03,21,6,2.0311500000000002
2010,03,21,7,2.11655
2010,03,22,0,2.2574099999999997
2010,03,22,1,2.32846
2010,03,22,2,2.3471100000000003
2010,03,22,3,2.523
2010,03,22,4,2.48894
2010,03,22,5,2.4141
2010,03,22,6,2.00012
2010,03,22,7,1.86283
2010,03,23,0,1.83365
2010,03,23,1,2.24143
2010,03,23,2,1.84761
2010,03,23,3,1.68489
2010,03,23,4,1.78366
2010,03,23,5,1.69924
2010,03,23,6,1.68876
2010,03,23,7,2.40709
2010,03,24,0,3.67171
2010,03,24,1,3.1347300000000002
2010,03,24,2,3.26901
2010,03,24,3,3.31518
2010,03,24,4,2.92483
2010,03,24,5,2.10473
2010,03,24,6,2.0886
2010,03,24,7,2.51532
2010,03,25,0,2.6862399999999997
2010,03,25,1,4.56028
2010,03,25,2,4.41303
2010,03,25,3,3.02515
2010,03,25,4,3.06861
2010,03,25,5,3.60367
2010,03,25,6,3.3413600000000003
2010,03,25,7,3.39349
2010,03,26,0,3.12406
2010,03,26,1,2.9412
2010,03,26,2,3.3075300000000003
2010,03,26,3,3.1546399999999997
2010,03,26,4,2.4891799999999997
2010,03,26,5,2.65104
2010,03,26,6,2.75583
2010,03,26,7,2.8202399999999996
2010,03,27,0,3.22044
2010,03,27,1,4.01558
2010,03,27,2,4.74137
2010,03,27,3,5.319100000000001
2010,03,27,4,5.75015
2010,03,27,5,5.99938
2010,03,27,6,6.2207
2010,03,27,7,6.201029999999999
2010,03,28,0,6.02688
2010,03,28,1,5.6282700000000006
2010,03,28,2,5.09584
2010,03,28,3,4.3136
2010,03,28,4,3.21244
2010,03,28,5,2.3724000000000003
2010,03,28,6,2.19331
2010,03,28,7,2.35923
2010,03,1,0,3.73755
2010,03,1,1,5.677020000000001
2010,03,1,2,5.96245
2010,03,1,3,5.1783
2010,03,1,4,5.2910699999999995
2010,03,1,5,5.04145
2010,03,1,6,5.9304499999999996
2010,03,1,7,6.6484499999999995
2010,03,2,0,5.89398
2010,03,2,1,6.22413
2010,03,2,2,7.06353
2010,03,2,3,7.12359
2010,03,2,4,6.97508
2010,03,2,5,7.17723
2010,03,2,6,7.45524
2010,03,2,7,7.55274
2010,03,3,0,7.78245
2010,03,3,1,7.68442
2010,03,3,2,7.2479499999999994
2010,03,3,3,6.0385
2010,03,3,4,4.78568
2010,03,3,5,3.83066
2010,03,3,6,3.69023
2010,03,3,7,3.5299099999999997
2010,03,4,0,3.22121
2010,03,4,1,1.92845
2010,03,4,2,1.24702
2010,03,4,3,1.23882
2010,03,4,4,1.29794
2010,03,4,5,1.77935
2010,03,4,6,1.97896
2010,03,4,7,1.96729
2010,03,5,0,1.72555
2010,03,5,1,1.8666099999999999
2010,03,5,2,3.10195
2010,03,5,3,3.19899
2010,03,5,4,2.44354
2010,03,5,5,3.68648
2010,03,5,6,4.42779
2010,03,5,7,4.69537
2010,03,6,0,3.8672
2010,03,6,1,2.88747
2010,03,6,2,2.50304
2010,03,6,3,3.14828
2010,03,6,4,4.13495
2010,03,6,5,4.73439
2010,03,6,6,3.8886
2010,03,6,7,2.98711
2010,03,7,0,2.32107
2010,03,7,1,2.00153
2010,03,7,2,1.89255
2010,03,7,3,1.9983
2010,03,7,4,2.57631
2010,03,7,5,2.6982199999999996
2010,03,7,6,3.0501
2010,03,7,7,3.98499
2010,03,8,0,4.51971
2010,03,8,1,4.76174
2010,03,8,2,4.71704
2010,03,8,3,4.09948
2010,03,8,4,3.03802
2010,03,8,5,2.18634
2010,03,8,6,1.27071
2010,03,8,7,0.327714
2010,03,9,0,0.635969
2010,03,9,1,0.8019109999999999
2010,03,9,2,0.582777
2010,03,9,3,0.48086900000000005
2010,03,9,4,0.6150370000000001
2010,03,9,5,0.687296
2010,03,9,6,0.541157
2010,03,9,7,0.441577
2010,03,10,0,0.753433
2010,03,10,1,0.883654
2010,03,10,2,0.88801
2010,03,10,3,0.7899400000000001
2010,03,10,4,1.07041
2010,03,10,5,2.16405
2010,03,10,6,2.86762
2010,03,10,7,2.40669
2010,03,11,0,2.41211
2010,03,11,1,2.5828
2010,03,11,2,2.54475
2010,03,11,3,3.0151999999999997
2010,03,11,4,3.6653000000000002
2010,03,11,5,3.90643
2010,03,11,6,4.0169299999999994
2010,03,11,7,3.49711
2010,03,12,0,3.39363
2010,03,12,1,1.69624
2010,03,12,2,1.8666099999999999
2010,03,12,3,1.44376
2010,03,12,4,1.2630599999999998
2010,03,12,5,1.06755
2010,03,12,6,1.03342
2010,03,12,7,1.3917599999999999
2010,03,13,0,1.76253
2010,03,13,1,1.78445
2010,03,13,2,1.8752
2010,03,13,3,1.9993800000000002
2010,03,13,4,1.7981800000000001
2010,03,13,5,1.1478499999999998
2010,03,13,6,0.479057
2010,03,13,7,0.327159
2010,03,14,0,0.48731599999999997
2010,03,14,1,0.922438
2010,03,14,2,1.88222
2010,03,14,3,2.8487
2010,03,14,4,3.66449
2010,03,14,5,3.1660100000000004
2010,03,14,6,3.47988
2010,03,14,7,4.511609999999999
2010,03,15,0,4.55392
2010,03,15,1,4.83825
2010,03,15,2,6.45634
2010,03,15,3,7.22307
2010,03,15,4,4.1082
2010,03,15,5,1.38269
2010,03,15,6,3.0613699999999997
2010,03,15,7,5.1102
2010,03,16,0,2.08681
2010,03,16,1,2.3306
2010,03,16,2,3.41634
2010,03,16,3,6.35852
2010,03,16,4,7.16236
2010,03,16,5,7.1292
2010,03,16,6,8.35788
2010,03,16,7,8.267479999999999
2010,03,17,0,8.6274
2010,03,17,1,8.63688
2010,03,17,2,7.458
2010,03,17,3,2.5369200000000003
2010,03,17,4,3.28156
2010,03,17,5,4.13328
2010,03,17,6,4.09694
2010,03,17,7,4.28955
2010,03,18,0,4.39812
2010,03,18,1,4.07892
2010,03,18,2,3.94969
2010,03,18,3,3.58828
2010,03,18,4,2.99764
2010,03,18,5,2.60561
2010,03,18,6,2.3611500000000003
2010,03,18,7,2.21173
2010,03,19,0,2.37017
2010,03,19,1,2.24309
2010,03,19,2,1.69992
2010,03,19,3,1.31828
2010,03,19,4,1.09709
2010,03,19,5,1.1116300000000001
2010,03,19,6,1.4589100000000002
2010,03,19,7,2.3138400000000003
2010,03,20,0,3.5201100000000003
2010,03,20,1,4.91813
2010,03,20,2,4.9005
2010,03,20,3,3.67633
2010,03,20,4,4.70867
2010,03,20,5,4.68298
2010,03,20,6,4.46446
2010,03,20,7,4.21312
2010,03,21,0,3.3673
2010,03,21,1,2.73125
2010,03,21,2,2.3141599999999998
2010,03,21,3,2.37069
2010,03,21,4,3.0782
2010,03,21,5,3.88793
2010,03,21,6,3.96435
2010,03,21,7,4.01197
2010,03,22,0,3.98056
2010,03,22,1,3.7900500000000004
2010,03,22,2,3.62178
2010,03,22,3,3.5543400000000003
2010,03,22,4,3.65535
2010,03,22,5,3.6676100000000003
2010,03,22,6,3.4661999999999997
2010,03,22,7,3.2086
2010,03,23,0,3.3155300000000003
2010,03,23,1,3.78453
2010,03,23,2,3.7531399999999997
2010,03,23,3,3.63562
2010,03,23,4,3.60741
2010,03,23,5,3.55252
2010,03,23,6,3.47969
2010,03,23,7,3.79806
2010,03,24,0,4.1892700000000005
2010,03,24,1,4.61331
2010,03,24,2,4.53698
2010,03,24,3,4.331810000000001
2010,03,24,4,4.27292
2010,03,24,5,4.32193
2010,03,24,6,4.3969
2010,03,24,7,4.75206
2010,03,25,0,4.934609999999999
2010,03,25,1,5.28834
2010,03,25,2,5.88312
2010,03,25,3,5.4808699999999995
2010,03,25,4,5.96212
2010,03,25,5,6.04631
2010,03,25,6,5.7408
2010,03,25,7,4.93816
2010,03,26,0,4.91282
2010,03,26,1,5.38542
2010,03,26,2,5.20015
2010,03,26,3,4.83504
2010,03,26,4,4.63036
2010,03,26,5,4.7367799999999995
2010,03,26,6,4.76597
2010,03,26,7,4.7994200000000005
2010,03,27,0,3.82417
2010,03,27,1,2.84954
2010,03,27,2,2.47336
2010,03,27,3,4.175680000000001
2010,03,27,4,5.3406400000000005
2010,03,27,5,4.93581
2010,03,27,6,4.50901
2010,03,27,7,4.27288
2010,03,28,0,5.09315
2010,03,28,1,5.050140000000001
2010,03,28,2,5.49299
2010,03,28,3,6.004899999999999
2010,03,28,4,5.99542
2010,03,28,5,4.09442
2010,03,28,6,3.9656700000000003
2010,03,28,7,3.6733200000000004
2010,03,29,0,2.38037
2010,03,29,1,1.80697
2010,03,29,2,3.01708
2010,03,29,3,4.1273100000000005
2010,03,29,4,3.81723
2010,03,29,5,4.10709
2010,03,29,6,4.78221
2010,03,29,7,4.9283
2010,03,30,0,4.14363
2010,03,30,1,2.7176
2010,03,30,2,2.3339299999999996
2010,03,30,3,2.0353399999999997
2010,03,30,4,1.91143
2010,03,30,5,1.5596400000000001
2010,03,30,6,1.57549
2010,03,30,7,2.18657
2010,03,31,0,2.41566
2010,03,31,1,2.35442
2010,03,31,2,2.33179
2010,03,31,3,2.2025
2010,03,31,4,2.32916
2010,03,31,5,2.50103
2010,03,31,6,2.6796599999999997
2010,03,31,7,2.85273
2010,03,1,0,2.70267
2010,03,1,1,2.4475100000000003
2010,03,1,2,2.26473
2010,03,1,3,1.92411
2010,03,1,4,1.83514
2010,03,1,5,1.78433
2010,03,1,6,1.9342300000000001
2010,03,1,7,2.11961
2010,03,2,0,2.20364
2010,03,2,1,2.6426399999999997
2010,03,2,2,2.63756
2010,03,2,3,2.46487
2010,03,2,4,2.12295
2010,03,2,5,2.38148
2010,03,2,6,2.58917
2010,03,2,7,3.07821
2010,03,3,0,3.3947399999999996
2010,03,3,1,3.91407
2010,03,3,2,4.59752
2010,03,3,3,4.443989999999999
2010,03,3,4,3.99982
2010,03,3,5,3.7447600000000003
2010,03,3,6,3.77279
2010,03,3,7,3.80885
2010,03,4,0,3.74763
2010,03,4,1,3.77998
2010,03,4,2,3.25906
2010,03,4,3,2.70005
2010,03,4,4,2.02463
2010,03,4,5,1.0753499999999998
2010,03,4,6,0.9759500000000001
2010,03,4,7,1.678
2010,03,5,0,1.76428
2010,03,5,1,1.7521300000000002
2010,03,5,2,2.06929
2010,03,5,3,2.38942
2010,03,5,4,2.11331
2010,03,5,5,1.61123
2010,03,5,6,1.43266
2010,03,5,7,1.49017
2010,03,6,0,1.5173299999999998
2010,03,6,1,1.27966
2010,03,6,2,1.51328
2010,03,6,3,2.24417
2010,03,6,4,2.60356
2010,03,6,5,2.57677
2010,03,6,6,2.77555
2010,03,6,7,3.29779
2010,03,7,0,4.01712
2010,03,7,1,2.78338
2010,03,7,2,2.18639
2010,03,7,3,3.0651100000000002
2010,03,7,4,3.41935
2010,03,7,5,4.01718
2010,03,7,6,4.82859
2010,03,7,7,4.69864
2010,03,8,0,4.34625
2010,03,8,1,4.625520000000001
2010,03,8,2,4.65325
2010,03,8,3,4.12722
2010,03,8,4,3.98629
2010,03,8,5,3.33811
2010,03,8,6,3.09422
2010,03,8,7,2.5546100000000003
2010,03,9,0,2.03922
2010,03,9,1,1.3810499999999999
2010,03,9,2,1.27272
2010,03,9,3,1.32576
2010,03,9,4,1.29413
2010,03,9,5,2.0173
2010,03,9,6,2.20502
2010,03,9,7,1.7205899999999998
2010,03,10,0,1.62008
2010,03,10,1,1.52701
2010,03,10,2,1.36671
2010,03,10,3,1.05324
2010,03,10,4,1.0753599999999999
2010,03,10,5,1.49986
2010,03,10,6,2.3466
2010,03,10,7,2.74405
2010,03,11,0,2.6293200000000003
2010,03,11,1,2.4701
2010,03,11,2,2.4429499999999997
2010,03,11,3,2.37087
2010,03,11,4,2.0365699999999998
2010,03,11,5,1.69885
2010,03,11,6,1.47874
2010,03,11,7,1.1994200000000002
2010,03,12,0,1.0831600000000001
2010,03,12,1,1.05614
2010,03,12,2,1.48084
2010,03,12,3,1.8853499999999999
2010,03,12,4,2.48146
2010,03,12,5,2.9693899999999998
2010,03,12,6,3.00559
2010,03,12,7,3.27923
2010,03,13,0,3.3465
2010,03,13,1,3.3022
2010,03,13,2,3.2479400000000003
2010,03,13,3,3.10058
2010,03,13,4,3.5132399999999997
2010,03,13,5,4.18253
2010,03,13,6,3.8731
2010,03,13,7,3.0101
2010,03,14,0,2.04068
2010,03,14,1,1.01959
2010,03,14,2,0.5625990000000001
2010,03,14,3,2.44279
2010,03,14,4,4.15712
2010,03,14,5,2.0457
2010,03,14,6,2.10168
2010,03,14,7,2.09369
2010,03,15,0,2.52081
2010,03,15,1,2.4131
2010,03,15,2,1.99319
2010,03,15,3,1.8408900000000001
2010,03,15,4,1.7504000000000002
2010,03,15,5,1.4959200000000001
2010,03,15,6,1.25258
2010,03,15,7,1.14954
2010,03,16,0,1.26183
2010,03,16,1,1.39813
2010,03,16,2,1.49828
2010,03,16,3,1.4447
2010,03,16,4,2.01138
2010,03,16,5,2.24288
2010,03,16,6,3.08508
2010,03,16,7,3.26902
2010,03,17,0,3.80848
2010,03,17,1,3.88248
2010,03,17,2,3.63385
2010,03,17,3,3.0019899999999997
2010,03,17,4,3.50884
2010,03,17,5,4.56575
2010,03,17,6,4.96847
2010,03,17,7,5.23166
2010,03,18,0,7.17891
2010,03,18,1,7.814520000000001
2010,03,18,2,7.497520000000001
2010,03,18,3,7.75969
2010,03,18,4,7.63578
2010,03,18,5,7.89437
2010,03,18,6,7.854430000000001
2010,03,18,7,7.58733
2010,03,19,0,7.14253
2010,03,19,1,5.8415799999999996
2010,03,19,2,5.025180000000001
2010,03,19,3,5.40543
2010,03,19,4,5.65182
2010,03,19,5,5.725899999999999
2010,03,19,6,5.659800000000001
2010,03,19,7,5.790970000000001
2010,03,20,0,7.33925
2010,03,20,1,8.13488
2010,03,20,2,8.40532
2010,03,20,3,8.92458
2010,03,20,4,9.08489
2010,03,20,5,8.82269
2010,03,20,6,7.91442
2010,03,20,7,7.03128
2010,03,21,0,6.32424
2010,03,21,1,5.680560000000001
2010,03,21,2,5.79554
2010,03,21,3,5.51468
2010,03,21,4,5.05755
2010,03,21,5,4.72525
2010,03,21,6,4.90943
2010,03,21,7,5.88964
2010,03,22,0,6.81915
2010,03,22,1,7.46103
2010,03,22,2,10.5033
2010,03,22,3,10.5495
2010,03,22,4,6.6266300000000005
2010,03,22,5,3.23415
2010,03,22,6,2.66634
2010,03,22,7,3.91753
2010,03,23,0,4.876270000000001
2010,03,23,1,4.75426
2010,03,23,2,4.55016
2010,03,23,3,3.54419
2010,03,23,4,3.40337
2010,03,23,5,4.38551
2010,03,23,6,4.8194099999999995
2010,03,23,7,3.91865
2010,03,24,0,3.414
2010,03,24,1,3.22852
2010,03,24,2,2.9451300000000002
2010,03,24,3,2.21475
2010,03,24,4,1.95099
2010,03,24,5,2.1427899999999998
2010,03,24,6,2.80656
2010,03,24,7,3.4873000000000003
2010,03,25,0,3.5641
2010,03,25,1,3.25115
2010,03,25,2,2.5866100000000003
2010,03,25,3,2.08855
2010,03,25,4,2.09125
2010,03,25,5,2.50204
2010,03,25,6,2.66054
2010,03,25,7,2.84868
2010,03,26,0,3.09543
2010,03,26,1,2.92956
2010,03,26,2,2.8388299999999997
2010,03,26,3,2.85637
2010,03,26,4,2.70348
2010,03,26,5,2.29427
2010,03,26,6,2.1630700000000003
2010,03,26,7,2.43709
2010,03,27,0,2.72031
2010,03,27,1,3.31938
2010,03,27,2,4.482069999999999
2010,03,27,3,5.594609999999999
2010,03,27,4,5.85438
2010,03,27,5,5.88424
2010,03,27,6,6.03686
2010,03,27,7,6.728470000000001
2010,03,28,0,7.25613
2010,03,28,1,6.95822
2010,03,28,2,6.71271
2010,03,28,3,7.085640000000001
2010,03,28,4,6.67073
2010,03,28,5,6.29275
2010,03,28,6,5.902340000000001
2010,03,28,7,5.64126
2010,03,29,0,5.34056
2010,03,29,1,4.849069999999999
2010,03,29,2,3.6724699999999997
2010,03,29,3,2.2580999999999998
2010,03,29,4,2.05236
2010,03,29,5,1.68974
2010,03,29,6,1.7956400000000001
2010,03,29,7,2.5823899999999997
2010,03,30,0,3.5215799999999997
2010,03,30,1,4.152399999999999
2010,03,30,2,4.57459
2010,03,30,3,4.23695
2010,03,30,4,3.44632
2010,03,30,5,2.98781
2010,03,30,6,3.1161999999999996
2010,03,30,7,3.4153200000000004
2010,03,1,0,3.37695
2010,03,1,1,3.46004
2010,03,1,2,3.69977
2010,03,1,3,4.63152
2010,03,1,4,3.94583
2010,03,1,5,3.69178
2010,03,1,6,4.83587
2010,03,1,7,4.96199
2010,03,2,0,4.94023
2010,03,2,1,3.8409299999999997
2010,03,2,2,3.6125700000000003
2010,03,2,3,3.25734
2010,03,2,4,3.22191
2010,03,2,5,3.46624
2010,03,2,6,3.75033
2010,03,2,7,3.49113
2010,03,3,0,3.54
2010,03,3,1,3.53497
2010,03,3,2,2.4739299999999997
2010,03,3,3,2.12826
2010,03,3,4,2.75704
2010,03,3,5,3.1106100000000003
2010,03,3,6,3.33903
2010,03,3,7,3.46686
2010,03,4,0,3.71418
2010,03,4,1,4.00559
2010,03,4,2,3.43823
2010,03,4,3,3.3358000000000003
2010,03,4,4,3.67191
2010,03,4,5,3.6099699999999997
2010,03,4,6,3.17893
2010,03,4,7,2.93524
2010,03,5,0,2.76134
2010,03,5,1,2.5528899999999997
2010,03,5,2,2.32317
2010,03,5,3,2.13575
2010,03,5,4,2.14319
2010,03,5,5,2.34534
2010,03,5,6,2.35238
2010,03,5,7,2.35632
2010,03,6,0,2.36163
2010,03,6,1,2.20058
2010,03,6,2,2.1034
2010,03,6,3,2.01601
2010,03,6,4,2.00063
2010,03,6,5,2.12547
2010,03,6,6,2.25179
2010,03,6,7,2.38256
2010,03,7,0,2.61885
2010,03,7,1,2.8033
2010,03,7,2,2.87292
2010,03,7,3,2.87825
2010,03,7,4,2.76156
2010,03,7,5,2.4916
2010,03,7,6,2.87148
2010,03,7,7,3.02756
2010,03,8,0,3.20202
2010,03,8,1,3.0343400000000003
2010,03,8,2,2.7221599999999997
2010,03,8,3,2.61075
2010,03,8,4,2.3835
2010,03,8,5,2.2539000000000002
2010,03,8,6,2.86309
2010,03,8,7,3.3774699999999998
2010,03,9,0,3.61281
2010,03,9,1,3.6485100000000004
2010,03,9,2,3.7356700000000003
2010,03,9,3,3.5668200000000003
2010,03,9,4,3.20118
2010,03,9,5,2.88035
2010,03,9,6,2.85104
2010,03,9,7,3.2883400000000003
2010,03,10,0,3.3315900000000003
2010,03,10,1,3.39104
2010,03,10,2,3.57646
2010,03,10,3,3.73385
2010,03,10,4,3.55545
2010,03,10,5,3.24569
2010,03,10,6,3.11561
2010,03,10,7,3.22007
2010,03,11,0,3.7333600000000002
2010,03,11,1,4.100689999999999
2010,03,11,2,4.150720000000001
2010,03,11,3,3.99694
2010,03,11,4,3.735
2010,03,11,5,4.01855
2010,03,11,6,4.46024
2010,03,11,7,4.39113
2010,03,12,0,4.55464
2010,03,12,1,4.96878
2010,03,12,2,4.9798599999999995
2010,03,12,3,4.73621
2010,03,12,4,3.55032
2010,03,12,5,2.4449
2010,03,12,6,2.52641
2010,03,12,7,2.84618
2010,03,13,0,6.23167
2010,03,13,1,7.68717
2010,03,13,2,5.78994
2010,03,13,3,3.2011100000000003
2010,03,13,4,2.0667
2010,03,13,5,2.7639
2010,03,13,6,3.44069
2010,03,13,7,4.87697
2010,03,14,0,5.4963500000000005
2010,03,14,1,5.90514
2010,03,14,2,5.816
2010,03,14,3,5.619
2010,03,14,4,5.32179
2010,03,14,5,5.3290299999999995
2010,03,14,6,5.7035100000000005
2010,03,14,7,6.1064099999999994
2010,03,15,0,6.19482
2010,03,15,1,5.65517
2010,03,15,2,5.02575
2010,03,15,3,5.15595
2010,03,15,4,5.7437
2010,03,15,5,6.1136099999999995
2010,03,15,6,6.176069999999999
2010,03,15,7,6.50497
2010,03,16,0,6.62601
2010,03,16,1,5.68205
2010,03,16,2,7.48829
2010,03,16,3,8.80721
2010,03,16,4,7.806850000000001
2010,03,16,5,8.311129999999999
2010,03,16,6,7.69782
2010,03,16,7,7.74125
2010,03,17,0,7.53354
2010,03,17,1,6.76384
2010,03,17,2,6.13727
2010,03,17,3,5.7841499999999995
2010,03,17,4,7.00204
2010,03,17,5,8.620659999999999
2010,03,17,6,8.12033
2010,03,17,7,6.95733
2010,03,18,0,7.60959
2010,03,18,1,8.52783
2010,03,18,2,9.74136
2010,03,18,3,11.2648
2010,03,18,4,13.004700000000001
2010,03,18,5,11.095799999999999
2010,03,18,6,9.49639
2010,03,18,7,11.638
2010,03,19,0,12.4323
2010,03,19,1,12.017299999999999
2010,03,19,2,12.5127
2010,03,19,3,11.1155
2010,03,19,4,11.1567
2010,03,19,5,12.1211
2010,03,19,6,10.710600000000001
2010,03,19,7,5.1808000000000005
2010,03,20,0,3.25275
2010,03,20,1,3.03573
2010,03,20,2,2.6255
2010,03,20,3,3.34927
2010,03,20,4,4.99868
2010,03,20,5,7.06343
2010,03,20,6,7.79113
2010,03,20,7,8.426549999999999
2010,03,21,0,8.33069
2010,03,21,1,7.68214
2010,03,21,2,7.36946
2010,03,21,3,8.18462
2010,03,21,4,9.1645
2010,03,21,5,9.37387
2010,03,21,6,9.82569
2010,03,21,7,9.52267
2010,03,22,0,8.817540000000001
2010,03,22,1,8.23278
2010,03,22,2,6.787739999999999
2010,03,22,3,6.24343
2010,03,22,4,5.88441
2010,03,22,5,5.2925
2010,03,22,6,5.06023
2010,03,22,7,4.98471
2010,03,23,0,4.88875
2010,03,23,1,4.65817
2010,03,23,2,4.28048
2010,03,23,3,3.75694
2010,03,23,4,3.4115
2010,03,23,5,3.5394099999999997
2010,03,23,6,3.52969
2010,03,23,7,3.9155300000000004
2010,03,24,0,3.94243
2010,03,24,1,3.40117
2010,03,24,2,3.00364
2010,03,24,3,2.8173000000000004
2010,03,24,4,2.9393200000000004
2010,03,24,5,3.9067399999999997
2010,03,24,6,4.99913
2010,03,24,7,5.09216
2010,03,25,0,4.88633
2010,03,25,1,4.6062899999999996
2010,03,25,2,4.30992
2010,03,25,3,4.06793
2010,03,25,4,4.16075
2010,03,25,5,4.37921
2010,03,25,6,4.0461100000000005
2010,03,25,7,4.55771
2010,03,26,0,4.86325
2010,03,26,1,5.05302
2010,03,26,2,5.40186
2010,03,26,3,5.47182
2010,03,26,4,5.4462
2010,03,26,5,5.14232
2010,03,26,6,5.222180000000001
2010,03,26,7,6.16526
2010,03,27,0,6.00066
2010,03,27,1,5.71872
2010,03,27,2,4.6492700000000005
2010,03,27,3,4.17017
2010,03,27,4,4.67349
2010,03,27,5,4.41271
2010,03,27,6,3.01405
2010,03,27,7,2.92132
2010,03,28,0,3.8419299999999996
2010,03,28,1,4.27352
2010,03,28,2,4.68576
2010,03,28,3,4.35537
2010,03,28,4,4.22136
2010,03,28,5,2.5838400000000004
2010,03,28,6,2.20871
2010,03,28,7,3.6735700000000002
2010,03,29,0,4.91237
2010,03,29,1,5.48191
2010,03,29,2,5.58517
2010,03,29,3,4.639069999999999
2010,03,29,4,4.27283
2010,03,29,5,4.81825
2010,03,29,6,5.63096
2010,03,29,7,6.158810000000001
2010,03,30,0,6.53724
2010,03,30,1,6.72657
2010,03,30,2,6.67912
2010,03,30,3,6.9587200000000005
2010,03,30,4,7.14615
2010,03,30,5,7.01116
2010,03,30,6,6.27284
2010,03,30,7,6.120760000000001
2010,03,31,0,6.51854
2010,03,31,1,6.51313
2010,03,31,2,6.00237
2010,03,31,3,3.62679
2010,03,31,4,3.19604
2010,03,31,5,2.88373
2010,03,31,6,3.17246
2010,03,31,7,3.55421
2010,03,1,0,3.8681900000000002
2010,03,1,1,4.17196
2010,03,1,2,3.96186
2010,03,1,3,4.07621
2010,03,1,4,4.528569999999999
2010,03,1,5,4.879149999999999
2010,03,1,6,5.07295
2010,03,1,7,5.89827
2010,03,2,0,6.6559099999999995
2010,03,2,1,7.09228
2010,03,2,2,8.420969999999999
2010,03,2,3,8.24437
2010,03,2,4,8.10483
2010,03,2,5,8.18915
2010,03,2,6,7.2809
2010,03,2,7,8.47901
2010,03,3,0,10.5974
2010,03,3,1,10.337200000000001
2010,03,3,2,10.266399999999999
2010,03,3,3,9.23103
2010,03,3,4,8.58855
2010,03,3,5,8.924430000000001
2010,03,3,6,9.25436
2010,03,3,7,8.42248
2010,03,4,0,7.57812
2010,03,4,1,6.92405
2010,03,4,2,7.19046
2010,03,4,3,7.42978
2010,03,4,4,6.67305
2010,03,4,5,5.60181
2010,03,4,6,4.25858
2010,03,4,7,4.6426300000000005
2010,03,5,0,5.39999
2010,03,5,1,5.19045
2010,03,5,2,5.3657200000000005
2010,03,5,3,5.75646
2010,03,5,4,6.261520000000001
2010,03,5,5,6.2663400000000005
2010,03,5,6,5.7215
2010,03,5,7,6.31954
2010,03,6,0,5.82499
2010,03,6,1,5.62644
2010,03,6,2,5.68313
2010,03,6,3,5.5353
2010,03,6,4,5.2677700000000005
2010,03,6,5,4.33343
2010,03,6,6,3.4556199999999997
2010,03,6,7,3.47905
2010,03,7,0,4.45869
2010,03,7,1,4.66884
2010,03,7,2,4.57513
2010,03,7,3,4.354100000000001
2010,03,7,4,4.66398
2010,03,7,5,5.4429799999999995
2010,03,7,6,5.59595
2010,03,7,7,4.654109999999999
2010,03,8,0,4.31404
2010,03,8,1,4.20624
2010,03,8,2,3.94087
2010,03,8,3,4.10924
2010,03,8,4,4.108029999999999
2010,03,8,5,4.00155
2010,03,8,6,4.388319999999999
2010,03,8,7,5.0418400000000005
2010,03,9,0,5.86291
2010,03,9,1,6.05785
2010,03,9,2,6.1528599999999996
2010,03,9,3,5.89938
2010,03,9,4,5.490189999999999
2010,03,9,5,5.09801
2010,03,9,6,5.15062
2010,03,9,7,5.32494
2010,03,10,0,5.27109
2010,03,10,1,4.90619
2010,03,10,2,4.58322
2010,03,10,3,4.24057
2010,03,10,4,3.71052
2010,03,10,5,3.99758
2010,03,10,6,4.37958
2010,03,10,7,4.3724099999999995
2010,03,11,0,4.17933
2010,03,11,1,4.45105
2010,03,11,2,4.7816
2010,03,11,3,4.57346
2010,03,11,4,4.34392
2010,03,11,5,4.354100000000001
2010,03,11,6,5.04588
2010,03,11,7,4.9423900000000005
2010,03,12,0,4.76474
2010,03,12,1,6.383220000000001
2010,03,12,2,7.1669
2010,03,12,3,5.78962
2010,03,12,4,9.9263
2010,03,12,5,11.743
2010,03,12,6,13.6157
2010,03,12,7,13.8843
2010,03,13,0,13.0239
2010,03,13,1,12.998899999999999
2010,03,13,2,13.3725
2010,03,13,3,13.6518
2010,03,13,4,12.029200000000001
2010,03,13,5,8.64344
2010,03,13,6,4.81472
2010,03,13,7,2.3204499999999997
2010,03,14,0,4.04698
2010,03,14,1,5.37218
2010,03,14,2,5.76588
2010,03,14,3,3.90685
2010,03,14,4,3.08832
2010,03,14,5,3.13196
2010,03,14,6,2.96575
2010,03,14,7,3.1638200000000003
2010,03,15,0,3.80917
2010,03,15,1,4.05956
2010,03,15,2,3.9526999999999997
2010,03,15,3,3.46942
2010,03,15,4,3.20979
2010,03,15,5,2.98302
2010,03,15,6,3.39708
2010,03,15,7,3.62838
2010,03,16,0,4.28585
2010,03,16,1,5.1735299999999995
2010,03,16,2,5.8434
2010,03,16,3,6.43543
2010,03,16,4,6.49322
2010,03,16,5,5.51873
2010,03,16,6,5.30876
2010,03,16,7,5.26759
2010,03,17,0,4.81295
2010,03,17,1,4.23005
2010,03,17,2,3.3329299999999997
2010,03,17,3,2.6354
2010,03,17,4,2.41956
2010,03,17,5,2.11456
2010,03,17,6,3.6459699999999997
2010,03,17,7,4.0504299999999995
2010,03,18,0,4.332
2010,03,18,1,4.5650699999999995
2010,03,18,2,4.94854
2010,03,18,3,5.34819
2010,03,18,4,6.19576
2010,03,18,5,7.02585
2010,03,18,6,6.93053
2010,03,18,7,6.2218100000000005
2010,03,19,0,7.52441
2010,03,19,1,7.52407
2010,03,19,2,7.13837
2010,03,19,3,8.166979999999999
2010,03,19,4,9.629940000000001
2010,03,19,5,10.0834
2010,03,19,6,8.568520000000001
2010,03,19,7,8.24405
2010,03,20,0,9.508899999999999
2010,03,20,1,10.1789
2010,03,20,2,9.46252
2010,03,20,3,8.63706
2010,03,20,4,8.39789
2010,03,20,5,8.30301
2010,03,20,6,7.84621
2010,03,20,7,7.1829
2010,03,21,0,6.32633
2010,03,21,1,5.9223
2010,03,21,2,6.16159
2010,03,21,3,5.94005
2010,03,21,4,7.065600000000001
2010,03,21,5,6.02013
2010,03,21,6,6.501180000000001
2010,03,21,7,7.03884
2010,03,22,0,7.23416
2010,03,22,1,7.60445
2010,03,22,2,8.32794
2010,03,22,3,9.01916
2010,03,22,4,9.50867
2010,03,22,5,9.46367
2010,03,22,6,8.47907
2010,03,22,7,8.31437
2010,03,23,0,8.258659999999999
2010,03,23,1,8.531709999999999
2010,03,23,2,10.009799999999998
2010,03,23,3,10.040700000000001
2010,03,23,4,9.17059
2010,03,23,5,9.93226
2010,03,23,6,10.107
2010,03,23,7,11.353200000000001
2010,03,24,0,12.2014
2010,03,24,1,12.3437
2010,03,24,2,12.382
2010,03,24,3,12.687100000000001
2010,03,24,4,12.5861
2010,03,24,5,12.056700000000001
2010,03,24,6,11.6113
2010,03,24,7,11.2592
2010,03,25,0,11.454
2010,03,25,1,12.0468
2010,03,25,2,12.4297
2010,03,25,3,12.4264
2010,03,25,4,11.5626
2010,03,25,5,10.2745
2010,03,25,6,10.162799999999999
2010,03,25,7,10.888
2010,03,26,0,10.978299999999999
2010,03,26,1,10.280899999999999
2010,03,26,2,9.863430000000001
2010,03,26,3,9.80382
2010,03,26,4,11.4162
2010,03,26,5,11.309
2010,03,26,6,9.619620000000001
2010,03,26,7,9.05543
2010,03,27,0,8.54472
2010,03,27,1,7.690810000000001
2010,03,27,2,6.2843800000000005
2010,03,27,3,5.60038
2010,03,27,4,6.60635
2010,03,27,5,9.382629999999999
2010,03,27,6,8.57809
2010,03,27,7,7.49958
2010,03,28,0,8.959389999999999
2010,03,28,1,8.44248
2010,03,28,2,8.75273
2010,03,28,3,8.67713
2010,03,28,4,9.95867
2010,03,28,5,8.90085
2010,03,28,6,4.36913
2010,03,28,7,5.3427
2010,03,29,0,5.9006300000000005
2010,03,29,1,7.06351
2010,03,29,2,7.21722
2010,03,29,3,6.53904
2010,03,29,4,5.75037
2010,03,29,5,5.41195
2010,03,29,6,4.75453
2010,03,29,7,5.13045
2010,03,30,0,7.090520000000001
2010,03,30,1,9.250200000000001
2010,03,30,2,9.75973
2010,03,30,3,8.66501
2010,03,30,4,9.15855
2010,03,30,5,7.21613
2010,03,30,6,7.070069999999999
2010,03,30,7,4.98667
2010,03,1,0,4.05923
2010,03,1,1,3.30121
2010,03,1,2,2.08325
2010,03,1,3,3.7019499999999996
2010,03,1,4,3.76166
2010,03,1,5,3.18439
2010,03,1,6,2.88531
2010,03,1,7,3.28111
2010,03,2,0,3.9865999999999997
2010,03,2,1,4.50654
2010,03,2,2,4.93133
2010,03,2,3,7.23406
2010,03,2,4,9.0474
2010,03,2,5,7.46969
2010,03,2,6,7.79326
2010,03,2,7,8.688
2010,03,3,0,9.63254
2010,03,3,1,10.7667
2010,03,3,2,10.6288
2010,03,3,3,9.679129999999999
2010,03,3,4,9.780610000000001
2010,03,3,5,10.1911
2010,03,3,6,9.79444
2010,03,3,7,9.29077
2010,03,4,0,9.7503
2010,03,4,1,9.72427
2010,03,4,2,9.772450000000001
2010,03,4,3,9.66784
2010,03,4,4,9.77585
2010,03,4,5,9.37824
2010,03,4,6,9.45926
2010,03,4,7,9.85582
2010,03,5,0,9.457780000000001
2010,03,5,1,9.43122
2010,03,5,2,9.48174
2010,03,5,3,9.53999
2010,03,5,4,9.40719
2010,03,5,5,9.204450000000001
2010,03,5,6,8.461889999999999
2010,03,5,7,8.30526
2010,03,6,0,8.6729
2010,03,6,1,8.61785
2010,03,6,2,8.54486
2010,03,6,3,7.40436
2010,03,6,4,6.98328
2010,03,6,5,6.48316
2010,03,6,6,7.020479999999999
2010,03,6,7,7.26633
2010,03,7,0,7.8018
2010,03,7,1,7.94724
2010,03,7,2,6.31223
2010,03,7,3,7.10226
2010,03,7,4,7.35626
2010,03,7,5,6.17265
2010,03,7,6,7.39249
2010,03,7,7,9.81898
2010,03,8,0,9.929620000000002
2010,03,8,1,9.67585
2010,03,8,2,11.2174
2010,03,8,3,12.1565
2010,03,8,4,11.713700000000001
2010,03,8,5,10.4449
2010,03,8,6,8.59511
2010,03,8,7,8.16065
2010,03,9,0,6.47984
2010,03,9,1,7.7856000000000005
2010,03,9,2,8.91332
2010,03,9,3,9.20043
2010,03,9,4,10.074200000000001
2010,03,9,5,9.98541
2010,03,9,6,10.3476
2010,03,9,7,11.338799999999999
2010,03,10,0,11.2723
2010,03,10,1,11.618
2010,03,10,2,12.0531
2010,03,10,3,11.606
2010,03,10,4,9.23601
2010,03,10,5,5.95613
2010,03,10,6,6.1028400000000005
2010,03,10,7,7.33368
2010,03,11,0,7.20324
2010,03,11,1,6.34904
2010,03,11,2,6.0661700000000005
2010,03,11,3,7.08204
2010,03,11,4,9.38341
2010,03,11,5,13.991700000000002
2010,03,11,6,13.4239
2010,03,11,7,14.0016
2010,03,12,0,11.6623
2010,03,12,1,11.189
2010,03,12,2,7.04225
2010,03,12,3,7.15777
2010,03,12,4,7.0088
2010,03,12,5,6.27937
2010,03,12,6,6.84433
2010,03,12,7,8.844479999999999
2010,03,13,0,8.93103
2010,03,13,1,9.503309999999999
2010,03,13,2,10.226799999999999
2010,03,13,3,11.928
2010,03,13,4,13.103
2010,03,13,5,12.7719
2010,03,13,6,11.68
2010,03,13,7,10.8452
2010,03,14,0,12.2576
2010,03,14,1,12.017
2010,03,14,2,11.4082
2010,03,14,3,11.009799999999998
2010,03,14,4,11.4148
2010,03,14,5,11.5481
2010,03,14,6,10.0993
2010,03,14,7,9.330879999999999
2010,03,15,0,9.75926
2010,03,15,1,11.2189
2010,03,15,2,8.44809
2010,03,15,3,4.73958
2010,03,15,4,4.3505
2010,03,15,5,4.77785
2010,03,15,6,4.93617
2010,03,15,7,5.9622
2010,03,16,0,5.816260000000001
2010,03,16,1,6.070600000000001
2010,03,16,2,4.42944
2010,03,16,3,4.23193
2010,03,16,4,5.49906
2010,03,16,5,7.18387
2010,03,16,6,7.25505
2010,03,16,7,6.7118199999999995
2010,03,17,0,6.802689999999999
2010,03,17,1,7.24104
2010,03,17,2,7.37266
2010,03,17,3,8.27155
2010,03,17,4,8.53592
2010,03,17,5,7.50774
2010,03,17,6,7.5047
2010,03,17,7,7.95022
2010,03,18,0,8.35851
2010,03,18,1,8.16474
2010,03,18,2,8.48743
2010,03,18,3,8.956809999999999
2010,03,18,4,7.66679
2010,03,18,5,6.8408
2010,03,18,6,6.749899999999999
2010,03,18,7,6.67368
2010,03,19,0,6.293
2010,03,19,1,6.70946
2010,03,19,2,6.35656
2010,03,19,3,6.27222
2010,03,19,4,6.35874
2010,03,19,5,7.48628
2010,03,19,6,7.94531
2010,03,19,7,8.825190000000001
2010,03,20,0,8.75973
2010,03,20,1,9.01243
2010,03,20,2,8.74625
2010,03,20,3,7.7763800000000005
2010,03,20,4,6.940840000000001
2010,03,20,5,6.721550000000001
2010,03,20,6,7.0533
2010,03,20,7,7.600890000000001
2010,03,21,0,7.75504
2010,03,21,1,7.5388
2010,03,21,2,7.480569999999999
2010,03,21,3,7.48199
2010,03,21,4,7.15382
2010,03,21,5,6.993720000000001
2010,03,21,6,6.72265
2010,03,21,7,6.21258
2010,03,22,0,6.93819
2010,03,22,1,9.19902
2010,03,22,2,10.689200000000001
2010,03,22,3,11.1746
2010,03,22,4,12.4804
2010,03,22,5,12.251100000000001
2010,03,22,6,11.9961
2010,03,22,7,13.305
2010,03,23,0,12.0431
2010,03,23,1,9.78098
2010,03,23,2,8.66332
2010,03,23,3,7.458939999999999
2010,03,23,4,6.4618400000000005
2010,03,23,5,7.23308
2010,03,23,6,8.259229999999999
2010,03,23,7,9.19584
2010,03,24,0,12.6191
2010,03,24,1,8.464049999999999
2010,03,24,2,5.913069999999999
2010,03,24,3,7.725560000000001
2010,03,24,4,3.97336
2010,03,24,5,3.27279
2010,03,24,6,4.784590000000001
2010,03,24,7,2.93778
2010,03,25,0,4.0463000000000005
2010,03,25,1,5.29429
2010,03,25,2,6.55222
2010,03,25,3,5.2845200000000006
2010,03,25,4,5.07009
2010,03,25,5,5.94825
2010,03,25,6,6.118270000000001
2010,03,25,7,6.35395
2010,03,26,0,7.182840000000001
2010,03,26,1,8.25696
2010,03,26,2,8.63767
2010,03,26,3,9.88349
2010,03,26,4,10.405899999999999
2010,03,26,5,4.80453
2010,03,26,6,4.6945500000000004
2010,03,26,7,5.572970000000001
2010,03,27,0,5.385050000000001
2010,03,27,1,5.0697
2010,03,27,2,4.44978
2010,03,27,3,4.06298
2010,03,27,4,4.07466
2010,03,27,5,4.15405
2010,03,27,6,4.143050000000001
2010,03,27,7,4.1973
2010,03,28,0,4.82492
2010,03,28,1,5.0152399999999995
2010,03,28,2,6.60457
2010,03,28,3,7.09636
2010,03,28,4,7.14467
2010,03,28,5,6.74792
2010,03,28,6,9.19283
2010,03,28,7,9.11024
2010,03,29,0,10.1876
2010,03,29,1,11.5751
2010,03,29,2,11.2478
2010,03,29,3,10.0488
2010,03,29,4,9.95523
2010,03,29,5,10.0182
2010,03,29,6,10.3058
2010,03,29,7,12.8828
2010,03,30,0,10.494200000000001
2010,03,30,1,8.17572
2010,03,30,2,8.21556
2010,03,30,3,8.937389999999999
2010,03,30,4,9.02035
2010,03,30,5,9.727979999999999
2010,03,30,6,10.9264
2010,03,30,7,12.2682
2010,03,31,0,12.0027
2010,03,31,1,11.333
2010,03,31,2,10.2294
2010,03,31,3,10.1402
2010,03,31,4,10.8233
2010,03,31,5,11.339799999999999
2010,03,31,6,10.1938
2010,03,31,7,9.393360000000001
2010,03,1,0,8.29656
2010,03,1,1,7.15771
2010,03,1,2,6.66192
2010,03,1,3,7.1099
2010,03,1,4,9.59852
2010,03,1,5,11.171299999999999
2010,03,1,6,11.8929
2010,03,1,7,11.8265
2010,03,2,0,12.4207
2010,03,2,1,13.3385
2010,03,2,2,7.99012
2010,03,2,3,7.24068
2010,03,2,4,8.22105
2010,03,2,5,8.53864
2010,03,2,6,11.1072
2010,03,2,7,10.789399999999999
2010,03,3,0,10.6343
2010,03,3,1,9.52125
2010,03,3,2,8.05005
2010,03,3,3,8.01886
2010,03,3,4,8.55976
2010,03,3,5,8.045720000000001
2010,03,3,6,9.36959
2010,03,3,7,11.795200000000001
2010,03,4,0,13.4655
2010,03,4,1,14.0833
2010,03,4,2,13.4978
2010,03,4,3,13.6738
2010,03,4,4,13.177200000000001
2010,03,4,5,10.158100000000001
2010,03,4,6,9.82708
2010,03,4,7,10.8651
2010,03,5,0,11.415
2010,03,5,1,11.7273
2010,03,5,2,12.1102
2010,03,5,3,11.9985
2010,03,5,4,11.5328
2010,03,5,5,11.773700000000002
2010,03,5,6,12.5972
2010,03,5,7,12.2233
2010,03,6,0,13.0693
2010,03,6,1,13.432
2010,03,6,2,9.57415
2010,03,6,3,9.90893
2010,03,6,4,11.0725
2010,03,6,5,10.3246
2010,03,6,6,10.5731
2010,03,6,7,11.2401
2010,03,7,0,14.8312
2010,03,7,1,14.6767
2010,03,7,2,14.6614
2010,03,7,3,13.7126
2010,03,7,4,13.1625
2010,03,7,5,13.4191
2010,03,7,6,13.3643
2010,03,7,7,12.1914
2010,03,8,0,13.01
2010,03,8,1,12.052200000000001
2010,03,8,2,10.832799999999999
2010,03,8,3,10.4389
2010,03,8,4,9.2728
2010,03,8,5,8.293989999999999
2010,03,8,6,8.57809
2010,03,8,7,8.552209999999999
2010,03,9,0,8.58615
2010,03,9,1,8.26642
2010,03,9,2,8.03414
2010,03,9,3,6.442939999999999
2010,03,9,4,6.3554200000000005
2010,03,9,5,6.7372700000000005
2010,03,9,6,7.6542200000000005
2010,03,9,7,7.886310000000001
2010,03,10,0,7.85297
2010,03,10,1,7.8659
2010,03,10,2,7.17162
2010,03,10,3,6.62357
2010,03,10,4,6.83584
2010,03,10,5,6.061850000000001
2010,03,10,6,5.97079
2010,03,10,7,7.04738
2010,03,11,0,9.46557
2010,03,11,1,11.855
2010,03,11,2,11.674299999999999
2010,03,11,3,10.3376
2010,03,11,4,9.56663
2010,03,11,5,9.59947
2010,03,11,6,11.422
2010,03,11,7,12.007299999999999
2010,03,12,0,11.7697
2010,03,12,1,10.588700000000001
2010,03,12,2,10.7728
2010,03,12,3,11.5526
2010,03,12,4,9.21225
2010,03,12,5,6.977600000000001
2010,03,12,6,7.383439999999999
2010,03,12,7,8.77146
2010,03,13,0,9.67372
2010,03,13,1,9.66592
2010,03,13,2,10.133799999999999
2010,03,13,3,10.6394
2010,03,13,4,10.786299999999999
2010,03,13,5,9.58283
2010,03,13,6,7.80393
2010,03,13,7,7.49949
2010,03,14,0,8.38435
2010,03,14,1,7.96992
2010,03,14,2,6.94618
2010,03,14,3,6.12442
2010,03,14,4,5.890569999999999
2010,03,14,5,6.18745
2010,03,14,6,8.05913
2010,03,14,7,9.881120000000001
2010,03,15,0,11.200899999999999
2010,03,15,1,11.2998
2010,03,15,2,10.804
2010,03,15,3,12.0321
2010,03,15,4,12.631
2010,03,15,5,12.8163
2010,03,15,6,13.2766
2010,03,15,7,13.2055
2010,03,16,0,11.2164
2010,03,16,1,12.8243
2010,03,16,2,15.2965
2010,03,16,3,15.8316
2010,03,16,4,14.949200000000001
2010,03,16,5,14.651
2010,03,16,6,13.005799999999999
2010,03,16,7,11.117799999999999
2010,03,17,0,11.438600000000001
2010,03,17,1,12.237200000000001
2010,03,17,2,11.5127
2010,03,17,3,11.2657
2010,03,17,4,9.974879999999999
2010,03,17,5,6.929819999999999
2010,03,17,6,6.28475
2010,03,17,7,10.2005
2010,03,18,0,10.489600000000001
2010,03,18,1,10.062700000000001
2010,03,18,2,10.2981
2010,03,18,3,11.3965
2010,03,18,4,13.0059
2010,03,18,5,13.0106
2010,03,18,6,12.3482
2010,03,18,7,11.468399999999999
2010,03,19,0,13.7135
2010,03,19,1,10.1344
2010,03,19,2,6.6097
2010,03,19,3,3.57994
2010,03,19,4,3.14778
2010,03,19,5,5.233569999999999
2010,03,19,6,5.13412
2010,03,19,7,4.4927399999999995
2010,03,20,0,4.978560000000001
2010,03,20,1,5.451350000000001
2010,03,20,2,6.065810000000001
2010,03,20,3,6.0653999999999995
2010,03,20,4,5.73568
2010,03,20,5,6.173229999999999
2010,03,20,6,6.51542
2010,03,20,7,6.11493
2010,03,21,0,6.22585
2010,03,21,1,6.18993
2010,03,21,2,6.26891
2010,03,21,3,6.31757
2010,03,21,4,5.98961
2010,03,21,5,5.5661499999999995
2010,03,21,6,6.0097
2010,03,21,7,6.98071
2010,03,22,0,7.410699999999999
2010,03,22,1,7.38541
2010,03,22,2,7.19555
2010,03,22,3,7.02792
2010,03,22,4,6.7097299999999995
2010,03,22,5,7.787229999999999
2010,03,22,6,8.30761
2010,03,22,7,7.970680000000001
2010,03,23,0,7.1831700000000005
2010,03,23,1,6.9406099999999995
2010,03,23,2,6.529439999999999
2010,03,23,3,6.2881599999999995
2010,03,23,4,6.19292
2010,03,23,5,5.13153
2010,03,23,6,4.0558000000000005
2010,03,23,7,4.25116
2010,03,24,0,5.18764
2010,03,24,1,7.68642
2010,03,24,2,10.4878
2010,03,24,3,10.0602
2010,03,24,4,9.441120000000002
2010,03,24,5,9.408809999999999
2010,03,24,6,8.91442
2010,03,24,7,11.178600000000001
2010,03,25,0,11.879299999999999
2010,03,25,1,10.5995
2010,03,25,2,11.0894
2010,03,25,3,9.63439
2010,03,25,4,8.248389999999999
2010,03,25,5,7.93148
2010,03,25,6,8.10506
2010,03,25,7,10.79
2010,03,26,0,10.2666
2010,03,26,1,11.0734
2010,03,26,2,12.795
2010,03,26,3,12.203700000000001
2010,03,26,4,12.04
2010,03,26,5,12.3682
2010,03,26,6,11.616200000000001
2010,03,26,7,11.8546
2010,03,27,0,10.8721
2010,03,27,1,9.41258
2010,03,27,2,8.616700000000002
2010,03,27,3,7.1756
2010,03,27,4,6.4662
2010,03,27,5,5.978350000000001
2010,03,27,6,6.47538
2010,03,27,7,7.60969
2010,03,28,0,8.46341
2010,03,28,1,8.498149999999999
2010,03,28,2,7.96298
2010,03,28,3,7.86533
2010,03,28,4,7.59004
2010,03,28,5,7.60771
2010,03,28,6,7.41059
2010,03,28,7,6.62368
2010,03,29,0,6.46426
2010,03,29,1,5.25276
2010,03,29,2,3.7338
2010,03,29,3,2.99685
2010,03,29,4,3.0533699999999997
2010,03,29,5,3.30612
2010,03,29,6,3.28105
2010,03,29,7,4.4095200000000006
2010,03,30,0,5.50946
2010,03,30,1,5.86218
2010,03,30,2,6.02097
2010,03,30,3,6.05302
2010,03,30,4,6.23601
2010,03,30,5,6.286569999999999
2010,03,30,6,6.01434
2010,03,30,7,5.6773
2010,03,31,0,5.16869
2010,03,31,1,4.95371
2010,03,31,2,5.28735
2010,03,31,3,5.3687
2010,03,31,4,5.18357
2010,03,31,5,5.03562
2010,03,31,6,5.131390000000001
2010,03,31,7,5.83563
2010,03,1,0,6.6478
2010,03,1,1,6.93904
2010,03,1,2,6.90834
2010,03,1,3,6.30582
2010,03,1,4,5.5855
2010,03,1,5,5.13282
2010,03,1,6,4.95172
2010,03,1,7,5.28653
2010,03,2,0,5.1568000000000005
2010,03,2,1,5.72006
2010,03,2,2,5.9153199999999995
2010,03,2,3,5.82815
2010,03,2,4,6.91797
2010,03,2,5,7.83713
2010,03,2,6,9.7766
2010,03,2,7,11.9895
2010,03,3,0,10.193100000000001
2010,03,3,1,9.3561
2010,03,3,2,6.6505600000000005
2010,03,3,3,6.166810000000001
2010,03,3,4,10.2866
2010,03,3,5,12.3104
2010,03,3,6,11.3304
2010,03,3,7,12.494
2010,03,4,0,10.591899999999999
2010,03,4,1,9.74779
2010,03,4,2,8.72674
2010,03,4,3,5.53462
2010,03,4,4,3.0944000000000003
2010,03,4,5,2.89048
2010,03,4,6,2.72052
2010,03,4,7,3.50806
2010,03,5,0,4.7845
2010,03,5,1,5.23004
2010,03,5,2,5.22559
2010,03,5,3,5.30179
2010,03,5,4,5.27917
2010,03,5,5,4.69166
2010,03,5,6,4.2161599999999995
2010,03,5,7,3.68385
2010,03,6,0,3.00129
2010,03,6,1,2.42578
2010,03,6,2,2.3842
2010,03,6,3,2.99473
2010,03,6,4,3.04428
2010,03,6,5,3.14907
2010,03,6,6,2.99674
2010,03,6,7,3.25636
2010,03,7,0,4.3680699999999995
2010,03,7,1,5.6645
2010,03,7,2,6.95971
2010,03,7,3,7.99547
2010,03,7,4,7.90419
2010,03,7,5,7.19675
2010,03,7,6,6.78465
2010,03,7,7,5.86303
2010,03,8,0,4.4671899999999996
2010,03,8,1,4.53617
2010,03,8,2,4.95396
2010,03,8,3,5.248
2010,03,8,4,5.29588
2010,03,8,5,5.331189999999999
2010,03,8,6,5.76313
2010,03,8,7,6.67459
2010,03,9,0,7.31092
2010,03,9,1,7.5570699999999995
2010,03,9,2,7.150720000000001
2010,03,9,3,6.87142
2010,03,9,4,7.055680000000001
2010,03,9,5,7.3767
2010,03,9,6,7.66487
2010,03,9,7,7.63219
2010,03,10,0,7.22962
2010,03,10,1,6.6289
2010,03,10,2,6.12988
2010,03,10,3,5.57478
2010,03,10,4,5.1311
2010,03,10,5,4.92648
2010,03,10,6,5.37515
2010,03,10,7,6.50635
2010,03,11,0,7.1061000000000005
2010,03,11,1,7.24025
2010,03,11,2,6.51608
2010,03,11,3,5.28346
2010,03,11,4,5.03024
2010,03,11,5,4.556979999999999
2010,03,11,6,4.20831
2010,03,11,7,4.334779999999999
2010,03,12,0,4.88077
2010,03,12,1,5.15716
2010,03,12,2,5.10456
2010,03,12,3,4.76412
2010,03,12,4,4.60893
2010,03,12,5,4.42319
2010,03,12,6,4.30415
2010,03,12,7,4.14628
2010,03,13,0,4.11728
2010,03,13,1,3.9312
2010,03,13,2,3.77609
2010,03,13,3,3.73748
2010,03,13,4,3.70883
2010,03,13,5,3.7961199999999997
2010,03,13,6,4.46921
2010,03,13,7,4.6675699999999996
2010,03,14,0,4.19784
2010,03,14,1,4.01787
2010,03,14,2,3.92051
2010,03,14,3,3.63645
2010,03,14,4,3.5205900000000003
2010,03,14,5,3.4637800000000003
2010,03,14,6,3.5365100000000003
2010,03,14,7,3.62904
2010,03,15,0,3.7895700000000003
2010,03,15,1,3.5001599999999997
2010,03,15,2,3.50482
2010,03,15,3,3.7442699999999998
2010,03,15,4,3.5545500000000003
2010,03,15,5,4.6246599999999995
2010,03,15,6,5.21741
2010,03,15,7,5.21114
2010,03,16,0,4.48536
2010,03,16,1,3.23476
2010,03,16,2,2.18038
2010,03,16,3,1.78696
2010,03,16,4,3.06737
2010,03,16,5,3.74623
2010,03,16,6,2.2262
2010,03,16,7,1.52801
2010,03,17,0,1.5629600000000001
2010,03,17,1,1.76668
2010,03,17,2,1.92281
2010,03,17,3,1.73641
2010,03,17,4,1.52324
2010,03,17,5,1.68753
2010,03,17,6,1.98528
2010,03,17,7,2.38693
2010,03,18,0,2.71306
2010,03,18,1,3.1501300000000003
2010,03,18,2,3.39859
2010,03,18,3,3.37204
2010,03,18,4,3.40664
2010,03,18,5,3.4479
2010,03,18,6,3.6949699999999996
2010,03,18,7,3.77035
2010,03,19,0,3.84058
2010,03,19,1,3.83777
2010,03,19,2,3.8586
2010,03,19,3,4.03843
2010,03,19,4,4.14635
2010,03,19,5,3.9779899999999997
2010,03,19,6,3.85102
2010,03,19,7,4.74737
2010,03,20,0,5.74383
2010,03,20,1,6.40107
2010,03,20,2,6.20042
2010,03,20,3,5.688350000000001
2010,03,20,4,5.036779999999999
2010,03,20,5,4.2975699999999994
2010,03,20,6,3.20098
2010,03,20,7,2.48313
2010,03,21,0,2.1172
2010,03,21,1,2.25163
2010,03,21,2,3.09035
2010,03,21,3,3.53795
2010,03,21,4,3.06798
2010,03,21,5,2.34252
2010,03,21,6,2.58155
2010,03,21,7,2.88253
2010,03,22,0,3.12915
2010,03,22,1,3.4558899999999997
2010,03,22,2,3.71336
2010,03,22,3,3.8787
2010,03,22,4,4.03224
2010,03,22,5,3.49489
2010,03,22,6,3.28926
2010,03,22,7,3.15543
2010,03,23,0,3.4387800000000004
2010,03,23,1,3.15141
2010,03,23,2,3.02877
2010,03,23,3,2.77668
2010,03,23,4,2.79243
2010,03,23,5,3.03237
2010,03,23,6,3.41228
2010,03,23,7,3.71386
2010,03,24,0,5.43163
2010,03,24,1,7.06968
2010,03,24,2,6.57101
2010,03,24,3,6.04825
2010,03,24,4,5.68918
2010,03,24,5,6.0123299999999995
2010,03,24,6,4.16239
2010,03,24,7,4.25957
2010,03,25,0,7.71222
2010,03,25,1,11.993799999999998
2010,03,25,2,15.023
2010,03,25,3,14.7181
2010,03,25,4,14.9982
2010,03,25,5,14.469700000000001
2010,03,25,6,14.216299999999999
2010,03,25,7,14.321
2010,03,26,0,13.9192
2010,03,26,1,13.9536
2010,03,26,2,13.0006
2010,03,26,3,7.37917
2010,03,26,4,5.31862
2010,03,26,5,5.11777
2010,03,26,6,4.67102
2010,03,26,7,3.83021
2010,03,27,0,4.954689999999999
2010,03,27,1,4.538810000000001
2010,03,27,2,5.26402
2010,03,27,3,7.7591
2010,03,27,4,11.62
2010,03,27,5,13.294
2010,03,27,6,12.220600000000001
2010,03,27,7,14.1198
2010,03,28,0,11.2503
2010,03,28,1,6.94595
2010,03,28,2,7.065720000000001
2010,03,28,3,8.20068
2010,03,28,4,7.62179
2010,03,28,5,7.27724
2010,03,28,6,7.03182
2010,03,28,7,6.41029
2010,03,29,0,6.758970000000001
2010,03,29,1,5.95685
2010,03,29,2,4.48257
2010,03,29,3,2.49067
2010,03,29,4,3.1393400000000002
2010,03,29,5,3.59496
2010,03,29,6,3.50012
2010,03,29,7,2.2552
2010,03,30,0,5.45029
2010,03,30,1,3.94033
2010,03,30,2,2.28369
2010,03,30,3,2.4030500000000004
2010,03,30,4,2.4147399999999997
2010,03,30,5,2.65602
2010,03,30,6,3.14112
2010,03,30,7,3.6427199999999997
2010,03,1,0,3.77358
2010,03,1,1,4.0280700000000005
2010,03,1,2,4.33061
2010,03,1,3,3.49462
2010,03,1,4,3.92921
2010,03,1,5,4.68254
2010,03,1,6,5.75509
2010,03,1,7,6.029100000000001
2010,03,2,0,5.251939999999999
2010,03,2,1,3.91955
2010,03,2,2,3.72994
2010,03,2,3,4.89414
2010,03,2,4,7.932840000000001
2010,03,2,5,8.32308
2010,03,2,6,7.6676899999999995
2010,03,2,7,8.48025
2010,03,3,0,8.62007
2010,03,3,1,5.588100000000001
2010,03,3,2,2.536
2010,03,3,3,1.65947
2010,03,3,4,1.8452899999999999
2010,03,3,5,2.34561
2010,03,3,6,4.02968
2010,03,3,7,7.461720000000001
2010,03,4,0,9.39274
2010,03,4,1,8.58498
2010,03,4,2,7.7594899999999996
2010,03,4,3,8.054680000000001
2010,03,4,4,8.59713
2010,03,4,5,8.82339
2010,03,4,6,7.99822
2010,03,4,7,7.1483
2010,03,5,0,7.41
2010,03,5,1,6.53408
2010,03,5,2,3.5170500000000002
2010,03,5,3,1.3538
2010,03,5,4,2.2894200000000002
2010,03,5,5,1.88025
2010,03,5,6,2.87135
2010,03,5,7,8.73125
2010,03,6,0,12.3292
2010,03,6,1,11.6829
2010,03,6,2,10.9442
2010,03,6,3,11.1759
2010,03,6,4,10.465200000000001
2010,03,6,5,10.3976
2010,03,6,6,10.608799999999999
2010,03,6,7,10.6215
2010,03,7,0,7.545109999999999
2010,03,7,1,6.32704
2010,03,7,2,8.55136
2010,03,7,3,9.48229
2010,03,7,4,10.7127
2010,03,7,5,13.5078
2010,03,7,6,13.159799999999999
2010,03,7,7,13.6105
2010,03,8,0,11.1591
2010,03,8,1,10.6688
2010,03,8,2,8.13446
2010,03,8,3,8.67641
2010,03,8,4,9.9399
2010,03,8,5,3.8576799999999998
2010,03,8,6,1.4774
2010,03,8,7,1.82426
2010,03,9,0,2.59238
2010,03,9,1,3.42766
2010,03,9,2,8.36666
2010,03,9,3,9.244819999999999
2010,03,9,4,8.74925
2010,03,9,5,7.29439
2010,03,9,6,1.62302
2010,03,9,7,2.4151700000000003
2010,03,10,0,4.162859999999999
2010,03,10,1,10.675799999999999
2010,03,10,2,13.588
2010,03,10,3,14.7143
2010,03,10,4,11.852799999999998
2010,03,10,5,7.3707
2010,03,10,6,2.20308
2010,03,10,7,2.46737
2010,03,11,0,2.2093499999999997
2010,03,11,1,2.8802800000000004
2010,03,11,2,3.965
2010,03,11,3,3.4901799999999996
2010,03,11,4,2.84117
2010,03,11,5,2.77339
2010,03,11,6,2.41564
2010,03,11,7,2.80832
2010,03,12,0,2.38756
2010,03,12,1,4.64343
2010,03,12,2,3.79482
2010,03,12,3,3.91147
2010,03,12,4,3.73543
2010,03,12,5,2.70936
2010,03,12,6,3.6461900000000003
2010,03,12,7,6.22921
2010,03,13,0,6.542520000000001
2010,03,13,1,7.41181
2010,03,13,2,8.06326
2010,03,13,3,7.9003000000000005
2010,03,13,4,8.11415
2010,03,13,5,6.2939
2010,03,13,6,5.95573
2010,03,13,7,7.26145
2010,03,14,0,8.73718
2010,03,14,1,4.96003
2010,03,14,2,3.4204299999999996
2010,03,14,3,4.49345
2010,03,14,4,5.92988
2010,03,14,5,6.53917
2010,03,14,6,2.89684
2010,03,14,7,2.4079099999999998
2010,03,15,0,2.12713
2010,03,15,1,1.60468
2010,03,15,2,1.4242000000000001
2010,03,15,3,1.6585999999999999
2010,03,15,4,2.29834
2010,03,15,5,3.5579899999999998
2010,03,15,6,3.68593
2010,03,15,7,3.65036
2010,03,16,0,3.09891
2010,03,16,1,2.17687
2010,03,16,2,2.1353
2010,03,16,3,2.11992
2010,03,16,4,1.9546400000000002
2010,03,16,5,2.1645
2010,03,16,6,2.26015
2010,03,16,7,2.22754
2010,03,17,0,2.41979
2010,03,17,1,2.9083099999999997
2010,03,17,2,3.41838
2010,03,17,3,5.16047
2010,03,17,4,5.40092
2010,03,17,5,5.05471
2010,03,17,6,5.33506
2010,03,17,7,5.20941
2010,03,18,0,5.61751
2010,03,18,1,6.201569999999999
2010,03,18,2,7.02085
2010,03,18,3,7.669479999999999
2010,03,18,4,6.99545
2010,03,18,5,7.20982
2010,03,18,6,8.22361
2010,03,18,7,8.223090000000001
2010,03,19,0,4.01889
2010,03,19,1,2.1477600000000003
2010,03,19,2,1.92894
2010,03,19,3,1.08341
2010,03,19,4,1.26499
2010,03,19,5,1.57887
2010,03,19,6,1.85201
2010,03,19,7,1.99524
2010,03,20,0,1.72065
2010,03,20,1,1.69474
2010,03,20,2,1.95015
2010,03,20,3,2.6353400000000002
2010,03,20,4,3.15454
2010,03,20,5,3.8737600000000003
2010,03,20,6,5.56741
2010,03,20,7,7.43721
2010,03,21,0,8.52446
2010,03,21,1,9.174059999999999
2010,03,21,2,10.1115
2010,03,21,3,9.65578
2010,03,21,4,7.86642
2010,03,21,5,5.61241
2010,03,21,6,3.45652
2010,03,21,7,1.99628
2010,03,22,0,2.2664400000000002
2010,03,22,1,2.8716999999999997
2010,03,22,2,4.39112
2010,03,22,3,6.0612200000000005
2010,03,22,4,7.119479999999999
2010,03,22,5,7.46708
2010,03,22,6,7.556640000000001
2010,03,22,7,7.6676
2010,03,23,0,6.25089
2010,03,23,1,5.47041
2010,03,23,2,5.53369
2010,03,23,3,6.18058
2010,03,23,4,5.98229
2010,03,23,5,4.87732
2010,03,23,6,4.32065
2010,03,23,7,5.1402600000000005
2010,03,24,0,4.91967
2010,03,24,1,5.3255
2010,03,24,2,5.99652
2010,03,24,3,6.18345
2010,03,24,4,6.1380799999999995
2010,03,24,5,6.09674
2010,03,24,6,5.71111
2010,03,24,7,5.43621
2010,03,25,0,5.33583
2010,03,25,1,5.17608
2010,03,25,2,4.91336
2010,03,25,3,4.68019
2010,03,25,4,4.45946
2010,03,25,5,4.15116
2010,03,25,6,3.8165500000000003
2010,03,25,7,3.43961
2010,03,26,0,3.24186
2010,03,26,1,3.10405
2010,03,26,2,3.0604400000000003
2010,03,26,3,3.0118400000000003
2010,03,26,4,3.1109299999999998
2010,03,26,5,3.23284
2010,03,26,6,3.34138
2010,03,26,7,3.43344
2010,03,27,0,3.66674
2010,03,27,1,3.89561
2010,03,27,2,4.24611
2010,03,27,3,4.373060000000001
2010,03,27,4,4.38152
2010,03,27,5,4.33913
2010,03,27,6,4.242310000000001
2010,03,27,7,4.32897
2010,03,28,0,4.23328
2010,03,28,1,4.11889
2010,03,28,2,3.90597
2010,03,28,3,3.40381
2010,03,28,4,2.9178200000000003
2010,03,28,5,2.8251
2010,03,28,6,2.7466500000000003
2010,03,28,7,2.60295
2010,03,29,0,1.94046
2010,03,29,1,1.23826
2010,03,29,2,1.02799
2010,03,29,3,1.02053
2010,03,29,4,1.2795999999999998
2010,03,29,5,1.67951
2010,03,29,6,1.5923
2010,03,29,7,2.80306
2010,03,30,0,3.77409
2010,03,30,1,4.6944300000000005
2010,03,30,2,6.19184
2010,03,30,3,6.33845
2010,03,30,4,7.17297
2010,03,30,5,7.1601099999999995
2010,03,30,6,7.4155299999999995
2010,03,30,7,6.94888
2010,03,31,0,6.43539
2010,03,31,1,5.55516
2010,03,31,2,5.02009
2010,03,31,3,5.5511
2010,03,31,4,6.18225
2010,03,31,5,5.652909999999999
2010,03,31,6,5.40372
2010,03,31,7,1.62422
2010,03,1,0,0.430164
2010,03,1,1,1.05126
2010,03,1,2,4.70105
2010,03,1,3,6.98676
2010,03,1,4,8.301219999999999
2010,03,1,5,8.06982
2010,03,1,6,5.75609
2010,03,1,7,4.15311
2010,03,2,0,3.07734
2010,03,2,1,2.93233
2010,03,2,2,3.8877800000000002
2010,03,2,3,3.98003
2010,03,2,4,2.9104699999999997
2010,03,2,5,2.75517
2010,03,2,6,2.91556
2010,03,2,7,2.63991
2010,03,3,0,1.976
2010,03,3,1,2.7690900000000003
2010,03,3,2,2.3323400000000003
2010,03,3,3,1.54103
2010,03,3,4,1.48071
2010,03,3,5,3.14129
2010,03,3,6,4.78486
2010,03,3,7,6.700609999999999
2010,03,4,0,8.15165
2010,03,4,1,9.80484
2010,03,4,2,8.40227
2010,03,4,3,6.88763
2010,03,4,4,5.7087200000000005
2010,03,4,5,6.42911
2010,03,4,6,6.34038
2010,03,4,7,6.81818
2010,03,5,0,10.9982
2010,03,5,1,11.000399999999999
2010,03,5,2,11.174299999999999
2010,03,5,3,8.31864
2010,03,5,4,5.44591
2010,03,5,5,2.3460300000000003
2010,03,5,6,1.3195599999999998
2010,03,5,7,1.04225
2010,03,6,0,1.16589
2010,03,6,1,1.20906
2010,03,6,2,1.4895
2010,03,6,3,1.6253199999999999
2010,03,6,4,1.45008
2010,03,6,5,1.17445
2010,03,6,6,1.90336
2010,03,6,7,2.49042
2010,03,7,0,3.18581
2010,03,7,1,3.37507
2010,03,7,2,2.93248
2010,03,7,3,4.49835
2010,03,7,4,4.54213
2010,03,7,5,5.12059
2010,03,7,6,7.17438
2010,03,7,7,7.044449999999999
2010,03,8,0,3.9239
2010,03,8,1,3.16363
2010,03,8,2,2.98496
2010,03,8,3,2.4556999999999998
2010,03,8,4,2.31029
2010,03,8,5,2.67735
2010,03,8,6,2.60108
2010,03,8,7,2.24647
2010,03,9,0,2.52345
2010,03,9,1,2.23414
2010,03,9,2,2.35477
2010,03,9,3,2.13125
2010,03,9,4,2.21746
2010,03,9,5,2.14603
2010,03,9,6,1.88277
2010,03,9,7,1.93343
2010,03,10,0,2.13109
2010,03,10,1,2.38288
2010,03,10,2,2.56861
2010,03,10,3,2.38049
2010,03,10,4,1.92897
2010,03,10,5,1.70645
2010,03,10,6,1.62776
2010,03,10,7,1.3313
2010,03,11,0,0.704545
2010,03,11,1,0.721614
2010,03,11,2,0.910038
2010,03,11,3,1.19646
2010,03,11,4,1.26484
2010,03,11,5,1.68668
2010,03,11,6,2.29084
2010,03,11,7,2.9938800000000003
2010,03,12,0,4.13954
2010,03,12,1,5.66466
2010,03,12,2,5.2708
2010,03,12,3,4.867430000000001
2010,03,12,4,4.7569799999999995
2010,03,12,5,4.51013
2010,03,12,6,3.25716
2010,03,12,7,1.6286800000000001
2010,03,13,0,2.37424
2010,03,13,1,5.17351
2010,03,13,2,5.14526
2010,03,13,3,5.32021
2010,03,13,4,6.769229999999999
2010,03,13,5,6.62521
2010,03,13,6,5.88076
2010,03,13,7,5.51733
2010,03,14,0,4.9242
2010,03,14,1,4.17911
2010,03,14,2,3.6534899999999997
2010,03,14,3,3.07053
2010,03,14,4,4.83613
2010,03,14,5,5.57167
2010,03,14,6,5.74637
2010,03,14,7,5.93884
2010,03,15,0,5.694520000000001
2010,03,15,1,5.278449999999999
2010,03,15,2,4.27621
2010,03,15,3,4.16055
2010,03,15,4,3.8839699999999997
2010,03,15,5,3.11324
2010,03,15,6,2.27041
2010,03,15,7,1.49759
2010,03,16,0,1.3488900000000001
2010,03,16,1,1.2357799999999999
2010,03,16,2,0.898934
2010,03,16,3,0.882301
2010,03,16,4,1.0343900000000001
2010,03,16,5,0.973472
2010,03,16,6,0.9127949999999999
2010,03,16,7,0.874192
2010,03,17,0,0.936225
2010,03,17,1,1.0291700000000001
2010,03,17,2,1.07921
2010,03,17,3,1.1238800000000002
2010,03,17,4,1.18215
2010,03,17,5,1.34103
2010,03,17,6,1.61153
2010,03,17,7,1.9569400000000001
2010,03,18,0,2.06155
2010,03,18,1,1.98637
2010,03,18,2,1.8031700000000002
2010,03,18,3,1.69729
2010,03,18,4,1.56584
2010,03,18,5,1.4422300000000001
2010,03,18,6,1.28762
2010,03,18,7,1.02002
2010,03,19,0,0.732673
2010,03,19,1,0.6203780000000001
2010,03,19,2,0.634045
2010,03,19,3,0.666393
2010,03,19,4,0.715333
2010,03,19,5,0.876606
2010,03,19,6,0.944286
2010,03,19,7,1.01599
2010,03,20,0,1.20125
2010,03,20,1,1.24106
2010,03,20,2,1.1796
2010,03,20,3,1.03524
2010,03,20,4,0.8632219999999999
2010,03,20,5,0.7216670000000001
2010,03,20,6,0.713255
2010,03,20,7,0.7413540000000001
2010,03,21,0,0.757457
2010,03,21,1,0.770021
2010,03,21,2,0.755855
2010,03,21,3,0.7862830000000001
2010,03,21,4,0.861385
2010,03,21,5,0.946328
2010,03,21,6,0.9519249999999999
2010,03,21,7,0.855281
2010,03,22,0,0.744466
2010,03,22,1,0.662173
2010,03,22,2,0.5873999999999999
2010,03,22,3,0.5175259999999999
2010,03,22,4,0.45135000000000003
2010,03,22,5,0.366168
2010,03,22,6,0.415009
2010,03,22,7,0.744184
2010,03,23,0,1.07555
2010,03,23,1,1.23249
2010,03,23,2,1.3364800000000001
2010,03,23,3,1.43547
2010,03,23,4,1.4583199999999998
2010,03,23,5,1.45479
2010,03,23,6,1.3388699999999998
2010,03,23,7,1.00494
2010,03,24,0,0.7246630000000001
2010,03,24,1,0.754625
2010,03,24,2,0.714658
2010,03,24,3,0.847947
2010,03,24,4,2.11844
2010,03,24,5,2.8059000000000003
2010,03,24,6,3.03218
2010,03,24,7,3.58256
2010,03,25,0,5.10098
2010,03,25,1,6.58514
2010,03,25,2,7.2936000000000005
2010,03,25,3,6.4858199999999995
2010,03,25,4,3.89738
2010,03,25,5,1.5035399999999999
2010,03,25,6,1.8346300000000002
2010,03,25,7,1.48399
2010,03,26,0,1.61723
2010,03,26,1,3.13143
2010,03,26,2,4.32416
2010,03,26,3,4.69555
2010,03,26,4,4.40097
2010,03,26,5,4.14966
2010,03,26,6,4.28215
2010,03,26,7,4.13913
2010,03,27,0,3.5099899999999997
2010,03,27,1,2.51804
2010,03,27,2,2.29818
2010,03,27,3,2.16091
2010,03,27,4,2.1372600000000004
2010,03,27,5,2.0609
2010,03,27,6,2.20779
2010,03,27,7,2.4023499999999998
2010,03,28,0,2.24262
2010,03,28,1,2.23746
2010,03,28,2,2.23162
2010,03,28,3,2.15387
2010,03,28,4,2.04912
2010,03,28,5,2.0361
2010,03,28,6,2.03815
2010,03,28,7,1.88509
2010,03,29,0,1.6208099999999999
2010,03,29,1,1.46076
2010,03,29,2,1.46559
2010,03,29,3,1.51558
2010,03,29,4,1.65743
2010,03,29,5,1.44556
2010,03,29,6,1.5204000000000002
2010,03,29,7,1.7584300000000002
2010,03,30,0,2.39698
2010,03,30,1,3.1351799999999996
2010,03,30,2,4.41221
2010,03,30,3,5.8031999999999995
2010,03,30,4,5.74954
2010,03,30,5,5.527279999999999
2010,03,30,6,5.497439999999999
2010,03,30,7,5.24912
2010,03,1,0,5.07442
2010,03,1,1,3.09865
2010,03,1,2,2.10758
2010,03,1,3,2.21839
2010,03,1,4,1.90661
2010,03,1,5,2.00737
2010,03,1,6,2.26629
2010,03,1,7,2.08485
2010,03,2,0,1.84413
2010,03,2,1,2.2129899999999996
2010,03,2,2,2.4049099999999997
2010,03,2,3,2.3884000000000003
2010,03,2,4,2.32571
2010,03,2,5,2.6643000000000003
2010,03,2,6,2.7686599999999997
2010,03,2,7,2.45544
2010,03,3,0,2.15394
2010,03,3,1,1.70927
2010,03,3,2,1.93849
2010,03,3,3,1.9318199999999999
2010,03,3,4,1.68027
2010,03,3,5,1.40429
2010,03,3,6,1.22379
2010,03,3,7,1.0978599999999998
2010,03,4,0,0.85497
2010,03,4,1,0.739643
2010,03,4,2,0.833271
2010,03,4,3,0.7559049999999999
2010,03,4,4,1.05349
2010,03,4,5,1.6466500000000002
2010,03,4,6,1.57578
2010,03,4,7,1.88941
2010,03,5,0,1.77346
2010,03,5,1,2.26805
2010,03,5,2,2.07912
2010,03,5,3,1.59972
2010,03,5,4,1.54703
2010,03,5,5,1.26038
2010,03,5,6,1.1677899999999999
2010,03,5,7,1.3278299999999998
2010,03,6,0,1.2812999999999999
2010,03,6,1,0.9922340000000001
2010,03,6,2,0.722636
2010,03,6,3,0.819308
2010,03,6,4,2.1847
2010,03,6,5,4.07555
2010,03,6,6,4.883100000000001
2010,03,6,7,4.41446
2010,03,7,0,4.8411599999999995
2010,03,7,1,5.952
2010,03,7,2,6.6577399999999995
2010,03,7,3,7.04047
2010,03,7,4,6.93591
2010,03,7,5,6.64009
2010,03,7,6,6.75604
2010,03,7,7,6.5885299999999996
2010,03,8,0,7.44161
2010,03,8,1,8.46843
2010,03,8,2,8.945260000000001
2010,03,8,3,9.09984
2010,03,8,4,8.578209999999999
2010,03,8,5,8.18538
2010,03,8,6,7.40555
2010,03,8,7,6.70155
2010,03,9,0,5.92806
2010,03,9,1,5.1653
2010,03,9,2,4.19323
2010,03,9,3,3.81752
2010,03,9,4,3.62412
2010,03,9,5,3.72369
2010,03,9,6,3.64099
2010,03,9,7,3.55549
2010,03,10,0,3.11659
2010,03,10,1,2.6394699999999998
2010,03,10,2,2.81918
2010,03,10,3,2.85777
2010,03,10,4,2.83608
2010,03,10,5,2.7685999999999997
2010,03,10,6,2.77222
2010,03,10,7,2.78471
2010,03,11,0,2.79984
2010,03,11,1,2.77277
2010,03,11,2,2.75742
2010,03,11,3,2.76836
2010,03,11,4,2.73801
2010,03,11,5,2.7103
2010,03,11,6,2.65731
2010,03,11,7,2.7628600000000003
2010,03,12,0,2.3587800000000003
2010,03,12,1,2.0212
2010,03,12,2,2.2020500000000003
2010,03,12,3,2.64452
2010,03,12,4,3.45939
2010,03,12,5,3.9592899999999998
2010,03,12,6,4.50646
2010,03,12,7,5.27117
2010,03,13,0,5.50368
2010,03,13,1,3.55741
2010,03,13,2,4.20838
2010,03,13,3,3.3615500000000003
2010,03,13,4,3.25189
2010,03,13,5,2.1465199999999998
2010,03,13,6,3.51736
2010,03,13,7,2.80745
2010,03,14,0,3.34083
2010,03,14,1,4.01024
2010,03,14,2,4.1784099999999995
2010,03,14,3,3.90562
2010,03,14,4,3.9180900000000003
2010,03,14,5,3.2582199999999997
2010,03,14,6,2.59954
2010,03,14,7,4.10454
2010,03,15,0,5.10112
2010,03,15,1,4.68701
2010,03,15,2,4.55129
2010,03,15,3,4.2910200000000005
2010,03,15,4,4.19568
2010,03,15,5,4.13905
2010,03,15,6,4.09734
2010,03,15,7,4.3037399999999995
2010,03,16,0,4.17695
2010,03,16,1,3.75766
2010,03,16,2,2.25806
2010,03,16,3,1.64419
2010,03,16,4,1.7666099999999998
2010,03,16,5,1.71428
2010,03,16,6,1.7334
2010,03,16,7,1.90957
2010,03,17,0,2.11953
2010,03,17,1,2.2900500000000004
2010,03,17,2,2.3221999999999996
2010,03,17,3,2.1115500000000003
2010,03,17,4,1.8912
2010,03,17,5,1.59693
2010,03,17,6,1.4462000000000002
2010,03,17,7,1.39136
2010,03,18,0,1.38847
2010,03,18,1,1.3696400000000002
2010,03,18,2,1.32981
2010,03,18,3,1.28716
2010,03,18,4,1.2606199999999999
2010,03,18,5,1.22663
2010,03,18,6,1.51558
2010,03,18,7,2.32765
2010,03,19,0,2.49897
2010,03,19,1,2.38551
2010,03,19,2,2.31977
2010,03,19,3,2.35979
2010,03,19,4,2.60285
2010,03,19,5,2.58304
2010,03,19,6,2.37177
2010,03,19,7,2.36051
2010,03,20,0,2.3579899999999996
2010,03,20,1,2.44821
2010,03,20,2,2.5946700000000003
2010,03,20,3,2.5752800000000002
2010,03,20,4,2.43062
2010,03,20,5,2.22341
2010,03,20,6,2.15529
2010,03,20,7,2.0381400000000003
2010,03,21,0,1.64608
2010,03,21,1,1.46678
2010,03,21,2,1.6941
2010,03,21,3,1.87121
2010,03,21,4,2.3358600000000003
2010,03,21,5,3.23068
2010,03,21,6,3.1738600000000003
2010,03,21,7,2.6932
2010,03,22,0,2.7253499999999997
2010,03,22,1,2.65693
2010,03,22,2,2.5442600000000004
2010,03,22,3,2.36601
2010,03,22,4,2.55367
2010,03,22,5,2.7874499999999998
2010,03,22,6,2.48471
2010,03,22,7,2.3126700000000002
2010,03,23,0,2.35326
2010,03,23,1,2.7263699999999997
2010,03,23,2,3.54393
2010,03,23,3,4.2260100000000005
2010,03,23,4,4.51768
2010,03,23,5,4.37892
2010,03,23,6,3.5978000000000003
2010,03,23,7,2.5141199999999997
2010,03,24,0,2.09505
2010,03,24,1,1.98868
2010,03,24,2,2.84451
2010,03,24,3,3.12465
2010,03,24,4,5.2123800000000005
2010,03,24,5,5.47231
2010,03,24,6,5.98106
2010,03,24,7,5.96447
2010,03,25,0,6.98457
2010,03,25,1,7.12798
2010,03,25,2,6.43571
2010,03,25,3,6.92523
2010,03,25,4,7.19774
2010,03,25,5,7.758310000000001
2010,03,25,6,7.607609999999999
2010,03,25,7,7.65888
2010,03,26,0,7.30955
2010,03,26,1,7.95922
2010,03,26,2,8.49982
2010,03,26,3,6.81277
2010,03,26,4,7.74944
2010,03,26,5,6.8766300000000005
2010,03,26,6,6.90937
2010,03,26,7,6.58755
2010,03,27,0,5.8569700000000005
2010,03,27,1,4.74726
2010,03,27,2,4.149
2010,03,27,3,3.45242
2010,03,27,4,1.76804
2010,03,27,5,1.41706
2010,03,27,6,2.25748
2010,03,27,7,3.0359499999999997
2010,03,28,0,2.68213
2010,03,28,1,2.15116
2010,03,28,2,1.44881
2010,03,28,3,1.15738
2010,03,28,4,1.3611600000000001
2010,03,28,5,2.0373900000000003
2010,03,28,6,1.7893
2010,03,28,7,1.72285
2010,03,29,0,1.79038
2010,03,29,1,1.82405
2010,03,29,2,1.8342
2010,03,29,3,1.8171400000000002
2010,03,29,4,1.73602
2010,03,29,5,1.6876
2010,03,29,6,1.58894
2010,03,29,7,1.51642
2010,03,30,0,1.45388
2010,03,30,1,1.40894
2010,03,30,2,1.37507
2010,03,30,3,1.3297
2010,03,30,4,1.2989600000000001
2010,03,30,5,1.30848
2010,03,30,6,1.29304
2010,03,30,7,1.1413499999999999
2010,03,31,0,0.8397709999999999
2010,03,31,1,0.732281
2010,03,31,2,1.34246
2010,03,31,3,2.0655
2010,03,31,4,2.96094
2010,03,31,5,3.55953
2010,03,31,6,3.15331
2010,03,31,7,2.83319
2011,03,1,0,3.01955
2011,03,1,1,3.49554
2011,03,1,2,4.2414
2011,03,1,3,4.69868
2011,03,1,4,5.56736
2011,03,1,5,5.55605
2011,03,1,6,5.0591
2011,03,1,7,4.10511
2011,03,2,0,3.80192
2011,03,2,1,3.9572
2011,03,2,2,1.96353
2011,03,2,3,1.71021
2011,03,2,4,1.8663699999999999
2011,03,2,5,2.44352
2011,03,2,6,3.49461
2011,03,2,7,4.20035
2011,03,3,0,4.20051
2011,03,3,1,4.05143
2011,03,3,2,3.8829499999999997
2011,03,3,3,3.69574
2011,03,3,4,4.00764
2011,03,3,5,3.2783800000000003
2011,03,3,6,3.92637
2011,03,3,7,4.18701
2011,03,4,0,3.4300900000000003
2011,03,4,1,3.45012
2011,03,4,2,3.4106300000000003
2011,03,4,3,3.7602399999999996
2011,03,4,4,4.3006400000000005
2011,03,4,5,4.20831
2011,03,4,6,4.59984
2011,03,4,7,5.382350000000001
2011,03,5,0,5.9635299999999996
2011,03,5,1,6.19245
2011,03,5,2,6.54154
2011,03,5,3,3.3261100000000003
2011,03,5,4,1.0903699999999998
2011,03,5,5,2.03092
2011,03,5,6,3.03835
2011,03,5,7,5.4447600000000005
2011,03,6,0,6.35681
2011,03,6,1,5.05091
2011,03,6,2,1.50648
2011,03,6,3,1.3863599999999998
2011,03,6,4,1.64725
2011,03,6,5,2.471
2011,03,6,6,2.81419
2011,03,6,7,2.8527199999999997
2011,03,7,0,2.12596
2011,03,7,1,2.15279
2011,03,7,2,2.34216
2011,03,7,3,2.40706
2011,03,7,4,2.72853
2011,03,7,5,3.35081
2011,03,7,6,3.6155
2011,03,7,7,3.55321
2011,03,8,0,3.23894
2011,03,8,1,2.94802
2011,03,8,2,2.72694
2011,03,8,3,2.53477
2011,03,8,4,2.44812
2011,03,8,5,2.38596
2011,03,8,6,2.26025
2011,03,8,7,2.14061
2011,03,9,0,2.0674
2011,03,9,1,1.8956300000000001
2011,03,9,2,1.88134
2011,03,9,3,2.11011
2011,03,9,4,2.27003
2011,03,9,5,2.28031
2011,03,9,6,2.2542
2011,03,9,7,2.20034
2011,03,10,0,2.1278699999999997
2011,03,10,1,2.04388
2011,03,10,2,1.9625
2011,03,10,3,1.80892
2011,03,10,4,1.73905
2011,03,10,5,1.80002
2011,03,10,6,1.9158
2011,03,10,7,2.04302
2011,03,11,0,2.08518
2011,03,11,1,2.0660700000000003
2011,03,11,2,2.0541300000000002
2011,03,11,3,2.00667
2011,03,11,4,1.8709500000000001
2011,03,11,5,1.7805199999999999
2011,03,11,6,1.6411099999999998
2011,03,11,7,1.50539
2011,03,12,0,1.4316
2011,03,12,1,1.34999
2011,03,12,2,1.29054
2011,03,12,3,1.25752
2011,03,12,4,1.4031099999999999
2011,03,12,5,1.804
2011,03,12,6,2.0265999999999997
2011,03,12,7,1.9964300000000001
2011,03,13,0,1.8779400000000002
2011,03,13,1,1.62324
2011,03,13,2,1.31176
2011,03,13,3,0.9614539999999999
2011,03,13,4,0.893298
2011,03,13,5,0.773794
2011,03,13,6,0.9234840000000001
2011,03,13,7,1.28919
2011,03,14,0,1.43425
2011,03,14,1,1.48847
2011,03,14,2,1.39248
2011,03,14,3,1.2393299999999998
2011,03,14,4,1.06654
2011,03,14,5,1.02305
2011,03,14,6,1.4176600000000001
2011,03,14,7,2.3104
2011,03,15,0,2.67735
2011,03,15,1,2.9511
2011,03,15,2,3.5255199999999998
2011,03,15,3,3.9595
2011,03,15,4,4.03813
2011,03,15,5,4.11578
2011,03,15,6,4.39609
2011,03,15,7,4.71974
2011,03,16,0,5.24973
2011,03,16,1,5.51302
2011,03,16,2,5.7245
2011,03,16,3,5.65004
2011,03,16,4,5.44824
2011,03,16,5,5.9111199999999995
2011,03,16,6,5.26115
2011,03,16,7,5.10764
2011,03,17,0,4.59884
2011,03,17,1,4.32186
2011,03,17,2,4.50602
2011,03,17,3,4.97743
2011,03,17,4,5.60947
2011,03,17,5,5.338970000000001
2011,03,17,6,3.07452
2011,03,17,7,2.23318
2011,03,18,0,1.26515
2011,03,18,1,1.37793
2011,03,18,2,1.72278
2011,03,18,3,1.79119
2011,03,18,4,1.6441400000000002
2011,03,18,5,1.61439
2011,03,18,6,1.44741
2011,03,18,7,2.12611
2011,03,19,0,2.36926
2011,03,19,1,2.46095
2011,03,19,2,2.23923
2011,03,19,3,1.9958900000000002
2011,03,19,4,1.4453900000000002
2011,03,19,5,1.4718099999999998
2011,03,19,6,0.954985
2011,03,19,7,1.0089299999999999
2011,03,20,0,1.27542
2011,03,20,1,2.1186100000000003
2011,03,20,2,3.5826700000000002
2011,03,20,3,4.24089
2011,03,20,4,4.7118199999999995
2011,03,20,5,5.3194
2011,03,20,6,3.38942
2011,03,20,7,3.35215
2011,03,21,0,3.28927
2011,03,21,1,3.8491
2011,03,21,2,3.6440300000000003
2011,03,21,3,2.94814
2011,03,21,4,2.8463499999999997
2011,03,21,5,3.38195
2011,03,21,6,4.77687
2011,03,21,7,5.53389
2011,03,22,0,5.03899
2011,03,22,1,4.72604
2011,03,22,2,4.38025
2011,03,22,3,3.6899499999999996
2011,03,22,4,3.04663
2011,03,22,5,4.17166
2011,03,22,6,4.75179
2011,03,22,7,5.28245
2011,03,23,0,6.02893
2011,03,23,1,5.12502
2011,03,23,2,2.43079
2011,03,23,3,3.01782
2011,03,23,4,3.0011300000000003
2011,03,23,5,3.07544
2011,03,23,6,2.6761999999999997
2011,03,23,7,1.69673
2011,03,24,0,1.61109
2011,03,24,1,1.32145
2011,03,24,2,2.09273
2011,03,24,3,5.095899999999999
2011,03,24,4,7.15042
2011,03,24,5,3.54644
2011,03,24,6,0.863796
2011,03,24,7,1.17753
2011,03,25,0,1.7106700000000001
2011,03,25,1,2.13135
2011,03,25,2,2.43203
2011,03,25,3,2.4939
2011,03,25,4,3.08296
2011,03,25,5,4.26239
2011,03,25,6,2.27617
2011,03,25,7,1.8505699999999998
2011,03,26,0,3.12643
2011,03,26,1,3.74953
2011,03,26,2,5.27175
2011,03,26,3,6.3437
2011,03,26,4,6.71892
2011,03,26,5,6.739
2011,03,26,6,7.2842
2011,03,26,7,7.00808
2011,03,27,0,6.38001
2011,03,27,1,5.77492
2011,03,27,2,6.9023
2011,03,27,3,7.57997
2011,03,27,4,7.56736
2011,03,27,5,6.83083
2011,03,27,6,4.50337
2011,03,27,7,2.77935
2011,03,28,0,2.6555500000000003
2011,03,28,1,2.96537
2011,03,28,2,3.15833
2011,03,28,3,2.8571500000000003
2011,03,28,4,2.7965999999999998
2011,03,28,5,2.7052199999999997
2011,03,28,6,2.50848
2011,03,28,7,2.3270399999999998
2011,03,29,0,2.12129
2011,03,29,1,1.8685399999999999
2011,03,29,2,1.65136
2011,03,29,3,1.57796
2011,03,29,4,1.57848
2011,03,29,5,1.50949
2011,03,29,6,1.43502
2011,03,29,7,1.39893
2011,03,30,0,1.34993
2011,03,30,1,1.22246
2011,03,30,2,1.0902100000000001
2011,03,30,3,0.8895810000000001
2011,03,30,4,0.666959
2011,03,30,5,0.46566399999999997
2011,03,30,6,0.36213
2011,03,30,7,0.313624
2011,03,31,0,0.278074
2011,03,31,1,0.269142
2011,03,31,2,0.257839
2011,03,31,3,0.23327199999999998
2011,03,31,4,0.195744
2011,03,31,5,0.19256299999999998
2011,03,31,6,0.22957
2011,03,31,7,0.31506
2011,03,1,0,0.38753899999999997
2011,03,1,1,0.356139
2011,03,1,2,0.318604
2011,03,1,3,0.742839
2011,03,1,4,2.52956
2011,03,1,5,4.65053
2011,03,1,6,5.822550000000001
2011,03,1,7,6.36604
2011,03,2,0,6.08948
2011,03,2,1,5.93678
2011,03,2,2,4.69434
2011,03,2,3,6.5875699999999995
2011,03,2,4,6.91438
2011,03,2,5,6.4868999999999994
2011,03,2,6,6.44191
2011,03,2,7,3.7658
2011,03,3,0,2.1834000000000002
2011,03,3,1,2.22916
2011,03,3,2,6.38254
2011,03,3,3,6.76382
2011,03,3,4,5.10311
2011,03,3,5,2.1234699999999997
2011,03,3,6,2.1088299999999998
2011,03,3,7,2.2379000000000002
2011,03,4,0,2.53497
2011,03,4,1,4.67318
2011,03,4,2,6.4158800000000005
2011,03,4,3,4.58146
2011,03,4,4,5.070399999999999
2011,03,4,5,4.76862
2011,03,4,6,4.657100000000001
2011,03,4,7,4.8579799999999995
2011,03,5,0,4.93318
2011,03,5,1,4.11301
2011,03,5,2,3.72354
2011,03,5,3,3.6029400000000003
2011,03,5,4,3.2635500000000004
2011,03,5,5,3.04884
2011,03,5,6,2.6324099999999997
2011,03,5,7,2.24967
2011,03,6,0,2.03631
2011,03,6,1,1.74617
2011,03,6,2,1.50636
2011,03,6,3,1.3988
2011,03,6,4,1.2886600000000001
2011,03,6,5,1.1493699999999998
2011,03,6,6,1.0718299999999998
2011,03,6,7,1.11006
2011,03,7,0,1.27311
2011,03,7,1,1.49744
2011,03,7,2,1.7340499999999999
2011,03,7,3,2.02175
2011,03,7,4,2.03823
2011,03,7,5,1.3989200000000002
2011,03,7,6,0.6609790000000001
2011,03,7,7,0.47132799999999997
2011,03,8,0,0.415894
2011,03,8,1,0.507382
2011,03,8,2,0.539449
2011,03,8,3,0.36877699999999997
2011,03,8,4,0.331959
2011,03,8,5,0.355085
2011,03,8,6,0.399818
2011,03,8,7,0.423939
2011,03,9,0,0.587697
2011,03,9,1,0.678142
2011,03,9,2,0.838899
2011,03,9,3,1.22762
2011,03,9,4,1.69736
2011,03,9,5,3.11087
2011,03,9,6,3.97981
2011,03,9,7,3.67393
2011,03,10,0,3.57137
2011,03,10,1,3.6028200000000004
2011,03,10,2,3.8146999999999998
2011,03,10,3,3.9791
2011,03,10,4,4.16934
2011,03,10,5,3.88002
2011,03,10,6,3.8614499999999996
2011,03,10,7,3.30742
2011,03,11,0,3.08064
2011,03,11,1,3.4558299999999997
2011,03,11,2,4.01316
2011,03,11,3,4.69353
2011,03,11,4,5.18893
2011,03,11,5,4.63659
2011,03,11,6,5.03012
2011,03,11,7,4.938689999999999
2011,03,12,0,4.42218
2011,03,12,1,4.464270000000001
2011,03,12,2,4.41146
2011,03,12,3,4.14783
2011,03,12,4,3.76999
2011,03,12,5,3.83016
2011,03,12,6,3.5832100000000002
2011,03,12,7,3.90645
2011,03,13,0,3.0119000000000002
2011,03,13,1,2.543
2011,03,13,2,2.66877
2011,03,13,3,2.31783
2011,03,13,4,2.76373
2011,03,13,5,2.8362
2011,03,13,6,1.7878
2011,03,13,7,1.8322100000000001
2011,03,14,0,3.60238
2011,03,14,1,3.73922
2011,03,14,2,3.5211900000000003
2011,03,14,3,3.27386
2011,03,14,4,3.53837
2011,03,14,5,3.96586
2011,03,14,6,4.271100000000001
2011,03,14,7,4.49301
2011,03,15,0,4.820060000000001
2011,03,15,1,5.63896
2011,03,15,2,5.71967
2011,03,15,3,5.25835
2011,03,15,4,3.88779
2011,03,15,5,3.99013
2011,03,15,6,3.45281
2011,03,15,7,2.98947
2011,03,16,0,2.7508600000000003
2011,03,16,1,2.56527
2011,03,16,2,2.46333
2011,03,16,3,2.30614
2011,03,16,4,1.5525799999999998
2011,03,16,5,1.42353
2011,03,16,6,1.89245
2011,03,16,7,2.19946
2011,03,17,0,2.2826500000000003
2011,03,17,1,2.1224600000000002
2011,03,17,2,2.27077
2011,03,17,3,1.73328
2011,03,17,4,1.75489
2011,03,17,5,1.72863
2011,03,17,6,1.71877
2011,03,17,7,1.6654200000000001
2011,03,18,0,1.54697
2011,03,18,1,1.3844100000000001
2011,03,18,2,1.20465
2011,03,18,3,1.06089
2011,03,18,4,0.760683
2011,03,18,5,0.49867700000000004
2011,03,18,6,0.31135199999999996
2011,03,18,7,0.21729099999999998
2011,03,19,0,0.21066900000000002
2011,03,19,1,0.213608
2011,03,19,2,0.240171
2011,03,19,3,0.374893
2011,03,19,4,0.5330309999999999
2011,03,19,5,0.89351
2011,03,19,6,1.0928099999999998
2011,03,19,7,1.07057
2011,03,20,0,1.08763
2011,03,20,1,1.66475
2011,03,20,2,2.6501799999999998
2011,03,20,3,3.00225
2011,03,20,4,3.21014
2011,03,20,5,3.42309
2011,03,20,6,3.36951
2011,03,20,7,2.54561
2011,03,21,0,2.2108499999999998
2011,03,21,1,3.0234699999999997
2011,03,21,2,3.8041799999999997
2011,03,21,3,3.5967
2011,03,21,4,3.01492
2011,03,21,5,1.87448
2011,03,21,6,1.88121
2011,03,21,7,1.94084
2011,03,22,0,1.52794
2011,03,22,1,1.31139
2011,03,22,2,1.02456
2011,03,22,3,0.976543
2011,03,22,4,0.852279
2011,03,22,5,0.813639
2011,03,22,6,0.881912
2011,03,22,7,0.839485
2011,03,23,0,0.809716
2011,03,23,1,0.815524
2011,03,23,2,0.8083400000000001
2011,03,23,3,0.753687
2011,03,23,4,0.724818
2011,03,23,5,0.702945
2011,03,23,6,0.650289
2011,03,23,7,0.600355
2011,03,24,0,0.567252
2011,03,24,1,0.5410349999999999
2011,03,24,2,0.563114
2011,03,24,3,0.5759679999999999
2011,03,24,4,0.559627
2011,03,24,5,0.557411
2011,03,24,6,0.53179
2011,03,24,7,0.496195
2011,03,25,0,0.623461
2011,03,25,1,1.0355999999999999
2011,03,25,2,1.58813
2011,03,25,3,1.9641300000000002
2011,03,25,4,1.41127
2011,03,25,5,1.14914
2011,03,25,6,1.86984
2011,03,25,7,3.99317
2011,03,26,0,4.85496
2011,03,26,1,4.03992
2011,03,26,2,4.911770000000001
2011,03,26,3,4.547899999999999
2011,03,26,4,3.25758
2011,03,26,5,2.3001
2011,03,26,6,2.07146
2011,03,26,7,1.95073
2011,03,27,0,1.73042
2011,03,27,1,1.4607
2011,03,27,2,1.2408599999999999
2011,03,27,3,1.15856
2011,03,27,4,1.1607100000000001
2011,03,27,5,1.19364
2011,03,27,6,1.07676
2011,03,27,7,1.01209
2011,03,28,0,0.956874
2011,03,28,1,0.93701
2011,03,28,2,0.931515
2011,03,28,3,0.911606
2011,03,28,4,0.9915320000000001
2011,03,28,5,0.959118
2011,03,28,6,0.901117
2011,03,28,7,0.827505
2011,03,1,0,0.705194
2011,03,1,1,0.610114
2011,03,1,2,0.6211169999999999
2011,03,1,3,0.6279539999999999
2011,03,1,4,0.672106
2011,03,1,5,0.7084389999999999
2011,03,1,6,0.708406
2011,03,1,7,0.8143830000000001
2011,03,2,0,0.956532
2011,03,2,1,1.02193
2011,03,2,2,1.10051
2011,03,2,3,1.1511600000000002
2011,03,2,4,1.3770799999999999
2011,03,2,5,1.65581
2011,03,2,6,2.1674
2011,03,2,7,2.90224
2011,03,3,0,3.38014
2011,03,3,1,4.09635
2011,03,3,2,2.7293499999999997
2011,03,3,3,2.35114
2011,03,3,4,2.1071999999999997
2011,03,3,5,1.8836700000000002
2011,03,3,6,1.8436400000000002
2011,03,3,7,1.8921
2011,03,4,0,1.55486
2011,03,4,1,1.3631199999999999
2011,03,4,2,1.21382
2011,03,4,3,1.1787699999999999
2011,03,4,4,1.26212
2011,03,4,5,1.16516
2011,03,4,6,1.12873
2011,03,4,7,1.20475
2011,03,5,0,1.56411
2011,03,5,1,1.76927
2011,03,5,2,1.7856400000000001
2011,03,5,3,1.96892
2011,03,5,4,2.1179099999999997
2011,03,5,5,2.16166
2011,03,5,6,2.17589
2011,03,5,7,2.15465
2011,03,6,0,2.0840300000000003
2011,03,6,1,1.99858
2011,03,6,2,1.93489
2011,03,6,3,1.84957
2011,03,6,4,1.67245
2011,03,6,5,1.38085
2011,03,6,6,1.13723
2011,03,6,7,0.997558
2011,03,7,0,0.902849
2011,03,7,1,0.873452
2011,03,7,2,0.923053
2011,03,7,3,0.993913
2011,03,7,4,1.0597
2011,03,7,5,1.1368900000000002
2011,03,7,6,1.14427
2011,03,7,7,1.2157
2011,03,8,0,1.32644
2011,03,8,1,1.44025
2011,03,8,2,1.5664200000000001
2011,03,8,3,1.5966600000000002
2011,03,8,4,1.53122
2011,03,8,5,1.3023399999999998
2011,03,8,6,1.02756
2011,03,8,7,1.40512
2011,03,9,0,2.17228
2011,03,9,1,2.52686
2011,03,9,2,2.57422
2011,03,9,3,2.54242
2011,03,9,4,2.62363
2011,03,9,5,2.36519
2011,03,9,6,1.92108
2011,03,9,7,1.9682
2011,03,10,0,2.96704
2011,03,10,1,3.19842
2011,03,10,2,3.01684
2011,03,10,3,3.0591500000000003
2011,03,10,4,3.05905
2011,03,10,5,2.8152199999999996
2011,03,10,6,2.76365
2011,03,10,7,3.12256
2011,03,11,0,3.1201
2011,03,11,1,3.03095
2011,03,11,2,2.90308
2011,03,11,3,2.36042
2011,03,11,4,1.80949
2011,03,11,5,1.9251500000000001
2011,03,11,6,2.12924
2011,03,11,7,2.25548
2011,03,12,0,2.40706
2011,03,12,1,1.94093
2011,03,12,2,1.81264
2011,03,12,3,2.20082
2011,03,12,4,2.50466
2011,03,12,5,2.8615
2011,03,12,6,3.5525900000000004
2011,03,12,7,3.67762
2011,03,13,0,3.21481
2011,03,13,1,2.5215500000000004
2011,03,13,2,2.74606
2011,03,13,3,3.1939699999999998
2011,03,13,4,2.45004
2011,03,13,5,2.11077
2011,03,13,6,3.05967
2011,03,13,7,3.9559
2011,03,14,0,4.86567
2011,03,14,1,5.54774
2011,03,14,2,6.16685
2011,03,14,3,6.25995
2011,03,14,4,5.626390000000001
2011,03,14,5,3.51826
2011,03,14,6,2.9117100000000002
2011,03,14,7,3.68066
2011,03,15,0,3.84258
2011,03,15,1,3.5252800000000004
2011,03,15,2,3.56647
2011,03,15,3,3.30094
2011,03,15,4,2.8001799999999997
2011,03,15,5,3.15318
2011,03,15,6,4.030530000000001
2011,03,15,7,4.32008
2011,03,16,0,4.393260000000001
2011,03,16,1,4.539020000000001
2011,03,16,2,4.36071
2011,03,16,3,4.00327
2011,03,16,4,3.8917100000000002
2011,03,16,5,3.62458
2011,03,16,6,3.8738
2011,03,16,7,4.02959
2011,03,17,0,3.47155
2011,03,17,1,2.10214
2011,03,17,2,2.14233
2011,03,17,3,2.14641
2011,03,17,4,1.73236
2011,03,17,5,1.63076
2011,03,17,6,1.4245999999999999
2011,03,17,7,1.39673
2011,03,18,0,1.26931
2011,03,18,1,1.17649
2011,03,18,2,1.3069000000000002
2011,03,18,3,1.56614
2011,03,18,4,1.71869
2011,03,18,5,1.55761
2011,03,18,6,1.36656
2011,03,18,7,1.3554000000000002
2011,03,19,0,1.50378
2011,03,19,1,1.7386300000000001
2011,03,19,2,1.85874
2011,03,19,3,1.9161
2011,03,19,4,2.01362
2011,03,19,5,2.0684
2011,03,19,6,2.20397
2011,03,19,7,2.16452
2011,03,20,0,2.23861
2011,03,20,1,2.6181300000000003
2011,03,20,2,2.79566
2011,03,20,3,3.00772
2011,03,20,4,3.26443
2011,03,20,5,3.38677
2011,03,20,6,3.28078
2011,03,20,7,3.22554
2011,03,21,0,3.24186
2011,03,21,1,3.27278
2011,03,21,2,3.2754899999999996
2011,03,21,3,3.26528
2011,03,21,4,2.82805
2011,03,21,5,2.61607
2011,03,21,6,2.49396
2011,03,21,7,3.69388
2011,03,22,0,4.40664
2011,03,22,1,4.35721
2011,03,22,2,4.5307200000000005
2011,03,22,3,4.83623
2011,03,22,4,5.34209
2011,03,22,5,5.29671
2011,03,22,6,5.184069999999999
2011,03,22,7,4.4712
2011,03,23,0,3.2255700000000003
2011,03,23,1,2.86698
2011,03,23,2,2.4124299999999996
2011,03,23,3,2.12686
2011,03,23,4,2.21266
2011,03,23,5,2.4114
2011,03,23,6,2.86597
2011,03,23,7,3.63519
2011,03,24,0,4.4829799999999995
2011,03,24,1,4.5596000000000005
2011,03,24,2,4.282970000000001
2011,03,24,3,4.1328000000000005
2011,03,24,4,3.92418
2011,03,24,5,3.7373499999999997
2011,03,24,6,3.31018
2011,03,24,7,2.89175
2011,03,25,0,2.5496
2011,03,25,1,2.62287
2011,03,25,2,3.32931
2011,03,25,3,3.54242
2011,03,25,4,3.8337600000000003
2011,03,25,5,4.06306
2011,03,25,6,3.94586
2011,03,25,7,3.71914
2011,03,26,0,3.4237100000000003
2011,03,26,1,3.12824
2011,03,26,2,2.80906
2011,03,26,3,2.73055
2011,03,26,4,3.18295
2011,03,26,5,4.08732
2011,03,26,6,4.40364
2011,03,26,7,4.03445
2011,03,27,0,3.94569
2011,03,27,1,3.94436
2011,03,27,2,4.09992
2011,03,27,3,4.02716
2011,03,27,4,3.97786
2011,03,27,5,3.82637
2011,03,27,6,3.34862
2011,03,27,7,3.2319
2011,03,28,0,3.2278000000000002
2011,03,28,1,3.24359
2011,03,28,2,3.58931
2011,03,28,3,3.97379
2011,03,28,4,4.03001
2011,03,28,5,3.73657
2011,03,28,6,3.91775
2011,03,28,7,4.2158500000000005
2011,03,29,0,3.60254
2011,03,29,1,3.1080799999999997
2011,03,29,2,3.41591
2011,03,29,3,3.42908
2011,03,29,4,3.3738
2011,03,29,5,3.24101
2011,03,29,6,3.5831500000000003
2011,03,29,7,3.3973
2011,03,30,0,3.77306
2011,03,30,1,3.53314
2011,03,30,2,3.2954299999999996
2011,03,30,3,4.11407
2011,03,30,4,4.61455
2011,03,30,5,4.451149999999999
2011,03,30,6,4.18064
2011,03,30,7,4.18649
2011,03,31,0,3.3733
2011,03,31,1,3.16561
2011,03,31,2,2.71394
2011,03,31,3,2.80742
2011,03,31,4,2.10697
2011,03,31,5,1.87198
2011,03,31,6,2.2023099999999998
2011,03,31,7,1.95724
2011,03,1,0,2.17937
2011,03,1,1,2.64821
2011,03,1,2,3.0913600000000003
2011,03,1,3,3.1376
2011,03,1,4,2.66979
2011,03,1,5,2.26096
2011,03,1,6,2.17186
2011,03,1,7,2.25717
2011,03,2,0,2.4363
2011,03,2,1,2.6693000000000002
2011,03,2,2,2.78639
2011,03,2,3,2.7830700000000004
2011,03,2,4,2.5124400000000002
2011,03,2,5,2.19846
2011,03,2,6,2.22523
2011,03,2,7,2.32658
2011,03,3,0,2.20733
2011,03,3,1,2.01958
2011,03,3,2,2.01259
2011,03,3,3,2.0138
2011,03,3,4,1.95311
2011,03,3,5,1.6125699999999998
2011,03,3,6,1.34247
2011,03,3,7,1.00174
2011,03,4,0,1.1653
2011,03,4,1,1.84479
2011,03,4,2,2.8208699999999998
2011,03,4,3,4.24193
2011,03,4,4,3.9333299999999998
2011,03,4,5,3.47939
2011,03,4,6,2.9345700000000003
2011,03,4,7,1.73922
2011,03,5,0,1.78716
2011,03,5,1,2.0747199999999997
2011,03,5,2,2.0709899999999997
2011,03,5,3,1.92425
2011,03,5,4,2.16666
2011,03,5,5,1.88661
2011,03,5,6,1.7851700000000001
2011,03,5,7,1.97061
2011,03,6,0,1.91482
2011,03,6,1,2.08354
2011,03,6,2,2.5116799999999997
2011,03,6,3,2.69169
2011,03,6,4,2.37184
2011,03,6,5,2.57653
2011,03,6,6,2.5686999999999998
2011,03,6,7,2.42758
2011,03,7,0,2.50823
2011,03,7,1,2.0925700000000003
2011,03,7,2,2.09236
2011,03,7,3,2.49344
2011,03,7,4,2.7590500000000002
2011,03,7,5,2.34761
2011,03,7,6,1.9048800000000001
2011,03,7,7,1.81906
2011,03,8,0,1.55781
2011,03,8,1,1.45981
2011,03,8,2,1.63783
2011,03,8,3,2.16612
2011,03,8,4,2.87417
2011,03,8,5,4.22326
2011,03,8,6,7.19852
2011,03,8,7,7.61141
2011,03,9,0,7.1464300000000005
2011,03,9,1,5.167350000000001
2011,03,9,2,3.71456
2011,03,9,3,3.64752
2011,03,9,4,3.34616
2011,03,9,5,2.96505
2011,03,9,6,2.74904
2011,03,9,7,1.98119
2011,03,10,0,2.15498
2011,03,10,1,1.90276
2011,03,10,2,1.52331
2011,03,10,3,1.4469400000000001
2011,03,10,4,1.5201099999999999
2011,03,10,5,2.1553899999999997
2011,03,10,6,3.28196
2011,03,10,7,4.509180000000001
2011,03,11,0,5.205970000000001
2011,03,11,1,5.35466
2011,03,11,2,5.43486
2011,03,11,3,5.48429
2011,03,11,4,4.17764
2011,03,11,5,3.7847600000000003
2011,03,11,6,3.4418
2011,03,11,7,4.05971
2011,03,12,0,3.77015
2011,03,12,1,3.03191
2011,03,12,2,2.7112600000000002
2011,03,12,3,2.5067600000000003
2011,03,12,4,2.0949
2011,03,12,5,1.58053
2011,03,12,6,1.51994
2011,03,12,7,2.0338499999999997
2011,03,13,0,2.46658
2011,03,13,1,2.16206
2011,03,13,2,2.01021
2011,03,13,3,2.1199
2011,03,13,4,2.2611
2011,03,13,5,2.06745
2011,03,13,6,1.85298
2011,03,13,7,2.92123
2011,03,14,0,3.5881399999999997
2011,03,14,1,3.61188
2011,03,14,2,3.81391
2011,03,14,3,4.16247
2011,03,14,4,4.3350100000000005
2011,03,14,5,4.40716
2011,03,14,6,4.434270000000001
2011,03,14,7,4.57067
2011,03,15,0,4.12542
2011,03,15,1,3.75249
2011,03,15,2,3.5496
2011,03,15,3,3.26219
2011,03,15,4,3.0273600000000003
2011,03,15,5,2.74248
2011,03,15,6,2.7116599999999997
2011,03,15,7,2.61617
2011,03,16,0,2.54617
2011,03,16,1,2.5271399999999997
2011,03,16,2,2.37445
2011,03,16,3,2.1726799999999997
2011,03,16,4,2.07979
2011,03,16,5,2.02901
2011,03,16,6,2.04704
2011,03,16,7,1.99525
2011,03,17,0,1.97995
2011,03,17,1,2.03891
2011,03,17,2,1.98641
2011,03,17,3,1.76319
2011,03,17,4,1.37796
2011,03,17,5,1.2853299999999999
2011,03,17,6,1.418
2011,03,17,7,1.77481
2011,03,18,0,1.9027
2011,03,18,1,1.86518
2011,03,18,2,1.95639
2011,03,18,3,2.02351
2011,03,18,4,1.97451
2011,03,18,5,1.85058
2011,03,18,6,1.80158
2011,03,18,7,2.12099
2011,03,19,0,2.00613
2011,03,19,1,1.93771
2011,03,19,2,1.90347
2011,03,19,3,1.99309
2011,03,19,4,1.87706
2011,03,19,5,1.57891
2011,03,19,6,1.67221
2011,03,19,7,2.0616
2011,03,20,0,2.1285100000000003
2011,03,20,1,2.29595
2011,03,20,2,2.0991500000000003
2011,03,20,3,1.50697
2011,03,20,4,1.41596
2011,03,20,5,1.3485999999999998
2011,03,20,6,1.34208
2011,03,20,7,1.91184
2011,03,21,0,2.18955
2011,03,21,1,2.2314499999999997
2011,03,21,2,2.47991
2011,03,21,3,2.5650500000000003
2011,03,21,4,2.56248
2011,03,21,5,2.71045
2011,03,21,6,2.74496
2011,03,21,7,2.83954
2011,03,22,0,3.02369
2011,03,22,1,2.5114699999999996
2011,03,22,2,2.34865
2011,03,22,3,2.3803400000000003
2011,03,22,4,2.2741100000000003
2011,03,22,5,2.13613
2011,03,22,6,2.3299499999999997
2011,03,22,7,2.89076
2011,03,23,0,2.62531
2011,03,23,1,2.17084
2011,03,23,2,2.71716
2011,03,23,3,3.29162
2011,03,23,4,3.47886
2011,03,23,5,3.86777
2011,03,23,6,4.1860100000000005
2011,03,23,7,4.38915
2011,03,24,0,4.80498
2011,03,24,1,4.90565
2011,03,24,2,4.42528
2011,03,24,3,3.5896
2011,03,24,4,2.9668400000000004
2011,03,24,5,2.71063
2011,03,24,6,2.8627399999999996
2011,03,24,7,2.98862
2011,03,25,0,2.70732
2011,03,25,1,2.29529
2011,03,25,2,1.87965
2011,03,25,3,2.34414
2011,03,25,4,2.73265
2011,03,25,5,2.7920100000000003
2011,03,25,6,2.6943200000000003
2011,03,25,7,3.2577
2011,03,26,0,3.68278
2011,03,26,1,4.13319
2011,03,26,2,4.22062
2011,03,26,3,4.03593
2011,03,26,4,4.3621300000000005
2011,03,26,5,4.582050000000001
2011,03,26,6,4.49675
2011,03,26,7,4.78534
2011,03,27,0,4.90589
2011,03,27,1,4.70194
2011,03,27,2,3.8588299999999998
2011,03,27,3,3.0917600000000003
2011,03,27,4,3.31312
2011,03,27,5,3.41682
2011,03,27,6,3.42898
2011,03,27,7,4.25937
2011,03,28,0,4.40547
2011,03,28,1,3.7024
2011,03,28,2,4.03935
2011,03,28,3,4.41057
2011,03,28,4,4.73742
2011,03,28,5,4.7905299999999995
2011,03,28,6,4.479439999999999
2011,03,28,7,4.6048
2011,03,29,0,4.575060000000001
2011,03,29,1,4.38743
2011,03,29,2,4.07464
2011,03,29,3,3.65108
2011,03,29,4,3.1485100000000004
2011,03,29,5,3.99687
2011,03,29,6,4.03162
2011,03,29,7,3.9878400000000003
2011,03,30,0,3.53602
2011,03,30,1,3.70986
2011,03,30,2,3.89919
2011,03,30,3,3.78038
2011,03,30,4,3.71052
2011,03,30,5,3.59306
2011,03,30,6,3.00808
2011,03,30,7,3.2024
2011,03,1,0,3.32639
2011,03,1,1,3.6003600000000002
2011,03,1,2,3.84129
2011,03,1,3,3.87651
2011,03,1,4,4.00215
2011,03,1,5,3.94968
2011,03,1,6,3.67198
2011,03,1,7,3.3521199999999998
2011,03,2,0,3.2604
2011,03,2,1,3.66236
2011,03,2,2,4.85846
2011,03,2,3,6.92655
2011,03,2,4,7.14246
2011,03,2,5,7.14168
2011,03,2,6,7.1838500000000005
2011,03,2,7,7.50485
2011,03,3,0,7.6289
2011,03,3,1,7.07078
2011,03,3,2,6.10041
2011,03,3,3,4.83912
2011,03,3,4,4.06073
2011,03,3,5,2.83678
2011,03,3,6,2.39519
2011,03,3,7,3.2328699999999997
2011,03,4,0,3.61669
2011,03,4,1,3.50171
2011,03,4,2,3.0225500000000003
2011,03,4,3,2.8845300000000003
2011,03,4,4,3.16556
2011,03,4,5,3.65799
2011,03,4,6,4.2136499999999995
2011,03,4,7,4.67545
2011,03,5,0,5.6146
2011,03,5,1,6.01175
2011,03,5,2,5.62311
2011,03,5,3,5.30403
2011,03,5,4,5.3501
2011,03,5,5,4.73075
2011,03,5,6,4.33342
2011,03,5,7,4.4041999999999994
2011,03,6,0,4.55437
2011,03,6,1,4.604430000000001
2011,03,6,2,4.46547
2011,03,6,3,4.222479999999999
2011,03,6,4,4.07983
2011,03,6,5,3.8254699999999997
2011,03,6,6,3.65661
2011,03,6,7,4.2363800000000005
2011,03,7,0,4.48534
2011,03,7,1,4.30446
2011,03,7,2,4.12571
2011,03,7,3,4.04929
2011,03,7,4,4.10582
2011,03,7,5,4.07637
2011,03,7,6,4.59889
2011,03,7,7,4.98763
2011,03,8,0,5.08484
2011,03,8,1,5.1515699999999995
2011,03,8,2,5.15999
2011,03,8,3,4.4919899999999995
2011,03,8,4,4.00564
2011,03,8,5,3.8363400000000003
2011,03,8,6,3.98425
2011,03,8,7,4.49303
2011,03,9,0,4.483779999999999
2011,03,9,1,4.43792
2011,03,9,2,4.8275500000000005
2011,03,9,3,5.3003599999999995
2011,03,9,4,5.56691
2011,03,9,5,5.723979999999999
2011,03,9,6,5.72183
2011,03,9,7,6.08279
2011,03,10,0,6.284050000000001
2011,03,10,1,6.84908
2011,03,10,2,6.47476
2011,03,10,3,5.5105900000000005
2011,03,10,4,4.58405
2011,03,10,5,4.13675
2011,03,10,6,6.7841700000000005
2011,03,10,7,7.7966999999999995
2011,03,11,0,7.97918
2011,03,11,1,8.32761
2011,03,11,2,8.95044
2011,03,11,3,8.51229
2011,03,11,4,8.85336
2011,03,11,5,8.643540000000002
2011,03,11,6,8.93612
2011,03,11,7,10.0138
2011,03,12,0,10.5885
2011,03,12,1,9.708260000000001
2011,03,12,2,9.24697
2011,03,12,3,9.46239
2011,03,12,4,8.59713
2011,03,12,5,10.4201
2011,03,12,6,9.10446
2011,03,12,7,7.63175
2011,03,13,0,6.18363
2011,03,13,1,5.90919
2011,03,13,2,6.211069999999999
2011,03,13,3,4.613449999999999
2011,03,13,4,3.34206
2011,03,13,5,2.35897
2011,03,13,6,2.8524000000000003
2011,03,13,7,3.74929
2011,03,14,0,5.25335
2011,03,14,1,6.39978
2011,03,14,2,6.466489999999999
2011,03,14,3,9.076469999999999
2011,03,14,4,9.23463
2011,03,14,5,7.5515799999999995
2011,03,14,6,6.81774
2011,03,14,7,5.28659
2011,03,15,0,3.95083
2011,03,15,1,1.88697
2011,03,15,2,0.898097
2011,03,15,3,1.10771
2011,03,15,4,1.85452
2011,03,15,5,2.1771700000000003
2011,03,15,6,3.36043
2011,03,15,7,2.6998200000000003
2011,03,16,0,4.26001
2011,03,16,1,5.19458
2011,03,16,2,4.33333
2011,03,16,3,3.49197
2011,03,16,4,3.70025
2011,03,16,5,3.99176
2011,03,16,6,4.75641
2011,03,16,7,6.507
2011,03,17,0,8.02971
2011,03,17,1,8.791120000000001
2011,03,17,2,9.64471
2011,03,17,3,11.2364
2011,03,17,4,11.635200000000001
2011,03,17,5,8.65427
2011,03,17,6,5.02984
2011,03,17,7,4.5474499999999995
2011,03,18,0,4.51607
2011,03,18,1,4.144819999999999
2011,03,18,2,4.66711
2011,03,18,3,4.37807
2011,03,18,4,4.87856
2011,03,18,5,5.0061800000000005
2011,03,18,6,3.97019
2011,03,18,7,3.2184
2011,03,19,0,3.49337
2011,03,19,1,2.33987
2011,03,19,2,2.48264
2011,03,19,3,3.23442
2011,03,19,4,4.06235
2011,03,19,5,4.969180000000001
2011,03,19,6,5.94481
2011,03,19,7,6.943020000000001
2011,03,20,0,7.82217
2011,03,20,1,7.87197
2011,03,20,2,8.02892
2011,03,20,3,7.81795
2011,03,20,4,8.640559999999999
2011,03,20,5,9.28504
2011,03,20,6,9.88244
2011,03,20,7,8.34149
2011,03,21,0,6.265569999999999
2011,03,21,1,5.67986
2011,03,21,2,6.74335
2011,03,21,3,7.86524
2011,03,21,4,8.19303
2011,03,21,5,8.27742
2011,03,21,6,8.38744
2011,03,21,7,8.80717
2011,03,22,0,9.06449
2011,03,22,1,8.92928
2011,03,22,2,8.63064
2011,03,22,3,8.02694
2011,03,22,4,8.0627
2011,03,22,5,7.90385
2011,03,22,6,9.64262
2011,03,22,7,9.88411
2011,03,23,0,9.00685
2011,03,23,1,8.64704
2011,03,23,2,7.84942
2011,03,23,3,7.61558
2011,03,23,4,7.7541199999999995
2011,03,23,5,6.99074
2011,03,23,6,6.29147
2011,03,23,7,6.83968
2011,03,24,0,7.52496
2011,03,24,1,7.394100000000001
2011,03,24,2,7.79077
2011,03,24,3,8.608379999999999
2011,03,24,4,8.70111
2011,03,24,5,7.90713
2011,03,24,6,7.64506
2011,03,24,7,6.25304
2011,03,25,0,6.55409
2011,03,25,1,6.4805
2011,03,25,2,6.33406
2011,03,25,3,6.288939999999999
2011,03,25,4,6.15617
2011,03,25,5,6.36503
2011,03,25,6,6.3361
2011,03,25,7,6.69532
2011,03,26,0,6.55677
2011,03,26,1,6.13141
2011,03,26,2,5.8140600000000004
2011,03,26,3,5.94492
2011,03,26,4,6.55231
2011,03,26,5,7.2881599999999995
2011,03,26,6,7.84255
2011,03,26,7,8.51806
2011,03,27,0,8.44015
2011,03,27,1,7.87433
2011,03,27,2,7.00092
2011,03,27,3,5.69981
2011,03,27,4,4.5694099999999995
2011,03,27,5,4.10418
2011,03,27,6,4.1991499999999995
2011,03,27,7,4.69887
2011,03,28,0,5.0969
2011,03,28,1,5.20406
2011,03,28,2,4.59346
2011,03,28,3,3.93043
2011,03,28,4,3.27259
2011,03,28,5,3.0991500000000003
2011,03,28,6,3.39072
2011,03,28,7,3.55508
2011,03,29,0,3.7984400000000003
2011,03,29,1,3.97635
2011,03,29,2,3.91976
2011,03,29,3,3.68106
2011,03,29,4,3.05554
2011,03,29,5,2.90288
2011,03,29,6,4.00327
2011,03,29,7,5.48907
2011,03,30,0,5.885470000000001
2011,03,30,1,6.035010000000001
2011,03,30,2,5.35532
2011,03,30,3,4.36092
2011,03,30,4,3.76688
2011,03,30,5,3.4011
2011,03,30,6,3.5958699999999997
2011,03,30,7,4.03163
2011,03,31,0,4.3235600000000005
2011,03,31,1,4.27566
2011,03,31,2,4.37201
2011,03,31,3,4.29922
2011,03,31,4,3.73455
2011,03,31,5,3.48471
2011,03,31,6,3.64413
2011,03,31,7,4.01944
2011,03,1,0,4.48924
2011,03,1,1,4.7918199999999995
2011,03,1,2,5.0363
2011,03,1,3,5.20239
2011,03,1,4,4.83434
2011,03,1,5,5.00089
2011,03,1,6,5.597729999999999
2011,03,1,7,5.81694
2011,03,2,0,5.77807
2011,03,2,1,6.26464
2011,03,2,2,5.2812
2011,03,2,3,4.25467
2011,03,2,4,3.5596
2011,03,2,5,4.15445
2011,03,2,6,5.08621
2011,03,2,7,6.59292
2011,03,3,0,8.66576
2011,03,3,1,8.496360000000001
2011,03,3,2,7.23803
2011,03,3,3,7.99756
2011,03,3,4,8.67261
2011,03,3,5,7.9611
2011,03,3,6,5.71922
2011,03,3,7,5.26441
2011,03,4,0,4.549810000000001
2011,03,4,1,3.18735
2011,03,4,2,2.6771599999999998
2011,03,4,3,3.0062800000000003
2011,03,4,4,3.70979
2011,03,4,5,5.80821
2011,03,4,6,7.77458
2011,03,4,7,8.58995
2011,03,5,0,7.92699
2011,03,5,1,7.36442
2011,03,5,2,7.8923000000000005
2011,03,5,3,7.90746
2011,03,5,4,7.76576
2011,03,5,5,7.59434
2011,03,5,6,6.947979999999999
2011,03,5,7,6.47862
2011,03,6,0,6.34965
2011,03,6,1,5.61406
2011,03,6,2,5.04438
2011,03,6,3,4.88452
2011,03,6,4,5.44963
2011,03,6,5,5.90365
2011,03,6,6,6.297350000000001
2011,03,6,7,6.74038
2011,03,7,0,6.99932
2011,03,7,1,6.880310000000001
2011,03,7,2,6.987850000000001
2011,03,7,3,6.63805
2011,03,7,4,6.8400799999999995
2011,03,7,5,6.81088
2011,03,7,6,6.35247
2011,03,7,7,6.13594
2011,03,8,0,6.34887
2011,03,8,1,5.4808
2011,03,8,2,5.01284
2011,03,8,3,4.61854
2011,03,8,4,4.0790500000000005
2011,03,8,5,3.44944
2011,03,8,6,3.10797
2011,03,8,7,3.20961
2011,03,9,0,3.28813
2011,03,9,1,3.95678
2011,03,9,2,4.52308
2011,03,9,3,5.46861
2011,03,9,4,6.53891
2011,03,9,5,7.94503
2011,03,9,6,9.04314
2011,03,9,7,10.2225
2011,03,10,0,11.1405
2011,03,10,1,11.524299999999998
2011,03,10,2,12.1748
2011,03,10,3,10.7328
2011,03,10,4,10.081100000000001
2011,03,10,5,9.04925
2011,03,10,6,7.9234
2011,03,10,7,7.43745
2011,03,11,0,6.7862
2011,03,11,1,6.15623
2011,03,11,2,4.76758
2011,03,11,3,5.20143
2011,03,11,4,4.82166
2011,03,11,5,4.460319999999999
2011,03,11,6,4.76363
2011,03,11,7,5.03641
2011,03,12,0,5.31414
2011,03,12,1,5.6090100000000005
2011,03,12,2,5.76029
2011,03,12,3,6.71645
2011,03,12,4,6.99071
2011,03,12,5,6.56124
2011,03,12,6,6.5653500000000005
2011,03,12,7,6.31085
2011,03,13,0,7.10636
2011,03,13,1,7.81533
2011,03,13,2,8.52143
2011,03,13,3,8.97028
2011,03,13,4,9.813270000000001
2011,03,13,5,10.428799999999999
2011,03,13,6,10.643
2011,03,13,7,10.365200000000002
2011,03,14,0,10.0246
2011,03,14,1,9.793709999999999
2011,03,14,2,9.30533
2011,03,14,3,8.9322
2011,03,14,4,9.03234
2011,03,14,5,9.36464
2011,03,14,6,9.286340000000001
2011,03,14,7,9.68226
2011,03,15,0,9.52326
2011,03,15,1,9.824489999999999
2011,03,15,2,10.4235
2011,03,15,3,10.562700000000001
2011,03,15,4,10.6814
2011,03,15,5,11.380600000000001
2011,03,15,6,11.649299999999998
2011,03,15,7,10.8035
2011,03,16,0,11.411700000000002
2011,03,16,1,11.694
2011,03,16,2,10.6374
2011,03,16,3,10.423
2011,03,16,4,10.1388
2011,03,16,5,9.039309999999999
2011,03,16,6,10.264100000000001
2011,03,16,7,11.614799999999999
2011,03,17,0,12.418899999999999
2011,03,17,1,12.6956
2011,03,17,2,12.1211
2011,03,17,3,10.0838
2011,03,17,4,9.30503
2011,03,17,5,9.56545
2011,03,17,6,8.326559999999999
2011,03,17,7,7.80122
2011,03,18,0,8.683629999999999
2011,03,18,1,8.21499
2011,03,18,2,7.71217
2011,03,18,3,7.122199999999999
2011,03,18,4,6.821470000000001
2011,03,18,5,6.8868
2011,03,18,6,9.78259
2011,03,18,7,13.039200000000001
2011,03,19,0,14.4225
2011,03,19,1,15.0709
2011,03,19,2,14.6433
2011,03,19,3,13.4307
2011,03,19,4,11.4124
2011,03,19,5,8.07846
2011,03,19,6,7.54955
2011,03,19,7,10.4683
2011,03,20,0,11.467600000000001
2011,03,20,1,11.772200000000002
2011,03,20,2,11.7753
2011,03,20,3,12.693100000000001
2011,03,20,4,12.4801
2011,03,20,5,12.033
2011,03,20,6,11.883
2011,03,20,7,12.01
2011,03,21,0,12.0466
2011,03,21,1,11.584200000000001
2011,03,21,2,10.806299999999998
2011,03,21,3,9.53399
2011,03,21,4,7.42206
2011,03,21,5,5.90022
2011,03,21,6,3.4589000000000003
2011,03,21,7,4.22876
2011,03,22,0,5.57086
2011,03,22,1,4.83537
2011,03,22,2,4.915100000000001
2011,03,22,3,4.53461
2011,03,22,4,4.83802
2011,03,22,5,5.89224
2011,03,22,6,5.99763
2011,03,22,7,7.40729
2011,03,23,0,7.58128
2011,03,23,1,7.52136
2011,03,23,2,8.772780000000001
2011,03,23,3,10.206100000000001
2011,03,23,4,10.1156
2011,03,23,5,9.857940000000001
2011,03,23,6,11.3514
2011,03,23,7,12.2663
2011,03,24,0,14.1975
2011,03,24,1,14.462299999999999
2011,03,24,2,14.7295
2011,03,24,3,14.2531
2011,03,24,4,14.946200000000001
2011,03,24,5,14.261700000000001
2011,03,24,6,12.0124
2011,03,24,7,9.15396
2011,03,25,0,6.59701
2011,03,25,1,5.60085
2011,03,25,2,5.42997
2011,03,25,3,5.07655
2011,03,25,4,4.99792
2011,03,25,5,5.590020000000001
2011,03,25,6,10.1816
2011,03,25,7,12.1123
2011,03,26,0,11.274700000000001
2011,03,26,1,8.984549999999999
2011,03,26,2,5.83998
2011,03,26,3,4.701569999999999
2011,03,26,4,4.513859999999999
2011,03,26,5,4.77644
2011,03,26,6,6.93615
2011,03,26,7,8.78425
2011,03,27,0,8.54466
2011,03,27,1,7.52182
2011,03,27,2,10.1235
2011,03,27,3,10.267700000000001
2011,03,27,4,8.95767
2011,03,27,5,8.26317
2011,03,27,6,8.669
2011,03,27,7,8.78831
2011,03,28,0,9.87462
2011,03,28,1,10.3634
2011,03,28,2,10.9583
2011,03,28,3,11.627799999999999
2011,03,28,4,10.823
2011,03,28,5,10.6836
2011,03,28,6,11.579799999999999
2011,03,28,7,13.732899999999999
2011,03,29,0,12.9703
2011,03,29,1,12.7601
2011,03,29,2,10.9381
2011,03,29,3,9.35342
2011,03,29,4,8.73364
2011,03,29,5,7.1138699999999995
2011,03,29,6,7.04663
2011,03,29,7,7.53637
2011,03,30,0,8.17782
2011,03,30,1,7.38834
2011,03,30,2,6.30243
2011,03,30,3,4.99714
2011,03,30,4,4.5521400000000005
2011,03,30,5,4.69245
2011,03,30,6,5.697550000000001
2011,03,30,7,6.23721
2011,03,1,0,6.2606
2011,03,1,1,6.4749099999999995
2011,03,1,2,6.16793
2011,03,1,3,5.61422
2011,03,1,4,5.92657
2011,03,1,5,5.28179
2011,03,1,6,4.4087700000000005
2011,03,1,7,3.89688
2011,03,2,0,4.69343
2011,03,2,1,4.84165
2011,03,2,2,5.19097
2011,03,2,3,7.2328
2011,03,2,4,8.56194
2011,03,2,5,8.73484
2011,03,2,6,9.31407
2011,03,2,7,10.013
2011,03,3,0,10.0396
2011,03,3,1,8.56625
2011,03,3,2,8.69896
2011,03,3,3,11.94
2011,03,3,4,10.9734
2011,03,3,5,10.5907
2011,03,3,6,7.41146
2011,03,3,7,5.9277
2011,03,4,0,6.65552
2011,03,4,1,5.84574
2011,03,4,2,5.24287
2011,03,4,3,4.42742
2011,03,4,4,4.60085
2011,03,4,5,3.89482
2011,03,4,6,3.3155300000000003
2011,03,4,7,4.13068
2011,03,5,0,7.12959
2011,03,5,1,8.74127
2011,03,5,2,7.3152
2011,03,5,3,7.90263
2011,03,5,4,9.50471
2011,03,5,5,9.877889999999999
2011,03,5,6,9.836
2011,03,5,7,8.96559
2011,03,6,0,7.0257
2011,03,6,1,5.1197
2011,03,6,2,5.08148
2011,03,6,3,7.7859799999999995
2011,03,6,4,8.97867
2011,03,6,5,9.58794
2011,03,6,6,10.1349
2011,03,6,7,11.121799999999999
2011,03,7,0,10.9411
2011,03,7,1,9.881170000000001
2011,03,7,2,10.5715
2011,03,7,3,10.9056
2011,03,7,4,10.439200000000001
2011,03,7,5,11.5107
2011,03,7,6,12.4179
2011,03,7,7,11.4327
2011,03,8,0,11.9119
2011,03,8,1,14.1219
2011,03,8,2,15.9148
2011,03,8,3,16.7658
2011,03,8,4,15.3773
2011,03,8,5,16.65
2011,03,8,6,16.0691
2011,03,8,7,16.0182
2011,03,9,0,15.8856
2011,03,9,1,14.5641
2011,03,9,2,13.0945
2011,03,9,3,10.7484
2011,03,9,4,10.5831
2011,03,9,5,12.0658
2011,03,9,6,13.5212
2011,03,9,7,14.283700000000001
2011,03,10,0,14.4713
2011,03,10,1,13.1875
2011,03,10,2,11.7469
2011,03,10,3,11.804200000000002
2011,03,10,4,11.097299999999999
2011,03,10,5,11.0748
2011,03,10,6,12.1458
2011,03,10,7,12.452
2011,03,11,0,12.6171
2011,03,11,1,12.548
2011,03,11,2,12.429200000000002
2011,03,11,3,11.9583
2011,03,11,4,11.421899999999999
2011,03,11,5,11.5576
2011,03,11,6,11.5342
2011,03,11,7,11.6048
2011,03,12,0,11.3614
2011,03,12,1,11.046899999999999
2011,03,12,2,10.8553
2011,03,12,3,10.4269
2011,03,12,4,10.3203
2011,03,12,5,10.3557
2011,03,12,6,10.7478
2011,03,12,7,11.8351
2011,03,13,0,11.6402
2011,03,13,1,10.615200000000002
2011,03,13,2,10.4191
2011,03,13,3,10.3218
2011,03,13,4,12.1448
2011,03,13,5,13.9339
2011,03,13,6,14.1221
2011,03,13,7,14.046899999999999
2011,03,14,0,12.979299999999999
2011,03,14,1,12.0691
2011,03,14,2,13.021
2011,03,14,3,13.4828
2011,03,14,4,14.367700000000001
2011,03,14,5,14.113299999999999
2011,03,14,6,10.9185
2011,03,14,7,6.727069999999999
2011,03,15,0,6.643770000000001
2011,03,15,1,7.672359999999999
2011,03,15,2,7.70782
2011,03,15,3,6.5614300000000005
2011,03,15,4,6.64816
2011,03,15,5,6.36241
2011,03,15,6,6.3913
2011,03,15,7,8.80983
2011,03,16,0,13.1604
2011,03,16,1,13.4586
2011,03,16,2,11.7471
2011,03,16,3,11.1571
2011,03,16,4,11.041
2011,03,16,5,10.8203
2011,03,16,6,10.991700000000002
2011,03,16,7,11.9666
2011,03,17,0,12.530100000000001
2011,03,17,1,12.7287
2011,03,17,2,12.3736
2011,03,17,3,12.6782
2011,03,17,4,12.438799999999999
2011,03,17,5,12.671299999999999
2011,03,17,6,13.4456
2011,03,17,7,13.248700000000001
2011,03,18,0,9.51249
2011,03,18,1,6.98
2011,03,18,2,8.51308
2011,03,18,3,10.2751
2011,03,18,4,11.660200000000001
2011,03,18,5,13.0483
2011,03,18,6,12.092
2011,03,18,7,11.555200000000001
2011,03,19,0,11.493799999999998
2011,03,19,1,10.1257
2011,03,19,2,9.48916
2011,03,19,3,9.08118
2011,03,19,4,7.70259
2011,03,19,5,8.00978
2011,03,19,6,9.083770000000001
2011,03,19,7,8.85707
2011,03,20,0,9.78197
2011,03,20,1,8.13923
2011,03,20,2,5.8573900000000005
2011,03,20,3,6.3092
2011,03,20,4,7.043609999999999
2011,03,20,5,7.041180000000001
2011,03,20,6,7.639810000000001
2011,03,20,7,8.77873
2011,03,21,0,8.63368
2011,03,21,1,8.01092
2011,03,21,2,7.80786
2011,03,21,3,7.01279
2011,03,21,4,9.56727
2011,03,21,5,9.67562
2011,03,21,6,10.7811
2011,03,21,7,12.3574
2011,03,22,0,12.281
2011,03,22,1,10.9694
2011,03,22,2,7.89886
2011,03,22,3,6.16196
2011,03,22,4,4.8173699999999995
2011,03,22,5,5.00859
2011,03,22,6,5.5678
2011,03,22,7,5.890899999999999
2011,03,23,0,6.8965
2011,03,23,1,8.40826
2011,03,23,2,9.56447
2011,03,23,3,10.6837
2011,03,23,4,11.484200000000001
2011,03,23,5,11.2311
2011,03,23,6,11.0985
2011,03,23,7,11.4406
2011,03,24,0,12.119399999999999
2011,03,24,1,12.1957
2011,03,24,2,11.408100000000001
2011,03,24,3,10.9395
2011,03,24,4,10.6416
2011,03,24,5,10.3267
2011,03,24,6,10.062100000000001
2011,03,24,7,10.866200000000001
2011,03,25,0,11.649799999999999
2011,03,25,1,11.4825
2011,03,25,2,11.107700000000001
2011,03,25,3,11.0349
2011,03,25,4,9.94491
2011,03,25,5,9.11059
2011,03,25,6,8.82363
2011,03,25,7,8.97373
2011,03,26,0,9.46636
2011,03,26,1,10.4125
2011,03,26,2,10.6549
2011,03,26,3,10.501100000000001
2011,03,26,4,10.765799999999999
2011,03,26,5,10.5827
2011,03,26,6,10.194700000000001
2011,03,26,7,10.5835
2011,03,27,0,11.488
2011,03,27,1,11.3686
2011,03,27,2,10.5415
2011,03,27,3,9.68197
2011,03,27,4,9.602379999999998
2011,03,27,5,10.424
2011,03,27,6,10.4387
2011,03,27,7,9.96528
2011,03,28,0,10.704
2011,03,28,1,10.5543
2011,03,28,2,10.494299999999999
2011,03,28,3,10.875399999999999
2011,03,28,4,11.3422
2011,03,28,5,9.8894
2011,03,28,6,7.69782
2011,03,28,7,7.94118
2011,03,29,0,7.67767
2011,03,29,1,8.71646
2011,03,29,2,8.58525
2011,03,29,3,8.11306
2011,03,29,4,8.55397
2011,03,29,5,8.55629
2011,03,29,6,8.299850000000001
2011,03,29,7,8.243709999999998
2011,03,30,0,7.98231
2011,03,30,1,7.84444
2011,03,30,2,8.415389999999999
2011,03,30,3,7.58132
2011,03,30,4,10.398200000000001
2011,03,30,5,12.443
2011,03,30,6,12.476
2011,03,30,7,13.4415
2011,03,31,0,14.5208
2011,03,31,1,13.9655
2011,03,31,2,10.7416
2011,03,31,3,9.49492
2011,03,31,4,7.66137
2011,03,31,5,8.06226
2011,03,31,6,8.65442
2011,03,31,7,8.831010000000001
2011,03,1,0,7.23104
2011,03,1,1,7.56624
2011,03,1,2,7.35213
2011,03,1,3,9.47108
2011,03,1,4,10.8139
2011,03,1,5,9.84966
2011,03,1,6,10.104899999999999
2011,03,1,7,10.7881
2011,03,2,0,10.2273
2011,03,2,1,8.75409
2011,03,2,2,7.782640000000001
2011,03,2,3,7.66993
2011,03,2,4,8.21499
2011,03,2,5,8.137649999999999
2011,03,2,6,8.02042
2011,03,2,7,9.047450000000001
2011,03,3,0,9.95917
2011,03,3,1,10.1775
2011,03,3,2,10.854299999999999
2011,03,3,3,11.2228
2011,03,3,4,10.970799999999999
2011,03,3,5,10.968399999999999
2011,03,3,6,11.5875
2011,03,3,7,9.95217
2011,03,4,0,8.17869
2011,03,4,1,7.747439999999999
2011,03,4,2,7.50348
2011,03,4,3,7.44014
2011,03,4,4,7.76882
2011,03,4,5,7.83629
2011,03,4,6,7.48775
2011,03,4,7,7.13174
2011,03,5,0,8.07864
2011,03,5,1,8.57962
2011,03,5,2,8.87461
2011,03,5,3,7.81309
2011,03,5,4,8.88107
2011,03,5,5,10.9525
2011,03,5,6,11.340399999999999
2011,03,5,7,12.608799999999999
2011,03,6,0,14.085
2011,03,6,1,15.4133
2011,03,6,2,9.09576
2011,03,6,3,9.52618
2011,03,6,4,6.86383
2011,03,6,5,7.56342
2011,03,6,6,8.12582
2011,03,6,7,8.5701
2011,03,7,0,10.305200000000001
2011,03,7,1,11.6685
2011,03,7,2,9.590530000000001
2011,03,7,3,11.3218
2011,03,7,4,12.2865
2011,03,7,5,9.36654
2011,03,7,6,6.95209
2011,03,7,7,7.55162
2011,03,8,0,7.53132
2011,03,8,1,7.765149999999999
2011,03,8,2,8.707
2011,03,8,3,8.73565
2011,03,8,4,8.73109
2011,03,8,5,8.81405
2011,03,8,6,8.487129999999999
2011,03,8,7,8.6085
2011,03,9,0,9.220780000000001
2011,03,9,1,9.12159
2011,03,9,2,8.36668
2011,03,9,3,8.241969999999998
2011,03,9,4,8.67855
2011,03,9,5,9.01837
2011,03,9,6,9.00713
2011,03,9,7,9.93336
2011,03,10,0,9.493049999999998
2011,03,10,1,9.174629999999999
2011,03,10,2,9.69371
2011,03,10,3,9.47073
2011,03,10,4,10.2622
2011,03,10,5,11.156
2011,03,10,6,11.6474
2011,03,10,7,11.777700000000001
2011,03,11,0,11.3613
2011,03,11,1,10.915
2011,03,11,2,10.3743
2011,03,11,3,10.4063
2011,03,11,4,11.1125
2011,03,11,5,11.348600000000001
2011,03,11,6,9.35583
2011,03,11,7,8.20997
2011,03,12,0,8.54009
2011,03,12,1,9.64364
2011,03,12,2,8.76065
2011,03,12,3,7.0846800000000005
2011,03,12,4,7.6660200000000005
2011,03,12,5,7.877479999999999
2011,03,12,6,7.68778
2011,03,12,7,8.9442
2011,03,13,0,10.982299999999999
2011,03,13,1,13.6608
2011,03,13,2,12.2591
2011,03,13,3,11.1343
2011,03,13,4,9.67113
2011,03,13,5,9.18924
2011,03,13,6,9.25338
2011,03,13,7,10.4499
2011,03,14,0,11.0985
2011,03,14,1,12.7518
2011,03,14,2,13.3297
2011,03,14,3,13.6078
2011,03,14,4,14.585600000000001
2011,03,14,5,9.776879999999998
2011,03,14,6,8.003779999999999
2011,03,14,7,7.51251
2011,03,15,0,7.103680000000001
2011,03,15,1,6.78925
2011,03,15,2,5.36398
2011,03,15,3,3.85476
2011,03,15,4,3.3425599999999998
2011,03,15,5,3.8261700000000003
2011,03,15,6,5.36886
2011,03,15,7,7.647819999999999
2011,03,16,0,7.38369
2011,03,16,1,6.7616000000000005
2011,03,16,2,5.89128
2011,03,16,3,6.508319999999999
2011,03,16,4,7.13551
2011,03,16,5,8.55481
2011,03,16,6,9.67754
2011,03,16,7,9.53909
2011,03,17,0,8.36342
2011,03,17,1,7.21369
2011,03,17,2,7.530069999999999
2011,03,17,3,6.47594
2011,03,17,4,4.7965
2011,03,17,5,4.40463
2011,03,17,6,4.59047
2011,03,17,7,5.11707
2011,03,18,0,6.04826
2011,03,18,1,6.30438
2011,03,18,2,6.07983
2011,03,18,3,6.08247
2011,03,18,4,6.19823
2011,03,18,5,6.45409
2011,03,18,6,5.91122
2011,03,18,7,5.96603
2011,03,19,0,6.087140000000001
2011,03,19,1,6.0559899999999995
2011,03,19,2,6.23773
2011,03,19,3,6.58954
2011,03,19,4,6.4258999999999995
2011,03,19,5,6.01797
2011,03,19,6,5.64584
2011,03,19,7,6.61741
2011,03,20,0,8.60665
2011,03,20,1,9.98805
2011,03,20,2,10.747399999999999
2011,03,20,3,11.6437
2011,03,20,4,13.6887
2011,03,20,5,13.1383
2011,03,20,6,11.957799999999999
2011,03,20,7,9.98727
2011,03,21,0,7.66003
2011,03,21,1,10.2214
2011,03,21,2,12.3881
2011,03,21,3,14.7898
2011,03,21,4,15.7462
2011,03,21,5,16.264
2011,03,21,6,17.3006
2011,03,21,7,16.8142
2011,03,22,0,13.0588
2011,03,22,1,14.1823
2011,03,22,2,17.3801
2011,03,22,3,17.1792
2011,03,22,4,14.797799999999999
2011,03,22,5,11.591700000000001
2011,03,22,6,9.03027
2011,03,22,7,6.87048
2011,03,23,0,7.50774
2011,03,23,1,7.55587
2011,03,23,2,7.573510000000001
2011,03,23,3,7.26677
2011,03,23,4,6.579359999999999
2011,03,23,5,6.891109999999999
2011,03,23,6,6.28521
2011,03,23,7,5.28225
2011,03,24,0,6.0377600000000005
2011,03,24,1,9.939110000000001
2011,03,24,2,12.1545
2011,03,24,3,14.396700000000001
2011,03,24,4,13.8479
2011,03,24,5,12.571200000000001
2011,03,24,6,4.72853
2011,03,24,7,3.72497
2011,03,25,0,5.0803400000000005
2011,03,25,1,4.27707
2011,03,25,2,2.33133
2011,03,25,3,3.23772
2011,03,25,4,3.97901
2011,03,25,5,4.39872
2011,03,25,6,4.26163
2011,03,25,7,3.83469
2011,03,26,0,3.83353
2011,03,26,1,3.65331
2011,03,26,2,3.4257199999999997
2011,03,26,3,4.87432
2011,03,26,4,6.33788
2011,03,26,5,6.82358
2011,03,26,6,5.05691
2011,03,26,7,4.81843
2011,03,27,0,5.9341800000000005
2011,03,27,1,8.45077
2011,03,27,2,8.72584
2011,03,27,3,8.263530000000001
2011,03,27,4,8.62402
2011,03,27,5,9.731489999999999
2011,03,27,6,9.389280000000001
2011,03,27,7,9.71894
2011,03,28,0,9.66677
2011,03,28,1,6.45417
2011,03,28,2,6.8804300000000005
2011,03,28,3,7.14435
2011,03,28,4,8.86924
2011,03,28,5,10.9629
2011,03,28,6,11.5974
2011,03,28,7,13.6866
2011,03,29,0,15.5997
2011,03,29,1,14.856
2011,03,29,2,14.0502
2011,03,29,3,15.7059
2011,03,29,4,16.1188
2011,03,29,5,15.1902
2011,03,29,6,10.2404
2011,03,29,7,5.97094
2011,03,30,0,6.14829
2011,03,30,1,6.49099
2011,03,30,2,6.01967
2011,03,30,3,5.64363
2011,03,30,4,5.92234
2011,03,30,5,5.85034
2011,03,30,6,5.705520000000001
2011,03,30,7,6.42543
2011,03,31,0,6.8388800000000005
2011,03,31,1,6.72914
2011,03,31,2,6.71947
2011,03,31,3,6.35319
2011,03,31,4,5.15301
2011,03,31,5,4.0627699999999995
2011,03,31,6,4.30501
2011,03,31,7,5.2272799999999995
2011,03,1,0,5.36407
2011,03,1,1,5.38443
2011,03,1,2,5.08538
2011,03,1,3,4.89304
2011,03,1,4,5.013
2011,03,1,5,5.57949
2011,03,1,6,7.50426
2011,03,1,7,9.150459999999999
2011,03,2,0,8.37265
2011,03,2,1,6.46183
2011,03,2,2,5.89744
2011,03,2,3,5.967779999999999
2011,03,2,4,5.65403
2011,03,2,5,6.72399
2011,03,2,6,7.26506
2011,03,2,7,5.94409
2011,03,3,0,5.32799
2011,03,3,1,5.809279999999999
2011,03,3,2,5.99292
2011,03,3,3,6.10031
2011,03,3,4,6.205220000000001
2011,03,3,5,6.55284
2011,03,3,6,8.340129999999998
2011,03,3,7,9.27807
2011,03,4,0,7.13359
2011,03,4,1,7.274430000000001
2011,03,4,2,6.24589
2011,03,4,3,7.60921
2011,03,4,4,9.93467
2011,03,4,5,10.956100000000001
2011,03,4,6,11.6371
2011,03,4,7,11.279
2011,03,5,0,9.076600000000001
2011,03,5,1,9.201270000000001
2011,03,5,2,7.90613
2011,03,5,3,8.373959999999999
2011,03,5,4,7.93769
2011,03,5,5,6.35909
2011,03,5,6,6.4437299999999995
2011,03,5,7,10.2698
2011,03,6,0,10.7515
2011,03,6,1,10.2581
2011,03,6,2,11.2609
2011,03,6,3,12.1968
2011,03,6,4,11.2102
2011,03,6,5,11.3595
2011,03,6,6,12.6433
2011,03,6,7,13.178
2011,03,7,0,12.555200000000001
2011,03,7,1,11.9506
2011,03,7,2,13.503200000000001
2011,03,7,3,14.7229
2011,03,7,4,15.6534
2011,03,7,5,15.3627
2011,03,7,6,14.0053
2011,03,7,7,12.7605
2011,03,8,0,11.8557
2011,03,8,1,11.8898
2011,03,8,2,12.167399999999999
2011,03,8,3,12.657
2011,03,8,4,12.9182
2011,03,8,5,11.3829
2011,03,8,6,11.0799
2011,03,8,7,8.8536
2011,03,9,0,9.135069999999999
2011,03,9,1,10.225100000000001
2011,03,9,2,9.762870000000001
2011,03,9,3,9.46927
2011,03,9,4,10.4581
2011,03,9,5,12.048
2011,03,9,6,13.241299999999999
2011,03,9,7,10.0044
2011,03,10,0,9.525889999999999
2011,03,10,1,8.35229
2011,03,10,2,7.06028
2011,03,10,3,6.45445
2011,03,10,4,6.28033
2011,03,10,5,5.903989999999999
2011,03,10,6,7.27092
2011,03,10,7,8.78656
2011,03,11,0,9.35978
2011,03,11,1,10.565299999999999
2011,03,11,2,12.7032
2011,03,11,3,12.8091
2011,03,11,4,10.1426
2011,03,11,5,5.1428400000000005
2011,03,11,6,2.10179
2011,03,11,7,2.51642
2011,03,12,0,3.1958800000000003
2011,03,12,1,3.94185
2011,03,12,2,3.73734
2011,03,12,3,3.6993
2011,03,12,4,3.52329
2011,03,12,5,3.1800300000000004
2011,03,12,6,3.4888600000000003
2011,03,12,7,4.6745
2011,03,13,0,4.4756800000000005
2011,03,13,1,4.0457600000000005
2011,03,13,2,3.89161
2011,03,13,3,4.17255
2011,03,13,4,4.44967
2011,03,13,5,4.63296
2011,03,13,6,4.34188
2011,03,13,7,4.4332
2011,03,14,0,5.62629
2011,03,14,1,6.70591
2011,03,14,2,7.2195
2011,03,14,3,8.29532
2011,03,14,4,8.88819
2011,03,14,5,7.40317
2011,03,14,6,6.1068299999999995
2011,03,14,7,5.27191
2011,03,15,0,4.59279
2011,03,15,1,5.61695
2011,03,15,2,8.02604
2011,03,15,3,8.501700000000001
2011,03,15,4,8.35961
2011,03,15,5,8.23921
2011,03,15,6,8.99817
2011,03,15,7,10.829799999999999
2011,03,16,0,12.7194
2011,03,16,1,13.0107
2011,03,16,2,11.105799999999999
2011,03,16,3,10.5903
2011,03,16,4,10.5105
2011,03,16,5,10.441600000000001
2011,03,16,6,10.3814
2011,03,16,7,10.5664
2011,03,17,0,10.6535
2011,03,17,1,10.074
2011,03,17,2,9.23264
2011,03,17,3,7.81859
2011,03,17,4,6.1445799999999995
2011,03,17,5,5.50241
2011,03,17,6,5.28557
2011,03,17,7,5.51337
2011,03,18,0,5.6544300000000005
2011,03,18,1,5.48885
2011,03,18,2,4.92953
2011,03,18,3,3.8062199999999997
2011,03,18,4,2.6812199999999997
2011,03,18,5,2.86504
2011,03,18,6,7.26255
2011,03,18,7,6.09641
2011,03,19,0,5.21133
2011,03,19,1,5.31384
2011,03,19,2,4.98992
2011,03,19,3,5.04389
2011,03,19,4,5.81113
2011,03,19,5,6.02156
2011,03,19,6,5.47693
2011,03,19,7,4.9591199999999995
2011,03,20,0,4.97199
2011,03,20,1,4.587140000000001
2011,03,20,2,3.85971
2011,03,20,3,3.24325
2011,03,20,4,3.5262800000000003
2011,03,20,5,4.35271
2011,03,20,6,7.9704
2011,03,20,7,10.3625
2011,03,21,0,9.364870000000002
2011,03,21,1,5.79396
2011,03,21,2,7.95407
2011,03,21,3,12.258299999999998
2011,03,21,4,14.017299999999999
2011,03,21,5,15.3231
2011,03,21,6,15.9099
2011,03,21,7,16.887
2011,03,22,0,13.7695
2011,03,22,1,15.013399999999999
2011,03,22,2,13.501
2011,03,22,3,11.1749
2011,03,22,4,5.4075
2011,03,22,5,2.75625
2011,03,22,6,4.03978
2011,03,22,7,5.33308
2011,03,23,0,8.490950000000002
2011,03,23,1,12.409799999999999
2011,03,23,2,14.9711
2011,03,23,3,16.6779
2011,03,23,4,15.0907
2011,03,23,5,12.9901
2011,03,23,6,13.831299999999999
2011,03,23,7,15.2725
2011,03,24,0,14.7506
2011,03,24,1,13.5516
2011,03,24,2,13.0416
2011,03,24,3,13.5359
2011,03,24,4,13.1685
2011,03,24,5,12.2579
2011,03,24,6,11.7646
2011,03,24,7,11.0839
2011,03,25,0,6.34866
2011,03,25,1,5.551279999999999
2011,03,25,2,7.06973
2011,03,25,3,14.5
2011,03,25,4,10.991100000000001
2011,03,25,5,13.8245
2011,03,25,6,14.6696
2011,03,25,7,10.5756
2011,03,26,0,7.31112
2011,03,26,1,8.49924
2011,03,26,2,8.81255
2011,03,26,3,3.8666
2011,03,26,4,2.52571
2011,03,26,5,2.45425
2011,03,26,6,1.9325
2011,03,26,7,3.5214499999999997
2011,03,27,0,8.86647
2011,03,27,1,7.40426
2011,03,27,2,8.147770000000001
2011,03,27,3,4.8917399999999995
2011,03,27,4,4.44972
2011,03,27,5,6.26121
2011,03,27,6,7.0187100000000004
2011,03,27,7,5.470680000000001
2011,03,28,0,6.73107
2011,03,28,1,6.4320200000000005
2011,03,28,2,7.18883
2011,03,28,3,6.72405
2011,03,28,4,6.32563
2011,03,28,5,6.67137
2011,03,28,6,5.82803
2011,03,28,7,4.78726
2011,03,29,0,2.81942
2011,03,29,1,2.47533
2011,03,29,2,2.0884699999999996
2011,03,29,3,2.6486300000000003
2011,03,29,4,3.61541
2011,03,29,5,5.274310000000001
2011,03,29,6,6.4166099999999995
2011,03,29,7,9.65082
2011,03,30,0,9.06375
2011,03,30,1,9.51445
2011,03,30,2,8.22021
2011,03,30,3,9.878459999999999
2011,03,30,4,8.94816
2011,03,30,5,9.273620000000001
2011,03,30,6,5.91371
2011,03,30,7,3.05506
2011,03,1,0,2.40525
2011,03,1,1,1.9407
2011,03,1,2,2.00406
2011,03,1,3,2.0467
2011,03,1,4,1.8502
2011,03,1,5,1.65104
2011,03,1,6,1.6806800000000002
2011,03,1,7,2.5375300000000003
2011,03,2,0,3.8584
2011,03,2,1,5.49141
2011,03,2,2,6.55607
2011,03,2,3,6.5911800000000005
2011,03,2,4,6.18394
2011,03,2,5,6.31317
2011,03,2,6,6.777
2011,03,2,7,6.7332399999999994
2011,03,3,0,6.29989
2011,03,3,1,5.32616
2011,03,3,2,5.11174
2011,03,3,3,5.77543
2011,03,3,4,7.09476
2011,03,3,5,7.8721000000000005
2011,03,3,6,8.80259
2011,03,3,7,10.399899999999999
2011,03,4,0,11.4746
2011,03,4,1,11.051
2011,03,4,2,11.1302
2011,03,4,3,8.938600000000001
2011,03,4,4,7.14646
2011,03,4,5,6.77222
2011,03,4,6,6.40531
2011,03,4,7,6.380649999999999
2011,03,5,0,6.16366
2011,03,5,1,6.3435299999999994
2011,03,5,2,6.93735
2011,03,5,3,6.54914
2011,03,5,4,5.88363
2011,03,5,5,5.43614
2011,03,5,6,4.71394
2011,03,5,7,4.958270000000001
2011,03,6,0,4.76149
2011,03,6,1,4.60823
2011,03,6,2,5.42953
2011,03,6,3,6.16005
2011,03,6,4,6.41048
2011,03,6,5,7.20664
2011,03,6,6,6.953810000000001
2011,03,6,7,6.410310000000001
2011,03,7,0,5.30226
2011,03,7,1,3.79529
2011,03,7,2,6.47391
2011,03,7,3,6.6603
2011,03,7,4,6.02829
2011,03,7,5,5.27374
2011,03,7,6,4.76391
2011,03,7,7,3.3360100000000004
2011,03,8,0,2.59484
2011,03,8,1,2.6459
2011,03,8,2,3.11534
2011,03,8,3,2.42212
2011,03,8,4,2.36713
2011,03,8,5,2.70773
2011,03,8,6,3.4524299999999997
2011,03,8,7,4.40847
2011,03,9,0,6.28628
2011,03,9,1,7.34963
2011,03,9,2,8.41141
2011,03,9,3,6.881810000000001
2011,03,9,4,4.08238
2011,03,9,5,5.18734
2011,03,9,6,5.28578
2011,03,9,7,3.9299899999999997
2011,03,10,0,3.35545
2011,03,10,1,3.49239
2011,03,10,2,3.14238
2011,03,10,3,4.231229999999999
2011,03,10,4,5.4144499999999995
2011,03,10,5,5.7616700000000005
2011,03,10,6,5.64863
2011,03,10,7,5.71554
2011,03,11,0,5.66781
2011,03,11,1,5.91834
2011,03,11,2,6.156350000000001
2011,03,11,3,6.5552399999999995
2011,03,11,4,6.11641
2011,03,11,5,6.6113
2011,03,11,6,6.62767
2011,03,11,7,5.90824
2011,03,12,0,5.877140000000001
2011,03,12,1,6.38296
2011,03,12,2,6.34877
2011,03,12,3,5.320819999999999
2011,03,12,4,4.96036
2011,03,12,5,5.6993599999999995
2011,03,12,6,5.917520000000001
2011,03,12,7,5.57045
2011,03,13,0,5.33936
2011,03,13,1,5.35435
2011,03,13,2,5.29792
2011,03,13,3,5.19568
2011,03,13,4,5.00854
2011,03,13,5,4.72516
2011,03,13,6,4.3651
2011,03,13,7,4.41205
2011,03,14,0,4.31463
2011,03,14,1,3.54734
2011,03,14,2,3.00253
2011,03,14,3,2.91386
2011,03,14,4,2.71633
2011,03,14,5,2.0989299999999997
2011,03,14,6,1.80357
2011,03,14,7,2.31668
2011,03,15,0,2.92575
2011,03,15,1,2.83453
2011,03,15,2,2.7727399999999998
2011,03,15,3,2.6431799999999996
2011,03,15,4,2.39032
2011,03,15,5,1.9758900000000001
2011,03,15,6,1.54851
2011,03,15,7,1.51335
2011,03,16,0,1.72357
2011,03,16,1,2.33507
2011,03,16,2,3.21985
2011,03,16,3,3.20666
2011,03,16,4,3.1048400000000003
2011,03,16,5,3.11138
2011,03,16,6,3.94205
2011,03,16,7,5.4703800000000005
2011,03,17,0,4.58479
2011,03,17,1,3.3649
2011,03,17,2,3.17412
2011,03,17,3,3.5808899999999997
2011,03,17,4,5.24579
2011,03,17,5,6.1372
2011,03,17,6,5.91442
2011,03,17,7,4.89712
2011,03,18,0,4.4564200000000005
2011,03,18,1,4.47379
2011,03,18,2,5.11134
2011,03,18,3,6.21326
2011,03,18,4,8.46781
2011,03,18,5,10.7817
2011,03,18,6,9.206190000000001
2011,03,18,7,5.52106
2011,03,19,0,5.36685
2011,03,19,1,5.97711
2011,03,19,2,6.265770000000001
2011,03,19,3,6.556970000000001
2011,03,19,4,7.53321
2011,03,19,5,8.0272
2011,03,19,6,7.703180000000001
2011,03,19,7,8.20486
2011,03,20,0,8.51051
2011,03,20,1,7.01796
2011,03,20,2,3.34611
2011,03,20,3,2.4322600000000003
2011,03,20,4,2.25028
2011,03,20,5,2.40156
2011,03,20,6,2.8914400000000002
2011,03,20,7,3.4147600000000002
2011,03,21,0,3.0045900000000003
2011,03,21,1,2.25222
2011,03,21,2,2.1812199999999997
2011,03,21,3,1.9096099999999998
2011,03,21,4,1.59803
2011,03,21,5,2.09133
2011,03,21,6,2.75523
2011,03,21,7,5.95871
2011,03,22,0,7.13165
2011,03,22,1,6.965649999999999
2011,03,22,2,4.61958
2011,03,22,3,3.85088
2011,03,22,4,2.63658
2011,03,22,5,2.26614
2011,03,22,6,1.79275
2011,03,22,7,2.8765300000000003
2011,03,23,0,3.89363
2011,03,23,1,4.771229999999999
2011,03,23,2,4.06161
2011,03,23,3,1.9387999999999999
2011,03,23,4,2.7663
2011,03,23,5,2.75575
2011,03,23,6,3.10962
2011,03,23,7,2.8220300000000003
2011,03,24,0,2.74011
2011,03,24,1,2.7712600000000003
2011,03,24,2,3.05059
2011,03,24,3,3.05245
2011,03,24,4,3.0004
2011,03,24,5,3.20112
2011,03,24,6,3.75458
2011,03,24,7,4.06471
2011,03,25,0,3.95342
2011,03,25,1,3.28761
2011,03,25,2,3.06616
2011,03,25,3,2.51837
2011,03,25,4,2.32492
2011,03,25,5,2.0027
2011,03,25,6,1.6473900000000001
2011,03,25,7,1.7001700000000002
2011,03,26,0,2.4802199999999996
2011,03,26,1,2.8002
2011,03,26,2,3.11294
2011,03,26,3,3.89722
2011,03,26,4,4.93603
2011,03,26,5,7.60415
2011,03,26,6,7.511229999999999
2011,03,26,7,5.449140000000001
2011,03,27,0,1.91794
2011,03,27,1,1.8329600000000001
2011,03,27,2,2.92535
2011,03,27,3,3.23494
2011,03,27,4,3.0521100000000003
2011,03,27,5,2.7271199999999998
2011,03,27,6,2.69156
2011,03,27,7,2.2954899999999996
2011,03,28,0,2.32672
2011,03,28,1,2.26322
2011,03,28,2,2.16633
2011,03,28,3,2.89123
2011,03,28,4,4.80924
2011,03,28,5,6.18307
2011,03,28,6,6.14405
2011,03,28,7,6.53761
2011,03,29,0,5.000109999999999
2011,03,29,1,4.06877
2011,03,29,2,3.26191
2011,03,29,3,2.63832
2011,03,29,4,3.9612800000000004
2011,03,29,5,3.15455
2011,03,29,6,2.98884
2011,03,29,7,3.2076
2011,03,30,0,4.44451
2011,03,30,1,5.27292
2011,03,30,2,6.2496
2011,03,30,3,7.166270000000001
2011,03,30,4,7.01446
2011,03,30,5,6.1696800000000005
2011,03,30,6,5.4095200000000006
2011,03,30,7,2.75869
2011,03,31,0,2.7161999999999997
2011,03,31,1,2.8546
2011,03,31,2,2.72024
2011,03,31,3,2.96831
2011,03,31,4,3.24802
2011,03,31,5,2.5943
2011,03,31,6,3.19686
2011,03,31,7,1.9554500000000001
2011,03,1,0,1.96991
2011,03,1,1,2.03492
2011,03,1,2,2.51625
2011,03,1,3,2.26491
2011,03,1,4,1.2923399999999998
2011,03,1,5,2.6186100000000003
2011,03,1,6,2.7206300000000003
2011,03,1,7,3.45871
2011,03,2,0,4.66754
2011,03,2,1,5.11503
2011,03,2,2,5.32929
2011,03,2,3,6.59227
2011,03,2,4,7.17855
2011,03,2,5,7.503760000000001
2011,03,2,6,8.30782
2011,03,2,7,6.47662
2011,03,3,0,7.43904
2011,03,3,1,5.77288
2011,03,3,2,4.660699999999999
2011,03,3,3,4.75361
2011,03,3,4,3.29519
2011,03,3,5,2.30559
2011,03,3,6,2.06502
2011,03,3,7,2.02351
2011,03,4,0,1.95328
2011,03,4,1,1.88596
2011,03,4,2,1.74884
2011,03,4,3,1.71982
2011,03,4,4,2.0644299999999998
2011,03,4,5,2.01368
2011,03,4,6,1.86879
2011,03,4,7,1.78393
2011,03,5,0,1.5234400000000001
2011,03,5,1,1.9736500000000001
2011,03,5,2,3.46742
2011,03,5,3,4.08779
2011,03,5,4,4.0842
2011,03,5,5,3.22597
2011,03,5,6,3.07543
2011,03,5,7,3.25241
2011,03,6,0,3.21277
2011,03,6,1,2.94205
2011,03,6,2,3.3000100000000003
2011,03,6,3,3.78607
2011,03,6,4,4.44022
2011,03,6,5,4.475479999999999
2011,03,6,6,4.19854
2011,03,6,7,3.95625
2011,03,7,0,3.3378400000000004
2011,03,7,1,2.2556599999999998
2011,03,7,2,1.92896
2011,03,7,3,2.16329
2011,03,7,4,3.52273
2011,03,7,5,3.79254
2011,03,7,6,3.1475999999999997
2011,03,7,7,2.99488
2011,03,8,0,3.36369
2011,03,8,1,3.83397
2011,03,8,2,3.1414
2011,03,8,3,2.84988
2011,03,8,4,1.89151
2011,03,8,5,1.56184
2011,03,8,6,1.67653
2011,03,8,7,1.367
2011,03,9,0,1.26212
2011,03,9,1,1.1881
2011,03,9,2,1.1519000000000001
2011,03,9,3,1.0734000000000001
2011,03,9,4,1.23144
2011,03,9,5,1.5653
2011,03,9,6,3.06373
2011,03,9,7,5.55216
2011,03,10,0,7.2788699999999995
2011,03,10,1,8.430909999999999
2011,03,10,2,6.67211
2011,03,10,3,7.97016
2011,03,10,4,5.17945
2011,03,10,5,4.51583
2011,03,10,6,5.4345
2011,03,10,7,3.7948600000000003
2011,03,11,0,3.89694
2011,03,11,1,5.0819600000000005
2011,03,11,2,5.1537299999999995
2011,03,11,3,4.70497
2011,03,11,4,3.4278299999999997
2011,03,11,5,3.0575900000000003
2011,03,11,6,3.21366
2011,03,11,7,3.07253
2011,03,12,0,2.84507
2011,03,12,1,2.83268
2011,03,12,2,2.7675300000000003
2011,03,12,3,2.67659
2011,03,12,4,2.40869
2011,03,12,5,2.79002
2011,03,12,6,4.08261
2011,03,12,7,4.36407
2011,03,13,0,3.94809
2011,03,13,1,4.36892
2011,03,13,2,3.36941
2011,03,13,3,3.7268499999999998
2011,03,13,4,3.62623
2011,03,13,5,4.18095
2011,03,13,6,3.7624299999999997
2011,03,13,7,2.76814
2011,03,14,0,2.9851799999999997
2011,03,14,1,3.03673
2011,03,14,2,2.9718299999999997
2011,03,14,3,2.77377
2011,03,14,4,2.58509
2011,03,14,5,2.44564
2011,03,14,6,2.18567
2011,03,14,7,1.4481300000000001
2011,03,15,0,1.4957799999999999
2011,03,15,1,1.6213499999999998
2011,03,15,2,1.59683
2011,03,15,3,1.64007
2011,03,15,4,1.6801199999999998
2011,03,15,5,1.55244
2011,03,15,6,1.3084500000000001
2011,03,15,7,0.959094
2011,03,16,0,1.90121
2011,03,16,1,1.95621
2011,03,16,2,1.56071
2011,03,16,3,1.4581300000000001
2011,03,16,4,0.7426309999999999
2011,03,16,5,1.28243
2011,03,16,6,1.33054
2011,03,16,7,1.53352
2011,03,17,0,1.74383
2011,03,17,1,2.11125
2011,03,17,2,2.5560300000000002
2011,03,17,3,3.2765
2011,03,17,4,3.44803
2011,03,17,5,3.0355100000000004
2011,03,17,6,2.6984299999999997
2011,03,17,7,2.43894
2011,03,18,0,2.23623
2011,03,18,1,1.69016
2011,03,18,2,0.987062
2011,03,18,3,0.7764880000000001
2011,03,18,4,0.546496
2011,03,18,5,0.499417
2011,03,18,6,0.517092
2011,03,18,7,0.531965
2011,03,19,0,0.546164
2011,03,19,1,0.556797
2011,03,19,2,0.600712
2011,03,19,3,0.617697
2011,03,19,4,0.601596
2011,03,19,5,0.571885
2011,03,19,6,0.533358
2011,03,19,7,0.632657
2011,03,20,0,0.772281
2011,03,20,1,1.19326
2011,03,20,2,1.33603
2011,03,20,3,1.21919
2011,03,20,4,1.26996
2011,03,20,5,1.41543
2011,03,20,6,1.66235
2011,03,20,7,1.73079
2011,03,21,0,1.65971
2011,03,21,1,1.92485
2011,03,21,2,2.73445
2011,03,21,3,3.28729
2011,03,21,4,3.51241
2011,03,21,5,3.65291
2011,03,21,6,3.49406
2011,03,21,7,3.49263
2011,03,22,0,3.28462
2011,03,22,1,2.96178
2011,03,22,2,1.9188699999999999
2011,03,22,3,1.85502
2011,03,22,4,4.04933
2011,03,22,5,5.939310000000001
2011,03,22,6,5.6355200000000005
2011,03,22,7,3.64692
2011,03,23,0,2.09231
2011,03,23,1,2.03572
2011,03,23,2,2.78092
2011,03,23,3,2.2529299999999997
2011,03,23,4,2.24315
2011,03,23,5,3.5065
2011,03,23,6,3.9035100000000003
2011,03,23,7,3.6771
2011,03,24,0,3.52013
2011,03,24,1,2.37801
2011,03,24,2,0.546985
2011,03,24,3,0.946832
2011,03,24,4,1.15856
2011,03,24,5,1.01402
2011,03,24,6,1.10805
2011,03,24,7,1.90307
2011,03,25,0,2.4064200000000002
2011,03,25,1,2.93427
2011,03,25,2,3.65205
2011,03,25,3,4.134510000000001
2011,03,25,4,3.86905
2011,03,25,5,4.12111
2011,03,25,6,3.66443
2011,03,25,7,1.70261
2011,03,26,0,0.6834349999999999
2011,03,26,1,1.31351
2011,03,26,2,1.56327
2011,03,26,3,1.92456
2011,03,26,4,3.5808899999999997
2011,03,26,5,4.10612
2011,03,26,6,5.37481
2011,03,26,7,6.76324
2011,03,27,0,8.187470000000001
2011,03,27,1,8.65183
2011,03,27,2,9.17169
2011,03,27,3,8.48778
2011,03,27,4,7.29225
2011,03,27,5,4.71967
2011,03,27,6,3.33552
2011,03,27,7,3.34253
2011,03,28,0,2.8368200000000003
2011,03,28,1,2.0674699999999997
2011,03,28,2,1.17398
2011,03,28,3,1.0346199999999999
2011,03,28,4,1.33538
2011,03,28,5,2.1382399999999997
2011,03,28,6,3.3645300000000002
2011,03,28,7,3.6336500000000003
2011,03,29,0,4.27018
2011,03,29,1,3.98098
2011,03,29,2,3.043
2011,03,29,3,3.73525
2011,03,29,4,2.99921
2011,03,29,5,2.69234
2011,03,29,6,2.6822
2011,03,29,7,2.74781
2011,03,30,0,2.38162
2011,03,30,1,2.24715
2011,03,30,2,2.38297
2011,03,30,3,2.14251
2011,03,30,4,1.20368
2011,03,30,5,0.9086409999999999
2011,03,30,6,0.9249550000000001
2011,03,30,7,1.4296300000000002
2011,03,1,0,2.09
2011,03,1,1,3.11505
2011,03,1,2,4.11248
2011,03,1,3,5.25314
2011,03,1,4,4.91321
2011,03,1,5,5.3106599999999995
2011,03,1,6,7.3251800000000005
2011,03,1,7,8.20837
2011,03,2,0,5.043819999999999
2011,03,2,1,2.8109499999999996
2011,03,2,2,1.94981
2011,03,2,3,2.45092
2011,03,2,4,2.5717399999999997
2011,03,2,5,1.72701
2011,03,2,6,1.6828599999999998
2011,03,2,7,1.9745
2011,03,3,0,2.01452
2011,03,3,1,3.11781
2011,03,3,2,4.30693
2011,03,3,3,4.50686
2011,03,3,4,3.70976
2011,03,3,5,3.0667
2011,03,3,6,2.29041
2011,03,3,7,1.58454
2011,03,4,0,1.66872
2011,03,4,1,1.84731
2011,03,4,2,1.21955
2011,03,4,3,0.987016
2011,03,4,4,1.24176
2011,03,4,5,2.32798
2011,03,4,6,3.7856300000000003
2011,03,4,7,5.628220000000001
2011,03,5,0,7.22006
2011,03,5,1,7.6138
2011,03,5,2,3.76043
2011,03,5,3,4.43957
2011,03,5,4,9.03993
2011,03,5,5,9.26142
2011,03,5,6,7.48737
2011,03,5,7,5.95842
2011,03,6,0,3.2529899999999996
2011,03,6,1,3.35544
2011,03,6,2,5.62228
2011,03,6,3,2.54227
2011,03,6,4,1.48931
2011,03,6,5,1.6825
2011,03,6,6,0.952761
2011,03,6,7,0.628408
2011,03,7,0,0.5389579999999999
2011,03,7,1,0.654605
2011,03,7,2,0.890923
2011,03,7,3,0.862837
2011,03,7,4,0.795594
2011,03,7,5,0.819252
2011,03,7,6,0.694251
2011,03,7,7,0.771511
2011,03,8,0,0.8688790000000001
2011,03,8,1,0.8910779999999999
2011,03,8,2,1.0919
2011,03,8,3,2.09299
2011,03,8,4,3.5027199999999996
2011,03,8,5,4.15202
2011,03,8,6,4.699260000000001
2011,03,8,7,5.6771899999999995
2011,03,9,0,6.82921
2011,03,9,1,6.8103
2011,03,9,2,6.14785
2011,03,9,3,5.1693500000000006
2011,03,9,4,3.62954
2011,03,9,5,2.70172
2011,03,9,6,2.7776199999999998
2011,03,9,7,3.10401
2011,03,10,0,4.16141
2011,03,10,1,4.8933100000000005
2011,03,10,2,5.009399999999999
2011,03,10,3,4.93167
2011,03,10,4,4.0069
2011,03,10,5,3.54155
2011,03,10,6,3.36422
2011,03,10,7,2.9892600000000003
2011,03,11,0,2.77366
2011,03,11,1,2.5631500000000003
2011,03,11,2,2.47751
2011,03,11,3,2.28836
2011,03,11,4,2.09388
2011,03,11,5,1.95875
2011,03,11,6,1.74425
2011,03,11,7,1.61048
2011,03,12,0,1.23183
2011,03,12,1,1.01105
2011,03,12,2,0.716019
2011,03,12,3,0.680331
2011,03,12,4,1.68843
2011,03,12,5,3.13949
2011,03,12,6,4.01057
2011,03,12,7,7.70833
2011,03,13,0,7.17091
2011,03,13,1,6.1144300000000005
2011,03,13,2,5.150060000000001
2011,03,13,3,4.972899999999999
2011,03,13,4,4.74228
2011,03,13,5,4.3222700000000005
2011,03,13,6,4.61209
2011,03,13,7,4.64075
2011,03,14,0,3.33861
2011,03,14,1,2.58365
2011,03,14,2,1.87618
2011,03,14,3,1.0559
2011,03,14,4,1.04212
2011,03,14,5,0.960853
2011,03,14,6,1.2876800000000002
2011,03,14,7,1.40527
2011,03,15,0,1.46255
2011,03,15,1,1.8263099999999999
2011,03,15,2,2.08064
2011,03,15,3,2.3330300000000004
2011,03,15,4,2.45569
2011,03,15,5,2.26002
2011,03,15,6,1.63232
2011,03,15,7,1.28501
2011,03,16,0,1.7526700000000002
2011,03,16,1,2.80026
2011,03,16,2,3.5323800000000003
2011,03,16,3,4.06206
2011,03,16,4,2.04556
2011,03,16,5,1.16714
2011,03,16,6,1.59253
2011,03,16,7,1.8269900000000001
2011,03,17,0,2.06711
2011,03,17,1,2.88035
2011,03,17,2,4.79207
2011,03,17,3,6.3166
2011,03,17,4,6.639810000000001
2011,03,17,5,6.65499
2011,03,17,6,6.244770000000001
2011,03,17,7,5.62913
2011,03,18,0,4.47755
2011,03,18,1,3.001
2011,03,18,2,1.53951
2011,03,18,3,1.54649
2011,03,18,4,1.6551099999999999
2011,03,18,5,1.16114
2011,03,18,6,0.9038200000000001
2011,03,18,7,0.646933
2011,03,19,0,0.669601
2011,03,19,1,0.9742649999999999
2011,03,19,2,2.77977
2011,03,19,3,5.88234
2011,03,19,4,5.61353
2011,03,19,5,6.662
2011,03,19,6,6.46395
2011,03,19,7,6.4128
2011,03,20,0,6.91538
2011,03,20,1,6.75787
2011,03,20,2,2.69996
2011,03,20,3,2.43384
2011,03,20,4,3.2374099999999997
2011,03,20,5,3.01733
2011,03,20,6,3.0356799999999997
2011,03,20,7,3.2800700000000003
2011,03,21,0,3.09054
2011,03,21,1,2.74791
2011,03,21,2,2.30608
2011,03,21,3,2.0907199999999997
2011,03,21,4,1.74548
2011,03,21,5,1.22149
2011,03,21,6,1.44357
2011,03,21,7,1.8303399999999999
2011,03,22,0,2.77728
2011,03,22,1,3.22454
2011,03,22,2,3.4903000000000004
2011,03,22,3,3.5326500000000003
2011,03,22,4,5.01841
2011,03,22,5,5.53875
2011,03,22,6,6.14166
2011,03,22,7,5.86888
2011,03,23,0,4.12871
2011,03,23,1,4.91141
2011,03,23,2,4.3137
2011,03,23,3,5.47873
2011,03,23,4,3.90163
2011,03,23,5,3.99942
2011,03,23,6,3.79657
2011,03,23,7,1.7931400000000002
2011,03,24,0,1.52631
2011,03,24,1,4.161560000000001
2011,03,24,2,4.870310000000001
2011,03,24,3,4.42303
2011,03,24,4,1.12755
2011,03,24,5,1.06733
2011,03,24,6,1.57331
2011,03,24,7,2.53351
2011,03,25,0,3.44969
2011,03,25,1,5.42512
2011,03,25,2,6.895899999999999
2011,03,25,3,6.93616
2011,03,25,4,6.0176099999999995
2011,03,25,5,5.0073
2011,03,25,6,4.642720000000001
2011,03,25,7,4.7485100000000005
2011,03,26,0,4.28562
2011,03,26,1,3.31009
2011,03,26,2,3.11957
2011,03,26,3,2.44942
2011,03,26,4,1.59166
2011,03,26,5,1.5783800000000001
2011,03,26,6,2.00052
2011,03,26,7,2.75014
2011,03,27,0,4.62911
2011,03,27,1,5.1084
2011,03,27,2,5.38091
2011,03,27,3,4.99011
2011,03,27,4,3.96471
2011,03,27,5,2.12369
2011,03,27,6,1.44386
2011,03,27,7,0.790507
2011,03,28,0,1.12428
2011,03,28,1,1.0190599999999999
2011,03,28,2,1.33684
2011,03,28,3,3.00198
2011,03,28,4,4.79766
2011,03,28,5,4.71496
2011,03,28,6,4.37449
2011,03,28,7,4.75169
2011,03,29,0,4.829140000000001
2011,03,29,1,4.6738800000000005
2011,03,29,2,4.84816
2011,03,29,3,4.70092
2011,03,29,4,4.1003
2011,03,29,5,3.69325
2011,03,29,6,2.57282
2011,03,29,7,2.1469899999999997
2011,03,30,0,1.83366
2011,03,30,1,0.930779
2011,03,30,2,0.940211
2011,03,30,3,2.30864
2011,03,30,4,3.6989
2011,03,30,5,3.79648
2011,03,30,6,3.60496
2011,03,30,7,3.26525
2011,03,31,0,3.1350599999999997
2011,03,31,1,3.5832800000000002
2011,03,31,2,2.66994
2011,03,31,3,1.87384
2011,03,31,4,1.64293
2011,03,31,5,1.35272
2011,03,31,6,0.9737089999999999
2011,03,31,7,0.608994
2012,03,1,0,0.466862
2012,03,1,1,0.745151
2012,03,1,2,0.984676
2012,03,1,3,1.19054
2012,03,1,4,1.31999
2012,03,1,5,1.31989
2012,03,1,6,1.8503800000000001
2012,03,1,7,2.78498
2012,03,2,0,3.75359
2012,03,2,1,5.84492
2012,03,2,2,8.51391
2012,03,2,3,7.04686
2012,03,2,4,6.31178
2012,03,2,5,6.289899999999999
2012,03,2,6,7.91995
2012,03,2,7,6.16272
2012,03,3,0,3.9197100000000002
2012,03,3,1,2.40504
2012,03,3,2,1.59071
2012,03,3,3,1.74126
2012,03,3,4,2.55261
2012,03,3,5,4.749479999999999
2012,03,3,6,5.93993
2012,03,3,7,6.5908500000000005
2012,03,4,0,7.19548
2012,03,4,1,7.83835
2012,03,4,2,7.41954
2012,03,4,3,8.32216
2012,03,4,4,9.21898
2012,03,4,5,9.002139999999999
2012,03,4,6,7.21725
2012,03,4,7,3.99011
2012,03,5,0,2.79892
2012,03,5,1,2.48554
2012,03,5,2,5.48421
2012,03,5,3,4.53718
2012,03,5,4,2.49758
2012,03,5,5,2.0914699999999997
2012,03,5,6,3.0926799999999997
2012,03,5,7,2.9185
2012,03,6,0,3.0050100000000004
2012,03,6,1,2.92298
2012,03,6,2,3.09183
2012,03,6,3,3.30943
2012,03,6,4,2.6505
2012,03,6,5,2.0091099999999997
2012,03,6,6,1.58903
2012,03,6,7,1.33498
2012,03,7,0,1.2478099999999999
2012,03,7,1,1.16165
2012,03,7,2,1.4906400000000002
2012,03,7,3,2.46206
2012,03,7,4,2.56216
2012,03,7,5,1.72434
2012,03,7,6,1.60819
2012,03,7,7,2.52238
2012,03,8,0,8.130270000000001
2012,03,8,1,9.7276
2012,03,8,2,10.1281
2012,03,8,3,8.93537
2012,03,8,4,7.1291
2012,03,8,5,4.19286
2012,03,8,6,3.19115
2012,03,8,7,3.08988
2012,03,9,0,3.7702600000000004
2012,03,9,1,4.21519
2012,03,9,2,5.97608
2012,03,9,3,7.3936
2012,03,9,4,7.73888
2012,03,9,5,6.06963
2012,03,9,6,5.40606
2012,03,9,7,4.32813
2012,03,10,0,3.72844
2012,03,10,1,2.71951
2012,03,10,2,2.66276
2012,03,10,3,1.7493699999999999
2012,03,10,4,0.730814
2012,03,10,5,0.81929
2012,03,10,6,0.798969
2012,03,10,7,0.593898
2012,03,11,0,0.678209
2012,03,11,1,1.14029
2012,03,11,2,1.6867999999999999
2012,03,11,3,2.6744499999999998
2012,03,11,4,3.1230300000000004
2012,03,11,5,3.54675
2012,03,11,6,2.95975
2012,03,11,7,3.4857199999999997
2012,03,12,0,4.6546899999999996
2012,03,12,1,3.83425
2012,03,12,2,2.50003
2012,03,12,3,2.43654
2012,03,12,4,2.6301300000000003
2012,03,12,5,4.29684
2012,03,12,6,5.73295
2012,03,12,7,5.369680000000001
2012,03,13,0,3.85087
2012,03,13,1,1.9900499999999999
2012,03,13,2,1.65744
2012,03,13,3,2.13591
2012,03,13,4,2.33844
2012,03,13,5,1.59077
2012,03,13,6,1.58278
2012,03,13,7,1.53732
2012,03,14,0,1.55152
2012,03,14,1,1.6701300000000001
2012,03,14,2,1.6727
2012,03,14,3,1.8530799999999998
2012,03,14,4,2.00726
2012,03,14,5,2.19844
2012,03,14,6,2.07897
2012,03,14,7,1.92675
2012,03,15,0,1.78799
2012,03,15,1,1.64023
2012,03,15,2,1.39885
2012,03,15,3,1.15118
2012,03,15,4,1.0368199999999999
2012,03,15,5,0.999852
2012,03,15,6,0.8855879999999999
2012,03,15,7,0.854745
2012,03,16,0,0.842807
2012,03,16,1,0.816955
2012,03,16,2,0.66084
2012,03,16,3,0.49216899999999997
2012,03,16,4,0.407433
2012,03,16,5,0.365554
2012,03,16,6,0.320175
2012,03,16,7,0.301925
2012,03,17,0,0.281242
2012,03,17,1,0.272984
2012,03,17,2,0.278274
2012,03,17,3,0.285669
2012,03,17,4,0.28898399999999996
2012,03,17,5,0.29444400000000004
2012,03,17,6,0.30636
2012,03,17,7,0.320832
2012,03,18,0,0.356977
2012,03,18,1,0.41116199999999997
2012,03,18,2,0.457245
2012,03,18,3,0.592037
2012,03,18,4,0.734588
2012,03,18,5,0.9014249999999999
2012,03,18,6,1.0696700000000001
2012,03,18,7,1.05903
2012,03,19,0,0.884983
2012,03,19,1,0.934762
2012,03,19,2,0.9249299999999999
2012,03,19,3,0.863717
2012,03,19,4,0.806005
2012,03,19,5,0.7907179999999999
2012,03,19,6,0.781154
2012,03,19,7,0.792314
2012,03,20,0,0.8052670000000001
2012,03,20,1,0.815286
2012,03,20,2,0.879214
2012,03,20,3,0.96808
2012,03,20,4,1.0267
2012,03,20,5,1.18663
2012,03,20,6,1.7269
2012,03,20,7,2.52866
2012,03,21,0,3.29226
2012,03,21,1,3.6779
2012,03,21,2,4.13765
2012,03,21,3,4.77118
2012,03,21,4,5.01234
2012,03,21,5,5.23556
2012,03,21,6,5.6174
2012,03,21,7,5.59517
2012,03,22,0,5.56779
2012,03,22,1,4.69381
2012,03,22,2,3.02045
2012,03,22,3,2.0372
2012,03,22,4,1.97655
2012,03,22,5,1.5479
2012,03,22,6,1.14104
2012,03,22,7,1.60247
2012,03,23,0,2.04202
2012,03,23,1,2.48248
2012,03,23,2,3.2297800000000003
2012,03,23,3,3.85506
2012,03,23,4,3.57854
2012,03,23,5,3.13622
2012,03,23,6,3.2033899999999997
2012,03,23,7,2.7121
2012,03,24,0,1.62294
2012,03,24,1,1.42427
2012,03,24,2,2.94893
2012,03,24,3,2.40667
2012,03,24,4,3.17195
2012,03,24,5,3.7301100000000003
2012,03,24,6,3.54381
2012,03,24,7,4.26621
2012,03,25,0,5.10288
2012,03,25,1,5.176699999999999
2012,03,25,2,5.144909999999999
2012,03,25,3,5.10169
2012,03,25,4,5.74629
2012,03,25,5,3.4503600000000003
2012,03,25,6,1.39774
2012,03,25,7,0.92943
2012,03,26,0,1.1790999999999998
2012,03,26,1,1.12662
2012,03,26,2,0.962909
2012,03,26,3,0.932255
2012,03,26,4,0.7301960000000001
2012,03,26,5,0.57535
2012,03,26,6,1.92863
2012,03,26,7,1.12028
2012,03,27,0,1.31462
2012,03,27,1,1.11917
2012,03,27,2,0.661594
2012,03,27,3,0.925704
2012,03,27,4,2.06227
2012,03,27,5,1.3200399999999999
2012,03,27,6,1.90279
2012,03,27,7,2.1886799999999997
2012,03,28,0,1.5021900000000001
2012,03,28,1,1.38455
2012,03,28,2,1.3047
2012,03,28,3,1.7224000000000002
2012,03,28,4,2.03335
2012,03,28,5,2.28059
2012,03,28,6,2.96035
2012,03,28,7,3.5779699999999997
2012,03,29,0,4.08822
2012,03,29,1,4.990399999999999
2012,03,29,2,5.8182
2012,03,29,3,6.23199
2012,03,29,4,6.35895
2012,03,29,5,6.16671
2012,03,29,6,5.85938
2012,03,29,7,5.56053
2012,03,30,0,5.34437
2012,03,30,1,5.25096
2012,03,30,2,5.2414499999999995
2012,03,30,3,5.3174399999999995
2012,03,30,4,4.87505
2012,03,30,5,5.13628
2012,03,30,6,4.50642
2012,03,30,7,2.77744
2012,03,31,0,3.3467399999999996
2012,03,31,1,3.38291
2012,03,31,2,3.41444
2012,03,31,3,2.65195
2012,03,31,4,2.96602
2012,03,31,5,3.1798699999999998
2012,03,31,6,2.76382
2012,03,31,7,2.65553
2012,03,1,0,1.94099
2012,03,1,1,2.4704
2012,03,1,2,1.50045
2012,03,1,3,2.6809499999999997
2012,03,1,4,3.3680700000000003
2012,03,1,5,3.6341799999999997
2012,03,1,6,2.3615399999999998
2012,03,1,7,0.9830760000000001
2012,03,2,0,1.34575
2012,03,2,1,1.7816800000000002
2012,03,2,2,1.43398
2012,03,2,3,1.08255
2012,03,2,4,1.65483
2012,03,2,5,7.53794
2012,03,2,6,7.87622
2012,03,2,7,4.9654799999999994
2012,03,3,0,4.465520000000001
2012,03,3,1,6.6669
2012,03,3,2,7.1784300000000005
2012,03,3,3,6.39334
2012,03,3,4,4.00416
2012,03,3,5,1.95146
2012,03,3,6,2.00011
2012,03,3,7,3.0038
2012,03,4,0,3.64531
2012,03,4,1,5.4619
2012,03,4,2,6.01813
2012,03,4,3,6.25278
2012,03,4,4,6.25005
2012,03,4,5,5.56874
2012,03,4,6,3.06418
2012,03,4,7,3.14115
2012,03,5,0,3.0848
2012,03,5,1,2.71665
2012,03,5,2,3.32692
2012,03,5,3,3.9880999999999998
2012,03,5,4,3.99148
2012,03,5,5,3.4331199999999997
2012,03,5,6,2.7320100000000003
2012,03,5,7,1.0024
2012,03,6,0,0.640915
2012,03,6,1,0.704178
2012,03,6,2,0.69432
2012,03,6,3,0.6437459999999999
2012,03,6,4,0.513615
2012,03,6,5,0.48206099999999996
2012,03,6,6,0.553318
2012,03,6,7,0.579215
2012,03,7,0,0.6147039999999999
2012,03,7,1,0.623968
2012,03,7,2,0.5831810000000001
2012,03,7,3,0.5368569999999999
2012,03,7,4,0.49824
2012,03,7,5,0.441034
2012,03,7,6,0.34797300000000003
2012,03,7,7,0.297161
2012,03,8,0,0.377393
2012,03,8,1,0.566105
2012,03,8,2,0.689542
2012,03,8,3,0.8131889999999999
2012,03,8,4,0.9327329999999999
2012,03,8,5,1.15372
2012,03,8,6,1.69783
2012,03,8,7,2.33513
2012,03,9,0,2.35054
2012,03,9,1,2.24732
2012,03,9,2,2.38417
2012,03,9,3,2.42401
2012,03,9,4,2.59778
2012,03,9,5,2.35169
2012,03,9,6,2.05859
2012,03,9,7,1.80775
2012,03,10,0,1.6618199999999999
2012,03,10,1,1.47624
2012,03,10,2,1.45011
2012,03,10,3,1.37291
2012,03,10,4,0.990328
2012,03,10,5,0.6747340000000001
2012,03,10,6,0.503523
2012,03,10,7,0.48009500000000005
2012,03,11,0,0.492593
2012,03,11,1,0.524204
2012,03,11,2,0.49873
2012,03,11,3,0.509877
2012,03,11,4,0.532572
2012,03,11,5,0.530791
2012,03,11,6,0.51467
2012,03,11,7,0.725432
2012,03,12,0,1.7924
2012,03,12,1,2.6820500000000003
2012,03,12,2,3.02617
2012,03,12,3,3.4165
2012,03,12,4,3.68108
2012,03,12,5,3.33337
2012,03,12,6,3.03699
2012,03,12,7,3.2505100000000002
2012,03,13,0,4.70089
2012,03,13,1,5.91096
2012,03,13,2,5.54542
2012,03,13,3,5.41481
2012,03,13,4,4.67378
2012,03,13,5,2.9326
2012,03,13,6,1.49397
2012,03,13,7,1.26777
2012,03,14,0,1.9838699999999998
2012,03,14,1,1.59509
2012,03,14,2,1.31358
2012,03,14,3,1.24218
2012,03,14,4,1.59546
2012,03,14,5,1.56368
2012,03,14,6,1.4948599999999999
2012,03,14,7,1.4758900000000001
2012,03,15,0,1.6345399999999999
2012,03,15,1,1.97568
2012,03,15,2,2.80577
2012,03,15,3,3.17092
2012,03,15,4,2.92841
2012,03,15,5,2.1584
2012,03,15,6,1.78761
2012,03,15,7,1.41485
2012,03,16,0,1.19282
2012,03,16,1,1.3608699999999998
2012,03,16,2,1.52457
2012,03,16,3,1.5624500000000001
2012,03,16,4,1.57852
2012,03,16,5,2.1113299999999997
2012,03,16,6,2.62903
2012,03,16,7,4.56115
2012,03,17,0,5.090310000000001
2012,03,17,1,4.5272
2012,03,17,2,3.98158
2012,03,17,3,1.60808
2012,03,17,4,0.838977
2012,03,17,5,1.0543
2012,03,17,6,0.860913
2012,03,17,7,1.53525
2012,03,18,0,1.83277
2012,03,18,1,1.53474
2012,03,18,2,1.42432
2012,03,18,3,1.3503800000000001
2012,03,18,4,1.77191
2012,03,18,5,2.2659499999999997
2012,03,18,6,2.3767
2012,03,18,7,2.4876199999999997
2012,03,19,0,2.83381
2012,03,19,1,3.31786
2012,03,19,2,3.5585
2012,03,19,3,3.63724
2012,03,19,4,3.2562399999999996
2012,03,19,5,2.90652
2012,03,19,6,2.9715100000000003
2012,03,19,7,2.83331
2012,03,20,0,2.59073
2012,03,20,1,2.22018
2012,03,20,2,2.01355
2012,03,20,3,1.91552
2012,03,20,4,1.80468
2012,03,20,5,1.64486
2012,03,20,6,1.37134
2012,03,20,7,1.33876
2012,03,21,0,1.8931300000000002
2012,03,21,1,3.65109
2012,03,21,2,4.5226999999999995
2012,03,21,3,5.5635200000000005
2012,03,21,4,5.01609
2012,03,21,5,2.07646
2012,03,21,6,2.69596
2012,03,21,7,2.55296
2012,03,22,0,2.1793400000000003
2012,03,22,1,2.1764099999999997
2012,03,22,2,2.1272399999999996
2012,03,22,3,1.9142000000000001
2012,03,22,4,2.10038
2012,03,22,5,2.4101999999999997
2012,03,22,6,2.39722
2012,03,22,7,2.2178
2012,03,23,0,2.00077
2012,03,23,1,2.10696
2012,03,23,2,2.3601900000000002
2012,03,23,3,2.07395
2012,03,23,4,1.5328199999999998
2012,03,23,5,1.73857
2012,03,23,6,1.89818
2012,03,23,7,1.91798
2012,03,24,0,1.7269400000000001
2012,03,24,1,1.56501
2012,03,24,2,1.39773
2012,03,24,3,1.28653
2012,03,24,4,1.0322799999999999
2012,03,24,5,1.21327
2012,03,24,6,1.21751
2012,03,24,7,1.70923
2012,03,25,0,2.3171500000000003
2012,03,25,1,2.40008
2012,03,25,2,2.5030799999999997
2012,03,25,3,2.45515
2012,03,25,4,2.25232
2012,03,25,5,1.9947000000000001
2012,03,25,6,1.8246600000000002
2012,03,25,7,1.744
2012,03,26,0,1.70795
2012,03,26,1,1.66015
2012,03,26,2,1.61118
2012,03,26,3,1.56201
2012,03,26,4,1.49562
2012,03,26,5,1.4323800000000002
2012,03,26,6,1.13285
2012,03,26,7,0.71375
2012,03,27,0,0.858823
2012,03,27,1,1.17547
2012,03,27,2,1.39314
2012,03,27,3,1.32826
2012,03,27,4,2.2103099999999998
2012,03,27,5,3.09481
2012,03,27,6,3.15697
2012,03,27,7,2.93329
2012,03,28,0,3.2516
2012,03,28,1,3.7084699999999997
2012,03,28,2,3.57539
2012,03,28,3,3.34489
2012,03,28,4,3.14421
2012,03,28,5,3.0488600000000003
2012,03,28,6,2.7870100000000004
2012,03,28,7,2.32977
2012,03,29,0,2.13059
2012,03,29,1,1.98445
2012,03,29,2,1.81432
2012,03,29,3,1.89683
2012,03,29,4,1.8885699999999999
2012,03,29,5,1.88356
2012,03,29,6,2.21069
2012,03,29,7,2.3764600000000002
2012,03,1,0,2.4356999999999998
2012,03,1,1,2.3177600000000003
2012,03,1,2,2.21345
2012,03,1,3,2.24843
2012,03,1,4,2.3539
2012,03,1,5,2.4008499999999997
2012,03,1,6,2.3755100000000002
2012,03,1,7,2.27217
2012,03,2,0,2.14092
2012,03,2,1,1.8270899999999999
2012,03,2,2,1.6556
2012,03,2,3,1.81193
2012,03,2,4,2.1610300000000002
2012,03,2,5,2.3479699999999997
2012,03,2,6,2.7052199999999997
2012,03,2,7,2.58147
2012,03,3,0,1.8323099999999999
2012,03,3,1,1.7060899999999999
2012,03,3,2,2.2305
2012,03,3,3,2.9192
2012,03,3,4,3.11985
2012,03,3,5,3.00332
2012,03,3,6,2.37998
2012,03,3,7,1.62707
2012,03,4,0,1.47132
2012,03,4,1,1.79014
2012,03,4,2,1.6724100000000002
2012,03,4,3,1.45756
2012,03,4,4,1.49597
2012,03,4,5,1.52943
2012,03,4,6,1.61369
2012,03,4,7,1.10666
2012,03,5,0,0.844634
2012,03,5,1,1.31146
2012,03,5,2,1.62066
2012,03,5,3,1.69419
2012,03,5,4,1.70751
2012,03,5,5,1.66494
2012,03,5,6,1.74196
2012,03,5,7,1.77028
2012,03,6,0,1.62272
2012,03,6,1,1.4622899999999999
2012,03,6,2,1.42273
2012,03,6,3,1.46249
2012,03,6,4,1.3216199999999998
2012,03,6,5,1.1085699999999998
2012,03,6,6,1.4487999999999999
2012,03,6,7,1.68267
2012,03,7,0,2.29176
2012,03,7,1,2.5723200000000004
2012,03,7,2,2.49347
2012,03,7,3,2.33818
2012,03,7,4,2.19069
2012,03,7,5,2.18202
2012,03,7,6,2.46285
2012,03,7,7,2.2204
2012,03,8,0,2.5612399999999997
2012,03,8,1,3.3944699999999997
2012,03,8,2,4.08898
2012,03,8,3,4.53207
2012,03,8,4,4.7673000000000005
2012,03,8,5,5.06166
2012,03,8,6,4.95322
2012,03,8,7,5.875310000000001
2012,03,9,0,6.73653
2012,03,9,1,7.305560000000001
2012,03,9,2,8.01494
2012,03,9,3,8.28342
2012,03,9,4,7.6597100000000005
2012,03,9,5,5.63294
2012,03,9,6,1.66771
2012,03,9,7,1.8269300000000002
2012,03,10,0,1.84862
2012,03,10,1,2.4392600000000004
2012,03,10,2,2.5542399999999996
2012,03,10,3,2.4639
2012,03,10,4,2.4827600000000003
2012,03,10,5,2.7079899999999997
2012,03,10,6,3.0827199999999997
2012,03,10,7,3.4215500000000003
2012,03,11,0,3.4529099999999997
2012,03,11,1,3.77908
2012,03,11,2,4.240489999999999
2012,03,11,3,3.6573800000000003
2012,03,11,4,2.69902
2012,03,11,5,3.84273
2012,03,11,6,3.0311999999999997
2012,03,11,7,3.28953
2012,03,12,0,3.43454
2012,03,12,1,3.3807199999999997
2012,03,12,2,2.9383000000000004
2012,03,12,3,2.8322
2012,03,12,4,2.00208
2012,03,12,5,0.867375
2012,03,12,6,0.715406
2012,03,12,7,1.94075
2012,03,13,0,3.63782
2012,03,13,1,3.42767
2012,03,13,2,2.79267
2012,03,13,3,2.2279299999999997
2012,03,13,4,2.3691
2012,03,13,5,2.58162
2012,03,13,6,2.7993699999999997
2012,03,13,7,2.5920199999999998
2012,03,14,0,2.3755900000000003
2012,03,14,1,1.86193
2012,03,14,2,1.30929
2012,03,14,3,1.23909
2012,03,14,4,1.6803800000000002
2012,03,14,5,1.64154
2012,03,14,6,1.1444100000000001
2012,03,14,7,1.47556
2012,03,15,0,1.723
2012,03,15,1,2.32188
2012,03,15,2,2.74523
2012,03,15,3,2.84246
2012,03,15,4,2.7758499999999997
2012,03,15,5,2.54483
2012,03,15,6,3.35982
2012,03,15,7,5.22156
2012,03,16,0,5.047350000000001
2012,03,16,1,3.79157
2012,03,16,2,4.7725100000000005
2012,03,16,3,2.94962
2012,03,16,4,2.64444
2012,03,16,5,2.26387
2012,03,16,6,1.73804
2012,03,16,7,1.88736
2012,03,17,0,1.6471900000000002
2012,03,17,1,1.60608
2012,03,17,2,1.54381
2012,03,17,3,1.5873199999999998
2012,03,17,4,1.85525
2012,03,17,5,1.98657
2012,03,17,6,2.10268
2012,03,17,7,2.40714
2012,03,18,0,3.4297
2012,03,18,1,3.74546
2012,03,18,2,3.84806
2012,03,18,3,3.87118
2012,03,18,4,3.66254
2012,03,18,5,3.38675
2012,03,18,6,2.1608
2012,03,18,7,1.78307
2012,03,19,0,1.1211099999999998
2012,03,19,1,0.733743
2012,03,19,2,1.38608
2012,03,19,3,1.98436
2012,03,19,4,2.28748
2012,03,19,5,2.1878200000000003
2012,03,19,6,2.43746
2012,03,19,7,2.6453200000000003
2012,03,20,0,2.4270500000000004
2012,03,20,1,1.94127
2012,03,20,2,1.52324
2012,03,20,3,1.38194
2012,03,20,4,1.7985
2012,03,20,5,2.54281
2012,03,20,6,2.60846
2012,03,20,7,2.6566799999999997
2012,03,21,0,2.66022
2012,03,21,1,2.52504
2012,03,21,2,2.9427600000000003
2012,03,21,3,2.6621599999999996
2012,03,21,4,1.98332
2012,03,21,5,2.39906
2012,03,21,6,2.8032600000000003
2012,03,21,7,2.6024000000000003
2012,03,22,0,2.3533000000000004
2012,03,22,1,2.3070500000000003
2012,03,22,2,2.2976900000000002
2012,03,22,3,2.5082
2012,03,22,4,2.47443
2012,03,22,5,2.22738
2012,03,22,6,1.9416900000000001
2012,03,22,7,2.46148
2012,03,23,0,2.6699
2012,03,23,1,2.59543
2012,03,23,2,2.4505700000000004
2012,03,23,3,2.1992399999999996
2012,03,23,4,1.8216700000000001
2012,03,23,5,1.74453
2012,03,23,6,1.83047
2012,03,23,7,2.02406
2012,03,24,0,1.96175
2012,03,24,1,1.4522899999999999
2012,03,24,2,1.12071
2012,03,24,3,1.33867
2012,03,24,4,1.84984
2012,03,24,5,1.94968
2012,03,24,6,2.16268
2012,03,24,7,2.4080500000000002
2012,03,25,0,2.42821
2012,03,25,1,2.56321
2012,03,25,2,2.25415
2012,03,25,3,1.92032
2012,03,25,4,1.8619
2012,03,25,5,2.12401
2012,03,25,6,1.44191
2012,03,25,7,2.26038
2012,03,26,0,2.59878
2012,03,26,1,1.32602
2012,03,26,2,1.17062
2012,03,26,3,1.56933
2012,03,26,4,1.8651900000000001
2012,03,26,5,1.65518
2012,03,26,6,1.69964
2012,03,26,7,1.95205
2012,03,27,0,2.1726900000000002
2012,03,27,1,2.51905
2012,03,27,2,2.82945
2012,03,27,3,3.0979200000000002
2012,03,27,4,2.88374
2012,03,27,5,3.10571
2012,03,27,6,3.81621
2012,03,27,7,4.33526
2012,03,28,0,4.53955
2012,03,28,1,4.93245
2012,03,28,2,5.230899999999999
2012,03,28,3,4.69564
2012,03,28,4,3.77823
2012,03,28,5,4.39735
2012,03,28,6,4.9810799999999995
2012,03,28,7,4.5870500000000005
2012,03,29,0,5.08833
2012,03,29,1,5.10938
2012,03,29,2,3.31948
2012,03,29,3,2.73723
2012,03,29,4,2.2483899999999997
2012,03,29,5,2.0650500000000003
2012,03,29,6,2.3045500000000003
2012,03,29,7,4.32734
2012,03,30,0,4.139609999999999
2012,03,30,1,3.9151
2012,03,30,2,2.29529
2012,03,30,3,2.5543899999999997
2012,03,30,4,2.17619
2012,03,30,5,1.95479
2012,03,30,6,1.7815
2012,03,30,7,2.2079299999999997
2012,03,31,0,2.31183
2012,03,31,1,1.5436400000000001
2012,03,31,2,1.4666
2012,03,31,3,1.55352
2012,03,31,4,1.3629200000000001
2012,03,31,5,1.20698
2012,03,31,6,1.2934
2012,03,31,7,1.58854
2012,03,1,0,1.56319
2012,03,1,1,1.4068
2012,03,1,2,1.3350899999999999
2012,03,1,3,1.49065
2012,03,1,4,1.7286199999999998
2012,03,1,5,1.69861
2012,03,1,6,1.74651
2012,03,1,7,2.2146999999999997
2012,03,2,0,2.59271
2012,03,2,1,1.9880799999999998
2012,03,2,2,2.09312
2012,03,2,3,2.7357
2012,03,2,4,1.98349
2012,03,2,5,1.58176
2012,03,2,6,2.06112
2012,03,2,7,2.9293299999999998
2012,03,3,0,4.265770000000001
2012,03,3,1,4.86811
2012,03,3,2,4.883640000000001
2012,03,3,3,4.79727
2012,03,3,4,5.2935799999999995
2012,03,3,5,5.67978
2012,03,3,6,5.8214
2012,03,3,7,5.81312
2012,03,4,0,5.221640000000001
2012,03,4,1,5.5635699999999995
2012,03,4,2,4.294569999999999
2012,03,4,3,2.26465
2012,03,4,4,1.78676
2012,03,4,5,1.34901
2012,03,4,6,1.25305
2012,03,4,7,1.3299
2012,03,5,0,1.87982
2012,03,5,1,2.08966
2012,03,5,2,2.27555
2012,03,5,3,2.39684
2012,03,5,4,2.49714
2012,03,5,5,2.67151
2012,03,5,6,2.90834
2012,03,5,7,3.02202
2012,03,6,0,2.86971
2012,03,6,1,2.75371
2012,03,6,2,2.59463
2012,03,6,3,2.52794
2012,03,6,4,2.58219
2012,03,6,5,2.54725
2012,03,6,6,2.17387
2012,03,6,7,1.87778
2012,03,7,0,2.02517
2012,03,7,1,1.38999
2012,03,7,2,1.23143
2012,03,7,3,1.5536400000000001
2012,03,7,4,1.8601400000000001
2012,03,7,5,2.30348
2012,03,7,6,2.81195
2012,03,7,7,3.68834
2012,03,8,0,3.7073899999999997
2012,03,8,1,3.51475
2012,03,8,2,2.76592
2012,03,8,3,2.1951300000000002
2012,03,8,4,2.1989099999999997
2012,03,8,5,1.8797000000000001
2012,03,8,6,1.61387
2012,03,8,7,1.94775
2012,03,9,0,1.98552
2012,03,9,1,1.80248
2012,03,9,2,1.4841099999999998
2012,03,9,3,1.07653
2012,03,9,4,0.901235
2012,03,9,5,0.833707
2012,03,9,6,0.767355
2012,03,9,7,0.726935
2012,03,10,0,0.706364
2012,03,10,1,0.680406
2012,03,10,2,1.09503
2012,03,10,3,2.51269
2012,03,10,4,3.95859
2012,03,10,5,3.76404
2012,03,10,6,4.47527
2012,03,10,7,5.43516
2012,03,11,0,5.86219
2012,03,11,1,5.90925
2012,03,11,2,5.868390000000001
2012,03,11,3,6.48792
2012,03,11,4,6.69957
2012,03,11,5,6.51879
2012,03,11,6,5.61638
2012,03,11,7,5.4385
2012,03,12,0,6.09845
2012,03,12,1,7.33444
2012,03,12,2,8.319139999999999
2012,03,12,3,6.60984
2012,03,12,4,7.51484
2012,03,12,5,7.39546
2012,03,12,6,7.48532
2012,03,12,7,8.15368
2012,03,13,0,8.242569999999999
2012,03,13,1,8.98674
2012,03,13,2,9.32655
2012,03,13,3,9.55062
2012,03,13,4,8.258809999999999
2012,03,13,5,8.59769
2012,03,13,6,8.131590000000001
2012,03,13,7,8.121649999999999
2012,03,14,0,7.90844
2012,03,14,1,7.63996
2012,03,14,2,7.300470000000001
2012,03,14,3,7.05521
2012,03,14,4,6.9028599999999996
2012,03,14,5,6.5933
2012,03,14,6,6.201560000000001
2012,03,14,7,5.86698
2012,03,15,0,5.59744
2012,03,15,1,5.1585
2012,03,15,2,4.68516
2012,03,15,3,4.63612
2012,03,15,4,4.75643
2012,03,15,5,4.84393
2012,03,15,6,4.07538
2012,03,15,7,3.42483
2012,03,16,0,3.33398
2012,03,16,1,3.32602
2012,03,16,2,3.50603
2012,03,16,3,3.59605
2012,03,16,4,3.76998
2012,03,16,5,3.9753000000000003
2012,03,16,6,3.82878
2012,03,16,7,3.49857
2012,03,17,0,2.8330900000000003
2012,03,17,1,1.69201
2012,03,17,2,1.20105
2012,03,17,3,1.0136100000000001
2012,03,17,4,0.910111
2012,03,17,5,0.727851
2012,03,17,6,0.662325
2012,03,17,7,0.872451
2012,03,18,0,1.19854
2012,03,18,1,1.4663499999999998
2012,03,18,2,1.6638
2012,03,18,3,1.5013699999999999
2012,03,18,4,1.2713599999999998
2012,03,18,5,1.2273800000000001
2012,03,18,6,1.35536
2012,03,18,7,1.61575
2012,03,19,0,2.43152
2012,03,19,1,3.4325900000000003
2012,03,19,2,4.02956
2012,03,19,3,4.258109999999999
2012,03,19,4,4.4211
2012,03,19,5,4.27771
2012,03,19,6,3.76021
2012,03,19,7,3.66541
2012,03,20,0,3.1689000000000003
2012,03,20,1,2.99513
2012,03,20,2,4.5048
2012,03,20,3,5.60021
2012,03,20,4,4.83486
2012,03,20,5,5.19758
2012,03,20,6,4.45883
2012,03,20,7,3.10518
2012,03,21,0,3.16275
2012,03,21,1,3.21597
2012,03,21,2,3.09701
2012,03,21,3,2.57131
2012,03,21,4,2.04325
2012,03,21,5,1.7328800000000002
2012,03,21,6,1.7216
2012,03,21,7,2.04219
2012,03,22,0,2.1539200000000003
2012,03,22,1,1.71651
2012,03,22,2,1.1843299999999999
2012,03,22,3,1.25823
2012,03,22,4,1.43175
2012,03,22,5,1.75869
2012,03,22,6,3.05159
2012,03,22,7,4.54037
2012,03,23,0,6.24376
2012,03,23,1,6.30486
2012,03,23,2,6.25125
2012,03,23,3,6.914899999999999
2012,03,23,4,7.25687
2012,03,23,5,7.23532
2012,03,23,6,7.0683
2012,03,23,7,6.59129
2012,03,24,0,7.70183
2012,03,24,1,5.39366
2012,03,24,2,3.93211
2012,03,24,3,2.19352
2012,03,24,4,1.7938399999999999
2012,03,24,5,1.2779
2012,03,24,6,1.45592
2012,03,24,7,2.37595
2012,03,25,0,2.87968
2012,03,25,1,2.92779
2012,03,25,2,4.604520000000001
2012,03,25,3,6.25666
2012,03,25,4,6.83159
2012,03,25,5,7.12587
2012,03,25,6,7.370640000000001
2012,03,25,7,6.96405
2012,03,26,0,6.23403
2012,03,26,1,7.3847700000000005
2012,03,26,2,8.55856
2012,03,26,3,8.45364
2012,03,26,4,8.31008
2012,03,26,5,7.0793800000000005
2012,03,26,6,7.62818
2012,03,26,7,9.763770000000001
2012,03,27,0,10.4116
2012,03,27,1,11.2859
2012,03,27,2,10.8453
2012,03,27,3,10.416
2012,03,27,4,9.752360000000001
2012,03,27,5,8.32454
2012,03,27,6,5.44456
2012,03,27,7,2.81463
2012,03,28,0,1.90767
2012,03,28,1,2.39742
2012,03,28,2,2.96463
2012,03,28,3,2.8137399999999997
2012,03,28,4,2.83533
2012,03,28,5,2.8257399999999997
2012,03,28,6,3.94365
2012,03,28,7,5.605090000000001
2012,03,29,0,5.54083
2012,03,29,1,5.44167
2012,03,29,2,5.9894799999999995
2012,03,29,3,5.5188999999999995
2012,03,29,4,5.05924
2012,03,29,5,5.0794
2012,03,29,6,5.040439999999999
2012,03,29,7,5.168699999999999
2012,03,30,0,5.22458
2012,03,30,1,5.10564
2012,03,30,2,4.75287
2012,03,30,3,4.05611
2012,03,30,4,3.77355
2012,03,30,5,3.49895
2012,03,30,6,3.9153200000000004
2012,03,30,7,4.71501
2012,03,1,0,5.1934499999999995
2012,03,1,1,5.29154
2012,03,1,2,4.83662
2012,03,1,3,4.85917
2012,03,1,4,5.14811
2012,03,1,5,5.191350000000001
2012,03,1,6,4.94696
2012,03,1,7,5.253520000000001
2012,03,2,0,5.70669
2012,03,2,1,5.67866
2012,03,2,2,5.5472
2012,03,2,3,5.22849
2012,03,2,4,4.87687
2012,03,2,5,4.37539
2012,03,2,6,4.52637
2012,03,2,7,4.4821
2012,03,3,0,4.68166
2012,03,3,1,4.56668
2012,03,3,2,4.72082
2012,03,3,3,4.7076
2012,03,3,4,4.57899
2012,03,3,5,4.75985
2012,03,3,6,4.98642
2012,03,3,7,5.00178
2012,03,4,0,5.16163
2012,03,4,1,5.4284300000000005
2012,03,4,2,6.13213
2012,03,4,3,6.2292
2012,03,4,4,5.72813
2012,03,4,5,5.28213
2012,03,4,6,4.4576
2012,03,4,7,3.5586599999999997
2012,03,5,0,3.57883
2012,03,5,1,2.4869299999999996
2012,03,5,2,2.28212
2012,03,5,3,2.24971
2012,03,5,4,2.51583
2012,03,5,5,2.5209099999999998
2012,03,5,6,2.22871
2012,03,5,7,2.9178200000000003
2012,03,6,0,2.8737399999999997
2012,03,6,1,2.52992
2012,03,6,2,2.18681
2012,03,6,3,2.13297
2012,03,6,4,2.00388
2012,03,6,5,1.92842
2012,03,6,6,2.02064
2012,03,6,7,3.0655900000000003
2012,03,7,0,4.53142
2012,03,7,1,6.4961899999999995
2012,03,7,2,7.40188
2012,03,7,3,8.05875
2012,03,7,4,8.39148
2012,03,7,5,7.94821
2012,03,7,6,8.773280000000002
2012,03,7,7,9.3813
2012,03,8,0,10.2896
2012,03,8,1,10.7974
2012,03,8,2,9.305959999999999
2012,03,8,3,8.1679
2012,03,8,4,8.22319
2012,03,8,5,7.228149999999999
2012,03,8,6,7.06158
2012,03,8,7,7.41057
2012,03,9,0,5.00491
2012,03,9,1,5.583
2012,03,9,2,5.88089
2012,03,9,3,5.03542
2012,03,9,4,3.8911100000000003
2012,03,9,5,1.79836
2012,03,9,6,1.24744
2012,03,9,7,2.11177
2012,03,10,0,2.24329
2012,03,10,1,1.97699
2012,03,10,2,1.15123
2012,03,10,3,1.64482
2012,03,10,4,1.91586
2012,03,10,5,1.97039
2012,03,10,6,3.64864
2012,03,10,7,3.82006
2012,03,11,0,3.95582
2012,03,11,1,4.16676
2012,03,11,2,3.72006
2012,03,11,3,3.27626
2012,03,11,4,2.96906
2012,03,11,5,3.50744
2012,03,11,6,4.5585
2012,03,11,7,4.88421
2012,03,12,0,4.822850000000001
2012,03,12,1,4.65684
2012,03,12,2,4.51607
2012,03,12,3,5.299060000000001
2012,03,12,4,5.99725
2012,03,12,5,7.11933
2012,03,12,6,6.49229
2012,03,12,7,6.37512
2012,03,13,0,7.7843599999999995
2012,03,13,1,7.06608
2012,03,13,2,4.43033
2012,03,13,3,3.07809
2012,03,13,4,3.76471
2012,03,13,5,4.33383
2012,03,13,6,5.8285
2012,03,13,7,5.53724
2012,03,14,0,4.18694
2012,03,14,1,3.14032
2012,03,14,2,0.986309
2012,03,14,3,1.38297
2012,03,14,4,1.5496800000000002
2012,03,14,5,1.82927
2012,03,14,6,1.84582
2012,03,14,7,2.56787
2012,03,15,0,3.81429
2012,03,15,1,6.4016
2012,03,15,2,8.922379999999999
2012,03,15,3,9.68252
2012,03,15,4,9.54149
2012,03,15,5,9.25292
2012,03,15,6,8.952290000000001
2012,03,15,7,9.30587
2012,03,16,0,9.2905
2012,03,16,1,7.79168
2012,03,16,2,6.072010000000001
2012,03,16,3,4.8732
2012,03,16,4,4.64862
2012,03,16,5,5.03419
2012,03,16,6,4.2001800000000005
2012,03,16,7,2.12664
2012,03,17,0,1.89756
2012,03,17,1,2.0344
2012,03,17,2,1.86727
2012,03,17,3,1.8455599999999999
2012,03,17,4,2.0905
2012,03,17,5,1.79268
2012,03,17,6,1.2993599999999998
2012,03,17,7,2.2525
2012,03,18,0,2.78303
2012,03,18,1,2.4555599999999997
2012,03,18,2,2.53881
2012,03,18,3,3.0189
2012,03,18,4,3.02571
2012,03,18,5,2.90686
2012,03,18,6,2.9045199999999998
2012,03,18,7,3.04237
2012,03,19,0,3.07645
2012,03,19,1,3.06434
2012,03,19,2,3.2773600000000003
2012,03,19,3,3.3428400000000003
2012,03,19,4,2.41408
2012,03,19,5,1.49465
2012,03,19,6,2.04892
2012,03,19,7,2.70944
2012,03,20,0,3.32446
2012,03,20,1,3.7408099999999997
2012,03,20,2,4.0068
2012,03,20,3,4.58767
2012,03,20,4,5.03769
2012,03,20,5,5.41219
2012,03,20,6,5.1858699999999995
2012,03,20,7,5.2296700000000005
2012,03,21,0,5.39663
2012,03,21,1,5.77342
2012,03,21,2,6.72693
2012,03,21,3,7.716069999999999
2012,03,21,4,8.10575
2012,03,21,5,8.14528
2012,03,21,6,7.57643
2012,03,21,7,8.31283
2012,03,22,0,9.82988
2012,03,22,1,10.837399999999999
2012,03,22,2,10.2835
2012,03,22,3,10.567
2012,03,22,4,10.300799999999999
2012,03,22,5,10.1359
2012,03,22,6,10.068200000000001
2012,03,22,7,9.973450000000001
2012,03,23,0,9.507010000000001
2012,03,23,1,9.19712
2012,03,23,2,9.12601
2012,03,23,3,9.04242
2012,03,23,4,8.38744
2012,03,23,5,7.40745
2012,03,23,6,6.4856300000000005
2012,03,23,7,5.55834
2012,03,24,0,4.44155
2012,03,24,1,4.47346
2012,03,24,2,5.24048
2012,03,24,3,5.84501
2012,03,24,4,6.083069999999999
2012,03,24,5,5.85983
2012,03,24,6,4.3358
2012,03,24,7,3.71233
2012,03,25,0,4.04552
2012,03,25,1,3.91689
2012,03,25,2,3.70866
2012,03,25,3,3.87947
2012,03,25,4,3.98154
2012,03,25,5,3.85853
2012,03,25,6,4.000719999999999
2012,03,25,7,4.30463
2012,03,26,0,3.95329
2012,03,26,1,3.0682600000000004
2012,03,26,2,2.89327
2012,03,26,3,3.00181
2012,03,26,4,2.9626
2012,03,26,5,2.8037199999999998
2012,03,26,6,3.3777399999999997
2012,03,26,7,3.62671
2012,03,27,0,3.91202
2012,03,27,1,4.38824
2012,03,27,2,4.56677
2012,03,27,3,4.15845
2012,03,27,4,4.23462
2012,03,27,5,4.33242
2012,03,27,6,4.22128
2012,03,27,7,4.06128
2012,03,28,0,3.79534
2012,03,28,1,3.72689
2012,03,28,2,4.50038
2012,03,28,3,4.9817
2012,03,28,4,4.84638
2012,03,28,5,4.22028
2012,03,28,6,2.81295
2012,03,28,7,3.23183
2012,03,29,0,3.84527
2012,03,29,1,4.36493
2012,03,29,2,4.52071
2012,03,29,3,4.42738
2012,03,29,4,4.46403
2012,03,29,5,4.828930000000001
2012,03,29,6,5.48843
2012,03,29,7,6.327850000000001
2012,03,30,0,7.21857
2012,03,30,1,7.61569
2012,03,30,2,7.41955
2012,03,30,3,6.27085
2012,03,30,4,5.81461
2012,03,30,5,6.1258
2012,03,30,6,5.68979
2012,03,30,7,6.4380299999999995
2012,03,31,0,6.78661
2012,03,31,1,6.63953
2012,03,31,2,5.1032399999999996
2012,03,31,3,4.3566400000000005
2012,03,31,4,3.92828
2012,03,31,5,3.46296
2012,03,31,6,4.07039
2012,03,31,7,4.6949
2012,03,1,0,5.3977200000000005
2012,03,1,1,5.265689999999999
2012,03,1,2,4.77569
2012,03,1,3,4.2628
2012,03,1,4,2.9817600000000004
2012,03,1,5,1.84341
2012,03,1,6,2.13436
2012,03,1,7,5.11704
2012,03,2,0,8.276
2012,03,2,1,7.90037
2012,03,2,2,5.92142
2012,03,2,3,9.79774
2012,03,2,4,8.86382
2012,03,2,5,6.22422
2012,03,2,6,4.26098
2012,03,2,7,5.3304
2012,03,3,0,5.43166
2012,03,3,1,5.01043
2012,03,3,2,4.65829
2012,03,3,3,4.06239
2012,03,3,4,3.38442
2012,03,3,5,2.56712
2012,03,3,6,2.8257800000000004
2012,03,3,7,3.05781
2012,03,4,0,2.8986
2012,03,4,1,2.77052
2012,03,4,2,3.84498
2012,03,4,3,5.80792
2012,03,4,4,6.31827
2012,03,4,5,6.05597
2012,03,4,6,5.49629
2012,03,4,7,4.914890000000001
2012,03,5,0,6.9372799999999994
2012,03,5,1,8.409600000000001
2012,03,5,2,9.41977
2012,03,5,3,10.7023
2012,03,5,4,11.258299999999998
2012,03,5,5,13.173399999999999
2012,03,5,6,13.718399999999999
2012,03,5,7,11.9936
2012,03,6,0,12.133700000000001
2012,03,6,1,11.7782
2012,03,6,2,12.3866
2012,03,6,3,14.3335
2012,03,6,4,14.886899999999999
2012,03,6,5,18.016
2012,03,6,6,17.4456
2012,03,6,7,18.6102
2012,03,7,0,17.694200000000002
2012,03,7,1,19.1022
2012,03,7,2,11.584200000000001
2012,03,7,3,3.5661
2012,03,7,4,3.42514
2012,03,7,5,5.403029999999999
2012,03,7,6,6.4353299999999996
2012,03,7,7,6.3688400000000005
2012,03,8,0,5.71848
2012,03,8,1,3.52396
2012,03,8,2,5.84687
2012,03,8,3,7.14529
2012,03,8,4,8.071
2012,03,8,5,8.06601
2012,03,8,6,6.77851
2012,03,8,7,7.00503
2012,03,9,0,7.85983
2012,03,9,1,8.384870000000001
2012,03,9,2,8.43525
2012,03,9,3,7.71839
2012,03,9,4,7.36014
2012,03,9,5,6.55211
2012,03,9,6,6.73424
2012,03,9,7,8.59711
2012,03,10,0,8.99295
2012,03,10,1,8.36347
2012,03,10,2,7.88824
2012,03,10,3,7.7721599999999995
2012,03,10,4,11.1842
2012,03,10,5,11.9376
2012,03,10,6,10.4489
2012,03,10,7,6.265890000000001
2012,03,11,0,7.972
2012,03,11,1,11.1601
2012,03,11,2,12.1328
2012,03,11,3,12.6142
2012,03,11,4,9.860149999999999
2012,03,11,5,7.78401
2012,03,11,6,10.861600000000001
2012,03,11,7,12.3381
2012,03,12,0,11.9976
2012,03,12,1,10.7495
2012,03,12,2,10.180399999999999
2012,03,12,3,10.9459
2012,03,12,4,10.3284
2012,03,12,5,10.174
2012,03,12,6,10.065299999999999
2012,03,12,7,8.945219999999999
2012,03,13,0,7.41563
2012,03,13,1,6.59047
2012,03,13,2,6.85852
2012,03,13,3,7.44333
2012,03,13,4,7.86529
2012,03,13,5,7.8474200000000005
2012,03,13,6,7.473199999999999
2012,03,13,7,7.5596499999999995
2012,03,14,0,7.16481
2012,03,14,1,6.50836
2012,03,14,2,5.55094
2012,03,14,3,4.55541
2012,03,14,4,4.31711
2012,03,14,5,4.19553
2012,03,14,6,4.90425
2012,03,14,7,5.3268699999999995
2012,03,15,0,5.718319999999999
2012,03,15,1,6.04372
2012,03,15,2,5.6342
2012,03,15,3,5.20982
2012,03,15,4,5.59379
2012,03,15,5,5.637149999999999
2012,03,15,6,5.72008
2012,03,15,7,6.1149
2012,03,16,0,7.22356
2012,03,16,1,7.22832
2012,03,16,2,8.00471
2012,03,16,3,10.4919
2012,03,16,4,12.228
2012,03,16,5,13.2388
2012,03,16,6,12.9916
2012,03,16,7,11.3057
2012,03,17,0,9.845540000000002
2012,03,17,1,10.135399999999999
2012,03,17,2,11.869299999999999
2012,03,17,3,10.9181
2012,03,17,4,10.8986
2012,03,17,5,10.726899999999999
2012,03,17,6,10.588700000000001
2012,03,17,7,9.86194
2012,03,18,0,9.2441
2012,03,18,1,9.118120000000001
2012,03,18,2,9.43825
2012,03,18,3,9.454469999999999
2012,03,18,4,9.483979999999999
2012,03,18,5,9.484129999999999
2012,03,18,6,9.32481
2012,03,18,7,9.25455
2012,03,19,0,9.1656
2012,03,19,1,8.938450000000001
2012,03,19,2,8.98487
2012,03,19,3,7.9596
2012,03,19,4,5.97252
2012,03,19,5,6.079020000000001
2012,03,19,6,6.85801
2012,03,19,7,7.541729999999999
2012,03,20,0,7.6015299999999995
2012,03,20,1,7.645029999999999
2012,03,20,2,7.491479999999999
2012,03,20,3,6.70432
2012,03,20,4,6.398359999999999
2012,03,20,5,5.98005
2012,03,20,6,5.800350000000001
2012,03,20,7,5.74392
2012,03,21,0,5.32236
2012,03,21,1,4.78965
2012,03,21,2,4.74631
2012,03,21,3,4.824199999999999
2012,03,21,4,5.1554899999999995
2012,03,21,5,5.58846
2012,03,21,6,5.54975
2012,03,21,7,5.347899999999999
2012,03,22,0,5.57413
2012,03,22,1,6.1856
2012,03,22,2,6.9611
2012,03,22,3,6.93151
2012,03,22,4,6.48538
2012,03,22,5,6.20057
2012,03,22,6,5.738149999999999
2012,03,22,7,5.2394300000000005
2012,03,23,0,5.7833000000000006
2012,03,23,1,5.98653
2012,03,23,2,6.5113900000000005
2012,03,23,3,6.71084
2012,03,23,4,6.88867
2012,03,23,5,6.84328
2012,03,23,6,7.2368999999999994
2012,03,23,7,9.54137
2012,03,24,0,12.586
2012,03,24,1,13.8116
2012,03,24,2,14.6251
2012,03,24,3,14.9398
2012,03,24,4,14.9185
2012,03,24,5,11.86
2012,03,24,6,10.207
2012,03,24,7,13.4947
2012,03,25,0,12.7406
2012,03,25,1,12.6767
2012,03,25,2,12.2121
2012,03,25,3,9.77912
2012,03,25,4,8.02131
2012,03,25,5,7.9898
2012,03,25,6,8.12387
2012,03,25,7,6.39721
2012,03,26,0,6.17441
2012,03,26,1,6.29273
2012,03,26,2,4.54233
2012,03,26,3,5.613090000000001
2012,03,26,4,6.42476
2012,03,26,5,10.5257
2012,03,26,6,9.76334
2012,03,26,7,9.85091
2012,03,27,0,9.2695
2012,03,27,1,9.004950000000001
2012,03,27,2,10.770100000000001
2012,03,27,3,11.567200000000001
2012,03,27,4,11.391
2012,03,27,5,11.0298
2012,03,27,6,10.373299999999999
2012,03,27,7,10.366100000000001
2012,03,28,0,10.2049
2012,03,28,1,10.206700000000001
2012,03,28,2,10.803600000000001
2012,03,28,3,10.2676
2012,03,28,4,8.10348
2012,03,28,5,7.0657
2012,03,28,6,6.97509
2012,03,28,7,10.0428
2012,03,29,0,12.6622
2012,03,29,1,14.2477
2012,03,29,2,12.7999
2012,03,29,3,13.4816
2012,03,29,4,11.346200000000001
2012,03,29,5,10.5436
2012,03,29,6,10.2062
2012,03,29,7,11.0191
2012,03,30,0,11.598799999999999
2012,03,30,1,11.1151
2012,03,30,2,11.084299999999999
2012,03,30,3,9.20618
2012,03,30,4,10.131
2012,03,30,5,12.1584
2012,03,30,6,12.0588
2012,03,30,7,13.5495
2012,03,1,0,13.924700000000001
2012,03,1,1,11.524799999999999
2012,03,1,2,10.610299999999999
2012,03,1,3,10.4146
2012,03,1,4,8.23062
2012,03,1,5,7.9582299999999995
2012,03,1,6,7.9647
2012,03,1,7,7.18096
2012,03,2,0,7.63835
2012,03,2,1,7.76749
2012,03,2,2,7.32369
2012,03,2,3,6.8473500000000005
2012,03,2,4,8.12392
2012,03,2,5,6.79299
2012,03,2,6,6.89731
2012,03,2,7,8.21149
2012,03,3,0,9.60636
2012,03,3,1,10.182
2012,03,3,2,10.4131
2012,03,3,3,9.93376
2012,03,3,4,9.41356
2012,03,3,5,9.97908
2012,03,3,6,9.95759
2012,03,3,7,10.7295
2012,03,4,0,11.672
2012,03,4,1,12.099200000000002
2012,03,4,2,11.1942
2012,03,4,3,10.1691
2012,03,4,4,10.8687
2012,03,4,5,9.918709999999999
2012,03,4,6,8.608319999999999
2012,03,4,7,7.9903699999999995
2012,03,5,0,8.15467
2012,03,5,1,7.57835
2012,03,5,2,8.01198
2012,03,5,3,8.454889999999999
2012,03,5,4,8.04402
2012,03,5,5,7.45666
2012,03,5,6,7.00291
2012,03,5,7,5.0018
2012,03,6,0,5.2748800000000005
2012,03,6,1,5.88976
2012,03,6,2,6.6053999999999995
2012,03,6,3,6.850560000000001
2012,03,6,4,5.80658
2012,03,6,5,4.36632
2012,03,6,6,4.2162
2012,03,6,7,5.4693000000000005
2012,03,7,0,5.044899999999999
2012,03,7,1,4.55426
2012,03,7,2,4.508100000000001
2012,03,7,3,4.729
2012,03,7,4,5.35961
2012,03,7,5,7.0077
2012,03,7,6,7.74528
2012,03,7,7,7.32503
2012,03,8,0,7.4593
2012,03,8,1,10.5326
2012,03,8,2,12.3572
2012,03,8,3,13.035
2012,03,8,4,12.7125
2012,03,8,5,11.6815
2012,03,8,6,10.928700000000001
2012,03,8,7,10.1411
2012,03,9,0,8.35976
2012,03,9,1,7.33249
2012,03,9,2,8.63136
2012,03,9,3,9.865260000000001
2012,03,9,4,8.703040000000001
2012,03,9,5,7.71817
2012,03,9,6,6.7350900000000005
2012,03,9,7,7.0134799999999995
2012,03,10,0,6.8275500000000005
2012,03,10,1,7.63731
2012,03,10,2,11.2919
2012,03,10,3,13.296899999999999
2012,03,10,4,9.60526
2012,03,10,5,9.16875
2012,03,10,6,8.527569999999999
2012,03,10,7,7.25072
2012,03,11,0,5.96669
2012,03,11,1,1.99865
2012,03,11,2,2.18541
2012,03,11,3,2.4452800000000003
2012,03,11,4,2.26057
2012,03,11,5,2.89094
2012,03,11,6,2.6369499999999997
2012,03,11,7,3.297
2012,03,12,0,4.05669
2012,03,12,1,6.206180000000001
2012,03,12,2,7.90901
2012,03,12,3,7.34816
2012,03,12,4,6.044029999999999
2012,03,12,5,5.7088
2012,03,12,6,6.140890000000001
2012,03,12,7,7.43009
2012,03,13,0,5.04476
2012,03,13,1,2.9474
2012,03,13,2,2.7166
2012,03,13,3,5.03395
2012,03,13,4,6.12132
2012,03,13,5,6.51262
2012,03,13,6,6.82642
2012,03,13,7,6.78317
2012,03,14,0,7.179270000000001
2012,03,14,1,7.437390000000001
2012,03,14,2,8.34783
2012,03,14,3,8.55916
2012,03,14,4,9.07127
2012,03,14,5,9.58048
2012,03,14,6,8.78498
2012,03,14,7,7.3055900000000005
2012,03,15,0,7.15096
2012,03,15,1,8.14555
2012,03,15,2,9.741010000000001
2012,03,15,3,12.3334
2012,03,15,4,13.846200000000001
2012,03,15,5,12.0709
2012,03,15,6,11.713
2012,03,15,7,12.7452
2012,03,16,0,12.3457
2012,03,16,1,11.344
2012,03,16,2,10.128200000000001
2012,03,16,3,9.8147
2012,03,16,4,9.867280000000001
2012,03,16,5,9.50511
2012,03,16,6,9.16391
2012,03,16,7,9.380040000000001
2012,03,17,0,9.88182
2012,03,17,1,12.761700000000001
2012,03,17,2,14.7898
2012,03,17,3,13.8267
2012,03,17,4,12.412
2012,03,17,5,8.422930000000001
2012,03,17,6,4.904319999999999
2012,03,17,7,5.163399999999999
2012,03,18,0,8.05141
2012,03,18,1,11.193
2012,03,18,2,9.80297
2012,03,18,3,7.51476
2012,03,18,4,7.4047
2012,03,18,5,7.26336
2012,03,18,6,7.96111
2012,03,18,7,10.0615
2012,03,19,0,8.10263
2012,03,19,1,7.04046
2012,03,19,2,7.65173
2012,03,19,3,7.1582
2012,03,19,4,6.5419
2012,03,19,5,5.87854
2012,03,19,6,5.31661
2012,03,19,7,5.28879
2012,03,20,0,5.7645100000000005
2012,03,20,1,5.49279
2012,03,20,2,5.30769
2012,03,20,3,6.1826099999999995
2012,03,20,4,7.217479999999999
2012,03,20,5,7.21059
2012,03,20,6,7.04485
2012,03,20,7,6.571
2012,03,21,0,7.15091
2012,03,21,1,8.74316
2012,03,21,2,9.293280000000001
2012,03,21,3,9.09548
2012,03,21,4,10.5885
2012,03,21,5,11.3412
2012,03,21,6,11.8857
2012,03,21,7,13.0619
2012,03,22,0,13.523700000000002
2012,03,22,1,13.7709
2012,03,22,2,13.637
2012,03,22,3,10.456299999999999
2012,03,22,4,6.89329
2012,03,22,5,6.256939999999999
2012,03,22,6,5.92211
2012,03,22,7,6.05775
2012,03,23,0,6.51703
2012,03,23,1,6.030390000000001
2012,03,23,2,6.59564
2012,03,23,3,7.67462
2012,03,23,4,8.02212
2012,03,23,5,10.2157
2012,03,23,6,10.0515
2012,03,23,7,11.307799999999999
2012,03,24,0,12.288799999999998
2012,03,24,1,13.977799999999998
2012,03,24,2,16.1896
2012,03,24,3,16.9814
2012,03,24,4,17.093
2012,03,24,5,15.0834
2012,03,24,6,14.3801
2012,03,24,7,13.6127
2012,03,25,0,13.734200000000001
2012,03,25,1,13.1782
2012,03,25,2,11.1852
2012,03,25,3,8.97048
2012,03,25,4,8.92866
2012,03,25,5,9.90082
2012,03,25,6,10.1606
2012,03,25,7,11.3841
2012,03,26,0,12.8783
2012,03,26,1,13.7289
2012,03,26,2,13.8789
2012,03,26,3,13.5879
2012,03,26,4,13.4558
2012,03,26,5,13.317200000000001
2012,03,26,6,12.7367
2012,03,26,7,12.4064
2012,03,27,0,11.956
2012,03,27,1,11.3209
2012,03,27,2,10.7998
2012,03,27,3,10.2077
2012,03,27,4,9.78346
2012,03,27,5,10.9749
2012,03,27,6,13.1576
2012,03,27,7,14.436
2012,03,28,0,14.263
2012,03,28,1,13.8638
2012,03,28,2,13.776399999999999
2012,03,28,3,13.248299999999999
2012,03,28,4,13.47
2012,03,28,5,13.116200000000001
2012,03,28,6,12.2364
2012,03,28,7,12.3345
2012,03,29,0,12.2183
2012,03,29,1,11.8862
2012,03,29,2,11.3158
2012,03,29,3,10.81
2012,03,29,4,10.572700000000001
2012,03,29,5,11.3371
2012,03,29,6,11.1648
2012,03,29,7,8.80281
2012,03,30,0,9.27238
2012,03,30,1,9.28097
2012,03,30,2,11.5765
2012,03,30,3,9.46634
2012,03,30,4,7.92893
2012,03,30,5,9.25352
2012,03,30,6,9.63894
2012,03,30,7,8.59226
2012,03,31,0,9.919690000000001
2012,03,31,1,10.3206
2012,03,31,2,9.56793
2012,03,31,3,8.37359
2012,03,31,4,7.41855
2012,03,31,5,7.534470000000001
2012,03,31,6,5.96765
2012,03,31,7,6.1193800000000005
2012,03,1,0,6.43076
2012,03,1,1,6.8413
2012,03,1,2,6.6415
2012,03,1,3,5.440270000000001
2012,03,1,4,5.33707
2012,03,1,5,8.732389999999999
2012,03,1,6,10.890600000000001
2012,03,1,7,8.79457
2012,03,2,0,7.7910699999999995
2012,03,2,1,10.125399999999999
2012,03,2,2,9.70711
2012,03,2,3,7.321
2012,03,2,4,6.87059
2012,03,2,5,7.5493500000000004
2012,03,2,6,8.61357
2012,03,2,7,9.99363
2012,03,3,0,10.354700000000001
2012,03,3,1,10.7949
2012,03,3,2,9.5152
2012,03,3,3,7.98359
2012,03,3,4,8.08802
2012,03,3,5,12.6791
2012,03,3,6,15.7962
2012,03,3,7,16.1844
2012,03,4,0,16.159299999999998
2012,03,4,1,15.5451
2012,03,4,2,15.6238
2012,03,4,3,14.068700000000002
2012,03,4,4,10.3245
2012,03,4,5,12.6099
2012,03,4,6,10.5571
2012,03,4,7,7.57522
2012,03,5,0,6.87113
2012,03,5,1,6.55845
2012,03,5,2,6.535699999999999
2012,03,5,3,6.0222299999999995
2012,03,5,4,5.905939999999999
2012,03,5,5,6.49348
2012,03,5,6,7.67529
2012,03,5,7,9.24492
2012,03,6,0,12.303
2012,03,6,1,14.805399999999999
2012,03,6,2,14.0998
2012,03,6,3,10.083
2012,03,6,4,7.59838
2012,03,6,5,8.63999
2012,03,6,6,8.78322
2012,03,6,7,8.81696
2012,03,7,0,9.53053
2012,03,7,1,11.2354
2012,03,7,2,12.6625
2012,03,7,3,11.1462
2012,03,7,4,10.2811
2012,03,7,5,9.699639999999999
2012,03,7,6,9.76928
2012,03,7,7,10.2083
2012,03,8,0,10.658100000000001
2012,03,8,1,10.6074
2012,03,8,2,10.8585
2012,03,8,3,12.496799999999999
2012,03,8,4,12.8541
2012,03,8,5,11.993
2012,03,8,6,10.8629
2012,03,8,7,8.68626
2012,03,9,0,11.4789
2012,03,9,1,11.6158
2012,03,9,2,9.76252
2012,03,9,3,8.43143
2012,03,9,4,8.32033
2012,03,9,5,5.17765
2012,03,9,6,5.6729899999999995
2012,03,9,7,2.01755
2012,03,10,0,2.3266199999999997
2012,03,10,1,3.17625
2012,03,10,2,3.57589
2012,03,10,3,3.57255
2012,03,10,4,5.637020000000001
2012,03,10,5,6.607609999999999
2012,03,10,6,7.98088
2012,03,10,7,9.58484
2012,03,11,0,8.36345
2012,03,11,1,8.452219999999999
2012,03,11,2,4.7113000000000005
2012,03,11,3,4.88529
2012,03,11,4,6.48766
2012,03,11,5,5.59516
2012,03,11,6,4.9688
2012,03,11,7,5.76133
2012,03,12,0,6.0519
2012,03,12,1,5.63936
2012,03,12,2,5.2044
2012,03,12,3,5.05023
2012,03,12,4,4.79646
2012,03,12,5,5.4706
2012,03,12,6,6.91535
2012,03,12,7,6.86322
2012,03,13,0,6.83212
2012,03,13,1,8.36346
2012,03,13,2,10.947700000000001
2012,03,13,3,10.9065
2012,03,13,4,10.6604
2012,03,13,5,8.78585
2012,03,13,6,7.92999
2012,03,13,7,8.824
2012,03,14,0,11.263200000000001
2012,03,14,1,12.1528
2012,03,14,2,12.444799999999999
2012,03,14,3,11.8525
2012,03,14,4,10.5036
2012,03,14,5,8.91909
2012,03,14,6,6.21651
2012,03,14,7,4.10743
2012,03,15,0,4.86458
2012,03,15,1,4.73288
2012,03,15,2,4.10173
2012,03,15,3,3.67223
2012,03,15,4,3.72246
2012,03,15,5,3.84471
2012,03,15,6,3.74023
2012,03,15,7,3.64677
2012,03,16,0,4.70309
2012,03,16,1,6.3855200000000005
2012,03,16,2,7.05124
2012,03,16,3,8.32922
2012,03,16,4,8.89151
2012,03,16,5,8.33483
2012,03,16,6,8.1487
2012,03,16,7,7.92838
2012,03,17,0,7.83111
2012,03,17,1,7.87284
2012,03,17,2,7.64958
2012,03,17,3,7.44612
2012,03,17,4,6.82883
2012,03,17,5,5.7763100000000005
2012,03,17,6,5.78283
2012,03,17,7,6.04741
2012,03,18,0,5.5272
2012,03,18,1,4.76649
2012,03,18,2,5.32821
2012,03,18,3,6.00696
2012,03,18,4,7.149640000000001
2012,03,18,5,8.16583
2012,03,18,6,8.68217
2012,03,18,7,8.66768
2012,03,19,0,8.08944
2012,03,19,1,7.94043
2012,03,19,2,8.49867
2012,03,19,3,6.40049
2012,03,19,4,5.91787
2012,03,19,5,6.70938
2012,03,19,6,7.374479999999999
2012,03,19,7,9.423459999999999
2012,03,20,0,10.055299999999999
2012,03,20,1,11.5181
2012,03,20,2,13.803600000000001
2012,03,20,3,15.2865
2012,03,20,4,12.8764
2012,03,20,5,12.715399999999999
2012,03,20,6,10.5276
2012,03,20,7,8.47591
2012,03,21,0,9.2079
2012,03,21,1,11.0695
2012,03,21,2,13.491
2012,03,21,3,13.883299999999998
2012,03,21,4,14.084200000000001
2012,03,21,5,14.2615
2012,03,21,6,14.52
2012,03,21,7,14.5125
2012,03,22,0,14.1909
2012,03,22,1,10.5663
2012,03,22,2,10.0443
2012,03,22,3,10.3427
2012,03,22,4,10.5976
2012,03,22,5,11.3234
2012,03,22,6,11.9671
2012,03,22,7,12.5022
2012,03,23,0,12.7917
2012,03,23,1,11.467
2012,03,23,2,7.40859
2012,03,23,3,4.38936
2012,03,23,4,5.2627299999999995
2012,03,23,5,6.92055
2012,03,23,6,7.13058
2012,03,23,7,3.89225
2012,03,24,0,4.66446
2012,03,24,1,5.45931
2012,03,24,2,4.9351899999999995
2012,03,24,3,4.43745
2012,03,24,4,4.43991
2012,03,24,5,4.72834
2012,03,24,6,4.65525
2012,03,24,7,5.50868
2012,03,25,0,5.25815
2012,03,25,1,6.34153
2012,03,25,2,8.9315
2012,03,25,3,10.504700000000001
2012,03,25,4,10.418899999999999
2012,03,25,5,9.88512
2012,03,25,6,9.1095
2012,03,25,7,8.141350000000001
2012,03,26,0,7.09483
2012,03,26,1,6.262770000000001
2012,03,26,2,5.65472
2012,03,26,3,5.6908900000000004
2012,03,26,4,6.52417
2012,03,26,5,7.53142
2012,03,26,6,7.5598
2012,03,26,7,7.2973
2012,03,27,0,7.14382
2012,03,27,1,7.1492700000000005
2012,03,27,2,8.308489999999999
2012,03,27,3,8.64676
2012,03,27,4,9.24476
2012,03,27,5,12.098799999999999
2012,03,27,6,12.030700000000001
2012,03,27,7,5.2701400000000005
2012,03,28,0,8.00005
2012,03,28,1,7.46063
2012,03,28,2,5.79858
2012,03,28,3,5.63962
2012,03,28,4,6.77375
2012,03,28,5,6.67034
2012,03,28,6,6.77559
2012,03,28,7,8.448799999999999
2012,03,29,0,8.67102
2012,03,29,1,7.67786
2012,03,29,2,8.11289
2012,03,29,3,7.38146
2012,03,29,4,7.55327
2012,03,29,5,6.79377
2012,03,29,6,7.4857
2012,03,29,7,8.22184
2012,03,30,0,7.640350000000001
2012,03,30,1,6.73933
2012,03,30,2,6.22704
2012,03,30,3,5.39126
2012,03,30,4,5.07106
2012,03,30,5,6.27194
2012,03,30,6,7.0657700000000006
2012,03,30,7,6.80201
2012,03,31,0,6.15853
2012,03,31,1,5.20159
2012,03,31,2,4.52888
2012,03,31,3,4.71372
2012,03,31,4,5.027270000000001
2012,03,31,5,4.81328
2012,03,31,6,5.61611
2012,03,31,7,6.79017
2012,03,1,0,7.7569300000000005
2012,03,1,1,6.6940100000000005
2012,03,1,2,6.18709
2012,03,1,3,6.668609999999999
2012,03,1,4,6.903779999999999
2012,03,1,5,6.99254
2012,03,1,6,8.01518
2012,03,1,7,9.45981
2012,03,2,0,11.3312
2012,03,2,1,11.029200000000001
2012,03,2,2,11.5092
2012,03,2,3,11.3423
2012,03,2,4,10.2694
2012,03,2,5,8.804219999999999
2012,03,2,6,7.570060000000001
2012,03,2,7,7.75554
2012,03,3,0,7.58658
2012,03,3,1,5.5628400000000005
2012,03,3,2,5.38122
2012,03,3,3,5.27891
2012,03,3,4,4.34393
2012,03,3,5,3.57665
2012,03,3,6,4.9158800000000005
2012,03,3,7,6.3957
2012,03,4,0,8.87346
2012,03,4,1,9.59795
2012,03,4,2,9.3811
2012,03,4,3,9.73
2012,03,4,4,8.373370000000001
2012,03,4,5,6.09965
2012,03,4,6,5.10915
2012,03,4,7,8.14171
2012,03,5,0,8.45017
2012,03,5,1,8.64498
2012,03,5,2,7.45812
2012,03,5,3,7.2373
2012,03,5,4,6.36934
2012,03,5,5,4.29359
2012,03,5,6,3.7242800000000003
2012,03,5,7,4.1851899999999995
2012,03,6,0,6.25018
2012,03,6,1,6.2879700000000005
2012,03,6,2,4.866680000000001
2012,03,6,3,3.53288
2012,03,6,4,3.26588
2012,03,6,5,5.105779999999999
2012,03,6,6,6.915640000000001
2012,03,6,7,8.57063
2012,03,7,0,8.283629999999999
2012,03,7,1,7.487439999999999
2012,03,7,2,7.79309
2012,03,7,3,8.32351
2012,03,7,4,9.915790000000001
2012,03,7,5,7.42563
2012,03,7,6,5.15984
2012,03,7,7,4.4825
2012,03,8,0,6.48558
2012,03,8,1,7.366029999999999
2012,03,8,2,6.786479999999999
2012,03,8,3,6.21078
2012,03,8,4,5.5648100000000005
2012,03,8,5,5.03736
2012,03,8,6,4.83771
2012,03,8,7,4.91296
2012,03,9,0,6.42337
2012,03,9,1,11.180399999999999
2012,03,9,2,14.3941
2012,03,9,3,11.967
2012,03,9,4,10.9185
2012,03,9,5,6.30053
2012,03,9,6,7.43151
2012,03,9,7,11.489799999999999
2012,03,10,0,11.1708
2012,03,10,1,9.89518
2012,03,10,2,10.7843
2012,03,10,3,9.62159
2012,03,10,4,7.68064
2012,03,10,5,6.31951
2012,03,10,6,5.26094
2012,03,10,7,5.38466
2012,03,11,0,5.52285
2012,03,11,1,5.08937
2012,03,11,2,4.65316
2012,03,11,3,4.38346
2012,03,11,4,2.44606
2012,03,11,5,2.45721
2012,03,11,6,2.2313899999999998
2012,03,11,7,3.19495
2012,03,12,0,3.5871999999999997
2012,03,12,1,3.52738
2012,03,12,2,2.7004699999999997
2012,03,12,3,2.41512
2012,03,12,4,3.6014
2012,03,12,5,5.9690900000000005
2012,03,12,6,7.99508
2012,03,12,7,9.19057
2012,03,13,0,9.65704
2012,03,13,1,9.709370000000002
2012,03,13,2,8.130840000000001
2012,03,13,3,6.68247
2012,03,13,4,7.87797
2012,03,13,5,8.88925
2012,03,13,6,10.3672
2012,03,13,7,10.4242
2012,03,14,0,9.56706
2012,03,14,1,6.30092
2012,03,14,2,7.97531
2012,03,14,3,8.162930000000001
2012,03,14,4,8.931899999999999
2012,03,14,5,2.84017
2012,03,14,6,0.979063
2012,03,14,7,2.03557
2012,03,15,0,3.41759
2012,03,15,1,4.31834
2012,03,15,2,5.16017
2012,03,15,3,4.79581
2012,03,15,4,3.5711399999999998
2012,03,15,5,3.62144
2012,03,15,6,4.05942
2012,03,15,7,4.71667
2012,03,16,0,4.36823
2012,03,16,1,4.02567
2012,03,16,2,3.9097399999999998
2012,03,16,3,3.93158
2012,03,16,4,3.89203
2012,03,16,5,5.06238
2012,03,16,6,6.402939999999999
2012,03,16,7,8.00502
2012,03,17,0,9.740350000000001
2012,03,17,1,11.4918
2012,03,17,2,12.1676
2012,03,17,3,12.803600000000001
2012,03,17,4,11.700700000000001
2012,03,17,5,4.16665
2012,03,17,6,3.22368
2012,03,17,7,3.3742199999999998
2012,03,18,0,3.5231399999999997
2012,03,18,1,5.249899999999999
2012,03,18,2,7.93918
2012,03,18,3,12.5136
2012,03,18,4,7.9591199999999995
2012,03,18,5,1.80252
2012,03,18,6,1.4024400000000001
2012,03,18,7,1.70439
2012,03,19,0,2.66675
2012,03,19,1,3.0434099999999997
2012,03,19,2,5.21604
2012,03,19,3,6.6473
2012,03,19,4,9.17034
2012,03,19,5,11.8625
2012,03,19,6,12.8204
2012,03,19,7,14.171299999999999
2012,03,20,0,13.342
2012,03,20,1,11.1816
2012,03,20,2,11.165700000000001
2012,03,20,3,11.440700000000001
2012,03,20,4,11.6663
2012,03,20,5,9.725290000000001
2012,03,20,6,6.26375
2012,03,20,7,5.83775
2012,03,21,0,6.554930000000001
2012,03,21,1,7.03212
2012,03,21,2,7.1871599999999995
2012,03,21,3,6.8824700000000005
2012,03,21,4,6.202
2012,03,21,5,5.85734
2012,03,21,6,6.252470000000001
2012,03,21,7,6.56764
2012,03,22,0,6.81285
2012,03,22,1,7.1179499999999996
2012,03,22,2,7.391970000000001
2012,03,22,3,7.36504
2012,03,22,4,7.26866
2012,03,22,5,6.960529999999999
2012,03,22,6,7.18343
2012,03,22,7,7.34136
2012,03,23,0,7.02767
2012,03,23,1,6.558470000000001
2012,03,23,2,6.32376
2012,03,23,3,6.1549700000000005
2012,03,23,4,5.42249
2012,03,23,5,4.6067
2012,03,23,6,4.53406
2012,03,23,7,4.64625
2012,03,24,0,4.33664
2012,03,24,1,3.88355
2012,03,24,2,3.48686
2012,03,24,3,3.75977
2012,03,24,4,4.227810000000001
2012,03,24,5,7.183649999999999
2012,03,24,6,9.33854
2012,03,24,7,9.45548
2012,03,25,0,11.0533
2012,03,25,1,12.332600000000001
2012,03,25,2,12.6809
2012,03,25,3,12.0373
2012,03,25,4,10.698799999999999
2012,03,25,5,8.60714
2012,03,25,6,6.53857
2012,03,25,7,4.543939999999999
2012,03,26,0,3.1292600000000004
2012,03,26,1,2.7647
2012,03,26,2,2.88259
2012,03,26,3,3.2873699999999997
2012,03,26,4,4.63529
2012,03,26,5,5.99714
2012,03,26,6,5.61412
2012,03,26,7,5.31829
2012,03,27,0,5.85675
2012,03,27,1,4.34303
2012,03,27,2,4.3065
2012,03,27,3,4.37654
2012,03,27,4,4.1582799999999995
2012,03,27,5,4.99911
2012,03,27,6,9.29856
2012,03,27,7,14.4324
2012,03,28,0,14.1606
2012,03,28,1,13.9184
2012,03,28,2,12.7897
2012,03,28,3,12.9895
2012,03,28,4,13.3574
2012,03,28,5,11.6727
2012,03,28,6,10.3765
2012,03,28,7,12.23
2012,03,29,0,13.6301
2012,03,29,1,7.92869
2012,03,29,2,1.16456
2012,03,29,3,1.25415
2012,03,29,4,1.89956
2012,03,29,5,1.7946099999999998
2012,03,29,6,2.80736
2012,03,29,7,3.44333
2012,03,30,0,3.99104
2012,03,30,1,3.20912
2012,03,30,2,3.72546
2012,03,30,3,4.919479999999999
2012,03,30,4,4.7463299999999995
2012,03,30,5,3.4537
2012,03,30,6,2.4074
2012,03,30,7,1.79013
2012,03,1,0,2.9043200000000002
2012,03,1,1,5.27741
2012,03,1,2,7.53118
2012,03,1,3,9.86042
2012,03,1,4,10.985
2012,03,1,5,10.2064
2012,03,1,6,9.21828
2012,03,1,7,7.72708
2012,03,2,0,7.8695200000000005
2012,03,2,1,8.24136
2012,03,2,2,7.6311599999999995
2012,03,2,3,6.50113
2012,03,2,4,5.25554
2012,03,2,5,3.98377
2012,03,2,6,3.54189
2012,03,2,7,3.6363000000000003
2012,03,3,0,3.42559
2012,03,3,1,3.14795
2012,03,3,2,3.0749899999999997
2012,03,3,3,2.88221
2012,03,3,4,2.35569
2012,03,3,5,1.64862
2012,03,3,6,1.3671900000000001
2012,03,3,7,1.94184
2012,03,4,0,2.0699099999999997
2012,03,4,1,2.2785100000000003
2012,03,4,2,2.4274400000000003
2012,03,4,3,2.18292
2012,03,4,4,1.86053
2012,03,4,5,1.45983
2012,03,4,6,1.50704
2012,03,4,7,1.66276
2012,03,5,0,1.82305
2012,03,5,1,2.00044
2012,03,5,2,2.23407
2012,03,5,3,2.64256
2012,03,5,4,3.3124000000000002
2012,03,5,5,5.102930000000001
2012,03,5,6,8.926950000000001
2012,03,5,7,9.79673
2012,03,6,0,8.556959999999998
2012,03,6,1,8.11327
2012,03,6,2,7.118390000000001
2012,03,6,3,6.42143
2012,03,6,4,5.74498
2012,03,6,5,6.59516
2012,03,6,6,7.9703
2012,03,6,7,8.19121
2012,03,7,0,5.973409999999999
2012,03,7,1,4.94517
2012,03,7,2,5.68779
2012,03,7,3,8.26572
2012,03,7,4,8.30891
2012,03,7,5,5.561529999999999
2012,03,7,6,4.44623
2012,03,7,7,4.776479999999999
2012,03,8,0,5.20614
2012,03,8,1,3.94769
2012,03,8,2,4.70445
2012,03,8,3,5.8698999999999995
2012,03,8,4,5.897189999999999
2012,03,8,5,5.990069999999999
2012,03,8,6,6.02416
2012,03,8,7,5.78071
2012,03,9,0,5.4709200000000004
2012,03,9,1,5.70221
2012,03,9,2,6.9855
2012,03,9,3,7.59049
2012,03,9,4,7.56381
2012,03,9,5,8.06601
2012,03,9,6,8.14101
2012,03,9,7,8.57983
2012,03,10,0,8.94868
2012,03,10,1,8.1899
2012,03,10,2,7.30477
2012,03,10,3,6.148029999999999
2012,03,10,4,5.071
2012,03,10,5,3.62525
2012,03,10,6,2.18873
2012,03,10,7,1.24735
2012,03,11,0,1.03425
2012,03,11,1,1.04399
2012,03,11,2,1.1571600000000002
2012,03,11,3,1.85803
2012,03,11,4,3.5675
2012,03,11,5,5.64138
2012,03,11,6,6.4072
2012,03,11,7,6.34638
2012,03,12,0,7.00501
2012,03,12,1,7.1909
2012,03,12,2,7.59346
2012,03,12,3,7.94942
2012,03,12,4,8.20462
2012,03,12,5,8.22051
2012,03,12,6,8.03514
2012,03,12,7,7.93075
2012,03,13,0,8.22471
2012,03,13,1,7.72505
2012,03,13,2,7.0152600000000005
2012,03,13,3,6.75539
2012,03,13,4,6.1531
2012,03,13,5,6.9165600000000005
2012,03,13,6,6.83845
2012,03,13,7,4.05699
2012,03,14,0,3.7929899999999996
2012,03,14,1,3.94234
2012,03,14,2,3.0766799999999996
2012,03,14,3,2.19769
2012,03,14,4,3.07582
2012,03,14,5,8.83909
2012,03,14,6,11.7811
2012,03,14,7,10.2508
2012,03,15,0,2.36224
2012,03,15,1,4.72724
2012,03,15,2,6.350560000000001
2012,03,15,3,5.6904200000000005
2012,03,15,4,4.65675
2012,03,15,5,3.24479
2012,03,15,6,2.81019
2012,03,15,7,2.79921
2012,03,16,0,2.83216
2012,03,16,1,5.08524
2012,03,16,2,8.07783
2012,03,16,3,9.09036
2012,03,16,4,7.18656
2012,03,16,5,4.3652299999999995
2012,03,16,6,5.003909999999999
2012,03,16,7,4.52437
2012,03,17,0,4.0533600000000005
2012,03,17,1,4.125109999999999
2012,03,17,2,4.318239999999999
2012,03,17,3,4.745340000000001
2012,03,17,4,4.66783
2012,03,17,5,3.94076
2012,03,17,6,2.75366
2012,03,17,7,1.98445
2012,03,18,0,1.63555
2012,03,18,1,1.23027
2012,03,18,2,1.6392200000000001
2012,03,18,3,2.5813200000000003
2012,03,18,4,5.80159
2012,03,18,5,5.6895
2012,03,18,6,3.5276300000000003
2012,03,18,7,2.8775
2012,03,19,0,3.89533
2012,03,19,1,5.32974
2012,03,19,2,7.37358
2012,03,19,3,8.02256
2012,03,19,4,7.59335
2012,03,19,5,7.10601
2012,03,19,6,7.01337
2012,03,19,7,6.50708
2012,03,20,0,5.33492
2012,03,20,1,4.15651
2012,03,20,2,3.32127
2012,03,20,3,2.8646
2012,03,20,4,2.7721
2012,03,20,5,2.84742
2012,03,20,6,2.88254
2012,03,20,7,2.7559699999999996
2012,03,21,0,2.49591
2012,03,21,1,2.53454
2012,03,21,2,2.5215500000000004
2012,03,21,3,2.45613
2012,03,21,4,2.35112
2012,03,21,5,2.45128
2012,03,21,6,2.53763
2012,03,21,7,2.47986
2012,03,22,0,2.4479699999999998
2012,03,22,1,2.62045
2012,03,22,2,2.67205
2012,03,22,3,2.74327
2012,03,22,4,2.8555900000000003
2012,03,22,5,2.99641
2012,03,22,6,3.04733
2012,03,22,7,2.9861
2012,03,23,0,2.99452
2012,03,23,1,2.9980100000000003
2012,03,23,2,2.95013
2012,03,23,3,2.69716
2012,03,23,4,2.31834
2012,03,23,5,2.2135700000000003
2012,03,23,6,1.89277
2012,03,23,7,1.7363199999999999
2012,03,24,0,1.78671
2012,03,24,1,1.75084
2012,03,24,2,1.87848
2012,03,24,3,2.0232200000000002
2012,03,24,4,2.16952
2012,03,24,5,2.17848
2012,03,24,6,2.08259
2012,03,24,7,2.03965
2012,03,25,0,1.99656
2012,03,25,1,1.9868
2012,03,25,2,1.88599
2012,03,25,3,1.8076400000000001
2012,03,25,4,1.8765699999999998
2012,03,25,5,1.86947
2012,03,25,6,1.7755999999999998
2012,03,25,7,1.67007
2012,03,26,0,1.64173
2012,03,26,1,1.7833599999999998
2012,03,26,2,1.83
2012,03,26,3,1.80851
2012,03,26,4,1.7532699999999999
2012,03,26,5,1.7209400000000001
2012,03,26,6,1.6153199999999999
2012,03,26,7,1.5744500000000001
2012,03,27,0,1.61646
2012,03,27,1,1.6378199999999998
2012,03,27,2,1.72665
2012,03,27,3,1.83287
2012,03,27,4,2.02125
2012,03,27,5,2.17808
2012,03,27,6,2.1993
2012,03,27,7,2.44102
2012,03,28,0,2.7901
2012,03,28,1,3.0488299999999997
2012,03,28,2,3.18035
2012,03,28,3,3.3494099999999998
2012,03,28,4,3.57059
2012,03,28,5,3.55334
2012,03,28,6,2.72777
2012,03,28,7,1.99821
2012,03,29,0,1.6551900000000002
2012,03,29,1,1.23477
2012,03,29,2,1.72958
2012,03,29,3,2.7810799999999998
2012,03,29,4,3.36081
2012,03,29,5,3.61409
2012,03,29,6,3.7839699999999996
2012,03,29,7,4.03336
2012,03,30,0,4.24611
2012,03,30,1,4.339810000000001
2012,03,30,2,4.2899899999999995
2012,03,30,3,4.2406999999999995
2012,03,30,4,2.6189
2012,03,30,5,1.7343499999999998
2012,03,30,6,1.4332
2012,03,30,7,1.14705
2012,03,31,0,1.06558
2012,03,31,1,0.8911319999999999
2012,03,31,2,0.76548
2012,03,31,3,1.1227
2012,03,31,4,1.35714
2012,03,31,5,1.41859
2012,03,31,6,1.39736
2012,03,31,7,1.7249
2012,03,1,0,2.93362
2012,03,1,1,5.15012
2012,03,1,2,7.43744
2012,03,1,3,7.84922
2012,03,1,4,7.66338
2012,03,1,5,7.51253
2012,03,1,6,6.97504
2012,03,1,7,5.76593
2012,03,2,0,4.05279
2012,03,2,1,3.48231
2012,03,2,2,3.28262
2012,03,2,3,2.6569499999999997
2012,03,2,4,1.73237
2012,03,2,5,1.466
2012,03,2,6,1.63282
2012,03,2,7,2.31482
2012,03,3,0,3.67997
2012,03,3,1,4.15386
2012,03,3,2,4.84797
2012,03,3,3,5.2804899999999995
2012,03,3,4,5.19676
2012,03,3,5,6.71807
2012,03,3,6,7.46995
2012,03,3,7,7.0640600000000004
2012,03,4,0,4.86576
2012,03,4,1,2.04694
2012,03,4,2,2.15794
2012,03,4,3,2.90835
2012,03,4,4,2.4437399999999996
2012,03,4,5,3.01592
2012,03,4,6,5.96254
2012,03,4,7,9.45399
2012,03,5,0,12.6458
2012,03,5,1,8.06577
2012,03,5,2,1.29233
2012,03,5,3,2.3903000000000003
2012,03,5,4,3.97459
2012,03,5,5,4.683649999999999
2012,03,5,6,4.68764
2012,03,5,7,4.397399999999999
2012,03,6,0,3.51431
2012,03,6,1,2.85637
2012,03,6,2,2.46312
2012,03,6,3,1.98802
2012,03,6,4,1.7927899999999999
2012,03,6,5,2.1070900000000004
2012,03,6,6,2.0645
2012,03,6,7,1.8693199999999999
2012,03,7,0,2.0384100000000003
2012,03,7,1,2.44863
2012,03,7,2,2.80747
2012,03,7,3,2.83157
2012,03,7,4,2.65503
2012,03,7,5,2.35812
2012,03,7,6,1.9441199999999998
2012,03,7,7,1.58878
2012,03,8,0,1.77625
2012,03,8,1,2.04411
2012,03,8,2,2.32599
2012,03,8,3,2.51339
2012,03,8,4,2.57858
2012,03,8,5,2.63556
2012,03,8,6,2.55925
2012,03,8,7,2.41377
2012,03,9,0,2.29712
2012,03,9,1,2.23286
2012,03,9,2,2.16754
2012,03,9,3,2.1429699999999996
2012,03,9,4,2.1382399999999997
2012,03,9,5,2.11356
2012,03,9,6,2.1808
2012,03,9,7,2.28282
2012,03,10,0,2.33866
2012,03,10,1,2.31204
2012,03,10,2,2.17992
2012,03,10,3,2.0443599999999997
2012,03,10,4,1.8060999999999998
2012,03,10,5,1.57422
2012,03,10,6,1.40015
2012,03,10,7,1.34321
2012,03,11,0,1.6575199999999999
2012,03,11,1,2.2776799999999997
2012,03,11,2,2.9015
2012,03,11,3,3.45667
2012,03,11,4,4.25699
2012,03,11,5,5.08679
2012,03,11,6,5.02343
2012,03,11,7,5.56938
2012,03,12,0,4.45284
2012,03,12,1,4.3326899999999995
2012,03,12,2,4.62784
2012,03,12,3,5.05295
2012,03,12,4,5.15695
2012,03,12,5,5.1081
2012,03,12,6,4.9685
2012,03,12,7,4.78208
2012,03,13,0,4.322010000000001
2012,03,13,1,4.04708
2012,03,13,2,4.15973
2012,03,13,3,4.13222
2012,03,13,4,4.18666
2012,03,13,5,4.12128
2012,03,13,6,4.03273
2012,03,13,7,4.04242
2012,03,14,0,4.00977
2012,03,14,1,3.8912
2012,03,14,2,3.26036
2012,03,14,3,3.8246700000000002
2012,03,14,4,2.66865
2012,03,14,5,1.85094
2012,03,14,6,2.48861
2012,03,14,7,4.82685
2012,03,15,0,5.5841400000000005
2012,03,15,1,5.326779999999999
2012,03,15,2,4.9333599999999995
2012,03,15,3,3.93565
2012,03,15,4,3.57107
2012,03,15,5,5.045
2012,03,15,6,3.61842
2012,03,15,7,2.59579
2012,03,16,0,2.98995
2012,03,16,1,4.29317
2012,03,16,2,5.29761
2012,03,16,3,5.56134
2012,03,16,4,4.9155
2012,03,16,5,4.37786
2012,03,16,6,4.265560000000001
2012,03,16,7,4.0216
2012,03,17,0,4.85503
2012,03,17,1,4.8318900000000005
2012,03,17,2,3.79229
2012,03,17,3,3.03939
2012,03,17,4,3.7022600000000003
2012,03,17,5,3.78662
2012,03,17,6,6.03508
2012,03,17,7,5.89259
2012,03,18,0,6.2966999999999995
2012,03,18,1,7.32316
2012,03,18,2,7.33753
2012,03,18,3,5.01823
2012,03,18,4,3.00871
2012,03,18,5,2.8532800000000003
2012,03,18,6,2.70473
2012,03,18,7,2.86377
2012,03,19,0,2.9882
2012,03,19,1,1.89272
2012,03,19,2,3.0726199999999997
2012,03,19,3,3.48743
2012,03,19,4,4.5145
2012,03,19,5,4.79836
2012,03,19,6,4.30205
2012,03,19,7,3.54348
2012,03,20,0,4.3396300000000005
2012,03,20,1,4.61932
2012,03,20,2,5.23034
2012,03,20,3,4.4850200000000005
2012,03,20,4,3.93416
2012,03,20,5,3.59621
2012,03,20,6,3.16594
2012,03,20,7,2.4837
2012,03,21,0,2.11613
2012,03,21,1,1.9253399999999998
2012,03,21,2,1.76669
2012,03,21,3,2.70614
2012,03,21,4,3.58199
2012,03,21,5,3.6052
2012,03,21,6,3.02427
2012,03,21,7,2.64548
2012,03,22,0,3.0342
2012,03,22,1,2.94847
2012,03,22,2,2.39848
2012,03,22,3,2.14052
2012,03,22,4,2.10855
2012,03,22,5,1.78294
2012,03,22,6,1.47964
2012,03,22,7,1.39213
2012,03,23,0,1.35864
2012,03,23,1,1.76132
2012,03,23,2,3.0632800000000002
2012,03,23,3,4.74754
2012,03,23,4,6.30971
2012,03,23,5,6.119479999999999
2012,03,23,6,5.12237
2012,03,23,7,4.2024300000000006
2012,03,24,0,3.1768899999999998
2012,03,24,1,2.4315700000000002
2012,03,24,2,2.47337
2012,03,24,3,2.29166
2012,03,24,4,2.79361
2012,03,24,5,2.77856
2012,03,24,6,2.55988
2012,03,24,7,2.56818
2012,03,25,0,2.9004499999999998
2012,03,25,1,3.055
2012,03,25,2,3.01743
2012,03,25,3,2.9841599999999997
2012,03,25,4,2.9598400000000002
2012,03,25,5,2.9714899999999997
2012,03,25,6,2.83269
2012,03,25,7,2.9880500000000003
2012,03,26,0,2.6451
2012,03,26,1,2.5318400000000003
2012,03,26,2,2.54786
2012,03,26,3,2.55949
2012,03,26,4,2.71249
2012,03,26,5,2.91329
2012,03,26,6,2.9170599999999998
2012,03,26,7,2.73622
2012,03,27,0,2.12361
2012,03,27,1,1.2186400000000002
2012,03,27,2,0.798085
2012,03,27,3,0.717942
2012,03,27,4,0.729698
2012,03,27,5,0.942111
2012,03,27,6,1.203
2012,03,27,7,1.27328
2012,03,28,0,1.53651
2012,03,28,1,1.80898
2012,03,28,2,2.37452
2012,03,28,3,3.56514
2012,03,28,4,4.07609
2012,03,28,5,4.02208
2012,03,28,6,4.026590000000001
2012,03,28,7,4.2415
2012,03,29,0,4.41443
2012,03,29,1,4.52396
2012,03,29,2,4.57747
2012,03,29,3,4.70205
2012,03,29,4,5.22483
2012,03,29,5,5.52331
2012,03,29,6,5.80324
2012,03,29,7,6.17869
2012,03,30,0,6.49583
2012,03,30,1,6.72373
2012,03,30,2,6.31693
2012,03,30,3,5.84276
2012,03,30,4,4.59882
2012,03,30,5,4.3046999999999995
2012,03,30,6,4.64973
2012,03,30,7,4.78142
2012,03,1,0,4.82304
2012,03,1,1,5.05962
2012,03,1,2,5.15496
2012,03,1,3,5.23275
2012,03,1,4,4.62207
2012,03,1,5,4.40993
2012,03,1,6,5.52082
2012,03,1,7,5.37016
2012,03,2,0,5.4816899999999995
2012,03,2,1,5.41721
2012,03,2,2,4.82632
2012,03,2,3,3.48343
2012,03,2,4,4.320600000000001
2012,03,2,5,3.83129
2012,03,2,6,3.12675
2012,03,2,7,3.66647
2012,03,3,0,4.26795
2012,03,3,1,4.564100000000001
2012,03,3,2,4.35237
2012,03,3,3,3.52404
2012,03,3,4,3.54815
2012,03,3,5,2.92169
2012,03,3,6,3.20462
2012,03,3,7,3.77806
2012,03,4,0,2.3599
2012,03,4,1,2.81738
2012,03,4,2,2.42484
2012,03,4,3,2.4736700000000003
2012,03,4,4,2.58685
2012,03,4,5,3.31761
2012,03,4,6,5.2121
2012,03,4,7,5.383
2012,03,5,0,3.65682
2012,03,5,1,1.7705899999999999
2012,03,5,2,1.83235
2012,03,5,3,2.01641
2012,03,5,4,1.514
2012,03,5,5,0.9521900000000001
2012,03,5,6,1.1361400000000001
2012,03,5,7,1.44855
2012,03,6,0,2.14308
2012,03,6,1,1.92377
2012,03,6,2,1.74224
2012,03,6,3,1.66341
2012,03,6,4,2.20429
2012,03,6,5,2.45287
2012,03,6,6,2.36624
2012,03,6,7,2.07216
2012,03,7,0,1.8673
2012,03,7,1,1.72424
2012,03,7,2,1.56126
2012,03,7,3,1.63886
2012,03,7,4,1.89608
2012,03,7,5,2.0868
2012,03,7,6,2.1086
2012,03,7,7,2.1614299999999997
2012,03,8,0,2.13553
2012,03,8,1,1.8858599999999999
2012,03,8,2,1.61602
2012,03,8,3,1.523
2012,03,8,4,1.34227
2012,03,8,5,1.2056099999999998
2012,03,8,6,1.17175
2012,03,8,7,1.30464
2012,03,9,0,1.37796
2012,03,9,1,1.31278
2012,03,9,2,1.39897
2012,03,9,3,1.5791199999999999
2012,03,9,4,2.1946
2012,03,9,5,3.0086399999999998
2012,03,9,6,3.5932399999999998
2012,03,9,7,3.93991
2012,03,10,0,3.3741999999999996
2012,03,10,1,2.7463200000000003
2012,03,10,2,2.43344
2012,03,10,3,2.80652
2012,03,10,4,2.8561300000000003
2012,03,10,5,2.62985
2012,03,10,6,2.95998
2012,03,10,7,3.13629
2012,03,11,0,3.0729699999999998
2012,03,11,1,3.3881300000000003
2012,03,11,2,4.397270000000001
2012,03,11,3,4.88437
2012,03,11,4,4.48076
2012,03,11,5,4.07934
2012,03,11,6,3.80527
2012,03,11,7,3.7200300000000004
2012,03,12,0,3.5204400000000002
2012,03,12,1,3.12968
2012,03,12,2,2.79725
2012,03,12,3,2.6212
2012,03,12,4,2.67489
2012,03,12,5,2.50082
2012,03,12,6,1.84524
2012,03,12,7,1.3218599999999998
2012,03,13,0,1.73866
2012,03,13,1,2.71933
2012,03,13,2,2.89277
2012,03,13,3,5.0365
2012,03,13,4,6.37983
2012,03,13,5,5.66937
2012,03,13,6,5.29383
2012,03,13,7,6.10684
2012,03,14,0,4.933020000000001
2012,03,14,1,3.6636100000000003
2012,03,14,2,3.66914
2012,03,14,3,2.54424
2012,03,14,4,1.82128
2012,03,14,5,1.93974
2012,03,14,6,2.19544
2012,03,14,7,2.23081
2012,03,15,0,1.77718
2012,03,15,1,1.34286
2012,03,15,2,1.18602
2012,03,15,3,1.6402999999999999
2012,03,15,4,2.42962
2012,03,15,5,3.20405
2012,03,15,6,3.64667
2012,03,15,7,3.3851799999999996
2012,03,16,0,3.6632
2012,03,16,1,3.4344
2012,03,16,2,3.2051100000000003
2012,03,16,3,3.3170100000000002
2012,03,16,4,3.18424
2012,03,16,5,1.52367
2012,03,16,6,1.40603
2012,03,16,7,1.4068800000000001
2012,03,17,0,1.5697
2012,03,17,1,1.76884
2012,03,17,2,1.5931199999999999
2012,03,17,3,1.2749300000000001
2012,03,17,4,1.25878
2012,03,17,5,1.44895
2012,03,17,6,1.96519
2012,03,17,7,2.55437
2012,03,18,0,2.72672
2012,03,18,1,2.67869
2012,03,18,2,2.5767399999999996
2012,03,18,3,2.55348
2012,03,18,4,2.57826
2012,03,18,5,2.53953
2012,03,18,6,2.22497
2012,03,18,7,1.5885799999999999
2012,03,19,0,1.18866
2012,03,19,1,0.852722
2012,03,19,2,1.05578
2012,03,19,3,1.41312
2012,03,19,4,1.56632
2012,03,19,5,1.909
2012,03,19,6,1.92808
2012,03,19,7,1.7940999999999998
2012,03,20,0,2.0780100000000004
2012,03,20,1,2.50777
2012,03,20,2,2.65036
2012,03,20,3,3.74006
2012,03,20,4,3.5828200000000003
2012,03,20,5,3.1042199999999998
2012,03,20,6,3.2124
2012,03,20,7,3.17554
2012,03,21,0,3.14193
2012,03,21,1,3.16566
2012,03,21,2,3.0704000000000002
2012,03,21,3,2.90008
2012,03,21,4,2.7055700000000003
2012,03,21,5,2.28813
2012,03,21,6,2.28618
2012,03,21,7,2.09857
2012,03,22,0,1.59098
2012,03,22,1,1.5328
2012,03,22,2,1.55199
2012,03,22,3,1.4453
2012,03,22,4,1.51607
2012,03,22,5,1.89925
2012,03,22,6,2.09703
2012,03,22,7,1.9325999999999999
2012,03,23,0,2.08642
2012,03,23,1,2.03276
2012,03,23,2,2.74323
2012,03,23,3,2.3938699999999997
2012,03,23,4,2.70102
2012,03,23,5,2.7089000000000003
2012,03,23,6,2.76685
2012,03,23,7,2.43431
2012,03,24,0,2.39584
2012,03,24,1,2.2311799999999997
2012,03,24,2,2.12028
2012,03,24,3,2.06652
2012,03,24,4,1.97544
2012,03,24,5,1.97301
2012,03,24,6,1.94578
2012,03,24,7,1.85809
2012,03,25,0,1.7481600000000002
2012,03,25,1,1.71633
2012,03,25,2,1.5494700000000001
2012,03,25,3,1.45541
2012,03,25,4,1.37781
2012,03,25,5,1.30146
2012,03,25,6,1.2249700000000001
2012,03,25,7,1.2059600000000001
2012,03,26,0,1.25633
2012,03,26,1,1.20693
2012,03,26,2,1.23852
2012,03,26,3,1.2711700000000001
2012,03,26,4,1.30021
2012,03,26,5,1.34095
2012,03,26,6,1.4717
2012,03,26,7,1.5714000000000001
2012,03,27,0,1.5027000000000001
2012,03,27,1,1.44689
2012,03,27,2,1.41729
2012,03,27,3,1.37134
2012,03,27,4,1.3403800000000001
2012,03,27,5,1.32205
2012,03,27,6,1.21295
2012,03,27,7,1.13486
2012,03,28,0,0.892473
2012,03,28,1,0.958518
2012,03,28,2,1.15247
2012,03,28,3,1.4398
2012,03,28,4,2.4772
2012,03,28,5,4.48079
2012,03,28,6,4.78205
2012,03,28,7,4.43379
2012,03,29,0,3.9994899999999998
2012,03,29,1,3.59975
2012,03,29,2,3.58061
2012,03,29,3,3.21763
2012,03,29,4,3.24901
2012,03,29,5,2.93458
2012,03,29,6,2.35052
2012,03,29,7,2.8266799999999996
2012,03,30,0,3.1865900000000003
2012,03,30,1,2.92069
2012,03,30,2,3.03453
2012,03,30,3,2.82175
2012,03,30,4,2.90205
2012,03,30,5,3.15601
2012,03,30,6,3.0213
2012,03,30,7,3.7346999999999997
2012,03,31,0,5.6018
2012,03,31,1,5.9411700000000005
2012,03,31,2,6.10792
2012,03,31,3,6.28383
2012,03,31,4,6.6346300000000005
2012,03,31,5,6.97305
2012,03,31,6,6.9375
2012,03,31,7,4.48396
2013,03,1,0,3.1390599999999997
2013,03,1,1,2.4730100000000004
2013,03,1,2,3.4649099999999997
2013,03,1,3,1.60175
2013,03,1,4,2.40068
2013,03,1,5,2.8701399999999997
2013,03,1,6,1.95954
2013,03,1,7,1.46697
2013,03,2,0,1.98676
2013,03,2,1,3.48008
2013,03,2,2,4.707140000000001
2013,03,2,3,4.34525
2013,03,2,4,3.26607
2013,03,2,5,1.95783
2013,03,2,6,2.58087
2013,03,2,7,2.2771500000000002
2013,03,3,0,3.55414
2013,03,3,1,6.39157
2013,03,3,2,7.23384
2013,03,3,3,7.1098
2013,03,3,4,6.73063
2013,03,3,5,5.72393
2013,03,3,6,5.0768699999999995
2013,03,3,7,4.98177
2013,03,4,0,4.64683
2013,03,4,1,4.70856
2013,03,4,2,4.0866
2013,03,4,3,3.8609299999999998
2013,03,4,4,3.9047199999999997
2013,03,4,5,3.43789
2013,03,4,6,3.49698
2013,03,4,7,4.23864
2013,03,5,0,3.94442
2013,03,5,1,3.1327
2013,03,5,2,2.07351
2013,03,5,3,1.6385699999999999
2013,03,5,4,1.4721300000000002
2013,03,5,5,1.7294800000000001
2013,03,5,6,2.32496
2013,03,5,7,3.12827
2013,03,6,0,4.681640000000001
2013,03,6,1,5.59387
2013,03,6,2,5.42284
2013,03,6,3,4.69849
2013,03,6,4,3.49532
2013,03,6,5,2.1824
2013,03,6,6,1.98474
2013,03,6,7,2.00685
2013,03,7,0,2.29954
2013,03,7,1,3.18488
2013,03,7,2,2.6420500000000002
2013,03,7,3,1.67186
2013,03,7,4,1.0196399999999999
2013,03,7,5,1.54848
2013,03,7,6,3.61959
2013,03,7,7,5.06942
2013,03,8,0,4.65843
2013,03,8,1,4.07982
2013,03,8,2,3.5692600000000003
2013,03,8,3,3.10455
2013,03,8,4,2.90814
2013,03,8,5,2.75871
2013,03,8,6,2.4129699999999996
2013,03,8,7,2.24832
2013,03,9,0,1.7919
2013,03,9,1,1.24671
2013,03,9,2,1.10552
2013,03,9,3,1.6057000000000001
2013,03,9,4,1.94282
2013,03,9,5,2.1029400000000003
2013,03,9,6,2.15173
2013,03,9,7,1.9743199999999999
2013,03,10,0,1.83134
2013,03,10,1,1.80916
2013,03,10,2,1.71526
2013,03,10,3,1.59926
2013,03,10,4,1.63502
2013,03,10,5,1.62659
2013,03,10,6,1.50057
2013,03,10,7,1.35426
2013,03,11,0,1.14757
2013,03,11,1,0.967939
2013,03,11,2,0.945846
2013,03,11,3,0.90579
2013,03,11,4,0.8154
2013,03,11,5,0.656537
2013,03,11,6,0.7561180000000001
2013,03,11,7,1.48447
2013,03,12,0,2.10979
2013,03,12,1,1.8158699999999999
2013,03,12,2,1.74074
2013,03,12,3,1.4889700000000001
2013,03,12,4,1.3003099999999999
2013,03,12,5,1.5549600000000001
2013,03,12,6,1.97258
2013,03,12,7,2.24714
2013,03,13,0,1.99441
2013,03,13,1,1.74348
2013,03,13,2,1.6869100000000001
2013,03,13,3,1.82486
2013,03,13,4,1.84603
2013,03,13,5,1.90906
2013,03,13,6,2.53769
2013,03,13,7,3.26747
2013,03,14,0,3.94543
2013,03,14,1,4.830100000000001
2013,03,14,2,6.18682
2013,03,14,3,7.43936
2013,03,14,4,8.29266
2013,03,14,5,8.576379999999999
2013,03,14,6,8.90373
2013,03,14,7,8.989889999999999
2013,03,15,0,8.822719999999999
2013,03,15,1,9.421629999999999
2013,03,15,2,9.70896
2013,03,15,3,9.12358
2013,03,15,4,8.3427
2013,03,15,5,7.8938500000000005
2013,03,15,6,7.779520000000001
2013,03,15,7,7.22066
2013,03,16,0,6.54451
2013,03,16,1,5.250979999999999
2013,03,16,2,5.18266
2013,03,16,3,4.04067
2013,03,16,4,2.9107399999999997
2013,03,16,5,2.17201
2013,03,16,6,2.24425
2013,03,16,7,3.17894
2013,03,17,0,3.334
2013,03,17,1,3.49695
2013,03,17,2,4.110180000000001
2013,03,17,3,5.07273
2013,03,17,4,5.7662700000000005
2013,03,17,5,6.34879
2013,03,17,6,5.42765
2013,03,17,7,5.5738900000000005
2013,03,18,0,4.24287
2013,03,18,1,4.2998400000000006
2013,03,18,2,5.54378
2013,03,18,3,5.33422
2013,03,18,4,4.2756099999999995
2013,03,18,5,3.01545
2013,03,18,6,2.58118
2013,03,18,7,2.0301199999999997
2013,03,19,0,1.61168
2013,03,19,1,1.53456
2013,03,19,2,1.8200999999999998
2013,03,19,3,2.2268499999999998
2013,03,19,4,2.70934
2013,03,19,5,3.16379
2013,03,19,6,3.2749
2013,03,19,7,2.77671
2013,03,20,0,1.53403
2013,03,20,1,0.586475
2013,03,20,2,0.7044349999999999
2013,03,20,3,1.1396099999999998
2013,03,20,4,1.54952
2013,03,20,5,1.95573
2013,03,20,6,2.26275
2013,03,20,7,3.08244
2013,03,21,0,4.6678500000000005
2013,03,21,1,5.97174
2013,03,21,2,6.92186
2013,03,21,3,7.19971
2013,03,21,4,7.41385
2013,03,21,5,7.74725
2013,03,21,6,7.6685799999999995
2013,03,21,7,7.05429
2013,03,22,0,7.43656
2013,03,22,1,7.1728000000000005
2013,03,22,2,6.93759
2013,03,22,3,6.88985
2013,03,22,4,6.53186
2013,03,22,5,6.19454
2013,03,22,6,5.9741
2013,03,22,7,5.87676
2013,03,23,0,5.6353100000000005
2013,03,23,1,4.90424
2013,03,23,2,4.56245
2013,03,23,3,4.7253
2013,03,23,4,4.9783100000000005
2013,03,23,5,6.5050799999999995
2013,03,23,6,6.715649999999999
2013,03,23,7,6.24889
2013,03,24,0,5.78269
2013,03,24,1,5.41212
2013,03,24,2,4.899970000000001
2013,03,24,3,4.164
2013,03,24,4,2.3341999999999996
2013,03,24,5,2.1574299999999997
2013,03,24,6,2.3813400000000002
2013,03,24,7,2.08811
2013,03,25,0,2.19531
2013,03,25,1,2.33173
2013,03,25,2,2.95865
2013,03,25,3,4.328939999999999
2013,03,25,4,4.05907
2013,03,25,5,3.47532
2013,03,25,6,3.30641
2013,03,25,7,3.17867
2013,03,26,0,2.67411
2013,03,26,1,2.6364099999999997
2013,03,26,2,3.13398
2013,03,26,3,2.95559
2013,03,26,4,2.7033899999999997
2013,03,26,5,2.3341999999999996
2013,03,26,6,2.6636599999999997
2013,03,26,7,2.71318
2013,03,27,0,2.5046
2013,03,27,1,2.4286
2013,03,27,2,2.71775
2013,03,27,3,2.5474200000000002
2013,03,27,4,2.33476
2013,03,27,5,2.7958600000000002
2013,03,27,6,3.17194
2013,03,27,7,2.9595100000000003
2013,03,28,0,2.77466
2013,03,28,1,2.69267
2013,03,28,2,2.36644
2013,03,28,3,2.05441
2013,03,28,4,2.24689
2013,03,28,5,1.91744
2013,03,28,6,1.53092
2013,03,28,7,1.40145
2013,03,29,0,1.15253
2013,03,29,1,0.946681
2013,03,29,2,0.91051
2013,03,29,3,0.965529
2013,03,29,4,1.0634700000000001
2013,03,29,5,1.27402
2013,03,29,6,2.0471500000000002
2013,03,29,7,3.09992
2013,03,30,0,3.0745
2013,03,30,1,3.71764
2013,03,30,2,3.77023
2013,03,30,3,3.60455
2013,03,30,4,3.56398
2013,03,30,5,3.53618
2013,03,30,6,3.11408
2013,03,30,7,3.46367
2013,03,31,0,3.78666
2013,03,31,1,3.80599
2013,03,31,2,3.68552
2013,03,31,3,3.78895
2013,03,31,4,4.14651
2013,03,31,5,4.78442
2013,03,31,6,5.50241
2013,03,31,7,5.63046
2013,03,1,0,5.304390000000001
2013,03,1,1,4.75557
2013,03,1,2,4.59403
2013,03,1,3,4.440300000000001
2013,03,1,4,4.30798
2013,03,1,5,3.73697
2013,03,1,6,3.67954
2013,03,1,7,3.04119
2013,03,2,0,2.22449
2013,03,2,1,2.7233
2013,03,2,2,1.8970799999999999
2013,03,2,3,1.72263
2013,03,2,4,2.8505
2013,03,2,5,4.67909
2013,03,2,6,5.70622
2013,03,2,7,5.83577
2013,03,3,0,4.6936599999999995
2013,03,3,1,4.13446
2013,03,3,2,4.47296
2013,03,3,3,4.17324
2013,03,3,4,3.33606
2013,03,3,5,3.29892
2013,03,3,6,3.23013
2013,03,3,7,3.55829
2013,03,4,0,4.318989999999999
2013,03,4,1,4.360060000000001
2013,03,4,2,4.21081
2013,03,4,3,3.33629
2013,03,4,4,1.46908
2013,03,4,5,2.0755500000000002
2013,03,4,6,1.6482
2013,03,4,7,1.23424
2013,03,5,0,1.05459
2013,03,5,1,1.26642
2013,03,5,2,1.2198900000000001
2013,03,5,3,1.07422
2013,03,5,4,1.12878
2013,03,5,5,1.36086
2013,03,5,6,1.9061400000000002
2013,03,5,7,2.6022600000000002
2013,03,6,0,3.0428800000000003
2013,03,6,1,3.3355
2013,03,6,2,3.4870300000000003
2013,03,6,3,3.51722
2013,03,6,4,3.29413
2013,03,6,5,3.1816799999999996
2013,03,6,6,3.53023
2013,03,6,7,2.99655
2013,03,7,0,2.7777399999999997
2013,03,7,1,2.51027
2013,03,7,2,2.19511
2013,03,7,3,2.02461
2013,03,7,4,1.9446400000000001
2013,03,7,5,1.98225
2013,03,7,6,2.10708
2013,03,7,7,2.89676
2013,03,8,0,3.21553
2013,03,8,1,3.09497
2013,03,8,2,3.03191
2013,03,8,3,2.13368
2013,03,8,4,2.22029
2013,03,8,5,2.81093
2013,03,8,6,3.83411
2013,03,8,7,4.68758
2013,03,9,0,5.30237
2013,03,9,1,4.89825
2013,03,9,2,4.54691
2013,03,9,3,3.99169
2013,03,9,4,2.77098
2013,03,9,5,1.6893900000000002
2013,03,9,6,1.94332
2013,03,9,7,1.89723
2013,03,10,0,1.96473
2013,03,10,1,2.36192
2013,03,10,2,3.0204899999999997
2013,03,10,3,3.6934299999999998
2013,03,10,4,4.281689999999999
2013,03,10,5,5.22804
2013,03,10,6,4.542260000000001
2013,03,10,7,2.1835500000000003
2013,03,11,0,1.74892
2013,03,11,1,5.28461
2013,03,11,2,2.0748800000000003
2013,03,11,3,1.6134300000000001
2013,03,11,4,2.88465
2013,03,11,5,3.4608000000000003
2013,03,11,6,3.95093
2013,03,11,7,3.87081
2013,03,12,0,3.78521
2013,03,12,1,3.50009
2013,03,12,2,3.64824
2013,03,12,3,3.81729
2013,03,12,4,4.01149
2013,03,12,5,4.19323
2013,03,12,6,4.15285
2013,03,12,7,3.9534499999999997
2013,03,13,0,4.00031
2013,03,13,1,3.96717
2013,03,13,2,3.80881
2013,03,13,3,3.04824
2013,03,13,4,2.7998000000000003
2013,03,13,5,1.48744
2013,03,13,6,1.35978
2013,03,13,7,1.0365499999999999
2013,03,14,0,1.1760599999999999
2013,03,14,1,0.858653
2013,03,14,2,1.07656
2013,03,14,3,1.35419
2013,03,14,4,1.4488599999999998
2013,03,14,5,1.48727
2013,03,14,6,1.78135
2013,03,14,7,2.24778
2013,03,15,0,2.52045
2013,03,15,1,3.3128
2013,03,15,2,5.09143
2013,03,15,3,6.74559
2013,03,15,4,6.35865
2013,03,15,5,6.315600000000001
2013,03,15,6,6.20852
2013,03,15,7,5.775399999999999
2013,03,16,0,5.4176899999999995
2013,03,16,1,6.02118
2013,03,16,2,4.6151800000000005
2013,03,16,3,3.14262
2013,03,16,4,2.29248
2013,03,16,5,3.40526
2013,03,16,6,3.5826100000000003
2013,03,16,7,3.53696
2013,03,17,0,3.83455
2013,03,17,1,3.55159
2013,03,17,2,2.44388
2013,03,17,3,1.54647
2013,03,17,4,1.8088199999999999
2013,03,17,5,1.78327
2013,03,17,6,1.53974
2013,03,17,7,1.37953
2013,03,18,0,1.3545999999999998
2013,03,18,1,1.6155899999999999
2013,03,18,2,1.8982
2013,03,18,3,1.97054
2013,03,18,4,2.6456
2013,03,18,5,3.26121
2013,03,18,6,3.2212899999999998
2013,03,18,7,3.3641199999999998
2013,03,19,0,3.58052
2013,03,19,1,3.64281
2013,03,19,2,3.48219
2013,03,19,3,3.21454
2013,03,19,4,3.09363
2013,03,19,5,2.93408
2013,03,19,6,2.6539
2013,03,19,7,2.47354
2013,03,20,0,2.4834699999999996
2013,03,20,1,2.45887
2013,03,20,2,2.19989
2013,03,20,3,2.03023
2013,03,20,4,2.02992
2013,03,20,5,1.89847
2013,03,20,6,1.88161
2013,03,20,7,1.94909
2013,03,21,0,2.48317
2013,03,21,1,3.56677
2013,03,21,2,4.22999
2013,03,21,3,4.04416
2013,03,21,4,2.86127
2013,03,21,5,2.3174699999999997
2013,03,21,6,3.0686
2013,03,21,7,3.1101300000000003
2013,03,22,0,2.89326
2013,03,22,1,2.94452
2013,03,22,2,2.34276
2013,03,22,3,2.2238
2013,03,22,4,2.63131
2013,03,22,5,3.0682199999999997
2013,03,22,6,3.69028
2013,03,22,7,4.21027
2013,03,23,0,3.80025
2013,03,23,1,3.40029
2013,03,23,2,2.86285
2013,03,23,3,2.5921999999999996
2013,03,23,4,2.65165
2013,03,23,5,2.72154
2013,03,23,6,2.5511399999999997
2013,03,23,7,2.15672
2013,03,24,0,1.91602
2013,03,24,1,2.07554
2013,03,24,2,2.8187699999999998
2013,03,24,3,2.7654099999999997
2013,03,24,4,3.3587800000000003
2013,03,24,5,4.06149
2013,03,24,6,4.48068
2013,03,24,7,4.316439999999999
2013,03,25,0,2.7326599999999996
2013,03,25,1,1.98441
2013,03,25,2,2.06367
2013,03,25,3,2.17267
2013,03,25,4,2.2642800000000003
2013,03,25,5,2.04025
2013,03,25,6,1.73547
2013,03,25,7,1.5542799999999999
2013,03,26,0,1.5511199999999998
2013,03,26,1,1.634
2013,03,26,2,1.73396
2013,03,26,3,1.8108199999999999
2013,03,26,4,1.72484
2013,03,26,5,1.581
2013,03,26,6,1.63049
2013,03,26,7,1.81008
2013,03,27,0,1.63726
2013,03,27,1,2.06311
2013,03,27,2,2.8673800000000003
2013,03,27,3,3.15723
2013,03,27,4,3.09177
2013,03,27,5,2.97888
2013,03,27,6,2.86796
2013,03,27,7,1.7028599999999998
2013,03,28,0,1.44343
2013,03,28,1,1.90797
2013,03,28,2,2.5213
2013,03,28,3,2.76369
2013,03,28,4,2.97181
2013,03,28,5,2.1578000000000004
2013,03,28,6,1.22625
2013,03,28,7,0.847663
2013,03,1,0,1.71468
2013,03,1,1,3.7714000000000003
2013,03,1,2,5.12364
2013,03,1,3,3.03919
2013,03,1,4,0.453834
2013,03,1,5,0.359579
2013,03,1,6,0.49206099999999997
2013,03,1,7,0.635679
2013,03,2,0,0.7362759999999999
2013,03,2,1,0.893503
2013,03,2,2,0.932881
2013,03,2,3,1.1569500000000001
2013,03,2,4,1.7301300000000002
2013,03,2,5,2.12492
2013,03,2,6,2.29024
2013,03,2,7,2.3981999999999997
2013,03,3,0,2.64101
2013,03,3,1,3.00179
2013,03,3,2,3.07534
2013,03,3,3,2.33324
2013,03,3,4,1.73764
2013,03,3,5,1.21249
2013,03,3,6,1.11263
2013,03,3,7,1.5593599999999999
2013,03,4,0,2.02839
2013,03,4,1,2.01226
2013,03,4,2,1.92223
2013,03,4,3,1.83118
2013,03,4,4,1.75996
2013,03,4,5,1.66885
2013,03,4,6,1.5666600000000002
2013,03,4,7,1.46181
2013,03,5,0,1.3548399999999998
2013,03,5,1,1.33569
2013,03,5,2,1.27083
2013,03,5,3,1.105
2013,03,5,4,1.1763800000000002
2013,03,5,5,1.3350499999999998
2013,03,5,6,1.32833
2013,03,5,7,1.3814600000000001
2013,03,6,0,1.4314
2013,03,6,1,1.37852
2013,03,6,2,1.12587
2013,03,6,3,0.964851
2013,03,6,4,0.8722949999999999
2013,03,6,5,0.758072
2013,03,6,6,0.896912
2013,03,6,7,1.0883399999999999
2013,03,7,0,1.16709
2013,03,7,1,1.1668699999999999
2013,03,7,2,1.3552899999999999
2013,03,7,3,1.47164
2013,03,7,4,1.5299
2013,03,7,5,1.4899200000000001
2013,03,7,6,1.38147
2013,03,7,7,1.48701
2013,03,8,0,1.7120799999999998
2013,03,8,1,2.01051
2013,03,8,2,1.9631500000000002
2013,03,8,3,1.88536
2013,03,8,4,1.81975
2013,03,8,5,1.93768
2013,03,8,6,2.1869099999999997
2013,03,8,7,2.34416
2013,03,9,0,2.5423899999999997
2013,03,9,1,3.01495
2013,03,9,2,3.9238600000000003
2013,03,9,3,3.66554
2013,03,9,4,5.30737
2013,03,9,5,5.52634
2013,03,9,6,4.52678
2013,03,9,7,4.26683
2013,03,10,0,3.94266
2013,03,10,1,2.38477
2013,03,10,2,3.94825
2013,03,10,3,2.1847600000000003
2013,03,10,4,0.901223
2013,03,10,5,1.06529
2013,03,10,6,1.91514
2013,03,10,7,2.67721
2013,03,11,0,2.68607
2013,03,11,1,2.70357
2013,03,11,2,2.6773200000000004
2013,03,11,3,2.5291799999999998
2013,03,11,4,2.4153800000000003
2013,03,11,5,2.2869
2013,03,11,6,1.8828
2013,03,11,7,1.47197
2013,03,12,0,1.39771
2013,03,12,1,1.60869
2013,03,12,2,1.78424
2013,03,12,3,1.62387
2013,03,12,4,1.3471300000000002
2013,03,12,5,1.4719200000000001
2013,03,12,6,1.83026
2013,03,12,7,2.47005
2013,03,13,0,2.691
2013,03,13,1,3.30435
2013,03,13,2,3.62838
2013,03,13,3,3.8581999999999996
2013,03,13,4,3.80048
2013,03,13,5,3.8766599999999998
2013,03,13,6,3.87305
2013,03,13,7,3.81436
2013,03,14,0,3.6576999999999997
2013,03,14,1,3.35846
2013,03,14,2,2.94584
2013,03,14,3,2.87984
2013,03,14,4,3.49146
2013,03,14,5,3.78768
2013,03,14,6,4.22499
2013,03,14,7,4.73451
2013,03,15,0,4.864439999999999
2013,03,15,1,5.05263
2013,03,15,2,5.17171
2013,03,15,3,4.61254
2013,03,15,4,3.86623
2013,03,15,5,3.08845
2013,03,15,6,2.81229
2013,03,15,7,2.34559
2013,03,16,0,2.5558899999999998
2013,03,16,1,3.32378
2013,03,16,2,3.61073
2013,03,16,3,3.62675
2013,03,16,4,3.67068
2013,03,16,5,3.3102
2013,03,16,6,3.15997
2013,03,16,7,2.91684
2013,03,17,0,2.87823
2013,03,17,1,2.47245
2013,03,17,2,1.79614
2013,03,17,3,1.2885199999999999
2013,03,17,4,1.2343499999999998
2013,03,17,5,1.30745
2013,03,17,6,1.3380699999999999
2013,03,17,7,1.3681500000000002
2013,03,18,0,1.4328299999999998
2013,03,18,1,1.5542799999999999
2013,03,18,2,1.4316600000000002
2013,03,18,3,1.2524000000000002
2013,03,18,4,1.04731
2013,03,18,5,0.917808
2013,03,18,6,0.804468
2013,03,18,7,0.684774
2013,03,19,0,0.939506
2013,03,19,1,1.4908599999999999
2013,03,19,2,1.5880999999999998
2013,03,19,3,1.5810799999999998
2013,03,19,4,1.44666
2013,03,19,5,1.38527
2013,03,19,6,1.17599
2013,03,19,7,1.8071700000000002
2013,03,20,0,2.24075
2013,03,20,1,2.76369
2013,03,20,2,3.15149
2013,03,20,3,3.0350300000000003
2013,03,20,4,3.70419
2013,03,20,5,4.48672
2013,03,20,6,5.13174
2013,03,20,7,5.238899999999999
2013,03,21,0,5.1251999999999995
2013,03,21,1,5.47969
2013,03,21,2,5.0783000000000005
2013,03,21,3,4.67731
2013,03,21,4,3.93625
2013,03,21,5,3.4491
2013,03,21,6,3.1179
2013,03,21,7,2.88649
2013,03,22,0,2.4951399999999997
2013,03,22,1,1.90415
2013,03,22,2,1.49449
2013,03,22,3,1.1404
2013,03,22,4,0.907383
2013,03,22,5,0.897443
2013,03,22,6,0.819852
2013,03,22,7,0.720755
2013,03,23,0,0.6502089999999999
2013,03,23,1,0.592086
2013,03,23,2,0.5582699999999999
2013,03,23,3,0.51908
2013,03,23,4,0.45817399999999997
2013,03,23,5,0.438105
2013,03,23,6,0.435072
2013,03,23,7,0.37537400000000004
2013,03,24,0,0.42770800000000003
2013,03,24,1,0.79698
2013,03,24,2,1.14153
2013,03,24,3,1.28363
2013,03,24,4,1.38717
2013,03,24,5,1.50147
2013,03,24,6,1.64259
2013,03,24,7,1.89578
2013,03,25,0,2.1111
2013,03,25,1,2.17273
2013,03,25,2,2.07782
2013,03,25,3,1.96727
2013,03,25,4,1.90392
2013,03,25,5,1.97791
2013,03,25,6,2.0803499999999997
2013,03,25,7,2.10388
2013,03,26,0,2.19277
2013,03,26,1,2.4788
2013,03,26,2,2.9786599999999996
2013,03,26,3,3.6115500000000003
2013,03,26,4,4.41398
2013,03,26,5,4.22968
2013,03,26,6,2.9816599999999998
2013,03,26,7,3.57144
2013,03,27,0,3.6384600000000002
2013,03,27,1,3.15814
2013,03,27,2,2.92821
2013,03,27,3,2.5083
2013,03,27,4,2.29156
2013,03,27,5,2.35913
2013,03,27,6,3.10066
2013,03,27,7,3.40947
2013,03,28,0,2.71115
2013,03,28,1,2.5078
2013,03,28,2,2.64789
2013,03,28,3,2.5332
2013,03,28,4,2.6855300000000004
2013,03,28,5,2.8404499999999997
2013,03,28,6,2.74972
2013,03,28,7,2.82116
2013,03,29,0,3.34025
2013,03,29,1,3.62839
2013,03,29,2,3.23283
2013,03,29,3,3.1583200000000002
2013,03,29,4,3.00301
2013,03,29,5,2.32917
2013,03,29,6,2.31587
2013,03,29,7,2.66081
2013,03,30,0,3.1831
2013,03,30,1,3.32054
2013,03,30,2,2.80131
2013,03,30,3,2.90337
2013,03,30,4,3.63615
2013,03,30,5,3.8929
2013,03,30,6,4.96012
2013,03,30,7,6.22464
2013,03,31,0,6.2990200000000005
2013,03,31,1,4.85179
2013,03,31,2,2.3601300000000003
2013,03,31,3,1.6051199999999999
2013,03,31,4,1.4883199999999999
2013,03,31,5,1.64886
2013,03,31,6,2.19451
2013,03,31,7,2.5956900000000003
2013,03,1,0,2.74618
2013,03,1,1,3.00409
2013,03,1,2,3.38288
2013,03,1,3,4.19334
2013,03,1,4,4.27458
2013,03,1,5,3.6524
2013,03,1,6,2.7679699999999996
2013,03,1,7,3.5328000000000004
2013,03,2,0,4.996149999999999
2013,03,2,1,6.210649999999999
2013,03,2,2,6.41411
2013,03,2,3,6.2120299999999995
2013,03,2,4,5.03604
2013,03,2,5,4.4045
2013,03,2,6,2.124
2013,03,2,7,1.5114
2013,03,3,0,1.17257
2013,03,3,1,1.1153
2013,03,3,2,1.23766
2013,03,3,3,1.3239400000000001
2013,03,3,4,1.44419
2013,03,3,5,1.67232
2013,03,3,6,1.84523
2013,03,3,7,1.59672
2013,03,4,0,1.4973599999999998
2013,03,4,1,1.70968
2013,03,4,2,2.7850300000000003
2013,03,4,3,3.3559200000000002
2013,03,4,4,3.6478
2013,03,4,5,3.80935
2013,03,4,6,3.8595300000000003
2013,03,4,7,3.86728
2013,03,5,0,4.11215
2013,03,5,1,4.21948
2013,03,5,2,4.22993
2013,03,5,3,4.49242
2013,03,5,4,4.98096
2013,03,5,5,5.0555200000000005
2013,03,5,6,5.0663
2013,03,5,7,5.18687
2013,03,6,0,5.17109
2013,03,6,1,4.70704
2013,03,6,2,4.6118500000000004
2013,03,6,3,4.76596
2013,03,6,4,4.95106
2013,03,6,5,5.13475
2013,03,6,6,5.13518
2013,03,6,7,5.05346
2013,03,7,0,4.964729999999999
2013,03,7,1,5.02237
2013,03,7,2,5.000970000000001
2013,03,7,3,4.924270000000001
2013,03,7,4,4.70624
2013,03,7,5,3.85277
2013,03,7,6,2.6706999999999996
2013,03,7,7,2.29611
2013,03,8,0,1.5095399999999999
2013,03,8,1,1.18461
2013,03,8,2,0.769107
2013,03,8,3,0.577612
2013,03,8,4,0.582423
2013,03,8,5,0.58189
2013,03,8,6,0.6525639999999999
2013,03,8,7,0.6749149999999999
2013,03,9,0,0.622309
2013,03,9,1,0.548481
2013,03,9,2,0.46638
2013,03,9,3,0.411068
2013,03,9,4,0.42353399999999997
2013,03,9,5,0.565628
2013,03,9,6,1.1076199999999998
2013,03,9,7,3.9726
2013,03,10,0,8.324290000000001
2013,03,10,1,7.26912
2013,03,10,2,6.25719
2013,03,10,3,5.7200299999999995
2013,03,10,4,5.22584
2013,03,10,5,4.9380500000000005
2013,03,10,6,4.27384
2013,03,10,7,3.3564000000000003
2013,03,11,0,1.79775
2013,03,11,1,2.16939
2013,03,11,2,2.85843
2013,03,11,3,3.1459
2013,03,11,4,3.4041
2013,03,11,5,2.93407
2013,03,11,6,2.3914
2013,03,11,7,2.01873
2013,03,12,0,1.96277
2013,03,12,1,1.46329
2013,03,12,2,1.16027
2013,03,12,3,1.09763
2013,03,12,4,1.12263
2013,03,12,5,1.87003
2013,03,12,6,2.5724699999999996
2013,03,12,7,2.36994
2013,03,13,0,2.73634
2013,03,13,1,3.01384
2013,03,13,2,3.03143
2013,03,13,3,3.06015
2013,03,13,4,2.93357
2013,03,13,5,2.6686900000000002
2013,03,13,6,2.1348000000000003
2013,03,13,7,2.3405
2013,03,14,0,2.2961
2013,03,14,1,2.2809299999999997
2013,03,14,2,2.18692
2013,03,14,3,2.09741
2013,03,14,4,1.97885
2013,03,14,5,1.89189
2013,03,14,6,1.88178
2013,03,14,7,2.15992
2013,03,15,0,2.17191
2013,03,15,1,2.12438
2013,03,15,2,2.1194
2013,03,15,3,2.1377800000000002
2013,03,15,4,2.16539
2013,03,15,5,2.2276100000000003
2013,03,15,6,2.39397
2013,03,15,7,2.59073
2013,03,16,0,2.64344
2013,03,16,1,2.6193299999999997
2013,03,16,2,2.66952
2013,03,16,3,2.68303
2013,03,16,4,2.63423
2013,03,16,5,2.58633
2013,03,16,6,2.4542800000000002
2013,03,16,7,2.35273
2013,03,17,0,2.27373
2013,03,17,1,2.0518899999999998
2013,03,17,2,1.93373
2013,03,17,3,2.22917
2013,03,17,4,2.72702
2013,03,17,5,3.14548
2013,03,17,6,3.98815
2013,03,17,7,4.715020000000001
2013,03,18,0,4.888109999999999
2013,03,18,1,5.05279
2013,03,18,2,4.173100000000001
2013,03,18,3,2.62305
2013,03,18,4,2.25683
2013,03,18,5,2.5775900000000003
2013,03,18,6,2.6766799999999997
2013,03,18,7,2.96281
2013,03,19,0,3.7255599999999998
2013,03,19,1,4.99608
2013,03,19,2,5.31499
2013,03,19,3,5.63431
2013,03,19,4,5.696140000000001
2013,03,19,5,5.33696
2013,03,19,6,4.8408299999999995
2013,03,19,7,5.473520000000001
2013,03,20,0,4.0536
2013,03,20,1,2.66979
2013,03,20,2,2.2688
2013,03,20,3,2.3814699999999998
2013,03,20,4,2.41883
2013,03,20,5,2.4134
2013,03,20,6,2.27764
2013,03,20,7,2.0320899999999997
2013,03,21,0,1.7769300000000001
2013,03,21,1,1.63843
2013,03,21,2,1.53915
2013,03,21,3,1.36469
2013,03,21,4,1.2893
2013,03,21,5,1.35981
2013,03,21,6,1.43194
2013,03,21,7,1.28781
2013,03,22,0,1.2330999999999999
2013,03,22,1,1.17746
2013,03,22,2,1.1520599999999999
2013,03,22,3,1.3545999999999998
2013,03,22,4,1.44052
2013,03,22,5,1.7134500000000001
2013,03,22,6,1.2095799999999999
2013,03,22,7,1.38072
2013,03,23,0,1.43944
2013,03,23,1,1.42147
2013,03,23,2,2.21445
2013,03,23,3,2.28105
2013,03,23,4,1.67837
2013,03,23,5,1.78569
2013,03,23,6,2.44817
2013,03,23,7,2.9133899999999997
2013,03,24,0,3.11134
2013,03,24,1,2.80771
2013,03,24,2,1.81232
2013,03,24,3,1.69767
2013,03,24,4,2.9449
2013,03,24,5,4.02263
2013,03,24,6,4.46
2013,03,24,7,5.7275
2013,03,25,0,5.601
2013,03,25,1,5.32125
2013,03,25,2,5.4994499999999995
2013,03,25,3,5.972810000000001
2013,03,25,4,5.4412
2013,03,25,5,5.489859999999999
2013,03,25,6,5.857489999999999
2013,03,25,7,5.88581
2013,03,26,0,6.54521
2013,03,26,1,7.27332
2013,03,26,2,7.52316
2013,03,26,3,7.51324
2013,03,26,4,7.3623
2013,03,26,5,6.76564
2013,03,26,6,5.4684099999999995
2013,03,26,7,2.61207
2013,03,27,0,2.84932
2013,03,27,1,3.94429
2013,03,27,2,3.29148
2013,03,27,3,4.68675
2013,03,27,4,4.905810000000001
2013,03,27,5,5.07554
2013,03,27,6,4.86866
2013,03,27,7,2.30192
2013,03,28,0,2.51335
2013,03,28,1,2.27304
2013,03,28,2,2.31968
2013,03,28,3,2.67191
2013,03,28,4,3.02242
2013,03,28,5,3.47885
2013,03,28,6,2.9228899999999998
2013,03,28,7,2.5733
2013,03,29,0,3.4707199999999996
2013,03,29,1,3.81473
2013,03,29,2,4.13953
2013,03,29,3,4.1689300000000005
2013,03,29,4,4.00734
2013,03,29,5,3.4333
2013,03,29,6,3.13005
2013,03,29,7,2.48514
2013,03,30,0,2.16535
2013,03,30,1,1.9761300000000002
2013,03,30,2,1.88321
2013,03,30,3,1.7332400000000001
2013,03,30,4,1.50147
2013,03,30,5,1.10412
2013,03,30,6,0.896616
2013,03,30,7,1.1371900000000001
2013,03,1,0,1.58758
2013,03,1,1,2.05594
2013,03,1,2,2.34869
2013,03,1,3,2.39193
2013,03,1,4,1.86676
2013,03,1,5,1.73255
2013,03,1,6,2.63064
2013,03,1,7,3.90135
2013,03,2,0,4.796609999999999
2013,03,2,1,6.27707
2013,03,2,2,6.96584
2013,03,2,3,6.3884
2013,03,2,4,5.26607
2013,03,2,5,6.543279999999999
2013,03,2,6,6.0952
2013,03,2,7,4.63408
2013,03,3,0,3.92936
2013,03,3,1,3.4789
2013,03,3,2,4.22962
2013,03,3,3,4.7708
2013,03,3,4,5.08041
2013,03,3,5,4.83846
2013,03,3,6,4.2481599999999995
2013,03,3,7,4.01431
2013,03,4,0,3.4458800000000003
2013,03,4,1,3.2392600000000003
2013,03,4,2,2.9890700000000003
2013,03,4,3,3.5122
2013,03,4,4,6.03026
2013,03,4,5,7.5666
2013,03,4,6,9.10708
2013,03,4,7,11.0313
2013,03,5,0,11.488100000000001
2013,03,5,1,7.2365200000000005
2013,03,5,2,4.20542
2013,03,5,3,3.0167800000000002
2013,03,5,4,3.72396
2013,03,5,5,2.81203
2013,03,5,6,1.85059
2013,03,5,7,4.09154
2013,03,6,0,5.70471
2013,03,6,1,6.63389
2013,03,6,2,6.64454
2013,03,6,3,6.3030100000000004
2013,03,6,4,6.83387
2013,03,6,5,6.387689999999999
2013,03,6,6,5.8419799999999995
2013,03,6,7,6.37605
2013,03,7,0,5.42184
2013,03,7,1,4.50449
2013,03,7,2,1.9334
2013,03,7,3,1.7724000000000002
2013,03,7,4,2.27231
2013,03,7,5,2.45248
2013,03,7,6,2.52203
2013,03,7,7,2.53394
2013,03,8,0,2.2583699999999998
2013,03,8,1,2.34201
2013,03,8,2,3.05776
2013,03,8,3,3.79969
2013,03,8,4,4.31371
2013,03,8,5,4.40416
2013,03,8,6,4.21937
2013,03,8,7,4.42177
2013,03,9,0,4.51862
2013,03,9,1,5.015890000000001
2013,03,9,2,5.32079
2013,03,9,3,4.53623
2013,03,9,4,4.63942
2013,03,9,5,5.608359999999999
2013,03,9,6,5.86198
2013,03,9,7,4.328270000000001
2013,03,10,0,6.00195
2013,03,10,1,4.8928199999999995
2013,03,10,2,3.59421
2013,03,10,3,3.85909
2013,03,10,4,4.1475100000000005
2013,03,10,5,3.49765
2013,03,10,6,2.76673
2013,03,10,7,3.04976
2013,03,11,0,4.30388
2013,03,11,1,3.88068
2013,03,11,2,3.06387
2013,03,11,3,3.0162600000000004
2013,03,11,4,4.20933
2013,03,11,5,6.29744
2013,03,11,6,7.63829
2013,03,11,7,9.73191
2013,03,12,0,10.607
2013,03,12,1,12.2723
2013,03,12,2,13.1866
2013,03,12,3,14.5791
2013,03,12,4,13.439200000000001
2013,03,12,5,12.8785
2013,03,12,6,8.28398
2013,03,12,7,5.723520000000001
2013,03,13,0,6.554930000000001
2013,03,13,1,4.648020000000001
2013,03,13,2,4.6006800000000005
2013,03,13,3,3.76639
2013,03,13,4,4.80955
2013,03,13,5,4.7997700000000005
2013,03,13,6,4.80318
2013,03,13,7,4.82097
2013,03,14,0,4.83572
2013,03,14,1,4.753439999999999
2013,03,14,2,5.10711
2013,03,14,3,4.96232
2013,03,14,4,4.17932
2013,03,14,5,3.60942
2013,03,14,6,3.77178
2013,03,14,7,4.38081
2013,03,15,0,4.6406
2013,03,15,1,3.5989299999999997
2013,03,15,2,3.46294
2013,03,15,3,3.71923
2013,03,15,4,4.05773
2013,03,15,5,4.106109999999999
2013,03,15,6,4.04721
2013,03,15,7,4.68371
2013,03,16,0,4.98619
2013,03,16,1,5.12913
2013,03,16,2,5.55765
2013,03,16,3,5.30783
2013,03,16,4,4.50813
2013,03,16,5,4.25841
2013,03,16,6,4.82708
2013,03,16,7,5.98882
2013,03,17,0,6.1675
2013,03,17,1,5.8641000000000005
2013,03,17,2,5.9213000000000005
2013,03,17,3,5.70288
2013,03,17,4,5.42069
2013,03,17,5,5.2660100000000005
2013,03,17,6,5.28574
2013,03,17,7,5.61691
2013,03,18,0,5.84708
2013,03,18,1,6.55656
2013,03,18,2,7.63892
2013,03,18,3,8.535200000000001
2013,03,18,4,7.785399999999999
2013,03,18,5,5.76255
2013,03,18,6,6.15925
2013,03,18,7,6.70853
2013,03,19,0,8.21401
2013,03,19,1,8.15383
2013,03,19,2,7.34576
2013,03,19,3,6.01962
2013,03,19,4,5.80049
2013,03,19,5,3.4693400000000003
2013,03,19,6,1.8414000000000001
2013,03,19,7,2.2992
2013,03,20,0,2.38436
2013,03,20,1,2.65621
2013,03,20,2,2.49837
2013,03,20,3,2.08333
2013,03,20,4,2.02291
2013,03,20,5,2.42638
2013,03,20,6,4.01881
2013,03,20,7,5.91951
2013,03,21,0,6.52283
2013,03,21,1,7.44852
2013,03,21,2,8.47581
2013,03,21,3,7.9158
2013,03,21,4,6.95652
2013,03,21,5,9.64474
2013,03,21,6,10.209299999999999
2013,03,21,7,8.884030000000001
2013,03,22,0,8.19564
2013,03,22,1,6.86125
2013,03,22,2,5.14873
2013,03,22,3,3.71475
2013,03,22,4,2.25925
2013,03,22,5,1.77497
2013,03,22,6,1.5243900000000001
2013,03,22,7,3.3605300000000002
2013,03,23,0,4.95917
2013,03,23,1,7.38253
2013,03,23,2,6.78056
2013,03,23,3,6.82621
2013,03,23,4,6.35875
2013,03,23,5,5.90395
2013,03,23,6,6.249140000000001
2013,03,23,7,6.839060000000001
2013,03,24,0,6.63035
2013,03,24,1,6.837
2013,03,24,2,6.17009
2013,03,24,3,5.75824
2013,03,24,4,6.06331
2013,03,24,5,7.32078
2013,03,24,6,6.92209
2013,03,24,7,6.47072
2013,03,25,0,7.5046800000000005
2013,03,25,1,6.91152
2013,03,25,2,5.07791
2013,03,25,3,3.78543
2013,03,25,4,2.96077
2013,03,25,5,3.45326
2013,03,25,6,4.50117
2013,03,25,7,4.2548900000000005
2013,03,26,0,5.14038
2013,03,26,1,5.69769
2013,03,26,2,6.45613
2013,03,26,3,5.93884
2013,03,26,4,6.183260000000001
2013,03,26,5,6.439220000000001
2013,03,26,6,6.13612
2013,03,26,7,5.80565
2013,03,27,0,5.8584
2013,03,27,1,5.66975
2013,03,27,2,5.68373
2013,03,27,3,5.61675
2013,03,27,4,6.1102
2013,03,27,5,6.46455
2013,03,27,6,6.2919
2013,03,27,7,7.26104
2013,03,28,0,7.23386
2013,03,28,1,6.90482
2013,03,28,2,6.64792
2013,03,28,3,6.5628400000000005
2013,03,28,4,7.21148
2013,03,28,5,8.05925
2013,03,28,6,8.36183
2013,03,28,7,8.41531
2013,03,29,0,8.542309999999999
2013,03,29,1,9.016459999999999
2013,03,29,2,9.59498
2013,03,29,3,10.6707
2013,03,29,4,8.82598
2013,03,29,5,7.379359999999999
2013,03,29,6,7.91172
2013,03,29,7,8.45953
2013,03,30,0,9.171299999999999
2013,03,30,1,10.1431
2013,03,30,2,10.3141
2013,03,30,3,10.464799999999999
2013,03,30,4,10.3665
2013,03,30,5,9.15222
2013,03,30,6,8.37676
2013,03,30,7,9.040629999999998
2013,03,31,0,9.4004
2013,03,31,1,11.1344
2013,03,31,2,9.7761
2013,03,31,3,10.6351
2013,03,31,4,9.76459
2013,03,31,5,8.60519
2013,03,31,6,9.45519
2013,03,31,7,10.305299999999999
2013,03,1,0,10.944600000000001
2013,03,1,1,9.97515
2013,03,1,2,10.1492
2013,03,1,3,9.04494
2013,03,1,4,7.6686499999999995
2013,03,1,5,6.72169
2013,03,1,6,5.7581999999999995
2013,03,1,7,5.14304
2013,03,2,0,5.16034
2013,03,2,1,5.27966
2013,03,2,2,5.43381
2013,03,2,3,5.64767
2013,03,2,4,5.3713500000000005
2013,03,2,5,5.355390000000001
2013,03,2,6,5.21584
2013,03,2,7,6.70804
2013,03,3,0,7.5561300000000005
2013,03,3,1,8.00393
2013,03,3,2,8.851469999999999
2013,03,3,3,9.38833
2013,03,3,4,9.23049
2013,03,3,5,8.76884
2013,03,3,6,7.85
2013,03,3,7,8.074729999999999
2013,03,4,0,8.85233
2013,03,4,1,8.88847
2013,03,4,2,8.99039
2013,03,4,3,8.40075
2013,03,4,4,7.125229999999999
2013,03,4,5,6.36012
2013,03,4,6,4.85436
2013,03,4,7,6.6966
2013,03,5,0,8.48799
2013,03,5,1,8.8898
2013,03,5,2,8.50789
2013,03,5,3,8.34741
2013,03,5,4,11.463799999999999
2013,03,5,5,9.294469999999999
2013,03,5,6,8.89491
2013,03,5,7,7.592
2013,03,6,0,6.04917
2013,03,6,1,6.19804
2013,03,6,2,5.758859999999999
2013,03,6,3,4.51804
2013,03,6,4,3.7527199999999996
2013,03,6,5,3.9424200000000003
2013,03,6,6,4.733689999999999
2013,03,6,7,6.67511
2013,03,7,0,8.9598
2013,03,7,1,9.17493
2013,03,7,2,8.330549999999999
2013,03,7,3,8.95144
2013,03,7,4,9.210719999999998
2013,03,7,5,9.00843
2013,03,7,6,9.50862
2013,03,7,7,9.73562
2013,03,8,0,9.5819
2013,03,8,1,9.299959999999999
2013,03,8,2,9.32624
2013,03,8,3,9.09165
2013,03,8,4,8.03539
2013,03,8,5,7.54507
2013,03,8,6,7.6593599999999995
2013,03,8,7,7.9461
2013,03,9,0,8.207049999999999
2013,03,9,1,8.1656
2013,03,9,2,8.0045
2013,03,9,3,7.745220000000001
2013,03,9,4,7.3709
2013,03,9,5,6.75636
2013,03,9,6,5.741020000000001
2013,03,9,7,6.93609
2013,03,10,0,7.85034
2013,03,10,1,8.06706
2013,03,10,2,7.30335
2013,03,10,3,5.8294
2013,03,10,4,5.633430000000001
2013,03,10,5,7.14619
2013,03,10,6,8.953299999999999
2013,03,10,7,9.813270000000001
2013,03,11,0,9.53415
2013,03,11,1,8.926969999999999
2013,03,11,2,8.319700000000001
2013,03,11,3,6.73419
2013,03,11,4,5.57012
2013,03,11,5,5.3532
2013,03,11,6,5.90538
2013,03,11,7,6.39552
2013,03,12,0,6.19748
2013,03,12,1,6.221
2013,03,12,2,6.71979
2013,03,12,3,6.647939999999999
2013,03,12,4,6.86106
2013,03,12,5,6.7851300000000005
2013,03,12,6,7.14864
2013,03,12,7,7.41863
2013,03,13,0,7.9263900000000005
2013,03,13,1,8.474969999999999
2013,03,13,2,9.06205
2013,03,13,3,9.242040000000001
2013,03,13,4,9.0863
2013,03,13,5,8.96484
2013,03,13,6,8.55049
2013,03,13,7,8.93006
2013,03,14,0,9.620059999999999
2013,03,14,1,10.028
2013,03,14,2,10.0246
2013,03,14,3,9.78148
2013,03,14,4,9.68151
2013,03,14,5,9.93782
2013,03,14,6,9.859110000000001
2013,03,14,7,9.46633
2013,03,15,0,9.46205
2013,03,15,1,9.31487
2013,03,15,2,9.4856
2013,03,15,3,10.355799999999999
2013,03,15,4,10.4121
2013,03,15,5,10.1593
2013,03,15,6,9.54827
2013,03,15,7,10.0679
2013,03,16,0,10.097299999999999
2013,03,16,1,10.6897
2013,03,16,2,11.1725
2013,03,16,3,11.2464
2013,03,16,4,11.2362
2013,03,16,5,10.8743
2013,03,16,6,9.352739999999999
2013,03,16,7,7.5141800000000005
2013,03,17,0,7.42955
2013,03,17,1,7.25631
2013,03,17,2,5.51279
2013,03,17,3,4.50687
2013,03,17,4,4.1315
2013,03,17,5,3.88153
2013,03,17,6,3.9309000000000003
2013,03,17,7,5.29954
2013,03,18,0,6.20726
2013,03,18,1,6.52328
2013,03,18,2,7.25653
2013,03,18,3,7.6734
2013,03,18,4,7.64064
2013,03,18,5,7.1206000000000005
2013,03,18,6,7.02674
2013,03,18,7,8.62554
2013,03,19,0,9.90077
2013,03,19,1,10.5168
2013,03,19,2,9.88527
2013,03,19,3,9.509409999999999
2013,03,19,4,9.62053
2013,03,19,5,9.35892
2013,03,19,6,9.75706
2013,03,19,7,10.6778
2013,03,20,0,10.8144
2013,03,20,1,10.293299999999999
2013,03,20,2,9.132950000000001
2013,03,20,3,8.52318
2013,03,20,4,6.89248
2013,03,20,5,5.7032
2013,03,20,6,5.9465900000000005
2013,03,20,7,6.820189999999999
2013,03,21,0,7.30221
2013,03,21,1,5.6631
2013,03,21,2,5.03616
2013,03,21,3,5.6738
2013,03,21,4,6.293609999999999
2013,03,21,5,7.23403
2013,03,21,6,6.8453599999999994
2013,03,21,7,7.20064
2013,03,22,0,8.0702
2013,03,22,1,8.8429
2013,03,22,2,9.23115
2013,03,22,3,9.03332
2013,03,22,4,7.74047
2013,03,22,5,6.91279
2013,03,22,6,6.89156
2013,03,22,7,6.68233
2013,03,23,0,6.51347
2013,03,23,1,7.048439999999999
2013,03,23,2,7.41625
2013,03,23,3,7.3997399999999995
2013,03,23,4,7.48203
2013,03,23,5,7.51389
2013,03,23,6,8.25096
2013,03,23,7,8.60476
2013,03,24,0,8.76842
2013,03,24,1,8.80119
2013,03,24,2,9.40721
2013,03,24,3,10.351799999999999
2013,03,24,4,10.1589
2013,03,24,5,9.64093
2013,03,24,6,11.3509
2013,03,24,7,12.6827
2013,03,25,0,12.1458
2013,03,25,1,11.3721
2013,03,25,2,11.3405
2013,03,25,3,10.9835
2013,03,25,4,10.263
2013,03,25,5,11.2786
2013,03,25,6,13.3569
2013,03,25,7,14.6394
2013,03,26,0,16.2556
2013,03,26,1,16.351399999999998
2013,03,26,2,16.003
2013,03,26,3,15.5979
2013,03,26,4,15.2144
2013,03,26,5,14.8452
2013,03,26,6,14.9454
2013,03,26,7,14.768600000000001
2013,03,27,0,14.329
2013,03,27,1,13.1159
2013,03,27,2,11.7751
2013,03,27,3,10.0745
2013,03,27,4,8.907020000000001
2013,03,27,5,7.953930000000001
2013,03,27,6,7.51528
2013,03,27,7,7.63527
2013,03,28,0,6.98478
2013,03,28,1,6.72888
2013,03,28,2,6.65278
2013,03,28,3,6.05736
2013,03,28,4,6.49399
2013,03,28,5,6.91268
2013,03,28,6,7.62353
2013,03,28,7,8.32824
2013,03,29,0,10.6827
2013,03,29,1,13.3495
2013,03,29,2,15.733600000000001
2013,03,29,3,17.0107
2013,03,29,4,15.686399999999999
2013,03,29,5,12.4383
2013,03,29,6,11.386700000000001
2013,03,29,7,12.0749
2013,03,30,0,11.889899999999999
2013,03,30,1,9.45828
2013,03,30,2,6.21287
2013,03,30,3,4.78672
2013,03,30,4,5.13931
2013,03,30,5,5.324350000000001
2013,03,30,6,5.53248
2013,03,30,7,5.50015
2013,03,1,0,5.19733
2013,03,1,1,5.14147
2013,03,1,2,6.26133
2013,03,1,3,11.110299999999999
2013,03,1,4,13.3137
2013,03,1,5,12.5927
2013,03,1,6,10.978200000000001
2013,03,1,7,9.309
2013,03,2,0,9.087459999999998
2013,03,2,1,10.218399999999999
2013,03,2,2,16.9011
2013,03,2,3,19.071099999999998
2013,03,2,4,17.660400000000003
2013,03,2,5,18.023799999999998
2013,03,2,6,17.233900000000002
2013,03,2,7,12.9604
2013,03,3,0,8.527190000000001
2013,03,3,1,6.60232
2013,03,3,2,6.8913199999999994
2013,03,3,3,6.854979999999999
2013,03,3,4,6.3450299999999995
2013,03,3,5,4.38638
2013,03,3,6,3.5431399999999997
2013,03,3,7,3.9092
2013,03,4,0,4.535939999999999
2013,03,4,1,4.83294
2013,03,4,2,5.716489999999999
2013,03,4,3,6.30488
2013,03,4,4,6.651050000000001
2013,03,4,5,7.29345
2013,03,4,6,7.6523699999999995
2013,03,4,7,8.87766
2013,03,5,0,9.02635
2013,03,5,1,9.466809999999999
2013,03,5,2,9.56266
2013,03,5,3,9.55796
2013,03,5,4,10.08
2013,03,5,5,10.3979
2013,03,5,6,10.1121
2013,03,5,7,10.1014
2013,03,6,0,10.402299999999999
2013,03,6,1,10.7499
2013,03,6,2,10.691799999999999
2013,03,6,3,10.8365
2013,03,6,4,10.815299999999999
2013,03,6,5,10.608
2013,03,6,6,10.391399999999999
2013,03,6,7,10.354700000000001
2013,03,7,0,10.6785
2013,03,7,1,10.73
2013,03,7,2,10.752600000000001
2013,03,7,3,10.4459
2013,03,7,4,9.95954
2013,03,7,5,9.66418
2013,03,7,6,9.49487
2013,03,7,7,9.520950000000001
2013,03,8,0,9.43122
2013,03,8,1,7.99721
2013,03,8,2,7.31562
2013,03,8,3,6.76327
2013,03,8,4,6.9005
2013,03,8,5,7.63746
2013,03,8,6,8.12171
2013,03,8,7,7.80951
2013,03,9,0,7.71084
2013,03,9,1,9.591520000000001
2013,03,9,2,10.538200000000002
2013,03,9,3,10.909600000000001
2013,03,9,4,13.0647
2013,03,9,5,13.0189
2013,03,9,6,10.3254
2013,03,9,7,12.087399999999999
2013,03,10,0,13.7797
2013,03,10,1,11.197899999999999
2013,03,10,2,5.7107
2013,03,10,3,5.3913199999999994
2013,03,10,4,6.87437
2013,03,10,5,8.32285
2013,03,10,6,9.74959
2013,03,10,7,12.254700000000001
2013,03,11,0,10.4715
2013,03,11,1,8.030710000000001
2013,03,11,2,5.89896
2013,03,11,3,6.744890000000001
2013,03,11,4,8.23469
2013,03,11,5,4.9558100000000005
2013,03,11,6,4.70236
2013,03,11,7,5.9312700000000005
2013,03,12,0,6.79568
2013,03,12,1,7.48884
2013,03,12,2,8.1904
2013,03,12,3,7.99625
2013,03,12,4,7.10896
2013,03,12,5,7.3408
2013,03,12,6,6.69415
2013,03,12,7,5.79867
2013,03,13,0,6.01537
2013,03,13,1,6.246270000000001
2013,03,13,2,5.3395600000000005
2013,03,13,3,6.15021
2013,03,13,4,7.06895
2013,03,13,5,6.91052
2013,03,13,6,7.3307
2013,03,13,7,6.2762
2013,03,14,0,5.60893
2013,03,14,1,4.838970000000001
2013,03,14,2,4.33676
2013,03,14,3,5.16729
2013,03,14,4,5.449229999999999
2013,03,14,5,6.02007
2013,03,14,6,6.359439999999999
2013,03,14,7,5.7588
2013,03,15,0,5.36074
2013,03,15,1,4.92362
2013,03,15,2,5.3026599999999995
2013,03,15,3,6.47933
2013,03,15,4,6.73299
2013,03,15,5,6.36182
2013,03,15,6,5.84819
2013,03,15,7,7.51592
2013,03,16,0,8.28905
2013,03,16,1,7.18142
2013,03,16,2,4.21358
2013,03,16,3,5.21685
2013,03,16,4,5.660010000000001
2013,03,16,5,6.49941
2013,03,16,6,8.19727
2013,03,16,7,8.452969999999999
2013,03,17,0,8.900649999999999
2013,03,17,1,9.13816
2013,03,17,2,9.47973
2013,03,17,3,9.251299999999999
2013,03,17,4,9.01757
2013,03,17,5,8.32543
2013,03,17,6,7.61011
2013,03,17,7,6.6618699999999995
2013,03,18,0,7.2182200000000005
2013,03,18,1,8.70735
2013,03,18,2,10.2094
2013,03,18,3,12.507100000000001
2013,03,18,4,10.610299999999999
2013,03,18,5,10.632299999999999
2013,03,18,6,12.3215
2013,03,18,7,12.5952
2013,03,19,0,12.052200000000001
2013,03,19,1,13.6546
2013,03,19,2,15.3392
2013,03,19,3,14.0101
2013,03,19,4,12.304
2013,03,19,5,12.779
2013,03,19,6,11.2043
2013,03,19,7,10.2014
2013,03,20,0,8.97626
2013,03,20,1,7.88379
2013,03,20,2,9.03519
2013,03,20,3,12.041799999999999
2013,03,20,4,13.9795
2013,03,20,5,14.5595
2013,03,20,6,13.703299999999999
2013,03,20,7,13.253
2013,03,21,0,13.5639
2013,03,21,1,11.7693
2013,03,21,2,8.08521
2013,03,21,3,6.89279
2013,03,21,4,7.3878900000000005
2013,03,21,5,7.87513
2013,03,21,6,9.416739999999999
2013,03,21,7,10.7612
2013,03,22,0,12.0498
2013,03,22,1,12.2798
2013,03,22,2,9.62378
2013,03,22,3,6.86796
2013,03,22,4,5.682720000000001
2013,03,22,5,4.92588
2013,03,22,6,5.188680000000001
2013,03,22,7,5.98381
2013,03,23,0,6.87878
2013,03,23,1,7.22328
2013,03,23,2,7.23426
2013,03,23,3,6.9372799999999994
2013,03,23,4,7.64994
2013,03,23,5,9.47107
2013,03,23,6,10.773299999999999
2013,03,23,7,10.3871
2013,03,24,0,11.053600000000001
2013,03,24,1,10.5345
2013,03,24,2,10.1
2013,03,24,3,10.309700000000001
2013,03,24,4,10.3236
2013,03,24,5,9.70664
2013,03,24,6,8.95208
2013,03,24,7,7.93597
2013,03,25,0,6.83482
2013,03,25,1,6.84207
2013,03,25,2,8.36357
2013,03,25,3,8.92767
2013,03,25,4,7.53065
2013,03,25,5,7.07739
2013,03,25,6,7.11862
2013,03,25,7,7.229550000000001
2013,03,26,0,8.17837
2013,03,26,1,11.4341
2013,03,26,2,14.8531
2013,03,26,3,10.5562
2013,03,26,4,8.72058
2013,03,26,5,9.61267
2013,03,26,6,10.744200000000001
2013,03,26,7,11.5732
2013,03,27,0,7.1586300000000005
2013,03,27,1,8.07179
2013,03,27,2,7.92839
2013,03,27,3,7.49237
2013,03,27,4,7.4911
2013,03,27,5,7.126720000000001
2013,03,27,6,7.03228
2013,03,27,7,7.55309
2013,03,28,0,8.604940000000001
2013,03,28,1,9.86624
2013,03,28,2,9.67535
2013,03,28,3,8.801309999999999
2013,03,28,4,9.9566
2013,03,28,5,10.5573
2013,03,28,6,9.46894
2013,03,28,7,7.65835
2013,03,29,0,5.95418
2013,03,29,1,5.301819999999999
2013,03,29,2,4.38846
2013,03,29,3,4.43905
2013,03,29,4,5.169899999999999
2013,03,29,5,4.51821
2013,03,29,6,3.6000799999999997
2013,03,29,7,4.35663
2013,03,30,0,5.34683
2013,03,30,1,5.87015
2013,03,30,2,5.76252
2013,03,30,3,5.7954300000000005
2013,03,30,4,6.75667
2013,03,30,5,8.494200000000001
2013,03,30,6,9.56955
2013,03,30,7,9.87687
2013,03,31,0,10.4326
2013,03,31,1,11.2796
2013,03,31,2,11.6256
2013,03,31,3,10.9841
2013,03,31,4,8.82447
2013,03,31,5,6.67942
2013,03,31,6,6.906359999999999
2013,03,31,7,8.29359
2013,03,1,0,9.77606
2013,03,1,1,11.505700000000001
2013,03,1,2,10.658700000000001
2013,03,1,3,8.9966
2013,03,1,4,8.323049999999999
2013,03,1,5,7.74521
2013,03,1,6,7.05196
2013,03,1,7,7.31159
2013,03,2,0,6.88802
2013,03,2,1,7.2363800000000005
2013,03,2,2,7.589930000000001
2013,03,2,3,8.642850000000001
2013,03,2,4,10.401
2013,03,2,5,10.127600000000001
2013,03,2,6,10.354899999999999
2013,03,2,7,10.4556
2013,03,3,0,10.277
2013,03,3,1,10.9352
2013,03,3,2,11.8354
2013,03,3,3,11.8175
2013,03,3,4,11.7932
2013,03,3,5,11.9865
2013,03,3,6,10.8353
2013,03,3,7,9.850670000000001
2013,03,4,0,9.51692
2013,03,4,1,9.660680000000001
2013,03,4,2,10.202399999999999
2013,03,4,3,10.1526
2013,03,4,4,10.0355
2013,03,4,5,9.58127
2013,03,4,6,8.90998
2013,03,4,7,8.42039
2013,03,5,0,8.224350000000001
2013,03,5,1,8.325370000000001
2013,03,5,2,7.596970000000001
2013,03,5,3,6.8956599999999995
2013,03,5,4,5.68842
2013,03,5,5,5.209359999999999
2013,03,5,6,5.62452
2013,03,5,7,6.39041
2013,03,6,0,8.10835
2013,03,6,1,8.94807
2013,03,6,2,9.00482
2013,03,6,3,7.998609999999999
2013,03,6,4,7.26566
2013,03,6,5,7.187810000000001
2013,03,6,6,8.157680000000001
2013,03,6,7,10.4933
2013,03,7,0,12.8511
2013,03,7,1,14.1227
2013,03,7,2,14.917
2013,03,7,3,15.6365
2013,03,7,4,12.2298
2013,03,7,5,6.83147
2013,03,7,6,5.337479999999999
2013,03,7,7,6.2715
2013,03,8,0,6.34337
2013,03,8,1,6.26612
2013,03,8,2,6.644310000000001
2013,03,8,3,6.79051
2013,03,8,4,6.56977
2013,03,8,5,6.214390000000001
2013,03,8,6,5.56508
2013,03,8,7,6.46663
2013,03,9,0,7.3750100000000005
2013,03,9,1,9.75078
2013,03,9,2,11.9099
2013,03,9,3,13.510399999999999
2013,03,9,4,14.514
2013,03,9,5,14.4185
2013,03,9,6,13.1389
2013,03,9,7,11.916799999999999
2013,03,10,0,11.720799999999999
2013,03,10,1,12.5189
2013,03,10,2,13.0095
2013,03,10,3,12.607700000000001
2013,03,10,4,13.9772
2013,03,10,5,13.4062
2013,03,10,6,12.6935
2013,03,10,7,11.920399999999999
2013,03,11,0,10.3316
2013,03,11,1,11.6446
2013,03,11,2,12.5468
2013,03,11,3,12.387799999999999
2013,03,11,4,12.3201
2013,03,11,5,12.9025
2013,03,11,6,12.5267
2013,03,11,7,11.9641
2013,03,12,0,10.906
2013,03,12,1,10.6506
2013,03,12,2,10.4249
2013,03,12,3,10.8535
2013,03,12,4,9.733120000000001
2013,03,12,5,10.2056
2013,03,12,6,10.213
2013,03,12,7,12.051
2013,03,13,0,13.4285
2013,03,13,1,14.6057
2013,03,13,2,15.5334
2013,03,13,3,16.1967
2013,03,13,4,17.4283
2013,03,13,5,17.2394
2013,03,13,6,17.290599999999998
2013,03,13,7,15.7549
2013,03,14,0,14.2682
2013,03,14,1,13.8751
2013,03,14,2,16.1928
2013,03,14,3,13.241100000000001
2013,03,14,4,12.2627
2013,03,14,5,12.631200000000002
2013,03,14,6,12.367700000000001
2013,03,14,7,11.3732
2013,03,15,0,12.4664
2013,03,15,1,13.945799999999998
2013,03,15,2,14.5502
2013,03,15,3,13.7481
2013,03,15,4,11.605799999999999
2013,03,15,5,12.1439
2013,03,15,6,13.267100000000001
2013,03,15,7,13.0426
2013,03,16,0,11.3576
2013,03,16,1,11.5639
2013,03,16,2,13.164
2013,03,16,3,14.1205
2013,03,16,4,14.418700000000001
2013,03,16,5,14.6911
2013,03,16,6,14.8218
2013,03,16,7,14.6904
2013,03,17,0,13.6156
2013,03,17,1,12.4279
2013,03,17,2,11.7226
2013,03,17,3,7.668159999999999
2013,03,17,4,7.48716
2013,03,17,5,8.151390000000001
2013,03,17,6,8.32518
2013,03,17,7,9.37859
2013,03,18,0,10.518
2013,03,18,1,10.8107
2013,03,18,2,9.0282
2013,03,18,3,7.59357
2013,03,18,4,6.95737
2013,03,18,5,8.9549
2013,03,18,6,12.206100000000001
2013,03,18,7,11.898100000000001
2013,03,19,0,10.1476
2013,03,19,1,6.80025
2013,03,19,2,5.243189999999999
2013,03,19,3,5.13384
2013,03,19,4,4.8145500000000006
2013,03,19,5,5.9465200000000005
2013,03,19,6,6.66703
2013,03,19,7,7.9438699999999995
2013,03,20,0,7.027
2013,03,20,1,6.40292
2013,03,20,2,7.01914
2013,03,20,3,6.99364
2013,03,20,4,5.88662
2013,03,20,5,5.51823
2013,03,20,6,7.46975
2013,03,20,7,8.07914
2013,03,21,0,7.926159999999999
2013,03,21,1,8.58416
2013,03,21,2,9.88497
2013,03,21,3,10.7864
2013,03,21,4,10.4645
2013,03,21,5,9.56176
2013,03,21,6,8.88035
2013,03,21,7,8.603309999999999
2013,03,22,0,5.71572
2013,03,22,1,4.656149999999999
2013,03,22,2,9.65708
2013,03,22,3,11.2203
2013,03,22,4,9.23077
2013,03,22,5,12.012
2013,03,22,6,11.5645
2013,03,22,7,12.2085
2013,03,23,0,10.4526
2013,03,23,1,9.49475
2013,03,23,2,9.66158
2013,03,23,3,10.0602
2013,03,23,4,10.4323
2013,03,23,5,10.9903
2013,03,23,6,10.793700000000001
2013,03,23,7,10.5559
2013,03,24,0,11.0632
2013,03,24,1,11.0815
2013,03,24,2,11.2371
2013,03,24,3,11.988
2013,03,24,4,12.9739
2013,03,24,5,13.2477
2013,03,24,6,9.48934
2013,03,24,7,7.75037
2013,03,25,0,7.327439999999999
2013,03,25,1,8.15996
2013,03,25,2,10.8438
2013,03,25,3,13.0967
2013,03,25,4,12.42
2013,03,25,5,9.79664
2013,03,25,6,6.92012
2013,03,25,7,5.75366
2013,03,26,0,6.743600000000001
2013,03,26,1,6.71401
2013,03,26,2,6.19897
2013,03,26,3,6.04925
2013,03,26,4,5.83197
2013,03,26,5,5.66002
2013,03,26,6,5.52754
2013,03,26,7,6.21414
2013,03,27,0,7.53059
2013,03,27,1,8.500110000000001
2013,03,27,2,9.23529
2013,03,27,3,10.947299999999998
2013,03,27,4,9.79711
2013,03,27,5,8.98514
2013,03,27,6,8.800780000000001
2013,03,27,7,6.84995
2013,03,28,0,7.26594
2013,03,28,1,6.82918
2013,03,28,2,6.58334
2013,03,28,3,6.54164
2013,03,28,4,6.73158
2013,03,28,5,7.58642
2013,03,28,6,9.7599
2013,03,28,7,11.0724
2013,03,29,0,9.96876
2013,03,29,1,8.86207
2013,03,29,2,8.73351
2013,03,29,3,9.27776
2013,03,29,4,10.8262
2013,03,29,5,10.9779
2013,03,29,6,10.769
2013,03,29,7,11.244399999999999
2013,03,30,0,12.065700000000001
2013,03,30,1,12.9569
2013,03,30,2,12.7973
2013,03,30,3,13.6084
2013,03,30,4,13.6921
2013,03,30,5,12.9244
2013,03,30,6,12.2858
2013,03,30,7,13.197700000000001
2013,03,31,0,12.7303
2013,03,31,1,11.7637
2013,03,31,2,11.508
2013,03,31,3,11.7784
2013,03,31,4,12.078700000000001
2013,03,31,5,11.4075
2013,03,31,6,10.726899999999999
2013,03,31,7,10.1006
2013,03,1,0,10.4653
2013,03,1,1,10.835700000000001
2013,03,1,2,9.18985
2013,03,1,3,8.255930000000001
2013,03,1,4,9.92563
2013,03,1,5,10.435
2013,03,1,6,10.4249
2013,03,1,7,9.98588
2013,03,2,0,9.90289
2013,03,2,1,11.0344
2013,03,2,2,10.9496
2013,03,2,3,9.85484
2013,03,2,4,8.08379
2013,03,2,5,7.52278
2013,03,2,6,7.113770000000001
2013,03,2,7,7.24011
2013,03,3,0,6.9859
2013,03,3,1,7.7766
2013,03,3,2,8.12419
2013,03,3,3,7.16287
2013,03,3,4,6.45118
2013,03,3,5,5.73081
2013,03,3,6,4.6897
2013,03,3,7,5.513529999999999
2013,03,4,0,6.617430000000001
2013,03,4,1,7.76432
2013,03,4,2,8.15553
2013,03,4,3,12.0187
2013,03,4,4,10.648299999999999
2013,03,4,5,11.1121
2013,03,4,6,10.2168
2013,03,4,7,6.68797
2013,03,5,0,4.80672
2013,03,5,1,4.8332299999999995
2013,03,5,2,4.6237200000000005
2013,03,5,3,5.76996
2013,03,5,4,6.86106
2013,03,5,5,4.8615699999999995
2013,03,5,6,7.45371
2013,03,5,7,10.3529
2013,03,6,0,11.8491
2013,03,6,1,11.595799999999999
2013,03,6,2,11.3946
2013,03,6,3,11.2646
2013,03,6,4,11.4346
2013,03,6,5,11.207600000000001
2013,03,6,6,10.8474
2013,03,6,7,10.3816
2013,03,7,0,9.30281
2013,03,7,1,8.484620000000001
2013,03,7,2,7.81217
2013,03,7,3,7.98858
2013,03,7,4,8.06629
2013,03,7,5,8.101420000000001
2013,03,7,6,8.35098
2013,03,7,7,8.41661
2013,03,8,0,8.21268
2013,03,8,1,7.08228
2013,03,8,2,5.86458
2013,03,8,3,5.22404
2013,03,8,4,4.46656
2013,03,8,5,3.75319
2013,03,8,6,4.98515
2013,03,8,7,6.81366
2013,03,9,0,7.13892
2013,03,9,1,3.48549
2013,03,9,2,5.8158
2013,03,9,3,6.141229999999999
2013,03,9,4,7.4166099999999995
2013,03,9,5,6.55016
2013,03,9,6,5.85729
2013,03,9,7,4.59088
2013,03,10,0,4.5624899999999995
2013,03,10,1,6.193239999999999
2013,03,10,2,7.3504
2013,03,10,3,8.12373
2013,03,10,4,8.80767
2013,03,10,5,8.528229999999999
2013,03,10,6,9.81913
2013,03,10,7,7.96974
2013,03,11,0,7.81843
2013,03,11,1,7.27026
2013,03,11,2,8.927059999999999
2013,03,11,3,10.6517
2013,03,11,4,10.972299999999999
2013,03,11,5,10.3137
2013,03,11,6,9.50336
2013,03,11,7,7.873600000000001
2013,03,12,0,6.08646
2013,03,12,1,4.78626
2013,03,12,2,4.51646
2013,03,12,3,5.3751999999999995
2013,03,12,4,8.00707
2013,03,12,5,9.403889999999999
2013,03,12,6,8.18419
2013,03,12,7,7.46711
2013,03,13,0,9.360059999999999
2013,03,13,1,10.2812
2013,03,13,2,10.1831
2013,03,13,3,9.52035
2013,03,13,4,10.0516
2013,03,13,5,10.2887
2013,03,13,6,9.86927
2013,03,13,7,9.23807
2013,03,14,0,8.65922
2013,03,14,1,8.66003
2013,03,14,2,8.59174
2013,03,14,3,8.96718
2013,03,14,4,9.61316
2013,03,14,5,9.95773
2013,03,14,6,9.93795
2013,03,14,7,9.6986
2013,03,15,0,9.92279
2013,03,15,1,9.39213
2013,03,15,2,9.823129999999999
2013,03,15,3,9.47368
2013,03,15,4,8.47823
2013,03,15,5,6.59609
2013,03,15,6,4.90297
2013,03,15,7,5.237850000000001
2013,03,16,0,5.13675
2013,03,16,1,6.06726
2013,03,16,2,9.6065
2013,03,16,3,11.7301
2013,03,16,4,13.74
2013,03,16,5,14.8425
2013,03,16,6,15.0183
2013,03,16,7,15.5606
2013,03,17,0,15.6474
2013,03,17,1,15.447
2013,03,17,2,14.9387
2013,03,17,3,13.500399999999999
2013,03,17,4,11.648700000000002
2013,03,17,5,9.86714
2013,03,17,6,7.794149999999999
2013,03,17,7,5.682300000000001
2013,03,18,0,4.82368
2013,03,18,1,4.901770000000001
2013,03,18,2,5.03192
2013,03,18,3,5.56398
2013,03,18,4,5.95613
2013,03,18,5,6.43894
2013,03,18,6,6.29854
2013,03,18,7,4.9446
2013,03,19,0,4.0784
2013,03,19,1,4.84209
2013,03,19,2,5.78944
2013,03,19,3,5.8815
2013,03,19,4,5.686229999999999
2013,03,19,5,6.409770000000001
2013,03,19,6,8.241430000000001
2013,03,19,7,9.49662
2013,03,20,0,11.108
2013,03,20,1,11.4991
2013,03,20,2,10.4016
2013,03,20,3,8.830770000000001
2013,03,20,4,8.68158
2013,03,20,5,8.66001
2013,03,20,6,7.10266
2013,03,20,7,6.139279999999999
2013,03,21,0,7.74385
2013,03,21,1,8.33392
2013,03,21,2,9.46701
2013,03,21,3,10.0485
2013,03,21,4,12.4649
2013,03,21,5,11.0425
2013,03,21,6,10.440700000000001
2013,03,21,7,10.5513
2013,03,22,0,10.266200000000001
2013,03,22,1,5.80304
2013,03,22,2,4.261760000000001
2013,03,22,3,4.4861
2013,03,22,4,5.15748
2013,03,22,5,4.72971
2013,03,22,6,5.37487
2013,03,22,7,7.5442
2013,03,23,0,8.977120000000001
2013,03,23,1,8.87634
2013,03,23,2,8.87162
2013,03,23,3,9.17577
2013,03,23,4,8.55851
2013,03,23,5,6.60149
2013,03,23,6,6.23955
2013,03,23,7,6.19828
2013,03,24,0,6.59377
2013,03,24,1,5.576020000000001
2013,03,24,2,4.81265
2013,03,24,3,4.55037
2013,03,24,4,3.88721
2013,03,24,5,3.2435500000000004
2013,03,24,6,3.15444
2013,03,24,7,3.72807
2013,03,25,0,4.43049
2013,03,25,1,4.629569999999999
2013,03,25,2,4.885260000000001
2013,03,25,3,5.089
2013,03,25,4,5.0146999999999995
2013,03,25,5,5.14074
2013,03,25,6,5.24592
2013,03,25,7,5.0329
2013,03,26,0,4.77095
2013,03,26,1,4.57371
2013,03,26,2,3.89007
2013,03,26,3,3.19165
2013,03,26,4,3.13779
2013,03,26,5,3.47673
2013,03,26,6,3.2814200000000002
2013,03,26,7,3.1170500000000003
2013,03,27,0,3.30185
2013,03,27,1,4.3113
2013,03,27,2,3.44661
2013,03,27,3,3.52935
2013,03,27,4,7.90885
2013,03,27,5,9.93425
2013,03,27,6,9.84842
2013,03,27,7,8.9649
2013,03,28,0,5.86372
2013,03,28,1,3.67095
2013,03,28,2,4.171279999999999
2013,03,28,3,4.98409
2013,03,28,4,6.60625
2013,03,28,5,8.074489999999999
2013,03,28,6,7.78553
2013,03,28,7,8.45289
2013,03,29,0,8.695780000000001
2013,03,29,1,9.07922
2013,03,29,2,10.0289
2013,03,29,3,10.6663
2013,03,29,4,7.53749
2013,03,29,5,3.1413699999999998
2013,03,29,6,2.97452
2013,03,29,7,5.67806
2013,03,30,0,7.21704
2013,03,30,1,6.277729999999999
2013,03,30,2,5.11955
2013,03,30,3,5.28621
2013,03,30,4,6.10262
2013,03,30,5,6.62095
2013,03,30,6,6.45953
2013,03,30,7,6.06151
2013,03,1,0,5.77084
2013,03,1,1,6.008520000000001
2013,03,1,2,6.084479999999999
2013,03,1,3,5.79324
2013,03,1,4,5.62779
2013,03,1,5,5.71082
2013,03,1,6,5.66723
2013,03,1,7,5.69662
2013,03,2,0,5.66539
2013,03,2,1,5.56441
2013,03,2,2,5.5250200000000005
2013,03,2,3,5.13507
2013,03,2,4,4.50692
2013,03,2,5,4.558479999999999
2013,03,2,6,4.80987
2013,03,2,7,4.70283
2013,03,3,0,4.5081999999999995
2013,03,3,1,4.625310000000001
2013,03,3,2,4.76713
2013,03,3,3,4.57987
2013,03,3,4,4.24282
2013,03,3,5,3.9595
2013,03,3,6,3.36132
2013,03,3,7,2.36916
2013,03,4,0,1.80077
2013,03,4,1,1.58172
2013,03,4,2,1.8895
2013,03,4,3,2.22797
2013,03,4,4,3.0746700000000002
2013,03,4,5,5.5737
2013,03,4,6,9.821399999999999
2013,03,4,7,11.153799999999999
2013,03,5,0,11.0053
2013,03,5,1,8.78129
2013,03,5,2,6.37463
2013,03,5,3,4.25359
2013,03,5,4,4.61194
2013,03,5,5,5.568689999999999
2013,03,5,6,5.84088
2013,03,5,7,5.4420399999999995
2013,03,6,0,4.8506599999999995
2013,03,6,1,3.40463
2013,03,6,2,3.28041
2013,03,6,3,3.63382
2013,03,6,4,4.9729399999999995
2013,03,6,5,7.863989999999999
2013,03,6,6,9.82559
2013,03,6,7,10.1966
2013,03,7,0,11.2248
2013,03,7,1,9.947940000000001
2013,03,7,2,9.208459999999999
2013,03,7,3,10.6124
2013,03,7,4,9.044030000000001
2013,03,7,5,7.25671
2013,03,7,6,6.22796
2013,03,7,7,6.44012
2013,03,8,0,6.90353
2013,03,8,1,6.2855
2013,03,8,2,6.6502
2013,03,8,3,6.105390000000001
2013,03,8,4,4.7189
2013,03,8,5,4.68004
2013,03,8,6,5.61564
2013,03,8,7,5.575699999999999
2013,03,9,0,4.35477
2013,03,9,1,3.25356
2013,03,9,2,2.46921
2013,03,9,3,2.6000199999999998
2013,03,9,4,4.05175
2013,03,9,5,6.50079
2013,03,9,6,10.8405
2013,03,9,7,12.095600000000001
2013,03,10,0,10.4085
2013,03,10,1,3.0866
2013,03,10,2,2.39785
2013,03,10,3,2.45784
2013,03,10,4,2.71799
2013,03,10,5,2.2248099999999997
2013,03,10,6,3.10128
2013,03,10,7,4.1327799999999995
2013,03,11,0,3.92617
2013,03,11,1,3.97967
2013,03,11,2,3.8419899999999996
2013,03,11,3,3.6219699999999997
2013,03,11,4,3.51969
2013,03,11,5,3.2864
2013,03,11,6,3.01247
2013,03,11,7,2.81219
2013,03,12,0,2.59116
2013,03,12,1,2.3887899999999997
2013,03,12,2,2.43667
2013,03,12,3,2.3387399999999996
2013,03,12,4,2.49785
2013,03,12,5,2.91038
2013,03,12,6,3.4376599999999997
2013,03,12,7,3.996
2013,03,13,0,4.244350000000001
2013,03,13,1,4.12678
2013,03,13,2,3.9797800000000003
2013,03,13,3,3.56871
2013,03,13,4,3.38949
2013,03,13,5,3.24145
2013,03,13,6,3.01564
2013,03,13,7,2.64994
2013,03,14,0,2.54708
2013,03,14,1,3.50414
2013,03,14,2,3.28127
2013,03,14,3,2.90785
2013,03,14,4,2.40633
2013,03,14,5,2.0076199999999997
2013,03,14,6,3.41948
2013,03,14,7,7.1671499999999995
2013,03,15,0,11.4775
2013,03,15,1,10.249600000000001
2013,03,15,2,4.73951
2013,03,15,3,6.40531
2013,03,15,4,10.4984
2013,03,15,5,4.60217
2013,03,15,6,1.6357599999999999
2013,03,15,7,1.56077
2013,03,16,0,3.0434699999999997
2013,03,16,1,3.72443
2013,03,16,2,2.7754899999999996
2013,03,16,3,2.6834000000000002
2013,03,16,4,3.1502800000000004
2013,03,16,5,3.2313400000000003
2013,03,16,6,3.65659
2013,03,16,7,4.56061
2013,03,17,0,5.64701
2013,03,17,1,5.12308
2013,03,17,2,3.84891
2013,03,17,3,2.8875900000000003
2013,03,17,4,2.96921
2013,03,17,5,3.6964200000000003
2013,03,17,6,4.3466499999999995
2013,03,17,7,5.42543
2013,03,18,0,5.7675
2013,03,18,1,6.054069999999999
2013,03,18,2,6.81203
2013,03,18,3,7.20227
2013,03,18,4,6.807270000000001
2013,03,18,5,6.92242
2013,03,18,6,7.60484
2013,03,18,7,7.35526
2013,03,19,0,4.54922
2013,03,19,1,4.85344
2013,03,19,2,4.766100000000001
2013,03,19,3,9.0551
2013,03,19,4,5.30433
2013,03,19,5,3.4212800000000003
2013,03,19,6,4.62808
2013,03,19,7,4.99998
2013,03,20,0,4.48154
2013,03,20,1,4.76614
2013,03,20,2,6.589989999999999
2013,03,20,3,8.98823
2013,03,20,4,9.231860000000001
2013,03,20,5,7.16219
2013,03,20,6,5.48289
2013,03,20,7,9.68458
2013,03,21,0,10.5689
2013,03,21,1,10.1114
2013,03,21,2,9.30669
2013,03,21,3,9.42966
2013,03,21,4,7.99287
2013,03,21,5,7.05531
2013,03,21,6,8.332559999999999
2013,03,21,7,9.63251
2013,03,22,0,9.405940000000001
2013,03,22,1,9.6686
2013,03,22,2,8.74659
2013,03,22,3,7.920979999999999
2013,03,22,4,6.793100000000001
2013,03,22,5,5.14808
2013,03,22,6,3.5485300000000004
2013,03,22,7,3.3747399999999996
2013,03,23,0,3.8051399999999997
2013,03,23,1,4.87458
2013,03,23,2,5.5274399999999995
2013,03,23,3,6.5021
2013,03,23,4,7.78087
2013,03,23,5,8.42915
2013,03,23,6,8.418280000000001
2013,03,23,7,8.62635
2013,03,24,0,9.01574
2013,03,24,1,9.75059
2013,03,24,2,10.6428
2013,03,24,3,6.1072299999999995
2013,03,24,4,3.1239899999999996
2013,03,24,5,2.5768299999999997
2013,03,24,6,3.09041
2013,03,24,7,3.04685
2013,03,25,0,2.9709299999999996
2013,03,25,1,5.16711
2013,03,25,2,5.44836
2013,03,25,3,5.40812
2013,03,25,4,4.09269
2013,03,25,5,3.73337
2013,03,25,6,2.45867
2013,03,25,7,4.29054
2013,03,26,0,7.109100000000001
2013,03,26,1,6.73407
2013,03,26,2,7.03315
2013,03,26,3,7.26912
2013,03,26,4,6.98553
2013,03,26,5,7.56301
2013,03,26,6,6.77344
2013,03,26,7,8.05753
2013,03,27,0,7.83313
2013,03,27,1,6.815060000000001
2013,03,27,2,5.97873
2013,03,27,3,5.13987
2013,03,27,4,3.8636
2013,03,27,5,3.34989
2013,03,27,6,3.09672
2013,03,27,7,2.4473200000000004
2013,03,28,0,2.0638
2013,03,28,1,1.84142
2013,03,28,2,1.77776
2013,03,28,3,1.74448
2013,03,28,4,1.66608
2013,03,28,5,1.94909
2013,03,28,6,3.3744699999999996
2013,03,28,7,5.27085
2013,03,29,0,7.16451
2013,03,29,1,9.642
2013,03,29,2,9.53785
2013,03,29,3,9.11076
2013,03,29,4,8.47881
2013,03,29,5,8.05289
2013,03,29,6,8.44119
2013,03,29,7,8.27519
2013,03,30,0,9.18052
2013,03,30,1,8.41356
2013,03,30,2,4.79276
2013,03,30,3,3.73116
2013,03,30,4,3.72356
2013,03,30,5,3.8290100000000002
2013,03,30,6,4.219270000000001
2013,03,30,7,4.5165500000000005
2013,03,31,0,4.00986
2013,03,31,1,5.13475
2013,03,31,2,7.72225
2013,03,31,3,7.90833
2013,03,31,4,5.44853
2013,03,31,5,4.7045200000000005
2013,03,31,6,4.0956399999999995
2013,03,31,7,3.21653
2013,03,1,0,2.9978200000000004
2013,03,1,1,3.8075900000000003
2013,03,1,2,3.39503
2013,03,1,3,3.22695
2013,03,1,4,3.3529299999999997
2013,03,1,5,3.20229
2013,03,1,6,3.0963499999999997
2013,03,1,7,2.85286
2013,03,2,0,2.60155
2013,03,2,1,2.68028
2013,03,2,2,2.64784
2013,03,2,3,2.5454899999999996
2013,03,2,4,2.22235
2013,03,2,5,1.79583
2013,03,2,6,1.52747
2013,03,2,7,1.67387
2013,03,3,0,2.20164
2013,03,3,1,2.5829
2013,03,3,2,2.72961
2013,03,3,3,2.7103
2013,03,3,4,2.69809
2013,03,3,5,2.4890700000000003
2013,03,3,6,2.07945
2013,03,3,7,1.91578
2013,03,4,0,1.88801
2013,03,4,1,1.7757100000000001
2013,03,4,2,1.73911
2013,03,4,3,1.6548
2013,03,4,4,1.4573900000000002
2013,03,4,5,1.28254
2013,03,4,6,1.27522
2013,03,4,7,1.0735599999999998
2013,03,5,0,0.788311
2013,03,5,1,0.618706
2013,03,5,2,0.61076
2013,03,5,3,1.17618
2013,03,5,4,3.55912
2013,03,5,5,4.51517
2013,03,5,6,3.6175
2013,03,5,7,2.67862
2013,03,6,0,2.72972
2013,03,6,1,2.5454
2013,03,6,2,2.0410999999999997
2013,03,6,3,2.15943
2013,03,6,4,1.97513
2013,03,6,5,2.20384
2013,03,6,6,2.42183
2013,03,6,7,2.3445
2013,03,7,0,2.4926500000000003
2013,03,7,1,2.5016
2013,03,7,2,2.45915
2013,03,7,3,2.78347
2013,03,7,4,2.21737
2013,03,7,5,2.12664
2013,03,7,6,2.82228
2013,03,7,7,3.51994
2013,03,8,0,3.80035
2013,03,8,1,3.5023
2013,03,8,2,3.14913
2013,03,8,3,2.7762800000000003
2013,03,8,4,2.58055
2013,03,8,5,2.56519
2013,03,8,6,2.6568400000000003
2013,03,8,7,2.68306
2013,03,9,0,2.55798
2013,03,9,1,2.12187
2013,03,9,2,2.08009
2013,03,9,3,2.38682
2013,03,9,4,2.4892600000000003
2013,03,9,5,2.49491
2013,03,9,6,2.27701
2013,03,9,7,1.90577
2013,03,10,0,1.3153299999999999
2013,03,10,1,0.79804
2013,03,10,2,0.611703
2013,03,10,3,0.604423
2013,03,10,4,0.601957
2013,03,10,5,0.71047
2013,03,10,6,0.885153
2013,03,10,7,1.14027
2013,03,11,0,1.4121700000000001
2013,03,11,1,1.5853199999999998
2013,03,11,2,1.46096
2013,03,11,3,1.8850799999999999
2013,03,11,4,2.8095700000000003
2013,03,11,5,3.7608699999999997
2013,03,11,6,3.9129099999999997
2013,03,11,7,3.0623
2013,03,12,0,1.2241199999999999
2013,03,12,1,0.763786
2013,03,12,2,5.845890000000001
2013,03,12,3,7.6229
2013,03,12,4,8.17231
2013,03,12,5,8.20806
2013,03,12,6,9.54574
2013,03,12,7,9.7481
2013,03,13,0,6.839720000000001
2013,03,13,1,5.28505
2013,03,13,2,5.35532
2013,03,13,3,5.53022
2013,03,13,4,5.35702
2013,03,13,5,5.13155
2013,03,13,6,4.42561
2013,03,13,7,4.29707
2013,03,14,0,4.40433
2013,03,14,1,3.8425100000000003
2013,03,14,2,2.44527
2013,03,14,3,3.26416
2013,03,14,4,3.35957
2013,03,14,5,4.14913
2013,03,14,6,5.13466
2013,03,14,7,5.52461
2013,03,15,0,6.96341
2013,03,15,1,6.9496899999999995
2013,03,15,2,5.27263
2013,03,15,3,3.92098
2013,03,15,4,3.21661
2013,03,15,5,3.5994200000000003
2013,03,15,6,3.88983
2013,03,15,7,3.3574499999999996
2013,03,16,0,2.84778
2013,03,16,1,2.49352
2013,03,16,2,2.15567
2013,03,16,3,1.92154
2013,03,16,4,1.78362
2013,03,16,5,1.66733
2013,03,16,6,1.55071
2013,03,16,7,1.4383800000000002
2013,03,17,0,1.35685
2013,03,17,1,1.29779
2013,03,17,2,1.2969000000000002
2013,03,17,3,1.3036800000000002
2013,03,17,4,1.35981
2013,03,17,5,1.36093
2013,03,17,6,1.2516800000000001
2013,03,17,7,1.3435599999999999
2013,03,18,0,1.6179400000000002
2013,03,18,1,1.6905999999999999
2013,03,18,2,1.52924
2013,03,18,3,1.40509
2013,03,18,4,1.5431700000000002
2013,03,18,5,1.65853
2013,03,18,6,1.3133299999999999
2013,03,18,7,1.03958
2013,03,19,0,0.867424
2013,03,19,1,0.724719
2013,03,19,2,0.658146
2013,03,19,3,0.61339
2013,03,19,4,0.615272
2013,03,19,5,0.655738
2013,03,19,6,0.704341
2013,03,19,7,0.754571
2013,03,20,0,0.754487
2013,03,20,1,0.746717
2013,03,20,2,0.744447
2013,03,20,3,0.692716
2013,03,20,4,0.5823529999999999
2013,03,20,5,0.632466
2013,03,20,6,0.9809
2013,03,20,7,0.987336
2013,03,21,0,1.2785799999999998
2013,03,21,1,1.29767
2013,03,21,2,0.94101
2013,03,21,3,0.935596
2013,03,21,4,1.35137
2013,03,21,5,1.67521
2013,03,21,6,2.00509
2013,03,21,7,2.3238499999999997
2013,03,22,0,2.69836
2013,03,22,1,2.99915
2013,03,22,2,3.2306999999999997
2013,03,22,3,3.61538
2013,03,22,4,4.04103
2013,03,22,5,4.61334
2013,03,22,6,5.087470000000001
2013,03,22,7,4.967779999999999
2013,03,23,0,4.54828
2013,03,23,1,4.5888800000000005
2013,03,23,2,4.66003
2013,03,23,3,4.00438
2013,03,23,4,5.13506
2013,03,23,5,7.434060000000001
2013,03,23,6,9.8331
2013,03,23,7,10.098
2013,03,24,0,8.673729999999999
2013,03,24,1,4.32481
2013,03,24,2,1.50442
2013,03,24,3,2.0668699999999998
2013,03,24,4,0.996678
2013,03,24,5,0.652833
2013,03,24,6,0.7475539999999999
2013,03,24,7,1.09862
2013,03,25,0,1.54775
2013,03,25,1,2.0495799999999997
2013,03,25,2,2.4791999999999996
2013,03,25,3,2.7245500000000002
2013,03,25,4,2.54235
2013,03,25,5,2.651
2013,03,25,6,3.18848
2013,03,25,7,4.185779999999999
2013,03,26,0,5.92648
2013,03,26,1,5.8963
2013,03,26,2,6.97937
2013,03,26,3,5.74443
2013,03,26,4,5.77055
2013,03,26,5,6.07154
2013,03,26,6,5.68523
2013,03,26,7,4.782649999999999
2013,03,27,0,4.25648
2013,03,27,1,4.4173599999999995
2013,03,27,2,4.62035
2013,03,27,3,4.99164
2013,03,27,4,5.06913
2013,03,27,5,4.89858
2013,03,27,6,5.14554
2013,03,27,7,5.44537
2013,03,28,0,5.829770000000001
2013,03,28,1,5.275810000000001
2013,03,28,2,4.89675
2013,03,28,3,7.01286
2013,03,28,4,7.84154
2013,03,28,5,8.204889999999999
2013,03,28,6,7.888
2013,03,28,7,1.7874400000000001
2013,03,29,0,1.93232
2013,03,29,1,2.26628
2013,03,29,2,1.96042
2013,03,29,3,1.5012999999999999
2013,03,29,4,1.59315
2013,03,29,5,2.03809
2013,03,29,6,2.85032
2013,03,29,7,3.5770500000000003
2013,03,30,0,3.73573
2013,03,30,1,3.51294
2013,03,30,2,4.07071
2013,03,30,3,5.04241
2013,03,30,4,5.05021
2013,03,30,5,5.7513000000000005
2013,03,30,6,4.6657
2013,03,30,7,3.444
2013,03,1,0,3.32152
2013,03,1,1,4.73349
2013,03,1,2,4.91953
2013,03,1,3,4.27259
2013,03,1,4,4.90437
2013,03,1,5,4.89846
2013,03,1,6,4.82923
2013,03,1,7,4.527220000000001
2013,03,2,0,4.49507
2013,03,2,1,4.3496999999999995
2013,03,2,2,3.97218
2013,03,2,3,3.6811100000000003
2013,03,2,4,3.49905
2013,03,2,5,3.25992
2013,03,2,6,2.9385100000000004
2013,03,2,7,2.7094899999999997
2013,03,3,0,2.61492
2013,03,3,1,2.4236999999999997
2013,03,3,2,1.79343
2013,03,3,3,1.38456
2013,03,3,4,1.76127
2013,03,3,5,1.58909
2013,03,3,6,1.1336199999999999
2013,03,3,7,0.635263
2013,03,4,0,0.289499
2013,03,4,1,0.38476699999999997
2013,03,4,2,0.306897
2013,03,4,3,0.336555
2013,03,4,4,0.43151999999999996
2013,03,4,5,0.494537
2013,03,4,6,0.517683
2013,03,4,7,0.527702
2013,03,5,0,0.513751
2013,03,5,1,0.527342
2013,03,5,2,0.610245
2013,03,5,3,0.699394
2013,03,5,4,0.727519
2013,03,5,5,0.633451
2013,03,5,6,0.670106
2013,03,5,7,0.733014
2013,03,6,0,0.769634
2013,03,6,1,0.7826799999999999
2013,03,6,2,0.795378
2013,03,6,3,0.8230919999999999
2013,03,6,4,0.7902480000000001
2013,03,6,5,0.70809
2013,03,6,6,0.618409
2013,03,6,7,0.526189
2013,03,7,0,0.455569
2013,03,7,1,0.482405
2013,03,7,2,0.7156290000000001
2013,03,7,3,1.04071
2013,03,7,4,1.43527
2013,03,7,5,2.14789
2013,03,7,6,2.66919
2013,03,7,7,1.65422
2013,03,8,0,2.31972
2013,03,8,1,2.23984
2013,03,8,2,1.59521
2013,03,8,3,0.852136
2013,03,8,4,0.633365
2013,03,8,5,0.898813
2013,03,8,6,1.9246500000000002
2013,03,8,7,4.01363
2013,03,9,0,5.24455
2013,03,9,1,4.69661
2013,03,9,2,3.85142
2013,03,9,3,4.09932
2013,03,9,4,2.4467800000000004
2013,03,9,5,2.89557
2013,03,9,6,2.95687
2013,03,9,7,2.92712
2013,03,10,0,2.89025
2013,03,10,1,2.64452
2013,03,10,2,2.1443499999999998
2013,03,10,3,1.47558
2013,03,10,4,0.884996
2013,03,10,5,0.60627
2013,03,10,6,0.997616
2013,03,10,7,1.35758
2013,03,11,0,1.87592
2013,03,11,1,2.65526
2013,03,11,2,3.05124
2013,03,11,3,3.3141100000000003
2013,03,11,4,3.5036
2013,03,11,5,3.73325
2013,03,11,6,3.9591
2013,03,11,7,4.34392
2013,03,12,0,4.635
2013,03,12,1,4.72184
2013,03,12,2,3.95667
2013,03,12,3,4.31392
2013,03,12,4,4.58528
2013,03,12,5,5.42154
2013,03,12,6,4.48458
2013,03,12,7,4.10236
2013,03,13,0,3.74165
2013,03,13,1,3.5835
2013,03,13,2,4.34523
2013,03,13,3,4.38828
2013,03,13,4,3.9358899999999997
2013,03,13,5,3.00604
2013,03,13,6,2.58226
2013,03,13,7,3.24106
2013,03,14,0,3.97818
2013,03,14,1,4.58235
2013,03,14,2,5.4416199999999995
2013,03,14,3,5.93195
2013,03,14,4,5.97821
2013,03,14,5,5.317060000000001
2013,03,14,6,4.48564
2013,03,14,7,5.6031
2013,03,15,0,7.34284
2013,03,15,1,3.9713499999999997
2013,03,15,2,5.10399
2013,03,15,3,3.07215
2013,03,15,4,1.93872
2013,03,15,5,1.2503499999999999
2013,03,15,6,1.3473
2013,03,15,7,1.6531500000000001
2013,03,16,0,2.05823
2013,03,16,1,2.288
2013,03,16,2,2.12577
2013,03,16,3,1.4418900000000001
2013,03,16,4,1.38334
2013,03,16,5,1.20681
2013,03,16,6,1.6044200000000002
2013,03,16,7,1.2358699999999998
2013,03,17,0,1.35103
2013,03,17,1,1.93797
2013,03,17,2,3.5084899999999997
2013,03,17,3,4.7652
2013,03,17,4,5.21896
2013,03,17,5,6.0043999999999995
2013,03,17,6,2.9082199999999996
2013,03,17,7,2.5518400000000003
2013,03,18,0,1.92462
2013,03,18,1,1.69906
2013,03,18,2,1.57741
2013,03,18,3,1.39798
2013,03,18,4,1.28805
2013,03,18,5,1.16086
2013,03,18,6,0.843395
2013,03,18,7,0.797436
2013,03,19,0,0.741268
2013,03,19,1,0.825164
2013,03,19,2,1.00035
2013,03,19,3,1.02724
2013,03,19,4,0.8834690000000001
2013,03,19,5,0.887926
2013,03,19,6,1.14849
2013,03,19,7,1.67313
2013,03,20,0,2.2351199999999998
2013,03,20,1,2.7649299999999997
2013,03,20,2,2.8446100000000003
2013,03,20,3,2.67763
2013,03,20,4,2.48874
2013,03,20,5,2.43908
2013,03,20,6,2.56704
2013,03,20,7,2.5578499999999997
2013,03,21,0,2.43073
2013,03,21,1,2.08686
2013,03,21,2,1.60336
2013,03,21,3,1.25171
2013,03,21,4,1.06989
2013,03,21,5,0.808035
2013,03,21,6,0.59548
2013,03,21,7,0.390062
2013,03,22,0,0.414547
2013,03,22,1,0.40188999999999997
2013,03,22,2,0.36884
2013,03,22,3,0.340148
2013,03,22,4,0.282934
2013,03,22,5,0.392218
2013,03,22,6,1.11294
2013,03,22,7,3.5213400000000004
2013,03,23,0,6.05403
2013,03,23,1,8.00367
2013,03,23,2,8.49081
2013,03,23,3,8.273340000000001
2013,03,23,4,3.8699
2013,03,23,5,5.27643
2013,03,23,6,4.00158
2013,03,23,7,3.0655300000000003
2013,03,24,0,2.68964
2013,03,24,1,3.27439
2013,03,24,2,3.11279
2013,03,24,3,2.8988899999999997
2013,03,24,4,2.5206999999999997
2013,03,24,5,2.71123
2013,03,24,6,2.6197199999999996
2013,03,24,7,2.1620100000000004
2013,03,25,0,2.10455
2013,03,25,1,2.7136199999999997
2013,03,25,2,4.14667
2013,03,25,3,5.3150699999999995
2013,03,25,4,6.10224
2013,03,25,5,6.78358
2013,03,25,6,6.24638
2013,03,25,7,3.41028
2013,03,26,0,2.44719
2013,03,26,1,2.91708
2013,03,26,2,3.1824299999999996
2013,03,26,3,4.1233
2013,03,26,4,5.49512
2013,03,26,5,6.8021
2013,03,26,6,8.03556
2013,03,26,7,8.260069999999999
2013,03,27,0,7.00904
2013,03,27,1,4.9112
2013,03,27,2,5.2618599999999995
2013,03,27,3,5.779529999999999
2013,03,27,4,5.6738800000000005
2013,03,27,5,5.40209
2013,03,27,6,4.82261
2013,03,27,7,4.285220000000001
2013,03,28,0,3.56596
2013,03,28,1,2.94793
2013,03,28,2,2.48842
2013,03,28,3,2.58837
2013,03,28,4,2.2451
2013,03,28,5,1.8085
2013,03,28,6,1.70852
2013,03,28,7,1.4570699999999999
2013,03,29,0,1.5899400000000001
2013,03,29,1,2.3601900000000002
2013,03,29,2,3.88596
2013,03,29,3,4.5795699999999995
2013,03,29,4,4.51229
2013,03,29,5,4.2706
2013,03,29,6,4.23784
2013,03,29,7,3.65122
2013,03,30,0,3.31464
2013,03,30,1,2.45136
2013,03,30,2,2.53588
2013,03,30,3,2.64124
2013,03,30,4,2.57707
2013,03,30,5,3.0153600000000003
2013,03,30,6,3.63526
2013,03,30,7,4.07395
2013,03,31,0,4.20331
2013,03,31,1,4.1617299999999995
2013,03,31,2,3.84814
2013,03,31,3,3.44169
2013,03,31,4,3.32878
2013,03,31,5,3.52883
2013,03,31,6,3.3994400000000002
2013,03,31,7,3.30746
2014,03,1,0,3.26091
2014,03,1,1,3.3278600000000003
2014,03,1,2,2.9631
2014,03,1,3,2.55011
2014,03,1,4,2.24519
2014,03,1,5,2.60187
2014,03,1,6,3.4013299999999997
2014,03,1,7,4.5995
2014,03,2,0,6.462020000000001
2014,03,2,1,8.44981
2014,03,2,2,8.94693
2014,03,2,3,8.14943
2014,03,2,4,5.84776
2014,03,2,5,4.90241
2014,03,2,6,4.72546
2014,03,2,7,3.3938800000000002
2014,03,3,0,2.11624
2014,03,3,1,1.79846
2014,03,3,2,1.71549
2014,03,3,3,2.1926900000000002
2014,03,3,4,2.5037399999999996
2014,03,3,5,2.36404
2014,03,3,6,2.18018
2014,03,3,7,1.8599100000000002
2014,03,4,0,1.12372
2014,03,4,1,0.777762
2014,03,4,2,0.701894
2014,03,4,3,0.612251
2014,03,4,4,0.415485
2014,03,4,5,0.418471
2014,03,4,6,0.43588499999999997
2014,03,4,7,0.444005
2014,03,5,0,0.37535399999999997
2014,03,5,1,0.412323
2014,03,5,2,0.615516
2014,03,5,3,0.915731
2014,03,5,4,1.48666
2014,03,5,5,2.31209
2014,03,5,6,3.76775
2014,03,5,7,5.6524399999999995
2014,03,6,0,6.666810000000001
2014,03,6,1,6.66845
2014,03,6,2,5.9005600000000005
2014,03,6,3,5.526770000000001
2014,03,6,4,7.99418
2014,03,6,5,7.77524
2014,03,6,6,7.009390000000001
2014,03,6,7,4.72304
2014,03,7,0,3.2512800000000004
2014,03,7,1,2.64282
2014,03,7,2,2.78112
2014,03,7,3,2.95094
2014,03,7,4,3.0346599999999997
2014,03,7,5,3.00885
2014,03,7,6,3.1657800000000003
2014,03,7,7,3.87858
2014,03,8,0,4.56408
2014,03,8,1,5.1864099999999995
2014,03,8,2,5.2481599999999995
2014,03,8,3,5.3573699999999995
2014,03,8,4,4.588229999999999
2014,03,8,5,2.92801
2014,03,8,6,2.74012
2014,03,8,7,2.56037
2014,03,9,0,2.60658
2014,03,9,1,3.5959899999999996
2014,03,9,2,4.56619
2014,03,9,3,5.333279999999999
2014,03,9,4,5.6587
2014,03,9,5,5.42287
2014,03,9,6,4.6438500000000005
2014,03,9,7,2.92854
2014,03,10,0,3.53049
2014,03,10,1,3.00348
2014,03,10,2,2.74865
2014,03,10,3,2.57827
2014,03,10,4,2.45621
2014,03,10,5,2.87629
2014,03,10,6,2.58475
2014,03,10,7,2.1460500000000002
2014,03,11,0,2.17222
2014,03,11,1,1.86948
2014,03,11,2,2.08006
2014,03,11,3,3.32543
2014,03,11,4,4.45909
2014,03,11,5,4.979439999999999
2014,03,11,6,4.86005
2014,03,11,7,2.72572
2014,03,12,0,2.9862800000000003
2014,03,12,1,2.76293
2014,03,12,2,2.58104
2014,03,12,3,2.5489499999999996
2014,03,12,4,2.21629
2014,03,12,5,1.81013
2014,03,12,6,1.42295
2014,03,12,7,1.78551
2014,03,13,0,3.30261
2014,03,13,1,4.02792
2014,03,13,2,2.66427
2014,03,13,3,2.21645
2014,03,13,4,2.18985
2014,03,13,5,2.91075
2014,03,13,6,2.93147
2014,03,13,7,2.5114699999999996
2014,03,14,0,2.21164
2014,03,14,1,2.2364499999999996
2014,03,14,2,2.92516
2014,03,14,3,4.13931
2014,03,14,4,5.67775
2014,03,14,5,6.99196
2014,03,14,6,7.567069999999999
2014,03,14,7,9.18025
2014,03,15,0,10.0855
2014,03,15,1,8.132
2014,03,15,2,2.1904299999999997
2014,03,15,3,1.33328
2014,03,15,4,1.7683499999999999
2014,03,15,5,1.33616
2014,03,15,6,1.1883
2014,03,15,7,1.0773
2014,03,16,0,1.42388
2014,03,16,1,2.2197199999999997
2014,03,16,2,3.5095
2014,03,16,3,4.41389
2014,03,16,4,4.30934
2014,03,16,5,4.2283
2014,03,16,6,4.7676099999999995
2014,03,16,7,6.82101
2014,03,17,0,4.40236
2014,03,17,1,6.02801
2014,03,17,2,9.49564
2014,03,17,3,6.216600000000001
2014,03,17,4,3.07687
2014,03,17,5,2.25445
2014,03,17,6,2.204
2014,03,17,7,2.1504899999999996
2014,03,18,0,2.49722
2014,03,18,1,2.4092
2014,03,18,2,2.81946
2014,03,18,3,5.06093
2014,03,18,4,3.3324000000000003
2014,03,18,5,2.46089
2014,03,18,6,1.42197
2014,03,18,7,0.819697
2014,03,19,0,4.37152
2014,03,19,1,3.3526700000000003
2014,03,19,2,4.13491
2014,03,19,3,1.75128
2014,03,19,4,1.57549
2014,03,19,5,2.1421799999999998
2014,03,19,6,3.89342
2014,03,19,7,2.65707
2014,03,20,0,2.56052
2014,03,20,1,2.34243
2014,03,20,2,2.0956900000000003
2014,03,20,3,2.22201
2014,03,20,4,2.391
2014,03,20,5,3.0702
2014,03,20,6,4.26217
2014,03,20,7,5.47171
2014,03,21,0,6.56217
2014,03,21,1,6.63212
2014,03,21,2,5.929939999999999
2014,03,21,3,4.552020000000001
2014,03,21,4,3.78645
2014,03,21,5,3.40825
2014,03,21,6,2.5283200000000003
2014,03,21,7,1.7262
2014,03,22,0,1.7231800000000002
2014,03,22,1,2.57417
2014,03,22,2,4.38466
2014,03,22,3,4.95432
2014,03,22,4,4.41998
2014,03,22,5,4.27933
2014,03,22,6,3.88021
2014,03,22,7,2.97987
2014,03,23,0,3.8958000000000004
2014,03,23,1,4.30496
2014,03,23,2,3.5995500000000002
2014,03,23,3,2.4468400000000003
2014,03,23,4,8.99667
2014,03,23,5,10.2337
2014,03,23,6,9.835280000000001
2014,03,23,7,8.72843
2014,03,24,0,9.34414
2014,03,24,1,10.1187
2014,03,24,2,7.65306
2014,03,24,3,6.06567
2014,03,24,4,6.38432
2014,03,24,5,6.70074
2014,03,24,6,7.44285
2014,03,24,7,7.03508
2014,03,25,0,5.83807
2014,03,25,1,5.01387
2014,03,25,2,6.202
2014,03,25,3,6.61472
2014,03,25,4,6.43894
2014,03,25,5,7.607729999999999
2014,03,25,6,5.14924
2014,03,25,7,2.14936
2014,03,26,0,2.7756999999999996
2014,03,26,1,4.1660200000000005
2014,03,26,2,4.2214
2014,03,26,3,1.91306
2014,03,26,4,1.14646
2014,03,26,5,0.918001
2014,03,26,6,0.8786470000000001
2014,03,26,7,1.0861500000000002
2014,03,27,0,1.07718
2014,03,27,1,0.978398
2014,03,27,2,0.9810420000000001
2014,03,27,3,1.06272
2014,03,27,4,1.3324500000000001
2014,03,27,5,1.59325
2014,03,27,6,2.19691
2014,03,27,7,2.16611
2014,03,28,0,1.7678699999999998
2014,03,28,1,1.6253199999999999
2014,03,28,2,2.41118
2014,03,28,3,2.81471
2014,03,28,4,2.59319
2014,03,28,5,2.86375
2014,03,28,6,3.2857600000000002
2014,03,28,7,3.34586
2014,03,29,0,3.42724
2014,03,29,1,3.72946
2014,03,29,2,4.3424700000000005
2014,03,29,3,4.84585
2014,03,29,4,4.85241
2014,03,29,5,3.25149
2014,03,29,6,1.36653
2014,03,29,7,0.9547640000000001
2014,03,30,0,0.692412
2014,03,30,1,0.676389
2014,03,30,2,0.749433
2014,03,30,3,0.531125
2014,03,30,4,0.505345
2014,03,30,5,0.597427
2014,03,30,6,0.859718
2014,03,30,7,1.20383
2014,03,31,0,1.97887
2014,03,31,1,2.4673499999999997
2014,03,31,2,1.98481
2014,03,31,3,3.2341599999999997
2014,03,31,4,1.5066
2014,03,31,5,0.749688
2014,03,31,6,0.6445960000000001
2014,03,31,7,0.71205
2014,03,1,0,0.821484
2014,03,1,1,0.9135650000000001
2014,03,1,2,1.08378
2014,03,1,3,1.1260899999999998
2014,03,1,4,1.38988
2014,03,1,5,2.55972
2014,03,1,6,2.7084699999999997
2014,03,1,7,2.39637
2014,03,2,0,1.87273
2014,03,2,1,0.53212
2014,03,2,2,0.499742
2014,03,2,3,0.6712899999999999
2014,03,2,4,0.885316
2014,03,2,5,1.89837
2014,03,2,6,1.76583
2014,03,2,7,1.25624
2014,03,3,0,0.654123
2014,03,3,1,0.677976
2014,03,3,2,0.805387
2014,03,3,3,0.963405
2014,03,3,4,0.88639
2014,03,3,5,0.897775
2014,03,3,6,0.8872369999999999
2014,03,3,7,0.8208759999999999
2014,03,4,0,0.775764
2014,03,4,1,0.613092
2014,03,4,2,0.6430220000000001
2014,03,4,3,0.626294
2014,03,4,4,0.615502
2014,03,4,5,0.644302
2014,03,4,6,0.5710729999999999
2014,03,4,7,0.544669
2014,03,5,0,0.5876849999999999
2014,03,5,1,0.613069
2014,03,5,2,0.566154
2014,03,5,3,0.533358
2014,03,5,4,0.543847
2014,03,5,5,0.461383
2014,03,5,6,0.437302
2014,03,5,7,0.542781
2014,03,6,0,0.6277619999999999
2014,03,6,1,0.6403260000000001
2014,03,6,2,0.7139610000000001
2014,03,6,3,0.745375
2014,03,6,4,0.6909249999999999
2014,03,6,5,0.6253110000000001
2014,03,6,6,0.568867
2014,03,6,7,0.6925370000000001
2014,03,7,0,1.00386
2014,03,7,1,1.07644
2014,03,7,2,1.00721
2014,03,7,3,1.05849
2014,03,7,4,1.05149
2014,03,7,5,1.00736
2014,03,7,6,1.17246
2014,03,7,7,1.33555
2014,03,8,0,1.38114
2014,03,8,1,0.994425
2014,03,8,2,0.5506559999999999
2014,03,8,3,0.694671
2014,03,8,4,0.624407
2014,03,8,5,0.6037830000000001
2014,03,8,6,0.688619
2014,03,8,7,0.800556
2014,03,9,0,0.865549
2014,03,9,1,0.9199579999999999
2014,03,9,2,0.9692759999999999
2014,03,9,3,0.952291
2014,03,9,4,0.936625
2014,03,9,5,0.911528
2014,03,9,6,0.907898
2014,03,9,7,0.760932
2014,03,10,0,0.709774
2014,03,10,1,0.764738
2014,03,10,2,0.814255
2014,03,10,3,0.805132
2014,03,10,4,1.06551
2014,03,10,5,1.341
2014,03,10,6,1.4720199999999999
2014,03,10,7,2.4133299999999998
2014,03,11,0,2.8406100000000003
2014,03,11,1,2.54002
2014,03,11,2,2.22639
2014,03,11,3,2.03151
2014,03,11,4,2.0393399999999997
2014,03,11,5,2.00765
2014,03,11,6,1.88589
2014,03,11,7,2.0524400000000003
2014,03,12,0,2.3848000000000003
2014,03,12,1,2.72043
2014,03,12,2,3.24613
2014,03,12,3,3.84586
2014,03,12,4,4.04761
2014,03,12,5,3.4903299999999997
2014,03,12,6,2.24311
2014,03,12,7,2.8078600000000002
2014,03,13,0,2.2992199999999996
2014,03,13,1,0.574533
2014,03,13,2,0.967211
2014,03,13,3,1.46111
2014,03,13,4,1.97369
2014,03,13,5,2.63811
2014,03,13,6,3.08223
2014,03,13,7,2.93585
2014,03,14,0,3.45148
2014,03,14,1,3.37173
2014,03,14,2,2.15057
2014,03,14,3,1.82395
2014,03,14,4,1.56859
2014,03,14,5,1.463
2014,03,14,6,1.90061
2014,03,14,7,2.7885500000000003
2014,03,15,0,3.99931
2014,03,15,1,3.98852
2014,03,15,2,3.69558
2014,03,15,3,2.83536
2014,03,15,4,2.18351
2014,03,15,5,1.7049
2014,03,15,6,1.91722
2014,03,15,7,2.30823
2014,03,16,0,2.36009
2014,03,16,1,2.2589200000000003
2014,03,16,2,2.73515
2014,03,16,3,3.38361
2014,03,16,4,4.293699999999999
2014,03,16,5,4.50575
2014,03,16,6,4.2814499999999995
2014,03,16,7,4.176939999999999
2014,03,17,0,3.9258
2014,03,17,1,3.40156
2014,03,17,2,1.82572
2014,03,17,3,2.52379
2014,03,17,4,2.92731
2014,03,17,5,2.70288
2014,03,17,6,1.96014
2014,03,17,7,1.6494000000000002
2014,03,18,0,2.18461
2014,03,18,1,2.37603
2014,03,18,2,2.57645
2014,03,18,3,1.8593
2014,03,18,4,1.5089000000000001
2014,03,18,5,1.63
2014,03,18,6,2.29468
2014,03,18,7,1.6444400000000001
2014,03,19,0,1.3003900000000002
2014,03,19,1,1.93252
2014,03,19,2,2.72239
2014,03,19,3,2.88693
2014,03,19,4,2.83135
2014,03,19,5,2.72054
2014,03,19,6,2.37338
2014,03,19,7,0.9830059999999999
2014,03,20,0,1.54966
2014,03,20,1,1.85622
2014,03,20,2,2.0032200000000002
2014,03,20,3,1.78103
2014,03,20,4,1.86883
2014,03,20,5,2.05009
2014,03,20,6,2.04035
2014,03,20,7,1.9660199999999999
2014,03,21,0,1.90459
2014,03,21,1,1.94928
2014,03,21,2,1.84301
2014,03,21,3,1.6301199999999998
2014,03,21,4,1.56025
2014,03,21,5,1.34744
2014,03,21,6,1.00756
2014,03,21,7,0.913212
2014,03,22,0,0.951115
2014,03,22,1,0.845624
2014,03,22,2,0.844263
2014,03,22,3,0.8756710000000001
2014,03,22,4,0.80043
2014,03,22,5,0.753026
2014,03,22,6,0.798938
2014,03,22,7,0.826878
2014,03,23,0,0.793798
2014,03,23,1,0.7349220000000001
2014,03,23,2,0.738399
2014,03,23,3,0.751404
2014,03,23,4,0.7175069999999999
2014,03,23,5,0.659186
2014,03,23,6,0.601641
2014,03,23,7,0.5488970000000001
2014,03,24,0,0.511139
2014,03,24,1,0.516371
2014,03,24,2,0.568271
2014,03,24,3,0.555783
2014,03,24,4,0.5151290000000001
2014,03,24,5,0.725964
2014,03,24,6,0.8001900000000001
2014,03,24,7,0.9088890000000001
2014,03,25,0,1.0052999999999999
2014,03,25,1,0.9508690000000001
2014,03,25,2,1.06205
2014,03,25,3,1.31728
2014,03,25,4,1.57684
2014,03,25,5,1.6008699999999998
2014,03,25,6,1.4872400000000001
2014,03,25,7,1.3436
2014,03,26,0,1.28963
2014,03,26,1,1.30357
2014,03,26,2,1.3363900000000002
2014,03,26,3,1.1688399999999999
2014,03,26,4,1.09474
2014,03,26,5,1.2260199999999999
2014,03,26,6,1.41076
2014,03,26,7,1.64845
2014,03,27,0,2.03164
2014,03,27,1,2.4209
2014,03,27,2,2.45952
2014,03,27,3,1.9435499999999999
2014,03,27,4,1.4886400000000002
2014,03,27,5,2.15403
2014,03,27,6,1.28937
2014,03,27,7,1.17598
2014,03,28,0,0.373102
2014,03,28,1,0.438531
2014,03,28,2,0.405098
2014,03,28,3,0.34920999999999996
2014,03,28,4,0.336272
2014,03,28,5,0.331964
2014,03,28,6,0.337785
2014,03,28,7,0.219423
2014,03,1,0,0.263181
2014,03,1,1,0.363166
2014,03,1,2,0.396717
2014,03,1,3,0.363
2014,03,1,4,0.415257
2014,03,1,5,0.479646
2014,03,1,6,0.507761
2014,03,1,7,0.526777
2014,03,2,0,0.5094259999999999
2014,03,2,1,0.49994
2014,03,2,2,0.513313
2014,03,2,3,0.5146499999999999
2014,03,2,4,0.499772
2014,03,2,5,0.427745
2014,03,2,6,0.340139
2014,03,2,7,0.476153
2014,03,3,0,0.863279
2014,03,3,1,1.11727
2014,03,3,2,1.22873
2014,03,3,3,1.33857
2014,03,3,4,1.5578699999999999
2014,03,3,5,1.7646400000000002
2014,03,3,6,1.7674100000000001
2014,03,3,7,1.71982
2014,03,4,0,1.57797
2014,03,4,1,1.76654
2014,03,4,2,2.03233
2014,03,4,3,1.63512
2014,03,4,4,1.0046599999999999
2014,03,4,5,0.738009
2014,03,4,6,0.75309
2014,03,4,7,0.985775
2014,03,5,0,1.03937
2014,03,5,1,0.85768
2014,03,5,2,0.719284
2014,03,5,3,0.685191
2014,03,5,4,0.5784579999999999
2014,03,5,5,0.505736
2014,03,5,6,0.464325
2014,03,5,7,0.42116000000000003
2014,03,6,0,0.405955
2014,03,6,1,0.41967200000000005
2014,03,6,2,0.475391
2014,03,6,3,0.547702
2014,03,6,4,0.517015
2014,03,6,5,0.716692
2014,03,6,6,0.43894299999999997
2014,03,6,7,0.461065
2014,03,7,0,0.473314
2014,03,7,1,0.632178
2014,03,7,2,1.10744
2014,03,7,3,2.14957
2014,03,7,4,3.21442
2014,03,7,5,2.61185
2014,03,7,6,1.9672
2014,03,7,7,2.72986
2014,03,8,0,4.98791
2014,03,8,1,5.9128
2014,03,8,2,7.11
2014,03,8,3,7.57024
2014,03,8,4,6.38002
2014,03,8,5,4.835529999999999
2014,03,8,6,3.1042199999999998
2014,03,8,7,3.3245500000000003
2014,03,9,0,4.62254
2014,03,9,1,6.14738
2014,03,9,2,6.69367
2014,03,9,3,6.308770000000001
2014,03,9,4,2.27079
2014,03,9,5,1.8703299999999998
2014,03,9,6,2.96889
2014,03,9,7,3.12794
2014,03,10,0,2.8797800000000002
2014,03,10,1,2.9354699999999996
2014,03,10,2,2.75947
2014,03,10,3,2.29712
2014,03,10,4,2.41537
2014,03,10,5,2.75517
2014,03,10,6,2.70996
2014,03,10,7,2.50238
2014,03,11,0,2.4434699999999996
2014,03,11,1,2.17698
2014,03,11,2,2.29588
2014,03,11,3,2.26673
2014,03,11,4,1.97322
2014,03,11,5,2.40997
2014,03,11,6,5.55648
2014,03,11,7,6.39871
2014,03,12,0,6.60049
2014,03,12,1,6.06163
2014,03,12,2,5.23409
2014,03,12,3,4.9936300000000005
2014,03,12,4,4.7461899999999995
2014,03,12,5,3.8682399999999997
2014,03,12,6,4.94878
2014,03,12,7,2.4580300000000004
2014,03,13,0,1.79928
2014,03,13,1,3.7755
2014,03,13,2,3.7858
2014,03,13,3,1.8928099999999999
2014,03,13,4,1.60077
2014,03,13,5,1.6320299999999999
2014,03,13,6,2.15597
2014,03,13,7,2.4421999999999997
2014,03,14,0,3.0070300000000003
2014,03,14,1,3.52874
2014,03,14,2,3.89243
2014,03,14,3,3.7715199999999998
2014,03,14,4,4.35875
2014,03,14,5,4.63615
2014,03,14,6,4.865399999999999
2014,03,14,7,4.8001700000000005
2014,03,15,0,4.4300500000000005
2014,03,15,1,2.87059
2014,03,15,2,2.37242
2014,03,15,3,1.85247
2014,03,15,4,1.94962
2014,03,15,5,1.25511
2014,03,15,6,0.595551
2014,03,15,7,2.28266
2014,03,16,0,5.915439999999999
2014,03,16,1,5.38872
2014,03,16,2,3.6974
2014,03,16,3,3.29656
2014,03,16,4,3.2651399999999997
2014,03,16,5,3.1227600000000004
2014,03,16,6,3.58599
2014,03,16,7,4.0857600000000005
2014,03,17,0,3.69842
2014,03,17,1,3.27786
2014,03,17,2,3.95005
2014,03,17,3,4.15509
2014,03,17,4,4.05497
2014,03,17,5,2.6507899999999998
2014,03,17,6,2.94707
2014,03,17,7,3.41204
2014,03,18,0,3.62491
2014,03,18,1,2.80908
2014,03,18,2,1.5692300000000001
2014,03,18,3,2.13963
2014,03,18,4,2.41528
2014,03,18,5,2.2485399999999998
2014,03,18,6,1.98532
2014,03,18,7,2.2229099999999997
2014,03,19,0,3.0215500000000004
2014,03,19,1,3.80361
2014,03,19,2,4.14592
2014,03,19,3,4.09162
2014,03,19,4,4.038860000000001
2014,03,19,5,2.08319
2014,03,19,6,1.61093
2014,03,19,7,1.47551
2014,03,20,0,1.34133
2014,03,20,1,1.59654
2014,03,20,2,1.7610599999999998
2014,03,20,3,2.35168
2014,03,20,4,2.22621
2014,03,20,5,1.86846
2014,03,20,6,1.55997
2014,03,20,7,1.3711600000000002
2014,03,21,0,1.231
2014,03,21,1,1.18069
2014,03,21,2,1.1830399999999999
2014,03,21,3,1.19521
2014,03,21,4,1.1624100000000002
2014,03,21,5,1.1300899999999998
2014,03,21,6,1.0888499999999999
2014,03,21,7,1.03707
2014,03,22,0,1.03546
2014,03,22,1,1.0283699999999998
2014,03,22,2,0.980497
2014,03,22,3,0.891072
2014,03,22,4,0.842193
2014,03,22,5,0.7978500000000001
2014,03,22,6,0.7219099999999999
2014,03,22,7,0.6921860000000001
2014,03,23,0,0.652567
2014,03,23,1,0.600976
2014,03,23,2,0.5595370000000001
2014,03,23,3,0.508768
2014,03,23,4,0.543312
2014,03,23,5,0.5694940000000001
2014,03,23,6,0.558866
2014,03,23,7,0.665169
2014,03,24,0,0.929586
2014,03,24,1,0.978602
2014,03,24,2,0.877999
2014,03,24,3,0.694639
2014,03,24,4,0.5488930000000001
2014,03,24,5,0.486922
2014,03,24,6,0.45367
2014,03,24,7,0.448747
2014,03,25,0,0.708918
2014,03,25,1,1.34809
2014,03,25,2,1.98158
2014,03,25,3,2.6430599999999997
2014,03,25,4,3.3054699999999997
2014,03,25,5,3.3855
2014,03,25,6,3.01271
2014,03,25,7,2.66267
2014,03,26,0,2.38333
2014,03,26,1,2.1082199999999998
2014,03,26,2,2.0602
2014,03,26,3,2.07773
2014,03,26,4,1.9826400000000002
2014,03,26,5,1.69177
2014,03,26,6,1.13996
2014,03,26,7,0.737887
2014,03,27,0,0.6022000000000001
2014,03,27,1,0.602447
2014,03,27,2,0.6303690000000001
2014,03,27,3,0.6073440000000001
2014,03,27,4,0.549961
2014,03,27,5,0.525026
2014,03,27,6,0.484995
2014,03,27,7,0.44950599999999996
2014,03,28,0,0.450795
2014,03,28,1,0.441044
2014,03,28,2,0.449
2014,03,28,3,0.406792
2014,03,28,4,0.354574
2014,03,28,5,0.326368
2014,03,28,6,0.28761000000000003
2014,03,28,7,0.308999
2014,03,29,0,0.490911
2014,03,29,1,0.633876
2014,03,29,2,0.801813
2014,03,29,3,1.29161
2014,03,29,4,1.48206
2014,03,29,5,1.22552
2014,03,29,6,1.1333900000000001
2014,03,29,7,1.2699500000000001
2014,03,30,0,1.50255
2014,03,30,1,1.42008
2014,03,30,2,1.16849
2014,03,30,3,0.902138
2014,03,30,4,0.628621
2014,03,30,5,0.384385
2014,03,30,6,0.306902
2014,03,30,7,0.30649
2014,03,31,0,0.304853
2014,03,31,1,0.307888
2014,03,31,2,0.32705599999999996
2014,03,31,3,0.340189
2014,03,31,4,0.363779
2014,03,31,5,0.42969
2014,03,31,6,0.49860899999999997
2014,03,31,7,0.5653189999999999
2014,03,1,0,0.631899
2014,03,1,1,0.645422
2014,03,1,2,0.6758500000000001
2014,03,1,3,0.7060639999999999
2014,03,1,4,0.78036
2014,03,1,5,0.877765
2014,03,1,6,1.07423
2014,03,1,7,1.39951
2014,03,2,0,1.41318
2014,03,2,1,1.2798900000000002
2014,03,2,2,1.5111199999999998
2014,03,2,3,1.82339
2014,03,2,4,1.93503
2014,03,2,5,1.85523
2014,03,2,6,1.84886
2014,03,2,7,1.8473
2014,03,3,0,1.89141
2014,03,3,1,1.88384
2014,03,3,2,1.9626400000000002
2014,03,3,3,1.94167
2014,03,3,4,1.70775
2014,03,3,5,1.6071
2014,03,3,6,1.93151
2014,03,3,7,2.8155
2014,03,4,0,3.73204
2014,03,4,1,4.10426
2014,03,4,2,3.8196
2014,03,4,3,3.45227
2014,03,4,4,3.3852399999999996
2014,03,4,5,2.25623
2014,03,4,6,2.18933
2014,03,4,7,1.85787
2014,03,5,0,1.65222
2014,03,5,1,1.93992
2014,03,5,2,2.7834
2014,03,5,3,2.9168600000000002
2014,03,5,4,2.32309
2014,03,5,5,2.2269099999999997
2014,03,5,6,2.87123
2014,03,5,7,3.51985
2014,03,6,0,3.93056
2014,03,6,1,4.1361300000000005
2014,03,6,2,4.51988
2014,03,6,3,4.7017299999999995
2014,03,6,4,4.6907700000000006
2014,03,6,5,4.23093
2014,03,6,6,3.994
2014,03,6,7,3.93625
2014,03,7,0,2.97349
2014,03,7,1,2.11015
2014,03,7,2,2.5469
2014,03,7,3,3.8812399999999996
2014,03,7,4,4.9705900000000005
2014,03,7,5,6.29679
2014,03,7,6,7.38641
2014,03,7,7,8.00089
2014,03,8,0,5.817939999999999
2014,03,8,1,6.25426
2014,03,8,2,4.6082600000000005
2014,03,8,3,5.3400799999999995
2014,03,8,4,5.44845
2014,03,8,5,5.59574
2014,03,8,6,4.11596
2014,03,8,7,1.8037699999999999
2014,03,9,0,1.61264
2014,03,9,1,1.38
2014,03,9,2,1.61127
2014,03,9,3,1.67354
2014,03,9,4,1.64974
2014,03,9,5,1.80662
2014,03,9,6,1.83377
2014,03,9,7,1.6818199999999999
2014,03,10,0,2.4547
2014,03,10,1,2.98289
2014,03,10,2,3.0059699999999996
2014,03,10,3,3.07308
2014,03,10,4,3.5147199999999996
2014,03,10,5,3.66391
2014,03,10,6,3.30443
2014,03,10,7,2.66473
2014,03,11,0,2.12038
2014,03,11,1,2.45577
2014,03,11,2,3.37335
2014,03,11,3,4.454
2014,03,11,4,4.44055
2014,03,11,5,4.2174700000000005
2014,03,11,6,3.94095
2014,03,11,7,3.54084
2014,03,12,0,3.1268200000000004
2014,03,12,1,2.57959
2014,03,12,2,1.4518
2014,03,12,3,0.7233930000000001
2014,03,12,4,0.909462
2014,03,12,5,0.945354
2014,03,12,6,0.92391
2014,03,12,7,1.35737
2014,03,13,0,1.47976
2014,03,13,1,1.22567
2014,03,13,2,0.9745410000000001
2014,03,13,3,0.869203
2014,03,13,4,0.672944
2014,03,13,5,0.815793
2014,03,13,6,1.32426
2014,03,13,7,1.99204
2014,03,14,0,2.8429499999999996
2014,03,14,1,3.71514
2014,03,14,2,4.01241
2014,03,14,3,4.5726
2014,03,14,4,4.96199
2014,03,14,5,5.433949999999999
2014,03,14,6,6.0935299999999994
2014,03,14,7,6.38045
2014,03,15,0,6.20654
2014,03,15,1,5.04503
2014,03,15,2,4.56076
2014,03,15,3,5.070270000000001
2014,03,15,4,4.97121
2014,03,15,5,4.48242
2014,03,15,6,3.7951799999999998
2014,03,15,7,2.88496
2014,03,16,0,2.22737
2014,03,16,1,1.41403
2014,03,16,2,0.768593
2014,03,16,3,0.514706
2014,03,16,4,0.401138
2014,03,16,5,0.436456
2014,03,16,6,0.446261
2014,03,16,7,0.890552
2014,03,17,0,0.939705
2014,03,17,1,0.858875
2014,03,17,2,0.541763
2014,03,17,3,0.355084
2014,03,17,4,0.499428
2014,03,17,5,0.692832
2014,03,17,6,0.772841
2014,03,17,7,0.8781169999999999
2014,03,18,0,0.959209
2014,03,18,1,1.28649
2014,03,18,2,2.22964
2014,03,18,3,2.77576
2014,03,18,4,3.10106
2014,03,18,5,3.61965
2014,03,18,6,4.162100000000001
2014,03,18,7,4.76298
2014,03,19,0,4.83452
2014,03,19,1,4.30866
2014,03,19,2,3.45891
2014,03,19,3,3.4137199999999996
2014,03,19,4,3.43203
2014,03,19,5,2.57432
2014,03,19,6,1.45031
2014,03,19,7,2.72843
2014,03,20,0,4.98588
2014,03,20,1,5.9687399999999995
2014,03,20,2,5.8620600000000005
2014,03,20,3,5.495939999999999
2014,03,20,4,5.25124
2014,03,20,5,4.8385
2014,03,20,6,4.20569
2014,03,20,7,4.52184
2014,03,21,0,4.119800000000001
2014,03,21,1,2.1415300000000004
2014,03,21,2,1.52561
2014,03,21,3,1.41768
2014,03,21,4,2.32889
2014,03,21,5,3.33574
2014,03,21,6,4.61942
2014,03,21,7,4.92532
2014,03,22,0,4.74497
2014,03,22,1,4.78667
2014,03,22,2,5.15555
2014,03,22,3,5.7663199999999994
2014,03,22,4,4.593859999999999
2014,03,22,5,4.55435
2014,03,22,6,5.05433
2014,03,22,7,6.73501
2014,03,23,0,7.53756
2014,03,23,1,7.94394
2014,03,23,2,8.04796
2014,03,23,3,8.21594
2014,03,23,4,8.20473
2014,03,23,5,8.084010000000001
2014,03,23,6,7.93845
2014,03,23,7,7.65125
2014,03,24,0,7.014279999999999
2014,03,24,1,6.48386
2014,03,24,2,6.0088
2014,03,24,3,5.66878
2014,03,24,4,5.34795
2014,03,24,5,4.945
2014,03,24,6,3.90127
2014,03,24,7,2.5837800000000004
2014,03,25,0,1.70889
2014,03,25,1,1.5063199999999999
2014,03,25,2,1.6331099999999998
2014,03,25,3,2.1590700000000003
2014,03,25,4,2.4838299999999998
2014,03,25,5,2.8150399999999998
2014,03,25,6,3.26865
2014,03,25,7,3.91583
2014,03,26,0,4.2801800000000005
2014,03,26,1,4.25753
2014,03,26,2,4.17288
2014,03,26,3,3.8971799999999996
2014,03,26,4,3.30185
2014,03,26,5,3.50476
2014,03,26,6,3.93563
2014,03,26,7,4.12763
2014,03,27,0,4.967779999999999
2014,03,27,1,5.06516
2014,03,27,2,4.99623
2014,03,27,3,5.00925
2014,03,27,4,4.86477
2014,03,27,5,4.55066
2014,03,27,6,3.9870799999999997
2014,03,27,7,3.9396
2014,03,28,0,3.43867
2014,03,28,1,3.0667
2014,03,28,2,3.32363
2014,03,28,3,3.27014
2014,03,28,4,2.6142
2014,03,28,5,2.66217
2014,03,28,6,2.9931799999999997
2014,03,28,7,2.77511
2014,03,29,0,2.2815
2014,03,29,1,1.85476
2014,03,29,2,2.7391300000000003
2014,03,29,3,3.72997
2014,03,29,4,3.1777699999999998
2014,03,29,5,1.72284
2014,03,29,6,1.06107
2014,03,29,7,1.4943499999999998
2014,03,30,0,4.26309
2014,03,30,1,5.2908800000000005
2014,03,30,2,6.2561599999999995
2014,03,30,3,7.3941099999999995
2014,03,30,4,8.63923
2014,03,30,5,8.779069999999999
2014,03,30,6,9.23655
2014,03,30,7,10.7667
2014,03,1,0,10.3687
2014,03,1,1,9.16908
2014,03,1,2,8.215770000000001
2014,03,1,3,7.59221
2014,03,1,4,6.47046
2014,03,1,5,5.140350000000001
2014,03,1,6,3.55667
2014,03,1,7,3.6597
2014,03,2,0,3.8379299999999996
2014,03,2,1,3.87656
2014,03,2,2,4.056
2014,03,2,3,2.51958
2014,03,2,4,1.5306099999999998
2014,03,2,5,2.42787
2014,03,2,6,2.75133
2014,03,2,7,2.58284
2014,03,3,0,2.38323
2014,03,3,1,2.2373499999999997
2014,03,3,2,2.21915
2014,03,3,3,2.31782
2014,03,3,4,2.36497
2014,03,3,5,2.26159
2014,03,3,6,2.02304
2014,03,3,7,1.98026
2014,03,4,0,2.14539
2014,03,4,1,2.10903
2014,03,4,2,2.03231
2014,03,4,3,1.8642999999999998
2014,03,4,4,1.65303
2014,03,4,5,1.53722
2014,03,4,6,1.57828
2014,03,4,7,1.68273
2014,03,5,0,1.9956500000000001
2014,03,5,1,2.41557
2014,03,5,2,2.4979699999999996
2014,03,5,3,2.9603800000000002
2014,03,5,4,3.16768
2014,03,5,5,3.49808
2014,03,5,6,2.11988
2014,03,5,7,1.41581
2014,03,6,0,1.8506500000000001
2014,03,6,1,2.08286
2014,03,6,2,2.0958699999999997
2014,03,6,3,1.4858699999999998
2014,03,6,4,1.0376400000000001
2014,03,6,5,1.0969
2014,03,6,6,1.7395699999999998
2014,03,6,7,2.1554699999999998
2014,03,7,0,2.52481
2014,03,7,1,2.78875
2014,03,7,2,2.74837
2014,03,7,3,2.84606
2014,03,7,4,2.79573
2014,03,7,5,2.73525
2014,03,7,6,2.67267
2014,03,7,7,2.7829699999999997
2014,03,8,0,2.9856599999999998
2014,03,8,1,3.54761
2014,03,8,2,4.12971
2014,03,8,3,4.64969
2014,03,8,4,5.51074
2014,03,8,5,5.716
2014,03,8,6,5.39523
2014,03,8,7,5.58841
2014,03,9,0,5.2577799999999995
2014,03,9,1,3.91987
2014,03,9,2,2.6775
2014,03,9,3,1.88216
2014,03,9,4,1.47947
2014,03,9,5,1.6299100000000002
2014,03,9,6,2.3785100000000003
2014,03,9,7,3.58065
2014,03,10,0,3.8646599999999998
2014,03,10,1,3.32064
2014,03,10,2,2.58941
2014,03,10,3,2.92408
2014,03,10,4,3.10112
2014,03,10,5,1.1260299999999999
2014,03,10,6,1.37613
2014,03,10,7,2.64535
2014,03,11,0,2.9696100000000003
2014,03,11,1,2.78463
2014,03,11,2,2.20229
2014,03,11,3,2.63448
2014,03,11,4,3.3649299999999998
2014,03,11,5,3.76696
2014,03,11,6,3.8961
2014,03,11,7,4.0934
2014,03,12,0,4.56838
2014,03,12,1,5.12227
2014,03,12,2,5.56054
2014,03,12,3,6.052239999999999
2014,03,12,4,6.04688
2014,03,12,5,6.14141
2014,03,12,6,5.7230799999999995
2014,03,12,7,5.352930000000001
2014,03,13,0,5.6712
2014,03,13,1,5.569100000000001
2014,03,13,2,5.80117
2014,03,13,3,6.13455
2014,03,13,4,6.23828
2014,03,13,5,5.74524
2014,03,13,6,4.93845
2014,03,13,7,6.20216
2014,03,14,0,6.996689999999999
2014,03,14,1,7.68142
2014,03,14,2,8.59103
2014,03,14,3,8.76943
2014,03,14,4,8.3697
2014,03,14,5,7.33556
2014,03,14,6,8.68976
2014,03,14,7,9.53034
2014,03,15,0,5.99692
2014,03,15,1,6.008649999999999
2014,03,15,2,5.668
2014,03,15,3,6.52772
2014,03,15,4,7.37642
2014,03,15,5,7.84713
2014,03,15,6,7.17839
2014,03,15,7,6.54674
2014,03,16,0,6.0958000000000006
2014,03,16,1,5.35972
2014,03,16,2,4.93939
2014,03,16,3,4.29871
2014,03,16,4,3.34708
2014,03,16,5,2.91708
2014,03,16,6,2.94226
2014,03,16,7,3.04383
2014,03,17,0,2.89588
2014,03,17,1,2.5420599999999998
2014,03,17,2,2.44018
2014,03,17,3,2.7677199999999997
2014,03,17,4,3.00641
2014,03,17,5,3.4360399999999998
2014,03,17,6,3.84383
2014,03,17,7,5.06642
2014,03,18,0,6.060359999999999
2014,03,18,1,6.28907
2014,03,18,2,6.36151
2014,03,18,3,6.28998
2014,03,18,4,6.01013
2014,03,18,5,5.25873
2014,03,18,6,5.5873
2014,03,18,7,6.03577
2014,03,19,0,5.9764
2014,03,19,1,6.0206800000000005
2014,03,19,2,5.80974
2014,03,19,3,5.43928
2014,03,19,4,5.46274
2014,03,19,5,5.84227
2014,03,19,6,6.35666
2014,03,19,7,7.29356
2014,03,20,0,7.39135
2014,03,20,1,6.584359999999999
2014,03,20,2,8.04701
2014,03,20,3,8.16457
2014,03,20,4,7.422680000000001
2014,03,20,5,5.506729999999999
2014,03,20,6,5.5526800000000005
2014,03,20,7,6.54223
2014,03,21,0,6.1684399999999995
2014,03,21,1,5.80821
2014,03,21,2,4.3797
2014,03,21,3,4.77926
2014,03,21,4,3.08076
2014,03,21,5,1.8157
2014,03,21,6,2.11639
2014,03,21,7,3.5407100000000002
2014,03,22,0,5.696479999999999
2014,03,22,1,7.66678
2014,03,22,2,8.1738
2014,03,22,3,8.43078
2014,03,22,4,9.49544
2014,03,22,5,8.94798
2014,03,22,6,9.99834
2014,03,22,7,10.6444
2014,03,23,0,10.8521
2014,03,23,1,9.623899999999999
2014,03,23,2,7.49979
2014,03,23,3,10.3194
2014,03,23,4,5.99641
2014,03,23,5,3.7305900000000003
2014,03,23,6,6.20146
2014,03,23,7,10.1929
2014,03,24,0,10.3258
2014,03,24,1,5.18768
2014,03,24,2,5.21926
2014,03,24,3,4.28644
2014,03,24,4,4.7922
2014,03,24,5,5.1086599999999995
2014,03,24,6,4.67963
2014,03,24,7,4.35789
2014,03,25,0,4.8472100000000005
2014,03,25,1,4.86143
2014,03,25,2,4.99833
2014,03,25,3,5.21709
2014,03,25,4,5.83272
2014,03,25,5,6.18034
2014,03,25,6,6.17765
2014,03,25,7,5.983689999999999
2014,03,26,0,6.3676
2014,03,26,1,6.58192
2014,03,26,2,5.82457
2014,03,26,3,5.154979999999999
2014,03,26,4,4.525930000000001
2014,03,26,5,4.32137
2014,03,26,6,4.94847
2014,03,26,7,5.7879499999999995
2014,03,27,0,6.48628
2014,03,27,1,6.55501
2014,03,27,2,5.663060000000001
2014,03,27,3,5.04979
2014,03,27,4,4.60717
2014,03,27,5,4.38315
2014,03,27,6,5.30872
2014,03,27,7,6.25688
2014,03,28,0,6.96976
2014,03,28,1,6.7932
2014,03,28,2,6.92746
2014,03,28,3,7.094270000000001
2014,03,28,4,6.71198
2014,03,28,5,6.39172
2014,03,28,6,6.47846
2014,03,28,7,6.60107
2014,03,29,0,6.99943
2014,03,29,1,6.98947
2014,03,29,2,6.95638
2014,03,29,3,6.90544
2014,03,29,4,6.85421
2014,03,29,5,6.57353
2014,03,29,6,5.736
2014,03,29,7,6.83646
2014,03,30,0,7.09725
2014,03,30,1,6.85462
2014,03,30,2,5.35328
2014,03,30,3,4.45237
2014,03,30,4,7.51209
2014,03,30,5,7.978470000000001
2014,03,30,6,7.0753
2014,03,30,7,7.58689
2014,03,31,0,7.6818800000000005
2014,03,31,1,7.672479999999999
2014,03,31,2,7.61773
2014,03,31,3,7.08366
2014,03,31,4,6.94958
2014,03,31,5,7.3955
2014,03,31,6,7.37251
2014,03,31,7,7.902
2014,03,1,0,8.57738
2014,03,1,1,9.04547
2014,03,1,2,8.45889
2014,03,1,3,6.96308
2014,03,1,4,6.27205
2014,03,1,5,5.9447399999999995
2014,03,1,6,5.38241
2014,03,1,7,6.09356
2014,03,2,0,7.38258
2014,03,2,1,7.8789
2014,03,2,2,7.33234
2014,03,2,3,6.18006
2014,03,2,4,6.36961
2014,03,2,5,7.063680000000001
2014,03,2,6,7.23337
2014,03,2,7,7.456
2014,03,3,0,7.45158
2014,03,3,1,8.4781
2014,03,3,2,9.649989999999999
2014,03,3,3,9.99751
2014,03,3,4,9.1751
2014,03,3,5,8.14675
2014,03,3,6,4.8264499999999995
2014,03,3,7,3.34859
2014,03,4,0,4.44046
2014,03,4,1,4.59638
2014,03,4,2,4.748810000000001
2014,03,4,3,6.20938
2014,03,4,4,6.78275
2014,03,4,5,7.049
2014,03,4,6,6.9168400000000005
2014,03,4,7,5.39008
2014,03,5,0,4.970770000000001
2014,03,5,1,4.95449
2014,03,5,2,4.59708
2014,03,5,3,4.41762
2014,03,5,4,4.0630999999999995
2014,03,5,5,3.8419499999999998
2014,03,5,6,3.85573
2014,03,5,7,3.84815
2014,03,6,0,3.95606
2014,03,6,1,4.11188
2014,03,6,2,3.72884
2014,03,6,3,4.12431
2014,03,6,4,5.18232
2014,03,6,5,5.292560000000001
2014,03,6,6,4.38838
2014,03,6,7,5.01762
2014,03,7,0,5.702649999999999
2014,03,7,1,5.7241800000000005
2014,03,7,2,5.64117
2014,03,7,3,5.71024
2014,03,7,4,5.70972
2014,03,7,5,5.08932
2014,03,7,6,5.139609999999999
2014,03,7,7,5.97326
2014,03,8,0,5.92815
2014,03,8,1,5.53187
2014,03,8,2,5.27891
2014,03,8,3,5.167770000000001
2014,03,8,4,4.96587
2014,03,8,5,4.761010000000001
2014,03,8,6,5.59517
2014,03,8,7,8.59806
2014,03,9,0,7.028359999999999
2014,03,9,1,5.78491
2014,03,9,2,5.24601
2014,03,9,3,5.81345
2014,03,9,4,5.9706
2014,03,9,5,5.66848
2014,03,9,6,5.1720500000000005
2014,03,9,7,6.24299
2014,03,10,0,6.7734499999999995
2014,03,10,1,6.7798
2014,03,10,2,6.83136
2014,03,10,3,6.4260399999999995
2014,03,10,4,6.43917
2014,03,10,5,6.419449999999999
2014,03,10,6,5.97298
2014,03,10,7,5.470890000000001
2014,03,11,0,4.4803999999999995
2014,03,11,1,3.01268
2014,03,11,2,2.40817
2014,03,11,3,2.0539899999999998
2014,03,11,4,2.019
2014,03,11,5,1.76036
2014,03,11,6,1.51045
2014,03,11,7,1.6548699999999998
2014,03,12,0,2.8441300000000003
2014,03,12,1,3.41696
2014,03,12,2,4.42711
2014,03,12,3,5.68983
2014,03,12,4,6.5951
2014,03,12,5,6.91309
2014,03,12,6,5.9870600000000005
2014,03,12,7,5.71091
2014,03,13,0,7.30614
2014,03,13,1,8.17823
2014,03,13,2,8.12021
2014,03,13,3,7.711390000000001
2014,03,13,4,7.6226400000000005
2014,03,13,5,8.32932
2014,03,13,6,8.94357
2014,03,13,7,8.589049999999999
2014,03,14,0,8.60414
2014,03,14,1,9.698879999999999
2014,03,14,2,9.41164
2014,03,14,3,7.51151
2014,03,14,4,8.488430000000001
2014,03,14,5,8.62982
2014,03,14,6,9.063979999999999
2014,03,14,7,9.94027
2014,03,15,0,9.504370000000002
2014,03,15,1,9.08365
2014,03,15,2,8.105649999999999
2014,03,15,3,7.15351
2014,03,15,4,6.30129
2014,03,15,5,5.95654
2014,03,15,6,6.85689
2014,03,15,7,8.07507
2014,03,16,0,9.17539
2014,03,16,1,8.99565
2014,03,16,2,8.77473
2014,03,16,3,7.163819999999999
2014,03,16,4,4.47763
2014,03,16,5,4.37449
2014,03,16,6,5.95413
2014,03,16,7,8.36163
2014,03,17,0,8.03083
2014,03,17,1,5.7265299999999995
2014,03,17,2,6.95315
2014,03,17,3,9.173770000000001
2014,03,17,4,9.591190000000001
2014,03,17,5,9.318790000000002
2014,03,17,6,8.7897
2014,03,17,7,8.55064
2014,03,18,0,7.87495
2014,03,18,1,6.39129
2014,03,18,2,4.98337
2014,03,18,3,5.96854
2014,03,18,4,7.891520000000001
2014,03,18,5,10.6929
2014,03,18,6,11.3605
2014,03,18,7,11.0995
2014,03,19,0,9.13283
2014,03,19,1,8.03394
2014,03,19,2,9.563180000000001
2014,03,19,3,8.95122
2014,03,19,4,8.07531
2014,03,19,5,9.77016
2014,03,19,6,10.8262
2014,03,19,7,11.7265
2014,03,20,0,12.2341
2014,03,20,1,12.8485
2014,03,20,2,12.3033
2014,03,20,3,13.2318
2014,03,20,4,13.132100000000001
2014,03,20,5,12.4
2014,03,20,6,10.5205
2014,03,20,7,9.13623
2014,03,21,0,6.384930000000001
2014,03,21,1,4.73234
2014,03,21,2,5.54441
2014,03,21,3,6.63637
2014,03,21,4,7.12927
2014,03,21,5,5.98687
2014,03,21,6,3.30094
2014,03,21,7,2.2521799999999996
2014,03,22,0,2.4153000000000002
2014,03,22,1,2.85363
2014,03,22,2,3.38417
2014,03,22,3,3.53835
2014,03,22,4,4.60537
2014,03,22,5,5.30596
2014,03,22,6,5.36697
2014,03,22,7,5.183350000000001
2014,03,23,0,5.16662
2014,03,23,1,4.74182
2014,03,23,2,4.72811
2014,03,23,3,5.45591
2014,03,23,4,5.354850000000001
2014,03,23,5,4.91754
2014,03,23,6,5.016640000000001
2014,03,23,7,5.8929
2014,03,24,0,7.01413
2014,03,24,1,7.08272
2014,03,24,2,6.57951
2014,03,24,3,6.973949999999999
2014,03,24,4,8.56291
2014,03,24,5,12.653799999999999
2014,03,24,6,13.2935
2014,03,24,7,12.7317
2014,03,25,0,13.5048
2014,03,25,1,15.367700000000001
2014,03,25,2,17.1495
2014,03,25,3,14.0067
2014,03,25,4,14.0784
2014,03,25,5,12.7071
2014,03,25,6,8.93369
2014,03,25,7,5.21828
2014,03,26,0,4.33155
2014,03,26,1,4.774100000000001
2014,03,26,2,5.454899999999999
2014,03,26,3,5.38228
2014,03,26,4,4.68915
2014,03,26,5,3.76491
2014,03,26,6,3.2477300000000002
2014,03,26,7,4.5206800000000005
2014,03,27,0,5.44795
2014,03,27,1,5.99249
2014,03,27,2,6.56129
2014,03,27,3,7.96772
2014,03,27,4,8.968129999999999
2014,03,27,5,9.65707
2014,03,27,6,9.767209999999999
2014,03,27,7,10.0905
2014,03,28,0,10.9414
2014,03,28,1,12.103200000000001
2014,03,28,2,13.22
2014,03,28,3,12.9238
2014,03,28,4,11.342
2014,03,28,5,10.331700000000001
2014,03,28,6,10.7627
2014,03,28,7,11.3245
2014,03,29,0,11.5401
2014,03,29,1,11.7715
2014,03,29,2,11.3832
2014,03,29,3,10.8537
2014,03,29,4,11.1956
2014,03,29,5,12.1275
2014,03,29,6,12.4718
2014,03,29,7,12.3954
2014,03,30,0,12.3922
2014,03,30,1,12.3814
2014,03,30,2,12.572899999999999
2014,03,30,3,12.9216
2014,03,30,4,13.058
2014,03,30,5,13.0496
2014,03,30,6,12.7586
2014,03,30,7,12.2261
2014,03,1,0,11.7752
2014,03,1,1,9.466520000000001
2014,03,1,2,7.18067
2014,03,1,3,6.02672
2014,03,1,4,6.34375
2014,03,1,5,7.2721
2014,03,1,6,7.261310000000001
2014,03,1,7,8.72128
2014,03,2,0,9.55105
2014,03,2,1,9.70417
2014,03,2,2,11.792
2014,03,2,3,13.3834
2014,03,2,4,13.657200000000001
2014,03,2,5,13.3059
2014,03,2,6,14.6775
2014,03,2,7,16.848200000000002
2014,03,3,0,15.9322
2014,03,3,1,13.3762
2014,03,3,2,10.303799999999999
2014,03,3,3,8.683959999999999
2014,03,3,4,8.848180000000001
2014,03,3,5,8.10262
2014,03,3,6,8.40895
2014,03,3,7,8.225190000000001
2014,03,4,0,8.26219
2014,03,4,1,7.38112
2014,03,4,2,4.7254
2014,03,4,3,4.89659
2014,03,4,4,5.393
2014,03,4,5,5.49499
2014,03,4,6,4.903479999999999
2014,03,4,7,3.78561
2014,03,5,0,5.18555
2014,03,5,1,5.26747
2014,03,5,2,5.985729999999999
2014,03,5,3,6.25413
2014,03,5,4,5.45547
2014,03,5,5,5.274109999999999
2014,03,5,6,5.48534
2014,03,5,7,7.90628
2014,03,6,0,9.4586
2014,03,6,1,8.56913
2014,03,6,2,9.08714
2014,03,6,3,9.38327
2014,03,6,4,8.99939
2014,03,6,5,7.90203
2014,03,6,6,7.19869
2014,03,6,7,8.028
2014,03,7,0,8.58122
2014,03,7,1,8.288110000000001
2014,03,7,2,8.19199
2014,03,7,3,7.97184
2014,03,7,4,7.32992
2014,03,7,5,6.67581
2014,03,7,6,6.74771
2014,03,7,7,7.2954799999999995
2014,03,8,0,6.74076
2014,03,8,1,5.968109999999999
2014,03,8,2,6.53568
2014,03,8,3,7.6223
2014,03,8,4,9.038170000000001
2014,03,8,5,8.60769
2014,03,8,6,7.99417
2014,03,8,7,6.20167
2014,03,9,0,6.31041
2014,03,9,1,6.26
2014,03,9,2,4.892510000000001
2014,03,9,3,4.29136
2014,03,9,4,10.7635
2014,03,9,5,8.47171
2014,03,9,6,2.9499899999999997
2014,03,9,7,4.57358
2014,03,10,0,6.6448100000000005
2014,03,10,1,6.13187
2014,03,10,2,5.565189999999999
2014,03,10,3,8.639149999999999
2014,03,10,4,6.69454
2014,03,10,5,6.06543
2014,03,10,6,6.39876
2014,03,10,7,4.88354
2014,03,11,0,5.977609999999999
2014,03,11,1,5.37851
2014,03,11,2,4.9607600000000005
2014,03,11,3,7.6611199999999995
2014,03,11,4,8.73391
2014,03,11,5,9.15608
2014,03,11,6,8.704180000000001
2014,03,11,7,8.6476
2014,03,12,0,7.99193
2014,03,12,1,6.990189999999999
2014,03,12,2,9.27125
2014,03,12,3,12.2626
2014,03,12,4,12.9283
2014,03,12,5,13.4744
2014,03,12,6,12.570200000000002
2014,03,12,7,11.1106
2014,03,13,0,9.61648
2014,03,13,1,9.291709999999998
2014,03,13,2,9.54457
2014,03,13,3,9.918520000000001
2014,03,13,4,9.04386
2014,03,13,5,7.61547
2014,03,13,6,7.52608
2014,03,13,7,7.2318999999999996
2014,03,14,0,6.93883
2014,03,14,1,7.49337
2014,03,14,2,8.56384
2014,03,14,3,9.18093
2014,03,14,4,9.11413
2014,03,14,5,8.95635
2014,03,14,6,8.258120000000002
2014,03,14,7,8.57415
2014,03,15,0,9.02478
2014,03,15,1,10.6511
2014,03,15,2,10.524799999999999
2014,03,15,3,9.542309999999999
2014,03,15,4,8.8956
2014,03,15,5,7.62711
2014,03,15,6,7.34387
2014,03,15,7,7.17295
2014,03,16,0,8.73297
2014,03,16,1,12.2117
2014,03,16,2,12.4765
2014,03,16,3,12.8593
2014,03,16,4,14.3811
2014,03,16,5,15.0679
2014,03,16,6,13.3457
2014,03,16,7,9.51755
2014,03,17,0,9.57617
2014,03,17,1,9.36734
2014,03,17,2,9.37364
2014,03,17,3,11.904399999999999
2014,03,17,4,13.171299999999999
2014,03,17,5,14.1165
2014,03,17,6,11.4164
2014,03,17,7,9.34259
2014,03,18,0,9.51352
2014,03,18,1,11.3314
2014,03,18,2,10.791799999999999
2014,03,18,3,9.51164
2014,03,18,4,8.70305
2014,03,18,5,10.903799999999999
2014,03,18,6,12.991299999999999
2014,03,18,7,14.7369
2014,03,19,0,14.1608
2014,03,19,1,12.1795
2014,03,19,2,9.768040000000001
2014,03,19,3,8.79426
2014,03,19,4,7.68318
2014,03,19,5,7.851439999999999
2014,03,19,6,9.74653
2014,03,19,7,10.905299999999999
2014,03,20,0,11.5202
2014,03,20,1,11.87
2014,03,20,2,11.8273
2014,03,20,3,10.4311
2014,03,20,4,8.628879999999999
2014,03,20,5,8.60258
2014,03,20,6,8.616959999999999
2014,03,20,7,9.068340000000001
2014,03,21,0,9.13376
2014,03,21,1,8.7477
2014,03,21,2,8.73165
2014,03,21,3,8.0253
2014,03,21,4,7.733140000000001
2014,03,21,5,7.633520000000001
2014,03,21,6,7.03259
2014,03,21,7,7.63996
2014,03,22,0,7.88669
2014,03,22,1,7.00566
2014,03,22,2,7.57216
2014,03,22,3,9.21926
2014,03,22,4,8.77915
2014,03,22,5,7.2836300000000005
2014,03,22,6,5.45975
2014,03,22,7,5.7444
2014,03,23,0,8.454889999999999
2014,03,23,1,9.51495
2014,03,23,2,9.455020000000001
2014,03,23,3,9.52948
2014,03,23,4,9.87285
2014,03,23,5,10.6779
2014,03,23,6,10.519200000000001
2014,03,23,7,10.9155
2014,03,24,0,10.9825
2014,03,24,1,11.3354
2014,03,24,2,12.1969
2014,03,24,3,12.146799999999999
2014,03,24,4,13.4771
2014,03,24,5,14.2464
2014,03,24,6,14.4236
2014,03,24,7,15.0852
2014,03,25,0,13.689200000000001
2014,03,25,1,13.6057
2014,03,25,2,12.9819
2014,03,25,3,12.3132
2014,03,25,4,14.015
2014,03,25,5,14.3545
2014,03,25,6,14.0466
2014,03,25,7,12.904
2014,03,26,0,12.453700000000001
2014,03,26,1,12.9026
2014,03,26,2,13.4831
2014,03,26,3,13.568299999999999
2014,03,26,4,13.5936
2014,03,26,5,13.4677
2014,03,26,6,13.029200000000001
2014,03,26,7,10.2902
2014,03,27,0,6.50517
2014,03,27,1,6.67836
2014,03,27,2,8.08566
2014,03,27,3,9.58412
2014,03,27,4,9.64901
2014,03,27,5,7.954479999999999
2014,03,27,6,7.83659
2014,03,27,7,8.14123
2014,03,28,0,7.79674
2014,03,28,1,8.273629999999999
2014,03,28,2,8.8531
2014,03,28,3,9.25915
2014,03,28,4,9.27867
2014,03,28,5,8.47284
2014,03,28,6,7.31332
2014,03,28,7,7.1409899999999995
2014,03,29,0,8.00704
2014,03,29,1,9.15553
2014,03,29,2,10.7095
2014,03,29,3,10.4569
2014,03,29,4,9.86876
2014,03,29,5,9.91277
2014,03,29,6,9.761629999999998
2014,03,29,7,8.08961
2014,03,30,0,8.06519
2014,03,30,1,10.3171
2014,03,30,2,12.7813
2014,03,30,3,13.195799999999998
2014,03,30,4,10.085
2014,03,30,5,8.05856
2014,03,30,6,8.01518
2014,03,30,7,8.31043
2014,03,31,0,8.93515
2014,03,31,1,9.64838
2014,03,31,2,9.45482
2014,03,31,3,9.267850000000001
2014,03,31,4,10.2635
2014,03,31,5,11.947799999999999
2014,03,31,6,9.87515
2014,03,31,7,8.00763
2014,03,1,0,8.74184
2014,03,1,1,8.983649999999999
2014,03,1,2,9.14241
2014,03,1,3,9.49981
2014,03,1,4,8.61699
2014,03,1,5,8.04579
2014,03,1,6,8.20054
2014,03,1,7,8.57585
2014,03,2,0,7.98896
2014,03,2,1,7.02806
2014,03,2,2,7.147060000000001
2014,03,2,3,7.3586599999999995
2014,03,2,4,6.75186
2014,03,2,5,6.19683
2014,03,2,6,5.963520000000001
2014,03,2,7,5.6642600000000005
2014,03,3,0,6.1972
2014,03,3,1,6.99279
2014,03,3,2,6.1791
2014,03,3,3,5.92716
2014,03,3,4,5.7941
2014,03,3,5,5.67006
2014,03,3,6,5.99013
2014,03,3,7,7.1412700000000005
2014,03,4,0,7.58856
2014,03,4,1,7.80082
2014,03,4,2,7.73428
2014,03,4,3,7.0409
2014,03,4,4,6.43795
2014,03,4,5,6.71674
2014,03,4,6,6.44203
2014,03,4,7,6.164359999999999
2014,03,5,0,5.73316
2014,03,5,1,5.1495
2014,03,5,2,4.59784
2014,03,5,3,4.08423
2014,03,5,4,3.76522
2014,03,5,5,3.23361
2014,03,5,6,3.76798
2014,03,5,7,4.2943500000000006
2014,03,6,0,4.963550000000001
2014,03,6,1,8.81359
2014,03,6,2,15.9115
2014,03,6,3,13.6846
2014,03,6,4,9.342889999999999
2014,03,6,5,7.45412
2014,03,6,6,6.8486199999999995
2014,03,6,7,7.145569999999999
2014,03,7,0,7.357489999999999
2014,03,7,1,5.7318500000000006
2014,03,7,2,5.54258
2014,03,7,3,4.9926
2014,03,7,4,4.5892
2014,03,7,5,4.47345
2014,03,7,6,3.8953
2014,03,7,7,4.6268400000000005
2014,03,8,0,5.1756899999999995
2014,03,8,1,5.76575
2014,03,8,2,7.21315
2014,03,8,3,8.189729999999999
2014,03,8,4,8.77652
2014,03,8,5,6.344180000000001
2014,03,8,6,5.6261
2014,03,8,7,7.56043
2014,03,9,0,8.40009
2014,03,9,1,8.19355
2014,03,9,2,6.58256
2014,03,9,3,5.10933
2014,03,9,4,4.8368199999999995
2014,03,9,5,5.04345
2014,03,9,6,6.18559
2014,03,9,7,7.66121
2014,03,10,0,10.5386
2014,03,10,1,12.041
2014,03,10,2,11.8895
2014,03,10,3,10.5965
2014,03,10,4,10.9123
2014,03,10,5,11.905700000000001
2014,03,10,6,12.6364
2014,03,10,7,12.6056
2014,03,11,0,14.3524
2014,03,11,1,13.3074
2014,03,11,2,13.2626
2014,03,11,3,12.2473
2014,03,11,4,10.5068
2014,03,11,5,9.551680000000001
2014,03,11,6,8.89037
2014,03,11,7,8.34361
2014,03,12,0,7.49734
2014,03,12,1,5.98407
2014,03,12,2,7.745439999999999
2014,03,12,3,10.568100000000001
2014,03,12,4,11.5573
2014,03,12,5,10.683
2014,03,12,6,10.8511
2014,03,12,7,9.89481
2014,03,13,0,9.20801
2014,03,13,1,9.68842
2014,03,13,2,12.5335
2014,03,13,3,13.7433
2014,03,13,4,10.6251
2014,03,13,5,6.21722
2014,03,13,6,5.8672200000000005
2014,03,13,7,6.24535
2014,03,14,0,6.778779999999999
2014,03,14,1,6.5443
2014,03,14,2,8.23148
2014,03,14,3,10.3898
2014,03,14,4,10.9357
2014,03,14,5,11.1775
2014,03,14,6,10.5674
2014,03,14,7,11.0516
2014,03,15,0,12.520100000000001
2014,03,15,1,13.056899999999999
2014,03,15,2,13.8107
2014,03,15,3,14.6676
2014,03,15,4,14.940700000000001
2014,03,15,5,14.6671
2014,03,15,6,14.7492
2014,03,15,7,14.849200000000002
2014,03,16,0,14.8423
2014,03,16,1,15.4722
2014,03,16,2,16.4206
2014,03,16,3,16.6753
2014,03,16,4,17.123099999999997
2014,03,16,5,17.7138
2014,03,16,6,18.7928
2014,03,16,7,18.755
2014,03,17,0,15.6637
2014,03,17,1,16.0976
2014,03,17,2,13.160200000000001
2014,03,17,3,10.6256
2014,03,17,4,9.90523
2014,03,17,5,6.94987
2014,03,17,6,4.571359999999999
2014,03,17,7,4.58386
2014,03,18,0,10.3804
2014,03,18,1,13.7565
2014,03,18,2,14.2183
2014,03,18,3,16.1917
2014,03,18,4,17.1266
2014,03,18,5,16.3612
2014,03,18,6,15.187700000000001
2014,03,18,7,13.0421
2014,03,19,0,8.64919
2014,03,19,1,10.7624
2014,03,19,2,10.6591
2014,03,19,3,6.93792
2014,03,19,4,6.37192
2014,03,19,5,6.752149999999999
2014,03,19,6,7.329020000000001
2014,03,19,7,7.56136
2014,03,20,0,7.44747
2014,03,20,1,7.4547799999999995
2014,03,20,2,7.3359700000000005
2014,03,20,3,7.01531
2014,03,20,4,6.98682
2014,03,20,5,7.07035
2014,03,20,6,7.73976
2014,03,20,7,8.16455
2014,03,21,0,6.699020000000001
2014,03,21,1,5.05903
2014,03,21,2,4.880310000000001
2014,03,21,3,4.7489300000000005
2014,03,21,4,4.433529999999999
2014,03,21,5,4.331729999999999
2014,03,21,6,4.28
2014,03,21,7,4.71842
2014,03,22,0,4.61646
2014,03,22,1,4.48499
2014,03,22,2,4.50528
2014,03,22,3,4.28419
2014,03,22,4,3.98418
2014,03,22,5,3.68209
2014,03,22,6,3.46905
2014,03,22,7,3.69728
2014,03,23,0,3.6645700000000003
2014,03,23,1,3.8783499999999997
2014,03,23,2,4.65751
2014,03,23,3,4.88096
2014,03,23,4,4.68329
2014,03,23,5,4.71126
2014,03,23,6,4.78347
2014,03,23,7,5.0345200000000006
2014,03,24,0,5.13947
2014,03,24,1,5.43265
2014,03,24,2,5.93775
2014,03,24,3,6.19522
2014,03,24,4,6.27775
2014,03,24,5,6.77789
2014,03,24,6,7.2409099999999995
2014,03,24,7,7.397399999999999
2014,03,25,0,7.47722
2014,03,25,1,7.15813
2014,03,25,2,6.39736
2014,03,25,3,5.97787
2014,03,25,4,7.35095
2014,03,25,5,9.59562
2014,03,25,6,11.197799999999999
2014,03,25,7,10.101700000000001
2014,03,26,0,8.84616
2014,03,26,1,8.83735
2014,03,26,2,9.6913
2014,03,26,3,14.292200000000001
2014,03,26,4,12.9214
2014,03,26,5,11.8381
2014,03,26,6,12.7294
2014,03,26,7,14.0338
2014,03,27,0,16.008200000000002
2014,03,27,1,11.4237
2014,03,27,2,9.02635
2014,03,27,3,7.393020000000001
2014,03,27,4,6.15725
2014,03,27,5,6.9631099999999995
2014,03,27,6,5.98508
2014,03,27,7,6.1335
2014,03,28,0,5.99395
2014,03,28,1,6.390029999999999
2014,03,28,2,6.318020000000001
2014,03,28,3,6.08263
2014,03,28,4,6.533
2014,03,28,5,6.54012
2014,03,28,6,5.69646
2014,03,28,7,5.12506
2014,03,29,0,4.646739999999999
2014,03,29,1,4.64508
2014,03,29,2,5.05597
2014,03,29,3,5.41855
2014,03,29,4,6.221220000000001
2014,03,29,5,8.38715
2014,03,29,6,11.2376
2014,03,29,7,12.2084
2014,03,30,0,10.5935
2014,03,30,1,9.29624
2014,03,30,2,7.659140000000001
2014,03,30,3,6.47909
2014,03,30,4,7.08363
2014,03,30,5,8.16592
2014,03,30,6,7.91366
2014,03,30,7,8.423729999999999
2014,03,31,0,8.8034
2014,03,31,1,8.5678
2014,03,31,2,8.01385
2014,03,31,3,8.00662
2014,03,31,4,8.589799999999999
2014,03,31,5,8.743889999999999
2014,03,31,6,8.511389999999999
2014,03,31,7,7.40471
2014,03,1,0,7.4677299999999995
2014,03,1,1,7.58239
2014,03,1,2,8.11551
2014,03,1,3,8.34716
2014,03,1,4,8.36504
2014,03,1,5,8.351989999999999
2014,03,1,6,8.483559999999999
2014,03,1,7,8.201559999999999
2014,03,2,0,7.9532
2014,03,2,1,8.28007
2014,03,2,2,8.88832
2014,03,2,3,8.99532
2014,03,2,4,8.47391
2014,03,2,5,7.75929
2014,03,2,6,7.64823
2014,03,2,7,7.7145
2014,03,3,0,7.5308
2014,03,3,1,6.90544
2014,03,3,2,6.06
2014,03,3,3,6.18992
2014,03,3,4,6.1578100000000004
2014,03,3,5,4.24325
2014,03,3,6,5.35722
2014,03,3,7,6.408189999999999
2014,03,4,0,6.50539
2014,03,4,1,5.80607
2014,03,4,2,5.98617
2014,03,4,3,5.70335
2014,03,4,4,5.99775
2014,03,4,5,5.84845
2014,03,4,6,4.51926
2014,03,4,7,5.77891
2014,03,5,0,6.32299
2014,03,5,1,5.97249
2014,03,5,2,6.23255
2014,03,5,3,6.146229999999999
2014,03,5,4,5.95988
2014,03,5,5,9.119219999999999
2014,03,5,6,10.629100000000001
2014,03,5,7,10.530299999999999
2014,03,6,0,11.3044
2014,03,6,1,10.576600000000001
2014,03,6,2,11.8278
2014,03,6,3,10.3173
2014,03,6,4,9.21195
2014,03,6,5,8.48258
2014,03,6,6,7.27252
2014,03,6,7,8.84659
2014,03,7,0,9.193290000000001
2014,03,7,1,11.8291
2014,03,7,2,11.821
2014,03,7,3,9.86778
2014,03,7,4,10.376
2014,03,7,5,9.823139999999999
2014,03,7,6,9.41639
2014,03,7,7,8.470930000000001
2014,03,8,0,7.93914
2014,03,8,1,7.25893
2014,03,8,2,6.7073599999999995
2014,03,8,3,5.96387
2014,03,8,4,5.23768
2014,03,8,5,4.40538
2014,03,8,6,3.0670100000000002
2014,03,8,7,2.71311
2014,03,9,0,2.64541
2014,03,9,1,2.54414
2014,03,9,2,2.52025
2014,03,9,3,2.55701
2014,03,9,4,2.64518
2014,03,9,5,2.73508
2014,03,9,6,2.89071
2014,03,9,7,3.07261
2014,03,10,0,3.2085700000000004
2014,03,10,1,3.28746
2014,03,10,2,3.27825
2014,03,10,3,3.0805599999999997
2014,03,10,4,2.62529
2014,03,10,5,2.15511
2014,03,10,6,1.77196
2014,03,10,7,1.37981
2014,03,11,0,1.18599
2014,03,11,1,1.152
2014,03,11,2,0.8561190000000001
2014,03,11,3,0.644833
2014,03,11,4,0.70712
2014,03,11,5,0.769313
2014,03,11,6,2.57179
2014,03,11,7,5.06622
2014,03,12,0,5.9117299999999995
2014,03,12,1,6.166270000000001
2014,03,12,2,7.25883
2014,03,12,3,8.19754
2014,03,12,4,8.17151
2014,03,12,5,7.51708
2014,03,12,6,6.9509
2014,03,12,7,5.99676
2014,03,13,0,5.15906
2014,03,13,1,4.13016
2014,03,13,2,3.0547199999999997
2014,03,13,3,2.28133
2014,03,13,4,2.64425
2014,03,13,5,3.70037
2014,03,13,6,6.0701
2014,03,13,7,8.21759
2014,03,14,0,8.378120000000001
2014,03,14,1,7.357489999999999
2014,03,14,2,5.93898
2014,03,14,3,5.2154
2014,03,14,4,4.43044
2014,03,14,5,3.9286999999999996
2014,03,14,6,4.46825
2014,03,14,7,6.28207
2014,03,15,0,9.07727
2014,03,15,1,10.0741
2014,03,15,2,8.423639999999999
2014,03,15,3,6.7643699999999995
2014,03,15,4,5.98112
2014,03,15,5,5.3186
2014,03,15,6,4.99386
2014,03,15,7,4.80375
2014,03,16,0,4.24556
2014,03,16,1,4.39906
2014,03,16,2,5.76371
2014,03,16,3,6.22839
2014,03,16,4,5.7642
2014,03,16,5,6.13563
2014,03,16,6,6.750229999999999
2014,03,16,7,7.88027
2014,03,17,0,8.90384
2014,03,17,1,9.21467
2014,03,17,2,10.3762
2014,03,17,3,10.446399999999999
2014,03,17,4,7.2078500000000005
2014,03,17,5,4.36326
2014,03,17,6,8.91174
2014,03,17,7,10.7195
2014,03,18,0,12.4356
2014,03,18,1,12.7309
2014,03,18,2,11.6872
2014,03,18,3,11.078
2014,03,18,4,9.462819999999999
2014,03,18,5,9.42735
2014,03,18,6,11.0654
2014,03,18,7,12.2364
2014,03,19,0,12.2746
2014,03,19,1,12.2826
2014,03,19,2,10.0329
2014,03,19,3,7.9305900000000005
2014,03,19,4,8.55372
2014,03,19,5,4.440930000000001
2014,03,19,6,5.3099099999999995
2014,03,19,7,6.17143
2014,03,20,0,6.9802100000000005
2014,03,20,1,5.4322
2014,03,20,2,4.72925
2014,03,20,3,4.7393
2014,03,20,4,5.31231
2014,03,20,5,6.92867
2014,03,20,6,11.0785
2014,03,20,7,13.899700000000001
2014,03,21,0,12.9259
2014,03,21,1,10.8634
2014,03,21,2,9.703149999999999
2014,03,21,3,8.93702
2014,03,21,4,6.63358
2014,03,21,5,7.4256899999999995
2014,03,21,6,7.96079
2014,03,21,7,7.07165
2014,03,22,0,5.907220000000001
2014,03,22,1,7.04018
2014,03,22,2,5.840529999999999
2014,03,22,3,7.1115900000000005
2014,03,22,4,9.56727
2014,03,22,5,11.0336
2014,03,22,6,11.8041
2014,03,22,7,11.1021
2014,03,23,0,11.7248
2014,03,23,1,10.517700000000001
2014,03,23,2,10.0014
2014,03,23,3,6.64241
2014,03,23,4,3.4010599999999998
2014,03,23,5,2.6597399999999998
2014,03,23,6,3.4810100000000004
2014,03,23,7,3.4680500000000003
2014,03,24,0,5.4655
2014,03,24,1,6.568770000000001
2014,03,24,2,9.50667
2014,03,24,3,14.1919
2014,03,24,4,15.3657
2014,03,24,5,13.897
2014,03,24,6,13.5765
2014,03,24,7,14.36
2014,03,25,0,9.65822
2014,03,25,1,4.68822
2014,03,25,2,3.55056
2014,03,25,3,6.7973
2014,03,25,4,6.36247
2014,03,25,5,5.63432
2014,03,25,6,5.14688
2014,03,25,7,5.71399
2014,03,26,0,7.58132
2014,03,26,1,9.04674
2014,03,26,2,8.71475
2014,03,26,3,8.62452
2014,03,26,4,8.87364
2014,03,26,5,8.49118
2014,03,26,6,8.364379999999999
2014,03,26,7,7.90601
2014,03,27,0,7.59438
2014,03,27,1,7.257
2014,03,27,2,7.0209399999999995
2014,03,27,3,6.64844
2014,03,27,4,5.705970000000001
2014,03,27,5,4.72977
2014,03,27,6,3.9829299999999996
2014,03,27,7,3.68521
2014,03,28,0,3.58209
2014,03,28,1,3.6783699999999997
2014,03,28,2,3.9356799999999996
2014,03,28,3,5.75645
2014,03,28,4,7.7962299999999995
2014,03,28,5,9.07578
2014,03,28,6,12.013
2014,03,28,7,12.288200000000002
2014,03,29,0,8.69317
2014,03,29,1,7.70644
2014,03,29,2,7.85211
2014,03,29,3,8.11793
2014,03,29,4,8.37653
2014,03,29,5,9.52707
2014,03,29,6,11.765
2014,03,29,7,13.0866
2014,03,30,0,13.2551
2014,03,30,1,11.7883
2014,03,30,2,7.660220000000001
2014,03,30,3,6.95943
2014,03,30,4,6.3984700000000005
2014,03,30,5,6.29475
2014,03,30,6,6.60591
2014,03,30,7,6.33917
2014,03,1,0,5.51499
2014,03,1,1,4.37386
2014,03,1,2,3.99285
2014,03,1,3,3.31648
2014,03,1,4,2.77483
2014,03,1,5,3.18963
2014,03,1,6,3.3255
2014,03,1,7,3.12792
2014,03,2,0,3.60108
2014,03,2,1,3.37176
2014,03,2,2,2.3943499999999998
2014,03,2,3,2.74863
2014,03,2,4,2.52557
2014,03,2,5,2.05535
2014,03,2,6,1.80868
2014,03,2,7,1.6028900000000001
2014,03,3,0,1.11242
2014,03,3,1,1.19188
2014,03,3,2,1.88353
2014,03,3,3,3.4006999999999996
2014,03,3,4,8.35586
2014,03,3,5,10.5039
2014,03,3,6,11.6366
2014,03,3,7,11.859200000000001
2014,03,4,0,11.5383
2014,03,4,1,10.4517
2014,03,4,2,8.40256
2014,03,4,3,6.63979
2014,03,4,4,6.720899999999999
2014,03,4,5,4.910010000000001
2014,03,4,6,4.76786
2014,03,4,7,4.79877
2014,03,5,0,5.44955
2014,03,5,1,4.077030000000001
2014,03,5,2,2.8905
2014,03,5,3,3.25494
2014,03,5,4,3.73317
2014,03,5,5,4.242229999999999
2014,03,5,6,4.73301
2014,03,5,7,5.6473
2014,03,6,0,6.82283
2014,03,6,1,10.5689
2014,03,6,2,11.5314
2014,03,6,3,5.11627
2014,03,6,4,1.70442
2014,03,6,5,2.38169
2014,03,6,6,3.05717
2014,03,6,7,2.85225
2014,03,7,0,2.3008699999999997
2014,03,7,1,2.78693
2014,03,7,2,3.42444
2014,03,7,3,3.45777
2014,03,7,4,2.1807399999999997
2014,03,7,5,1.82339
2014,03,7,6,2.50472
2014,03,7,7,2.95284
2014,03,8,0,3.42559
2014,03,8,1,3.94581
2014,03,8,2,4.49423
2014,03,8,3,5.86672
2014,03,8,4,3.95625
2014,03,8,5,1.91659
2014,03,8,6,1.37785
2014,03,8,7,1.6959300000000002
2014,03,9,0,1.96233
2014,03,9,1,2.1926
2014,03,9,2,3.15752
2014,03,9,3,4.80463
2014,03,9,4,6.08728
2014,03,9,5,7.648350000000001
2014,03,9,6,9.101799999999999
2014,03,9,7,9.24592
2014,03,10,0,7.95229
2014,03,10,1,7.95108
2014,03,10,2,7.77862
2014,03,10,3,7.34816
2014,03,10,4,6.622739999999999
2014,03,10,5,6.997229999999999
2014,03,10,6,7.49683
2014,03,10,7,7.63917
2014,03,11,0,10.700299999999999
2014,03,11,1,7.70484
2014,03,11,2,5.78825
2014,03,11,3,3.25686
2014,03,11,4,4.6559
2014,03,11,5,5.36372
2014,03,11,6,4.92049
2014,03,11,7,5.1231
2014,03,12,0,4.72081
2014,03,12,1,4.97627
2014,03,12,2,4.85353
2014,03,12,3,5.3285
2014,03,12,4,6.04959
2014,03,12,5,5.21758
2014,03,12,6,3.5155
2014,03,12,7,3.57367
2014,03,13,0,3.54804
2014,03,13,1,4.371560000000001
2014,03,13,2,5.45704
2014,03,13,3,6.423649999999999
2014,03,13,4,6.62254
2014,03,13,5,6.67147
2014,03,13,6,6.98012
2014,03,13,7,7.553439999999999
2014,03,14,0,9.66972
2014,03,14,1,10.045399999999999
2014,03,14,2,9.37236
2014,03,14,3,7.242109999999999
2014,03,14,4,7.72646
2014,03,14,5,7.90349
2014,03,14,6,5.050739999999999
2014,03,14,7,2.61583
2014,03,15,0,2.1686799999999997
2014,03,15,1,2.1452600000000004
2014,03,15,2,2.85225
2014,03,15,3,3.14016
2014,03,15,4,3.62523
2014,03,15,5,4.35668
2014,03,15,6,5.269640000000001
2014,03,15,7,5.423220000000001
2014,03,16,0,4.9609700000000005
2014,03,16,1,4.85318
2014,03,16,2,5.0606
2014,03,16,3,5.6153699999999995
2014,03,16,4,5.54002
2014,03,16,5,5.58125
2014,03,16,6,5.6867
2014,03,16,7,2.58707
2014,03,17,0,4.0842600000000004
2014,03,17,1,5.40235
2014,03,17,2,5.70784
2014,03,17,3,5.42805
2014,03,17,4,7.06243
2014,03,17,5,8.3145
2014,03,17,6,8.75925
2014,03,17,7,11.0178
2014,03,18,0,11.3378
2014,03,18,1,11.2262
2014,03,18,2,11.5122
2014,03,18,3,11.151
2014,03,18,4,10.263399999999999
2014,03,18,5,9.41032
2014,03,18,6,6.24353
2014,03,18,7,3.67767
2014,03,19,0,4.05001
2014,03,19,1,4.60917
2014,03,19,2,7.70128
2014,03,19,3,8.31475
2014,03,19,4,7.83599
2014,03,19,5,9.77974
2014,03,19,6,12.661299999999999
2014,03,19,7,9.306329999999999
2014,03,20,0,6.00614
2014,03,20,1,7.3599499999999995
2014,03,20,2,9.87899
2014,03,20,3,10.1925
2014,03,20,4,9.308209999999999
2014,03,20,5,9.15586
2014,03,20,6,9.5625
2014,03,20,7,8.5447
2014,03,21,0,8.09966
2014,03,21,1,7.23777
2014,03,21,2,8.219059999999999
2014,03,21,3,6.122
2014,03,21,4,4.87826
2014,03,21,5,5.05437
2014,03,21,6,4.5276000000000005
2014,03,21,7,4.54824
2014,03,22,0,5.74641
2014,03,22,1,4.9136999999999995
2014,03,22,2,5.15641
2014,03,22,3,6.3021899999999995
2014,03,22,4,6.76447
2014,03,22,5,7.5717
2014,03,22,6,8.3801
2014,03,22,7,8.496979999999999
2014,03,23,0,6.06784
2014,03,23,1,5.5544899999999995
2014,03,23,2,3.95212
2014,03,23,3,3.9667800000000004
2014,03,23,4,5.76306
2014,03,23,5,8.31185
2014,03,23,6,7.250859999999999
2014,03,23,7,6.86338
2014,03,24,0,6.53336
2014,03,24,1,5.79579
2014,03,24,2,5.18713
2014,03,24,3,4.85711
2014,03,24,4,4.35007
2014,03,24,5,4.30151
2014,03,24,6,4.53071
2014,03,24,7,4.71802
2014,03,25,0,3.79402
2014,03,25,1,3.3407600000000004
2014,03,25,2,2.87316
2014,03,25,3,1.86515
2014,03,25,4,1.57792
2014,03,25,5,1.85503
2014,03,25,6,2.6219
2014,03,25,7,3.5699
2014,03,26,0,5.50932
2014,03,26,1,7.21142
2014,03,26,2,7.2882
2014,03,26,3,7.00476
2014,03,26,4,7.041510000000001
2014,03,26,5,6.98396
2014,03,26,6,6.44025
2014,03,26,7,5.93762
2014,03,27,0,5.29547
2014,03,27,1,4.719810000000001
2014,03,27,2,4.141229999999999
2014,03,27,3,3.58962
2014,03,27,4,3.02279
2014,03,27,5,2.41239
2014,03,27,6,2.22608
2014,03,27,7,2.3215100000000004
2014,03,28,0,2.44932
2014,03,28,1,2.79163
2014,03,28,2,3.33177
2014,03,28,3,3.6166
2014,03,28,4,3.9021500000000002
2014,03,28,5,4.93349
2014,03,28,6,5.710649999999999
2014,03,28,7,6.93617
2014,03,29,0,6.72109
2014,03,29,1,7.083060000000001
2014,03,29,2,7.33974
2014,03,29,3,6.57543
2014,03,29,4,6.091060000000001
2014,03,29,5,6.04136
2014,03,29,6,4.9912600000000005
2014,03,29,7,6.15427
2014,03,30,0,5.3878900000000005
2014,03,30,1,3.22783
2014,03,30,2,1.4568800000000002
2014,03,30,3,1.58052
2014,03,30,4,2.66037
2014,03,30,5,3.3602800000000004
2014,03,30,6,3.56366
2014,03,30,7,2.80002
2014,03,31,0,4.4198
2014,03,31,1,10.288799999999998
2014,03,31,2,10.667
2014,03,31,3,10.4493
2014,03,31,4,8.69434
2014,03,31,5,7.03287
2014,03,31,6,6.31807
2014,03,31,7,4.22284
2014,03,1,0,2.75455
2014,03,1,1,2.6301300000000003
2014,03,1,2,3.35148
2014,03,1,3,2.63703
2014,03,1,4,2.71163
2014,03,1,5,1.86798
2014,03,1,6,1.10006
2014,03,1,7,1.72519
2014,03,2,0,2.7058400000000002
2014,03,2,1,2.71771
2014,03,2,2,1.9364100000000002
2014,03,2,3,2.22332
2014,03,2,4,3.88092
2014,03,2,5,2.5228099999999998
2014,03,2,6,2.8911599999999997
2014,03,2,7,3.39286
2014,03,3,0,4.92817
2014,03,3,1,4.83387
2014,03,3,2,3.0049200000000003
2014,03,3,3,3.0459899999999998
2014,03,3,4,2.28489
2014,03,3,5,2.2838600000000002
2014,03,3,6,2.10247
2014,03,3,7,2.0152
2014,03,4,0,2.53838
2014,03,4,1,5.12376
2014,03,4,2,7.05999
2014,03,4,3,7.69908
2014,03,4,4,5.3899799999999995
2014,03,4,5,5.03782
2014,03,4,6,4.83928
2014,03,4,7,3.18389
2014,03,5,0,1.46322
2014,03,5,1,2.44672
2014,03,5,2,3.15312
2014,03,5,3,3.39552
2014,03,5,4,2.29896
2014,03,5,5,1.4173
2014,03,5,6,1.8996
2014,03,5,7,2.60208
2014,03,6,0,4.2712200000000005
2014,03,6,1,7.151020000000001
2014,03,6,2,9.95183
2014,03,6,3,10.0005
2014,03,6,4,8.881780000000001
2014,03,6,5,8.638440000000001
2014,03,6,6,9.29153
2014,03,6,7,8.477799999999998
2014,03,7,0,6.21664
2014,03,7,1,2.11383
2014,03,7,2,2.21041
2014,03,7,3,2.78838
2014,03,7,4,2.88665
2014,03,7,5,3.10529
2014,03,7,6,3.5926
2014,03,7,7,4.83923
2014,03,8,0,5.37073
2014,03,8,1,5.99508
2014,03,8,2,6.2414
2014,03,8,3,6.53176
2014,03,8,4,6.20758
2014,03,8,5,5.39809
2014,03,8,6,4.60898
2014,03,8,7,3.68991
2014,03,9,0,3.25204
2014,03,9,1,3.17232
2014,03,9,2,3.09471
2014,03,9,3,2.8840100000000004
2014,03,9,4,2.4853899999999998
2014,03,9,5,2.53371
2014,03,9,6,2.94089
2014,03,9,7,2.8371399999999998
2014,03,10,0,2.60145
2014,03,10,1,1.9246400000000001
2014,03,10,2,1.61369
2014,03,10,3,1.08011
2014,03,10,4,0.634455
2014,03,10,5,0.674369
2014,03,10,6,0.739848
2014,03,10,7,0.722448
2014,03,11,0,0.879754
2014,03,11,1,0.93433
2014,03,11,2,1.03653
2014,03,11,3,1.18313
2014,03,11,4,1.2205
2014,03,11,5,1.2301900000000001
2014,03,11,6,1.22558
2014,03,11,7,1.22474
2014,03,12,0,1.2452699999999999
2014,03,12,1,1.25748
2014,03,12,2,1.29688
2014,03,12,3,1.29216
2014,03,12,4,1.29095
2014,03,12,5,1.29926
2014,03,12,6,1.24755
2014,03,12,7,1.09871
2014,03,13,0,0.792924
2014,03,13,1,0.5884550000000001
2014,03,13,2,0.601523
2014,03,13,3,0.698836
2014,03,13,4,0.704392
2014,03,13,5,0.726573
2014,03,13,6,0.795373
2014,03,13,7,0.91303
2014,03,14,0,1.00282
2014,03,14,1,1.0921500000000002
2014,03,14,2,1.05502
2014,03,14,3,0.952251
2014,03,14,4,0.736629
2014,03,14,5,0.703212
2014,03,14,6,0.7421449999999999
2014,03,14,7,0.614305
2014,03,15,0,0.760514
2014,03,15,1,1.03702
2014,03,15,2,1.9201400000000002
2014,03,15,3,3.23862
2014,03,15,4,4.51412
2014,03,15,5,4.552989999999999
2014,03,15,6,5.436310000000001
2014,03,15,7,4.85055
2014,03,16,0,4.46302
2014,03,16,1,4.397609999999999
2014,03,16,2,4.47169
2014,03,16,3,3.7059
2014,03,16,4,2.95331
2014,03,16,5,2.52704
2014,03,16,6,2.35509
2014,03,16,7,2.3096300000000003
2014,03,17,0,2.3016199999999998
2014,03,17,1,2.76122
2014,03,17,2,3.4365
2014,03,17,3,3.28132
2014,03,17,4,2.286
2014,03,17,5,2.28599
2014,03,17,6,2.94921
2014,03,17,7,1.97644
2014,03,18,0,5.165
2014,03,18,1,4.1198500000000005
2014,03,18,2,2.8009299999999997
2014,03,18,3,3.14648
2014,03,18,4,4.445729999999999
2014,03,18,5,3.9124
2014,03,18,6,3.2683400000000002
2014,03,18,7,2.9979699999999996
2014,03,19,0,2.86269
2014,03,19,1,2.99571
2014,03,19,2,2.97096
2014,03,19,3,2.89221
2014,03,19,4,2.61079
2014,03,19,5,3.01604
2014,03,19,6,5.43128
2014,03,19,7,9.52678
2014,03,20,0,10.174299999999999
2014,03,20,1,9.81747
2014,03,20,2,9.60859
2014,03,20,3,9.169709999999998
2014,03,20,4,9.05333
2014,03,20,5,8.807540000000001
2014,03,20,6,8.7593
2014,03,20,7,8.66756
2014,03,21,0,8.50691
2014,03,21,1,8.394129999999999
2014,03,21,2,7.60322
2014,03,21,3,7.00209
2014,03,21,4,6.5421499999999995
2014,03,21,5,6.302479999999999
2014,03,21,6,6.05138
2014,03,21,7,5.64175
2014,03,22,0,4.64477
2014,03,22,1,5.31543
2014,03,22,2,5.92532
2014,03,22,3,6.0699700000000005
2014,03,22,4,5.997520000000001
2014,03,22,5,5.70406
2014,03,22,6,5.07357
2014,03,22,7,4.248939999999999
2014,03,23,0,3.91497
2014,03,23,1,3.15412
2014,03,23,2,2.10404
2014,03,23,3,1.62742
2014,03,23,4,3.2236599999999997
2014,03,23,5,3.37319
2014,03,23,6,2.8685500000000004
2014,03,23,7,2.99597
2014,03,24,0,3.2055700000000003
2014,03,24,1,3.48413
2014,03,24,2,3.54223
2014,03,24,3,2.6617800000000003
2014,03,24,4,2.0478
2014,03,24,5,1.96555
2014,03,24,6,2.33832
2014,03,24,7,2.7560599999999997
2014,03,25,0,3.2578
2014,03,25,1,3.49335
2014,03,25,2,3.2598499999999997
2014,03,25,3,3.03014
2014,03,25,4,2.82077
2014,03,25,5,2.4707800000000004
2014,03,25,6,1.88514
2014,03,25,7,1.64191
2014,03,26,0,1.6332
2014,03,26,1,1.79715
2014,03,26,2,1.89222
2014,03,26,3,1.98993
2014,03,26,4,1.88705
2014,03,26,5,1.96873
2014,03,26,6,1.91
2014,03,26,7,1.8322100000000001
2014,03,27,0,1.87244
2014,03,27,1,1.90598
2014,03,27,2,1.9903499999999998
2014,03,27,3,2.13513
2014,03,27,4,2.86892
2014,03,27,5,2.7928200000000003
2014,03,27,6,2.58352
2014,03,27,7,2.41031
2014,03,28,0,2.62762
2014,03,28,1,2.54008
2014,03,28,2,2.30125
2014,03,28,3,1.53523
2014,03,28,4,1.15126
2014,03,28,5,1.01857
2014,03,28,6,0.969912
2014,03,28,7,0.945453
2014,03,29,0,0.897366
2014,03,29,1,0.751026
2014,03,29,2,0.5202530000000001
2014,03,29,3,0.610862
2014,03,29,4,0.910135
2014,03,29,5,0.992464
2014,03,29,6,0.938449
2014,03,29,7,0.830586
2014,03,30,0,0.7671720000000001
2014,03,30,1,0.803278
2014,03,30,2,0.633419
2014,03,30,3,0.35802300000000004
2014,03,30,4,0.33128199999999997
2014,03,30,5,0.335146
2014,03,30,6,0.36091500000000004
2014,03,30,7,1.05473
2014,03,1,0,2.2536799999999997
2014,03,1,1,2.29058
2014,03,1,2,1.9815
2014,03,1,3,1.91377
2014,03,1,4,1.97371
2014,03,1,5,2.15617
2014,03,1,6,2.1580700000000004
2014,03,1,7,2.13607
2014,03,2,0,2.12636
2014,03,2,1,1.57227
2014,03,2,2,1.4959200000000001
2014,03,2,3,1.21935
2014,03,2,4,0.9200069999999999
2014,03,2,5,0.813805
2014,03,2,6,1.00064
2014,03,2,7,1.3884100000000001
2014,03,3,0,2.6749
2014,03,3,1,3.86535
2014,03,3,2,4.17718
2014,03,3,3,3.72546
2014,03,3,4,2.88638
2014,03,3,5,2.45652
2014,03,3,6,2.69893
2014,03,3,7,2.77588
2014,03,4,0,3.245
2014,03,4,1,2.7333600000000002
2014,03,4,2,2.56606
2014,03,4,3,2.64958
2014,03,4,4,2.2073400000000003
2014,03,4,5,1.92394
2014,03,4,6,1.44804
2014,03,4,7,1.2462
2014,03,5,0,1.09758
2014,03,5,1,0.918956
2014,03,5,2,0.866975
2014,03,5,3,0.883876
2014,03,5,4,0.934665
2014,03,5,5,1.1051900000000001
2014,03,5,6,1.45654
2014,03,5,7,1.6296700000000002
2014,03,6,0,1.7152
2014,03,6,1,1.8117699999999999
2014,03,6,2,2.13637
2014,03,6,3,2.86537
2014,03,6,4,4.962680000000001
2014,03,6,5,6.73367
2014,03,6,6,7.32085
2014,03,6,7,7.24282
2014,03,7,0,6.98832
2014,03,7,1,5.65787
2014,03,7,2,4.5656300000000005
2014,03,7,3,4.79643
2014,03,7,4,4.33819
2014,03,7,5,4.04385
2014,03,7,6,3.687
2014,03,7,7,3.0321700000000003
2014,03,8,0,2.4646
2014,03,8,1,1.70592
2014,03,8,2,1.61896
2014,03,8,3,4.592359999999999
2014,03,8,4,5.30975
2014,03,8,5,6.815840000000001
2014,03,8,6,8.81308
2014,03,8,7,8.117989999999999
2014,03,9,0,7.05099
2014,03,9,1,5.83854
2014,03,9,2,6.655819999999999
2014,03,9,3,6.56157
2014,03,9,4,6.71829
2014,03,9,5,7.76786
2014,03,9,6,9.67885
2014,03,9,7,7.40388
2014,03,10,0,9.420110000000001
2014,03,10,1,3.20128
2014,03,10,2,5.00122
2014,03,10,3,2.66391
2014,03,10,4,2.97373
2014,03,10,5,4.93608
2014,03,10,6,6.51252
2014,03,10,7,8.78752
2014,03,11,0,9.38483
2014,03,11,1,8.57499
2014,03,11,2,9.11746
2014,03,11,3,9.09001
2014,03,11,4,7.1144799999999995
2014,03,11,5,6.0519
2014,03,11,6,4.15715
2014,03,11,7,2.8375700000000004
2014,03,12,0,2.83446
2014,03,12,1,4.26433
2014,03,12,2,5.81112
2014,03,12,3,6.89387
2014,03,12,4,5.83605
2014,03,12,5,5.2045
2014,03,12,6,5.3392
2014,03,12,7,4.91129
2014,03,13,0,4.41692
2014,03,13,1,4.38081
2014,03,13,2,3.77001
2014,03,13,3,3.27915
2014,03,13,4,3.22112
2014,03,13,5,3.71533
2014,03,13,6,3.0957600000000003
2014,03,13,7,1.8758
2014,03,14,0,2.02875
2014,03,14,1,2.4009699999999996
2014,03,14,2,1.9075
2014,03,14,3,1.63063
2014,03,14,4,1.31479
2014,03,14,5,1.05579
2014,03,14,6,0.859193
2014,03,14,7,0.780221
2014,03,15,0,0.812499
2014,03,15,1,1.09423
2014,03,15,2,1.51201
2014,03,15,3,2.02012
2014,03,15,4,2.50923
2014,03,15,5,2.3319099999999997
2014,03,15,6,2.07838
2014,03,15,7,1.9327999999999999
2014,03,16,0,1.53241
2014,03,16,1,1.00392
2014,03,16,2,0.861476
2014,03,16,3,1.14168
2014,03,16,4,1.24822
2014,03,16,5,1.01759
2014,03,16,6,1.01201
2014,03,16,7,0.9738150000000001
2014,03,17,0,2.21157
2014,03,17,1,3.07734
2014,03,17,2,3.38408
2014,03,17,3,3.54642
2014,03,17,4,4.12416
2014,03,17,5,4.98975
2014,03,17,6,4.86451
2014,03,17,7,3.98834
2014,03,18,0,4.0875900000000005
2014,03,18,1,4.35418
2014,03,18,2,3.62127
2014,03,18,3,2.9452800000000003
2014,03,18,4,3.43136
2014,03,18,5,4.02149
2014,03,18,6,3.7879
2014,03,18,7,3.16189
2014,03,19,0,2.95212
2014,03,19,1,2.5471399999999997
2014,03,19,2,2.90558
2014,03,19,3,3.28306
2014,03,19,4,4.67582
2014,03,19,5,6.7105500000000005
2014,03,19,6,6.630319999999999
2014,03,19,7,6.22804
2014,03,20,0,4.31456
2014,03,20,1,2.6438699999999997
2014,03,20,2,1.70565
2014,03,20,3,2.5907600000000004
2014,03,20,4,3.61522
2014,03,20,5,3.3925799999999997
2014,03,20,6,2.7456799999999997
2014,03,20,7,3.06678
2014,03,21,0,3.74234
2014,03,21,1,4.57139
2014,03,21,2,5.00266
2014,03,21,3,5.331060000000001
2014,03,21,4,5.45088
2014,03,21,5,5.55286
2014,03,21,6,5.25774
2014,03,21,7,4.98449
2014,03,22,0,4.4982299999999995
2014,03,22,1,3.5422
2014,03,22,2,3.31978
2014,03,22,3,3.3131
2014,03,22,4,3.2688699999999997
2014,03,22,5,3.34437
2014,03,22,6,3.29364
2014,03,22,7,2.83273
2014,03,23,0,2.61728
2014,03,23,1,2.84301
2014,03,23,2,2.22645
2014,03,23,3,2.2156599999999997
2014,03,23,4,1.83303
2014,03,23,5,2.21033
2014,03,23,6,3.28113
2014,03,23,7,4.21758
2014,03,24,0,3.53702
2014,03,24,1,3.4450700000000003
2014,03,24,2,3.49128
2014,03,24,3,3.3452100000000002
2014,03,24,4,3.08636
2014,03,24,5,3.0896500000000002
2014,03,24,6,2.94065
2014,03,24,7,2.57566
2014,03,25,0,2.18819
2014,03,25,1,1.79546
2014,03,25,2,1.82497
2014,03,25,3,2.1958699999999998
2014,03,25,4,2.44713
2014,03,25,5,2.6125700000000003
2014,03,25,6,2.24416
2014,03,25,7,1.18651
2014,03,26,0,1.2867899999999999
2014,03,26,1,1.57097
2014,03,26,2,1.3236400000000001
2014,03,26,3,1.19641
2014,03,26,4,2.03765
2014,03,26,5,2.28708
2014,03,26,6,2.1775100000000003
2014,03,26,7,2.45543
2014,03,27,0,2.0960900000000002
2014,03,27,1,1.21702
2014,03,27,2,1.05876
2014,03,27,3,1.00138
2014,03,27,4,1.02791
2014,03,27,5,1.11211
2014,03,27,6,1.19042
2014,03,27,7,1.2738800000000001
2014,03,28,0,1.5326300000000002
2014,03,28,1,2.0539
2014,03,28,2,2.2893000000000003
2014,03,28,3,2.1431799999999996
2014,03,28,4,1.90007
2014,03,28,5,1.5538299999999998
2014,03,28,6,1.31729
2014,03,28,7,1.148
2014,03,29,0,1.1879600000000001
2014,03,29,1,0.898987
2014,03,29,2,0.920081
2014,03,29,3,0.744221
2014,03,29,4,0.6006739999999999
2014,03,29,5,0.544505
2014,03,29,6,0.42215600000000003
2014,03,29,7,0.448788
2014,03,30,0,0.597973
2014,03,30,1,0.835407
2014,03,30,2,2.00657
2014,03,30,3,2.29317
2014,03,30,4,2.33401
2014,03,30,5,2.46825
2014,03,30,6,4.304810000000001
2014,03,30,7,5.81361
2014,03,31,0,5.27136
2014,03,31,1,5.32889
2014,03,31,2,6.31504
2014,03,31,3,5.54625
2014,03,31,4,6.312069999999999
2014,03,31,5,6.84009
2014,03,31,6,7.71554
2014,03,31,7,8.367049999999999
2015,03,1,0,7.07484
2015,03,1,1,5.94245
2015,03,1,2,4.9578
2015,03,1,3,4.70374
2015,03,1,4,4.20641
2015,03,1,5,3.91384
2015,03,1,6,4.6334
2015,03,1,7,5.07284
2015,03,2,0,4.91375
2015,03,2,1,4.70805
2015,03,2,2,4.74045
2015,03,2,3,3.7440900000000004
2015,03,2,4,2.82104
2015,03,2,5,2.22911
2015,03,2,6,1.8970799999999999
2015,03,2,7,1.6616
2015,03,3,0,1.43246
2015,03,3,1,1.05337
2015,03,3,2,0.682326
2015,03,3,3,0.614062
2015,03,3,4,0.857903
2015,03,3,5,0.863861
2015,03,3,6,0.796277
2015,03,3,7,0.705678
2015,03,4,0,0.6061409999999999
2015,03,4,1,0.60151
2015,03,4,2,0.608683
2015,03,4,3,0.62526
2015,03,4,4,0.5843740000000001
2015,03,4,5,0.550511
2015,03,4,6,0.643293
2015,03,4,7,0.655111
2015,03,5,0,0.611263
2015,03,5,1,0.713722
2015,03,5,2,0.8488490000000001
2015,03,5,3,0.7736280000000001
2015,03,5,4,0.90699
2015,03,5,5,1.07984
2015,03,5,6,0.973437
2015,03,5,7,1.47037
2015,03,6,0,1.19792
2015,03,6,1,1.5755
2015,03,6,2,1.81075
2015,03,6,3,2.34127
2015,03,6,4,2.30707
2015,03,6,5,2.08552
2015,03,6,6,1.95498
2015,03,6,7,2.0510300000000004
2015,03,7,0,2.46205
2015,03,7,1,3.1160799999999997
2015,03,7,2,4.02956
2015,03,7,3,6.12567
2015,03,7,4,8.04469
2015,03,7,5,9.161389999999999
2015,03,7,6,8.91816
2015,03,7,7,7.65655
2015,03,8,0,6.6371899999999995
2015,03,8,1,5.32134
2015,03,8,2,4.06022
2015,03,8,3,1.65266
2015,03,8,4,0.477512
2015,03,8,5,0.483825
2015,03,8,6,0.417558
2015,03,8,7,0.407023
2015,03,9,0,0.402632
2015,03,9,1,0.44310700000000003
2015,03,9,2,0.561666
2015,03,9,3,0.806226
2015,03,9,4,1.64419
2015,03,9,5,2.06427
2015,03,9,6,3.00998
2015,03,9,7,4.71665
2015,03,10,0,6.02041
2015,03,10,1,6.891220000000001
2015,03,10,2,5.22487
2015,03,10,3,5.02651
2015,03,10,4,5.16722
2015,03,10,5,4.7943500000000006
2015,03,10,6,3.96083
2015,03,10,7,2.2200100000000003
2015,03,11,0,1.14548
2015,03,11,1,0.538711
2015,03,11,2,0.575739
2015,03,11,3,0.840108
2015,03,11,4,1.13944
2015,03,11,5,1.31795
2015,03,11,6,1.51478
2015,03,11,7,1.6051300000000002
2015,03,12,0,1.2977
2015,03,12,1,1.12961
2015,03,12,2,0.932413
2015,03,12,3,0.884266
2015,03,12,4,1.46771
2015,03,12,5,1.9115799999999998
2015,03,12,6,2.1195999999999997
2015,03,12,7,3.18086
2015,03,13,0,3.8842
2015,03,13,1,4.71087
2015,03,13,2,5.21689
2015,03,13,3,5.99685
2015,03,13,4,6.69588
2015,03,13,5,7.0874
2015,03,13,6,7.295310000000001
2015,03,13,7,7.14275
2015,03,14,0,2.75048
2015,03,14,1,3.44794
2015,03,14,2,3.61328
2015,03,14,3,3.7635500000000004
2015,03,14,4,4.43639
2015,03,14,5,5.03586
2015,03,14,6,5.661239999999999
2015,03,14,7,7.05113
2015,03,15,0,7.002140000000001
2015,03,15,1,5.46325
2015,03,15,2,4.163270000000001
2015,03,15,3,3.49987
2015,03,15,4,4.3246400000000005
2015,03,15,5,4.25186
2015,03,15,6,3.88304
2015,03,15,7,5.16185
2015,03,16,0,7.38523
2015,03,16,1,6.5018400000000005
2015,03,16,2,7.09463
2015,03,16,3,6.95545
2015,03,16,4,5.655930000000001
2015,03,16,5,4.91289
2015,03,16,6,2.13848
2015,03,16,7,3.42974
2015,03,17,0,1.2134500000000001
2015,03,17,1,3.3501999999999996
2015,03,17,2,3.85223
2015,03,17,3,3.65835
2015,03,17,4,3.7826999999999997
2015,03,17,5,3.69419
2015,03,17,6,3.2876399999999997
2015,03,17,7,2.9653899999999997
2015,03,18,0,3.4378699999999998
2015,03,18,1,4.0688200000000005
2015,03,18,2,2.9112600000000004
2015,03,18,3,1.37472
2015,03,18,4,1.32656
2015,03,18,5,1.9021
2015,03,18,6,2.32139
2015,03,18,7,2.48684
2015,03,19,0,3.10171
2015,03,19,1,4.43285
2015,03,19,2,5.21641
2015,03,19,3,5.35799
2015,03,19,4,5.01533
2015,03,19,5,4.58903
2015,03,19,6,4.35543
2015,03,19,7,4.1744200000000005
2015,03,20,0,3.95628
2015,03,20,1,3.6766199999999998
2015,03,20,2,3.28844
2015,03,20,3,2.9115100000000003
2015,03,20,4,2.425
2015,03,20,5,2.3890599999999997
2015,03,20,6,2.51491
2015,03,20,7,1.85531
2015,03,21,0,1.85315
2015,03,21,1,3.4245900000000002
2015,03,21,2,4.9943
2015,03,21,3,5.29195
2015,03,21,4,5.96249
2015,03,21,5,8.644549999999999
2015,03,21,6,8.794459999999999
2015,03,21,7,8.70444
2015,03,22,0,9.895340000000001
2015,03,22,1,10.1243
2015,03,22,2,9.120790000000001
2015,03,22,3,8.02533
2015,03,22,4,5.657979999999999
2015,03,22,5,4.12395
2015,03,22,6,2.94014
2015,03,22,7,2.90529
2015,03,23,0,3.3028899999999997
2015,03,23,1,4.19428
2015,03,23,2,4.52426
2015,03,23,3,6.621149999999999
2015,03,23,4,5.24125
2015,03,23,5,2.59038
2015,03,23,6,2.50004
2015,03,23,7,3.64314
2015,03,24,0,6.20863
2015,03,24,1,7.78369
2015,03,24,2,5.72799
2015,03,24,3,1.94243
2015,03,24,4,1.31249
2015,03,24,5,1.7755699999999999
2015,03,24,6,2.05546
2015,03,24,7,2.88661
2015,03,25,0,3.5754099999999998
2015,03,25,1,7.288390000000001
2015,03,25,2,10.7539
2015,03,25,3,8.82485
2015,03,25,4,3.80751
2015,03,25,5,2.23342
2015,03,25,6,2.32699
2015,03,25,7,2.84819
2015,03,26,0,2.90691
2015,03,26,1,3.71323
2015,03,26,2,4.85666
2015,03,26,3,4.60717
2015,03,26,4,3.7493600000000002
2015,03,26,5,3.60033
2015,03,26,6,4.02117
2015,03,26,7,4.6353100000000005
2015,03,27,0,5.0423
2015,03,27,1,6.85567
2015,03,27,2,6.094810000000001
2015,03,27,3,5.86155
2015,03,27,4,5.86714
2015,03,27,5,6.02128
2015,03,27,6,5.11612
2015,03,27,7,2.9699899999999997
2015,03,28,0,3.13279
2015,03,28,1,3.93163
2015,03,28,2,4.1728000000000005
2015,03,28,3,1.4816099999999999
2015,03,28,4,0.70648
2015,03,28,5,0.794297
2015,03,28,6,1.32005
2015,03,28,7,2.00377
2015,03,29,0,1.99796
2015,03,29,1,2.80059
2015,03,29,2,3.9401100000000002
2015,03,29,3,5.02426
2015,03,29,4,4.960319999999999
2015,03,29,5,4.06944
2015,03,29,6,4.271109999999999
2015,03,29,7,4.44777
2015,03,30,0,4.2845200000000006
2015,03,30,1,4.60712
2015,03,30,2,3.0095500000000004
2015,03,30,3,2.00005
2015,03,30,4,2.36859
2015,03,30,5,2.47418
2015,03,30,6,2.70121
2015,03,30,7,3.1164899999999998
2015,03,31,0,3.04056
2015,03,31,1,2.7285999999999997
2015,03,31,2,2.29712
2015,03,31,3,1.94928
2015,03,31,4,1.9193699999999998
2015,03,31,5,1.9726700000000001
2015,03,31,6,2.00397
2015,03,31,7,1.39894
2015,03,1,0,0.763542
2015,03,1,1,0.780945
2015,03,1,2,0.847314
2015,03,1,3,1.02522
2015,03,1,4,1.06081
2015,03,1,5,1.2408
2015,03,1,6,1.38555
2015,03,1,7,1.66746
2015,03,2,0,1.74052
2015,03,2,1,1.75505
2015,03,2,2,1.91725
2015,03,2,3,2.0329800000000002
2015,03,2,4,1.97821
2015,03,2,5,1.84003
2015,03,2,6,1.44738
2015,03,2,7,0.623644
2015,03,3,0,0.481439
2015,03,3,1,0.504093
2015,03,3,2,0.52954
2015,03,3,3,0.500119
2015,03,3,4,0.490046
2015,03,3,5,0.434269
2015,03,3,6,0.434557
2015,03,3,7,0.688295
2015,03,4,0,0.875319
2015,03,4,1,0.74678
2015,03,4,2,0.722602
2015,03,4,3,2.87962
2015,03,4,4,3.24191
2015,03,4,5,2.94156
2015,03,4,6,2.16034
2015,03,4,7,2.18282
2015,03,5,0,2.22982
2015,03,5,1,2.09646
2015,03,5,2,2.10764
2015,03,5,3,2.2414
2015,03,5,4,2.84887
2015,03,5,5,2.76577
2015,03,5,6,3.51827
2015,03,5,7,3.83458
2015,03,6,0,3.9398899999999997
2015,03,6,1,4.12928
2015,03,6,2,4.79599
2015,03,6,3,5.97328
2015,03,6,4,6.81645
2015,03,6,5,7.09108
2015,03,6,6,7.0857600000000005
2015,03,6,7,6.8786499999999995
2015,03,7,0,7.01284
2015,03,7,1,7.071
2015,03,7,2,6.944
2015,03,7,3,6.0682
2015,03,7,4,6.190840000000001
2015,03,7,5,6.15816
2015,03,7,6,5.99159
2015,03,7,7,2.64726
2015,03,8,0,1.68407
2015,03,8,1,2.34746
2015,03,8,2,3.70711
2015,03,8,3,4.38259
2015,03,8,4,3.93488
2015,03,8,5,2.39636
2015,03,8,6,2.60407
2015,03,8,7,4.39596
2015,03,9,0,5.02996
2015,03,9,1,5.11983
2015,03,9,2,5.48687
2015,03,9,3,5.97724
2015,03,9,4,5.35864
2015,03,9,5,4.66799
2015,03,9,6,4.64582
2015,03,9,7,4.853689999999999
2015,03,10,0,4.14887
2015,03,10,1,2.9544200000000003
2015,03,10,2,2.19653
2015,03,10,3,2.30513
2015,03,10,4,2.2942
2015,03,10,5,2.5219099999999997
2015,03,10,6,2.48828
2015,03,10,7,2.48596
2015,03,11,0,2.4483
2015,03,11,1,2.36111
2015,03,11,2,2.24604
2015,03,11,3,2.1814899999999997
2015,03,11,4,2.38611
2015,03,11,5,3.4580300000000004
2015,03,11,6,4.673430000000001
2015,03,11,7,6.06517
2015,03,12,0,7.04653
2015,03,12,1,7.07278
2015,03,12,2,6.49432
2015,03,12,3,5.82604
2015,03,12,4,6.04534
2015,03,12,5,5.986560000000001
2015,03,12,6,6.3261
2015,03,12,7,4.79408
2015,03,13,0,3.48082
2015,03,13,1,5.19922
2015,03,13,2,5.556220000000001
2015,03,13,3,6.69812
2015,03,13,4,6.86482
2015,03,13,5,5.3608199999999995
2015,03,13,6,6.13148
2015,03,13,7,8.53217
2015,03,14,0,9.04491
2015,03,14,1,5.66214
2015,03,14,2,2.72267
2015,03,14,3,1.31552
2015,03,14,4,2.1554499999999996
2015,03,14,5,2.5858499999999998
2015,03,14,6,3.64903
2015,03,14,7,4.04577
2015,03,15,0,3.83289
2015,03,15,1,3.04793
2015,03,15,2,2.49332
2015,03,15,3,2.9917399999999996
2015,03,15,4,2.9473000000000003
2015,03,15,5,2.36378
2015,03,15,6,2.5374899999999996
2015,03,15,7,2.3885300000000003
2015,03,16,0,2.20085
2015,03,16,1,2.6313899999999997
2015,03,16,2,2.8686100000000003
2015,03,16,3,2.69773
2015,03,16,4,2.6616500000000003
2015,03,16,5,2.77595
2015,03,16,6,2.81071
2015,03,16,7,2.88058
2015,03,17,0,3.10412
2015,03,17,1,3.3162399999999996
2015,03,17,2,3.63105
2015,03,17,3,4.11918
2015,03,17,4,4.94175
2015,03,17,5,6.411359999999999
2015,03,17,6,7.27027
2015,03,17,7,7.46948
2015,03,18,0,6.66976
2015,03,18,1,6.43658
2015,03,18,2,5.13788
2015,03,18,3,5.63108
2015,03,18,4,6.23447
2015,03,18,5,5.96348
2015,03,18,6,5.787649999999999
2015,03,18,7,5.85448
2015,03,19,0,5.65071
2015,03,19,1,4.95024
2015,03,19,2,5.00668
2015,03,19,3,5.659800000000001
2015,03,19,4,4.62927
2015,03,19,5,4.09229
2015,03,19,6,4.42094
2015,03,19,7,4.0962700000000005
2015,03,20,0,3.98264
2015,03,20,1,4.02904
2015,03,20,2,3.85726
2015,03,20,3,3.78457
2015,03,20,4,3.66175
2015,03,20,5,3.4685900000000003
2015,03,20,6,3.23977
2015,03,20,7,2.89407
2015,03,21,0,2.5056
2015,03,21,1,2.11842
2015,03,21,2,1.85999
2015,03,21,3,1.38706
2015,03,21,4,0.8869130000000001
2015,03,21,5,0.694447
2015,03,21,6,0.834076
2015,03,21,7,1.2503499999999999
2015,03,22,0,1.74379
2015,03,22,1,1.70541
2015,03,22,2,2.07958
2015,03,22,3,1.57903
2015,03,22,4,1.75324
2015,03,22,5,3.7648800000000002
2015,03,22,6,5.20086
2015,03,22,7,8.82966
2015,03,23,0,9.407110000000001
2015,03,23,1,6.1666300000000005
2015,03,23,2,5.51422
2015,03,23,3,6.52548
2015,03,23,4,7.00319
2015,03,23,5,6.55714
2015,03,23,6,6.4038900000000005
2015,03,23,7,7.33077
2015,03,24,0,7.4514700000000005
2015,03,24,1,5.3951
2015,03,24,2,2.43164
2015,03,24,3,2.04263
2015,03,24,4,3.7923899999999997
2015,03,24,5,3.8332800000000002
2015,03,24,6,1.79107
2015,03,24,7,2.53808
2015,03,25,0,2.79442
2015,03,25,1,2.81988
2015,03,25,2,2.86238
2015,03,25,3,2.6955
2015,03,25,4,2.5687699999999998
2015,03,25,5,2.4528000000000003
2015,03,25,6,2.33691
2015,03,25,7,2.1186700000000003
2015,03,26,0,1.96386
2015,03,26,1,1.69677
2015,03,26,2,1.67679
2015,03,26,3,1.71304
2015,03,26,4,1.93171
2015,03,26,5,2.1445100000000004
2015,03,26,6,2.40978
2015,03,26,7,2.68067
2015,03,27,0,2.8801799999999997
2015,03,27,1,2.72964
2015,03,27,2,2.38921
2015,03,27,3,1.63239
2015,03,27,4,0.785443
2015,03,27,5,0.8334940000000001
2015,03,27,6,1.26621
2015,03,27,7,1.66459
2015,03,28,0,1.96875
2015,03,28,1,2.30543
2015,03,28,2,2.83816
2015,03,28,3,2.98058
2015,03,28,4,3.0330500000000002
2015,03,28,5,2.44258
2015,03,28,6,2.03277
2015,03,28,7,1.91267
2015,03,1,0,1.85446
2015,03,1,1,1.8692
2015,03,1,2,2.1112800000000003
2015,03,1,3,2.5317800000000004
2015,03,1,4,2.8905100000000004
2015,03,1,5,3.1302399999999997
2015,03,1,6,3.1472399999999996
2015,03,1,7,3.38406
2015,03,2,0,3.45912
2015,03,2,1,3.29867
2015,03,2,2,1.5645499999999999
2015,03,2,3,0.954743
2015,03,2,4,0.6622290000000001
2015,03,2,5,0.388348
2015,03,2,6,0.393563
2015,03,2,7,0.427392
2015,03,3,0,0.519717
2015,03,3,1,0.612754
2015,03,3,2,0.707836
2015,03,3,3,0.88698
2015,03,3,4,1.00131
2015,03,3,5,1.09597
2015,03,3,6,1.00141
2015,03,3,7,1.1048
2015,03,4,0,1.25697
2015,03,4,1,1.61349
2015,03,4,2,2.29176
2015,03,4,3,1.6201199999999998
2015,03,4,4,3.09266
2015,03,4,5,2.75581
2015,03,4,6,2.903
2015,03,4,7,2.40016
2015,03,5,0,2.15696
2015,03,5,1,2.39663
2015,03,5,2,3.28223
2015,03,5,3,4.02393
2015,03,5,4,4.10624
2015,03,5,5,4.199739999999999
2015,03,5,6,4.28998
2015,03,5,7,4.46307
2015,03,6,0,4.97264
2015,03,6,1,5.39412
2015,03,6,2,5.42731
2015,03,6,3,4.95455
2015,03,6,4,3.86991
2015,03,6,5,3.9900700000000002
2015,03,6,6,3.68242
2015,03,6,7,3.2232399999999997
2015,03,7,0,2.41021
2015,03,7,1,1.9259000000000002
2015,03,7,2,1.9747000000000001
2015,03,7,3,1.8765
2015,03,7,4,1.96706
2015,03,7,5,1.91951
2015,03,7,6,2.1959899999999997
2015,03,7,7,2.50388
2015,03,8,0,3.1488400000000003
2015,03,8,1,3.9013
2015,03,8,2,4.43907
2015,03,8,3,5.05349
2015,03,8,4,5.71129
2015,03,8,5,4.13453
2015,03,8,6,3.92529
2015,03,8,7,2.77951
2015,03,9,0,3.88671
2015,03,9,1,4.238149999999999
2015,03,9,2,4.84435
2015,03,9,3,4.92143
2015,03,9,4,4.3702700000000005
2015,03,9,5,2.6649499999999997
2015,03,9,6,2.0295199999999998
2015,03,9,7,1.5875899999999998
2015,03,10,0,1.3735899999999999
2015,03,10,1,2.02581
2015,03,10,2,1.74522
2015,03,10,3,1.65549
2015,03,10,4,1.53577
2015,03,10,5,1.5808
2015,03,10,6,2.24685
2015,03,10,7,2.7600700000000002
2015,03,11,0,2.95696
2015,03,11,1,3.31381
2015,03,11,2,4.2794
2015,03,11,3,5.615399999999999
2015,03,11,4,6.5948400000000005
2015,03,11,5,6.88295
2015,03,11,6,6.93636
2015,03,11,7,6.49976
2015,03,12,0,6.785909999999999
2015,03,12,1,5.48101
2015,03,12,2,6.992859999999999
2015,03,12,3,6.06514
2015,03,12,4,6.55292
2015,03,12,5,4.991140000000001
2015,03,12,6,2.5398
2015,03,12,7,4.92071
2015,03,13,0,3.84458
2015,03,13,1,1.64702
2015,03,13,2,2.1785
2015,03,13,3,2.64091
2015,03,13,4,4.6643
2015,03,13,5,2.82757
2015,03,13,6,2.8857199999999996
2015,03,13,7,3.4179
2015,03,14,0,4.31938
2015,03,14,1,4.65613
2015,03,14,2,5.03771
2015,03,14,3,7.0397799999999995
2015,03,14,4,7.684270000000001
2015,03,14,5,7.43771
2015,03,14,6,7.51114
2015,03,14,7,7.99245
2015,03,15,0,6.18008
2015,03,15,1,4.73029
2015,03,15,2,2.79631
2015,03,15,3,1.76577
2015,03,15,4,1.7492999999999999
2015,03,15,5,1.94377
2015,03,15,6,1.07038
2015,03,15,7,0.794289
2015,03,16,0,0.606708
2015,03,16,1,0.754734
2015,03,16,2,0.964634
2015,03,16,3,1.10073
2015,03,16,4,1.37555
2015,03,16,5,1.6791800000000001
2015,03,16,6,1.66818
2015,03,16,7,1.27786
2015,03,17,0,1.0570899999999999
2015,03,17,1,0.981832
2015,03,17,2,1.02476
2015,03,17,3,1.1058
2015,03,17,4,1.24383
2015,03,17,5,1.29362
2015,03,17,6,1.18448
2015,03,17,7,0.942663
2015,03,18,0,0.74291
2015,03,18,1,0.797269
2015,03,18,2,0.9871960000000001
2015,03,18,3,2.02672
2015,03,18,4,3.17707
2015,03,18,5,3.46474
2015,03,18,6,3.0252600000000003
2015,03,18,7,2.61192
2015,03,19,0,2.5492
2015,03,19,1,2.72861
2015,03,19,2,3.82125
2015,03,19,3,4.547770000000001
2015,03,19,4,4.3091800000000005
2015,03,19,5,3.72045
2015,03,19,6,3.63579
2015,03,19,7,3.58746
2015,03,20,0,4.01749
2015,03,20,1,4.3292399999999995
2015,03,20,2,4.141220000000001
2015,03,20,3,3.54457
2015,03,20,4,2.56993
2015,03,20,5,2.3841300000000003
2015,03,20,6,2.3383499999999997
2015,03,20,7,3.21008
2015,03,21,0,4.40078
2015,03,21,1,6.0348999999999995
2015,03,21,2,6.47108
2015,03,21,3,6.42997
2015,03,21,4,6.1273800000000005
2015,03,21,5,5.9017100000000005
2015,03,21,6,5.50033
2015,03,21,7,4.59337
2015,03,22,0,4.526560000000001
2015,03,22,1,4.3413900000000005
2015,03,22,2,4.05167
2015,03,22,3,4.02213
2015,03,22,4,3.92301
2015,03,22,5,3.7431799999999997
2015,03,22,6,3.2673200000000002
2015,03,22,7,2.22555
2015,03,23,0,1.45041
2015,03,23,1,1.38486
2015,03,23,2,1.33338
2015,03,23,3,1.33474
2015,03,23,4,1.77484
2015,03,23,5,2.4151
2015,03,23,6,2.69078
2015,03,23,7,2.77355
2015,03,24,0,2.6742399999999997
2015,03,24,1,2.41752
2015,03,24,2,2.20453
2015,03,24,3,1.9698
2015,03,24,4,2.34492
2015,03,24,5,2.87066
2015,03,24,6,3.03475
2015,03,24,7,2.84623
2015,03,25,0,2.88731
2015,03,25,1,2.54046
2015,03,25,2,1.39431
2015,03,25,3,1.45313
2015,03,25,4,1.5778599999999998
2015,03,25,5,1.76782
2015,03,25,6,2.30628
2015,03,25,7,3.48854
2015,03,26,0,4.44407
2015,03,26,1,5.204149999999999
2015,03,26,2,4.933479999999999
2015,03,26,3,4.445060000000001
2015,03,26,4,6.68684
2015,03,26,5,7.2786800000000005
2015,03,26,6,7.496989999999999
2015,03,26,7,7.456060000000001
2015,03,27,0,5.387
2015,03,27,1,4.55464
2015,03,27,2,4.9511199999999995
2015,03,27,3,6.629779999999999
2015,03,27,4,7.33632
2015,03,27,5,7.66029
2015,03,27,6,7.73116
2015,03,27,7,7.07696
2015,03,28,0,7.6326
2015,03,28,1,7.24834
2015,03,28,2,6.71124
2015,03,28,3,5.54461
2015,03,28,4,4.26544
2015,03,28,5,3.7022199999999996
2015,03,28,6,2.99229
2015,03,28,7,1.88622
2015,03,29,0,2.30035
2015,03,29,1,2.5107399999999997
2015,03,29,2,3.79
2015,03,29,3,5.73046
2015,03,29,4,4.16074
2015,03,29,5,3.3346999999999998
2015,03,29,6,4.81499
2015,03,29,7,4.877479999999999
2015,03,30,0,3.61041
2015,03,30,1,3.32905
2015,03,30,2,3.1670100000000003
2015,03,30,3,2.22218
2015,03,30,4,1.67705
2015,03,30,5,1.56193
2015,03,30,6,1.55339
2015,03,30,7,3.37038
2015,03,31,0,6.53596
2015,03,31,1,6.5101
2015,03,31,2,6.6317200000000005
2015,03,31,3,7.17371
2015,03,31,4,6.486020000000001
2015,03,31,5,5.57428
2015,03,31,6,6.66212
2015,03,31,7,5.77064
2015,03,1,0,4.53837
2015,03,1,1,4.20811
2015,03,1,2,4.05788
2015,03,1,3,4.11945
2015,03,1,4,3.8610700000000002
2015,03,1,5,3.41865
2015,03,1,6,3.2050300000000003
2015,03,1,7,3.15659
2015,03,2,0,3.2004099999999998
2015,03,2,1,3.36119
2015,03,2,2,3.1268800000000003
2015,03,2,3,2.62428
2015,03,2,4,2.3029
2015,03,2,5,2.45733
2015,03,2,6,2.2514499999999997
2015,03,2,7,2.1350599999999997
2015,03,3,0,1.9894
2015,03,3,1,1.95446
2015,03,3,2,2.00645
2015,03,3,3,1.88488
2015,03,3,4,1.79895
2015,03,3,5,1.71842
2015,03,3,6,1.70712
2015,03,3,7,2.4918
2015,03,4,0,2.82516
2015,03,4,1,2.69285
2015,03,4,2,2.53064
2015,03,4,3,2.2487
2015,03,4,4,1.7253900000000002
2015,03,4,5,1.29976
2015,03,4,6,1.29876
2015,03,4,7,1.43768
2015,03,5,0,1.40613
2015,03,5,1,1.51667
2015,03,5,2,1.8706500000000001
2015,03,5,3,2.23686
2015,03,5,4,2.30556
2015,03,5,5,2.04303
2015,03,5,6,1.8303699999999998
2015,03,5,7,1.7819500000000001
2015,03,6,0,1.75612
2015,03,6,1,1.85337
2015,03,6,2,2.00785
2015,03,6,3,2.0519000000000003
2015,03,6,4,1.9309
2015,03,6,5,1.82166
2015,03,6,6,1.5824200000000002
2015,03,6,7,1.6019
2015,03,7,0,1.92258
2015,03,7,1,2.10636
2015,03,7,2,1.91239
2015,03,7,3,1.60097
2015,03,7,4,1.52745
2015,03,7,5,1.33
2015,03,7,6,1.0323900000000001
2015,03,7,7,1.18353
2015,03,8,0,1.64499
2015,03,8,1,1.50343
2015,03,8,2,1.73237
2015,03,8,3,1.93553
2015,03,8,4,1.98544
2015,03,8,5,2.5664000000000002
2015,03,8,6,2.1973000000000003
2015,03,8,7,2.76101
2015,03,9,0,4.41466
2015,03,9,1,4.49761
2015,03,9,2,4.42955
2015,03,9,3,4.39981
2015,03,9,4,4.0740300000000005
2015,03,9,5,2.9603099999999998
2015,03,9,6,1.35874
2015,03,9,7,1.02328
2015,03,10,0,1.10659
2015,03,10,1,1.1836
2015,03,10,2,1.30946
2015,03,10,3,2.09961
2015,03,10,4,2.7321
2015,03,10,5,2.8394
2015,03,10,6,2.74115
2015,03,10,7,3.90595
2015,03,11,0,5.08971
2015,03,11,1,4.9458
2015,03,11,2,4.30062
2015,03,11,3,4.8150900000000005
2015,03,11,4,5.01736
2015,03,11,5,4.42866
2015,03,11,6,1.87169
2015,03,11,7,1.87955
2015,03,12,0,2.1896799999999996
2015,03,12,1,1.34527
2015,03,12,2,1.47299
2015,03,12,3,1.3961
2015,03,12,4,1.45454
2015,03,12,5,1.08344
2015,03,12,6,1.06406
2015,03,12,7,1.22732
2015,03,13,0,1.3509200000000001
2015,03,13,1,1.2499
2015,03,13,2,1.1570799999999999
2015,03,13,3,0.749684
2015,03,13,4,0.651111
2015,03,13,5,0.860231
2015,03,13,6,1.04729
2015,03,13,7,1.70803
2015,03,14,0,2.46393
2015,03,14,1,3.5419899999999997
2015,03,14,2,5.01673
2015,03,14,3,4.63272
2015,03,14,4,4.7657
2015,03,14,5,2.6944899999999996
2015,03,14,6,1.43589
2015,03,14,7,1.73803
2015,03,15,0,2.05021
2015,03,15,1,2.4393000000000002
2015,03,15,2,1.8826500000000002
2015,03,15,3,1.0544200000000001
2015,03,15,4,1.9835699999999998
2015,03,15,5,3.2153400000000003
2015,03,15,6,2.79039
2015,03,15,7,3.58838
2015,03,16,0,4.35622
2015,03,16,1,2.93077
2015,03,16,2,2.3423000000000003
2015,03,16,3,2.16308
2015,03,16,4,2.55035
2015,03,16,5,3.4644
2015,03,16,6,3.40027
2015,03,16,7,1.62848
2015,03,17,0,1.68481
2015,03,17,1,1.61778
2015,03,17,2,1.88267
2015,03,17,3,2.90617
2015,03,17,4,5.48259
2015,03,17,5,6.12308
2015,03,17,6,5.635020000000001
2015,03,17,7,3.81947
2015,03,18,0,3.8625100000000003
2015,03,18,1,3.36946
2015,03,18,2,2.7215100000000003
2015,03,18,3,2.0842899999999998
2015,03,18,4,1.51475
2015,03,18,5,1.2371800000000002
2015,03,18,6,1.20866
2015,03,18,7,1.69801
2015,03,19,0,2.18337
2015,03,19,1,2.7502
2015,03,19,2,2.96336
2015,03,19,3,2.88878
2015,03,19,4,2.51516
2015,03,19,5,2.65157
2015,03,19,6,3.26516
2015,03,19,7,4.27026
2015,03,20,0,5.0818900000000005
2015,03,20,1,4.67153
2015,03,20,2,4.9945699999999995
2015,03,20,3,5.68984
2015,03,20,4,6.323300000000001
2015,03,20,5,6.70643
2015,03,20,6,6.774859999999999
2015,03,20,7,6.74983
2015,03,21,0,6.9906999999999995
2015,03,21,1,6.960850000000001
2015,03,21,2,7.31043
2015,03,21,3,7.44234
2015,03,21,4,7.90815
2015,03,21,5,8.30277
2015,03,21,6,8.60894
2015,03,21,7,8.856309999999999
2015,03,22,0,10.0773
2015,03,22,1,10.747399999999999
2015,03,22,2,7.87329
2015,03,22,3,7.5841899999999995
2015,03,22,4,6.97516
2015,03,22,5,8.12687
2015,03,22,6,8.67894
2015,03,22,7,7.24325
2015,03,23,0,5.93682
2015,03,23,1,7.02691
2015,03,23,2,7.58623
2015,03,23,3,6.12613
2015,03,23,4,5.53953
2015,03,23,5,5.23667
2015,03,23,6,6.16954
2015,03,23,7,7.0792
2015,03,24,0,7.25039
2015,03,24,1,6.859649999999999
2015,03,24,2,6.29284
2015,03,24,3,5.8626700000000005
2015,03,24,4,5.617109999999999
2015,03,24,5,5.12068
2015,03,24,6,4.4965399999999995
2015,03,24,7,4.08061
2015,03,25,0,3.76375
2015,03,25,1,3.39059
2015,03,25,2,3.57063
2015,03,25,3,3.4558
2015,03,25,4,2.69372
2015,03,25,5,1.99774
2015,03,25,6,1.93231
2015,03,25,7,2.28463
2015,03,26,0,2.63798
2015,03,26,1,3.1928400000000003
2015,03,26,2,3.61186
2015,03,26,3,3.63292
2015,03,26,4,3.1598200000000003
2015,03,26,5,2.8515900000000003
2015,03,26,6,2.61286
2015,03,26,7,2.88817
2015,03,27,0,2.87475
2015,03,27,1,3.0220599999999997
2015,03,27,2,3.7896300000000003
2015,03,27,3,5.2565
2015,03,27,4,4.680140000000001
2015,03,27,5,3.31359
2015,03,27,6,4.570399999999999
2015,03,27,7,5.95877
2015,03,28,0,7.2427399999999995
2015,03,28,1,8.022260000000001
2015,03,28,2,7.30058
2015,03,28,3,8.039100000000001
2015,03,28,4,5.655930000000001
2015,03,28,5,7.5637799999999995
2015,03,28,6,7.1242
2015,03,28,7,6.347600000000001
2015,03,29,0,9.15062
2015,03,29,1,5.78078
2015,03,29,2,3.6232399999999996
2015,03,29,3,2.61105
2015,03,29,4,1.63974
2015,03,29,5,1.5604
2015,03,29,6,1.71414
2015,03,29,7,3.27421
2015,03,30,0,3.33085
2015,03,30,1,3.00662
2015,03,30,2,2.27746
2015,03,30,3,2.83888
2015,03,30,4,3.46305
2015,03,30,5,2.70975
2015,03,30,6,2.72491
2015,03,30,7,3.29196
2015,03,1,0,3.16789
2015,03,1,1,2.83473
2015,03,1,2,3.3241799999999997
2015,03,1,3,3.67617
2015,03,1,4,3.3767600000000004
2015,03,1,5,2.95446
2015,03,1,6,2.6132
2015,03,1,7,3.34702
2015,03,2,0,3.61926
2015,03,2,1,3.4643
2015,03,2,2,3.8117199999999998
2015,03,2,3,4.33873
2015,03,2,4,3.99125
2015,03,2,5,2.9242
2015,03,2,6,2.97669
2015,03,2,7,3.50323
2015,03,3,0,3.5137899999999997
2015,03,3,1,3.3643
2015,03,3,2,3.5639499999999997
2015,03,3,3,3.62488
2015,03,3,4,3.2190100000000004
2015,03,3,5,3.00325
2015,03,3,6,2.80421
2015,03,3,7,3.1776999999999997
2015,03,4,0,3.14996
2015,03,4,1,3.46717
2015,03,4,2,3.66113
2015,03,4,3,3.90381
2015,03,4,4,3.87243
2015,03,4,5,3.76554
2015,03,4,6,4.37824
2015,03,4,7,5.221979999999999
2015,03,5,0,5.71784
2015,03,5,1,6.34485
2015,03,5,2,6.811100000000001
2015,03,5,3,7.164680000000001
2015,03,5,4,6.81442
2015,03,5,5,6.04717
2015,03,5,6,5.60448
2015,03,5,7,5.66008
2015,03,6,0,5.42796
2015,03,6,1,5.049729999999999
2015,03,6,2,4.7193000000000005
2015,03,6,3,4.32368
2015,03,6,4,3.50072
2015,03,6,5,1.87808
2015,03,6,6,1.0623699999999998
2015,03,6,7,1.18935
2015,03,7,0,2.01053
2015,03,7,1,2.59573
2015,03,7,2,3.1715
2015,03,7,3,3.84224
2015,03,7,4,4.2
2015,03,7,5,4.276560000000001
2015,03,7,6,4.14863
2015,03,7,7,3.4744200000000003
2015,03,8,0,2.9031
2015,03,8,1,2.20108
2015,03,8,2,1.90918
2015,03,8,3,2.19755
2015,03,8,4,2.72964
2015,03,8,5,3.32898
2015,03,8,6,3.43025
2015,03,8,7,3.77557
2015,03,9,0,4.224
2015,03,9,1,4.23982
2015,03,9,2,3.93315
2015,03,9,3,3.6543699999999997
2015,03,9,4,3.33867
2015,03,9,5,3.15293
2015,03,9,6,3.45527
2015,03,9,7,4.67035
2015,03,10,0,6.22298
2015,03,10,1,6.9497
2015,03,10,2,7.02208
2015,03,10,3,6.5751
2015,03,10,4,6.01694
2015,03,10,5,5.4354700000000005
2015,03,10,6,4.740399999999999
2015,03,10,7,3.7143699999999997
2015,03,11,0,2.41717
2015,03,11,1,1.99574
2015,03,11,2,2.31587
2015,03,11,3,2.74736
2015,03,11,4,2.7346500000000002
2015,03,11,5,2.87183
2015,03,11,6,2.93915
2015,03,11,7,3.5688400000000002
2015,03,12,0,4.2690600000000005
2015,03,12,1,4.2861400000000005
2015,03,12,2,3.26317
2015,03,12,3,2.0145399999999998
2015,03,12,4,1.432
2015,03,12,5,1.3895899999999999
2015,03,12,6,1.5816
2015,03,12,7,1.83055
2015,03,13,0,2.0580700000000003
2015,03,13,1,1.6908299999999998
2015,03,13,2,1.83268
2015,03,13,3,2.02004
2015,03,13,4,1.8544800000000001
2015,03,13,5,1.63248
2015,03,13,6,1.56692
2015,03,13,7,1.4069500000000001
2015,03,14,0,1.4140899999999998
2015,03,14,1,1.30403
2015,03,14,2,1.39317
2015,03,14,3,1.4696
2015,03,14,4,1.42685
2015,03,14,5,1.50648
2015,03,14,6,1.5037
2015,03,14,7,1.7617
2015,03,15,0,3.55504
2015,03,15,1,3.83319
2015,03,15,2,3.33907
2015,03,15,3,3.44681
2015,03,15,4,3.89504
2015,03,15,5,4.23029
2015,03,15,6,4.1391
2015,03,15,7,5.00695
2015,03,16,0,6.4127600000000005
2015,03,16,1,7.58797
2015,03,16,2,7.2570500000000004
2015,03,16,3,7.10316
2015,03,16,4,6.58363
2015,03,16,5,1.8653199999999999
2015,03,16,6,0.513434
2015,03,16,7,0.690012
2015,03,17,0,0.706693
2015,03,17,1,0.643156
2015,03,17,2,0.616386
2015,03,17,3,0.624482
2015,03,17,4,0.600954
2015,03,17,5,0.566261
2015,03,17,6,0.532471
2015,03,17,7,0.487925
2015,03,18,0,0.502837
2015,03,18,1,0.546402
2015,03,18,2,0.805976
2015,03,18,3,1.17557
2015,03,18,4,1.4289100000000001
2015,03,18,5,1.72441
2015,03,18,6,1.7753599999999998
2015,03,18,7,1.6725
2015,03,19,0,1.90675
2015,03,19,1,2.68228
2015,03,19,2,3.3288800000000003
2015,03,19,3,3.58838
2015,03,19,4,3.65377
2015,03,19,5,3.6208400000000003
2015,03,19,6,3.09887
2015,03,19,7,2.62508
2015,03,20,0,3.09615
2015,03,20,1,3.3868
2015,03,20,2,3.49896
2015,03,20,3,3.69444
2015,03,20,4,3.5536399999999997
2015,03,20,5,3.41022
2015,03,20,6,2.98883
2015,03,20,7,2.9306
2015,03,21,0,3.1982199999999996
2015,03,21,1,3.82156
2015,03,21,2,4.6671000000000005
2015,03,21,3,4.902909999999999
2015,03,21,4,5.34295
2015,03,21,5,5.88243
2015,03,21,6,5.65218
2015,03,21,7,5.29375
2015,03,22,0,5.76844
2015,03,22,1,5.74107
2015,03,22,2,5.88974
2015,03,22,3,5.96348
2015,03,22,4,5.65419
2015,03,22,5,5.14892
2015,03,22,6,5.14583
2015,03,22,7,5.9429
2015,03,23,0,7.06298
2015,03,23,1,7.65195
2015,03,23,2,7.471979999999999
2015,03,23,3,7.26022
2015,03,23,4,7.0578199999999995
2015,03,23,5,7.14549
2015,03,23,6,6.8495
2015,03,23,7,6.70703
2015,03,24,0,7.0795900000000005
2015,03,24,1,7.07954
2015,03,24,2,6.78357
2015,03,24,3,6.6116
2015,03,24,4,8.804770000000001
2015,03,24,5,6.425649999999999
2015,03,24,6,5.96293
2015,03,24,7,6.7888
2015,03,25,0,5.5839799999999995
2015,03,25,1,5.39301
2015,03,25,2,6.2736
2015,03,25,3,7.543
2015,03,25,4,7.86274
2015,03,25,5,8.02453
2015,03,25,6,7.83653
2015,03,25,7,7.711060000000001
2015,03,26,0,7.46711
2015,03,26,1,7.091
2015,03,26,2,7.27627
2015,03,26,3,7.014819999999999
2015,03,26,4,6.77588
2015,03,26,5,6.11
2015,03,26,6,4.81939
2015,03,26,7,5.07155
2015,03,27,0,6.22948
2015,03,27,1,6.88104
2015,03,27,2,7.73409
2015,03,27,3,6.80953
2015,03,27,4,6.50938
2015,03,27,5,7.80021
2015,03,27,6,10.3346
2015,03,27,7,10.1896
2015,03,28,0,9.13142
2015,03,28,1,8.176020000000001
2015,03,28,2,7.0429200000000005
2015,03,28,3,6.238239999999999
2015,03,28,4,5.71405
2015,03,28,5,3.37933
2015,03,28,6,2.1975100000000003
2015,03,28,7,2.3141
2015,03,29,0,2.8033200000000003
2015,03,29,1,2.8903499999999998
2015,03,29,2,2.53594
2015,03,29,3,2.5038400000000003
2015,03,29,4,2.67583
2015,03,29,5,2.88525
2015,03,29,6,3.55778
2015,03,29,7,3.8445300000000002
2015,03,30,0,3.90165
2015,03,30,1,4.18855
2015,03,30,2,4.37139
2015,03,30,3,5.18777
2015,03,30,4,6.348
2015,03,30,5,7.92863
2015,03,30,6,8.851690000000001
2015,03,30,7,8.4439
2015,03,31,0,8.32789
2015,03,31,1,10.530899999999999
2015,03,31,2,7.62797
2015,03,31,3,6.52289
2015,03,31,4,6.18517
2015,03,31,5,6.824859999999999
2015,03,31,6,6.47851
2015,03,31,7,7.03425
2015,03,1,0,7.22541
2015,03,1,1,7.31597
2015,03,1,2,7.20205
2015,03,1,3,8.70434
2015,03,1,4,8.31813
2015,03,1,5,4.64746
2015,03,1,6,3.25712
2015,03,1,7,2.77525
2015,03,2,0,2.35142
2015,03,2,1,1.98397
2015,03,2,2,2.03846
2015,03,2,3,2.03578
2015,03,2,4,2.59491
2015,03,2,5,3.80645
2015,03,2,6,5.4105
2015,03,2,7,5.67168
2015,03,3,0,5.73736
2015,03,3,1,5.7809099999999995
2015,03,3,2,6.06825
2015,03,3,3,6.45869
2015,03,3,4,6.657220000000001
2015,03,3,5,6.74086
2015,03,3,6,6.90724
2015,03,3,7,7.1298
2015,03,4,0,8.86515
2015,03,4,1,9.96281
2015,03,4,2,8.71325
2015,03,4,3,6.367979999999999
2015,03,4,4,6.47084
2015,03,4,5,6.33975
2015,03,4,6,6.14948
2015,03,4,7,7.1067
2015,03,5,0,8.11998
2015,03,5,1,8.406469999999999
2015,03,5,2,8.32661
2015,03,5,3,8.36861
2015,03,5,4,7.76873
2015,03,5,5,5.7012
2015,03,5,6,5.58546
2015,03,5,7,10.7805
2015,03,6,0,8.51956
2015,03,6,1,9.0507
2015,03,6,2,6.65688
2015,03,6,3,5.61212
2015,03,6,4,6.04589
2015,03,6,5,5.5606599999999995
2015,03,6,6,4.91967
2015,03,6,7,7.1892700000000005
2015,03,7,0,8.55227
2015,03,7,1,9.606549999999999
2015,03,7,2,9.918190000000001
2015,03,7,3,10.185799999999999
2015,03,7,4,10.3738
2015,03,7,5,9.972040000000002
2015,03,7,6,10.1823
2015,03,7,7,11.8074
2015,03,8,0,13.154200000000001
2015,03,8,1,11.6095
2015,03,8,2,6.61301
2015,03,8,3,5.62079
2015,03,8,4,5.24432
2015,03,8,5,5.4421800000000005
2015,03,8,6,7.36821
2015,03,8,7,6.24167
2015,03,9,0,6.08739
2015,03,9,1,6.761100000000001
2015,03,9,2,6.60981
2015,03,9,3,6.62657
2015,03,9,4,5.77828
2015,03,9,5,4.741569999999999
2015,03,9,6,4.11472
2015,03,9,7,4.91857
2015,03,10,0,4.66425
2015,03,10,1,3.80068
2015,03,10,2,3.30806
2015,03,10,3,3.3538200000000002
2015,03,10,4,3.86646
2015,03,10,5,4.31022
2015,03,10,6,5.09528
2015,03,10,7,6.49159
2015,03,11,0,7.9978
2015,03,11,1,7.5352
2015,03,11,2,7.502470000000001
2015,03,11,3,5.77154
2015,03,11,4,6.17833
2015,03,11,5,5.67264
2015,03,11,6,4.82688
2015,03,11,7,5.56949
2015,03,12,0,6.304939999999999
2015,03,12,1,5.7142
2015,03,12,2,5.3935200000000005
2015,03,12,3,6.2846400000000004
2015,03,12,4,6.70796
2015,03,12,5,7.644310000000001
2015,03,12,6,7.48534
2015,03,12,7,8.61148
2015,03,13,0,8.55268
2015,03,13,1,7.75969
2015,03,13,2,8.08755
2015,03,13,3,7.32933
2015,03,13,4,4.4044
2015,03,13,5,4.294569999999999
2015,03,13,6,8.10968
2015,03,13,7,6.06391
2015,03,14,0,5.44149
2015,03,14,1,6.57531
2015,03,14,2,6.85831
2015,03,14,3,5.92573
2015,03,14,4,5.45967
2015,03,14,5,5.33028
2015,03,14,6,4.71956
2015,03,14,7,5.3232
2015,03,15,0,5.62237
2015,03,15,1,5.44575
2015,03,15,2,5.03331
2015,03,15,3,5.20227
2015,03,15,4,5.68095
2015,03,15,5,5.79154
2015,03,15,6,6.04997
2015,03,15,7,6.12083
2015,03,16,0,5.7078299999999995
2015,03,16,1,4.65644
2015,03,16,2,4.65795
2015,03,16,3,5.21646
2015,03,16,4,6.90823
2015,03,16,5,7.835109999999999
2015,03,16,6,8.34374
2015,03,16,7,8.604989999999999
2015,03,17,0,8.71376
2015,03,17,1,7.96284
2015,03,17,2,5.78056
2015,03,17,3,4.0338899999999995
2015,03,17,4,3.40136
2015,03,17,5,3.3460199999999998
2015,03,17,6,3.8772800000000003
2015,03,17,7,3.91875
2015,03,18,0,3.88633
2015,03,18,1,4.78453
2015,03,18,2,6.3843000000000005
2015,03,18,3,5.7091199999999995
2015,03,18,4,6.68603
2015,03,18,5,8.69635
2015,03,18,6,8.231879999999999
2015,03,18,7,7.3968
2015,03,19,0,7.40334
2015,03,19,1,6.817069999999999
2015,03,19,2,6.27053
2015,03,19,3,6.45205
2015,03,19,4,5.58495
2015,03,19,5,5.53961
2015,03,19,6,6.9608
2015,03,19,7,9.27888
2015,03,20,0,10.4817
2015,03,20,1,11.007100000000001
2015,03,20,2,9.7694
2015,03,20,3,6.91183
2015,03,20,4,6.029529999999999
2015,03,20,5,6.1022799999999995
2015,03,20,6,6.55504
2015,03,20,7,7.72636
2015,03,21,0,7.49934
2015,03,21,1,5.83833
2015,03,21,2,5.46415
2015,03,21,3,4.934279999999999
2015,03,21,4,4.98928
2015,03,21,5,5.55105
2015,03,21,6,6.38641
2015,03,21,7,7.95277
2015,03,22,0,7.71432
2015,03,22,1,6.97953
2015,03,22,2,7.2789399999999995
2015,03,22,3,8.448799999999999
2015,03,22,4,10.072700000000001
2015,03,22,5,9.99037
2015,03,22,6,10.0338
2015,03,22,7,9.79901
2015,03,23,0,8.47266
2015,03,23,1,7.22625
2015,03,23,2,6.769229999999999
2015,03,23,3,6.52005
2015,03,23,4,5.78952
2015,03,23,5,5.10532
2015,03,23,6,5.15775
2015,03,23,7,6.13776
2015,03,24,0,6.91304
2015,03,24,1,7.41089
2015,03,24,2,6.78629
2015,03,24,3,7.036029999999999
2015,03,24,4,8.49187
2015,03,24,5,8.929350000000001
2015,03,24,6,7.70686
2015,03,24,7,6.1296
2015,03,25,0,6.253520000000001
2015,03,25,1,7.10678
2015,03,25,2,8.70575
2015,03,25,3,11.335
2015,03,25,4,12.9438
2015,03,25,5,12.2141
2015,03,25,6,11.7639
2015,03,25,7,11.9301
2015,03,26,0,12.2205
2015,03,26,1,13.5259
2015,03,26,2,12.4849
2015,03,26,3,7.94912
2015,03,26,4,3.373
2015,03,26,5,3.22125
2015,03,26,6,3.37617
2015,03,26,7,3.01037
2015,03,27,0,3.62323
2015,03,27,1,4.2616700000000005
2015,03,27,2,4.09135
2015,03,27,3,4.5764499999999995
2015,03,27,4,6.28756
2015,03,27,5,6.927560000000001
2015,03,27,6,8.849020000000001
2015,03,27,7,10.0005
2015,03,28,0,10.219
2015,03,28,1,11.805
2015,03,28,2,9.97433
2015,03,28,3,8.88057
2015,03,28,4,8.13381
2015,03,28,5,8.03482
2015,03,28,6,8.00667
2015,03,28,7,8.00313
2015,03,29,0,8.311770000000001
2015,03,29,1,9.27693
2015,03,29,2,10.3282
2015,03,29,3,10.8264
2015,03,29,4,10.771600000000001
2015,03,29,5,10.9299
2015,03,29,6,10.356
2015,03,29,7,11.455200000000001
2015,03,30,0,12.6325
2015,03,30,1,14.0916
2015,03,30,2,14.1647
2015,03,30,3,13.5519
2015,03,30,4,13.1286
2015,03,30,5,12.594899999999999
2015,03,30,6,12.9773
2015,03,30,7,14.234200000000001
2015,03,1,0,14.6168
2015,03,1,1,15.0839
2015,03,1,2,14.757
2015,03,1,3,13.354
2015,03,1,4,11.199
2015,03,1,5,10.6454
2015,03,1,6,9.84658
2015,03,1,7,6.81989
2015,03,2,0,5.4996
2015,03,2,1,5.06319
2015,03,2,2,4.19763
2015,03,2,3,3.40196
2015,03,2,4,6.77055
2015,03,2,5,7.69542
2015,03,2,6,5.7095
2015,03,2,7,4.04414
2015,03,3,0,8.02169
2015,03,3,1,15.4551
2015,03,3,2,14.5223
2015,03,3,3,10.7171
2015,03,3,4,2.07754
2015,03,3,5,3.6390599999999997
2015,03,3,6,3.70642
2015,03,3,7,5.24997
2015,03,4,0,6.97033
2015,03,4,1,7.89083
2015,03,4,2,8.5274
2015,03,4,3,8.59834
2015,03,4,4,8.71902
2015,03,4,5,6.57193
2015,03,4,6,8.86177
2015,03,4,7,8.698360000000001
2015,03,5,0,8.11626
2015,03,5,1,7.8958
2015,03,5,2,6.362850000000001
2015,03,5,3,3.6800100000000002
2015,03,5,4,2.44259
2015,03,5,5,2.37332
2015,03,5,6,2.93396
2015,03,5,7,3.33689
2015,03,6,0,3.69212
2015,03,6,1,4.9606
2015,03,6,2,4.47486
2015,03,6,3,3.9900300000000004
2015,03,6,4,4.13905
2015,03,6,5,4.61838
2015,03,6,6,5.42788
2015,03,6,7,7.868939999999999
2015,03,7,0,8.40858
2015,03,7,1,6.7762
2015,03,7,2,6.748810000000001
2015,03,7,3,5.26288
2015,03,7,4,3.75291
2015,03,7,5,3.33219
2015,03,7,6,4.0712
2015,03,7,7,4.45599
2015,03,8,0,4.4011700000000005
2015,03,8,1,3.72461
2015,03,8,2,7.24934
2015,03,8,3,11.997200000000001
2015,03,8,4,14.3075
2015,03,8,5,15.596
2015,03,8,6,17.6078
2015,03,8,7,17.0981
2015,03,9,0,15.8481
2015,03,9,1,16.8092
2015,03,9,2,16.2581
2015,03,9,3,17.360799999999998
2015,03,9,4,14.9281
2015,03,9,5,9.482629999999999
2015,03,9,6,8.02336
2015,03,9,7,7.03856
2015,03,10,0,8.49822
2015,03,10,1,9.59957
2015,03,10,2,9.92015
2015,03,10,3,9.48676
2015,03,10,4,8.82763
2015,03,10,5,9.599590000000001
2015,03,10,6,8.838940000000001
2015,03,10,7,8.24363
2015,03,11,0,12.6279
2015,03,11,1,15.588899999999999
2015,03,11,2,14.3753
2015,03,11,3,13.4047
2015,03,11,4,12.0319
2015,03,11,5,11.7509
2015,03,11,6,14.2441
2015,03,11,7,15.7814
2015,03,12,0,13.7842
2015,03,12,1,11.933
2015,03,12,2,12.535
2015,03,12,3,14.195799999999998
2015,03,12,4,17.1992
2015,03,12,5,17.6795
2015,03,12,6,18.3007
2015,03,12,7,15.318200000000001
2015,03,13,0,11.3474
2015,03,13,1,10.363
2015,03,13,2,10.016
2015,03,13,3,9.36773
2015,03,13,4,8.55365
2015,03,13,5,8.29309
2015,03,13,6,8.25529
2015,03,13,7,9.011709999999999
2015,03,14,0,10.1878
2015,03,14,1,11.0406
2015,03,14,2,11.391399999999999
2015,03,14,3,10.2564
2015,03,14,4,7.3148100000000005
2015,03,14,5,6.42115
2015,03,14,6,5.89525
2015,03,14,7,6.72172
2015,03,15,0,8.21364
2015,03,15,1,8.186810000000001
2015,03,15,2,8.06254
2015,03,15,3,7.82912
2015,03,15,4,7.615609999999999
2015,03,15,5,8.771700000000001
2015,03,15,6,10.4333
2015,03,15,7,10.1329
2015,03,16,0,10.4385
2015,03,16,1,8.32968
2015,03,16,2,8.01928
2015,03,16,3,7.47445
2015,03,16,4,7.4636700000000005
2015,03,16,5,7.3187
2015,03,16,6,7.64951
2015,03,16,7,9.01162
2015,03,17,0,9.85225
2015,03,17,1,10.5864
2015,03,17,2,10.322
2015,03,17,3,9.47174
2015,03,17,4,8.506170000000001
2015,03,17,5,8.1367
2015,03,17,6,7.72687
2015,03,17,7,6.9047
2015,03,18,0,5.75542
2015,03,18,1,5.99164
2015,03,18,2,8.941360000000001
2015,03,18,3,12.483799999999999
2015,03,18,4,13.8654
2015,03,18,5,14.9252
2015,03,18,6,13.8354
2015,03,18,7,15.3115
2015,03,19,0,13.318100000000001
2015,03,19,1,11.1417
2015,03,19,2,7.37315
2015,03,19,3,4.5881300000000005
2015,03,19,4,3.81743
2015,03,19,5,4.19585
2015,03,19,6,5.30932
2015,03,19,7,6.91954
2015,03,20,0,7.024859999999999
2015,03,20,1,7.24176
2015,03,20,2,8.73234
2015,03,20,3,10.3074
2015,03,20,4,10.6996
2015,03,20,5,10.9819
2015,03,20,6,10.8265
2015,03,20,7,11.665
2015,03,21,0,13.342
2015,03,21,1,11.054799999999998
2015,03,21,2,12.458
2015,03,21,3,9.257969999999998
2015,03,21,4,4.671609999999999
2015,03,21,5,3.31908
2015,03,21,6,4.15801
2015,03,21,7,6.30405
2015,03,22,0,7.61282
2015,03,22,1,8.45723
2015,03,22,2,9.84281
2015,03,22,3,9.706610000000001
2015,03,22,4,8.42568
2015,03,22,5,7.562270000000001
2015,03,22,6,8.431040000000001
2015,03,22,7,9.31849
2015,03,23,0,10.010299999999999
2015,03,23,1,9.4268
2015,03,23,2,8.308549999999999
2015,03,23,3,8.1777
2015,03,23,4,8.53259
2015,03,23,5,8.48116
2015,03,23,6,8.554709999999998
2015,03,23,7,8.1496
2015,03,24,0,8.742809999999999
2015,03,24,1,8.73765
2015,03,24,2,7.5820799999999995
2015,03,24,3,8.75973
2015,03,24,4,9.14244
2015,03,24,5,10.0937
2015,03,24,6,11.1646
2015,03,24,7,10.1883
2015,03,25,0,9.526629999999999
2015,03,25,1,7.57557
2015,03,25,2,6.84915
2015,03,25,3,7.2815900000000005
2015,03,25,4,6.4408199999999995
2015,03,25,5,5.66045
2015,03,25,6,6.13731
2015,03,25,7,6.86122
2015,03,26,0,7.33149
2015,03,26,1,7.0926800000000005
2015,03,26,2,7.04312
2015,03,26,3,6.77973
2015,03,26,4,7.05321
2015,03,26,5,7.59056
2015,03,26,6,8.0951
2015,03,26,7,7.51609
2015,03,27,0,7.03563
2015,03,27,1,6.43055
2015,03,27,2,6.16899
2015,03,27,3,5.68714
2015,03,27,4,5.64539
2015,03,27,5,5.84838
2015,03,27,6,5.52042
2015,03,27,7,6.6623
2015,03,28,0,7.9349
2015,03,28,1,8.04355
2015,03,28,2,6.6823999999999995
2015,03,28,3,5.91762
2015,03,28,4,9.68061
2015,03,28,5,10.443200000000001
2015,03,28,6,9.12481
2015,03,28,7,7.10533
2015,03,29,0,5.93846
2015,03,29,1,7.13555
2015,03,29,2,8.00419
2015,03,29,3,8.70045
2015,03,29,4,9.18982
2015,03,29,5,9.28966
2015,03,29,6,8.81826
2015,03,29,7,7.9038900000000005
2015,03,30,0,6.882560000000001
2015,03,30,1,6.34209
2015,03,30,2,6.21444
2015,03,30,3,6.43041
2015,03,30,4,6.30873
2015,03,30,5,6.22037
2015,03,30,6,6.50082
2015,03,30,7,6.460439999999999
2015,03,31,0,8.38587
2015,03,31,1,10.583200000000001
2015,03,31,2,11.5494
2015,03,31,3,11.6387
2015,03,31,4,12.255700000000001
2015,03,31,5,12.601799999999999
2015,03,31,6,13.0829
2015,03,31,7,12.583200000000001
2015,03,1,0,12.045
2015,03,1,1,11.4831
2015,03,1,2,10.208200000000001
2015,03,1,3,9.32664
2015,03,1,4,7.9400900000000005
2015,03,1,5,7.41746
2015,03,1,6,9.068850000000001
2015,03,1,7,10.747
2015,03,2,0,10.7881
2015,03,2,1,10.13
2015,03,2,2,10.9032
2015,03,2,3,11.4415
2015,03,2,4,12.0079
2015,03,2,5,12.3224
2015,03,2,6,11.617700000000001
2015,03,2,7,12.3137
2015,03,3,0,13.254
2015,03,3,1,13.322899999999999
2015,03,3,2,14.3107
2015,03,3,3,14.7501
2015,03,3,4,13.806799999999999
2015,03,3,5,13.867299999999998
2015,03,3,6,14.081700000000001
2015,03,3,7,13.342600000000001
2015,03,4,0,14.2356
2015,03,4,1,18.479
2015,03,4,2,16.574900000000003
2015,03,4,3,16.1947
2015,03,4,4,12.281799999999999
2015,03,4,5,10.4481
2015,03,4,6,4.44625
2015,03,4,7,2.41961
2015,03,5,0,3.7262199999999996
2015,03,5,1,3.96861
2015,03,5,2,4.122
2015,03,5,3,5.33569
2015,03,5,4,6.2861400000000005
2015,03,5,5,8.02568
2015,03,5,6,9.66702
2015,03,5,7,11.248899999999999
2015,03,6,0,13.3252
2015,03,6,1,13.694700000000001
2015,03,6,2,13.2273
2015,03,6,3,12.3798
2015,03,6,4,11.125200000000001
2015,03,6,5,9.87612
2015,03,6,6,9.7575
2015,03,6,7,9.88181
2015,03,7,0,10.271
2015,03,7,1,10.5427
2015,03,7,2,10.1708
2015,03,7,3,9.37898
2015,03,7,4,9.91661
2015,03,7,5,12.0314
2015,03,7,6,12.4125
2015,03,7,7,10.872399999999999
2015,03,8,0,10.4166
2015,03,8,1,10.7751
2015,03,8,2,11.200299999999999
2015,03,8,3,11.1652
2015,03,8,4,11.516200000000001
2015,03,8,5,10.6736
2015,03,8,6,10.2938
2015,03,8,7,10.9049
2015,03,9,0,10.3632
2015,03,9,1,10.1709
2015,03,9,2,11.7465
2015,03,9,3,14.2275
2015,03,9,4,14.1547
2015,03,9,5,14.2859
2015,03,9,6,14.1629
2015,03,9,7,11.5982
2015,03,10,0,9.81856
2015,03,10,1,7.194979999999999
2015,03,10,2,8.11415
2015,03,10,3,7.11585
2015,03,10,4,6.603020000000001
2015,03,10,5,6.97128
2015,03,10,6,7.05968
2015,03,10,7,6.318
2015,03,11,0,6.74004
2015,03,11,1,5.55042
2015,03,11,2,5.59103
2015,03,11,3,5.537850000000001
2015,03,11,4,6.985
2015,03,11,5,6.55889
2015,03,11,6,8.54318
2015,03,11,7,9.215819999999999
2015,03,12,0,9.59009
2015,03,12,1,10.1373
2015,03,12,2,12.7481
2015,03,12,3,13.505799999999999
2015,03,12,4,13.1917
2015,03,12,5,13.263399999999999
2015,03,12,6,13.7446
2015,03,12,7,13.578899999999999
2015,03,13,0,12.7162
2015,03,13,1,12.707600000000001
2015,03,13,2,12.774700000000001
2015,03,13,3,11.2194
2015,03,13,4,12.8613
2015,03,13,5,12.3843
2015,03,13,6,9.84718
2015,03,13,7,7.19376
2015,03,14,0,5.72654
2015,03,14,1,4.30857
2015,03,14,2,4.46
2015,03,14,3,4.10167
2015,03,14,4,3.5335900000000002
2015,03,14,5,2.70167
2015,03,14,6,1.9213699999999998
2015,03,14,7,2.71109
2015,03,15,0,2.64969
2015,03,15,1,3.69279
2015,03,15,2,3.90562
2015,03,15,3,4.54524
2015,03,15,4,4.4796499999999995
2015,03,15,5,4.19912
2015,03,15,6,3.67516
2015,03,15,7,4.02329
2015,03,16,0,4.20205
2015,03,16,1,3.97116
2015,03,16,2,3.56828
2015,03,16,3,3.87845
2015,03,16,4,4.44569
2015,03,16,5,4.715739999999999
2015,03,16,6,4.69704
2015,03,16,7,4.46999
2015,03,17,0,4.99659
2015,03,17,1,5.15501
2015,03,17,2,5.36662
2015,03,17,3,5.02721
2015,03,17,4,5.47126
2015,03,17,5,7.53445
2015,03,17,6,9.03107
2015,03,17,7,8.594899999999999
2015,03,18,0,8.57093
2015,03,18,1,7.7811
2015,03,18,2,6.64415
2015,03,18,3,6.19804
2015,03,18,4,6.30816
2015,03,18,5,6.87371
2015,03,18,6,10.062
2015,03,18,7,13.2566
2015,03,19,0,13.9231
2015,03,19,1,11.0401
2015,03,19,2,9.44942
2015,03,19,3,13.2376
2015,03,19,4,6.14468
2015,03,19,5,3.65946
2015,03,19,6,3.86111
2015,03,19,7,6.48448
2015,03,20,0,8.60035
2015,03,20,1,8.89138
2015,03,20,2,8.714709999999998
2015,03,20,3,7.88315
2015,03,20,4,7.38689
2015,03,20,5,6.6809899999999995
2015,03,20,6,6.68888
2015,03,20,7,7.163069999999999
2015,03,21,0,7.54971
2015,03,21,1,7.0553
2015,03,21,2,6.70922
2015,03,21,3,5.8898
2015,03,21,4,3.7102199999999996
2015,03,21,5,2.13058
2015,03,21,6,2.0738000000000003
2015,03,21,7,2.63892
2015,03,22,0,2.92807
2015,03,22,1,2.6646799999999997
2015,03,22,2,2.1934299999999998
2015,03,22,3,2.26043
2015,03,22,4,2.44189
2015,03,22,5,2.50221
2015,03,22,6,2.7308000000000003
2015,03,22,7,3.1361
2015,03,23,0,4.28183
2015,03,23,1,7.92176
2015,03,23,2,9.56985
2015,03,23,3,8.0864
2015,03,23,4,6.59943
2015,03,23,5,5.86236
2015,03,23,6,4.7087200000000005
2015,03,23,7,3.37528
2015,03,24,0,3.7967
2015,03,24,1,3.71057
2015,03,24,2,2.71321
2015,03,24,3,2.44909
2015,03,24,4,3.786
2015,03,24,5,5.11304
2015,03,24,6,5.65924
2015,03,24,7,5.81936
2015,03,25,0,6.25133
2015,03,25,1,6.04891
2015,03,25,2,7.79875
2015,03,25,3,8.50852
2015,03,25,4,10.3656
2015,03,25,5,9.03537
2015,03,25,6,9.18183
2015,03,25,7,9.90093
2015,03,26,0,9.07478
2015,03,26,1,9.36938
2015,03,26,2,9.29667
2015,03,26,3,9.05192
2015,03,26,4,8.79815
2015,03,26,5,9.0019
2015,03,26,6,9.48582
2015,03,26,7,9.21384
2015,03,27,0,8.0082
2015,03,27,1,6.8741
2015,03,27,2,6.07834
2015,03,27,3,5.71985
2015,03,27,4,5.1291400000000005
2015,03,27,5,4.112760000000001
2015,03,27,6,4.0474
2015,03,27,7,7.20317
2015,03,28,0,7.7500100000000005
2015,03,28,1,8.509889999999999
2015,03,28,2,7.97882
2015,03,28,3,7.82918
2015,03,28,4,7.4209499999999995
2015,03,28,5,7.30484
2015,03,28,6,10.4007
2015,03,28,7,12.3235
2015,03,29,0,13.1385
2015,03,29,1,10.4619
2015,03,29,2,6.05539
2015,03,29,3,5.1025
2015,03,29,4,4.85345
2015,03,29,5,5.74003
2015,03,29,6,8.4937
2015,03,29,7,11.0667
2015,03,30,0,16.1695
2015,03,30,1,9.876149999999999
2015,03,30,2,9.91314
2015,03,30,3,5.573600000000001
2015,03,30,4,6.347779999999999
2015,03,30,5,6.969810000000001
2015,03,30,6,8.194469999999999
2015,03,30,7,4.00667
2015,03,31,0,5.73256
2015,03,31,1,6.5935
2015,03,31,2,8.78241
2015,03,31,3,8.256770000000001
2015,03,31,4,3.27321
2015,03,31,5,2.585
2015,03,31,6,3.13799
2015,03,31,7,4.192939999999999
2015,03,1,0,4.45847
2015,03,1,1,4.58753
2015,03,1,2,4.09579
2015,03,1,3,5.0988999999999995
2015,03,1,4,5.86887
2015,03,1,5,6.133649999999999
2015,03,1,6,5.06508
2015,03,1,7,4.76966
2015,03,2,0,4.128
2015,03,2,1,3.5378499999999997
2015,03,2,2,4.912520000000001
2015,03,2,3,6.928439999999999
2015,03,2,4,8.03267
2015,03,2,5,8.085840000000001
2015,03,2,6,7.29599
2015,03,2,7,7.55251
2015,03,3,0,7.733
2015,03,3,1,7.03086
2015,03,3,2,4.65499
2015,03,3,3,3.5523000000000002
2015,03,3,4,4.06246
2015,03,3,5,4.73801
2015,03,3,6,4.71165
2015,03,3,7,4.01857
2015,03,4,0,3.96846
2015,03,4,1,3.79541
2015,03,4,2,3.3313800000000002
2015,03,4,3,3.47258
2015,03,4,4,3.68445
2015,03,4,5,4.16345
2015,03,4,6,4.58084
2015,03,4,7,4.411239999999999
2015,03,5,0,4.17921
2015,03,5,1,3.9381999999999997
2015,03,5,2,3.2669
2015,03,5,3,2.5290100000000004
2015,03,5,4,2.49552
2015,03,5,5,2.16236
2015,03,5,6,1.7406400000000002
2015,03,5,7,1.49788
2015,03,6,0,1.50118
2015,03,6,1,1.8551900000000001
2015,03,6,2,2.61898
2015,03,6,3,2.45746
2015,03,6,4,2.67427
2015,03,6,5,2.8690700000000002
2015,03,6,6,3.30336
2015,03,6,7,3.21653
2015,03,7,0,2.74314
2015,03,7,1,3.0979099999999997
2015,03,7,2,3.57276
2015,03,7,3,3.83839
2015,03,7,4,4.48491
2015,03,7,5,5.2889
2015,03,7,6,5.59066
2015,03,7,7,5.42249
2015,03,8,0,5.60918
2015,03,8,1,5.9047600000000005
2015,03,8,2,5.98299
2015,03,8,3,5.96058
2015,03,8,4,6.107729999999999
2015,03,8,5,5.83795
2015,03,8,6,6.32108
2015,03,8,7,6.62981
2015,03,9,0,6.18546
2015,03,9,1,5.724069999999999
2015,03,9,2,5.74261
2015,03,9,3,6.093109999999999
2015,03,9,4,6.25775
2015,03,9,5,6.58275
2015,03,9,6,6.59572
2015,03,9,7,6.04668
2015,03,10,0,5.276590000000001
2015,03,10,1,4.24461
2015,03,10,2,3.76964
2015,03,10,3,3.71598
2015,03,10,4,5.02912
2015,03,10,5,7.83706
2015,03,10,6,9.19933
2015,03,10,7,9.911
2015,03,11,0,11.8789
2015,03,11,1,12.913200000000002
2015,03,11,2,12.508
2015,03,11,3,11.4574
2015,03,11,4,8.81697
2015,03,11,5,6.33481
2015,03,11,6,5.097989999999999
2015,03,11,7,7.21558
2015,03,12,0,9.24544
2015,03,12,1,13.9735
2015,03,12,2,13.424700000000001
2015,03,12,3,9.99286
2015,03,12,4,10.9335
2015,03,12,5,13.0877
2015,03,12,6,10.210899999999999
2015,03,12,7,6.407520000000001
2015,03,13,0,4.17957
2015,03,13,1,4.092820000000001
2015,03,13,2,5.06903
2015,03,13,3,5.56613
2015,03,13,4,5.65321
2015,03,13,5,5.55271
2015,03,13,6,5.013310000000001
2015,03,13,7,4.31329
2015,03,14,0,4.24293
2015,03,14,1,4.05944
2015,03,14,2,3.9688000000000003
2015,03,14,3,3.8419
2015,03,14,4,3.51883
2015,03,14,5,2.86728
2015,03,14,6,2.71469
2015,03,14,7,2.96304
2015,03,15,0,2.86591
2015,03,15,1,2.42066
2015,03,15,2,2.28187
2015,03,15,3,2.40789
2015,03,15,4,2.6553899999999997
2015,03,15,5,2.94462
2015,03,15,6,3.45959
2015,03,15,7,4.19339
2015,03,16,0,4.43942
2015,03,16,1,4.44642
2015,03,16,2,4.38321
2015,03,16,3,4.27966
2015,03,16,4,3.8981
2015,03,16,5,3.5711399999999998
2015,03,16,6,3.49079
2015,03,16,7,3.78906
2015,03,17,0,3.80133
2015,03,17,1,3.85402
2015,03,17,2,3.9083099999999997
2015,03,17,3,3.82989
2015,03,17,4,4.15359
2015,03,17,5,4.92851
2015,03,17,6,5.53868
2015,03,17,7,5.322310000000001
2015,03,18,0,5.44351
2015,03,18,1,5.11812
2015,03,18,2,4.69849
2015,03,18,3,5.48177
2015,03,18,4,5.08082
2015,03,18,5,6.365189999999999
2015,03,18,6,7.01992
2015,03,18,7,6.91562
2015,03,19,0,7.74442
2015,03,19,1,8.8171
2015,03,19,2,10.3323
2015,03,19,3,9.63022
2015,03,19,4,6.559189999999999
2015,03,19,5,5.67858
2015,03,19,6,6.79895
2015,03,19,7,4.28069
2015,03,20,0,3.80682
2015,03,20,1,2.42467
2015,03,20,2,2.24644
2015,03,20,3,2.6955999999999998
2015,03,20,4,2.5626700000000002
2015,03,20,5,2.45738
2015,03,20,6,2.82315
2015,03,20,7,4.88264
2015,03,21,0,4.8647
2015,03,21,1,4.08164
2015,03,21,2,4.24607
2015,03,21,3,4.20941
2015,03,21,4,3.85183
2015,03,21,5,3.8554
2015,03,21,6,3.68176
2015,03,21,7,3.40395
2015,03,22,0,2.8890599999999997
2015,03,22,1,2.8840700000000004
2015,03,22,2,3.24484
2015,03,22,3,3.91677
2015,03,22,4,4.58991
2015,03,22,5,4.823930000000001
2015,03,22,6,4.4191899999999995
2015,03,22,7,3.50704
2015,03,23,0,4.0401
2015,03,23,1,5.37734
2015,03,23,2,5.191229999999999
2015,03,23,3,5.6448
2015,03,23,4,6.40011
2015,03,23,5,5.80412
2015,03,23,6,5.3404
2015,03,23,7,4.50426
2015,03,24,0,5.04763
2015,03,24,1,5.697760000000001
2015,03,24,2,5.95975
2015,03,24,3,6.43346
2015,03,24,4,4.12147
2015,03,24,5,5.84846
2015,03,24,6,7.83719
2015,03,24,7,9.03186
2015,03,25,0,10.2346
2015,03,25,1,10.2786
2015,03,25,2,10.375
2015,03,25,3,10.0036
2015,03,25,4,6.38491
2015,03,25,5,2.67281
2015,03,25,6,1.52194
2015,03,25,7,1.52324
2015,03,26,0,3.00502
2015,03,26,1,3.27839
2015,03,26,2,3.05179
2015,03,26,3,3.17367
2015,03,26,4,2.39121
2015,03,26,5,2.2413499999999997
2015,03,26,6,1.42567
2015,03,26,7,3.4035300000000004
2015,03,27,0,4.2515
2015,03,27,1,4.44255
2015,03,27,2,4.05642
2015,03,27,3,4.916399999999999
2015,03,27,4,1.73047
2015,03,27,5,0.928175
2015,03,27,6,1.1779300000000001
2015,03,27,7,1.2683900000000001
2015,03,28,0,1.36739
2015,03,28,1,1.74158
2015,03,28,2,4.416720000000001
2015,03,28,3,6.26499
2015,03,28,4,7.17384
2015,03,28,5,7.66838
2015,03,28,6,7.87029
2015,03,28,7,8.00141
2015,03,29,0,9.09038
2015,03,29,1,9.958260000000001
2015,03,29,2,10.8537
2015,03,29,3,12.725200000000001
2015,03,29,4,13.2956
2015,03,29,5,11.6031
2015,03,29,6,9.620379999999999
2015,03,29,7,8.27035
2015,03,30,0,9.820739999999999
2015,03,30,1,11.3226
2015,03,30,2,11.891399999999999
2015,03,30,3,11.9813
2015,03,30,4,12.2669
2015,03,30,5,11.5619
2015,03,30,6,11.113100000000001
2015,03,30,7,11.0116
2015,03,1,0,9.27975
2015,03,1,1,10.235700000000001
2015,03,1,2,10.3727
2015,03,1,3,10.3834
2015,03,1,4,10.508299999999998
2015,03,1,5,11.585
2015,03,1,6,11.803600000000001
2015,03,1,7,12.237
2015,03,2,0,12.4982
2015,03,2,1,13.4116
2015,03,2,2,13.9746
2015,03,2,3,12.68
2015,03,2,4,10.8189
2015,03,2,5,11.7431
2015,03,2,6,9.92323
2015,03,2,7,8.31873
2015,03,3,0,6.97696
2015,03,3,1,3.4719499999999996
2015,03,3,2,1.62772
2015,03,3,3,1.48239
2015,03,3,4,2.36324
2015,03,3,5,3.01577
2015,03,3,6,2.80592
2015,03,3,7,2.26928
2015,03,4,0,2.1784
2015,03,4,1,2.94862
2015,03,4,2,3.4079
2015,03,4,3,3.31966
2015,03,4,4,3.53097
2015,03,4,5,2.73099
2015,03,4,6,3.43455
2015,03,4,7,4.52611
2015,03,5,0,5.0416099999999995
2015,03,5,1,4.55296
2015,03,5,2,4.214720000000001
2015,03,5,3,4.14365
2015,03,5,4,4.36067
2015,03,5,5,3.51387
2015,03,5,6,2.6028000000000002
2015,03,5,7,2.72062
2015,03,6,0,3.02385
2015,03,6,1,3.91749
2015,03,6,2,5.19049
2015,03,6,3,5.56526
2015,03,6,4,6.019609999999999
2015,03,6,5,6.07015
2015,03,6,6,6.31959
2015,03,6,7,6.76486
2015,03,7,0,6.91599
2015,03,7,1,7.427239999999999
2015,03,7,2,7.62972
2015,03,7,3,7.528359999999999
2015,03,7,4,7.08936
2015,03,7,5,6.47701
2015,03,7,6,5.9343699999999995
2015,03,7,7,5.9096400000000004
2015,03,8,0,5.6985
2015,03,8,1,6.15481
2015,03,8,2,7.02208
2015,03,8,3,7.615270000000001
2015,03,8,4,8.370790000000001
2015,03,8,5,8.99966
2015,03,8,6,9.92673
2015,03,8,7,11.302299999999999
2015,03,9,0,12.7858
2015,03,9,1,13.9666
2015,03,9,2,13.320799999999998
2015,03,9,3,13.5105
2015,03,9,4,12.334700000000002
2015,03,9,5,12.4961
2015,03,9,6,15.912799999999999
2015,03,9,7,16.7256
2015,03,10,0,10.8397
2015,03,10,1,8.32845
2015,03,10,2,8.18193
2015,03,10,3,7.550560000000001
2015,03,10,4,8.68972
2015,03,10,5,6.67114
2015,03,10,6,5.24964
2015,03,10,7,5.59253
2015,03,11,0,6.89726
2015,03,11,1,8.54643
2015,03,11,2,10.338899999999999
2015,03,11,3,9.57771
2015,03,11,4,8.787700000000001
2015,03,11,5,8.73399
2015,03,11,6,7.82981
2015,03,11,7,7.20896
2015,03,12,0,4.18946
2015,03,12,1,2.5976399999999997
2015,03,12,2,6.37219
2015,03,12,3,9.11383
2015,03,12,4,5.3024700000000005
2015,03,12,5,2.69054
2015,03,12,6,2.5302399999999996
2015,03,12,7,2.2951799999999998
2015,03,13,0,3.50532
2015,03,13,1,3.65442
2015,03,13,2,3.67362
2015,03,13,3,2.85295
2015,03,13,4,2.46619
2015,03,13,5,2.51321
2015,03,13,6,2.31121
2015,03,13,7,2.31069
2015,03,14,0,2.96514
2015,03,14,1,3.5453200000000002
2015,03,14,2,2.61851
2015,03,14,3,1.43097
2015,03,14,4,2.2901
2015,03,14,5,2.85669
2015,03,14,6,2.45975
2015,03,14,7,1.84225
2015,03,15,0,1.89874
2015,03,15,1,2.5929699999999998
2015,03,15,2,2.49402
2015,03,15,3,2.1210999999999998
2015,03,15,4,2.00748
2015,03,15,5,2.1465300000000003
2015,03,15,6,2.9227399999999997
2015,03,15,7,4.69875
2015,03,16,0,6.98664
2015,03,16,1,8.94366
2015,03,16,2,9.910540000000001
2015,03,16,3,9.0821
2015,03,16,4,8.28939
2015,03,16,5,8.21677
2015,03,16,6,9.169690000000001
2015,03,16,7,10.3591
2015,03,17,0,10.6906
2015,03,17,1,10.2161
2015,03,17,2,10.0219
2015,03,17,3,7.7425299999999995
2015,03,17,4,7.66416
2015,03,17,5,8.88083
2015,03,17,6,9.89456
2015,03,17,7,12.141399999999999
2015,03,18,0,13.656799999999999
2015,03,18,1,12.5334
2015,03,18,2,3.71875
2015,03,18,3,1.83355
2015,03,18,4,2.80533
2015,03,18,5,3.3321300000000003
2015,03,18,6,3.8577
2015,03,18,7,6.46506
2015,03,19,0,7.66604
2015,03,19,1,5.33542
2015,03,19,2,5.95099
2015,03,19,3,9.76643
2015,03,19,4,9.33142
2015,03,19,5,8.14513
2015,03,19,6,8.953370000000001
2015,03,19,7,9.99752
2015,03,20,0,9.43381
2015,03,20,1,7.7298100000000005
2015,03,20,2,5.445390000000001
2015,03,20,3,2.9862399999999996
2015,03,20,4,2.1859499999999996
2015,03,20,5,2.67962
2015,03,20,6,3.7947100000000002
2015,03,20,7,5.62419
2015,03,21,0,7.04563
2015,03,21,1,9.34079
2015,03,21,2,10.5544
2015,03,21,3,8.961459999999999
2015,03,21,4,6.74311
2015,03,21,5,7.50366
2015,03,21,6,8.37773
2015,03,21,7,8.518139999999999
2015,03,22,0,3.81475
2015,03,22,1,3.30655
2015,03,22,2,3.7881799999999997
2015,03,22,3,3.48813
2015,03,22,4,3.53554
2015,03,22,5,3.0972399999999998
2015,03,22,6,2.88136
2015,03,22,7,4.93717
2015,03,23,0,5.17046
2015,03,23,1,3.82757
2015,03,23,2,3.449
2015,03,23,3,4.08844
2015,03,23,4,3.74628
2015,03,23,5,4.13565
2015,03,23,6,4.750640000000001
2015,03,23,7,4.65597
2015,03,24,0,4.57076
2015,03,24,1,4.61467
2015,03,24,2,4.39615
2015,03,24,3,4.14485
2015,03,24,4,3.9925300000000004
2015,03,24,5,3.552
2015,03,24,6,3.1408
2015,03,24,7,2.80746
2015,03,25,0,2.53403
2015,03,25,1,2.32977
2015,03,25,2,2.31244
2015,03,25,3,1.98827
2015,03,25,4,1.90721
2015,03,25,5,1.91517
2015,03,25,6,1.89683
2015,03,25,7,1.78302
2015,03,26,0,1.50629
2015,03,26,1,1.29408
2015,03,26,2,2.1791
2015,03,26,3,2.53999
2015,03,26,4,5.00836
2015,03,26,5,6.65137
2015,03,26,6,7.36842
2015,03,26,7,7.18941
2015,03,27,0,4.57667
2015,03,27,1,2.3875
2015,03,27,2,2.1083600000000002
2015,03,27,3,2.08677
2015,03,27,4,2.51781
2015,03,27,5,2.69984
2015,03,27,6,2.86212
2015,03,27,7,3.4119800000000002
2015,03,28,0,3.33642
2015,03,28,1,3.80146
2015,03,28,2,3.95537
2015,03,28,3,3.10928
2015,03,28,4,2.73036
2015,03,28,5,2.5475100000000004
2015,03,28,6,2.17798
2015,03,28,7,1.92654
2015,03,29,0,5.59561
2015,03,29,1,9.5762
2015,03,29,2,8.351510000000001
2015,03,29,3,5.665850000000001
2015,03,29,4,5.90109
2015,03,29,5,6.17549
2015,03,29,6,6.52114
2015,03,29,7,5.52704
2015,03,30,0,4.167470000000001
2015,03,30,1,3.42785
2015,03,30,2,3.8422899999999998
2015,03,30,3,5.88005
2015,03,30,4,4.0984799999999995
2015,03,30,5,3.67205
2015,03,30,6,3.5471500000000002
2015,03,30,7,3.55057
2015,03,31,0,4.43841
2015,03,31,1,4.79656
2015,03,31,2,4.5873800000000005
2015,03,31,3,4.16645
2015,03,31,4,3.36531
2015,03,31,5,3.3386199999999997
2015,03,31,6,2.89935
2015,03,31,7,3.1218600000000003
2015,03,1,0,4.146649999999999
2015,03,1,1,4.61503
2015,03,1,2,4.6823500000000005
2015,03,1,3,4.48736
2015,03,1,4,4.580520000000001
2015,03,1,5,4.393350000000001
2015,03,1,6,4.23243
2015,03,1,7,4.15671
2015,03,2,0,4.08231
2015,03,2,1,3.96753
2015,03,2,2,3.8439099999999997
2015,03,2,3,3.7552600000000003
2015,03,2,4,3.60046
2015,03,2,5,3.60405
2015,03,2,6,3.86169
2015,03,2,7,3.9424
2015,03,3,0,3.80868
2015,03,3,1,3.44087
2015,03,3,2,2.5644699999999996
2015,03,3,3,2.18708
2015,03,3,4,2.19808
2015,03,3,5,2.0847399999999996
2015,03,3,6,1.82217
2015,03,3,7,1.5926099999999999
2015,03,4,0,1.8075999999999999
2015,03,4,1,1.8934600000000001
2015,03,4,2,2.39493
2015,03,4,3,3.49912
2015,03,4,4,4.04589
2015,03,4,5,4.089300000000001
2015,03,4,6,4.28742
2015,03,4,7,3.22644
2015,03,5,0,3.0966
2015,03,5,1,3.16459
2015,03,5,2,3.3664699999999996
2015,03,5,3,3.4555100000000003
2015,03,5,4,3.64362
2015,03,5,5,3.01641
2015,03,5,6,2.69018
2015,03,5,7,2.90549
2015,03,6,0,2.5648299999999997
2015,03,6,1,1.4216
2015,03,6,2,1.2705
2015,03,6,3,1.2388299999999999
2015,03,6,4,1.5855
2015,03,6,5,3.3683400000000003
2015,03,6,6,8.59166
2015,03,6,7,10.2813
2015,03,7,0,10.5473
2015,03,7,1,9.42675
2015,03,7,2,6.33179
2015,03,7,3,4.52805
2015,03,7,4,4.11801
2015,03,7,5,3.74545
2015,03,7,6,3.01008
2015,03,7,7,2.45917
2015,03,8,0,2.18726
2015,03,8,1,1.8794000000000002
2015,03,8,2,1.69222
2015,03,8,3,1.75773
2015,03,8,4,1.8641500000000002
2015,03,8,5,2.14483
2015,03,8,6,2.31617
2015,03,8,7,2.47907
2015,03,9,0,2.57992
2015,03,9,1,2.46179
2015,03,9,2,2.36334
2015,03,9,3,2.31297
2015,03,9,4,2.16979
2015,03,9,5,2.05443
2015,03,9,6,1.82528
2015,03,9,7,1.32792
2015,03,10,0,1.63046
2015,03,10,1,2.25788
2015,03,10,2,3.04919
2015,03,10,3,4.28024
2015,03,10,4,5.11069
2015,03,10,5,6.754479999999999
2015,03,10,6,7.40065
2015,03,10,7,7.55177
2015,03,11,0,6.536029999999999
2015,03,11,1,6.105659999999999
2015,03,11,2,4.73782
2015,03,11,3,2.12371
2015,03,11,4,1.01388
2015,03,11,5,0.7965359999999999
2015,03,11,6,1.01668
2015,03,11,7,1.3594000000000002
2015,03,12,0,1.80339
2015,03,12,1,1.31823
2015,03,12,2,1.60914
2015,03,12,3,1.57417
2015,03,12,4,1.33115
2015,03,12,5,1.99759
2015,03,12,6,3.13766
2015,03,12,7,5.21622
2015,03,13,0,5.68006
2015,03,13,1,4.23475
2015,03,13,2,3.9176100000000003
2015,03,13,3,2.6178000000000003
2015,03,13,4,1.98803
2015,03,13,5,1.8157
2015,03,13,6,2.22462
2015,03,13,7,1.96015
2015,03,14,0,1.62826
2015,03,14,1,1.6221700000000001
2015,03,14,2,1.5867200000000001
2015,03,14,3,2.32134
2015,03,14,4,2.55694
2015,03,14,5,2.74955
2015,03,14,6,1.87515
2015,03,14,7,1.18773
2015,03,15,0,1.1283699999999999
2015,03,15,1,1.7078
2015,03,15,2,2.4329
2015,03,15,3,2.66791
2015,03,15,4,2.86511
2015,03,15,5,3.42238
2015,03,15,6,3.82438
2015,03,15,7,4.1911499999999995
2015,03,16,0,4.13238
2015,03,16,1,3.82048
2015,03,16,2,3.46051
2015,03,16,3,3.07264
2015,03,16,4,2.4848600000000003
2015,03,16,5,1.27722
2015,03,16,6,0.70666
2015,03,16,7,0.739991
2015,03,17,0,1.6321199999999998
2015,03,17,1,4.06408
2015,03,17,2,4.18124
2015,03,17,3,3.36495
2015,03,17,4,2.3045
2015,03,17,5,2.1483000000000003
2015,03,17,6,1.5700999999999998
2015,03,17,7,1.3751
2015,03,18,0,1.24303
2015,03,18,1,1.3311300000000001
2015,03,18,2,1.6154600000000001
2015,03,18,3,1.70525
2015,03,18,4,1.6178599999999999
2015,03,18,5,1.31253
2015,03,18,6,0.997052
2015,03,18,7,0.975765
2015,03,19,0,1.4313699999999998
2015,03,19,1,1.83569
2015,03,19,2,1.35073
2015,03,19,3,1.23113
2015,03,19,4,1.31638
2015,03,19,5,1.12749
2015,03,19,6,1.26576
2015,03,19,7,1.5781800000000001
2015,03,20,0,1.4519300000000002
2015,03,20,1,1.13134
2015,03,20,2,0.638681
2015,03,20,3,0.681421
2015,03,20,4,0.592357
2015,03,20,5,1.95705
2015,03,20,6,3.0015
2015,03,20,7,2.23522
2015,03,21,0,3.05602
2015,03,21,1,3.2781
2015,03,21,2,3.01788
2015,03,21,3,3.5496
2015,03,21,4,4.31973
2015,03,21,5,5.38554
2015,03,21,6,7.02196
2015,03,21,7,3.85679
2015,03,22,0,1.94911
2015,03,22,1,2.7011399999999997
2015,03,22,2,2.17297
2015,03,22,3,1.7116099999999999
2015,03,22,4,1.72271
2015,03,22,5,1.54528
2015,03,22,6,1.3816700000000002
2015,03,22,7,1.22815
2015,03,23,0,1.17878
2015,03,23,1,1.34233
2015,03,23,2,1.37975
2015,03,23,3,1.5343
2015,03,23,4,1.79681
2015,03,23,5,2.02582
2015,03,23,6,2.16248
2015,03,23,7,2.28155
2015,03,24,0,2.20518
2015,03,24,1,2.08225
2015,03,24,2,1.8925
2015,03,24,3,1.44791
2015,03,24,4,0.8526900000000001
2015,03,24,5,0.682239
2015,03,24,6,0.7887609999999999
2015,03,24,7,1.20615
2015,03,25,0,1.61327
2015,03,25,1,2.05885
2015,03,25,2,2.32946
2015,03,25,3,2.51002
2015,03,25,4,2.59134
2015,03,25,5,2.7916999999999996
2015,03,25,6,3.00831
2015,03,25,7,3.0527100000000003
2015,03,26,0,2.93854
2015,03,26,1,2.60247
2015,03,26,2,2.72773
2015,03,26,3,3.439
2015,03,26,4,4.54754
2015,03,26,5,4.26252
2015,03,26,6,2.53156
2015,03,26,7,2.67773
2015,03,27,0,1.7023
2015,03,27,1,1.15247
2015,03,27,2,1.93121
2015,03,27,3,1.65499
2015,03,27,4,1.90897
2015,03,27,5,1.45794
2015,03,27,6,1.03531
2015,03,27,7,1.5021600000000002
2015,03,28,0,1.53246
2015,03,28,1,1.57166
2015,03,28,2,1.9899200000000001
2015,03,28,3,2.13697
2015,03,28,4,1.60142
2015,03,28,5,1.4726700000000001
2015,03,28,6,2.36667
2015,03,28,7,3.07449
2015,03,29,0,2.85773
2015,03,29,1,2.43639
2015,03,29,2,2.02538
2015,03,29,3,1.71305
2015,03,29,4,1.55414
2015,03,29,5,1.44752
2015,03,29,6,1.2098900000000001
2015,03,29,7,0.916785
2015,03,30,0,0.97004
2015,03,30,1,0.971375
2015,03,30,2,0.8315410000000001
2015,03,30,3,0.933918
2015,03,30,4,1.50711
2015,03,30,5,1.21607
2015,03,30,6,1.30872
2015,03,30,7,1.3877899999999999
2015,03,1,0,1.48598
2015,03,1,1,1.62075
2015,03,1,2,2.04384
2015,03,1,3,2.04068
2015,03,1,4,2.04264
2015,03,1,5,3.24859
2015,03,1,6,4.02559
2015,03,1,7,3.46342
2015,03,2,0,3.2451399999999997
2015,03,2,1,3.95633
2015,03,2,2,4.91068
2015,03,2,3,6.78974
2015,03,2,4,6.5239899999999995
2015,03,2,5,4.5263800000000005
2015,03,2,6,2.27458
2015,03,2,7,2.36202
2015,03,3,0,1.12021
2015,03,3,1,2.43797
2015,03,3,2,2.75539
2015,03,3,3,4.76279
2015,03,3,4,6.43592
2015,03,3,5,7.533729999999999
2015,03,3,6,8.466209999999998
2015,03,3,7,8.69886
2015,03,4,0,8.36188
2015,03,4,1,8.43052
2015,03,4,2,8.29452
2015,03,4,3,6.86435
2015,03,4,4,4.243600000000001
2015,03,4,5,2.44772
2015,03,4,6,3.05149
2015,03,4,7,3.91473
2015,03,5,0,3.96479
2015,03,5,1,4.3849
2015,03,5,2,3.91534
2015,03,5,3,3.67232
2015,03,5,4,3.21745
2015,03,5,5,2.532
2015,03,5,6,2.39811
2015,03,5,7,3.33477
2015,03,6,0,4.591819999999999
2015,03,6,1,4.908810000000001
2015,03,6,2,5.64292
2015,03,6,3,6.40586
2015,03,6,4,6.48392
2015,03,6,5,5.45959
2015,03,6,6,4.62612
2015,03,6,7,5.142189999999999
2015,03,7,0,5.59501
2015,03,7,1,3.93459
2015,03,7,2,4.97822
2015,03,7,3,5.75987
2015,03,7,4,6.2787299999999995
2015,03,7,5,5.976520000000001
2015,03,7,6,5.64544
2015,03,7,7,5.6581
2015,03,8,0,4.76223
2015,03,8,1,4.20848
2015,03,8,2,4.7381
2015,03,8,3,3.98014
2015,03,8,4,2.92
2015,03,8,5,2.24832
2015,03,8,6,2.1370999999999998
2015,03,8,7,6.526560000000001
2015,03,9,0,7.04279
2015,03,9,1,4.51149
2015,03,9,2,3.16
2015,03,9,3,2.51089
2015,03,9,4,1.99534
2015,03,9,5,1.9355499999999999
2015,03,9,6,1.82917
2015,03,9,7,2.10644
2015,03,10,0,2.0846199999999997
2015,03,10,1,2.98899
2015,03,10,2,3.67285
2015,03,10,3,4.110180000000001
2015,03,10,4,3.7480100000000003
2015,03,10,5,2.7237199999999997
2015,03,10,6,2.0707600000000004
2015,03,10,7,1.5231700000000001
2015,03,11,0,1.76089
2015,03,11,1,1.66276
2015,03,11,2,1.78156
2015,03,11,3,3.0361100000000003
2015,03,11,4,3.9226900000000002
2015,03,11,5,3.97348
2015,03,11,6,3.98034
2015,03,11,7,3.95509
2015,03,12,0,3.87171
2015,03,12,1,4.0184299999999995
2015,03,12,2,4.20228
2015,03,12,3,3.9894499999999997
2015,03,12,4,3.6040799999999997
2015,03,12,5,3.43737
2015,03,12,6,3.17292
2015,03,12,7,2.66043
2015,03,13,0,2.63595
2015,03,13,1,2.78567
2015,03,13,2,2.49488
2015,03,13,3,2.2777600000000002
2015,03,13,4,2.37647
2015,03,13,5,2.22738
2015,03,13,6,2.33101
2015,03,13,7,2.67355
2015,03,14,0,2.9284499999999998
2015,03,14,1,3.18746
2015,03,14,2,3.27195
2015,03,14,3,3.08093
2015,03,14,4,2.85749
2015,03,14,5,2.69429
2015,03,14,6,2.2693499999999998
2015,03,14,7,1.80429
2015,03,15,0,1.77905
2015,03,15,1,1.63533
2015,03,15,2,3.92983
2015,03,15,3,2.43302
2015,03,15,4,3.02568
2015,03,15,5,2.21866
2015,03,15,6,1.56534
2015,03,15,7,1.85653
2015,03,16,0,1.90473
2015,03,16,1,1.53846
2015,03,16,2,1.59233
2015,03,16,3,1.7723900000000001
2015,03,16,4,1.5423399999999998
2015,03,16,5,1.38477
2015,03,16,6,1.20054
2015,03,16,7,1.0623699999999998
2015,03,17,0,0.875887
2015,03,17,1,0.822465
2015,03,17,2,1.05483
2015,03,17,3,1.09652
2015,03,17,4,1.1643800000000002
2015,03,17,5,1.197
2015,03,17,6,1.0749900000000001
2015,03,17,7,0.89912
2015,03,18,0,0.76158
2015,03,18,1,0.614294
2015,03,18,2,0.592444
2015,03,18,3,0.671257
2015,03,18,4,0.918311
2015,03,18,5,0.9858279999999999
2015,03,18,6,1.697
2015,03,18,7,3.45292
2015,03,19,0,3.8046100000000003
2015,03,19,1,3.4948
2015,03,19,2,2.80656
2015,03,19,3,2.5563800000000003
2015,03,19,4,2.65462
2015,03,19,5,2.61327
2015,03,19,6,2.10015
2015,03,19,7,1.50051
2015,03,20,0,2.36653
2015,03,20,1,2.00013
2015,03,20,2,3.07877
2015,03,20,3,3.04948
2015,03,20,4,3.62786
2015,03,20,5,3.7169299999999996
2015,03,20,6,3.9860300000000004
2015,03,20,7,3.45877
2015,03,21,0,1.9579900000000001
2015,03,21,1,1.88296
2015,03,21,2,2.01651
2015,03,21,3,2.35493
2015,03,21,4,2.3756999999999997
2015,03,21,5,2.59559
2015,03,21,6,2.47059
2015,03,21,7,2.18565
2015,03,22,0,2.13256
2015,03,22,1,2.1310599999999997
2015,03,22,2,2.00272
2015,03,22,3,1.9666700000000001
2015,03,22,4,1.98676
2015,03,22,5,1.97854
2015,03,22,6,1.9578900000000001
2015,03,22,7,2.04556
2015,03,23,0,2.04976
2015,03,23,1,1.96637
2015,03,23,2,2.0540100000000003
2015,03,23,3,2.17986
2015,03,23,4,2.22159
2015,03,23,5,2.19318
2015,03,23,6,2.13273
2015,03,23,7,2.0105
2015,03,24,0,1.79081
2015,03,24,1,1.59026
2015,03,24,2,1.3862999999999999
2015,03,24,3,1.33851
2015,03,24,4,1.47207
2015,03,24,5,1.4588599999999998
2015,03,24,6,1.3925699999999999
2015,03,24,7,1.30567
2015,03,25,0,1.2363199999999999
2015,03,25,1,1.18602
2015,03,25,2,1.2316500000000001
2015,03,25,3,1.32706
2015,03,25,4,1.37093
2015,03,25,5,1.4243599999999998
2015,03,25,6,1.50836
2015,03,25,7,1.46671
2015,03,26,0,1.1572
2015,03,26,1,0.7591829999999999
2015,03,26,2,0.568782
2015,03,26,3,0.6624779999999999
2015,03,26,4,0.724742
2015,03,26,5,1.2168800000000002
2015,03,26,6,2.7668600000000003
2015,03,26,7,3.75723
2015,03,27,0,3.81054
2015,03,27,1,3.72743
2015,03,27,2,4.098319999999999
2015,03,27,3,4.30899
2015,03,27,4,4.08538
2015,03,27,5,3.7240300000000004
2015,03,27,6,3.33389
2015,03,27,7,3.05026
2015,03,28,0,2.6141199999999998
2015,03,28,1,1.6356400000000002
2015,03,28,2,1.29202
2015,03,28,3,1.29794
2015,03,28,4,1.4058199999999998
2015,03,28,5,1.56737
2015,03,28,6,1.4761099999999998
2015,03,28,7,1.18089
2015,03,29,0,0.8359249999999999
2015,03,29,1,0.614768
2015,03,29,2,0.466314
2015,03,29,3,0.41258100000000003
2015,03,29,4,0.39857
2015,03,29,5,0.495955
2015,03,29,6,0.622052
2015,03,29,7,0.811222
2015,03,30,0,1.0352999999999999
2015,03,30,1,1.56755
2015,03,30,2,2.12876
2015,03,30,3,2.01646
2015,03,30,4,1.81716
2015,03,30,5,1.76612
2015,03,30,6,1.6861
2015,03,30,7,1.43257
2015,03,31,0,1.61426
2015,03,31,1,1.7126700000000001
2015,03,31,2,1.56438
2015,03,31,3,1.5403099999999998
2015,03,31,4,1.56357
2015,03,31,5,1.18825
2015,03,31,6,0.880835
2015,03,31,7,0.707154
2016,03,1,0,0.5761799999999999
2016,03,1,1,0.392737
2016,03,1,2,0.26832
2016,03,1,3,0.557712
2016,03,1,4,2.16985
2016,03,1,5,2.7022
2016,03,1,6,2.3081300000000002
2016,03,1,7,2.97112
2016,03,5,0,2.02211
2016,03,5,1,1.61777
2016,03,5,2,1.59577
2016,03,5,3,1.64751
2016,03,5,4,1.6136700000000002
2016,03,5,5,1.68405
2016,03,5,6,2.11714
2016,03,5,7,2.43073
2016,03,6,0,2.7497800000000003
2016,03,6,1,2.93194
2016,03,6,2,2.89287
2016,03,6,3,2.93883
2016,03,6,4,2.88878
2016,03,6,5,2.87529
2016,03,6,6,2.3772399999999996
2016,03,6,7,1.3014400000000002
2016,03,7,0,0.693772
2016,03,7,1,0.437876
2016,03,7,2,0.46315300000000004
2016,03,7,3,0.517069
2016,03,7,4,0.480502
2016,03,7,5,0.482923
2016,03,7,6,0.5314099999999999
2016,03,7,7,0.54339
2016,03,8,0,0.580461
2016,03,8,1,0.705397
2016,03,8,2,0.712145
2016,03,8,3,0.7709750000000001
2016,03,8,4,0.734191
2016,03,8,5,0.748193
2016,03,8,6,0.754797
2016,03,8,7,0.6984389999999999
2016,03,9,0,0.6307809999999999
2016,03,9,1,0.567379
2016,03,9,2,0.5483450000000001
2016,03,9,3,0.575053
2016,03,9,4,0.740436
2016,03,9,5,0.8395159999999999
2016,03,9,6,1.2094
2016,03,9,7,1.28503
2016,03,10,0,1.72474
2016,03,10,1,4.19179
2016,03,10,2,6.16237
2016,03,10,3,5.947970000000001
2016,03,10,4,4.1304799999999995
2016,03,10,5,3.80083
2016,03,10,6,3.70736
2016,03,10,7,4.47866
2016,03,11,0,5.88337
2016,03,11,1,6.247229999999999
2016,03,11,2,6.09294
2016,03,11,3,5.70561
2016,03,11,4,5.44307
2016,03,11,5,5.66432
2016,03,11,6,6.06994
2016,03,11,7,6.4158100000000005
2016,03,12,0,5.67175
2016,03,12,1,5.075399999999999
2016,03,12,2,4.91713
2016,03,12,3,5.6720500000000005
2016,03,12,4,3.8409
2016,03,12,5,4.12131
2016,03,12,6,3.4678
2016,03,12,7,2.6213
2016,03,13,0,3.37595
2016,03,13,1,3.87708
2016,03,13,2,4.66017
2016,03,13,3,6.67174
2016,03,13,4,7.0347
2016,03,13,5,6.84649
2016,03,13,6,6.187390000000001
2016,03,13,7,5.207649999999999
2016,03,14,0,3.70236
2016,03,14,1,2.515
2016,03,14,2,2.29461
2016,03,14,3,2.7183800000000002
2016,03,14,4,2.60942
2016,03,14,5,3.02756
2016,03,14,6,2.86548
2016,03,14,7,2.74268
2016,03,15,0,2.62684
2016,03,15,1,2.6067199999999997
2016,03,15,2,2.5223
2016,03,15,3,2.287
2016,03,15,4,2.25142
2016,03,15,5,2.11923
2016,03,15,6,1.80593
2016,03,15,7,1.63515
2016,03,16,0,2.0261400000000003
2016,03,16,1,2.29547
2016,03,16,2,2.13728
2016,03,16,3,2.03933
2016,03,16,4,1.8488499999999999
2016,03,16,5,1.6619000000000002
2016,03,16,6,1.55812
2016,03,16,7,1.67377
2016,03,17,0,1.91207
2016,03,17,1,2.01835
2016,03,17,2,2.10497
2016,03,17,3,2.5974
2016,03,17,4,4.39971
2016,03,17,5,4.6268199999999995
2016,03,17,6,3.14179
2016,03,17,7,2.5388200000000003
2016,03,18,0,3.2971500000000002
2016,03,18,1,4.85364
2016,03,18,2,5.30667
2016,03,18,3,5.034800000000001
2016,03,18,4,4.3290299999999995
2016,03,18,5,3.028
2016,03,18,6,2.3578
2016,03,18,7,2.18092
2016,03,19,0,2.71622
2016,03,19,1,3.28831
2016,03,19,2,3.11949
2016,03,19,3,2.97054
2016,03,19,4,3.17163
2016,03,19,5,3.33685
2016,03,19,6,3.48804
2016,03,19,7,3.56815
2016,03,20,0,3.66163
2016,03,20,1,3.65396
2016,03,20,2,3.5036300000000002
2016,03,20,3,3.49261
2016,03,20,4,3.44833
2016,03,20,5,3.23839
2016,03,20,6,2.6327399999999996
2016,03,20,7,1.93133
2016,03,21,0,2.08633
2016,03,21,1,1.56597
2016,03,21,2,1.23876
2016,03,21,3,1.66795
2016,03,21,4,2.06729
2016,03,21,5,3.23431
2016,03,21,6,4.59567
2016,03,21,7,5.99649
2016,03,22,0,7.03162
2016,03,22,1,6.01846
2016,03,22,2,5.6566
2016,03,22,3,6.032439999999999
2016,03,22,4,5.852270000000001
2016,03,22,5,5.403029999999999
2016,03,22,6,5.53123
2016,03,22,7,5.79535
2016,03,23,0,5.97843
2016,03,23,1,5.8128
2016,03,23,2,5.31196
2016,03,23,3,4.7693
2016,03,23,4,4.200810000000001
2016,03,23,5,3.4891300000000003
2016,03,23,6,2.2081999999999997
2016,03,23,7,1.66383
2016,03,24,0,1.7272100000000001
2016,03,24,1,1.46997
2016,03,24,2,1.60753
2016,03,24,3,1.6734
2016,03,24,4,1.75677
2016,03,24,5,1.51786
2016,03,24,6,1.4166500000000002
2016,03,24,7,1.5158800000000001
2016,03,25,0,1.7353599999999998
2016,03,25,1,1.78381
2016,03,25,2,1.7542200000000001
2016,03,25,3,1.75776
2016,03,25,4,2.4483699999999997
2016,03,25,5,3.21189
2016,03,25,6,3.81609
2016,03,25,7,4.60259
2016,03,26,0,5.661020000000001
2016,03,26,1,7.3007
2016,03,26,2,8.942020000000001
2016,03,26,3,10.1746
2016,03,26,4,9.24191
2016,03,26,5,5.88459
2016,03,26,6,5.550520000000001
2016,03,26,7,5.21965
2016,03,27,0,2.21393
2016,03,27,1,1.52758
2016,03,27,2,2.48797
2016,03,27,3,2.67898
2016,03,27,4,2.5837
2016,03,27,5,4.11145
2016,03,27,6,4.59292
2016,03,27,7,4.62063
2016,03,28,0,8.60652
2016,03,28,1,8.9301
2016,03,28,2,9.05608
2016,03,28,3,7.41578
2016,03,28,4,9.43906
2016,03,28,5,9.26725
2016,03,28,6,7.70204
2016,03,28,7,4.272600000000001
2016,03,29,0,2.70544
2016,03,29,1,3.87659
2016,03,29,2,4.71281
2016,03,29,3,3.44621
2016,03,29,4,3.09437
2016,03,29,5,2.7155
2016,03,29,6,2.19619
2016,03,29,7,1.86488
2016,03,30,0,1.7615699999999999
2016,03,30,1,1.7698900000000002
2016,03,30,2,1.9913800000000001
2016,03,30,3,2.66695
2016,03,30,4,3.22193
2016,03,30,5,3.0076300000000002
2016,03,30,6,2.3867800000000003
2016,03,30,7,2.2082100000000002
2016,03,31,0,2.41957
2016,03,31,1,2.7024299999999997
2016,03,31,2,2.84449
2016,03,31,3,2.729
2016,03,31,4,2.6525
2016,03,31,5,2.40022
2016,03,31,6,2.21546
2016,03,31,7,2.33307
2016,03,1,0,2.3175
2016,03,1,1,2.19354
2016,03,1,2,2.18247
2016,03,1,3,2.14696
2016,03,1,4,2.09021
2016,03,1,5,2.09819
2016,03,1,6,1.97424
2016,03,1,7,1.79217
2016,03,2,0,1.78518
2016,03,2,1,1.8077699999999999
2016,03,2,2,1.5511300000000001
2016,03,2,3,1.29622
2016,03,2,4,1.2646300000000001
2016,03,2,5,1.49651
2016,03,2,6,1.8268900000000001
2016,03,2,7,2.08052
2016,03,3,0,2.13602
2016,03,3,1,1.85151
2016,03,3,2,1.92202
2016,03,3,3,2.1028200000000004
2016,03,3,4,2.1380500000000002
2016,03,3,5,2.1480900000000003
2016,03,3,6,2.35034
2016,03,3,7,2.4978000000000002
2016,03,4,0,2.7401799999999996
2016,03,4,1,3.33648
2016,03,4,2,4.00051
2016,03,4,3,4.14866
2016,03,4,4,4.19475
2016,03,4,5,3.90806
2016,03,4,6,3.76981
2016,03,4,7,2.79935
2016,03,5,0,2.65132
2016,03,5,1,3.79629
2016,03,5,2,4.783510000000001
2016,03,5,3,5.29797
2016,03,5,4,6.21495
2016,03,5,5,7.896100000000001
2016,03,5,6,7.86832
2016,03,5,7,8.1441
2016,03,6,0,8.17493
2016,03,6,1,7.841270000000001
2016,03,6,2,5.65909
2016,03,6,3,5.61921
2016,03,6,4,3.9439699999999998
2016,03,6,5,2.63319
2016,03,6,6,3.13992
2016,03,6,7,2.29683
2016,03,7,0,1.25766
2016,03,7,1,0.953403
2016,03,7,2,0.871072
2016,03,7,3,0.859367
2016,03,7,4,1.44284
2016,03,7,5,2.1496
2016,03,7,6,2.83348
2016,03,7,7,4.07604
2016,03,8,0,6.05171
2016,03,8,1,6.98458
2016,03,8,2,7.34614
2016,03,8,3,7.62364
2016,03,8,4,7.2843100000000005
2016,03,8,5,7.06316
2016,03,8,6,7.363239999999999
2016,03,8,7,7.8125100000000005
2016,03,9,0,8.34807
2016,03,9,1,8.88662
2016,03,9,2,8.50856
2016,03,9,3,6.7949399999999995
2016,03,9,4,5.241569999999999
2016,03,9,5,4.547479999999999
2016,03,9,6,5.109640000000001
2016,03,9,7,6.1549700000000005
2016,03,10,0,6.1773299999999995
2016,03,10,1,6.58126
2016,03,10,2,6.701029999999999
2016,03,10,3,6.36618
2016,03,10,4,6.35319
2016,03,10,5,6.3491599999999995
2016,03,10,6,6.1583000000000006
2016,03,10,7,6.5578
2016,03,11,0,6.4126
2016,03,11,1,5.44058
2016,03,11,2,5.06308
2016,03,11,3,4.7358400000000005
2016,03,11,4,4.86761
2016,03,11,5,4.98885
2016,03,11,6,4.717239999999999
2016,03,11,7,3.78771
2016,03,12,0,3.40307
2016,03,12,1,2.68303
2016,03,12,2,2.06256
2016,03,12,3,2.04103
2016,03,12,4,2.50425
2016,03,12,5,3.1738600000000003
2016,03,12,6,4.60881
2016,03,12,7,6.65749
2016,03,13,0,6.81173
2016,03,13,1,5.523680000000001
2016,03,13,2,4.76948
2016,03,13,3,3.55789
2016,03,13,4,3.61231
2016,03,13,5,2.82645
2016,03,13,6,2.5061
2016,03,13,7,2.17103
2016,03,14,0,2.5946700000000003
2016,03,14,1,2.3083400000000003
2016,03,14,2,2.70026
2016,03,14,3,3.13721
2016,03,14,4,3.12321
2016,03,14,5,2.52025
2016,03,14,6,1.8598
2016,03,14,7,1.7008699999999999
2016,03,15,0,2.31781
2016,03,15,1,3.66004
2016,03,15,2,4.55645
2016,03,15,3,4.25582
2016,03,15,4,3.76436
2016,03,15,5,3.41104
2016,03,15,6,3.20811
2016,03,15,7,2.7647199999999996
2016,03,16,0,2.96077
2016,03,16,1,2.68925
2016,03,16,2,2.21935
2016,03,16,3,1.86304
2016,03,16,4,3.11984
2016,03,16,5,3.63211
2016,03,16,6,3.5843000000000003
2016,03,16,7,3.36596
2016,03,17,0,3.19185
2016,03,17,1,2.8097399999999997
2016,03,17,2,2.81995
2016,03,17,3,2.9590500000000004
2016,03,17,4,2.73997
2016,03,17,5,2.22375
2016,03,17,6,2.3903499999999998
2016,03,17,7,3.26813
2016,03,18,0,4.1972700000000005
2016,03,18,1,4.826239999999999
2016,03,18,2,4.90823
2016,03,18,3,5.16172
2016,03,18,4,5.62003
2016,03,18,5,6.20179
2016,03,18,6,5.97736
2016,03,18,7,5.43575
2016,03,19,0,6.03278
2016,03,19,1,5.244350000000001
2016,03,19,2,4.2043800000000005
2016,03,19,3,3.63227
2016,03,19,4,3.28792
2016,03,19,5,3.16567
2016,03,19,6,3.09682
2016,03,19,7,3.08373
2016,03,20,0,2.8107399999999996
2016,03,20,1,2.52066
2016,03,20,2,2.7215700000000003
2016,03,20,3,3.05634
2016,03,20,4,3.4016100000000002
2016,03,20,5,3.6844699999999997
2016,03,20,6,4.14564
2016,03,20,7,4.60076
2016,03,21,0,4.73562
2016,03,21,1,3.8749000000000002
2016,03,21,2,2.1425500000000004
2016,03,21,3,1.56111
2016,03,21,4,1.2303
2016,03,21,5,1.09401
2016,03,21,6,1.27907
2016,03,21,7,1.09522
2016,03,22,0,1.2690299999999999
2016,03,22,1,1.5563399999999998
2016,03,22,2,1.76041
2016,03,22,3,1.96112
2016,03,22,4,1.96975
2016,03,22,5,1.93034
2016,03,22,6,1.5041300000000002
2016,03,22,7,1.1434900000000001
2016,03,23,0,1.06657
2016,03,23,1,1.89503
2016,03,23,2,2.65334
2016,03,23,3,2.4198600000000003
2016,03,23,4,2.17836
2016,03,23,5,1.20078
2016,03,23,6,1.01155
2016,03,23,7,1.49609
2016,03,24,0,2.2560700000000002
2016,03,24,1,2.28188
2016,03,24,2,2.10996
2016,03,24,3,2.23608
2016,03,24,4,2.3512600000000003
2016,03,24,5,2.55686
2016,03,24,6,2.915
2016,03,24,7,3.67964
2016,03,25,0,4.15736
2016,03,25,1,6.02034
2016,03,25,2,4.69504
2016,03,25,3,3.6558800000000002
2016,03,25,4,2.88851
2016,03,25,5,2.6579699999999997
2016,03,25,6,4.07722
2016,03,25,7,4.852609999999999
2016,03,26,0,5.6036
2016,03,26,1,6.574949999999999
2016,03,26,2,6.74077
2016,03,26,3,6.49068
2016,03,26,4,7.470560000000001
2016,03,26,5,8.85488
2016,03,26,6,8.599020000000001
2016,03,26,7,7.4296999999999995
2016,03,27,0,7.855479999999999
2016,03,27,1,7.60276
2016,03,27,2,6.683859999999999
2016,03,27,3,5.003430000000001
2016,03,27,4,4.04409
2016,03,27,5,3.56008
2016,03,27,6,3.07255
2016,03,27,7,3.17787
2016,03,28,0,3.0224
2016,03,28,1,2.946
2016,03,28,2,3.2975
2016,03,28,3,4.27554
2016,03,28,4,4.37784
2016,03,28,5,4.00008
2016,03,28,6,4.02465
2016,03,28,7,4.41983
2016,03,29,0,4.79329
2016,03,29,1,4.8904700000000005
2016,03,29,2,4.61037
2016,03,29,3,4.4205
2016,03,29,4,4.42125
2016,03,29,5,4.48979
2016,03,29,6,4.47317
2016,03,29,7,3.72196
2016,03,1,0,2.27698
2016,03,1,1,1.5205
2016,03,1,2,1.5331199999999998
2016,03,1,3,1.64501
2016,03,1,4,1.68368
2016,03,1,5,1.43312
2016,03,1,6,1.4011
2016,03,1,7,1.4547999999999999
2016,03,2,0,1.3153
2016,03,2,1,1.52996
2016,03,2,2,1.8373
2016,03,2,3,2.01763
2016,03,2,4,2.33904
2016,03,2,5,2.98906
2016,03,2,6,3.60519
2016,03,2,7,3.74926
2016,03,3,0,3.7121399999999998
2016,03,3,1,3.6261900000000002
2016,03,3,2,3.33189
2016,03,3,3,3.64673
2016,03,3,4,3.52345
2016,03,3,5,4.40862
2016,03,3,6,4.1776
2016,03,3,7,3.7297
2016,03,4,0,3.57774
2016,03,4,1,3.10199
2016,03,4,2,2.10816
2016,03,4,3,2.02929
2016,03,4,4,3.28312
2016,03,4,5,3.90129
2016,03,4,6,4.39656
2016,03,4,7,4.0803899999999995
2016,03,5,0,5.03012
2016,03,5,1,4.98961
2016,03,5,2,4.81246
2016,03,5,3,3.09776
2016,03,5,4,2.06352
2016,03,5,5,2.88156
2016,03,5,6,4.86961
2016,03,5,7,6.0108999999999995
2016,03,6,0,4.4356800000000005
2016,03,6,1,2.01891
2016,03,6,2,2.10571
2016,03,6,3,2.0782399999999996
2016,03,6,4,2.08875
2016,03,6,5,2.7476599999999998
2016,03,6,6,5.14075
2016,03,6,7,5.79614
2016,03,7,0,5.867859999999999
2016,03,7,1,4.90188
2016,03,7,2,3.49405
2016,03,7,3,2.44878
2016,03,7,4,3.46213
2016,03,7,5,2.9837
2016,03,7,6,2.14641
2016,03,7,7,2.2085
2016,03,8,0,3.06785
2016,03,8,1,3.21462
2016,03,8,2,2.67766
2016,03,8,3,3.74123
2016,03,8,4,3.75082
2016,03,8,5,3.2666399999999998
2016,03,8,6,2.94536
2016,03,8,7,2.62274
2016,03,9,0,2.23052
2016,03,9,1,1.90192
2016,03,9,2,2.78219
2016,03,9,3,3.64904
2016,03,9,4,3.39129
2016,03,9,5,2.95662
2016,03,9,6,2.78573
2016,03,9,7,2.4974000000000003
2016,03,10,0,2.5569499999999996
2016,03,10,1,2.4707600000000003
2016,03,10,2,2.46723
2016,03,10,3,3.05712
2016,03,10,4,4.52191
2016,03,10,5,6.06119
2016,03,10,6,6.51011
2016,03,10,7,4.1819
2016,03,11,0,4.269
2016,03,11,1,5.5793800000000005
2016,03,11,2,5.4554
2016,03,11,3,4.80926
2016,03,11,4,4.28185
2016,03,11,5,3.56893
2016,03,11,6,3.08214
2016,03,11,7,1.67517
2016,03,12,0,1.15808
2016,03,12,1,2.27225
2016,03,12,2,4.00737
2016,03,12,3,4.524109999999999
2016,03,12,4,4.6030299999999995
2016,03,12,5,4.65775
2016,03,12,6,4.54261
2016,03,12,7,4.31424
2016,03,13,0,4.33003
2016,03,13,1,4.43825
2016,03,13,2,4.77938
2016,03,13,3,5.04368
2016,03,13,4,4.67671
2016,03,13,5,4.00496
2016,03,13,6,3.11272
2016,03,13,7,2.38094
2016,03,14,0,1.24339
2016,03,14,1,0.6736599999999999
2016,03,14,2,0.44909
2016,03,14,3,0.5391889999999999
2016,03,14,4,0.644101
2016,03,14,5,0.638478
2016,03,14,6,0.587072
2016,03,14,7,0.706326
2016,03,15,0,1.0470899999999999
2016,03,15,1,1.58026
2016,03,15,2,2.10978
2016,03,15,3,2.7365999999999997
2016,03,15,4,2.82729
2016,03,15,5,2.0238
2016,03,15,6,1.70368
2016,03,15,7,1.77353
2016,03,16,0,1.5789000000000002
2016,03,16,1,1.65197
2016,03,16,2,1.90855
2016,03,16,3,2.2136799999999996
2016,03,16,4,2.4491
2016,03,16,5,2.50398
2016,03,16,6,2.2588000000000004
2016,03,16,7,2.0344
2016,03,17,0,2.0991
2016,03,17,1,2.07183
2016,03,17,2,1.67778
2016,03,17,3,1.20125
2016,03,17,4,1.2426400000000002
2016,03,17,5,1.62956
2016,03,17,6,1.51641
2016,03,17,7,1.6198
2016,03,18,0,1.7998800000000001
2016,03,18,1,1.53075
2016,03,18,2,1.24093
2016,03,18,3,1.0816
2016,03,18,4,1.0689000000000002
2016,03,18,5,1.1821400000000002
2016,03,18,6,1.3875
2016,03,18,7,1.87445
2016,03,19,0,2.6273299999999997
2016,03,19,1,3.1811599999999998
2016,03,19,2,3.63041
2016,03,19,3,3.66562
2016,03,19,4,3.9879499999999997
2016,03,19,5,4.16493
2016,03,19,6,4.37273
2016,03,19,7,5.278899999999999
2016,03,20,0,5.457199999999999
2016,03,20,1,5.62369
2016,03,20,2,5.191949999999999
2016,03,20,3,5.1882
2016,03,20,4,5.191140000000001
2016,03,20,5,5.315939999999999
2016,03,20,6,5.57944
2016,03,20,7,5.51261
2016,03,21,0,5.55176
2016,03,21,1,5.51921
2016,03,21,2,5.51225
2016,03,21,3,5.46452
2016,03,21,4,5.35437
2016,03,21,5,5.27318
2016,03,21,6,5.08772
2016,03,21,7,4.8039499999999995
2016,03,22,0,4.664770000000001
2016,03,22,1,4.55244
2016,03,22,2,4.41288
2016,03,22,3,4.16108
2016,03,22,4,4.08394
2016,03,22,5,3.85034
2016,03,22,6,3.50269
2016,03,22,7,3.78601
2016,03,23,0,3.92736
2016,03,23,1,3.8464899999999997
2016,03,23,2,3.60157
2016,03,23,3,3.5114099999999997
2016,03,23,4,3.4784800000000002
2016,03,23,5,3.3599
2016,03,23,6,3.19623
2016,03,23,7,3.35011
2016,03,24,0,4.32521
2016,03,24,1,4.67539
2016,03,24,2,4.5693
2016,03,24,3,4.52118
2016,03,24,4,4.503760000000001
2016,03,24,5,4.27371
2016,03,24,6,4.0621
2016,03,24,7,3.94699
2016,03,25,0,3.88938
2016,03,25,1,3.79414
2016,03,25,2,3.72717
2016,03,25,3,3.1072100000000002
2016,03,25,4,2.46533
2016,03,25,5,2.44839
2016,03,25,6,2.39092
2016,03,25,7,2.53546
2016,03,26,0,3.12933
2016,03,26,1,2.9816700000000003
2016,03,26,2,2.68852
2016,03,26,3,2.63049
2016,03,26,4,2.82452
2016,03,26,5,2.9670900000000002
2016,03,26,6,2.87148
2016,03,26,7,2.77506
2016,03,27,0,2.30535
2016,03,27,1,2.1640300000000003
2016,03,27,2,2.0896399999999997
2016,03,27,3,2.42677
2016,03,27,4,2.59495
2016,03,27,5,2.91346
2016,03,27,6,3.16157
2016,03,27,7,3.2424
2016,03,28,0,3.68471
2016,03,28,1,4.25157
2016,03,28,2,4.53401
2016,03,28,3,4.60627
2016,03,28,4,4.42828
2016,03,28,5,3.15067
2016,03,28,6,2.04967
2016,03,28,7,2.47958
2016,03,29,0,2.96942
2016,03,29,1,3.37386
2016,03,29,2,4.3470200000000006
2016,03,29,3,5.28843
2016,03,29,4,6.43942
2016,03,29,5,7.788600000000001
2016,03,29,6,8.17026
2016,03,29,7,8.407219999999999
2016,03,30,0,7.345260000000001
2016,03,30,1,5.96602
2016,03,30,2,6.55264
2016,03,30,3,7.93978
2016,03,30,4,7.42509
2016,03,30,5,5.95453
2016,03,30,6,5.8194300000000005
2016,03,30,7,5.604850000000001
2016,03,31,0,4.97642
2016,03,31,1,4.66647
2016,03,31,2,4.898479999999999
2016,03,31,3,5.14255
2016,03,31,4,5.75718
2016,03,31,5,6.160220000000001
2016,03,31,6,6.39537
2016,03,31,7,6.71723
2016,03,1,0,6.29884
2016,03,1,1,6.34804
2016,03,1,2,4.595140000000001
2016,03,1,3,4.5312
2016,03,1,4,4.38642
2016,03,1,5,4.60913
2016,03,1,6,4.40374
2016,03,1,7,4.32627
2016,03,2,0,4.01592
2016,03,2,1,3.69399
2016,03,2,2,4.11942
2016,03,2,3,3.98881
2016,03,2,4,3.60319
2016,03,2,5,4.400939999999999
2016,03,2,6,4.60177
2016,03,2,7,4.985600000000001
2016,03,3,0,4.33608
2016,03,3,1,4.16561
2016,03,3,2,2.39518
2016,03,3,3,2.08681
2016,03,3,4,2.26838
2016,03,3,5,2.6744299999999996
2016,03,3,6,2.27635
2016,03,3,7,1.8563
2016,03,4,0,2.26877
2016,03,4,1,2.4754899999999997
2016,03,4,2,3.89017
2016,03,4,3,5.35318
2016,03,4,4,6.3070200000000005
2016,03,4,5,6.62592
2016,03,4,6,6.86124
2016,03,4,7,6.897279999999999
2016,03,5,0,6.91755
2016,03,5,1,6.52902
2016,03,5,2,5.817810000000001
2016,03,5,3,4.823180000000001
2016,03,5,4,4.14049
2016,03,5,5,3.54142
2016,03,5,6,3.54595
2016,03,5,7,5.5641099999999994
2016,03,6,0,6.2425500000000005
2016,03,6,1,5.89139
2016,03,6,2,4.5193
2016,03,6,3,2.54304
2016,03,6,4,1.95354
2016,03,6,5,1.77643
2016,03,6,6,1.6253199999999999
2016,03,6,7,1.61728
2016,03,7,0,1.93353
2016,03,7,1,2.16687
2016,03,7,2,2.4122600000000003
2016,03,7,3,2.93049
2016,03,7,4,3.7407
2016,03,7,5,5.062189999999999
2016,03,7,6,5.5748500000000005
2016,03,7,7,5.09076
2016,03,8,0,4.7420100000000005
2016,03,8,1,6.31421
2016,03,8,2,7.19259
2016,03,8,3,7.20262
2016,03,8,4,4.9300299999999995
2016,03,8,5,5.21094
2016,03,8,6,5.30931
2016,03,8,7,7.52119
2016,03,9,0,5.97017
2016,03,9,1,3.39827
2016,03,9,2,5.79426
2016,03,9,3,3.9642199999999996
2016,03,9,4,3.8691799999999996
2016,03,9,5,3.3676
2016,03,9,6,3.41288
2016,03,9,7,3.19138
2016,03,10,0,2.98487
2016,03,10,1,2.82575
2016,03,10,2,2.70391
2016,03,10,3,2.59135
2016,03,10,4,2.68071
2016,03,10,5,2.7691
2016,03,10,6,2.76161
2016,03,10,7,2.90741
2016,03,11,0,3.16031
2016,03,11,1,3.4050599999999998
2016,03,11,2,3.60869
2016,03,11,3,4.386640000000001
2016,03,11,4,4.745100000000001
2016,03,11,5,5.824859999999999
2016,03,11,6,4.89133
2016,03,11,7,5.156890000000001
2016,03,12,0,5.76732
2016,03,12,1,4.825060000000001
2016,03,12,2,4.0848
2016,03,12,3,4.01856
2016,03,12,4,4.636430000000001
2016,03,12,5,5.131270000000001
2016,03,12,6,6.2554099999999995
2016,03,12,7,6.63784
2016,03,13,0,6.3374
2016,03,13,1,3.1733800000000003
2016,03,13,2,3.68779
2016,03,13,3,3.87037
2016,03,13,4,3.62206
2016,03,13,5,4.29019
2016,03,13,6,4.306109999999999
2016,03,13,7,3.36968
2016,03,14,0,3.63571
2016,03,14,1,3.89442
2016,03,14,2,3.56014
2016,03,14,3,3.33679
2016,03,14,4,3.13625
2016,03,14,5,2.99368
2016,03,14,6,2.8336900000000003
2016,03,14,7,2.45982
2016,03,15,0,1.89459
2016,03,15,1,1.20774
2016,03,15,2,0.912612
2016,03,15,3,1.07761
2016,03,15,4,1.5814000000000001
2016,03,15,5,1.9139000000000002
2016,03,15,6,2.6045100000000003
2016,03,15,7,4.0022
2016,03,16,0,4.95359
2016,03,16,1,4.4193999999999996
2016,03,16,2,4.6304
2016,03,16,3,3.85184
2016,03,16,4,2.76
2016,03,16,5,2.08067
2016,03,16,6,2.9711399999999997
2016,03,16,7,4.72422
2016,03,17,0,6.27809
2016,03,17,1,5.724609999999999
2016,03,17,2,6.36393
2016,03,17,3,6.82601
2016,03,17,4,6.18989
2016,03,17,5,5.9738
2016,03,17,6,6.908399999999999
2016,03,17,7,8.18915
2016,03,18,0,8.679889999999999
2016,03,18,1,8.43843
2016,03,18,2,8.10279
2016,03,18,3,7.91954
2016,03,18,4,8.680579999999999
2016,03,18,5,8.5625
2016,03,18,6,9.975100000000001
2016,03,18,7,12.8743
2016,03,19,0,10.9075
2016,03,19,1,6.35708
2016,03,19,2,8.085510000000001
2016,03,19,3,5.13019
2016,03,19,4,3.8008699999999997
2016,03,19,5,2.9371199999999997
2016,03,19,6,2.79969
2016,03,19,7,2.82601
2016,03,20,0,3.76969
2016,03,20,1,4.21791
2016,03,20,2,3.92569
2016,03,20,3,3.66314
2016,03,20,4,2.7283600000000003
2016,03,20,5,2.5052600000000003
2016,03,20,6,2.48461
2016,03,20,7,3.2595500000000004
2016,03,21,0,4.085
2016,03,21,1,3.9214499999999997
2016,03,21,2,4.48867
2016,03,21,3,4.5263100000000005
2016,03,21,4,4.18755
2016,03,21,5,4.265029999999999
2016,03,21,6,4.27776
2016,03,21,7,4.77006
2016,03,22,0,5.0427100000000005
2016,03,22,1,5.20558
2016,03,22,2,6.12758
2016,03,22,3,7.3
2016,03,22,4,7.65981
2016,03,22,5,7.59342
2016,03,22,6,7.70539
2016,03,22,7,8.76985
2016,03,23,0,9.53569
2016,03,23,1,9.073979999999999
2016,03,23,2,8.39763
2016,03,23,3,8.18439
2016,03,23,4,7.98907
2016,03,23,5,6.390689999999999
2016,03,23,6,7.7605
2016,03,23,7,8.41877
2016,03,24,0,8.71762
2016,03,24,1,7.99646
2016,03,24,2,7.96121
2016,03,24,3,8.48318
2016,03,24,4,7.52523
2016,03,24,5,7.05808
2016,03,24,6,7.29121
2016,03,24,7,8.22041
2016,03,25,0,8.67897
2016,03,25,1,8.55105
2016,03,25,2,8.232709999999999
2016,03,25,3,7.94229
2016,03,25,4,7.90022
2016,03,25,5,7.716069999999999
2016,03,25,6,7.43575
2016,03,25,7,7.003850000000001
2016,03,26,0,6.0551
2016,03,26,1,5.54716
2016,03,26,2,5.76546
2016,03,26,3,5.42827
2016,03,26,4,2.98925
2016,03,26,5,2.0093900000000002
2016,03,26,6,2.2524699999999998
2016,03,26,7,2.4706900000000003
2016,03,27,0,2.88081
2016,03,27,1,3.1895300000000004
2016,03,27,2,3.76126
2016,03,27,3,4.40037
2016,03,27,4,4.78639
2016,03,27,5,5.27973
2016,03,27,6,5.68452
2016,03,27,7,5.597729999999999
2016,03,28,0,5.76811
2016,03,28,1,5.929600000000001
2016,03,28,2,5.88554
2016,03,28,3,5.75274
2016,03,28,4,5.602
2016,03,28,5,5.22412
2016,03,28,6,5.293489999999999
2016,03,28,7,4.80216
2016,03,29,0,5.0558000000000005
2016,03,29,1,4.62716
2016,03,29,2,5.32338
2016,03,29,3,6.41412
2016,03,29,4,6.534050000000001
2016,03,29,5,5.68136
2016,03,29,6,3.4184699999999997
2016,03,29,7,4.24482
2016,03,30,0,5.59443
2016,03,30,1,5.61605
2016,03,30,2,5.0409
2016,03,30,3,4.72532
2016,03,30,4,3.53631
2016,03,30,5,1.09813
2016,03,30,6,0.7928970000000001
2016,03,30,7,1.95944
2016,03,1,0,4.02422
2016,03,1,1,5.37997
2016,03,1,2,8.13359
2016,03,1,3,10.422600000000001
2016,03,1,4,11.0907
2016,03,1,5,9.43793
2016,03,1,6,7.92281
2016,03,1,7,9.460600000000001
2016,03,2,0,9.53257
2016,03,2,1,8.24793
2016,03,2,2,7.769310000000001
2016,03,2,3,7.49938
2016,03,2,4,8.14809
2016,03,2,5,9.58448
2016,03,2,6,9.471440000000001
2016,03,2,7,7.89619
2016,03,3,0,7.11197
2016,03,3,1,7.73694
2016,03,3,2,8.500950000000001
2016,03,3,3,9.08737
2016,03,3,4,8.18883
2016,03,3,5,6.46429
2016,03,3,6,4.70572
2016,03,3,7,4.398770000000001
2016,03,4,0,6.63126
2016,03,4,1,10.4225
2016,03,4,2,11.1228
2016,03,4,3,9.11245
2016,03,4,4,10.2104
2016,03,4,5,9.81818
2016,03,4,6,8.38923
2016,03,4,7,3.71083
2016,03,5,0,3.5493
2016,03,5,1,4.4762200000000005
2016,03,5,2,4.89555
2016,03,5,3,3.64928
2016,03,5,4,2.8396999999999997
2016,03,5,5,2.73521
2016,03,5,6,2.4400399999999998
2016,03,5,7,2.55934
2016,03,6,0,3.61825
2016,03,6,1,4.24845
2016,03,6,2,4.45777
2016,03,6,3,5.23285
2016,03,6,4,6.2364
2016,03,6,5,6.46019
2016,03,6,6,6.5374799999999995
2016,03,6,7,7.92337
2016,03,7,0,8.86567
2016,03,7,1,9.19309
2016,03,7,2,10.2725
2016,03,7,3,14.572700000000001
2016,03,7,4,12.2347
2016,03,7,5,11.3294
2016,03,7,6,10.322
2016,03,7,7,10.248700000000001
2016,03,8,0,10.3561
2016,03,8,1,13.3489
2016,03,8,2,7.901470000000001
2016,03,8,3,2.4039800000000002
2016,03,8,4,2.13277
2016,03,8,5,5.14819
2016,03,8,6,6.5527299999999995
2016,03,8,7,6.32576
2016,03,9,0,5.56532
2016,03,9,1,4.25573
2016,03,9,2,3.3875900000000003
2016,03,9,3,3.44935
2016,03,9,4,3.53853
2016,03,9,5,3.32586
2016,03,9,6,3.62929
2016,03,9,7,4.1696800000000005
2016,03,10,0,4.03529
2016,03,10,1,3.6616
2016,03,10,2,3.34682
2016,03,10,3,2.49395
2016,03,10,4,2.0065999999999997
2016,03,10,5,2.54079
2016,03,10,6,3.25221
2016,03,10,7,3.7763400000000003
2016,03,11,0,4.40416
2016,03,11,1,4.64925
2016,03,11,2,4.51683
2016,03,11,3,4.43083
2016,03,11,4,4.15966
2016,03,11,5,2.9403699999999997
2016,03,11,6,2.15519
2016,03,11,7,2.63239
2016,03,12,0,3.01009
2016,03,12,1,2.81677
2016,03,12,2,2.26252
2016,03,12,3,2.1593
2016,03,12,4,2.2018299999999997
2016,03,12,5,2.2168699999999997
2016,03,12,6,2.12114
2016,03,12,7,2.70654
2016,03,13,0,2.7583800000000003
2016,03,13,1,2.77873
2016,03,13,2,2.6412
2016,03,13,3,2.5125900000000003
2016,03,13,4,2.78621
2016,03,13,5,2.98584
2016,03,13,6,3.20221
2016,03,13,7,3.68374
2016,03,14,0,3.69388
2016,03,14,1,3.59124
2016,03,14,2,3.53408
2016,03,14,3,3.54439
2016,03,14,4,3.72965
2016,03,14,5,3.9404
2016,03,14,6,3.82715
2016,03,14,7,3.96473
2016,03,15,0,3.79173
2016,03,15,1,3.5450100000000004
2016,03,15,2,3.6152699999999998
2016,03,15,3,3.66391
2016,03,15,4,3.59087
2016,03,15,5,3.40482
2016,03,15,6,3.25523
2016,03,15,7,3.46321
2016,03,16,0,3.55606
2016,03,16,1,3.33162
2016,03,16,2,3.35179
2016,03,16,3,3.38113
2016,03,16,4,3.35048
2016,03,16,5,3.56433
2016,03,16,6,4.17231
2016,03,16,7,4.867979999999999
2016,03,17,0,8.21547
2016,03,17,1,9.22376
2016,03,17,2,8.77441
2016,03,17,3,5.46232
2016,03,17,4,4.49292
2016,03,17,5,4.19521
2016,03,17,6,5.28235
2016,03,17,7,7.29686
2016,03,18,0,10.5116
2016,03,18,1,10.7294
2016,03,18,2,9.94174
2016,03,18,3,10.4772
2016,03,18,4,10.5575
2016,03,18,5,5.58427
2016,03,18,6,4.63887
2016,03,18,7,6.3036
2016,03,19,0,7.50048
2016,03,19,1,7.75566
2016,03,19,2,8.26528
2016,03,19,3,7.6319300000000005
2016,03,19,4,8.26288
2016,03,19,5,9.64782
2016,03,19,6,8.95226
2016,03,19,7,9.30687
2016,03,20,0,10.1506
2016,03,20,1,10.1968
2016,03,20,2,11.5286
2016,03,20,3,11.8277
2016,03,20,4,10.7769
2016,03,20,5,10.9246
2016,03,20,6,10.815700000000001
2016,03,20,7,9.21827
2016,03,21,0,5.79728
2016,03,21,1,4.39602
2016,03,21,2,3.95554
2016,03,21,3,4.56643
2016,03,21,4,5.62841
2016,03,21,5,7.32041
2016,03,21,6,9.54716
2016,03,21,7,10.908299999999999
2016,03,22,0,10.7448
2016,03,22,1,10.1971
2016,03,22,2,9.93738
2016,03,22,3,8.06745
2016,03,22,4,5.40721
2016,03,22,5,3.42896
2016,03,22,6,2.6553299999999997
2016,03,22,7,2.7054699999999996
2016,03,23,0,2.44469
2016,03,23,1,1.61064
2016,03,23,2,1.8684100000000001
2016,03,23,3,2.68758
2016,03,23,4,3.32044
2016,03,23,5,3.39525
2016,03,23,6,3.10894
2016,03,23,7,3.02204
2016,03,24,0,3.00937
2016,03,24,1,2.36908
2016,03,24,2,1.68376
2016,03,24,3,1.58462
2016,03,24,4,2.104
2016,03,24,5,3.0324400000000002
2016,03,24,6,4.334
2016,03,24,7,6.50929
2016,03,25,0,8.81392
2016,03,25,1,9.0068
2016,03,25,2,8.295549999999999
2016,03,25,3,7.731949999999999
2016,03,25,4,6.289680000000001
2016,03,25,5,5.11195
2016,03,25,6,6.5846599999999995
2016,03,25,7,7.388199999999999
2016,03,26,0,5.53008
2016,03,26,1,5.3978
2016,03,26,2,5.42991
2016,03,26,3,6.0792
2016,03,26,4,6.582050000000001
2016,03,26,5,5.8121599999999995
2016,03,26,6,5.77301
2016,03,26,7,7.173220000000001
2016,03,27,0,7.98092
2016,03,27,1,9.01339
2016,03,27,2,8.73977
2016,03,27,3,7.56495
2016,03,27,4,7.07301
2016,03,27,5,7.21938
2016,03,27,6,6.661560000000001
2016,03,27,7,6.4153199999999995
2016,03,28,0,8.00564
2016,03,28,1,8.41843
2016,03,28,2,8.50522
2016,03,28,3,8.06609
2016,03,28,4,6.27917
2016,03,28,5,4.73478
2016,03,28,6,4.97527
2016,03,28,7,5.0126599999999994
2016,03,29,0,5.036020000000001
2016,03,29,1,4.82118
2016,03,29,2,5.6164
2016,03,29,3,5.48232
2016,03,29,4,4.99817
2016,03,29,5,5.70782
2016,03,29,6,6.5985
2016,03,29,7,6.03058
2016,03,30,0,5.29288
2016,03,30,1,4.94847
2016,03,30,2,4.80066
2016,03,30,3,4.621899999999999
2016,03,30,4,4.61108
2016,03,30,5,4.44329
2016,03,30,6,3.94875
2016,03,30,7,3.5641
2016,03,31,0,3.63527
2016,03,31,1,3.7257399999999996
2016,03,31,2,3.58963
2016,03,31,3,3.92838
2016,03,31,4,4.58692
2016,03,31,5,5.0178400000000005
2016,03,31,6,5.34986
2016,03,31,7,6.77083
2016,03,1,0,7.34711
2016,03,1,1,7.79546
2016,03,1,2,8.717559999999999
2016,03,1,3,9.14749
2016,03,1,4,8.267059999999999
2016,03,1,5,7.65418
2016,03,1,6,7.62378
2016,03,1,7,8.29208
2016,03,2,0,8.18416
2016,03,2,1,7.3511999999999995
2016,03,2,2,8.16014
2016,03,2,3,8.840459999999998
2016,03,2,4,8.833950000000002
2016,03,2,5,9.00165
2016,03,2,6,9.56632
2016,03,2,7,9.134319999999999
2016,03,3,0,8.1218
2016,03,3,1,6.70771
2016,03,3,2,5.1714899999999995
2016,03,3,3,4.25188
2016,03,3,4,4.3581199999999995
2016,03,3,5,4.2649
2016,03,3,6,5.07879
2016,03,3,7,7.11984
2016,03,4,0,5.25265
2016,03,4,1,3.23488
2016,03,4,2,3.9135999999999997
2016,03,4,3,2.2938899999999998
2016,03,4,4,2.20715
2016,03,4,5,2.85637
2016,03,4,6,3.13478
2016,03,4,7,2.8727199999999997
2016,03,5,0,3.5604400000000003
2016,03,5,1,3.52667
2016,03,5,2,3.85934
2016,03,5,3,4.15386
2016,03,5,4,4.533270000000001
2016,03,5,5,4.73771
2016,03,5,6,5.20674
2016,03,5,7,7.28316
2016,03,6,0,8.73276
2016,03,6,1,9.725760000000001
2016,03,6,2,8.39254
2016,03,6,3,8.06539
2016,03,6,4,10.3144
2016,03,6,5,13.0381
2016,03,6,6,10.684700000000001
2016,03,6,7,10.093399999999999
2016,03,7,0,10.0916
2016,03,7,1,4.71132
2016,03,7,2,2.5671500000000003
2016,03,7,3,2.3191100000000002
2016,03,7,4,2.99961
2016,03,7,5,3.7792600000000003
2016,03,7,6,3.23402
2016,03,7,7,3.69301
2016,03,8,0,4.62516
2016,03,8,1,5.40015
2016,03,8,2,7.324
2016,03,8,3,7.94037
2016,03,8,4,9.601280000000001
2016,03,8,5,10.489799999999999
2016,03,8,6,10.6516
2016,03,8,7,9.8018
2016,03,9,0,10.4735
2016,03,9,1,9.969700000000001
2016,03,9,2,10.697700000000001
2016,03,9,3,10.7606
2016,03,9,4,10.759799999999998
2016,03,9,5,10.1826
2016,03,9,6,9.90018
2016,03,9,7,10.117299999999998
2016,03,10,0,9.91585
2016,03,10,1,8.281799999999999
2016,03,10,2,6.14247
2016,03,10,3,4.22828
2016,03,10,4,3.2075
2016,03,10,5,2.66924
2016,03,10,6,2.8011500000000003
2016,03,10,7,3.07043
2016,03,11,0,3.61719
2016,03,11,1,5.69758
2016,03,11,2,7.92079
2016,03,11,3,8.483600000000001
2016,03,11,4,8.62104
2016,03,11,5,8.87983
2016,03,11,6,8.17653
2016,03,11,7,6.01087
2016,03,12,0,6.56592
2016,03,12,1,8.06765
2016,03,12,2,8.38302
2016,03,12,3,8.62596
2016,03,12,4,8.263950000000001
2016,03,12,5,7.90172
2016,03,12,6,6.69059
2016,03,12,7,7.03075
2016,03,13,0,8.10027
2016,03,13,1,7.5327
2016,03,13,2,6.696479999999999
2016,03,13,3,4.93361
2016,03,13,4,3.87166
2016,03,13,5,3.3648000000000002
2016,03,13,6,3.73623
2016,03,13,7,5.00948
2016,03,14,0,5.589300000000001
2016,03,14,1,4.9585
2016,03,14,2,5.20371
2016,03,14,3,6.75104
2016,03,14,4,7.46475
2016,03,14,5,7.02569
2016,03,14,6,6.966489999999999
2016,03,14,7,7.33089
2016,03,15,0,8.23445
2016,03,15,1,8.42321
2016,03,15,2,8.43541
2016,03,15,3,9.165389999999999
2016,03,15,4,10.0492
2016,03,15,5,9.91406
2016,03,15,6,9.37739
2016,03,15,7,7.81748
2016,03,16,0,6.35957
2016,03,16,1,7.198600000000001
2016,03,16,2,9.55464
2016,03,16,3,8.943280000000001
2016,03,16,4,5.30162
2016,03,16,5,7.06821
2016,03,16,6,7.647279999999999
2016,03,16,7,7.09725
2016,03,17,0,7.77477
2016,03,17,1,8.11081
2016,03,17,2,7.72616
2016,03,17,3,6.18073
2016,03,17,4,3.97025
2016,03,17,5,3.14864
2016,03,17,6,4.88859
2016,03,17,7,8.12324
2016,03,18,0,9.0137
2016,03,18,1,9.117450000000002
2016,03,18,2,9.68776
2016,03,18,3,9.416780000000001
2016,03,18,4,9.176290000000002
2016,03,18,5,9.103069999999999
2016,03,18,6,8.33984
2016,03,18,7,7.038609999999999
2016,03,19,0,6.64425
2016,03,19,1,7.2629399999999995
2016,03,19,2,4.76907
2016,03,19,3,3.59775
2016,03,19,4,2.21191
2016,03,19,5,3.89148
2016,03,19,6,4.93341
2016,03,19,7,6.89881
2016,03,20,0,6.22254
2016,03,20,1,5.58537
2016,03,20,2,5.38237
2016,03,20,3,5.2692
2016,03,20,4,5.54474
2016,03,20,5,5.90215
2016,03,20,6,5.98574
2016,03,20,7,6.40878
2016,03,21,0,6.31864
2016,03,21,1,6.52355
2016,03,21,2,5.68431
2016,03,21,3,5.2727200000000005
2016,03,21,4,5.67018
2016,03,21,5,6.083
2016,03,21,6,6.00281
2016,03,21,7,7.193350000000001
2016,03,22,0,8.660969999999999
2016,03,22,1,10.0601
2016,03,22,2,10.540700000000001
2016,03,22,3,10.6764
2016,03,22,4,9.89021
2016,03,22,5,8.15829
2016,03,22,6,6.97683
2016,03,22,7,8.0076
2016,03,23,0,8.62777
2016,03,23,1,9.78023
2016,03,23,2,11.0205
2016,03,23,3,11.0413
2016,03,23,4,9.83789
2016,03,23,5,9.017479999999999
2016,03,23,6,8.0105
2016,03,23,7,7.80276
2016,03,24,0,7.88333
2016,03,24,1,8.540049999999999
2016,03,24,2,9.222760000000001
2016,03,24,3,9.96279
2016,03,24,4,10.3529
2016,03,24,5,9.89334
2016,03,24,6,10.161200000000001
2016,03,24,7,9.602459999999999
2016,03,25,0,9.20185
2016,03,25,1,8.62192
2016,03,25,2,7.87992
2016,03,25,3,7.08482
2016,03,25,4,6.22012
2016,03,25,5,6.31167
2016,03,25,6,6.704770000000001
2016,03,25,7,7.4787799999999995
2016,03,26,0,8.95425
2016,03,26,1,9.69474
2016,03,26,2,9.933860000000001
2016,03,26,3,10.0673
2016,03,26,4,9.278120000000001
2016,03,26,5,9.300450000000001
2016,03,26,6,8.72067
2016,03,26,7,7.462479999999999
2016,03,27,0,6.77301
2016,03,27,1,6.16614
2016,03,27,2,7.33615
2016,03,27,3,8.477450000000001
2016,03,27,4,8.04503
2016,03,27,5,8.01651
2016,03,27,6,7.72673
2016,03,27,7,7.70622
2016,03,28,0,8.18067
2016,03,28,1,8.06348
2016,03,28,2,7.82173
2016,03,28,3,7.32025
2016,03,28,4,7.07996
2016,03,28,5,6.62367
2016,03,28,6,6.36046
2016,03,28,7,7.3026800000000005
2016,03,29,0,8.52474
2016,03,29,1,9.18648
2016,03,29,2,9.2044
2016,03,29,3,9.05492
2016,03,29,4,8.4353
2016,03,29,5,7.20195
2016,03,29,6,7.84357
2016,03,29,7,10.0524
2016,03,30,0,10.8273
2016,03,30,1,10.6716
2016,03,30,2,10.005
2016,03,30,3,10.5321
2016,03,30,4,11.8014
2016,03,30,5,12.389299999999999
2016,03,30,6,13.0613
2016,03,30,7,11.7702
2016,03,1,0,9.475530000000001
2016,03,1,1,8.06714
2016,03,1,2,9.4564
2016,03,1,3,9.7531
2016,03,1,4,7.94741
2016,03,1,5,6.08866
2016,03,1,6,7.13963
2016,03,1,7,11.9614
2016,03,2,0,14.1054
2016,03,2,1,13.828100000000001
2016,03,2,2,10.4915
2016,03,2,3,7.55507
2016,03,2,4,6.3028900000000005
2016,03,2,5,5.95737
2016,03,2,6,6.7150799999999995
2016,03,2,7,9.102540000000001
2016,03,3,0,9.26299
2016,03,3,1,7.47193
2016,03,3,2,7.18544
2016,03,3,3,8.04333
2016,03,3,4,10.612200000000001
2016,03,3,5,12.3665
2016,03,3,6,11.040899999999999
2016,03,3,7,6.34602
2016,03,4,0,5.4979
2016,03,4,1,5.1864799999999995
2016,03,4,2,3.16933
2016,03,4,3,2.76446
2016,03,4,4,3.70012
2016,03,4,5,5.251189999999999
2016,03,4,6,5.782430000000001
2016,03,4,7,4.57805
2016,03,5,0,4.365600000000001
2016,03,5,1,4.9046
2016,03,5,2,5.28715
2016,03,5,3,5.34771
2016,03,5,4,5.45528
2016,03,5,5,6.06487
2016,03,5,6,6.9354700000000005
2016,03,5,7,6.6544799999999995
2016,03,6,0,5.89672
2016,03,6,1,6.16201
2016,03,6,2,7.52937
2016,03,6,3,8.73701
2016,03,6,4,8.84427
2016,03,6,5,8.31066
2016,03,6,6,7.35912
2016,03,6,7,8.25109
2016,03,7,0,9.7234
2016,03,7,1,10.7332
2016,03,7,2,10.8922
2016,03,7,3,10.4065
2016,03,7,4,9.86891
2016,03,7,5,9.192540000000001
2016,03,7,6,9.35011
2016,03,7,7,9.76753
2016,03,8,0,10.714799999999999
2016,03,8,1,11.1029
2016,03,8,2,10.8425
2016,03,8,3,10.4964
2016,03,8,4,10.723700000000001
2016,03,8,5,11.0259
2016,03,8,6,10.7515
2016,03,8,7,11.1242
2016,03,9,0,11.2203
2016,03,9,1,10.491200000000001
2016,03,9,2,9.21468
2016,03,9,3,8.45775
2016,03,9,4,9.31427
2016,03,9,5,10.3865
2016,03,9,6,11.446200000000001
2016,03,9,7,12.0655
2016,03,10,0,12.039299999999999
2016,03,10,1,11.946299999999999
2016,03,10,2,11.96
2016,03,10,3,12.0019
2016,03,10,4,12.0921
2016,03,10,5,12.1437
2016,03,10,6,11.8539
2016,03,10,7,11.7512
2016,03,11,0,11.8427
2016,03,11,1,11.8004
2016,03,11,2,11.332
2016,03,11,3,10.6082
2016,03,11,4,9.63175
2016,03,11,5,9.35215
2016,03,11,6,8.96083
2016,03,11,7,9.835840000000001
2016,03,12,0,11.354
2016,03,12,1,12.1842
2016,03,12,2,12.132299999999999
2016,03,12,3,12.5488
2016,03,12,4,13.0351
2016,03,12,5,12.200700000000001
2016,03,12,6,10.1679
2016,03,12,7,10.165
2016,03,13,0,9.29034
2016,03,13,1,9.088280000000001
2016,03,13,2,8.90934
2016,03,13,3,8.12741
2016,03,13,4,6.7609200000000005
2016,03,13,5,5.9302600000000005
2016,03,13,6,5.88096
2016,03,13,7,7.89744
2016,03,14,0,8.524469999999999
2016,03,14,1,8.39718
2016,03,14,2,8.643270000000001
2016,03,14,3,8.56231
2016,03,14,4,7.80315
2016,03,14,5,6.88092
2016,03,14,6,6.75124
2016,03,14,7,7.18604
2016,03,15,0,7.55765
2016,03,15,1,7.16949
2016,03,15,2,6.69546
2016,03,15,3,6.1057
2016,03,15,4,5.85559
2016,03,15,5,5.716810000000001
2016,03,15,6,6.318029999999999
2016,03,15,7,7.038939999999999
2016,03,16,0,7.130520000000001
2016,03,16,1,7.0077
2016,03,16,2,7.74533
2016,03,16,3,8.36523
2016,03,16,4,9.335139999999999
2016,03,16,5,10.562299999999999
2016,03,16,6,11.5385
2016,03,16,7,12.309
2016,03,17,0,11.209700000000002
2016,03,17,1,12.6311
2016,03,17,2,13.367
2016,03,17,3,13.6912
2016,03,17,4,13.2799
2016,03,17,5,10.3769
2016,03,17,6,9.255700000000001
2016,03,17,7,8.747530000000001
2016,03,18,0,8.28647
2016,03,18,1,7.11617
2016,03,18,2,6.53462
2016,03,18,3,5.885680000000001
2016,03,18,4,4.9196599999999995
2016,03,18,5,4.2734
2016,03,18,6,4.37636
2016,03,18,7,4.941229999999999
2016,03,19,0,5.2184099999999995
2016,03,19,1,5.22885
2016,03,19,2,6.17971
2016,03,19,3,8.078529999999999
2016,03,19,4,9.822
2016,03,19,5,11.191
2016,03,19,6,12.5647
2016,03,19,7,15.1093
2016,03,20,0,15.8538
2016,03,20,1,15.8271
2016,03,20,2,16.2927
2016,03,20,3,15.5427
2016,03,20,4,14.431799999999999
2016,03,20,5,14.4067
2016,03,20,6,14.2844
2016,03,20,7,13.8455
2016,03,21,0,13.253200000000001
2016,03,21,1,12.8704
2016,03,21,2,13.0079
2016,03,21,3,11.6934
2016,03,21,4,11.2452
2016,03,21,5,10.3596
2016,03,21,6,9.62536
2016,03,21,7,11.8224
2016,03,22,0,11.1295
2016,03,22,1,7.22484
2016,03,22,2,5.8405
2016,03,22,3,9.30686
2016,03,22,4,11.1604
2016,03,22,5,9.31583
2016,03,22,6,9.36831
2016,03,22,7,10.4781
2016,03,23,0,12.078700000000001
2016,03,23,1,11.8689
2016,03,23,2,11.2195
2016,03,23,3,10.6157
2016,03,23,4,10.2458
2016,03,23,5,10.3116
2016,03,23,6,10.321200000000001
2016,03,23,7,10.040899999999999
2016,03,24,0,9.742
2016,03,24,1,10.364600000000001
2016,03,24,2,11.315299999999999
2016,03,24,3,8.467889999999999
2016,03,24,4,7.665760000000001
2016,03,24,5,5.23024
2016,03,24,6,5.99458
2016,03,24,7,8.19377
2016,03,25,0,7.5216400000000005
2016,03,25,1,6.78026
2016,03,25,2,5.29376
2016,03,25,3,5.2013
2016,03,25,4,6.38096
2016,03,25,5,6.90967
2016,03,25,6,6.738689999999999
2016,03,25,7,6.9902
2016,03,26,0,7.40611
2016,03,26,1,7.39582
2016,03,26,2,7.273359999999999
2016,03,26,3,6.65091
2016,03,26,4,6.21185
2016,03,26,5,5.65445
2016,03,26,6,4.87797
2016,03,26,7,5.51704
2016,03,27,0,8.08575
2016,03,27,1,10.728399999999999
2016,03,27,2,12.7615
2016,03,27,3,12.6934
2016,03,27,4,12.2313
2016,03,27,5,10.9681
2016,03,27,6,10.6809
2016,03,27,7,11.030299999999999
2016,03,28,0,11.264299999999999
2016,03,28,1,12.4551
2016,03,28,2,12.2271
2016,03,28,3,11.9425
2016,03,28,4,11.1684
2016,03,28,5,10.8784
2016,03,28,6,12.4939
2016,03,28,7,12.1455
2016,03,29,0,11.135299999999999
2016,03,29,1,11.4655
2016,03,29,2,10.6184
2016,03,29,3,9.10774
2016,03,29,4,9.204360000000001
2016,03,29,5,7.799600000000001
2016,03,29,6,5.9149899999999995
2016,03,29,7,6.91845
2016,03,30,0,7.58674
2016,03,30,1,8.6531
2016,03,30,2,8.188939999999999
2016,03,30,3,6.40766
2016,03,30,4,7.104220000000001
2016,03,30,5,7.74728
2016,03,30,6,8.65745
2016,03,30,7,8.35302
2016,03,31,0,9.087
2016,03,31,1,9.16691
2016,03,31,2,9.739270000000001
2016,03,31,3,9.408290000000001
2016,03,31,4,9.17273
2016,03,31,5,9.327860000000001
2016,03,31,6,8.54683
2016,03,31,7,9.56196
2016,03,1,0,10.0428
2016,03,1,1,10.276200000000001
2016,03,1,2,10.0804
2016,03,1,3,9.84357
2016,03,1,4,10.2173
2016,03,1,5,8.924299999999999
2016,03,1,6,9.21359
2016,03,1,7,10.809700000000001
2016,03,2,0,11.8206
2016,03,2,1,11.608600000000001
2016,03,2,2,10.4031
2016,03,2,3,10.049700000000001
2016,03,2,4,10.774
2016,03,2,5,11.5717
2016,03,2,6,12.195
2016,03,2,7,13.7294
2016,03,3,0,14.1273
2016,03,3,1,13.2576
2016,03,3,2,11.5903
2016,03,3,3,9.83939
2016,03,3,4,8.97123
2016,03,3,5,8.80867
2016,03,3,6,8.479149999999999
2016,03,3,7,8.33926
2016,03,4,0,8.94247
2016,03,4,1,9.65841
2016,03,4,2,9.48465
2016,03,4,3,9.03842
2016,03,4,4,9.141350000000001
2016,03,4,5,9.71687
2016,03,4,6,9.70054
2016,03,4,7,10.6121
2016,03,5,0,9.9279
2016,03,5,1,8.721770000000001
2016,03,5,2,8.547469999999999
2016,03,5,3,8.427299999999999
2016,03,5,4,8.6269
2016,03,5,5,9.214139999999999
2016,03,5,6,9.905809999999999
2016,03,5,7,11.6603
2016,03,6,0,11.4412
2016,03,6,1,11.217799999999999
2016,03,6,2,11.5183
2016,03,6,3,12.523
2016,03,6,4,14.0867
2016,03,6,5,14.9426
2016,03,6,6,15.5215
2016,03,6,7,13.8865
2016,03,7,0,12.744399999999999
2016,03,7,1,12.301
2016,03,7,2,11.8033
2016,03,7,3,11.5725
2016,03,7,4,13.1346
2016,03,7,5,15.193100000000001
2016,03,7,6,16.2244
2016,03,7,7,15.974200000000002
2016,03,8,0,15.5556
2016,03,8,1,14.6631
2016,03,8,2,13.588299999999998
2016,03,8,3,13.1485
2016,03,8,4,13.1439
2016,03,8,5,12.8231
2016,03,8,6,12.497
2016,03,8,7,12.1164
2016,03,9,0,12.0555
2016,03,9,1,11.6825
2016,03,9,2,11.0544
2016,03,9,3,10.336200000000002
2016,03,9,4,10.502
2016,03,9,5,10.9764
2016,03,9,6,11.467600000000001
2016,03,9,7,11.7715
2016,03,10,0,12.477
2016,03,10,1,14.289
2016,03,10,2,14.6795
2016,03,10,3,13.635299999999999
2016,03,10,4,14.2681
2016,03,10,5,13.8177
2016,03,10,6,12.7261
2016,03,10,7,10.786200000000001
2016,03,11,0,8.18686
2016,03,11,1,10.4248
2016,03,11,2,11.8994
2016,03,11,3,12.835899999999999
2016,03,11,4,12.1195
2016,03,11,5,12.029399999999999
2016,03,11,6,11.093200000000001
2016,03,11,7,11.102
2016,03,12,0,11.6112
2016,03,12,1,11.4483
2016,03,12,2,10.2971
2016,03,12,3,9.85603
2016,03,12,4,9.476
2016,03,12,5,8.93744
2016,03,12,6,9.88572
2016,03,12,7,11.647200000000002
2016,03,13,0,12.6867
2016,03,13,1,12.5999
2016,03,13,2,13.3285
2016,03,13,3,14.8811
2016,03,13,4,16.0643
2016,03,13,5,13.2301
2016,03,13,6,11.460700000000001
2016,03,13,7,11.219
2016,03,14,0,11.6842
2016,03,14,1,12.0453
2016,03,14,2,11.794
2016,03,14,3,12.646
2016,03,14,4,14.0405
2016,03,14,5,14.547600000000001
2016,03,14,6,13.9255
2016,03,14,7,14.037
2016,03,15,0,13.0287
2016,03,15,1,11.816799999999999
2016,03,15,2,11.1561
2016,03,15,3,12.0736
2016,03,15,4,12.6471
2016,03,15,5,11.5
2016,03,15,6,11.7119
2016,03,15,7,11.0788
2016,03,16,0,11.7036
2016,03,16,1,13.5707
2016,03,16,2,15.4873
2016,03,16,3,13.0576
2016,03,16,4,11.0991
2016,03,16,5,4.28874
2016,03,16,6,2.63852
2016,03,16,7,4.63921
2016,03,17,0,5.73381
2016,03,17,1,5.7141
2016,03,17,2,6.226979999999999
2016,03,17,3,6.04904
2016,03,17,4,6.21638
2016,03,17,5,6.1107
2016,03,17,6,6.09197
2016,03,17,7,7.37805
2016,03,18,0,8.31276
2016,03,18,1,8.39731
2016,03,18,2,7.39285
2016,03,18,3,7.51128
2016,03,18,4,8.30125
2016,03,18,5,8.02876
2016,03,18,6,6.53054
2016,03,18,7,6.57875
2016,03,19,0,6.46787
2016,03,19,1,6.13167
2016,03,19,2,5.47591
2016,03,19,3,6.711390000000001
2016,03,19,4,9.99582
2016,03,19,5,11.753
2016,03,19,6,10.721200000000001
2016,03,19,7,9.240440000000001
2016,03,20,0,9.08643
2016,03,20,1,9.696110000000001
2016,03,20,2,11.9856
2016,03,20,3,12.9305
2016,03,20,4,12.295200000000001
2016,03,20,5,12.4787
2016,03,20,6,12.3092
2016,03,20,7,11.828299999999999
2016,03,21,0,12.288200000000002
2016,03,21,1,12.770299999999999
2016,03,21,2,13.3031
2016,03,21,3,13.075299999999999
2016,03,21,4,12.8029
2016,03,21,5,12.982899999999999
2016,03,21,6,13.0533
2016,03,21,7,13.2211
2016,03,22,0,12.317200000000001
2016,03,22,1,11.37
2016,03,22,2,10.8538
2016,03,22,3,11.503200000000001
2016,03,22,4,11.7213
2016,03,22,5,11.4941
2016,03,22,6,10.0368
2016,03,22,7,7.95986
2016,03,23,0,7.55528
2016,03,23,1,7.168399999999999
2016,03,23,2,7.29718
2016,03,23,3,7.45804
2016,03,23,4,6.93438
2016,03,23,5,6.31442
2016,03,23,6,5.94945
2016,03,23,7,5.95846
2016,03,24,0,5.59671
2016,03,24,1,6.29866
2016,03,24,2,6.83896
2016,03,24,3,7.713229999999999
2016,03,24,4,9.86311
2016,03,24,5,9.71148
2016,03,24,6,11.1531
2016,03,24,7,9.40011
2016,03,25,0,7.902729999999999
2016,03,25,1,7.4396700000000004
2016,03,25,2,7.95653
2016,03,25,3,7.7781199999999995
2016,03,25,4,7.72563
2016,03,25,5,7.330439999999999
2016,03,25,6,6.7386099999999995
2016,03,25,7,6.75917
2016,03,26,0,6.84316
2016,03,26,1,8.48943
2016,03,26,2,9.404729999999999
2016,03,26,3,10.328299999999999
2016,03,26,4,11.3117
2016,03,26,5,13.3685
2016,03,26,6,15.320799999999998
2016,03,26,7,15.9765
2016,03,27,0,15.7364
2016,03,27,1,13.871799999999999
2016,03,27,2,13.463899999999999
2016,03,27,3,15.0557
2016,03,27,4,14.6289
2016,03,27,5,12.9223
2016,03,27,6,9.75347
2016,03,27,7,9.81183
2016,03,28,0,10.6373
2016,03,28,1,10.2723
2016,03,28,2,9.39241
2016,03,28,3,7.61031
2016,03,28,4,4.1295
2016,03,28,5,3.90331
2016,03,28,6,4.20976
2016,03,28,7,4.157760000000001
2016,03,29,0,4.15385
2016,03,29,1,4.3775900000000005
2016,03,29,2,5.24198
2016,03,29,3,9.74202
2016,03,29,4,10.554799999999998
2016,03,29,5,9.87711
2016,03,29,6,9.54913
2016,03,29,7,10.086
2016,03,30,0,10.3512
2016,03,30,1,10.2661
2016,03,30,2,11.454
2016,03,30,3,12.143
2016,03,30,4,11.6968
2016,03,30,5,11.281600000000001
2016,03,30,6,11.0354
2016,03,30,7,10.0401
2016,03,31,0,9.53918
2016,03,31,1,7.253310000000001
2016,03,31,2,7.21088
2016,03,31,3,9.40062
2016,03,31,4,11.2932
2016,03,31,5,12.284
2016,03,31,6,12.282
2016,03,31,7,11.2004
2016,03,1,0,10.0431
2016,03,1,1,11.3918
2016,03,1,2,13.0197
2016,03,1,3,13.2226
2016,03,1,4,11.1074
2016,03,1,5,12.3408
2016,03,1,6,13.6909
2016,03,1,7,8.690700000000001
2016,03,2,0,6.3778500000000005
2016,03,2,1,6.0294799999999995
2016,03,2,2,4.91584
2016,03,2,3,4.79467
2016,03,2,4,4.85783
2016,03,2,5,4.480569999999999
2016,03,2,6,4.08367
2016,03,2,7,5.02437
2016,03,3,0,5.83686
2016,03,3,1,5.55724
2016,03,3,2,5.791720000000001
2016,03,3,3,6.35242
2016,03,3,4,6.230569999999999
2016,03,3,5,6.98209
2016,03,3,6,7.7236199999999995
2016,03,3,7,7.9418
2016,03,4,0,7.94913
2016,03,4,1,7.82183
2016,03,4,2,5.5606
2016,03,4,3,4.13117
2016,03,4,4,3.89897
2016,03,4,5,4.07083
2016,03,4,6,4.12423
2016,03,4,7,4.10083
2016,03,5,0,4.27855
2016,03,5,1,4.49535
2016,03,5,2,4.868939999999999
2016,03,5,3,5.30151
2016,03,5,4,5.7497799999999994
2016,03,5,5,6.0572799999999996
2016,03,5,6,6.1350299999999995
2016,03,5,7,6.10574
2016,03,6,0,6.17814
2016,03,6,1,6.24524
2016,03,6,2,6.23725
2016,03,6,3,6.22017
2016,03,6,4,6.12422
2016,03,6,5,6.118399999999999
2016,03,6,6,6.04331
2016,03,6,7,5.980449999999999
2016,03,7,0,5.46384
2016,03,7,1,5.01227
2016,03,7,2,5.221640000000001
2016,03,7,3,5.44709
2016,03,7,4,6.23938
2016,03,7,5,5.7414700000000005
2016,03,7,6,5.18541
2016,03,7,7,5.03499
2016,03,8,0,5.36898
2016,03,8,1,5.22765
2016,03,8,2,4.7922
2016,03,8,3,4.44865
2016,03,8,4,4.72474
2016,03,8,5,5.38096
2016,03,8,6,6.09948
2016,03,8,7,5.96577
2016,03,9,0,4.7885
2016,03,9,1,3.82334
2016,03,9,2,3.86648
2016,03,9,3,4.5503599999999995
2016,03,9,4,4.727270000000001
2016,03,9,5,4.759939999999999
2016,03,9,6,5.49958
2016,03,9,7,8.928540000000002
2016,03,10,0,11.5286
2016,03,10,1,11.821299999999999
2016,03,10,2,4.29743
2016,03,10,3,6.645449999999999
2016,03,10,4,3.09758
2016,03,10,5,2.34452
2016,03,10,6,3.58079
2016,03,10,7,4.19822
2016,03,11,0,4.6876999999999995
2016,03,11,1,5.10628
2016,03,11,2,5.84975
2016,03,11,3,6.424270000000001
2016,03,11,4,6.20331
2016,03,11,5,5.60696
2016,03,11,6,5.03706
2016,03,11,7,3.47844
2016,03,12,0,1.54534
2016,03,12,1,1.5247
2016,03,12,2,1.57679
2016,03,12,3,1.72433
2016,03,12,4,1.9118199999999999
2016,03,12,5,2.56572
2016,03,12,6,3.7849
2016,03,12,7,5.084359999999999
2016,03,13,0,7.22993
2016,03,13,1,8.373059999999999
2016,03,13,2,7.55845
2016,03,13,3,8.02007
2016,03,13,4,10.443700000000002
2016,03,13,5,6.599270000000001
2016,03,13,6,4.0364
2016,03,13,7,5.41002
2016,03,14,0,7.2350900000000005
2016,03,14,1,10.7478
2016,03,14,2,11.4279
2016,03,14,3,6.46871
2016,03,14,4,3.21029
2016,03,14,5,4.04636
2016,03,14,6,4.54556
2016,03,14,7,3.87251
2016,03,15,0,5.21267
2016,03,15,1,5.9818500000000006
2016,03,15,2,6.27933
2016,03,15,3,6.295979999999999
2016,03,15,4,6.3163599999999995
2016,03,15,5,7.19463
2016,03,15,6,9.13593
2016,03,15,7,11.6495
2016,03,16,0,12.838
2016,03,16,1,10.741200000000001
2016,03,16,2,11.114600000000001
2016,03,16,3,11.8538
2016,03,16,4,11.0138
2016,03,16,5,7.22724
2016,03,16,6,7.40288
2016,03,16,7,9.71107
2016,03,17,0,10.2765
2016,03,17,1,8.01519
2016,03,17,2,8.30152
2016,03,17,3,7.596979999999999
2016,03,17,4,6.189430000000001
2016,03,17,5,5.5657700000000006
2016,03,17,6,7.14415
2016,03,17,7,8.5486
2016,03,18,0,8.046140000000001
2016,03,18,1,8.03918
2016,03,18,2,7.99225
2016,03,18,3,7.8357399999999995
2016,03,18,4,6.3543
2016,03,18,5,5.8937
2016,03,18,6,5.56702
2016,03,18,7,6.16575
2016,03,19,0,6.4133000000000004
2016,03,19,1,6.64017
2016,03,19,2,5.64823
2016,03,19,3,5.136939999999999
2016,03,19,4,5.34358
2016,03,19,5,5.65878
2016,03,19,6,5.94436
2016,03,19,7,5.88458
2016,03,20,0,5.9037299999999995
2016,03,20,1,5.92563
2016,03,20,2,5.89276
2016,03,20,3,5.542020000000001
2016,03,20,4,5.1818800000000005
2016,03,20,5,5.16045
2016,03,20,6,5.10329
2016,03,20,7,5.2238299999999995
2016,03,21,0,5.006069999999999
2016,03,21,1,4.15338
2016,03,21,2,4.27394
2016,03,21,3,4.28128
2016,03,21,4,4.07404
2016,03,21,5,4.04009
2016,03,21,6,3.67041
2016,03,21,7,3.2563
2016,03,22,0,3.6473299999999997
2016,03,22,1,4.236
2016,03,22,2,4.9365
2016,03,22,3,4.80692
2016,03,22,4,3.962
2016,03,22,5,2.99126
2016,03,22,6,1.6228699999999998
2016,03,22,7,0.662224
2016,03,23,0,1.3147
2016,03,23,1,4.45688
2016,03,23,2,6.38422
2016,03,23,3,9.06302
2016,03,23,4,5.70541
2016,03,23,5,4.98147
2016,03,23,6,5.877149999999999
2016,03,23,7,5.78917
2016,03,24,0,5.98862
2016,03,24,1,7.97233
2016,03,24,2,3.13652
2016,03,24,3,3.64977
2016,03,24,4,4.682930000000001
2016,03,24,5,2.86336
2016,03,24,6,2.6996100000000003
2016,03,24,7,2.7235
2016,03,25,0,2.55944
2016,03,25,1,2.52056
2016,03,25,2,1.9618900000000001
2016,03,25,3,2.06459
2016,03,25,4,2.9018200000000003
2016,03,25,5,6.631399999999999
2016,03,25,6,9.96805
2016,03,25,7,8.96492
2016,03,26,0,9.34574
2016,03,26,1,10.9907
2016,03,26,2,8.79464
2016,03,26,3,4.99192
2016,03,26,4,3.90526
2016,03,26,5,8.71946
2016,03,26,6,9.727540000000001
2016,03,26,7,8.882700000000002
2016,03,27,0,12.6673
2016,03,27,1,13.152299999999999
2016,03,27,2,11.8117
2016,03,27,3,7.89043
2016,03,27,4,3.77588
2016,03,27,5,4.155819999999999
2016,03,27,6,2.23623
2016,03,27,7,2.67631
2016,03,28,0,3.44019
2016,03,28,1,3.2873200000000002
2016,03,28,2,3.24907
2016,03,28,3,3.45725
2016,03,28,4,3.56176
2016,03,28,5,3.79473
2016,03,28,6,3.60791
2016,03,28,7,2.96249
2016,03,29,0,2.64342
2016,03,29,1,2.4080500000000002
2016,03,29,2,2.37993
2016,03,29,3,1.85765
2016,03,29,4,1.38656
2016,03,29,5,1.1225699999999998
2016,03,29,6,1.2931400000000002
2016,03,29,7,1.9291099999999999
2016,03,30,0,3.2123600000000003
2016,03,30,1,3.81512
2016,03,30,2,3.85555
2016,03,30,3,4.10829
2016,03,30,4,4.54903
2016,03,30,5,5.16495
2016,03,30,6,5.94933
2016,03,30,7,6.48843
2016,03,1,0,7.12581
2016,03,1,1,7.46533
2016,03,1,2,7.35989
2016,03,1,3,6.86949
2016,03,1,4,6.95492
2016,03,1,5,8.73291
2016,03,1,6,9.04612
2016,03,1,7,9.32469
2016,03,2,0,7.99205
2016,03,2,1,5.6493400000000005
2016,03,2,2,4.21293
2016,03,2,3,3.75221
2016,03,2,4,3.44367
2016,03,2,5,4.38739
2016,03,2,6,4.74803
2016,03,2,7,4.40631
2016,03,3,0,4.03317
2016,03,3,1,2.80564
2016,03,3,2,3.55319
2016,03,3,3,4.631189999999999
2016,03,3,4,4.6126000000000005
2016,03,3,5,3.84701
2016,03,3,6,3.07107
2016,03,3,7,2.68785
2016,03,4,0,2.15031
2016,03,4,1,1.84616
2016,03,4,2,2.37507
2016,03,4,3,3.17327
2016,03,4,4,3.63081
2016,03,4,5,3.6749
2016,03,4,6,3.78041
2016,03,4,7,3.9925900000000003
2016,03,5,0,3.98468
2016,03,5,1,3.7582199999999997
2016,03,5,2,3.41404
2016,03,5,3,3.50527
2016,03,5,4,3.81063
2016,03,5,5,4.20863
2016,03,5,6,4.416060000000001
2016,03,5,7,4.55313
2016,03,6,0,4.71859
2016,03,6,1,5.56226
2016,03,6,2,4.85192
2016,03,6,3,4.68346
2016,03,6,4,4.303850000000001
2016,03,6,5,3.9187399999999997
2016,03,6,6,3.55634
2016,03,6,7,3.07579
2016,03,7,0,2.64108
2016,03,7,1,2.5079499999999997
2016,03,7,2,2.42947
2016,03,7,3,2.27729
2016,03,7,4,2.39125
2016,03,7,5,2.68955
2016,03,7,6,3.07739
2016,03,7,7,4.03058
2016,03,8,0,5.26925
2016,03,8,1,5.8221300000000005
2016,03,8,2,5.950939999999999
2016,03,8,3,5.98884
2016,03,8,4,5.8873999999999995
2016,03,8,5,5.49116
2016,03,8,6,3.44563
2016,03,8,7,2.49916
2016,03,9,0,2.92584
2016,03,9,1,3.5465500000000003
2016,03,9,2,3.53596
2016,03,9,3,3.64805
2016,03,9,4,3.50656
2016,03,9,5,3.16431
2016,03,9,6,2.80123
2016,03,9,7,2.89775
2016,03,10,0,3.21851
2016,03,10,1,3.2120100000000003
2016,03,10,2,3.11038
2016,03,10,3,3.0751999999999997
2016,03,10,4,2.87115
2016,03,10,5,2.56183
2016,03,10,6,2.2474000000000003
2016,03,10,7,1.97553
2016,03,11,0,1.92532
2016,03,11,1,1.89608
2016,03,11,2,1.6693699999999998
2016,03,11,3,1.66729
2016,03,11,4,1.48433
2016,03,11,5,1.89532
2016,03,11,6,2.39816
2016,03,11,7,2.7104899999999996
2016,03,12,0,2.9706
2016,03,12,1,2.69827
2016,03,12,2,2.98586
2016,03,12,3,3.4797800000000003
2016,03,12,4,3.81343
2016,03,12,5,4.24153
2016,03,12,6,4.39346
2016,03,12,7,4.08373
2016,03,13,0,3.86902
2016,03,13,1,3.76849
2016,03,13,2,3.40181
2016,03,13,3,3.4060300000000003
2016,03,13,4,3.14757
2016,03,13,5,3.9972399999999997
2016,03,13,6,5.91595
2016,03,13,7,6.71929
2016,03,14,0,6.47124
2016,03,14,1,5.89115
2016,03,14,2,5.44358
2016,03,14,3,4.56025
2016,03,14,4,4.35959
2016,03,14,5,5.61118
2016,03,14,6,5.74269
2016,03,14,7,5.40385
2016,03,15,0,5.245979999999999
2016,03,15,1,5.225
2016,03,15,2,5.38516
2016,03,15,3,5.3528400000000005
2016,03,15,4,5.400729999999999
2016,03,15,5,5.22141
2016,03,15,6,5.26936
2016,03,15,7,4.1391599999999995
2016,03,16,0,3.6082199999999998
2016,03,16,1,3.3594
2016,03,16,2,3.80977
2016,03,16,3,5.6551599999999995
2016,03,16,4,7.63208
2016,03,16,5,7.84183
2016,03,16,6,6.63507
2016,03,16,7,6.59764
2016,03,17,0,6.33647
2016,03,17,1,5.52032
2016,03,17,2,4.7333
2016,03,17,3,4.21612
2016,03,17,4,3.82513
2016,03,17,5,3.23525
2016,03,17,6,2.7637600000000004
2016,03,17,7,2.61378
2016,03,18,0,2.8173600000000003
2016,03,18,1,3.1677199999999996
2016,03,18,2,3.1073000000000004
2016,03,18,3,2.71937
2016,03,18,4,2.524
2016,03,18,5,2.4843
2016,03,18,6,2.36062
2016,03,18,7,2.4404
2016,03,19,0,2.71346
2016,03,19,1,2.91802
2016,03,19,2,2.96327
2016,03,19,3,2.87555
2016,03,19,4,2.69975
2016,03,19,5,2.9528600000000003
2016,03,19,6,2.9809
2016,03,19,7,1.70205
2016,03,20,0,2.48227
2016,03,20,1,3.6173800000000003
2016,03,20,2,5.62028
2016,03,20,3,6.532520000000001
2016,03,20,4,6.828069999999999
2016,03,20,5,6.0289399999999995
2016,03,20,6,5.6602
2016,03,20,7,6.45227
2016,03,21,0,5.86482
2016,03,21,1,5.29114
2016,03,21,2,4.77166
2016,03,21,3,4.99674
2016,03,21,4,4.50493
2016,03,21,5,4.19036
2016,03,21,6,2.9593000000000003
2016,03,21,7,2.38177
2016,03,22,0,2.1680900000000003
2016,03,22,1,2.3550500000000003
2016,03,22,2,4.93435
2016,03,22,3,4.5089
2016,03,22,4,4.8426
2016,03,22,5,4.14187
2016,03,22,6,4.4109
2016,03,22,7,4.605689999999999
2016,03,23,0,4.279529999999999
2016,03,23,1,3.46861
2016,03,23,2,2.5714699999999997
2016,03,23,3,1.93882
2016,03,23,4,2.19418
2016,03,23,5,2.65802
2016,03,23,6,3.5709299999999997
2016,03,23,7,4.45885
2016,03,24,0,5.06385
2016,03,24,1,5.27237
2016,03,24,2,4.57658
2016,03,24,3,4.08395
2016,03,24,4,4.49975
2016,03,24,5,5.1064099999999994
2016,03,24,6,5.365819999999999
2016,03,24,7,4.99766
2016,03,25,0,4.08301
2016,03,25,1,4.13545
2016,03,25,2,5.58335
2016,03,25,3,7.57577
2016,03,25,4,8.241850000000001
2016,03,25,5,7.8861300000000005
2016,03,25,6,7.96199
2016,03,25,7,8.50407
2016,03,26,0,8.00836
2016,03,26,1,7.24756
2016,03,26,2,6.0842
2016,03,26,3,4.97204
2016,03,26,4,4.626
2016,03,26,5,5.04007
2016,03,26,6,5.52396
2016,03,26,7,5.79856
2016,03,27,0,5.50624
2016,03,27,1,5.36245
2016,03,27,2,5.83159
2016,03,27,3,5.7855
2016,03,27,4,5.90268
2016,03,27,5,6.33926
2016,03,27,6,6.28101
2016,03,27,7,6.0658199999999995
2016,03,28,0,5.84112
2016,03,28,1,5.41251
2016,03,28,2,4.844060000000001
2016,03,28,3,4.42562
2016,03,28,4,4.237310000000001
2016,03,28,5,4.03593
2016,03,28,6,3.9344699999999997
2016,03,28,7,4.0185
2016,03,29,0,4.271739999999999
2016,03,29,1,4.32032
2016,03,29,2,4.3368199999999995
2016,03,29,3,4.39063
2016,03,29,4,4.06883
2016,03,29,5,3.2401999999999997
2016,03,29,6,2.92953
2016,03,29,7,2.6240900000000003
2016,03,30,0,2.76048
2016,03,30,1,3.58125
2016,03,30,2,5.21087
2016,03,30,3,5.70487
2016,03,30,4,5.741350000000001
2016,03,30,5,5.71211
2016,03,30,6,5.48145
2016,03,30,7,4.7291099999999995
2016,03,31,0,4.83548
2016,03,31,1,5.13521
2016,03,31,2,3.9827600000000003
2016,03,31,3,3.2466
2016,03,31,4,2.925
2016,03,31,5,3.03527
2016,03,31,6,3.27731
2016,03,31,7,3.5651100000000002
2016,03,1,0,3.9897600000000004
2016,03,1,1,3.98881
2016,03,1,2,3.65558
2016,03,1,3,3.1886900000000002
2016,03,1,4,2.81536
2016,03,1,5,2.57204
2016,03,1,6,2.65514
2016,03,1,7,2.89856
2016,03,2,0,3.19409
2016,03,2,1,3.356
2016,03,2,2,3.3354899999999996
2016,03,2,3,4.6724
2016,03,2,4,5.54895
2016,03,2,5,4.35673
2016,03,2,6,1.3045499999999999
2016,03,2,7,0.859425
2016,03,3,0,2.1189
2016,03,3,1,7.09324
2016,03,3,2,11.042399999999999
2016,03,3,3,11.3437
2016,03,3,4,6.71393
2016,03,3,5,2.07003
2016,03,3,6,3.71792
2016,03,3,7,5.9656899999999995
2016,03,4,0,3.71498
2016,03,4,1,3.87577
2016,03,4,2,5.2256
2016,03,4,3,9.098700000000001
2016,03,4,4,6.92356
2016,03,4,5,8.36868
2016,03,4,6,7.82941
2016,03,4,7,6.59816
2016,03,5,0,8.0899
2016,03,5,1,8.258370000000001
2016,03,5,2,8.10525
2016,03,5,3,10.2313
2016,03,5,4,9.56484
2016,03,5,5,8.820709999999998
2016,03,5,6,9.02311
2016,03,5,7,8.58118
2016,03,6,0,7.472770000000001
2016,03,6,1,4.60478
2016,03,6,2,4.502770000000001
2016,03,6,3,4.6949499999999995
2016,03,6,4,4.5859499999999995
2016,03,6,5,4.20582
2016,03,6,6,4.077780000000001
2016,03,6,7,4.08707
2016,03,7,0,3.0459099999999997
2016,03,7,1,2.73746
2016,03,7,2,1.99299
2016,03,7,3,2.10432
2016,03,7,4,2.15488
2016,03,7,5,2.8335700000000004
2016,03,7,6,6.14394
2016,03,7,7,9.87228
2016,03,8,0,11.587200000000001
2016,03,8,1,11.2728
2016,03,8,2,8.66133
2016,03,8,3,11.0242
2016,03,8,4,13.2753
2016,03,8,5,11.4018
2016,03,8,6,10.4493
2016,03,8,7,10.2766
2016,03,9,0,9.052610000000001
2016,03,9,1,9.47247
2016,03,9,2,10.3842
2016,03,9,3,10.391
2016,03,9,4,8.511899999999999
2016,03,9,5,4.112220000000001
2016,03,9,6,1.55543
2016,03,9,7,2.2034000000000002
2016,03,10,0,2.23612
2016,03,10,1,2.03467
2016,03,10,2,2.44202
2016,03,10,3,2.36621
2016,03,10,4,2.3592600000000004
2016,03,10,5,1.4160599999999999
2016,03,10,6,1.79879
2016,03,10,7,2.38975
2016,03,11,0,4.53609
2016,03,11,1,5.76683
2016,03,11,2,6.89875
2016,03,11,3,12.042399999999999
2016,03,11,4,11.5049
2016,03,11,5,9.61129
2016,03,11,6,8.789729999999999
2016,03,11,7,5.07355
2016,03,12,0,4.7148699999999995
2016,03,12,1,4.9473400000000005
2016,03,12,2,5.628220000000001
2016,03,12,3,8.06761
2016,03,12,4,9.04153
2016,03,12,5,9.22266
2016,03,12,6,8.93585
2016,03,12,7,8.82368
2016,03,13,0,7.63018
2016,03,13,1,5.41267
2016,03,13,2,3.78811
2016,03,13,3,5.67857
2016,03,13,4,7.17997
2016,03,13,5,4.0744
2016,03,13,6,4.96621
2016,03,13,7,6.3723
2016,03,14,0,7.9545200000000005
2016,03,14,1,7.82895
2016,03,14,2,7.5604
2016,03,14,3,7.53801
2016,03,14,4,6.0234499999999995
2016,03,14,5,2.04338
2016,03,14,6,2.27833
2016,03,14,7,2.2494899999999998
2016,03,15,0,2.39666
2016,03,15,1,3.04147
2016,03,15,2,2.9678299999999997
2016,03,15,3,2.72381
2016,03,15,4,2.6205100000000003
2016,03,15,5,2.67772
2016,03,15,6,2.46516
2016,03,15,7,2.2443400000000002
2016,03,16,0,2.432
2016,03,16,1,2.67569
2016,03,16,2,2.7950399999999997
2016,03,16,3,2.88862
2016,03,16,4,2.9313200000000004
2016,03,16,5,3.08079
2016,03,16,6,3.15748
2016,03,16,7,3.2138400000000003
2016,03,17,0,3.16405
2016,03,17,1,2.96393
2016,03,17,2,2.67298
2016,03,17,3,2.4286999999999996
2016,03,17,4,2.21334
2016,03,17,5,2.11659
2016,03,17,6,2.1159299999999996
2016,03,17,7,2.25069
2016,03,18,0,2.44787
2016,03,18,1,2.55284
2016,03,18,2,2.66234
2016,03,18,3,2.73851
2016,03,18,4,2.63605
2016,03,18,5,2.52381
2016,03,18,6,2.49465
2016,03,18,7,2.65237
2016,03,19,0,2.8385100000000003
2016,03,19,1,2.67495
2016,03,19,2,2.5439499999999997
2016,03,19,3,2.51075
2016,03,19,4,2.85118
2016,03,19,5,3.4862800000000003
2016,03,19,6,3.79507
2016,03,19,7,4.17069
2016,03,20,0,4.33012
2016,03,20,1,4.350359999999999
2016,03,20,2,4.45792
2016,03,20,3,4.5469
2016,03,20,4,4.506819999999999
2016,03,20,5,4.64008
2016,03,20,6,5.12413
2016,03,20,7,5.72313
2016,03,21,0,6.06026
2016,03,21,1,5.525930000000001
2016,03,21,2,5.37025
2016,03,21,3,4.893050000000001
2016,03,21,4,4.98792
2016,03,21,5,5.62359
2016,03,21,6,5.49354
2016,03,21,7,5.28098
2016,03,22,0,3.73915
2016,03,22,1,2.0551
2016,03,22,2,1.3531600000000001
2016,03,22,3,1.33247
2016,03,22,4,1.59798
2016,03,22,5,1.67097
2016,03,22,6,2.30376
2016,03,22,7,2.10497
2016,03,23,0,2.7323000000000004
2016,03,23,1,3.6069299999999997
2016,03,23,2,5.6322399999999995
2016,03,23,3,5.35125
2016,03,23,4,4.945609999999999
2016,03,23,5,4.85768
2016,03,23,6,4.94853
2016,03,23,7,4.61934
2016,03,24,0,4.24605
2016,03,24,1,3.44339
2016,03,24,2,2.14842
2016,03,24,3,1.81491
2016,03,24,4,1.88078
2016,03,24,5,2.09841
2016,03,24,6,2.71264
2016,03,24,7,3.61286
2016,03,25,0,4.46428
2016,03,25,1,4.70473
2016,03,25,2,4.47073
2016,03,25,3,2.54616
2016,03,25,4,2.50958
2016,03,25,5,3.18018
2016,03,25,6,3.60433
2016,03,25,7,3.04329
2016,03,26,0,2.2000300000000004
2016,03,26,1,1.71869
2016,03,26,2,1.869
2016,03,26,3,2.20645
2016,03,26,4,1.97049
2016,03,26,5,1.5845799999999999
2016,03,26,6,1.3871300000000002
2016,03,26,7,1.37039
2016,03,27,0,1.43389
2016,03,27,1,1.76272
2016,03,27,2,2.66221
2016,03,27,3,3.86321
2016,03,27,4,4.50166
2016,03,27,5,4.57898
2016,03,27,6,4.22359
2016,03,27,7,3.89568
2016,03,28,0,3.55113
2016,03,28,1,2.85377
2016,03,28,2,2.63817
2016,03,28,3,2.87371
2016,03,28,4,3.09508
2016,03,28,5,3.14174
2016,03,28,6,2.89007
2016,03,28,7,2.5835500000000002
2016,03,29,0,2.35853
2016,03,29,1,2.28858
2016,03,29,2,2.1863200000000003
2016,03,29,3,2.03328
2016,03,29,4,1.8826800000000001
2016,03,29,5,1.71621
2016,03,29,6,2.2552
2016,03,29,7,4.07025
2016,03,30,0,6.0883400000000005
2016,03,30,1,7.1283
2016,03,30,2,7.442399999999999
2016,03,30,3,7.1245
2016,03,30,4,6.46146
2016,03,30,5,5.68625
2016,03,30,6,5.80999
2016,03,30,7,6.72973
2016,03,1,0,6.50335
2016,03,1,1,6.10939
2016,03,1,2,6.04635
2016,03,1,3,5.63201
2016,03,1,4,4.581810000000001
2016,03,1,5,3.76383
2016,03,1,6,3.42002
2016,03,1,7,2.88736
2016,03,2,0,1.52377
2016,03,2,1,0.81439
2016,03,2,2,1.9829400000000001
2016,03,2,3,3.4827399999999997
2016,03,2,4,3.52339
2016,03,2,5,5.42441
2016,03,2,6,7.22929
2016,03,2,7,5.97978
2016,03,3,0,2.539
2016,03,3,1,2.32123
2016,03,3,2,3.45577
2016,03,3,3,2.85561
2016,03,3,4,2.92519
2016,03,3,5,2.93973
2016,03,3,6,1.78358
2016,03,3,7,1.83692
2016,03,4,0,2.06094
2016,03,4,1,1.7958599999999998
2016,03,4,2,1.8790499999999999
2016,03,4,3,2.49973
2016,03,4,4,2.68726
2016,03,4,5,2.6317600000000003
2016,03,4,6,2.40666
2016,03,4,7,2.1660500000000003
2016,03,5,0,1.99428
2016,03,5,1,1.8648399999999998
2016,03,5,2,1.75672
2016,03,5,3,1.69383
2016,03,5,4,1.64799
2016,03,5,5,1.63055
2016,03,5,6,1.61778
2016,03,5,7,1.55476
2016,03,6,0,1.50534
2016,03,6,1,1.4623
2016,03,6,2,1.3928699999999998
2016,03,6,3,1.3610499999999999
2016,03,6,4,1.3825999999999998
2016,03,6,5,1.36921
2016,03,6,6,1.33076
2016,03,6,7,1.30823
2016,03,7,0,1.28204
2016,03,7,1,1.24501
2016,03,7,2,1.23054
2016,03,7,3,1.20919
2016,03,7,4,1.13133
2016,03,7,5,1.05665
2016,03,7,6,1.11957
2016,03,7,7,1.18373
2016,03,8,0,1.22048
2016,03,8,1,1.2266400000000002
2016,03,8,2,1.2165
2016,03,8,3,1.19
2016,03,8,4,1.13375
2016,03,8,5,1.04265
2016,03,8,6,0.928206
2016,03,8,7,0.923129
2016,03,9,0,0.913296
2016,03,9,1,0.813001
2016,03,9,2,0.8338730000000001
2016,03,9,3,0.951577
2016,03,9,4,0.934648
2016,03,9,5,0.935012
2016,03,9,6,0.942534
2016,03,9,7,0.8521989999999999
2016,03,10,0,0.7948959999999999
2016,03,10,1,0.8055119999999999
2016,03,10,2,0.7615019999999999
2016,03,10,3,0.68079
2016,03,10,4,0.65052
2016,03,10,5,0.8387619999999999
2016,03,10,6,1.39602
2016,03,10,7,1.7381199999999999
2016,03,11,0,1.63904
2016,03,11,1,1.39502
2016,03,11,2,1.1165399999999999
2016,03,11,3,0.934385
2016,03,11,4,0.674307
2016,03,11,5,0.538796
2016,03,11,6,0.8908440000000001
2016,03,11,7,1.16293
2016,03,12,0,1.32175
2016,03,12,1,1.37267
2016,03,12,2,1.37022
2016,03,12,3,1.24654
2016,03,12,4,1.2925
2016,03,12,5,1.1851500000000001
2016,03,12,6,0.8620249999999999
2016,03,12,7,0.474704
2016,03,13,0,0.573264
2016,03,13,1,0.797588
2016,03,13,2,0.842538
2016,03,13,3,0.840052
2016,03,13,4,0.870626
2016,03,13,5,0.765258
2016,03,13,6,0.832427
2016,03,13,7,0.953065
2016,03,14,0,1.3943599999999998
2016,03,14,1,1.80033
2016,03,14,2,2.0276
2016,03,14,3,1.92416
2016,03,14,4,1.52832
2016,03,14,5,1.3666500000000001
2016,03,14,6,1.4631500000000002
2016,03,14,7,1.5976700000000001
2016,03,15,0,1.82919
2016,03,15,1,1.77563
2016,03,15,2,1.54047
2016,03,15,3,1.32776
2016,03,15,4,1.09847
2016,03,15,5,0.8175220000000001
2016,03,15,6,0.641807
2016,03,15,7,0.593861
2016,03,16,0,0.722222
2016,03,16,1,0.745815
2016,03,16,2,0.654518
2016,03,16,3,0.642904
2016,03,16,4,0.60342
2016,03,16,5,0.565804
2016,03,16,6,0.573579
2016,03,16,7,0.6055320000000001
2016,03,17,0,0.7348899999999999
2016,03,17,1,0.931329
2016,03,17,2,1.14168
2016,03,17,3,1.4622
2016,03,17,4,1.89583
2016,03,17,5,2.2639699999999996
2016,03,17,6,2.46439
2016,03,17,7,2.42473
2016,03,18,0,2.25003
2016,03,18,1,2.62166
2016,03,18,2,3.55266
2016,03,18,3,3.91491
2016,03,18,4,3.91648
2016,03,18,5,4.11984
2016,03,18,6,4.25835
2016,03,18,7,2.65291
2016,03,19,0,3.4449099999999997
2016,03,19,1,4.6693500000000006
2016,03,19,2,4.67553
2016,03,19,3,4.60263
2016,03,19,4,4.23023
2016,03,19,5,3.5068200000000003
2016,03,19,6,2.77925
2016,03,19,7,2.51636
2016,03,20,0,2.25941
2016,03,20,1,1.22065
2016,03,20,2,2.20488
2016,03,20,3,1.53524
2016,03,20,4,0.994954
2016,03,20,5,1.1408399999999999
2016,03,20,6,1.11879
2016,03,20,7,1.25386
2016,03,21,0,2.00415
2016,03,21,1,3.8354
2016,03,21,2,1.78818
2016,03,21,3,3.2121399999999998
2016,03,21,4,3.59687
2016,03,21,5,2.74022
2016,03,21,6,2.95877
2016,03,21,7,3.77373
2016,03,22,0,3.0185500000000003
2016,03,22,1,2.39277
2016,03,22,2,2.16401
2016,03,22,3,2.35038
2016,03,22,4,2.6106700000000003
2016,03,22,5,2.81354
2016,03,22,6,2.72046
2016,03,22,7,2.52433
2016,03,23,0,2.12015
2016,03,23,1,1.8165
2016,03,23,2,1.59686
2016,03,23,3,1.46647
2016,03,23,4,1.4088800000000001
2016,03,23,5,1.28696
2016,03,23,6,1.2100199999999999
2016,03,23,7,1.18406
2016,03,24,0,1.1427
2016,03,24,1,1.16024
2016,03,24,2,1.0994000000000002
2016,03,24,3,1.22836
2016,03,24,4,1.2723499999999999
2016,03,24,5,1.41672
2016,03,24,6,1.69946
2016,03,24,7,1.9485899999999998
2016,03,25,0,2.04589
2016,03,25,1,1.96693
2016,03,25,2,1.83454
2016,03,25,3,1.68767
2016,03,25,4,1.48803
2016,03,25,5,1.26316
2016,03,25,6,1.26511
2016,03,25,7,1.4124400000000001
2016,03,26,0,1.4565599999999999
2016,03,26,1,1.3349600000000001
2016,03,26,2,1.35805
2016,03,26,3,1.52796
2016,03,26,4,3.28185
2016,03,26,5,3.07416
2016,03,26,6,2.82904
2016,03,26,7,3.8372800000000002
2016,03,27,0,5.220890000000001
2016,03,27,1,5.3174399999999995
2016,03,27,2,3.28229
2016,03,27,3,1.8436700000000001
2016,03,27,4,2.98163
2016,03,27,5,3.0950300000000004
2016,03,27,6,2.26204
2016,03,27,7,2.22002
2016,03,28,0,3.09049
2016,03,28,1,3.06025
2016,03,28,2,3.1119299999999996
2016,03,28,3,2.97543
2016,03,28,4,2.63913
2016,03,28,5,2.15579
2016,03,28,6,1.96437
2016,03,28,7,2.09077
2016,03,29,0,1.82337
2016,03,29,1,2.13416
2016,03,29,2,2.0689499999999996
2016,03,29,3,1.79755
2016,03,29,4,1.36539
2016,03,29,5,1.03705
2016,03,29,6,1.04229
2016,03,29,7,1.91831
2016,03,30,0,2.55927
2016,03,30,1,2.1581799999999998
2016,03,30,2,1.89205
2016,03,30,3,2.0695900000000003
2016,03,30,4,2.2805999999999997
2016,03,30,5,2.23959
2016,03,30,6,2.98174
2016,03,30,7,4.95215
2016,03,31,0,6.325189999999999
2016,03,31,1,5.732
2016,03,31,2,4.9563999999999995
2016,03,31,3,3.8778
2016,03,31,4,2.8185100000000003
2016,03,31,5,2.49302
2016,03,31,6,1.9296600000000002
2016,03,31,7,1.49932
2017,03,1,0,1.11958
2017,03,1,1,0.942357
2017,03,1,2,1.1499300000000001
2017,03,1,3,1.0563
2017,03,1,4,0.969158
2017,03,1,5,0.8206180000000001
2017,03,1,6,0.832619
2017,03,1,7,1.01631
2017,03,2,0,1.0523900000000002
2017,03,2,1,0.998557
2017,03,2,2,0.9161860000000001
2017,03,2,3,0.8278840000000001
2017,03,2,4,0.67713
2017,03,2,5,0.570255
2017,03,2,6,0.5818139999999999
2017,03,2,7,0.732272
2017,03,3,0,1.00876
2017,03,3,1,1.3264500000000001
2017,03,3,2,1.86998
2017,03,3,3,2.17148
2017,03,3,4,2.4651
2017,03,3,5,2.42621
2017,03,3,6,2.16176
2017,03,3,7,2.1426
2017,03,4,0,2.2265
2017,03,4,1,2.25824
2017,03,4,2,2.78859
2017,03,4,3,3.07194
2017,03,4,4,3.2605399999999998
2017,03,4,5,3.4670900000000002
2017,03,4,6,3.64501
2017,03,4,7,3.53486
2017,03,5,0,3.52798
2017,03,5,1,3.54815
2017,03,5,2,3.49387
2017,03,5,3,3.2104
2017,03,5,4,2.88808
2017,03,5,5,2.6529000000000003
2017,03,5,6,2.38336
2017,03,5,7,2.14445
2017,03,6,0,2.01455
2017,03,6,1,1.9380899999999999
2017,03,6,2,1.9396099999999998
2017,03,6,3,1.95792
2017,03,6,4,1.93156
2017,03,6,5,1.9450999999999998
2017,03,6,6,1.90805
2017,03,6,7,1.87133
2017,03,7,0,1.82107
2017,03,7,1,1.72892
2017,03,7,2,1.5846600000000002
2017,03,7,3,1.56934
2017,03,7,4,1.47305
2017,03,7,5,1.33718
2017,03,7,6,1.30126
2017,03,7,7,1.2406300000000001
2017,03,8,0,1.19329
2017,03,8,1,1.11813
2017,03,8,2,1.01946
2017,03,8,3,0.870163
2017,03,8,4,0.82178
2017,03,8,5,0.9215030000000001
2017,03,8,6,1.06851
2017,03,8,7,1.2953800000000002
2017,03,9,0,1.5233800000000002
2017,03,9,1,1.74932
2017,03,9,2,1.65183
2017,03,9,3,1.65232
2017,03,9,4,1.70001
2017,03,9,5,1.45928
2017,03,9,6,0.8517380000000001
2017,03,9,7,0.569881
2017,03,10,0,0.429589
2017,03,10,1,0.798923
2017,03,10,2,0.952637
2017,03,10,3,0.7921549999999999
2017,03,10,4,0.305396
2017,03,10,5,0.457736
2017,03,10,6,0.878879
2017,03,10,7,1.51837
2017,03,11,0,1.81076
2017,03,11,1,2.00678
2017,03,11,2,2.14371
2017,03,11,3,2.26221
2017,03,11,4,2.07537
2017,03,11,5,1.80593
2017,03,11,6,0.975132
2017,03,11,7,0.5834750000000001
2017,03,12,0,0.66124
2017,03,12,1,0.848617
2017,03,12,2,1.11005
2017,03,12,3,1.82984
2017,03,12,4,2.50343
2017,03,12,5,2.5483000000000002
2017,03,12,6,2.21522
2017,03,12,7,1.7520799999999999
2017,03,13,0,2.05923
2017,03,13,1,2.36345
2017,03,13,2,2.75575
2017,03,13,3,2.82108
2017,03,13,4,2.47679
2017,03,13,5,2.19854
2017,03,13,6,2.30106
2017,03,13,7,3.31658
2017,03,14,0,4.119479999999999
2017,03,14,1,4.36619
2017,03,14,2,5.0508999999999995
2017,03,14,3,5.4674
2017,03,14,4,6.52194
2017,03,14,5,4.46862
2017,03,14,6,3.92171
2017,03,14,7,4.19547
2017,03,15,0,5.531770000000001
2017,03,15,1,5.644340000000001
2017,03,15,2,3.72359
2017,03,15,3,3.35281
2017,03,15,4,3.81799
2017,03,15,5,3.69626
2017,03,15,6,4.022320000000001
2017,03,15,7,3.23267
2017,03,16,0,2.6555
2017,03,16,1,2.9546
2017,03,16,2,5.1881
2017,03,16,3,7.3925
2017,03,16,4,8.70433
2017,03,16,5,2.0567699999999998
2017,03,16,6,3.07489
2017,03,16,7,6.63564
2017,03,17,0,8.5092
2017,03,17,1,10.091299999999999
2017,03,17,2,10.358799999999999
2017,03,17,3,8.40811
2017,03,17,4,3.9503000000000004
2017,03,17,5,3.1299699999999997
2017,03,17,6,3.5962899999999998
2017,03,17,7,7.03775
2017,03,18,0,8.52506
2017,03,18,1,8.30836
2017,03,18,2,8.860059999999999
2017,03,18,3,8.84173
2017,03,18,4,9.6606
2017,03,18,5,6.57535
2017,03,18,6,5.784260000000001
2017,03,18,7,5.446350000000001
2017,03,19,0,3.4655
2017,03,19,1,6.0679
2017,03,19,2,7.41233
2017,03,19,3,4.5252
2017,03,19,4,4.04264
2017,03,19,5,5.93308
2017,03,19,6,6.86473
2017,03,19,7,6.23127
2017,03,20,0,5.43809
2017,03,20,1,4.57555
2017,03,20,2,4.05997
2017,03,20,3,3.8472
2017,03,20,4,3.92225
2017,03,20,5,4.02163
2017,03,20,6,3.80026
2017,03,20,7,3.41419
2017,03,21,0,4.04613
2017,03,21,1,4.28917
2017,03,21,2,4.02691
2017,03,21,3,3.6332
2017,03,21,4,3.49349
2017,03,21,5,3.42645
2017,03,21,6,3.40403
2017,03,21,7,3.46355
2017,03,22,0,3.3555
2017,03,22,1,2.76459
2017,03,22,2,2.5443000000000002
2017,03,22,3,2.4897199999999997
2017,03,22,4,2.7353899999999998
2017,03,22,5,3.32582
2017,03,22,6,3.43985
2017,03,22,7,3.2726599999999997
2017,03,23,0,2.95459
2017,03,23,1,3.28664
2017,03,23,2,3.67827
2017,03,23,3,3.6228800000000003
2017,03,23,4,3.27595
2017,03,23,5,2.89683
2017,03,23,6,2.8104
2017,03,23,7,2.7738899999999997
2017,03,24,0,2.8100300000000002
2017,03,24,1,2.69454
2017,03,24,2,2.74511
2017,03,24,3,2.4507800000000004
2017,03,24,4,2.04096
2017,03,24,5,1.77636
2017,03,24,6,1.6665999999999999
2017,03,24,7,1.8296400000000002
2017,03,25,0,2.30983
2017,03,25,1,2.6855700000000002
2017,03,25,2,3.10846
2017,03,25,3,3.81749
2017,03,25,4,4.551699999999999
2017,03,25,5,5.23808
2017,03,25,6,5.67047
2017,03,25,7,5.9027899999999995
2017,03,26,0,5.5694799999999995
2017,03,26,1,4.8482899999999995
2017,03,26,2,4.66685
2017,03,26,3,4.05075
2017,03,26,4,2.85588
2017,03,26,5,2.07654
2017,03,26,6,2.00284
2017,03,26,7,1.90632
2017,03,27,0,3.28734
2017,03,27,1,2.96328
2017,03,27,2,2.7559
2017,03,27,3,2.68575
2017,03,27,4,3.80315
2017,03,27,5,6.06125
2017,03,27,6,6.4591400000000005
2017,03,27,7,6.45965
2017,03,28,0,6.02063
2017,03,28,1,5.95445
2017,03,28,2,6.62751
2017,03,28,3,6.93182
2017,03,28,4,7.9555299999999995
2017,03,28,5,7.5442
2017,03,28,6,7.44279
2017,03,28,7,6.14585
2017,03,29,0,5.03416
2017,03,29,1,4.601970000000001
2017,03,29,2,4.43313
2017,03,29,3,4.00197
2017,03,29,4,3.72777
2017,03,29,5,3.70145
2017,03,29,6,3.4984499999999996
2017,03,29,7,2.37908
2017,03,30,0,1.74077
2017,03,30,1,1.88925
2017,03,30,2,2.40395
2017,03,30,3,2.94331
2017,03,30,4,2.0875700000000004
2017,03,30,5,1.50924
2017,03,30,6,1.14613
2017,03,30,7,1.7665899999999999
2017,03,31,0,1.92113
2017,03,31,1,2.02997
2017,03,31,2,1.9800499999999999
2017,03,31,3,1.78386
2017,03,31,4,1.5963399999999999
2017,03,31,5,1.59488
2017,03,31,6,1.74539
2017,03,31,7,1.75642
2017,03,1,0,1.55137
2017,03,1,1,1.48108
2017,03,1,2,1.417
2017,03,1,3,1.18034
2017,03,1,4,0.788221
2017,03,1,5,0.6594
2017,03,1,6,0.839081
2017,03,1,7,0.989128
2017,03,2,0,0.901192
2017,03,2,1,0.950701
2017,03,2,2,0.9513400000000001
2017,03,2,3,1.02376
2017,03,2,4,1.35885
2017,03,2,5,1.9336
2017,03,2,6,1.9388599999999998
2017,03,2,7,1.68663
2017,03,3,0,1.45753
2017,03,3,1,1.31083
2017,03,3,2,1.3319
2017,03,3,3,1.29023
2017,03,3,4,1.21651
2017,03,3,5,1.1957200000000001
2017,03,3,6,1.11934
2017,03,3,7,1.01687
2017,03,4,0,0.780969
2017,03,4,1,0.6492519999999999
2017,03,4,2,0.6179260000000001
2017,03,4,3,0.60488
2017,03,4,4,0.7362949999999999
2017,03,4,5,0.732205
2017,03,4,6,0.8895080000000001
2017,03,4,7,1.30327
2017,03,5,0,1.36279
2017,03,5,1,1.36777
2017,03,5,2,0.763467
2017,03,5,3,0.543787
2017,03,5,4,0.53847
2017,03,5,5,0.5186839999999999
2017,03,5,6,0.496665
2017,03,5,7,0.458168
2017,03,6,0,0.44569200000000003
2017,03,6,1,0.502697
2017,03,6,2,0.600075
2017,03,6,3,0.698115
2017,03,6,4,0.757932
2017,03,6,5,0.745952
2017,03,6,6,0.677042
2017,03,6,7,0.612472
2017,03,7,0,0.6130869999999999
2017,03,7,1,0.626319
2017,03,7,2,0.645617
2017,03,7,3,0.598186
2017,03,7,4,0.572794
2017,03,7,5,0.695834
2017,03,7,6,0.8121849999999999
2017,03,7,7,1.1393499999999999
2017,03,8,0,1.21663
2017,03,8,1,1.05632
2017,03,8,2,0.886328
2017,03,8,3,0.879332
2017,03,8,4,0.791595
2017,03,8,5,0.805988
2017,03,8,6,0.8333379999999999
2017,03,8,7,0.8158569999999999
2017,03,9,0,0.8045869999999999
2017,03,9,1,0.907421
2017,03,9,2,0.9955729999999999
2017,03,9,3,0.970469
2017,03,9,4,0.973701
2017,03,9,5,1.14415
2017,03,9,6,1.59555
2017,03,9,7,2.8836
2017,03,10,0,3.45573
2017,03,10,1,3.28606
2017,03,10,2,3.09658
2017,03,10,3,3.4465500000000002
2017,03,10,4,3.6710100000000003
2017,03,10,5,3.97621
2017,03,10,6,2.65192
2017,03,10,7,1.82298
2017,03,11,0,1.48196
2017,03,11,1,1.6164100000000001
2017,03,11,2,1.68108
2017,03,11,3,1.77375
2017,03,11,4,1.4545599999999999
2017,03,11,5,1.09906
2017,03,11,6,1.7654100000000001
2017,03,11,7,2.6669
2017,03,12,0,3.27738
2017,03,12,1,4.08308
2017,03,12,2,4.21686
2017,03,12,3,4.07192
2017,03,12,4,3.89181
2017,03,12,5,4.93671
2017,03,12,6,4.3984700000000005
2017,03,12,7,3.23403
2017,03,13,0,3.28537
2017,03,13,1,3.47332
2017,03,13,2,2.5519000000000003
2017,03,13,3,3.59842
2017,03,13,4,5.14018
2017,03,13,5,5.73967
2017,03,13,6,6.30917
2017,03,13,7,7.42888
2017,03,14,0,6.7118400000000005
2017,03,14,1,6.04195
2017,03,14,2,4.6346300000000005
2017,03,14,3,3.54968
2017,03,14,4,2.14187
2017,03,14,5,2.4656
2017,03,14,6,4.97534
2017,03,14,7,8.26072
2017,03,15,0,8.3686
2017,03,15,1,8.874139999999999
2017,03,15,2,10.4436
2017,03,15,3,11.8645
2017,03,15,4,11.600299999999999
2017,03,15,5,10.944600000000001
2017,03,15,6,9.61905
2017,03,15,7,8.30964
2017,03,16,0,4.42238
2017,03,16,1,2.39053
2017,03,16,2,4.55312
2017,03,16,3,7.7243900000000005
2017,03,16,4,8.45458
2017,03,16,5,5.6769099999999995
2017,03,16,6,6.4282200000000005
2017,03,16,7,5.56362
2017,03,17,0,5.71383
2017,03,17,1,6.11513
2017,03,17,2,6.2709399999999995
2017,03,17,3,5.83078
2017,03,17,4,5.01513
2017,03,17,5,4.76378
2017,03,17,6,4.580310000000001
2017,03,17,7,4.09917
2017,03,18,0,2.76015
2017,03,18,1,1.8782699999999999
2017,03,18,2,1.80222
2017,03,18,3,1.9223800000000002
2017,03,18,4,1.9405299999999999
2017,03,18,5,1.97489
2017,03,18,6,2.06388
2017,03,18,7,2.58917
2017,03,19,0,3.32725
2017,03,19,1,3.99224
2017,03,19,2,4.223199999999999
2017,03,19,3,4.36599
2017,03,19,4,4.2897
2017,03,19,5,4.01999
2017,03,19,6,3.2805999999999997
2017,03,19,7,2.6690500000000004
2017,03,20,0,2.45891
2017,03,20,1,2.44087
2017,03,20,2,2.55435
2017,03,20,3,2.74675
2017,03,20,4,2.70988
2017,03,20,5,2.62515
2017,03,20,6,2.6120900000000002
2017,03,20,7,2.7194000000000003
2017,03,21,0,2.91401
2017,03,21,1,3.17146
2017,03,21,2,3.0216999999999996
2017,03,21,3,2.7319400000000003
2017,03,21,4,2.68404
2017,03,21,5,2.45688
2017,03,21,6,2.2897
2017,03,21,7,2.16821
2017,03,22,0,2.1433899999999997
2017,03,22,1,2.11806
2017,03,22,2,2.07601
2017,03,22,3,1.98909
2017,03,22,4,1.9751500000000002
2017,03,22,5,2.00478
2017,03,22,6,2.05126
2017,03,22,7,2.0619
2017,03,23,0,1.9633800000000001
2017,03,23,1,1.93668
2017,03,23,2,1.97509
2017,03,23,3,1.85118
2017,03,23,4,1.66094
2017,03,23,5,1.53777
2017,03,23,6,1.65359
2017,03,23,7,1.89978
2017,03,24,0,1.9657
2017,03,24,1,1.8736400000000002
2017,03,24,2,1.6303599999999998
2017,03,24,3,1.37624
2017,03,24,4,1.23254
2017,03,24,5,1.1107
2017,03,24,6,0.989873
2017,03,24,7,0.888439
2017,03,25,0,1.2281099999999998
2017,03,25,1,1.8659000000000001
2017,03,25,2,2.4818800000000003
2017,03,25,3,3.32477
2017,03,25,4,4.01873
2017,03,25,5,3.7527399999999997
2017,03,25,6,3.4459400000000002
2017,03,25,7,2.89247
2017,03,26,0,2.16798
2017,03,26,1,1.39828
2017,03,26,2,1.2211500000000002
2017,03,26,3,1.16899
2017,03,26,4,1.21533
2017,03,26,5,1.17568
2017,03,26,6,1.02902
2017,03,26,7,1.1832799999999999
2017,03,27,0,1.2347000000000001
2017,03,27,1,1.4143599999999998
2017,03,27,2,1.58281
2017,03,27,3,1.60336
2017,03,27,4,1.5488199999999999
2017,03,27,5,1.40533
2017,03,27,6,1.3336700000000001
2017,03,27,7,1.24945
2017,03,28,0,1.18034
2017,03,28,1,1.21926
2017,03,28,2,1.3286300000000002
2017,03,28,3,1.3083699999999998
2017,03,28,4,1.2499500000000001
2017,03,28,5,1.3196199999999998
2017,03,28,6,1.35673
2017,03,28,7,1.33054
2017,03,1,0,1.4374500000000001
2017,03,1,1,1.56731
2017,03,1,2,1.72995
2017,03,1,3,1.75118
2017,03,1,4,1.58717
2017,03,1,5,1.41367
2017,03,1,6,1.3226600000000002
2017,03,1,7,1.3009000000000002
2017,03,2,0,1.22425
2017,03,2,1,1.12384
2017,03,2,2,1.49618
2017,03,2,3,2.29083
2017,03,2,4,2.50439
2017,03,2,5,2.71087
2017,03,2,6,3.44773
2017,03,2,7,4.0036700000000005
2017,03,3,0,3.74889
2017,03,3,1,3.9473499999999997
2017,03,3,2,4.4360100000000005
2017,03,3,3,3.91429
2017,03,3,4,4.07939
2017,03,3,5,3.0932600000000003
2017,03,3,6,2.01723
2017,03,3,7,1.5862
2017,03,4,0,1.55749
2017,03,4,1,1.5752899999999999
2017,03,4,2,1.5467899999999999
2017,03,4,3,1.54703
2017,03,4,4,1.71532
2017,03,4,5,1.8983800000000002
2017,03,4,6,1.89479
2017,03,4,7,1.83896
2017,03,5,0,1.7920999999999998
2017,03,5,1,1.7521600000000002
2017,03,5,2,1.65712
2017,03,5,3,1.37971
2017,03,5,4,1.20568
2017,03,5,5,1.1635799999999998
2017,03,5,6,0.945279
2017,03,5,7,0.8741230000000001
2017,03,6,0,0.840066
2017,03,6,1,0.839189
2017,03,6,2,0.808841
2017,03,6,3,0.759865
2017,03,6,4,0.753246
2017,03,6,5,0.766918
2017,03,6,6,0.829871
2017,03,6,7,1.30659
2017,03,7,0,1.58982
2017,03,7,1,1.7082
2017,03,7,2,1.69791
2017,03,7,3,1.43805
2017,03,7,4,1.11781
2017,03,7,5,1.11619
2017,03,7,6,1.13505
2017,03,7,7,1.09307
2017,03,8,0,1.1217000000000001
2017,03,8,1,1.1588
2017,03,8,2,1.17045
2017,03,8,3,1.06937
2017,03,8,4,0.987565
2017,03,8,5,0.968024
2017,03,8,6,0.919296
2017,03,8,7,0.871572
2017,03,9,0,0.886116
2017,03,9,1,0.936083
2017,03,9,2,0.931905
2017,03,9,3,0.981382
2017,03,9,4,1.08046
2017,03,9,5,1.07184
2017,03,9,6,1.00076
2017,03,9,7,0.986312
2017,03,10,0,1.02174
2017,03,10,1,1.06279
2017,03,10,2,0.993403
2017,03,10,3,1.06883
2017,03,10,4,1.38821
2017,03,10,5,1.68371
2017,03,10,6,1.91796
2017,03,10,7,1.95072
2017,03,11,0,1.96531
2017,03,11,1,1.97257
2017,03,11,2,1.5695999999999999
2017,03,11,3,1.43619
2017,03,11,4,1.67338
2017,03,11,5,1.8231700000000002
2017,03,11,6,1.9691400000000001
2017,03,11,7,2.2506500000000003
2017,03,12,0,2.81349
2017,03,12,1,3.3449899999999997
2017,03,12,2,3.4775
2017,03,12,3,3.63852
2017,03,12,4,3.8514
2017,03,12,5,4.03142
2017,03,12,6,3.89853
2017,03,12,7,3.86904
2017,03,13,0,3.82511
2017,03,13,1,4.54871
2017,03,13,2,5.48715
2017,03,13,3,5.96857
2017,03,13,4,5.17878
2017,03,13,5,4.14181
2017,03,13,6,3.92802
2017,03,13,7,4.71117
2017,03,14,0,5.22846
2017,03,14,1,4.172560000000001
2017,03,14,2,3.6936
2017,03,14,3,2.78062
2017,03,14,4,3.41494
2017,03,14,5,3.83386
2017,03,14,6,4.78146
2017,03,14,7,6.00807
2017,03,15,0,6.51079
2017,03,15,1,5.85907
2017,03,15,2,5.159560000000001
2017,03,15,3,5.23022
2017,03,15,4,2.11757
2017,03,15,5,1.37874
2017,03,15,6,1.3845
2017,03,15,7,1.3699100000000002
2017,03,16,0,2.03601
2017,03,16,1,1.98982
2017,03,16,2,1.87576
2017,03,16,3,1.42635
2017,03,16,4,1.40965
2017,03,16,5,1.92152
2017,03,16,6,3.2102399999999998
2017,03,16,7,3.47405
2017,03,17,0,1.7262899999999999
2017,03,17,1,1.4595
2017,03,17,2,1.8178299999999998
2017,03,17,3,2.30917
2017,03,17,4,2.1422399999999997
2017,03,17,5,2.06726
2017,03,17,6,2.5858000000000003
2017,03,17,7,2.08176
2017,03,18,0,2.29187
2017,03,18,1,2.44309
2017,03,18,2,1.9711500000000002
2017,03,18,3,2.47221
2017,03,18,4,3.9365799999999997
2017,03,18,5,4.9319
2017,03,18,6,4.87408
2017,03,18,7,4.887779999999999
2017,03,19,0,4.598949999999999
2017,03,19,1,1.68865
2017,03,19,2,0.761966
2017,03,19,3,0.9203450000000001
2017,03,19,4,1.53471
2017,03,19,5,1.98166
2017,03,19,6,2.0288399999999998
2017,03,19,7,1.7754
2017,03,20,0,1.2573599999999998
2017,03,20,1,1.3943599999999998
2017,03,20,2,1.34122
2017,03,20,3,1.20756
2017,03,20,4,0.9188099999999999
2017,03,20,5,0.742835
2017,03,20,6,0.567469
2017,03,20,7,0.526383
2017,03,21,0,0.6642870000000001
2017,03,21,1,0.72641
2017,03,21,2,0.8215180000000001
2017,03,21,3,0.938562
2017,03,21,4,1.25105
2017,03,21,5,2.1708600000000002
2017,03,21,6,2.5375900000000002
2017,03,21,7,1.99648
2017,03,22,0,2.25719
2017,03,22,1,4.858
2017,03,22,2,6.57686
2017,03,22,3,7.00371
2017,03,22,4,6.957319999999999
2017,03,22,5,6.4337
2017,03,22,6,5.339840000000001
2017,03,22,7,4.03113
2017,03,23,0,3.5000999999999998
2017,03,23,1,4.56928
2017,03,23,2,4.82395
2017,03,23,3,5.37699
2017,03,23,4,5.20301
2017,03,23,5,4.40838
2017,03,23,6,2.44264
2017,03,23,7,1.60843
2017,03,24,0,2.11766
2017,03,24,1,1.64325
2017,03,24,2,1.69072
2017,03,24,3,2.10104
2017,03,24,4,3.36225
2017,03,24,5,3.76175
2017,03,24,6,3.88707
2017,03,24,7,4.03731
2017,03,25,0,4.01382
2017,03,25,1,4.04575
2017,03,25,2,4.01323
2017,03,25,3,3.41446
2017,03,25,4,2.7524
2017,03,25,5,3.07702
2017,03,25,6,3.9602399999999998
2017,03,25,7,4.2001599999999994
2017,03,26,0,3.2641999999999998
2017,03,26,1,2.69258
2017,03,26,2,1.58697
2017,03,26,3,1.56342
2017,03,26,4,1.5832899999999999
2017,03,26,5,1.2616800000000001
2017,03,26,6,1.5988
2017,03,26,7,2.44369
2017,03,27,0,2.77951
2017,03,27,1,3.2679899999999997
2017,03,27,2,4.1226899999999995
2017,03,27,3,4.59037
2017,03,27,4,4.577109999999999
2017,03,27,5,4.43004
2017,03,27,6,3.99234
2017,03,27,7,3.7619499999999997
2017,03,28,0,3.7762
2017,03,28,1,3.12323
2017,03,28,2,2.8685500000000004
2017,03,28,3,2.63951
2017,03,28,4,3.26948
2017,03,28,5,4.00527
2017,03,28,6,3.9434299999999998
2017,03,28,7,4.267270000000001
2017,03,29,0,4.55471
2017,03,29,1,4.4556000000000004
2017,03,29,2,4.4782399999999996
2017,03,29,3,3.4564899999999996
2017,03,29,4,3.25294
2017,03,29,5,3.13546
2017,03,29,6,3.15202
2017,03,29,7,3.21632
2017,03,30,0,3.21312
2017,03,30,1,3.85369
2017,03,30,2,4.297470000000001
2017,03,30,3,4.337770000000001
2017,03,30,4,4.1364399999999995
2017,03,30,5,4.1665
2017,03,30,6,4.17879
2017,03,30,7,3.85731
2017,03,31,0,3.91581
2017,03,31,1,3.02568
2017,03,31,2,2.7742600000000004
2017,03,31,3,2.36643
2017,03,31,4,2.7860500000000004
2017,03,31,5,4.642939999999999
2017,03,31,6,5.94323
2017,03,31,7,5.53273
2017,03,1,0,2.7577399999999996
2017,03,1,1,1.85895
2017,03,1,2,1.4853399999999999
2017,03,1,3,1.35673
2017,03,1,4,2.01247
2017,03,1,5,2.005
2017,03,1,6,2.9666799999999998
2017,03,1,7,4.091489999999999
2017,03,2,0,4.314
2017,03,2,1,3.23685
2017,03,2,2,2.8370300000000004
2017,03,2,3,3.03747
2017,03,2,4,3.41946
2017,03,2,5,3.65763
2017,03,2,6,3.48956
2017,03,2,7,3.64461
2017,03,3,0,3.4181500000000002
2017,03,3,1,3.32508
2017,03,3,2,3.2261599999999997
2017,03,3,3,3.23403
2017,03,3,4,2.95198
2017,03,3,5,2.58877
2017,03,3,6,2.27654
2017,03,3,7,2.48246
2017,03,4,0,2.8253600000000003
2017,03,4,1,2.98051
2017,03,4,2,2.62558
2017,03,4,3,2.02923
2017,03,4,4,1.55638
2017,03,4,5,1.34787
2017,03,4,6,1.1186500000000001
2017,03,4,7,1.4416900000000001
2017,03,5,0,1.3398800000000002
2017,03,5,1,0.969111
2017,03,5,2,1.03393
2017,03,5,3,2.38244
2017,03,5,4,5.84005
2017,03,5,5,8.25831
2017,03,5,6,8.064029999999999
2017,03,5,7,6.89341
2017,03,6,0,3.02415
2017,03,6,1,3.8732399999999996
2017,03,6,2,5.0556
2017,03,6,3,4.6989399999999995
2017,03,6,4,2.5535900000000002
2017,03,6,5,2.51923
2017,03,6,6,2.5966
2017,03,6,7,3.81133
2017,03,7,0,4.75942
2017,03,7,1,5.4541
2017,03,7,2,5.67449
2017,03,7,3,5.40372
2017,03,7,4,4.9937
2017,03,7,5,4.59583
2017,03,7,6,4.28078
2017,03,7,7,4.33259
2017,03,8,0,4.64156
2017,03,8,1,4.60225
2017,03,8,2,4.534050000000001
2017,03,8,3,4.77772
2017,03,8,4,4.952319999999999
2017,03,8,5,4.76171
2017,03,8,6,4.1010100000000005
2017,03,8,7,3.93245
2017,03,9,0,3.61712
2017,03,9,1,3.36312
2017,03,9,2,3.40857
2017,03,9,3,3.58658
2017,03,9,4,3.67015
2017,03,9,5,3.77447
2017,03,9,6,3.3456799999999998
2017,03,9,7,3.23537
2017,03,10,0,4.11509
2017,03,10,1,4.16646
2017,03,10,2,3.37509
2017,03,10,3,2.97731
2017,03,10,4,2.96216
2017,03,10,5,2.8917800000000002
2017,03,10,6,2.85784
2017,03,10,7,3.22738
2017,03,11,0,3.5888899999999997
2017,03,11,1,3.44866
2017,03,11,2,3.2298299999999998
2017,03,11,3,3.21121
2017,03,11,4,3.23031
2017,03,11,5,3.07129
2017,03,11,6,3.00756
2017,03,11,7,3.2281999999999997
2017,03,12,0,3.1096399999999997
2017,03,12,1,3.0533699999999997
2017,03,12,2,3.09868
2017,03,12,3,2.95591
2017,03,12,4,2.60343
2017,03,12,5,2.11627
2017,03,12,6,1.40965
2017,03,12,7,1.02247
2017,03,13,0,0.9819479999999999
2017,03,13,1,1.5471300000000001
2017,03,13,2,2.68831
2017,03,13,3,4.1286700000000005
2017,03,13,4,4.649760000000001
2017,03,13,5,5.03429
2017,03,13,6,5.28057
2017,03,13,7,5.56554
2017,03,14,0,5.7373199999999995
2017,03,14,1,5.59288
2017,03,14,2,5.22787
2017,03,14,3,5.174930000000001
2017,03,14,4,5.13016
2017,03,14,5,5.10568
2017,03,14,6,5.40921
2017,03,14,7,5.72785
2017,03,15,0,5.1219399999999995
2017,03,15,1,4.5305100000000005
2017,03,15,2,4.33346
2017,03,15,3,4.16392
2017,03,15,4,4.0025900000000005
2017,03,15,5,3.9859
2017,03,15,6,3.86889
2017,03,15,7,3.76269
2017,03,16,0,3.6203000000000003
2017,03,16,1,3.4909
2017,03,16,2,3.48949
2017,03,16,3,3.49486
2017,03,16,4,3.77041
2017,03,16,5,3.9914699999999996
2017,03,16,6,4.0325
2017,03,16,7,4.03123
2017,03,17,0,3.74098
2017,03,17,1,3.37899
2017,03,17,2,3.22969
2017,03,17,3,3.39472
2017,03,17,4,3.41413
2017,03,17,5,3.46854
2017,03,17,6,3.58109
2017,03,17,7,3.4724899999999996
2017,03,18,0,3.475
2017,03,18,1,3.6959899999999997
2017,03,18,2,3.7748000000000004
2017,03,18,3,3.613
2017,03,18,4,3.38382
2017,03,18,5,3.1714
2017,03,18,6,3.0431
2017,03,18,7,3.17287
2017,03,19,0,4.25712
2017,03,19,1,4.55995
2017,03,19,2,4.19327
2017,03,19,3,3.7453600000000002
2017,03,19,4,3.3664
2017,03,19,5,3.38299
2017,03,19,6,3.68873
2017,03,19,7,2.7971399999999997
2017,03,20,0,3.18203
2017,03,20,1,4.0402
2017,03,20,2,4.76846
2017,03,20,3,4.2514899999999995
2017,03,20,4,4.350239999999999
2017,03,20,5,4.56796
2017,03,20,6,3.5322600000000004
2017,03,20,7,3.28377
2017,03,21,0,2.98067
2017,03,21,1,2.9965300000000004
2017,03,21,2,2.85737
2017,03,21,3,2.7012600000000004
2017,03,21,4,3.05755
2017,03,21,5,3.3352399999999998
2017,03,21,6,3.10184
2017,03,21,7,3.02841
2017,03,22,0,2.66731
2017,03,22,1,2.33595
2017,03,22,2,2.5959899999999996
2017,03,22,3,3.03188
2017,03,22,4,3.2844
2017,03,22,5,3.0893200000000003
2017,03,22,6,2.88144
2017,03,22,7,2.53187
2017,03,23,0,2.18737
2017,03,23,1,2.24618
2017,03,23,2,2.86348
2017,03,23,3,3.18542
2017,03,23,4,3.3519
2017,03,23,5,3.67306
2017,03,23,6,3.85417
2017,03,23,7,3.76825
2017,03,24,0,4.012
2017,03,24,1,4.172899999999999
2017,03,24,2,3.8450300000000004
2017,03,24,3,3.36739
2017,03,24,4,2.90089
2017,03,24,5,2.42958
2017,03,24,6,2.1259099999999997
2017,03,24,7,2.24624
2017,03,25,0,2.22456
2017,03,25,1,1.9971199999999998
2017,03,25,2,1.62644
2017,03,25,3,1.49054
2017,03,25,4,1.38761
2017,03,25,5,1.28029
2017,03,25,6,1.57601
2017,03,25,7,1.7687
2017,03,26,0,2.0238199999999997
2017,03,26,1,1.9198499999999998
2017,03,26,2,1.79523
2017,03,26,3,1.5922
2017,03,26,4,1.5265199999999999
2017,03,26,5,1.63261
2017,03,26,6,2.11266
2017,03,26,7,2.6015300000000003
2017,03,27,0,2.7274000000000003
2017,03,27,1,2.52167
2017,03,27,2,2.18209
2017,03,27,3,1.79785
2017,03,27,4,1.62842
2017,03,27,5,1.36793
2017,03,27,6,1.83396
2017,03,27,7,2.29487
2017,03,28,0,2.74515
2017,03,28,1,3.2967
2017,03,28,2,3.5722600000000004
2017,03,28,3,3.6734400000000003
2017,03,28,4,3.8387399999999996
2017,03,28,5,4.21475
2017,03,28,6,4.85032
2017,03,28,7,4.94483
2017,03,29,0,4.49144
2017,03,29,1,4.62654
2017,03,29,2,4.54033
2017,03,29,3,3.3955
2017,03,29,4,2.6878
2017,03,29,5,2.79696
2017,03,29,6,2.9729200000000002
2017,03,29,7,3.40056
2017,03,30,0,3.70173
2017,03,30,1,3.93921
2017,03,30,2,4.38802
2017,03,30,3,5.15263
2017,03,30,4,5.33332
2017,03,30,5,5.20033
2017,03,30,6,4.99442
2017,03,30,7,4.7302100000000005
2017,03,1,0,4.92082
2017,03,1,1,4.7653
2017,03,1,2,4.49455
2017,03,1,3,4.06933
2017,03,1,4,3.58061
2017,03,1,5,3.04385
2017,03,1,6,3.42639
2017,03,1,7,4.203939999999999
2017,03,2,0,4.5421700000000005
2017,03,2,1,4.5390500000000005
2017,03,2,2,4.57811
2017,03,2,3,4.28562
2017,03,2,4,4.03652
2017,03,2,5,3.47651
2017,03,2,6,2.47018
2017,03,2,7,2.7421599999999997
2017,03,3,0,2.81439
2017,03,3,1,3.8998000000000004
2017,03,3,2,5.69408
2017,03,3,3,6.58341
2017,03,3,4,7.9620500000000005
2017,03,3,5,9.41191
2017,03,3,6,6.83482
2017,03,3,7,4.1685
2017,03,4,0,3.32269
2017,03,4,1,3.6391999999999998
2017,03,4,2,2.55964
2017,03,4,3,4.05099
2017,03,4,4,4.27366
2017,03,4,5,6.46467
2017,03,4,6,8.28486
2017,03,4,7,8.65118
2017,03,5,0,8.397780000000001
2017,03,5,1,6.87539
2017,03,5,2,7.04711
2017,03,5,3,6.17669
2017,03,5,4,5.896199999999999
2017,03,5,5,7.06296
2017,03,5,6,9.60711
2017,03,5,7,8.35442
2017,03,6,0,8.71089
2017,03,6,1,9.98096
2017,03,6,2,9.938139999999999
2017,03,6,3,9.145430000000001
2017,03,6,4,6.224600000000001
2017,03,6,5,6.04386
2017,03,6,6,5.99537
2017,03,6,7,6.39758
2017,03,7,0,5.33905
2017,03,7,1,3.61029
2017,03,7,2,2.65618
2017,03,7,3,1.8978599999999999
2017,03,7,4,3.42441
2017,03,7,5,3.635
2017,03,7,6,4.37861
2017,03,7,7,3.94547
2017,03,8,0,4.20116
2017,03,8,1,3.69763
2017,03,8,2,2.89542
2017,03,8,3,2.35415
2017,03,8,4,3.41348
2017,03,8,5,5.19417
2017,03,8,6,6.40911
2017,03,8,7,6.54272
2017,03,9,0,5.63732
2017,03,9,1,3.64449
2017,03,9,2,2.5124400000000002
2017,03,9,3,2.12373
2017,03,9,4,2.31037
2017,03,9,5,2.46752
2017,03,9,6,2.8628899999999997
2017,03,9,7,3.83561
2017,03,10,0,4.4682200000000005
2017,03,10,1,4.74658
2017,03,10,2,6.289569999999999
2017,03,10,3,7.09363
2017,03,10,4,6.4814099999999994
2017,03,10,5,6.28708
2017,03,10,6,6.24075
2017,03,10,7,6.14527
2017,03,11,0,6.16122
2017,03,11,1,5.30586
2017,03,11,2,4.636229999999999
2017,03,11,3,5.25948
2017,03,11,4,5.86651
2017,03,11,5,6.68133
2017,03,11,6,7.7131300000000005
2017,03,11,7,8.588959999999998
2017,03,12,0,9.64592
2017,03,12,1,10.0954
2017,03,12,2,11.4598
2017,03,12,3,10.4465
2017,03,12,4,9.01651
2017,03,12,5,9.00787
2017,03,12,6,11.101899999999999
2017,03,12,7,10.741299999999999
2017,03,13,0,8.82657
2017,03,13,1,8.4816
2017,03,13,2,8.07353
2017,03,13,3,8.934149999999999
2017,03,13,4,8.84753
2017,03,13,5,7.91368
2017,03,13,6,7.736479999999999
2017,03,13,7,6.47322
2017,03,14,0,5.74487
2017,03,14,1,5.16918
2017,03,14,2,4.825609999999999
2017,03,14,3,4.124
2017,03,14,4,4.003
2017,03,14,5,4.22909
2017,03,14,6,4.33471
2017,03,14,7,4.6048
2017,03,15,0,4.92209
2017,03,15,1,5.1802
2017,03,15,2,5.35687
2017,03,15,3,5.19643
2017,03,15,4,5.36708
2017,03,15,5,5.23762
2017,03,15,6,5.07119
2017,03,15,7,5.7082299999999995
2017,03,16,0,5.49472
2017,03,16,1,5.42706
2017,03,16,2,5.21675
2017,03,16,3,5.03618
2017,03,16,4,4.75985
2017,03,16,5,4.758109999999999
2017,03,16,6,4.94888
2017,03,16,7,4.83476
2017,03,17,0,4.32195
2017,03,17,1,3.37788
2017,03,17,2,2.9104699999999997
2017,03,17,3,2.6022600000000002
2017,03,17,4,2.34778
2017,03,17,5,2.19186
2017,03,17,6,2.4966
2017,03,17,7,3.2831900000000003
2017,03,18,0,5.216489999999999
2017,03,18,1,5.85936
2017,03,18,2,6.34258
2017,03,18,3,5.69831
2017,03,18,4,4.19097
2017,03,18,5,3.05194
2017,03,18,6,2.96149
2017,03,18,7,4.61944
2017,03,19,0,5.90766
2017,03,19,1,5.94824
2017,03,19,2,5.246090000000001
2017,03,19,3,5.280279999999999
2017,03,19,4,5.09142
2017,03,19,5,4.22588
2017,03,19,6,4.04375
2017,03,19,7,4.54891
2017,03,20,0,4.8421
2017,03,20,1,4.29795
2017,03,20,2,3.90947
2017,03,20,3,3.6800900000000003
2017,03,20,4,3.77689
2017,03,20,5,4.13966
2017,03,20,6,4.45207
2017,03,20,7,5.1891099999999994
2017,03,21,0,5.31935
2017,03,21,1,6.05588
2017,03,21,2,6.26174
2017,03,21,3,6.19853
2017,03,21,4,6.737010000000001
2017,03,21,5,7.53626
2017,03,21,6,7.9967299999999994
2017,03,21,7,8.319180000000001
2017,03,22,0,10.453100000000001
2017,03,22,1,10.1409
2017,03,22,2,10.7203
2017,03,22,3,10.2488
2017,03,22,4,11.533100000000001
2017,03,22,5,11.4033
2017,03,22,6,11.711799999999998
2017,03,22,7,12.1078
2017,03,23,0,13.4926
2017,03,23,1,12.2145
2017,03,23,2,11.5649
2017,03,23,3,9.60901
2017,03,23,4,9.91295
2017,03,23,5,8.35795
2017,03,23,6,7.72424
2017,03,23,7,9.46237
2017,03,24,0,11.616
2017,03,24,1,10.0829
2017,03,24,2,11.6102
2017,03,24,3,9.562280000000001
2017,03,24,4,7.91741
2017,03,24,5,5.88468
2017,03,24,6,3.33208
2017,03,24,7,4.8488999999999995
2017,03,25,0,6.56402
2017,03,25,1,6.498609999999999
2017,03,25,2,6.233689999999999
2017,03,25,3,6.24943
2017,03,25,4,5.62589
2017,03,25,5,5.3326400000000005
2017,03,25,6,5.600569999999999
2017,03,25,7,6.33352
2017,03,26,0,6.25761
2017,03,26,1,6.41218
2017,03,26,2,6.76854
2017,03,26,3,6.8344
2017,03,26,4,7.2234300000000005
2017,03,26,5,8.18571
2017,03,26,6,8.211120000000001
2017,03,26,7,7.76849
2017,03,27,0,7.85859
2017,03,27,1,7.7076
2017,03,27,2,8.4694
2017,03,27,3,9.821639999999999
2017,03,27,4,8.974540000000001
2017,03,27,5,7.270020000000001
2017,03,27,6,6.06313
2017,03,27,7,5.0501000000000005
2017,03,28,0,5.065060000000001
2017,03,28,1,4.5245
2017,03,28,2,3.7880100000000003
2017,03,28,3,5.5764
2017,03,28,4,6.78183
2017,03,28,5,6.60882
2017,03,28,6,6.9042200000000005
2017,03,28,7,7.044359999999999
2017,03,29,0,6.5653999999999995
2017,03,29,1,5.90981
2017,03,29,2,6.3449
2017,03,29,3,7.09734
2017,03,29,4,6.36454
2017,03,29,5,5.65921
2017,03,29,6,5.89666
2017,03,29,7,7.35008
2017,03,30,0,9.871870000000001
2017,03,30,1,11.0975
2017,03,30,2,10.386
2017,03,30,3,9.370239999999999
2017,03,30,4,8.83314
2017,03,30,5,8.14479
2017,03,30,6,7.48885
2017,03,30,7,7.386550000000001
2017,03,31,0,6.8687
2017,03,31,1,7.97603
2017,03,31,2,11.0752
2017,03,31,3,12.5345
2017,03,31,4,12.2023
2017,03,31,5,13.383
2017,03,31,6,14.046
2017,03,31,7,13.8931
2017,03,1,0,11.3191
2017,03,1,1,7.23977
2017,03,1,2,7.58904
2017,03,1,3,8.632280000000002
2017,03,1,4,9.418569999999999
2017,03,1,5,10.527700000000001
2017,03,1,6,10.174700000000001
2017,03,1,7,10.311
2017,03,2,0,9.98737
2017,03,2,1,9.74418
2017,03,2,2,10.976799999999999
2017,03,2,3,10.3125
2017,03,2,4,9.85782
2017,03,2,5,8.01576
2017,03,2,6,7.72027
2017,03,2,7,7.74399
2017,03,3,0,7.72694
2017,03,3,1,5.67705
2017,03,3,2,2.9903299999999997
2017,03,3,3,3.38645
2017,03,3,4,3.9788200000000002
2017,03,3,5,4.05377
2017,03,3,6,4.893350000000001
2017,03,3,7,8.36527
2017,03,4,0,9.36134
2017,03,4,1,5.64956
2017,03,4,2,4.596979999999999
2017,03,4,3,4.29042
2017,03,4,4,4.38964
2017,03,4,5,5.04896
2017,03,4,6,5.53152
2017,03,4,7,6.23699
2017,03,5,0,6.31312
2017,03,5,1,6.27774
2017,03,5,2,6.67952
2017,03,5,3,6.47146
2017,03,5,4,4.81853
2017,03,5,5,2.76019
2017,03,5,6,2.8732800000000003
2017,03,5,7,3.5143299999999997
2017,03,6,0,4.76087
2017,03,6,1,7.12352
2017,03,6,2,8.57031
2017,03,6,3,9.088209999999998
2017,03,6,4,9.86897
2017,03,6,5,10.2667
2017,03,6,6,10.5726
2017,03,6,7,10.0191
2017,03,7,0,9.148430000000001
2017,03,7,1,9.160440000000001
2017,03,7,2,8.768450000000001
2017,03,7,3,8.04662
2017,03,7,4,7.743810000000001
2017,03,7,5,7.7332600000000005
2017,03,7,6,7.70281
2017,03,7,7,8.905629999999999
2017,03,8,0,11.3954
2017,03,8,1,12.437
2017,03,8,2,11.3585
2017,03,8,3,10.5662
2017,03,8,4,10.773700000000002
2017,03,8,5,10.9514
2017,03,8,6,13.421299999999999
2017,03,8,7,15.8091
2017,03,9,0,15.487200000000001
2017,03,9,1,15.9819
2017,03,9,2,17.5068
2017,03,9,3,15.6262
2017,03,9,4,13.9849
2017,03,9,5,14.677100000000001
2017,03,9,6,14.755600000000001
2017,03,9,7,14.9557
2017,03,10,0,13.7534
2017,03,10,1,10.4921
2017,03,10,2,8.08648
2017,03,10,3,6.6273
2017,03,10,4,4.84689
2017,03,10,5,4.09669
2017,03,10,6,4.9592600000000004
2017,03,10,7,7.26529
2017,03,11,0,9.31917
2017,03,11,1,11.3565
2017,03,11,2,12.5985
2017,03,11,3,8.415659999999999
2017,03,11,4,4.10166
2017,03,11,5,6.50204
2017,03,11,6,9.76094
2017,03,11,7,11.3086
2017,03,12,0,11.306
2017,03,12,1,10.8327
2017,03,12,2,10.896700000000001
2017,03,12,3,9.42674
2017,03,12,4,6.90981
2017,03,12,5,4.85196
2017,03,12,6,6.008970000000001
2017,03,12,7,6.92366
2017,03,13,0,6.67185
2017,03,13,1,6.47671
2017,03,13,2,6.96434
2017,03,13,3,7.46216
2017,03,13,4,7.815510000000001
2017,03,13,5,7.21783
2017,03,13,6,6.72875
2017,03,13,7,7.66485
2017,03,14,0,6.99549
2017,03,14,1,5.7094499999999995
2017,03,14,2,5.23624
2017,03,14,3,4.81222
2017,03,14,4,6.0374799999999995
2017,03,14,5,8.05857
2017,03,14,6,8.70368
2017,03,14,7,9.47901
2017,03,15,0,9.666139999999999
2017,03,15,1,10.6755
2017,03,15,2,10.0101
2017,03,15,3,8.49611
2017,03,15,4,5.6484700000000005
2017,03,15,5,4.17878
2017,03,15,6,4.14091
2017,03,15,7,4.50059
2017,03,16,0,5.21079
2017,03,16,1,9.588049999999999
2017,03,16,2,10.7947
2017,03,16,3,10.6052
2017,03,16,4,9.636209999999998
2017,03,16,5,8.53303
2017,03,16,6,7.98234
2017,03,16,7,5.430020000000001
2017,03,17,0,5.68598
2017,03,17,1,6.86856
2017,03,17,2,4.83858
2017,03,17,3,2.39934
2017,03,17,4,2.33232
2017,03,17,5,3.73908
2017,03,17,6,3.51403
2017,03,17,7,2.20099
2017,03,18,0,2.98903
2017,03,18,1,3.92812
2017,03,18,2,4.23188
2017,03,18,3,4.07603
2017,03,18,4,4.68037
2017,03,18,5,3.98369
2017,03,18,6,3.56708
2017,03,18,7,5.35958
2017,03,19,0,4.657220000000001
2017,03,19,1,2.8250900000000003
2017,03,19,2,1.4356300000000002
2017,03,19,3,2.0209200000000003
2017,03,19,4,3.2001399999999998
2017,03,19,5,4.97637
2017,03,19,6,6.55133
2017,03,19,7,8.65781
2017,03,20,0,11.171299999999999
2017,03,20,1,11.457600000000001
2017,03,20,2,10.3809
2017,03,20,3,9.710709999999999
2017,03,20,4,11.3284
2017,03,20,5,12.238100000000001
2017,03,20,6,7.80668
2017,03,20,7,5.03736
2017,03,21,0,5.38272
2017,03,21,1,5.286779999999999
2017,03,21,2,5.60055
2017,03,21,3,5.119689999999999
2017,03,21,4,5.0644
2017,03,21,5,4.8383199999999995
2017,03,21,6,5.988060000000001
2017,03,21,7,6.94471
2017,03,22,0,7.67878
2017,03,22,1,9.42094
2017,03,22,2,7.486350000000001
2017,03,22,3,1.56868
2017,03,22,4,1.3043
2017,03,22,5,1.61693
2017,03,22,6,2.0447100000000002
2017,03,22,7,3.4355599999999997
2017,03,23,0,4.348199999999999
2017,03,23,1,4.84488
2017,03,23,2,4.98807
2017,03,23,3,5.23812
2017,03,23,4,5.31692
2017,03,23,5,5.53923
2017,03,23,6,6.10171
2017,03,23,7,6.91498
2017,03,24,0,7.41812
2017,03,24,1,7.179399999999999
2017,03,24,2,7.22732
2017,03,24,3,6.912319999999999
2017,03,24,4,6.188770000000001
2017,03,24,5,5.70888
2017,03,24,6,5.324479999999999
2017,03,24,7,4.96722
2017,03,25,0,4.5846599999999995
2017,03,25,1,4.03434
2017,03,25,2,4.722659999999999
2017,03,25,3,6.80617
2017,03,25,4,9.12708
2017,03,25,5,9.038219999999999
2017,03,25,6,5.89041
2017,03,25,7,10.3304
2017,03,26,0,10.4091
2017,03,26,1,9.304860000000001
2017,03,26,2,12.668
2017,03,26,3,12.9082
2017,03,26,4,10.9445
2017,03,26,5,9.67951
2017,03,26,6,9.58891
2017,03,26,7,5.355569999999999
2017,03,27,0,5.08991
2017,03,27,1,5.56681
2017,03,27,2,6.40212
2017,03,27,3,6.055479999999999
2017,03,27,4,6.09986
2017,03,27,5,7.55491
2017,03,27,6,7.88782
2017,03,27,7,8.312700000000001
2017,03,28,0,9.20144
2017,03,28,1,11.0946
2017,03,28,2,12.2951
2017,03,28,3,6.7799499999999995
2017,03,28,4,6.45682
2017,03,28,5,11.9914
2017,03,28,6,8.945120000000001
2017,03,28,7,6.25879
2017,03,29,0,5.88663
2017,03,29,1,7.9958800000000005
2017,03,29,2,8.13514
2017,03,29,3,8.01909
2017,03,29,4,7.8770500000000006
2017,03,29,5,7.59138
2017,03,29,6,9.33038
2017,03,29,7,13.2241
2017,03,30,0,13.520299999999999
2017,03,30,1,15.1462
2017,03,30,2,15.2614
2017,03,30,3,15.0044
2017,03,30,4,14.2216
2017,03,30,5,12.1299
2017,03,30,6,12.3695
2017,03,30,7,11.4171
2017,03,1,0,11.233799999999999
2017,03,1,1,11.0793
2017,03,1,2,11.89
2017,03,1,3,11.781799999999999
2017,03,1,4,11.3041
2017,03,1,5,9.791709999999998
2017,03,1,6,10.0429
2017,03,1,7,9.77948
2017,03,2,0,8.968219999999999
2017,03,2,1,11.0208
2017,03,2,2,12.3814
2017,03,2,3,9.29847
2017,03,2,4,6.48344
2017,03,2,5,7.21535
2017,03,2,6,7.77913
2017,03,2,7,7.5679
2017,03,3,0,9.23134
2017,03,3,1,9.73593
2017,03,3,2,8.14313
2017,03,3,3,8.10828
2017,03,3,4,4.25497
2017,03,3,5,3.55426
2017,03,3,6,5.47808
2017,03,3,7,6.472
2017,03,4,0,5.95655
2017,03,4,1,5.58494
2017,03,4,2,5.772189999999999
2017,03,4,3,5.01714
2017,03,4,4,3.61919
2017,03,4,5,3.4079099999999998
2017,03,4,6,3.8483
2017,03,4,7,4.675770000000001
2017,03,5,0,4.731310000000001
2017,03,5,1,4.999770000000001
2017,03,5,2,4.40347
2017,03,5,3,4.0870500000000005
2017,03,5,4,4.247739999999999
2017,03,5,5,4.11655
2017,03,5,6,3.52725
2017,03,5,7,4.5134300000000005
2017,03,6,0,6.0427100000000005
2017,03,6,1,6.060560000000001
2017,03,6,2,5.346970000000001
2017,03,6,3,5.727729999999999
2017,03,6,4,5.853020000000001
2017,03,6,5,5.93501
2017,03,6,6,5.30884
2017,03,6,7,4.765
2017,03,7,0,5.032640000000001
2017,03,7,1,5.09913
2017,03,7,2,5.2961800000000006
2017,03,7,3,5.763310000000001
2017,03,7,4,5.56234
2017,03,7,5,6.32337
2017,03,7,6,7.82907
2017,03,7,7,9.19564
2017,03,8,0,9.39926
2017,03,8,1,12.9245
2017,03,8,2,16.3397
2017,03,8,3,16.0792
2017,03,8,4,11.3858
2017,03,8,5,7.28639
2017,03,8,6,3.5215799999999997
2017,03,8,7,3.42304
2017,03,9,0,5.31362
2017,03,9,1,7.21395
2017,03,9,2,6.9963500000000005
2017,03,9,3,7.7853900000000005
2017,03,9,4,10.662
2017,03,9,5,12.790299999999998
2017,03,9,6,14.7795
2017,03,9,7,15.348700000000001
2017,03,10,0,8.828280000000001
2017,03,10,1,9.38101
2017,03,10,2,9.03623
2017,03,10,3,7.01318
2017,03,10,4,6.84233
2017,03,10,5,6.78761
2017,03,10,6,7.58416
2017,03,10,7,9.31498
2017,03,11,0,8.694959999999998
2017,03,11,1,9.068370000000002
2017,03,11,2,9.112459999999999
2017,03,11,3,8.85253
2017,03,11,4,7.76263
2017,03,11,5,6.8186
2017,03,11,6,6.3357600000000005
2017,03,11,7,5.94641
2017,03,12,0,5.01372
2017,03,12,1,5.4213000000000005
2017,03,12,2,6.1124600000000004
2017,03,12,3,7.48542
2017,03,12,4,8.22599
2017,03,12,5,8.58036
2017,03,12,6,9.832780000000001
2017,03,12,7,11.376100000000001
2017,03,13,0,11.053700000000001
2017,03,13,1,9.19525
2017,03,13,2,8.72372
2017,03,13,3,9.25219
2017,03,13,4,10.1522
2017,03,13,5,10.8649
2017,03,13,6,11.319799999999999
2017,03,13,7,10.8866
2017,03,14,0,11.0695
2017,03,14,1,7.10097
2017,03,14,2,6.30537
2017,03,14,3,5.35779
2017,03,14,4,6.06967
2017,03,14,5,6.84072
2017,03,14,6,9.07127
2017,03,14,7,10.3251
2017,03,15,0,8.889959999999999
2017,03,15,1,9.707559999999999
2017,03,15,2,11.641399999999999
2017,03,15,3,11.7153
2017,03,15,4,9.91793
2017,03,15,5,9.98093
2017,03,15,6,10.0498
2017,03,15,7,7.676489999999999
2017,03,16,0,7.78104
2017,03,16,1,11.427700000000002
2017,03,16,2,12.6
2017,03,16,3,11.389
2017,03,16,4,6.07772
2017,03,16,5,4.02804
2017,03,16,6,5.08226
2017,03,16,7,6.33423
2017,03,17,0,7.27355
2017,03,17,1,8.68381
2017,03,17,2,9.13995
2017,03,17,3,9.67417
2017,03,17,4,9.73747
2017,03,17,5,3.7778
2017,03,17,6,9.05966
2017,03,17,7,10.447
2017,03,18,0,10.4877
2017,03,18,1,9.72623
2017,03,18,2,8.791129999999999
2017,03,18,3,8.13154
2017,03,18,4,8.0805
2017,03,18,5,7.6291199999999995
2017,03,18,6,5.94712
2017,03,18,7,5.5267100000000005
2017,03,19,0,6.85071
2017,03,19,1,7.85404
2017,03,19,2,9.55932
2017,03,19,3,10.475
2017,03,19,4,10.2117
2017,03,19,5,9.427290000000001
2017,03,19,6,9.25993
2017,03,19,7,9.181479999999999
2017,03,20,0,9.56128
2017,03,20,1,9.828280000000001
2017,03,20,2,9.93881
2017,03,20,3,9.418940000000001
2017,03,20,4,9.10713
2017,03,20,5,8.81625
2017,03,20,6,9.11876
2017,03,20,7,10.8233
2017,03,21,0,11.9584
2017,03,21,1,12.338799999999999
2017,03,21,2,12.193
2017,03,21,3,11.4909
2017,03,21,4,10.100200000000001
2017,03,21,5,8.668299999999999
2017,03,21,6,8.43669
2017,03,21,7,9.9642
2017,03,22,0,8.94093
2017,03,22,1,8.56747
2017,03,22,2,8.32975
2017,03,22,3,8.24024
2017,03,22,4,11.630799999999999
2017,03,22,5,10.9514
2017,03,22,6,11.4807
2017,03,22,7,12.819
2017,03,23,0,14.8145
2017,03,23,1,11.591899999999999
2017,03,23,2,9.98602
2017,03,23,3,8.33274
2017,03,23,4,5.2701899999999995
2017,03,23,5,5.24219
2017,03,23,6,4.77246
2017,03,23,7,6.10722
2017,03,24,0,7.21066
2017,03,24,1,7.47663
2017,03,24,2,7.6487
2017,03,24,3,7.69906
2017,03,24,4,8.21947
2017,03,24,5,8.08473
2017,03,24,6,6.1389
2017,03,24,7,5.0633
2017,03,25,0,7.24386
2017,03,25,1,7.49474
2017,03,25,2,6.31841
2017,03,25,3,6.226850000000001
2017,03,25,4,7.18167
2017,03,25,5,9.13013
2017,03,25,6,10.079
2017,03,25,7,10.190700000000001
2017,03,26,0,9.69276
2017,03,26,1,8.51151
2017,03,26,2,7.58386
2017,03,26,3,6.73064
2017,03,26,4,6.5811
2017,03,26,5,7.36813
2017,03,26,6,7.78235
2017,03,26,7,10.687899999999999
2017,03,27,0,14.8096
2017,03,27,1,16.4733
2017,03,27,2,15.1519
2017,03,27,3,13.261700000000001
2017,03,27,4,13.924
2017,03,27,5,11.1987
2017,03,27,6,11.0107
2017,03,27,7,8.09913
2017,03,28,0,7.91005
2017,03,28,1,8.38491
2017,03,28,2,7.13231
2017,03,28,3,5.92096
2017,03,28,4,6.71297
2017,03,28,5,6.9219
2017,03,28,6,6.22168
2017,03,28,7,6.18063
2017,03,29,0,7.65803
2017,03,29,1,7.9633400000000005
2017,03,29,2,7.83868
2017,03,29,3,7.413390000000001
2017,03,29,4,7.05134
2017,03,29,5,7.90503
2017,03,29,6,11.0101
2017,03,29,7,12.136299999999999
2017,03,30,0,12.036700000000002
2017,03,30,1,11.326600000000001
2017,03,30,2,10.7075
2017,03,30,3,14.9504
2017,03,30,4,9.28099
2017,03,30,5,3.4769200000000002
2017,03,30,6,2.5696999999999997
2017,03,30,7,3.4315300000000004
2017,03,31,0,5.40455
2017,03,31,1,7.58018
2017,03,31,2,9.0545
2017,03,31,3,9.04034
2017,03,31,4,7.92509
2017,03,31,5,6.54766
2017,03,31,6,5.93829
2017,03,31,7,6.75345
2017,03,1,0,7.552020000000001
2017,03,1,1,7.87916
2017,03,1,2,8.02957
2017,03,1,3,8.69482
2017,03,1,4,9.506860000000001
2017,03,1,5,8.48407
2017,03,1,6,7.91868
2017,03,1,7,7.1797200000000005
2017,03,2,0,5.96349
2017,03,2,1,4.08345
2017,03,2,2,3.3099000000000003
2017,03,2,3,2.8023800000000003
2017,03,2,4,2.8070500000000003
2017,03,2,5,3.0996799999999998
2017,03,2,6,3.10919
2017,03,2,7,3.63894
2017,03,3,0,4.55628
2017,03,3,1,5.88914
2017,03,3,2,7.30573
2017,03,3,3,8.47677
2017,03,3,4,10.4015
2017,03,3,5,10.9876
2017,03,3,6,11.2486
2017,03,3,7,12.5669
2017,03,4,0,13.492799999999999
2017,03,4,1,10.212200000000001
2017,03,4,2,11.5224
2017,03,4,3,9.98717
2017,03,4,4,9.27238
2017,03,4,5,8.78896
2017,03,4,6,8.499319999999999
2017,03,4,7,8.2843
2017,03,5,0,8.51605
2017,03,5,1,7.79056
2017,03,5,2,7.4096
2017,03,5,3,7.20095
2017,03,5,4,6.76474
2017,03,5,5,5.9966800000000005
2017,03,5,6,5.51309
2017,03,5,7,5.50242
2017,03,6,0,6.09025
2017,03,6,1,7.353
2017,03,6,2,8.531690000000001
2017,03,6,3,9.72107
2017,03,6,4,10.4964
2017,03,6,5,12.4764
2017,03,6,6,14.5555
2017,03,6,7,14.178
2017,03,7,0,14.575700000000001
2017,03,7,1,14.174100000000001
2017,03,7,2,11.3913
2017,03,7,3,7.39243
2017,03,7,4,4.93128
2017,03,7,5,4.41377
2017,03,7,6,4.433140000000001
2017,03,7,7,3.9477399999999996
2017,03,8,0,2.75829
2017,03,8,1,2.11233
2017,03,8,2,1.76142
2017,03,8,3,1.9342000000000001
2017,03,8,4,1.35656
2017,03,8,5,1.5026700000000002
2017,03,8,6,1.59271
2017,03,8,7,1.9178499999999998
2017,03,9,0,2.46301
2017,03,9,1,3.5131900000000003
2017,03,9,2,4.905609999999999
2017,03,9,3,6.34425
2017,03,9,4,7.942399999999999
2017,03,9,5,8.16435
2017,03,9,6,7.26458
2017,03,9,7,8.84605
2017,03,10,0,10.9186
2017,03,10,1,10.3271
2017,03,10,2,9.3235
2017,03,10,3,7.58217
2017,03,10,4,6.59816
2017,03,10,5,6.67686
2017,03,10,6,5.9881400000000005
2017,03,10,7,5.73675
2017,03,11,0,5.3984499999999995
2017,03,11,1,4.47055
2017,03,11,2,3.39227
2017,03,11,3,2.55443
2017,03,11,4,2.1597600000000003
2017,03,11,5,1.9808299999999999
2017,03,11,6,1.65291
2017,03,11,7,1.33832
2017,03,12,0,1.26878
2017,03,12,1,2.66397
2017,03,12,2,4.07187
2017,03,12,3,4.63889
2017,03,12,4,5.45266
2017,03,12,5,5.792140000000001
2017,03,12,6,6.42764
2017,03,12,7,7.3328999999999995
2017,03,13,0,7.67431
2017,03,13,1,7.23909
2017,03,13,2,7.24473
2017,03,13,3,8.71085
2017,03,13,4,11.1164
2017,03,13,5,14.6157
2017,03,13,6,16.6943
2017,03,13,7,13.5835
2017,03,14,0,13.298200000000001
2017,03,14,1,13.092799999999999
2017,03,14,2,10.7298
2017,03,14,3,8.26228
2017,03,14,4,6.89334
2017,03,14,5,7.17704
2017,03,14,6,7.48779
2017,03,14,7,8.95239
2017,03,15,0,9.794379999999999
2017,03,15,1,9.870719999999999
2017,03,15,2,9.0354
2017,03,15,3,7.890689999999999
2017,03,15,4,7.09157
2017,03,15,5,6.47823
2017,03,15,6,5.39135
2017,03,15,7,5.36248
2017,03,16,0,5.758850000000001
2017,03,16,1,6.17171
2017,03,16,2,7.8302
2017,03,16,3,9.80704
2017,03,16,4,11.351600000000001
2017,03,16,5,9.60675
2017,03,16,6,9.887889999999999
2017,03,16,7,10.8559
2017,03,17,0,11.926200000000001
2017,03,17,1,11.4122
2017,03,17,2,10.818299999999999
2017,03,17,3,10.301
2017,03,17,4,9.51579
2017,03,17,5,8.58968
2017,03,17,6,7.07815
2017,03,17,7,7.06447
2017,03,18,0,9.67023
2017,03,18,1,13.7454
2017,03,18,2,15.4985
2017,03,18,3,13.4628
2017,03,18,4,11.725700000000002
2017,03,18,5,12.1012
2017,03,18,6,8.976379999999999
2017,03,18,7,6.4648699999999995
2017,03,19,0,6.058439999999999
2017,03,19,1,6.32262
2017,03,19,2,6.4292
2017,03,19,3,7.70938
2017,03,19,4,5.41443
2017,03,19,5,4.39513
2017,03,19,6,3.57775
2017,03,19,7,4.4576
2017,03,20,0,5.6708
2017,03,20,1,6.58281
2017,03,20,2,6.75029
2017,03,20,3,6.52046
2017,03,20,4,5.77515
2017,03,20,5,5.0084
2017,03,20,6,4.4800699999999996
2017,03,20,7,4.9986999999999995
2017,03,21,0,4.5572799999999996
2017,03,21,1,4.408729999999999
2017,03,21,2,4.72917
2017,03,21,3,5.27684
2017,03,21,4,6.58057
2017,03,21,5,10.6091
2017,03,21,6,12.8088
2017,03,21,7,12.8158
2017,03,22,0,12.451799999999999
2017,03,22,1,14.002
2017,03,22,2,11.397
2017,03,22,3,8.2971
2017,03,22,4,9.66702
2017,03,22,5,10.591
2017,03,22,6,8.36979
2017,03,22,7,7.0485
2017,03,23,0,7.209149999999999
2017,03,23,1,9.493879999999999
2017,03,23,2,13.3058
2017,03,23,3,15.713299999999998
2017,03,23,4,11.521
2017,03,23,5,9.714450000000001
2017,03,23,6,10.6255
2017,03,23,7,12.536
2017,03,24,0,8.90602
2017,03,24,1,9.427
2017,03,24,2,11.3339
2017,03,24,3,12.0604
2017,03,24,4,12.9568
2017,03,24,5,11.509
2017,03,24,6,10.8708
2017,03,24,7,10.9385
2017,03,25,0,10.4427
2017,03,25,1,8.30302
2017,03,25,2,8.92015
2017,03,25,3,8.4956
2017,03,25,4,8.26432
2017,03,25,5,6.76436
2017,03,25,6,4.73475
2017,03,25,7,5.86681
2017,03,26,0,6.9762200000000005
2017,03,26,1,7.26313
2017,03,26,2,5.7825299999999995
2017,03,26,3,5.15033
2017,03,26,4,7.62931
2017,03,26,5,10.5784
2017,03,26,6,10.3741
2017,03,26,7,10.1897
2017,03,27,0,10.1684
2017,03,27,1,7.78142
2017,03,27,2,9.651819999999999
2017,03,27,3,10.734399999999999
2017,03,27,4,11.8319
2017,03,27,5,12.492
2017,03,27,6,11.8338
2017,03,27,7,12.4019
2017,03,28,0,13.112
2017,03,28,1,8.65982
2017,03,28,2,4.46788
2017,03,28,3,2.7775700000000003
2017,03,28,4,1.78532
2017,03,28,5,1.88973
2017,03,28,6,3.15838
2017,03,28,7,4.33589
2017,03,29,0,4.921930000000001
2017,03,29,1,4.98435
2017,03,29,2,5.27325
2017,03,29,3,6.519979999999999
2017,03,29,4,8.7465
2017,03,29,5,9.71026
2017,03,29,6,9.23523
2017,03,29,7,7.86434
2017,03,30,0,6.66876
2017,03,30,1,9.69948
2017,03,30,2,11.6495
2017,03,30,3,9.63193
2017,03,30,4,9.87107
2017,03,30,5,8.48116
2017,03,30,6,8.022689999999999
2017,03,30,7,7.4005
2017,03,31,0,8.38425
2017,03,31,1,11.9041
2017,03,31,2,8.17251
2017,03,31,3,10.117
2017,03,31,4,4.17363
2017,03,31,5,4.46005
2017,03,31,6,5.19695
2017,03,31,7,4.76804
2017,03,1,0,5.32502
2017,03,1,1,5.21709
2017,03,1,2,4.06279
2017,03,1,3,4.22291
2017,03,1,4,7.13253
2017,03,1,5,8.03421
2017,03,1,6,8.09526
2017,03,1,7,6.10391
2017,03,2,0,5.97659
2017,03,2,1,4.88818
2017,03,2,2,4.006489999999999
2017,03,2,3,4.83722
2017,03,2,4,6.7154
2017,03,2,5,11.286100000000001
2017,03,2,6,13.4614
2017,03,2,7,12.7273
2017,03,3,0,6.49955
2017,03,3,1,5.5539499999999995
2017,03,3,2,5.45655
2017,03,3,3,4.74055
2017,03,3,4,4.71516
2017,03,3,5,4.20179
2017,03,3,6,3.4998299999999998
2017,03,3,7,3.93594
2017,03,4,0,3.65216
2017,03,4,1,3.16498
2017,03,4,2,3.21763
2017,03,4,3,3.16162
2017,03,4,4,3.5596
2017,03,4,5,4.17049
2017,03,4,6,6.0702
2017,03,4,7,7.60229
2017,03,5,0,8.33318
2017,03,5,1,8.15922
2017,03,5,2,8.3575
2017,03,5,3,8.56284
2017,03,5,4,7.98662
2017,03,5,5,7.479850000000001
2017,03,5,6,6.7396899999999995
2017,03,5,7,6.58998
2017,03,6,0,6.96179
2017,03,6,1,7.2467299999999994
2017,03,6,2,6.94233
2017,03,6,3,6.83045
2017,03,6,4,6.83528
2017,03,6,5,6.41926
2017,03,6,6,6.092890000000001
2017,03,6,7,5.77372
2017,03,7,0,6.12571
2017,03,7,1,5.887479999999999
2017,03,7,2,6.50018
2017,03,7,3,8.20774
2017,03,7,4,9.32079
2017,03,7,5,11.0499
2017,03,7,6,15.8565
2017,03,7,7,18.402900000000002
2017,03,8,0,16.9358
2017,03,8,1,17.1434
2017,03,8,2,18.7896
2017,03,8,3,18.2095
2017,03,8,4,19.173299999999998
2017,03,8,5,15.4543
2017,03,8,6,10.018
2017,03,8,7,9.06404
2017,03,9,0,9.71398
2017,03,9,1,10.225700000000002
2017,03,9,2,10.4919
2017,03,9,3,10.959
2017,03,9,4,12.8789
2017,03,9,5,12.805399999999999
2017,03,9,6,12.0625
2017,03,9,7,10.098
2017,03,10,0,8.39514
2017,03,10,1,7.93135
2017,03,10,2,7.22799
2017,03,10,3,6.10904
2017,03,10,4,5.253220000000001
2017,03,10,5,5.06276
2017,03,10,6,4.2988
2017,03,10,7,3.2498899999999997
2017,03,11,0,5.07772
2017,03,11,1,6.98738
2017,03,11,2,11.888200000000001
2017,03,11,3,14.094100000000001
2017,03,11,4,14.1673
2017,03,11,5,13.705200000000001
2017,03,11,6,13.096
2017,03,11,7,7.34487
2017,03,12,0,5.207109999999999
2017,03,12,1,4.31675
2017,03,12,2,3.95125
2017,03,12,3,3.85258
2017,03,12,4,3.66508
2017,03,12,5,3.7170199999999998
2017,03,12,6,3.8025700000000002
2017,03,12,7,4.1325
2017,03,13,0,4.482060000000001
2017,03,13,1,4.77232
2017,03,13,2,4.6243
2017,03,13,3,5.0967
2017,03,13,4,4.9285
2017,03,13,5,4.26011
2017,03,13,6,3.8823000000000003
2017,03,13,7,3.9963699999999998
2017,03,14,0,4.51496
2017,03,14,1,4.4801400000000005
2017,03,14,2,4.51863
2017,03,14,3,4.19212
2017,03,14,4,3.6320900000000003
2017,03,14,5,3.04772
2017,03,14,6,2.52474
2017,03,14,7,2.50829
2017,03,15,0,2.71039
2017,03,15,1,2.69261
2017,03,15,2,2.60023
2017,03,15,3,2.30783
2017,03,15,4,2.19254
2017,03,15,5,2.3791100000000003
2017,03,15,6,2.48882
2017,03,15,7,2.65896
2017,03,16,0,2.89892
2017,03,16,1,3.36473
2017,03,16,2,4.06729
2017,03,16,3,4.25819
2017,03,16,4,4.73379
2017,03,16,5,5.16204
2017,03,16,6,5.19235
2017,03,16,7,5.15779
2017,03,17,0,5.80581
2017,03,17,1,6.70922
2017,03,17,2,7.00773
2017,03,17,3,6.89942
2017,03,17,4,6.94865
2017,03,17,5,6.94908
2017,03,17,6,6.70687
2017,03,17,7,5.96403
2017,03,18,0,6.51346
2017,03,18,1,7.45012
2017,03,18,2,8.85942
2017,03,18,3,8.91886
2017,03,18,4,8.60266
2017,03,18,5,7.62432
2017,03,18,6,8.02514
2017,03,18,7,8.38179
2017,03,19,0,8.03548
2017,03,19,1,6.83775
2017,03,19,2,6.9372
2017,03,19,3,7.45131
2017,03,19,4,7.671399999999999
2017,03,19,5,7.6050699999999996
2017,03,19,6,6.894729999999999
2017,03,19,7,6.027909999999999
2017,03,20,0,7.66706
2017,03,20,1,8.5212
2017,03,20,2,8.559959999999998
2017,03,20,3,8.48022
2017,03,20,4,8.20272
2017,03,20,5,7.2837700000000005
2017,03,20,6,5.81193
2017,03,20,7,7.18021
2017,03,21,0,7.20601
2017,03,21,1,7.8289
2017,03,21,2,8.89288
2017,03,21,3,7.9320200000000005
2017,03,21,4,3.40087
2017,03,21,5,2.26145
2017,03,21,6,2.29974
2017,03,21,7,2.5344499999999996
2017,03,22,0,2.2926100000000003
2017,03,22,1,2.00713
2017,03,22,2,2.33813
2017,03,22,3,2.2153899999999997
2017,03,22,4,2.27583
2017,03,22,5,2.4781
2017,03,22,6,2.9940700000000002
2017,03,22,7,3.43236
2017,03,23,0,4.0589699999999995
2017,03,23,1,5.042140000000001
2017,03,23,2,5.4808
2017,03,23,3,5.20659
2017,03,23,4,5.42663
2017,03,23,5,5.8128400000000005
2017,03,23,6,5.86883
2017,03,23,7,6.03424
2017,03,24,0,6.805470000000001
2017,03,24,1,7.21847
2017,03,24,2,7.12923
2017,03,24,3,7.08787
2017,03,24,4,8.28007
2017,03,24,5,9.72883
2017,03,24,6,10.0498
2017,03,24,7,9.73
2017,03,25,0,10.052100000000001
2017,03,25,1,10.407399999999999
2017,03,25,2,10.0815
2017,03,25,3,10.0436
2017,03,25,4,9.166049999999998
2017,03,25,5,8.39954
2017,03,25,6,8.56142
2017,03,25,7,8.27464
2017,03,26,0,7.60038
2017,03,26,1,5.66421
2017,03,26,2,3.6078099999999997
2017,03,26,3,3.16603
2017,03,26,4,2.79787
2017,03,26,5,2.8837800000000002
2017,03,26,6,3.78782
2017,03,26,7,5.32606
2017,03,27,0,7.632350000000001
2017,03,27,1,9.43158
2017,03,27,2,7.33731
2017,03,27,3,7.92162
2017,03,27,4,10.7331
2017,03,27,5,12.7897
2017,03,27,6,12.494299999999999
2017,03,27,7,11.614700000000001
2017,03,28,0,8.057979999999999
2017,03,28,1,4.881609999999999
2017,03,28,2,3.58593
2017,03,28,3,3.46028
2017,03,28,4,2.95725
2017,03,28,5,3.29733
2017,03,28,6,4.1845
2017,03,28,7,3.85125
2017,03,29,0,3.66832
2017,03,29,1,3.8971
2017,03,29,2,3.81414
2017,03,29,3,4.98093
2017,03,29,4,5.78129
2017,03,29,5,5.2810299999999994
2017,03,29,6,6.446350000000001
2017,03,29,7,5.64887
2017,03,30,0,8.07982
2017,03,30,1,11.1205
2017,03,30,2,13.0195
2017,03,30,3,12.550600000000001
2017,03,30,4,10.5037
2017,03,30,5,7.86316
2017,03,30,6,3.85454
2017,03,30,7,3.3866300000000003
2017,03,1,0,4.43882
2017,03,1,1,4.33648
2017,03,1,2,4.30846
2017,03,1,3,4.57637
2017,03,1,4,4.55922
2017,03,1,5,4.36514
2017,03,1,6,4.4257100000000005
2017,03,1,7,4.671810000000001
2017,03,2,0,4.67812
2017,03,2,1,4.31504
2017,03,2,2,3.6078200000000002
2017,03,2,3,2.9186799999999997
2017,03,2,4,2.1882800000000002
2017,03,2,5,1.60412
2017,03,2,6,1.2353299999999998
2017,03,2,7,1.14055
2017,03,3,0,1.34544
2017,03,3,1,1.60945
2017,03,3,2,1.66453
2017,03,3,3,1.62246
2017,03,3,4,1.97729
2017,03,3,5,1.7103199999999998
2017,03,3,6,2.43848
2017,03,3,7,5.543810000000001
2017,03,4,0,11.227
2017,03,4,1,9.56372
2017,03,4,2,10.3306
2017,03,4,3,11.3284
2017,03,4,4,11.953899999999999
2017,03,4,5,12.3747
2017,03,4,6,12.7623
2017,03,4,7,12.9266
2017,03,5,0,11.779399999999999
2017,03,5,1,10.8088
2017,03,5,2,9.285870000000001
2017,03,5,3,7.4064700000000006
2017,03,5,4,6.077310000000001
2017,03,5,5,3.88319
2017,03,5,6,3.06109
2017,03,5,7,3.0339899999999997
2017,03,6,0,3.53248
2017,03,6,1,2.2168699999999997
2017,03,6,2,5.522609999999999
2017,03,6,3,5.83277
2017,03,6,4,6.45763
2017,03,6,5,7.65043
2017,03,6,6,7.337689999999999
2017,03,6,7,6.08589
2017,03,7,0,6.81154
2017,03,7,1,4.87304
2017,03,7,2,5.90503
2017,03,7,3,4.14267
2017,03,7,4,3.4158600000000003
2017,03,7,5,4.26812
2017,03,7,6,4.92776
2017,03,7,7,5.037310000000001
2017,03,8,0,4.77863
2017,03,8,1,4.00115
2017,03,8,2,1.17035
2017,03,8,3,1.42508
2017,03,8,4,1.4625899999999998
2017,03,8,5,1.56918
2017,03,8,6,2.45791
2017,03,8,7,2.80256
2017,03,9,0,3.10297
2017,03,9,1,5.0225
2017,03,9,2,6.504
2017,03,9,3,7.2483
2017,03,9,4,6.5457600000000005
2017,03,9,5,4.11911
2017,03,9,6,1.94258
2017,03,9,7,2.24206
2017,03,10,0,2.38346
2017,03,10,1,2.70295
2017,03,10,2,2.98206
2017,03,10,3,2.87106
2017,03,10,4,2.85415
2017,03,10,5,3.06901
2017,03,10,6,3.14184
2017,03,10,7,3.2632800000000004
2017,03,11,0,3.54641
2017,03,11,1,3.7441500000000003
2017,03,11,2,3.81221
2017,03,11,3,3.60397
2017,03,11,4,3.2061599999999997
2017,03,11,5,2.76787
2017,03,11,6,2.36969
2017,03,11,7,2.08359
2017,03,12,0,1.7745199999999999
2017,03,12,1,1.64115
2017,03,12,2,1.7002599999999999
2017,03,12,3,1.78711
2017,03,12,4,1.79137
2017,03,12,5,1.81171
2017,03,12,6,1.91336
2017,03,12,7,2.17401
2017,03,13,0,2.2971
2017,03,13,1,2.5714200000000003
2017,03,13,2,2.7381599999999997
2017,03,13,3,2.71718
2017,03,13,4,2.63393
2017,03,13,5,2.5210500000000002
2017,03,13,6,2.39091
2017,03,13,7,1.95165
2017,03,14,0,1.1349500000000001
2017,03,14,1,0.954915
2017,03,14,2,1.79272
2017,03,14,3,3.91353
2017,03,14,4,3.96903
2017,03,14,5,3.64344
2017,03,14,6,4.39463
2017,03,14,7,4.1738100000000005
2017,03,15,0,3.6989699999999996
2017,03,15,1,1.9866400000000002
2017,03,15,2,2.00855
2017,03,15,3,4.27102
2017,03,15,4,7.20064
2017,03,15,5,8.812389999999999
2017,03,15,6,9.18403
2017,03,15,7,8.898280000000002
2017,03,16,0,7.77217
2017,03,16,1,3.60974
2017,03,16,2,1.36785
2017,03,16,3,3.11282
2017,03,16,4,3.2059499999999996
2017,03,16,5,3.99852
2017,03,16,6,5.2832
2017,03,16,7,7.19034
2017,03,17,0,8.9246
2017,03,17,1,7.63521
2017,03,17,2,5.77393
2017,03,17,3,6.444100000000001
2017,03,17,4,7.26708
2017,03,17,5,7.58519
2017,03,17,6,6.57995
2017,03,17,7,4.624140000000001
2017,03,18,0,3.50159
2017,03,18,1,2.69254
2017,03,18,2,2.0291
2017,03,18,3,1.8271700000000002
2017,03,18,4,1.85263
2017,03,18,5,2.33362
2017,03,18,6,3.66181
2017,03,18,7,5.56828
2017,03,19,0,7.59228
2017,03,19,1,7.01314
2017,03,19,2,6.3104
2017,03,19,3,5.42199
2017,03,19,4,4.06424
2017,03,19,5,3.69367
2017,03,19,6,5.786479999999999
2017,03,19,7,5.30223
2017,03,20,0,4.284470000000001
2017,03,20,1,4.19182
2017,03,20,2,5.98322
2017,03,20,3,6.4581599999999995
2017,03,20,4,5.44393
2017,03,20,5,4.28404
2017,03,20,6,3.21904
2017,03,20,7,3.12816
2017,03,21,0,2.98144
2017,03,21,1,3.0699699999999996
2017,03,21,2,3.32315
2017,03,21,3,3.07638
2017,03,21,4,3.1246300000000002
2017,03,21,5,1.26364
2017,03,21,6,1.46152
2017,03,21,7,1.77465
2017,03,22,0,2.62844
2017,03,22,1,4.04587
2017,03,22,2,4.38721
2017,03,22,3,6.10257
2017,03,22,4,6.62412
2017,03,22,5,6.55197
2017,03,22,6,5.97282
2017,03,22,7,5.55034
2017,03,23,0,3.71
2017,03,23,1,2.58561
2017,03,23,2,3.03792
2017,03,23,3,3.3
2017,03,23,4,2.74608
2017,03,23,5,2.3755
2017,03,23,6,3.32495
2017,03,23,7,5.16272
2017,03,24,0,7.52351
2017,03,24,1,10.6841
2017,03,24,2,12.5688
2017,03,24,3,9.505799999999999
2017,03,24,4,5.45604
2017,03,24,5,5.5735600000000005
2017,03,24,6,6.94548
2017,03,24,7,7.96038
2017,03,25,0,9.36366
2017,03,25,1,10.9506
2017,03,25,2,13.659799999999999
2017,03,25,3,11.971200000000001
2017,03,25,4,8.75166
2017,03,25,5,5.11686
2017,03,25,6,3.5887399999999996
2017,03,25,7,2.8944099999999997
2017,03,26,0,2.28073
2017,03,26,1,1.94865
2017,03,26,2,1.8738800000000002
2017,03,26,3,3.64483
2017,03,26,4,4.99925
2017,03,26,5,7.29643
2017,03,26,6,7.61883
2017,03,26,7,7.89457
2017,03,27,0,9.01326
2017,03,27,1,10.8381
2017,03,27,2,11.5197
2017,03,27,3,14.256200000000002
2017,03,27,4,13.187700000000001
2017,03,27,5,12.725100000000001
2017,03,27,6,11.534799999999999
2017,03,27,7,11.658700000000001
2017,03,28,0,7.52742
2017,03,28,1,7.71104
2017,03,28,2,8.39432
2017,03,28,3,8.82256
2017,03,28,4,7.31127
2017,03,28,5,3.5213
2017,03,28,6,2.48095
2017,03,28,7,2.01402
2017,03,29,0,2.22113
2017,03,29,1,2.4209699999999996
2017,03,29,2,2.18346
2017,03,29,3,2.00816
2017,03,29,4,1.91119
2017,03,29,5,1.63118
2017,03,29,6,1.18066
2017,03,29,7,1.0386900000000001
2017,03,30,0,1.68857
2017,03,30,1,2.6019200000000002
2017,03,30,2,2.5972199999999996
2017,03,30,3,2.48257
2017,03,30,4,3.14654
2017,03,30,5,3.94607
2017,03,30,6,3.66424
2017,03,30,7,4.66259
2017,03,31,0,5.17429
2017,03,31,1,5.8588000000000005
2017,03,31,2,8.439200000000001
2017,03,31,3,10.790299999999998
2017,03,31,4,9.78215
2017,03,31,5,7.41843
2017,03,31,6,4.32182
2017,03,31,7,3.5884699999999996
2017,03,1,0,4.274520000000001
2017,03,1,1,3.8195900000000003
2017,03,1,2,3.24425
2017,03,1,3,2.83065
2017,03,1,4,2.65421
2017,03,1,5,2.36406
2017,03,1,6,2.08027
2017,03,1,7,1.9256300000000002
2017,03,2,0,1.754
2017,03,2,1,1.45281
2017,03,2,2,1.08769
2017,03,2,3,0.914201
2017,03,2,4,0.787812
2017,03,2,5,0.7141259999999999
2017,03,2,6,0.689659
2017,03,2,7,0.659672
2017,03,3,0,0.610212
2017,03,3,1,0.599756
2017,03,3,2,0.5752970000000001
2017,03,3,3,0.511709
2017,03,3,4,0.516673
2017,03,3,5,0.594731
2017,03,3,6,0.699395
2017,03,3,7,0.886322
2017,03,4,0,1.23098
2017,03,4,1,1.5050999999999999
2017,03,4,2,1.5742
2017,03,4,3,1.58719
2017,03,4,4,1.67862
2017,03,4,5,1.99776
2017,03,4,6,2.21062
2017,03,4,7,2.31076
2017,03,5,0,2.2602399999999996
2017,03,5,1,2.1004099999999997
2017,03,5,2,1.9677799999999999
2017,03,5,3,1.6813
2017,03,5,4,1.59893
2017,03,5,5,1.7634100000000001
2017,03,5,6,1.46095
2017,03,5,7,1.24701
2017,03,6,0,1.31619
2017,03,6,1,1.24732
2017,03,6,2,0.95639
2017,03,6,3,0.928436
2017,03,6,4,1.00741
2017,03,6,5,1.05019
2017,03,6,6,1.28026
2017,03,6,7,1.57368
2017,03,7,0,1.84493
2017,03,7,1,1.78298
2017,03,7,2,2.52209
2017,03,7,3,3.2968200000000003
2017,03,7,4,3.6671
2017,03,7,5,3.6575
2017,03,7,6,3.51387
2017,03,7,7,3.24886
2017,03,8,0,3.1541300000000003
2017,03,8,1,2.34406
2017,03,8,2,1.04955
2017,03,8,3,0.738515
2017,03,8,4,0.822813
2017,03,8,5,1.01122
2017,03,8,6,1.5058399999999998
2017,03,8,7,1.95705
2017,03,9,0,2.0968299999999997
2017,03,9,1,1.98092
2017,03,9,2,1.9874100000000001
2017,03,9,3,1.76572
2017,03,9,4,1.29537
2017,03,9,5,0.988359
2017,03,9,6,2.01878
2017,03,9,7,6.0167600000000006
2017,03,10,0,6.81929
2017,03,10,1,6.70775
2017,03,10,2,5.98437
2017,03,10,3,4.77653
2017,03,10,4,3.16749
2017,03,10,5,1.31074
2017,03,10,6,1.14867
2017,03,10,7,1.5103499999999999
2017,03,11,0,1.75849
2017,03,11,1,1.87749
2017,03,11,2,1.93437
2017,03,11,3,2.21973
2017,03,11,4,2.1481500000000002
2017,03,11,5,2.52
2017,03,11,6,2.72598
2017,03,11,7,3.0586599999999997
2017,03,12,0,4.02303
2017,03,12,1,4.27696
2017,03,12,2,4.156899999999999
2017,03,12,3,4.01124
2017,03,12,4,3.75168
2017,03,12,5,4.16842
2017,03,12,6,4.4852799999999995
2017,03,12,7,4.9333100000000005
2017,03,13,0,4.541060000000001
2017,03,13,1,3.50285
2017,03,13,2,2.19616
2017,03,13,3,1.13494
2017,03,13,4,1.45511
2017,03,13,5,1.7476800000000001
2017,03,13,6,2.69354
2017,03,13,7,4.100779999999999
2017,03,14,0,4.49484
2017,03,14,1,4.28026
2017,03,14,2,4.02919
2017,03,14,3,3.7241999999999997
2017,03,14,4,3.6656500000000003
2017,03,14,5,3.4155
2017,03,14,6,3.60392
2017,03,14,7,4.0087399999999995
2017,03,15,0,4.141
2017,03,15,1,3.79944
2017,03,15,2,3.76911
2017,03,15,3,4.00772
2017,03,15,4,4.22888
2017,03,15,5,4.40825
2017,03,15,6,4.351850000000001
2017,03,15,7,4.20603
2017,03,16,0,4.1535
2017,03,16,1,3.94947
2017,03,16,2,3.22073
2017,03,16,3,3.00318
2017,03,16,4,3.0285
2017,03,16,5,1.863
2017,03,16,6,1.98253
2017,03,16,7,1.9483599999999999
2017,03,17,0,1.87103
2017,03,17,1,1.92792
2017,03,17,2,1.9718699999999998
2017,03,17,3,1.8085499999999999
2017,03,17,4,1.4621099999999998
2017,03,17,5,1.23119
2017,03,17,6,1.35294
2017,03,17,7,1.89876
2017,03,18,0,3.51553
2017,03,18,1,2.9627600000000003
2017,03,18,2,3.19902
2017,03,18,3,3.25874
2017,03,18,4,3.47439
2017,03,18,5,3.55579
2017,03,18,6,2.2163600000000003
2017,03,18,7,2.4836300000000002
2017,03,19,0,3.01167
2017,03,19,1,3.42825
2017,03,19,2,4.11954
2017,03,19,3,5.314520000000001
2017,03,19,4,5.90299
2017,03,19,5,5.93278
2017,03,19,6,5.59947
2017,03,19,7,4.43266
2017,03,20,0,2.2838499999999997
2017,03,20,1,1.88847
2017,03,20,2,1.43434
2017,03,20,3,1.0775599999999999
2017,03,20,4,1.17956
2017,03,20,5,1.40565
2017,03,20,6,1.6402
2017,03,20,7,1.97791
2017,03,21,0,2.6847800000000004
2017,03,21,1,3.5768299999999997
2017,03,21,2,3.84598
2017,03,21,3,3.69818
2017,03,21,4,3.61083
2017,03,21,5,2.42493
2017,03,21,6,1.74803
2017,03,21,7,2.6834499999999997
2017,03,22,0,3.71051
2017,03,22,1,4.5406
2017,03,22,2,6.906770000000001
2017,03,22,3,7.39016
2017,03,22,4,7.66238
2017,03,22,5,6.87669
2017,03,22,6,7.771439999999999
2017,03,22,7,9.58336
2017,03,23,0,7.88591
2017,03,23,1,10.1693
2017,03,23,2,9.60111
2017,03,23,3,7.34019
2017,03,23,4,4.9209499999999995
2017,03,23,5,5.71025
2017,03,23,6,4.37588
2017,03,23,7,4.43619
2017,03,24,0,4.61343
2017,03,24,1,3.95715
2017,03,24,2,3.81418
2017,03,24,3,3.90655
2017,03,24,4,3.58735
2017,03,24,5,2.8367600000000004
2017,03,24,6,2.6991300000000003
2017,03,24,7,3.6871300000000002
2017,03,25,0,4.70706
2017,03,25,1,4.88624
2017,03,25,2,3.27903
2017,03,25,3,2.63448
2017,03,25,4,2.33677
2017,03,25,5,2.35873
2017,03,25,6,2.61926
2017,03,25,7,2.93507
2017,03,26,0,3.37311
2017,03,26,1,3.8708899999999997
2017,03,26,2,4.88962
2017,03,26,3,5.86034
2017,03,26,4,6.57736
2017,03,26,5,7.49419
2017,03,26,6,8.3889
2017,03,26,7,6.05213
2017,03,27,0,2.78311
2017,03,27,1,2.88374
2017,03,27,2,4.45946
2017,03,27,3,4.6595
2017,03,27,4,4.15398
2017,03,27,5,3.0734299999999997
2017,03,27,6,2.72268
2017,03,27,7,1.66046
2017,03,28,0,2.03213
2017,03,28,1,2.05837
2017,03,28,2,2.8954400000000002
2017,03,28,3,1.45728
2017,03,28,4,2.37993
2017,03,28,5,4.13381
2017,03,28,6,5.0683
2017,03,28,7,3.59911
2017,03,29,0,2.4024699999999997
2017,03,29,1,3.72862
2017,03,29,2,4.13394
2017,03,29,3,3.35037
2017,03,29,4,3.11457
2017,03,29,5,3.3652399999999996
2017,03,29,6,3.25667
2017,03,29,7,3.43203
2017,03,30,0,4.80369
2017,03,30,1,4.23565
2017,03,30,2,2.19089
2017,03,30,3,1.06534
2017,03,30,4,1.02597
2017,03,30,5,0.7881910000000001
2017,03,30,6,0.624473
2017,03,30,7,0.7734829999999999
2017,03,1,0,2.28822
2017,03,1,1,1.77118
2017,03,1,2,1.1713099999999999
2017,03,1,3,1.77949
2017,03,1,4,2.56499
2017,03,1,5,3.26981
2017,03,1,6,3.45058
2017,03,1,7,3.45928
2017,03,2,0,2.2733600000000003
2017,03,2,1,2.63851
2017,03,2,2,2.56562
2017,03,2,3,2.21862
2017,03,2,4,2.1605700000000003
2017,03,2,5,2.06251
2017,03,2,6,1.73244
2017,03,2,7,1.4373699999999998
2017,03,3,0,1.13091
2017,03,3,1,1.02136
2017,03,3,2,1.00676
2017,03,3,3,1.3625699999999998
2017,03,3,4,1.4965
2017,03,3,5,1.4423599999999999
2017,03,3,6,1.73423
2017,03,3,7,1.88248
2017,03,4,0,1.51123
2017,03,4,1,1.7896800000000002
2017,03,4,2,2.3545
2017,03,4,3,3.0337899999999998
2017,03,4,4,3.62444
2017,03,4,5,4.32965
2017,03,4,6,5.06139
2017,03,4,7,5.28077
2017,03,5,0,5.65088
2017,03,5,1,3.61685
2017,03,5,2,1.4227400000000001
2017,03,5,3,1.7564000000000002
2017,03,5,4,1.1875799999999999
2017,03,5,5,1.49139
2017,03,5,6,1.55227
2017,03,5,7,1.16105
2017,03,6,0,1.42055
2017,03,6,1,1.93051
2017,03,6,2,2.9485
2017,03,6,3,4.16918
2017,03,6,4,4.78134
2017,03,6,5,5.06921
2017,03,6,6,6.11662
2017,03,6,7,5.8258
2017,03,7,0,4.85859
2017,03,7,1,4.0828299999999995
2017,03,7,2,2.22378
2017,03,7,3,1.42803
2017,03,7,4,2.07856
2017,03,7,5,2.7537800000000003
2017,03,7,6,3.1150900000000004
2017,03,7,7,2.76248
2017,03,8,0,2.06908
2017,03,8,1,1.85325
2017,03,8,2,2.27712
2017,03,8,3,2.04669
2017,03,8,4,1.92025
2017,03,8,5,1.8776300000000001
2017,03,8,6,1.6408399999999999
2017,03,8,7,1.4545599999999999
2017,03,9,0,2.43322
2017,03,9,1,5.42725
2017,03,9,2,4.722899999999999
2017,03,9,3,4.398140000000001
2017,03,9,4,5.47351
2017,03,9,5,6.8106599999999995
2017,03,9,6,6.9687600000000005
2017,03,9,7,7.01016
2017,03,10,0,9.25361
2017,03,10,1,9.82706
2017,03,10,2,9.46687
2017,03,10,3,9.6688
2017,03,10,4,5.68711
2017,03,10,5,1.39045
2017,03,10,6,1.98186
2017,03,10,7,1.65002
2017,03,11,0,1.71551
2017,03,11,1,2.62146
2017,03,11,2,4.4630600000000005
2017,03,11,3,6.9692
2017,03,11,4,9.33295
2017,03,11,5,11.3122
2017,03,11,6,11.5839
2017,03,11,7,9.13874
2017,03,12,0,7.03877
2017,03,12,1,2.04737
2017,03,12,2,1.2109100000000002
2017,03,12,3,1.6309500000000001
2017,03,12,4,2.31978
2017,03,12,5,2.9417199999999997
2017,03,12,6,3.10361
2017,03,12,7,2.85806
2017,03,13,0,2.90535
2017,03,13,1,2.92927
2017,03,13,2,4.23116
2017,03,13,3,4.54333
2017,03,13,4,2.71265
2017,03,13,5,1.8179100000000001
2017,03,13,6,1.56205
2017,03,13,7,1.90729
2017,03,14,0,2.28572
2017,03,14,1,2.79223
2017,03,14,2,3.83028
2017,03,14,3,5.09034
2017,03,14,4,5.38378
2017,03,14,5,5.7185500000000005
2017,03,14,6,8.085840000000001
2017,03,14,7,9.97518
2017,03,15,0,10.9564
2017,03,15,1,11.028799999999999
2017,03,15,2,9.31382
2017,03,15,3,5.48751
2017,03,15,4,2.60129
2017,03,15,5,2.91305
2017,03,15,6,1.85053
2017,03,15,7,1.77606
2017,03,16,0,1.99053
2017,03,16,1,1.77667
2017,03,16,2,1.256
2017,03,16,3,1.13031
2017,03,16,4,1.67432
2017,03,16,5,1.7333699999999999
2017,03,16,6,1.55052
2017,03,16,7,2.19115
2017,03,17,0,4.10919
2017,03,17,1,7.18954
2017,03,17,2,7.01313
2017,03,17,3,4.730770000000001
2017,03,17,4,3.23337
2017,03,17,5,2.78273
2017,03,17,6,2.56481
2017,03,17,7,1.97523
2017,03,18,0,1.62269
2017,03,18,1,1.75872
2017,03,18,2,1.65064
2017,03,18,3,1.55374
2017,03,18,4,1.76761
2017,03,18,5,2.06867
2017,03,18,6,1.89861
2017,03,18,7,1.81106
2017,03,19,0,1.78369
2017,03,19,1,1.7491400000000001
2017,03,19,2,1.66225
2017,03,19,3,1.4761099999999998
2017,03,19,4,1.56918
2017,03,19,5,1.5937999999999999
2017,03,19,6,1.5103499999999999
2017,03,19,7,1.22564
2017,03,20,0,0.988125
2017,03,20,1,0.926394
2017,03,20,2,0.968607
2017,03,20,3,0.944035
2017,03,20,4,1.38404
2017,03,20,5,2.12359
2017,03,20,6,2.90514
2017,03,20,7,3.55875
2017,03,21,0,3.1077
2017,03,21,1,3.21163
2017,03,21,2,3.7672
2017,03,21,3,3.33407
2017,03,21,4,2.35115
2017,03,21,5,1.81992
2017,03,21,6,1.53393
2017,03,21,7,1.24254
2017,03,22,0,1.1638199999999999
2017,03,22,1,1.16789
2017,03,22,2,1.18786
2017,03,22,3,1.27617
2017,03,22,4,1.17184
2017,03,22,5,1.33773
2017,03,22,6,1.57392
2017,03,22,7,1.62213
2017,03,23,0,1.72018
2017,03,23,1,1.65704
2017,03,23,2,1.53752
2017,03,23,3,1.65685
2017,03,23,4,1.58826
2017,03,23,5,1.42565
2017,03,23,6,1.11928
2017,03,23,7,0.832155
2017,03,24,0,0.761337
2017,03,24,1,0.678163
2017,03,24,2,0.596568
2017,03,24,3,0.562924
2017,03,24,4,0.5317050000000001
2017,03,24,5,0.512531
2017,03,24,6,0.5383150000000001
2017,03,24,7,0.538651
2017,03,25,0,0.534172
2017,03,25,1,0.524796
2017,03,25,2,0.470892
2017,03,25,3,0.360199
2017,03,25,4,0.304378
2017,03,25,5,0.34340699999999996
2017,03,25,6,0.448832
2017,03,25,7,0.531412
2017,03,26,0,0.608024
2017,03,26,1,0.6303099999999999
2017,03,26,2,0.641163
2017,03,26,3,0.668731
2017,03,26,4,0.707206
2017,03,26,5,0.9201119999999999
2017,03,26,6,1.18829
2017,03,26,7,1.37552
2017,03,27,0,1.41154
2017,03,27,1,1.2843699999999998
2017,03,27,2,1.0725799999999999
2017,03,27,3,0.835881
2017,03,27,4,0.66826
2017,03,27,5,0.730228
2017,03,27,6,0.7381169999999999
2017,03,27,7,0.728413
2017,03,28,0,0.7715299999999999
2017,03,28,1,0.749249
2017,03,28,2,0.7078139999999999
2017,03,28,3,0.551312
2017,03,28,4,0.404187
2017,03,28,5,0.37929599999999997
2017,03,28,6,0.420531
2017,03,28,7,0.438012
2017,03,29,0,0.434721
2017,03,29,1,0.417673
2017,03,29,2,0.406225
2017,03,29,3,0.337462
2017,03,29,4,0.28910199999999997
2017,03,29,5,0.34086700000000003
2017,03,29,6,0.35266699999999995
2017,03,29,7,0.32775
2017,03,30,0,0.332473
2017,03,30,1,0.338652
2017,03,30,2,0.36296300000000004
2017,03,30,3,0.360937
2017,03,30,4,0.374485
2017,03,30,5,0.367311
2017,03,30,6,0.359938
2017,03,30,7,0.365839
2017,03,31,0,0.350553
2017,03,31,1,0.33581
2017,03,31,2,0.438149
2017,03,31,3,0.6775410000000001
2017,03,31,4,0.633563
2017,03,31,5,0.714836
2017,03,31,6,0.695477
2017,03,31,7,0.535377
2018,03,1,0,0.445672
2018,03,1,1,0.375756
2018,03,1,2,0.363298
2018,03,1,3,0.324875
2018,03,1,4,0.31624
2018,03,1,5,0.353293
2018,03,1,6,6.4974
2018,03,1,7,3.9283099999999997
2018,03,2,0,2.81694
2018,03,2,1,3.19613
2018,03,2,2,4.18031
2018,03,2,3,5.92963
2018,03,2,4,7.0989700000000004
2018,03,2,5,6.70707
2018,03,2,6,6.297359999999999
2018,03,2,7,5.49203
2018,03,3,0,4.03783
2018,03,3,1,3.68185
2018,03,3,2,4.30543
2018,03,3,3,4.94364
2018,03,3,4,6.97182
2018,03,3,5,6.40359
2018,03,3,6,6.09816
2018,03,3,7,5.36121
2018,03,4,0,6.867319999999999
2018,03,4,1,7.0457
2018,03,4,2,7.49584
2018,03,4,3,7.56118
2018,03,4,4,7.553649999999999
2018,03,4,5,7.37047
2018,03,4,6,7.65424
2018,03,4,7,7.56139
2018,03,5,0,6.22544
2018,03,5,1,5.91152
2018,03,5,2,6.039560000000001
2018,03,5,3,6.7709399999999995
2018,03,5,4,7.56046
2018,03,5,5,8.55986
2018,03,5,6,9.203
2018,03,5,7,8.357
2018,03,6,0,8.36044
2018,03,6,1,6.95826
2018,03,6,2,7.31676
2018,03,6,3,7.88096
2018,03,6,4,4.71014
2018,03,6,5,2.05954
2018,03,6,6,2.69535
2018,03,6,7,3.45959
2018,03,7,0,2.84549
2018,03,7,1,2.59701
2018,03,7,2,2.78051
2018,03,7,3,3.1720300000000003
2018,03,7,4,2.6382399999999997
2018,03,7,5,2.2373499999999997
2018,03,7,6,2.37467
2018,03,7,7,2.85679
2018,03,8,0,3.64413
2018,03,8,1,4.22004
2018,03,8,2,4.46392
2018,03,8,3,4.50563
2018,03,8,4,4.698720000000001
2018,03,8,5,4.89177
2018,03,8,6,4.59117
2018,03,8,7,4.4296999999999995
2018,03,9,0,4.5241999999999996
2018,03,9,1,4.54644
2018,03,9,2,4.73757
2018,03,9,3,4.57811
2018,03,9,4,4.1061000000000005
2018,03,9,5,3.4413400000000003
2018,03,9,6,2.74564
2018,03,9,7,2.1795999999999998
2018,03,10,0,1.8380999999999998
2018,03,10,1,1.7035799999999999
2018,03,10,2,1.54847
2018,03,10,3,1.3238599999999998
2018,03,10,4,1.11384
2018,03,10,5,0.941824
2018,03,10,6,0.857783
2018,03,10,7,0.670798
2018,03,11,0,0.396809
2018,03,11,1,0.335475
2018,03,11,2,0.338615
2018,03,11,3,0.36249400000000004
2018,03,11,4,0.39637700000000003
2018,03,11,5,0.39838799999999996
2018,03,11,6,0.42243400000000003
2018,03,11,7,0.487135
2018,03,12,0,0.5061990000000001
2018,03,12,1,0.47883
2018,03,12,2,0.500457
2018,03,12,3,0.501628
2018,03,12,4,0.45256
2018,03,12,5,0.521361
2018,03,12,6,0.685427
2018,03,12,7,0.9630019999999999
2018,03,13,0,1.25123
2018,03,13,1,1.61653
2018,03,13,2,2.23841
2018,03,13,3,3.08026
2018,03,13,4,4.62293
2018,03,13,5,4.35041
2018,03,13,6,4.02452
2018,03,13,7,3.96804
2018,03,14,0,3.9777199999999997
2018,03,14,1,5.11875
2018,03,14,2,6.3673
2018,03,14,3,7.64386
2018,03,14,4,8.284889999999999
2018,03,14,5,8.207139999999999
2018,03,14,6,7.91526
2018,03,14,7,6.85699
2018,03,15,0,4.84314
2018,03,15,1,3.54305
2018,03,15,2,2.89433
2018,03,15,3,2.7729899999999996
2018,03,15,4,2.9057
2018,03,15,5,3.0055300000000003
2018,03,15,6,3.05628
2018,03,15,7,2.85978
2018,03,16,0,2.63125
2018,03,16,1,3.02743
2018,03,16,2,3.43961
2018,03,16,3,3.1625799999999997
2018,03,16,4,4.37427
2018,03,16,5,5.10917
2018,03,16,6,5.54293
2018,03,16,7,5.920859999999999
2018,03,17,0,6.89734
2018,03,17,1,6.26679
2018,03,17,2,5.099060000000001
2018,03,17,3,5.25091
2018,03,17,4,3.4897199999999997
2018,03,17,5,1.57624
2018,03,17,6,1.5933
2018,03,17,7,2.39458
2018,03,18,0,5.98238
2018,03,18,1,7.43546
2018,03,18,2,7.21857
2018,03,18,3,5.69585
2018,03,18,4,3.43602
2018,03,18,5,3.6463200000000002
2018,03,18,6,3.80186
2018,03,18,7,4.47009
2018,03,19,0,4.74321
2018,03,19,1,4.71384
2018,03,19,2,4.6992899999999995
2018,03,19,3,4.39104
2018,03,19,4,4.2266
2018,03,19,5,3.6628000000000003
2018,03,19,6,3.03198
2018,03,19,7,2.29748
2018,03,20,0,1.87179
2018,03,20,1,1.88083
2018,03,20,2,1.93281
2018,03,20,3,1.92478
2018,03,20,4,2.11531
2018,03,20,5,1.93917
2018,03,20,6,2.04514
2018,03,20,7,2.1701599999999996
2018,03,21,0,2.3610900000000004
2018,03,21,1,2.7331399999999997
2018,03,21,2,2.99789
2018,03,21,3,2.8805300000000003
2018,03,21,4,2.94185
2018,03,21,5,3.4356
2018,03,21,6,4.33774
2018,03,21,7,5.32257
2018,03,22,0,5.204770000000001
2018,03,22,1,5.01371
2018,03,22,2,4.4495
2018,03,22,3,2.5269
2018,03,22,4,1.6335899999999999
2018,03,22,5,2.3163899999999997
2018,03,22,6,2.3298
2018,03,22,7,2.4736599999999997
2018,03,23,0,2.39879
2018,03,23,1,2.40078
2018,03,23,2,2.48208
2018,03,23,3,1.36259
2018,03,23,4,1.2324300000000001
2018,03,23,5,1.35275
2018,03,23,6,1.17977
2018,03,23,7,1.12722
2018,03,24,0,1.32555
2018,03,24,1,2.4752199999999998
2018,03,24,2,3.21951
2018,03,24,3,3.2920100000000003
2018,03,24,4,3.19881
2018,03,24,5,3.3802600000000003
2018,03,24,6,3.2121500000000003
2018,03,24,7,3.3400100000000004
2018,03,25,0,3.7847199999999996
2018,03,25,1,3.6310100000000003
2018,03,25,2,3.9044
2018,03,25,3,3.9893
2018,03,25,4,3.8845300000000003
2018,03,25,5,3.23121
2018,03,25,6,2.73234
2018,03,25,7,2.67708
2018,03,26,0,3.0914
2018,03,26,1,3.29506
2018,03,26,2,3.1791199999999997
2018,03,26,3,2.96765
2018,03,26,4,2.86032
2018,03,26,5,2.7474600000000002
2018,03,26,6,2.57117
2018,03,26,7,2.35643
2018,03,27,0,2.1968400000000003
2018,03,27,1,2.05586
2018,03,27,2,1.92372
2018,03,27,3,1.85181
2018,03,27,4,1.86179
2018,03,27,5,1.7938900000000002
2018,03,27,6,1.7745799999999998
2018,03,27,7,1.7178
2018,03,28,0,1.58679
2018,03,28,1,1.53425
2018,03,28,2,1.44387
2018,03,28,3,1.28051
2018,03,28,4,1.18237
2018,03,28,5,1.06116
2018,03,28,6,1.25904
2018,03,28,7,1.61779
2018,03,29,0,1.9801600000000001
2018,03,29,1,2.77116
2018,03,29,2,4.84434
2018,03,29,3,6.62183
2018,03,29,4,6.14018
2018,03,29,5,4.50278
2018,03,29,6,5.706060000000001
2018,03,29,7,4.95144
2018,03,30,0,4.78132
2018,03,30,1,5.110600000000001
2018,03,30,2,3.40194
2018,03,30,3,2.68839
2018,03,30,4,2.57671
2018,03,30,5,2.43276
2018,03,30,6,2.54554
2018,03,30,7,2.41783
2018,03,31,0,2.52252
2018,03,31,1,2.4729099999999997
2018,03,31,2,2.2693000000000003
2018,03,31,3,2.0997399999999997
2018,03,31,4,2.08039
2018,03,31,5,2.07658
2018,03,31,6,1.97108
2018,03,31,7,1.88439
2018,03,1,0,1.95045
2018,03,1,1,2.03173
2018,03,1,2,2.00694
2018,03,1,3,1.92219
2018,03,1,4,1.8820599999999998
2018,03,1,5,1.829
2018,03,1,6,1.78335
2018,03,1,7,1.7176300000000002
2018,03,2,0,1.8210899999999999
2018,03,2,1,2.09281
2018,03,2,2,2.49459
2018,03,2,3,2.83498
2018,03,2,4,3.12208
2018,03,2,5,3.5169200000000003
2018,03,2,6,3.63448
2018,03,2,7,3.7441799999999996
2018,03,3,0,3.41541
2018,03,3,1,3.1388499999999997
2018,03,3,2,2.6238
2018,03,3,3,1.9596099999999999
2018,03,3,4,1.3196199999999998
2018,03,3,5,0.742871
2018,03,3,6,0.54376
2018,03,3,7,0.534873
2018,03,4,0,0.322596
2018,03,4,1,0.317818
2018,03,4,2,0.48602100000000004
2018,03,4,3,0.750058
2018,03,4,4,0.867066
2018,03,4,5,1.1969100000000001
2018,03,4,6,1.63022
2018,03,4,7,1.74845
2018,03,5,0,1.87219
2018,03,5,1,1.64141
2018,03,5,2,1.30727
2018,03,5,3,1.09304
2018,03,5,4,1.08557
2018,03,5,5,1.19673
2018,03,5,6,1.58813
2018,03,5,7,1.85209
2018,03,6,0,1.72988
2018,03,6,1,1.64144
2018,03,6,2,1.47343
2018,03,6,3,1.00337
2018,03,6,4,0.699345
2018,03,6,5,0.650158
2018,03,6,6,0.6914640000000001
2018,03,6,7,1.11699
2018,03,7,0,1.68434
2018,03,7,1,2.24895
2018,03,7,2,2.80101
2018,03,7,3,2.6051599999999997
2018,03,7,4,2.20021
2018,03,7,5,1.92781
2018,03,7,6,1.7438699999999998
2018,03,7,7,1.6286800000000001
2018,03,8,0,1.70003
2018,03,8,1,1.55154
2018,03,8,2,1.34379
2018,03,8,3,1.23804
2018,03,8,4,0.926329
2018,03,8,5,0.762777
2018,03,8,6,0.6835209999999999
2018,03,8,7,0.645053
2018,03,9,0,0.619518
2018,03,9,1,0.6215259999999999
2018,03,9,2,0.632047
2018,03,9,3,0.645573
2018,03,9,4,0.775971
2018,03,9,5,1.2258099999999998
2018,03,9,6,1.34822
2018,03,9,7,1.2318900000000002
2018,03,10,0,1.36924
2018,03,10,1,1.7861500000000001
2018,03,10,2,2.26777
2018,03,10,3,2.8928000000000003
2018,03,10,4,2.54128
2018,03,10,5,2.69387
2018,03,10,6,2.7841
2018,03,10,7,2.5881
2018,03,11,0,2.35494
2018,03,11,1,1.6850699999999998
2018,03,11,2,0.9822190000000001
2018,03,11,3,0.42259500000000005
2018,03,11,4,0.362519
2018,03,11,5,0.344039
2018,03,11,6,0.345081
2018,03,11,7,0.301956
2018,03,12,0,0.291238
2018,03,12,1,0.465642
2018,03,12,2,0.981304
2018,03,12,3,1.5851600000000001
2018,03,12,4,1.7716800000000001
2018,03,12,5,1.5364200000000001
2018,03,12,6,3.00754
2018,03,12,7,4.43886
2018,03,13,0,6.478800000000001
2018,03,13,1,6.8801499999999995
2018,03,13,2,7.6668400000000005
2018,03,13,3,6.88089
2018,03,13,4,6.29947
2018,03,13,5,5.3956
2018,03,13,6,5.45604
2018,03,13,7,4.64825
2018,03,14,0,3.74483
2018,03,14,1,3.1467199999999997
2018,03,14,2,3.06265
2018,03,14,3,2.25322
2018,03,14,4,1.72124
2018,03,14,5,1.43106
2018,03,14,6,1.27554
2018,03,14,7,1.07346
2018,03,15,0,0.805434
2018,03,15,1,0.627024
2018,03,15,2,0.478368
2018,03,15,3,0.5628110000000001
2018,03,15,4,0.490842
2018,03,15,5,0.5077010000000001
2018,03,15,6,0.711328
2018,03,15,7,1.0214
2018,03,16,0,1.80566
2018,03,16,1,2.43689
2018,03,16,2,2.24849
2018,03,16,3,2.08344
2018,03,16,4,1.94272
2018,03,16,5,1.54562
2018,03,16,6,1.57888
2018,03,16,7,1.48574
2018,03,17,0,1.2300799999999998
2018,03,17,1,1.01189
2018,03,17,2,0.896706
2018,03,17,3,0.747015
2018,03,17,4,0.481379
2018,03,17,5,0.631977
2018,03,17,6,0.7601140000000001
2018,03,17,7,0.7239059999999999
2018,03,18,0,0.8042100000000001
2018,03,18,1,0.881961
2018,03,18,2,0.9687380000000001
2018,03,18,3,0.9685320000000001
2018,03,18,4,0.779638
2018,03,18,5,0.7657670000000001
2018,03,18,6,0.853803
2018,03,18,7,0.92195
2018,03,19,0,0.8829819999999999
2018,03,19,1,0.7295
2018,03,19,2,0.906827
2018,03,19,3,0.982811
2018,03,19,4,1.07725
2018,03,19,5,1.26921
2018,03,19,6,1.1670099999999999
2018,03,19,7,0.845785
2018,03,20,0,0.6823640000000001
2018,03,20,1,0.729074
2018,03,20,2,0.843151
2018,03,20,3,0.8572219999999999
2018,03,20,4,0.949345
2018,03,20,5,0.913868
2018,03,20,6,0.824757
2018,03,20,7,0.889199
2018,03,21,0,0.871615
2018,03,21,1,0.809929
2018,03,21,2,0.830919
2018,03,21,3,1.00476
2018,03,21,4,1.81926
2018,03,21,5,2.1943099999999998
2018,03,21,6,2.09671
2018,03,21,7,1.97708
2018,03,22,0,1.87262
2018,03,22,1,1.73911
2018,03,22,2,1.63984
2018,03,22,3,1.22257
2018,03,22,4,1.2358099999999999
2018,03,22,5,1.2966300000000002
2018,03,22,6,1.38294
2018,03,22,7,1.15481
2018,03,23,0,1.15073
2018,03,23,1,1.54719
2018,03,23,2,2.6471199999999997
2018,03,23,3,3.24513
2018,03,23,4,4.545109999999999
2018,03,23,5,4.7735
2018,03,23,6,4.50126
2018,03,23,7,4.15703
2018,03,24,0,3.44565
2018,03,24,1,2.51994
2018,03,24,2,2.4209
2018,03,24,3,2.3730900000000004
2018,03,24,4,2.14344
2018,03,24,5,1.96266
2018,03,24,6,1.82563
2018,03,24,7,1.97299
2018,03,25,0,1.97853
2018,03,25,1,1.6616900000000001
2018,03,25,2,2.4751399999999997
2018,03,25,3,2.57369
2018,03,25,4,2.4268400000000003
2018,03,25,5,2.17946
2018,03,25,6,1.9434200000000001
2018,03,25,7,1.81683
2018,03,26,0,1.7666199999999999
2018,03,26,1,1.86182
2018,03,26,2,2.0743400000000003
2018,03,26,3,2.0867
2018,03,26,4,1.7258900000000001
2018,03,26,5,1.34297
2018,03,26,6,0.89626
2018,03,26,7,0.95492
2018,03,27,0,1.63372
2018,03,27,1,3.28156
2018,03,27,2,3.80865
2018,03,27,3,2.4012
2018,03,27,4,1.294
2018,03,27,5,1.65676
2018,03,27,6,1.8418299999999999
2018,03,27,7,1.7013
2018,03,28,0,1.86377
2018,03,28,1,1.5776700000000001
2018,03,28,2,1.26761
2018,03,28,3,1.46799
2018,03,28,4,1.70578
2018,03,28,5,1.4326199999999998
2018,03,28,6,1.08593
2018,03,28,7,0.7621910000000001
2018,03,1,0,0.826256
2018,03,1,1,0.986075
2018,03,1,2,1.6148
2018,03,1,3,2.46476
2018,03,1,4,2.6376399999999998
2018,03,1,5,2.6685
2018,03,1,6,2.56133
2018,03,1,7,2.28294
2018,03,2,0,2.15848
2018,03,2,1,2.35211
2018,03,2,2,2.81845
2018,03,2,3,2.77702
2018,03,2,4,3.0603200000000004
2018,03,2,5,3.07159
2018,03,2,6,3.09537
2018,03,2,7,3.45714
2018,03,3,0,3.5388200000000003
2018,03,3,1,3.35552
2018,03,3,2,3.20379
2018,03,3,3,3.08373
2018,03,3,4,2.98583
2018,03,3,5,2.9631999999999996
2018,03,3,6,3.27888
2018,03,3,7,3.55389
2018,03,4,0,3.02406
2018,03,4,1,2.54324
2018,03,4,2,2.41998
2018,03,4,3,2.1159899999999996
2018,03,4,4,1.83404
2018,03,4,5,1.93732
2018,03,4,6,1.92457
2018,03,4,7,1.93338
2018,03,5,0,1.9203
2018,03,5,1,1.8447799999999999
2018,03,5,2,1.61909
2018,03,5,3,1.4145
2018,03,5,4,1.25445
2018,03,5,5,1.33653
2018,03,5,6,1.46103
2018,03,5,7,1.65507
2018,03,6,0,1.89485
2018,03,6,1,1.6098
2018,03,6,2,1.34124
2018,03,6,3,1.16709
2018,03,6,4,1.1164100000000001
2018,03,6,5,1.1307
2018,03,6,6,1.08318
2018,03,6,7,1.11864
2018,03,7,0,0.9529890000000001
2018,03,7,1,0.6622830000000001
2018,03,7,2,0.674652
2018,03,7,3,0.912592
2018,03,7,4,1.221
2018,03,7,5,1.27922
2018,03,7,6,1.1653099999999998
2018,03,7,7,1.14624
2018,03,8,0,1.08306
2018,03,8,1,0.921984
2018,03,8,2,1.09076
2018,03,8,3,1.38757
2018,03,8,4,1.5519
2018,03,8,5,1.8228499999999999
2018,03,8,6,1.88085
2018,03,8,7,1.8252000000000002
2018,03,9,0,2.83253
2018,03,9,1,3.6181300000000003
2018,03,9,2,4.2133199999999995
2018,03,9,3,4.43486
2018,03,9,4,3.99581
2018,03,9,5,3.40198
2018,03,9,6,1.52596
2018,03,9,7,1.21774
2018,03,10,0,1.99223
2018,03,10,1,3.63552
2018,03,10,2,4.32804
2018,03,10,3,4.61788
2018,03,10,4,4.76841
2018,03,10,5,4.77553
2018,03,10,6,4.39636
2018,03,10,7,4.5523299999999995
2018,03,11,0,4.17169
2018,03,11,1,3.6299699999999997
2018,03,11,2,3.40571
2018,03,11,3,2.94249
2018,03,11,4,2.57356
2018,03,11,5,2.8486100000000003
2018,03,11,6,2.67514
2018,03,11,7,1.9445999999999999
2018,03,12,0,1.8448099999999998
2018,03,12,1,1.9346700000000001
2018,03,12,2,2.1644099999999997
2018,03,12,3,2.63243
2018,03,12,4,2.47464
2018,03,12,5,1.99156
2018,03,12,6,1.7224000000000002
2018,03,12,7,1.8185799999999999
2018,03,13,0,2.10974
2018,03,13,1,2.05814
2018,03,13,2,1.67757
2018,03,13,3,1.5314
2018,03,13,4,1.57223
2018,03,13,5,1.62801
2018,03,13,6,1.62859
2018,03,13,7,1.55821
2018,03,14,0,1.3939000000000001
2018,03,14,1,1.22316
2018,03,14,2,1.23642
2018,03,14,3,1.4003299999999999
2018,03,14,4,1.3471099999999998
2018,03,14,5,1.42198
2018,03,14,6,1.8614000000000002
2018,03,14,7,2.0329200000000003
2018,03,15,0,2.29942
2018,03,15,1,2.36376
2018,03,15,2,2.55682
2018,03,15,3,4.2133
2018,03,15,4,4.5134
2018,03,15,5,4.05269
2018,03,15,6,4.07933
2018,03,15,7,4.41438
2018,03,16,0,4.5532200000000005
2018,03,16,1,4.94824
2018,03,16,2,5.3600200000000005
2018,03,16,3,5.55112
2018,03,16,4,5.79352
2018,03,16,5,5.90949
2018,03,16,6,4.76822
2018,03,16,7,3.2797199999999997
2018,03,17,0,2.88011
2018,03,17,1,4.75108
2018,03,17,2,3.4058200000000003
2018,03,17,3,3.5613200000000003
2018,03,17,4,3.6135
2018,03,17,5,3.61258
2018,03,17,6,3.48885
2018,03,17,7,3.47067
2018,03,18,0,3.5716799999999997
2018,03,18,1,3.54648
2018,03,18,2,3.79861
2018,03,18,3,4.145449999999999
2018,03,18,4,4.23075
2018,03,18,5,3.7535700000000003
2018,03,18,6,3.02657
2018,03,18,7,2.5604899999999997
2018,03,19,0,2.38551
2018,03,19,1,2.33807
2018,03,19,2,2.5500599999999998
2018,03,19,3,3.18346
2018,03,19,4,3.79289
2018,03,19,5,4.12126
2018,03,19,6,4.377
2018,03,19,7,4.498489999999999
2018,03,20,0,4.0581
2018,03,20,1,3.92654
2018,03,20,2,3.68889
2018,03,20,3,3.63136
2018,03,20,4,3.54792
2018,03,20,5,3.37127
2018,03,20,6,3.5554
2018,03,20,7,3.58417
2018,03,21,0,3.4043400000000004
2018,03,21,1,3.05325
2018,03,21,2,2.4103499999999998
2018,03,21,3,2.13162
2018,03,21,4,2.10976
2018,03,21,5,2.27367
2018,03,21,6,2.31183
2018,03,21,7,2.2778400000000003
2018,03,22,0,2.11628
2018,03,22,1,2.56962
2018,03,22,2,3.01747
2018,03,22,3,3.4184200000000002
2018,03,22,4,3.5818600000000003
2018,03,22,5,3.6107600000000004
2018,03,22,6,4.00588
2018,03,22,7,4.57262
2018,03,23,0,5.98173
2018,03,23,1,6.19438
2018,03,23,2,7.00931
2018,03,23,3,7.00426
2018,03,23,4,6.65241
2018,03,23,5,5.90514
2018,03,23,6,3.95049
2018,03,23,7,2.55301
2018,03,24,0,1.2601600000000002
2018,03,24,1,1.70489
2018,03,24,2,2.03777
2018,03,24,3,2.32371
2018,03,24,4,2.67207
2018,03,24,5,2.55498
2018,03,24,6,2.27094
2018,03,24,7,2.2968
2018,03,25,0,2.38965
2018,03,25,1,2.37767
2018,03,25,2,2.45512
2018,03,25,3,2.4642399999999998
2018,03,25,4,2.38504
2018,03,25,5,2.2073400000000003
2018,03,25,6,2.3527600000000004
2018,03,25,7,2.5405
2018,03,26,0,2.66829
2018,03,26,1,2.82041
2018,03,26,2,3.12185
2018,03,26,3,2.84803
2018,03,26,4,1.92759
2018,03,26,5,2.3409299999999997
2018,03,26,6,2.37698
2018,03,26,7,2.43427
2018,03,27,0,3.0818600000000003
2018,03,27,1,4.05876
2018,03,27,2,4.73977
2018,03,27,3,5.23384
2018,03,27,4,5.09558
2018,03,27,5,4.289140000000001
2018,03,27,6,3.50235
2018,03,27,7,2.9148400000000003
2018,03,28,0,2.8680100000000004
2018,03,28,1,2.97383
2018,03,28,2,3.17178
2018,03,28,3,3.18852
2018,03,28,4,2.92019
2018,03,28,5,2.4969099999999997
2018,03,28,6,2.6647
2018,03,28,7,2.7870500000000002
2018,03,29,0,2.74892
2018,03,29,1,2.71285
2018,03,29,2,2.4630900000000002
2018,03,29,3,2.17478
2018,03,29,4,1.97685
2018,03,29,5,1.9288699999999999
2018,03,29,6,1.9568299999999998
2018,03,29,7,2.03837
2018,03,30,0,1.9884000000000002
2018,03,30,1,2.0198
2018,03,30,2,2.22389
2018,03,30,3,2.27463
2018,03,30,4,1.85231
2018,03,30,5,1.29048
2018,03,30,6,0.5185259999999999
2018,03,30,7,0.514753
2018,03,31,0,0.859398
2018,03,31,1,1.22219
2018,03,31,2,1.1605
2018,03,31,3,1.07067
2018,03,31,4,1.05715
2018,03,31,5,1.05576
2018,03,31,6,0.995297
2018,03,31,7,0.92826
2018,03,1,0,0.885503
2018,03,1,1,0.869871
2018,03,1,2,0.89024
2018,03,1,3,0.910723
2018,03,1,4,0.9493980000000001
2018,03,1,5,0.988217
2018,03,1,6,1.00024
2018,03,1,7,0.9435800000000001
2018,03,2,0,0.8041609999999999
2018,03,2,1,0.704594
2018,03,2,2,0.748458
2018,03,2,3,0.768312
2018,03,2,4,0.825582
2018,03,2,5,0.900937
2018,03,2,6,0.979305
2018,03,2,7,1.02161
2018,03,3,0,1.06428
2018,03,3,1,1.15759
2018,03,3,2,1.1739000000000002
2018,03,3,3,1.14703
2018,03,3,4,1.22225
2018,03,3,5,1.36757
2018,03,3,6,1.45564
2018,03,3,7,1.6637
2018,03,4,0,1.80968
2018,03,4,1,1.78143
2018,03,4,2,1.6523599999999998
2018,03,4,3,1.6357599999999999
2018,03,4,4,1.67276
2018,03,4,5,1.54166
2018,03,4,6,1.40946
2018,03,4,7,1.27091
2018,03,5,0,1.11584
2018,03,5,1,0.917254
2018,03,5,2,0.803024
2018,03,5,3,0.759615
2018,03,5,4,0.97738
2018,03,5,5,0.842808
2018,03,5,6,0.600279
2018,03,5,7,0.6364299999999999
2018,03,6,0,0.6286609999999999
2018,03,6,1,0.620533
2018,03,6,2,0.5749059999999999
2018,03,6,3,0.560511
2018,03,6,4,0.568365
2018,03,6,5,0.614515
2018,03,6,6,0.673504
2018,03,6,7,0.8193769999999999
2018,03,7,0,1.35114
2018,03,7,1,1.78386
2018,03,7,2,1.56411
2018,03,7,3,1.26669
2018,03,7,4,1.16151
2018,03,7,5,1.12314
2018,03,7,6,1.04489
2018,03,7,7,1.2344300000000001
2018,03,8,0,1.23455
2018,03,8,1,1.45841
2018,03,8,2,1.6063699999999999
2018,03,8,3,1.85859
2018,03,8,4,1.75034
2018,03,8,5,1.78059
2018,03,8,6,1.8146900000000001
2018,03,8,7,1.4681300000000002
2018,03,9,0,1.20677
2018,03,9,1,1.6252
2018,03,9,2,2.4982800000000003
2018,03,9,3,3.4642
2018,03,9,4,3.39174
2018,03,9,5,3.55065
2018,03,9,6,4.2309399999999995
2018,03,9,7,4.61961
2018,03,10,0,4.34046
2018,03,10,1,4.50476
2018,03,10,2,4.44907
2018,03,10,3,3.82504
2018,03,10,4,3.36387
2018,03,10,5,3.51594
2018,03,10,6,3.86951
2018,03,10,7,5.35166
2018,03,11,0,6.67305
2018,03,11,1,6.68844
2018,03,11,2,6.660399999999999
2018,03,11,3,5.57646
2018,03,11,4,4.64055
2018,03,11,5,3.87446
2018,03,11,6,3.2803400000000003
2018,03,11,7,2.71793
2018,03,12,0,2.61183
2018,03,12,1,2.83684
2018,03,12,2,2.80245
2018,03,12,3,2.50796
2018,03,12,4,2.54594
2018,03,12,5,2.80691
2018,03,12,6,3.18735
2018,03,12,7,3.62085
2018,03,13,0,3.60277
2018,03,13,1,3.67479
2018,03,13,2,3.85815
2018,03,13,3,4.37384
2018,03,13,4,3.70802
2018,03,13,5,1.9387999999999999
2018,03,13,6,1.22598
2018,03,13,7,1.66466
2018,03,14,0,3.3454200000000003
2018,03,14,1,4.47417
2018,03,14,2,4.7969
2018,03,14,3,2.66513
2018,03,14,4,2.57702
2018,03,14,5,2.24152
2018,03,14,6,2.18492
2018,03,14,7,2.33657
2018,03,15,0,2.77259
2018,03,15,1,2.86997
2018,03,15,2,2.5041100000000003
2018,03,15,3,2.28931
2018,03,15,4,2.3965300000000003
2018,03,15,5,2.5767399999999996
2018,03,15,6,2.573
2018,03,15,7,2.6118699999999997
2018,03,16,0,2.73015
2018,03,16,1,2.83817
2018,03,16,2,2.87169
2018,03,16,3,3.0004299999999997
2018,03,16,4,3.1719299999999997
2018,03,16,5,3.53795
2018,03,16,6,4.111140000000001
2018,03,16,7,5.02482
2018,03,17,0,5.79998
2018,03,17,1,5.97303
2018,03,17,2,5.91493
2018,03,17,3,5.38965
2018,03,17,4,5.63066
2018,03,17,5,5.16648
2018,03,17,6,4.21112
2018,03,17,7,3.78623
2018,03,18,0,3.6557199999999996
2018,03,18,1,3.5286500000000003
2018,03,18,2,3.21169
2018,03,18,3,2.51911
2018,03,18,4,2.60117
2018,03,18,5,2.0529
2018,03,18,6,1.45156
2018,03,18,7,1.59969
2018,03,19,0,1.94461
2018,03,19,1,2.8652399999999996
2018,03,19,2,3.4504099999999998
2018,03,19,3,3.47377
2018,03,19,4,3.5628800000000003
2018,03,19,5,3.75731
2018,03,19,6,4.12745
2018,03,19,7,4.233569999999999
2018,03,20,0,4.67663
2018,03,20,1,5.097
2018,03,20,2,4.4976899999999995
2018,03,20,3,4.07394
2018,03,20,4,4.136550000000001
2018,03,20,5,3.66202
2018,03,20,6,3.89693
2018,03,20,7,4.00648
2018,03,21,0,4.7120299999999995
2018,03,21,1,5.83113
2018,03,21,2,6.30227
2018,03,21,3,6.80183
2018,03,21,4,6.8297
2018,03,21,5,6.1987
2018,03,21,6,4.87509
2018,03,21,7,4.5599300000000005
2018,03,22,0,4.23408
2018,03,22,1,3.50592
2018,03,22,2,4.100569999999999
2018,03,22,3,3.81602
2018,03,22,4,3.36022
2018,03,22,5,3.09842
2018,03,22,6,3.16931
2018,03,22,7,1.7633299999999998
2018,03,23,0,1.54822
2018,03,23,1,1.867
2018,03,23,2,2.20142
2018,03,23,3,2.28639
2018,03,23,4,2.88017
2018,03,23,5,4.01012
2018,03,23,6,5.7158299999999995
2018,03,23,7,6.448189999999999
2018,03,24,0,5.298
2018,03,24,1,4.41172
2018,03,24,2,3.84707
2018,03,24,3,4.00101
2018,03,24,4,3.92495
2018,03,24,5,4.03598
2018,03,24,6,4.93757
2018,03,24,7,5.43142
2018,03,25,0,5.08136
2018,03,25,1,3.07518
2018,03,25,2,3.12675
2018,03,25,3,4.157430000000001
2018,03,25,4,2.67093
2018,03,25,5,2.27457
2018,03,25,6,3.78101
2018,03,25,7,5.013229999999999
2018,03,26,0,6.09555
2018,03,26,1,4.39907
2018,03,26,2,4.3942
2018,03,26,3,7.2783
2018,03,26,4,7.49836
2018,03,26,5,6.84651
2018,03,26,6,6.629989999999999
2018,03,26,7,5.81608
2018,03,27,0,6.78004
2018,03,27,1,6.3835500000000005
2018,03,27,2,6.4436
2018,03,27,3,6.29536
2018,03,27,4,5.5461
2018,03,27,5,4.84541
2018,03,27,6,4.742319999999999
2018,03,27,7,5.09588
2018,03,28,0,6.08304
2018,03,28,1,6.34801
2018,03,28,2,5.90665
2018,03,28,3,5.04859
2018,03,28,4,5.85332
2018,03,28,5,7.3597
2018,03,28,6,8.01509
2018,03,28,7,6.71229
2018,03,29,0,2.94991
2018,03,29,1,2.97694
2018,03,29,2,3.1023400000000003
2018,03,29,3,2.58031
2018,03,29,4,1.97269
2018,03,29,5,1.69777
2018,03,29,6,1.69765
2018,03,29,7,2.30966
2018,03,30,0,2.93671
2018,03,30,1,3.33733
2018,03,30,2,3.6831799999999997
2018,03,30,3,3.89005
2018,03,30,4,3.6880100000000002
2018,03,30,5,4.101520000000001
2018,03,30,6,4.12545
2018,03,30,7,4.26345
2018,03,1,0,5.17487
2018,03,1,1,5.87542
2018,03,1,2,5.115609999999999
2018,03,1,3,3.84771
2018,03,1,4,3.12139
2018,03,1,5,3.15531
2018,03,1,6,3.44544
2018,03,1,7,4.0325500000000005
2018,03,2,0,4.69792
2018,03,2,1,5.7655
2018,03,2,2,6.85956
2018,03,2,3,7.28934
2018,03,2,4,6.74725
2018,03,2,5,5.89621
2018,03,2,6,4.9212299999999995
2018,03,2,7,4.24642
2018,03,3,0,3.82286
2018,03,3,1,3.0250700000000004
2018,03,3,2,3.6400799999999998
2018,03,3,3,3.75869
2018,03,3,4,3.5330500000000002
2018,03,3,5,4.11008
2018,03,3,6,5.95026
2018,03,3,7,6.69588
2018,03,4,0,7.2975
2018,03,4,1,7.77785
2018,03,4,2,7.9395299999999995
2018,03,4,3,7.93345
2018,03,4,4,6.11272
2018,03,4,5,4.01077
2018,03,4,6,5.38237
2018,03,4,7,6.30183
2018,03,5,0,6.48843
2018,03,5,1,6.5273699999999995
2018,03,5,2,6.73318
2018,03,5,3,6.18173
2018,03,5,4,5.527229999999999
2018,03,5,5,5.239229999999999
2018,03,5,6,5.05692
2018,03,5,7,4.79512
2018,03,6,0,4.89343
2018,03,6,1,4.69119
2018,03,6,2,4.42021
2018,03,6,3,3.97322
2018,03,6,4,3.3325500000000003
2018,03,6,5,2.91523
2018,03,6,6,3.19639
2018,03,6,7,3.30675
2018,03,7,0,3.60311
2018,03,7,1,5.069100000000001
2018,03,7,2,5.652819999999999
2018,03,7,3,5.8633999999999995
2018,03,7,4,5.54567
2018,03,7,5,6.18996
2018,03,7,6,6.92567
2018,03,7,7,8.02839
2018,03,8,0,8.35924
2018,03,8,1,10.4345
2018,03,8,2,8.17256
2018,03,8,3,5.06354
2018,03,8,4,5.03047
2018,03,8,5,4.90733
2018,03,8,6,4.34967
2018,03,8,7,4.158810000000001
2018,03,9,0,3.86192
2018,03,9,1,3.52567
2018,03,9,2,4.2675
2018,03,9,3,4.80358
2018,03,9,4,5.08665
2018,03,9,5,5.03616
2018,03,9,6,5.392810000000001
2018,03,9,7,5.7347
2018,03,10,0,5.8066
2018,03,10,1,5.957739999999999
2018,03,10,2,5.834689999999999
2018,03,10,3,5.49278
2018,03,10,4,5.2092
2018,03,10,5,5.51967
2018,03,10,6,5.6388
2018,03,10,7,5.25786
2018,03,11,0,5.039899999999999
2018,03,11,1,4.58653
2018,03,11,2,4.88131
2018,03,11,3,5.097479999999999
2018,03,11,4,5.291510000000001
2018,03,11,5,5.8109399999999996
2018,03,11,6,6.31785
2018,03,11,7,6.894819999999999
2018,03,12,0,6.47975
2018,03,12,1,7.21048
2018,03,12,2,6.9738999999999995
2018,03,12,3,8.07
2018,03,12,4,10.0704
2018,03,12,5,8.6491
2018,03,12,6,8.25519
2018,03,12,7,8.914909999999999
2018,03,13,0,8.68402
2018,03,13,1,7.28412
2018,03,13,2,6.04057
2018,03,13,3,5.0465100000000005
2018,03,13,4,5.53185
2018,03,13,5,5.89489
2018,03,13,6,5.86879
2018,03,13,7,5.83463
2018,03,14,0,6.52872
2018,03,14,1,7.797
2018,03,14,2,9.82916
2018,03,14,3,11.1521
2018,03,14,4,8.883610000000001
2018,03,14,5,6.83604
2018,03,14,6,5.101850000000001
2018,03,14,7,7.0086
2018,03,15,0,8.43078
2018,03,15,1,8.90006
2018,03,15,2,7.75287
2018,03,15,3,6.38609
2018,03,15,4,6.941050000000001
2018,03,15,5,6.95084
2018,03,15,6,6.3380600000000005
2018,03,15,7,6.50455
2018,03,16,0,6.888850000000001
2018,03,16,1,7.77311
2018,03,16,2,8.33937
2018,03,16,3,8.04548
2018,03,16,4,8.32747
2018,03,16,5,8.37467
2018,03,16,6,8.05712
2018,03,16,7,7.79103
2018,03,17,0,7.52753
2018,03,17,1,7.066319999999999
2018,03,17,2,6.2835600000000005
2018,03,17,3,5.60438
2018,03,17,4,4.9965399999999995
2018,03,17,5,4.17996
2018,03,17,6,4.03388
2018,03,17,7,3.39515
2018,03,18,0,3.45052
2018,03,18,1,3.1487399999999997
2018,03,18,2,3.03179
2018,03,18,3,2.65229
2018,03,18,4,2.54481
2018,03,18,5,2.87749
2018,03,18,6,3.3783600000000003
2018,03,18,7,4.09925
2018,03,19,0,5.2461899999999995
2018,03,19,1,5.1867600000000005
2018,03,19,2,4.8159
2018,03,19,3,4.14829
2018,03,19,4,4.0143200000000006
2018,03,19,5,3.89275
2018,03,19,6,3.28276
2018,03,19,7,2.91344
2018,03,20,0,3.08425
2018,03,20,1,3.0563200000000004
2018,03,20,2,3.11383
2018,03,20,3,4.54179
2018,03,20,4,6.065810000000001
2018,03,20,5,6.76642
2018,03,20,6,6.0346400000000004
2018,03,20,7,7.96963
2018,03,21,0,9.89152
2018,03,21,1,9.28431
2018,03,21,2,10.1624
2018,03,21,3,9.49306
2018,03,21,4,9.03856
2018,03,21,5,8.50813
2018,03,21,6,7.240729999999999
2018,03,21,7,5.68876
2018,03,22,0,5.10823
2018,03,22,1,5.37315
2018,03,22,2,5.64571
2018,03,22,3,9.36149
2018,03,22,4,9.915709999999999
2018,03,22,5,8.82096
2018,03,22,6,11.7911
2018,03,22,7,12.2065
2018,03,23,0,12.877799999999999
2018,03,23,1,12.778799999999999
2018,03,23,2,12.99
2018,03,23,3,13.1455
2018,03,23,4,13.03
2018,03,23,5,12.136
2018,03,23,6,11.103299999999999
2018,03,23,7,10.245700000000001
2018,03,24,0,10.4951
2018,03,24,1,10.5575
2018,03,24,2,9.82441
2018,03,24,3,9.82882
2018,03,24,4,9.83832
2018,03,24,5,10.9991
2018,03,24,6,11.469
2018,03,24,7,13.0239
2018,03,25,0,10.2422
2018,03,25,1,6.70053
2018,03,25,2,8.90372
2018,03,25,3,10.569700000000001
2018,03,25,4,9.49888
2018,03,25,5,4.449479999999999
2018,03,25,6,2.24002
2018,03,25,7,3.67702
2018,03,26,0,4.731859999999999
2018,03,26,1,7.53937
2018,03,26,2,9.163440000000001
2018,03,26,3,5.33731
2018,03,26,4,3.06174
2018,03,26,5,2.6102399999999997
2018,03,26,6,3.57105
2018,03,26,7,5.2221
2018,03,27,0,6.99784
2018,03,27,1,7.26426
2018,03,27,2,5.7452700000000005
2018,03,27,3,5.6993599999999995
2018,03,27,4,6.6768
2018,03,27,5,6.63546
2018,03,27,6,7.2187
2018,03,27,7,9.97973
2018,03,28,0,10.7979
2018,03,28,1,10.137799999999999
2018,03,28,2,10.1895
2018,03,28,3,12.523399999999999
2018,03,28,4,10.8045
2018,03,28,5,7.07526
2018,03,28,6,2.83668
2018,03,28,7,2.9585100000000004
2018,03,29,0,3.34643
2018,03,29,1,3.19563
2018,03,29,2,2.10151
2018,03,29,3,1.86712
2018,03,29,4,1.9918
2018,03,29,5,2.28264
2018,03,29,6,2.78077
2018,03,29,7,3.58389
2018,03,30,0,4.27916
2018,03,30,1,4.62104
2018,03,30,2,4.14109
2018,03,30,3,3.9544
2018,03,30,4,4.13136
2018,03,30,5,4.58711
2018,03,30,6,4.9802
2018,03,30,7,5.87475
2018,03,31,0,5.67555
2018,03,31,1,5.0163400000000005
2018,03,31,2,4.856229999999999
2018,03,31,3,4.88169
2018,03,31,4,4.8367700000000005
2018,03,31,5,4.94515
2018,03,31,6,5.2082
2018,03,31,7,6.65488
2018,03,1,0,6.8847700000000005
2018,03,1,1,7.01921
2018,03,1,2,7.13164
2018,03,1,3,7.07262
2018,03,1,4,7.48151
2018,03,1,5,8.075520000000001
2018,03,1,6,8.349219999999999
2018,03,1,7,8.0304
2018,03,2,0,7.27339
2018,03,2,1,6.5679099999999995
2018,03,2,2,6.74589
2018,03,2,3,5.61713
2018,03,2,4,5.64451
2018,03,2,5,6.50784
2018,03,2,6,4.30721
2018,03,2,7,4.674510000000001
2018,03,3,0,4.51414
2018,03,3,1,3.06455
2018,03,3,2,2.2616300000000003
2018,03,3,3,2.8882600000000003
2018,03,3,4,3.3675900000000003
2018,03,3,5,5.05476
2018,03,3,6,5.4288
2018,03,3,7,7.9645
2018,03,4,0,9.06257
2018,03,4,1,9.52494
2018,03,4,2,10.211200000000002
2018,03,4,3,11.9299
2018,03,4,4,9.67617
2018,03,4,5,7.58521
2018,03,4,6,7.10095
2018,03,4,7,6.45547
2018,03,5,0,5.7803
2018,03,5,1,5.09783
2018,03,5,2,4.73461
2018,03,5,3,4.328729999999999
2018,03,5,4,4.211810000000001
2018,03,5,5,3.6314699999999998
2018,03,5,6,3.75578
2018,03,5,7,3.8381999999999996
2018,03,6,0,4.493720000000001
2018,03,6,1,5.70465
2018,03,6,2,6.81595
2018,03,6,3,6.33453
2018,03,6,4,5.85677
2018,03,6,5,4.96893
2018,03,6,6,6.0194399999999995
2018,03,6,7,5.93639
2018,03,7,0,6.44619
2018,03,7,1,6.31732
2018,03,7,2,5.65398
2018,03,7,3,7.496359999999999
2018,03,7,4,8.23405
2018,03,7,5,7.90331
2018,03,7,6,8.32167
2018,03,7,7,8.71767
2018,03,8,0,9.52941
2018,03,8,1,10.178799999999999
2018,03,8,2,10.6144
2018,03,8,3,9.80968
2018,03,8,4,9.904200000000001
2018,03,8,5,10.1898
2018,03,8,6,8.992360000000001
2018,03,8,7,6.900510000000001
2018,03,9,0,8.420219999999999
2018,03,9,1,10.024899999999999
2018,03,9,2,10.787700000000001
2018,03,9,3,11.5951
2018,03,9,4,11.3798
2018,03,9,5,11.5689
2018,03,9,6,12.3565
2018,03,9,7,10.619399999999999
2018,03,10,0,9.71751
2018,03,10,1,7.8756
2018,03,10,2,6.07637
2018,03,10,3,5.09046
2018,03,10,4,5.03133
2018,03,10,5,5.5912299999999995
2018,03,10,6,5.70462
2018,03,10,7,7.03938
2018,03,11,0,7.3228800000000005
2018,03,11,1,7.49821
2018,03,11,2,7.1482399999999995
2018,03,11,3,6.76091
2018,03,11,4,6.27385
2018,03,11,5,6.4167700000000005
2018,03,11,6,7.977810000000001
2018,03,11,7,8.54265
2018,03,12,0,8.289069999999999
2018,03,12,1,8.01769
2018,03,12,2,8.0509
2018,03,12,3,7.36179
2018,03,12,4,6.9807
2018,03,12,5,7.03407
2018,03,12,6,7.582979999999999
2018,03,12,7,7.97851
2018,03,13,0,8.25825
2018,03,13,1,8.53249
2018,03,13,2,8.64015
2018,03,13,3,8.36899
2018,03,13,4,8.480129999999999
2018,03,13,5,8.330459999999999
2018,03,13,6,6.32113
2018,03,13,7,6.7601700000000005
2018,03,14,0,6.982729999999999
2018,03,14,1,7.98793
2018,03,14,2,8.75334
2018,03,14,3,8.63695
2018,03,14,4,7.95582
2018,03,14,5,7.45875
2018,03,14,6,7.65304
2018,03,14,7,7.49639
2018,03,15,0,8.14835
2018,03,15,1,9.33217
2018,03,15,2,10.1799
2018,03,15,3,10.267299999999999
2018,03,15,4,9.67112
2018,03,15,5,9.0823
2018,03,15,6,8.79217
2018,03,15,7,8.43399
2018,03,16,0,8.15933
2018,03,16,1,8.20792
2018,03,16,2,7.23107
2018,03,16,3,5.855659999999999
2018,03,16,4,5.795100000000001
2018,03,16,5,6.3171
2018,03,16,6,6.158180000000001
2018,03,16,7,6.37129
2018,03,17,0,6.51206
2018,03,17,1,7.12546
2018,03,17,2,6.65415
2018,03,17,3,8.574069999999999
2018,03,17,4,11.475200000000001
2018,03,17,5,13.6023
2018,03,17,6,14.7601
2018,03,17,7,14.9054
2018,03,18,0,14.8163
2018,03,18,1,15.0699
2018,03,18,2,13.917
2018,03,18,3,10.1651
2018,03,18,4,6.808649999999999
2018,03,18,5,6.90876
2018,03,18,6,8.71085
2018,03,18,7,12.2875
2018,03,19,0,14.2045
2018,03,19,1,15.3873
2018,03,19,2,14.8683
2018,03,19,3,14.094299999999999
2018,03,19,4,14.681
2018,03,19,5,15.9873
2018,03,19,6,17.0221
2018,03,19,7,16.6204
2018,03,20,0,14.8355
2018,03,20,1,12.331
2018,03,20,2,11.3508
2018,03,20,3,10.780100000000001
2018,03,20,4,10.1426
2018,03,20,5,9.24487
2018,03,20,6,8.41628
2018,03,20,7,9.97538
2018,03,21,0,10.119200000000001
2018,03,21,1,9.55216
2018,03,21,2,10.1778
2018,03,21,3,10.599200000000002
2018,03,21,4,10.9644
2018,03,21,5,11.853299999999999
2018,03,21,6,14.1735
2018,03,21,7,16.43
2018,03,22,0,17.2656
2018,03,22,1,15.939200000000001
2018,03,22,2,15.9647
2018,03,22,3,16.8771
2018,03,22,4,16.6487
2018,03,22,5,16.1631
2018,03,22,6,15.8494
2018,03,22,7,15.711
2018,03,23,0,15.887
2018,03,23,1,16.0351
2018,03,23,2,15.465
2018,03,23,3,14.226
2018,03,23,4,13.360700000000001
2018,03,23,5,12.0575
2018,03,23,6,10.7164
2018,03,23,7,11.952
2018,03,24,0,11.7914
2018,03,24,1,10.0182
2018,03,24,2,6.5674399999999995
2018,03,24,3,4.02243
2018,03,24,4,4.40052
2018,03,24,5,5.2783
2018,03,24,6,6.458810000000001
2018,03,24,7,8.16912
2018,03,25,0,10.508700000000001
2018,03,25,1,13.0901
2018,03,25,2,15.0978
2018,03,25,3,15.812899999999999
2018,03,25,4,14.3451
2018,03,25,5,14.917
2018,03,25,6,14.1635
2018,03,25,7,16.3537
2018,03,26,0,7.82529
2018,03,26,1,6.56067
2018,03,26,2,6.0884
2018,03,26,3,7.1207
2018,03,26,4,8.95298
2018,03,26,5,8.57967
2018,03,26,6,8.79285
2018,03,26,7,8.27754
2018,03,27,0,8.514700000000001
2018,03,27,1,8.98136
2018,03,27,2,9.41628
2018,03,27,3,9.662709999999999
2018,03,27,4,9.42122
2018,03,27,5,9.210450000000002
2018,03,27,6,9.21809
2018,03,27,7,8.750549999999999
2018,03,28,0,8.01017
2018,03,28,1,8.67058
2018,03,28,2,9.143120000000001
2018,03,28,3,8.55782
2018,03,28,4,8.20924
2018,03,28,5,7.91205
2018,03,28,6,7.7074300000000004
2018,03,28,7,8.07301
2018,03,29,0,7.47925
2018,03,29,1,7.2314799999999995
2018,03,29,2,7.91438
2018,03,29,3,8.601469999999999
2018,03,29,4,8.6824
2018,03,29,5,8.78356
2018,03,29,6,9.304559999999999
2018,03,29,7,9.928930000000001
2018,03,30,0,9.982899999999999
2018,03,30,1,9.18584
2018,03,30,2,9.60022
2018,03,30,3,9.54848
2018,03,30,4,7.86707
2018,03,30,5,8.47635
2018,03,30,6,9.14377
2018,03,30,7,8.803370000000001
2018,03,1,0,8.4984
2018,03,1,1,8.731
2018,03,1,2,8.28043
2018,03,1,3,8.21801
2018,03,1,4,9.204870000000001
2018,03,1,5,9.43083
2018,03,1,6,9.559389999999999
2018,03,1,7,9.75624
2018,03,2,0,10.0566
2018,03,2,1,10.4125
2018,03,2,2,10.067
2018,03,2,3,9.80753
2018,03,2,4,9.96397
2018,03,2,5,9.89384
2018,03,2,6,9.57249
2018,03,2,7,9.41705
2018,03,3,0,9.238370000000002
2018,03,3,1,9.371049999999999
2018,03,3,2,10.258700000000001
2018,03,3,3,10.2488
2018,03,3,4,9.95892
2018,03,3,5,10.3051
2018,03,3,6,10.5776
2018,03,3,7,10.6208
2018,03,4,0,9.879
2018,03,4,1,8.3215
2018,03,4,2,7.55986
2018,03,4,3,6.63659
2018,03,4,4,5.9422
2018,03,4,5,5.80695
2018,03,4,6,5.6033
2018,03,4,7,5.56557
2018,03,5,0,5.7875
2018,03,5,1,5.13291
2018,03,5,2,4.19066
2018,03,5,3,3.90146
2018,03,5,4,4.49288
2018,03,5,5,7.59656
2018,03,5,6,9.79153
2018,03,5,7,10.538799999999998
2018,03,6,0,8.80448
2018,03,6,1,10.394200000000001
2018,03,6,2,10.443299999999999
2018,03,6,3,9.784799999999999
2018,03,6,4,11.6516
2018,03,6,5,13.7292
2018,03,6,6,6.18243
2018,03,6,7,4.78803
2018,03,7,0,5.5382299999999995
2018,03,7,1,6.52189
2018,03,7,2,7.42671
2018,03,7,3,8.02145
2018,03,7,4,9.52464
2018,03,7,5,11.0256
2018,03,7,6,9.58298
2018,03,7,7,8.21056
2018,03,8,0,4.16857
2018,03,8,1,2.06094
2018,03,8,2,1.43398
2018,03,8,3,2.73278
2018,03,8,4,5.36118
2018,03,8,5,7.59205
2018,03,8,6,8.407680000000001
2018,03,8,7,9.53313
2018,03,9,0,8.85125
2018,03,9,1,7.91024
2018,03,9,2,8.2
2018,03,9,3,7.922140000000001
2018,03,9,4,7.58796
2018,03,9,5,7.55849
2018,03,9,6,7.02825
2018,03,9,7,7.06565
2018,03,10,0,6.63105
2018,03,10,1,6.1073699999999995
2018,03,10,2,5.848979999999999
2018,03,10,3,6.06085
2018,03,10,4,8.44381
2018,03,10,5,9.5183
2018,03,10,6,9.81161
2018,03,10,7,8.571620000000001
2018,03,11,0,9.22388
2018,03,11,1,10.6145
2018,03,11,2,11.0814
2018,03,11,3,9.402610000000001
2018,03,11,4,7.92497
2018,03,11,5,9.148430000000001
2018,03,11,6,8.71832
2018,03,11,7,6.96174
2018,03,12,0,7.56217
2018,03,12,1,9.17109
2018,03,12,2,9.060559999999999
2018,03,12,3,8.04504
2018,03,12,4,9.214979999999999
2018,03,12,5,9.931479999999999
2018,03,12,6,10.7653
2018,03,12,7,9.07091
2018,03,13,0,8.27385
2018,03,13,1,8.7036
2018,03,13,2,8.67723
2018,03,13,3,8.11974
2018,03,13,4,7.81858
2018,03,13,5,8.22967
2018,03,13,6,7.509180000000001
2018,03,13,7,6.129989999999999
2018,03,14,0,5.41998
2018,03,14,1,5.39208
2018,03,14,2,6.0406
2018,03,14,3,7.47679
2018,03,14,4,7.47758
2018,03,14,5,7.19848
2018,03,14,6,4.77524
2018,03,14,7,4.09986
2018,03,15,0,6.17782
2018,03,15,1,6.38863
2018,03,15,2,7.35402
2018,03,15,3,9.23297
2018,03,15,4,9.8494
2018,03,15,5,10.0101
2018,03,15,6,9.354299999999999
2018,03,15,7,11.6336
2018,03,16,0,12.6811
2018,03,16,1,12.9936
2018,03,16,2,12.188799999999999
2018,03,16,3,11.7371
2018,03,16,4,10.8621
2018,03,16,5,8.870629999999998
2018,03,16,6,9.6221
2018,03,16,7,11.85
2018,03,17,0,11.3872
2018,03,17,1,10.854700000000001
2018,03,17,2,11.1967
2018,03,17,3,13.7375
2018,03,17,4,14.4971
2018,03,17,5,10.6155
2018,03,17,6,9.74436
2018,03,17,7,10.8061
2018,03,18,0,12.283700000000001
2018,03,18,1,13.4895
2018,03,18,2,13.485100000000001
2018,03,18,3,11.7134
2018,03,18,4,9.68209
2018,03,18,5,6.72949
2018,03,18,6,5.518890000000001
2018,03,18,7,7.2699300000000004
2018,03,19,0,7.23858
2018,03,19,1,6.64694
2018,03,19,2,6.06583
2018,03,19,3,7.55349
2018,03,19,4,8.46128
2018,03,19,5,8.736540000000002
2018,03,19,6,8.22583
2018,03,19,7,7.2687
2018,03,20,0,8.96751
2018,03,20,1,10.9662
2018,03,20,2,13.949399999999999
2018,03,20,3,13.153
2018,03,20,4,11.4631
2018,03,20,5,10.488700000000001
2018,03,20,6,10.3672
2018,03,20,7,10.9596
2018,03,21,0,14.5365
2018,03,21,1,15.3756
2018,03,21,2,13.6141
2018,03,21,3,5.953390000000001
2018,03,21,4,4.056
2018,03,21,5,4.107729999999999
2018,03,21,6,4.36595
2018,03,21,7,5.60062
2018,03,22,0,9.703389999999999
2018,03,22,1,8.82427
2018,03,22,2,8.62011
2018,03,22,3,7.72183
2018,03,22,4,8.05762
2018,03,22,5,8.621739999999999
2018,03,22,6,8.859459999999999
2018,03,22,7,8.340530000000001
2018,03,23,0,7.94338
2018,03,23,1,8.15438
2018,03,23,2,8.41248
2018,03,23,3,8.36756
2018,03,23,4,6.93018
2018,03,23,5,4.16196
2018,03,23,6,3.58094
2018,03,23,7,5.35183
2018,03,24,0,6.2740100000000005
2018,03,24,1,7.26938
2018,03,24,2,8.0299
2018,03,24,3,8.06339
2018,03,24,4,7.74173
2018,03,24,5,8.69741
2018,03,24,6,9.579540000000001
2018,03,24,7,9.96402
2018,03,25,0,9.45353
2018,03,25,1,8.745299999999999
2018,03,25,2,7.8943
2018,03,25,3,6.34071
2018,03,25,4,4.92217
2018,03,25,5,4.51422
2018,03,25,6,5.303859999999999
2018,03,25,7,6.0534300000000005
2018,03,26,0,6.925260000000001
2018,03,26,1,8.14564
2018,03,26,2,8.56372
2018,03,26,3,8.73663
2018,03,26,4,9.48743
2018,03,26,5,10.622200000000001
2018,03,26,6,10.0356
2018,03,26,7,9.169459999999999
2018,03,27,0,9.70474
2018,03,27,1,10.6881
2018,03,27,2,10.1155
2018,03,27,3,9.07784
2018,03,27,4,8.70083
2018,03,27,5,9.28847
2018,03,27,6,8.94132
2018,03,27,7,7.7908800000000005
2018,03,28,0,6.4484200000000005
2018,03,28,1,7.00517
2018,03,28,2,7.836189999999999
2018,03,28,3,8.6577
2018,03,28,4,9.75242
2018,03,28,5,10.6991
2018,03,28,6,10.7371
2018,03,28,7,10.2904
2018,03,29,0,10.237200000000001
2018,03,29,1,10.6934
2018,03,29,2,10.7813
2018,03,29,3,11.2189
2018,03,29,4,12.2527
2018,03,29,5,13.2591
2018,03,29,6,12.8801
2018,03,29,7,12.541799999999999
2018,03,30,0,12.411
2018,03,30,1,12.350700000000002
2018,03,30,2,12.258
2018,03,30,3,13.2795
2018,03,30,4,15.0899
2018,03,30,5,17.6297
2018,03,30,6,17.5078
2018,03,30,7,14.6022
2018,03,31,0,15.9311
2018,03,31,1,11.8553
2018,03,31,2,11.3781
2018,03,31,3,12.4257
2018,03,31,4,12.818200000000001
2018,03,31,5,12.8291
2018,03,31,6,13.4033
2018,03,31,7,14.476799999999999
2018,03,1,0,15.040799999999999
2018,03,1,1,13.7696
2018,03,1,2,12.8301
2018,03,1,3,12.1022
2018,03,1,4,10.8832
2018,03,1,5,10.4467
2018,03,1,6,10.2815
2018,03,1,7,12.654399999999999
2018,03,2,0,13.798
2018,03,2,1,14.3335
2018,03,2,2,14.554
2018,03,2,3,14.443700000000002
2018,03,2,4,15.023200000000001
2018,03,2,5,14.6219
2018,03,2,6,14.0818
2018,03,2,7,13.5372
2018,03,3,0,14.1401
2018,03,3,1,14.183399999999999
2018,03,3,2,14.0821
2018,03,3,3,14.0053
2018,03,3,4,13.3937
2018,03,3,5,12.1441
2018,03,3,6,10.9513
2018,03,3,7,12.0387
2018,03,4,0,13.8973
2018,03,4,1,16.2942
2018,03,4,2,14.7025
2018,03,4,3,12.4568
2018,03,4,4,11.727
2018,03,4,5,12.1664
2018,03,4,6,11.885399999999999
2018,03,4,7,11.5545
2018,03,5,0,10.8234
2018,03,5,1,10.8425
2018,03,5,2,11.0686
2018,03,5,3,10.8675
2018,03,5,4,10.4717
2018,03,5,5,10.5652
2018,03,5,6,10.225200000000001
2018,03,5,7,9.321579999999999
2018,03,6,0,8.75904
2018,03,6,1,7.88542
2018,03,6,2,8.16332
2018,03,6,3,10.0807
2018,03,6,4,13.0989
2018,03,6,5,15.214799999999999
2018,03,6,6,15.1063
2018,03,6,7,13.9581
2018,03,7,0,15.610299999999999
2018,03,7,1,18.2698
2018,03,7,2,18.099700000000002
2018,03,7,3,17.460099999999997
2018,03,7,4,17.248
2018,03,7,5,18.0521
2018,03,7,6,18.3887
2018,03,7,7,17.3948
2018,03,8,0,14.4776
2018,03,8,1,14.9956
2018,03,8,2,13.6078
2018,03,8,3,11.8024
2018,03,8,4,12.0533
2018,03,8,5,10.2028
2018,03,8,6,9.10146
2018,03,8,7,6.76013
2018,03,9,0,6.28834
2018,03,9,1,7.4781
2018,03,9,2,9.55022
2018,03,9,3,9.32147
2018,03,9,4,11.7437
2018,03,9,5,12.8714
2018,03,9,6,14.758299999999998
2018,03,9,7,14.4134
2018,03,10,0,11.482899999999999
2018,03,10,1,16.1336
2018,03,10,2,15.8327
2018,03,10,3,14.8924
2018,03,10,4,11.043700000000001
2018,03,10,5,10.2653
2018,03,10,6,10.1316
2018,03,10,7,10.7607
2018,03,11,0,11.8875
2018,03,11,1,10.516399999999999
2018,03,11,2,6.99395
2018,03,11,3,5.20221
2018,03,11,4,3.88301
2018,03,11,5,3.08021
2018,03,11,6,3.1467899999999998
2018,03,11,7,4.53859
2018,03,12,0,4.4025799999999995
2018,03,12,1,5.90694
2018,03,12,2,6.42434
2018,03,12,3,6.7542
2018,03,12,4,7.1273800000000005
2018,03,12,5,7.774649999999999
2018,03,12,6,7.84368
2018,03,12,7,6.79099
2018,03,13,0,5.81538
2018,03,13,1,5.96196
2018,03,13,2,6.75441
2018,03,13,3,8.40076
2018,03,13,4,9.57322
2018,03,13,5,10.2014
2018,03,13,6,10.1673
2018,03,13,7,10.5304
2018,03,14,0,17.3221
2018,03,14,1,18.1762
2018,03,14,2,17.9363
2018,03,14,3,17.1293
2018,03,14,4,15.780899999999999
2018,03,14,5,14.2501
2018,03,14,6,16.0219
2018,03,14,7,18.3765
2018,03,15,0,18.3614
2018,03,15,1,12.5241
2018,03,15,2,11.3555
2018,03,15,3,13.3831
2018,03,15,4,8.900049999999998
2018,03,15,5,7.11472
2018,03,15,6,5.57237
2018,03,15,7,6.2308900000000005
2018,03,16,0,5.69646
2018,03,16,1,5.55689
2018,03,16,2,5.92261
2018,03,16,3,5.63616
2018,03,16,4,3.33256
2018,03,16,5,4.0336799999999995
2018,03,16,6,6.669689999999999
2018,03,16,7,6.85225
2018,03,17,0,7.54416
2018,03,17,1,6.51468
2018,03,17,2,6.78879
2018,03,17,3,8.88871
2018,03,17,4,8.67174
2018,03,17,5,9.68284
2018,03,17,6,8.410950000000001
2018,03,17,7,6.09513
2018,03,18,0,6.63378
2018,03,18,1,6.5777600000000005
2018,03,18,2,8.27797
2018,03,18,3,9.369629999999999
2018,03,18,4,4.5294300000000005
2018,03,18,5,3.14696
2018,03,18,6,3.6488400000000003
2018,03,18,7,4.25752
2018,03,19,0,4.54012
2018,03,19,1,5.3062700000000005
2018,03,19,2,6.70369
2018,03,19,3,4.97827
2018,03,19,4,4.75571
2018,03,19,5,4.47717
2018,03,19,6,4.71782
2018,03,19,7,5.80567
2018,03,20,0,6.19955
2018,03,20,1,5.3958699999999995
2018,03,20,2,4.20052
2018,03,20,3,3.75136
2018,03,20,4,3.5632800000000002
2018,03,20,5,3.56418
2018,03,20,6,4.4278
2018,03,20,7,6.9829300000000005
2018,03,21,0,8.19784
2018,03,21,1,8.851569999999999
2018,03,21,2,11.2377
2018,03,21,3,12.8905
2018,03,21,4,13.2503
2018,03,21,5,13.1214
2018,03,21,6,13.327399999999999
2018,03,21,7,13.773100000000001
2018,03,22,0,10.3074
2018,03,22,1,7.560689999999999
2018,03,22,2,4.59325
2018,03,22,3,3.74236
2018,03,22,4,2.54806
2018,03,22,5,4.403770000000001
2018,03,22,6,6.2043
2018,03,22,7,8.1682
2018,03,23,0,7.81009
2018,03,23,1,10.67
2018,03,23,2,11.0711
2018,03,23,3,9.08535
2018,03,23,4,10.0701
2018,03,23,5,10.2902
2018,03,23,6,9.98977
2018,03,23,7,9.93225
2018,03,24,0,9.662
2018,03,24,1,9.06757
2018,03,24,2,8.39307
2018,03,24,3,7.77961
2018,03,24,4,6.049729999999999
2018,03,24,5,5.80011
2018,03,24,6,5.85957
2018,03,24,7,5.32975
2018,03,25,0,6.01293
2018,03,25,1,6.92433
2018,03,25,2,8.57683
2018,03,25,3,10.078899999999999
2018,03,25,4,10.0293
2018,03,25,5,9.95659
2018,03,25,6,10.4033
2018,03,25,7,9.041469999999999
2018,03,26,0,9.82756
2018,03,26,1,9.72483
2018,03,26,2,9.88501
2018,03,26,3,9.84947
2018,03,26,4,7.787439999999999
2018,03,26,5,7.20838
2018,03,26,6,7.53404
2018,03,26,7,8.436819999999999
2018,03,27,0,8.26487
2018,03,27,1,7.17542
2018,03,27,2,6.2203
2018,03,27,3,5.79549
2018,03,27,4,5.48344
2018,03,27,5,4.15489
2018,03,27,6,3.84822
2018,03,27,7,5.59695
2018,03,28,0,7.38801
2018,03,28,1,9.54351
2018,03,28,2,9.4489
2018,03,28,3,8.18675
2018,03,28,4,7.2009300000000005
2018,03,28,5,7.40161
2018,03,28,6,9.25027
2018,03,28,7,11.6631
2018,03,29,0,10.2462
2018,03,29,1,10.5518
2018,03,29,2,11.348799999999999
2018,03,29,3,10.1288
2018,03,29,4,5.94471
2018,03,29,5,4.7930399999999995
2018,03,29,6,5.386270000000001
2018,03,29,7,6.361470000000001
2018,03,30,0,6.88092
2018,03,30,1,7.13497
2018,03,30,2,8.4789
2018,03,30,3,9.10945
2018,03,30,4,8.43885
2018,03,30,5,7.84825
2018,03,30,6,7.98342
2018,03,30,7,7.803859999999999
2018,03,31,0,6.61514
2018,03,31,1,3.96489
2018,03,31,2,4.1843900000000005
2018,03,31,3,5.66221
2018,03,31,4,7.25042
2018,03,31,5,6.49
2018,03,31,6,7.678310000000001
2018,03,31,7,8.13894
2018,03,1,0,8.18282
2018,03,1,1,6.34888
2018,03,1,2,6.02904
2018,03,1,3,6.3579
2018,03,1,4,5.39064
2018,03,1,5,3.2580999999999998
2018,03,1,6,3.5745
2018,03,1,7,3.88111
2018,03,2,0,4.32476
2018,03,2,1,4.57734
2018,03,2,2,4.1707600000000005
2018,03,2,3,3.97197
2018,03,2,4,3.7720599999999997
2018,03,2,5,3.3192199999999996
2018,03,2,6,4.61488
2018,03,2,7,6.85766
2018,03,3,0,6.567069999999999
2018,03,3,1,5.63618
2018,03,3,2,5.195609999999999
2018,03,3,3,5.45275
2018,03,3,4,6.53578
2018,03,3,5,5.1699399999999995
2018,03,3,6,5.09251
2018,03,3,7,3.7443
2018,03,4,0,3.7173000000000003
2018,03,4,1,2.96205
2018,03,4,2,2.54635
2018,03,4,3,2.31273
2018,03,4,4,2.24948
2018,03,4,5,2.39616
2018,03,4,6,2.19235
2018,03,4,7,1.6455799999999998
2018,03,5,0,1.36902
2018,03,5,1,1.18132
2018,03,5,2,1.75637
2018,03,5,3,2.55696
2018,03,5,4,3.572
2018,03,5,5,4.30573
2018,03,5,6,4.635560000000001
2018,03,5,7,4.95308
2018,03,6,0,5.74138
2018,03,6,1,6.302149999999999
2018,03,6,2,6.72551
2018,03,6,3,7.25719
2018,03,6,4,7.24042
2018,03,6,5,6.7882
2018,03,6,6,6.39969
2018,03,6,7,6.00635
2018,03,7,0,6.28213
2018,03,7,1,7.54155
2018,03,7,2,9.08383
2018,03,7,3,11.302100000000001
2018,03,7,4,10.1649
2018,03,7,5,10.1376
2018,03,7,6,9.83681
2018,03,7,7,10.4869
2018,03,8,0,10.3829
2018,03,8,1,10.67
2018,03,8,2,9.48235
2018,03,8,3,8.848450000000001
2018,03,8,4,11.6046
2018,03,8,5,10.882200000000001
2018,03,8,6,10.061
2018,03,8,7,9.42528
2018,03,9,0,9.53757
2018,03,9,1,9.099770000000001
2018,03,9,2,8.988389999999999
2018,03,9,3,9.00885
2018,03,9,4,8.96892
2018,03,9,5,8.688540000000001
2018,03,9,6,8.58071
2018,03,9,7,8.31607
2018,03,10,0,7.65029
2018,03,10,1,6.82721
2018,03,10,2,8.11317
2018,03,10,3,9.35024
2018,03,10,4,9.475629999999999
2018,03,10,5,9.35818
2018,03,10,6,8.64955
2018,03,10,7,7.88261
2018,03,11,0,7.48816
2018,03,11,1,7.08004
2018,03,11,2,6.29803
2018,03,11,3,5.51303
2018,03,11,4,5.72544
2018,03,11,5,6.60729
2018,03,11,6,7.02724
2018,03,11,7,7.22166
2018,03,12,0,6.83254
2018,03,12,1,6.03659
2018,03,12,2,5.24454
2018,03,12,3,4.675949999999999
2018,03,12,4,4.06552
2018,03,12,5,3.4531
2018,03,12,6,2.95585
2018,03,12,7,2.3918000000000004
2018,03,13,0,1.8866500000000002
2018,03,13,1,1.65053
2018,03,13,2,1.57
2018,03,13,3,1.58793
2018,03,13,4,1.51961
2018,03,13,5,1.32137
2018,03,13,6,1.12211
2018,03,13,7,1.0121799999999999
2018,03,14,0,1.0323499999999999
2018,03,14,1,1.08971
2018,03,14,2,1.362
2018,03,14,3,1.7773599999999998
2018,03,14,4,2.09008
2018,03,14,5,2.3139600000000002
2018,03,14,6,2.54054
2018,03,14,7,2.6699
2018,03,15,0,2.80106
2018,03,15,1,2.75168
2018,03,15,2,2.57315
2018,03,15,3,2.76075
2018,03,15,4,3.1086
2018,03,15,5,3.37479
2018,03,15,6,3.86408
2018,03,15,7,5.02172
2018,03,16,0,5.46814
2018,03,16,1,5.22485
2018,03,16,2,5.09479
2018,03,16,3,5.16466
2018,03,16,4,5.54903
2018,03,16,5,5.95268
2018,03,16,6,6.0805299999999995
2018,03,16,7,6.12495
2018,03,17,0,5.99997
2018,03,17,1,5.62048
2018,03,17,2,5.257359999999999
2018,03,17,3,5.11258
2018,03,17,4,5.28726
2018,03,17,5,5.301399999999999
2018,03,17,6,5.575060000000001
2018,03,17,7,6.3153999999999995
2018,03,18,0,5.90068
2018,03,18,1,5.19567
2018,03,18,2,5.1962
2018,03,18,3,5.138850000000001
2018,03,18,4,4.58869
2018,03,18,5,3.6585199999999998
2018,03,18,6,3.08979
2018,03,18,7,3.01987
2018,03,19,0,2.7761799999999996
2018,03,19,1,2.52319
2018,03,19,2,2.6961399999999998
2018,03,19,3,2.6912399999999996
2018,03,19,4,2.5345
2018,03,19,5,2.7145300000000003
2018,03,19,6,2.89783
2018,03,19,7,2.54304
2018,03,20,0,2.61415
2018,03,20,1,2.94626
2018,03,20,2,3.28064
2018,03,20,3,3.4791399999999997
2018,03,20,4,3.9248499999999997
2018,03,20,5,3.81719
2018,03,20,6,3.41934
2018,03,20,7,3.2961300000000002
2018,03,21,0,3.36281
2018,03,21,1,3.5268699999999997
2018,03,21,2,3.60274
2018,03,21,3,3.54711
2018,03,21,4,3.31527
2018,03,21,5,2.7842800000000003
2018,03,21,6,2.23911
2018,03,21,7,2.01903
2018,03,22,0,2.00148
2018,03,22,1,1.90981
2018,03,22,2,1.85581
2018,03,22,3,1.7158
2018,03,22,4,1.5718800000000002
2018,03,22,5,1.89602
2018,03,22,6,2.7515
2018,03,22,7,3.41647
2018,03,23,0,3.20826
2018,03,23,1,2.66033
2018,03,23,2,2.3471100000000003
2018,03,23,3,1.8277
2018,03,23,4,1.1746800000000002
2018,03,23,5,2.0369
2018,03,23,6,4.37185
2018,03,23,7,5.09591
2018,03,24,0,5.51902
2018,03,24,1,4.92808
2018,03,24,2,5.456930000000001
2018,03,24,3,6.86887
2018,03,24,4,5.87341
2018,03,24,5,5.7309399999999995
2018,03,24,6,3.92926
2018,03,24,7,4.00392
2018,03,25,0,3.5901799999999997
2018,03,25,1,3.82265
2018,03,25,2,4.4160200000000005
2018,03,25,3,4.734319999999999
2018,03,25,4,5.29787
2018,03,25,5,6.64324
2018,03,25,6,5.94653
2018,03,25,7,6.0511800000000004
2018,03,26,0,4.80683
2018,03,26,1,5.374689999999999
2018,03,26,2,8.46356
2018,03,26,3,9.022860000000001
2018,03,26,4,8.027140000000001
2018,03,26,5,7.35766
2018,03,26,6,7.08784
2018,03,26,7,5.75743
2018,03,27,0,3.9047899999999998
2018,03,27,1,2.71772
2018,03,27,2,2.4987600000000003
2018,03,27,3,2.84309
2018,03,27,4,3.10812
2018,03,27,5,3.07944
2018,03,27,6,3.26518
2018,03,27,7,2.90951
2018,03,28,0,2.19611
2018,03,28,1,1.98833
2018,03,28,2,2.34387
2018,03,28,3,2.79546
2018,03,28,4,3.1999299999999997
2018,03,28,5,3.8667399999999996
2018,03,28,6,3.82399
2018,03,28,7,2.97518
2018,03,29,0,2.57854
2018,03,29,1,3.30789
2018,03,29,2,3.07805
2018,03,29,3,3.34511
2018,03,29,4,2.80212
2018,03,29,5,1.9690999999999999
2018,03,29,6,1.74169
2018,03,29,7,1.7448599999999999
2018,03,30,0,1.85671
2018,03,30,1,1.95504
2018,03,30,2,2.1717600000000004
2018,03,30,3,2.19102
2018,03,30,4,2.1186700000000003
2018,03,30,5,2.03396
2018,03,30,6,2.08785
2018,03,30,7,2.0835100000000004
2018,03,1,0,2.1417100000000002
2018,03,1,1,2.3823600000000003
2018,03,1,2,2.47714
2018,03,1,3,2.40984
2018,03,1,4,2.42564
2018,03,1,5,2.781
2018,03,1,6,2.98364
2018,03,1,7,2.9873600000000002
2018,03,2,0,2.72126
2018,03,2,1,2.48211
2018,03,2,2,2.2185799999999998
2018,03,2,3,1.67467
2018,03,2,4,1.09385
2018,03,2,5,0.9714539999999999
2018,03,2,6,1.84493
2018,03,2,7,3.23881
2018,03,3,0,3.0456999999999996
2018,03,3,1,2.68864
2018,03,3,2,3.13122
2018,03,3,3,3.44745
2018,03,3,4,3.37995
2018,03,3,5,3.27899
2018,03,3,6,3.2921300000000002
2018,03,3,7,3.26929
2018,03,4,0,3.18477
2018,03,4,1,3.29979
2018,03,4,2,4.06999
2018,03,4,3,4.4253599999999995
2018,03,4,4,4.27204
2018,03,4,5,3.99275
2018,03,4,6,3.90234
2018,03,4,7,3.74317
2018,03,5,0,3.5310799999999998
2018,03,5,1,3.6613
2018,03,5,2,3.93973
2018,03,5,3,4.27235
2018,03,5,4,4.46336
2018,03,5,5,4.30242
2018,03,5,6,3.59583
2018,03,5,7,3.02745
2018,03,6,0,3.2091999999999996
2018,03,6,1,4.15379
2018,03,6,2,4.97766
2018,03,6,3,5.34728
2018,03,6,4,5.6691199999999995
2018,03,6,5,4.70626
2018,03,6,6,4.37258
2018,03,6,7,4.4494
2018,03,7,0,4.692060000000001
2018,03,7,1,4.77038
2018,03,7,2,4.49896
2018,03,7,3,4.35037
2018,03,7,4,4.4497
2018,03,7,5,4.54169
2018,03,7,6,4.489319999999999
2018,03,7,7,4.27448
2018,03,8,0,3.71036
2018,03,8,1,3.22077
2018,03,8,2,2.93379
2018,03,8,3,2.6634
2018,03,8,4,2.32435
2018,03,8,5,1.9998
2018,03,8,6,1.70983
2018,03,8,7,1.37565
2018,03,9,0,1.27895
2018,03,9,1,1.2289100000000002
2018,03,9,2,1.2221099999999998
2018,03,9,3,1.10924
2018,03,9,4,1.0391400000000002
2018,03,9,5,1.13166
2018,03,9,6,1.36169
2018,03,9,7,1.9601
2018,03,10,0,2.6174299999999997
2018,03,10,1,2.84718
2018,03,10,2,2.78464
2018,03,10,3,2.63865
2018,03,10,4,2.3705
2018,03,10,5,2.07517
2018,03,10,6,2.0108800000000002
2018,03,10,7,1.78459
2018,03,11,0,1.61426
2018,03,11,1,1.36942
2018,03,11,2,1.45441
2018,03,11,3,1.9730699999999999
2018,03,11,4,4.203180000000001
2018,03,11,5,7.83719
2018,03,11,6,10.167
2018,03,11,7,11.4564
2018,03,12,0,11.081
2018,03,12,1,10.9891
2018,03,12,2,10.9679
2018,03,12,3,10.3804
2018,03,12,4,8.613430000000001
2018,03,12,5,6.75916
2018,03,12,6,5.48917
2018,03,12,7,4.3279
2018,03,13,0,3.15916
2018,03,13,1,2.9057
2018,03,13,2,3.37681
2018,03,13,3,3.59991
2018,03,13,4,2.7839699999999996
2018,03,13,5,2.9525
2018,03,13,6,2.42415
2018,03,13,7,1.77856
2018,03,14,0,1.50118
2018,03,14,1,1.2694400000000001
2018,03,14,2,1.34585
2018,03,14,3,5.52383
2018,03,14,4,8.333350000000001
2018,03,14,5,9.14665
2018,03,14,6,6.941260000000001
2018,03,14,7,5.1925
2018,03,15,0,10.5159
2018,03,15,1,8.945549999999999
2018,03,15,2,9.17464
2018,03,15,3,9.70982
2018,03,15,4,9.95259
2018,03,15,5,9.707870000000002
2018,03,15,6,9.93848
2018,03,15,7,10.1578
2018,03,16,0,9.492
2018,03,16,1,9.28459
2018,03,16,2,8.94894
2018,03,16,3,7.417479999999999
2018,03,16,4,4.60289
2018,03,16,5,5.16526
2018,03,16,6,5.79057
2018,03,16,7,5.663819999999999
2018,03,17,0,4.35358
2018,03,17,1,4.71937
2018,03,17,2,5.15439
2018,03,17,3,4.71767
2018,03,17,4,4.8766099999999994
2018,03,17,5,4.46528
2018,03,17,6,4.40846
2018,03,17,7,4.92025
2018,03,18,0,6.27816
2018,03,18,1,8.17235
2018,03,18,2,9.049040000000002
2018,03,18,3,9.26549
2018,03,18,4,4.77405
2018,03,18,5,1.91903
2018,03,18,6,2.10854
2018,03,18,7,2.02435
2018,03,19,0,2.05152
2018,03,19,1,2.16936
2018,03,19,2,2.31871
2018,03,19,3,3.0907600000000004
2018,03,19,4,4.50441
2018,03,19,5,5.404739999999999
2018,03,19,6,6.3112200000000005
2018,03,19,7,7.0807
2018,03,20,0,8.9253
2018,03,20,1,8.3697
2018,03,20,2,4.95225
2018,03,20,3,8.50327
2018,03,20,4,1.69588
2018,03,20,5,2.4159800000000002
2018,03,20,6,3.61296
2018,03,20,7,3.0143400000000002
2018,03,21,0,1.38874
2018,03,21,1,0.956407
2018,03,21,2,1.18652
2018,03,21,3,1.7093
2018,03,21,4,2.34883
2018,03,21,5,2.19563
2018,03,21,6,1.89882
2018,03,21,7,2.38888
2018,03,22,0,3.3399099999999997
2018,03,22,1,4.54945
2018,03,22,2,5.6611899999999995
2018,03,22,3,5.6675699999999996
2018,03,22,4,4.88825
2018,03,22,5,4.60393
2018,03,22,6,5.34933
2018,03,22,7,5.603890000000001
2018,03,23,0,4.89376
2018,03,23,1,4.27567
2018,03,23,2,3.9885300000000004
2018,03,23,3,3.74173
2018,03,23,4,3.61321
2018,03,23,5,3.31933
2018,03,23,6,3.07003
2018,03,23,7,3.27499
2018,03,24,0,3.87872
2018,03,24,1,4.01377
2018,03,24,2,4.1373999999999995
2018,03,24,3,4.372199999999999
2018,03,24,4,4.70863
2018,03,24,5,4.73913
2018,03,24,6,5.46432
2018,03,24,7,6.15608
2018,03,25,0,6.679819999999999
2018,03,25,1,7.14555
2018,03,25,2,7.37758
2018,03,25,3,6.88199
2018,03,25,4,5.2822
2018,03,25,5,4.55768
2018,03,25,6,8.38922
2018,03,25,7,4.849489999999999
2018,03,26,0,3.62292
2018,03,26,1,3.08984
2018,03,26,2,3.72346
2018,03,26,3,4.0357199999999995
2018,03,26,4,2.47186
2018,03,26,5,1.90421
2018,03,26,6,1.80013
2018,03,26,7,2.84848
2018,03,27,0,6.78042
2018,03,27,1,4.76055
2018,03,27,2,4.75858
2018,03,27,3,4.7445200000000005
2018,03,27,4,4.82767
2018,03,27,5,4.96765
2018,03,27,6,4.96969
2018,03,27,7,4.62158
2018,03,28,0,3.60337
2018,03,28,1,2.85464
2018,03,28,2,2.46869
2018,03,28,3,1.94221
2018,03,28,4,1.54468
2018,03,28,5,1.55246
2018,03,28,6,1.69199
2018,03,28,7,3.9656100000000003
2018,03,29,0,6.466060000000001
2018,03,29,1,6.1745
2018,03,29,2,5.4349300000000005
2018,03,29,3,4.53843
2018,03,29,4,3.8314899999999996
2018,03,29,5,3.46226
2018,03,29,6,3.15415
2018,03,29,7,3.59175
2018,03,30,0,3.9720999999999997
2018,03,30,1,3.8150999999999997
2018,03,30,2,4.21854
2018,03,30,3,4.9265799999999995
2018,03,30,4,5.0586899999999995
2018,03,30,5,4.78241
2018,03,30,6,4.117979999999999
2018,03,30,7,3.81642
2018,03,31,0,3.9394099999999996
2018,03,31,1,3.51158
2018,03,31,2,2.97625
2018,03,31,3,3.89309
2018,03,31,4,4.81865
2018,03,31,5,4.8766300000000005
2018,03,31,6,4.68602
2018,03,31,7,4.50604
2018,03,1,0,4.51355
2018,03,1,1,4.3708800000000005
2018,03,1,2,3.8288
2018,03,1,3,3.12982
2018,03,1,4,2.56876
2018,03,1,5,2.07016
2018,03,1,6,2.13035
2018,03,1,7,2.92706
2018,03,2,0,4.833069999999999
2018,03,2,1,6.305560000000001
2018,03,2,2,6.60231
2018,03,2,3,6.623279999999999
2018,03,2,4,6.31545
2018,03,2,5,5.7244399999999995
2018,03,2,6,4.47519
2018,03,2,7,3.8398000000000003
2018,03,3,0,4.05273
2018,03,3,1,4.90694
2018,03,3,2,5.32205
2018,03,3,3,5.2125
2018,03,3,4,5.51995
2018,03,3,5,5.67399
2018,03,3,6,5.59527
2018,03,3,7,5.84255
2018,03,4,0,5.67321
2018,03,4,1,5.02322
2018,03,4,2,6.25497
2018,03,4,3,6.94264
2018,03,4,4,6.79739
2018,03,4,5,6.37771
2018,03,4,6,5.334239999999999
2018,03,4,7,4.4225
2018,03,5,0,4.0644
2018,03,5,1,3.8226999999999998
2018,03,5,2,3.70498
2018,03,5,3,3.53363
2018,03,5,4,3.41534
2018,03,5,5,3.24004
2018,03,5,6,2.93748
2018,03,5,7,2.66866
2018,03,6,0,2.61031
2018,03,6,1,2.68012
2018,03,6,2,2.7562699999999998
2018,03,6,3,2.8758600000000003
2018,03,6,4,2.81663
2018,03,6,5,2.37902
2018,03,6,6,1.49618
2018,03,6,7,0.9136660000000001
2018,03,7,0,0.652336
2018,03,7,1,0.911655
2018,03,7,2,1.39025
2018,03,7,3,1.7249
2018,03,7,4,1.62605
2018,03,7,5,1.4241700000000002
2018,03,7,6,1.2278699999999998
2018,03,7,7,1.17335
2018,03,8,0,1.35885
2018,03,8,1,1.8307200000000001
2018,03,8,2,2.21781
2018,03,8,3,2.28182
2018,03,8,4,2.13282
2018,03,8,5,1.6965999999999999
2018,03,8,6,1.00296
2018,03,8,7,1.80251
2018,03,9,0,3.27036
2018,03,9,1,4.12497
2018,03,9,2,4.21813
2018,03,9,3,5.9559
2018,03,9,4,5.82823
2018,03,9,5,4.797479999999999
2018,03,9,6,4.64505
2018,03,9,7,4.600899999999999
2018,03,10,0,4.34184
2018,03,10,1,4.16959
2018,03,10,2,3.04434
2018,03,10,3,2.49052
2018,03,10,4,2.36854
2018,03,10,5,3.0393600000000003
2018,03,10,6,2.98195
2018,03,10,7,3.0757600000000003
2018,03,11,0,2.79019
2018,03,11,1,2.32342
2018,03,11,2,2.18314
2018,03,11,3,1.68117
2018,03,11,4,1.54539
2018,03,11,5,1.3623599999999998
2018,03,11,6,1.4743
2018,03,11,7,2.58568
2018,03,12,0,4.3290299999999995
2018,03,12,1,5.47322
2018,03,12,2,6.43298
2018,03,12,3,7.26876
2018,03,12,4,7.23376
2018,03,12,5,6.32386
2018,03,12,6,6.17721
2018,03,12,7,6.84723
2018,03,13,0,7.089720000000001
2018,03,13,1,6.649109999999999
2018,03,13,2,5.94782
2018,03,13,3,6.10603
2018,03,13,4,4.34049
2018,03,13,5,3.24992
2018,03,13,6,3.48888
2018,03,13,7,3.96427
2018,03,14,0,6.56081
2018,03,14,1,6.83111
2018,03,14,2,2.45646
2018,03,14,3,1.7298499999999999
2018,03,14,4,3.57788
2018,03,14,5,2.18321
2018,03,14,6,1.7899500000000002
2018,03,14,7,2.06629
2018,03,15,0,3.38068
2018,03,15,1,4.1258
2018,03,15,2,4.2095
2018,03,15,3,4.02971
2018,03,15,4,3.7821
2018,03,15,5,3.54012
2018,03,15,6,3.68967
2018,03,15,7,3.86562
2018,03,16,0,3.62019
2018,03,16,1,3.35805
2018,03,16,2,2.96023
2018,03,16,3,2.8551599999999997
2018,03,16,4,2.25398
2018,03,16,5,0.8164629999999999
2018,03,16,6,0.5412659999999999
2018,03,16,7,0.605118
2018,03,17,0,0.553245
2018,03,17,1,0.53588
2018,03,17,2,0.451848
2018,03,17,3,0.638711
2018,03,17,4,0.8453229999999999
2018,03,17,5,1.1361700000000001
2018,03,17,6,2.12232
2018,03,17,7,5.44625
2018,03,18,0,8.18314
2018,03,18,1,8.29682
2018,03,18,2,8.25124
2018,03,18,3,7.33152
2018,03,18,4,6.61014
2018,03,18,5,5.12657
2018,03,18,6,4.772069999999999
2018,03,18,7,4.752689999999999
2018,03,19,0,4.7292700000000005
2018,03,19,1,5.32139
2018,03,19,2,6.5513
2018,03,19,3,7.97888
2018,03,19,4,8.10383
2018,03,19,5,7.18529
2018,03,19,6,6.83495
2018,03,19,7,6.37217
2018,03,20,0,4.88774
2018,03,20,1,4.359859999999999
2018,03,20,2,4.1231599999999995
2018,03,20,3,3.0649499999999996
2018,03,20,4,3.10746
2018,03,20,5,4.80102
2018,03,20,6,6.39178
2018,03,20,7,7.22433
2018,03,21,0,6.68703
2018,03,21,1,7.198270000000001
2018,03,21,2,6.81969
2018,03,21,3,4.63657
2018,03,21,4,5.063470000000001
2018,03,21,5,5.69574
2018,03,21,6,6.36715
2018,03,21,7,6.652520000000001
2018,03,22,0,6.73079
2018,03,22,1,7.58465
2018,03,22,2,7.0735
2018,03,22,3,5.16282
2018,03,22,4,2.17788
2018,03,22,5,1.95698
2018,03,22,6,1.76758
2018,03,22,7,2.1465500000000004
2018,03,23,0,2.00319
2018,03,23,1,1.5478699999999999
2018,03,23,2,1.54798
2018,03,23,3,1.7902
2018,03,23,4,1.6856
2018,03,23,5,1.89053
2018,03,23,6,2.71013
2018,03,23,7,4.20442
2018,03,24,0,4.36843
2018,03,24,1,4.12776
2018,03,24,2,4.11099
2018,03,24,3,3.3445300000000002
2018,03,24,4,2.869
2018,03,24,5,3.46412
2018,03,24,6,3.33161
2018,03,24,7,3.30938
2018,03,25,0,2.589
2018,03,25,1,1.91586
2018,03,25,2,1.89243
2018,03,25,3,2.56262
2018,03,25,4,4.42348
2018,03,25,5,4.50934
2018,03,25,6,5.157310000000001
2018,03,25,7,5.36449
2018,03,26,0,4.72565
2018,03,26,1,4.41004
2018,03,26,2,4.4249600000000004
2018,03,26,3,6.15433
2018,03,26,4,8.53509
2018,03,26,5,9.362530000000001
2018,03,26,6,9.5748
2018,03,26,7,9.98653
2018,03,27,0,8.20115
2018,03,27,1,7.76087
2018,03,27,2,8.49934
2018,03,27,3,7.65198
2018,03,27,4,6.703180000000001
2018,03,27,5,6.19113
2018,03,27,6,6.90245
2018,03,27,7,8.192590000000001
2018,03,28,0,8.202729999999999
2018,03,28,1,7.46798
2018,03,28,2,6.60425
2018,03,28,3,5.33625
2018,03,28,4,4.05988
2018,03,28,5,3.97314
2018,03,28,6,4.02536
2018,03,28,7,3.91329
2018,03,29,0,3.87832
2018,03,29,1,4.22775
2018,03,29,2,4.45228
2018,03,29,3,4.59954
2018,03,29,4,4.64283
2018,03,29,5,4.49697
2018,03,29,6,4.19853
2018,03,29,7,3.93293
2018,03,30,0,3.9118000000000004
2018,03,30,1,3.87448
2018,03,30,2,3.8245999999999998
2018,03,30,3,3.63196
2018,03,30,4,3.37181
2018,03,30,5,2.91075
2018,03,30,6,2.60166
2018,03,30,7,2.49892
2018,03,1,0,2.41058
2018,03,1,1,2.2803899999999997
2018,03,1,2,2.3434
2018,03,1,3,2.49115
2018,03,1,4,2.582
2018,03,1,5,2.64784
2018,03,1,6,2.5727399999999996
2018,03,1,7,2.4830799999999997
2018,03,2,0,2.3815399999999998
2018,03,2,1,2.31174
2018,03,2,2,2.16493
2018,03,2,3,2.02963
2018,03,2,4,1.89741
2018,03,2,5,1.87929
2018,03,2,6,2.12901
2018,03,2,7,2.29785
2018,03,3,0,2.07694
2018,03,3,1,1.84972
2018,03,3,2,1.48672
2018,03,3,3,1.57392
2018,03,3,4,2.04664
2018,03,3,5,1.32677
2018,03,3,6,1.36011
2018,03,3,7,1.19122
2018,03,4,0,1.00495
2018,03,4,1,1.30284
2018,03,4,2,1.97933
2018,03,4,3,3.59781
2018,03,4,4,3.87027
2018,03,4,5,2.2223800000000002
2018,03,4,6,2.50986
2018,03,4,7,2.49601
2018,03,5,0,2.50516
2018,03,5,1,2.2688699999999997
2018,03,5,2,1.99818
2018,03,5,3,1.94419
2018,03,5,4,1.67577
2018,03,5,5,1.3571099999999998
2018,03,5,6,1.14229
2018,03,5,7,1.39451
2018,03,6,0,1.54454
2018,03,6,1,1.71284
2018,03,6,2,2.4250700000000003
2018,03,6,3,2.1826
2018,03,6,4,1.44051
2018,03,6,5,1.46092
2018,03,6,6,1.39854
2018,03,6,7,1.1660599999999999
2018,03,7,0,0.9730789999999999
2018,03,7,1,0.836441
2018,03,7,2,1.6428099999999999
2018,03,7,3,2.27764
2018,03,7,4,3.3964000000000003
2018,03,7,5,3.09517
2018,03,7,6,3.0429
2018,03,7,7,2.83279
2018,03,8,0,1.9797799999999999
2018,03,8,1,1.22579
2018,03,8,2,1.47532
2018,03,8,3,1.5869300000000002
2018,03,8,4,1.6660599999999999
2018,03,8,5,1.79605
2018,03,8,6,1.61304
2018,03,8,7,2.049
2018,03,9,0,4.34285
2018,03,9,1,4.85491
2018,03,9,2,4.99951
2018,03,9,3,4.451569999999999
2018,03,9,4,1.60758
2018,03,9,5,0.7897580000000001
2018,03,9,6,1.09975
2018,03,9,7,1.9549
2018,03,10,0,4.72742
2018,03,10,1,6.87938
2018,03,10,2,5.7823199999999995
2018,03,10,3,4.24366
2018,03,10,4,2.70662
2018,03,10,5,1.96018
2018,03,10,6,2.1085
2018,03,10,7,1.86771
2018,03,11,0,1.2595
2018,03,11,1,1.2526700000000002
2018,03,11,2,1.704
2018,03,11,3,1.8009600000000001
2018,03,11,4,3.36146
2018,03,11,5,6.0571
2018,03,11,6,6.69031
2018,03,11,7,6.530939999999999
2018,03,12,0,3.17417
2018,03,12,1,1.60897
2018,03,12,2,2.3985700000000003
2018,03,12,3,1.61682
2018,03,12,4,2.17237
2018,03,12,5,2.09571
2018,03,12,6,2.4294000000000002
2018,03,12,7,2.01829
2018,03,13,0,0.9468070000000001
2018,03,13,1,2.65473
2018,03,13,2,4.60651
2018,03,13,3,4.45927
2018,03,13,4,2.1955500000000003
2018,03,13,5,2.3426799999999997
2018,03,13,6,1.95905
2018,03,13,7,2.41875
2018,03,14,0,1.72519
2018,03,14,1,2.24235
2018,03,14,2,2.8501
2018,03,14,3,4.401140000000001
2018,03,14,4,5.91963
2018,03,14,5,7.26563
2018,03,14,6,7.52299
2018,03,14,7,6.78577
2018,03,15,0,5.72471
2018,03,15,1,5.4392
2018,03,15,2,6.1595699999999995
2018,03,15,3,4.009
2018,03,15,4,2.0323800000000003
2018,03,15,5,2.35061
2018,03,15,6,1.62235
2018,03,15,7,0.946246
2018,03,16,0,0.919902
2018,03,16,1,0.8622949999999999
2018,03,16,2,2.01631
2018,03,16,3,3.22517
2018,03,16,4,4.68737
2018,03,16,5,6.2970500000000005
2018,03,16,6,7.30456
2018,03,16,7,6.77771
2018,03,17,0,7.23504
2018,03,17,1,7.5024
2018,03,17,2,7.525180000000001
2018,03,17,3,7.122859999999999
2018,03,17,4,6.332520000000001
2018,03,17,5,5.06277
2018,03,17,6,2.8100300000000002
2018,03,17,7,2.9634099999999997
2018,03,18,0,3.56418
2018,03,18,1,2.6934699999999996
2018,03,18,2,3.33775
2018,03,18,3,3.98793
2018,03,18,4,5.3562899999999996
2018,03,18,5,5.01357
2018,03,18,6,3.0545999999999998
2018,03,18,7,3.66104
2018,03,19,0,3.73117
2018,03,19,1,3.41954
2018,03,19,2,3.2677899999999998
2018,03,19,3,3.92819
2018,03,19,4,3.51052
2018,03,19,5,3.2674600000000003
2018,03,19,6,2.96533
2018,03,19,7,3.30485
2018,03,20,0,1.9881
2018,03,20,1,1.93273
2018,03,20,2,1.86011
2018,03,20,3,2.26598
2018,03,20,4,3.3928499999999997
2018,03,20,5,4.249899999999999
2018,03,20,6,5.3302700000000005
2018,03,20,7,6.91533
2018,03,21,0,7.80492
2018,03,21,1,6.97612
2018,03,21,2,5.8524899999999995
2018,03,21,3,4.99566
2018,03,21,4,4.52651
2018,03,21,5,4.09274
2018,03,21,6,3.48702
2018,03,21,7,2.90382
2018,03,22,0,2.29636
2018,03,22,1,1.62867
2018,03,22,2,1.55518
2018,03,22,3,1.61131
2018,03,22,4,1.76752
2018,03,22,5,1.90497
2018,03,22,6,1.92344
2018,03,22,7,1.76327
2018,03,23,0,2.0823899999999997
2018,03,23,1,2.3460799999999997
2018,03,23,2,2.5764099999999996
2018,03,23,3,3.2561799999999996
2018,03,23,4,3.97587
2018,03,23,5,4.11343
2018,03,23,6,3.96535
2018,03,23,7,3.95936
2018,03,24,0,4.10425
2018,03,24,1,4.14021
2018,03,24,2,3.96146
2018,03,24,3,3.84451
2018,03,24,4,3.8501399999999997
2018,03,24,5,3.72408
2018,03,24,6,3.7255100000000003
2018,03,24,7,3.33281
2018,03,25,0,2.5745
2018,03,25,1,2.5205900000000003
2018,03,25,2,2.56119
2018,03,25,3,2.60259
2018,03,25,4,2.57321
2018,03,25,5,2.61696
2018,03,25,6,2.53897
2018,03,25,7,2.3515
2018,03,26,0,1.91702
2018,03,26,1,1.7611700000000001
2018,03,26,2,1.48595
2018,03,26,3,1.6713
2018,03,26,4,2.03196
2018,03,26,5,2.26057
2018,03,26,6,2.40372
2018,03,26,7,2.63197
2018,03,27,0,2.7850900000000003
2018,03,27,1,2.97645
2018,03,27,2,2.96402
2018,03,27,3,2.87552
2018,03,27,4,3.0204299999999997
2018,03,27,5,2.92616
2018,03,27,6,2.59096
2018,03,27,7,2.1990100000000004
2018,03,28,0,2.1030300000000004
2018,03,28,1,2.3416
2018,03,28,2,2.63292
2018,03,28,3,2.83515
2018,03,28,4,3.82506
2018,03,28,5,4.893689999999999
2018,03,28,6,4.87287
2018,03,28,7,3.97662
2018,03,29,0,2.5372199999999996
2018,03,29,1,2.0069
2018,03,29,2,2.37013
2018,03,29,3,3.1268000000000002
2018,03,29,4,3.95311
2018,03,29,5,4.84474
2018,03,29,6,4.795439999999999
2018,03,29,7,4.559159999999999
2018,03,30,0,4.402520000000001
2018,03,30,1,3.77436
2018,03,30,2,3.04286
2018,03,30,3,2.54927
2018,03,30,4,2.06772
2018,03,30,5,1.67571
2018,03,30,6,1.57855
2018,03,30,7,1.6640599999999999
2018,03,31,0,1.5581500000000001
2018,03,31,1,1.4473900000000002
2018,03,31,2,1.2969300000000001
2018,03,31,3,1.2823499999999999
2018,03,31,4,1.42449
2018,03,31,5,2.24246
2018,03,31,6,2.42277
2018,03,31,7,3.3409299999999997
2019,03,1,0,6.46904
2019,03,1,1,8.61501
2019,03,1,2,8.64174
2019,03,1,3,5.30675
2019,03,1,4,1.1533099999999998
2019,03,1,5,1.17292
2019,03,1,6,1.82781
2019,03,1,7,4.780399999999999
