####################################################################################################
# Month: 02Feb                                                                                     #
# Station: RPU                                                                                     #
# Columns are: year    month   day     segment         windspeed (m/s)                             #
####################################################################################################
year,month,day,segment,windspeed
2009,02,1,0,17.373846
2009,02,1,1,21.557601
2009,02,1,2,22.077588
2009,02,1,3,15.697897
2009,02,1,4,11.497868
2009,02,1,5,10.869975
2009,02,1,6,12.480625
2009,02,1,7,10.977404
2009,02,2,0,5.723272
2009,02,2,1,5.089033
2009,02,2,2,5.519504
2009,02,2,3,7.954177
2009,02,2,4,8.123985
2009,02,2,5,7.850526
2009,02,2,6,8.105155
2009,02,2,7,7.195428
2009,02,3,0,6.891085
2009,02,3,1,6.230799
2009,02,3,2,5.708841
2009,02,3,3,6.304388
2009,02,3,4,8.185573
2009,02,3,5,9.375533
2009,02,3,6,9.600062
2009,02,3,7,9.914485
2009,02,4,0,6.876013
2009,02,4,1,3.411997
2009,02,4,2,1.038011
2009,02,4,3,4.954403
2009,02,4,4,7.867047
2009,02,4,5,7.605914
2009,02,4,6,3.829965
2009,02,4,7,2.596911
2009,02,5,0,2.333048
2009,02,5,1,1.994324
2009,02,5,2,3.542439
2009,02,5,3,5.346481
2009,02,5,4,4.745274
2009,02,5,5,2.995226
2009,02,5,6,3.187745
2009,02,5,7,4.548477
2009,02,6,0,3.193525
2009,02,6,1,1.891669
2009,02,6,2,1.319474
2009,02,6,3,0.297381
2009,02,6,4,3.951666
2009,02,6,5,3.98168
2009,02,6,6,5.037116
2009,02,6,7,5.719601
2009,02,7,0,3.428737
2009,02,7,1,2.655381
2009,02,7,2,2.982556
2009,02,7,3,6.400063
2009,02,7,4,8.733362
2009,02,7,5,9.259794
2009,02,7,6,9.456539
2009,02,7,7,9.370795
2009,02,8,0,7.113034
2009,02,8,1,3.666006
2009,02,8,2,4.560351
2009,02,8,3,6.955467
2009,02,8,4,9.154931
2009,02,8,5,7.427875
2009,02,8,6,9.17015
2009,02,8,7,12.811298
2009,02,9,0,13.708199
2009,02,9,1,12.970978
2009,02,9,2,15.494042
2009,02,9,3,14.259763
2009,02,9,4,18.793146
2009,02,9,5,22.286265
2009,02,9,6,17.960328
2009,02,9,7,20.219481
2009,02,10,0,19.89105
2009,02,10,1,18.003243
2009,02,10,2,15.412134
2009,02,10,3,11.844695
2009,02,10,4,11.590361
2009,02,10,5,11.65573
2009,02,10,6,9.853326
2009,02,10,7,8.188532
2009,02,11,0,5.840489
2009,02,11,1,3.018011
2009,02,11,2,2.948018
2009,02,11,3,7.209097
2009,02,11,4,11.761363
2009,02,11,5,15.486769
2009,02,11,6,20.653781
2009,02,11,7,21.917184
2009,02,12,0,20.215706
2009,02,12,1,22.910626
2009,02,12,2,30.304632
2009,02,12,3,32.96694
2009,02,12,4,19.563097
2009,02,12,5,14.112236
2009,02,12,6,12.938889
2009,02,12,7,13.564604
2009,02,13,0,9.247067
2009,02,13,1,5.206284
2009,02,13,2,1.278483
2009,02,13,3,5.527781
2009,02,13,4,1.845135
2009,02,13,5,3.303068
2009,02,13,6,4.58395
2009,02,13,7,3.506893
2009,02,14,0,3.074995
2009,02,14,1,1.090353
2009,02,14,2,2.555539
2009,02,14,3,5.154008
2009,02,14,4,6.034266
2009,02,14,5,4.146864
2009,02,14,6,3.286163
2009,02,14,7,2.703942
2009,02,15,0,1.036601
2009,02,15,1,1.948269
2009,02,15,2,1.72596
2009,02,15,3,5.087185
2009,02,15,4,5.203516
2009,02,15,5,6.398279
2009,02,15,6,6.740236
2009,02,15,7,6.252118
2009,02,16,0,6.39252
2009,02,16,1,5.966736
2009,02,16,2,6.851957
2009,02,16,3,6.298554
2009,02,16,4,9.032844
2009,02,16,5,8.476557
2009,02,16,6,6.987
2009,02,16,7,8.129653
2009,02,17,0,9.183466
2009,02,17,1,7.075215
2009,02,17,2,6.028577
2009,02,17,3,7.536349
2009,02,17,4,9.518367
2009,02,17,5,7.948516
2009,02,17,6,3.852517
2009,02,17,7,4.092368
2009,02,18,0,3.124658
2009,02,18,1,1.823397
2009,02,18,2,1.532663
2009,02,18,3,4.705164
2009,02,18,4,8.14831
2009,02,18,5,9.501311
2009,02,18,6,8.470858
2009,02,18,7,7.163909
2009,02,19,0,7.068986
2009,02,19,1,6.602978
2009,02,19,2,8.798052
2009,02,19,3,10.768766
2009,02,19,4,12.304781
2009,02,19,5,13.030221
2009,02,19,6,18.876836
2009,02,19,7,25.395582
2009,02,20,0,27.968181
2009,02,20,1,25.066887
2009,02,20,2,17.036333
2009,02,20,3,15.966162
2009,02,20,4,18.434914
2009,02,20,5,20.695858
2009,02,20,6,20.190403
2009,02,20,7,19.847563
2009,02,21,0,15.591527
2009,02,21,1,12.800158
2009,02,21,2,12.87561
2009,02,21,3,15.310737
2009,02,21,4,16.252384
2009,02,21,5,17.380915
2009,02,21,6,17.467746
2009,02,21,7,17.723955
2009,02,22,0,17.352288
2009,02,22,1,15.346856
2009,02,22,2,14.684659
2009,02,22,3,14.481876
2009,02,22,4,16.065968
2009,02,22,5,18.209451
2009,02,22,6,17.127372
2009,02,22,7,13.524767
2009,02,23,0,9.535321
2009,02,23,1,7.24682
2009,02,23,2,6.87296
2009,02,23,3,8.740431
2009,02,23,4,10.413699
2009,02,23,5,10.161147
2009,02,23,6,8.887774
2009,02,23,7,8.849544
2009,02,24,0,5.151933
2009,02,24,1,3.588995
2009,02,24,2,2.844771
2009,02,24,3,3.544308
2009,02,24,4,4.883416
2009,02,24,5,5.253134
2009,02,24,6,4.712971
2009,02,24,7,5.360549
2009,02,25,0,4.545749
2009,02,25,1,2.714562
2009,02,25,2,1.229991
2009,02,25,3,2.472026
2009,02,25,4,4.558733
2009,02,25,5,5.978301
2009,02,25,6,5.243327
2009,02,25,7,4.937752
2009,02,26,0,3.69338
2009,02,26,1,2.913854
2009,02,26,2,3.237578
2009,02,26,3,4.587951
2009,02,26,4,3.450572
2009,02,26,5,1.945738
2009,02,26,6,1.708511
2009,02,26,7,2.500906
2009,02,27,0,5.536081
2009,02,27,1,5.781183
2009,02,27,2,6.409277
2009,02,27,3,9.184264
2009,02,27,4,11.207786
2009,02,27,5,14.573525
2009,02,27,6,21.716312
2009,02,27,7,27.321119
2009,02,28,0,23.526332
2009,02,28,1,21.217794
2009,02,28,2,16.70348
2009,02,28,3,12.875751
2009,02,28,4,15.265442
2009,02,28,5,12.869512
2009,02,28,6,13.676907
2009,02,28,7,14.078629
2010,02,1,0,13.909518
2010,02,1,1,12.186683
2010,02,1,2,11.562605
2010,02,1,3,10.68901
2010,02,1,4,9.367733
2010,02,1,5,8.213592
2010,02,1,6,7.162543
2010,02,1,7,6.560155
2010,02,2,0,4.866481
2010,02,2,1,3.275419
2010,02,2,2,2.431691
2010,02,2,3,1.186312
2010,02,2,4,1.017581
2010,02,2,5,5.440375
2010,02,2,6,6.771908
2010,02,2,7,6.497128
2010,02,3,0,4.128428
2010,02,3,1,2.308039
2010,02,3,2,1.904285
2010,02,3,3,2.591231
2010,02,3,4,4.372826
2010,02,3,5,3.916883
2010,02,3,6,3.52965
2010,02,3,7,3.800099
2010,02,4,0,2.33319
2010,02,4,1,0.902783
2010,02,4,2,2.07544
2010,02,4,3,1.829071
2010,02,4,4,3.695849
2010,02,4,5,4.90919
2010,02,4,6,6.322377
2010,02,4,7,7.022105
2010,02,5,0,3.594731
2010,02,5,1,1.780841
2010,02,5,2,0.70566
2010,02,5,3,0.525391
2010,02,5,4,2.741746
2010,02,5,5,4.106135
2010,02,5,6,4.404297
2010,02,5,7,3.71365
2010,02,6,0,1.724955
2010,02,6,1,0.337056
2010,02,6,2,0.494182
2010,02,6,3,2.13544
2010,02,6,4,3.197739
2010,02,6,5,3.365434
2010,02,6,6,3.058074
2010,02,6,7,2.672257
2010,02,7,0,2.627839
2010,02,7,1,1.603749
2010,02,7,2,2.647509
2010,02,7,3,1.920198
2010,02,7,4,1.046293
2010,02,7,5,0.459612
2010,02,7,6,1.84124
2010,02,7,7,3.430339
2010,02,8,0,2.627341
2010,02,8,1,2.385547
2010,02,8,2,3.852928
2010,02,8,3,4.79573
2010,02,8,4,3.778859
2010,02,8,5,3.711198
2010,02,8,6,4.821978
2010,02,8,7,6.39284
2010,02,9,0,6.529704
2010,02,9,1,7.282067
2010,02,9,2,7.061232
2010,02,9,3,8.612485
2010,02,9,4,10.291468
2010,02,9,5,10.693294
2010,02,9,6,9.313109
2010,02,9,7,8.848907
2010,02,10,0,8.472751
2010,02,10,1,4.849566
2010,02,10,2,2.456578
2010,02,10,3,3.381943
2010,02,10,4,3.674454
2010,02,10,5,5.564995
2010,02,10,6,6.830748
2010,02,10,7,7.208023
2010,02,11,0,6.699329
2010,02,11,1,6.118944
2010,02,11,2,6.64722
2010,02,11,3,7.555809
2010,02,11,4,7.944164
2010,02,11,5,9.281049
2010,02,11,6,8.868146
2010,02,11,7,9.682085
2010,02,12,0,8.073124
2010,02,12,1,9.540175
2010,02,12,2,10.803621
2010,02,12,3,13.209379
2010,02,12,4,17.371607
2010,02,12,5,19.552079
2010,02,12,6,17.726351
2010,02,12,7,21.0387
2010,02,13,0,21.605218
2010,02,13,1,22.869871
2010,02,13,2,22.289339
2010,02,13,3,19.81457
2010,02,13,4,17.131709
2010,02,13,5,15.21626
2010,02,13,6,13.30215
2010,02,13,7,11.52348
2010,02,14,0,10.945362
2010,02,14,1,12.550555
2010,02,14,2,15.445876
2010,02,14,3,15.221124
2010,02,14,4,15.510957
2010,02,14,5,17.651022
2010,02,14,6,17.322655
2010,02,14,7,18.690541
2010,02,15,0,15.731477
2010,02,15,1,8.344129
2010,02,15,2,4.216806
2010,02,15,3,4.236418
2010,02,15,4,4.973423
2010,02,15,5,5.095303
2010,02,15,6,6.692666
2010,02,15,7,5.986326
2010,02,16,0,6.755715
2010,02,16,1,9.050147
2010,02,16,2,10.247187
2010,02,16,3,9.056573
2010,02,16,4,6.386345
2010,02,16,5,4.133641
2010,02,16,6,4.962134
2010,02,16,7,7.647749
2010,02,17,0,7.268358
2010,02,17,1,4.392149
2010,02,17,2,3.956709
2010,02,17,3,6.476071
2010,02,17,4,8.970524
2010,02,17,5,10.473809
2010,02,17,6,14.160039
2010,02,17,7,18.555365
2010,02,18,0,20.246197
2010,02,18,1,16.052969
2010,02,18,2,14.2862
2010,02,18,3,14.094071
2010,02,18,4,13.343504
2010,02,18,5,10.04224
2010,02,18,6,9.588182
2010,02,18,7,11.529252
2010,02,19,0,12.292683
2010,02,19,1,11.308032
2010,02,19,2,10.3681
2010,02,19,3,8.417723
2010,02,19,4,3.539133
2010,02,19,5,4.002785
2010,02,19,6,6.723604
2010,02,19,7,6.979106
2010,02,20,0,7.700249
2010,02,20,1,7.534417
2010,02,20,2,5.517475
2010,02,20,3,4.148276
2010,02,20,4,4.463577
2010,02,20,5,5.769038
2010,02,20,6,5.308461
2010,02,20,7,4.115259
2010,02,21,0,4.04953
2010,02,21,1,2.743967
2010,02,21,2,2.066265
2010,02,21,3,2.958355
2010,02,21,4,3.068298
2010,02,21,5,2.335432
2010,02,21,6,1.212159
2010,02,21,7,1.074272
2010,02,22,0,1.599792
2010,02,22,1,1.12177
2010,02,22,2,0.769984
2010,02,22,3,2.037658
2010,02,22,4,5.945256
2010,02,22,5,7.223684
2010,02,22,6,6.593377
2010,02,22,7,6.47972
2010,02,23,0,6.372535
2010,02,23,1,3.512209
2010,02,23,2,2.842235
2010,02,23,3,5.479048
2010,02,23,4,8.114882
2010,02,23,5,8.495691
2010,02,23,6,7.869757
2010,02,23,7,7.16839
2010,02,24,0,7.374927
2010,02,24,1,5.561996
2010,02,24,2,5.029731
2010,02,24,3,6.270232
2010,02,24,4,9.712509
2010,02,24,5,13.290743
2010,02,24,6,12.675002
2010,02,24,7,14.929091
2010,02,25,0,14.459719
2010,02,25,1,12.338546
2010,02,25,2,11.386831
2010,02,25,3,10.298593
2010,02,25,4,9.597031
2010,02,25,5,9.222243
2010,02,25,6,9.08992
2010,02,25,7,9.939304
2010,02,26,0,1.69067
2010,02,26,1,4.02816
2010,02,26,2,1.647025
2010,02,26,3,3.99707
2010,02,26,4,6.462882
2010,02,26,5,6.595308
2010,02,26,6,6.673376
2010,02,26,7,6.02969
2010,02,27,0,5.196599
2010,02,27,1,2.285351
2010,02,27,2,1.838003
2010,02,27,3,1.35261
2010,02,27,4,7.140721
2010,02,27,5,4.871207
2010,02,27,6,3.391524
2010,02,27,7,1.182232
2010,02,28,0,0.808279
2010,02,28,1,1.658935
2010,02,28,2,2.602089
2010,02,28,3,2.851447
2010,02,28,4,5.512279
2010,02,28,5,6.360483
2010,02,28,6,7.756944
2010,02,28,7,6.806238
2011,02,1,0,11.297931
2011,02,1,1,11.267173
2011,02,1,2,12.175682
2011,02,1,3,13.849385
2011,02,1,4,14.441767
2011,02,1,5,15.273478
2011,02,1,6,15.771854
2011,02,1,7,20.05218
2011,02,2,0,26.676734
2011,02,2,1,29.728312
2011,02,2,2,28.60664
2011,02,2,3,20.607597
2011,02,2,4,17.433373
2011,02,2,5,14.892164
2011,02,2,6,15.22993
2011,02,2,7,15.775192
2011,02,3,0,17.432935
2011,02,3,1,15.127524
2011,02,3,2,14.864226
2011,02,3,3,17.06393
2011,02,3,4,19.35587
2011,02,3,5,23.089608
2011,02,3,6,22.222093
2011,02,3,7,17.748108
2011,02,4,0,20.411416
2011,02,4,1,18.984524
2011,02,4,2,19.639843
2011,02,4,3,19.321362
2011,02,4,4,19.236559
2011,02,4,5,18.703559
2011,02,4,6,14.908476
2011,02,4,7,10.596524
2011,02,5,0,10.145689
2011,02,5,1,7.681644
2011,02,5,2,6.909343
2011,02,5,3,7.677378
2011,02,5,4,7.64303
2011,02,5,5,7.087795
2011,02,5,6,7.070409
2011,02,5,7,8.301782
2011,02,6,0,9.010305
2011,02,6,1,8.737867
2011,02,6,2,6.002943
2011,02,6,3,2.661423
2011,02,6,4,4.639475
2011,02,6,5,7.680926
2011,02,6,6,9.361764
2011,02,6,7,8.352781
2011,02,7,0,8.813827
2011,02,7,1,9.592576
2011,02,7,2,9.458849
2011,02,7,3,9.247941
2011,02,7,4,9.84432
2011,02,7,5,9.915275
2011,02,7,6,8.735848
2011,02,7,7,10.473201
2011,02,8,0,12.016171
2011,02,8,1,11.410331
2011,02,8,2,11.66909
2011,02,8,3,14.081269
2011,02,8,4,15.932058
2011,02,8,5,16.777683
2011,02,8,6,15.314819
2011,02,8,7,12.370776
2011,02,9,0,8.797325
2011,02,9,1,3.52479
2011,02,9,2,2.773413
2011,02,9,3,6.052109
2011,02,9,4,7.606059
2011,02,9,5,7.244503
2011,02,9,6,5.963737
2011,02,9,7,5.334258
2011,02,10,0,5.192655
2011,02,10,1,3.740028
2011,02,10,2,3.235829
2011,02,10,3,4.530775
2011,02,10,4,4.547933
2011,02,10,5,3.662362
2011,02,10,6,4.366866
2011,02,10,7,5.657921
2011,02,11,0,5.176509
2011,02,11,1,5.276391
2011,02,11,2,6.609454
2011,02,11,3,6.500397
2011,02,11,4,5.968082
2011,02,11,5,5.931841
2011,02,11,6,5.828867
2011,02,11,7,5.510171
2011,02,12,0,4.911098
2011,02,12,1,3.415547
2011,02,12,2,3.369471
2011,02,12,3,3.316393
2011,02,12,4,4.607438
2011,02,12,5,4.642373
2011,02,12,6,4.146173
2011,02,12,7,4.218776
2011,02,13,0,2.991251
2011,02,13,1,3.948266
2011,02,13,2,5.629413
2011,02,13,3,6.2885
2011,02,13,4,6.999391
2011,02,13,5,6.843332
2011,02,13,6,7.469528
2011,02,13,7,7.490299
2011,02,14,0,5.14928
2011,02,14,1,2.453654
2011,02,14,2,2.388021
2011,02,14,3,0.297673
2011,02,14,4,4.344564
2011,02,14,5,5.32543
2011,02,14,6,4.784589
2011,02,14,7,3.438388
2011,02,15,0,1.211899
2011,02,15,1,0.489008
2011,02,15,2,3.442118
2011,02,15,3,4.956165
2011,02,15,4,5.55983
2011,02,15,5,5.218291
2011,02,15,6,4.389276
2011,02,15,7,4.055798
2011,02,16,0,3.835335
2011,02,16,1,3.315873
2011,02,16,2,3.393583
2011,02,16,3,5.513055
2011,02,16,4,5.84135
2011,02,16,5,5.386878
2011,02,16,6,6.145381
2011,02,16,7,5.929642
2011,02,17,0,3.597212
2011,02,17,1,1.392742
2011,02,17,2,0.978406
2011,02,17,3,0.995992
2011,02,17,4,2.823654
2011,02,17,5,4.291939
2011,02,17,6,4.9107
2011,02,17,7,3.934043
2011,02,18,0,1.520531
2011,02,18,1,0.768888
2011,02,18,2,0.676104
2011,02,18,3,1.112342
2011,02,18,4,1.181131
2011,02,18,5,2.499577
2011,02,18,6,2.476268
2011,02,18,7,3.032828
2011,02,19,0,1.965794
2011,02,19,1,1.746079
2011,02,19,2,0.450832
2011,02,19,3,1.019653
2011,02,19,4,3.457091
2011,02,19,5,5.432626
2011,02,19,6,5.349401
2011,02,19,7,5.576139
2011,02,20,0,5.236065
2011,02,20,1,3.576721
2011,02,20,2,3.219793
2011,02,20,3,3.97307
2011,02,20,4,4.462291
2011,02,20,5,2.821567
2011,02,20,6,2.35617
2011,02,20,7,1.368428
2011,02,21,0,0.337954
2011,02,21,1,0.773941
2011,02,21,2,1.402638
2011,02,21,3,2.882775
2011,02,21,4,3.687237
2011,02,21,5,4.727846
2011,02,21,6,5.140201
2011,02,21,7,5.791207
2011,02,22,0,5.286422
2011,02,22,1,4.432285
2011,02,22,2,5.219613
2011,02,22,3,7.336303
2011,02,22,4,9.978746
2011,02,22,5,10.739427
2011,02,22,6,8.447115
2011,02,22,7,8.731131
2011,02,23,0,5.62113
2011,02,23,1,3.885258
2011,02,23,2,4.051062
2011,02,23,3,6.96638
2011,02,23,4,10.043253
2011,02,23,5,8.247486
2011,02,23,6,6.706693
2011,02,23,7,6.888685
2011,02,24,0,4.786785
2011,02,24,1,1.754159
2011,02,24,2,1.822756
2011,02,24,3,2.661517
2011,02,24,4,1.883318
2011,02,24,5,1.570305
2011,02,24,6,3.29899
2011,02,24,7,4.841044
2011,02,25,0,3.206393
2011,02,25,1,1.450158
2011,02,25,2,1.275616
2011,02,25,3,2.548861
2011,02,25,4,3.940954
2011,02,25,5,6.026978
2011,02,25,6,4.805942
2011,02,25,7,2.836524
2011,02,26,0,1.326777
2011,02,26,1,1.333282
2011,02,26,2,1.166572
2011,02,26,3,1.928929
2011,02,26,4,3.351024
2011,02,26,5,3.676842
2011,02,26,6,3.296338
2011,02,26,7,3.973087
2011,02,27,0,3.471239
2011,02,27,1,3.223765
2011,02,27,2,2.922002
2011,02,27,3,5.86654
2011,02,27,4,8.645453
2011,02,27,5,9.775838
2011,02,27,6,9.640671
2011,02,27,7,9.298393
2011,02,28,0,9.734143
2011,02,28,1,7.33687
2011,02,28,2,5.807653
2011,02,28,3,5.006376
2011,02,28,4,6.551358
2011,02,28,5,9.34081
2011,02,28,6,9.193162
2011,02,28,7,8.78324
2012,02,1,0,14.583144
2012,02,1,1,11.262721
2012,02,1,2,11.899853
2012,02,1,3,11.514305
2012,02,1,4,9.855681
2012,02,1,5,7.145831
2012,02,1,6,3.811947
2012,02,1,7,2.318282
2012,02,2,0,3.006639
2012,02,2,1,4.301723
2012,02,2,2,7.364378
2012,02,2,3,8.848249
2012,02,2,4,10.002532
2012,02,2,5,10.502233
2012,02,2,6,8.685644
2012,02,2,7,8.285642
2012,02,3,0,7.741263
2012,02,3,1,4.637083
2012,02,3,2,5.585503
2012,02,3,3,5.090296
2012,02,3,4,6.387522
2012,02,3,5,7.769353
2012,02,3,6,7.620388
2012,02,3,7,6.953834
2012,02,4,0,6.715309
2012,02,4,1,4.618902
2012,02,4,2,3.270436
2012,02,4,3,3.946118
2012,02,4,4,4.464399
2012,02,4,5,5.283481
2012,02,4,6,7.236943
2012,02,4,7,9.431109
2012,02,5,0,5.759208
2012,02,5,1,2.97821
2012,02,5,2,1.798273
2012,02,5,3,3.196177
2012,02,5,4,3.973791
2012,02,5,5,4.619673
2012,02,5,6,5.764542
2012,02,5,7,6.305649
2012,02,6,0,6.388885
2012,02,6,1,8.352311
2012,02,6,2,6.159572
2012,02,6,3,5.841819
2012,02,6,4,3.669266
2012,02,6,5,3.761224
2012,02,6,6,5.343206
2012,02,6,7,5.842488
2012,02,7,0,5.402021
2012,02,7,1,4.325005
2012,02,7,2,2.688143
2012,02,7,3,2.133638
2012,02,7,4,4.677566
2012,02,7,5,6.355195
2012,02,7,6,6.569097
2012,02,7,7,5.802165
2012,02,8,0,4.614496
2012,02,8,1,2.802718
2012,02,8,2,1.310751
2012,02,8,3,0.535501
2012,02,8,4,2.994516
2012,02,8,5,5.677043
2012,02,8,6,5.455411
2012,02,8,7,5.18934
2012,02,9,0,3.611963
2012,02,9,1,2.76814
2012,02,9,2,2.158732
2012,02,9,3,3.674885
2012,02,9,4,7.008823
2012,02,9,5,8.223567
2012,02,9,6,6.232438
2012,02,9,7,4.609723
2012,02,10,0,2.597171
2012,02,10,1,1.538511
2012,02,10,2,2.482546
2012,02,10,3,3.621968
2012,02,10,4,6.486447
2012,02,10,5,8.190303
2012,02,10,6,7.414451
2012,02,10,7,6.378448
2012,02,11,0,5.135865
2012,02,11,1,4.770545
2012,02,11,2,6.128595
2012,02,11,3,7.514368
2012,02,11,4,6.687144
2012,02,11,5,5.872101
2012,02,11,6,4.9394
2012,02,11,7,5.049577
2012,02,12,0,4.4348
2012,02,12,1,3.822555
2012,02,12,2,4.301745
2012,02,12,3,8.037049
2012,02,12,4,8.897194
2012,02,12,5,8.592191
2012,02,12,6,10.818999
2012,02,12,7,10.803918
2012,02,13,0,7.913948
2012,02,13,1,3.97523
2012,02,13,2,2.656596
2012,02,13,3,3.486537
2012,02,13,4,5.725567
2012,02,13,5,7.795467
2012,02,13,6,6.836997
2012,02,13,7,6.77802
2012,02,14,0,7.789233
2012,02,14,1,7.47317
2012,02,14,2,8.667011
2012,02,14,3,10.089817
2012,02,14,4,11.571551
2012,02,14,5,13.167836
2012,02,14,6,11.971791
2012,02,14,7,9.192854
2012,02,15,0,6.781394
2012,02,15,1,3.903574
2012,02,15,2,2.467034
2012,02,15,3,2.298106
2012,02,15,4,3.942054
2012,02,15,5,4.642695
2012,02,15,6,3.591874
2012,02,15,7,2.578316
2012,02,16,0,1.947824
2012,02,16,1,1.707144
2012,02,16,2,2.141892
2012,02,16,3,4.288961
2012,02,16,4,4.876578
2012,02,16,5,4.358732
2012,02,16,6,3.018055
2012,02,16,7,3.473594
2012,02,17,0,3.53794
2012,02,17,1,3.092179
2012,02,17,2,2.938267
2012,02,17,3,4.119118
2012,02,17,4,5.645045
2012,02,17,5,5.624937
2012,02,17,6,7.128262
2012,02,17,7,4.75997
2012,02,18,0,5.397228
2012,02,18,1,4.775066
2012,02,18,2,3.713879
2012,02,18,3,4.06704
2012,02,18,4,4.808233
2012,02,18,5,5.283149
2012,02,18,6,5.136887
2012,02,18,7,5.368933
2012,02,19,0,3.505135
2012,02,19,1,0.854119
2012,02,19,2,4.376128
2012,02,19,3,7.164468
2012,02,19,4,6.525311
2012,02,19,5,6.531077
2012,02,19,6,5.692186
2012,02,19,7,6.891273
2012,02,20,0,5.550844
2012,02,20,1,4.701676
2012,02,20,2,4.922895
2012,02,20,3,6.461083
2012,02,20,4,7.948063
2012,02,20,5,9.377803
2012,02,20,6,9.697455
2012,02,20,7,9.977949
2012,02,21,0,10.065422
2012,02,21,1,10.173565
2012,02,21,2,12.14801
2012,02,21,3,12.018239
2012,02,21,4,11.012001
2012,02,21,5,10.429161
2012,02,21,6,10.550687
2012,02,21,7,11.956069
2012,02,22,0,14.708922
2012,02,22,1,18.514762
2012,02,22,2,19.821183
2012,02,22,3,19.250254
2012,02,22,4,21.594361
2012,02,22,5,24.890144
2012,02,22,6,26.21106
2012,02,22,7,26.142391
2012,02,23,0,23.485237
2012,02,23,1,23.486788
2012,02,23,2,22.391207
2012,02,23,3,21.914909
2012,02,23,4,18.52016
2012,02,23,5,19.338097
2012,02,23,6,18.690414
2012,02,23,7,16.456205
2012,02,24,0,15.582835
2012,02,24,1,16.725744
2012,02,24,2,17.002117
2012,02,24,3,16.934001
2012,02,24,4,18.104441
2012,02,24,5,17.03928
2012,02,24,6,16.988794
2012,02,24,7,15.476687
2012,02,25,0,11.484316
2012,02,25,1,10.016186
2012,02,25,2,7.427396
2012,02,25,3,5.414037
2012,02,25,4,6.914542
2012,02,25,5,7.614859
2012,02,25,6,7.846578
2012,02,25,7,7.57586
2012,02,26,0,5.90908
2012,02,26,1,5.488332
2012,02,26,2,5.730135
2012,02,26,3,6.838042
2012,02,26,4,8.989971
2012,02,26,5,10.532478
2012,02,26,6,11.5881
2012,02,26,7,12.017624
2012,02,27,0,8.77793
2012,02,27,1,5.498014
2012,02,27,2,5.353044
2012,02,27,3,7.171807
2012,02,27,4,6.977297
2012,02,27,5,8.545128
2012,02,27,6,9.5685
2012,02,27,7,8.77138
2012,02,28,0,4.138459
2012,02,28,1,1.203414
2012,02,28,2,2.471715
2012,02,28,3,3.579267
2012,02,28,4,3.110803
2012,02,28,5,6.037954
2012,02,28,6,7.148999
2012,02,28,7,7.233358
2012,02,29,0,10.194579
2012,02,29,1,11.263346
2012,02,29,2,12.375597
2012,02,29,3,11.97783
2012,02,29,4,16.041677
2012,02,29,5,19.15065
2012,02,29,6,19.024584
2012,02,29,7,24.11715
2013,02,1,0,3.359557
2013,02,1,1,1.188795
2013,02,1,2,1.805487
2013,02,1,3,4.252457
2013,02,1,4,7.301067
2013,02,1,5,5.056117
2013,02,1,6,3.721252
2013,02,1,7,4.428212
2013,02,2,0,4.504173
2013,02,2,1,2.93455
2013,02,2,2,1.334416
2013,02,2,3,2.637016
2013,02,2,4,5.476867
2013,02,2,5,4.064397
2013,02,2,6,3.333458
2013,02,2,7,3.776727
2013,02,3,0,4.032377
2013,02,3,1,2.864433
2013,02,3,2,1.849289
2013,02,3,3,0.998101
2013,02,3,4,7.339991
2013,02,3,5,8.955727
2013,02,3,6,10.794451
2013,02,3,7,16.304533
2013,02,4,0,18.400003
2013,02,4,1,20.953408
2013,02,4,2,22.406135
2013,02,4,3,25.982348
2013,02,4,4,21.862637
2013,02,4,5,16.534515
2013,02,4,6,13.045209
2013,02,4,7,8.782675
2013,02,5,0,2.829805
2013,02,5,1,9.807606
2013,02,5,2,14.260555
2013,02,5,3,13.578226
2013,02,5,4,17.937553
2013,02,5,5,16.545105
2013,02,5,6,15.01409
2013,02,5,7,13.28514
2013,02,6,0,11.15752
2013,02,6,1,6.131664
2013,02,6,2,3.520741
2013,02,6,3,5.271961
2013,02,6,4,6.323947
2013,02,6,5,6.495596
2013,02,6,6,6.137996
2013,02,6,7,5.555935
2013,02,7,0,3.852746
2013,02,7,1,1.937663
2013,02,7,2,0.932807
2013,02,7,3,0.36806
2013,02,7,4,4.205332
2013,02,7,5,4.076309
2013,02,7,6,3.727031
2013,02,7,7,2.937811
2013,02,8,0,1.049534
2013,02,8,1,0.842846
2013,02,8,2,1.071691
2013,02,8,3,1.421241
2013,02,8,4,1.623353
2013,02,8,5,2.568052
2013,02,8,6,3.472057
2013,02,8,7,4.196072
2013,02,9,0,3.112095
2013,02,9,1,1.73132
2013,02,9,2,2.555902
2013,02,9,3,1.340052
2013,02,9,4,2.925297
2013,02,9,5,2.432204
2013,02,9,6,2.362678
2013,02,9,7,2.482108
2013,02,10,0,0.859927
2013,02,10,1,1.035236
2013,02,10,2,1.434509
2013,02,10,3,0.668775
2013,02,10,4,1.094416
2013,02,10,5,1.221113
2013,02,10,6,1.738143
2013,02,10,7,3.291506
2013,02,11,0,4.365462
2013,02,11,1,3.043175
2013,02,11,2,2.08943
2013,02,11,3,3.15117
2013,02,11,4,2.810427
2013,02,11,5,2.086988
2013,02,11,6,2.98206
2013,02,11,7,4.303984
2013,02,12,0,2.64395
2013,02,12,1,1.847357
2013,02,12,2,2.216885
2013,02,12,3,2.293871
2013,02,12,4,6.703457
2013,02,12,5,9.462727
2013,02,12,6,11.636662
2013,02,12,7,13.870691
2013,02,13,0,13.047893
2013,02,13,1,9.115579
2013,02,13,2,4.723457
2013,02,13,3,3.409841
2013,02,13,4,5.823025
2013,02,13,5,8.359866
2013,02,13,6,9.788849
2013,02,13,7,10.517074
2013,02,14,0,8.909193
2013,02,14,1,6.258247
2013,02,14,2,3.331719
2013,02,14,3,2.502652
2013,02,14,4,6.588094
2013,02,14,5,8.765245
2013,02,14,6,8.922621
2013,02,14,7,7.758078
2013,02,15,0,5.625563
2013,02,15,1,3.639466
2013,02,15,2,2.006129
2013,02,15,3,1.505461
2013,02,15,4,4.997256
2013,02,15,5,5.734565
2013,02,15,6,5.822019
2013,02,15,7,6.410495
2013,02,16,0,4.217873
2013,02,16,1,3.242367
2013,02,16,2,2.45537
2013,02,16,3,2.556158
2013,02,16,4,4.247758
2013,02,16,5,3.859526
2013,02,16,6,3.163363
2013,02,16,7,2.243982
2013,02,17,0,1.640304
2013,02,17,1,0.84125
2013,02,17,2,1.086021
2013,02,17,3,4.194227
2013,02,17,4,4.888679
2013,02,17,5,5.238319
2013,02,17,6,5.16152
2013,02,17,7,5.534465
2013,02,18,0,4.131518
2013,02,18,1,3.131913
2013,02,18,2,1.928715
2013,02,18,3,4.142881
2013,02,18,4,6.599575
2013,02,18,5,7.194875
2013,02,18,6,6.682433
2013,02,18,7,6.150533
2013,02,19,0,4.422472
2013,02,19,1,1.799165
2013,02,19,2,1.647231
2013,02,19,3,2.151639
2013,02,19,4,5.384696
2013,02,19,5,4.614751
2013,02,19,6,4.137985
2013,02,19,7,3.860201
2013,02,20,0,2.572568
2013,02,20,1,2.580299
2013,02,20,2,1.876304
2013,02,20,3,2.988163
2013,02,20,4,6.259683
2013,02,20,5,5.657222
2013,02,20,6,3.928702
2013,02,20,7,2.963835
2013,02,21,0,1.039682
2013,02,21,1,2.240641
2013,02,21,2,1.191929
2013,02,21,3,1.867339
2013,02,21,4,2.486136
2013,02,21,5,5.374391
2013,02,21,6,4.7697
2013,02,21,7,4.141118
2013,02,22,0,4.947807
2013,02,22,1,3.89315
2013,02,22,2,3.346885
2013,02,22,3,5.744489
2013,02,22,4,6.372805
2013,02,22,5,7.04388
2013,02,22,6,7.613488
2013,02,22,7,7.540368
2013,02,23,0,6.040799
2013,02,23,1,3.841556
2013,02,23,2,3.880283
2013,02,23,3,6.934599
2013,02,23,4,8.93248
2013,02,23,5,9.830994
2013,02,23,6,10.821613
2013,02,23,7,10.928102
2013,02,24,0,9.742451
2013,02,24,1,7.67512
2013,02,24,2,9.139527
2013,02,24,3,9.120331
2013,02,24,4,8.426466
2013,02,24,5,9.81102
2013,02,24,6,11.281414
2013,02,24,7,12.017037
2013,02,25,0,9.974296
2013,02,25,1,6.690372
2013,02,25,2,5.904498
2013,02,25,3,7.743408
2013,02,25,4,7.901847
2013,02,25,5,8.988067
2013,02,25,6,9.587283
2013,02,25,7,9.189574
2013,02,26,0,7.405282
2013,02,26,1,3.209396
2013,02,26,2,3.329883
2013,02,26,3,5.08937
2013,02,26,4,8.007936
2013,02,26,5,8.507201
2013,02,26,6,11.08609
2013,02,26,7,9.365774
2013,02,27,0,7.101063
2013,02,27,1,2.801343
2013,02,27,2,1.684011
2013,02,27,3,3.06437
2013,02,27,4,7.799714
2013,02,27,5,7.939618
2013,02,27,6,7.318216
2013,02,27,7,6.67142
2013,02,28,0,6.098333
2013,02,28,1,3.724926
2013,02,28,2,3.175242
2013,02,28,3,4.849553
2013,02,28,4,6.761775
2013,02,28,5,8.215191
2013,02,28,6,8.665315
2013,02,28,7,7.640154
2014,02,1,0,15.643453
2014,02,1,1,11.946141
2014,02,1,2,16.791128
2014,02,1,3,18.889828
2014,02,1,4,17.947276
2014,02,1,5,14.954352
2014,02,1,6,11.689557
2014,02,1,7,9.11805
2014,02,2,0,8.566985
2014,02,2,1,6.361406
2014,02,2,2,4.030275
2014,02,2,3,4.155886
2014,02,2,4,7.08589
2014,02,2,5,7.982439
2014,02,2,6,7.709314
2014,02,2,7,6.781211
2014,02,3,0,3.773471
2014,02,3,1,2.001936
2014,02,3,2,2.01851
2014,02,3,3,2.517089
2014,02,3,4,4.015299
2014,02,3,5,2.75714
2014,02,3,6,3.376835
2014,02,3,7,3.810007
2014,02,4,0,4.272539
2014,02,4,1,3.844658
2014,02,4,2,3.967684
2014,02,4,3,6.479573
2014,02,4,4,9.147189
2014,02,4,5,12.521783
2014,02,4,6,14.626225
2014,02,4,7,14.519039
2014,02,5,0,9.262232
2014,02,5,1,5.000927
2014,02,5,2,1.018161
2014,02,5,3,3.063571
2014,02,5,4,2.413762
2014,02,5,5,2.810013
2014,02,5,6,2.36592
2014,02,5,7,1.525417
2014,02,6,0,1.004086
2014,02,6,1,0.546072
2014,02,6,2,1.700318
2014,02,6,3,2.203424
2014,02,6,4,1.223792
2014,02,6,5,1.736904
2014,02,6,6,3.834648
2014,02,6,7,7.300091
2014,02,7,0,9.324021
2014,02,7,1,8.224452
2014,02,7,2,8.339429
2014,02,7,3,6.678024
2014,02,7,4,8.271565
2014,02,7,5,11.446112
2014,02,7,6,12.059087
2014,02,7,7,7.372901
2014,02,8,0,5.045449
2014,02,8,1,2.724261
2014,02,8,2,2.124792
2014,02,8,3,2.734834
2014,02,8,4,4.658234
2014,02,8,5,5.423078
2014,02,8,6,9.362987
2014,02,8,7,10.881643
2014,02,9,0,12.100378
2014,02,9,1,13.362449
2014,02,9,2,14.76456
2014,02,9,3,15.768728
2014,02,9,4,14.920529
2014,02,9,5,12.570124
2014,02,9,6,11.363406
2014,02,9,7,9.477005
2014,02,10,0,8.070649
2014,02,10,1,5.724325
2014,02,10,2,3.848213
2014,02,10,3,1.236876
2014,02,10,4,1.697727
2014,02,10,5,4.184774
2014,02,10,6,5.824214
2014,02,10,7,6.386316
2014,02,11,0,5.792968
2014,02,11,1,3.752875
2014,02,11,2,5.21307
2014,02,11,3,6.104473
2014,02,11,4,7.679331
2014,02,11,5,7.850587
2014,02,11,6,7.740156
2014,02,11,7,8.903336
2014,02,12,0,8.150255
2014,02,12,1,6.979959
2014,02,12,2,7.048333
2014,02,12,3,10.970249
2014,02,12,4,12.780995
2014,02,12,5,13.532545
2014,02,12,6,14.418481
2014,02,12,7,15.331727
2014,02,13,0,12.798988
2014,02,13,1,11.945986
2014,02,13,2,13.977303
2014,02,13,3,15.135615
2014,02,13,4,14.413716
2014,02,13,5,14.6858
2014,02,13,6,14.133154
2014,02,13,7,13.366803
2014,02,14,0,9.912074
2014,02,14,1,6.641966
2014,02,14,2,4.006821
2014,02,14,3,3.238869
2014,02,14,4,4.142181
2014,02,14,5,4.063859
2014,02,14,6,3.530847
2014,02,14,7,2.646494
2014,02,15,0,1.016512
2014,02,15,1,0.062239
2014,02,15,2,1.458004
2014,02,15,3,4.308088
2014,02,15,4,0.993111
2014,02,15,5,3.220864
2014,02,15,6,4.055727
2014,02,15,7,4.977488
2014,02,16,0,3.320122
2014,02,16,1,2.704221
2014,02,16,2,1.244626
2014,02,16,3,1.98041
2014,02,16,4,7.23309
2014,02,16,5,7.082674
2014,02,16,6,8.051862
2014,02,16,7,8.990814
2014,02,17,0,8.778962
2014,02,17,1,4.532288
2014,02,17,2,2.719993
2014,02,17,3,4.414374
2014,02,17,4,4.933897
2014,02,17,5,3.381513
2014,02,17,6,4.257781
2014,02,17,7,5.287631
2014,02,18,0,3.547688
2014,02,18,1,0.918714
2014,02,18,2,0.766613
2014,02,18,3,2.08849
2014,02,18,4,2.964616
2014,02,18,5,3.927047
2014,02,18,6,5.060116
2014,02,18,7,5.643239
2014,02,19,0,3.761382
2014,02,19,1,2.168706
2014,02,19,2,1.366925
2014,02,19,3,3.129101
2014,02,19,4,4.841684
2014,02,19,5,4.217585
2014,02,19,6,3.514862
2014,02,19,7,3.804103
2014,02,20,0,2.869404
2014,02,20,1,1.593344
2014,02,20,2,1.0184
2014,02,20,3,3.132178
2014,02,20,4,5.827535
2014,02,20,5,5.105536
2014,02,20,6,4.69759
2014,02,20,7,3.838119
2014,02,21,0,4.228133
2014,02,21,1,3.719707
2014,02,21,2,3.258692
2014,02,21,3,8.649935
2014,02,21,4,9.508154
2014,02,21,5,9.486661
2014,02,21,6,10.424194
2014,02,21,7,9.517168
2014,02,22,0,11.430171
2014,02,22,1,10.765903
2014,02,22,2,12.148157
2014,02,22,3,14.219937
2014,02,22,4,16.092379
2014,02,22,5,18.239457
2014,02,22,6,19.458724
2014,02,22,7,19.957259
2014,02,23,0,19.905326
2014,02,23,1,17.640441
2014,02,23,2,16.611032
2014,02,23,3,15.795998
2014,02,23,4,11.724612
2014,02,23,5,8.022697
2014,02,23,6,6.02686
2014,02,23,7,3.532271
2014,02,24,0,2.629264
2014,02,24,1,3.024721
2014,02,24,2,2.367826
2014,02,24,3,7.376036
2014,02,24,4,6.054174
2014,02,24,5,2.830757
2014,02,24,6,0.245771
2014,02,24,7,2.831344
2014,02,25,0,3.091193
2014,02,25,1,0.951528
2014,02,25,2,1.002993
2014,02,25,3,3.615135
2014,02,25,4,3.366743
2014,02,25,5,2.844849
2014,02,25,6,2.104309
2014,02,25,7,1.594436
2014,02,26,0,1.307402
2014,02,26,1,1.723013
2014,02,26,2,2.963552
2014,02,26,3,2.534895
2014,02,26,4,2.420046
2014,02,26,5,3.051743
2014,02,26,6,2.429457
2014,02,26,7,1.343497
2014,02,27,0,0.63831
2014,02,27,1,1.562488
2014,02,27,2,0.953438
2014,02,27,3,3.627571
2014,02,27,4,5.975831
2014,02,27,5,6.75627
2014,02,27,6,7.1742
2014,02,27,7,2.862466
2014,02,28,0,9.314835
2014,02,28,1,12.435202
2014,02,28,2,15.806757
2014,02,28,3,19.017305
2014,02,28,4,17.21118
2014,02,28,5,16.025457
2014,02,28,6,14.383011
2014,02,28,7,13.014881
2015,02,1,0,8.587297
2015,02,1,1,7.793834
2015,02,1,2,7.421928
2015,02,1,3,5.946726
2015,02,1,4,6.339636
2015,02,1,5,9.974493
2015,02,1,6,14.072512
2015,02,1,7,17.382462
2015,02,2,0,15.672567
2015,02,2,1,14.908527
2015,02,2,2,16.220656
2015,02,2,3,20.405028
2015,02,2,4,22.820263
2015,02,2,5,22.720288
2015,02,2,6,22.435836
2015,02,2,7,21.687502
2015,02,3,0,18.30027
2015,02,3,1,14.887258
2015,02,3,2,13.280991
2015,02,3,3,12.357027
2015,02,3,4,11.892673
2015,02,3,5,12.177148
2015,02,3,6,11.894834
2015,02,3,7,14.397657
2015,02,4,0,16.900899
2015,02,4,1,19.375554
2015,02,4,2,20.526821
2015,02,4,3,18.662382
2015,02,4,4,18.504265
2015,02,4,5,19.317617
2015,02,4,6,20.24842
2015,02,4,7,19.29876
2015,02,5,0,15.624319
2015,02,5,1,16.5825
2015,02,5,2,20.437088
2015,02,5,3,24.95282
2015,02,5,4,28.899948
2015,02,5,5,30.874769
2015,02,5,6,30.254969
2015,02,5,7,20.958973
2015,02,6,0,14.628647
2015,02,6,1,12.190962
2015,02,6,2,9.413484
2015,02,6,3,7.598216
2015,02,6,4,10.622025
2015,02,6,5,14.498989
2015,02,6,6,18.329684
2015,02,6,7,19.510885
2015,02,7,0,14.057876
2015,02,7,1,11.77872
2015,02,7,2,12.292076
2015,02,7,3,11.590655
2015,02,7,4,8.62085
2015,02,7,5,6.361027
2015,02,7,6,3.743258
2015,02,7,7,2.517259
2015,02,8,0,3.606375
2015,02,8,1,2.356703
2015,02,8,2,2.735516
2015,02,8,3,4.719287
2015,02,8,4,7.124896
2015,02,8,5,8.651249
2015,02,8,6,9.304712
2015,02,8,7,10.875125
2015,02,9,0,11.764727
2015,02,9,1,10.339407
2015,02,9,2,10.548391
2015,02,9,3,10.626145
2015,02,9,4,8.234338
2015,02,9,5,5.757401
2015,02,9,6,3.78938
2015,02,9,7,2.449365
2015,02,10,0,4.133892
2015,02,10,1,6.047869
2015,02,10,2,6.31623
2015,02,10,3,5.800926
2015,02,10,4,3.897928
2015,02,10,5,3.818481
2015,02,10,6,5.683458
2015,02,10,7,7.583393
2015,02,11,0,7.988729
2015,02,11,1,4.55821
2015,02,11,2,3.454958
2015,02,11,3,6.344774
2015,02,11,4,7.990571
2015,02,11,5,7.1913
2015,02,11,6,8.113138
2015,02,11,7,8.48245
2015,02,12,0,5.565164
2015,02,12,1,1.224393
2015,02,12,2,0.412674
2015,02,12,3,0.932471
2015,02,12,4,3.795987
2015,02,12,5,3.708824
2015,02,12,6,4.002933
2015,02,12,7,4.535405
2015,02,13,0,4.125788
2015,02,13,1,3.836644
2015,02,13,2,4.805955
2015,02,13,3,2.596136
2015,02,13,4,5.314083
2015,02,13,5,6.285187
2015,02,13,6,7.217715
2015,02,13,7,8.922647
2015,02,14,0,8.35437
2015,02,14,1,5.877748
2015,02,14,2,5.646292
2015,02,14,3,6.014982
2015,02,14,4,6.000753
2015,02,14,5,6.598978
2015,02,14,6,7.080707
2015,02,14,7,6.065923
2015,02,15,0,3.329656
2015,02,15,1,1.234585
2015,02,15,2,3.169172
2015,02,15,3,5.075138
2015,02,15,4,6.261448
2015,02,15,5,6.064691
2015,02,15,6,4.583551
2015,02,15,7,3.444264
2015,02,16,0,2.571156
2015,02,16,1,1.884848
2015,02,16,2,2.462391
2015,02,16,3,4.03214
2015,02,16,4,4.73634
2015,02,16,5,5.676073
2015,02,16,6,5.627398
2015,02,16,7,5.341094
2015,02,17,0,3.633726
2015,02,17,1,3.39936
2015,02,17,2,2.977185
2015,02,17,3,2.618129
2015,02,17,4,4.839842
2015,02,17,5,5.008007
2015,02,17,6,4.784029
2015,02,17,7,4.554807
2015,02,18,0,2.846258
2015,02,18,1,1.741807
2015,02,18,2,1.183874
2015,02,18,3,0.867277
2015,02,18,4,2.642978
2015,02,18,5,4.1528
2015,02,18,6,4.547374
2015,02,18,7,4.999903
2015,02,19,0,4.998592
2015,02,19,1,3.742471
2015,02,19,2,2.665035
2015,02,19,3,3.138977
2015,02,19,4,3.079612
2015,02,19,5,2.910712
2015,02,19,6,4.204962
2015,02,19,7,3.507116
2015,02,20,0,2.583201
2015,02,20,1,1.151301
2015,02,20,2,2.852346
2015,02,20,3,3.62318
2015,02,20,4,2.59618
2015,02,20,5,5.970569
2015,02,20,6,6.971632
2015,02,20,7,8.184505
2015,02,21,0,8.090143
2015,02,21,1,7.186013
2015,02,21,2,8.795387
2015,02,21,3,10.69711
2015,02,21,4,9.736617
2015,02,21,5,8.587275
2015,02,21,6,7.549716
2015,02,21,7,7.901936
2015,02,22,0,5.608375
2015,02,22,1,3.399041
2015,02,22,2,2.697282
2015,02,22,3,4.097772
2015,02,22,4,3.85172
2015,02,22,5,2.190413
2015,02,22,6,3.737931
2015,02,22,7,4.505705
2015,02,23,0,4.863551
2015,02,23,1,3.791277
2015,02,23,2,1.965553
2015,02,23,3,1.206413
2015,02,23,4,3.235412
2015,02,23,5,5.662695
2015,02,23,6,5.594423
2015,02,23,7,4.335143
2015,02,24,0,3.159601
2015,02,24,1,0.862328
2015,02,24,2,1.505053
2015,02,24,3,2.411211
2015,02,24,4,4.154751
2015,02,24,5,4.795785
2015,02,24,6,5.165409
2015,02,24,7,5.838858
2015,02,25,0,4.259005
2015,02,25,1,3.409995
2015,02,25,2,3.444519
2015,02,25,3,1.940071
2015,02,25,4,1.056474
2015,02,25,5,3.045446
2015,02,25,6,3.091665
2015,02,25,7,2.811732
2015,02,26,0,4.785564
2015,02,26,1,5.803409
2015,02,26,2,6.255926
2015,02,26,3,7.067298
2015,02,26,4,8.854779
2015,02,26,5,8.480115
2015,02,26,6,8.750833
2015,02,26,7,8.201629
2015,02,27,0,5.251503
2015,02,27,1,3.299165
2015,02,27,2,2.338848
2015,02,27,3,3.136375
2015,02,27,4,4.298678
2015,02,27,5,3.844952
2015,02,27,6,3.604321
2015,02,27,7,3.662935
2015,02,28,0,1.55205
2015,02,28,1,0.497965
2015,02,28,2,0.497394
2015,02,28,3,2.196386
2015,02,28,4,4.97515
2015,02,28,5,5.595789
2015,02,28,6,3.531515
2015,02,28,7,1.597866
2016,02,1,0,3.028348
2016,02,1,1,2.654298
2016,02,1,2,2.81939
2016,02,1,3,5.378106
2016,02,1,4,5.969944
2016,02,1,5,6.15797
2016,02,1,6,5.473178
2016,02,1,7,4.330106
2016,02,2,0,3.42377
2016,02,2,1,3.035571
2016,02,2,2,2.668319
2016,02,2,3,4.187607
2016,02,2,4,3.909391
2016,02,2,5,4.343969
2016,02,2,6,5.311183
2016,02,2,7,6.622284
2016,02,3,0,3.866419
2016,02,3,1,1.524685
2016,02,3,2,1.076143
2016,02,3,3,2.168689
2016,02,3,4,6.257542
2016,02,3,5,6.741245
2016,02,3,6,7.275394
2016,02,3,7,7.3503
2016,02,4,0,6.134663
2016,02,4,1,5.145024
2016,02,4,2,3.042826
2016,02,4,3,5.445213
2016,02,4,4,8.402286
2016,02,4,5,8.5948
2016,02,4,6,9.491216
2016,02,4,7,10.584364
2016,02,5,0,7.044537
2016,02,5,1,4.034587
2016,02,5,2,1.802153
2016,02,5,3,2.891563
2016,02,5,4,4.278281
2016,02,5,5,6.092491
2016,02,5,6,6.091433
2016,02,5,7,7.756382
2016,02,6,0,6.21659
2016,02,6,1,5.446419
2016,02,6,2,4.858114
2016,02,6,3,4.800025
2016,02,6,4,5.512842
2016,02,6,5,5.548032
2016,02,6,6,5.407778
2016,02,6,7,4.774055
2016,02,7,0,3.21151
2016,02,7,1,2.095582
2016,02,7,2,1.711601
2016,02,7,3,2.691563
2016,02,7,4,5.038338
2016,02,7,5,6.96208
2016,02,7,6,7.107741
2016,02,7,7,6.012065
2016,02,8,0,2.692458
2016,02,8,1,1.186883
2016,02,8,2,2.221315
2016,02,8,3,2.4045
2016,02,8,4,2.709703
2016,02,8,5,4.100949
2016,02,8,6,3.63408
2016,02,8,7,5.20095
2016,02,9,0,5.80349
2016,02,9,1,6.196982
2016,02,9,2,5.950704
2016,02,9,3,6.144836
2016,02,9,4,5.404989
2016,02,9,5,4.83597
2016,02,9,6,5.177606
2016,02,9,7,4.793292
2016,02,10,0,2.425372
2016,02,10,1,1.738543
2016,02,10,2,1.41961
2016,02,10,3,2.546206
2016,02,10,4,3.041691
2016,02,10,5,4.165775
2016,02,10,6,3.390249
2016,02,10,7,1.176462
2016,02,11,0,1.296135
2016,02,11,1,1.270749
2016,02,11,2,1.286377
2016,02,11,3,1.17348
2016,02,11,4,2.536362
2016,02,11,5,3.258481
2016,02,11,6,1.948355
2016,02,11,7,1.487569
2016,02,12,0,1.703817
2016,02,12,1,0.483586
2016,02,12,2,0.644521
2016,02,12,3,2.606934
2016,02,12,4,3.890922
2016,02,12,5,4.028977
2016,02,12,6,3.988121
2016,02,12,7,3.671896
2016,02,13,0,2.499349
2016,02,13,1,2.089103
2016,02,13,2,2.061846
2016,02,13,3,2.809372
2016,02,13,4,1.986024
2016,02,13,5,2.244067
2016,02,13,6,3.989849
2016,02,13,7,4.899304
2016,02,14,0,3.133927
2016,02,14,1,1.788146
2016,02,14,2,1.003451
2016,02,14,3,0.608244
2016,02,14,4,3.294999
2016,02,14,5,5.458396
2016,02,14,6,6.832815
2016,02,14,7,7.324569
2016,02,15,0,5.001184
2016,02,15,1,3.931465
2016,02,15,2,2.779372
2016,02,15,3,4.321515
2016,02,15,4,5.054725
2016,02,15,5,5.312564
2016,02,15,6,5.172371
2016,02,15,7,6.262393
2016,02,16,0,4.914118
2016,02,16,1,3.782244
2016,02,16,2,2.911662
2016,02,16,3,6.266155
2016,02,16,4,6.542458
2016,02,16,5,6.833289
2016,02,16,6,10.390852
2016,02,16,7,13.550754
2016,02,17,0,15.244067
2016,02,17,1,15.684294
2016,02,17,2,16.532186
2016,02,17,3,20.657786
2016,02,17,4,23.929875
2016,02,17,5,27.342685
2016,02,17,6,26.241601
2016,02,17,7,22.299169
2016,02,18,0,20.205362
2016,02,18,1,19.158853
2016,02,18,2,20.419703
2016,02,18,3,22.721418
2016,02,18,4,26.865742
2016,02,18,5,25.535217
2016,02,18,6,26.480373
2016,02,18,7,26.110341
2016,02,19,0,19.667118
2016,02,19,1,17.488765
2016,02,19,2,15.643132
2016,02,19,3,14.556328
2016,02,19,4,13.369555
2016,02,19,5,12.935412
2016,02,19,6,11.050724
2016,02,19,7,10.532024
2016,02,20,0,9.738805
2016,02,20,1,7.004533
2016,02,20,2,5.934429
2016,02,20,3,8.029585
2016,02,20,4,8.847006
2016,02,20,5,8.407856
2016,02,20,6,8.397673
2016,02,20,7,8.144077
2016,02,21,0,8.356777
2016,02,21,1,6.152588
2016,02,21,2,3.987203
2016,02,21,3,4.163058
2016,02,21,4,4.139044
2016,02,21,5,4.142314
2016,02,21,6,3.140832
2016,02,21,7,1.743648
2016,02,22,0,1.099476
2016,02,22,1,1.712303
2016,02,22,2,2.942208
2016,02,22,3,4.535832
2016,02,22,4,5.989068
2016,02,22,5,6.6042
2016,02,22,6,6.534554
2016,02,22,7,5.709564
2016,02,23,0,6.837803
2016,02,23,1,6.421243
2016,02,23,2,5.180706
2016,02,23,3,5.828409
2016,02,23,4,7.061705
2016,02,23,5,8.404029
2016,02,23,6,7.814371
2016,02,23,7,7.378977
2016,02,24,0,7.196245
2016,02,24,1,4.682551
2016,02,24,2,4.933851
2016,02,24,3,7.347036
2016,02,24,4,8.289767
2016,02,24,5,9.42948
2016,02,24,6,7.071154
2016,02,24,7,4.54613
2016,02,25,0,3.838087
2016,02,25,1,4.238908
2016,02,25,2,5.923967
2016,02,25,3,7.487989
2016,02,25,4,5.246538
2016,02,25,5,2.87531
2016,02,25,6,1.104765
2016,02,25,7,1.653406
2016,02,26,0,2.083645
2016,02,26,1,1.766485
2016,02,26,2,2.128365
2016,02,26,3,3.790642
2016,02,26,4,6.279796
2016,02,26,5,10.594447
2016,02,26,6,11.455627
2016,02,26,7,15.443057
2016,02,27,0,15.027754
2016,02,27,1,13.25061
2016,02,27,2,9.684239
2016,02,27,3,9.505311
2016,02,27,4,8.649161
2016,02,27,5,5.786901
2016,02,27,6,6.725423
2016,02,27,7,8.739594
2016,02,28,0,9.391663
2016,02,28,1,13.307919
2016,02,28,2,13.806422
2016,02,28,3,15.5104
2016,02,28,4,20.643497
2016,02,28,5,21.596256
2016,02,28,6,21.635642
2016,02,28,7,14.119676
2016,02,29,0,15.703089
2016,02,29,1,13.332467
2016,02,29,2,10.236647
2016,02,29,3,9.214454
2016,02,29,4,9.661672
2016,02,29,5,9.708275
2016,02,29,6,8.389745
2016,02,29,7,6.29974
2017,02,1,0,17.109736
2017,02,1,1,17.903401
2017,02,1,2,20.786382
2017,02,1,3,18.50289
2017,02,1,4,16.452545
2017,02,1,5,16.185927
2017,02,1,6,12.767702
2017,02,1,7,15.000977
2017,02,2,0,17.121218
2017,02,2,1,18.505963
2017,02,2,2,23.203588
2017,02,2,3,21.505418
2017,02,2,4,24.02358
2017,02,2,5,22.948918
2017,02,2,6,21.752104
2017,02,2,7,21.865169
2017,02,3,0,16.852028
2017,02,3,1,10.699961
2017,02,3,2,8.337765
2017,02,3,3,9.751346
2017,02,3,4,11.45393
2017,02,3,5,12.190837
2017,02,3,6,11.199335
2017,02,3,7,9.865569
2017,02,4,0,9.391011
2017,02,4,1,7.034374
2017,02,4,2,6.166659
2017,02,4,3,6.805371
2017,02,4,4,7.417771
2017,02,4,5,7.476008
2017,02,4,6,7.857379
2017,02,4,7,5.764616
2017,02,5,0,3.862097
2017,02,5,1,2.179104
2017,02,5,2,1.188961
2017,02,5,3,3.31327
2017,02,5,4,4.308236
2017,02,5,5,5.538238
2017,02,5,6,7.921717
2017,02,5,7,9.828345
2017,02,6,0,10.886603
2017,02,6,1,11.20141
2017,02,6,2,11.959643
2017,02,6,3,11.654189
2017,02,6,4,10.192192
2017,02,6,5,11.64556
2017,02,6,6,15.826407
2017,02,6,7,16.055768
2017,02,7,0,14.037224
2017,02,7,1,9.219616
2017,02,7,2,8.379243
2017,02,7,3,8.53087
2017,02,7,4,7.346367
2017,02,7,5,7.115276
2017,02,7,6,5.831723
2017,02,7,7,6.106019
2017,02,8,0,2.743654
2017,02,8,1,3.461896
2017,02,8,2,3.605747
2017,02,8,3,1.616156
2017,02,8,4,1.894898
2017,02,8,5,2.25799
2017,02,8,6,1.018368
2017,02,8,7,0.299111
2017,02,9,0,1.152805
2017,02,9,1,0.71088
2017,02,9,2,1.621577
2017,02,9,3,3.272272
2017,02,9,4,6.313292
2017,02,9,5,7.324848
2017,02,9,6,6.793276
2017,02,9,7,5.412069
2017,02,10,0,4.046611
2017,02,10,1,4.047604
2017,02,10,2,5.759006
2017,02,10,3,7.199161
2017,02,10,4,8.969862
2017,02,10,5,8.704811
2017,02,10,6,8.949962
2017,02,10,7,9.784117
2017,02,11,0,6.719707
2017,02,11,1,5.076882
2017,02,11,2,4.043725
2017,02,11,3,4.494039
2017,02,11,4,7.125061
2017,02,11,5,8.752654
2017,02,11,6,11.314322
2017,02,11,7,13.688726
2017,02,12,0,15.111362
2017,02,12,1,16.937658
2017,02,12,2,20.20078
2017,02,12,3,22.296807
2017,02,12,4,23.403081
2017,02,12,5,26.496558
2017,02,12,6,30.563155
2017,02,12,7,32.204592
2017,02,13,0,32.856384
2017,02,13,1,28.989276
2017,02,13,2,30.167361
2017,02,13,3,30.289293
2017,02,13,4,28.461002
2017,02,13,5,26.945061
2017,02,13,6,22.251142
2017,02,13,7,23.170269
2017,02,14,0,21.941326
2017,02,14,1,20.252889
2017,02,14,2,18.590259
2017,02,14,3,17.886799
2017,02,14,4,17.077656
2017,02,14,5,17.878019
2017,02,14,6,17.494002
2017,02,14,7,14.875486
2017,02,15,0,10.977919
2017,02,15,1,5.826884
2017,02,15,2,4.403109
2017,02,15,3,5.671709
2017,02,15,4,7.847099
2017,02,15,5,8.040484
2017,02,15,6,6.110833
2017,02,15,7,2.44932
2017,02,16,0,2.346193
2017,02,16,1,4.542816
2017,02,16,2,6.301507
2017,02,16,3,6.180182
2017,02,16,4,8.179999
2017,02,16,5,18.186705
2017,02,16,6,10.557274
2017,02,16,7,7.148432
2017,02,17,0,10.150733
2017,02,17,1,11.326247
2017,02,17,2,10.905256
2017,02,17,3,9.273305
2017,02,17,4,7.867988
2017,02,17,5,6.277712
2017,02,17,6,6.8226
2017,02,17,7,7.819558
2017,02,18,0,8.538905
2017,02,18,1,6.582359
2017,02,18,2,5.561825
2017,02,18,3,4.386854
2017,02,18,4,4.69777
2017,02,18,5,3.764539
2017,02,18,6,3.180894
2017,02,18,7,3.961488
2017,02,19,0,4.081516
2017,02,19,1,2.129295
2017,02,19,2,1.11691
2017,02,19,3,0.949783
2017,02,19,4,3.548605
2017,02,19,5,4.007768
2017,02,19,6,1.394218
2017,02,19,7,3.594774
2017,02,20,0,5.245919
2017,02,20,1,4.157487
2017,02,20,2,2.618974
2017,02,20,3,3.929741
2017,02,20,4,5.671819
2017,02,20,5,6.462086
2017,02,20,6,8.836448
2017,02,20,7,8.057775
2017,02,21,0,5.088462
2017,02,21,1,3.9608
2017,02,21,2,3.957792
2017,02,21,3,3.877318
2017,02,21,4,5.180187
2017,02,21,5,4.786464
2017,02,21,6,4.257232
2017,02,21,7,2.664765
2017,02,22,0,2.654123
2017,02,22,1,1.6241
2017,02,22,2,1.587864
2017,02,22,3,2.893322
2017,02,22,4,4.89917
2017,02,22,5,6.063589
2017,02,22,6,8.009069
2017,02,22,7,9.094732
2017,02,23,0,8.377885
2017,02,23,1,6.817373
2017,02,23,2,6.018746
2017,02,23,3,5.230762
2017,02,23,4,6.839786
2017,02,23,5,8.391552
2017,02,23,6,7.865848
2017,02,23,7,7.443778
2017,02,24,0,6.869802
2017,02,24,1,4.37344
2017,02,24,2,3.73108
2017,02,24,3,4.246918
2017,02,24,4,4.133609
2017,02,24,5,3.636022
2017,02,24,6,2.420799
2017,02,24,7,1.240018
2017,02,25,0,2.00373
2017,02,25,1,1.333184
2017,02,25,2,1.079879
2017,02,25,3,2.388373
2017,02,25,4,3.447067
2017,02,25,5,4.007317
2017,02,25,6,3.863376
2017,02,25,7,4.154657
2017,02,26,0,1.109795
2017,02,26,1,0.450312
2017,02,26,2,2.68663
2017,02,26,3,4.255976
2017,02,26,4,3.072576
2017,02,26,5,2.277314
2017,02,26,6,1.743473
2017,02,26,7,3.319433
2017,02,27,0,2.422555
2017,02,27,1,1.729789
2017,02,27,2,2.079455
2017,02,27,3,1.845027
2017,02,27,4,2.342484
2017,02,27,5,4.520886
2017,02,27,6,4.222505
2017,02,27,7,4.077308
2017,02,28,0,3.206095
2017,02,28,1,1.856298
2017,02,28,2,1.056553
2017,02,28,3,1.287485
2017,02,28,4,2.82867
2017,02,28,5,3.723353
2017,02,28,6,5.081856
2017,02,28,7,5.283181
2018,02,1,0,25.572768
2018,02,1,1,24.301122
2018,02,1,2,23.219974
2018,02,1,3,23.876451
2018,02,1,4,19.811461
2018,02,1,5,20.064031
2018,02,1,6,15.383657
2018,02,1,7,10.549792
2018,02,2,0,6.040501
2018,02,2,1,3.382834
2018,02,2,2,0.303576
2018,02,2,3,4.408643
2018,02,2,4,5.158385
2018,02,2,5,3.925633
2018,02,2,6,3.236072
2018,02,2,7,3.163033
2018,02,3,0,3.308614
2018,02,3,1,3.343206
2018,02,3,2,2.118559
2018,02,3,3,3.194409
2018,02,3,4,5.716156
2018,02,3,5,6.529337
2018,02,3,6,7.56959
2018,02,3,7,7.335341
2018,02,4,0,5.014321
2018,02,4,1,3.975981
2018,02,4,2,3.329354
2018,02,4,3,5.638917
2018,02,4,4,9.595518
2018,02,4,5,9.806334
2018,02,4,6,10.877037
2018,02,4,7,11.922729
2018,02,5,0,8.495188
2018,02,5,1,8.583394
2018,02,5,2,9.765639
2018,02,5,3,12.355
2018,02,5,4,12.732101
2018,02,5,5,14.007185
2018,02,5,6,14.794312
2018,02,5,7,14.725444
2018,02,6,0,11.697931
2018,02,6,1,6.819151
2018,02,6,2,2.11153
2018,02,6,3,3.113308
2018,02,6,4,3.406286
2018,02,6,5,4.583313
2018,02,6,6,4.945937
2018,02,6,7,3.947187
2018,02,7,0,2.18623
2018,02,7,1,0.633734
2018,02,7,2,0.868915
2018,02,7,3,2.70172
2018,02,7,4,6.215709
2018,02,7,5,7.826535
2018,02,7,6,7.469691
2018,02,7,7,8.148184
2018,02,8,0,6.786865
2018,02,8,1,4.187488
2018,02,8,2,3.208768
2018,02,8,3,3.01475
2018,02,8,4,5.089037
2018,02,8,5,6.179908
2018,02,8,6,5.205911
2018,02,8,7,5.628397
2018,02,9,0,7.738703
2018,02,9,1,7.667882
2018,02,9,2,6.997275
2018,02,9,3,7.955882
2018,02,9,4,9.703789
2018,02,9,5,8.181648
2018,02,9,6,4.95207
2018,02,9,7,6.660166
2018,02,10,0,7.902253
2018,02,10,1,9.670075
2018,02,10,2,8.08501
2018,02,10,3,10.73973
2018,02,10,4,11.612104
2018,02,10,5,11.634976
2018,02,10,6,13.09609
2018,02,10,7,15.232779
2018,02,11,0,19.173021
2018,02,11,1,19.340919
2018,02,11,2,22.712156
2018,02,11,3,21.189682
2018,02,11,4,19.62969
2018,02,11,5,17.366586
2018,02,11,6,16.462288
2018,02,11,7,16.344783
2018,02,12,0,16.125773
2018,02,12,1,15.067115
2018,02,12,2,14.247373
2018,02,12,3,15.459112
2018,02,12,4,16.456003
2018,02,12,5,15.554741
2018,02,12,6,13.335221
2018,02,12,7,11.812621
2018,02,13,0,11.660094
2018,02,13,1,14.016513
2018,02,13,2,14.790935
2018,02,13,3,12.021463
2018,02,13,4,10.260616
2018,02,13,5,8.141397
2018,02,13,6,8.429901
2018,02,13,7,9.401423
2018,02,14,0,11.730263
2018,02,14,1,10.838608
2018,02,14,2,9.793327
2018,02,14,3,9.828974
2018,02,14,4,10.329668
2018,02,14,5,11.094079
2018,02,14,6,10.697811
2018,02,14,7,10.317746
2018,02,15,0,10.054008
2018,02,15,1,8.404232
2018,02,15,2,7.762496
2018,02,15,3,7.982227
2018,02,15,4,7.936179
2018,02,15,5,7.143509
2018,02,15,6,5.408959
2018,02,15,7,4.8818
2018,02,16,0,4.108053
2018,02,16,1,2.178137
2018,02,16,2,0.663481
2018,02,16,3,1.958851
2018,02,16,4,4.698025
2018,02,16,5,6.202505
2018,02,16,6,7.62335
2018,02,16,7,11.635822
2018,02,17,0,12.225206
2018,02,17,1,10.705742
2018,02,17,2,8.857698
2018,02,17,3,8.09509
2018,02,17,4,7.337623
2018,02,17,5,5.719915
2018,02,17,6,5.353497
2018,02,17,7,8.254495
2018,02,18,0,8.66329
2018,02,18,1,7.003257
2018,02,18,2,6.505581
2018,02,18,3,8.252896
2018,02,18,4,8.57708
2018,02,18,5,9.126832
2018,02,18,6,8.390854
2018,02,18,7,7.232629
2018,02,19,0,7.753098
2018,02,19,1,6.884517
2018,02,19,2,10.243551
2018,02,19,3,12.771562
2018,02,19,4,13.525484
2018,02,19,5,13.123756
2018,02,19,6,12.883656
2018,02,19,7,16.399975
2018,02,20,0,20.298202
2018,02,20,1,24.064749
2018,02,20,2,32.522862
2018,02,20,3,29.016515
2018,02,20,4,26.732355
2018,02,20,5,24.451998
2018,02,20,6,21.895197
2018,02,20,7,20.966893
2018,02,21,0,17.369856
2018,02,21,1,14.586799
2018,02,21,2,14.626801
2018,02,21,3,15.870635
2018,02,21,4,16.564153
2018,02,21,5,17.012637
2018,02,21,6,16.190661
2018,02,21,7,12.346412
2018,02,22,0,8.739653
2018,02,22,1,3.742909
2018,02,22,2,0.781722
2018,02,22,3,1.940164
2018,02,22,4,2.713544
2018,02,22,5,2.955957
2018,02,22,6,3.55289
2018,02,22,7,4.300946
2018,02,23,0,2.674423
2018,02,23,1,2.052294
2018,02,23,2,1.113076
2018,02,23,3,0.855802
2018,02,23,4,2.661714
2018,02,23,5,3.367437
2018,02,23,6,3.640423
2018,02,23,7,3.610076
2018,02,24,0,2.500943
2018,02,24,1,2.195538
2018,02,24,2,1.806103
2018,02,24,3,4.028226
2018,02,24,4,5.545859
2018,02,24,5,5.78934
2018,02,24,6,5.905642
2018,02,24,7,9.380406
2018,02,25,0,9.590069
2018,02,25,1,11.398122
2018,02,25,2,12.850041
2018,02,25,3,13.202075
2018,02,25,4,14.243482
2018,02,25,5,14.836167
2018,02,25,6,14.660234
2018,02,25,7,15.167067
2018,02,26,0,13.511944
2018,02,26,1,10.938316
2018,02,26,2,8.200567
2018,02,26,3,6.581716
2018,02,26,4,6.231925
2018,02,26,5,4.174305
2018,02,26,6,1.677247
2018,02,26,7,2.539262
2018,02,27,0,4.535034
2018,02,27,1,5.53572
2018,02,27,2,6.30218
2018,02,27,3,4.553872
2018,02,27,4,2.868316
2018,02,27,5,5.397968
2018,02,27,6,6.958923
2018,02,27,7,11.078033
2018,02,28,0,6.293999
2018,02,28,1,4.590267
2018,02,28,2,3.674569
2018,02,28,3,4.802472
2018,02,28,4,6.297247
2018,02,28,5,5.610952
2018,02,28,6,5.347817
2018,02,28,7,6.382556
