####################################################################################################
# Month: 12Dec                                                                                     #
# Station: IRAM                                                                                    #
# Frequency: 86 GHz                                                                                #
# Columns are: year    month   day     segment         tau     Tb (K)                              #
####################################################################################################
year,month,day,segment,tau,Tb
2009,12,1,0,0.03983403,12.54616
2009,12,1,1,0.04123925,12.95208
2009,12,1,2,0.04480177,13.89225
2009,12,1,3,0.05447157,16.35088
2009,12,1,4,0.06898764,19.96388
2009,12,1,5,0.07355788,21.09224
2009,12,1,6,0.07464202,21.30748
2009,12,1,7,0.07373443,21.03648
2009,12,2,0,0.06560735,19.08144
2009,12,2,1,0.06789261,19.65608
2009,12,2,2,0.06682202,19.33775
2009,12,2,3,0.06008967,17.67581
2009,12,2,4,0.05915821,17.41788
2009,12,2,5,0.0571189,16.95141
2009,12,2,6,0.05483995,16.36384
2009,12,2,7,0.07261443,20.76656
2009,12,3,0,0.0570565,16.97664
2009,12,3,1,0.0628608,18.26301
2009,12,3,2,0.0574023,16.98145
2009,12,3,3,0.03865376,12.3168
2009,12,3,4,0.03662497,11.81143
2009,12,3,5,0.03808507,12.1921
2009,12,3,6,0.04020341,12.72613
2009,12,3,7,0.04330116,13.52447
2009,12,4,0,0.04487189,13.93347
2009,12,4,1,0.04234881,13.28819
2009,12,4,2,0.04294586,13.42951
2009,12,4,3,0.04580256,14.14241
2009,12,4,4,0.04861385,14.85036
2009,12,4,5,0.05067251,15.36013
2009,12,4,6,0.04822769,14.77812
2009,12,4,7,0.04412795,13.77397
2009,12,5,0,0.04293189,13.4751
2009,12,5,1,0.04241071,13.33706
2009,12,5,2,0.04094445,12.9605
2009,12,5,3,0.03874746,12.40105
2009,12,5,4,0.03791325,12.18439
2009,12,5,5,0.03836061,12.29946
2009,12,5,6,0.04095617,12.96799
2009,12,5,7,0.04544176,14.11142
2009,12,6,0,0.04757663,14.65708
2009,12,6,1,0.04699983,14.5079
2009,12,6,2,0.04758544,14.65035
2009,12,6,3,0.04927462,15.06849
2009,12,6,4,0.04877141,14.93831
2009,12,6,5,0.04823251,14.81182
2009,12,6,6,0.04737493,14.6086
2009,12,6,7,0.04623061,14.3119
2009,12,7,0,0.04630503,14.30021
2009,12,7,1,0.04868309,14.8454
2009,12,7,2,0.0524721,15.68163
2009,12,7,3,0.04370416,13.54266
2009,12,7,4,0.0382794,12.23015
2009,12,7,5,0.0402749,12.71568
2009,12,7,6,0.0500143,15.14146
2009,12,7,7,0.05384547,16.20984
2009,12,8,0,0.05161971,15.67839
2009,12,8,1,0.04837721,14.83462
2009,12,8,2,0.04479028,13.91225
2009,12,8,3,0.04474572,13.89199
2009,12,8,4,0.04695416,14.45735
2009,12,8,5,0.0567293,16.99254
2009,12,8,6,0.04209755,13.24606
2009,12,8,7,0.04182722,13.17429
2009,12,9,0,0.04602512,14.22731
2009,12,9,1,0.05316216,16.00719
2009,12,9,2,0.05753758,17.08907
2009,12,9,3,0.06023142,17.72697
2009,12,9,4,0.06182443,18.13706
2009,12,9,5,0.06304005,18.46337
2009,12,9,6,0.06254415,18.34381
2009,12,9,7,0.06335463,18.55439
2009,12,10,0,0.06408308,18.74441
2009,12,10,1,0.06383988,18.67784
2009,12,10,2,0.06433438,18.79775
2009,12,10,3,0.06164611,18.13441
2009,12,10,4,0.06106535,17.9997
2009,12,10,5,0.06061064,17.88613
2009,12,10,6,0.05893361,17.45797
2009,12,10,7,0.05659379,16.87766
2009,12,11,0,0.05460077,16.39129
2009,12,11,1,0.05348947,16.11516
2009,12,11,2,0.05160734,15.64917
2009,12,11,3,0.05082657,15.43821
2009,12,11,4,0.05097808,15.47582
2009,12,11,5,0.05055351,15.37622
2009,12,11,6,0.04877023,14.91571
2009,12,11,7,0.0469035,14.43717
2009,12,12,0,0.04652421,14.33049
2009,12,12,1,0.04557582,14.07906
2009,12,12,2,0.04456857,13.80395
2009,12,12,3,0.0432391,13.44827
2009,12,12,4,0.04235812,13.22423
2009,12,12,5,0.04284552,13.33035
2009,12,12,6,0.04393451,13.57823
2009,12,12,7,0.04473506,13.75265
2009,12,13,0,0.04645556,14.15696
2009,12,13,1,0.05503852,16.15751
2009,12,13,2,0.06841961,19.25334
2009,12,13,3,0.06866139,19.34081
2009,12,13,4,0.06189468,17.77475
2009,12,13,5,0.06641234,18.77365
2009,12,13,6,0.07707413,21.27273
2009,12,13,7,0.08765437,23.89395
2009,12,14,0,0.06447519,18.41578
2009,12,14,1,0.05407648,15.9388
2009,12,14,2,0.07541675,21.04575
2009,12,14,3,0.04819341,14.43862
2009,12,14,4,0.0825866,22.71621
2009,12,14,5,0.04793959,14.51185
2009,12,14,6,0.04804086,14.55561
2009,12,14,7,0.04818618,14.57932
2009,12,15,0,0.04333119,13.40866
2009,12,15,1,0.0364665,11.75755
2009,12,15,2,0.03447469,11.29466
2009,12,15,3,0.03618149,11.7436
2009,12,15,4,0.0362046,11.76619
2009,12,15,5,0.03683805,11.92145
2009,12,15,6,0.04266651,13.29874
2009,12,15,7,0.06891854,19.47997
2009,12,16,0,0.1148562,30.50709
2009,12,16,1,0.1225913,33.02655
2009,12,16,2,0.07701733,21.7718
2009,12,16,3,0.1277584,33.57391
2009,12,16,4,0.09595806,26.38129
2009,12,16,5,0.05882379,17.38215
2009,12,16,6,0.05469976,16.32222
2009,12,16,7,0.04979903,15.136
2009,12,17,0,0.04650604,14.33413
2009,12,17,1,0.04604498,14.23235
2009,12,17,2,0.04511159,13.98729
2009,12,17,3,0.0411985,13.00118
2009,12,17,4,0.04013955,12.73352
2009,12,17,5,0.04322111,13.47692
2009,12,17,6,0.04363484,13.59732
2009,12,17,7,0.04757466,14.56041
2009,12,18,0,0.05713705,16.86402
2009,12,18,1,0.129565,33.77413
2009,12,18,2,0.1008612,27.08682
2009,12,18,3,0.1176838,30.91961
2009,12,18,4,0.1143238,30.54927
2009,12,18,5,0.1407986,36.58138
2009,12,18,6,0.1405855,36.81821
2009,12,18,7,0.1749203,44.31314
2009,12,19,0,0.1682434,42.12629
2009,12,19,1,0.1123027,29.85193
2009,12,19,2,0.08127667,22.54362
2009,12,19,3,0.077577,21.63952
2009,12,19,4,0.09574699,26.08697
2009,12,19,5,0.0928794,25.28855
2009,12,19,6,0.03435291,11.16363
2009,12,19,7,0.03400869,11.09145
2009,12,20,0,0.03334531,10.92795
2009,12,20,1,0.03341156,10.95591
2009,12,20,2,0.03351972,11.00274
2009,12,20,3,0.03365493,11.03898
2009,12,20,4,0.03491128,11.32996
2009,12,20,5,0.03752066,11.97561
2009,12,20,6,0.04320259,13.36317
2009,12,20,7,0.1136555,30.11142
2009,12,21,0,0.1300436,34.31137
2009,12,21,1,0.1183047,31.77256
2009,12,21,2,0.1443501,37.71012
2009,12,21,3,0.1608313,41.25132
2009,12,21,4,0.1753929,44.33741
2009,12,21,5,0.2765819,65.76467
2009,12,21,6,0.108478,29.33708
2009,12,21,7,0.1036797,28.09867
2009,12,22,0,0.1023728,27.93633
2009,12,22,1,0.1240527,32.63182
2009,12,22,2,0.1624459,41.45174
2009,12,22,3,0.272482,64.63879
2009,12,22,4,0.1381572,35.69504
2009,12,22,5,0.08234257,23.12327
2009,12,22,6,0.06060833,17.82753
2009,12,22,7,0.05526704,16.50617
2009,12,23,0,0.04690213,14.42118
2009,12,23,1,0.07640403,21.80574
2009,12,23,2,0.1658764,42.21159
2009,12,23,3,0.2204686,53.79525
2009,12,23,4,0.1258974,33.60498
2009,12,23,5,0.1249863,33.48043
2009,12,23,6,0.1601848,41.13402
2009,12,23,7,0.1396912,36.30918
2009,12,24,0,0.1330944,34.70636
2009,12,24,1,0.2126368,52.77116
2009,12,24,2,0.1409866,36.75731
2009,12,24,3,0.2432965,59.04695
2009,12,24,4,0.2032426,50.2353
2009,12,24,5,0.1463995,38.22818
2009,12,24,6,0.08786039,24.3947
2009,12,24,7,0.1421912,36.98807
2009,12,25,0,0.1693031,43.10245
2009,12,25,1,0.143463,37.33858
2009,12,25,2,0.05904103,17.40248
2009,12,25,3,0.06116298,17.921
2009,12,25,4,0.120033,31.51815
2009,12,25,5,0.1444485,37.21121
2009,12,25,6,0.1867885,46.91172
2009,12,25,7,0.1589228,40.93656
2009,12,26,0,0.1391371,35.70994
2009,12,26,1,0.1714018,42.49784
2009,12,26,2,0.1755293,43.4296
2009,12,26,3,0.1712266,42.63151
2009,12,26,4,0.2065079,50.62656
2009,12,26,5,0.1317929,34.68474
2009,12,26,6,0.1271418,33.3303
2009,12,26,7,0.03561932,11.57534
2009,12,27,0,0.03362567,11.09089
2009,12,27,1,0.03459922,11.34569
2009,12,27,2,0.03505352,11.46925
2009,12,27,3,0.03593308,11.69381
2009,12,27,4,0.03918235,12.51483
2009,12,27,5,0.05402127,16.15091
2009,12,27,6,0.0470301,14.58514
2009,12,27,7,0.0530916,16.1483
2009,12,28,0,0.06476254,19.17191
2009,12,28,1,0.08121742,23.15772
2009,12,28,2,0.1373419,36.69825
2009,12,28,3,0.07901505,22.65133
2009,12,28,4,0.09818366,27.33855
2009,12,28,5,0.0874147,24.79379
2009,12,28,6,0.08669648,24.73923
2009,12,28,7,0.05851422,17.66502
2009,12,29,0,0.05916726,17.83754
2009,12,29,1,0.05558015,16.91569
2009,12,29,2,0.05090542,15.71114
2009,12,29,3,0.05467217,16.65704
2009,12,29,4,0.04680345,14.58537
2009,12,29,5,0.04440042,13.96598
2009,12,29,6,0.04639995,14.4508
2009,12,29,7,0.05006691,15.35866
2009,12,30,0,0.05419517,16.40784
2009,12,30,1,0.06366212,18.83233
2009,12,30,2,0.06101095,18.17648
2009,12,30,3,0.05013796,15.39921
2009,12,30,4,0.0651907,19.17032
2009,12,30,5,0.04244318,13.37622
2009,12,30,6,0.04866172,14.93269
2009,12,30,7,0.1155296,31.08731
2009,12,31,0,0.2106697,51.80381
2009,12,31,1,0.2051487,49.38394
2009,12,31,2,0.1454397,36.74974
2009,12,31,3,0.1534838,38.93306
2009,12,31,4,0.0938862,25.26248
2009,12,31,5,0.1869226,46.33778
2009,12,31,6,0.06779954,19.48445
2009,12,31,7,0.06159378,18.0179
2010,12,1,0,0.04954759,15.01208
2010,12,1,1,0.07725365,21.59625
2010,12,1,2,0.1094602,28.79286
2010,12,1,3,0.1398174,35.26518
2010,12,1,4,0.1455471,36.64019
2010,12,1,5,0.04943728,14.89961
2010,12,1,6,0.05180284,15.40855
2010,12,1,7,0.1199869,31.33357
2010,12,2,0,0.1219938,31.70745
2010,12,2,1,0.09135937,24.70967
2010,12,2,2,0.06140309,17.73188
2010,12,2,3,0.03999441,12.55407
2010,12,2,4,0.04140053,12.9158
2010,12,2,5,0.03846625,12.19159
2010,12,2,6,0.03492827,11.30807
2010,12,2,7,0.03478023,11.25534
2010,12,3,0,0.03485584,11.26164
2010,12,3,1,0.03576383,11.47233
2010,12,3,2,0.05321795,15.75204
2010,12,3,3,0.03363361,11.01792
2010,12,3,4,0.03398364,11.10801
2010,12,3,5,0.0345602,11.26011
2010,12,3,6,0.03574205,11.54877
2010,12,3,7,0.04067619,12.71795
2010,12,4,0,0.04911958,14.75041
2010,12,4,1,0.04620815,14.13369
2010,12,4,2,0.04965002,15.01224
2010,12,4,3,0.05510976,16.42528
2010,12,4,4,0.06453687,18.84763
2010,12,4,5,0.07553851,21.61351
2010,12,4,6,0.08869753,24.86542
2010,12,4,7,0.08695505,24.54265
2010,12,5,0,0.08169514,23.28017
2010,12,5,1,0.07544699,21.66094
2010,12,5,2,0.1118361,30.58132
2010,12,5,3,0.1612195,42.29938
2010,12,5,4,0.08726179,24.66928
2010,12,5,5,0.07837116,22.50207
2010,12,5,6,0.07536691,21.74884
2010,12,5,7,0.1680873,43.73115
2010,12,6,0,0.1567833,40.78554
2010,12,6,1,0.1667622,43.26319
2010,12,6,2,0.1284402,34.1263
2010,12,6,3,0.09298822,25.73288
2010,12,6,4,0.133215,35.11646
2010,12,6,5,0.128276,34.04562
2010,12,6,6,0.1327517,35.02569
2010,12,6,7,0.09895308,27.16494
2010,12,7,0,0.0892993,24.70716
2010,12,7,1,0.1163907,31.17894
2010,12,7,2,0.09507232,26.2527
2010,12,7,3,0.08396761,23.53185
2010,12,7,4,0.1176353,31.16758
2010,12,7,5,0.1020715,27.62782
2010,12,7,6,0.08849762,24.4536
2010,12,7,7,0.1627534,41.55061
2010,12,8,0,0.2097708,51.66635
2010,12,8,1,0.1350085,35.83925
2010,12,8,2,0.06850352,19.93938
2010,12,8,3,0.06699341,19.53398
2010,12,8,4,0.07803724,22.23354
2010,12,8,5,0.06970934,20.21311
2010,12,8,6,0.06898087,20.04404
2010,12,8,7,0.09940635,27.10112
2010,12,9,0,0.1197858,31.93545
2010,12,9,1,0.1216507,32.38828
2010,12,9,2,0.07354275,21.17492
2010,12,9,3,0.07262951,20.90562
2010,12,9,4,0.07136743,20.62829
2010,12,9,5,0.06490408,19.02506
2010,12,9,6,0.07012966,20.10555
2010,12,9,7,0.06860298,19.7085
2010,12,10,0,0.06953453,19.9345
2010,12,10,1,0.07498751,21.21622
2010,12,10,2,0.07487975,21.19383
2010,12,10,3,0.07686806,21.62189
2010,12,10,4,0.07188921,20.58865
2010,12,10,5,0.06971062,20.17163
2010,12,10,6,0.06531203,19.0952
2010,12,10,7,0.0630969,18.54138
2010,12,11,0,0.05794845,17.28432
2010,12,11,1,0.05443505,16.40983
2010,12,11,2,0.05279452,16.00721
2010,12,11,3,0.0506121,15.4669
2010,12,11,4,0.04942069,15.18714
2010,12,11,5,0.04965596,15.24066
2010,12,11,6,0.04930911,15.14071
2010,12,11,7,0.04814209,14.85185
2010,12,12,0,0.04967628,15.23423
2010,12,12,1,0.05338128,16.10476
2010,12,12,2,0.06705627,19.21236
2010,12,12,3,0.06429697,18.62272
2010,12,12,4,0.05636232,16.79681
2010,12,12,5,0.05596494,16.70887
2010,12,12,6,0.06569709,18.9563
2010,12,12,7,0.0803638,22.30184
2010,12,13,0,0.08263021,22.78978
2010,12,13,1,0.09768157,26.21753
2010,12,13,2,0.1060542,28.14674
2010,12,13,3,0.08315147,22.96915
2010,12,13,4,0.07977427,22.22274
2010,12,13,5,0.09279773,25.26676
2010,12,13,6,0.07814399,21.85527
2010,12,13,7,0.07169317,20.31669
2010,12,14,0,0.06711693,19.21633
2010,12,14,1,0.05971871,17.48715
2010,12,14,2,0.05374019,16.01944
2010,12,14,3,0.04718519,14.38198
2010,12,14,4,0.06395369,18.60908
2010,12,14,5,0.06867581,19.78441
2010,12,14,6,0.04383257,13.57361
2010,12,14,7,0.04184737,13.06454
2010,12,15,0,0.03938252,12.45487
2010,12,15,1,0.03821544,12.16176
2010,12,15,2,0.03742203,11.96137
2010,12,15,3,0.03653824,11.7347
2010,12,15,4,0.03662772,11.74669
2010,12,15,5,0.03570518,11.5128
2010,12,15,6,0.03522686,11.38594
2010,12,15,7,0.03511351,11.35909
2010,12,16,0,0.03487198,11.29661
2010,12,16,1,0.03465719,11.24383
2010,12,16,2,0.03547059,11.44855
2010,12,16,3,0.03741956,11.92536
2010,12,16,4,0.03697047,11.82969
2010,12,16,5,0.03717848,11.90564
2010,12,16,6,0.03670002,11.80317
2010,12,16,7,0.03569947,11.55958
2010,12,17,0,0.03529175,11.4604
2010,12,17,1,0.03505429,11.41111
2010,12,17,2,0.03563921,11.55282
2010,12,17,3,0.03864502,12.30232
2010,12,17,4,0.05560712,16.48152
2010,12,17,5,0.08969214,24.64246
2010,12,17,6,0.08967948,24.63699
2010,12,17,7,0.1229051,32.24652
2010,12,18,0,0.1035952,27.91908
2010,12,18,1,0.1150217,30.51399
2010,12,18,2,0.1521195,38.99577
2010,12,18,3,0.1012738,27.41092
2010,12,18,4,0.1324226,34.55418
2010,12,18,5,0.1702869,42.86523
2010,12,18,6,0.09419294,25.78225
2010,12,18,7,0.1159737,30.85714
2010,12,19,0,0.1136112,30.16155
2010,12,19,1,0.1435977,37.03451
2010,12,19,2,0.196253,49.01934
2010,12,19,3,0.1763777,44.83377
2010,12,19,4,0.1423059,37.16828
2010,12,19,5,0.07566508,21.66426
2010,12,19,6,0.03768474,12.07494
2010,12,19,7,0.04017389,12.67503
2010,12,20,0,0.04397731,13.63316
2010,12,20,1,0.04319442,13.4861
2010,12,20,2,0.04215359,13.20074
2010,12,20,3,0.05785079,16.84822
2010,12,20,4,0.0777919,21.77022
2010,12,20,5,0.07549444,21.44384
2010,12,20,6,0.09326444,25.56268
2010,12,20,7,0.1080905,29.13945
2010,12,21,0,0.1210697,32.21662
2010,12,21,1,0.1817892,45.44509
2010,12,21,2,0.1206697,31.65231
2010,12,21,3,0.1486733,37.45279
2010,12,21,4,0.1966249,47.73357
2010,12,21,5,0.1903437,47.56789
2010,12,21,6,0.1219193,32.23117
2010,12,21,7,0.1235323,32.22202
2010,12,22,0,0.1296608,33.90629
2010,12,22,1,0.1513834,38.70224
2010,12,22,2,0.2267582,54.15178
2010,12,22,3,0.2138061,51.51195
2010,12,22,4,0.2510252,59.18545
2010,12,22,5,0.2234372,53.20379
2010,12,22,6,0.1205327,31.72246
2010,12,22,7,0.1477227,37.71538
2010,12,23,0,0.2078284,50.69769
2010,12,23,1,0.205646,50.20028
2010,12,23,2,0.07533217,21.26655
2010,12,23,3,0.04148852,13.0209
2010,12,23,4,0.03602777,11.67393
2010,12,23,5,0.04586914,14.17847
2010,12,23,6,0.03991065,12.68613
2010,12,23,7,0.03734665,12.05388
2010,12,24,0,0.03503214,11.48222
2010,12,24,1,0.03651429,11.85711
2010,12,24,2,0.04182287,13.14815
2010,12,24,3,0.04466478,13.84839
2010,12,24,4,0.04927814,14.99385
2010,12,24,5,0.06070101,17.82917
2010,12,24,6,0.07024669,20.12811
2010,12,24,7,0.0675077,19.46521
2010,12,25,0,0.06740732,19.3603
2010,12,25,1,0.1269111,32.98333
2010,12,25,2,0.1239201,32.38791
2010,12,25,3,0.1141534,30.23922
2010,12,25,4,0.1096243,29.24369
2010,12,25,5,0.09319706,25.52734
2010,12,25,6,0.1150238,30.50874
2010,12,25,7,0.1475172,37.55143
2010,12,26,0,0.09991872,26.8781
2010,12,26,1,0.05354072,15.96695
2010,12,26,2,0.04112669,12.91813
2010,12,26,3,0.03842673,12.282
2010,12,26,4,0.03713584,11.98393
2010,12,26,5,0.03615608,11.75515
2010,12,26,6,0.03509739,11.49285
2010,12,26,7,0.03546127,11.58496
2010,12,27,0,0.03656331,11.84852
2010,12,27,1,0.0387266,12.39149
2010,12,27,2,0.04074741,12.91292
2010,12,27,3,0.04168696,13.14678
2010,12,27,4,0.04265536,13.40437
2010,12,27,5,0.04260422,13.40953
2010,12,27,6,0.04490841,13.98427
2010,12,27,7,0.04968866,15.11991
2010,12,28,0,0.05487817,16.34365
2010,12,28,1,0.05605546,16.60896
2010,12,28,2,0.07416217,20.82819
2010,12,28,3,0.06223048,18.20166
2010,12,28,4,0.05992504,17.64113
2010,12,28,5,0.06535581,18.86575
2010,12,28,6,0.08518565,23.47624
2010,12,28,7,0.09143801,24.95921
2010,12,29,0,0.07501452,21.04069
2010,12,29,1,0.07252854,20.43941
2010,12,29,2,0.05110422,15.51461
2010,12,29,3,0.05361478,16.1552
2010,12,29,4,0.05103616,15.49211
2010,12,29,5,0.04619452,14.27316
2010,12,29,6,0.04353271,13.58411
2010,12,29,7,0.04238155,13.28005
2010,12,30,0,0.04589071,14.13378
2010,12,30,1,0.05103006,15.37882
2010,12,30,2,0.06092013,17.67885
2010,12,30,3,0.06994459,19.75617
2010,12,30,4,0.1065875,28.36287
2010,12,30,5,0.100866,27.48776
2010,12,30,6,0.07767388,21.89225
2010,12,30,7,0.0731194,20.79898
2010,12,31,0,0.1007391,27.37411
2010,12,31,1,0.1583153,39.8955
2010,12,31,2,0.1388968,35.60791
2010,12,31,3,0.1059044,28.07059
2010,12,31,4,0.2295152,55.27353
2010,12,31,5,0.1734273,43.83861
2010,12,31,6,0.09887509,26.97273
2010,12,31,7,0.08932978,24.6868
2011,12,1,0,0.04131442,12.98529
2011,12,1,1,0.04170499,13.06996
2011,12,1,2,0.04150709,13.01143
2011,12,1,3,0.04120033,12.92766
2011,12,1,4,0.04037648,12.73282
2011,12,1,5,0.03984366,12.60564
2011,12,1,6,0.03995489,12.61735
2011,12,1,7,0.04107127,12.87782
2011,12,2,0,0.04345903,13.44867
2011,12,2,1,0.0425485,13.24385
2011,12,2,2,0.03999194,12.63436
2011,12,2,3,0.0417633,13.01382
2011,12,2,4,0.06203116,18.11508
2011,12,2,5,0.05718365,16.87857
2011,12,2,6,0.0486846,14.66943
2011,12,2,7,0.04539928,13.86496
2011,12,3,0,0.04449409,13.67842
2011,12,3,1,0.08892433,24.37348
2011,12,3,2,0.0510934,15.39955
2011,12,3,3,0.04442079,13.76969
2011,12,3,4,0.04320977,13.46513
2011,12,3,5,0.04339182,13.52126
2011,12,3,6,0.04367631,13.58507
2011,12,3,7,0.04684359,14.34881
2011,12,4,0,0.05450036,16.26653
2011,12,4,1,0.06074515,17.8566
2011,12,4,2,0.0609538,17.89556
2011,12,4,3,0.05017177,15.30056
2011,12,4,4,0.04571707,14.19945
2011,12,4,5,0.04256426,13.4429
2011,12,4,6,0.04176711,13.22476
2011,12,4,7,0.04364433,13.67458
2011,12,5,0,0.04559721,14.16222
2011,12,5,1,0.04183004,13.24758
2011,12,5,2,0.0461265,14.33337
2011,12,5,3,0.05212117,15.88084
2011,12,5,4,0.05567683,16.79799
2011,12,5,5,0.05200248,15.90077
2011,12,5,6,0.04316721,13.63077
2011,12,5,7,0.03643862,11.88339
2011,12,6,0,0.03449561,11.37885
2011,12,6,1,0.03412305,11.27695
2011,12,6,2,0.03707595,12.03282
2011,12,6,3,0.03991179,12.75442
2011,12,6,4,0.03906233,12.54538
2011,12,6,5,0.03497616,11.50807
2011,12,6,6,0.03346171,11.10841
2011,12,6,7,0.03403169,11.25011
2011,12,7,0,0.03451142,11.36975
2011,12,7,1,0.0351866,11.53155
2011,12,7,2,0.03599632,11.72289
2011,12,7,3,0.03648552,11.82926
2011,12,7,4,0.03643843,11.81459
2011,12,7,5,0.03624854,11.77888
2011,12,7,6,0.03619709,11.77558
2011,12,7,7,0.03620908,11.78785
2011,12,8,0,0.03674507,11.91793
2011,12,8,1,0.03780178,12.16523
2011,12,8,2,0.03781093,12.17161
2011,12,8,3,0.03701609,11.98627
2011,12,8,4,0.03629623,11.8168
2011,12,8,5,0.03591773,11.72763
2011,12,8,6,0.03620093,11.78539
2011,12,8,7,0.03664675,11.88304
2011,12,9,0,0.03649964,11.82888
2011,12,9,1,0.03823659,12.21788
2011,12,9,2,0.0439953,13.58619
2011,12,9,3,0.05849103,16.99578
2011,12,9,4,0.06863157,19.51255
2011,12,9,5,0.06816936,19.46216
2011,12,9,6,0.09845928,26.42371
2011,12,9,7,0.09891865,26.54338
2011,12,10,0,0.08685334,23.86857
2011,12,10,1,0.06775183,19.38972
2011,12,10,2,0.08890578,24.19271
2011,12,10,3,0.1058824,28.05774
2011,12,10,4,0.116493,30.5096
2011,12,10,5,0.06605493,18.93421
2011,12,10,6,0.05845772,17.08815
2011,12,10,7,0.09128036,24.64514
2011,12,11,0,0.0641361,18.53549
2011,12,11,1,0.06732723,19.3788
2011,12,11,2,0.1018224,27.50781
2011,12,11,3,0.05864791,17.2318
2011,12,11,4,0.03762487,12.04454
2011,12,11,5,0.03703199,11.90621
2011,12,11,6,0.03722267,11.94331
2011,12,11,7,0.03992311,12.59138
2011,12,12,0,0.03926724,12.46284
2011,12,12,1,0.03715393,11.92939
2011,12,12,2,0.03855531,12.23757
2011,12,12,3,0.04135758,12.91603
2011,12,12,4,0.05489504,16.19835
2011,12,12,5,0.05871234,17.27623
2011,12,12,6,0.05879959,17.37694
2011,12,12,7,0.0571491,17.03264
2011,12,13,0,0.0541126,16.33479
2011,12,13,1,0.04885954,15.01598
2011,12,13,2,0.04417465,13.79561
2011,12,13,3,0.04301409,13.46824
2011,12,13,4,0.04113896,12.98595
2011,12,13,5,0.03934972,12.56252
2011,12,13,6,0.03786629,12.20474
2011,12,13,7,0.03706294,11.99726
2011,12,14,0,0.03646036,11.83093
2011,12,14,1,0.03672894,11.88151
2011,12,14,2,0.03739728,12.02252
2011,12,14,3,0.03853306,12.27616
2011,12,14,4,0.04067112,12.79603
2011,12,14,5,0.04348212,13.49516
2011,12,14,6,0.04812584,14.62675
2011,12,14,7,0.04012323,12.66076
2011,12,15,0,0.03402983,11.12727
2011,12,15,1,0.03552154,11.50437
2011,12,15,2,0.03835205,12.2096
2011,12,15,3,0.04226965,13.18266
2011,12,15,4,0.04549112,14.02592
2011,12,15,5,0.05068334,15.37674
2011,12,15,6,0.05979582,17.66712
2011,12,15,7,0.0604523,17.85355
2011,12,16,0,0.05314092,16.02146
2011,12,16,1,0.04267456,13.40969
2011,12,16,2,0.05131664,15.5188
2011,12,16,3,0.06445583,18.95392
2011,12,16,4,0.03685248,12.05265
2011,12,16,5,0.03270426,10.97137
2011,12,16,6,0.03506711,11.5501
2011,12,16,7,0.03637542,11.87093
2011,12,17,0,0.03759361,12.20812
2011,12,17,1,0.04093969,13.06755
2011,12,17,2,0.05036521,15.46936
2011,12,17,3,0.04683443,14.51582
2011,12,17,4,0.05137604,15.60972
2011,12,17,5,0.06503198,18.9221
2011,12,17,6,0.04292784,13.43106
2011,12,17,7,0.04130247,12.95432
2011,12,18,0,0.04585303,13.99762
2011,12,18,1,0.04090637,12.83033
2011,12,18,2,0.04136641,12.94295
2011,12,18,3,0.04463993,13.71273
2011,12,18,4,0.04585521,14.02079
2011,12,18,5,0.0441625,13.62401
2011,12,18,6,0.03821727,12.1575
2011,12,18,7,0.03617762,11.63695
2011,12,19,0,0.03681127,11.77967
2011,12,19,1,0.0371359,11.88318
2011,12,19,2,0.03901705,12.36881
2011,12,19,3,0.04233932,13.19459
2011,12,19,4,0.04681126,14.2795
2011,12,19,5,0.0490304,14.80363
2011,12,19,6,0.04991176,15.02056
2011,12,19,7,0.04702625,14.34993
2011,12,20,0,0.0416621,13.03931
2011,12,20,1,0.04125431,12.93385
2011,12,20,2,0.04104581,12.86913
2011,12,20,3,0.04304156,13.36213
2011,12,20,4,0.04608509,14.12365
2011,12,20,5,0.05042583,15.22178
2011,12,20,6,0.05630279,16.68918
2011,12,20,7,0.06577881,19.07319
2011,12,21,0,0.06509032,18.94196
2011,12,21,1,0.05919962,17.53007
2011,12,21,2,0.05472993,16.43513
2011,12,21,3,0.05065675,15.4429
2011,12,21,4,0.05463384,16.48507
2011,12,21,5,0.06280599,18.55042
2011,12,21,6,0.06561678,19.23772
2011,12,21,7,0.05635297,16.88443
2011,12,22,0,0.05008357,15.28687
2011,12,22,1,0.04408374,13.77714
2011,12,22,2,0.04627515,14.32504
2011,12,22,3,0.04574236,14.18473
2011,12,22,4,0.04101874,13.02089
2011,12,22,5,0.03850527,12.38675
2011,12,22,6,0.03738677,12.10238
2011,12,22,7,0.03678843,11.95803
2011,12,23,0,0.03613748,11.80121
2011,12,23,1,0.03583028,11.72502
2011,12,23,2,0.03604462,11.77175
2011,12,23,3,0.03616137,11.79848
2011,12,23,4,0.03588063,11.72874
2011,12,23,5,0.03579563,11.70821
2011,12,23,6,0.03598916,11.75371
2011,12,23,7,0.03674157,11.93712
2011,12,24,0,0.03735162,12.08193
2011,12,24,1,0.03770969,12.16058
2011,12,24,2,0.03841148,12.32021
2011,12,24,3,0.03831767,12.29779
2011,12,24,4,0.03825664,12.28203
2011,12,24,5,0.03874183,12.39569
2011,12,24,6,0.03893306,12.43785
2011,12,24,7,0.03875075,12.39143
2011,12,25,0,0.03781703,12.15382
2011,12,25,1,0.03692454,11.9179
2011,12,25,2,0.03649182,11.79968
2011,12,25,3,0.0359207,11.6523
2011,12,25,4,0.03531741,11.50557
2011,12,25,5,0.03626314,11.74221
2011,12,25,6,0.03786484,12.14728
2011,12,25,7,0.03723277,11.98365
2011,12,26,0,0.03896402,12.40853
2011,12,26,1,0.04213826,13.1789
2011,12,26,2,0.04312699,13.42803
2011,12,26,3,0.04213614,13.20028
2011,12,26,4,0.04070279,12.86146
2011,12,26,5,0.03977742,12.61614
2011,12,26,6,0.0401094,12.67386
2011,12,26,7,0.04200586,13.14246
2011,12,27,0,0.04440826,13.72254
2011,12,27,1,0.04330682,13.44548
2011,12,27,2,0.04136008,12.95272
2011,12,27,3,0.04162307,13.00004
2011,12,27,4,0.04177968,13.05818
2011,12,27,5,0.0476116,14.52674
2011,12,27,6,0.0494905,15.01104
2011,12,27,7,0.04080992,12.83238
2011,12,28,0,0.04127837,12.93102
2011,12,28,1,0.041198,12.88126
2011,12,28,2,0.03958972,12.45902
2011,12,28,3,0.04091607,12.77838
2011,12,28,4,0.0407675,12.75401
2011,12,28,5,0.04012701,12.61368
2011,12,28,6,0.03867955,12.24508
2011,12,28,7,0.03711973,11.8505
2011,12,29,0,0.03780085,12.01912
2011,12,29,1,0.04052094,12.69055
2011,12,29,2,0.04285339,13.23939
2011,12,29,3,0.04793615,14.45029
2011,12,29,4,0.04813376,14.52712
2011,12,29,5,0.03865251,12.23594
2011,12,29,6,0.03665779,11.72115
2011,12,29,7,0.03809614,12.03466
2011,12,30,0,0.04159994,12.89117
2011,12,30,1,0.04030706,12.64829
2011,12,30,2,0.04015161,12.64303
2011,12,30,3,0.04157347,12.98777
2011,12,30,4,0.04558397,14.00951
2011,12,30,5,0.04768074,14.58636
2011,12,30,6,0.04656112,14.33141
2011,12,30,7,0.04631869,14.27401
2011,12,31,0,0.0507321,15.35101
2011,12,31,1,0.05547855,16.52989
2011,12,31,2,0.05720297,16.94559
2011,12,31,3,0.05629958,16.72617
2011,12,31,4,0.0537671,16.11297
2011,12,31,5,0.05498146,16.4222
2011,12,31,6,0.05572088,16.60809
2011,12,31,7,0.05576534,16.61102
2012,12,1,0,0.04863318,14.49424
2012,12,1,1,0.04556014,13.75727
2012,12,1,2,0.04260638,13.04776
2012,12,1,3,0.04243794,13.01568
2012,12,1,4,0.04985622,14.86131
2012,12,1,5,0.04504967,13.70749
2012,12,1,6,0.03914386,12.24578
2012,12,1,7,0.03811719,12.00043
2012,12,2,0,0.03766618,11.90305
2012,12,2,1,0.0379992,11.99163
2012,12,2,2,0.03885896,12.20915
2012,12,2,3,0.0384185,12.10583
2012,12,2,4,0.03945076,12.38332
2012,12,2,5,0.04107397,12.79248
2012,12,2,6,0.03969368,12.45485
2012,12,2,7,0.04006561,12.55497
2012,12,3,0,0.04258967,13.19115
2012,12,3,1,0.04474035,13.73408
2012,12,3,2,0.04588122,14.03477
2012,12,3,3,0.04535463,13.93034
2012,12,3,4,0.04463148,13.76809
2012,12,3,5,0.0453567,13.96089
2012,12,3,6,0.04713099,14.41096
2012,12,3,7,0.04780443,14.59983
2012,12,4,0,0.04640605,14.26816
2012,12,4,1,0.04213138,13.18561
2012,12,4,2,0.03983808,12.5867
2012,12,4,3,0.0400708,12.63373
2012,12,4,4,0.04880882,14.77581
2012,12,4,5,0.05247948,15.76875
2012,12,4,6,0.04785572,14.60675
2012,12,4,7,0.0509196,15.41875
2012,12,5,0,0.05067406,15.3844
2012,12,5,1,0.05165318,15.61009
2012,12,5,2,0.06006337,17.69832
2012,12,5,3,0.06283355,18.383
2012,12,5,4,0.06944191,19.77969
2012,12,5,5,0.05754225,16.93453
2012,12,5,6,0.06188422,17.93462
2012,12,5,7,0.06290958,18.1935
2012,12,6,0,0.05301954,15.7952
2012,12,6,1,0.05517871,16.28265
2012,12,6,2,0.05728712,16.81932
2012,12,6,3,0.04936864,14.89819
2012,12,6,4,0.06121618,17.70741
2012,12,6,5,0.09635515,25.9549
2012,12,6,6,0.1040459,27.66407
2012,12,6,7,0.1207453,31.68335
2012,12,7,0,0.0913167,25.06179
2012,12,7,1,0.09849481,26.74544
2012,12,7,2,0.149781,38.33139
2012,12,7,3,0.1318423,34.46077
2012,12,7,4,0.1778989,44.62855
2012,12,7,5,0.2075605,51.1366
2012,12,7,6,0.06998748,20.2296
2012,12,7,7,0.04111095,13.02178
2012,12,8,0,0.04109027,13.01471
2012,12,8,1,0.04068168,12.89847
2012,12,8,2,0.0392988,12.52571
2012,12,8,3,0.04057108,12.82471
2012,12,8,4,0.04101999,12.94615
2012,12,8,5,0.04083351,12.91282
2012,12,8,6,0.04049977,12.82674
2012,12,8,7,0.03943412,12.55734
2012,12,9,0,0.03858727,12.34586
2012,12,9,1,0.03828544,12.2849
2012,12,9,2,0.03710311,11.9992
2012,12,9,3,0.03663158,11.87981
2012,12,9,4,0.03634279,11.81234
2012,12,9,5,0.03620584,11.77507
2012,12,9,6,0.03566245,11.64022
2012,12,9,7,0.03552934,11.60085
2012,12,10,0,0.03673022,11.87898
2012,12,10,1,0.04070886,12.80613
2012,12,10,2,0.05717695,16.64103
2012,12,10,3,0.05958208,17.33532
2012,12,10,4,0.06515502,18.73026
2012,12,10,5,0.06418082,18.47241
2012,12,10,6,0.07664484,21.44054
2012,12,10,7,0.06066012,17.64221
2012,12,11,0,0.05562921,16.41066
2012,12,11,1,0.05768859,16.98714
2012,12,11,2,0.05332418,15.96882
2012,12,11,3,0.04798939,14.66789
2012,12,11,4,0.04678078,14.38442
2012,12,11,5,0.05102025,15.45257
2012,12,11,6,0.05530417,16.51034
2012,12,11,7,0.05802963,17.15095
2012,12,12,0,0.06016403,17.6096
2012,12,12,1,0.06467596,18.61684
2012,12,12,2,0.06244724,18.04902
2012,12,12,3,0.06056219,17.56513
2012,12,12,4,0.05899335,17.19493
2012,12,12,5,0.06133498,17.7112
2012,12,12,6,0.06228585,17.90524
2012,12,12,7,0.06627941,18.86269
2012,12,13,0,0.085762,23.45712
2012,12,13,1,0.09700437,26.22426
2012,12,13,2,0.0646372,18.61627
2012,12,13,3,0.05033965,15.14861
2012,12,13,4,0.047058,14.30105
2012,12,13,5,0.04970863,15.00077
2012,12,13,6,0.05242225,15.74556
2012,12,13,7,0.05331552,16.01601
2012,12,14,0,0.05208598,15.74621
2012,12,14,1,0.05042711,15.34544
2012,12,14,2,0.04832601,14.79537
2012,12,14,3,0.05779548,17.1143
2012,12,14,4,0.06995748,20.18706
2012,12,14,5,0.08040026,22.82671
2012,12,14,6,0.09407765,26.05164
2012,12,14,7,0.09052399,25.20169
2012,12,15,0,0.07584084,21.56827
2012,12,15,1,0.07522885,21.57126
2012,12,15,2,0.0833676,23.5684
2012,12,15,3,0.09364215,25.86049
2012,12,15,4,0.09252631,25.63191
2012,12,15,5,0.08757692,24.54212
2012,12,15,6,0.0929244,25.89668
2012,12,15,7,0.07937256,22.59363
2012,12,16,0,0.07874004,22.42391
2012,12,16,1,0.0693325,20.08745
2012,12,16,2,0.06651203,19.35595
2012,12,16,3,0.07334479,20.89544
2012,12,16,4,0.08934661,24.5194
2012,12,16,5,0.05090513,15.47547
2012,12,16,6,0.0442689,13.75751
2012,12,16,7,0.04652203,14.33304
2012,12,17,0,0.04971431,15.18462
2012,12,17,1,0.05064621,15.4198
2012,12,17,2,0.05165695,15.63272
2012,12,17,3,0.08174283,22.64488
2012,12,17,4,0.09357865,25.47905
2012,12,17,5,0.07174383,20.48113
2012,12,17,6,0.07862896,22.11336
2012,12,17,7,0.08544858,23.73687
2012,12,18,0,0.07785048,22.12032
2012,12,18,1,0.08354769,23.54306
2012,12,18,2,0.08542677,24.07974
2012,12,18,3,0.07333837,21.13129
2012,12,18,4,0.0773874,22.09045
2012,12,18,5,0.08615285,23.98244
2012,12,18,6,0.05514703,16.57179
2012,12,18,7,0.04687639,14.48339
2012,12,19,0,0.04828689,14.83562
2012,12,19,1,0.04741346,14.61768
2012,12,19,2,0.04593326,14.23222
2012,12,19,3,0.04356035,13.64811
2012,12,19,4,0.04409752,13.79274
2012,12,19,5,0.04405191,13.7787
2012,12,19,6,0.04326311,13.56775
2012,12,19,7,0.04425702,13.76355
2012,12,20,0,0.04397624,13.6912
2012,12,20,1,0.0436219,13.68888
2012,12,20,2,0.04794928,14.70954
2012,12,20,3,0.04887434,14.89477
2012,12,20,4,0.05241725,15.75892
2012,12,20,5,0.06482882,18.8995
2012,12,20,6,0.06632433,19.31248
2012,12,20,7,0.06032789,17.81156
2012,12,21,0,0.06184753,18.20528
2012,12,21,1,0.07027817,20.31499
2012,12,21,2,0.06705,19.57855
2012,12,21,3,0.07121142,20.62678
2012,12,21,4,0.06926582,20.13695
2012,12,21,5,0.06696892,19.57671
2012,12,21,6,0.06546442,19.17815
2012,12,21,7,0.07993091,22.52767
2012,12,22,0,0.07169475,20.6906
2012,12,22,1,0.06711207,19.60442
2012,12,22,2,0.06007487,17.86701
2012,12,22,3,0.05549547,16.72075
2012,12,22,4,0.05508685,16.61803
2012,12,22,5,0.05374987,16.27904
2012,12,22,6,0.05220607,15.89166
2012,12,22,7,0.05120914,15.64849
2012,12,23,0,0.05087315,15.56829
2012,12,23,1,0.04925071,15.16483
2012,12,23,2,0.04797705,14.84849
2012,12,23,3,0.04828995,14.94488
2012,12,23,4,0.04793945,14.87067
2012,12,23,5,0.04970446,15.2805
2012,12,23,6,0.05764606,17.13395
2012,12,23,7,0.05714018,17.04892
2012,12,24,0,0.0515112,15.72028
2012,12,24,1,0.04608994,14.33798
2012,12,24,2,0.04392853,13.77015
2012,12,24,3,0.04218424,13.31862
2012,12,24,4,0.04176653,13.22043
2012,12,24,5,0.04626763,14.33652
2012,12,24,6,0.0481905,14.80373
2012,12,24,7,0.0494296,15.09532
2012,12,25,0,0.05584218,16.65996
2012,12,25,1,0.06508171,18.89866
2012,12,25,2,0.07572918,21.44415
2012,12,25,3,0.1365343,35.33767
2012,12,25,4,0.1448852,36.54028
2012,12,25,5,0.09669688,25.91757
2012,12,25,6,0.1152316,30.57794
2012,12,25,7,0.04940424,15.02066
2012,12,26,0,0.0431466,13.47134
2012,12,26,1,0.04427501,13.71313
2012,12,26,2,0.04451352,13.77517
2012,12,26,3,0.0436874,13.58087
2012,12,26,4,0.04353518,13.54044
2012,12,26,5,0.04019087,12.68891
2012,12,26,6,0.03751433,11.99594
2012,12,26,7,0.03698583,11.84407
2012,12,27,0,0.03718849,11.88156
2012,12,27,1,0.03791652,12.06142
2012,12,27,2,0.03837838,12.1747
2012,12,27,3,0.03842169,12.18156
2012,12,27,4,0.03771342,12.00587
2012,12,27,5,0.03712126,11.8632
2012,12,27,6,0.03654768,11.72401
2012,12,27,7,0.03594752,11.58142
2012,12,28,0,0.03584797,11.56201
2012,12,28,1,0.03593774,11.58375
2012,12,28,2,0.0359971,11.60113
2012,12,28,3,0.03597015,11.60149
2012,12,28,4,0.03589079,11.59282
2012,12,28,5,0.03569836,11.55744
2012,12,28,6,0.03561785,11.55208
2012,12,28,7,0.03574019,11.59521
2012,12,29,0,0.03620968,11.72037
2012,12,29,1,0.03631788,11.75736
2012,12,29,2,0.03599873,11.69249
2012,12,29,3,0.03592124,11.67908
2012,12,29,4,0.03654292,11.83044
2012,12,29,5,0.03621756,11.73848
2012,12,29,6,0.03551661,11.58227
2012,12,29,7,0.03726659,11.96991
2012,12,30,0,0.04178163,13.09175
2012,12,30,1,0.04475579,13.85072
2012,12,30,2,0.04463425,13.82788
2012,12,30,3,0.04515163,13.94342
2012,12,30,4,0.05331835,15.941
2012,12,30,5,0.06634394,19.09265
2012,12,30,6,0.06447601,18.68003
2012,12,30,7,0.06163989,17.9999
2012,12,31,0,0.05669278,16.80868
2012,12,31,1,0.04899293,14.93344
2012,12,31,2,0.04564996,14.07233
2012,12,31,3,0.04947303,14.99167
2012,12,31,4,0.04802934,14.61323
2012,12,31,5,0.049134,14.83627
2012,12,31,6,0.04308823,13.38993
2012,12,31,7,0.04320424,13.39557
2013,12,1,0,0.03621935,11.67889
2013,12,1,1,0.035646,11.50993
2013,12,1,2,0.04631348,14.07555
2013,12,1,3,0.05269611,15.65951
2013,12,1,4,0.04516426,13.85791
2013,12,1,5,0.0509441,15.28711
2013,12,1,6,0.04417093,13.60473
2013,12,1,7,0.04515734,13.83383
2013,12,2,0,0.04363576,13.46365
2013,12,2,1,0.04021389,12.64107
2013,12,2,2,0.03990735,12.56953
2013,12,2,3,0.04313286,13.34221
2013,12,2,4,0.05384267,15.94529
2013,12,2,5,0.04896896,14.83414
2013,12,2,6,0.05037852,15.19191
2013,12,2,7,0.05405531,16.09609
2013,12,3,0,0.05374961,16.05776
2013,12,3,1,0.0524142,15.74044
2013,12,3,2,0.05269887,15.80075
2013,12,3,3,0.05247562,15.74332
2013,12,3,4,0.05149218,15.49837
2013,12,3,5,0.05142699,15.47406
2013,12,3,6,0.05084007,15.31892
2013,12,3,7,0.05059812,15.27252
2013,12,4,0,0.04855634,14.78598
2013,12,4,1,0.04898912,14.90457
2013,12,4,2,0.04762887,14.55202
2013,12,4,3,0.04732819,14.46685
2013,12,4,4,0.05073418,15.33342
2013,12,4,5,0.05982297,17.62095
2013,12,4,6,0.04291069,13.38409
2013,12,4,7,0.03986648,12.61799
2013,12,5,0,0.03806407,12.16456
2013,12,5,1,0.03651264,11.77342
2013,12,5,2,0.03618411,11.68497
2013,12,5,3,0.03568151,11.56185
2013,12,5,4,0.03586789,11.61809
2013,12,5,5,0.03579764,11.60692
2013,12,5,6,0.03533858,11.49738
2013,12,5,7,0.03462814,11.32772
2013,12,6,0,0.03456017,11.31972
2013,12,6,1,0.03520947,11.48284
2013,12,6,2,0.03595758,11.66417
2013,12,6,3,0.036636,11.83684
2013,12,6,4,0.0364189,11.78997
2013,12,6,5,0.03533524,11.52041
2013,12,6,6,0.03471203,11.36314
2013,12,6,7,0.03443625,11.29408
2013,12,7,0,0.03447699,11.30369
2013,12,7,1,0.03457888,11.31798
2013,12,7,2,0.03467401,11.33203
2013,12,7,3,0.0347631,11.34756
2013,12,7,4,0.03507178,11.42458
2013,12,7,5,0.03516949,11.44903
2013,12,7,6,0.0351478,11.44162
2013,12,7,7,0.03530385,11.47672
2013,12,8,0,0.035619,11.55172
2013,12,8,1,0.03595082,11.63056
2013,12,8,2,0.03593243,11.62038
2013,12,8,3,0.0357441,11.57383
2013,12,8,4,0.03561295,11.5442
2013,12,8,5,0.0354054,11.49509
2013,12,8,6,0.03535823,11.48205
2013,12,8,7,0.0354952,11.51845
2013,12,9,0,0.03601698,11.64658
2013,12,9,1,0.03624665,11.69836
2013,12,9,2,0.03619704,11.68138
2013,12,9,3,0.03630076,11.70856
2013,12,9,4,0.0362296,11.69634
2013,12,9,5,0.03614577,11.68324
2013,12,9,6,0.03630173,11.72708
2013,12,9,7,0.03633751,11.74164
2013,12,10,0,0.03618679,11.71038
2013,12,10,1,0.03602142,11.67401
2013,12,10,2,0.03561604,11.57824
2013,12,10,3,0.03545722,11.54655
2013,12,10,4,0.03547414,11.55995
2013,12,10,5,0.03571791,11.63675
2013,12,10,6,0.03549226,11.59638
2013,12,10,7,0.03502585,11.49094
2013,12,11,0,0.03490255,11.45778
2013,12,11,1,0.03477476,11.42079
2013,12,11,2,0.03463152,11.38481
2013,12,11,3,0.03462287,11.3817
2013,12,11,4,0.03460721,11.37675
2013,12,11,5,0.03476759,11.41635
2013,12,11,6,0.03516677,11.51619
2013,12,11,7,0.03582787,11.67799
2013,12,12,0,0.03798949,12.18268
2013,12,12,1,0.0417312,13.06368
2013,12,12,2,0.04375744,13.56471
2013,12,12,3,0.04522195,13.93838
2013,12,12,4,0.04543518,14.01519
2013,12,12,5,0.04540141,14.01573
2013,12,12,6,0.04553325,14.04888
2013,12,12,7,0.04752405,14.50225
2013,12,13,0,0.05079578,15.27732
2013,12,13,1,0.05653709,16.62644
2013,12,13,2,0.06298025,18.16701
2013,12,13,3,0.07335553,20.64782
2013,12,13,4,0.08191595,22.76011
2013,12,13,5,0.1185146,31.27522
2013,12,13,6,0.1334473,34.75168
2013,12,13,7,0.1187395,31.40754
2013,12,14,0,0.09932045,26.93265
2013,12,14,1,0.07159194,20.38156
2013,12,14,2,0.06169187,17.97484
2013,12,14,3,0.0585318,17.22565
2013,12,14,4,0.05874777,17.28116
2013,12,14,5,0.05755204,17.00749
2013,12,14,6,0.0552775,16.47718
2013,12,14,7,0.05455022,16.30692
2013,12,15,0,0.05382838,16.12224
2013,12,15,1,0.05167173,15.59152
2013,12,15,2,0.05025746,15.24349
2013,12,15,3,0.04987675,15.13757
2013,12,15,4,0.04933488,14.98778
2013,12,15,5,0.04916156,14.93063
2013,12,15,6,0.04984728,15.09816
2013,12,15,7,0.0504965,15.26552
2013,12,16,0,0.05073198,15.34064
2013,12,16,1,0.05352867,16.0112
2013,12,16,2,0.05556663,16.49492
2013,12,16,3,0.04968958,15.121
2013,12,16,4,0.04642231,14.33302
2013,12,16,5,0.04645768,14.33455
2013,12,16,6,0.05392098,16.15925
2013,12,16,7,0.06727219,19.3592
2013,12,17,0,0.09616928,26.07717
2013,12,17,1,0.08674428,23.89621
2013,12,17,2,0.07692446,21.51782
2013,12,17,3,0.08377265,23.01775
2013,12,17,4,0.06559711,18.87066
2013,12,17,5,0.05844958,17.19892
2013,12,17,6,0.05806707,17.09931
2013,12,17,7,0.0574018,16.96051
2013,12,18,0,0.057769,17.06309
2013,12,18,1,0.05176154,15.59858
2013,12,18,2,0.0592138,17.25237
2013,12,18,3,0.05858296,17.18728
2013,12,18,4,0.06265761,18.27555
2013,12,18,5,0.0609781,17.95531
2013,12,18,6,0.07214878,20.66123
2013,12,18,7,0.08055969,22.72433
2013,12,19,0,0.08653513,24.22597
2013,12,19,1,0.08804228,24.60955
2013,12,19,2,0.09422154,26.08651
2013,12,19,3,0.08759033,24.50223
2013,12,19,4,0.09658365,26.63693
2013,12,19,5,0.0891359,24.90145
2013,12,19,6,0.1082089,28.85326
2013,12,19,7,0.04874808,14.6847
2013,12,20,0,0.05079181,15.09975
2013,12,20,1,0.04638415,14.06908
2013,12,20,2,0.04129823,12.83205
2013,12,20,3,0.04180639,12.96889
2013,12,20,4,0.04188903,12.9994
2013,12,20,5,0.0421168,13.0706
2013,12,20,6,0.0471813,14.37556
2013,12,20,7,0.04629382,14.21342
2013,12,21,0,0.04381205,13.62037
2013,12,21,1,0.0449937,13.93825
2013,12,21,2,0.04538308,14.03973
2013,12,21,3,0.04519832,13.98137
2013,12,21,4,0.04490626,13.90544
2013,12,21,5,0.04286906,13.39277
2013,12,21,6,0.04385013,13.58432
2013,12,21,7,0.05118044,15.30065
2013,12,22,0,0.0619689,17.86823
2013,12,22,1,0.05335973,15.88036
2013,12,22,2,0.05100243,15.32147
2013,12,22,3,0.05031752,15.16451
2013,12,22,4,0.04951178,14.99485
2013,12,22,5,0.04732597,14.46734
2013,12,22,6,0.04544662,13.98631
2013,12,22,7,0.04386658,13.5805
2013,12,23,0,0.04261924,13.26478
2013,12,23,1,0.04110679,12.88741
2013,12,23,2,0.04449839,13.71275
2013,12,23,3,0.05071519,15.23253
2013,12,23,4,0.05385815,16.02898
2013,12,23,5,0.05392699,16.04719
2013,12,23,6,0.04911971,14.89411
2013,12,23,7,0.04728727,14.4686
2013,12,24,0,0.04302249,13.41685
2013,12,24,1,0.04084693,12.85847
2013,12,24,2,0.04404962,13.65347
2013,12,24,3,0.04810104,14.64676
2013,12,24,4,0.0595247,17.472
2013,12,24,5,0.08696973,23.94573
2013,12,24,6,0.08508647,23.81929
2013,12,24,7,0.0830049,23.38083
2013,12,25,0,0.07624489,21.68393
2013,12,25,1,0.1089634,29.338
2013,12,25,2,0.1338968,35.19079
2013,12,25,3,0.154108,39.29583
2013,12,25,4,0.1169406,31.15723
2013,12,25,5,0.1101557,29.28784
2013,12,25,6,0.1113189,29.6585
2013,12,25,7,0.0603667,17.61062
2013,12,26,0,0.05598042,16.58928
2013,12,26,1,0.04297982,13.42381
2013,12,26,2,0.0457259,14.12361
2013,12,26,3,0.04881574,14.97131
2013,12,26,4,0.05186272,15.8149
2013,12,26,5,0.04814935,14.92412
2013,12,26,6,0.04239594,13.46872
2013,12,26,7,0.04133096,13.1715
2013,12,27,0,0.03883818,12.49101
2013,12,27,1,0.04026928,12.88802
2013,12,27,2,0.04317187,13.62826
2013,12,27,3,0.04487212,14.06795
2013,12,27,4,0.0450675,14.12224
2013,12,27,5,0.04519579,14.15442
2013,12,27,6,0.0445584,13.98131
2013,12,27,7,0.04270811,13.51819
2013,12,28,0,0.04117257,13.11667
2013,12,28,1,0.04199509,13.30536
2013,12,28,2,0.04485923,14.01124
2013,12,28,3,0.04889589,15.03486
2013,12,28,4,0.04134214,13.07748
2013,12,28,5,0.03752248,12.04917
2013,12,28,6,0.03701016,11.88216
2013,12,28,7,0.03686924,11.81233
2013,12,29,0,0.03664865,11.72091
2013,12,29,1,0.03637911,11.63267
2013,12,29,2,0.03729263,11.81437
2013,12,29,3,0.03669416,11.66573
2013,12,29,4,0.04099186,12.75924
2013,12,29,5,0.05365911,15.89128
2013,12,29,6,0.03699506,11.80923
2013,12,29,7,0.03970619,12.49519
2013,12,30,0,0.04245355,13.20097
2013,12,30,1,0.04451193,13.74506
2013,12,30,2,0.04853379,14.74365
2013,12,30,3,0.05125242,15.41699
2013,12,30,4,0.05362257,15.99308
2013,12,30,5,0.06577075,18.88694
2013,12,30,6,0.07314127,20.6741
2013,12,30,7,0.06583892,18.97907
2013,12,31,0,0.05723938,16.86648
2013,12,31,1,0.04734516,14.42361
2013,12,31,2,0.04694043,14.26219
2013,12,31,3,0.05478847,16.09745
2013,12,31,4,0.06591911,18.95867
2013,12,31,5,0.07502197,21.32408
2013,12,31,6,0.07053238,20.18634
2013,12,31,7,0.0586218,17.08657
2014,12,1,0,0.0897839,24.78724
2014,12,1,1,0.078099,22.06544
2014,12,1,2,0.07169868,20.5501
2014,12,1,3,0.06278923,18.41942
2014,12,1,4,0.0526551,15.956
2014,12,1,5,0.04794401,14.73464
2014,12,1,6,0.05757467,17.05957
2014,12,1,7,0.07172715,20.36531
2014,12,2,0,0.05391166,16.21205
2014,12,2,1,0.03674533,11.9524
2014,12,2,2,0.03531048,11.59609
2014,12,2,3,0.04169301,13.1906
2014,12,2,4,0.04269173,13.41916
2014,12,2,5,0.04412804,13.75605
2014,12,2,6,0.04877936,14.84283
2014,12,2,7,0.06803835,19.30743
2014,12,3,0,0.05279682,15.84693
2014,12,3,1,0.04650632,14.34496
2014,12,3,2,0.04616927,14.21201
2014,12,3,3,0.04818862,14.70048
2014,12,3,4,0.0852976,23.74782
2014,12,3,5,0.1377319,35.42618
2014,12,3,6,0.1185514,30.97486
2014,12,3,7,0.09766321,26.37586
2014,12,4,0,0.07880945,21.9738
2014,12,4,1,0.05011484,15.10935
2014,12,4,2,0.05225254,15.57578
2014,12,4,3,0.05701928,16.70931
2014,12,4,4,0.0815442,22.63467
2014,12,4,5,0.08293812,22.99122
2014,12,4,6,0.05433972,16.08316
2014,12,4,7,0.04904094,14.82637
2014,12,5,0,0.04380788,13.58407
2014,12,5,1,0.03936116,12.50444
2014,12,5,2,0.03646722,11.78051
2014,12,5,3,0.03607549,11.67258
2014,12,5,4,0.03636766,11.73451
2014,12,5,5,0.03645382,11.73785
2014,12,5,6,0.03640107,11.7133
2014,12,5,7,0.03798749,12.09331
2014,12,6,0,0.03838137,12.20603
2014,12,6,1,0.03694805,11.85214
2014,12,6,2,0.03678687,11.79281
2014,12,6,3,0.03724532,11.8979
2014,12,6,4,0.03806985,12.10281
2014,12,6,5,0.03728242,11.91671
2014,12,6,6,0.03626443,11.67175
2014,12,6,7,0.03818469,12.14689
2014,12,7,0,0.03975777,12.54572
2014,12,7,1,0.03793644,12.10381
2014,12,7,2,0.03557255,11.52388
2014,12,7,3,0.03597441,11.63886
2014,12,7,4,0.03581654,11.61567
2014,12,7,5,0.03583936,11.62591
2014,12,7,6,0.03765536,12.09221
2014,12,7,7,0.03948104,12.55793
2014,12,8,0,0.04024217,12.74309
2014,12,8,1,0.03976936,12.60635
2014,12,8,2,0.03941093,12.50167
2014,12,8,3,0.03754266,12.02807
2014,12,8,4,0.03742015,11.98928
2014,12,8,5,0.03947093,12.46745
2014,12,8,6,0.03921537,12.43271
2014,12,8,7,0.03902142,12.38503
2014,12,9,0,0.03990275,12.6024
2014,12,9,1,0.0455473,14.05365
2014,12,9,2,0.047146,14.46498
2014,12,9,3,0.04966889,15.08479
2014,12,9,4,0.04907573,14.94801
2014,12,9,5,0.0527112,15.878
2014,12,9,6,0.05567918,16.62363
2014,12,9,7,0.0528262,15.94921
2014,12,10,0,0.04830972,14.82944
2014,12,10,1,0.04995362,15.23533
2014,12,10,2,0.05472608,16.42999
2014,12,10,3,0.05191692,15.72954
2014,12,10,4,0.05429832,16.31401
2014,12,10,5,0.05411029,16.27496
2014,12,10,6,0.04606974,14.28824
2014,12,10,7,0.04139563,13.12657
2014,12,11,0,0.03796922,12.25522
2014,12,11,1,0.03545197,11.58387
2014,12,11,2,0.03597681,11.69475
2014,12,11,3,0.03638311,11.77662
2014,12,11,4,0.03754198,12.06474
2014,12,11,5,0.03783314,12.14981
2014,12,11,6,0.03777311,12.12608
2014,12,11,7,0.03809794,12.19926
2014,12,12,0,0.03743994,12.02233
2014,12,12,1,0.03808886,12.15748
2014,12,12,2,0.04506444,13.87639
2014,12,12,3,0.04697646,14.3812
2014,12,12,4,0.04529879,14.01052
2014,12,12,5,0.04808048,14.73297
2014,12,12,6,0.04750341,14.5858
2014,12,12,7,0.04789803,14.65805
2014,12,13,0,0.05280142,15.81167
2014,12,13,1,0.07320663,20.61867
2014,12,13,2,0.06498965,18.65585
2014,12,13,3,0.05844725,17.16288
2014,12,13,4,0.09415014,25.9318
2014,12,13,5,0.07859165,22.21421
2014,12,13,6,0.06990148,20.04955
2014,12,13,7,0.09272422,25.4556
2014,12,14,0,0.132153,34.19242
2014,12,14,1,0.143011,36.50059
2014,12,14,2,0.1307601,33.67355
2014,12,14,3,0.1024375,27.37029
2014,12,14,4,0.09326806,25.25654
2014,12,14,5,0.09284199,25.21745
2014,12,14,6,0.07481873,20.98846
2014,12,14,7,0.06080937,17.56938
2014,12,15,0,0.06498573,18.48402
2014,12,15,1,0.05706891,16.63557
2014,12,15,2,0.0593675,17.20528
2014,12,15,3,0.0752933,20.91981
2014,12,15,4,0.05387785,15.93641
2014,12,15,5,0.05230325,15.5574
2014,12,15,6,0.0494192,14.87701
2014,12,15,7,0.04735635,14.37409
2014,12,16,0,0.05402156,15.91993
2014,12,16,1,0.05590101,16.39088
2014,12,16,2,0.05623203,16.56472
2014,12,16,3,0.05963542,17.45099
2014,12,16,4,0.06111762,17.82627
2014,12,16,5,0.05719057,16.90412
2014,12,16,6,0.04587297,14.10092
2014,12,16,7,0.04179467,13.08792
2014,12,17,0,0.03966634,12.55804
2014,12,17,1,0.04038294,12.74614
2014,12,17,2,0.04365963,13.56257
2014,12,17,3,0.05256135,15.77616
2014,12,17,4,0.06063751,17.83105
2014,12,17,5,0.06457038,18.85242
2014,12,17,6,0.0650058,18.98248
2014,12,17,7,0.0636519,18.67275
2014,12,18,0,0.06414433,18.79311
2014,12,18,1,0.0615516,18.14486
2014,12,18,2,0.05520107,16.55397
2014,12,18,3,0.05367951,16.19561
2014,12,18,4,0.05448947,16.43758
2014,12,18,5,0.05201724,15.84529
2014,12,18,6,0.04847237,14.97161
2014,12,18,7,0.04662431,14.51245
2014,12,19,0,0.04622631,14.41235
2014,12,19,1,0.04543039,14.20052
2014,12,19,2,0.04319383,13.62167
2014,12,19,3,0.0403068,12.87262
2014,12,19,4,0.03860261,12.43357
2014,12,19,5,0.03683429,11.97392
2014,12,19,6,0.03553212,11.64284
2014,12,19,7,0.03483226,11.46457
2014,12,20,0,0.03457512,11.3974
2014,12,20,1,0.03406175,11.25628
2014,12,20,2,0.03383084,11.18942
2014,12,20,3,0.03382338,11.18231
2014,12,20,4,0.034028,11.23203
2014,12,20,5,0.03429524,11.29448
2014,12,20,6,0.03477068,11.40478
2014,12,20,7,0.03520857,11.51032
2014,12,21,0,0.03521738,11.51594
2014,12,21,1,0.03568501,11.62501
2014,12,21,2,0.03708761,11.96728
2014,12,21,3,0.0386428,12.34444
2014,12,21,4,0.03929674,12.51395
2014,12,21,5,0.03936815,12.54461
2014,12,21,6,0.03864247,12.36494
2014,12,21,7,0.03832909,12.2835
2014,12,22,0,0.03824049,12.26297
2014,12,22,1,0.03853091,12.32784
2014,12,22,2,0.03849287,12.30872
2014,12,22,3,0.03806477,12.2055
2014,12,22,4,0.03776637,12.13644
2014,12,22,5,0.0375458,12.08337
2014,12,22,6,0.03718556,11.99666
2014,12,22,7,0.03674151,11.88878
2014,12,23,0,0.03636918,11.79463
2014,12,23,1,0.03594493,11.67711
2014,12,23,2,0.03582323,11.63896
2014,12,23,3,0.03607966,11.69269
2014,12,23,4,0.03616104,11.7068
2014,12,23,5,0.03714255,11.94359
2014,12,23,6,0.03916904,12.43764
2014,12,23,7,0.03972451,12.57712
2014,12,24,0,0.04237549,13.22402
2014,12,24,1,0.04560777,14.01736
2014,12,24,2,0.04803121,14.58465
2014,12,24,3,0.04837469,14.63655
2014,12,24,4,0.04710734,14.3042
2014,12,24,5,0.04712488,14.29508
2014,12,24,6,0.04760788,14.40135
2014,12,24,7,0.05004123,14.96954
2014,12,25,0,0.05200617,15.43467
2014,12,25,1,0.0493209,14.82348
2014,12,25,2,0.05093626,15.21543
2014,12,25,3,0.05166389,15.40832
2014,12,25,4,0.05043946,15.12803
2014,12,25,5,0.04915168,14.82467
2014,12,25,6,0.04823495,14.6033
2014,12,25,7,0.0482291,14.60742
2014,12,26,0,0.04485712,13.80584
2014,12,26,1,0.0412199,12.93678
2014,12,26,2,0.03873073,12.32383
2014,12,26,3,0.03720038,11.93779
2014,12,26,4,0.03844545,12.25497
2014,12,26,5,0.04099973,12.91267
2014,12,26,6,0.04070957,12.86182
2014,12,26,7,0.0396682,12.60513
2014,12,27,0,0.03830782,12.27102
2014,12,27,1,0.03732352,12.00433
2014,12,27,2,0.03805538,12.15575
2014,12,27,3,0.03829871,12.19714
2014,12,27,4,0.03980754,12.56978
2014,12,27,5,0.04295473,13.31106
2014,12,27,6,0.0685462,19.45783
2014,12,27,7,0.05244941,15.74394
2014,12,28,0,0.04927438,15.00699
2014,12,28,1,0.05032238,15.30232
2014,12,28,2,0.04916983,15.05437
2014,12,28,3,0.04435735,13.83727
2014,12,28,4,0.04221567,13.30516
2014,12,28,5,0.04160052,13.13935
2014,12,28,6,0.04135753,13.04498
2014,12,28,7,0.0422452,13.29262
2014,12,29,0,0.0370191,11.93427
2014,12,29,1,0.03541695,11.50509
2014,12,29,2,0.03398682,11.13005
2014,12,29,3,0.0341092,11.1358
2014,12,29,4,0.03425888,11.15034
2014,12,29,5,0.03452968,11.21163
2014,12,29,6,0.03475402,11.25126
2014,12,29,7,0.036273,11.61141
2014,12,30,0,0.03794467,12.03144
2014,12,30,1,0.0383389,12.14766
2014,12,30,2,0.03871829,12.25484
2014,12,30,3,0.03800562,12.08638
2014,12,30,4,0.03766457,12.01181
2014,12,30,5,0.03752043,11.99133
2014,12,30,6,0.03767863,12.04948
2014,12,30,7,0.03740728,11.99454
2014,12,31,0,0.03594476,11.61739
2014,12,31,1,0.03495526,11.36356
2014,12,31,2,0.0349407,11.35082
2014,12,31,3,0.03517859,11.38872
2014,12,31,4,0.03522759,11.3985
2014,12,31,5,0.03538273,11.44496
2014,12,31,6,0.03560935,11.51133
2014,12,31,7,0.03525306,11.43783
2015,12,1,0,0.04511273,13.96617
2015,12,1,1,0.04919059,14.98409
2015,12,1,2,0.04862125,14.8758
2015,12,1,3,0.04809369,14.7661
2015,12,1,4,0.04629562,14.32728
2015,12,1,5,0.04444377,13.85771
2015,12,1,6,0.04351446,13.61105
2015,12,1,7,0.04312911,13.5118
2015,12,2,0,0.04417638,13.77125
2015,12,2,1,0.04561798,14.12518
2015,12,2,2,0.05134281,15.55443
2015,12,2,3,0.05890106,17.40798
2015,12,2,4,0.06858273,19.71461
2015,12,2,5,0.06825745,19.66784
2015,12,2,6,0.06632099,19.23288
2015,12,2,7,0.06244239,18.29408
2015,12,3,0,0.06166323,18.18867
2015,12,3,1,0.05707389,17.06567
2015,12,3,2,0.05319294,16.1107
2015,12,3,3,0.05108432,15.59708
2015,12,3,4,0.05069135,15.51913
2015,12,3,5,0.05278246,16.05089
2015,12,3,6,0.05208635,15.88288
2015,12,3,7,0.05131744,15.6973
2015,12,4,0,0.05150013,15.74742
2015,12,4,1,0.05401244,16.39942
2015,12,4,2,0.05345661,16.25823
2015,12,4,3,0.05222248,15.94875
2015,12,4,4,0.0474718,14.7541
2015,12,4,5,0.04462171,14.02329
2015,12,4,6,0.04460113,13.98112
2015,12,4,7,0.04432497,13.88328
2015,12,5,0,0.04296288,13.52429
2015,12,5,1,0.04423125,13.80689
2015,12,5,2,0.04624217,14.26691
2015,12,5,3,0.04477834,13.91037
2015,12,5,4,0.04639488,14.29967
2015,12,5,5,0.04606853,14.26559
2015,12,5,6,0.04630137,14.33966
2015,12,5,7,0.0480917,14.77975
2015,12,6,0,0.04900219,15.00738
2015,12,6,1,0.04835475,14.82203
2015,12,6,2,0.04750226,14.58874
2015,12,6,3,0.04653429,14.34669
2015,12,6,4,0.04520705,14.02919
2015,12,6,5,0.04363416,13.64387
2015,12,6,6,0.04507671,13.98991
2015,12,6,7,0.04530197,14.03108
2015,12,7,0,0.04684088,14.4058
2015,12,7,1,0.05013384,15.19388
2015,12,7,2,0.0608291,17.70383
2015,12,7,3,0.08969666,24.53253
2015,12,7,4,0.1122954,29.80884
2015,12,7,5,0.1199395,31.93476
2015,12,7,6,0.09649823,26.48624
2015,12,7,7,0.1043847,28.3008
2015,12,8,0,0.08776577,24.46791
2015,12,8,1,0.08652296,24.18297
2015,12,8,2,0.1016713,27.70598
2015,12,8,3,0.09473156,26.07497
2015,12,8,4,0.08121924,22.78323
2015,12,8,5,0.08851326,24.43079
2015,12,8,6,0.0828873,23.14458
2015,12,8,7,0.08332147,23.26054
2015,12,9,0,0.07458788,21.22097
2015,12,9,1,0.07195933,20.61641
2015,12,9,2,0.06969544,20.05051
2015,12,9,3,0.067758,19.5372
2015,12,9,4,0.07301407,20.81196
2015,12,9,5,0.08260844,23.12147
2015,12,9,6,0.07370077,20.96554
2015,12,9,7,0.07067012,20.215
2015,12,10,0,0.07801103,21.9085
2015,12,10,1,0.104682,28.08255
2015,12,10,2,0.1163858,30.79206
2015,12,10,3,0.09377509,25.70422
2015,12,10,4,0.09535636,26.09648
2015,12,10,5,0.09561964,26.18066
2015,12,10,6,0.07684675,21.78852
2015,12,10,7,0.07118947,20.44604
2015,12,11,0,0.0663779,19.27906
2015,12,11,1,0.06389606,18.63401
2015,12,11,2,0.06979213,19.96679
2015,12,11,3,0.0673502,19.4204
2015,12,11,4,0.06299915,18.41466
2015,12,11,5,0.05603668,16.6801
2015,12,11,6,0.04944332,14.99145
2015,12,11,7,0.04859153,14.7495
2015,12,12,0,0.04996986,15.0689
2015,12,12,1,0.05595702,16.49106
2015,12,12,2,0.06343269,18.23878
2015,12,12,3,0.05954995,17.34092
2015,12,12,4,0.05235614,15.61786
2015,12,12,5,0.05480963,16.22856
2015,12,12,6,0.05296227,15.79451
2015,12,12,7,0.05594506,16.43155
2015,12,13,0,0.06836217,19.38913
2015,12,13,1,0.09204177,24.98753
2015,12,13,2,0.09786869,26.38828
2015,12,13,3,0.07418916,21.04107
2015,12,13,4,0.06283243,18.33358
2015,12,13,5,0.05889551,17.36336
2015,12,13,6,0.06353717,18.4464
2015,12,13,7,0.06482878,18.74178
2015,12,14,0,0.07903162,22.1374
2015,12,14,1,0.09196168,25.2417
2015,12,14,2,0.1011608,27.47925
2015,12,14,3,0.1248542,32.58161
2015,12,14,4,0.1235746,32.35086
2015,12,14,5,0.07948343,22.4487
2015,12,14,6,0.07804703,22.15929
2015,12,14,7,0.07690247,21.92357
2015,12,15,0,0.07762206,22.13085
2015,12,15,1,0.07571074,21.68133
2015,12,15,2,0.07769488,22.14832
2015,12,15,3,0.07588862,21.63765
2015,12,15,4,0.06826419,19.82696
2015,12,15,5,0.06396185,18.84681
2015,12,15,6,0.06580787,19.32527
2015,12,15,7,0.06530279,19.20888
2015,12,16,0,0.0635667,18.76924
2015,12,16,1,0.05926555,17.68452
2015,12,16,2,0.05384092,16.30604
2015,12,16,3,0.04965831,15.24553
2015,12,16,4,0.05089348,15.56621
2015,12,16,5,0.0544009,16.42045
2015,12,16,6,0.07165024,20.41838
2015,12,16,7,0.05935413,17.55452
2015,12,17,0,0.0594427,17.58682
2015,12,17,1,0.05948534,17.6487
2015,12,17,2,0.05378827,16.26928
2015,12,17,3,0.0503803,15.32334
2015,12,17,4,0.06807597,19.49212
2015,12,17,5,0.07508302,21.26598
2015,12,17,6,0.06043252,17.83993
2015,12,17,7,0.05130559,15.57028
2015,12,18,0,0.05271672,15.86078
2015,12,18,1,0.05383844,16.18877
2015,12,18,2,0.05822089,17.26612
2015,12,18,3,0.07466873,21.14636
2015,12,18,4,0.07417334,21.06081
2015,12,18,5,0.06305069,18.42386
2015,12,18,6,0.07828921,21.94206
2015,12,18,7,0.06258643,18.37777
2015,12,19,0,0.05454738,16.40895
2015,12,19,1,0.05215688,15.79988
2015,12,19,2,0.05006981,15.28366
2015,12,19,3,0.04780262,14.7187
2015,12,19,4,0.0489373,14.99988
2015,12,19,5,0.05036126,15.36942
2015,12,19,6,0.05265969,15.95325
2015,12,19,7,0.05413251,16.32568
2015,12,20,0,0.05550786,16.65089
2015,12,20,1,0.05484848,16.45995
2015,12,20,2,0.05333864,16.04912
2015,12,20,3,0.05215715,15.74465
2015,12,20,4,0.05231906,15.78111
2015,12,20,5,0.0552608,16.47843
2015,12,20,6,0.05648564,16.74782
2015,12,20,7,0.05558336,16.52573
2015,12,21,0,0.05769856,17.0551
2015,12,21,1,0.06160956,18.00761
2015,12,21,2,0.06132917,17.95243
2015,12,21,3,0.05963484,17.54865
2015,12,21,4,0.05841538,17.27483
2015,12,21,5,0.05736975,17.04427
2015,12,21,6,0.0560181,16.73043
2015,12,21,7,0.0542834,16.31696
2015,12,22,0,0.05178435,15.68905
2015,12,22,1,0.04963417,15.14287
2015,12,22,2,0.04709398,14.50468
2015,12,22,3,0.04626315,14.28984
2015,12,22,4,0.04744656,14.58997
2015,12,22,5,0.04928947,15.03879
2015,12,22,6,0.05008721,15.20922
2015,12,22,7,0.05013289,15.19891
2015,12,23,0,0.05077894,15.33492
2015,12,23,1,0.05154235,15.48686
2015,12,23,2,0.05277791,15.76197
2015,12,23,3,0.05525286,16.346
2015,12,23,4,0.05357521,15.98646
2015,12,23,5,0.05335206,15.95211
2015,12,23,6,0.05413637,16.14279
2015,12,23,7,0.05468576,16.27686
2015,12,24,0,0.05598828,16.59412
2015,12,24,1,0.05500997,16.36165
2015,12,24,2,0.05223945,15.65247
2015,12,24,3,0.04933589,14.91938
2015,12,24,4,0.04780797,14.53726
2015,12,24,5,0.046662,14.25731
2015,12,24,6,0.04680743,14.28004
2015,12,24,7,0.04852123,14.69587
2015,12,25,0,0.05015153,15.10312
2015,12,25,1,0.05133466,15.40276
2015,12,25,2,0.05137829,15.41797
2015,12,25,3,0.05040223,15.17408
2015,12,25,4,0.04922932,14.90381
2015,12,25,5,0.04804098,14.63124
2015,12,25,6,0.04540768,14.00371
2015,12,25,7,0.04283098,13.38313
2015,12,26,0,0.04075822,12.87875
2015,12,26,1,0.03910523,12.47602
2015,12,26,2,0.03965556,12.60796
2015,12,26,3,0.03969152,12.61303
2015,12,26,4,0.03962655,12.59147
2015,12,26,5,0.0394754,12.55689
2015,12,26,6,0.03890668,12.43349
2015,12,26,7,0.0389873,12.45517
2015,12,27,0,0.03897254,12.45224
2015,12,27,1,0.0397372,12.62455
2015,12,27,2,0.04052675,12.80539
2015,12,27,3,0.04075552,12.85222
2015,12,27,4,0.04477522,13.81141
2015,12,27,5,0.04793767,14.56651
2015,12,27,6,0.05154433,15.41724
2015,12,27,7,0.07043113,19.80192
2015,12,28,0,0.07555853,21.06782
2015,12,28,1,0.06811036,19.27213
2015,12,28,2,0.06093817,17.73432
2015,12,28,3,0.05617834,16.6872
2015,12,28,4,0.05667149,16.78515
2015,12,28,5,0.07453595,20.80338
2015,12,28,6,0.05754329,16.9692
2015,12,28,7,0.07010092,20.06824
2015,12,29,0,0.06610033,19.16896
2015,12,29,1,0.05799263,17.13277
2015,12,29,2,0.07523782,21.40162
2015,12,29,3,0.06485003,18.90553
2015,12,29,4,0.05655712,16.82134
2015,12,29,5,0.05439641,16.39072
2015,12,29,6,0.05064884,15.47084
2015,12,29,7,0.05383812,16.26457
2015,12,30,0,0.06283009,18.49196
2015,12,30,1,0.06817845,19.86107
2015,12,30,2,0.06508725,19.13743
2015,12,30,3,0.05844594,17.47614
2015,12,30,4,0.05416131,16.40949
2015,12,30,5,0.04704597,14.58477
2015,12,30,6,0.04863418,14.99267
2015,12,30,7,0.04293508,13.5435
2015,12,31,0,0.04380313,13.74026
2015,12,31,1,0.04796086,14.7602
2015,12,31,2,0.05127696,15.53601
2015,12,31,3,0.05067501,15.33906
2015,12,31,4,0.05342544,16.01227
2015,12,31,5,0.05980247,17.56616
2015,12,31,6,0.05268691,15.91221
2015,12,31,7,0.04796558,14.75823
2016,12,1,0,0.1403144,36.08165
2016,12,1,1,0.1296423,33.57718
2016,12,1,2,0.05748044,16.88032
2016,12,1,3,0.07265349,20.59801
2016,12,1,4,0.1686671,42.45322
2016,12,1,5,0.1524526,38.62498
2016,12,1,6,0.08741938,24.05021
2016,12,1,7,0.08472404,23.54601
2016,12,2,0,0.05998699,17.63954
2016,12,2,1,0.05077968,15.38805
2016,12,2,2,0.04480774,13.90632
2016,12,2,3,0.04141398,13.06431
2016,12,2,4,0.03953339,12.6024
2016,12,2,5,0.04275812,13.37309
2016,12,2,6,0.05428821,16.0385
2016,12,2,7,0.08386139,23.03553
2016,12,3,0,0.1398039,36.03888
2016,12,3,1,0.1454035,37.56685
2016,12,3,2,0.1132895,30.5139
2016,12,3,3,0.07522185,21.44365
2016,12,3,4,0.08494372,23.67068
2016,12,3,5,0.1228346,32.72588
2016,12,3,6,0.1363867,35.24529
2016,12,3,7,0.142091,37.044
2016,12,4,0,0.1721325,43.56068
2016,12,4,1,0.1230921,32.34883
2016,12,4,2,0.092966,25.35487
2016,12,4,3,0.07835873,22.04455
2016,12,4,4,0.09701709,26.58886
2016,12,4,5,0.1037376,28.18286
2016,12,4,6,0.08519448,23.73907
2016,12,4,7,0.09796817,26.8642
2016,12,5,0,0.1447828,37.8691
2016,12,5,1,0.1273473,33.89138
2016,12,5,2,0.1129083,30.40124
2016,12,5,3,0.08706782,24.23922
2016,12,5,4,0.1745302,44.32527
2016,12,5,5,0.2033561,50.6699
2016,12,5,6,0.1663711,42.75379
2016,12,5,7,0.1379639,36.17609
2016,12,6,0,0.07908024,22.32977
2016,12,6,1,0.07003392,20.14355
2016,12,6,2,0.06296524,18.42263
2016,12,6,3,0.05934123,17.54986
2016,12,6,4,0.05853825,17.40346
2016,12,6,5,0.0525042,15.90792
2016,12,6,6,0.04975363,15.23045
2016,12,6,7,0.047836,14.74589
2016,12,7,0,0.04582901,14.23752
2016,12,7,1,0.04549046,14.15929
2016,12,7,2,0.04540029,14.13024
2016,12,7,3,0.04490694,14.00133
2016,12,7,4,0.04260428,13.42418
2016,12,7,5,0.03898851,12.50893
2016,12,7,6,0.03845385,12.36837
2016,12,7,7,0.03813935,12.29242
2016,12,8,0,0.03888331,12.47364
2016,12,8,1,0.03881598,12.45007
2016,12,8,2,0.03857554,12.37143
2016,12,8,3,0.03881329,12.43039
2016,12,8,4,0.03717319,12.02855
2016,12,8,5,0.03627115,11.81477
2016,12,8,6,0.03588382,11.70996
2016,12,8,7,0.03886745,12.48128
2016,12,9,0,0.04123137,13.08538
2016,12,9,1,0.04274013,13.46877
2016,12,9,2,0.04157019,13.17383
2016,12,9,3,0.0415363,13.16346
2016,12,9,4,0.04688894,14.53688
2016,12,9,5,0.04317175,13.56954
2016,12,9,6,0.0407141,12.9345
2016,12,9,7,0.04014787,12.78876
2016,12,10,0,0.0406522,12.91545
2016,12,10,1,0.04033409,12.83258
2016,12,10,2,0.04031516,12.81014
2016,12,10,3,0.04065416,12.88292
2016,12,10,4,0.04148267,13.08482
2016,12,10,5,0.04239158,13.30694
2016,12,10,6,0.04245601,13.31683
2016,12,10,7,0.04180415,13.15666
2016,12,11,0,0.04064113,12.86769
2016,12,11,1,0.03984302,12.65795
2016,12,11,2,0.04027821,12.7581
2016,12,11,3,0.04059499,12.8355
2016,12,11,4,0.04057804,12.83316
2016,12,11,5,0.04081468,12.88943
2016,12,11,6,0.04095211,12.92474
2016,12,11,7,0.04100569,12.94548
2016,12,12,0,0.04123193,13.00203
2016,12,12,1,0.0413884,13.03257
2016,12,12,2,0.04148621,13.05274
2016,12,12,3,0.04154871,13.07123
2016,12,12,4,0.04088928,12.90832
2016,12,12,5,0.04050122,12.82213
2016,12,12,6,0.0404746,12.8212
2016,12,12,7,0.04029291,12.7871
2016,12,13,0,0.03994773,12.70115
2016,12,13,1,0.03958661,12.60298
2016,12,13,2,0.03933459,12.53507
2016,12,13,3,0.03883917,12.41065
2016,12,13,4,0.03839345,12.29362
2016,12,13,5,0.03820367,12.24562
2016,12,13,6,0.03804174,12.202
2016,12,13,7,0.03803593,12.19717
2016,12,14,0,0.03820035,12.23248
2016,12,14,1,0.03838887,12.27175
2016,12,14,2,0.03895239,12.39758
2016,12,14,3,0.0397285,12.57811
2016,12,14,4,0.04376251,13.5519
2016,12,14,5,0.05482824,16.24786
2016,12,14,6,0.1306728,33.7659
2016,12,14,7,0.1057239,28.21348
2016,12,15,0,0.09977088,26.71443
2016,12,15,1,0.05265575,15.54431
2016,12,15,2,0.04950835,14.8239
2016,12,15,3,0.05350595,15.89034
2016,12,15,4,0.05756675,16.98314
2016,12,15,5,0.04811259,14.64764
2016,12,15,6,0.04855316,14.75041
2016,12,15,7,0.05198058,15.51485
2016,12,16,0,0.05492781,16.20884
2016,12,16,1,0.1036261,27.65816
2016,12,16,2,0.1178846,30.88734
2016,12,16,3,0.1286519,33.02303
2016,12,16,4,0.1299156,33.28319
2016,12,16,5,0.1231355,32.05851
2016,12,16,6,0.07970973,22.02988
2016,12,16,7,0.08316689,22.89339
2016,12,17,0,0.1293239,33.60466
2016,12,17,1,0.1308959,33.93173
2016,12,17,2,0.08298534,23.00508
2016,12,17,3,0.07775584,21.77397
2016,12,17,4,0.1384603,35.77566
2016,12,17,5,0.1523338,38.46162
2016,12,17,6,0.1480903,37.59896
2016,12,17,7,0.09906117,26.56752
2016,12,18,0,0.08683556,23.80038
2016,12,18,1,0.07421991,20.78285
2016,12,18,2,0.09698263,26.08662
2016,12,18,3,0.1297662,33.52121
2016,12,18,4,0.1231913,31.85654
2016,12,18,5,0.1018608,27.17009
2016,12,18,6,0.06170047,17.74685
2016,12,18,7,0.05485454,16.14387
2016,12,19,0,0.06226542,17.95808
2016,12,19,1,0.07321562,20.5892
2016,12,19,2,0.06835416,19.43415
2016,12,19,3,0.07352483,20.58338
2016,12,19,4,0.1179565,30.8586
2016,12,19,5,0.1201977,31.56115
2016,12,19,6,0.07674734,21.51212
2016,12,19,7,0.07077428,20.02793
2016,12,20,0,0.06066027,17.6368
2016,12,20,1,0.05138633,15.42075
2016,12,20,2,0.04174696,13.01511
2016,12,20,3,0.03898584,12.29489
2016,12,20,4,0.04477886,13.71559
2016,12,20,5,0.05536591,16.26936
2016,12,20,6,0.06090854,17.7063
2016,12,20,7,0.07211168,20.4455
2016,12,21,0,0.05966825,17.54887
2016,12,21,1,0.04952249,15.01864
2016,12,21,2,0.05044637,15.14439
2016,12,21,3,0.05145694,15.38101
2016,12,21,4,0.04854968,14.70531
2016,12,21,5,0.04537762,13.93981
2016,12,21,6,0.04834319,14.68793
2016,12,21,7,0.05021396,15.17632
2016,12,22,0,0.0506805,15.30754
2016,12,22,1,0.04989753,15.11416
2016,12,22,2,0.05037218,15.21994
2016,12,22,3,0.05425033,16.15884
2016,12,22,4,0.0612918,17.89297
2016,12,22,5,0.06520388,18.87181
2016,12,22,6,0.06417189,18.61241
2016,12,22,7,0.0621272,18.1225
2016,12,23,0,0.05858394,17.28231
2016,12,23,1,0.05656571,16.77912
2016,12,23,2,0.05340913,16.01523
2016,12,23,3,0.05086867,15.39143
2016,12,23,4,0.04702721,14.44528
2016,12,23,5,0.04362377,13.59505
2016,12,23,6,0.04102044,12.93964
2016,12,23,7,0.03941953,12.53854
2016,12,24,0,0.03925936,12.50488
2016,12,24,1,0.03985334,12.64664
2016,12,24,2,0.03962074,12.59213
2016,12,24,3,0.03885918,12.41282
2016,12,24,4,0.03832941,12.28059
2016,12,24,5,0.03865825,12.35029
2016,12,24,6,0.03920387,12.48617
2016,12,24,7,0.03864083,12.35231
2016,12,25,0,0.03827291,12.26997
2016,12,25,1,0.03796679,12.19514
2016,12,25,2,0.03727525,12.01623
2016,12,25,3,0.037135,11.9786
2016,12,25,4,0.03787177,12.17098
2016,12,25,5,0.03826781,12.27231
2016,12,25,6,0.03861183,12.35329
2016,12,25,7,0.04065028,12.85868
2016,12,26,0,0.04356325,13.59122
2016,12,26,1,0.04460399,13.85953
2016,12,26,2,0.04439618,13.79837
2016,12,26,3,0.04399149,13.69197
2016,12,26,4,0.04440135,13.79591
2016,12,26,5,0.0450174,13.94833
2016,12,26,6,0.0459734,14.18196
2016,12,26,7,0.04764234,14.59587
2016,12,27,0,0.0497555,15.12168
2016,12,27,1,0.05200898,15.6701
2016,12,27,2,0.05423846,16.2092
2016,12,27,3,0.05504083,16.40096
2016,12,27,4,0.05535133,16.47464
2016,12,27,5,0.05503121,16.38565
2016,12,27,6,0.05466863,16.2906
2016,12,27,7,0.05237929,15.70501
2016,12,28,0,0.04682609,14.30606
2016,12,28,1,0.04799187,14.59819
2016,12,28,2,0.04863015,14.75414
2016,12,28,3,0.04865445,14.76188
2016,12,28,4,0.04691929,14.33633
2016,12,28,5,0.04648292,14.23456
2016,12,28,6,0.04509774,13.90037
2016,12,28,7,0.04093075,12.87586
2016,12,29,0,0.03911645,12.43343
2016,12,29,1,0.03826873,12.22742
2016,12,29,2,0.03727738,11.96769
2016,12,29,3,0.03664204,11.79732
2016,12,29,4,0.03622043,11.68999
2016,12,29,5,0.03549099,11.50539
2016,12,29,6,0.03484754,11.34349
2016,12,29,7,0.03449647,11.25222
2016,12,30,0,0.03434448,11.21109
2016,12,30,1,0.03417581,11.16524
2016,12,30,2,0.03425155,11.17887
2016,12,30,3,0.03437425,11.20674
2016,12,30,4,0.03423144,11.17412
2016,12,30,5,0.03409615,11.14354
2016,12,30,6,0.03426292,11.18296
2016,12,30,7,0.034433,11.22451
2016,12,31,0,0.03459465,11.2618
2016,12,31,1,0.03467796,11.27783
2016,12,31,2,0.03477433,11.29236
2016,12,31,3,0.03481405,11.29697
2016,12,31,4,0.03477583,11.28811
2016,12,31,5,0.0348347,11.30311
2016,12,31,6,0.03504882,11.35449
2016,12,31,7,0.03523115,11.39782
2017,12,1,0,0.03461583,11.26799
2017,12,1,1,0.03558107,11.50621
2017,12,1,2,0.03790107,12.08353
2017,12,1,3,0.03818392,12.15181
2017,12,1,4,0.03677935,11.79622
2017,12,1,5,0.03887882,12.33717
2017,12,1,6,0.0378703,12.08867
2017,12,1,7,0.03507221,11.36756
2017,12,2,0,0.03555198,11.46102
2017,12,2,1,0.0362419,11.61951
2017,12,2,2,0.03690146,11.78347
2017,12,2,3,0.03801863,12.05616
2017,12,2,4,0.03906805,12.3151
2017,12,2,5,0.04061581,12.69837
2017,12,2,6,0.04156747,12.92139
2017,12,2,7,0.04276007,13.1902
2017,12,3,0,0.04257452,13.13904
2017,12,3,1,0.03800385,12.02027
2017,12,3,2,0.03406473,11.03754
2017,12,3,3,0.03465762,11.17291
2017,12,3,4,0.03481357,11.21409
2017,12,3,5,0.03488073,11.23358
2017,12,3,6,0.03628987,11.58496
2017,12,3,7,0.03760591,11.91807
2017,12,4,0,0.03921533,12.32234
2017,12,4,1,0.04092512,12.75821
2017,12,4,2,0.0425151,13.17381
2017,12,4,3,0.04223202,13.12407
2017,12,4,4,0.04091116,12.80572
2017,12,4,5,0.04011665,12.61395
2017,12,4,6,0.03942993,12.43684
2017,12,4,7,0.03855335,12.2181
2017,12,5,0,0.03756877,11.97569
2017,12,5,1,0.03703123,11.83766
2017,12,5,2,0.03702676,11.83067
2017,12,5,3,0.03700379,11.82159
2017,12,5,4,0.03678988,11.76836
2017,12,5,5,0.03654289,11.70922
2017,12,5,6,0.03624438,11.63378
2017,12,5,7,0.03598004,11.56489
2017,12,6,0,0.03587685,11.53622
2017,12,6,1,0.03584361,11.52255
2017,12,6,2,0.03611372,11.58519
2017,12,6,3,0.03640844,11.65828
2017,12,6,4,0.03642492,11.67223
2017,12,6,5,0.03658307,11.71554
2017,12,6,6,0.03700337,11.81971
2017,12,6,7,0.03734946,11.90993
2017,12,7,0,0.03770641,11.99729
2017,12,7,1,0.03860582,12.20647
2017,12,7,2,0.04016405,12.57285
2017,12,7,3,0.04043103,12.65018
2017,12,7,4,0.0416909,12.96183
2017,12,7,5,0.04504539,13.79061
2017,12,7,6,0.04972679,14.99435
2017,12,7,7,0.05289811,15.81955
2017,12,8,0,0.05016599,15.17478
2017,12,8,1,0.05320375,15.90125
2017,12,8,2,0.05434435,16.19679
2017,12,8,3,0.05479316,16.33203
2017,12,8,4,0.06316871,18.37533
2017,12,8,5,0.07426377,21.13569
2017,12,8,6,0.1016622,27.54702
2017,12,8,7,0.07628146,21.65161
2017,12,9,0,0.0695063,20.04062
2017,12,9,1,0.07311319,20.88928
2017,12,9,2,0.07792952,21.98701
2017,12,9,3,0.06989781,19.99094
2017,12,9,4,0.06304994,18.35025
2017,12,9,5,0.06780679,19.51139
2017,12,9,6,0.07042908,20.19845
2017,12,9,7,0.06673671,19.26699
2017,12,10,0,0.06770927,19.50961
2017,12,10,1,0.05922396,17.47463
2017,12,10,2,0.05212388,15.71992
2017,12,10,3,0.04999495,15.13916
2017,12,10,4,0.05247164,15.82558
2017,12,10,5,0.04562468,14.15924
2017,12,10,6,0.04741344,14.65032
2017,12,10,7,0.04639591,14.41257
2017,12,11,0,0.05125717,15.59292
2017,12,11,1,0.06151524,18.1096
2017,12,11,2,0.1204787,31.9552
2017,12,11,3,0.1870157,46.98437
2017,12,11,4,0.09584191,25.89003
2017,12,11,5,0.05092284,15.31197
2017,12,11,6,0.03924447,12.40256
2017,12,11,7,0.04287168,13.27704
2017,12,12,0,0.0442401,13.62219
2017,12,12,1,0.0365946,11.73563
2017,12,12,2,0.03497204,11.33415
2017,12,12,3,0.03505836,11.3696
2017,12,12,4,0.03484104,11.34658
2017,12,12,5,0.03660842,11.79339
2017,12,12,6,0.03820864,12.20802
2017,12,12,7,0.03810489,12.20254
2017,12,13,0,0.03796161,12.18465
2017,12,13,1,0.03843747,12.33051
2017,12,13,2,0.04037725,12.84571
2017,12,13,3,0.04052315,12.87772
2017,12,13,4,0.04120999,13.03095
2017,12,13,5,0.04423566,13.77261
2017,12,13,6,0.04643199,14.33219
2017,12,13,7,0.04626589,14.31829
2017,12,14,0,0.04659121,14.40907
2017,12,14,1,0.04940617,15.12444
2017,12,14,2,0.05136474,15.59806
2017,12,14,3,0.06106428,18.00086
2017,12,14,4,0.07148635,20.56009
2017,12,14,5,0.06918693,19.90372
2017,12,14,6,0.06068257,17.82516
2017,12,14,7,0.06287034,18.26361
2017,12,15,0,0.0602482,17.60455
2017,12,15,1,0.05562179,16.55456
2017,12,15,2,0.0764428,21.64986
2017,12,15,3,0.05716931,17.05616
2017,12,15,4,0.04820365,14.83626
2017,12,15,5,0.08243763,23.19544
2017,12,15,6,0.07682101,21.53106
2017,12,15,7,0.1477033,38.36311
2017,12,16,0,0.04716082,14.41123
2017,12,16,1,0.03902461,12.42578
2017,12,16,2,0.03517478,11.44126
2017,12,16,3,0.03509059,11.40584
2017,12,16,4,0.03636002,11.71209
2017,12,16,5,0.03724213,11.9129
2017,12,16,6,0.03773478,12.01753
2017,12,16,7,0.03699704,11.82622
2017,12,17,0,0.03713187,11.84505
2017,12,17,1,0.03763125,11.95751
2017,12,17,2,0.03755245,11.95094
2017,12,17,3,0.03835601,12.16105
2017,12,17,4,0.03800546,12.08681
2017,12,17,5,0.03735781,11.93062
2017,12,17,6,0.03761016,11.991
2017,12,17,7,0.03888415,12.31486
2017,12,18,0,0.04129115,12.90829
2017,12,18,1,0.04637097,14.13849
2017,12,18,2,0.05082159,15.19848
2017,12,18,3,0.0449382,13.81917
2017,12,18,4,0.04366222,13.52615
2017,12,18,5,0.04503325,13.83614
2017,12,18,6,0.04513955,13.85738
2017,12,18,7,0.04598406,14.07765
2017,12,19,0,0.04605198,14.08928
2017,12,19,1,0.04804847,14.64893
2017,12,19,2,0.03638439,11.74527
2017,12,19,3,0.03502582,11.39572
2017,12,19,4,0.03734387,11.97431
2017,12,19,5,0.03873408,12.31887
2017,12,19,6,0.04053064,12.77095
2017,12,19,7,0.0457201,14.05742
2017,12,20,0,0.04399979,13.65038
2017,12,20,1,0.03886477,12.34872
2017,12,20,2,0.03871374,12.28427
2017,12,20,3,0.03966525,12.51211
2017,12,20,4,0.04466479,13.7814
2017,12,20,5,0.05305734,15.86482
2017,12,20,6,0.05389149,16.07484
2017,12,20,7,0.05008765,15.16487
2017,12,21,0,0.0466994,14.34005
2017,12,21,1,0.04602115,14.17897
2017,12,21,2,0.04650931,14.30809
2017,12,21,3,0.04481601,13.89244
2017,12,21,4,0.04450658,13.82206
2017,12,21,5,0.04521582,14.00868
2017,12,21,6,0.04165979,13.11159
2017,12,21,7,0.039887,12.66241
2017,12,22,0,0.04119593,12.99307
2017,12,22,1,0.04333701,13.52624
2017,12,22,2,0.04594297,14.163
2017,12,22,3,0.05053208,15.28015
2017,12,22,4,0.05381589,16.0859
2017,12,22,5,0.05571713,16.53964
2017,12,22,6,0.05655005,16.7047
2017,12,22,7,0.05476628,16.24649
2017,12,23,0,0.05140426,15.43683
2017,12,23,1,0.0499127,15.05561
2017,12,23,2,0.04996026,15.03916
2017,12,23,3,0.04977451,14.97313
2017,12,23,4,0.04971294,14.95404
2017,12,23,5,0.05042296,15.12815
2017,12,23,6,0.05139226,15.36592
2017,12,23,7,0.05247609,15.6311
2017,12,24,0,0.05248923,15.61812
2017,12,24,1,0.05223071,15.53551
2017,12,24,2,0.05127172,15.2903
2017,12,24,3,0.04991601,14.95364
2017,12,24,4,0.04860091,14.64586
2017,12,24,5,0.04872294,14.68068
2017,12,24,6,0.04963095,14.90281
2017,12,24,7,0.04955916,14.88889
2017,12,25,0,0.04720939,14.31229
2017,12,25,1,0.04486488,13.7154
2017,12,25,2,0.04365678,13.39313
2017,12,25,3,0.0444183,13.55831
2017,12,25,4,0.06340334,18.17803
2017,12,25,5,0.09317727,25.38748
2017,12,25,6,0.04949565,14.90886
2017,12,25,7,0.04782928,14.46716
2017,12,26,0,0.04926169,14.77587
2017,12,26,1,0.06045791,17.62286
2017,12,26,2,0.04885796,14.80833
2017,12,26,3,0.04344059,13.46957
2017,12,26,4,0.05131414,15.43214
2017,12,26,5,0.06729754,19.17661
2017,12,26,6,0.1005686,27.03282
2017,12,26,7,0.06220951,18.20306
2017,12,27,0,0.08595796,23.81208
2017,12,27,1,0.06790161,19.61144
2017,12,27,2,0.08027249,22.63283
2017,12,27,3,0.06627199,19.17793
2017,12,27,4,0.04928828,14.99486
2017,12,27,5,0.05345584,16.07351
2017,12,27,6,0.06488631,18.95782
2017,12,27,7,0.06307066,18.51421
2017,12,28,0,0.06814566,19.72735
2017,12,28,1,0.06665595,19.42411
2017,12,28,2,0.06525727,19.09626
2017,12,28,3,0.06659117,19.40904
2017,12,28,4,0.06639271,19.36426
2017,12,28,5,0.0607761,17.98788
2017,12,28,6,0.05453131,16.39881
2017,12,28,7,0.05705344,17.00113
2017,12,29,0,0.05356739,16.16413
2017,12,29,1,0.05188133,15.74293
2017,12,29,2,0.0557399,16.67289
2017,12,29,3,0.05862004,17.41463
2017,12,29,4,0.05353279,16.2034
2017,12,29,5,0.04907922,15.08537
2017,12,29,6,0.0496271,15.21164
2017,12,29,7,0.05183566,15.7431
2017,12,30,0,0.04608917,14.31424
2017,12,30,1,0.04361533,13.70939
2017,12,30,2,0.04022967,12.86812
2017,12,30,3,0.03779246,12.24381
2017,12,30,4,0.03786816,12.26216
2017,12,30,5,0.03826091,12.36451
2017,12,30,6,0.03856534,12.44526
2017,12,30,7,0.03866598,12.47256
2017,12,31,0,0.03934989,12.64186
2017,12,31,1,0.03985724,12.75092
2017,12,31,2,0.04448103,13.90206
2017,12,31,3,0.04588766,14.16383
2017,12,31,4,0.0534648,15.94318
2017,12,31,5,0.06187775,17.94718
2017,12,31,6,0.05398338,16.02797
2017,12,31,7,0.03607554,11.68326
2018,12,1,0,0.0470056,14.57401
2018,12,1,1,0.05136176,15.6903
2018,12,1,2,0.05816086,17.43262
2018,12,1,3,0.06936654,20.17768
2018,12,1,4,0.07281052,21.04494
2018,12,1,5,0.08247381,23.39743
2018,12,1,6,0.08102578,23.01266
2018,12,1,7,0.07820978,22.32374
2018,12,2,0,0.07737598,22.17258
2018,12,2,1,0.07922171,22.60911
2018,12,2,2,0.07956386,22.71886
2018,12,2,3,0.07257331,21.03487
2018,12,2,4,0.07249833,21.04821
2018,12,2,5,0.07444977,21.54566
2018,12,2,6,0.0667395,19.69338
2018,12,2,7,0.05960742,17.90006
2018,12,3,0,0.05447529,16.60988
2018,12,3,1,0.04787807,14.94115
2018,12,3,2,0.04447886,14.07039
2018,12,3,3,0.0429585,13.6599
2018,12,3,4,0.04180911,13.35879
2018,12,3,5,0.0424223,13.47381
2018,12,3,6,0.04662824,14.53471
2018,12,3,7,0.05136793,15.73562
2018,12,4,0,0.04967955,15.31241
2018,12,4,1,0.04773666,14.8157
2018,12,4,2,0.04883453,15.10535
2018,12,4,3,0.05015139,15.44008
2018,12,4,4,0.05030123,15.48113
2018,12,4,5,0.0515306,15.77317
2018,12,4,6,0.0519461,15.8596
2018,12,4,7,0.05114803,15.65415
2018,12,5,0,0.04847134,14.97253
2018,12,5,1,0.04243379,13.46698
2018,12,5,2,0.03743131,12.20908
2018,12,5,3,0.03693824,12.08112
2018,12,5,4,0.0393038,12.68933
2018,12,5,5,0.04164339,13.28373
2018,12,5,6,0.04061249,13.01993
2018,12,5,7,0.03783804,12.3082
2018,12,6,0,0.03725986,12.15419
2018,12,6,1,0.0382586,12.40223
2018,12,6,2,0.03996328,12.83656
2018,12,6,3,0.04109885,13.12858
2018,12,6,4,0.04163437,13.279
2018,12,6,5,0.04120002,13.16725
2018,12,6,6,0.03931854,12.67688
2018,12,6,7,0.0382857,12.4088
2018,12,7,0,0.03767184,12.25
2018,12,7,1,0.0368382,12.02831
2018,12,7,2,0.03562678,11.70631
2018,12,7,3,0.03556668,11.6831
2018,12,7,4,0.03840594,12.41955
2018,12,7,5,0.04076185,13.02964
2018,12,7,6,0.04209029,13.35968
2018,12,7,7,0.03968063,12.75104
2018,12,8,0,0.04037605,12.90646
2018,12,8,1,0.04172605,13.2196
2018,12,8,2,0.05400883,16.35087
2018,12,8,3,0.06225424,18.39988
2018,12,8,4,0.0586286,17.52845
2018,12,8,5,0.05633766,16.98766
2018,12,8,6,0.05088479,15.58892
2018,12,8,7,0.04674716,14.53772
2018,12,9,0,0.0448918,14.06515
2018,12,9,1,0.04593027,14.27395
2018,12,9,2,0.04591041,14.25545
2018,12,9,3,0.04271211,13.45991
2018,12,9,4,0.04143381,13.13059
2018,12,9,5,0.04055037,12.89887
2018,12,9,6,0.04018959,12.80392
2018,12,9,7,0.04060613,12.9169
2018,12,10,0,0.04080219,12.96805
2018,12,10,1,0.04134923,13.08702
2018,12,10,2,0.04218284,13.27492
2018,12,10,3,0.04181517,13.18346
2018,12,10,4,0.04077712,12.92691
2018,12,10,5,0.04104578,12.99281
2018,12,10,6,0.04705855,14.4035
2018,12,10,7,0.04486497,13.93521
2018,12,11,0,0.04310655,13.5432
2018,12,11,1,0.04386569,13.72336
2018,12,11,2,0.04497939,14.0042
2018,12,11,3,0.04432597,13.83031
2018,12,11,4,0.04415188,13.78061
2018,12,11,5,0.04537971,14.07999
2018,12,11,6,0.04516468,13.99399
2018,12,11,7,0.05516182,16.40818
2018,12,12,0,0.06053204,17.76595
2018,12,12,1,0.05153832,15.59032
2018,12,12,2,0.04537906,14.08331
2018,12,12,3,0.04362232,13.63968
2018,12,12,4,0.04223871,13.27715
2018,12,12,5,0.04279523,13.41593
2018,12,12,6,0.04273682,13.41473
2018,12,12,7,0.04768396,14.59581
2018,12,13,0,0.06896945,19.65285
2018,12,13,1,0.1126467,30.0821
2018,12,13,2,0.1020984,28.03548
2018,12,13,3,0.06532003,19.10035
2018,12,13,4,0.04190998,13.14477
2018,12,13,5,0.055723,16.45939
2018,12,13,6,0.04343755,13.43311
2018,12,13,7,0.04053187,12.73352
2018,12,14,0,0.03950627,12.52949
2018,12,14,1,0.03915479,12.46668
2018,12,14,2,0.03937311,12.52749
2018,12,14,3,0.04330512,13.47568
2018,12,14,4,0.05090042,15.40205
2018,12,14,5,0.05317672,16.04326
2018,12,14,6,0.04533199,14.1242
2018,12,14,7,0.04761997,14.7042
2018,12,15,0,0.05499454,16.56523
2018,12,15,1,0.05820405,17.39113
2018,12,15,2,0.05633504,16.9236
2018,12,15,3,0.05259503,15.9382
2018,12,15,4,0.06002434,17.81938
2018,12,15,5,0.06333582,18.68771
2018,12,15,6,0.05578412,16.80371
2018,12,15,7,0.05113468,15.62915
2018,12,16,0,0.04880325,15.03098
2018,12,16,1,0.04874486,14.98939
2018,12,16,2,0.05287232,16.01426
2018,12,16,3,0.05149196,15.64701
2018,12,16,4,0.05464741,16.4269
2018,12,16,5,0.05404658,16.26037
2018,12,16,6,0.04734461,14.40183
2018,12,16,7,0.03809927,12.19109
2018,12,17,0,0.03741285,12.02504
2018,12,17,1,0.03701316,11.96199
2018,12,17,2,0.03789388,12.1777
2018,12,17,3,0.03772733,12.13499
2018,12,17,4,0.03709186,11.96507
2018,12,17,5,0.04128493,12.94717
2018,12,17,6,0.04653659,14.21185
2018,12,17,7,0.04965467,15.06423
2018,12,18,0,0.04809395,14.77213
2018,12,18,1,0.0454437,14.13664
2018,12,18,2,0.04432092,13.8618
2018,12,18,3,0.04432877,13.85217
2018,12,18,4,0.04327708,13.59386
2018,12,18,5,0.04158359,13.17698
2018,12,18,6,0.04051935,12.89588
2018,12,18,7,0.04204978,13.26599
2018,12,19,0,0.04557316,14.10004
2018,12,19,1,0.06154629,18.13435
2018,12,19,2,0.06107128,18.10282
2018,12,19,3,0.04085955,12.94969
2018,12,19,4,0.04254632,13.28962
2018,12,19,5,0.04323865,13.4866
2018,12,19,6,0.04659779,14.27502
2018,12,19,7,0.06909597,19.55854
2018,12,20,0,0.05855916,17.15918
2018,12,20,1,0.0882042,23.89316
2018,12,20,2,0.09035536,24.67416
2018,12,20,3,0.06252627,18.22946
2018,12,20,4,0.055624,16.59336
2018,12,20,5,0.05589874,16.67702
2018,12,20,6,0.05552359,16.60234
2018,12,20,7,0.05160316,15.66049
2018,12,21,0,0.04476045,13.96427
2018,12,21,1,0.04027587,12.83733
2018,12,21,2,0.0387108,12.43926
2018,12,21,3,0.03899676,12.49101
2018,12,21,4,0.04438237,13.81355
2018,12,21,5,0.05082036,15.42225
2018,12,21,6,0.0528274,15.95247
2018,12,21,7,0.05150688,15.67656
2018,12,22,0,0.05079005,15.49139
2018,12,22,1,0.04805024,14.81329
2018,12,22,2,0.04591268,14.27023
2018,12,22,3,0.04474478,13.94742
2018,12,22,4,0.04385395,13.71765
2018,12,22,5,0.04359194,13.63761
2018,12,22,6,0.04377483,13.69646
2018,12,22,7,0.04422673,13.82328
2018,12,23,0,0.0452677,14.08655
2018,12,23,1,0.04602684,14.27205
2018,12,23,2,0.0457295,14.20193
2018,12,23,3,0.04494276,14.01841
2018,12,23,4,0.04526462,14.11228
2018,12,23,5,0.04597666,14.29755
2018,12,23,6,0.04524259,14.12473
2018,12,23,7,0.04445209,13.93218
2018,12,24,0,0.04438117,13.91464
2018,12,24,1,0.04343121,13.67874
2018,12,24,2,0.04284531,13.52865
2018,12,24,3,0.04214756,13.35347
2018,12,24,4,0.041689,13.24005
2018,12,24,5,0.04149537,13.19206
2018,12,24,6,0.04164139,13.22856
2018,12,24,7,0.04131088,13.1533
2018,12,25,0,0.04138944,13.16949
2018,12,25,1,0.04206547,13.32945
2018,12,25,2,0.04364906,13.69706
2018,12,25,3,0.04421735,13.81791
2018,12,25,4,0.04368729,13.68095
2018,12,25,5,0.04418421,13.78595
2018,12,25,6,0.04533723,14.0474
2018,12,25,7,0.04644751,14.29923
2018,12,26,0,0.05147566,15.46239
2018,12,26,1,0.05274142,15.76669
2018,12,26,2,0.04726859,14.51204
2018,12,26,3,0.04753541,14.58067
2018,12,26,4,0.04781687,14.65591
2018,12,26,5,0.04844846,14.80963
2018,12,26,6,0.04922027,14.97606
2018,12,26,7,0.04772616,14.6257
2018,12,27,0,0.04672905,14.38296
2018,12,27,1,0.04650276,14.31346
2018,12,27,2,0.04678101,14.35063
2018,12,27,3,0.04765557,14.53772
2018,12,27,4,0.05295526,15.7865
2018,12,27,5,0.05108516,15.39218
2018,12,27,6,0.04842063,14.79515
2018,12,27,7,0.04829931,14.77321
2018,12,28,0,0.04436147,13.78697
2018,12,28,1,0.03852116,12.32735
2018,12,28,2,0.03798222,12.19255
2018,12,28,3,0.03935957,12.54368
2018,12,28,4,0.03986194,12.68316
2018,12,28,5,0.04157833,13.11008
2018,12,28,6,0.04326383,13.51803
2018,12,28,7,0.04600888,14.17507
2018,12,29,0,0.04897972,14.87706
2018,12,29,1,0.05114544,15.38424
2018,12,29,2,0.0522457,15.63969
2018,12,29,3,0.05177263,15.52188
2018,12,29,4,0.07082951,20.11624
2018,12,29,5,0.08068009,22.52595
2018,12,29,6,0.04593521,14.13843
2018,12,29,7,0.0402152,12.72954
2018,12,30,0,0.04197041,13.1684
2018,12,30,1,0.04389793,13.62642
2018,12,30,2,0.04451067,13.75791
2018,12,30,3,0.04559633,14.01689
2018,12,30,4,0.04563102,14.01316
2018,12,30,5,0.04557409,14.00019
2018,12,30,6,0.04519648,13.93424
2018,12,30,7,0.04271753,13.35442
2018,12,31,0,0.04074057,12.85339
2018,12,31,1,0.03908224,12.42879
2018,12,31,2,0.03827176,12.21523
2018,12,31,3,0.03873434,12.32597
2018,12,31,4,0.04036998,12.73463
2018,12,31,5,0.04216666,13.20303
2018,12,31,6,0.0424435,13.28646
2018,12,31,7,0.04239164,13.28281
