####################################################################################################
# Month: 06Jun                                                                                     #
# Station: SGO                                                                                     #
# Frequency: 86 GHz                                                                                #
# Columns are: year    month   day     segment         tau     Tb (K)                              #
####################################################################################################
year,month,day,segment,tau,Tb
2009,06,1,0,0.04427614,13.81829
2009,06,1,1,0.0365031,11.85889
2009,06,1,2,0.03434942,11.31706
2009,06,1,3,0.03789101,12.20323
2009,06,1,4,0.03480901,11.39078
2009,06,1,5,0.03361409,11.07908
2009,06,1,6,0.0356575,11.60238
2009,06,1,7,0.03711389,11.97246
2009,06,2,0,0.03873583,12.378
2009,06,2,1,0.04019563,12.73922
2009,06,2,2,0.04219135,13.21986
2009,06,2,3,0.04541381,14.01007
2009,06,2,4,0.04583773,14.11425
2009,06,2,5,0.04341209,13.53043
2009,06,2,6,0.03938117,12.53621
2009,06,2,7,0.03656862,11.86128
2009,06,3,0,0.03765223,12.11528
2009,06,3,1,0.03582658,11.67291
2009,06,3,2,0.03542714,11.571
2009,06,3,3,0.03467383,11.38263
2009,06,3,4,0.03411694,11.24431
2009,06,3,5,0.03431237,11.29084
2009,06,3,6,0.0361208,11.71656
2009,06,3,7,0.03626554,11.75257
2009,06,4,0,0.03537,11.52551
2009,06,4,1,0.03362952,11.08666
2009,06,4,2,0.03749972,12.07614
2009,06,4,3,0.03287838,10.88737
2009,06,4,4,0.03117656,10.45158
2009,06,4,5,0.03035565,10.24589
2009,06,4,6,0.03073598,10.33368
2009,06,4,7,0.03164171,10.55341
2009,06,5,0,0.03055396,10.31219
2009,06,5,1,0.0293168,10.01759
2009,06,5,2,0.02910959,9.97717
2009,06,5,3,0.02858033,9.862215
2009,06,5,4,0.02852053,9.848349
2009,06,5,5,0.02924787,10.0251
2009,06,5,6,0.029331,10.04269
2009,06,5,7,0.02999005,10.21298
2009,06,6,0,0.02995376,10.20715
2009,06,6,1,0.02934498,10.04668
2009,06,6,2,0.02964973,10.11629
2009,06,6,3,0.0300471,10.20505
2009,06,6,4,0.03151739,10.56253
2009,06,6,5,0.03252135,10.80231
2009,06,6,6,0.03358548,11.05621
2009,06,6,7,0.03486304,11.36895
2009,06,7,0,0.03448696,11.2898
2009,06,7,1,0.03543429,11.53908
2009,06,7,2,0.03576761,11.6173
2009,06,7,3,0.03547089,11.53074
2009,06,7,4,0.03535864,11.50017
2009,06,7,5,0.0341354,11.20168
2009,06,7,6,0.03384517,11.10653
2009,06,7,7,0.03476577,11.32061
2009,06,8,0,0.03441565,11.2322
2009,06,8,1,0.03511874,11.38741
2009,06,8,2,0.03636739,11.67455
2009,06,8,3,0.03651821,11.72648
2009,06,8,4,0.03790986,12.0909
2009,06,8,5,0.03816224,12.18474
2009,06,8,6,0.03971895,12.56597
2009,06,8,7,0.04505453,13.85733
2009,06,9,0,0.04347165,13.49178
2009,06,9,1,0.04187769,13.10571
2009,06,9,2,0.03676815,11.87234
2009,06,9,3,0.03425033,11.25474
2009,06,9,4,0.0308938,10.41416
2009,06,9,5,0.03059796,10.32551
2009,06,9,6,0.03006667,10.18742
2009,06,9,7,0.03090169,10.3782
2009,06,10,0,0.03233018,10.73814
2009,06,10,1,0.03242862,10.76015
2009,06,10,2,0.03407366,11.16455
2009,06,10,3,0.0361147,11.68319
2009,06,10,4,0.03350632,11.05693
2009,06,10,5,0.02869931,9.828155
2009,06,10,6,0.02721144,9.454981
2009,06,10,7,0.02752561,9.527207
2009,06,11,0,0.02697952,9.382782
2009,06,11,1,0.02667399,9.30796
2009,06,11,2,0.02729144,9.470505
2009,06,11,3,0.0275877,9.555508
2009,06,11,4,0.02755911,9.552579
2009,06,11,5,0.02780797,9.622878
2009,06,11,6,0.02812417,9.713044
2009,06,11,7,0.02808041,9.70897
2009,06,12,0,0.02793272,9.676959
2009,06,12,1,0.02775996,9.639792
2009,06,12,2,0.02754946,9.588875
2009,06,12,3,0.02872624,9.866619
2009,06,12,4,0.02969179,10.11137
2009,06,12,5,0.02914405,10.00935
2009,06,12,6,0.02967314,10.15845
2009,06,12,7,0.03108097,10.51642
2009,06,13,0,0.03181277,10.70812
2009,06,13,1,0.03277234,10.9559
2009,06,13,2,0.03230549,10.84996
2009,06,13,3,0.03186611,10.72003
2009,06,13,4,0.0310716,10.49493
2009,06,13,5,0.03119332,10.52056
2009,06,13,6,0.03367257,11.14895
2009,06,13,7,0.03577396,11.66814
2009,06,14,0,0.03806307,12.20737
2009,06,14,1,0.03921719,12.48375
2009,06,14,2,0.03849776,12.25703
2009,06,14,3,0.04099528,12.81376
2009,06,14,4,0.04593528,14.10914
2009,06,14,5,0.05386414,16.10435
2009,06,14,6,0.07386904,20.86705
2009,06,14,7,0.08261192,22.85739
2009,06,15,0,0.09410615,25.32328
2009,06,15,1,0.08815814,23.85618
2009,06,15,2,0.05383356,15.803
2009,06,15,3,0.03888999,12.21249
2009,06,15,4,0.03187043,10.50494
2009,06,15,5,0.03189926,10.51765
2009,06,15,6,0.03352102,10.93509
2009,06,15,7,0.03534317,11.37839
2009,06,16,0,0.04216876,13.08145
2009,06,16,1,0.07087605,19.93479
2009,06,16,2,0.05990665,17.5203
2009,06,16,3,0.05279063,15.80124
2009,06,16,4,0.04644737,14.2308
2009,06,16,5,0.04405192,13.64047
2009,06,16,6,0.06523584,18.5385
2009,06,16,7,0.06730538,19.15325
2009,06,17,0,0.08873804,24.20322
2009,06,17,1,0.06433899,18.57899
2009,06,17,2,0.09294539,25.17191
2009,06,17,3,0.08716198,24.03404
2009,06,17,4,0.08539676,23.47694
2009,06,17,5,0.07129421,20.21153
2009,06,17,6,0.121879,31.8375
2009,06,17,7,0.1046671,27.99411
2009,06,18,0,0.1057099,28.24983
2009,06,18,1,0.1116799,29.52439
2009,06,18,2,0.07436946,21.16321
2009,06,18,3,0.1051777,28.36784
2009,06,18,4,0.100651,27.15357
2009,06,18,5,0.0967839,26.27363
2009,06,18,6,0.1224442,31.98332
2009,06,18,7,0.1026091,27.35192
2009,06,19,0,0.0951436,25.56597
2009,06,19,1,0.07299127,20.5375
2009,06,19,2,0.07959096,22.02943
2009,06,19,3,0.07246182,20.28578
2009,06,19,4,0.09227113,24.77883
2009,06,19,5,0.1134302,29.74721
2009,06,19,6,0.08840118,24.17647
2009,06,19,7,0.09324593,25.24239
2009,06,20,0,0.0855406,23.52031
2009,06,20,1,0.06746353,19.3236
2009,06,20,2,0.0537748,16.00051
2009,06,20,3,0.05599573,16.52103
2009,06,20,4,0.04474702,13.72561
2009,06,20,5,0.03854249,12.19163
2009,06,20,6,0.04447524,13.65638
2009,06,20,7,0.03709803,11.84063
2009,06,21,0,0.0380035,12.05426
2009,06,21,1,0.03223207,10.6217
2009,06,21,2,0.02918687,9.869079
2009,06,21,3,0.02847416,9.692033
2009,06,21,4,0.0286242,9.738656
2009,06,21,5,0.02919186,9.874507
2009,06,21,6,0.02977038,10.00666
2009,06,21,7,0.03005155,10.06644
2009,06,22,0,0.03081362,10.23209
2009,06,22,1,0.03071905,10.23542
2009,06,22,2,0.03129833,10.36581
2009,06,22,3,0.03212399,10.55706
2009,06,22,4,0.0337713,10.94751
2009,06,22,5,0.03581506,11.43499
2009,06,22,6,0.03497706,11.22727
2009,06,22,7,0.03399173,10.98106
2009,06,23,0,0.03165621,10.42623
2009,06,23,1,0.02989789,10.01143
2009,06,23,2,0.02963475,9.94493
2009,06,23,3,0.02972131,9.966063
2009,06,23,4,0.02980579,9.990534
2009,06,23,5,0.02978716,9.989915
2009,06,23,6,0.03046791,10.16689
2009,06,23,7,0.03211532,10.57865
2009,06,24,0,0.03081583,10.25904
2009,06,24,1,0.03066672,10.22803
2009,06,24,2,0.03056681,10.20424
2009,06,24,3,0.03005176,10.08361
2009,06,24,4,0.02917662,9.886165
2009,06,24,5,0.02924112,9.90988
2009,06,24,6,0.03011387,10.1132
2009,06,24,7,0.03102575,10.34439
2009,06,25,0,0.03225131,10.66389
2009,06,25,1,0.03417561,11.13344
2009,06,25,2,0.04354526,13.37376
2009,06,25,3,0.05513901,16.19516
2009,06,25,4,0.05799096,16.78513
2009,06,25,5,0.07536894,20.80187
2009,06,25,6,0.1018119,26.96743
2009,06,25,7,0.07208253,20.25943
2009,06,26,0,0.0580853,16.93973
2009,06,26,1,0.03938997,12.45091
2009,06,26,2,0.0386592,12.25815
2009,06,26,3,0.04605366,14.03058
2009,06,26,4,0.04230697,13.19233
2009,06,26,5,0.05847138,17.06274
2009,06,26,6,0.0606528,17.62896
2009,06,26,7,0.05099656,15.30617
2009,06,27,0,0.06714852,19.19399
2009,06,27,1,0.05782201,16.99287
2009,06,27,2,0.04876935,14.81362
2009,06,27,3,0.04817818,14.65998
2009,06,27,4,0.04533118,14.008
2009,06,27,5,0.04510103,13.96772
2009,06,27,6,0.04258162,13.31104
2009,06,27,7,0.04225002,13.19964
2009,06,28,0,0.04989672,14.98402
2009,06,28,1,0.08712921,23.81759
2009,06,28,2,0.09722128,26.04095
2009,06,28,3,0.1024459,27.11032
2009,06,28,4,0.09932117,26.43039
2009,06,28,5,0.1034237,27.33266
2009,06,28,6,0.09648731,25.77588
2009,06,28,7,0.09640784,25.63783
2009,06,29,0,0.109809,28.46309
2009,06,29,1,0.1038605,27.10338
2009,06,29,2,0.1858531,45.4194
2009,06,29,3,0.07444684,20.90857
2009,06,29,4,0.03318519,10.87796
2009,06,29,5,0.04234466,13.05876
2009,06,29,6,0.06330898,18.01671
2009,06,29,7,0.07014876,19.64937
2009,06,30,0,0.09760963,25.97997
2009,06,30,1,0.07689019,21.2183
2009,06,30,2,0.09688706,25.95009
2009,06,30,3,0.07204092,20.14479
2009,06,30,4,0.07886732,21.63901
2009,06,30,5,0.1031178,27.34541
2009,06,30,6,0.09309463,25.12056
2009,06,30,7,0.08198734,22.54294
2010,06,1,0,0.02855692,9.819281
2010,06,1,1,0.02962389,10.06145
2010,06,1,2,0.03058173,10.28197
2010,06,1,3,0.03096519,10.37181
2010,06,1,4,0.03254505,10.74622
2010,06,1,5,0.03319162,10.93109
2010,06,1,6,0.0333082,10.96409
2010,06,1,7,0.03368826,11.06108
2010,06,2,0,0.03283598,10.85154
2010,06,2,1,0.03231726,10.70818
2010,06,2,2,0.03372228,11.02584
2010,06,2,3,0.04249625,13.0655
2010,06,2,4,0.03602349,11.5668
2010,06,2,5,0.03506245,11.33654
2010,06,2,6,0.03624361,11.60665
2010,06,2,7,0.0403692,12.5689
2010,06,3,0,0.04027764,12.54463
2010,06,3,1,0.03971631,12.41517
2010,06,3,2,0.03531633,11.38314
2010,06,3,3,0.0332205,10.87561
2010,06,3,4,0.03122381,10.36048
2010,06,3,5,0.03214285,10.57682
2010,06,3,6,0.03376437,11.00195
2010,06,3,7,0.03165783,10.48751
2010,06,4,0,0.03283576,10.77936
2010,06,4,1,0.03672884,11.71581
2010,06,4,2,0.03713053,11.84581
2010,06,4,3,0.03550453,11.46643
2010,06,4,4,0.03248956,10.72435
2010,06,4,5,0.03188224,10.57597
2010,06,4,6,0.03369109,11.048
2010,06,4,7,0.03286996,10.86365
2010,06,5,0,0.03241451,10.75923
2010,06,5,1,0.03278248,10.84723
2010,06,5,2,0.03239013,10.74904
2010,06,5,3,0.03130884,10.50979
2010,06,5,4,0.03046011,10.32535
2010,06,5,5,0.0300571,10.23498
2010,06,5,6,0.03017944,10.26209
2010,06,5,7,0.02997674,10.21063
2010,06,6,0,0.02938183,10.06645
2010,06,6,1,0.02917289,10.01214
2010,06,6,2,0.02914755,10.00434
2010,06,6,3,0.02933345,10.04795
2010,06,6,4,0.02961721,10.11302
2010,06,6,5,0.02989577,10.18127
2010,06,6,6,0.03005857,10.21661
2010,06,6,7,0.02991638,10.16331
2010,06,7,0,0.03027215,10.24324
2010,06,7,1,0.030822,10.36674
2010,06,7,2,0.0300566,10.17902
2010,06,7,3,0.03028302,10.2161
2010,06,7,4,0.02992522,10.1296
2010,06,7,5,0.02932852,9.987285
2010,06,7,6,0.02917621,9.953616
2010,06,7,7,0.02920105,9.964401
2010,06,8,0,0.02909303,9.938628
2010,06,8,1,0.02926317,9.97484
2010,06,8,2,0.02936902,10.0177
2010,06,8,3,0.02810846,9.711477
2010,06,8,4,0.02855795,9.820161
2010,06,8,5,0.0293589,10.01023
2010,06,8,6,0.03049561,10.29095
2010,06,8,7,0.03096437,10.41429
2010,06,9,0,0.03092664,10.40248
2010,06,9,1,0.031333,10.50545
2010,06,9,2,0.03222267,10.71214
2010,06,9,3,0.03129535,10.44927
2010,06,9,4,0.03068222,10.28212
2010,06,9,5,0.0296734,10.06036
2010,06,9,6,0.03142108,10.48731
2010,06,9,7,0.03486313,11.31256
2010,06,10,0,0.03482645,11.32357
2010,06,10,1,0.03437515,11.22798
2010,06,10,2,0.03455665,11.27251
2010,06,10,3,0.04451152,13.5853
2010,06,10,4,0.05232818,15.47612
2010,06,10,5,0.04543881,13.90897
2010,06,10,6,0.03859103,12.26459
2010,06,10,7,0.04565382,13.9116
2010,06,11,0,0.05509502,16.11603
2010,06,11,1,0.03626665,11.65315
2010,06,11,2,0.03219866,10.65068
2010,06,11,3,0.0324581,10.70854
2010,06,11,4,0.03390303,11.087
2010,06,11,5,0.03328362,10.93493
2010,06,11,6,0.03233968,10.69028
2010,06,11,7,0.03079141,10.29814
2010,06,12,0,0.03151039,10.46965
2010,06,12,1,0.04092177,12.77473
2010,06,12,2,0.05086831,15.16301
2010,06,12,3,0.0322243,10.69046
2010,06,12,4,0.03007138,10.15435
2010,06,12,5,0.03125297,10.45945
2010,06,12,6,0.03032311,10.20998
2010,06,12,7,0.03056765,10.25578
2010,06,13,0,0.03192936,10.59179
2010,06,13,1,0.0330619,10.86948
2010,06,13,2,0.0313355,10.4544
2010,06,13,3,0.03125575,10.43775
2010,06,13,4,0.03243764,10.72262
2010,06,13,5,0.03399182,11.09723
2010,06,13,6,0.0323128,10.68757
2010,06,13,7,0.04589654,13.93103
2010,06,14,0,0.09594349,25.65779
2010,06,14,1,0.06608278,18.63411
2010,06,14,2,0.04769026,14.2941
2010,06,14,3,0.08434061,22.83698
2010,06,14,4,0.06568287,18.51271
2010,06,14,5,0.07509016,20.74346
2010,06,14,6,0.08224715,22.43477
2010,06,14,7,0.05895661,16.96026
2010,06,15,0,0.04959075,14.78373
2010,06,15,1,0.0461129,13.98173
2010,06,15,2,0.03475374,11.23997
2010,06,15,3,0.03003494,10.08089
2010,06,15,4,0.03098159,10.29762
2010,06,15,5,0.03302047,10.78522
2010,06,15,6,0.04725319,14.17928
2010,06,15,7,0.08199771,22.37621
2010,06,16,0,0.08516173,23.08648
2010,06,16,1,0.1048564,27.66933
2010,06,16,2,0.06871279,19.47975
2010,06,16,3,0.08964349,24.31943
2010,06,16,4,0.07388616,20.69609
2010,06,16,5,0.0593105,17.27121
2010,06,16,6,0.05274318,15.66741
2010,06,16,7,0.0374345,11.90738
2010,06,17,0,0.04376404,13.39974
2010,06,17,1,0.05858599,16.98011
2010,06,17,2,0.05798538,16.87235
2010,06,17,3,0.06246647,17.97995
2010,06,17,4,0.06928863,19.57988
2010,06,17,5,0.06122157,17.81767
2010,06,17,6,0.06915094,19.72239
2010,06,17,7,0.07727336,21.61691
2010,06,18,0,0.08219005,22.69823
2010,06,18,1,0.0600683,17.43258
2010,06,18,2,0.06419208,18.36305
2010,06,18,3,0.06216025,17.88169
2010,06,18,4,0.08228376,22.57882
2010,06,18,5,0.1043542,27.49025
2010,06,18,6,0.09338351,24.94231
2010,06,18,7,0.1335093,33.79437
2010,06,19,0,0.06816963,19.05033
2010,06,19,1,0.0506969,14.97591
2010,06,19,2,0.03570893,11.40346
2010,06,19,3,0.03186204,10.46532
2010,06,19,4,0.02931153,9.851831
2010,06,19,5,0.02808297,9.565041
2010,06,19,6,0.02791712,9.521327
2010,06,19,7,0.02758589,9.442762
2010,06,20,0,0.0275498,9.443701
2010,06,20,1,0.02817093,9.598671
2010,06,20,2,0.02902562,9.817152
2010,06,20,3,0.02786937,9.569332
2010,06,20,4,0.0265844,9.286815
2010,06,20,5,0.02662488,9.304561
2010,06,20,6,0.02952357,10.00862
2010,06,20,7,0.02958185,10.02377
2010,06,21,0,0.03059973,10.23017
2010,06,21,1,0.05009216,14.79956
2010,06,21,2,0.08237368,22.44544
2010,06,21,3,0.05494522,16.2143
2010,06,21,4,0.03266423,10.71308
2010,06,21,5,0.03076239,10.25545
2010,06,21,6,0.0636327,17.98583
2010,06,21,7,0.05575971,16.33163
2010,06,22,0,0.04281799,13.31857
2010,06,22,1,0.04033047,12.79281
2010,06,22,2,0.04619453,14.29651
2010,06,22,3,0.05965617,17.55478
2010,06,22,4,0.04541578,14.1
2010,06,22,5,0.0377828,12.1766
2010,06,22,6,0.04467633,13.90182
2010,06,22,7,0.0487462,14.88803
2010,06,23,0,0.04223195,13.29642
2010,06,23,1,0.03566759,11.66473
2010,06,23,2,0.03618356,11.80992
2010,06,23,3,0.03992765,12.72587
2010,06,23,4,0.03909988,12.48165
2010,06,23,5,0.04014115,12.69955
2010,06,23,6,0.06066448,17.4899
2010,06,23,7,0.07566264,21.03786
2010,06,24,0,0.09887867,26.44409
2010,06,24,1,0.06608803,18.82744
2010,06,24,2,0.05894428,17.14783
2010,06,24,3,0.03922367,12.36702
2010,06,24,4,0.03122711,10.39515
2010,06,24,5,0.02904504,9.866674
2010,06,24,6,0.02901441,9.847882
2010,06,24,7,0.02897825,9.838539
2010,06,25,0,0.0286989,9.790008
2010,06,25,1,0.02898273,9.87043
2010,06,25,2,0.02916454,9.929208
2010,06,25,3,0.03017039,10.17522
2010,06,25,4,0.03160646,10.54221
2010,06,25,5,0.03254687,10.80589
2010,06,25,6,0.03195506,10.67494
2010,06,25,7,0.03179893,10.63051
2010,06,26,0,0.0320136,10.68589
2010,06,26,1,0.03214009,10.71303
2010,06,26,2,0.03270867,10.84572
2010,06,26,3,0.03213534,10.68318
2010,06,26,4,0.03230926,10.70811
2010,06,26,5,0.03411906,11.15071
2010,06,26,6,0.04847983,14.58305
2010,06,26,7,0.03740614,11.89554
2010,06,27,0,0.03102498,10.3251
2010,06,27,1,0.02916008,9.871823
2010,06,27,2,0.02885622,9.809313
2010,06,27,3,0.02873298,9.795698
2010,06,27,4,0.0283701,9.722946
2010,06,27,5,0.02841127,9.737503
2010,06,27,6,0.0286884,9.802138
2010,06,27,7,0.03012196,10.16453
2010,06,28,0,0.03149399,10.55212
2010,06,28,1,0.03106159,10.47989
2010,06,28,2,0.02969438,10.14613
2010,06,28,3,0.02975292,10.17339
2010,06,28,4,0.03035101,10.34166
2010,06,28,5,0.03105876,10.52427
2010,06,28,6,0.03186864,10.72955
2010,06,28,7,0.03206086,10.77884
2010,06,29,0,0.03273023,10.94783
2010,06,29,1,0.03316512,11.0499
2010,06,29,2,0.03277781,10.96204
2010,06,29,3,0.03342946,11.13445
2010,06,29,4,0.03353439,11.14915
2010,06,29,5,0.03243304,10.84836
2010,06,29,6,0.03058865,10.38382
2010,06,29,7,0.03108611,10.49415
2010,06,30,0,0.03128392,10.54869
2010,06,30,1,0.03183577,10.67343
2010,06,30,2,0.03356705,11.09199
2010,06,30,3,0.03367768,11.1301
2010,06,30,4,0.03237814,10.81221
2010,06,30,5,0.03171496,10.65008
2010,06,30,6,0.03093036,10.45133
2010,06,30,7,0.02965313,10.14184
2011,06,1,0,0.0353244,11.53072
2011,06,1,1,0.03595109,11.68777
2011,06,1,2,0.03629091,11.77725
2011,06,1,3,0.03558811,11.60125
2011,06,1,4,0.03546272,11.56092
2011,06,1,5,0.03554271,11.56654
2011,06,1,6,0.03475224,11.34931
2011,06,1,7,0.03409978,11.17299
2011,06,2,0,0.03379187,11.09047
2011,06,2,1,0.0327616,10.83099
2011,06,2,2,0.0330226,10.88577
2011,06,2,3,0.03205872,10.6371
2011,06,2,4,0.03221657,10.66948
2011,06,2,5,0.03432805,11.18554
2011,06,2,6,0.0349814,11.34367
2011,06,2,7,0.03403046,11.12862
2011,06,3,0,0.03376825,11.05836
2011,06,3,1,0.0349211,11.32621
2011,06,3,2,0.0364649,11.69417
2011,06,3,3,0.03521889,11.41669
2011,06,3,4,0.03536234,11.46422
2011,06,3,5,0.03587401,11.59606
2011,06,3,6,0.03569239,11.58592
2011,06,3,7,0.03659749,11.83184
2011,06,4,0,0.03482509,11.39528
2011,06,4,1,0.03285714,10.89131
2011,06,4,2,0.03260005,10.82206
2011,06,4,3,0.03290678,10.91147
2011,06,4,4,0.03290442,10.8946
2011,06,4,5,0.03545455,11.50174
2011,06,4,6,0.03784641,12.08077
2011,06,4,7,0.03898872,12.36254
2011,06,5,0,0.04000423,12.60357
2011,06,5,1,0.04139313,12.90504
2011,06,5,2,0.04883419,14.65655
2011,06,5,3,0.06838609,19.24838
2011,06,5,4,0.07647625,21.14721
2011,06,5,5,0.08301146,22.63338
2011,06,5,6,0.1039419,27.3369
2011,06,5,7,0.07602236,20.93999
2011,06,6,0,0.04563744,13.83492
2011,06,6,1,0.06011045,17.18517
2011,06,6,2,0.06832631,19.23367
2011,06,6,3,0.07191159,20.0563
2011,06,6,4,0.05711837,16.61245
2011,06,6,5,0.04476447,13.68097
2011,06,6,6,0.04555502,13.90566
2011,06,6,7,0.03370247,11.0406
2011,06,7,0,0.03235408,10.72906
2011,06,7,1,0.03807703,12.1231
2011,06,7,2,0.0609618,17.79316
2011,06,7,3,0.05675985,16.71402
2011,06,7,4,0.05532751,16.38912
2011,06,7,5,0.09148222,24.76599
2011,06,7,6,0.07169283,20.21275
2011,06,7,7,0.07483904,21.06614
2011,06,8,0,0.04817562,14.60624
2011,06,8,1,0.03591147,11.54313
2011,06,8,2,0.03883673,12.23383
2011,06,8,3,0.03610437,11.57561
2011,06,8,4,0.0321488,10.60175
2011,06,8,5,0.04210151,13.08936
2011,06,8,6,0.03419006,11.12318
2011,06,8,7,0.03487567,11.32953
2011,06,9,0,0.0394161,12.45767
2011,06,9,1,0.05310072,15.7525
2011,06,9,2,0.06116692,17.65522
2011,06,9,3,0.05176548,15.51679
2011,06,9,4,0.04782364,14.60997
2011,06,9,5,0.04280865,13.39203
2011,06,9,6,0.05064645,15.29144
2011,06,9,7,0.03948668,12.53628
2011,06,10,0,0.03495328,11.471
2011,06,10,1,0.03086965,10.47713
2011,06,10,2,0.03027213,10.33195
2011,06,10,3,0.03056581,10.40759
2011,06,10,4,0.03178796,10.72067
2011,06,10,5,0.03297861,11.01639
2011,06,10,6,0.03370958,11.19143
2011,06,10,7,0.03356293,11.15405
2011,06,11,0,0.0337057,11.1843
2011,06,11,1,0.0342545,11.30091
2011,06,11,2,0.03373401,11.1738
2011,06,11,3,0.03260596,10.88668
2011,06,11,4,0.03218127,10.77546
2011,06,11,5,0.03226048,10.79052
2011,06,11,6,0.03317732,11.00646
2011,06,11,7,0.03405034,11.21131
2011,06,12,0,0.03458192,11.32307
2011,06,12,1,0.04346469,13.4923
2011,06,12,2,0.04528478,13.97115
2011,06,12,3,0.03028254,10.25476
2011,06,12,4,0.02839815,9.787724
2011,06,12,5,0.02877958,9.884253
2011,06,12,6,0.03013822,10.22613
2011,06,12,7,0.03043806,10.30976
2011,06,13,0,0.03026636,10.26508
2011,06,13,1,0.03143818,10.54589
2011,06,13,2,0.03073082,10.39732
2011,06,13,3,0.03052541,10.3658
2011,06,13,4,0.03062754,10.41302
2011,06,13,5,0.03026066,10.33349
2011,06,13,6,0.03016786,10.29684
2011,06,13,7,0.03051124,10.37208
2011,06,14,0,0.03105012,10.50496
2011,06,14,1,0.03043115,10.36399
2011,06,14,2,0.03069999,10.43217
2011,06,14,3,0.03096906,10.48522
2011,06,14,4,0.03217411,10.77544
2011,06,14,5,0.03344067,11.08421
2011,06,14,6,0.03361975,11.11816
2011,06,14,7,0.0337772,11.1356
2011,06,15,0,0.03507659,11.43125
2011,06,15,1,0.0334886,11.03093
2011,06,15,2,0.03279181,10.86682
2011,06,15,3,0.03303741,10.93325
2011,06,15,4,0.03229011,10.74038
2011,06,15,5,0.03269899,10.8343
2011,06,15,6,0.03430009,11.22215
2011,06,15,7,0.03545099,11.49539
2011,06,16,0,0.03392792,11.1107
2011,06,16,1,0.03259353,10.77507
2011,06,16,2,0.03238517,10.72063
2011,06,16,3,0.03479438,11.26738
2011,06,16,4,0.03606111,11.56794
2011,06,16,5,0.03526416,11.3686
2011,06,16,6,0.03466007,11.22552
2011,06,16,7,0.0334175,10.93672
2011,06,17,0,0.03408625,11.10965
2011,06,17,1,0.03333694,10.95181
2011,06,17,2,0.0333605,10.95442
2011,06,17,3,0.03412247,11.14527
2011,06,17,4,0.03380018,11.08109
2011,06,17,5,0.0349401,11.36697
2011,06,17,6,0.03520978,11.40669
2011,06,17,7,0.0356687,11.49141
2011,06,18,0,0.03577313,11.51581
2011,06,18,1,0.03604997,11.5626
2011,06,18,2,0.03572794,11.48053
2011,06,18,3,0.03648926,11.66089
2011,06,18,4,0.0532745,15.64757
2011,06,18,5,0.07709104,21.25176
2011,06,18,6,0.09971001,26.2948
2011,06,18,7,0.1254825,31.92364
2011,06,19,0,0.1224081,31.22358
2011,06,19,1,0.08941888,24.04981
2011,06,19,2,0.06552587,18.52209
2011,06,19,3,0.07437169,20.5571
2011,06,19,4,0.08321383,22.52909
2011,06,19,5,0.1192968,30.8379
2011,06,19,6,0.1398387,35.55637
2011,06,19,7,0.07495826,20.87205
2011,06,20,0,0.06911424,19.51891
2011,06,20,1,0.05022922,14.94514
2011,06,20,2,0.04667614,14.04846
2011,06,20,3,0.05950074,17.07168
2011,06,20,4,0.0630604,17.89959
2011,06,20,5,0.04733987,14.17621
2011,06,20,6,0.05214878,15.35378
2011,06,20,7,0.04307979,13.1952
2011,06,21,0,0.04106812,12.70406
2011,06,21,1,0.05433543,15.84794
2011,06,21,2,0.06871619,19.22374
2011,06,21,3,0.07052873,19.65925
2011,06,21,4,0.06790791,19.01288
2011,06,21,5,0.05790419,16.65828
2011,06,21,6,0.07156453,19.90371
2011,06,21,7,0.07451765,20.55288
2011,06,22,0,0.0508288,15.02188
2011,06,22,1,0.03972527,12.40171
2011,06,22,2,0.03453876,11.14443
2011,06,22,3,0.03795152,11.95158
2011,06,22,4,0.04164804,12.84823
2011,06,22,5,0.04506959,13.66905
2011,06,22,6,0.04798455,14.38675
2011,06,22,7,0.03778707,11.99218
2011,06,23,0,0.03130121,10.44734
2011,06,23,1,0.02931572,9.975573
2011,06,23,2,0.02880321,9.855202
2011,06,23,3,0.02911637,9.935176
2011,06,23,4,0.02968282,10.07281
2011,06,23,5,0.0304125,10.25441
2011,06,23,6,0.03143106,10.50092
2011,06,23,7,0.03226021,10.70064
2011,06,24,0,0.03207414,10.65012
2011,06,24,1,0.03095166,10.35545
2011,06,24,2,0.03207889,10.62656
2011,06,24,3,0.03017106,10.14513
2011,06,24,4,0.03036465,10.17438
2011,06,24,5,0.03009639,10.1061
2011,06,24,6,0.03018694,10.12266
2011,06,24,7,0.02978855,10.02645
2011,06,25,0,0.0297028,10.00464
2011,06,25,1,0.02866038,9.75248
2011,06,25,2,0.02781271,9.550516
2011,06,25,3,0.02734649,9.443787
2011,06,25,4,0.02722112,9.426774
2011,06,25,5,0.02718076,9.425285
2011,06,25,6,0.02745779,9.501354
2011,06,25,7,0.02765916,9.561216
2011,06,26,0,0.0277438,9.595635
2011,06,26,1,0.02775337,9.609279
2011,06,26,2,0.02778295,9.62068
2011,06,26,3,0.02787345,9.645328
2011,06,26,4,0.027917,9.655075
2011,06,26,5,0.02780722,9.625787
2011,06,26,6,0.02789756,9.642588
2011,06,26,7,0.02784053,9.622131
2011,06,27,0,0.02750963,9.539974
2011,06,27,1,0.02744283,9.518133
2011,06,27,2,0.02709889,9.421986
2011,06,27,3,0.02703843,9.403261
2011,06,27,4,0.02707119,9.409096
2011,06,27,5,0.0277115,9.572154
2011,06,27,6,0.02789727,9.6131
2011,06,27,7,0.02806666,9.653113
2011,06,28,0,0.02809811,9.6603
2011,06,28,1,0.02964042,10.04579
2011,06,28,2,0.03361652,11.02985
2011,06,28,3,0.03779721,12.04267
2011,06,28,4,0.03967072,12.49529
2011,06,28,5,0.04185933,13.05013
2011,06,28,6,0.03983258,12.51885
2011,06,28,7,0.03539156,11.41608
2011,06,29,0,0.0429814,13.28511
2011,06,29,1,0.04580257,13.99107
2011,06,29,2,0.04857896,14.68022
2011,06,29,3,0.05327288,15.81616
2011,06,29,4,0.05574153,16.37563
2011,06,29,5,0.06642405,18.85617
2011,06,29,6,0.08225738,22.57646
2011,06,29,7,0.08654681,23.483
2011,06,30,0,0.08903433,24.05819
2011,06,30,1,0.03894525,12.23475
2011,06,30,2,0.02943862,9.878167
2011,06,30,3,0.02881121,9.700678
2011,06,30,4,0.02884287,9.694933
2011,06,30,5,0.02878603,9.668033
2011,06,30,6,0.02899159,9.717666
2011,06,30,7,0.02937931,9.819456
2012,06,1,0,0.04685173,14.57837
2012,06,1,1,0.04757826,14.69624
2012,06,1,2,0.0452521,14.1112
2012,06,1,3,0.06132319,17.90217
2012,06,1,4,0.05481623,16.45988
2012,06,1,5,0.04836269,14.91037
2012,06,1,6,0.05593963,16.79873
2012,06,1,7,0.0621728,18.35171
2012,06,2,0,0.05638264,16.89183
2012,06,2,1,0.06465128,18.90346
2012,06,2,2,0.04818104,14.83402
2012,06,2,3,0.03771436,12.19077
2012,06,2,4,0.03303322,11.00019
2012,06,2,5,0.03206002,10.76797
2012,06,2,6,0.03139346,10.59143
2012,06,2,7,0.03145177,10.58002
2012,06,3,0,0.03237029,10.81492
2012,06,3,1,0.0335398,11.10319
2012,06,3,2,0.03578339,11.63856
2012,06,3,3,0.05396979,16.00989
2012,06,3,4,0.03635312,11.76696
2012,06,3,5,0.0362627,11.73642
2012,06,3,6,0.03509997,11.4206
2012,06,3,7,0.03006792,10.14584
2012,06,4,0,0.02885161,9.848345
2012,06,4,1,0.02737715,9.479549
2012,06,4,2,0.02747786,9.491933
2012,06,4,3,0.02767641,9.531782
2012,06,4,4,0.02750182,9.489851
2012,06,4,5,0.02759204,9.498863
2012,06,4,6,0.02852637,9.722478
2012,06,4,7,0.02926128,9.905348
2012,06,5,0,0.02925349,9.904759
2012,06,5,1,0.02923238,9.890941
2012,06,5,2,0.02874937,9.766748
2012,06,5,3,0.0277683,9.536146
2012,06,5,4,0.02707027,9.376226
2012,06,5,5,0.02815384,9.641338
2012,06,5,6,0.0312451,10.38046
2012,06,5,7,0.03157159,10.46888
2012,06,6,0,0.02726934,9.400108
2012,06,6,1,0.02727471,9.391803
2012,06,6,2,0.02712243,9.365678
2012,06,6,3,0.02781499,9.529382
2012,06,6,4,0.02811975,9.597337
2012,06,6,5,0.02783495,9.545947
2012,06,6,6,0.02776029,9.546482
2012,06,6,7,0.02765541,9.543784
2012,06,7,0,0.0278334,9.59291
2012,06,7,1,0.02783356,9.600777
2012,06,7,2,0.02810908,9.660482
2012,06,7,3,0.02860099,9.774082
2012,06,7,4,0.02941265,9.975201
2012,06,7,5,0.02994363,10.13573
2012,06,7,6,0.03062878,10.33186
2012,06,7,7,0.03029813,10.243
2012,06,8,0,0.03055701,10.30216
2012,06,8,1,0.03078019,10.34911
2012,06,8,2,0.0317758,10.59315
2012,06,8,3,0.03321624,10.9431
2012,06,8,4,0.03347558,11.00013
2012,06,8,5,0.03256979,10.78735
2012,06,8,6,0.03361663,11.05375
2012,06,8,7,0.03432789,11.24924
2012,06,9,0,0.03628592,11.7322
2012,06,9,1,0.04005296,12.62333
2012,06,9,2,0.03842434,12.2161
2012,06,9,3,0.03439164,11.21636
2012,06,9,4,0.03374638,11.06747
2012,06,9,5,0.03971815,12.53573
2012,06,9,6,0.04362949,13.46947
2012,06,9,7,0.04399816,13.54341
2012,06,10,0,0.04158141,12.93754
2012,06,10,1,0.04034353,12.63717
2012,06,10,2,0.0396517,12.48812
2012,06,10,3,0.03680998,11.81144
2012,06,10,4,0.03988884,12.5201
2012,06,10,5,0.04295529,13.2793
2012,06,10,6,0.05111592,15.28427
2012,06,10,7,0.04828668,14.57439
2012,06,11,0,0.05197444,15.42945
2012,06,11,1,0.05531298,16.20974
2012,06,11,2,0.05405159,15.9274
2012,06,11,3,0.04416406,13.62171
2012,06,11,4,0.03870211,12.32656
2012,06,11,5,0.03788814,12.12003
2012,06,11,6,0.03656431,11.79505
2012,06,11,7,0.04620852,14.04648
2012,06,12,0,0.04936369,14.84143
2012,06,12,1,0.05306957,15.72617
2012,06,12,2,0.06410637,18.33349
2012,06,12,3,0.07195684,20.37849
2012,06,12,4,0.04962865,15.00764
2012,06,12,5,0.06357824,18.38297
2012,06,12,6,0.07325105,20.67105
2012,06,12,7,0.09664781,26.10054
2012,06,13,0,0.09814457,26.32658
2012,06,13,1,0.09294756,25.19337
2012,06,13,2,0.09372488,25.28505
2012,06,13,3,0.09475644,25.50257
2012,06,13,4,0.1047502,27.80423
2012,06,13,5,0.08926848,24.35022
2012,06,13,6,0.07850343,21.86001
2012,06,13,7,0.084638,23.20972
2012,06,14,0,0.0751036,21.11278
2012,06,14,1,0.04361585,13.50357
2012,06,14,2,0.03576661,11.55721
2012,06,14,3,0.03407619,11.15222
2012,06,14,4,0.03949797,12.43071
2012,06,14,5,0.0442,13.55098
2012,06,14,6,0.04684392,14.18764
2012,06,14,7,0.04053617,12.7398
2012,06,15,0,0.0410214,12.84896
2012,06,15,1,0.04308789,13.33326
2012,06,15,2,0.04210549,13.11768
2012,06,15,3,0.04527989,13.87257
2012,06,15,4,0.04302562,13.31988
2012,06,15,5,0.04548242,13.94491
2012,06,15,6,0.04638795,14.15606
2012,06,15,7,0.0799225,21.90179
2012,06,16,0,0.05715574,16.83747
2012,06,16,1,0.05815902,17.0484
2012,06,16,2,0.04886484,14.83224
2012,06,16,3,0.0482147,14.6622
2012,06,16,4,0.05992236,17.46041
2012,06,16,5,0.09662854,26.07027
2012,06,16,6,0.1204042,31.2321
2012,06,16,7,0.09971315,26.69904
2012,06,17,0,0.09436554,25.44161
2012,06,17,1,0.1001787,26.61616
2012,06,17,2,0.092352,24.65814
2012,06,17,3,0.07376323,20.5708
2012,06,17,4,0.1100235,28.74305
2012,06,17,5,0.1012738,26.77012
2012,06,17,6,0.1380662,34.84035
2012,06,17,7,0.1486038,37.32468
2012,06,18,0,0.1336884,34.29006
2012,06,18,1,0.08663382,23.74399
2012,06,18,2,0.06686828,19.08527
2012,06,18,3,0.04990397,14.9746
2012,06,18,4,0.04215983,13.08533
2012,06,18,5,0.0401047,12.58458
2012,06,18,6,0.06371096,18.25598
2012,06,18,7,0.04637698,14.1008
2012,06,19,0,0.03501272,11.31784
2012,06,19,1,0.03362994,10.97531
2012,06,19,2,0.03427312,11.13721
2012,06,19,3,0.03468448,11.23711
2012,06,19,4,0.03435339,11.13761
2012,06,19,5,0.03642389,11.65445
2012,06,19,6,0.04266445,13.17641
2012,06,19,7,0.03829382,12.0839
2012,06,20,0,0.03448097,11.1738
2012,06,20,1,0.03374295,10.98968
2012,06,20,2,0.03417312,11.09807
2012,06,20,3,0.03754011,11.90011
2012,06,20,4,0.043282,13.31881
2012,06,20,5,0.06813448,19.18872
2012,06,20,6,0.08748364,23.77181
2012,06,20,7,0.0590995,17.08484
2012,06,21,0,0.03690522,11.70095
2012,06,21,1,0.0415931,12.84698
2012,06,21,2,0.03000684,10.06991
2012,06,21,3,0.03746076,11.9369
2012,06,21,4,0.05186322,15.49613
2012,06,21,5,0.04647318,14.18171
2012,06,21,6,0.04105561,12.85328
2012,06,21,7,0.03240483,10.74546
2012,06,22,0,0.03048103,10.28777
2012,06,22,1,0.03014248,10.18942
2012,06,22,2,0.03486676,11.35667
2012,06,22,3,0.03801945,12.17804
2012,06,22,4,0.04147851,13.04834
2012,06,22,5,0.04298938,13.39372
2012,06,22,6,0.04004283,12.66916
2012,06,22,7,0.03401495,11.18499
2012,06,23,0,0.029585,10.07256
2012,06,23,1,0.03033088,10.25473
2012,06,23,2,0.03032883,10.27214
2012,06,23,3,0.02929767,10.02075
2012,06,23,4,0.02926301,10.01655
2012,06,23,5,0.02922081,10.02004
2012,06,23,6,0.02932036,10.0587
2012,06,23,7,0.02923805,10.04436
2012,06,24,0,0.02936374,10.07551
2012,06,24,1,0.03009393,10.261
2012,06,24,2,0.03021502,10.28677
2012,06,24,3,0.03016696,10.26819
2012,06,24,4,0.02936725,10.05801
2012,06,24,5,0.02943128,10.05975
2012,06,24,6,0.03019023,10.24776
2012,06,24,7,0.03016872,10.26174
2012,06,25,0,0.03119324,10.52493
2012,06,25,1,0.03198083,10.72267
2012,06,25,2,0.03165806,10.65591
2012,06,25,3,0.03129414,10.58024
2012,06,25,4,0.03094966,10.49508
2012,06,25,5,0.03051329,10.38486
2012,06,25,6,0.03059981,10.41076
2012,06,25,7,0.03059792,10.41637
2012,06,26,0,0.03039935,10.36408
2012,06,26,1,0.03003918,10.27321
2012,06,26,2,0.0299123,10.2428
2012,06,26,3,0.03005398,10.274
2012,06,26,4,0.03290476,10.97284
2012,06,26,5,0.04218968,13.25452
2012,06,26,6,0.04538521,14.01236
2012,06,26,7,0.04684804,14.33829
2012,06,27,0,0.0391802,12.5307
2012,06,27,1,0.04097061,12.95647
2012,06,27,2,0.04223206,13.29102
2012,06,27,3,0.04228837,13.29847
2012,06,27,4,0.05361109,15.9615
2012,06,27,5,0.05738018,16.90595
2012,06,27,6,0.06991058,19.8201
2012,06,27,7,0.05851647,17.21615
2012,06,28,0,0.05576151,16.48446
2012,06,28,1,0.05770399,16.89605
2012,06,28,2,0.06753982,19.20399
2012,06,28,3,0.09312687,25.20304
2012,06,28,4,0.09840567,26.39963
2012,06,28,5,0.1102513,29.16783
2012,06,28,6,0.1317983,34.03188
2012,06,28,7,0.1356279,34.84963
2012,06,29,0,0.1042057,28.02443
2012,06,29,1,0.09652433,26.25531
2012,06,29,2,0.08764681,24.23882
2012,06,29,3,0.07949619,22.37699
2012,06,29,4,0.04743486,14.56421
2012,06,29,5,0.06571756,19.11989
2012,06,29,6,0.0697075,20.03232
2012,06,29,7,0.05702112,16.89119
2012,06,30,0,0.06541945,18.82906
2012,06,30,1,0.06758403,19.38704
2012,06,30,2,0.08607512,23.77857
2012,06,30,3,0.07722937,21.73021
2012,06,30,4,0.07274312,20.70071
2012,06,30,5,0.06524592,18.8435
2012,06,30,6,0.08476116,23.44086
2012,06,30,7,0.08579042,23.55973
2013,06,1,0,0.040318,12.62011
2013,06,1,1,0.04844517,14.59733
2013,06,1,2,0.1020437,27.13991
2013,06,1,3,0.09753014,26.35578
2013,06,1,4,0.04374269,13.58333
2013,06,1,5,0.0298971,10.11764
2013,06,1,6,0.03042158,10.23363
2013,06,1,7,0.03168638,10.54905
2013,06,2,0,0.03682641,11.81254
2013,06,2,1,0.04128734,12.91182
2013,06,2,2,0.09002808,24.37326
2013,06,2,3,0.0521137,15.60184
2013,06,2,4,0.05060131,15.2862
2013,06,2,5,0.04662084,14.3511
2013,06,2,6,0.04656466,14.34524
2013,06,2,7,0.04420024,13.80849
2013,06,3,0,0.04079977,12.98148
2013,06,3,1,0.03782486,12.23365
2013,06,3,2,0.0365173,11.89272
2013,06,3,3,0.03316057,11.04864
2013,06,3,4,0.03193014,10.75297
2013,06,3,5,0.03160482,10.68252
2013,06,3,6,0.0323275,10.86253
2013,06,3,7,0.03288631,11.00011
2013,06,4,0,0.03298015,11.0314
2013,06,4,1,0.0363902,11.91556
2013,06,4,2,0.03809973,12.35166
2013,06,4,3,0.03601579,11.82211
2013,06,4,4,0.03791379,12.3175
2013,06,4,5,0.03800246,12.34223
2013,06,4,6,0.03465357,11.47778
2013,06,4,7,0.03510038,11.60269
2013,06,5,0,0.03931619,12.6862
2013,06,5,1,0.04235058,13.3937
2013,06,5,2,0.03994277,12.79345
2013,06,5,3,0.03818498,12.33356
2013,06,5,4,0.03640315,11.88312
2013,06,5,5,0.03960651,12.69242
2013,06,5,6,0.03907103,12.55037
2013,06,5,7,0.03688397,12.0114
2013,06,6,0,0.03496189,11.50472
2013,06,6,1,0.0347252,11.43045
2013,06,6,2,0.03255755,10.90495
2013,06,6,3,0.03004865,10.29206
2013,06,6,4,0.02946019,10.12871
2013,06,6,5,0.02959803,10.15077
2013,06,6,6,0.02889595,9.973804
2013,06,6,7,0.02859442,9.895502
2013,06,7,0,0.02886823,9.955288
2013,06,7,1,0.0291432,10.01801
2013,06,7,2,0.03017993,10.27258
2013,06,7,3,0.03033941,10.30247
2013,06,7,4,0.03027338,10.27679
2013,06,7,5,0.03021357,10.25373
2013,06,7,6,0.03016076,10.24476
2013,06,7,7,0.03030842,10.28646
2013,06,8,0,0.03369587,11.15598
2013,06,8,1,0.0321441,10.7543
2013,06,8,2,0.03138787,10.57104
2013,06,8,3,0.03126112,10.54277
2013,06,8,4,0.02868699,9.882774
2013,06,8,5,0.02936956,10.04811
2013,06,8,6,0.03115122,10.48269
2013,06,8,7,0.03207974,10.6968
2013,06,9,0,0.03347131,11.02333
2013,06,9,1,0.03362368,11.05783
2013,06,9,2,0.03171595,10.60392
2013,06,9,3,0.03113958,10.46377
2013,06,9,4,0.03092381,10.39119
2013,06,9,5,0.03104812,10.4273
2013,06,9,6,0.0322353,10.73702
2013,06,9,7,0.03201335,10.69672
2013,06,10,0,0.03076783,10.38675
2013,06,10,1,0.03083491,10.40247
2013,06,10,2,0.03133918,10.5344
2013,06,10,3,0.03137799,10.54801
2013,06,10,4,0.03102256,10.45306
2013,06,10,5,0.03171147,10.6335
2013,06,10,6,0.03567388,11.65047
2013,06,10,7,0.03744109,12.09217
2013,06,11,0,0.03463511,11.38063
2013,06,11,1,0.03438364,11.31121
2013,06,11,2,0.03480379,11.42555
2013,06,11,3,0.03393992,11.21876
2013,06,11,4,0.03237307,10.83188
2013,06,11,5,0.03039273,10.34076
2013,06,11,6,0.02978187,10.19074
2013,06,11,7,0.02943529,10.10312
2013,06,12,0,0.02865421,9.896441
2013,06,12,1,0.02857349,9.870569
2013,06,12,2,0.02849697,9.85962
2013,06,12,3,0.02892964,9.964921
2013,06,12,4,0.02896701,9.974299
2013,06,12,5,0.02908921,10.0112
2013,06,12,6,0.03011638,10.27778
2013,06,12,7,0.0294922,10.12028
2013,06,13,0,0.02881198,9.941463
2013,06,13,1,0.02893955,9.970061
2013,06,13,2,0.02936295,10.07765
2013,06,13,3,0.03043616,10.34844
2013,06,13,4,0.03203014,10.75431
2013,06,13,5,0.03476304,11.45714
2013,06,13,6,0.03829783,12.35024
2013,06,13,7,0.04104689,13.03584
2013,06,14,0,0.03780804,12.2086
2013,06,14,1,0.03943015,12.59767
2013,06,14,2,0.04142799,13.1049
2013,06,14,3,0.03834931,12.35324
2013,06,14,4,0.03683666,11.97663
2013,06,14,5,0.03636533,11.86501
2013,06,14,6,0.03721536,12.0815
2013,06,14,7,0.03648569,11.87404
2013,06,15,0,0.03616118,11.79429
2013,06,15,1,0.03634731,11.82465
2013,06,15,2,0.03766695,12.16067
2013,06,15,3,0.0387159,12.41297
2013,06,15,4,0.03914421,12.50691
2013,06,15,5,0.04091561,12.93142
2013,06,15,6,0.04179871,13.14493
2013,06,15,7,0.04239904,13.26519
2013,06,16,0,0.04368559,13.59501
2013,06,16,1,0.04566544,14.05745
2013,06,16,2,0.04376389,13.55265
2013,06,16,3,0.03940389,12.48256
2013,06,16,4,0.03518449,11.43612
2013,06,16,5,0.03444482,11.22368
2013,06,16,6,0.03461509,11.25897
2013,06,16,7,0.03495561,11.34123
2013,06,17,0,0.03479949,11.30451
2013,06,17,1,0.03467964,11.26932
2013,06,17,2,0.03250691,10.73825
2013,06,17,3,0.03179981,10.54919
2013,06,17,4,0.03146467,10.46271
2013,06,17,5,0.03012524,10.14049
2013,06,17,6,0.02929051,9.926815
2013,06,17,7,0.02936363,9.928605
2013,06,18,0,0.02971197,10.01287
2013,06,18,1,0.03022969,10.1304
2013,06,18,2,0.03172541,10.48707
2013,06,18,3,0.03555606,11.41945
2013,06,18,4,0.0329186,10.76734
2013,06,18,5,0.03126752,10.34861
2013,06,18,6,0.03198279,10.51854
2013,06,18,7,0.03366722,10.91689
2013,06,19,0,0.03481376,11.18397
2013,06,19,1,0.03553469,11.37067
2013,06,19,2,0.03526212,11.31114
2013,06,19,3,0.03538263,11.33556
2013,06,19,4,0.03540531,11.33589
2013,06,19,5,0.03596206,11.47106
2013,06,19,6,0.03796405,11.94174
2013,06,19,7,0.03669454,11.6461
2013,06,20,0,0.03525487,11.30716
2013,06,20,1,0.03553319,11.38469
2013,06,20,2,0.03666744,11.67423
2013,06,20,3,0.03744046,11.86748
2013,06,20,4,0.0360006,11.52432
2013,06,20,5,0.03317898,10.84267
2013,06,20,6,0.03167305,10.49037
2013,06,20,7,0.03124814,10.40043
2013,06,21,0,0.03216468,10.63514
2013,06,21,1,0.03579885,11.53838
2013,06,21,2,0.03839251,12.2034
2013,06,21,3,0.03797349,12.09508
2013,06,21,4,0.04345407,13.45866
2013,06,21,5,0.04678278,14.30125
2013,06,21,6,0.04816173,14.64067
2013,06,21,7,0.07502649,20.99315
2013,06,22,0,0.07034429,19.9396
2013,06,22,1,0.07860215,21.87329
2013,06,22,2,0.0793558,21.93407
2013,06,22,3,0.09647988,25.87204
2013,06,22,4,0.1065887,28.20134
2013,06,22,5,0.1088753,28.71612
2013,06,22,6,0.08862537,24.11247
2013,06,22,7,0.0722603,20.35916
2013,06,23,0,0.04852986,14.67508
2013,06,23,1,0.04314515,13.35817
2013,06,23,2,0.05090634,15.24725
2013,06,23,3,0.04701242,14.25593
2013,06,23,4,0.04525945,13.83852
2013,06,23,5,0.07524339,20.88782
2013,06,23,6,0.09130042,24.36071
2013,06,23,7,0.07831008,21.55756
2013,06,24,0,0.05705553,16.79862
2013,06,24,1,0.03695142,11.84982
2013,06,24,2,0.03869148,12.28257
2013,06,24,3,0.03720172,11.89825
2013,06,24,4,0.03647149,11.73057
2013,06,24,5,0.03634,11.69609
2013,06,24,6,0.03735973,11.9173
2013,06,24,7,0.0352935,11.38849
2013,06,25,0,0.03434512,11.1835
2013,06,25,1,0.03359673,11.02487
2013,06,25,2,0.03296154,10.87822
2013,06,25,3,0.03240758,10.75446
2013,06,25,4,0.03228188,10.73766
2013,06,25,5,0.03194283,10.66026
2013,06,25,6,0.03193766,10.6595
2013,06,25,7,0.03166796,10.59195
2013,06,26,0,0.03230359,10.74123
2013,06,26,1,0.03354783,11.04244
2013,06,26,2,0.03941013,12.44813
2013,06,26,3,0.05566083,16.37671
2013,06,26,4,0.05563538,16.47336
2013,06,26,5,0.08447491,23.20259
2013,06,26,6,0.06204558,18.10261
2013,06,26,7,0.0722128,20.57338
2013,06,27,0,0.06966077,19.84274
2013,06,27,1,0.1391329,35.69151
2013,06,27,2,0.1338184,34.47848
2013,06,27,3,0.11546,30.54105
2013,06,27,4,0.07893427,22.08559
2013,06,27,5,0.09031314,24.68711
2013,06,27,6,0.07899325,22.0333
2013,06,27,7,0.07309326,20.68191
2013,06,28,0,0.06972026,19.82969
2013,06,28,1,0.08507219,23.28244
2013,06,28,2,0.1407168,35.40287
2013,06,28,3,0.1600491,39.82909
2013,06,28,4,0.1093688,28.50408
2013,06,28,5,0.1192993,30.67357
2013,06,28,6,0.08989415,24.21121
2013,06,28,7,0.06692245,18.97542
2013,06,29,0,0.04104685,12.84182
2013,06,29,1,0.03809629,12.11033
2013,06,29,2,0.03073124,10.26251
2013,06,29,3,0.03132052,10.39869
2013,06,29,4,0.03319627,10.85672
2013,06,29,5,0.03449358,11.15635
2013,06,29,6,0.04505417,13.63977
2013,06,29,7,0.03768213,11.90437
2013,06,30,0,0.03217177,10.57168
2013,06,30,1,0.02996191,10.0182
2013,06,30,2,0.03186525,10.47591
2013,06,30,3,0.03430741,11.06974
2013,06,30,4,0.03412523,11.05381
2013,06,30,5,0.03510843,11.31136
2013,06,30,6,0.03724757,11.82303
2013,06,30,7,0.03623398,11.62644
2014,06,1,0,0.03194919,10.5732
2014,06,1,1,0.0315883,10.49696
2014,06,1,2,0.03146057,10.48061
2014,06,1,3,0.03349662,10.99516
2014,06,1,4,0.03490457,11.35295
2014,06,1,5,0.03451651,11.27539
2014,06,1,6,0.03156449,10.56193
2014,06,1,7,0.03055478,10.31391
2014,06,2,0,0.02863699,9.836321
2014,06,2,1,0.02937385,10.0357
2014,06,2,2,0.03169731,10.58139
2014,06,2,3,0.03640897,11.72941
2014,06,2,4,0.04318988,13.33284
2014,06,2,5,0.04039918,12.69233
2014,06,2,6,0.0340319,11.12723
2014,06,2,7,0.04147882,12.85195
2014,06,3,0,0.04233582,13.05422
2014,06,3,1,0.03391947,11.11121
2014,06,3,2,0.0322717,10.75038
2014,06,3,3,0.03271396,10.86708
2014,06,3,4,0.03281845,10.87652
2014,06,3,5,0.03513143,11.41958
2014,06,3,6,0.07726743,21.48883
2014,06,3,7,0.09672695,26.06394
2014,06,4,0,0.06326003,18.13379
2014,06,4,1,0.06729302,19.05969
2014,06,4,2,0.0731206,20.41092
2014,06,4,3,0.04083711,12.71643
2014,06,4,4,0.0405182,12.65054
2014,06,4,5,0.03141256,10.43571
2014,06,4,6,0.03688053,11.77771
2014,06,4,7,0.03615736,11.60051
2014,06,5,0,0.02908675,9.852463
2014,06,5,1,0.02913287,9.850196
2014,06,5,2,0.03007041,10.0783
2014,06,5,3,0.03059597,10.20127
2014,06,5,4,0.03156248,10.43027
2014,06,5,5,0.03052085,10.17193
2014,06,5,6,0.03048867,10.1548
2014,06,5,7,0.0307573,10.22218
2014,06,6,0,0.03090513,10.26413
2014,06,6,1,0.03219575,10.55751
2014,06,6,2,0.03275171,10.67374
2014,06,6,3,0.03111374,10.28022
2014,06,6,4,0.03163453,10.38937
2014,06,6,5,0.03277709,10.64749
2014,06,6,6,0.04618642,13.87992
2014,06,6,7,0.06412827,18.12558
2014,06,7,0,0.06085868,17.31326
2014,06,7,1,0.07100695,19.70606
2014,06,7,2,0.06580691,18.48445
2014,06,7,3,0.08231473,22.18218
2014,06,7,4,0.08630702,23.14467
2014,06,7,5,0.09678702,25.58749
2014,06,7,6,0.08021049,21.74233
2014,06,7,7,0.06789665,18.94306
2014,06,8,0,0.04070467,12.54395
2014,06,8,1,0.03561502,11.32438
2014,06,8,2,0.0532859,15.50413
2014,06,8,3,0.08915641,23.8986
2014,06,8,4,0.07891027,21.55819
2014,06,8,5,0.08780495,23.65162
2014,06,8,6,0.08757309,23.66126
2014,06,8,7,0.04811415,14.53564
2014,06,9,0,0.04109424,12.86525
2014,06,9,1,0.03788454,12.10593
2014,06,9,2,0.03362395,11.04883
2014,06,9,3,0.03128887,10.46329
2014,06,9,4,0.03014377,10.17486
2014,06,9,5,0.02953158,10.02365
2014,06,9,6,0.02943961,10.00344
2014,06,9,7,0.02976683,10.08637
2014,06,10,0,0.02974137,10.08113
2014,06,10,1,0.03082554,10.34142
2014,06,10,2,0.03141409,10.47992
2014,06,10,3,0.03251924,10.73701
2014,06,10,4,0.03133497,10.4618
2014,06,10,5,0.03268563,10.7834
2014,06,10,6,0.03543176,11.46996
2014,06,10,7,0.03767752,12.02561
2014,06,11,0,0.0532545,15.64443
2014,06,11,1,0.0431762,13.31693
2014,06,11,2,0.05910188,17.04005
2014,06,11,3,0.08182323,22.27593
2014,06,11,4,0.09359439,24.98615
2014,06,11,5,0.08991764,24.24788
2014,06,11,6,0.0810132,22.23231
2014,06,11,7,0.09116401,24.54287
2014,06,12,0,0.09059864,24.378
2014,06,12,1,0.08602459,23.24145
2014,06,12,2,0.07161851,19.80609
2014,06,12,3,0.04983291,14.7328
2014,06,12,4,0.05122658,15.05832
2014,06,12,5,0.05535776,16.03903
2014,06,12,6,0.07945022,21.5917
2014,06,12,7,0.05441941,15.83106
2014,06,13,0,0.0330704,10.76378
2014,06,13,1,0.03129478,10.32639
2014,06,13,2,0.03659812,11.60723
2014,06,13,3,0.03596673,11.47803
2014,06,13,4,0.03410235,11.04738
2014,06,13,5,0.03545182,11.36828
2014,06,13,6,0.03679379,11.69314
2014,06,13,7,0.03718305,11.81215
2014,06,14,0,0.0391767,12.34939
2014,06,14,1,0.04555646,13.90557
2014,06,14,2,0.04549951,13.94972
2014,06,14,3,0.04428801,13.68251
2014,06,14,4,0.04159652,12.96499
2014,06,14,5,0.03978103,12.58188
2014,06,14,6,0.04536973,13.9435
2014,06,14,7,0.04631339,14.24087
2014,06,15,0,0.04309776,13.483
2014,06,15,1,0.04439412,13.84239
2014,06,15,2,0.04382987,13.67728
2014,06,15,3,0.04387052,13.66609
2014,06,15,4,0.04562892,14.10957
2014,06,15,5,0.04118787,12.97108
2014,06,15,6,0.04211049,13.19249
2014,06,15,7,0.0433467,13.5088
2014,06,16,0,0.04615553,14.20895
2014,06,16,1,0.04465149,13.8587
2014,06,16,2,0.04465481,13.85924
2014,06,16,3,0.04491448,13.9203
2014,06,16,4,0.04227226,13.28278
2014,06,16,5,0.03738068,12.09189
2014,06,16,6,0.03588043,11.72354
2014,06,16,7,0.03526453,11.58319
2014,06,17,0,0.03481251,11.47955
2014,06,17,1,0.03563396,11.67662
2014,06,17,2,0.03357548,11.12684
2014,06,17,3,0.03030093,10.31883
2014,06,17,4,0.0315449,10.65584
2014,06,17,5,0.03226106,10.84321
2014,06,17,6,0.03271105,10.95423
2014,06,17,7,0.0336877,11.21113
2014,06,18,0,0.03436026,11.38514
2014,06,18,1,0.03364251,11.20938
2014,06,18,2,0.03281792,11.00926
2014,06,18,3,0.03224253,10.85868
2014,06,18,4,0.03141348,10.64167
2014,06,18,5,0.0302844,10.35429
2014,06,18,6,0.02949575,10.1534
2014,06,18,7,0.02905106,10.03707
2014,06,19,0,0.0284556,9.885183
2014,06,19,1,0.02815813,9.806401
2014,06,19,2,0.0279887,9.762088
2014,06,19,3,0.02742406,9.612659
2014,06,19,4,0.02744427,9.613907
2014,06,19,5,0.02773389,9.681441
2014,06,19,6,0.0278374,9.696573
2014,06,19,7,0.0275301,9.615809
2014,06,20,0,0.02764282,9.642102
2014,06,20,1,0.0286221,9.882988
2014,06,20,2,0.02918873,10.01913
2014,06,20,3,0.03039397,10.30611
2014,06,20,4,0.03209512,10.7338
2014,06,20,5,0.03283992,10.90524
2014,06,20,6,0.03445837,11.29254
2014,06,20,7,0.03653026,11.79114
2014,06,21,0,0.03812097,12.18918
2014,06,21,1,0.03829131,12.2357
2014,06,21,2,0.03910314,12.44513
2014,06,21,3,0.03883245,12.37861
2014,06,21,4,0.03699672,11.90768
2014,06,21,5,0.03642835,11.74985
2014,06,21,6,0.03863239,12.25494
2014,06,21,7,0.03766264,12.0295
2014,06,22,0,0.03593463,11.61412
2014,06,22,1,0.03408782,11.15471
2014,06,22,2,0.03235855,10.69795
2014,06,22,3,0.03398559,11.06307
2014,06,22,4,0.03659529,11.68951
2014,06,22,5,0.03468876,11.23912
2014,06,22,6,0.04009704,12.51487
2014,06,22,7,0.05694613,16.51591
2014,06,23,0,0.04749517,14.3113
2014,06,23,1,0.0396111,12.42207
2014,06,23,2,0.03863631,12.18748
2014,06,23,3,0.03927761,12.34408
2014,06,23,4,0.03840232,12.14999
2014,06,23,5,0.03817048,12.11095
2014,06,23,6,0.04110492,12.82607
2014,06,23,7,0.05277827,15.61023
2014,06,24,0,0.05568261,16.3243
2014,06,24,1,0.05721776,16.66599
2014,06,24,2,0.05146647,15.30156
2014,06,24,3,0.04861682,14.61868
2014,06,24,4,0.04415701,13.55147
2014,06,24,5,0.04227073,13.08677
2014,06,24,6,0.04382788,13.4493
2014,06,24,7,0.04696392,14.20444
2014,06,25,0,0.04320704,13.29695
2014,06,25,1,0.04032207,12.59964
2014,06,25,2,0.04130354,12.81533
2014,06,25,3,0.04725068,14.22686
2014,06,25,4,0.0493983,14.75619
2014,06,25,5,0.06822018,19.21738
2014,06,25,6,0.06774908,19.13403
2014,06,25,7,0.09169311,24.5671
2014,06,26,0,0.08259561,22.45365
2014,06,26,1,0.05284403,15.50293
2014,06,26,2,0.04322158,13.19986
2014,06,26,3,0.04226024,12.95016
2014,06,26,4,0.03665701,11.62551
2014,06,26,5,0.04238877,13.01801
2014,06,26,6,0.06100295,17.54539
2014,06,26,7,0.03849895,12.129
2014,06,27,0,0.03349617,10.91348
2014,06,27,1,0.03289023,10.78808
2014,06,27,2,0.03257917,10.72695
2014,06,27,3,0.03213184,10.63726
2014,06,27,4,0.03174734,10.56017
2014,06,27,5,0.03358,11.01088
2014,06,27,6,0.03365579,11.05417
2014,06,27,7,0.03308366,10.9393
2014,06,28,0,0.03215627,10.72795
2014,06,28,1,0.03107091,10.46619
2014,06,28,2,0.02975262,10.14821
2014,06,28,3,0.02871132,9.90145
2014,06,28,4,0.02835788,9.818684
2014,06,28,5,0.02834206,9.813467
2014,06,28,6,0.02823975,9.785121
2014,06,28,7,0.02784726,9.68782
2014,06,29,0,0.02775249,9.666436
2014,06,29,1,0.02769303,9.651641
2014,06,29,2,0.02786068,9.693031
2014,06,29,3,0.02814185,9.766563
2014,06,29,4,0.02845834,9.847359
2014,06,29,5,0.0287755,9.925592
2014,06,29,6,0.02911117,10.00046
2014,06,29,7,0.0292505,10.02576
2014,06,30,0,0.0295677,10.0974
2014,06,30,1,0.02964088,10.10787
2014,06,30,2,0.0304826,10.30358
2014,06,30,3,0.03102531,10.42626
2014,06,30,4,0.03077296,10.34246
2014,06,30,5,0.03080954,10.33126
2014,06,30,6,0.03184263,10.56174
2014,06,30,7,0.03426787,11.13148
2015,06,1,0,0.04269125,13.25185
2015,06,1,1,0.05932855,17.08636
2015,06,1,2,0.05641875,16.51421
2015,06,1,3,0.04677158,14.25282
2015,06,1,4,0.08245543,22.56546
2015,06,1,5,0.05012404,15.12907
2015,06,1,6,0.05396851,16.07108
2015,06,1,7,0.05516696,16.42888
2015,06,2,0,0.05294059,15.91173
2015,06,2,1,0.0624476,18.1888
2015,06,2,2,0.07606407,21.4453
2015,06,2,3,0.05408859,16.20131
2015,06,2,4,0.04687248,14.41714
2015,06,2,5,0.04823629,14.79592
2015,06,2,6,0.05763703,16.97413
2015,06,2,7,0.07946623,21.97535
2015,06,3,0,0.06605714,18.73872
2015,06,3,1,0.07163269,20.05703
2015,06,3,2,0.04734008,14.45839
2015,06,3,3,0.03825951,12.27431
2015,06,3,4,0.03521167,11.50608
2015,06,3,5,0.03691184,11.9035
2015,06,3,6,0.03730926,12.00494
2015,06,3,7,0.0377449,12.08514
2015,06,4,0,0.03975662,12.57288
2015,06,4,1,0.04158545,13.05102
2015,06,4,2,0.0411006,12.95599
2015,06,4,3,0.04545188,13.95239
2015,06,4,4,0.04479681,13.76743
2015,06,4,5,0.0503079,15.12136
2015,06,4,6,0.06160676,17.74498
2015,06,4,7,0.04374723,13.60325
2015,06,5,0,0.03625365,11.73477
2015,06,5,1,0.03426047,11.25919
2015,06,5,2,0.03320362,11.00691
2015,06,5,3,0.03167432,10.65641
2015,06,5,4,0.03133815,10.58667
2015,06,5,5,0.03524127,11.56615
2015,06,5,6,0.03987638,12.71458
2015,06,5,7,0.03891611,12.49147
2015,06,6,0,0.04162723,13.17428
2015,06,6,1,0.04353378,13.67699
2015,06,6,2,0.04527868,14.12257
2015,06,6,3,0.04055113,12.94557
2015,06,6,4,0.04054715,12.93667
2015,06,6,5,0.03741753,12.13648
2015,06,6,6,0.03527076,11.58474
2015,06,6,7,0.03277171,10.9473
2015,06,7,0,0.03152707,10.6186
2015,06,7,1,0.03041257,10.33882
2015,06,7,2,0.03052727,10.37834
2015,06,7,3,0.03133318,10.5812
2015,06,7,4,0.03234345,10.83828
2015,06,7,5,0.03346311,11.1219
2015,06,7,6,0.03413333,11.28854
2015,06,7,7,0.03326048,11.06858
2015,06,8,0,0.03175343,10.69019
2015,06,8,1,0.0315863,10.65007
2015,06,8,2,0.03052995,10.38717
2015,06,8,3,0.03084861,10.46186
2015,06,8,4,0.03515029,11.5462
2015,06,8,5,0.0360923,11.79087
2015,06,8,6,0.03654246,11.89682
2015,06,8,7,0.03531662,11.57707
2015,06,9,0,0.03362535,11.13943
2015,06,9,1,0.03480617,11.42486
2015,06,9,2,0.03662868,11.8869
2015,06,9,3,0.03731822,12.05811
2015,06,9,4,0.03736972,12.0614
2015,06,9,5,0.04282187,13.37989
2015,06,9,6,0.05150814,15.34325
2015,06,9,7,0.06273003,17.98145
2015,06,10,0,0.06727344,19.1038
2015,06,10,1,0.05722382,16.79678
2015,06,10,2,0.04556045,14.00495
2015,06,10,3,0.04499867,13.85955
2015,06,10,4,0.04882754,14.78009
2015,06,10,5,0.05947715,17.365
2015,06,10,6,0.07139434,20.22139
2015,06,10,7,0.06402083,18.45358
2015,06,11,0,0.04364393,13.52418
2015,06,11,1,0.03033525,10.22458
2015,06,11,2,0.0275971,9.535947
2015,06,11,3,0.02869407,9.81337
2015,06,11,4,0.02931858,9.977154
2015,06,11,5,0.02843399,9.754714
2015,06,11,6,0.02710732,9.425523
2015,06,11,7,0.02663584,9.309597
2015,06,12,0,0.02661779,9.308065
2015,06,12,1,0.02736831,9.491568
2015,06,12,2,0.02841124,9.745752
2015,06,12,3,0.02923625,9.945969
2015,06,12,4,0.02899254,9.882156
2015,06,12,5,0.02884136,9.838699
2015,06,12,6,0.03088791,10.33251
2015,06,12,7,0.03930751,12.36541
2015,06,13,0,0.0454448,13.89233
2015,06,13,1,0.04396721,13.57177
2015,06,13,2,0.03698233,11.84803
2015,06,13,3,0.03524671,11.39454
2015,06,13,4,0.03248388,10.69003
2015,06,13,5,0.03138815,10.41092
2015,06,13,6,0.04880664,14.67901
2015,06,13,7,0.03242442,10.66243
2015,06,14,0,0.03077086,10.25037
2015,06,14,1,0.03036822,10.14237
2015,06,14,2,0.03234115,10.61102
2015,06,14,3,0.03324971,10.84582
2015,06,14,4,0.03110639,10.35308
2015,06,14,5,0.03019502,10.12406
2015,06,14,6,0.0304558,10.19267
2015,06,14,7,0.03084948,10.30026
2015,06,15,0,0.03192553,10.61349
2015,06,15,1,0.03225581,10.73359
2015,06,15,2,0.03337683,11.03996
2015,06,15,3,0.03556794,11.60581
2015,06,15,4,0.03902147,12.50566
2015,06,15,5,0.03987927,12.74595
2015,06,15,6,0.03828134,12.34599
2015,06,15,7,0.03857664,12.40997
2015,06,16,0,0.03833529,12.32801
2015,06,16,1,0.03537648,11.55123
2015,06,16,2,0.031434,10.55407
2015,06,16,3,0.03195993,10.68522
2015,06,16,4,0.03075952,10.38423
2015,06,16,5,0.03023149,10.24777
2015,06,16,6,0.03082999,10.36646
2015,06,16,7,0.03117551,10.4321
2015,06,17,0,0.03093342,10.38153
2015,06,17,1,0.03140945,10.48958
2015,06,17,2,0.0318032,10.56849
2015,06,17,3,0.03178953,10.55477
2015,06,17,4,0.03097462,10.34542
2015,06,17,5,0.03095969,10.34255
2015,06,17,6,0.0311405,10.38294
2015,06,17,7,0.03235516,10.67659
2015,06,18,0,0.03297011,10.84557
2015,06,18,1,0.03325776,10.92377
2015,06,18,2,0.0327,10.79536
2015,06,18,3,0.0313939,10.49608
2015,06,18,4,0.03189745,10.62798
2015,06,18,5,0.03241652,10.76264
2015,06,18,6,0.03155221,10.57385
2015,06,18,7,0.03260062,10.82802
2015,06,19,0,0.0359679,11.65042
2015,06,19,1,0.04209374,13.16354
2015,06,19,2,0.0416839,13.12027
2015,06,19,3,0.04349016,13.57867
2015,06,19,4,0.05291537,15.87819
2015,06,19,5,0.04552038,14.08239
2015,06,19,6,0.04196221,13.19256
2015,06,19,7,0.04086573,12.90111
2015,06,20,0,0.03901973,12.44156
2015,06,20,1,0.04079811,12.87752
2015,06,20,2,0.0429312,13.43361
2015,06,20,3,0.04619176,14.25337
2015,06,20,4,0.04156732,13.09149
2015,06,20,5,0.03895949,12.43407
2015,06,20,6,0.03735278,12.01367
2015,06,20,7,0.03839495,12.26108
2015,06,21,0,0.03755685,12.0603
2015,06,21,1,0.03516994,11.46421
2015,06,21,2,0.03688229,11.87723
2015,06,21,3,0.04049125,12.73253
2015,06,21,4,0.03802204,12.13987
2015,06,21,5,0.07115051,19.82654
2015,06,21,6,0.07330534,20.38227
2015,06,21,7,0.06690797,18.8779
2015,06,22,0,0.03966382,12.53654
2015,06,22,1,0.03553553,11.55163
2015,06,22,2,0.03310295,10.94985
2015,06,22,3,0.0321981,10.70445
2015,06,22,4,0.03243316,10.74748
2015,06,22,5,0.03477582,11.31916
2015,06,22,6,0.0345047,11.25775
2015,06,22,7,0.03103291,10.44739
2015,06,23,0,0.02914192,9.999491
2015,06,23,1,0.02783756,9.671819
2015,06,23,2,0.02871891,9.883836
2015,06,23,3,0.0312889,10.51137
2015,06,23,4,0.03504719,11.43802
2015,06,23,5,0.04154089,13.02032
2015,06,23,6,0.04548054,13.93375
2015,06,23,7,0.05626726,16.44155
2015,06,24,0,0.03725169,12.0307
2015,06,24,1,0.03946374,12.5658
2015,06,24,2,0.03944344,12.61541
2015,06,24,3,0.03714573,12.0465
2015,06,24,4,0.03758476,12.15805
2015,06,24,5,0.03441227,11.37013
2015,06,24,6,0.03417226,11.30105
2015,06,24,7,0.03524162,11.52539
2015,06,25,0,0.03284535,10.91586
2015,06,25,1,0.03069048,10.39413
2015,06,25,2,0.02974787,10.14583
2015,06,25,3,0.02894811,9.918076
2015,06,25,4,0.02803667,9.663271
2015,06,25,5,0.02975484,10.09005
2015,06,25,6,0.03069037,10.33815
2015,06,25,7,0.03038367,10.27295
2015,06,26,0,0.02884788,9.893955
2015,06,26,1,0.02802351,9.680895
2015,06,26,2,0.02801863,9.675481
2015,06,26,3,0.02907696,9.926753
2015,06,26,4,0.02956825,10.06511
2015,06,26,5,0.02881565,9.899272
2015,06,26,6,0.02870079,9.874782
2015,06,26,7,0.02907122,9.962789
2015,06,27,0,0.02908603,9.964442
2015,06,27,1,0.03031117,10.23919
2015,06,27,2,0.03052475,10.29752
2015,06,27,3,0.03178457,10.63334
2015,06,27,4,0.03377906,11.10965
2015,06,27,5,0.03310761,10.94286
2015,06,27,6,0.03169467,10.59814
2015,06,27,7,0.03139142,10.50268
2015,06,28,0,0.03213926,10.69217
2015,06,28,1,0.03201928,10.65029
2015,06,28,2,0.03138094,10.49283
2015,06,28,3,0.03230074,10.72426
2015,06,28,4,0.03199903,10.64395
2015,06,28,5,0.03129931,10.45582
2015,06,28,6,0.03147788,10.48372
2015,06,28,7,0.0310608,10.37049
2015,06,29,0,0.03090326,10.3273
2015,06,29,1,0.03138106,10.4361
2015,06,29,2,0.03150588,10.4769
2015,06,29,3,0.03161551,10.51361
2015,06,29,4,0.03252219,10.72998
2015,06,29,5,0.0379873,12.07497
2015,06,29,6,0.04287607,13.33842
2015,06,29,7,0.04208168,13.18043
2015,06,30,0,0.04329675,13.46147
2015,06,30,1,0.04544107,13.96512
2015,06,30,2,0.04698994,14.32778
2015,06,30,3,0.05412335,16.0624
2015,06,30,4,0.05231541,15.59712
2015,06,30,5,0.05182363,15.44186
2015,06,30,6,0.05367325,15.82328
2015,06,30,7,0.04535712,13.88866
2016,06,1,0,0.03354323,10.88178
2016,06,1,1,0.03501499,11.22813
2016,06,1,2,0.03306692,10.75077
2016,06,1,3,0.03148599,10.36798
2016,06,1,4,0.04313069,13.23318
2016,06,1,5,0.07169298,19.99719
2016,06,1,6,0.09396761,25.07739
2016,06,1,7,0.04354148,13.32911
2016,06,2,0,0.03246996,10.62537
2016,06,2,1,0.03174009,10.45299
2016,06,2,2,0.03220781,10.57621
2016,06,2,3,0.03425476,11.0856
2016,06,2,4,0.04095543,12.73246
2016,06,2,5,0.0546651,16.03842
2016,06,2,6,0.1008608,26.81792
2016,06,2,7,0.1017936,27.16084
2016,06,3,0,0.106005,28.13404
2016,06,3,1,0.08534054,23.41668
2016,06,3,2,0.09219331,24.9299
2016,06,3,3,0.1023432,27.19499
2016,06,3,4,0.1038815,27.53709
2016,06,3,5,0.1063862,28.1003
2016,06,3,6,0.07956139,21.98901
2016,06,3,7,0.07739587,21.35968
2016,06,4,0,0.09456157,25.21411
2016,06,4,1,0.0575687,16.70684
2016,06,4,2,0.04203007,12.90743
2016,06,4,3,0.03335706,10.82172
2016,06,4,4,0.03042634,10.10658
2016,06,4,5,0.03017315,10.03916
2016,06,4,6,0.03260742,10.61033
2016,06,4,7,0.03227008,10.53407
2016,06,5,0,0.03161412,10.38049
2016,06,5,1,0.03159639,10.38008
2016,06,5,2,0.0318078,10.42625
2016,06,5,3,0.03206136,10.48692
2016,06,5,4,0.03079921,10.1881
2016,06,5,5,0.03039981,10.09223
2016,06,5,6,0.03127327,10.29302
2016,06,5,7,0.02930609,9.829719
2016,06,6,0,0.02862649,9.67474
2016,06,6,1,0.02873783,9.7081
2016,06,6,2,0.02967209,9.947188
2016,06,6,3,0.03154479,10.42493
2016,06,6,4,0.03453504,11.18637
2016,06,6,5,0.03549961,11.4332
2016,06,6,6,0.0364171,11.67376
2016,06,6,7,0.03159918,10.52326
2016,06,7,0,0.02846742,9.739322
2016,06,7,1,0.02859877,9.766743
2016,06,7,2,0.02928593,9.925886
2016,06,7,3,0.03062506,10.26059
2016,06,7,4,0.0297726,10.04611
2016,06,7,5,0.02984946,10.06958
2016,06,7,6,0.02992534,10.08172
2016,06,7,7,0.02897209,9.829643
2016,06,8,0,0.02831612,9.666299
2016,06,8,1,0.02783975,9.541484
2016,06,8,2,0.02801569,9.582733
2016,06,8,3,0.02811562,9.610988
2016,06,8,4,0.02842472,9.682002
2016,06,8,5,0.02858568,9.718871
2016,06,8,6,0.02982304,10.00661
2016,06,8,7,0.03014938,10.08841
2016,06,9,0,0.03127343,10.36128
2016,06,9,1,0.03239958,10.62782
2016,06,9,2,0.03376787,10.97136
2016,06,9,3,0.0351501,11.30711
2016,06,9,4,0.04266559,13.0692
2016,06,9,5,0.05111486,15.05284
2016,06,9,6,0.05898318,16.90969
2016,06,9,7,0.04439675,13.49123
2016,06,10,0,0.03782763,11.95874
2016,06,10,1,0.03639264,11.64144
2016,06,10,2,0.03900186,12.28027
2016,06,10,3,0.03924781,12.36775
2016,06,10,4,0.03477745,11.32589
2016,06,10,5,0.03265085,10.83105
2016,06,10,6,0.0306402,10.3424
2016,06,10,7,0.02954057,10.07852
2016,06,11,0,0.02819175,9.745048
2016,06,11,1,0.02809482,9.723407
2016,06,11,2,0.02915167,10.00423
2016,06,11,3,0.03093542,10.45545
2016,06,11,4,0.03166318,10.62845
2016,06,11,5,0.03069017,10.37239
2016,06,11,6,0.03051499,10.33515
2016,06,11,7,0.03258937,10.86681
2016,06,12,0,0.03555301,11.61547
2016,06,12,1,0.03655868,11.88752
2016,06,12,2,0.04329658,13.56018
2016,06,12,3,0.04475637,13.92688
2016,06,12,4,0.05736582,16.99417
2016,06,12,5,0.06003516,17.57516
2016,06,12,6,0.121129,31.64584
2016,06,12,7,0.07691154,21.62564
2016,06,13,0,0.05706,16.77644
2016,06,13,1,0.06423696,18.5171
2016,06,13,2,0.07393449,20.74445
2016,06,13,3,0.06838164,19.40455
2016,06,13,4,0.05312036,15.81423
2016,06,13,5,0.06457886,18.45252
2016,06,13,6,0.1064777,28.36141
2016,06,13,7,0.07729275,21.56963
2016,06,14,0,0.0550432,16.29972
2016,06,14,1,0.04662166,14.20139
2016,06,14,2,0.04729903,14.33028
2016,06,14,3,0.05411904,15.98106
2016,06,14,4,0.04810121,14.55575
2016,06,14,5,0.06216009,17.95902
2016,06,14,6,0.06561856,18.81465
2016,06,14,7,0.04579631,14.04672
2016,06,15,0,0.03402574,11.14415
2016,06,15,1,0.03070128,10.33442
2016,06,15,2,0.02996668,10.16263
2016,06,15,3,0.03095345,10.3875
2016,06,15,4,0.03263826,10.79274
2016,06,15,5,0.0383359,12.1738
2016,06,15,6,0.03876409,12.32657
2016,06,15,7,0.03082203,10.36492
2016,06,16,0,0.02839251,9.761659
2016,06,16,1,0.03048921,10.29583
2016,06,16,2,0.03159053,10.57373
2016,06,16,3,0.03144363,10.53253
2016,06,16,4,0.03074552,10.34493
2016,06,16,5,0.03063713,10.29907
2016,06,16,6,0.03101537,10.38611
2016,06,16,7,0.03096609,10.3708
2016,06,17,0,0.03080732,10.33442
2016,06,17,1,0.03132357,10.4609
2016,06,17,2,0.03163579,10.53277
2016,06,17,3,0.03149628,10.49251
2016,06,17,4,0.03173043,10.54422
2016,06,17,5,0.03285435,10.82082
2016,06,17,6,0.03361737,11.01843
2016,06,17,7,0.0341898,11.14938
2016,06,18,0,0.03331352,10.96077
2016,06,18,1,0.03423295,11.19364
2016,06,18,2,0.03475224,11.3282
2016,06,18,3,0.03404794,11.16794
2016,06,18,4,0.03231502,10.73949
2016,06,18,5,0.03025381,10.21366
2016,06,18,6,0.03059589,10.288
2016,06,18,7,0.0310687,10.39585
2016,06,19,0,0.03183024,10.5837
2016,06,19,1,0.03344373,10.97374
2016,06,19,2,0.03523484,11.40103
2016,06,19,3,0.03594852,11.58124
2016,06,19,4,0.03576631,11.54392
2016,06,19,5,0.03625027,11.65958
2016,06,19,6,0.03724704,11.90436
2016,06,19,7,0.03703821,11.84799
2016,06,20,0,0.0354482,11.46035
2016,06,20,1,0.03405032,11.13227
2016,06,20,2,0.03381139,11.083
2016,06,20,3,0.03360185,11.03264
2016,06,20,4,0.03292417,10.84565
2016,06,20,5,0.03357002,10.98527
2016,06,20,6,0.03660365,11.71106
2016,06,20,7,0.03500321,11.3517
2016,06,21,0,0.03442843,11.23481
2016,06,21,1,0.03366231,11.05449
2016,06,21,2,0.03258165,10.80586
2016,06,21,3,0.0309917,10.43735
2016,06,21,4,0.03015308,10.23272
2016,06,21,5,0.02981719,10.1469
2016,06,21,6,0.02946627,10.06664
2016,06,21,7,0.02960231,10.10016
2016,06,22,0,0.03148834,10.56667
2016,06,22,1,0.0332738,11.01881
2016,06,22,2,0.03872059,12.327
2016,06,22,3,0.04177112,13.1046
2016,06,22,4,0.04283655,13.39825
2016,06,22,5,0.03861009,12.36738
2016,06,22,6,0.03766949,12.0989
2016,06,22,7,0.03709298,11.9401
2016,06,23,0,0.03951796,12.51352
2016,06,23,1,0.04008677,12.6512
2016,06,23,2,0.0388787,12.35366
2016,06,23,3,0.03615944,11.65022
2016,06,23,4,0.03543875,11.46576
2016,06,23,5,0.03428085,11.18724
2016,06,23,6,0.03559919,11.49195
2016,06,23,7,0.03604214,11.57579
2016,06,24,0,0.03514301,11.34475
2016,06,24,1,0.03552423,11.43576
2016,06,24,2,0.04028961,12.54246
2016,06,24,3,0.03829326,12.05658
2016,06,24,4,0.03472302,11.20534
2016,06,24,5,0.03417396,11.07558
2016,06,24,6,0.03652255,11.65552
2016,06,24,7,0.03819345,12.09133
2016,06,25,0,0.03903811,12.29121
2016,06,25,1,0.04853368,14.52229
2016,06,25,2,0.04339061,13.33986
2016,06,25,3,0.03745868,11.93712
2016,06,25,4,0.04084297,12.7376
2016,06,25,5,0.04353773,13.38662
2016,06,25,6,0.04126904,12.89042
2016,06,25,7,0.03346784,10.99376
2016,06,26,0,0.03514598,11.40033
2016,06,26,1,0.03592147,11.59586
2016,06,26,2,0.03823658,12.16357
2016,06,26,3,0.0398727,12.56365
2016,06,26,4,0.04131096,12.92474
2016,06,26,5,0.0432848,13.40361
2016,06,26,6,0.05096772,15.23652
2016,06,26,7,0.03809554,12.21061
2016,06,27,0,0.04053469,12.78046
2016,06,27,1,0.04684082,14.37512
2016,06,27,2,0.04113939,13.00487
2016,06,27,3,0.04144137,13.07784
2016,06,27,4,0.03986749,12.67915
2016,06,27,5,0.04251326,13.33612
2016,06,27,6,0.04784727,14.6446
2016,06,27,7,0.04388881,13.67135
2016,06,28,0,0.03915362,12.50506
2016,06,28,1,0.03658928,11.87421
2016,06,28,2,0.03514394,11.52962
2016,06,28,3,0.0325903,10.89167
2016,06,28,4,0.03076681,10.42332
2016,06,28,5,0.03096007,10.46608
2016,06,28,6,0.03067567,10.39657
2016,06,28,7,0.03090226,10.46263
2016,06,29,0,0.03075806,10.41628
2016,06,29,1,0.03148791,10.58645
2016,06,29,2,0.03526598,11.49531
2016,06,29,3,0.03554785,11.58527
2016,06,29,4,0.03602394,11.69352
2016,06,29,5,0.03676035,11.86373
2016,06,29,6,0.04074415,12.78573
2016,06,29,7,0.03561437,11.55165
2016,06,30,0,0.03426236,11.20541
2016,06,30,1,0.03531782,11.43239
2016,06,30,2,0.06092996,17.44693
2016,06,30,3,0.08407755,22.87823
2016,06,30,4,0.06029425,17.411
2016,06,30,5,0.06909804,19.4715
2016,06,30,6,0.09045809,24.42725
2016,06,30,7,0.09737816,26.01909
2017,06,1,0,0.03319679,11.03179
2017,06,1,1,0.03431979,11.32176
2017,06,1,2,0.03379979,11.17384
2017,06,1,3,0.03268609,10.88043
2017,06,1,4,0.0335997,11.08041
2017,06,1,5,0.03477996,11.37329
2017,06,1,6,0.03474436,11.35319
2017,06,1,7,0.0355743,11.54
2017,06,2,0,0.03724172,11.97056
2017,06,2,1,0.03993129,12.65454
2017,06,2,2,0.04588589,14.0621
2017,06,2,3,0.04204005,13.16381
2017,06,2,4,0.04498512,13.8204
2017,06,2,5,0.04280247,13.30358
2017,06,2,6,0.04371418,13.54489
2017,06,2,7,0.05850705,17.03101
2017,06,3,0,0.0675771,19.1096
2017,06,3,1,0.08414099,22.93341
2017,06,3,2,0.07228606,20.1957
2017,06,3,3,0.03313438,10.86579
2017,06,3,4,0.02874247,9.769519
2017,06,3,5,0.02896989,9.812074
2017,06,3,6,0.03090925,10.26586
2017,06,3,7,0.03158905,10.42985
2017,06,4,0,0.03338684,10.85889
2017,06,4,1,0.03612914,11.5436
2017,06,4,2,0.0359039,11.48371
2017,06,4,3,0.03696524,11.7432
2017,06,4,4,0.03732699,11.83921
2017,06,4,5,0.03734922,11.83549
2017,06,4,6,0.03524313,11.30604
2017,06,4,7,0.03318488,10.80275
2017,06,5,0,0.03369328,10.94639
2017,06,5,1,0.03205334,10.5502
2017,06,5,2,0.03129464,10.3546
2017,06,5,3,0.03147105,10.38053
2017,06,5,4,0.03175264,10.44124
2017,06,5,5,0.03245412,10.61084
2017,06,5,6,0.03290961,10.72267
2017,06,5,7,0.03194789,10.49733
2017,06,6,0,0.02984311,9.999254
2017,06,6,1,0.02922974,9.84948
2017,06,6,2,0.02982251,9.998062
2017,06,6,3,0.03071769,10.23681
2017,06,6,4,0.03147358,10.45101
2017,06,6,5,0.03209959,10.62502
2017,06,6,6,0.03312978,10.88001
2017,06,6,7,0.03390978,11.06576
2017,06,7,0,0.03338764,10.9426
2017,06,7,1,0.03287163,10.79945
2017,06,7,2,0.03343228,10.9262
2017,06,7,3,0.03615948,11.58565
2017,06,7,4,0.04991302,14.85205
2017,06,7,5,0.08678623,23.4727
2017,06,7,6,0.1142976,29.73661
2017,06,7,7,0.07235111,20.24244
2017,06,8,0,0.05865946,16.9934
2017,06,8,1,0.0431054,13.24522
2017,06,8,2,0.04156498,12.84722
2017,06,8,3,0.04513296,13.76778
2017,06,8,4,0.03878887,12.22252
2017,06,8,5,0.07444467,20.77938
2017,06,8,6,0.05831998,17.11107
2017,06,8,7,0.04601031,14.19474
2017,06,9,0,0.04887487,14.92326
2017,06,9,1,0.04843769,14.87309
2017,06,9,2,0.04821762,14.8637
2017,06,9,3,0.03984887,12.76478
2017,06,9,4,0.03435554,11.35471
2017,06,9,5,0.03020598,10.30551
2017,06,9,6,0.02763317,9.65355
2017,06,9,7,0.02734659,9.585402
2017,06,10,0,0.02809234,9.785221
2017,06,10,1,0.0284753,9.879184
2017,06,10,2,0.02798567,9.742036
2017,06,10,3,0.02741257,9.591968
2017,06,10,4,0.02766953,9.646541
2017,06,10,5,0.02833008,9.813462
2017,06,10,6,0.02907445,10.0001
2017,06,10,7,0.02966401,10.14761
2017,06,11,0,0.03074721,10.42038
2017,06,11,1,0.03151284,10.60578
2017,06,11,2,0.03150857,10.58135
2017,06,11,3,0.03075209,10.38737
2017,06,11,4,0.03008971,10.21987
2017,06,11,5,0.03244335,10.78755
2017,06,11,6,0.0336156,11.07823
2017,06,11,7,0.03373556,11.11621
2017,06,12,0,0.03299202,10.94523
2017,06,12,1,0.03007608,10.21631
2017,06,12,2,0.0291309,9.965071
2017,06,12,3,0.02984193,10.14302
2017,06,12,4,0.03118262,10.4697
2017,06,12,5,0.0312836,10.47858
2017,06,12,6,0.03245828,10.75301
2017,06,12,7,0.03310091,10.92646
2017,06,13,0,0.03273892,10.84978
2017,06,13,1,0.03234541,10.7497
2017,06,13,2,0.03222318,10.71279
2017,06,13,3,0.03336248,10.98434
2017,06,13,4,0.03694746,11.84096
2017,06,13,5,0.04161716,12.9685
2017,06,13,6,0.04181628,13.03767
2017,06,13,7,0.03754185,12.02922
2017,06,14,0,0.03521542,11.48771
2017,06,14,1,0.03275434,10.90739
2017,06,14,2,0.03130404,10.54918
2017,06,14,3,0.03055948,10.34932
2017,06,14,4,0.0307257,10.38164
2017,06,14,5,0.03055348,10.3584
2017,06,14,6,0.03081887,10.43229
2017,06,14,7,0.03142691,10.57526
2017,06,15,0,0.03185251,10.67301
2017,06,15,1,0.03243743,10.81716
2017,06,15,2,0.0326414,10.87477
2017,06,15,3,0.03363988,11.14698
2017,06,15,4,0.03415428,11.27364
2017,06,15,5,0.03284326,10.93401
2017,06,15,6,0.03207624,10.73568
2017,06,15,7,0.03305761,10.98311
2017,06,16,0,0.03379236,11.16092
2017,06,16,1,0.03919842,12.52035
2017,06,16,2,0.06091318,17.85577
2017,06,16,3,0.06795957,19.47905
2017,06,16,4,0.04901619,14.87803
2017,06,16,5,0.06102149,17.73863
2017,06,16,6,0.07203376,20.3099
2017,06,16,7,0.1180862,30.67622
2017,06,17,0,0.08495704,23.03518
2017,06,17,1,0.06058729,17.39971
2017,06,17,2,0.05701836,16.50567
2017,06,17,3,0.03106253,10.33497
2017,06,17,4,0.02826791,9.657644
2017,06,17,5,0.02824559,9.654129
2017,06,17,6,0.03237518,10.6886
2017,06,17,7,0.02732364,9.418267
2017,06,18,0,0.02659891,9.236776
2017,06,18,1,0.02670405,9.264206
2017,06,18,2,0.02632417,9.162971
2017,06,18,3,0.02658586,9.215768
2017,06,18,4,0.02717202,9.355057
2017,06,18,5,0.02648055,9.187769
2017,06,18,6,0.02685917,9.281722
2017,06,18,7,0.02769748,9.486073
2017,06,19,0,0.028945,9.795101
2017,06,19,1,0.02968672,9.996628
2017,06,19,2,0.02950566,9.959209
2017,06,19,3,0.03055603,10.22108
2017,06,19,4,0.03315115,10.84058
2017,06,19,5,0.05173833,15.27425
2017,06,19,6,0.05652065,16.48538
2017,06,19,7,0.07267593,20.27982
2017,06,20,0,0.0880078,24.05047
2017,06,20,1,0.0765761,21.44599
2017,06,20,2,0.05454522,16.23269
2017,06,20,3,0.06200708,18.02338
2017,06,20,4,0.07917916,21.92871
2017,06,20,5,0.08091995,22.18242
2017,06,20,6,0.06871673,19.32418
2017,06,20,7,0.069852,19.54508
2017,06,21,0,0.06729805,19.16239
2017,06,21,1,0.05643593,16.62338
2017,06,21,2,0.05448945,16.07842
2017,06,21,3,0.05823834,16.9612
2017,06,21,4,0.06568189,18.67043
2017,06,21,5,0.0624022,17.88926
2017,06,21,6,0.04192042,13.09566
2017,06,21,7,0.05610033,16.42397
2017,06,22,0,0.09027925,24.4613
2017,06,22,1,0.1148857,30.10121
2017,06,22,2,0.06361223,18.46869
2017,06,22,3,0.07981178,22.27504
2017,06,22,4,0.1165211,30.41265
2017,06,22,5,0.1155391,30.19524
2017,06,22,6,0.1106237,29.08573
2017,06,22,7,0.1003192,26.74813
2017,06,23,0,0.0556255,16.43131
2017,06,23,1,0.05650417,16.52768
2017,06,23,2,0.0593243,17.14732
2017,06,23,3,0.06764739,19.07482
2017,06,23,4,0.04942871,14.85991
2017,06,23,5,0.04035967,12.67796
2017,06,23,6,0.042032,13.08164
2017,06,23,7,0.05954348,17.32056
2017,06,24,0,0.1031432,27.48536
2017,06,24,1,0.08905565,24.34319
2017,06,24,2,0.06623239,18.88369
2017,06,24,3,0.07405389,20.57028
2017,06,24,4,0.06583237,18.62522
2017,06,24,5,0.0596951,17.1908
2017,06,24,6,0.06237172,17.82029
2017,06,24,7,0.06646024,18.7593
2017,06,25,0,0.0590688,17.0202
2017,06,25,1,0.05637033,16.40795
2017,06,25,2,0.05739453,16.61947
2017,06,25,3,0.06254018,17.79284
2017,06,25,4,0.04699518,14.24855
2017,06,25,5,0.04695445,14.29
2017,06,25,6,0.07327831,20.62596
2017,06,25,7,0.06383199,18.39643
2017,06,26,0,0.04440041,13.72444
2017,06,26,1,0.04466736,13.78521
2017,06,26,2,0.05599079,16.40385
2017,06,26,3,0.04746946,14.38287
2017,06,26,4,0.04524003,13.85037
2017,06,26,5,0.0824283,22.55884
2017,06,26,6,0.1030138,27.22791
2017,06,26,7,0.09778794,26.03565
2017,06,27,0,0.05691392,16.585
2017,06,27,1,0.0495812,14.7992
2017,06,27,2,0.06420098,18.20332
2017,06,27,3,0.05111183,15.20319
2017,06,27,4,0.04277682,13.19727
2017,06,27,5,0.0628081,17.99773
2017,06,27,6,0.07818491,21.45402
2017,06,27,7,0.04342124,13.33442
2017,06,28,0,0.03288307,10.79606
2017,06,28,1,0.03163462,10.49407
2017,06,28,2,0.0319345,10.56031
2017,06,28,3,0.0321108,10.60686
2017,06,28,4,0.03103901,10.35556
2017,06,28,5,0.03158754,10.49948
2017,06,28,6,0.03440421,11.18176
2017,06,28,7,0.04106406,12.82018
2017,06,29,0,0.03298709,10.85734
2017,06,29,1,0.0302234,10.18458
2017,06,29,2,0.03004117,10.14549
2017,06,29,3,0.03330036,10.94509
2017,06,29,4,0.03746706,11.98519
2017,06,29,5,0.04063577,12.84859
2017,06,29,6,0.03612667,11.70644
2017,06,29,7,0.03695516,11.89655
2017,06,30,0,0.04230294,13.27759
2017,06,30,1,0.04366492,13.60947
2017,06,30,2,0.04675318,14.37982
2017,06,30,3,0.04350065,13.59095
2017,06,30,4,0.03799325,12.25038
2017,06,30,5,0.03404202,11.23152
2017,06,30,6,0.03387081,11.1955
2017,06,30,7,0.03604622,11.74148
2018,06,1,0,0.02888564,9.835572
2018,06,1,1,0.02903942,9.872042
2018,06,1,2,0.02917539,9.900434
2018,06,1,3,0.02930524,9.930077
2018,06,1,4,0.02939652,9.948844
2018,06,1,5,0.02968959,10.01409
2018,06,1,6,0.03021766,10.13017
2018,06,1,7,0.03025951,10.1324
2018,06,2,0,0.02999728,10.07063
2018,06,2,1,0.03009461,10.08399
2018,06,2,2,0.03005685,10.07103
2018,06,2,3,0.02990466,10.04478
2018,06,2,4,0.02953454,9.967154
2018,06,2,5,0.02913886,9.877247
2018,06,2,6,0.02905595,9.860509
2018,06,2,7,0.02926632,9.913403
2018,06,3,0,0.0302586,10.15789
2018,06,3,1,0.0301963,10.13373
2018,06,3,2,0.02910329,9.866583
2018,06,3,3,0.0284431,9.713399
2018,06,3,4,0.02751796,9.479408
2018,06,3,5,0.02776603,9.540606
2018,06,3,6,0.02809563,9.620935
2018,06,3,7,0.02817505,9.642153
2018,06,4,0,0.02806974,9.619236
2018,06,4,1,0.02770427,9.541765
2018,06,4,2,0.02840143,9.721724
2018,06,4,3,0.03085318,10.29825
2018,06,4,4,0.03220934,10.63658
2018,06,4,5,0.03810385,12.0571
2018,06,4,6,0.03678635,11.77612
2018,06,4,7,0.03725524,11.90943
2018,06,5,0,0.03374849,11.07803
2018,06,5,1,0.02978125,10.10111
2018,06,5,2,0.03189208,10.63754
2018,06,5,3,0.05585972,16.42486
2018,06,5,4,0.05131358,15.48371
2018,06,5,5,0.05653803,16.74846
2018,06,5,6,0.1086917,28.94498
2018,06,5,7,0.08184514,22.98266
2018,06,6,0,0.0414539,13.05228
2018,06,6,1,0.03194671,10.63832
2018,06,6,2,0.02933049,9.988774
2018,06,6,3,0.02870533,9.809304
2018,06,6,4,0.02913555,9.9169
2018,06,6,5,0.02971669,10.03863
2018,06,6,6,0.02971054,10.03906
2018,06,6,7,0.03088533,10.33715
2018,06,7,0,0.03055482,10.26027
2018,06,7,1,0.03201636,10.61643
2018,06,7,2,0.03289087,10.83953
2018,06,7,3,0.03429316,11.19211
2018,06,7,4,0.03370232,11.04579
2018,06,7,5,0.03690903,11.86954
2018,06,7,6,0.03963781,12.55456
2018,06,7,7,0.04300292,13.40409
2018,06,8,0,0.04641895,14.26077
2018,06,8,1,0.05012697,15.19292
2018,06,8,2,0.05485311,16.30335
2018,06,8,3,0.04487635,13.88796
2018,06,8,4,0.04097232,12.93868
2018,06,8,5,0.03776997,12.12524
2018,06,8,6,0.0412059,12.94264
2018,06,8,7,0.04719395,14.34511
2018,06,9,0,0.05579553,16.3747
2018,06,9,1,0.05145714,15.39387
2018,06,9,2,0.05205496,15.55761
2018,06,9,3,0.0783467,21.81926
2018,06,9,4,0.0636636,18.31442
2018,06,9,5,0.05405866,15.98957
2018,06,9,6,0.05336466,15.80957
2018,06,9,7,0.07184753,20.22989
2018,06,10,0,0.06583681,18.71909
2018,06,10,1,0.06869801,19.44775
2018,06,10,2,0.08759422,23.85123
2018,06,10,3,0.0680919,19.21091
2018,06,10,4,0.06025893,17.28869
2018,06,10,5,0.05197302,15.3124
2018,06,10,6,0.09689524,25.68046
2018,06,10,7,0.07485535,20.56353
2018,06,11,0,0.06406952,17.98928
2018,06,11,1,0.05270294,15.34685
2018,06,11,2,0.06443487,18.09545
2018,06,11,3,0.07194967,19.75777
2018,06,11,4,0.04024349,12.33921
2018,06,11,5,0.05144048,14.97415
2018,06,11,6,0.0541071,15.61205
2018,06,11,7,0.04727042,14.00474
2018,06,12,0,0.03759319,11.71918
2018,06,12,1,0.03719661,11.65281
2018,06,12,2,0.03481141,11.10699
2018,06,12,3,0.03000578,9.964302
2018,06,12,4,0.02975895,9.92216
2018,06,12,5,0.03032206,10.06618
2018,06,12,6,0.03165792,10.39914
2018,06,12,7,0.03217991,10.54693
2018,06,13,0,0.03168496,10.43561
2018,06,13,1,0.03068301,10.18914
2018,06,13,2,0.03016504,10.06972
2018,06,13,3,0.03001599,10.03701
2018,06,13,4,0.02992127,10.01567
2018,06,13,5,0.03071109,10.21027
2018,06,13,6,0.03348703,10.86918
2018,06,13,7,0.04854957,14.42544
2018,06,14,0,0.04035877,12.55546
2018,06,14,1,0.05569467,16.20971
2018,06,14,2,0.03997207,12.52638
2018,06,14,3,0.03600359,11.57907
2018,06,14,4,0.03263194,10.76592
2018,06,14,5,0.03036264,10.20262
2018,06,14,6,0.03057131,10.24953
2018,06,14,7,0.0309947,10.37847
2018,06,15,0,0.03342128,10.99775
2018,06,15,1,0.04923681,14.83364
2018,06,15,2,0.08741613,23.71085
2018,06,15,3,0.08777742,23.90909
2018,06,15,4,0.05812668,17.09432
2018,06,15,5,0.05772899,17.01927
2018,06,15,6,0.05991341,17.52414
2018,06,15,7,0.06042621,17.61305
2018,06,16,0,0.05236041,15.69003
2018,06,16,1,0.04726032,14.48376
2018,06,16,2,0.04293872,13.454
2018,06,16,3,0.03721353,12.0552
2018,06,16,4,0.03542573,11.60842
2018,06,16,5,0.03417884,11.2967
2018,06,16,6,0.03448478,11.36811
2018,06,16,7,0.03593502,11.74448
2018,06,17,0,0.03747623,12.1377
2018,06,17,1,0.03763746,12.19261
2018,06,17,2,0.03753588,12.17799
2018,06,17,3,0.03703063,12.06371
2018,06,17,4,0.03658879,11.94851
2018,06,17,5,0.03522625,11.59009
2018,06,17,6,0.03375782,11.21881
2018,06,17,7,0.03313817,11.07072
2018,06,18,0,0.03266614,10.96987
2018,06,18,1,0.03270433,10.98106
2018,06,18,2,0.03208993,10.82433
2018,06,18,3,0.03173132,10.734
2018,06,18,4,0.03151308,10.68843
2018,06,18,5,0.03155415,10.70963
2018,06,18,6,0.03142701,10.67971
2018,06,18,7,0.03135777,10.668
2018,06,19,0,0.03116832,10.62843
2018,06,19,1,0.03060152,10.49633
2018,06,19,2,0.03060734,10.50102
2018,06,19,3,0.03169279,10.77362
2018,06,19,4,0.03184778,10.80674
2018,06,19,5,0.0313041,10.66796
2018,06,19,6,0.03103613,10.58952
2018,06,19,7,0.030492,10.44443
2018,06,20,0,0.02974986,10.24712
2018,06,20,1,0.02957744,10.1923
2018,06,20,2,0.02990704,10.26782
2018,06,20,3,0.03006906,10.30704
2018,06,20,4,0.03007562,10.31082
2018,06,20,5,0.03019848,10.3428
2018,06,20,6,0.03144908,10.6478
2018,06,20,7,0.03267658,10.94295
2018,06,21,0,0.03142821,10.61169
2018,06,21,1,0.03344799,11.11352
2018,06,21,2,0.02986882,10.21603
2018,06,21,3,0.02948548,10.12242
2018,06,21,4,0.0309358,10.50658
2018,06,21,5,0.0312463,10.59912
2018,06,21,6,0.03151494,10.66795
2018,06,21,7,0.03047526,10.40384
2018,06,22,0,0.02973917,10.22472
2018,06,22,1,0.02960128,10.18625
2018,06,22,2,0.03017925,10.31935
2018,06,22,3,0.03074636,10.45216
2018,06,22,4,0.03223915,10.81818
2018,06,22,5,0.03394588,11.21598
2018,06,22,6,0.03968256,12.59084
2018,06,22,7,0.04804014,14.59659
2018,06,23,0,0.05043554,15.20659
2018,06,23,1,0.0583529,17.06647
2018,06,23,2,0.06382651,18.24231
2018,06,23,3,0.04268995,13.21322
2018,06,23,4,0.03944703,12.40202
2018,06,23,5,0.04828742,14.49514
2018,06,23,6,0.05139626,15.25959
2018,06,23,7,0.04647073,14.11317
2018,06,24,0,0.0471888,14.2895
2018,06,24,1,0.05970636,17.27949
2018,06,24,2,0.07674215,21.31282
2018,06,24,3,0.102558,27.17808
2018,06,24,4,0.1004938,26.72435
2018,06,24,5,0.1071815,28.25986
2018,06,24,6,0.05102127,15.21886
2018,06,24,7,0.03748864,11.9465
2018,06,25,0,0.03191978,10.56049
2018,06,25,1,0.03472342,11.25944
2018,06,25,2,0.03881852,12.25741
2018,06,25,3,0.03934064,12.40271
2018,06,25,4,0.04980405,14.9334
2018,06,25,5,0.05396161,15.90506
2018,06,25,6,0.04409809,13.5946
2018,06,25,7,0.03674059,11.81239
2018,06,26,0,0.04284013,13.299
2018,06,26,1,0.04529702,13.89978
2018,06,26,2,0.05252435,15.64652
2018,06,26,3,0.06568438,18.76235
2018,06,26,4,0.05210866,15.64877
2018,06,26,5,0.0625677,18.22195
2018,06,26,6,0.05501054,16.36221
2018,06,26,7,0.05170859,15.55769
2018,06,27,0,0.05370515,16.08508
2018,06,27,1,0.051016,15.42447
2018,06,27,2,0.05418859,16.14514
2018,06,27,3,0.0499043,15.11998
2018,06,27,4,0.0469814,14.42397
2018,06,27,5,0.04662576,14.35695
2018,06,27,6,0.04688594,14.41344
2018,06,27,7,0.04581929,14.1362
2018,06,28,0,0.04573026,14.08174
2018,06,28,1,0.04739054,14.45718
2018,06,28,2,0.05851157,17.08797
2018,06,28,3,0.07360059,20.56261
2018,06,28,4,0.07376754,20.59398
2018,06,28,5,0.06228857,17.94933
2018,06,28,6,0.05549551,16.33919
2018,06,28,7,0.04742986,14.38863
2018,06,29,0,0.04218944,13.10078
2018,06,29,1,0.04005361,12.61436
2018,06,29,2,0.03914553,12.41493
2018,06,29,3,0.03913361,12.39388
2018,06,29,4,0.03713565,11.91879
2018,06,29,5,0.03903337,12.40237
2018,06,29,6,0.04020531,12.68039
2018,06,29,7,0.0380044,12.14775
2018,06,30,0,0.03309318,10.94869
2018,06,30,1,0.03052534,10.30425
2018,06,30,2,0.03026221,10.23309
2018,06,30,3,0.03184343,10.62674
2018,06,30,4,0.03124632,10.48241
2018,06,30,5,0.03067464,10.33733
2018,06,30,6,0.03058154,10.3124
2018,06,30,7,0.03019743,10.19742
