####################################################################################################
# Month: 12Dec                                                                                     #
# Station: /n/holyscratch01/doeleman_lab/freemanmd/am_output/PAR                                   #
# Columns are: year    month   day     segment         Tbase (K)                                   #
####################################################################################################
year,month,day,segment,Tbase
2009,12,1,0,287.0
2009,12,1,1,286.8
2009,12,1,2,286.2
2009,12,1,3,286.7
2009,12,1,4,287.4
2009,12,1,5,287.5
2009,12,1,6,286.9
2009,12,1,7,287.1
2009,12,2,0,287.4
2009,12,2,1,286.2
2009,12,2,2,286.7
2009,12,2,3,285.1
2009,12,2,4,285.3
2009,12,2,5,284.5
2009,12,2,6,284.4
2009,12,2,7,287.3
2009,12,3,0,285.0
2009,12,3,1,284.0
2009,12,3,2,284.0
2009,12,3,3,283.4
2009,12,3,4,283.5
2009,12,3,5,284.2
2009,12,3,6,285.1
2009,12,3,7,283.8
2009,12,4,0,285.6
2009,12,4,1,283.5
2009,12,4,2,283.2
2009,12,4,3,282.8
2009,12,4,4,283.2
2009,12,4,5,284.2
2009,12,4,6,284.5
2009,12,4,7,283.4
2009,12,5,0,282.8
2009,12,5,1,283.2
2009,12,5,2,282.8
2009,12,5,3,282.3
2009,12,5,4,282.1
2009,12,5,5,283.5
2009,12,5,6,284.3
2009,12,5,7,282.5
2009,12,6,0,282.7
2009,12,6,1,283.3
2009,12,6,2,283.0
2009,12,6,3,282.3
2009,12,6,4,281.5
2009,12,6,5,283.7
2009,12,6,6,283.3
2009,12,6,7,283.8
2009,12,7,0,283.5
2009,12,7,1,283.9
2009,12,7,2,283.1
2009,12,7,3,282.6
2009,12,7,4,282.7
2009,12,7,5,284.6
2009,12,7,6,284.9
2009,12,7,7,284.3
2009,12,8,0,287.9
2009,12,8,1,285.3
2009,12,8,2,286.9
2009,12,8,3,283.7
2009,12,8,4,283.6
2009,12,8,5,283.7
2009,12,8,6,283.7
2009,12,8,7,286.6
2009,12,9,0,285.7
2009,12,9,1,285.1
2009,12,9,2,284.2
2009,12,9,3,283.2
2009,12,9,4,283.5
2009,12,9,5,284.5
2009,12,9,6,285.7
2009,12,9,7,288.0
2009,12,10,0,286.4
2009,12,10,1,286.4
2009,12,10,2,286.6
2009,12,10,3,286.4
2009,12,10,4,286.9
2009,12,10,5,287.0
2009,12,10,6,288.1
2009,12,10,7,288.8
2009,12,11,0,288.3
2009,12,11,1,288.5
2009,12,11,2,287.5
2009,12,11,3,286.6
2009,12,11,4,286.4
2009,12,11,5,286.5
2009,12,11,6,286.3
2009,12,11,7,287.8
2009,12,12,0,287.0
2009,12,12,1,286.3
2009,12,12,2,285.6
2009,12,12,3,285.0
2009,12,12,4,284.9
2009,12,12,5,285.2
2009,12,12,6,285.6
2009,12,12,7,287.8
2009,12,13,0,286.5
2009,12,13,1,286.2
2009,12,13,2,286.1
2009,12,13,3,284.6
2009,12,13,4,284.7
2009,12,13,5,285.3
2009,12,13,6,285.5
2009,12,13,7,287.7
2009,12,14,0,286.7
2009,12,14,1,285.7
2009,12,14,2,285.3
2009,12,14,3,284.7
2009,12,14,4,284.4
2009,12,14,5,284.6
2009,12,14,6,285.2
2009,12,14,7,285.7
2009,12,15,0,285.3
2009,12,15,1,285.3
2009,12,15,2,285.1
2009,12,15,3,283.9
2009,12,15,4,284.1
2009,12,15,5,284.9
2009,12,15,6,284.9
2009,12,15,7,284.3
2009,12,16,0,285.0
2009,12,16,1,284.5
2009,12,16,2,284.0
2009,12,16,3,283.1
2009,12,16,4,282.9
2009,12,16,5,283.4
2009,12,16,6,284.1
2009,12,16,7,282.8
2009,12,17,0,285.0
2009,12,17,1,284.5
2009,12,17,2,282.8
2009,12,17,3,279.9
2009,12,17,4,278.1
2009,12,17,5,280.3
2009,12,17,6,281.7
2009,12,17,7,281.2
2009,12,18,0,280.9
2009,12,18,1,278.1
2009,12,18,2,278.6
2009,12,18,3,278.9
2009,12,18,4,278.9
2009,12,18,5,280.0
2009,12,18,6,281.4
2009,12,18,7,280.2
2009,12,19,0,279.0
2009,12,19,1,279.9
2009,12,19,2,279.3
2009,12,19,3,279.1
2009,12,19,4,279.4
2009,12,19,5,281.0
2009,12,19,6,282.4
2009,12,19,7,282.0
2009,12,20,0,281.4
2009,12,20,1,281.9
2009,12,20,2,281.5
2009,12,20,3,282.2
2009,12,20,4,281.6
2009,12,20,5,282.2
2009,12,20,6,283.3
2009,12,20,7,282.8
2009,12,21,0,282.2
2009,12,21,1,283.0
2009,12,21,2,282.7
2009,12,21,3,282.1
2009,12,21,4,281.9
2009,12,21,5,282.6
2009,12,21,6,284.2
2009,12,21,7,282.6
2009,12,22,0,282.7
2009,12,22,1,282.0
2009,12,22,2,281.7
2009,12,22,3,281.2
2009,12,22,4,281.4
2009,12,22,5,282.7
2009,12,22,6,284.2
2009,12,22,7,283.0
2009,12,23,0,284.8
2009,12,23,1,283.3
2009,12,23,2,282.8
2009,12,23,3,282.8
2009,12,23,4,282.8
2009,12,23,5,283.2
2009,12,23,6,284.4
2009,12,23,7,283.1
2009,12,24,0,282.7
2009,12,24,1,282.6
2009,12,24,2,282.1
2009,12,24,3,281.7
2009,12,24,4,281.5
2009,12,24,5,282.1
2009,12,24,6,283.5
2009,12,24,7,282.0
2009,12,25,0,283.3
2009,12,25,1,282.9
2009,12,25,2,282.8
2009,12,25,3,283.4
2009,12,25,4,283.6
2009,12,25,5,283.2
2009,12,25,6,283.4
2009,12,25,7,283.4
2009,12,26,0,285.1
2009,12,26,1,285.9
2009,12,26,2,286.5
2009,12,26,3,285.6
2009,12,26,4,285.6
2009,12,26,5,284.9
2009,12,26,6,284.9
2009,12,26,7,286.4
2009,12,27,0,287.5
2009,12,27,1,287.6
2009,12,27,2,287.5
2009,12,27,3,286.7
2009,12,27,4,288.7
2009,12,27,5,288.5
2009,12,27,6,288.3
2009,12,27,7,288.2
2009,12,28,0,287.7
2009,12,28,1,287.4
2009,12,28,2,287.6
2009,12,28,3,287.0
2009,12,28,4,287.6
2009,12,28,5,286.8
2009,12,28,6,287.9
2009,12,28,7,288.4
2009,12,29,0,288.1
2009,12,29,1,287.6
2009,12,29,2,287.8
2009,12,29,3,286.0
2009,12,29,4,286.6
2009,12,29,5,286.6
2009,12,29,6,284.7
2009,12,29,7,285.2
2009,12,30,0,285.6
2009,12,30,1,285.7
2009,12,30,2,285.9
2009,12,30,3,285.1
2009,12,30,4,285.7
2009,12,30,5,285.9
2009,12,30,6,286.2
2009,12,30,7,286.4
2009,12,31,0,288.2
2009,12,31,1,287.7
2009,12,31,2,286.9
2009,12,31,3,286.1
2009,12,31,4,286.3
2009,12,31,5,285.4
2009,12,31,6,285.0
2009,12,31,7,286.5
2009,12,1,0,287.2
2009,12,1,1,286.2
2009,12,1,2,285.8
2009,12,1,3,285.3
2009,12,1,4,284.7
2009,12,1,5,284.8
2009,12,1,6,285.9
2009,12,1,7,288.3
2009,12,2,0,286.7
2009,12,2,1,286.7
2009,12,2,2,286.0
2009,12,2,3,285.0
2009,12,2,4,285.0
2009,12,2,5,285.6
2009,12,2,6,286.1
2009,12,2,7,285.4
2009,12,3,0,287.4
2009,12,3,1,287.3
2009,12,3,2,287.0
2009,12,3,3,285.9
2009,12,3,4,285.2
2009,12,3,5,286.0
2009,12,3,6,286.6
2009,12,3,7,287.2
2009,12,4,0,286.7
2009,12,4,1,286.4
2009,12,4,2,286.6
2009,12,4,3,286.1
2009,12,4,4,285.7
2009,12,4,5,286.7
2009,12,4,6,286.5
2009,12,4,7,287.7
2009,12,5,0,286.7
2009,12,5,1,286.4
2009,12,5,2,286.1
2009,12,5,3,285.6
2009,12,5,4,285.1
2009,12,5,5,285.2
2009,12,5,6,285.6
2009,12,5,7,286.8
2009,12,6,0,285.4
2009,12,6,1,285.0
2009,12,6,2,285.1
2009,12,6,3,285.3
2009,12,6,4,285.4
2009,12,6,5,285.1
2009,12,6,6,285.5
2009,12,6,7,287.5
2009,12,7,0,286.4
2009,12,7,1,285.7
2009,12,7,2,285.6
2009,12,7,3,284.8
2009,12,7,4,285.0
2009,12,7,5,284.3
2009,12,7,6,285.3
2009,12,7,7,287.2
2009,12,8,0,287.7
2009,12,8,1,286.6
2009,12,8,2,285.8
2009,12,8,3,286.1
2009,12,8,4,286.7
2009,12,8,5,284.5
2009,12,8,6,285.5
2009,12,8,7,287.2
2009,12,9,0,286.4
2009,12,9,1,284.9
2009,12,9,2,284.2
2009,12,9,3,282.9
2009,12,9,4,283.4
2009,12,9,5,283.5
2009,12,9,6,284.2
2009,12,9,7,283.5
2009,12,10,0,283.3
2009,12,10,1,282.9
2009,12,10,2,282.5
2009,12,10,3,281.7
2009,12,10,4,281.8
2009,12,10,5,283.4
2009,12,10,6,284.7
2009,12,10,7,284.3
2009,12,11,0,285.1
2009,12,11,1,283.5
2009,12,11,2,284.0
2009,12,11,3,284.5
2009,12,11,4,285.6
2009,12,11,5,285.1
2009,12,11,6,285.0
2009,12,11,7,284.4
2009,12,12,0,286.0
2009,12,12,1,286.9
2009,12,12,2,287.4
2009,12,12,3,286.5
2009,12,12,4,286.0
2009,12,12,5,285.7
2009,12,12,6,286.6
2009,12,12,7,289.2
2009,12,13,0,287.2
2009,12,13,1,286.2
2009,12,13,2,284.5
2009,12,13,3,283.4
2009,12,13,4,283.9
2009,12,13,5,282.4
2009,12,13,6,283.4
2009,12,13,7,282.0
2009,12,14,0,282.2
2009,12,14,1,281.1
2009,12,14,2,281.0
2009,12,14,3,281.1
2009,12,14,4,281.2
2009,12,14,5,281.7
2009,12,14,6,282.3
2009,12,14,7,281.7
2009,12,15,0,281.5
2009,12,15,1,281.5
2009,12,15,2,281.6
2009,12,15,3,281.4
2009,12,15,4,280.9
2009,12,15,5,280.9
2009,12,15,6,281.6
2009,12,15,7,279.8
2009,12,16,0,280.6
2009,12,16,1,279.3
2009,12,16,2,279.6
2009,12,16,3,279.3
2009,12,16,4,279.3
2009,12,16,5,280.3
2009,12,16,6,281.2
2009,12,16,7,280.4
2009,12,17,0,282.8
2009,12,17,1,282.1
2009,12,17,2,282.7
2009,12,17,3,282.8
2009,12,17,4,282.2
2009,12,17,5,283.4
2009,12,17,6,282.8
2009,12,17,7,281.0
2009,12,18,0,283.0
2009,12,18,1,283.0
2009,12,18,2,282.5
2009,12,18,3,281.9
2009,12,18,4,281.5
2009,12,18,5,282.0
2009,12,18,6,283.2
2009,12,18,7,282.3
2009,12,19,0,282.6
2009,12,19,1,282.3
2009,12,19,2,282.1
2009,12,19,3,281.6
2009,12,19,4,281.5
2009,12,19,5,283.2
2009,12,19,6,284.5
2009,12,19,7,283.1
2009,12,20,0,284.0
2009,12,20,1,284.0
2009,12,20,2,283.2
2009,12,20,3,283.3
2009,12,20,4,283.9
2009,12,20,5,284.8
2009,12,20,6,285.2
2009,12,20,7,287.2
2009,12,21,0,285.7
2009,12,21,1,284.9
2009,12,21,2,286.3
2009,12,21,3,284.5
2009,12,21,4,284.2
2009,12,21,5,284.1
2009,12,21,6,285.2
2009,12,21,7,287.1
2009,12,22,0,286.2
2009,12,22,1,285.8
2009,12,22,2,286.1
2009,12,22,3,285.8
2009,12,22,4,285.5
2009,12,22,5,284.6
2009,12,22,6,286.3
2009,12,22,7,287.3
2009,12,23,0,287.2
2009,12,23,1,286.0
2009,12,23,2,285.8
2009,12,23,3,283.8
2009,12,23,4,283.9
2009,12,23,5,283.7
2009,12,23,6,284.5
2009,12,23,7,283.4
2009,12,24,0,284.4
2009,12,24,1,283.3
2009,12,24,2,283.2
2009,12,24,3,281.6
2009,12,24,4,281.4
2009,12,24,5,281.2
2009,12,24,6,282.1
2009,12,24,7,281.3
2009,12,25,0,280.4
2009,12,25,1,280.6
2009,12,25,2,280.1
2009,12,25,3,280.2
2009,12,25,4,280.8
2009,12,25,5,281.5
2009,12,25,6,282.9
2009,12,25,7,281.7
2009,12,26,0,282.8
2009,12,26,1,281.6
2009,12,26,2,281.2
2009,12,26,3,280.9
2009,12,26,4,281.4
2009,12,26,5,282.5
2009,12,26,6,283.2
2009,12,26,7,281.7
2009,12,27,0,283.1
2009,12,27,1,281.5
2009,12,27,2,281.7
2009,12,27,3,281.7
2009,12,27,4,282.2
2009,12,27,5,282.3
2009,12,27,6,282.5
2009,12,27,7,281.3
2009,12,28,0,281.3
2009,12,28,1,281.1
2009,12,28,2,281.0
2009,12,28,3,281.0
2009,12,28,4,281.2
2009,12,28,5,281.7
2009,12,28,6,283.5
2009,12,28,7,282.9
2009,12,1,0,282.8
2009,12,1,1,282.9
2009,12,1,2,282.4
2009,12,1,3,282.0
2009,12,1,4,282.4
2009,12,1,5,283.2
2009,12,1,6,285.1
2009,12,1,7,284.6
2009,12,2,0,283.9
2009,12,2,1,283.3
2009,12,2,2,283.1
2009,12,2,3,282.7
2009,12,2,4,283.5
2009,12,2,5,284.1
2009,12,2,6,285.5
2009,12,2,7,284.9
2009,12,3,0,284.8
2009,12,3,1,284.4
2009,12,3,2,284.0
2009,12,3,3,283.4
2009,12,3,4,283.6
2009,12,3,5,282.5
2009,12,3,6,283.7
2009,12,3,7,284.9
2009,12,4,0,283.7
2009,12,4,1,282.4
2009,12,4,2,282.0
2009,12,4,3,281.6
2009,12,4,4,281.7
2009,12,4,5,283.2
2009,12,4,6,283.5
2009,12,4,7,283.3
2009,12,5,0,284.8
2009,12,5,1,285.6
2009,12,5,2,284.3
2009,12,5,3,284.5
2009,12,5,4,284.9
2009,12,5,5,283.2
2009,12,5,6,285.8
2009,12,5,7,286.4
2009,12,6,0,287.1
2009,12,6,1,286.6
2009,12,6,2,286.3
2009,12,6,3,286.5
2009,12,6,4,285.2
2009,12,6,5,285.7
2009,12,6,6,287.1
2009,12,6,7,288.8
2009,12,7,0,288.2
2009,12,7,1,288.2
2009,12,7,2,287.8
2009,12,7,3,287.1
2009,12,7,4,286.8
2009,12,7,5,286.4
2009,12,7,6,286.9
2009,12,7,7,289.3
2009,12,8,0,288.7
2009,12,8,1,287.9
2009,12,8,2,287.4
2009,12,8,3,287.2
2009,12,8,4,287.1
2009,12,8,5,287.2
2009,12,8,6,287.6
2009,12,8,7,288.4
2009,12,9,0,288.0
2009,12,9,1,287.6
2009,12,9,2,287.0
2009,12,9,3,286.0
2009,12,9,4,286.2
2009,12,9,5,285.3
2009,12,9,6,285.6
2009,12,9,7,288.0
2009,12,10,0,286.1
2009,12,10,1,285.5
2009,12,10,2,285.2
2009,12,10,3,284.2
2009,12,10,4,283.4
2009,12,10,5,281.8
2009,12,10,6,282.9
2009,12,10,7,282.7
2009,12,11,0,282.7
2009,12,11,1,282.0
2009,12,11,2,281.2
2009,12,11,3,280.7
2009,12,11,4,280.9
2009,12,11,5,281.8
2009,12,11,6,283.3
2009,12,11,7,282.5
2009,12,12,0,281.8
2009,12,12,1,282.0
2009,12,12,2,282.1
2009,12,12,3,281.7
2009,12,12,4,280.9
2009,12,12,5,281.1
2009,12,12,6,281.6
2009,12,12,7,282.4
2009,12,13,0,281.7
2009,12,13,1,283.7
2009,12,13,2,283.5
2009,12,13,3,283.3
2009,12,13,4,284.0
2009,12,13,5,282.7
2009,12,13,6,283.8
2009,12,13,7,282.7
2009,12,14,0,284.0
2009,12,14,1,285.3
2009,12,14,2,285.4
2009,12,14,3,286.7
2009,12,14,4,286.9
2009,12,14,5,286.2
2009,12,14,6,287.5
2009,12,14,7,287.3
2009,12,15,0,286.8
2009,12,15,1,287.9
2009,12,15,2,288.1
2009,12,15,3,288.4
2009,12,15,4,287.1
2009,12,15,5,287.2
2009,12,15,6,287.7
2009,12,15,7,289.4
2009,12,16,0,288.9
2009,12,16,1,288.7
2009,12,16,2,288.4
2009,12,16,3,287.5
2009,12,16,4,285.8
2009,12,16,5,283.4
2009,12,16,6,284.3
2009,12,16,7,286.3
2009,12,17,0,285.6
2009,12,17,1,284.9
2009,12,17,2,284.7
2009,12,17,3,285.0
2009,12,17,4,285.1
2009,12,17,5,283.2
2009,12,17,6,283.4
2009,12,17,7,282.0
2009,12,18,0,284.0
2009,12,18,1,283.8
2009,12,18,2,284.3
2009,12,18,3,284.0
2009,12,18,4,283.8
2009,12,18,5,283.2
2009,12,18,6,284.3
2009,12,18,7,283.9
2009,12,19,0,283.8
2009,12,19,1,283.1
2009,12,19,2,283.0
2009,12,19,3,283.2
2009,12,19,4,283.5
2009,12,19,5,284.4
2009,12,19,6,285.2
2009,12,19,7,283.4
2009,12,20,0,284.5
2009,12,20,1,284.7
2009,12,20,2,284.3
2009,12,20,3,283.9
2009,12,20,4,283.9
2009,12,20,5,284.5
2009,12,20,6,284.3
2009,12,20,7,284.8
2009,12,21,0,285.5
2009,12,21,1,285.3
2009,12,21,2,285.3
2009,12,21,3,284.4
2009,12,21,4,283.8
2009,12,21,5,283.6
2009,12,21,6,284.1
2009,12,21,7,283.8
2009,12,22,0,284.5
2009,12,22,1,284.8
2009,12,22,2,284.4
2009,12,22,3,283.6
2009,12,22,4,283.4
2009,12,22,5,283.3
2009,12,22,6,283.8
2009,12,22,7,282.7
2009,12,23,0,283.6
2009,12,23,1,283.2
2009,12,23,2,283.6
2009,12,23,3,283.0
2009,12,23,4,282.7
2009,12,23,5,282.8
2009,12,23,6,283.7
2009,12,23,7,282.9
2009,12,24,0,282.4
2009,12,24,1,282.4
2009,12,24,2,282.2
2009,12,24,3,282.3
2009,12,24,4,282.3
2009,12,24,5,282.2
2009,12,24,6,283.8
2009,12,24,7,283.5
2009,12,25,0,283.3
2009,12,25,1,282.1
2009,12,25,2,281.8
2009,12,25,3,281.5
2009,12,25,4,281.5
2009,12,25,5,282.3
2009,12,25,6,283.8
2009,12,25,7,283.0
2009,12,26,0,282.7
2009,12,26,1,282.6
2009,12,26,2,282.3
2009,12,26,3,282.0
2009,12,26,4,281.3
2009,12,26,5,281.0
2009,12,26,6,282.6
2009,12,26,7,282.3
2009,12,27,0,281.4
2009,12,27,1,280.9
2009,12,27,2,280.9
2009,12,27,3,281.0
2009,12,27,4,281.4
2009,12,27,5,282.3
2009,12,27,6,283.6
2009,12,27,7,282.3
2009,12,28,0,282.3
2009,12,28,1,282.2
2009,12,28,2,282.0
2009,12,28,3,282.1
2009,12,28,4,281.9
2009,12,28,5,282.3
2009,12,28,6,283.8
2009,12,28,7,282.4
2009,12,29,0,282.7
2009,12,29,1,282.5
2009,12,29,2,282.3
2009,12,29,3,281.5
2009,12,29,4,282.3
2009,12,29,5,282.7
2009,12,29,6,283.2
2009,12,29,7,282.2
2009,12,30,0,283.1
2009,12,30,1,283.8
2009,12,30,2,285.1
2009,12,30,3,284.4
2009,12,30,4,284.3
2009,12,30,5,282.4
2009,12,30,6,283.2
2009,12,30,7,284.0
2009,12,31,0,284.4
2009,12,31,1,283.5
2009,12,31,2,284.5
2009,12,31,3,284.9
2009,12,31,4,284.6
2009,12,31,5,284.8
2009,12,31,6,284.0
2009,12,31,7,284.9
2009,12,1,0,286.2
2009,12,1,1,286.2
2009,12,1,2,285.7
2009,12,1,3,285.3
2009,12,1,4,284.9
2009,12,1,5,285.3
2009,12,1,6,283.9
2009,12,1,7,283.8
2009,12,2,0,283.7
2009,12,2,1,283.7
2009,12,2,2,283.5
2009,12,2,3,282.8
2009,12,2,4,282.3
2009,12,2,5,281.6
2009,12,2,6,282.5
2009,12,2,7,282.1
2009,12,3,0,283.4
2009,12,3,1,284.0
2009,12,3,2,283.4
2009,12,3,3,282.6
2009,12,3,4,282.0
2009,12,3,5,281.6
2009,12,3,6,282.6
2009,12,3,7,283.2
2009,12,4,0,283.5
2009,12,4,1,283.0
2009,12,4,2,283.6
2009,12,4,3,282.4
2009,12,4,4,282.1
2009,12,4,5,282.4
2009,12,4,6,283.8
2009,12,4,7,282.6
2009,12,5,0,284.2
2009,12,5,1,284.0
2009,12,5,2,284.0
2009,12,5,3,283.4
2009,12,5,4,283.3
2009,12,5,5,284.1
2009,12,5,6,285.1
2009,12,5,7,283.8
2009,12,6,0,285.0
2009,12,6,1,284.2
2009,12,6,2,284.2
2009,12,6,3,284.2
2009,12,6,4,284.4
2009,12,6,5,284.1
2009,12,6,6,285.0
2009,12,6,7,284.2
2009,12,7,0,285.4
2009,12,7,1,285.7
2009,12,7,2,285.5
2009,12,7,3,284.4
2009,12,7,4,284.5
2009,12,7,5,284.5
2009,12,7,6,285.7
2009,12,7,7,285.4
2009,12,8,0,285.8
2009,12,8,1,286.3
2009,12,8,2,285.8
2009,12,8,3,285.4
2009,12,8,4,284.1
2009,12,8,5,283.7
2009,12,8,6,284.2
2009,12,8,7,284.4
2009,12,9,0,284.8
2009,12,9,1,285.8
2009,12,9,2,285.4
2009,12,9,3,284.1
2009,12,9,4,284.3
2009,12,9,5,283.3
2009,12,9,6,284.1
2009,12,9,7,283.4
2009,12,10,0,284.6
2009,12,10,1,286.0
2009,12,10,2,286.2
2009,12,10,3,284.9
2009,12,10,4,284.2
2009,12,10,5,284.1
2009,12,10,6,285.1
2009,12,10,7,284.2
2009,12,11,0,285.5
2009,12,11,1,285.6
2009,12,11,2,285.1
2009,12,11,3,284.2
2009,12,11,4,284.1
2009,12,11,5,283.1
2009,12,11,6,284.4
2009,12,11,7,283.9
2009,12,12,0,284.3
2009,12,12,1,285.9
2009,12,12,2,283.0
2009,12,12,3,282.7
2009,12,12,4,282.7
2009,12,12,5,282.6
2009,12,12,6,284.1
2009,12,12,7,283.0
2009,12,13,0,283.9
2009,12,13,1,284.6
2009,12,13,2,284.7
2009,12,13,3,284.0
2009,12,13,4,284.0
2009,12,13,5,284.7
2009,12,13,6,284.8
2009,12,13,7,284.5
2009,12,14,0,284.5
2009,12,14,1,285.2
2009,12,14,2,285.9
2009,12,14,3,285.2
2009,12,14,4,285.9
2009,12,14,5,286.8
2009,12,14,6,287.4
2009,12,14,7,288.5
2009,12,15,0,288.7
2009,12,15,1,288.7
2009,12,15,2,288.7
2009,12,15,3,287.8
2009,12,15,4,287.2
2009,12,15,5,286.4
2009,12,15,6,287.0
2009,12,15,7,286.4
2009,12,16,0,287.5
2009,12,16,1,287.6
2009,12,16,2,287.8
2009,12,16,3,287.5
2009,12,16,4,287.7
2009,12,16,5,287.3
2009,12,16,6,287.1
2009,12,16,7,288.6
2009,12,17,0,288.5
2009,12,17,1,289.0
2009,12,17,2,288.8
2009,12,17,3,288.0
2009,12,17,4,287.8
2009,12,17,5,287.7
2009,12,17,6,288.7
2009,12,17,7,289.0
2009,12,18,0,289.1
2009,12,18,1,289.5
2009,12,18,2,288.8
2009,12,18,3,288.6
2009,12,18,4,288.9
2009,12,18,5,288.9
2009,12,18,6,289.0
2009,12,18,7,289.6
2009,12,19,0,288.9
2009,12,19,1,288.9
2009,12,19,2,288.6
2009,12,19,3,288.3
2009,12,19,4,288.0
2009,12,19,5,287.3
2009,12,19,6,287.9
2009,12,19,7,287.5
2009,12,20,0,289.1
2009,12,20,1,288.4
2009,12,20,2,287.7
2009,12,20,3,287.1
2009,12,20,4,286.4
2009,12,20,5,286.2
2009,12,20,6,287.4
2009,12,20,7,286.1
2009,12,21,0,286.5
2009,12,21,1,286.2
2009,12,21,2,285.4
2009,12,21,3,284.7
2009,12,21,4,284.4
2009,12,21,5,284.2
2009,12,21,6,286.0
2009,12,21,7,285.2
2009,12,22,0,285.4
2009,12,22,1,285.2
2009,12,22,2,285.0
2009,12,22,3,284.4
2009,12,22,4,283.6
2009,12,22,5,283.4
2009,12,22,6,284.5
2009,12,22,7,283.2
2009,12,23,0,283.6
2009,12,23,1,282.9
2009,12,23,2,282.4
2009,12,23,3,282.0
2009,12,23,4,282.1
2009,12,23,5,282.5
2009,12,23,6,283.7
2009,12,23,7,282.8
2009,12,24,0,283.9
2009,12,24,1,283.3
2009,12,24,2,283.2
2009,12,24,3,283.1
2009,12,24,4,282.7
2009,12,24,5,282.8
2009,12,24,6,284.0
2009,12,24,7,286.0
2009,12,25,0,284.0
2009,12,25,1,283.7
2009,12,25,2,283.5
2009,12,25,3,282.7
2009,12,25,4,282.3
2009,12,25,5,282.6
2009,12,25,6,284.1
2009,12,25,7,285.7
2009,12,26,0,284.1
2009,12,26,1,283.5
2009,12,26,2,283.6
2009,12,26,3,283.3
2009,12,26,4,283.0
2009,12,26,5,282.6
2009,12,26,6,283.4
2009,12,26,7,282.8
2009,12,27,0,282.9
2009,12,27,1,282.5
2009,12,27,2,282.3
2009,12,27,3,282.2
2009,12,27,4,282.2
2009,12,27,5,282.4
2009,12,27,6,283.7
2009,12,27,7,283.8
2009,12,28,0,283.2
2009,12,28,1,282.7
2009,12,28,2,283.0
2009,12,28,3,283.2
2009,12,28,4,282.9
2009,12,28,5,282.5
2009,12,28,6,283.8
2009,12,28,7,283.5
2009,12,29,0,283.1
2009,12,29,1,282.3
2009,12,29,2,282.2
2009,12,29,3,282.1
2009,12,29,4,281.6
2009,12,29,5,281.8
2009,12,29,6,283.5
2009,12,29,7,283.0
2009,12,30,0,282.4
2009,12,30,1,284.7
2009,12,30,2,286.1
2009,12,30,3,287.4
2009,12,30,4,288.5
2009,12,30,5,285.4
2009,12,30,6,287.4
2009,12,30,7,287.6
2009,12,1,0,288.4
2009,12,1,1,288.3
2009,12,1,2,287.7
2009,12,1,3,287.2
2009,12,1,4,287.0
2009,12,1,5,286.7
2009,12,1,6,286.3
2009,12,1,7,287.1
2009,12,2,0,286.1
2009,12,2,1,285.9
2009,12,2,2,285.4
2009,12,2,3,284.9
2009,12,2,4,284.5
2009,12,2,5,284.7
2009,12,2,6,285.6
2009,12,2,7,285.8
2009,12,3,0,284.8
2009,12,3,1,284.9
2009,12,3,2,284.8
2009,12,3,3,285.3
2009,12,3,4,285.0
2009,12,3,5,284.3
2009,12,3,6,283.5
2009,12,3,7,285.3
2009,12,4,0,283.9
2009,12,4,1,284.0
2009,12,4,2,284.3
2009,12,4,3,283.9
2009,12,4,4,283.3
2009,12,4,5,283.3
2009,12,4,6,284.0
2009,12,4,7,283.7
2009,12,5,0,283.2
2009,12,5,1,282.2
2009,12,5,2,282.1
2009,12,5,3,281.7
2009,12,5,4,281.5
2009,12,5,5,281.6
2009,12,5,6,282.5
2009,12,5,7,282.3
2009,12,6,0,282.5
2009,12,6,1,281.8
2009,12,6,2,281.8
2009,12,6,3,281.3
2009,12,6,4,281.1
2009,12,6,5,280.4
2009,12,6,6,281.5
2009,12,6,7,281.2
2009,12,7,0,281.0
2009,12,7,1,280.6
2009,12,7,2,280.0
2009,12,7,3,279.2
2009,12,7,4,278.6
2009,12,7,5,278.0
2009,12,7,6,278.8
2009,12,7,7,279.0
2009,12,8,0,279.0
2009,12,8,1,278.7
2009,12,8,2,279.2
2009,12,8,3,279.3
2009,12,8,4,278.9
2009,12,8,5,279.8
2009,12,8,6,281.2
2009,12,8,7,281.7
2009,12,9,0,281.7
2009,12,9,1,281.8
2009,12,9,2,281.8
2009,12,9,3,281.4
2009,12,9,4,281.1
2009,12,9,5,281.2
2009,12,9,6,283.0
2009,12,9,7,283.2
2009,12,10,0,283.4
2009,12,10,1,283.1
2009,12,10,2,282.9
2009,12,10,3,282.4
2009,12,10,4,282.3
2009,12,10,5,282.8
2009,12,10,6,284.8
2009,12,10,7,284.0
2009,12,11,0,284.5
2009,12,11,1,284.5
2009,12,11,2,283.9
2009,12,11,3,283.8
2009,12,11,4,284.0
2009,12,11,5,283.9
2009,12,11,6,284.7
2009,12,11,7,285.9
2009,12,12,0,285.9
2009,12,12,1,285.8
2009,12,12,2,285.2
2009,12,12,3,284.1
2009,12,12,4,284.1
2009,12,12,5,283.8
2009,12,12,6,285.0
2009,12,12,7,285.3
2009,12,13,0,285.1
2009,12,13,1,284.0
2009,12,13,2,283.1
2009,12,13,3,282.5
2009,12,13,4,281.9
2009,12,13,5,281.1
2009,12,13,6,282.5
2009,12,13,7,283.9
2009,12,14,0,283.4
2009,12,14,1,282.9
2009,12,14,2,283.3
2009,12,14,3,285.1
2009,12,14,4,285.2
2009,12,14,5,283.9
2009,12,14,6,284.4
2009,12,14,7,285.3
2009,12,15,0,285.1
2009,12,15,1,285.5
2009,12,15,2,284.2
2009,12,15,3,283.8
2009,12,15,4,283.7
2009,12,15,5,283.2
2009,12,15,6,284.1
2009,12,15,7,285.3
2009,12,16,0,284.5
2009,12,16,1,283.5
2009,12,16,2,284.0
2009,12,16,3,283.3
2009,12,16,4,283.7
2009,12,16,5,283.2
2009,12,16,6,284.1
2009,12,16,7,283.7
2009,12,17,0,284.4
2009,12,17,1,283.6
2009,12,17,2,282.7
2009,12,17,3,282.5
2009,12,17,4,283.9
2009,12,17,5,283.9
2009,12,17,6,283.0
2009,12,17,7,284.1
2009,12,18,0,284.5
2009,12,18,1,284.8
2009,12,18,2,283.5
2009,12,18,3,283.6
2009,12,18,4,285.7
2009,12,18,5,286.7
2009,12,18,6,286.4
2009,12,18,7,286.9
2009,12,19,0,287.0
2009,12,19,1,287.1
2009,12,19,2,286.7
2009,12,19,3,286.7
2009,12,19,4,286.6
2009,12,19,5,286.3
2009,12,19,6,285.1
2009,12,19,7,285.9
2009,12,20,0,285.8
2009,12,20,1,285.5
2009,12,20,2,284.7
2009,12,20,3,285.1
2009,12,20,4,284.3
2009,12,20,5,284.0
2009,12,20,6,284.6
2009,12,20,7,284.5
2009,12,21,0,285.6
2009,12,21,1,285.6
2009,12,21,2,285.4
2009,12,21,3,285.3
2009,12,21,4,285.1
2009,12,21,5,285.4
2009,12,21,6,286.4
2009,12,21,7,286.0
2009,12,22,0,286.0
2009,12,22,1,285.6
2009,12,22,2,285.2
2009,12,22,3,284.8
2009,12,22,4,284.5
2009,12,22,5,283.8
2009,12,22,6,284.0
2009,12,22,7,283.7
2009,12,23,0,283.7
2009,12,23,1,283.4
2009,12,23,2,283.2
2009,12,23,3,283.0
2009,12,23,4,282.9
2009,12,23,5,283.2
2009,12,23,6,284.5
2009,12,23,7,284.1
2009,12,24,0,283.9
2009,12,24,1,283.9
2009,12,24,2,284.0
2009,12,24,3,283.6
2009,12,24,4,283.3
2009,12,24,5,283.7
2009,12,24,6,285.1
2009,12,24,7,284.5
2009,12,25,0,284.5
2009,12,25,1,284.2
2009,12,25,2,283.4
2009,12,25,3,282.6
2009,12,25,4,282.4
2009,12,25,5,282.2
2009,12,25,6,282.7
2009,12,25,7,281.7
2009,12,26,0,282.0
2009,12,26,1,281.9
2009,12,26,2,281.5
2009,12,26,3,281.1
2009,12,26,4,281.4
2009,12,26,5,281.3
2009,12,26,6,283.3
2009,12,26,7,283.6
2009,12,27,0,283.4
2009,12,27,1,282.9
2009,12,27,2,282.1
2009,12,27,3,281.7
2009,12,27,4,281.3
2009,12,27,5,280.3
2009,12,27,6,280.5
2009,12,27,7,279.7
2009,12,28,0,279.1
2009,12,28,1,278.5
2009,12,28,2,278.0
2009,12,28,3,277.0
2009,12,28,4,276.4
2009,12,28,5,276.5
2009,12,28,6,276.9
2009,12,28,7,276.6
2009,12,29,0,276.1
2009,12,29,1,274.5
2009,12,29,2,273.7
2009,12,29,3,272.7
2009,12,29,4,272.1
2009,12,29,5,272.0
2009,12,29,6,273.2
2009,12,29,7,272.7
2009,12,30,0,272.8
2009,12,30,1,272.8
2009,12,30,2,272.7
2009,12,30,3,272.9
2009,12,30,4,273.7
2009,12,30,5,273.6
2009,12,30,6,274.6
2009,12,30,7,275.4
2009,12,31,0,275.6
2009,12,31,1,276.9
2009,12,31,2,277.9
2009,12,31,3,278.2
2009,12,31,4,279.1
2009,12,31,5,279.7
2009,12,31,6,280.9
2009,12,31,7,281.2
2009,12,1,0,280.4
2009,12,1,1,279.7
2009,12,1,2,280.4
2009,12,1,3,280.5
2009,12,1,4,280.4
2009,12,1,5,280.2
2009,12,1,6,281.3
2009,12,1,7,281.2
2009,12,2,0,280.7
2009,12,2,1,280.2
2009,12,2,2,280.5
2009,12,2,3,280.7
2009,12,2,4,281.4
2009,12,2,5,281.7
2009,12,2,6,283.2
2009,12,2,7,283.7
2009,12,3,0,283.5
2009,12,3,1,283.7
2009,12,3,2,284.3
2009,12,3,3,284.6
2009,12,3,4,284.9
2009,12,3,5,284.6
2009,12,3,6,285.9
2009,12,3,7,285.6
2009,12,4,0,286.3
2009,12,4,1,286.5
2009,12,4,2,286.2
2009,12,4,3,286.1
2009,12,4,4,286.7
2009,12,4,5,286.5
2009,12,4,6,285.7
2009,12,4,7,286.3
2009,12,5,0,285.5
2009,12,5,1,285.0
2009,12,5,2,284.8
2009,12,5,3,284.6
2009,12,5,4,284.6
2009,12,5,5,284.4
2009,12,5,6,284.7
2009,12,5,7,286.1
2009,12,6,0,285.3
2009,12,6,1,285.3
2009,12,6,2,285.5
2009,12,6,3,285.1
2009,12,6,4,284.9
2009,12,6,5,284.3
2009,12,6,6,285.4
2009,12,6,7,285.5
2009,12,7,0,284.6
2009,12,7,1,284.0
2009,12,7,2,284.2
2009,12,7,3,283.8
2009,12,7,4,283.1
2009,12,7,5,283.0
2009,12,7,6,283.3
2009,12,7,7,283.5
2009,12,8,0,283.3
2009,12,8,1,282.4
2009,12,8,2,281.8
2009,12,8,3,281.4
2009,12,8,4,281.6
2009,12,8,5,281.6
2009,12,8,6,282.2
2009,12,8,7,282.1
2009,12,9,0,282.0
2009,12,9,1,281.6
2009,12,9,2,281.7
2009,12,9,3,281.9
2009,12,9,4,282.0
2009,12,9,5,282.3
2009,12,9,6,282.6
2009,12,9,7,283.5
2009,12,10,0,282.7
2009,12,10,1,282.2
2009,12,10,2,281.4
2009,12,10,3,281.4
2009,12,10,4,281.3
2009,12,10,5,281.3
2009,12,10,6,281.4
2009,12,10,7,282.2
2009,12,11,0,281.8
2009,12,11,1,281.1
2009,12,11,2,280.6
2009,12,11,3,280.7
2009,12,11,4,281.0
2009,12,11,5,280.7
2009,12,11,6,281.4
2009,12,11,7,281.7
2009,12,12,0,281.6
2009,12,12,1,282.0
2009,12,12,2,281.9
2009,12,12,3,282.1
2009,12,12,4,282.2
2009,12,12,5,281.9
2009,12,12,6,282.7
2009,12,12,7,283.2
2009,12,13,0,283.5
2009,12,13,1,283.1
2009,12,13,2,282.9
2009,12,13,3,282.8
2009,12,13,4,282.3
2009,12,13,5,282.2
2009,12,13,6,282.6
2009,12,13,7,282.7
2009,12,14,0,282.2
2009,12,14,1,281.9
2009,12,14,2,281.5
2009,12,14,3,280.9
2009,12,14,4,280.8
2009,12,14,5,280.4
2009,12,14,6,279.8
2009,12,14,7,280.0
2009,12,15,0,279.0
2009,12,15,1,278.3
2009,12,15,2,277.9
2009,12,15,3,277.1
2009,12,15,4,276.9
2009,12,15,5,276.5
2009,12,15,6,278.3
2009,12,15,7,278.7
2009,12,16,0,278.5
2009,12,16,1,280.5
2009,12,16,2,279.1
2009,12,16,3,279.4
2009,12,16,4,282.1
2009,12,16,5,282.7
2009,12,16,6,281.5
2009,12,16,7,281.5
2009,12,17,0,282.4
2009,12,17,1,282.8
2009,12,17,2,283.2
2009,12,17,3,281.9
2009,12,17,4,281.7
2009,12,17,5,282.0
2009,12,17,6,281.8
2009,12,17,7,284.2
2009,12,18,0,283.0
2009,12,18,1,283.1
2009,12,18,2,283.6
2009,12,18,3,284.0
2009,12,18,4,284.3
2009,12,18,5,284.1
2009,12,18,6,284.6
2009,12,18,7,285.1
2009,12,19,0,284.9
2009,12,19,1,284.9
2009,12,19,2,284.4
2009,12,19,3,284.0
2009,12,19,4,284.3
2009,12,19,5,284.2
2009,12,19,6,282.9
2009,12,19,7,282.4
2009,12,20,0,282.3
2009,12,20,1,282.7
2009,12,20,2,282.5
2009,12,20,3,282.1
2009,12,20,4,282.8
2009,12,20,5,282.8
2009,12,20,6,282.2
2009,12,20,7,282.2
2009,12,21,0,282.8
2009,12,21,1,282.2
2009,12,21,2,281.8
2009,12,21,3,281.1
2009,12,21,4,281.5
2009,12,21,5,281.0
2009,12,21,6,281.4
2009,12,21,7,281.3
2009,12,22,0,281.5
2009,12,22,1,281.4
2009,12,22,2,281.3
2009,12,22,3,280.8
2009,12,22,4,280.3
2009,12,22,5,280.2
2009,12,22,6,280.0
2009,12,22,7,279.5
2009,12,23,0,279.1
2009,12,23,1,278.2
2009,12,23,2,277.5
2009,12,23,3,277.0
2009,12,23,4,276.9
2009,12,23,5,276.6
2009,12,23,6,277.7
2009,12,23,7,277.5
2009,12,24,0,277.8
2009,12,24,1,277.7
2009,12,24,2,278.1
2009,12,24,3,277.9
2009,12,24,4,277.7
2009,12,24,5,277.8
2009,12,24,6,279.6
2009,12,24,7,279.2
2009,12,25,0,279.3
2009,12,25,1,279.4
2009,12,25,2,279.9
2009,12,25,3,279.8
2009,12,25,4,279.5
2009,12,25,5,279.5
2009,12,25,6,280.3
2009,12,25,7,280.0
2009,12,26,0,280.3
2009,12,26,1,280.0
2009,12,26,2,280.3
2009,12,26,3,281.6
2009,12,26,4,281.3
2009,12,26,5,281.1
2009,12,26,6,282.6
2009,12,26,7,282.7
2009,12,27,0,282.4
2009,12,27,1,282.3
2009,12,27,2,282.9
2009,12,27,3,283.0
2009,12,27,4,282.9
2009,12,27,5,282.9
2009,12,27,6,283.8
2009,12,27,7,284.5
2009,12,28,0,284.1
2009,12,28,1,283.4
2009,12,28,2,283.1
2009,12,28,3,281.7
2009,12,28,4,282.1
2009,12,28,5,281.7
2009,12,28,6,280.5
2009,12,28,7,281.3
2009,12,29,0,281.7
2009,12,29,1,282.5
2009,12,29,2,282.9
2009,12,29,3,282.0
2009,12,29,4,282.4
2009,12,29,5,282.2
2009,12,29,6,283.2
2009,12,29,7,283.0
2009,12,30,0,282.9
2009,12,30,1,282.6
2009,12,30,2,282.2
2009,12,30,3,281.8
2009,12,30,4,281.4
2009,12,30,5,281.2
2009,12,30,6,281.4
2009,12,30,7,280.0
2009,12,1,0,279.7
2009,12,1,1,278.9
2009,12,1,2,278.5
2009,12,1,3,278.4
2009,12,1,4,278.0
2009,12,1,5,277.9
2009,12,1,6,279.4
2009,12,1,7,279.5
2009,12,2,0,280.1
2009,12,2,1,279.6
2009,12,2,2,279.6
2009,12,2,3,279.9
2009,12,2,4,280.0
2009,12,2,5,279.8
2009,12,2,6,280.9
2009,12,2,7,281.1
2009,12,3,0,280.9
2009,12,3,1,280.8
2009,12,3,2,281.0
2009,12,3,3,280.9
2009,12,3,4,281.0
2009,12,3,5,280.2
2009,12,3,6,280.5
2009,12,3,7,280.0
2009,12,4,0,280.0
2009,12,4,1,279.7
2009,12,4,2,279.8
2009,12,4,3,279.6
2009,12,4,4,280.0
2009,12,4,5,279.9
2009,12,4,6,279.9
2009,12,4,7,280.0
2009,12,5,0,279.6
2009,12,5,1,279.4
2009,12,5,2,279.1
2009,12,5,3,279.9
2009,12,5,4,279.8
2009,12,5,5,279.3
2009,12,5,6,280.7
2009,12,5,7,280.7
2009,12,6,0,282.0
2009,12,6,1,282.1
2009,12,6,2,281.9
2009,12,6,3,281.5
2009,12,6,4,281.6
2009,12,6,5,281.7
2009,12,6,6,282.5
2009,12,6,7,284.4
2009,12,7,0,283.9
2009,12,7,1,283.7
2009,12,7,2,283.0
2009,12,7,3,282.7
2009,12,7,4,282.4
2009,12,7,5,281.9
2009,12,7,6,282.7
2009,12,7,7,283.3
2009,12,8,0,282.7
2009,12,8,1,282.3
2009,12,8,2,282.0
2009,12,8,3,281.9
2009,12,8,4,281.2
2009,12,8,5,280.9
2009,12,8,6,281.8
2009,12,8,7,281.7
2009,12,9,0,281.5
2009,12,9,1,281.2
2009,12,9,2,281.0
2009,12,9,3,280.7
2009,12,9,4,280.7
2009,12,9,5,280.3
2009,12,9,6,280.8
2009,12,9,7,280.6
2009,12,10,0,280.6
2009,12,10,1,279.9
2009,12,10,2,279.8
2009,12,10,3,279.3
2009,12,10,4,278.5
2009,12,10,5,277.5
2009,12,10,6,278.2
2009,12,10,7,278.8
2009,12,11,0,278.6
2009,12,11,1,279.0
2009,12,11,2,279.0
2009,12,11,3,280.2
2009,12,11,4,280.8
2009,12,11,5,282.0
2009,12,11,6,282.4
2009,12,11,7,282.8
2009,12,12,0,282.9
2009,12,12,1,282.6
2009,12,12,2,282.6
2009,12,12,3,281.9
2009,12,12,4,281.8
2009,12,12,5,281.3
2009,12,12,6,280.0
2009,12,12,7,278.0
2009,12,13,0,276.3
2009,12,13,1,275.9
2009,12,13,2,276.3
2009,12,13,3,276.2
2009,12,13,4,276.5
2009,12,13,5,278.4
2009,12,13,6,280.6
2009,12,13,7,281.0
2009,12,14,0,281.6
2009,12,14,1,281.9
2009,12,14,2,281.6
2009,12,14,3,280.6
2009,12,14,4,279.4
2009,12,14,5,278.6
2009,12,14,6,277.8
2009,12,14,7,278.3
2009,12,15,0,276.5
2009,12,15,1,275.2
2009,12,15,2,276.4
2009,12,15,3,277.3
2009,12,15,4,277.3
2009,12,15,5,277.2
2009,12,15,6,277.9
2009,12,15,7,278.7
2009,12,16,0,278.6
2009,12,16,1,278.5
2009,12,16,2,278.4
2009,12,16,3,279.3
2009,12,16,4,279.8
2009,12,16,5,279.7
2009,12,16,6,279.9
2009,12,16,7,280.4
2009,12,17,0,280.9
2009,12,17,1,281.7
2009,12,17,2,281.5
2009,12,17,3,281.0
2009,12,17,4,281.1
2009,12,17,5,281.0
2009,12,17,6,280.4
2009,12,17,7,281.3
2009,12,18,0,282.5
2009,12,18,1,282.5
2009,12,18,2,282.5
2009,12,18,3,282.4
2009,12,18,4,282.7
2009,12,18,5,282.7
2009,12,18,6,282.5
2009,12,18,7,282.6
2009,12,19,0,283.0
2009,12,19,1,282.8
2009,12,19,2,282.6
2009,12,19,3,282.0
2009,12,19,4,282.3
2009,12,19,5,282.6
2009,12,19,6,282.2
2009,12,19,7,282.2
2009,12,20,0,281.9
2009,12,20,1,282.0
2009,12,20,2,280.9
2009,12,20,3,280.1
2009,12,20,4,279.7
2009,12,20,5,279.4
2009,12,20,6,277.6
2009,12,20,7,276.2
2009,12,21,0,274.0
2009,12,21,1,269.9
2009,12,21,2,267.7
2009,12,21,3,266.5
2009,12,21,4,267.3
2009,12,21,5,266.4
2009,12,21,6,267.3
2009,12,21,7,268.8
2009,12,22,0,270.2
2009,12,22,1,271.1
2009,12,22,2,272.5
2009,12,22,3,273.3
2009,12,22,4,273.8
2009,12,22,5,273.6
2009,12,22,6,275.1
2009,12,22,7,274.9
2009,12,23,0,274.1
2009,12,23,1,275.6
2009,12,23,2,274.5
2009,12,23,3,274.7
2009,12,23,4,274.8
2009,12,23,5,274.2
2009,12,23,6,274.5
2009,12,23,7,274.6
2009,12,24,0,273.9
2009,12,24,1,275.4
2009,12,24,2,275.9
2009,12,24,3,275.7
2009,12,24,4,276.1
2009,12,24,5,276.0
2009,12,24,6,277.2
2009,12,24,7,277.2
2009,12,25,0,277.0
2009,12,25,1,276.9
2009,12,25,2,277.5
2009,12,25,3,277.2
2009,12,25,4,277.5
2009,12,25,5,277.3
2009,12,25,6,278.3
2009,12,25,7,278.3
2009,12,26,0,277.9
2009,12,26,1,277.6
2009,12,26,2,277.8
2009,12,26,3,278.0
2009,12,26,4,278.6
2009,12,26,5,278.8
2009,12,26,6,280.0
2009,12,26,7,280.0
2009,12,27,0,279.8
2009,12,27,1,279.6
2009,12,27,2,279.2
2009,12,27,3,279.0
2009,12,27,4,279.3
2009,12,27,5,279.2
2009,12,27,6,279.6
2009,12,27,7,279.4
2009,12,28,0,279.6
2009,12,28,1,279.6
2009,12,28,2,279.6
2009,12,28,3,279.5
2009,12,28,4,279.9
2009,12,28,5,280.1
2009,12,28,6,281.5
2009,12,28,7,281.6
2009,12,29,0,281.5
2009,12,29,1,281.3
2009,12,29,2,281.3
2009,12,29,3,281.1
2009,12,29,4,281.2
2009,12,29,5,281.0
2009,12,29,6,282.8
2009,12,29,7,282.5
2009,12,30,0,282.1
2009,12,30,1,281.3
2009,12,30,2,280.7
2009,12,30,3,280.1
2009,12,30,4,280.4
2009,12,30,5,280.2
2009,12,30,6,280.6
2009,12,30,7,280.4
2009,12,31,0,280.2
2009,12,31,1,279.8
2009,12,31,2,279.4
2009,12,31,3,279.1
2009,12,31,4,279.1
2009,12,31,5,279.3
2009,12,31,6,281.3
2009,12,31,7,281.1
2009,12,1,0,280.9
2009,12,1,1,281.4
2009,12,1,2,281.1
2009,12,1,3,280.8
2009,12,1,4,280.7
2009,12,1,5,280.2
2009,12,1,6,281.6
2009,12,1,7,281.6
2009,12,2,0,281.6
2009,12,2,1,282.2
2009,12,2,2,281.8
2009,12,2,3,281.8
2009,12,2,4,282.2
2009,12,2,5,282.7
2009,12,2,6,284.7
2009,12,2,7,284.6
2009,12,3,0,284.4
2009,12,3,1,284.2
2009,12,3,2,283.3
2009,12,3,3,282.5
2009,12,3,4,283.0
2009,12,3,5,283.0
2009,12,3,6,284.2
2009,12,3,7,284.3
2009,12,4,0,284.0
2009,12,4,1,283.3
2009,12,4,2,283.2
2009,12,4,3,283.3
2009,12,4,4,283.8
2009,12,4,5,283.8
2009,12,4,6,284.1
2009,12,4,7,283.7
2009,12,5,0,284.3
2009,12,5,1,283.8
2009,12,5,2,284.0
2009,12,5,3,283.3
2009,12,5,4,283.2
2009,12,5,5,282.8
2009,12,5,6,283.8
2009,12,5,7,283.7
2009,12,6,0,284.3
2009,12,6,1,284.3
2009,12,6,2,283.9
2009,12,6,3,283.0
2009,12,6,4,283.3
2009,12,6,5,282.7
2009,12,6,6,283.3
2009,12,6,7,282.6
2009,12,7,0,282.4
2009,12,7,1,281.6
2009,12,7,2,280.8
2009,12,7,3,279.8
2009,12,7,4,279.8
2009,12,7,5,279.3
2009,12,7,6,278.5
2009,12,7,7,277.9
2009,12,8,0,277.3
2009,12,8,1,276.4
2009,12,8,2,275.1
2009,12,8,3,273.1
2009,12,8,4,271.9
2009,12,8,5,271.6
2009,12,8,6,269.1
2009,12,8,7,268.2
2009,12,9,0,268.0
2009,12,9,1,268.2
2009,12,9,2,270.0
2009,12,9,3,272.0
2009,12,9,4,273.1
2009,12,9,5,275.5
2009,12,9,6,278.4
2009,12,9,7,279.7
2009,12,10,0,280.3
2009,12,10,1,280.3
2009,12,10,2,281.7
2009,12,10,3,282.5
2009,12,10,4,283.2
2009,12,10,5,282.6
2009,12,10,6,283.5
2009,12,10,7,283.4
2009,12,11,0,284.4
2009,12,11,1,284.6
2009,12,11,2,284.4
2009,12,11,3,283.8
2009,12,11,4,284.5
2009,12,11,5,284.7
2009,12,11,6,285.2
2009,12,11,7,284.6
2009,12,12,0,285.4
2009,12,12,1,284.6
2009,12,12,2,284.3
2009,12,12,3,283.8
2009,12,12,4,285.0
2009,12,12,5,284.1
2009,12,12,6,284.9
2009,12,12,7,284.3
2009,12,13,0,285.0
2009,12,13,1,284.5
2009,12,13,2,284.5
2009,12,13,3,284.7
2009,12,13,4,285.0
2009,12,13,5,285.1
2009,12,13,6,286.2
2009,12,13,7,285.2
2009,12,14,0,285.9
2009,12,14,1,285.8
2009,12,14,2,285.4
2009,12,14,3,285.6
2009,12,14,4,285.7
2009,12,14,5,284.5
2009,12,14,6,284.7
2009,12,14,7,283.9
2009,12,15,0,283.8
2009,12,15,1,283.5
2009,12,15,2,282.8
2009,12,15,3,282.6
2009,12,15,4,282.5
2009,12,15,5,281.8
2009,12,15,6,281.4
2009,12,15,7,280.9
2009,12,16,0,279.8
2009,12,16,1,279.2
2009,12,16,2,277.6
2009,12,16,3,276.6
2009,12,16,4,276.9
2009,12,16,5,277.0
2009,12,16,6,278.7
2009,12,16,7,278.9
2009,12,17,0,279.1
2009,12,17,1,279.3
2009,12,17,2,279.6
2009,12,17,3,279.2
2009,12,17,4,279.5
2009,12,17,5,278.9
2009,12,17,6,279.7
2009,12,17,7,279.1
2009,12,18,0,279.1
2009,12,18,1,278.8
2009,12,18,2,278.7
2009,12,18,3,278.4
2009,12,18,4,278.5
2009,12,18,5,278.3
2009,12,18,6,279.2
2009,12,18,7,278.9
2009,12,19,0,278.1
2009,12,19,1,276.9
2009,12,19,2,276.2
2009,12,19,3,275.5
2009,12,19,4,275.7
2009,12,19,5,276.2
2009,12,19,6,277.2
2009,12,19,7,277.6
2009,12,20,0,277.7
2009,12,20,1,277.8
2009,12,20,2,278.1
2009,12,20,3,277.7
2009,12,20,4,277.7
2009,12,20,5,278.0
2009,12,20,6,280.1
2009,12,20,7,280.3
2009,12,21,0,280.4
2009,12,21,1,280.8
2009,12,21,2,280.6
2009,12,21,3,280.2
2009,12,21,4,280.1
2009,12,21,5,279.7
2009,12,21,6,280.1
2009,12,21,7,278.9
2009,12,22,0,279.1
2009,12,22,1,278.5
2009,12,22,2,277.8
2009,12,22,3,277.1
2009,12,22,4,277.7
2009,12,22,5,277.4
2009,12,22,6,277.9
2009,12,22,7,276.8
2009,12,23,0,277.4
2009,12,23,1,277.5
2009,12,23,2,277.7
2009,12,23,3,277.2
2009,12,23,4,277.3
2009,12,23,5,277.4
2009,12,23,6,279.5
2009,12,23,7,279.9
2009,12,24,0,279.4
2009,12,24,1,279.2
2009,12,24,2,279.6
2009,12,24,3,279.2
2009,12,24,4,280.0
2009,12,24,5,280.6
2009,12,24,6,282.4
2009,12,24,7,282.0
2009,12,25,0,283.1
2009,12,25,1,283.2
2009,12,25,2,283.6
2009,12,25,3,283.3
2009,12,25,4,284.0
2009,12,25,5,284.6
2009,12,25,6,285.2
2009,12,25,7,286.9
2009,12,26,0,286.8
2009,12,26,1,286.6
2009,12,26,2,286.2
2009,12,26,3,285.6
2009,12,26,4,286.0
2009,12,26,5,286.1
2009,12,26,6,287.1
2009,12,26,7,286.8
2009,12,27,0,287.1
2009,12,27,1,286.7
2009,12,27,2,286.6
2009,12,27,3,286.6
2009,12,27,4,286.7
2009,12,27,5,287.1
2009,12,27,6,287.4
2009,12,27,7,287.3
2009,12,28,0,286.4
2009,12,28,1,286.5
2009,12,28,2,286.2
2009,12,28,3,286.6
2009,12,28,4,286.4
2009,12,28,5,285.5
2009,12,28,6,286.0
2009,12,28,7,285.5
2009,12,29,0,285.9
2009,12,29,1,285.4
2009,12,29,2,284.7
2009,12,29,3,284.2
2009,12,29,4,283.9
2009,12,29,5,283.7
2009,12,29,6,284.5
2009,12,29,7,283.6
2009,12,30,0,284.4
2009,12,30,1,283.9
2009,12,30,2,283.3
2009,12,30,3,283.0
2009,12,30,4,283.4
2009,12,30,5,284.2
2009,12,30,6,283.7
2009,12,30,7,282.9
2009,12,31,0,283.4
2009,12,31,1,283.4
2009,12,31,2,283.3
2009,12,31,3,282.6
2009,12,31,4,283.2
2009,12,31,5,282.8
2009,12,31,6,283.5
2009,12,31,7,283.2
2009,12,1,0,283.6
2009,12,1,1,282.6
2009,12,1,2,281.3
2009,12,1,3,281.0
2009,12,1,4,281.3
2009,12,1,5,280.6
2009,12,1,6,281.0
2009,12,1,7,280.2
2009,12,2,0,280.5
2009,12,2,1,279.6
2009,12,2,2,278.6
2009,12,2,3,277.4
2009,12,2,4,277.1
2009,12,2,5,276.8
2009,12,2,6,278.0
2009,12,2,7,278.3
2009,12,3,0,278.5
2009,12,3,1,278.2
2009,12,3,2,278.1
2009,12,3,3,277.3
2009,12,3,4,276.9
2009,12,3,5,276.8
2009,12,3,6,278.4
2009,12,3,7,279.3
2009,12,4,0,279.0
2009,12,4,1,278.8
2009,12,4,2,279.4
2009,12,4,3,279.8
2009,12,4,4,279.9
2009,12,4,5,279.9
2009,12,4,6,281.5
2009,12,4,7,281.9
2009,12,5,0,281.6
2009,12,5,1,282.2
2009,12,5,2,281.4
2009,12,5,3,282.4
2009,12,5,4,281.7
2009,12,5,5,281.6
2009,12,5,6,282.5
2009,12,5,7,283.7
2009,12,6,0,282.3
2009,12,6,1,283.0
2009,12,6,2,283.1
2009,12,6,3,282.6
2009,12,6,4,283.4
2009,12,6,5,283.7
2009,12,6,6,284.6
2009,12,6,7,285.2
2009,12,7,0,283.9
2009,12,7,1,283.1
2009,12,7,2,282.2
2009,12,7,3,281.5
2009,12,7,4,281.4
2009,12,7,5,281.2
2009,12,7,6,280.6
2009,12,7,7,280.7
2009,12,8,0,280.1
2009,12,8,1,279.8
2009,12,8,2,279.2
2009,12,8,3,278.2
2009,12,8,4,277.6
2009,12,8,5,276.9
2009,12,8,6,277.9
2009,12,8,7,277.5
2009,12,9,0,276.5
2009,12,9,1,275.2
2009,12,9,2,273.4
2009,12,9,3,272.0
2009,12,9,4,271.8
2009,12,9,5,272.2
2009,12,9,6,274.0
2009,12,9,7,274.2
2009,12,10,0,274.6
2009,12,10,1,275.7
2009,12,10,2,275.4
2009,12,10,3,275.5
2009,12,10,4,275.7
2009,12,10,5,276.1
2009,12,10,6,277.2
2009,12,10,7,276.2
2009,12,11,0,276.8
2009,12,11,1,276.6
2009,12,11,2,276.2
2009,12,11,3,275.8
2009,12,11,4,276.4
2009,12,11,5,277.7
2009,12,11,6,280.6
2009,12,11,7,281.5
2009,12,12,0,281.4
2009,12,12,1,281.7
2009,12,12,2,282.1
2009,12,12,3,281.2
2009,12,12,4,281.1
2009,12,12,5,281.0
2009,12,12,6,282.3
2009,12,12,7,281.5
2009,12,13,0,281.6
2009,12,13,1,281.7
2009,12,13,2,281.9
2009,12,13,3,281.9
2009,12,13,4,282.4
2009,12,13,5,283.4
2009,12,13,6,284.7
2009,12,13,7,284.1
2009,12,14,0,284.0
2009,12,14,1,283.4
2009,12,14,2,282.9
2009,12,14,3,282.6
2009,12,14,4,283.0
2009,12,14,5,282.8
2009,12,14,6,283.0
2009,12,14,7,282.8
2009,12,15,0,283.6
2009,12,15,1,283.9
2009,12,15,2,283.4
2009,12,15,3,283.0
2009,12,15,4,283.2
2009,12,15,5,282.7
2009,12,15,6,283.0
2009,12,15,7,284.5
2009,12,16,0,282.5
2009,12,16,1,282.8
2009,12,16,2,282.5
2009,12,16,3,283.4
2009,12,16,4,282.9
2009,12,16,5,281.9
2009,12,16,6,280.5
2009,12,16,7,280.8
2009,12,17,0,282.3
2009,12,17,1,280.7
2009,12,17,2,280.5
2009,12,17,3,279.6
2009,12,17,4,278.9
2009,12,17,5,278.6
2009,12,17,6,281.2
2009,12,17,7,282.3
2009,12,18,0,281.9
2009,12,18,1,282.0
2009,12,18,2,282.2
2009,12,18,3,282.1
2009,12,18,4,281.6
2009,12,18,5,282.2
2009,12,18,6,284.3
2009,12,18,7,284.5
2009,12,19,0,284.6
2009,12,19,1,284.4
2009,12,19,2,284.0
2009,12,19,3,283.4
2009,12,19,4,283.5
2009,12,19,5,283.9
2009,12,19,6,285.0
2009,12,19,7,284.0
2009,12,20,0,283.9
2009,12,20,1,282.9
2009,12,20,2,282.4
2009,12,20,3,281.5
2009,12,20,4,280.8
2009,12,20,5,281.4
2009,12,20,6,282.6
2009,12,20,7,281.6
2009,12,21,0,282.0
2009,12,21,1,281.4
2009,12,21,2,281.4
2009,12,21,3,281.2
2009,12,21,4,281.6
2009,12,21,5,281.6
2009,12,21,6,283.0
2009,12,21,7,281.2
2009,12,22,0,281.4
2009,12,22,1,280.4
2009,12,22,2,279.6
2009,12,22,3,279.3
2009,12,22,4,279.6
2009,12,22,5,279.5
2009,12,22,6,280.2
2009,12,22,7,279.8
2009,12,23,0,279.8
2009,12,23,1,279.7
2009,12,23,2,279.9
2009,12,23,3,280.0
2009,12,23,4,280.5
2009,12,23,5,282.3
2009,12,23,6,284.3
2009,12,23,7,283.6
2009,12,24,0,283.1
2009,12,24,1,282.5
2009,12,24,2,282.4
2009,12,24,3,282.3
2009,12,24,4,282.3
2009,12,24,5,283.0
2009,12,24,6,283.9
2009,12,24,7,283.0
2009,12,25,0,283.4
2009,12,25,1,282.8
2009,12,25,2,282.5
2009,12,25,3,281.9
2009,12,25,4,281.8
2009,12,25,5,281.2
2009,12,25,6,282.9
2009,12,25,7,283.1
2009,12,26,0,283.2
2009,12,26,1,282.9
2009,12,26,2,282.2
2009,12,26,3,281.5
2009,12,26,4,280.9
2009,12,26,5,280.3
2009,12,26,6,281.2
2009,12,26,7,280.9
2009,12,27,0,281.3
2009,12,27,1,280.9
2009,12,27,2,280.3
2009,12,27,3,279.1
2009,12,27,4,278.7
2009,12,27,5,277.7
2009,12,27,6,279.0
2009,12,27,7,279.1
2009,12,28,0,279.6
2009,12,28,1,279.6
2009,12,28,2,279.2
2009,12,28,3,278.8
2009,12,28,4,278.8
2009,12,28,5,278.9
2009,12,28,6,279.6
2009,12,28,7,279.4
2009,12,29,0,280.3
2009,12,29,1,280.8
2009,12,29,2,280.6
2009,12,29,3,280.0
2009,12,29,4,280.6
2009,12,29,5,281.1
2009,12,29,6,281.6
2009,12,29,7,281.8
2009,12,30,0,281.7
2009,12,30,1,281.6
2009,12,30,2,280.5
2009,12,30,3,279.5
2009,12,30,4,279.1
2009,12,30,5,278.7
2009,12,30,6,279.9
2009,12,30,7,280.2
2009,12,1,0,280.3
2009,12,1,1,279.9
2009,12,1,2,279.5
2009,12,1,3,278.9
2009,12,1,4,278.9
2009,12,1,5,280.6
2009,12,1,6,282.4
2009,12,1,7,282.0
2009,12,2,0,281.3
2009,12,2,1,281.5
2009,12,2,2,282.5
2009,12,2,3,282.7
2009,12,2,4,283.1
2009,12,2,5,282.1
2009,12,2,6,284.0
2009,12,2,7,283.7
2009,12,3,0,283.8
2009,12,3,1,284.4
2009,12,3,2,284.8
2009,12,3,3,283.3
2009,12,3,4,284.4
2009,12,3,5,284.8
2009,12,3,6,286.0
2009,12,3,7,288.3
2009,12,4,0,287.3
2009,12,4,1,287.1
2009,12,4,2,286.8
2009,12,4,3,285.6
2009,12,4,4,285.2
2009,12,4,5,286.3
2009,12,4,6,284.1
2009,12,4,7,284.1
2009,12,5,0,284.9
2009,12,5,1,284.1
2009,12,5,2,283.8
2009,12,5,3,284.2
2009,12,5,4,284.1
2009,12,5,5,283.3
2009,12,5,6,284.4
2009,12,5,7,284.8
2009,12,6,0,284.4
2009,12,6,1,283.6
2009,12,6,2,282.7
2009,12,6,3,282.9
2009,12,6,4,283.5
2009,12,6,5,283.1
2009,12,6,6,283.0
2009,12,6,7,284.2
2009,12,7,0,283.6
2009,12,7,1,283.5
2009,12,7,2,283.4
2009,12,7,3,283.4
2009,12,7,4,283.5
2009,12,7,5,283.6
2009,12,7,6,284.6
2009,12,7,7,285.3
2009,12,8,0,285.3
2009,12,8,1,285.5
2009,12,8,2,285.1
2009,12,8,3,284.5
2009,12,8,4,284.7
2009,12,8,5,285.3
2009,12,8,6,286.4
2009,12,8,7,287.2
2009,12,9,0,287.2
2009,12,9,1,287.4
2009,12,9,2,287.1
2009,12,9,3,286.6
2009,12,9,4,286.3
2009,12,9,5,286.1
2009,12,9,6,287.7
2009,12,9,7,287.1
2009,12,10,0,285.9
2009,12,10,1,285.7
2009,12,10,2,284.4
2009,12,10,3,284.2
2009,12,10,4,284.3
2009,12,10,5,283.6
2009,12,10,6,284.9
2009,12,10,7,284.3
2009,12,11,0,282.7
2009,12,11,1,281.2
2009,12,11,2,279.9
2009,12,11,3,279.0
2009,12,11,4,278.7
2009,12,11,5,278.7
2009,12,11,6,279.5
2009,12,11,7,279.4
2009,12,12,0,280.9
2009,12,12,1,281.0
2009,12,12,2,280.8
2009,12,12,3,280.1
2009,12,12,4,280.3
2009,12,12,5,281.5
2009,12,12,6,283.7
2009,12,12,7,281.9
2009,12,13,0,282.6
2009,12,13,1,281.1
2009,12,13,2,280.8
2009,12,13,3,280.7
2009,12,13,4,280.9
2009,12,13,5,280.2
2009,12,13,6,280.0
2009,12,13,7,280.1
2009,12,14,0,279.9
2009,12,14,1,278.6
2009,12,14,2,277.3
2009,12,14,3,276.9
2009,12,14,4,276.8
2009,12,14,5,277.0
2009,12,14,6,278.2
2009,12,14,7,278.2
2009,12,15,0,278.5
2009,12,15,1,278.7
2009,12,15,2,278.3
2009,12,15,3,277.2
2009,12,15,4,276.9
2009,12,15,5,276.7
2009,12,15,6,277.6
2009,12,15,7,278.3
2009,12,16,0,278.5
2009,12,16,1,278.1
2009,12,16,2,278.2
2009,12,16,3,277.9
2009,12,16,4,278.2
2009,12,16,5,278.4
2009,12,16,6,279.8
2009,12,16,7,280.2
2009,12,17,0,280.9
2009,12,17,1,280.9
2009,12,17,2,281.1
2009,12,17,3,280.6
2009,12,17,4,280.7
2009,12,17,5,281.5
2009,12,17,6,282.9
2009,12,17,7,283.0
2009,12,18,0,283.1
2009,12,18,1,282.5
2009,12,18,2,281.9
2009,12,18,3,281.1
2009,12,18,4,280.9
2009,12,18,5,281.1
2009,12,18,6,282.5
2009,12,18,7,283.0
2009,12,19,0,283.0
2009,12,19,1,283.2
2009,12,19,2,282.7
2009,12,19,3,282.1
2009,12,19,4,281.8
2009,12,19,5,282.5
2009,12,19,6,284.3
2009,12,19,7,283.8
2009,12,20,0,284.3
2009,12,20,1,283.9
2009,12,20,2,283.5
2009,12,20,3,282.6
2009,12,20,4,282.4
2009,12,20,5,282.1
2009,12,20,6,282.7
2009,12,20,7,282.6
2009,12,21,0,283.8
2009,12,21,1,282.8
2009,12,21,2,282.0
2009,12,21,3,281.9
2009,12,21,4,282.1
2009,12,21,5,282.8
2009,12,21,6,284.0
2009,12,21,7,284.3
2009,12,22,0,285.2
2009,12,22,1,284.9
2009,12,22,2,284.5
2009,12,22,3,284.0
2009,12,22,4,283.6
2009,12,22,5,283.7
2009,12,22,6,284.7
2009,12,22,7,286.7
2009,12,23,0,285.7
2009,12,23,1,284.5
2009,12,23,2,283.2
2009,12,23,3,282.7
2009,12,23,4,283.5
2009,12,23,5,282.8
2009,12,23,6,282.3
2009,12,23,7,285.2
2009,12,24,0,284.0
2009,12,24,1,283.9
2009,12,24,2,283.4
2009,12,24,3,283.2
2009,12,24,4,283.9
2009,12,24,5,284.3
2009,12,24,6,284.5
2009,12,24,7,286.0
2009,12,25,0,285.0
2009,12,25,1,284.7
2009,12,25,2,284.6
2009,12,25,3,284.2
2009,12,25,4,283.5
2009,12,25,5,283.8
2009,12,25,6,285.1
2009,12,25,7,286.8
2009,12,26,0,285.7
2009,12,26,1,284.9
2009,12,26,2,284.0
2009,12,26,3,283.7
2009,12,26,4,283.8
2009,12,26,5,283.7
2009,12,26,6,284.4
2009,12,26,7,286.4
2009,12,27,0,285.1
2009,12,27,1,284.4
2009,12,27,2,283.7
2009,12,27,3,283.2
2009,12,27,4,283.5
2009,12,27,5,283.7
2009,12,27,6,284.1
2009,12,27,7,284.9
2009,12,28,0,285.1
2009,12,28,1,285.3
2009,12,28,2,285.8
2009,12,28,3,285.3
2009,12,28,4,286.2
2009,12,28,5,287.2
2009,12,28,6,289.8
2009,12,28,7,288.3
2009,12,29,0,288.2
2009,12,29,1,288.8
2009,12,29,2,288.4
2009,12,29,3,288.5
2009,12,29,4,289.1
2009,12,29,5,289.3
2009,12,29,6,289.9
2009,12,29,7,290.3
2009,12,30,0,289.6
2009,12,30,1,289.3
2009,12,30,2,289.7
2009,12,30,3,289.1
2009,12,30,4,288.1
2009,12,30,5,287.6
2009,12,30,6,287.5
2009,12,30,7,288.0
2009,12,31,0,288.2
2009,12,31,1,288.6
2009,12,31,2,288.1
2009,12,31,3,287.4
2009,12,31,4,288.1
2009,12,31,5,286.3
2009,12,31,6,285.4
2009,12,31,7,286.4
2009,12,1,0,287.3
2009,12,1,1,288.0
2009,12,1,2,287.7
2009,12,1,3,286.2
2009,12,1,4,285.7
2009,12,1,5,284.4
2009,12,1,6,284.9
2009,12,1,7,286.4
2009,12,2,0,286.0
2009,12,2,1,283.5
2009,12,2,2,283.7
2009,12,2,3,284.6
2009,12,2,4,285.4
2009,12,2,5,283.0
2009,12,2,6,283.5
2009,12,2,7,286.3
2009,12,3,0,285.9
2009,12,3,1,285.9
2009,12,3,2,286.4
2009,12,3,3,285.9
2009,12,3,4,285.9
2009,12,3,5,283.2
2009,12,3,6,283.8
2009,12,3,7,285.7
2009,12,4,0,285.3
2009,12,4,1,284.1
2009,12,4,2,283.3
2009,12,4,3,281.8
2009,12,4,4,282.3
2009,12,4,5,281.2
2009,12,4,6,282.3
2009,12,4,7,285.0
2009,12,5,0,285.0
2009,12,5,1,283.4
2009,12,5,2,281.9
2009,12,5,3,281.2
2009,12,5,4,283.3
2009,12,5,5,281.6
2009,12,5,6,282.8
2009,12,5,7,282.0
2009,12,6,0,283.1
2009,12,6,1,282.0
2009,12,6,2,281.5
2009,12,6,3,279.8
2009,12,6,4,280.4
2009,12,6,5,278.9
2009,12,6,6,281.0
2009,12,6,7,281.2
2009,12,7,0,281.3
2009,12,7,1,281.0
2009,12,7,2,280.2
2009,12,7,3,279.8
2009,12,7,4,280.0
2009,12,7,5,280.6
2009,12,7,6,282.0
2009,12,7,7,281.4
2009,12,8,0,281.3
2009,12,8,1,281.1
2009,12,8,2,281.0
2009,12,8,3,280.5
2009,12,8,4,280.6
2009,12,8,5,282.3
2009,12,8,6,284.6
2009,12,8,7,283.2
2009,12,9,0,283.2
2009,12,9,1,282.1
2009,12,9,2,281.8
2009,12,9,3,281.8
2009,12,9,4,281.7
2009,12,9,5,283.1
2009,12,9,6,285.3
2009,12,9,7,284.2
2009,12,10,0,284.0
2009,12,10,1,283.5
2009,12,10,2,283.6
2009,12,10,3,283.2
2009,12,10,4,283.1
2009,12,10,5,284.1
2009,12,10,6,286.5
2009,12,10,7,285.9
2009,12,11,0,285.3
2009,12,11,1,285.0
2009,12,11,2,284.6
2009,12,11,3,284.6
2009,12,11,4,285.0
2009,12,11,5,286.3
2009,12,11,6,287.2
2009,12,11,7,286.4
2009,12,12,0,286.6
2009,12,12,1,285.9
2009,12,12,2,285.3
2009,12,12,3,285.0
2009,12,12,4,285.2
2009,12,12,5,286.7
2009,12,12,6,287.8
2009,12,12,7,286.3
2009,12,13,0,286.5
2009,12,13,1,285.7
2009,12,13,2,284.7
2009,12,13,3,284.4
2009,12,13,4,284.9
2009,12,13,5,287.0
2009,12,13,6,289.0
2009,12,13,7,286.7
2009,12,14,0,287.5
2009,12,14,1,287.6
2009,12,14,2,287.7
2009,12,14,3,287.4
2009,12,14,4,287.2
2009,12,14,5,286.9
2009,12,14,6,287.6
2009,12,14,7,289.8
2009,12,15,0,289.1
2009,12,15,1,288.9
2009,12,15,2,288.4
2009,12,15,3,287.9
2009,12,15,4,287.7
2009,12,15,5,288.5
2009,12,15,6,288.3
2009,12,15,7,288.9
2009,12,16,0,287.9
2009,12,16,1,287.5
2009,12,16,2,287.1
2009,12,16,3,286.5
2009,12,16,4,286.2
2009,12,16,5,286.7
2009,12,16,6,286.0
2009,12,16,7,286.9
2009,12,17,0,286.8
2009,12,17,1,286.1
2009,12,17,2,285.2
2009,12,17,3,284.8
2009,12,17,4,285.2
2009,12,17,5,286.8
2009,12,17,6,288.4
2009,12,17,7,288.2
2009,12,18,0,286.9
2009,12,18,1,286.3
2009,12,18,2,285.4
2009,12,18,3,285.4
2009,12,18,4,286.4
2009,12,18,5,286.9
2009,12,18,6,287.1
2009,12,18,7,287.2
2009,12,19,0,287.0
2009,12,19,1,287.1
2009,12,19,2,287.4
2009,12,19,3,286.7
2009,12,19,4,286.1
2009,12,19,5,285.8
2009,12,19,6,286.5
2009,12,19,7,287.3
2009,12,20,0,287.8
2009,12,20,1,286.5
2009,12,20,2,285.9
2009,12,20,3,286.2
2009,12,20,4,286.6
2009,12,20,5,287.4
2009,12,20,6,287.1
2009,12,20,7,288.5
2009,12,21,0,287.2
2009,12,21,1,287.4
2009,12,21,2,287.2
2009,12,21,3,286.3
2009,12,21,4,286.5
2009,12,21,5,287.7
2009,12,21,6,287.7
2009,12,21,7,286.9
2009,12,22,0,287.3
2009,12,22,1,287.5
2009,12,22,2,286.4
2009,12,22,3,285.4
2009,12,22,4,285.7
2009,12,22,5,286.7
2009,12,22,6,288.7
2009,12,22,7,288.2
2009,12,23,0,288.2
2009,12,23,1,287.9
2009,12,23,2,287.0
2009,12,23,3,285.9
2009,12,23,4,285.5
2009,12,23,5,286.6
2009,12,23,6,286.9
2009,12,23,7,288.4
2009,12,24,0,288.3
2009,12,24,1,286.8
2009,12,24,2,283.9
2009,12,24,3,282.5
2009,12,24,4,284.2
2009,12,24,5,285.8
2009,12,24,6,287.4
2009,12,24,7,286.6
2009,12,25,0,286.9
2009,12,25,1,285.3
2009,12,25,2,285.5
2009,12,25,3,285.7
2009,12,25,4,287.2
2009,12,25,5,286.2
2009,12,25,6,287.3
2009,12,25,7,288.4
2009,12,26,0,287.3
2009,12,26,1,287.9
2009,12,26,2,287.5
2009,12,26,3,286.5
2009,12,26,4,285.7
2009,12,26,5,286.5
2009,12,26,6,287.5
2009,12,26,7,289.2
2009,12,27,0,288.4
2009,12,27,1,287.8
2009,12,27,2,286.9
2009,12,27,3,286.6
2009,12,27,4,287.2
2009,12,27,5,287.8
2009,12,27,6,288.0
2009,12,27,7,289.5
2009,12,28,0,289.1
2009,12,28,1,288.4
2009,12,28,2,287.0
2009,12,28,3,285.4
2009,12,28,4,285.4
2009,12,28,5,286.7
2009,12,28,6,286.6
2009,12,28,7,287.8
2009,12,29,0,286.8
2009,12,29,1,286.1
2009,12,29,2,285.1
2009,12,29,3,283.8
2009,12,29,4,284.4
2009,12,29,5,285.6
2009,12,29,6,285.3
2009,12,29,7,286.9
2009,12,30,0,286.7
2009,12,30,1,286.6
2009,12,30,2,286.3
2009,12,30,3,284.9
2009,12,30,4,284.4
2009,12,30,5,285.2
2009,12,30,6,285.4
2009,12,30,7,286.7
2009,12,1,0,286.5
2009,12,1,1,286.5
2009,12,1,2,286.3
2009,12,1,3,285.0
2009,12,1,4,284.5
2009,12,1,5,285.4
2009,12,1,6,285.1
2009,12,1,7,285.4
2009,12,2,0,284.6
2009,12,2,1,284.5
2009,12,2,2,284.3
2009,12,2,3,283.7
2009,12,2,4,283.5
2009,12,2,5,284.3
2009,12,2,6,284.0
2009,12,2,7,284.4
2009,12,3,0,285.1
2009,12,3,1,285.3
2009,12,3,2,284.2
2009,12,3,3,283.5
2009,12,3,4,283.1
2009,12,3,5,284.6
2009,12,3,6,284.5
2009,12,3,7,287.1
2009,12,4,0,285.9
2009,12,4,1,285.5
2009,12,4,2,285.8
2009,12,4,3,285.3
2009,12,4,4,284.5
2009,12,4,5,284.0
2009,12,4,6,285.1
2009,12,4,7,287.4
2009,12,5,0,285.5
2009,12,5,1,284.5
2009,12,5,2,283.0
2009,12,5,3,282.2
2009,12,5,4,281.5
2009,12,5,5,283.2
2009,12,5,6,284.7
2009,12,5,7,283.4
2009,12,6,0,283.9
2009,12,6,1,283.2
2009,12,6,2,282.6
2009,12,6,3,282.5
2009,12,6,4,282.1
2009,12,6,5,283.3
2009,12,6,6,283.8
2009,12,6,7,282.3
2009,12,7,0,282.1
2009,12,7,1,282.0
2009,12,7,2,281.4
2009,12,7,3,281.2
2009,12,7,4,283.3
2009,12,7,5,281.9
2009,12,7,6,283.7
2009,12,7,7,283.7
2009,12,8,0,283.7
2009,12,8,1,283.5
2009,12,8,2,282.5
2009,12,8,3,281.6
2009,12,8,4,282.1
2009,12,8,5,282.7
2009,12,8,6,284.0
2009,12,8,7,283.6
2009,12,9,0,284.1
2009,12,9,1,284.0
2009,12,9,2,283.7
2009,12,9,3,283.1
2009,12,9,4,283.1
2009,12,9,5,284.0
2009,12,9,6,284.9
2009,12,9,7,285.9
2009,12,10,0,285.5
2009,12,10,1,284.8
2009,12,10,2,284.5
2009,12,10,3,283.9
2009,12,10,4,283.2
2009,12,10,5,283.6
2009,12,10,6,283.4
2009,12,10,7,285.5
2009,12,11,0,284.7
2009,12,11,1,282.9
2009,12,11,2,282.1
2009,12,11,3,281.7
2009,12,11,4,281.5
2009,12,11,5,282.9
2009,12,11,6,283.6
2009,12,11,7,285.3
2009,12,12,0,284.1
2009,12,12,1,283.7
2009,12,12,2,283.7
2009,12,12,3,283.3
2009,12,12,4,283.9
2009,12,12,5,285.4
2009,12,12,6,286.4
2009,12,12,7,287.4
2009,12,13,0,288.0
2009,12,13,1,288.8
2009,12,13,2,288.2
2009,12,13,3,289.0
2009,12,13,4,289.1
2009,12,13,5,286.2
2009,12,13,6,290.9
2009,12,13,7,288.9
2009,12,14,0,287.5
2009,12,14,1,286.4
2009,12,14,2,286.3
2009,12,14,3,284.0
2009,12,14,4,284.6
2009,12,14,5,286.8
2009,12,14,6,286.8
2009,12,14,7,288.3
2009,12,15,0,287.8
2009,12,15,1,287.3
2009,12,15,2,286.6
2009,12,15,3,285.9
2009,12,15,4,286.0
2009,12,15,5,286.8
2009,12,15,6,287.8
2009,12,15,7,288.4
2009,12,16,0,288.3
2009,12,16,1,288.2
2009,12,16,2,287.6
2009,12,16,3,286.5
2009,12,16,4,286.5
2009,12,16,5,286.3
2009,12,16,6,286.8
2009,12,16,7,287.3
2009,12,17,0,288.0
2009,12,17,1,287.3
2009,12,17,2,286.3
2009,12,17,3,285.0
2009,12,17,4,286.8
2009,12,17,5,285.8
2009,12,17,6,286.6
2009,12,17,7,284.9
2009,12,18,0,286.4
2009,12,18,1,286.1
2009,12,18,2,284.2
2009,12,18,3,284.1
2009,12,18,4,284.7
2009,12,18,5,284.6
2009,12,18,6,284.6
2009,12,18,7,287.6
2009,12,19,0,285.5
2009,12,19,1,286.6
2009,12,19,2,283.6
2009,12,19,3,284.1
2009,12,19,4,283.7
2009,12,19,5,284.7
2009,12,19,6,284.8
2009,12,19,7,287.4
2009,12,20,0,285.9
2009,12,20,1,284.8
2009,12,20,2,283.5
2009,12,20,3,283.5
2009,12,20,4,284.9
2009,12,20,5,283.8
2009,12,20,6,285.7
2009,12,20,7,286.5
2009,12,21,0,284.9
2009,12,21,1,284.5
2009,12,21,2,284.4
2009,12,21,3,285.2
2009,12,21,4,286.5
2009,12,21,5,285.5
2009,12,21,6,286.2
2009,12,21,7,285.0
2009,12,22,0,284.0
2009,12,22,1,284.2
2009,12,22,2,284.4
2009,12,22,3,283.8
2009,12,22,4,283.6
2009,12,22,5,284.3
2009,12,22,6,285.8
2009,12,22,7,286.2
2009,12,23,0,285.5
2009,12,23,1,284.3
2009,12,23,2,283.6
2009,12,23,3,282.9
2009,12,23,4,283.3
2009,12,23,5,284.7
2009,12,23,6,284.3
2009,12,23,7,284.4
2009,12,24,0,285.2
2009,12,24,1,285.0
2009,12,24,2,284.6
2009,12,24,3,284.6
2009,12,24,4,284.7
2009,12,24,5,285.3
2009,12,24,6,285.2
2009,12,24,7,286.0
2009,12,25,0,286.2
2009,12,25,1,286.0
2009,12,25,2,285.1
2009,12,25,3,283.9
2009,12,25,4,284.7
2009,12,25,5,285.4
2009,12,25,6,285.5
2009,12,25,7,285.9
2009,12,26,0,285.0
2009,12,26,1,284.7
2009,12,26,2,284.3
2009,12,26,3,283.1
2009,12,26,4,283.8
2009,12,26,5,283.5
2009,12,26,6,284.6
2009,12,26,7,285.6
2009,12,27,0,285.6
2009,12,27,1,284.4
2009,12,27,2,282.6
2009,12,27,3,282.7
2009,12,27,4,283.6
2009,12,27,5,283.6
2009,12,27,6,282.9
2009,12,27,7,285.0
2009,12,28,0,285.2
2009,12,28,1,283.6
2009,12,28,2,282.7
2009,12,28,3,282.2
2009,12,28,4,283.6
2009,12,28,5,283.5
2009,12,28,6,283.9
2009,12,28,7,283.1
2009,12,29,0,284.5
2009,12,29,1,282.7
2009,12,29,2,281.5
2009,12,29,3,280.5
2009,12,29,4,280.2
2009,12,29,5,282.2
2009,12,29,6,283.1
2009,12,29,7,281.7
2009,12,30,0,283.9
2009,12,30,1,281.0
2009,12,30,2,280.2
2009,12,30,3,279.9
2009,12,30,4,279.9
2009,12,30,5,281.8
2009,12,30,6,283.0
2009,12,30,7,282.4
2009,12,31,0,281.9
2009,12,31,1,282.1
2009,12,31,2,281.4
2009,12,31,3,281.1
2009,12,31,4,281.6
2009,12,31,5,283.4
2009,12,31,6,284.2
2009,12,31,7,282.7
2010,12,1,0,282.0
2010,12,1,1,282.2
2010,12,1,2,281.7
2010,12,1,3,281.5
2010,12,1,4,281.6
2010,12,1,5,283.9
2010,12,1,6,285.4
2010,12,1,7,284.4
2010,12,2,0,284.4
2010,12,2,1,284.8
2010,12,2,2,284.4
2010,12,2,3,284.6
2010,12,2,4,285.0
2010,12,2,5,286.9
2010,12,2,6,288.0
2010,12,2,7,286.7
2010,12,3,0,285.8
2010,12,3,1,285.5
2010,12,3,2,285.3
2010,12,3,3,285.4
2010,12,3,4,286.1
2010,12,3,5,286.9
2010,12,3,6,287.6
2010,12,3,7,286.4
2010,12,4,0,287.1
2010,12,4,1,287.4
2010,12,4,2,286.8
2010,12,4,3,287.2
2010,12,4,4,287.7
2010,12,4,5,289.0
2010,12,4,6,289.6
2010,12,4,7,289.7
2010,12,5,0,288.6
2010,12,5,1,287.3
2010,12,5,2,286.5
2010,12,5,3,286.0
2010,12,5,4,286.0
2010,12,5,5,286.3
2010,12,5,6,286.7
2010,12,5,7,289.2
2010,12,6,0,287.8
2010,12,6,1,286.8
2010,12,6,2,285.9
2010,12,6,3,286.0
2010,12,6,4,286.1
2010,12,6,5,286.3
2010,12,6,6,285.7
2010,12,6,7,285.3
2010,12,7,0,286.8
2010,12,7,1,288.0
2010,12,7,2,287.4
2010,12,7,3,286.8
2010,12,7,4,288.8
2010,12,7,5,287.5
2010,12,7,6,288.2
2010,12,7,7,290.4
2010,12,8,0,288.0
2010,12,8,1,286.3
2010,12,8,2,285.9
2010,12,8,3,286.1
2010,12,8,4,286.0
2010,12,8,5,287.9
2010,12,8,6,289.2
2010,12,8,7,290.6
2010,12,9,0,287.6
2010,12,9,1,287.7
2010,12,9,2,286.3
2010,12,9,3,285.8
2010,12,9,4,286.4
2010,12,9,5,286.8
2010,12,9,6,286.9
2010,12,9,7,288.2
2010,12,10,0,286.2
2010,12,10,1,285.4
2010,12,10,2,286.6
2010,12,10,3,285.2
2010,12,10,4,284.6
2010,12,10,5,285.7
2010,12,10,6,286.1
2010,12,10,7,287.0
2010,12,11,0,286.0
2010,12,11,1,284.8
2010,12,11,2,284.2
2010,12,11,3,283.4
2010,12,11,4,282.8
2010,12,11,5,283.8
2010,12,11,6,285.6
2010,12,11,7,283.8
2010,12,12,0,283.9
2010,12,12,1,283.3
2010,12,12,2,282.4
2010,12,12,3,282.2
2010,12,12,4,282.5
2010,12,12,5,284.0
2010,12,12,6,284.3
2010,12,12,7,282.5
2010,12,13,0,282.9
2010,12,13,1,282.4
2010,12,13,2,281.9
2010,12,13,3,281.5
2010,12,13,4,281.8
2010,12,13,5,283.8
2010,12,13,6,285.0
2010,12,13,7,283.5
2010,12,14,0,283.8
2010,12,14,1,282.5
2010,12,14,2,282.1
2010,12,14,3,282.0
2010,12,14,4,282.4
2010,12,14,5,284.2
2010,12,14,6,285.4
2010,12,14,7,283.5
2010,12,15,0,283.1
2010,12,15,1,283.2
2010,12,15,2,282.5
2010,12,15,3,282.2
2010,12,15,4,282.3
2010,12,15,5,284.3
2010,12,15,6,285.7
2010,12,15,7,284.2
2010,12,16,0,284.1
2010,12,16,1,284.0
2010,12,16,2,283.4
2010,12,16,3,283.0
2010,12,16,4,283.5
2010,12,16,5,285.0
2010,12,16,6,286.5
2010,12,16,7,285.8
2010,12,17,0,285.0
2010,12,17,1,284.8
2010,12,17,2,284.1
2010,12,17,3,283.4
2010,12,17,4,283.6
2010,12,17,5,285.0
2010,12,17,6,286.6
2010,12,17,7,285.4
2010,12,18,0,285.1
2010,12,18,1,285.0
2010,12,18,2,284.5
2010,12,18,3,284.3
2010,12,18,4,284.1
2010,12,18,5,285.8
2010,12,18,6,287.4
2010,12,18,7,285.5
2010,12,19,0,285.0
2010,12,19,1,284.8
2010,12,19,2,283.8
2010,12,19,3,283.2
2010,12,19,4,282.5
2010,12,19,5,284.2
2010,12,19,6,286.2
2010,12,19,7,285.7
2010,12,20,0,285.4
2010,12,20,1,284.8
2010,12,20,2,284.4
2010,12,20,3,284.1
2010,12,20,4,284.2
2010,12,20,5,286.3
2010,12,20,6,287.6
2010,12,20,7,285.9
2010,12,21,0,285.1
2010,12,21,1,285.5
2010,12,21,2,285.9
2010,12,21,3,286.4
2010,12,21,4,286.6
2010,12,21,5,288.4
2010,12,21,6,289.5
2010,12,21,7,288.0
2010,12,22,0,290.7
2010,12,22,1,288.1
2010,12,22,2,287.3
2010,12,22,3,289.1
2010,12,22,4,287.2
2010,12,22,5,288.4
2010,12,22,6,288.1
2010,12,22,7,287.4
2010,12,23,0,288.9
2010,12,23,1,287.7
2010,12,23,2,285.5
2010,12,23,3,284.6
2010,12,23,4,284.6
2010,12,23,5,285.5
2010,12,23,6,286.6
2010,12,23,7,285.7
2010,12,24,0,286.0
2010,12,24,1,285.4
2010,12,24,2,284.8
2010,12,24,3,284.2
2010,12,24,4,284.4
2010,12,24,5,285.7
2010,12,24,6,286.1
2010,12,24,7,284.6
2010,12,25,0,284.7
2010,12,25,1,285.4
2010,12,25,2,285.3
2010,12,25,3,285.0
2010,12,25,4,284.9
2010,12,25,5,285.6
2010,12,25,6,286.0
2010,12,25,7,284.9
2010,12,26,0,283.7
2010,12,26,1,284.2
2010,12,26,2,283.3
2010,12,26,3,282.7
2010,12,26,4,282.7
2010,12,26,5,285.0
2010,12,26,6,285.7
2010,12,26,7,284.0
2010,12,27,0,285.0
2010,12,27,1,285.7
2010,12,27,2,284.6
2010,12,27,3,283.9
2010,12,27,4,284.3
2010,12,27,5,286.0
2010,12,27,6,285.8
2010,12,27,7,285.4
2010,12,28,0,287.1
2010,12,28,1,286.7
2010,12,28,2,285.2
2010,12,28,3,284.8
2010,12,28,4,285.0
2010,12,28,5,286.4
2010,12,28,6,286.9
2010,12,28,7,285.8
2010,12,29,0,286.6
2010,12,29,1,285.6
2010,12,29,2,284.6
2010,12,29,3,283.8
2010,12,29,4,283.8
2010,12,29,5,285.4
2010,12,29,6,286.1
2010,12,29,7,284.3
2010,12,30,0,285.2
2010,12,30,1,284.4
2010,12,30,2,283.5
2010,12,30,3,283.3
2010,12,30,4,284.3
2010,12,30,5,286.0
2010,12,30,6,285.0
2010,12,30,7,284.6
2010,12,31,0,285.2
2010,12,31,1,286.1
2010,12,31,2,285.7
2010,12,31,3,285.7
2010,12,31,4,285.0
2010,12,31,5,285.3
2010,12,31,6,286.1
2010,12,31,7,285.3
2010,12,1,0,286.9
2010,12,1,1,286.1
2010,12,1,2,285.0
2010,12,1,3,284.8
2010,12,1,4,284.9
2010,12,1,5,286.2
2010,12,1,6,286.8
2010,12,1,7,286.4
2010,12,2,0,286.4
2010,12,2,1,286.3
2010,12,2,2,286.5
2010,12,2,3,286.1
2010,12,2,4,286.1
2010,12,2,5,287.8
2010,12,2,6,288.8
2010,12,2,7,287.3
2010,12,3,0,286.8
2010,12,3,1,286.6
2010,12,3,2,285.8
2010,12,3,3,287.1
2010,12,3,4,287.3
2010,12,3,5,285.3
2010,12,3,6,286.4
2010,12,3,7,285.7
2010,12,4,0,286.4
2010,12,4,1,287.1
2010,12,4,2,287.1
2010,12,4,3,286.6
2010,12,4,4,286.2
2010,12,4,5,287.1
2010,12,4,6,288.4
2010,12,4,7,287.7
2010,12,5,0,288.2
2010,12,5,1,287.6
2010,12,5,2,287.3
2010,12,5,3,286.4
2010,12,5,4,286.2
2010,12,5,5,286.2
2010,12,5,6,286.9
2010,12,5,7,286.1
2010,12,6,0,286.5
2010,12,6,1,285.7
2010,12,6,2,285.0
2010,12,6,3,284.8
2010,12,6,4,285.1
2010,12,6,5,285.3
2010,12,6,6,286.7
2010,12,6,7,285.8
2010,12,7,0,286.5
2010,12,7,1,286.4
2010,12,7,2,285.8
2010,12,7,3,284.9
2010,12,7,4,285.3
2010,12,7,5,285.5
2010,12,7,6,286.7
2010,12,7,7,287.6
2010,12,8,0,286.4
2010,12,8,1,286.5
2010,12,8,2,286.6
2010,12,8,3,286.3
2010,12,8,4,287.3
2010,12,8,5,288.7
2010,12,8,6,290.8
2010,12,8,7,290.6
2010,12,9,0,292.6
2010,12,9,1,290.5
2010,12,9,2,289.8
2010,12,9,3,289.8
2010,12,9,4,290.0
2010,12,9,5,289.1
2010,12,9,6,288.4
2010,12,9,7,288.8
2010,12,10,0,289.3
2010,12,10,1,289.0
2010,12,10,2,287.2
2010,12,10,3,286.1
2010,12,10,4,288.9
2010,12,10,5,288.2
2010,12,10,6,287.6
2010,12,10,7,287.3
2010,12,11,0,288.0
2010,12,11,1,287.1
2010,12,11,2,285.8
2010,12,11,3,285.2
2010,12,11,4,286.9
2010,12,11,5,286.0
2010,12,11,6,287.0
2010,12,11,7,286.4
2010,12,12,0,286.6
2010,12,12,1,286.5
2010,12,12,2,285.9
2010,12,12,3,286.2
2010,12,12,4,286.4
2010,12,12,5,287.6
2010,12,12,6,288.6
2010,12,12,7,290.0
2010,12,13,0,288.0
2010,12,13,1,287.3
2010,12,13,2,288.5
2010,12,13,3,287.9
2010,12,13,4,286.7
2010,12,13,5,286.4
2010,12,13,6,288.3
2010,12,13,7,288.0
2010,12,14,0,289.6
2010,12,14,1,288.4
2010,12,14,2,287.4
2010,12,14,3,287.2
2010,12,14,4,287.2
2010,12,14,5,287.6
2010,12,14,6,288.3
2010,12,14,7,288.6
2010,12,15,0,289.0
2010,12,15,1,289.4
2010,12,15,2,289.0
2010,12,15,3,287.4
2010,12,15,4,285.8
2010,12,15,5,285.3
2010,12,15,6,285.1
2010,12,15,7,287.3
2010,12,16,0,286.8
2010,12,16,1,285.2
2010,12,16,2,284.3
2010,12,16,3,283.6
2010,12,16,4,283.0
2010,12,16,5,283.9
2010,12,16,6,285.0
2010,12,16,7,286.3
2010,12,17,0,285.2
2010,12,17,1,286.4
2010,12,17,2,284.9
2010,12,17,3,284.7
2010,12,17,4,284.6
2010,12,17,5,284.9
2010,12,17,6,285.7
2010,12,17,7,284.0
2010,12,18,0,285.1
2010,12,18,1,284.6
2010,12,18,2,284.1
2010,12,18,3,283.5
2010,12,18,4,283.8
2010,12,18,5,284.3
2010,12,18,6,285.7
2010,12,18,7,284.7
2010,12,19,0,285.6
2010,12,19,1,285.0
2010,12,19,2,284.6
2010,12,19,3,284.9
2010,12,19,4,285.4
2010,12,19,5,286.1
2010,12,19,6,287.1
2010,12,19,7,286.6
2010,12,20,0,288.4
2010,12,20,1,287.3
2010,12,20,2,286.9
2010,12,20,3,286.8
2010,12,20,4,286.7
2010,12,20,5,286.4
2010,12,20,6,288.2
2010,12,20,7,287.3
2010,12,21,0,287.7
2010,12,21,1,287.5
2010,12,21,2,286.7
2010,12,21,3,286.0
2010,12,21,4,287.1
2010,12,21,5,287.8
2010,12,21,6,288.3
2010,12,21,7,290.6
2010,12,22,0,291.0
2010,12,22,1,290.2
2010,12,22,2,288.4
2010,12,22,3,286.5
2010,12,22,4,286.4
2010,12,22,5,287.6
2010,12,22,6,286.8
2010,12,22,7,289.3
2010,12,23,0,288.6
2010,12,23,1,288.5
2010,12,23,2,288.2
2010,12,23,3,290.1
2010,12,23,4,289.4
2010,12,23,5,288.9
2010,12,23,6,287.2
2010,12,23,7,286.4
2010,12,24,0,287.4
2010,12,24,1,286.5
2010,12,24,2,286.3
2010,12,24,3,285.5
2010,12,24,4,285.4
2010,12,24,5,285.6
2010,12,24,6,286.8
2010,12,24,7,285.5
2010,12,25,0,286.5
2010,12,25,1,285.5
2010,12,25,2,284.5
2010,12,25,3,283.7
2010,12,25,4,283.4
2010,12,25,5,284.3
2010,12,25,6,283.6
2010,12,25,7,283.4
2010,12,26,0,283.1
2010,12,26,1,282.8
2010,12,26,2,282.5
2010,12,26,3,281.7
2010,12,26,4,282.0
2010,12,26,5,282.4
2010,12,26,6,283.9
2010,12,26,7,283.0
2010,12,27,0,284.2
2010,12,27,1,282.7
2010,12,27,2,282.6
2010,12,27,3,282.3
2010,12,27,4,282.5
2010,12,27,5,283.0
2010,12,27,6,284.2
2010,12,27,7,283.1
2010,12,28,0,283.0
2010,12,28,1,282.4
2010,12,28,2,282.6
2010,12,28,3,282.6
2010,12,28,4,283.0
2010,12,28,5,283.9
2010,12,28,6,285.7
2010,12,28,7,284.3
2010,12,1,0,284.4
2010,12,1,1,284.6
2010,12,1,2,284.0
2010,12,1,3,283.4
2010,12,1,4,283.5
2010,12,1,5,283.5
2010,12,1,6,284.7
2010,12,1,7,284.0
2010,12,2,0,284.8
2010,12,2,1,284.4
2010,12,2,2,283.4
2010,12,2,3,282.5
2010,12,2,4,281.8
2010,12,2,5,281.9
2010,12,2,6,284.0
2010,12,2,7,284.3
2010,12,3,0,284.6
2010,12,3,1,284.1
2010,12,3,2,283.9
2010,12,3,3,283.4
2010,12,3,4,283.1
2010,12,3,5,283.9
2010,12,3,6,285.5
2010,12,3,7,285.1
2010,12,4,0,285.5
2010,12,4,1,285.3
2010,12,4,2,285.1
2010,12,4,3,284.7
2010,12,4,4,284.8
2010,12,4,5,285.0
2010,12,4,6,286.5
2010,12,4,7,286.7
2010,12,5,0,286.5
2010,12,5,1,285.9
2010,12,5,2,287.1
2010,12,5,3,287.1
2010,12,5,4,288.5
2010,12,5,5,287.4
2010,12,5,6,288.1
2010,12,5,7,289.6
2010,12,6,0,289.9
2010,12,6,1,289.4
2010,12,6,2,288.8
2010,12,6,3,288.4
2010,12,6,4,288.8
2010,12,6,5,287.5
2010,12,6,6,287.9
2010,12,6,7,290.0
2010,12,7,0,289.6
2010,12,7,1,288.7
2010,12,7,2,288.6
2010,12,7,3,288.3
2010,12,7,4,288.5
2010,12,7,5,288.6
2010,12,7,6,288.5
2010,12,7,7,288.8
2010,12,8,0,289.3
2010,12,8,1,288.5
2010,12,8,2,288.3
2010,12,8,3,287.6
2010,12,8,4,288.3
2010,12,8,5,289.4
2010,12,8,6,290.2
2010,12,8,7,289.9
2010,12,9,0,289.3
2010,12,9,1,289.2
2010,12,9,2,289.1
2010,12,9,3,288.6
2010,12,9,4,288.6
2010,12,9,5,287.9
2010,12,9,6,290.5
2010,12,9,7,289.5
2010,12,10,0,289.6
2010,12,10,1,288.7
2010,12,10,2,287.9
2010,12,10,3,286.7
2010,12,10,4,286.5
2010,12,10,5,286.8
2010,12,10,6,287.4
2010,12,10,7,288.2
2010,12,11,0,287.9
2010,12,11,1,286.8
2010,12,11,2,286.3
2010,12,11,3,285.9
2010,12,11,4,286.0
2010,12,11,5,286.2
2010,12,11,6,287.3
2010,12,11,7,286.1
2010,12,12,0,286.7
2010,12,12,1,286.4
2010,12,12,2,285.8
2010,12,12,3,285.1
2010,12,12,4,284.9
2010,12,12,5,284.7
2010,12,12,6,286.0
2010,12,12,7,285.1
2010,12,13,0,285.3
2010,12,13,1,285.0
2010,12,13,2,284.8
2010,12,13,3,284.2
2010,12,13,4,284.3
2010,12,13,5,284.0
2010,12,13,6,285.1
2010,12,13,7,284.6
2010,12,14,0,284.3
2010,12,14,1,284.0
2010,12,14,2,284.1
2010,12,14,3,283.7
2010,12,14,4,283.9
2010,12,14,5,284.4
2010,12,14,6,286.3
2010,12,14,7,285.5
2010,12,15,0,286.2
2010,12,15,1,286.2
2010,12,15,2,286.4
2010,12,15,3,286.2
2010,12,15,4,286.5
2010,12,15,5,286.6
2010,12,15,6,286.2
2010,12,15,7,288.7
2010,12,16,0,288.1
2010,12,16,1,287.5
2010,12,16,2,286.9
2010,12,16,3,286.4
2010,12,16,4,286.4
2010,12,16,5,285.8
2010,12,16,6,287.7
2010,12,16,7,287.9
2010,12,17,0,288.5
2010,12,17,1,287.2
2010,12,17,2,286.0
2010,12,17,3,285.7
2010,12,17,4,286.1
2010,12,17,5,287.0
2010,12,17,6,288.3
2010,12,17,7,289.9
2010,12,18,0,288.3
2010,12,18,1,287.3
2010,12,18,2,286.8
2010,12,18,3,286.2
2010,12,18,4,286.2
2010,12,18,5,286.3
2010,12,18,6,287.3
2010,12,18,7,287.4
2010,12,19,0,289.3
2010,12,19,1,288.6
2010,12,19,2,288.4
2010,12,19,3,288.0
2010,12,19,4,288.4
2010,12,19,5,287.8
2010,12,19,6,288.0
2010,12,19,7,289.9
2010,12,20,0,289.7
2010,12,20,1,289.9
2010,12,20,2,288.5
2010,12,20,3,287.2
2010,12,20,4,286.9
2010,12,20,5,287.2
2010,12,20,6,288.2
2010,12,20,7,289.1
2010,12,21,0,288.4
2010,12,21,1,287.9
2010,12,21,2,286.9
2010,12,21,3,285.9
2010,12,21,4,285.5
2010,12,21,5,285.5
2010,12,21,6,286.8
2010,12,21,7,286.8
2010,12,22,0,286.2
2010,12,22,1,285.9
2010,12,22,2,285.1
2010,12,22,3,284.4
2010,12,22,4,284.6
2010,12,22,5,283.8
2010,12,22,6,283.5
2010,12,22,7,282.6
2010,12,23,0,282.1
2010,12,23,1,281.3
2010,12,23,2,281.0
2010,12,23,3,281.0
2010,12,23,4,281.4
2010,12,23,5,281.3
2010,12,23,6,282.9
2010,12,23,7,283.5
2010,12,24,0,283.3
2010,12,24,1,283.3
2010,12,24,2,284.1
2010,12,24,3,284.8
2010,12,24,4,284.6
2010,12,24,5,284.1
2010,12,24,6,285.5
2010,12,24,7,285.5
2010,12,25,0,285.9
2010,12,25,1,285.7
2010,12,25,2,285.3
2010,12,25,3,285.0
2010,12,25,4,284.8
2010,12,25,5,284.9
2010,12,25,6,286.3
2010,12,25,7,285.6
2010,12,26,0,287.0
2010,12,26,1,288.3
2010,12,26,2,287.5
2010,12,26,3,286.4
2010,12,26,4,286.6
2010,12,26,5,285.5
2010,12,26,6,286.2
2010,12,26,7,288.0
2010,12,27,0,287.8
2010,12,27,1,287.3
2010,12,27,2,286.8
2010,12,27,3,286.3
2010,12,27,4,285.9
2010,12,27,5,285.0
2010,12,27,6,285.9
2010,12,27,7,286.7
2010,12,28,0,287.4
2010,12,28,1,286.2
2010,12,28,2,285.9
2010,12,28,3,285.2
2010,12,28,4,285.5
2010,12,28,5,285.3
2010,12,28,6,286.3
2010,12,28,7,287.5
2010,12,29,0,287.2
2010,12,29,1,287.5
2010,12,29,2,286.9
2010,12,29,3,287.1
2010,12,29,4,287.6
2010,12,29,5,286.3
2010,12,29,6,287.7
2010,12,29,7,288.6
2010,12,30,0,287.2
2010,12,30,1,286.6
2010,12,30,2,286.5
2010,12,30,3,286.4
2010,12,30,4,286.6
2010,12,30,5,287.5
2010,12,30,6,287.5
2010,12,30,7,288.6
2010,12,31,0,290.0
2010,12,31,1,288.8
2010,12,31,2,287.3
2010,12,31,3,286.9
2010,12,31,4,286.7
2010,12,31,5,287.0
2010,12,31,6,285.1
2010,12,31,7,284.6
2010,12,1,0,285.9
2010,12,1,1,286.3
2010,12,1,2,286.1
2010,12,1,3,285.2
2010,12,1,4,286.5
2010,12,1,5,285.2
2010,12,1,6,285.3
2010,12,1,7,285.2
2010,12,2,0,284.9
2010,12,2,1,284.9
2010,12,2,2,284.9
2010,12,2,3,284.4
2010,12,2,4,284.5
2010,12,2,5,284.4
2010,12,2,6,284.5
2010,12,2,7,286.0
2010,12,3,0,285.5
2010,12,3,1,285.3
2010,12,3,2,285.2
2010,12,3,3,284.9
2010,12,3,4,285.1
2010,12,3,5,285.4
2010,12,3,6,285.4
2010,12,3,7,284.6
2010,12,4,0,285.9
2010,12,4,1,285.6
2010,12,4,2,285.0
2010,12,4,3,284.6
2010,12,4,4,284.3
2010,12,4,5,285.0
2010,12,4,6,286.2
2010,12,4,7,284.8
2010,12,5,0,285.5
2010,12,5,1,285.1
2010,12,5,2,284.6
2010,12,5,3,283.9
2010,12,5,4,284.0
2010,12,5,5,285.2
2010,12,5,6,287.0
2010,12,5,7,285.5
2010,12,6,0,286.7
2010,12,6,1,286.1
2010,12,6,2,284.7
2010,12,6,3,284.1
2010,12,6,4,284.6
2010,12,6,5,285.3
2010,12,6,6,286.6
2010,12,6,7,285.8
2010,12,7,0,287.6
2010,12,7,1,287.1
2010,12,7,2,286.3
2010,12,7,3,285.7
2010,12,7,4,286.1
2010,12,7,5,286.5
2010,12,7,6,286.9
2010,12,7,7,287.0
2010,12,8,0,287.1
2010,12,8,1,286.2
2010,12,8,2,285.9
2010,12,8,3,285.3
2010,12,8,4,284.9
2010,12,8,5,284.8
2010,12,8,6,285.1
2010,12,8,7,285.9
2010,12,9,0,285.5
2010,12,9,1,285.0
2010,12,9,2,284.4
2010,12,9,3,283.7
2010,12,9,4,283.8
2010,12,9,5,284.4
2010,12,9,6,285.2
2010,12,9,7,284.4
2010,12,10,0,285.2
2010,12,10,1,285.5
2010,12,10,2,285.0
2010,12,10,3,283.8
2010,12,10,4,283.8
2010,12,10,5,283.9
2010,12,10,6,284.6
2010,12,10,7,283.5
2010,12,11,0,284.1
2010,12,11,1,283.3
2010,12,11,2,283.2
2010,12,11,3,283.0
2010,12,11,4,283.4
2010,12,11,5,282.5
2010,12,11,6,283.3
2010,12,11,7,282.9
2010,12,12,0,283.6
2010,12,12,1,283.4
2010,12,12,2,283.3
2010,12,12,3,282.2
2010,12,12,4,282.7
2010,12,12,5,281.8
2010,12,12,6,282.3
2010,12,12,7,281.7
2010,12,13,0,282.0
2010,12,13,1,282.4
2010,12,13,2,282.2
2010,12,13,3,281.9
2010,12,13,4,282.3
2010,12,13,5,282.1
2010,12,13,6,283.0
2010,12,13,7,282.6
2010,12,14,0,283.1
2010,12,14,1,283.1
2010,12,14,2,281.9
2010,12,14,3,281.2
2010,12,14,4,282.7
2010,12,14,5,282.4
2010,12,14,6,282.6
2010,12,14,7,282.9
2010,12,15,0,282.8
2010,12,15,1,282.2
2010,12,15,2,282.0
2010,12,15,3,281.5
2010,12,15,4,281.5
2010,12,15,5,281.6
2010,12,15,6,283.3
2010,12,15,7,283.4
2010,12,16,0,282.9
2010,12,16,1,282.3
2010,12,16,2,281.4
2010,12,16,3,280.7
2010,12,16,4,280.9
2010,12,16,5,281.2
2010,12,16,6,282.4
2010,12,16,7,282.4
2010,12,17,0,282.7
2010,12,17,1,282.3
2010,12,17,2,281.6
2010,12,17,3,281.0
2010,12,17,4,281.5
2010,12,17,5,281.6
2010,12,17,6,282.9
2010,12,17,7,282.9
2010,12,18,0,282.7
2010,12,18,1,282.4
2010,12,18,2,282.4
2010,12,18,3,282.0
2010,12,18,4,282.4
2010,12,18,5,282.4
2010,12,18,6,284.0
2010,12,18,7,284.6
2010,12,19,0,284.4
2010,12,19,1,283.8
2010,12,19,2,283.6
2010,12,19,3,283.2
2010,12,19,4,283.2
2010,12,19,5,283.4
2010,12,19,6,284.3
2010,12,19,7,284.7
2010,12,20,0,284.5
2010,12,20,1,284.2
2010,12,20,2,284.0
2010,12,20,3,283.5
2010,12,20,4,283.8
2010,12,20,5,285.7
2010,12,20,6,284.3
2010,12,20,7,284.0
2010,12,21,0,284.5
2010,12,21,1,284.3
2010,12,21,2,284.2
2010,12,21,3,284.3
2010,12,21,4,284.5
2010,12,21,5,283.9
2010,12,21,6,284.2
2010,12,21,7,283.9
2010,12,22,0,284.0
2010,12,22,1,282.9
2010,12,22,2,282.4
2010,12,22,3,281.7
2010,12,22,4,281.6
2010,12,22,5,281.4
2010,12,22,6,282.1
2010,12,22,7,281.7
2010,12,23,0,282.1
2010,12,23,1,282.1
2010,12,23,2,281.7
2010,12,23,3,281.6
2010,12,23,4,282.0
2010,12,23,5,283.3
2010,12,23,6,283.2
2010,12,23,7,282.7
2010,12,24,0,283.0
2010,12,24,1,282.5
2010,12,24,2,282.4
2010,12,24,3,281.9
2010,12,24,4,281.9
2010,12,24,5,282.1
2010,12,24,6,283.1
2010,12,24,7,282.0
2010,12,25,0,282.8
2010,12,25,1,282.1
2010,12,25,2,280.8
2010,12,25,3,279.6
2010,12,25,4,279.2
2010,12,25,5,278.9
2010,12,25,6,279.6
2010,12,25,7,279.1
2010,12,26,0,279.0
2010,12,26,1,278.5
2010,12,26,2,280.2
2010,12,26,3,281.1
2010,12,26,4,282.3
2010,12,26,5,283.5
2010,12,26,6,284.2
2010,12,26,7,285.2
2010,12,27,0,283.1
2010,12,27,1,283.7
2010,12,27,2,284.0
2010,12,27,3,283.8
2010,12,27,4,283.3
2010,12,27,5,284.4
2010,12,27,6,284.9
2010,12,27,7,284.3
2010,12,28,0,283.3
2010,12,28,1,283.1
2010,12,28,2,283.1
2010,12,28,3,283.1
2010,12,28,4,283.5
2010,12,28,5,283.1
2010,12,28,6,284.0
2010,12,28,7,284.5
2010,12,29,0,285.1
2010,12,29,1,286.1
2010,12,29,2,285.7
2010,12,29,3,285.1
2010,12,29,4,285.2
2010,12,29,5,284.3
2010,12,29,6,284.9
2010,12,29,7,284.3
2010,12,30,0,284.3
2010,12,30,1,287.1
2010,12,30,2,284.1
2010,12,30,3,282.0
2010,12,30,4,281.6
2010,12,30,5,282.4
2010,12,30,6,282.4
2010,12,30,7,282.9
2010,12,1,0,284.1
2010,12,1,1,283.4
2010,12,1,2,282.9
2010,12,1,3,281.9
2010,12,1,4,281.5
2010,12,1,5,280.7
2010,12,1,6,281.0
2010,12,1,7,279.3
2010,12,2,0,278.2
2010,12,2,1,277.3
2010,12,2,2,275.3
2010,12,2,3,274.5
2010,12,2,4,274.4
2010,12,2,5,273.8
2010,12,2,6,274.5
2010,12,2,7,275.0
2010,12,3,0,275.3
2010,12,3,1,276.1
2010,12,3,2,275.3
2010,12,3,3,276.7
2010,12,3,4,278.9
2010,12,3,5,279.1
2010,12,3,6,281.2
2010,12,3,7,281.9
2010,12,4,0,281.9
2010,12,4,1,281.3
2010,12,4,2,281.5
2010,12,4,3,281.8
2010,12,4,4,281.8
2010,12,4,5,281.9
2010,12,4,6,283.9
2010,12,4,7,283.4
2010,12,5,0,283.7
2010,12,5,1,283.3
2010,12,5,2,282.7
2010,12,5,3,282.0
2010,12,5,4,282.5
2010,12,5,5,282.5
2010,12,5,6,283.3
2010,12,5,7,283.0
2010,12,6,0,283.0
2010,12,6,1,282.5
2010,12,6,2,282.4
2010,12,6,3,282.2
2010,12,6,4,282.5
2010,12,6,5,282.4
2010,12,6,6,283.7
2010,12,6,7,282.9
2010,12,7,0,283.8
2010,12,7,1,283.2
2010,12,7,2,283.3
2010,12,7,3,282.5
2010,12,7,4,281.9
2010,12,7,5,281.5
2010,12,7,6,282.6
2010,12,7,7,282.3
2010,12,8,0,282.1
2010,12,8,1,282.0
2010,12,8,2,282.2
2010,12,8,3,282.6
2010,12,8,4,283.2
2010,12,8,5,283.7
2010,12,8,6,285.6
2010,12,8,7,285.7
2010,12,9,0,285.8
2010,12,9,1,285.9
2010,12,9,2,285.4
2010,12,9,3,284.9
2010,12,9,4,285.4
2010,12,9,5,285.3
2010,12,9,6,286.3
2010,12,9,7,285.7
2010,12,10,0,285.9
2010,12,10,1,285.0
2010,12,10,2,284.8
2010,12,10,3,285.1
2010,12,10,4,285.5
2010,12,10,5,284.9
2010,12,10,6,285.1
2010,12,10,7,285.3
2010,12,11,0,285.6
2010,12,11,1,285.4
2010,12,11,2,285.3
2010,12,11,3,284.8
2010,12,11,4,285.0
2010,12,11,5,284.6
2010,12,11,6,285.3
2010,12,11,7,285.7
2010,12,12,0,285.4
2010,12,12,1,285.2
2010,12,12,2,285.3
2010,12,12,3,284.8
2010,12,12,4,284.9
2010,12,12,5,284.9
2010,12,12,6,283.9
2010,12,12,7,283.9
2010,12,13,0,284.1
2010,12,13,1,284.8
2010,12,13,2,284.6
2010,12,13,3,284.8
2010,12,13,4,285.0
2010,12,13,5,284.1
2010,12,13,6,283.6
2010,12,13,7,283.0
2010,12,14,0,283.9
2010,12,14,1,282.8
2010,12,14,2,281.1
2010,12,14,3,279.6
2010,12,14,4,278.9
2010,12,14,5,279.6
2010,12,14,6,279.8
2010,12,14,7,279.0
2010,12,15,0,278.4
2010,12,15,1,277.9
2010,12,15,2,277.1
2010,12,15,3,277.2
2010,12,15,4,277.6
2010,12,15,5,277.4
2010,12,15,6,276.4
2010,12,15,7,276.6
2010,12,16,0,275.8
2010,12,16,1,274.4
2010,12,16,2,272.6
2010,12,16,3,272.0
2010,12,16,4,270.8
2010,12,16,5,269.8
2010,12,16,6,270.0
2010,12,16,7,269.2
2010,12,17,0,268.3
2010,12,17,1,267.7
2010,12,17,2,267.2
2010,12,17,3,267.3
2010,12,17,4,271.3
2010,12,17,5,273.4
2010,12,17,6,275.2
2010,12,17,7,276.7
2010,12,18,0,277.7
2010,12,18,1,278.7
2010,12,18,2,279.5
2010,12,18,3,280.2
2010,12,18,4,282.3
2010,12,18,5,283.9
2010,12,18,6,283.9
2010,12,18,7,283.6
2010,12,19,0,283.7
2010,12,19,1,284.5
2010,12,19,2,284.8
2010,12,19,3,283.6
2010,12,19,4,283.5
2010,12,19,5,283.7
2010,12,19,6,283.0
2010,12,19,7,283.4
2010,12,20,0,283.5
2010,12,20,1,283.1
2010,12,20,2,282.2
2010,12,20,3,281.6
2010,12,20,4,281.7
2010,12,20,5,281.5
2010,12,20,6,281.6
2010,12,20,7,281.3
2010,12,21,0,281.2
2010,12,21,1,281.1
2010,12,21,2,280.4
2010,12,21,3,280.1
2010,12,21,4,280.5
2010,12,21,5,280.4
2010,12,21,6,280.7
2010,12,21,7,280.6
2010,12,22,0,281.0
2010,12,22,1,280.9
2010,12,22,2,280.4
2010,12,22,3,279.9
2010,12,22,4,279.7
2010,12,22,5,278.6
2010,12,22,6,277.5
2010,12,22,7,277.3
2010,12,23,0,277.2
2010,12,23,1,277.0
2010,12,23,2,276.4
2010,12,23,3,275.8
2010,12,23,4,276.3
2010,12,23,5,275.8
2010,12,23,6,277.0
2010,12,23,7,277.0
2010,12,24,0,276.5
2010,12,24,1,278.0
2010,12,24,2,279.3
2010,12,24,3,279.4
2010,12,24,4,280.1
2010,12,24,5,281.1
2010,12,24,6,280.7
2010,12,24,7,281.0
2010,12,25,0,281.0
2010,12,25,1,283.1
2010,12,25,2,282.4
2010,12,25,3,281.2
2010,12,25,4,281.9
2010,12,25,5,282.2
2010,12,25,6,281.1
2010,12,25,7,281.0
2010,12,26,0,280.9
2010,12,26,1,281.1
2010,12,26,2,280.1
2010,12,26,3,279.9
2010,12,26,4,279.7
2010,12,26,5,279.5
2010,12,26,6,280.6
2010,12,26,7,280.5
2010,12,27,0,280.5
2010,12,27,1,280.0
2010,12,27,2,280.2
2010,12,27,3,280.7
2010,12,27,4,281.3
2010,12,27,5,281.6
2010,12,27,6,282.6
2010,12,27,7,282.8
2010,12,28,0,282.2
2010,12,28,1,281.2
2010,12,28,2,280.4
2010,12,28,3,279.3
2010,12,28,4,279.8
2010,12,28,5,279.4
2010,12,28,6,278.6
2010,12,28,7,277.6
2010,12,29,0,277.0
2010,12,29,1,275.5
2010,12,29,2,273.9
2010,12,29,3,273.3
2010,12,29,4,275.1
2010,12,29,5,276.1
2010,12,29,6,276.3
2010,12,29,7,276.7
2010,12,30,0,277.1
2010,12,30,1,277.8
2010,12,30,2,278.3
2010,12,30,3,278.4
2010,12,30,4,278.3
2010,12,30,5,278.4
2010,12,30,6,280.4
2010,12,30,7,280.8
2010,12,31,0,282.2
2010,12,31,1,283.9
2010,12,31,2,283.6
2010,12,31,3,282.2
2010,12,31,4,281.2
2010,12,31,5,280.8
2010,12,31,6,280.5
2010,12,31,7,281.7
2010,12,1,0,281.1
2010,12,1,1,281.0
2010,12,1,2,280.7
2010,12,1,3,280.0
2010,12,1,4,280.1
2010,12,1,5,280.3
2010,12,1,6,280.0
2010,12,1,7,280.0
2010,12,2,0,280.2
2010,12,2,1,280.1
2010,12,2,2,279.6
2010,12,2,3,279.2
2010,12,2,4,278.9
2010,12,2,5,278.1
2010,12,2,6,278.1
2010,12,2,7,278.1
2010,12,3,0,278.1
2010,12,3,1,277.9
2010,12,3,2,277.3
2010,12,3,3,276.8
2010,12,3,4,277.4
2010,12,3,5,276.9
2010,12,3,6,277.0
2010,12,3,7,276.9
2010,12,4,0,276.8
2010,12,4,1,276.7
2010,12,4,2,276.6
2010,12,4,3,276.7
2010,12,4,4,277.4
2010,12,4,5,277.7
2010,12,4,6,279.7
2010,12,4,7,280.3
2010,12,5,0,279.7
2010,12,5,1,279.4
2010,12,5,2,279.8
2010,12,5,3,279.8
2010,12,5,4,280.2
2010,12,5,5,280.6
2010,12,5,6,282.2
2010,12,5,7,282.2
2010,12,6,0,281.3
2010,12,6,1,281.2
2010,12,6,2,281.4
2010,12,6,3,281.0
2010,12,6,4,280.9
2010,12,6,5,280.2
2010,12,6,6,280.6
2010,12,6,7,280.4
2010,12,7,0,280.3
2010,12,7,1,280.0
2010,12,7,2,279.7
2010,12,7,3,279.2
2010,12,7,4,279.1
2010,12,7,5,279.2
2010,12,7,6,280.1
2010,12,7,7,280.4
2010,12,8,0,280.3
2010,12,8,1,280.4
2010,12,8,2,280.7
2010,12,8,3,280.6
2010,12,8,4,281.2
2010,12,8,5,281.7
2010,12,8,6,282.7
2010,12,8,7,282.8
2010,12,9,0,282.4
2010,12,9,1,282.2
2010,12,9,2,281.8
2010,12,9,3,280.9
2010,12,9,4,281.7
2010,12,9,5,281.8
2010,12,9,6,282.4
2010,12,9,7,282.8
2010,12,10,0,282.8
2010,12,10,1,282.9
2010,12,10,2,282.8
2010,12,10,3,282.1
2010,12,10,4,282.2
2010,12,10,5,282.4
2010,12,10,6,282.9
2010,12,10,7,283.6
2010,12,11,0,283.1
2010,12,11,1,282.6
2010,12,11,2,282.1
2010,12,11,3,281.8
2010,12,11,4,282.0
2010,12,11,5,282.1
2010,12,11,6,282.9
2010,12,11,7,283.4
2010,12,12,0,282.9
2010,12,12,1,282.4
2010,12,12,2,281.8
2010,12,12,3,281.2
2010,12,12,4,281.5
2010,12,12,5,281.9
2010,12,12,6,283.3
2010,12,12,7,283.3
2010,12,13,0,282.7
2010,12,13,1,281.9
2010,12,13,2,281.3
2010,12,13,3,280.6
2010,12,13,4,280.6
2010,12,13,5,280.0
2010,12,13,6,280.1
2010,12,13,7,279.7
2010,12,14,0,278.8
2010,12,14,1,277.6
2010,12,14,2,276.6
2010,12,14,3,276.2
2010,12,14,4,276.4
2010,12,14,5,276.8
2010,12,14,6,278.5
2010,12,14,7,278.6
2010,12,15,0,279.0
2010,12,15,1,279.8
2010,12,15,2,279.4
2010,12,15,3,279.3
2010,12,15,4,279.5
2010,12,15,5,279.4
2010,12,15,6,278.8
2010,12,15,7,278.9
2010,12,16,0,278.6
2010,12,16,1,278.3
2010,12,16,2,277.7
2010,12,16,3,277.3
2010,12,16,4,277.5
2010,12,16,5,277.6
2010,12,16,6,278.8
2010,12,16,7,279.2
2010,12,17,0,280.0
2010,12,17,1,281.0
2010,12,17,2,280.7
2010,12,17,3,279.9
2010,12,17,4,279.7
2010,12,17,5,278.6
2010,12,17,6,279.3
2010,12,17,7,279.2
2010,12,18,0,279.0
2010,12,18,1,278.5
2010,12,18,2,277.6
2010,12,18,3,277.2
2010,12,18,4,277.1
2010,12,18,5,276.4
2010,12,18,6,276.2
2010,12,18,7,276.2
2010,12,19,0,276.5
2010,12,19,1,276.4
2010,12,19,2,276.8
2010,12,19,3,276.9
2010,12,19,4,277.4
2010,12,19,5,277.6
2010,12,19,6,278.0
2010,12,19,7,278.5
2010,12,20,0,278.2
2010,12,20,1,277.8
2010,12,20,2,277.6
2010,12,20,3,277.0
2010,12,20,4,277.2
2010,12,20,5,277.2
2010,12,20,6,279.0
2010,12,20,7,278.9
2010,12,21,0,278.5
2010,12,21,1,278.5
2010,12,21,2,278.0
2010,12,21,3,277.6
2010,12,21,4,278.0
2010,12,21,5,277.9
2010,12,21,6,278.7
2010,12,21,7,279.4
2010,12,22,0,279.4
2010,12,22,1,278.7
2010,12,22,2,279.6
2010,12,22,3,280.5
2010,12,22,4,282.0
2010,12,22,5,284.2
2010,12,22,6,284.1
2010,12,22,7,284.8
2010,12,23,0,285.6
2010,12,23,1,287.0
2010,12,23,2,286.2
2010,12,23,3,284.2
2010,12,23,4,282.6
2010,12,23,5,282.0
2010,12,23,6,281.4
2010,12,23,7,282.6
2010,12,24,0,281.3
2010,12,24,1,280.8
2010,12,24,2,281.0
2010,12,24,3,280.9
2010,12,24,4,281.2
2010,12,24,5,281.3
2010,12,24,6,282.5
2010,12,24,7,282.6
2010,12,25,0,282.0
2010,12,25,1,281.1
2010,12,25,2,280.8
2010,12,25,3,280.7
2010,12,25,4,281.0
2010,12,25,5,282.4
2010,12,25,6,283.0
2010,12,25,7,282.9
2010,12,26,0,282.3
2010,12,26,1,282.1
2010,12,26,2,281.6
2010,12,26,3,280.7
2010,12,26,4,280.1
2010,12,26,5,279.5
2010,12,26,6,279.0
2010,12,26,7,278.7
2010,12,27,0,278.7
2010,12,27,1,278.5
2010,12,27,2,278.0
2010,12,27,3,277.6
2010,12,27,4,277.6
2010,12,27,5,276.9
2010,12,27,6,277.1
2010,12,27,7,276.8
2010,12,28,0,278.3
2010,12,28,1,277.1
2010,12,28,2,276.2
2010,12,28,3,275.0
2010,12,28,4,274.2
2010,12,28,5,272.8
2010,12,28,6,273.1
2010,12,28,7,273.1
2010,12,29,0,273.3
2010,12,29,1,272.9
2010,12,29,2,272.4
2010,12,29,3,272.2
2010,12,29,4,272.5
2010,12,29,5,272.3
2010,12,29,6,273.9
2010,12,29,7,275.3
2010,12,30,0,276.7
2010,12,30,1,278.1
2010,12,30,2,279.4
2010,12,30,3,280.6
2010,12,30,4,282.1
2010,12,30,5,282.8
2010,12,30,6,282.2
2010,12,30,7,283.1
2010,12,1,0,283.6
2010,12,1,1,283.6
2010,12,1,2,282.8
2010,12,1,3,281.9
2010,12,1,4,282.0
2010,12,1,5,282.0
2010,12,1,6,281.1
2010,12,1,7,281.0
2010,12,2,0,280.8
2010,12,2,1,280.6
2010,12,2,2,281.5
2010,12,2,3,281.0
2010,12,2,4,281.2
2010,12,2,5,282.0
2010,12,2,6,282.1
2010,12,2,7,284.2
2010,12,3,0,283.1
2010,12,3,1,283.4
2010,12,3,2,283.4
2010,12,3,3,283.5
2010,12,3,4,283.3
2010,12,3,5,283.1
2010,12,3,6,283.3
2010,12,3,7,283.8
2010,12,4,0,282.6
2010,12,4,1,282.0
2010,12,4,2,281.1
2010,12,4,3,280.5
2010,12,4,4,280.4
2010,12,4,5,280.7
2010,12,4,6,280.7
2010,12,4,7,281.1
2010,12,5,0,281.1
2010,12,5,1,281.2
2010,12,5,2,281.0
2010,12,5,3,280.7
2010,12,5,4,280.5
2010,12,5,5,280.5
2010,12,5,6,280.7
2010,12,5,7,281.1
2010,12,6,0,280.0
2010,12,6,1,279.1
2010,12,6,2,278.8
2010,12,6,3,279.0
2010,12,6,4,278.8
2010,12,6,5,279.0
2010,12,6,6,278.4
2010,12,6,7,278.2
2010,12,7,0,278.2
2010,12,7,1,278.1
2010,12,7,2,278.0
2010,12,7,3,278.3
2010,12,7,4,279.8
2010,12,7,5,281.3
2010,12,7,6,281.2
2010,12,7,7,281.8
2010,12,8,0,281.2
2010,12,8,1,281.0
2010,12,8,2,280.7
2010,12,8,3,280.4
2010,12,8,4,280.2
2010,12,8,5,281.4
2010,12,8,6,281.7
2010,12,8,7,283.1
2010,12,9,0,282.9
2010,12,9,1,282.8
2010,12,9,2,282.6
2010,12,9,3,282.4
2010,12,9,4,282.9
2010,12,9,5,282.5
2010,12,9,6,283.0
2010,12,9,7,284.0
2010,12,10,0,283.4
2010,12,10,1,282.2
2010,12,10,2,281.9
2010,12,10,3,281.5
2010,12,10,4,281.5
2010,12,10,5,281.1
2010,12,10,6,281.6
2010,12,10,7,281.2
2010,12,11,0,281.2
2010,12,11,1,280.4
2010,12,11,2,279.7
2010,12,11,3,279.3
2010,12,11,4,279.6
2010,12,11,5,280.4
2010,12,11,6,280.0
2010,12,11,7,280.0
2010,12,12,0,280.1
2010,12,12,1,279.7
2010,12,12,2,279.0
2010,12,12,3,279.1
2010,12,12,4,278.7
2010,12,12,5,278.5
2010,12,12,6,278.8
2010,12,12,7,278.6
2010,12,13,0,278.1
2010,12,13,1,277.5
2010,12,13,2,277.2
2010,12,13,3,276.5
2010,12,13,4,276.2
2010,12,13,5,275.4
2010,12,13,6,276.1
2010,12,13,7,275.6
2010,12,14,0,275.5
2010,12,14,1,276.2
2010,12,14,2,276.3
2010,12,14,3,275.9
2010,12,14,4,275.3
2010,12,14,5,274.8
2010,12,14,6,274.8
2010,12,14,7,274.6
2010,12,15,0,273.3
2010,12,15,1,273.2
2010,12,15,2,272.8
2010,12,15,3,272.5
2010,12,15,4,271.8
2010,12,15,5,270.6
2010,12,15,6,270.0
2010,12,15,7,269.7
2010,12,16,0,269.7
2010,12,16,1,269.3
2010,12,16,2,268.3
2010,12,16,3,267.3
2010,12,16,4,266.8
2010,12,16,5,266.0
2010,12,16,6,265.4
2010,12,16,7,265.4
2010,12,17,0,265.4
2010,12,17,1,265.3
2010,12,17,2,264.9
2010,12,17,3,264.3
2010,12,17,4,264.4
2010,12,17,5,265.0
2010,12,17,6,264.9
2010,12,17,7,266.2
2010,12,18,0,266.5
2010,12,18,1,266.3
2010,12,18,2,266.2
2010,12,18,3,265.3
2010,12,18,4,264.3
2010,12,18,5,263.1
2010,12,18,6,264.8
2010,12,18,7,264.2
2010,12,19,0,270.8
2010,12,19,1,274.0
2010,12,19,2,276.1
2010,12,19,3,278.5
2010,12,19,4,280.3
2010,12,19,5,282.1
2010,12,19,6,282.1
2010,12,19,7,282.4
2010,12,20,0,281.9
2010,12,20,1,280.5
2010,12,20,2,279.5
2010,12,20,3,278.3
2010,12,20,4,277.2
2010,12,20,5,276.4
2010,12,20,6,274.7
2010,12,20,7,273.5
2010,12,21,0,271.8
2010,12,21,1,269.9
2010,12,21,2,267.3
2010,12,21,3,266.2
2010,12,21,4,267.1
2010,12,21,5,269.1
2010,12,21,6,271.0
2010,12,21,7,271.1
2010,12,22,0,273.5
2010,12,22,1,275.5
2010,12,22,2,275.1
2010,12,22,3,274.5
2010,12,22,4,274.4
2010,12,22,5,274.2
2010,12,22,6,274.3
2010,12,22,7,274.6
2010,12,23,0,275.3
2010,12,23,1,275.6
2010,12,23,2,275.6
2010,12,23,3,276.7
2010,12,23,4,278.6
2010,12,23,5,279.5
2010,12,23,6,278.8
2010,12,23,7,278.4
2010,12,24,0,277.2
2010,12,24,1,276.7
2010,12,24,2,276.3
2010,12,24,3,275.8
2010,12,24,4,275.3
2010,12,24,5,274.9
2010,12,24,6,274.5
2010,12,24,7,274.9
2010,12,25,0,275.5
2010,12,25,1,275.8
2010,12,25,2,276.6
2010,12,25,3,278.4
2010,12,25,4,279.4
2010,12,25,5,280.1
2010,12,25,6,280.8
2010,12,25,7,281.2
2010,12,26,0,282.0
2010,12,26,1,282.6
2010,12,26,2,282.4
2010,12,26,3,282.2
2010,12,26,4,282.6
2010,12,26,5,282.5
2010,12,26,6,282.6
2010,12,26,7,282.9
2010,12,27,0,283.1
2010,12,27,1,282.2
2010,12,27,2,282.2
2010,12,27,3,281.7
2010,12,27,4,281.8
2010,12,27,5,282.0
2010,12,27,6,280.6
2010,12,27,7,280.5
2010,12,28,0,280.4
2010,12,28,1,280.4
2010,12,28,2,280.8
2010,12,28,3,280.9
2010,12,28,4,280.8
2010,12,28,5,281.3
2010,12,28,6,282.0
2010,12,28,7,282.2
2010,12,29,0,281.9
2010,12,29,1,281.0
2010,12,29,2,280.7
2010,12,29,3,280.4
2010,12,29,4,280.8
2010,12,29,5,281.0
2010,12,29,6,280.2
2010,12,29,7,280.1
2010,12,30,0,279.7
2010,12,30,1,278.9
2010,12,30,2,277.4
2010,12,30,3,276.3
2010,12,30,4,275.2
2010,12,30,5,274.4
2010,12,30,6,274.5
2010,12,30,7,275.5
2010,12,31,0,275.7
2010,12,31,1,276.6
2010,12,31,2,277.3
2010,12,31,3,276.6
2010,12,31,4,275.4
2010,12,31,5,275.2
2010,12,31,6,276.2
2010,12,31,7,276.8
2010,12,1,0,279.0
2010,12,1,1,279.5
2010,12,1,2,278.6
2010,12,1,3,278.9
2010,12,1,4,279.2
2010,12,1,5,279.0
2010,12,1,6,279.8
2010,12,1,7,279.5
2010,12,2,0,279.3
2010,12,2,1,279.1
2010,12,2,2,278.4
2010,12,2,3,278.1
2010,12,2,4,278.5
2010,12,2,5,279.3
2010,12,2,6,280.3
2010,12,2,7,280.1
2010,12,3,0,280.1
2010,12,3,1,280.0
2010,12,3,2,279.3
2010,12,3,3,278.8
2010,12,3,4,279.0
2010,12,3,5,278.7
2010,12,3,6,278.0
2010,12,3,7,278.1
2010,12,4,0,277.9
2010,12,4,1,278.2
2010,12,4,2,278.2
2010,12,4,3,278.6
2010,12,4,4,279.2
2010,12,4,5,279.6
2010,12,4,6,281.4
2010,12,4,7,282.0
2010,12,5,0,281.7
2010,12,5,1,281.9
2010,12,5,2,282.7
2010,12,5,3,284.8
2010,12,5,4,286.2
2010,12,5,5,287.2
2010,12,5,6,286.6
2010,12,5,7,286.7
2010,12,6,0,286.2
2010,12,6,1,286.2
2010,12,6,2,285.9
2010,12,6,3,285.8
2010,12,6,4,286.5
2010,12,6,5,286.3
2010,12,6,6,287.5
2010,12,6,7,286.5
2010,12,7,0,286.0
2010,12,7,1,285.3
2010,12,7,2,285.1
2010,12,7,3,284.2
2010,12,7,4,283.6
2010,12,7,5,283.3
2010,12,7,6,282.8
2010,12,7,7,283.1
2010,12,8,0,283.2
2010,12,8,1,282.9
2010,12,8,2,282.5
2010,12,8,3,282.1
2010,12,8,4,283.2
2010,12,8,5,285.1
2010,12,8,6,285.1
2010,12,8,7,285.1
2010,12,9,0,284.8
2010,12,9,1,284.4
2010,12,9,2,284.7
2010,12,9,3,284.3
2010,12,9,4,283.6
2010,12,9,5,283.6
2010,12,9,6,283.3
2010,12,9,7,284.5
2010,12,10,0,284.5
2010,12,10,1,283.6
2010,12,10,2,283.0
2010,12,10,3,282.4
2010,12,10,4,282.5
2010,12,10,5,282.6
2010,12,10,6,281.6
2010,12,10,7,282.1
2010,12,11,0,281.0
2010,12,11,1,280.3
2010,12,11,2,278.5
2010,12,11,3,274.2
2010,12,11,4,274.9
2010,12,11,5,274.1
2010,12,11,6,273.2
2010,12,11,7,271.8
2010,12,12,0,270.5
2010,12,12,1,270.7
2010,12,12,2,270.9
2010,12,12,3,271.3
2010,12,12,4,272.3
2010,12,12,5,272.6
2010,12,12,6,274.6
2010,12,12,7,276.1
2010,12,13,0,277.5
2010,12,13,1,279.4
2010,12,13,2,280.2
2010,12,13,3,280.4
2010,12,13,4,280.9
2010,12,13,5,281.1
2010,12,13,6,282.2
2010,12,13,7,282.4
2010,12,14,0,282.8
2010,12,14,1,283.0
2010,12,14,2,282.8
2010,12,14,3,282.0
2010,12,14,4,282.5
2010,12,14,5,282.5
2010,12,14,6,283.0
2010,12,14,7,283.1
2010,12,15,0,283.6
2010,12,15,1,283.9
2010,12,15,2,283.5
2010,12,15,3,283.2
2010,12,15,4,283.5
2010,12,15,5,283.3
2010,12,15,6,282.9
2010,12,15,7,282.9
2010,12,16,0,282.1
2010,12,16,1,280.9
2010,12,16,2,280.8
2010,12,16,3,280.4
2010,12,16,4,280.5
2010,12,16,5,280.8
2010,12,16,6,282.0
2010,12,16,7,282.1
2010,12,17,0,281.8
2010,12,17,1,281.6
2010,12,17,2,281.4
2010,12,17,3,281.2
2010,12,17,4,280.7
2010,12,17,5,280.3
2010,12,17,6,280.9
2010,12,17,7,281.0
2010,12,18,0,280.8
2010,12,18,1,280.8
2010,12,18,2,281.3
2010,12,18,3,281.1
2010,12,18,4,281.4
2010,12,18,5,281.5
2010,12,18,6,282.2
2010,12,18,7,283.3
2010,12,19,0,283.3
2010,12,19,1,283.5
2010,12,19,2,283.2
2010,12,19,3,282.6
2010,12,19,4,282.7
2010,12,19,5,282.6
2010,12,19,6,283.0
2010,12,19,7,284.9
2010,12,20,0,284.0
2010,12,20,1,283.4
2010,12,20,2,283.3
2010,12,20,3,282.6
2010,12,20,4,282.7
2010,12,20,5,282.1
2010,12,20,6,282.1
2010,12,20,7,281.9
2010,12,21,0,282.8
2010,12,21,1,282.8
2010,12,21,2,283.1
2010,12,21,3,282.5
2010,12,21,4,282.2
2010,12,21,5,282.3
2010,12,21,6,283.0
2010,12,21,7,282.8
2010,12,22,0,282.5
2010,12,22,1,281.7
2010,12,22,2,281.1
2010,12,22,3,281.1
2010,12,22,4,281.2
2010,12,22,5,281.3
2010,12,22,6,282.5
2010,12,22,7,281.9
2010,12,23,0,282.1
2010,12,23,1,281.7
2010,12,23,2,281.3
2010,12,23,3,281.1
2010,12,23,4,281.5
2010,12,23,5,281.5
2010,12,23,6,282.4
2010,12,23,7,282.4
2010,12,24,0,283.0
2010,12,24,1,282.9
2010,12,24,2,282.7
2010,12,24,3,282.4
2010,12,24,4,282.8
2010,12,24,5,282.9
2010,12,24,6,284.0
2010,12,24,7,284.0
2010,12,25,0,283.5
2010,12,25,1,283.0
2010,12,25,2,282.5
2010,12,25,3,282.1
2010,12,25,4,282.2
2010,12,25,5,282.0
2010,12,25,6,283.3
2010,12,25,7,283.0
2010,12,26,0,283.6
2010,12,26,1,284.0
2010,12,26,2,282.9
2010,12,26,3,282.6
2010,12,26,4,282.8
2010,12,26,5,282.1
2010,12,26,6,282.6
2010,12,26,7,281.3
2010,12,27,0,282.6
2010,12,27,1,281.8
2010,12,27,2,281.0
2010,12,27,3,280.6
2010,12,27,4,280.7
2010,12,27,5,281.8
2010,12,27,6,282.6
2010,12,27,7,280.9
2010,12,28,0,282.2
2010,12,28,1,281.6
2010,12,28,2,280.8
2010,12,28,3,280.1
2010,12,28,4,280.1
2010,12,28,5,280.5
2010,12,28,6,281.1
2010,12,28,7,282.9
2010,12,29,0,282.7
2010,12,29,1,283.7
2010,12,29,2,283.5
2010,12,29,3,283.1
2010,12,29,4,282.9
2010,12,29,5,282.3
2010,12,29,6,282.6
2010,12,29,7,283.8
2010,12,30,0,283.6
2010,12,30,1,283.3
2010,12,30,2,282.8
2010,12,30,3,281.7
2010,12,30,4,281.3
2010,12,30,5,281.3
2010,12,30,6,280.5
2010,12,30,7,280.4
2010,12,31,0,280.4
2010,12,31,1,280.2
2010,12,31,2,279.0
2010,12,31,3,278.7
2010,12,31,4,277.8
2010,12,31,5,276.7
2010,12,31,6,276.4
2010,12,31,7,276.3
2010,12,1,0,275.9
2010,12,1,1,275.9
2010,12,1,2,274.3
2010,12,1,3,273.2
2010,12,1,4,273.0
2010,12,1,5,273.3
2010,12,1,6,271.9
2010,12,1,7,272.9
2010,12,2,0,271.4
2010,12,2,1,272.5
2010,12,2,2,272.5
2010,12,2,3,273.0
2010,12,2,4,274.8
2010,12,2,5,275.3
2010,12,2,6,273.0
2010,12,2,7,274.5
2010,12,3,0,274.5
2010,12,3,1,275.5
2010,12,3,2,275.5
2010,12,3,3,275.8
2010,12,3,4,277.0
2010,12,3,5,278.5
2010,12,3,6,277.7
2010,12,3,7,278.5
2010,12,4,0,279.4
2010,12,4,1,280.3
2010,12,4,2,280.9
2010,12,4,3,280.6
2010,12,4,4,280.7
2010,12,4,5,280.3
2010,12,4,6,281.5
2010,12,4,7,281.3
2010,12,5,0,280.7
2010,12,5,1,279.7
2010,12,5,2,279.2
2010,12,5,3,278.5
2010,12,5,4,278.1
2010,12,5,5,277.6
2010,12,5,6,279.1
2010,12,5,7,279.0
2010,12,6,0,278.3
2010,12,6,1,278.5
2010,12,6,2,278.6
2010,12,6,3,277.9
2010,12,6,4,278.5
2010,12,6,5,280.1
2010,12,6,6,281.3
2010,12,6,7,283.0
2010,12,7,0,283.5
2010,12,7,1,283.7
2010,12,7,2,283.9
2010,12,7,3,283.9
2010,12,7,4,284.7
2010,12,7,5,285.1
2010,12,7,6,286.7
2010,12,7,7,287.5
2010,12,8,0,287.2
2010,12,8,1,287.5
2010,12,8,2,285.8
2010,12,8,3,284.3
2010,12,8,4,284.5
2010,12,8,5,284.0
2010,12,8,6,284.1
2010,12,8,7,285.5
2010,12,9,0,284.8
2010,12,9,1,283.9
2010,12,9,2,283.6
2010,12,9,3,282.8
2010,12,9,4,282.8
2010,12,9,5,282.3
2010,12,9,6,282.6
2010,12,9,7,281.8
2010,12,10,0,281.7
2010,12,10,1,280.4
2010,12,10,2,279.7
2010,12,10,3,279.2
2010,12,10,4,279.0
2010,12,10,5,278.6
2010,12,10,6,279.8
2010,12,10,7,281.1
2010,12,11,0,280.7
2010,12,11,1,280.8
2010,12,11,2,281.3
2010,12,11,3,280.6
2010,12,11,4,280.4
2010,12,11,5,279.9
2010,12,11,6,281.0
2010,12,11,7,279.6
2010,12,12,0,279.5
2010,12,12,1,278.4
2010,12,12,2,276.8
2010,12,12,3,276.2
2010,12,12,4,275.9
2010,12,12,5,274.9
2010,12,12,6,274.3
2010,12,12,7,273.5
2010,12,13,0,273.4
2010,12,13,1,272.3
2010,12,13,2,272.2
2010,12,13,3,271.4
2010,12,13,4,272.2
2010,12,13,5,272.7
2010,12,13,6,276.8
2010,12,13,7,279.3
2010,12,14,0,280.1
2010,12,14,1,281.3
2010,12,14,2,281.3
2010,12,14,3,281.7
2010,12,14,4,282.2
2010,12,14,5,283.4
2010,12,14,6,285.0
2010,12,14,7,284.4
2010,12,15,0,285.1
2010,12,15,1,285.1
2010,12,15,2,285.5
2010,12,15,3,285.2
2010,12,15,4,285.8
2010,12,15,5,285.9
2010,12,15,6,286.4
2010,12,15,7,287.2
2010,12,16,0,287.0
2010,12,16,1,287.0
2010,12,16,2,287.0
2010,12,16,3,286.7
2010,12,16,4,287.0
2010,12,16,5,287.3
2010,12,16,6,288.2
2010,12,16,7,288.4
2010,12,17,0,288.1
2010,12,17,1,288.5
2010,12,17,2,288.3
2010,12,17,3,287.6
2010,12,17,4,287.7
2010,12,17,5,287.9
2010,12,17,6,289.0
2010,12,17,7,289.1
2010,12,18,0,288.5
2010,12,18,1,288.2
2010,12,18,2,287.4
2010,12,18,3,286.8
2010,12,18,4,286.7
2010,12,18,5,286.6
2010,12,18,6,286.4
2010,12,18,7,286.7
2010,12,19,0,286.3
2010,12,19,1,285.9
2010,12,19,2,285.5
2010,12,19,3,285.0
2010,12,19,4,285.2
2010,12,19,5,285.0
2010,12,19,6,287.8
2010,12,19,7,286.3
2010,12,20,0,285.1
2010,12,20,1,285.1
2010,12,20,2,284.6
2010,12,20,3,284.1
2010,12,20,4,283.7
2010,12,20,5,283.7
2010,12,20,6,283.6
2010,12,20,7,285.6
2010,12,21,0,285.0
2010,12,21,1,283.8
2010,12,21,2,283.3
2010,12,21,3,282.2
2010,12,21,4,282.1
2010,12,21,5,281.8
2010,12,21,6,282.5
2010,12,21,7,281.7
2010,12,22,0,282.9
2010,12,22,1,282.7
2010,12,22,2,282.1
2010,12,22,3,281.4
2010,12,22,4,281.2
2010,12,22,5,280.8
2010,12,22,6,281.5
2010,12,22,7,280.5
2010,12,23,0,281.0
2010,12,23,1,280.6
2010,12,23,2,280.6
2010,12,23,3,280.4
2010,12,23,4,279.8
2010,12,23,5,279.7
2010,12,23,6,281.6
2010,12,23,7,281.2
2010,12,24,0,281.7
2010,12,24,1,281.2
2010,12,24,2,281.5
2010,12,24,3,281.3
2010,12,24,4,281.4
2010,12,24,5,281.4
2010,12,24,6,282.5
2010,12,24,7,282.4
2010,12,25,0,282.7
2010,12,25,1,282.1
2010,12,25,2,281.5
2010,12,25,3,280.9
2010,12,25,4,280.6
2010,12,25,5,279.9
2010,12,25,6,280.8
2010,12,25,7,280.5
2010,12,26,0,280.7
2010,12,26,1,280.1
2010,12,26,2,279.7
2010,12,26,3,279.0
2010,12,26,4,278.7
2010,12,26,5,278.7
2010,12,26,6,280.2
2010,12,26,7,279.9
2010,12,27,0,280.1
2010,12,27,1,279.3
2010,12,27,2,278.6
2010,12,27,3,278.2
2010,12,27,4,279.0
2010,12,27,5,279.5
2010,12,27,6,280.4
2010,12,27,7,280.2
2010,12,28,0,281.5
2010,12,28,1,281.4
2010,12,28,2,281.2
2010,12,28,3,280.7
2010,12,28,4,280.6
2010,12,28,5,279.9
2010,12,28,6,280.7
2010,12,28,7,279.2
2010,12,29,0,279.2
2010,12,29,1,278.1
2010,12,29,2,277.9
2010,12,29,3,276.8
2010,12,29,4,277.8
2010,12,29,5,277.5
2010,12,29,6,279.2
2010,12,29,7,279.3
2010,12,30,0,280.0
2010,12,30,1,281.1
2010,12,30,2,279.5
2010,12,30,3,278.8
2010,12,30,4,278.9
2010,12,30,5,278.6
2010,12,30,6,279.3
2010,12,30,7,279.2
2010,12,1,0,280.0
2010,12,1,1,279.7
2010,12,1,2,278.6
2010,12,1,3,277.3
2010,12,1,4,277.3
2010,12,1,5,276.4
2010,12,1,6,276.6
2010,12,1,7,276.8
2010,12,2,0,276.3
2010,12,2,1,275.6
2010,12,2,2,276.0
2010,12,2,3,275.6
2010,12,2,4,276.0
2010,12,2,5,276.9
2010,12,2,6,278.1
2010,12,2,7,277.3
2010,12,3,0,275.9
2010,12,3,1,274.5
2010,12,3,2,273.8
2010,12,3,3,272.8
2010,12,3,4,273.1
2010,12,3,5,273.8
2010,12,3,6,275.4
2010,12,3,7,275.9
2010,12,4,0,275.2
2010,12,4,1,274.8
2010,12,4,2,275.7
2010,12,4,3,276.1
2010,12,4,4,279.7
2010,12,4,5,278.8
2010,12,4,6,282.3
2010,12,4,7,282.3
2010,12,5,0,282.0
2010,12,5,1,282.9
2010,12,5,2,282.7
2010,12,5,3,284.4
2010,12,5,4,282.9
2010,12,5,5,282.8
2010,12,5,6,282.8
2010,12,5,7,281.3
2010,12,6,0,282.6
2010,12,6,1,283.9
2010,12,6,2,280.1
2010,12,6,3,279.0
2010,12,6,4,278.1
2010,12,6,5,277.5
2010,12,6,6,279.8
2010,12,6,7,280.3
2010,12,7,0,280.3
2010,12,7,1,279.9
2010,12,7,2,280.2
2010,12,7,3,280.8
2010,12,7,4,282.0
2010,12,7,5,283.6
2010,12,7,6,284.7
2010,12,7,7,283.4
2010,12,8,0,283.8
2010,12,8,1,283.0
2010,12,8,2,282.3
2010,12,8,3,281.4
2010,12,8,4,281.5
2010,12,8,5,282.0
2010,12,8,6,283.5
2010,12,8,7,282.5
2010,12,9,0,282.8
2010,12,9,1,282.1
2010,12,9,2,281.8
2010,12,9,3,281.5
2010,12,9,4,281.8
2010,12,9,5,282.1
2010,12,9,6,283.1
2010,12,9,7,282.5
2010,12,10,0,282.4
2010,12,10,1,281.9
2010,12,10,2,281.6
2010,12,10,3,281.2
2010,12,10,4,281.3
2010,12,10,5,281.3
2010,12,10,6,282.3
2010,12,10,7,282.5
2010,12,11,0,282.5
2010,12,11,1,282.9
2010,12,11,2,282.4
2010,12,11,3,281.7
2010,12,11,4,281.8
2010,12,11,5,283.0
2010,12,11,6,282.2
2010,12,11,7,281.9
2010,12,12,0,283.2
2010,12,12,1,282.5
2010,12,12,2,281.1
2010,12,12,3,279.7
2010,12,12,4,279.8
2010,12,12,5,280.7
2010,12,12,6,279.8
2010,12,12,7,279.1
2010,12,13,0,278.6
2010,12,13,1,277.6
2010,12,13,2,276.7
2010,12,13,3,275.6
2010,12,13,4,275.2
2010,12,13,5,275.9
2010,12,13,6,278.3
2010,12,13,7,278.8
2010,12,14,0,278.3
2010,12,14,1,280.5
2010,12,14,2,281.5
2010,12,14,3,281.5
2010,12,14,4,283.3
2010,12,14,5,283.9
2010,12,14,6,282.1
2010,12,14,7,282.4
2010,12,15,0,282.6
2010,12,15,1,282.6
2010,12,15,2,282.3
2010,12,15,3,281.6
2010,12,15,4,281.6
2010,12,15,5,281.7
2010,12,15,6,283.1
2010,12,15,7,283.2
2010,12,16,0,283.1
2010,12,16,1,283.1
2010,12,16,2,283.0
2010,12,16,3,281.7
2010,12,16,4,282.1
2010,12,16,5,282.4
2010,12,16,6,283.0
2010,12,16,7,283.8
2010,12,17,0,283.3
2010,12,17,1,282.9
2010,12,17,2,282.1
2010,12,17,3,280.9
2010,12,17,4,281.2
2010,12,17,5,282.0
2010,12,17,6,283.2
2010,12,17,7,282.6
2010,12,18,0,283.3
2010,12,18,1,282.9
2010,12,18,2,283.8
2010,12,18,3,283.5
2010,12,18,4,284.1
2010,12,18,5,282.9
2010,12,18,6,283.3
2010,12,18,7,284.9
2010,12,19,0,284.5
2010,12,19,1,284.1
2010,12,19,2,284.1
2010,12,19,3,283.0
2010,12,19,4,283.5
2010,12,19,5,282.6
2010,12,19,6,283.4
2010,12,19,7,281.7
2010,12,20,0,283.2
2010,12,20,1,281.8
2010,12,20,2,281.2
2010,12,20,3,280.6
2010,12,20,4,280.5
2010,12,20,5,280.8
2010,12,20,6,282.3
2010,12,20,7,280.9
2010,12,21,0,281.3
2010,12,21,1,280.8
2010,12,21,2,280.2
2010,12,21,3,280.1
2010,12,21,4,280.2
2010,12,21,5,280.9
2010,12,21,6,282.1
2010,12,21,7,281.2
2010,12,22,0,281.2
2010,12,22,1,280.5
2010,12,22,2,279.9
2010,12,22,3,279.2
2010,12,22,4,279.5
2010,12,22,5,279.8
2010,12,22,6,281.2
2010,12,22,7,280.3
2010,12,23,0,280.2
2010,12,23,1,279.9
2010,12,23,2,280.1
2010,12,23,3,280.1
2010,12,23,4,281.1
2010,12,23,5,281.1
2010,12,23,6,281.6
2010,12,23,7,281.2
2010,12,24,0,281.5
2010,12,24,1,280.8
2010,12,24,2,280.5
2010,12,24,3,280.1
2010,12,24,4,280.0
2010,12,24,5,280.2
2010,12,24,6,281.3
2010,12,24,7,281.1
2010,12,25,0,282.3
2010,12,25,1,282.8
2010,12,25,2,281.9
2010,12,25,3,281.6
2010,12,25,4,281.5
2010,12,25,5,281.9
2010,12,25,6,283.3
2010,12,25,7,284.0
2010,12,26,0,284.0
2010,12,26,1,284.1
2010,12,26,2,284.0
2010,12,26,3,283.3
2010,12,26,4,282.9
2010,12,26,5,282.1
2010,12,26,6,283.4
2010,12,26,7,282.7
2010,12,27,0,283.8
2010,12,27,1,282.4
2010,12,27,2,282.1
2010,12,27,3,281.7
2010,12,27,4,281.4
2010,12,27,5,281.5
2010,12,27,6,283.5
2010,12,27,7,284.8
2010,12,28,0,284.0
2010,12,28,1,283.3
2010,12,28,2,282.3
2010,12,28,3,281.8
2010,12,28,4,281.7
2010,12,28,5,281.6
2010,12,28,6,281.8
2010,12,28,7,282.1
2010,12,29,0,281.6
2010,12,29,1,280.5
2010,12,29,2,280.0
2010,12,29,3,279.0
2010,12,29,4,279.4
2010,12,29,5,279.6
2010,12,29,6,280.0
2010,12,29,7,282.0
2010,12,30,0,281.6
2010,12,30,1,281.5
2010,12,30,2,281.0
2010,12,30,3,280.4
2010,12,30,4,280.8
2010,12,30,5,280.8
2010,12,30,6,281.3
2010,12,30,7,281.2
2010,12,31,0,283.1
2010,12,31,1,281.2
2010,12,31,2,280.6
2010,12,31,3,280.0
2010,12,31,4,279.9
2010,12,31,5,280.0
2010,12,31,6,281.6
2010,12,31,7,281.0
2010,12,1,0,281.1
2010,12,1,1,280.6
2010,12,1,2,280.4
2010,12,1,3,280.1
2010,12,1,4,280.5
2010,12,1,5,281.8
2010,12,1,6,284.0
2010,12,1,7,282.6
2010,12,2,0,283.9
2010,12,2,1,283.8
2010,12,2,2,283.2
2010,12,2,3,283.0
2010,12,2,4,283.0
2010,12,2,5,282.7
2010,12,2,6,283.4
2010,12,2,7,281.9
2010,12,3,0,283.0
2010,12,3,1,282.4
2010,12,3,2,282.7
2010,12,3,3,282.1
2010,12,3,4,280.8
2010,12,3,5,281.3
2010,12,3,6,282.8
2010,12,3,7,281.3
2010,12,4,0,282.3
2010,12,4,1,283.2
2010,12,4,2,279.9
2010,12,4,3,280.0
2010,12,4,4,280.0
2010,12,4,5,281.3
2010,12,4,6,281.6
2010,12,4,7,283.0
2010,12,5,0,280.9
2010,12,5,1,280.3
2010,12,5,2,281.6
2010,12,5,3,282.1
2010,12,5,4,282.8
2010,12,5,5,283.9
2010,12,5,6,284.4
2010,12,5,7,286.0
2010,12,6,0,285.1
2010,12,6,1,285.1
2010,12,6,2,285.3
2010,12,6,3,285.5
2010,12,6,4,285.6
2010,12,6,5,284.9
2010,12,6,6,287.3
2010,12,6,7,286.5
2010,12,7,0,285.1
2010,12,7,1,284.1
2010,12,7,2,283.1
2010,12,7,3,282.3
2010,12,7,4,281.6
2010,12,7,5,281.3
2010,12,7,6,282.9
2010,12,7,7,282.2
2010,12,8,0,282.3
2010,12,8,1,281.8
2010,12,8,2,280.9
2010,12,8,3,280.2
2010,12,8,4,280.3
2010,12,8,5,281.4
2010,12,8,6,282.5
2010,12,8,7,281.6
2010,12,9,0,281.9
2010,12,9,1,282.4
2010,12,9,2,282.0
2010,12,9,3,281.7
2010,12,9,4,281.8
2010,12,9,5,283.8
2010,12,9,6,284.7
2010,12,9,7,283.5
2010,12,10,0,283.3
2010,12,10,1,283.0
2010,12,10,2,282.3
2010,12,10,3,281.5
2010,12,10,4,281.6
2010,12,10,5,282.2
2010,12,10,6,284.0
2010,12,10,7,283.5
2010,12,11,0,283.7
2010,12,11,1,282.9
2010,12,11,2,282.3
2010,12,11,3,281.8
2010,12,11,4,281.7
2010,12,11,5,282.9
2010,12,11,6,284.8
2010,12,11,7,283.9
2010,12,12,0,284.5
2010,12,12,1,285.2
2010,12,12,2,284.8
2010,12,12,3,283.1
2010,12,12,4,282.7
2010,12,12,5,282.3
2010,12,12,6,283.3
2010,12,12,7,284.8
2010,12,13,0,283.9
2010,12,13,1,283.9
2010,12,13,2,284.2
2010,12,13,3,284.1
2010,12,13,4,283.6
2010,12,13,5,281.9
2010,12,13,6,283.2
2010,12,13,7,285.3
2010,12,14,0,284.1
2010,12,14,1,283.6
2010,12,14,2,283.5
2010,12,14,3,283.0
2010,12,14,4,282.5
2010,12,14,5,282.8
2010,12,14,6,285.0
2010,12,14,7,284.3
2010,12,15,0,283.4
2010,12,15,1,283.1
2010,12,15,2,282.2
2010,12,15,3,281.9
2010,12,15,4,282.0
2010,12,15,5,283.0
2010,12,15,6,283.4
2010,12,15,7,283.1
2010,12,16,0,281.8
2010,12,16,1,281.3
2010,12,16,2,280.9
2010,12,16,3,280.2
2010,12,16,4,280.5
2010,12,16,5,280.4
2010,12,16,6,280.5
2010,12,16,7,281.8
2010,12,17,0,280.9
2010,12,17,1,280.6
2010,12,17,2,281.5
2010,12,17,3,280.4
2010,12,17,4,281.0
2010,12,17,5,280.7
2010,12,17,6,282.1
2010,12,17,7,280.6
2010,12,18,0,281.0
2010,12,18,1,280.3
2010,12,18,2,279.6
2010,12,18,3,279.6
2010,12,18,4,279.8
2010,12,18,5,278.5
2010,12,18,6,279.2
2010,12,18,7,278.5
2010,12,19,0,278.7
2010,12,19,1,279.4
2010,12,19,2,277.8
2010,12,19,3,279.2
2010,12,19,4,278.9
2010,12,19,5,278.5
2010,12,19,6,279.1
2010,12,19,7,278.4
2010,12,20,0,278.5
2010,12,20,1,277.0
2010,12,20,2,277.5
2010,12,20,3,276.9
2010,12,20,4,276.8
2010,12,20,5,276.9
2010,12,20,6,277.6
2010,12,20,7,276.9
2010,12,21,0,276.7
2010,12,21,1,276.1
2010,12,21,2,276.3
2010,12,21,3,275.9
2010,12,21,4,274.7
2010,12,21,5,278.6
2010,12,21,6,281.1
2010,12,21,7,281.7
2010,12,22,0,281.4
2010,12,22,1,281.6
2010,12,22,2,280.9
2010,12,22,3,280.3
2010,12,22,4,280.1
2010,12,22,5,279.6
2010,12,22,6,280.5
2010,12,22,7,280.2
2010,12,23,0,280.0
2010,12,23,1,279.3
2010,12,23,2,279.9
2010,12,23,3,279.7
2010,12,23,4,279.5
2010,12,23,5,279.2
2010,12,23,6,280.6
2010,12,23,7,279.2
2010,12,24,0,280.5
2010,12,24,1,278.9
2010,12,24,2,280.2
2010,12,24,3,279.2
2010,12,24,4,278.9
2010,12,24,5,280.9
2010,12,24,6,282.2
2010,12,24,7,282.4
2010,12,25,0,282.7
2010,12,25,1,280.4
2010,12,25,2,282.1
2010,12,25,3,282.6
2010,12,25,4,282.9
2010,12,25,5,281.2
2010,12,25,6,282.6
2010,12,25,7,284.4
2010,12,26,0,285.6
2010,12,26,1,284.4
2010,12,26,2,283.5
2010,12,26,3,283.2
2010,12,26,4,284.2
2010,12,26,5,281.7
2010,12,26,6,283.9
2010,12,26,7,286.3
2010,12,27,0,284.7
2010,12,27,1,283.5
2010,12,27,2,283.2
2010,12,27,3,282.7
2010,12,27,4,282.7
2010,12,27,5,281.9
2010,12,27,6,282.4
2010,12,27,7,284.9
2010,12,28,0,284.1
2010,12,28,1,283.4
2010,12,28,2,281.6
2010,12,28,3,280.5
2010,12,28,4,280.0
2010,12,28,5,281.1
2010,12,28,6,282.0
2010,12,28,7,283.3
2010,12,29,0,282.9
2010,12,29,1,282.1
2010,12,29,2,280.9
2010,12,29,3,280.4
2010,12,29,4,281.1
2010,12,29,5,282.4
2010,12,29,6,283.7
2010,12,29,7,286.0
2010,12,30,0,285.8
2010,12,30,1,285.4
2010,12,30,2,284.9
2010,12,30,3,283.8
2010,12,30,4,283.7
2010,12,30,5,283.8
2010,12,30,6,283.8
2010,12,30,7,287.1
2010,12,1,0,284.8
2010,12,1,1,284.0
2010,12,1,2,284.5
2010,12,1,3,282.4
2010,12,1,4,282.8
2010,12,1,5,283.3
2010,12,1,6,284.7
2010,12,1,7,283.4
2010,12,2,0,284.9
2010,12,2,1,285.1
2010,12,2,2,283.0
2010,12,2,3,282.9
2010,12,2,4,282.7
2010,12,2,5,283.3
2010,12,2,6,285.3
2010,12,2,7,284.3
2010,12,3,0,285.6
2010,12,3,1,285.1
2010,12,3,2,284.3
2010,12,3,3,283.7
2010,12,3,4,284.0
2010,12,3,5,283.2
2010,12,3,6,284.4
2010,12,3,7,284.2
2010,12,4,0,284.7
2010,12,4,1,284.6
2010,12,4,2,284.0
2010,12,4,3,282.9
2010,12,4,4,282.5
2010,12,4,5,282.7
2010,12,4,6,284.7
2010,12,4,7,284.7
2010,12,5,0,284.7
2010,12,5,1,283.5
2010,12,5,2,282.6
2010,12,5,3,282.0
2010,12,5,4,282.5
2010,12,5,5,282.3
2010,12,5,6,284.3
2010,12,5,7,284.4
2010,12,6,0,283.9
2010,12,6,1,282.7
2010,12,6,2,282.8
2010,12,6,3,282.8
2010,12,6,4,282.8
2010,12,6,5,283.7
2010,12,6,6,285.7
2010,12,6,7,285.6
2010,12,7,0,285.3
2010,12,7,1,283.8
2010,12,7,2,284.0
2010,12,7,3,283.7
2010,12,7,4,282.8
2010,12,7,5,283.9
2010,12,7,6,286.8
2010,12,7,7,287.3
2010,12,8,0,286.8
2010,12,8,1,285.6
2010,12,8,2,285.1
2010,12,8,3,285.6
2010,12,8,4,285.7
2010,12,8,5,287.6
2010,12,8,6,288.8
2010,12,8,7,284.8
2010,12,9,0,286.6
2010,12,9,1,284.9
2010,12,9,2,283.7
2010,12,9,3,282.9
2010,12,9,4,282.8
2010,12,9,5,284.4
2010,12,9,6,285.5
2010,12,9,7,284.8
2010,12,10,0,285.3
2010,12,10,1,284.0
2010,12,10,2,282.6
2010,12,10,3,281.5
2010,12,10,4,281.7
2010,12,10,5,284.3
2010,12,10,6,285.9
2010,12,10,7,288.6
2010,12,11,0,285.7
2010,12,11,1,284.7
2010,12,11,2,283.8
2010,12,11,3,284.6
2010,12,11,4,285.4
2010,12,11,5,284.7
2010,12,11,6,284.4
2010,12,11,7,285.8
2010,12,12,0,285.9
2010,12,12,1,285.3
2010,12,12,2,283.1
2010,12,12,3,283.2
2010,12,12,4,283.1
2010,12,12,5,283.7
2010,12,12,6,283.2
2010,12,12,7,283.0
2010,12,13,0,283.0
2010,12,13,1,282.8
2010,12,13,2,281.6
2010,12,13,3,280.9
2010,12,13,4,280.5
2010,12,13,5,280.7
2010,12,13,6,282.5
2010,12,13,7,281.2
2010,12,14,0,280.9
2010,12,14,1,280.7
2010,12,14,2,280.0
2010,12,14,3,279.7
2010,12,14,4,280.7
2010,12,14,5,281.8
2010,12,14,6,283.0
2010,12,14,7,282.4
2010,12,15,0,281.4
2010,12,15,1,281.3
2010,12,15,2,280.4
2010,12,15,3,280.2
2010,12,15,4,280.7
2010,12,15,5,282.0
2010,12,15,6,283.8
2010,12,15,7,282.9
2010,12,16,0,281.3
2010,12,16,1,281.2
2010,12,16,2,280.6
2010,12,16,3,280.5
2010,12,16,4,280.8
2010,12,16,5,281.8
2010,12,16,6,283.5
2010,12,16,7,282.8
2010,12,17,0,281.9
2010,12,17,1,282.1
2010,12,17,2,281.0
2010,12,17,3,280.8
2010,12,17,4,281.0
2010,12,17,5,282.4
2010,12,17,6,283.0
2010,12,17,7,281.7
2010,12,18,0,282.3
2010,12,18,1,282.3
2010,12,18,2,281.3
2010,12,18,3,281.1
2010,12,18,4,281.3
2010,12,18,5,282.0
2010,12,18,6,283.5
2010,12,18,7,282.9
2010,12,19,0,282.5
2010,12,19,1,281.7
2010,12,19,2,281.7
2010,12,19,3,281.2
2010,12,19,4,281.6
2010,12,19,5,281.8
2010,12,19,6,283.7
2010,12,19,7,283.4
2010,12,20,0,283.4
2010,12,20,1,282.6
2010,12,20,2,284.2
2010,12,20,3,283.8
2010,12,20,4,284.1
2010,12,20,5,284.1
2010,12,20,6,285.1
2010,12,20,7,285.2
2010,12,21,0,285.3
2010,12,21,1,285.0
2010,12,21,2,285.6
2010,12,21,3,285.0
2010,12,21,4,284.6
2010,12,21,5,284.6
2010,12,21,6,286.4
2010,12,21,7,285.6
2010,12,22,0,287.0
2010,12,22,1,286.0
2010,12,22,2,285.6
2010,12,22,3,285.0
2010,12,22,4,284.4
2010,12,22,5,284.3
2010,12,22,6,285.2
2010,12,22,7,285.4
2010,12,23,0,285.2
2010,12,23,1,284.6
2010,12,23,2,283.3
2010,12,23,3,282.4
2010,12,23,4,282.4
2010,12,23,5,283.6
2010,12,23,6,284.7
2010,12,23,7,284.9
2010,12,24,0,284.7
2010,12,24,1,284.5
2010,12,24,2,283.9
2010,12,24,3,283.0
2010,12,24,4,282.6
2010,12,24,5,283.7
2010,12,24,6,284.2
2010,12,24,7,283.6
2010,12,25,0,284.0
2010,12,25,1,283.5
2010,12,25,2,282.7
2010,12,25,3,282.7
2010,12,25,4,283.0
2010,12,25,5,285.0
2010,12,25,6,285.8
2010,12,25,7,284.3
2010,12,26,0,284.5
2010,12,26,1,284.2
2010,12,26,2,283.9
2010,12,26,3,283.7
2010,12,26,4,283.7
2010,12,26,5,285.1
2010,12,26,6,286.1
2010,12,26,7,284.9
2010,12,27,0,284.2
2010,12,27,1,284.2
2010,12,27,2,283.2
2010,12,27,3,282.5
2010,12,27,4,282.6
2010,12,27,5,283.8
2010,12,27,6,285.2
2010,12,27,7,284.3
2010,12,28,0,283.8
2010,12,28,1,284.2
2010,12,28,2,283.5
2010,12,28,3,282.6
2010,12,28,4,282.3
2010,12,28,5,283.5
2010,12,28,6,284.7
2010,12,28,7,283.5
2010,12,29,0,283.1
2010,12,29,1,283.0
2010,12,29,2,282.5
2010,12,29,3,282.0
2010,12,29,4,281.7
2010,12,29,5,283.1
2010,12,29,6,284.8
2010,12,29,7,284.0
2010,12,30,0,282.8
2010,12,30,1,282.5
2010,12,30,2,282.2
2010,12,30,3,281.5
2010,12,30,4,281.6
2010,12,30,5,283.1
2010,12,30,6,283.8
2010,12,30,7,282.6
2010,12,31,0,281.7
2010,12,31,1,282.3
2010,12,31,2,281.5
2010,12,31,3,281.0
2010,12,31,4,281.0
2010,12,31,5,282.4
2010,12,31,6,284.0
2010,12,31,7,282.7
2011,12,1,0,281.8
2011,12,1,1,281.7
2011,12,1,2,281.1
2011,12,1,3,280.4
2011,12,1,4,280.2
2011,12,1,5,281.9
2011,12,1,6,283.5
2011,12,1,7,282.3
2011,12,2,0,281.2
2011,12,2,1,281.1
2011,12,2,2,280.7
2011,12,2,3,280.4
2011,12,2,4,280.2
2011,12,2,5,281.5
2011,12,2,6,282.6
2011,12,2,7,281.5
2011,12,3,0,280.5
2011,12,3,1,280.7
2011,12,3,2,280.4
2011,12,3,3,280.1
2011,12,3,4,280.0
2011,12,3,5,281.3
2011,12,3,6,282.8
2011,12,3,7,281.4
2011,12,4,0,280.9
2011,12,4,1,280.3
2011,12,4,2,279.8
2011,12,4,3,279.6
2011,12,4,4,280.1
2011,12,4,5,281.6
2011,12,4,6,282.0
2011,12,4,7,282.9
2011,12,5,0,283.5
2011,12,5,1,283.1
2011,12,5,2,281.7
2011,12,5,3,280.6
2011,12,5,4,281.5
2011,12,5,5,282.4
2011,12,5,6,283.6
2011,12,5,7,284.5
2011,12,6,0,282.4
2011,12,6,1,282.7
2011,12,6,2,282.8
2011,12,6,3,282.3
2011,12,6,4,281.9
2011,12,6,5,281.9
2011,12,6,6,284.0
2011,12,6,7,283.7
2011,12,7,0,283.2
2011,12,7,1,281.1
2011,12,7,2,281.8
2011,12,7,3,281.7
2011,12,7,4,281.9
2011,12,7,5,282.4
2011,12,7,6,284.1
2011,12,7,7,283.7
2011,12,8,0,283.6
2011,12,8,1,282.5
2011,12,8,2,283.7
2011,12,8,3,283.7
2011,12,8,4,283.5
2011,12,8,5,284.2
2011,12,8,6,286.4
2011,12,8,7,286.9
2011,12,9,0,287.3
2011,12,9,1,286.7
2011,12,9,2,286.9
2011,12,9,3,286.4
2011,12,9,4,286.2
2011,12,9,5,285.6
2011,12,9,6,287.0
2011,12,9,7,286.9
2011,12,10,0,287.0
2011,12,10,1,287.1
2011,12,10,2,286.9
2011,12,10,3,286.5
2011,12,10,4,286.6
2011,12,10,5,286.5
2011,12,10,6,288.0
2011,12,10,7,289.3
2011,12,11,0,287.5
2011,12,11,1,287.1
2011,12,11,2,286.8
2011,12,11,3,286.2
2011,12,11,4,285.7
2011,12,11,5,286.0
2011,12,11,6,286.2
2011,12,11,7,288.9
2011,12,12,0,287.3
2011,12,12,1,286.1
2011,12,12,2,284.6
2011,12,12,3,283.9
2011,12,12,4,283.9
2011,12,12,5,284.8
2011,12,12,6,285.6
2011,12,12,7,283.8
2011,12,13,0,283.6
2011,12,13,1,283.5
2011,12,13,2,283.0
2011,12,13,3,282.8
2011,12,13,4,283.0
2011,12,13,5,284.3
2011,12,13,6,285.3
2011,12,13,7,283.9
2011,12,14,0,283.4
2011,12,14,1,284.2
2011,12,14,2,283.6
2011,12,14,3,282.9
2011,12,14,4,282.8
2011,12,14,5,285.2
2011,12,14,6,286.2
2011,12,14,7,285.1
2011,12,15,0,285.4
2011,12,15,1,285.3
2011,12,15,2,284.1
2011,12,15,3,283.7
2011,12,15,4,283.6
2011,12,15,5,285.3
2011,12,15,6,285.4
2011,12,15,7,284.9
2011,12,16,0,286.3
2011,12,16,1,286.4
2011,12,16,2,285.8
2011,12,16,3,284.6
2011,12,16,4,283.9
2011,12,16,5,285.6
2011,12,16,6,286.0
2011,12,16,7,285.3
2011,12,17,0,287.3
2011,12,17,1,286.8
2011,12,17,2,286.7
2011,12,17,3,285.8
2011,12,17,4,285.3
2011,12,17,5,286.1
2011,12,17,6,286.5
2011,12,17,7,287.5
2011,12,18,0,287.3
2011,12,18,1,285.8
2011,12,18,2,286.9
2011,12,18,3,286.6
2011,12,18,4,287.0
2011,12,18,5,284.4
2011,12,18,6,284.7
2011,12,18,7,287.2
2011,12,19,0,285.6
2011,12,19,1,285.5
2011,12,19,2,284.3
2011,12,19,3,283.5
2011,12,19,4,284.2
2011,12,19,5,284.3
2011,12,19,6,285.3
2011,12,19,7,285.8
2011,12,20,0,286.1
2011,12,20,1,285.5
2011,12,20,2,284.6
2011,12,20,3,284.2
2011,12,20,4,283.1
2011,12,20,5,283.3
2011,12,20,6,284.6
2011,12,20,7,286.6
2011,12,21,0,287.9
2011,12,21,1,287.5
2011,12,21,2,286.7
2011,12,21,3,284.7
2011,12,21,4,284.3
2011,12,21,5,283.4
2011,12,21,6,284.2
2011,12,21,7,285.9
2011,12,22,0,285.7
2011,12,22,1,283.9
2011,12,22,2,283.3
2011,12,22,3,282.3
2011,12,22,4,282.1
2011,12,22,5,283.3
2011,12,22,6,283.9
2011,12,22,7,284.6
2011,12,23,0,285.5
2011,12,23,1,283.8
2011,12,23,2,284.2
2011,12,23,3,284.2
2011,12,23,4,284.5
2011,12,23,5,284.4
2011,12,23,6,285.6
2011,12,23,7,284.5
2011,12,24,0,284.0
2011,12,24,1,283.6
2011,12,24,2,283.4
2011,12,24,3,282.8
2011,12,24,4,283.0
2011,12,24,5,283.9
2011,12,24,6,285.1
2011,12,24,7,283.5
2011,12,25,0,284.1
2011,12,25,1,282.5
2011,12,25,2,282.7
2011,12,25,3,282.6
2011,12,25,4,283.1
2011,12,25,5,284.1
2011,12,25,6,285.4
2011,12,25,7,284.4
2011,12,26,0,285.1
2011,12,26,1,283.3
2011,12,26,2,283.4
2011,12,26,3,282.8
2011,12,26,4,283.1
2011,12,26,5,283.8
2011,12,26,6,284.7
2011,12,26,7,284.1
2011,12,27,0,284.5
2011,12,27,1,284.3
2011,12,27,2,284.6
2011,12,27,3,284.1
2011,12,27,4,283.4
2011,12,27,5,284.4
2011,12,27,6,284.9
2011,12,27,7,286.4
2011,12,28,0,285.1
2011,12,28,1,284.2
2011,12,28,2,284.0
2011,12,28,3,283.5
2011,12,28,4,283.1
2011,12,28,5,283.5
2011,12,28,6,283.9
2011,12,28,7,285.2
2011,12,29,0,286.2
2011,12,29,1,285.5
2011,12,29,2,284.7
2011,12,29,3,284.9
2011,12,29,4,284.9
2011,12,29,5,283.5
2011,12,29,6,283.8
2011,12,29,7,286.0
2011,12,30,0,285.7
2011,12,30,1,286.0
2011,12,30,2,285.9
2011,12,30,3,284.9
2011,12,30,4,284.3
2011,12,30,5,283.4
2011,12,30,6,284.4
2011,12,30,7,287.1
2011,12,31,0,285.5
2011,12,31,1,285.7
2011,12,31,2,284.9
2011,12,31,3,284.9
2011,12,31,4,285.0
2011,12,31,5,284.2
2011,12,31,6,284.9
2011,12,31,7,286.7
2011,12,1,0,286.9
2011,12,1,1,286.9
2011,12,1,2,286.9
2011,12,1,3,285.6
2011,12,1,4,286.2
2011,12,1,5,284.4
2011,12,1,6,285.3
2011,12,1,7,284.6
2011,12,2,0,284.5
2011,12,2,1,284.6
2011,12,2,2,285.0
2011,12,2,3,283.5
2011,12,2,4,283.9
2011,12,2,5,284.9
2011,12,2,6,285.5
2011,12,2,7,284.3
2011,12,3,0,287.1
2011,12,3,1,284.7
2011,12,3,2,283.8
2011,12,3,3,283.6
2011,12,3,4,283.3
2011,12,3,5,283.8
2011,12,3,6,285.1
2011,12,3,7,284.9
2011,12,4,0,285.6
2011,12,4,1,285.4
2011,12,4,2,284.3
2011,12,4,3,284.2
2011,12,4,4,283.3
2011,12,4,5,285.1
2011,12,4,6,285.7
2011,12,4,7,284.8
2011,12,5,0,286.3
2011,12,5,1,284.8
2011,12,5,2,283.3
2011,12,5,3,282.9
2011,12,5,4,282.5
2011,12,5,5,284.2
2011,12,5,6,285.3
2011,12,5,7,284.4
2011,12,6,0,283.4
2011,12,6,1,283.6
2011,12,6,2,283.3
2011,12,6,3,282.5
2011,12,6,4,282.9
2011,12,6,5,283.3
2011,12,6,6,284.9
2011,12,6,7,284.0
2011,12,7,0,282.8
2011,12,7,1,282.6
2011,12,7,2,282.5
2011,12,7,3,282.1
2011,12,7,4,281.8
2011,12,7,5,282.9
2011,12,7,6,283.8
2011,12,7,7,282.7
2011,12,8,0,284.6
2011,12,8,1,283.3
2011,12,8,2,282.8
2011,12,8,3,281.0
2011,12,8,4,281.5
2011,12,8,5,282.4
2011,12,8,6,283.8
2011,12,8,7,282.3
2011,12,9,0,283.7
2011,12,9,1,282.2
2011,12,9,2,281.2
2011,12,9,3,280.7
2011,12,9,4,280.8
2011,12,9,5,281.9
2011,12,9,6,282.9
2011,12,9,7,281.5
2011,12,10,0,283.3
2011,12,10,1,281.0
2011,12,10,2,281.6
2011,12,10,3,281.0
2011,12,10,4,280.3
2011,12,10,5,281.7
2011,12,10,6,283.4
2011,12,10,7,282.3
2011,12,11,0,283.4
2011,12,11,1,280.9
2011,12,11,2,280.7
2011,12,11,3,280.6
2011,12,11,4,280.2
2011,12,11,5,280.8
2011,12,11,6,282.0
2011,12,11,7,280.9
2011,12,12,0,280.8
2011,12,12,1,281.6
2011,12,12,2,281.1
2011,12,12,3,280.4
2011,12,12,4,279.6
2011,12,12,5,280.9
2011,12,12,6,282.4
2011,12,12,7,281.9
2011,12,13,0,280.5
2011,12,13,1,281.5
2011,12,13,2,281.6
2011,12,13,3,281.1
2011,12,13,4,280.6
2011,12,13,5,281.7
2011,12,13,6,283.1
2011,12,13,7,282.4
2011,12,14,0,283.2
2011,12,14,1,283.7
2011,12,14,2,283.7
2011,12,14,3,284.1
2011,12,14,4,284.5
2011,12,14,5,284.7
2011,12,14,6,285.0
2011,12,14,7,283.6
2011,12,15,0,284.3
2011,12,15,1,283.9
2011,12,15,2,284.0
2011,12,15,3,283.9
2011,12,15,4,283.9
2011,12,15,5,283.8
2011,12,15,6,284.7
2011,12,15,7,283.6
2011,12,16,0,282.5
2011,12,16,1,282.2
2011,12,16,2,281.9
2011,12,16,3,281.5
2011,12,16,4,281.7
2011,12,16,5,282.1
2011,12,16,6,282.6
2011,12,16,7,281.5
2011,12,17,0,282.2
2011,12,17,1,282.8
2011,12,17,2,282.4
2011,12,17,3,282.1
2011,12,17,4,282.5
2011,12,17,5,283.1
2011,12,17,6,283.9
2011,12,17,7,283.2
2011,12,18,0,284.0
2011,12,18,1,283.7
2011,12,18,2,283.7
2011,12,18,3,283.4
2011,12,18,4,284.0
2011,12,18,5,283.8
2011,12,18,6,284.3
2011,12,18,7,285.8
2011,12,19,0,285.1
2011,12,19,1,285.4
2011,12,19,2,285.7
2011,12,19,3,283.7
2011,12,19,4,284.0
2011,12,19,5,283.5
2011,12,19,6,284.0
2011,12,19,7,283.9
2011,12,20,0,285.7
2011,12,20,1,283.3
2011,12,20,2,283.3
2011,12,20,3,283.1
2011,12,20,4,283.3
2011,12,20,5,283.1
2011,12,20,6,283.9
2011,12,20,7,282.7
2011,12,21,0,283.4
2011,12,21,1,283.4
2011,12,21,2,283.0
2011,12,21,3,282.6
2011,12,21,4,283.0
2011,12,21,5,283.8
2011,12,21,6,285.3
2011,12,21,7,284.8
2011,12,22,0,285.1
2011,12,22,1,284.7
2011,12,22,2,284.4
2011,12,22,3,284.2
2011,12,22,4,284.4
2011,12,22,5,284.6
2011,12,22,6,285.4
2011,12,22,7,287.7
2011,12,23,0,286.0
2011,12,23,1,285.4
2011,12,23,2,284.5
2011,12,23,3,283.1
2011,12,23,4,282.7
2011,12,23,5,282.8
2011,12,23,6,283.7
2011,12,23,7,282.4
2011,12,24,0,283.2
2011,12,24,1,282.2
2011,12,24,2,282.9
2011,12,24,3,280.5
2011,12,24,4,280.7
2011,12,24,5,280.7
2011,12,24,6,281.5
2011,12,24,7,280.9
2011,12,25,0,281.1
2011,12,25,1,280.8
2011,12,25,2,280.5
2011,12,25,3,280.2
2011,12,25,4,280.1
2011,12,25,5,280.5
2011,12,25,6,282.1
2011,12,25,7,281.4
2011,12,26,0,280.6
2011,12,26,1,280.7
2011,12,26,2,280.0
2011,12,26,3,279.0
2011,12,26,4,279.1
2011,12,26,5,280.5
2011,12,26,6,281.9
2011,12,26,7,282.1
2011,12,27,0,280.8
2011,12,27,1,280.8
2011,12,27,2,280.6
2011,12,27,3,280.6
2011,12,27,4,280.7
2011,12,27,5,281.3
2011,12,27,6,282.1
2011,12,27,7,281.7
2011,12,28,0,281.6
2011,12,28,1,281.9
2011,12,28,2,281.8
2011,12,28,3,281.6
2011,12,28,4,281.9
2011,12,28,5,282.8
2011,12,28,6,284.0
2011,12,28,7,283.0
2011,12,1,0,282.8
2011,12,1,1,283.1
2011,12,1,2,282.2
2011,12,1,3,281.8
2011,12,1,4,281.7
2011,12,1,5,282.7
2011,12,1,6,283.3
2011,12,1,7,282.2
2011,12,2,0,281.7
2011,12,2,1,282.1
2011,12,2,2,281.4
2011,12,2,3,281.0
2011,12,2,4,281.3
2011,12,2,5,281.4
2011,12,2,6,281.8
2011,12,2,7,281.1
2011,12,3,0,281.9
2011,12,3,1,281.5
2011,12,3,2,281.4
2011,12,3,3,281.2
2011,12,3,4,282.4
2011,12,3,5,281.9
2011,12,3,6,282.6
2011,12,3,7,282.1
2011,12,4,0,283.2
2011,12,4,1,283.8
2011,12,4,2,284.1
2011,12,4,3,283.4
2011,12,4,4,284.2
2011,12,4,5,284.2
2011,12,4,6,283.4
2011,12,4,7,284.8
2011,12,5,0,285.5
2011,12,5,1,284.5
2011,12,5,2,284.2
2011,12,5,3,283.5
2011,12,5,4,283.6
2011,12,5,5,283.6
2011,12,5,6,284.8
2011,12,5,7,283.5
2011,12,6,0,284.1
2011,12,6,1,283.8
2011,12,6,2,283.7
2011,12,6,3,283.5
2011,12,6,4,283.0
2011,12,6,5,283.3
2011,12,6,6,282.5
2011,12,6,7,284.5
2011,12,7,0,283.4
2011,12,7,1,282.6
2011,12,7,2,282.3
2011,12,7,3,281.5
2011,12,7,4,281.2
2011,12,7,5,280.7
2011,12,7,6,282.2
2011,12,7,7,281.7
2011,12,8,0,281.9
2011,12,8,1,282.5
2011,12,8,2,282.3
2011,12,8,3,282.1
2011,12,8,4,282.6
2011,12,8,5,282.6
2011,12,8,6,283.5
2011,12,8,7,282.1
2011,12,9,0,282.3
2011,12,9,1,282.6
2011,12,9,2,282.6
2011,12,9,3,282.6
2011,12,9,4,283.4
2011,12,9,5,283.2
2011,12,9,6,283.8
2011,12,9,7,282.1
2011,12,10,0,282.2
2011,12,10,1,282.3
2011,12,10,2,281.8
2011,12,10,3,281.6
2011,12,10,4,281.5
2011,12,10,5,280.6
2011,12,10,6,281.5
2011,12,10,7,281.1
2011,12,11,0,281.5
2011,12,11,1,281.5
2011,12,11,2,281.2
2011,12,11,3,280.8
2011,12,11,4,280.7
2011,12,11,5,280.4
2011,12,11,6,280.5
2011,12,11,7,279.0
2011,12,12,0,281.6
2011,12,12,1,280.5
2011,12,12,2,279.2
2011,12,12,3,278.5
2011,12,12,4,278.3
2011,12,12,5,280.1
2011,12,12,6,281.6
2011,12,12,7,283.6
2011,12,13,0,284.5
2011,12,13,1,285.6
2011,12,13,2,284.2
2011,12,13,3,283.2
2011,12,13,4,283.0
2011,12,13,5,282.9
2011,12,13,6,282.3
2011,12,13,7,284.1
2011,12,14,0,285.4
2011,12,14,1,284.3
2011,12,14,2,283.1
2011,12,14,3,282.3
2011,12,14,4,282.0
2011,12,14,5,281.9
2011,12,14,6,281.7
2011,12,14,7,282.1
2011,12,15,0,283.2
2011,12,15,1,283.3
2011,12,15,2,281.9
2011,12,15,3,281.1
2011,12,15,4,281.4
2011,12,15,5,280.5
2011,12,15,6,281.1
2011,12,15,7,280.8
2011,12,16,0,281.6
2011,12,16,1,281.4
2011,12,16,2,280.8
2011,12,16,3,280.3
2011,12,16,4,280.1
2011,12,16,5,279.9
2011,12,16,6,280.6
2011,12,16,7,280.8
2011,12,17,0,281.0
2011,12,17,1,279.2
2011,12,17,2,279.2
2011,12,17,3,279.7
2011,12,17,4,281.3
2011,12,17,5,281.0
2011,12,17,6,282.8
2011,12,17,7,282.7
2011,12,18,0,283.3
2011,12,18,1,284.5
2011,12,18,2,284.3
2011,12,18,3,283.5
2011,12,18,4,283.8
2011,12,18,5,282.8
2011,12,18,6,283.6
2011,12,18,7,283.6
2011,12,19,0,285.0
2011,12,19,1,285.5
2011,12,19,2,285.7
2011,12,19,3,284.0
2011,12,19,4,284.1
2011,12,19,5,283.6
2011,12,19,6,284.8
2011,12,19,7,284.4
2011,12,20,0,284.5
2011,12,20,1,284.1
2011,12,20,2,283.6
2011,12,20,3,282.9
2011,12,20,4,283.2
2011,12,20,5,283.2
2011,12,20,6,284.6
2011,12,20,7,283.5
2011,12,21,0,284.5
2011,12,21,1,283.9
2011,12,21,2,283.7
2011,12,21,3,283.2
2011,12,21,4,283.1
2011,12,21,5,282.8
2011,12,21,6,283.9
2011,12,21,7,282.8
2011,12,22,0,283.2
2011,12,22,1,284.6
2011,12,22,2,284.3
2011,12,22,3,284.4
2011,12,22,4,285.9
2011,12,22,5,286.3
2011,12,22,6,284.4
2011,12,22,7,284.9
2011,12,23,0,286.4
2011,12,23,1,285.8
2011,12,23,2,285.7
2011,12,23,3,285.6
2011,12,23,4,285.6
2011,12,23,5,286.5
2011,12,23,6,288.0
2011,12,23,7,288.3
2011,12,24,0,288.8
2011,12,24,1,288.4
2011,12,24,2,288.0
2011,12,24,3,287.8
2011,12,24,4,287.1
2011,12,24,5,289.1
2011,12,24,6,286.1
2011,12,24,7,287.2
2011,12,25,0,287.1
2011,12,25,1,286.7
2011,12,25,2,286.4
2011,12,25,3,285.5
2011,12,25,4,285.6
2011,12,25,5,287.7
2011,12,25,6,285.8
2011,12,25,7,284.9
2011,12,26,0,286.4
2011,12,26,1,285.9
2011,12,26,2,285.5
2011,12,26,3,284.7
2011,12,26,4,284.7
2011,12,26,5,284.2
2011,12,26,6,285.4
2011,12,26,7,284.9
2011,12,27,0,285.9
2011,12,27,1,285.6
2011,12,27,2,285.2
2011,12,27,3,285.2
2011,12,27,4,284.9
2011,12,27,5,284.5
2011,12,27,6,285.8
2011,12,27,7,285.1
2011,12,28,0,284.9
2011,12,28,1,284.2
2011,12,28,2,284.3
2011,12,28,3,283.7
2011,12,28,4,283.8
2011,12,28,5,284.1
2011,12,28,6,285.4
2011,12,28,7,285.1
2011,12,29,0,285.0
2011,12,29,1,284.6
2011,12,29,2,284.4
2011,12,29,3,283.7
2011,12,29,4,284.0
2011,12,29,5,283.9
2011,12,29,6,285.3
2011,12,29,7,285.0
2011,12,30,0,285.1
2011,12,30,1,285.2
2011,12,30,2,284.8
2011,12,30,3,284.4
2011,12,30,4,284.5
2011,12,30,5,284.3
2011,12,30,6,286.2
2011,12,30,7,285.9
2011,12,31,0,285.5
2011,12,31,1,285.1
2011,12,31,2,284.5
2011,12,31,3,283.6
2011,12,31,4,283.5
2011,12,31,5,284.1
2011,12,31,6,285.2
2011,12,31,7,284.2
2011,12,1,0,285.5
2011,12,1,1,285.3
2011,12,1,2,285.5
2011,12,1,3,285.1
2011,12,1,4,284.5
2011,12,1,5,283.9
2011,12,1,6,284.8
2011,12,1,7,286.0
2011,12,2,0,285.3
2011,12,2,1,285.3
2011,12,2,2,285.3
2011,12,2,3,284.4
2011,12,2,4,284.1
2011,12,2,5,283.7
2011,12,2,6,284.4
2011,12,2,7,285.4
2011,12,3,0,284.2
2011,12,3,1,282.9
2011,12,3,2,281.9
2011,12,3,3,281.7
2011,12,3,4,281.6
2011,12,3,5,281.5
2011,12,3,6,282.7
2011,12,3,7,281.8
2011,12,4,0,282.2
2011,12,4,1,282.1
2011,12,4,2,282.0
2011,12,4,3,282.1
2011,12,4,4,282.5
2011,12,4,5,281.8
2011,12,4,6,283.5
2011,12,4,7,284.1
2011,12,5,0,284.5
2011,12,5,1,283.9
2011,12,5,2,283.6
2011,12,5,3,282.9
2011,12,5,4,283.4
2011,12,5,5,283.5
2011,12,5,6,285.1
2011,12,5,7,285.2
2011,12,6,0,285.6
2011,12,6,1,285.2
2011,12,6,2,285.3
2011,12,6,3,284.6
2011,12,6,4,284.2
2011,12,6,5,283.8
2011,12,6,6,283.8
2011,12,6,7,283.4
2011,12,7,0,284.0
2011,12,7,1,283.6
2011,12,7,2,283.7
2011,12,7,3,283.6
2011,12,7,4,283.5
2011,12,7,5,282.2
2011,12,7,6,283.3
2011,12,7,7,283.0
2011,12,8,0,283.2
2011,12,8,1,283.8
2011,12,8,2,284.7
2011,12,8,3,284.7
2011,12,8,4,284.5
2011,12,8,5,284.8
2011,12,8,6,285.0
2011,12,8,7,286.2
2011,12,9,0,286.8
2011,12,9,1,286.3
2011,12,9,2,285.4
2011,12,9,3,284.9
2011,12,9,4,284.4
2011,12,9,5,283.9
2011,12,9,6,284.6
2011,12,9,7,283.2
2011,12,10,0,282.9
2011,12,10,1,282.0
2011,12,10,2,281.3
2011,12,10,3,281.5
2011,12,10,4,282.1
2011,12,10,5,281.6
2011,12,10,6,282.1
2011,12,10,7,280.7
2011,12,11,0,281.9
2011,12,11,1,281.3
2011,12,11,2,281.0
2011,12,11,3,280.7
2011,12,11,4,280.5
2011,12,11,5,280.6
2011,12,11,6,282.2
2011,12,11,7,281.0
2011,12,12,0,280.8
2011,12,12,1,280.6
2011,12,12,2,281.0
2011,12,12,3,280.0
2011,12,12,4,279.2
2011,12,12,5,279.8
2011,12,12,6,281.1
2011,12,12,7,280.8
2011,12,13,0,281.9
2011,12,13,1,280.7
2011,12,13,2,282.3
2011,12,13,3,282.0
2011,12,13,4,282.6
2011,12,13,5,281.2
2011,12,13,6,281.7
2011,12,13,7,281.8
2011,12,14,0,281.8
2011,12,14,1,281.9
2011,12,14,2,282.1
2011,12,14,3,282.4
2011,12,14,4,282.4
2011,12,14,5,282.2
2011,12,14,6,284.1
2011,12,14,7,283.3
2011,12,15,0,284.5
2011,12,15,1,284.6
2011,12,15,2,284.9
2011,12,15,3,284.3
2011,12,15,4,284.0
2011,12,15,5,284.5
2011,12,15,6,285.6
2011,12,15,7,286.6
2011,12,16,0,287.0
2011,12,16,1,286.8
2011,12,16,2,286.9
2011,12,16,3,286.3
2011,12,16,4,286.7
2011,12,16,5,286.0
2011,12,16,6,287.1
2011,12,16,7,286.9
2011,12,17,0,286.2
2011,12,17,1,285.3
2011,12,17,2,284.8
2011,12,17,3,284.9
2011,12,17,4,285.1
2011,12,17,5,284.1
2011,12,17,6,284.7
2011,12,17,7,285.8
2011,12,18,0,286.3
2011,12,18,1,285.8
2011,12,18,2,284.8
2011,12,18,3,284.4
2011,12,18,4,284.5
2011,12,18,5,284.1
2011,12,18,6,284.9
2011,12,18,7,284.4
2011,12,19,0,285.4
2011,12,19,1,284.7
2011,12,19,2,284.2
2011,12,19,3,283.5
2011,12,19,4,283.3
2011,12,19,5,283.4
2011,12,19,6,283.4
2011,12,19,7,284.6
2011,12,20,0,284.4
2011,12,20,1,283.6
2011,12,20,2,283.2
2011,12,20,3,282.4
2011,12,20,4,281.6
2011,12,20,5,281.4
2011,12,20,6,282.6
2011,12,20,7,282.7
2011,12,21,0,282.9
2011,12,21,1,282.6
2011,12,21,2,282.6
2011,12,21,3,282.3
2011,12,21,4,282.7
2011,12,21,5,282.0
2011,12,21,6,282.3
2011,12,21,7,281.7
2011,12,22,0,282.1
2011,12,22,1,282.1
2011,12,22,2,282.1
2011,12,22,3,281.6
2011,12,22,4,281.7
2011,12,22,5,281.0
2011,12,22,6,281.9
2011,12,22,7,281.6
2011,12,23,0,282.6
2011,12,23,1,282.8
2011,12,23,2,283.3
2011,12,23,3,283.3
2011,12,23,4,283.3
2011,12,23,5,282.7
2011,12,23,6,283.7
2011,12,23,7,284.4
2011,12,24,0,284.5
2011,12,24,1,284.3
2011,12,24,2,284.4
2011,12,24,3,283.9
2011,12,24,4,283.6
2011,12,24,5,283.6
2011,12,24,6,285.0
2011,12,24,7,284.6
2011,12,25,0,285.0
2011,12,25,1,284.8
2011,12,25,2,284.6
2011,12,25,3,284.1
2011,12,25,4,284.3
2011,12,25,5,284.5
2011,12,25,6,285.9
2011,12,25,7,284.8
2011,12,26,0,284.6
2011,12,26,1,284.2
2011,12,26,2,283.9
2011,12,26,3,283.7
2011,12,26,4,283.5
2011,12,26,5,282.9
2011,12,26,6,284.2
2011,12,26,7,284.0
2011,12,27,0,284.5
2011,12,27,1,284.8
2011,12,27,2,284.2
2011,12,27,3,283.7
2011,12,27,4,283.7
2011,12,27,5,283.4
2011,12,27,6,284.5
2011,12,27,7,283.8
2011,12,28,0,284.5
2011,12,28,1,284.2
2011,12,28,2,283.7
2011,12,28,3,283.1
2011,12,28,4,283.2
2011,12,28,5,282.9
2011,12,28,6,283.5
2011,12,28,7,284.5
2011,12,29,0,283.1
2011,12,29,1,282.4
2011,12,29,2,281.7
2011,12,29,3,281.6
2011,12,29,4,281.2
2011,12,29,5,281.4
2011,12,29,6,282.4
2011,12,29,7,281.3
2011,12,30,0,281.9
2011,12,30,1,281.3
2011,12,30,2,280.5
2011,12,30,3,280.2
2011,12,30,4,279.8
2011,12,30,5,279.0
2011,12,30,6,280.1
2011,12,30,7,279.4
2011,12,1,0,280.1
2011,12,1,1,280.5
2011,12,1,2,280.1
2011,12,1,3,279.9
2011,12,1,4,280.6
2011,12,1,5,280.6
2011,12,1,6,282.1
2011,12,1,7,282.4
2011,12,2,0,282.8
2011,12,2,1,283.9
2011,12,2,2,281.8
2011,12,2,3,281.7
2011,12,2,4,282.0
2011,12,2,5,282.3
2011,12,2,6,283.1
2011,12,2,7,282.7
2011,12,3,0,283.1
2011,12,3,1,283.3
2011,12,3,2,283.2
2011,12,3,3,282.9
2011,12,3,4,283.5
2011,12,3,5,283.3
2011,12,3,6,283.8
2011,12,3,7,283.5
2011,12,4,0,283.6
2011,12,4,1,283.3
2011,12,4,2,283.1
2011,12,4,3,282.7
2011,12,4,4,283.1
2011,12,4,5,283.2
2011,12,4,6,284.2
2011,12,4,7,284.2
2011,12,5,0,284.4
2011,12,5,1,284.6
2011,12,5,2,284.2
2011,12,5,3,283.4
2011,12,5,4,283.6
2011,12,5,5,283.2
2011,12,5,6,283.2
2011,12,5,7,283.1
2011,12,6,0,283.0
2011,12,6,1,283.2
2011,12,6,2,283.5
2011,12,6,3,283.5
2011,12,6,4,283.7
2011,12,6,5,283.8
2011,12,6,6,284.5
2011,12,6,7,284.9
2011,12,7,0,284.6
2011,12,7,1,284.3
2011,12,7,2,284.2
2011,12,7,3,284.0
2011,12,7,4,284.6
2011,12,7,5,284.7
2011,12,7,6,285.6
2011,12,7,7,286.0
2011,12,8,0,286.2
2011,12,8,1,285.8
2011,12,8,2,285.4
2011,12,8,3,285.3
2011,12,8,4,285.0
2011,12,8,5,284.1
2011,12,8,6,285.0
2011,12,8,7,285.0
2011,12,9,0,285.0
2011,12,9,1,285.0
2011,12,9,2,284.8
2011,12,9,3,284.6
2011,12,9,4,284.8
2011,12,9,5,285.1
2011,12,9,6,285.5
2011,12,9,7,285.1
2011,12,10,0,285.2
2011,12,10,1,285.2
2011,12,10,2,284.7
2011,12,10,3,284.3
2011,12,10,4,284.6
2011,12,10,5,284.6
2011,12,10,6,284.7
2011,12,10,7,284.1
2011,12,11,0,284.3
2011,12,11,1,283.9
2011,12,11,2,283.8
2011,12,11,3,283.6
2011,12,11,4,283.2
2011,12,11,5,284.0
2011,12,11,6,285.6
2011,12,11,7,284.6
2011,12,12,0,283.9
2011,12,12,1,283.7
2011,12,12,2,284.0
2011,12,12,3,283.9
2011,12,12,4,284.0
2011,12,12,5,283.9
2011,12,12,6,285.0
2011,12,12,7,283.5
2011,12,13,0,284.0
2011,12,13,1,283.7
2011,12,13,2,283.1
2011,12,13,3,282.1
2011,12,13,4,281.9
2011,12,13,5,282.5
2011,12,13,6,283.5
2011,12,13,7,284.9
2011,12,14,0,283.7
2011,12,14,1,285.1
2011,12,14,2,285.1
2011,12,14,3,284.7
2011,12,14,4,282.9
2011,12,14,5,282.6
2011,12,14,6,283.4
2011,12,14,7,283.5
2011,12,15,0,283.6
2011,12,15,1,282.9
2011,12,15,2,282.8
2011,12,15,3,282.5
2011,12,15,4,282.8
2011,12,15,5,282.6
2011,12,15,6,283.2
2011,12,15,7,283.4
2011,12,16,0,284.0
2011,12,16,1,283.6
2011,12,16,2,283.3
2011,12,16,3,283.1
2011,12,16,4,283.5
2011,12,16,5,285.4
2011,12,16,6,284.9
2011,12,16,7,285.1
2011,12,17,0,284.6
2011,12,17,1,283.9
2011,12,17,2,282.6
2011,12,17,3,281.8
2011,12,17,4,281.6
2011,12,17,5,282.0
2011,12,17,6,280.9
2011,12,17,7,281.8
2011,12,18,0,281.9
2011,12,18,1,281.5
2011,12,18,2,281.2
2011,12,18,3,281.5
2011,12,18,4,281.8
2011,12,18,5,280.7
2011,12,18,6,280.4
2011,12,18,7,280.5
2011,12,19,0,280.6
2011,12,19,1,280.6
2011,12,19,2,281.0
2011,12,19,3,279.9
2011,12,19,4,279.8
2011,12,19,5,280.9
2011,12,19,6,279.8
2011,12,19,7,279.7
2011,12,20,0,279.8
2011,12,20,1,279.7
2011,12,20,2,279.4
2011,12,20,3,278.9
2011,12,20,4,279.1
2011,12,20,5,279.0
2011,12,20,6,279.7
2011,12,20,7,279.2
2011,12,21,0,278.9
2011,12,21,1,278.6
2011,12,21,2,278.2
2011,12,21,3,278.2
2011,12,21,4,278.3
2011,12,21,5,278.2
2011,12,21,6,278.2
2011,12,21,7,278.4
2011,12,22,0,278.5
2011,12,22,1,278.3
2011,12,22,2,278.0
2011,12,22,3,277.8
2011,12,22,4,278.1
2011,12,22,5,278.3
2011,12,22,6,279.3
2011,12,22,7,279.5
2011,12,23,0,279.5
2011,12,23,1,279.7
2011,12,23,2,279.5
2011,12,23,3,279.4
2011,12,23,4,280.1
2011,12,23,5,280.8
2011,12,23,6,280.5
2011,12,23,7,280.7
2011,12,24,0,280.4
2011,12,24,1,279.4
2011,12,24,2,277.8
2011,12,24,3,277.1
2011,12,24,4,277.3
2011,12,24,5,277.4
2011,12,24,6,277.4
2011,12,24,7,277.8
2011,12,25,0,278.9
2011,12,25,1,279.6
2011,12,25,2,279.7
2011,12,25,3,279.6
2011,12,25,4,280.0
2011,12,25,5,280.5
2011,12,25,6,281.0
2011,12,25,7,281.4
2011,12,26,0,280.8
2011,12,26,1,282.0
2011,12,26,2,282.3
2011,12,26,3,281.6
2011,12,26,4,282.0
2011,12,26,5,281.9
2011,12,26,6,282.5
2011,12,26,7,282.4
2011,12,27,0,282.8
2011,12,27,1,283.1
2011,12,27,2,282.7
2011,12,27,3,282.4
2011,12,27,4,283.0
2011,12,27,5,283.5
2011,12,27,6,284.2
2011,12,27,7,287.0
2011,12,28,0,285.7
2011,12,28,1,286.1
2011,12,28,2,286.2
2011,12,28,3,286.3
2011,12,28,4,287.1
2011,12,28,5,286.8
2011,12,28,6,286.4
2011,12,28,7,286.7
2011,12,29,0,286.8
2011,12,29,1,286.6
2011,12,29,2,286.0
2011,12,29,3,285.6
2011,12,29,4,285.8
2011,12,29,5,286.9
2011,12,29,6,287.3
2011,12,29,7,287.6
2011,12,30,0,288.1
2011,12,30,1,287.7
2011,12,30,2,287.2
2011,12,30,3,286.5
2011,12,30,4,285.8
2011,12,30,5,285.5
2011,12,30,6,285.6
2011,12,30,7,286.1
2011,12,31,0,285.4
2011,12,31,1,285.7
2011,12,31,2,285.5
2011,12,31,3,285.1
2011,12,31,4,285.7
2011,12,31,5,286.4
2011,12,31,6,287.2
2011,12,31,7,287.2
2011,12,1,0,285.9
2011,12,1,1,284.8
2011,12,1,2,284.9
2011,12,1,3,283.5
2011,12,1,4,283.4
2011,12,1,5,283.4
2011,12,1,6,283.3
2011,12,1,7,283.5
2011,12,2,0,282.8
2011,12,2,1,282.1
2011,12,2,2,281.6
2011,12,2,3,281.0
2011,12,2,4,278.7
2011,12,2,5,280.9
2011,12,2,6,281.7
2011,12,2,7,281.8
2011,12,3,0,281.8
2011,12,3,1,281.9
2011,12,3,2,282.0
2011,12,3,3,281.8
2011,12,3,4,281.9
2011,12,3,5,281.9
2011,12,3,6,282.7
2011,12,3,7,282.2
2011,12,4,0,281.2
2011,12,4,1,281.1
2011,12,4,2,280.6
2011,12,4,3,279.8
2011,12,4,4,279.6
2011,12,4,5,280.0
2011,12,4,6,280.9
2011,12,4,7,281.1
2011,12,5,0,281.7
2011,12,5,1,282.0
2011,12,5,2,281.8
2011,12,5,3,281.7
2011,12,5,4,281.6
2011,12,5,5,280.7
2011,12,5,6,281.3
2011,12,5,7,280.6
2011,12,6,0,279.0
2011,12,6,1,277.7
2011,12,6,2,275.6
2011,12,6,3,274.9
2011,12,6,4,274.7
2011,12,6,5,274.0
2011,12,6,6,274.5
2011,12,6,7,276.5
2011,12,7,0,276.9
2011,12,7,1,276.0
2011,12,7,2,275.8
2011,12,7,3,277.9
2011,12,7,4,281.5
2011,12,7,5,282.0
2011,12,7,6,281.7
2011,12,7,7,282.0
2011,12,8,0,281.7
2011,12,8,1,282.8
2011,12,8,2,281.8
2011,12,8,3,280.8
2011,12,8,4,279.8
2011,12,8,5,279.1
2011,12,8,6,280.2
2011,12,8,7,279.9
2011,12,9,0,280.8
2011,12,9,1,280.6
2011,12,9,2,280.9
2011,12,9,3,281.1
2011,12,9,4,281.3
2011,12,9,5,280.8
2011,12,9,6,282.3
2011,12,9,7,283.4
2011,12,10,0,283.7
2011,12,10,1,283.8
2011,12,10,2,283.4
2011,12,10,3,283.2
2011,12,10,4,283.7
2011,12,10,5,283.9
2011,12,10,6,284.8
2011,12,10,7,284.4
2011,12,11,0,285.5
2011,12,11,1,285.3
2011,12,11,2,285.1
2011,12,11,3,284.6
2011,12,11,4,284.9
2011,12,11,5,285.9
2011,12,11,6,286.1
2011,12,11,7,286.0
2011,12,12,0,285.6
2011,12,12,1,285.0
2011,12,12,2,284.5
2011,12,12,3,283.8
2011,12,12,4,284.5
2011,12,12,5,285.0
2011,12,12,6,285.8
2011,12,12,7,287.3
2011,12,13,0,287.4
2011,12,13,1,287.5
2011,12,13,2,287.2
2011,12,13,3,286.8
2011,12,13,4,287.4
2011,12,13,5,286.8
2011,12,13,6,286.7
2011,12,13,7,286.7
2011,12,14,0,286.7
2011,12,14,1,286.0
2011,12,14,2,285.3
2011,12,14,3,284.7
2011,12,14,4,284.8
2011,12,14,5,285.1
2011,12,14,6,285.1
2011,12,14,7,285.2
2011,12,15,0,284.7
2011,12,15,1,284.3
2011,12,15,2,284.1
2011,12,15,3,283.9
2011,12,15,4,283.8
2011,12,15,5,283.2
2011,12,15,6,284.0
2011,12,15,7,283.8
2011,12,16,0,283.7
2011,12,16,1,282.4
2011,12,16,2,281.7
2011,12,16,3,280.6
2011,12,16,4,280.6
2011,12,16,5,280.4
2011,12,16,6,279.9
2011,12,16,7,279.4
2011,12,17,0,280.2
2011,12,17,1,280.3
2011,12,17,2,279.9
2011,12,17,3,279.6
2011,12,17,4,279.7
2011,12,17,5,279.9
2011,12,17,6,279.7
2011,12,17,7,279.8
2011,12,18,0,279.7
2011,12,18,1,279.7
2011,12,18,2,279.3
2011,12,18,3,278.0
2011,12,18,4,278.0
2011,12,18,5,278.3
2011,12,18,6,277.1
2011,12,18,7,277.5
2011,12,19,0,277.4
2011,12,19,1,277.6
2011,12,19,2,277.5
2011,12,19,3,277.0
2011,12,19,4,277.4
2011,12,19,5,277.9
2011,12,19,6,276.9
2011,12,19,7,277.0
2011,12,20,0,276.6
2011,12,20,1,276.3
2011,12,20,2,275.8
2011,12,20,3,275.3
2011,12,20,4,275.6
2011,12,20,5,275.4
2011,12,20,6,275.7
2011,12,20,7,276.2
2011,12,21,0,275.6
2011,12,21,1,275.3
2011,12,21,2,275.1
2011,12,21,3,275.1
2011,12,21,4,275.3
2011,12,21,5,275.8
2011,12,21,6,276.2
2011,12,21,7,276.9
2011,12,22,0,277.5
2011,12,22,1,278.0
2011,12,22,2,278.3
2011,12,22,3,278.1
2011,12,22,4,278.0
2011,12,22,5,278.7
2011,12,22,6,279.4
2011,12,22,7,278.9
2011,12,23,0,279.2
2011,12,23,1,279.6
2011,12,23,2,279.2
2011,12,23,3,279.1
2011,12,23,4,279.4
2011,12,23,5,278.9
2011,12,23,6,279.4
2011,12,23,7,279.7
2011,12,24,0,280.4
2011,12,24,1,280.4
2011,12,24,2,279.8
2011,12,24,3,279.6
2011,12,24,4,280.1
2011,12,24,5,280.0
2011,12,24,6,280.5
2011,12,24,7,282.0
2011,12,25,0,282.3
2011,12,25,1,281.8
2011,12,25,2,281.8
2011,12,25,3,281.7
2011,12,25,4,282.6
2011,12,25,5,282.9
2011,12,25,6,282.3
2011,12,25,7,283.1
2011,12,26,0,282.5
2011,12,26,1,283.3
2011,12,26,2,282.0
2011,12,26,3,282.7
2011,12,26,4,283.8
2011,12,26,5,284.0
2011,12,26,6,283.6
2011,12,26,7,283.1
2011,12,27,0,282.9
2011,12,27,1,282.4
2011,12,27,2,281.4
2011,12,27,3,280.8
2011,12,27,4,281.0
2011,12,27,5,281.0
2011,12,27,6,281.4
2011,12,27,7,279.9
2011,12,28,0,278.8
2011,12,28,1,277.3
2011,12,28,2,275.0
2011,12,28,3,275.0
2011,12,28,4,273.8
2011,12,28,5,272.9
2011,12,28,6,272.5
2011,12,28,7,272.7
2011,12,29,0,273.9
2011,12,29,1,273.5
2011,12,29,2,274.2
2011,12,29,3,274.8
2011,12,29,4,275.7
2011,12,29,5,276.2
2011,12,29,6,276.4
2011,12,29,7,276.8
2011,12,30,0,277.1
2011,12,30,1,276.9
2011,12,30,2,276.5
2011,12,30,3,275.9
2011,12,30,4,276.4
2011,12,30,5,276.5
2011,12,30,6,277.3
2011,12,30,7,277.3
2011,12,1,0,277.0
2011,12,1,1,276.3
2011,12,1,2,275.6
2011,12,1,3,275.1
2011,12,1,4,275.4
2011,12,1,5,275.4
2011,12,1,6,275.8
2011,12,1,7,275.7
2011,12,2,0,276.0
2011,12,2,1,275.9
2011,12,2,2,275.6
2011,12,2,3,275.5
2011,12,2,4,275.8
2011,12,2,5,276.0
2011,12,2,6,277.4
2011,12,2,7,276.3
2011,12,3,0,276.9
2011,12,3,1,277.0
2011,12,3,2,277.6
2011,12,3,3,277.9
2011,12,3,4,277.8
2011,12,3,5,278.0
2011,12,3,6,279.1
2011,12,3,7,278.9
2011,12,4,0,278.1
2011,12,4,1,278.0
2011,12,4,2,277.8
2011,12,4,3,276.9
2011,12,4,4,276.8
2011,12,4,5,276.5
2011,12,4,6,276.2
2011,12,4,7,276.1
2011,12,5,0,276.5
2011,12,5,1,277.2
2011,12,5,2,276.8
2011,12,5,3,276.9
2011,12,5,4,276.7
2011,12,5,5,276.7
2011,12,5,6,277.4
2011,12,5,7,277.3
2011,12,6,0,277.5
2011,12,6,1,277.8
2011,12,6,2,278.0
2011,12,6,3,277.9
2011,12,6,4,278.1
2011,12,6,5,278.6
2011,12,6,6,278.6
2011,12,6,7,279.1
2011,12,7,0,279.8
2011,12,7,1,280.2
2011,12,7,2,280.3
2011,12,7,3,279.6
2011,12,7,4,279.3
2011,12,7,5,279.1
2011,12,7,6,278.2
2011,12,7,7,277.6
2011,12,8,0,277.9
2011,12,8,1,276.0
2011,12,8,2,278.3
2011,12,8,3,278.6
2011,12,8,4,278.4
2011,12,8,5,277.8
2011,12,8,6,277.8
2011,12,8,7,277.1
2011,12,9,0,278.5
2011,12,9,1,276.4
2011,12,9,2,271.3
2011,12,9,3,270.5
2011,12,9,4,270.1
2011,12,9,5,272.2
2011,12,9,6,274.3
2011,12,9,7,277.2
2011,12,10,0,279.1
2011,12,10,1,279.7
2011,12,10,2,282.4
2011,12,10,3,281.6
2011,12,10,4,282.3
2011,12,10,5,282.5
2011,12,10,6,282.7
2011,12,10,7,283.2
2011,12,11,0,283.5
2011,12,11,1,283.4
2011,12,11,2,283.2
2011,12,11,3,283.0
2011,12,11,4,282.5
2011,12,11,5,281.9
2011,12,11,6,280.7
2011,12,11,7,280.5
2011,12,12,0,280.1
2011,12,12,1,279.9
2011,12,12,2,280.1
2011,12,12,3,280.2
2011,12,12,4,280.6
2011,12,12,5,280.9
2011,12,12,6,282.2
2011,12,12,7,283.0
2011,12,13,0,282.7
2011,12,13,1,281.8
2011,12,13,2,283.1
2011,12,13,3,282.3
2011,12,13,4,282.6
2011,12,13,5,282.4
2011,12,13,6,282.6
2011,12,13,7,282.3
2011,12,14,0,282.0
2011,12,14,1,281.4
2011,12,14,2,280.3
2011,12,14,3,279.3
2011,12,14,4,280.6
2011,12,14,5,280.4
2011,12,14,6,280.2
2011,12,14,7,278.7
2011,12,15,0,278.5
2011,12,15,1,278.8
2011,12,15,2,278.0
2011,12,15,3,276.8
2011,12,15,4,277.2
2011,12,15,5,277.4
2011,12,15,6,276.2
2011,12,15,7,275.7
2011,12,16,0,274.4
2011,12,16,1,275.0
2011,12,16,2,275.6
2011,12,16,3,276.4
2011,12,16,4,277.2
2011,12,16,5,277.5
2011,12,16,6,278.6
2011,12,16,7,278.6
2011,12,17,0,278.6
2011,12,17,1,279.3
2011,12,17,2,279.5
2011,12,17,3,279.6
2011,12,17,4,279.4
2011,12,17,5,278.9
2011,12,17,6,279.6
2011,12,17,7,279.7
2011,12,18,0,279.7
2011,12,18,1,279.7
2011,12,18,2,279.8
2011,12,18,3,279.9
2011,12,18,4,279.9
2011,12,18,5,280.4
2011,12,18,6,281.8
2011,12,18,7,281.8
2011,12,19,0,282.5
2011,12,19,1,282.8
2011,12,19,2,282.4
2011,12,19,3,281.6
2011,12,19,4,281.7
2011,12,19,5,281.6
2011,12,19,6,280.3
2011,12,19,7,280.3
2011,12,20,0,279.6
2011,12,20,1,278.1
2011,12,20,2,275.5
2011,12,20,3,274.6
2011,12,20,4,274.0
2011,12,20,5,273.7
2011,12,20,6,275.8
2011,12,20,7,276.5
2011,12,21,0,276.5
2011,12,21,1,279.3
2011,12,21,2,281.2
2011,12,21,3,279.8
2011,12,21,4,280.7
2011,12,21,5,281.3
2011,12,21,6,283.2
2011,12,21,7,283.4
2011,12,22,0,283.0
2011,12,22,1,282.7
2011,12,22,2,282.5
2011,12,22,3,281.8
2011,12,22,4,281.5
2011,12,22,5,281.1
2011,12,22,6,282.2
2011,12,22,7,281.9
2011,12,23,0,281.6
2011,12,23,1,284.1
2011,12,23,2,282.8
2011,12,23,3,282.4
2011,12,23,4,283.2
2011,12,23,5,283.6
2011,12,23,6,284.2
2011,12,23,7,284.1
2011,12,24,0,284.0
2011,12,24,1,284.5
2011,12,24,2,284.6
2011,12,24,3,284.2
2011,12,24,4,284.7
2011,12,24,5,284.6
2011,12,24,6,283.9
2011,12,24,7,283.6
2011,12,25,0,283.5
2011,12,25,1,283.0
2011,12,25,2,282.7
2011,12,25,3,282.7
2011,12,25,4,281.7
2011,12,25,5,282.5
2011,12,25,6,284.2
2011,12,25,7,284.3
2011,12,26,0,285.2
2011,12,26,1,285.3
2011,12,26,2,285.4
2011,12,26,3,284.9
2011,12,26,4,284.3
2011,12,26,5,284.4
2011,12,26,6,285.2
2011,12,26,7,285.1
2011,12,27,0,285.5
2011,12,27,1,285.1
2011,12,27,2,284.7
2011,12,27,3,284.0
2011,12,27,4,283.8
2011,12,27,5,283.1
2011,12,27,6,283.4
2011,12,27,7,282.7
2011,12,28,0,282.2
2011,12,28,1,281.6
2011,12,28,2,281.3
2011,12,28,3,280.9
2011,12,28,4,280.9
2011,12,28,5,281.2
2011,12,28,6,282.2
2011,12,28,7,281.2
2011,12,29,0,280.8
2011,12,29,1,280.3
2011,12,29,2,280.3
2011,12,29,3,279.5
2011,12,29,4,279.6
2011,12,29,5,279.2
2011,12,29,6,279.3
2011,12,29,7,278.7
2011,12,30,0,278.7
2011,12,30,1,277.9
2011,12,30,2,277.7
2011,12,30,3,277.4
2011,12,30,4,277.3
2011,12,30,5,276.6
2011,12,30,6,275.9
2011,12,30,7,275.5
2011,12,31,0,274.7
2011,12,31,1,273.1
2011,12,31,2,271.5
2011,12,31,3,270.4
2011,12,31,4,269.2
2011,12,31,5,268.0
2011,12,31,6,268.9
2011,12,31,7,266.8
2011,12,1,0,267.2
2011,12,1,1,267.6
2011,12,1,2,268.4
2011,12,1,3,270.5
2011,12,1,4,271.5
2011,12,1,5,274.8
2011,12,1,6,277.1
2011,12,1,7,280.4
2011,12,2,0,279.5
2011,12,2,1,280.7
2011,12,2,2,281.2
2011,12,2,3,281.3
2011,12,2,4,281.1
2011,12,2,5,280.4
2011,12,2,6,281.1
2011,12,2,7,281.5
2011,12,3,0,280.9
2011,12,3,1,281.0
2011,12,3,2,279.8
2011,12,3,3,280.1
2011,12,3,4,281.3
2011,12,3,5,282.4
2011,12,3,6,283.9
2011,12,3,7,283.4
2011,12,4,0,283.1
2011,12,4,1,283.1
2011,12,4,2,282.5
2011,12,4,3,281.6
2011,12,4,4,281.1
2011,12,4,5,281.2
2011,12,4,6,282.0
2011,12,4,7,281.3
2011,12,5,0,282.0
2011,12,5,1,281.9
2011,12,5,2,281.5
2011,12,5,3,280.8
2011,12,5,4,280.6
2011,12,5,5,280.6
2011,12,5,6,282.1
2011,12,5,7,282.2
2011,12,6,0,282.0
2011,12,6,1,281.6
2011,12,6,2,281.4
2011,12,6,3,281.3
2011,12,6,4,281.6
2011,12,6,5,282.1
2011,12,6,6,283.1
2011,12,6,7,282.5
2011,12,7,0,281.8
2011,12,7,1,281.3
2011,12,7,2,280.9
2011,12,7,3,281.0
2011,12,7,4,281.6
2011,12,7,5,281.7
2011,12,7,6,282.1
2011,12,7,7,281.2
2011,12,8,0,280.4
2011,12,8,1,279.5
2011,12,8,2,279.6
2011,12,8,3,279.6
2011,12,8,4,280.0
2011,12,8,5,280.4
2011,12,8,6,282.9
2011,12,8,7,284.0
2011,12,9,0,283.8
2011,12,9,1,284.6
2011,12,9,2,284.7
2011,12,9,3,284.7
2011,12,9,4,285.6
2011,12,9,5,286.2
2011,12,9,6,287.6
2011,12,9,7,286.7
2011,12,10,0,286.6
2011,12,10,1,287.0
2011,12,10,2,285.7
2011,12,10,3,284.4
2011,12,10,4,284.6
2011,12,10,5,285.4
2011,12,10,6,286.6
2011,12,10,7,286.2
2011,12,11,0,286.6
2011,12,11,1,286.0
2011,12,11,2,284.7
2011,12,11,3,284.0
2011,12,11,4,284.7
2011,12,11,5,285.3
2011,12,11,6,286.4
2011,12,11,7,287.1
2011,12,12,0,286.6
2011,12,12,1,285.4
2011,12,12,2,285.0
2011,12,12,3,283.4
2011,12,12,4,282.6
2011,12,12,5,282.7
2011,12,12,6,283.6
2011,12,12,7,284.9
2011,12,13,0,284.7
2011,12,13,1,284.0
2011,12,13,2,282.9
2011,12,13,3,282.1
2011,12,13,4,283.0
2011,12,13,5,283.5
2011,12,13,6,284.8
2011,12,13,7,284.4
2011,12,14,0,284.1
2011,12,14,1,284.1
2011,12,14,2,283.3
2011,12,14,3,283.6
2011,12,14,4,283.6
2011,12,14,5,283.2
2011,12,14,6,283.4
2011,12,14,7,283.5
2011,12,15,0,283.3
2011,12,15,1,283.4
2011,12,15,2,281.8
2011,12,15,3,280.9
2011,12,15,4,281.2
2011,12,15,5,280.8
2011,12,15,6,281.5
2011,12,15,7,279.3
2011,12,16,0,278.5
2011,12,16,1,277.5
2011,12,16,2,276.0
2011,12,16,3,275.3
2011,12,16,4,276.3
2011,12,16,5,277.0
2011,12,16,6,278.1
2011,12,16,7,279.1
2011,12,17,0,279.1
2011,12,17,1,279.8
2011,12,17,2,280.0
2011,12,17,3,279.9
2011,12,17,4,279.8
2011,12,17,5,279.8
2011,12,17,6,280.0
2011,12,17,7,279.5
2011,12,18,0,279.7
2011,12,18,1,279.2
2011,12,18,2,278.6
2011,12,18,3,277.9
2011,12,18,4,277.3
2011,12,18,5,276.7
2011,12,18,6,277.6
2011,12,18,7,278.1
2011,12,19,0,278.2
2011,12,19,1,277.6
2011,12,19,2,277.2
2011,12,19,3,277.1
2011,12,19,4,277.1
2011,12,19,5,276.8
2011,12,19,6,276.8
2011,12,19,7,277.2
2011,12,20,0,277.4
2011,12,20,1,278.8
2011,12,20,2,278.3
2011,12,20,3,278.0
2011,12,20,4,277.5
2011,12,20,5,276.7
2011,12,20,6,277.6
2011,12,20,7,277.7
2011,12,21,0,277.5
2011,12,21,1,277.4
2011,12,21,2,277.5
2011,12,21,3,276.8
2011,12,21,4,277.3
2011,12,21,5,276.5
2011,12,21,6,276.3
2011,12,21,7,275.7
2011,12,22,0,275.7
2011,12,22,1,275.1
2011,12,22,2,275.1
2011,12,22,3,274.5
2011,12,22,4,274.8
2011,12,22,5,275.0
2011,12,22,6,276.9
2011,12,22,7,277.7
2011,12,23,0,277.8
2011,12,23,1,278.4
2011,12,23,2,278.9
2011,12,23,3,280.0
2011,12,23,4,280.7
2011,12,23,5,280.9
2011,12,23,6,281.7
2011,12,23,7,281.0
2011,12,24,0,280.6
2011,12,24,1,279.5
2011,12,24,2,279.1
2011,12,24,3,278.9
2011,12,24,4,278.5
2011,12,24,5,278.0
2011,12,24,6,279.0
2011,12,24,7,279.5
2011,12,25,0,279.7
2011,12,25,1,279.6
2011,12,25,2,280.3
2011,12,25,3,281.2
2011,12,25,4,281.5
2011,12,25,5,281.7
2011,12,25,6,283.8
2011,12,25,7,284.3
2011,12,26,0,284.0
2011,12,26,1,283.8
2011,12,26,2,283.4
2011,12,26,3,283.0
2011,12,26,4,283.0
2011,12,26,5,282.4
2011,12,26,6,282.4
2011,12,26,7,281.2
2011,12,27,0,280.5
2011,12,27,1,279.3
2011,12,27,2,278.6
2011,12,27,3,277.9
2011,12,27,4,277.9
2011,12,27,5,278.0
2011,12,27,6,279.9
2011,12,27,7,280.5
2011,12,28,0,280.7
2011,12,28,1,281.1
2011,12,28,2,281.3
2011,12,28,3,281.1
2011,12,28,4,281.2
2011,12,28,5,281.2
2011,12,28,6,281.8
2011,12,28,7,280.9
2011,12,29,0,280.9
2011,12,29,1,280.5
2011,12,29,2,280.3
2011,12,29,3,279.8
2011,12,29,4,279.1
2011,12,29,5,279.4
2011,12,29,6,281.3
2011,12,29,7,279.8
2011,12,30,0,281.7
2011,12,30,1,281.8
2011,12,30,2,281.9
2011,12,30,3,282.2
2011,12,30,4,282.7
2011,12,30,5,283.0
2011,12,30,6,284.5
2011,12,30,7,284.4
2011,12,31,0,284.2
2011,12,31,1,285.2
2011,12,31,2,286.1
2011,12,31,3,287.0
2011,12,31,4,287.5
2011,12,31,5,287.5
2011,12,31,6,288.4
2011,12,31,7,287.7
2011,12,1,0,288.2
2011,12,1,1,287.2
2011,12,1,2,286.3
2011,12,1,3,285.6
2011,12,1,4,285.7
2011,12,1,5,287.4
2011,12,1,6,286.1
2011,12,1,7,286.5
2011,12,2,0,286.1
2011,12,2,1,285.8
2011,12,2,2,285.7
2011,12,2,3,285.5
2011,12,2,4,285.6
2011,12,2,5,284.8
2011,12,2,6,285.0
2011,12,2,7,284.3
2011,12,3,0,285.5
2011,12,3,1,284.7
2011,12,3,2,283.7
2011,12,3,3,282.8
2011,12,3,4,283.4
2011,12,3,5,284.1
2011,12,3,6,284.1
2011,12,3,7,283.2
2011,12,4,0,283.6
2011,12,4,1,282.5
2011,12,4,2,281.3
2011,12,4,3,280.8
2011,12,4,4,281.0
2011,12,4,5,280.5
2011,12,4,6,281.3
2011,12,4,7,280.5
2011,12,5,0,281.5
2011,12,5,1,281.5
2011,12,5,2,281.2
2011,12,5,3,280.8
2011,12,5,4,280.2
2011,12,5,5,279.6
2011,12,5,6,280.9
2011,12,5,7,280.7
2011,12,6,0,280.6
2011,12,6,1,279.9
2011,12,6,2,279.7
2011,12,6,3,279.3
2011,12,6,4,279.1
2011,12,6,5,278.7
2011,12,6,6,279.5
2011,12,6,7,279.3
2011,12,7,0,279.8
2011,12,7,1,279.5
2011,12,7,2,278.9
2011,12,7,3,278.4
2011,12,7,4,278.1
2011,12,7,5,277.7
2011,12,7,6,278.6
2011,12,7,7,277.5
2011,12,8,0,277.5
2011,12,8,1,276.6
2011,12,8,2,276.2
2011,12,8,3,275.8
2011,12,8,4,276.1
2011,12,8,5,277.2
2011,12,8,6,279.7
2011,12,8,7,279.5
2011,12,9,0,281.1
2011,12,9,1,280.8
2011,12,9,2,280.7
2011,12,9,3,280.4
2011,12,9,4,280.9
2011,12,9,5,281.4
2011,12,9,6,282.4
2011,12,9,7,281.2
2011,12,10,0,280.8
2011,12,10,1,280.4
2011,12,10,2,279.3
2011,12,10,3,278.9
2011,12,10,4,279.4
2011,12,10,5,281.5
2011,12,10,6,283.0
2011,12,10,7,284.2
2011,12,11,0,284.2
2011,12,11,1,284.6
2011,12,11,2,284.1
2011,12,11,3,283.8
2011,12,11,4,284.6
2011,12,11,5,284.8
2011,12,11,6,285.3
2011,12,11,7,285.0
2011,12,12,0,286.7
2011,12,12,1,286.3
2011,12,12,2,286.2
2011,12,12,3,286.0
2011,12,12,4,286.2
2011,12,12,5,286.1
2011,12,12,6,287.9
2011,12,12,7,287.7
2011,12,13,0,287.2
2011,12,13,1,285.9
2011,12,13,2,285.6
2011,12,13,3,285.0
2011,12,13,4,283.9
2011,12,13,5,282.9
2011,12,13,6,283.9
2011,12,13,7,283.5
2011,12,14,0,283.2
2011,12,14,1,282.9
2011,12,14,2,282.1
2011,12,14,3,281.2
2011,12,14,4,281.3
2011,12,14,5,281.2
2011,12,14,6,281.8
2011,12,14,7,281.7
2011,12,15,0,281.5
2011,12,15,1,281.2
2011,12,15,2,281.1
2011,12,15,3,280.5
2011,12,15,4,280.7
2011,12,15,5,281.0
2011,12,15,6,282.3
2011,12,15,7,282.0
2011,12,16,0,281.5
2011,12,16,1,281.5
2011,12,16,2,281.4
2011,12,16,3,281.2
2011,12,16,4,281.1
2011,12,16,5,281.1
2011,12,16,6,281.7
2011,12,16,7,280.8
2011,12,17,0,282.0
2011,12,17,1,281.6
2011,12,17,2,281.5
2011,12,17,3,281.2
2011,12,17,4,280.8
2011,12,17,5,280.5
2011,12,17,6,281.6
2011,12,17,7,281.2
2011,12,18,0,281.3
2011,12,18,1,281.0
2011,12,18,2,280.4
2011,12,18,3,279.5
2011,12,18,4,279.4
2011,12,18,5,279.4
2011,12,18,6,280.1
2011,12,18,7,280.2
2011,12,19,0,280.5
2011,12,19,1,280.2
2011,12,19,2,279.9
2011,12,19,3,279.7
2011,12,19,4,280.0
2011,12,19,5,280.5
2011,12,19,6,281.8
2011,12,19,7,281.3
2011,12,20,0,281.3
2011,12,20,1,281.2
2011,12,20,2,281.9
2011,12,20,3,281.7
2011,12,20,4,281.0
2011,12,20,5,281.5
2011,12,20,6,282.4
2011,12,20,7,281.8
2011,12,21,0,282.2
2011,12,21,1,282.5
2011,12,21,2,282.5
2011,12,21,3,282.3
2011,12,21,4,281.9
2011,12,21,5,281.3
2011,12,21,6,282.2
2011,12,21,7,280.4
2011,12,22,0,280.6
2011,12,22,1,279.5
2011,12,22,2,279.7
2011,12,22,3,279.7
2011,12,22,4,279.3
2011,12,22,5,279.4
2011,12,22,6,280.8
2011,12,22,7,279.7
2011,12,23,0,280.3
2011,12,23,1,280.9
2011,12,23,2,281.2
2011,12,23,3,280.4
2011,12,23,4,280.6
2011,12,23,5,282.1
2011,12,23,6,284.3
2011,12,23,7,282.8
2011,12,24,0,283.8
2011,12,24,1,284.0
2011,12,24,2,284.0
2011,12,24,3,284.4
2011,12,24,4,286.0
2011,12,24,5,284.3
2011,12,24,6,284.8
2011,12,24,7,285.9
2011,12,25,0,286.0
2011,12,25,1,285.6
2011,12,25,2,284.9
2011,12,25,3,284.7
2011,12,25,4,285.7
2011,12,25,5,285.5
2011,12,25,6,285.8
2011,12,25,7,287.3
2011,12,26,0,286.6
2011,12,26,1,286.3
2011,12,26,2,286.0
2011,12,26,3,286.0
2011,12,26,4,286.9
2011,12,26,5,287.3
2011,12,26,6,287.5
2011,12,26,7,286.8
2011,12,27,0,286.4
2011,12,27,1,286.4
2011,12,27,2,286.5
2011,12,27,3,286.2
2011,12,27,4,286.4
2011,12,27,5,286.0
2011,12,27,6,286.9
2011,12,27,7,286.5
2011,12,28,0,286.2
2011,12,28,1,285.5
2011,12,28,2,285.3
2011,12,28,3,285.3
2011,12,28,4,285.9
2011,12,28,5,285.7
2011,12,28,6,285.9
2011,12,28,7,286.4
2011,12,29,0,286.6
2011,12,29,1,287.2
2011,12,29,2,286.9
2011,12,29,3,286.2
2011,12,29,4,285.8
2011,12,29,5,286.1
2011,12,29,6,286.6
2011,12,29,7,287.9
2011,12,30,0,286.6
2011,12,30,1,286.7
2011,12,30,2,286.2
2011,12,30,3,284.9
2011,12,30,4,284.2
2011,12,30,5,284.8
2011,12,30,6,285.8
2011,12,30,7,285.5
2011,12,1,0,285.6
2011,12,1,1,285.0
2011,12,1,2,284.7
2011,12,1,3,284.1
2011,12,1,4,284.3
2011,12,1,5,284.4
2011,12,1,6,284.1
2011,12,1,7,285.3
2011,12,2,0,284.1
2011,12,2,1,284.6
2011,12,2,2,284.5
2011,12,2,3,284.0
2011,12,2,4,284.8
2011,12,2,5,285.6
2011,12,2,6,288.7
2011,12,2,7,286.7
2011,12,3,0,285.7
2011,12,3,1,284.8
2011,12,3,2,283.0
2011,12,3,3,282.6
2011,12,3,4,282.5
2011,12,3,5,282.8
2011,12,3,6,283.4
2011,12,3,7,282.0
2011,12,4,0,282.6
2011,12,4,1,282.1
2011,12,4,2,281.3
2011,12,4,3,280.7
2011,12,4,4,281.0
2011,12,4,5,282.2
2011,12,4,6,284.1
2011,12,4,7,284.0
2011,12,5,0,283.5
2011,12,5,1,283.8
2011,12,5,2,283.5
2011,12,5,3,283.5
2011,12,5,4,284.3
2011,12,5,5,285.2
2011,12,5,6,286.3
2011,12,5,7,284.0
2011,12,6,0,285.3
2011,12,6,1,284.7
2011,12,6,2,283.3
2011,12,6,3,282.6
2011,12,6,4,282.5
2011,12,6,5,282.2
2011,12,6,6,283.0
2011,12,6,7,281.9
2011,12,7,0,281.8
2011,12,7,1,281.4
2011,12,7,2,281.0
2011,12,7,3,280.4
2011,12,7,4,280.3
2011,12,7,5,280.2
2011,12,7,6,281.3
2011,12,7,7,280.7
2011,12,8,0,280.8
2011,12,8,1,279.9
2011,12,8,2,279.4
2011,12,8,3,279.0
2011,12,8,4,278.7
2011,12,8,5,279.3
2011,12,8,6,281.2
2011,12,8,7,281.6
2011,12,9,0,281.4
2011,12,9,1,281.1
2011,12,9,2,281.5
2011,12,9,3,280.9
2011,12,9,4,280.6
2011,12,9,5,280.2
2011,12,9,6,280.9
2011,12,9,7,280.4
2011,12,10,0,280.3
2011,12,10,1,279.9
2011,12,10,2,279.4
2011,12,10,3,279.0
2011,12,10,4,278.9
2011,12,10,5,279.0
2011,12,10,6,280.4
2011,12,10,7,280.2
2011,12,11,0,280.0
2011,12,11,1,279.6
2011,12,11,2,279.2
2011,12,11,3,278.9
2011,12,11,4,279.1
2011,12,11,5,279.0
2011,12,11,6,279.0
2011,12,11,7,277.9
2011,12,12,0,277.8
2011,12,12,1,276.8
2011,12,12,2,276.0
2011,12,12,3,274.9
2011,12,12,4,274.4
2011,12,12,5,274.4
2011,12,12,6,275.4
2011,12,12,7,275.6
2011,12,13,0,275.7
2011,12,13,1,275.2
2011,12,13,2,274.4
2011,12,13,3,273.7
2011,12,13,4,274.2
2011,12,13,5,274.4
2011,12,13,6,274.0
2011,12,13,7,274.6
2011,12,14,0,274.2
2011,12,14,1,272.8
2011,12,14,2,272.4
2011,12,14,3,271.9
2011,12,14,4,271.9
2011,12,14,5,272.1
2011,12,14,6,272.6
2011,12,14,7,273.6
2011,12,15,0,273.8
2011,12,15,1,273.4
2011,12,15,2,272.6
2011,12,15,3,271.8
2011,12,15,4,272.1
2011,12,15,5,273.0
2011,12,15,6,274.9
2011,12,15,7,275.6
2011,12,16,0,275.2
2011,12,16,1,275.1
2011,12,16,2,275.1
2011,12,16,3,275.3
2011,12,16,4,275.3
2011,12,16,5,277.0
2011,12,16,6,278.9
2011,12,16,7,278.9
2011,12,17,0,278.0
2011,12,17,1,276.7
2011,12,17,2,276.6
2011,12,17,3,275.9
2011,12,17,4,276.5
2011,12,17,5,277.6
2011,12,17,6,279.4
2011,12,17,7,279.0
2011,12,18,0,276.3
2011,12,18,1,277.6
2011,12,18,2,277.7
2011,12,18,3,277.4
2011,12,18,4,276.9
2011,12,18,5,276.6
2011,12,18,6,277.8
2011,12,18,7,278.1
2011,12,19,0,278.1
2011,12,19,1,279.0
2011,12,19,2,278.8
2011,12,19,3,277.7
2011,12,19,4,278.1
2011,12,19,5,279.2
2011,12,19,6,281.1
2011,12,19,7,281.2
2011,12,20,0,281.3
2011,12,20,1,281.5
2011,12,20,2,281.3
2011,12,20,3,281.1
2011,12,20,4,281.5
2011,12,20,5,281.7
2011,12,20,6,282.4
2011,12,20,7,281.1
2011,12,21,0,281.9
2011,12,21,1,281.2
2011,12,21,2,281.1
2011,12,21,3,280.7
2011,12,21,4,279.8
2011,12,21,5,280.3
2011,12,21,6,281.3
2011,12,21,7,280.6
2011,12,22,0,279.7
2011,12,22,1,278.8
2011,12,22,2,278.8
2011,12,22,3,278.6
2011,12,22,4,278.8
2011,12,22,5,279.0
2011,12,22,6,280.6
2011,12,22,7,280.6
2011,12,23,0,280.6
2011,12,23,1,280.3
2011,12,23,2,280.1
2011,12,23,3,279.5
2011,12,23,4,279.7
2011,12,23,5,280.5
2011,12,23,6,281.1
2011,12,23,7,280.7
2011,12,24,0,281.9
2011,12,24,1,282.0
2011,12,24,2,281.9
2011,12,24,3,281.5
2011,12,24,4,281.1
2011,12,24,5,281.5
2011,12,24,6,283.7
2011,12,24,7,287.1
2011,12,25,0,285.9
2011,12,25,1,285.6
2011,12,25,2,285.2
2011,12,25,3,284.3
2011,12,25,4,284.5
2011,12,25,5,284.3
2011,12,25,6,287.8
2011,12,25,7,287.0
2011,12,26,0,286.0
2011,12,26,1,285.9
2011,12,26,2,285.5
2011,12,26,3,284.5
2011,12,26,4,284.5
2011,12,26,5,284.4
2011,12,26,6,285.3
2011,12,26,7,287.5
2011,12,27,0,286.6
2011,12,27,1,286.3
2011,12,27,2,286.0
2011,12,27,3,285.9
2011,12,27,4,286.2
2011,12,27,5,287.0
2011,12,27,6,287.5
2011,12,27,7,287.5
2011,12,28,0,287.7
2011,12,28,1,288.5
2011,12,28,2,287.9
2011,12,28,3,286.4
2011,12,28,4,286.1
2011,12,28,5,285.9
2011,12,28,6,286.4
2011,12,28,7,287.7
2011,12,29,0,287.2
2011,12,29,1,286.7
2011,12,29,2,285.4
2011,12,29,3,284.3
2011,12,29,4,284.5
2011,12,29,5,284.1
2011,12,29,6,284.4
2011,12,29,7,286.5
2011,12,30,0,285.6
2011,12,30,1,285.3
2011,12,30,2,285.2
2011,12,30,3,285.0
2011,12,30,4,284.9
2011,12,30,5,285.1
2011,12,30,6,285.3
2011,12,30,7,286.5
2011,12,31,0,286.3
2011,12,31,1,286.3
2011,12,31,2,285.4
2011,12,31,3,284.7
2011,12,31,4,284.4
2011,12,31,5,285.3
2011,12,31,6,285.4
2011,12,31,7,287.4
2011,12,1,0,285.8
2011,12,1,1,284.8
2011,12,1,2,284.0
2011,12,1,3,283.5
2011,12,1,4,283.7
2011,12,1,5,284.4
2011,12,1,6,285.7
2011,12,1,7,285.7
2011,12,2,0,285.7
2011,12,2,1,285.2
2011,12,2,2,284.8
2011,12,2,3,284.1
2011,12,2,4,284.4
2011,12,2,5,285.3
2011,12,2,6,285.2
2011,12,2,7,284.2
2011,12,3,0,285.1
2011,12,3,1,285.6
2011,12,3,2,285.7
2011,12,3,3,285.6
2011,12,3,4,285.6
2011,12,3,5,286.7
2011,12,3,6,286.9
2011,12,3,7,285.6
2011,12,4,0,287.2
2011,12,4,1,286.3
2011,12,4,2,285.3
2011,12,4,3,285.3
2011,12,4,4,285.6
2011,12,4,5,285.7
2011,12,4,6,286.4
2011,12,4,7,286.4
2011,12,5,0,287.6
2011,12,5,1,287.5
2011,12,5,2,286.9
2011,12,5,3,286.3
2011,12,5,4,285.1
2011,12,5,5,286.9
2011,12,5,6,287.6
2011,12,5,7,289.0
2011,12,6,0,288.3
2011,12,6,1,288.5
2011,12,6,2,287.9
2011,12,6,3,286.1
2011,12,6,4,286.8
2011,12,6,5,287.0
2011,12,6,6,287.3
2011,12,6,7,287.2
2011,12,7,0,287.9
2011,12,7,1,287.7
2011,12,7,2,286.5
2011,12,7,3,286.6
2011,12,7,4,287.2
2011,12,7,5,288.9
2011,12,7,6,289.2
2011,12,7,7,288.7
2011,12,8,0,289.1
2011,12,8,1,287.5
2011,12,8,2,286.7
2011,12,8,3,285.1
2011,12,8,4,285.4
2011,12,8,5,285.1
2011,12,8,6,285.8
2011,12,8,7,285.3
2011,12,9,0,285.4
2011,12,9,1,285.7
2011,12,9,2,284.8
2011,12,9,3,284.3
2011,12,9,4,284.4
2011,12,9,5,284.9
2011,12,9,6,285.8
2011,12,9,7,287.2
2011,12,10,0,286.6
2011,12,10,1,286.9
2011,12,10,2,286.5
2011,12,10,3,285.6
2011,12,10,4,285.4
2011,12,10,5,285.1
2011,12,10,6,285.2
2011,12,10,7,286.0
2011,12,11,0,285.8
2011,12,11,1,285.7
2011,12,11,2,285.1
2011,12,11,3,284.6
2011,12,11,4,285.3
2011,12,11,5,285.5
2011,12,11,6,285.9
2011,12,11,7,287.4
2011,12,12,0,286.4
2011,12,12,1,286.8
2011,12,12,2,283.4
2011,12,12,3,282.6
2011,12,12,4,283.2
2011,12,12,5,283.4
2011,12,12,6,285.3
2011,12,12,7,284.2
2011,12,13,0,284.0
2011,12,13,1,282.7
2011,12,13,2,281.5
2011,12,13,3,280.6
2011,12,13,4,280.8
2011,12,13,5,281.9
2011,12,13,6,283.5
2011,12,13,7,283.5
2011,12,14,0,283.1
2011,12,14,1,282.4
2011,12,14,2,282.4
2011,12,14,3,283.7
2011,12,14,4,284.4
2011,12,14,5,284.2
2011,12,14,6,286.2
2011,12,14,7,287.9
2011,12,15,0,285.3
2011,12,15,1,286.7
2011,12,15,2,284.7
2011,12,15,3,282.7
2011,12,15,4,283.1
2011,12,15,5,283.3
2011,12,15,6,285.1
2011,12,15,7,286.2
2011,12,16,0,285.5
2011,12,16,1,284.8
2011,12,16,2,285.5
2011,12,16,3,283.2
2011,12,16,4,282.3
2011,12,16,5,281.4
2011,12,16,6,284.4
2011,12,16,7,284.6
2011,12,17,0,284.3
2011,12,17,1,283.2
2011,12,17,2,283.4
2011,12,17,3,281.4
2011,12,17,4,281.6
2011,12,17,5,283.1
2011,12,17,6,284.5
2011,12,17,7,284.4
2011,12,18,0,283.7
2011,12,18,1,282.9
2011,12,18,2,282.3
2011,12,18,3,281.5
2011,12,18,4,284.0
2011,12,18,5,282.3
2011,12,18,6,283.9
2011,12,18,7,283.4
2011,12,19,0,283.1
2011,12,19,1,282.6
2011,12,19,2,282.2
2011,12,19,3,281.7
2011,12,19,4,281.8
2011,12,19,5,282.6
2011,12,19,6,283.5
2011,12,19,7,282.4
2011,12,20,0,284.6
2011,12,20,1,284.0
2011,12,20,2,282.7
2011,12,20,3,281.7
2011,12,20,4,280.9
2011,12,20,5,281.1
2011,12,20,6,282.4
2011,12,20,7,282.1
2011,12,21,0,283.5
2011,12,21,1,283.4
2011,12,21,2,282.9
2011,12,21,3,282.0
2011,12,21,4,281.1
2011,12,21,5,282.6
2011,12,21,6,284.4
2011,12,21,7,286.5
2011,12,22,0,285.1
2011,12,22,1,284.8
2011,12,22,2,284.3
2011,12,22,3,283.6
2011,12,22,4,283.7
2011,12,22,5,283.4
2011,12,22,6,283.1
2011,12,22,7,285.2
2011,12,23,0,283.4
2011,12,23,1,282.2
2011,12,23,2,281.9
2011,12,23,3,281.6
2011,12,23,4,283.1
2011,12,23,5,282.7
2011,12,23,6,283.4
2011,12,23,7,285.0
2011,12,24,0,283.2
2011,12,24,1,283.2
2011,12,24,2,283.6
2011,12,24,3,283.1
2011,12,24,4,282.5
2011,12,24,5,282.6
2011,12,24,6,283.1
2011,12,24,7,283.1
2011,12,25,0,284.3
2011,12,25,1,284.8
2011,12,25,2,284.4
2011,12,25,3,283.7
2011,12,25,4,283.9
2011,12,25,5,285.3
2011,12,25,6,286.0
2011,12,25,7,286.2
2011,12,26,0,286.3
2011,12,26,1,285.9
2011,12,26,2,285.4
2011,12,26,3,286.1
2011,12,26,4,287.2
2011,12,26,5,285.7
2011,12,26,6,284.7
2011,12,26,7,284.7
2011,12,27,0,284.8
2011,12,27,1,284.4
2011,12,27,2,283.7
2011,12,27,3,283.8
2011,12,27,4,283.4
2011,12,27,5,283.3
2011,12,27,6,284.2
2011,12,27,7,286.8
2011,12,28,0,286.5
2011,12,28,1,285.6
2011,12,28,2,285.5
2011,12,28,3,285.1
2011,12,28,4,286.2
2011,12,28,5,285.6
2011,12,28,6,285.6
2011,12,28,7,286.4
2011,12,29,0,286.9
2011,12,29,1,286.7
2011,12,29,2,287.3
2011,12,29,3,287.0
2011,12,29,4,287.1
2011,12,29,5,286.5
2011,12,29,6,288.0
2011,12,29,7,288.9
2011,12,30,0,287.7
2011,12,30,1,287.6
2011,12,30,2,287.3
2011,12,30,3,287.2
2011,12,30,4,287.7
2011,12,30,5,286.9
2011,12,30,6,287.7
2011,12,30,7,288.2
2011,12,1,0,288.0
2011,12,1,1,287.7
2011,12,1,2,287.5
2011,12,1,3,285.3
2011,12,1,4,285.1
2011,12,1,5,285.1
2011,12,1,6,286.0
2011,12,1,7,288.2
2011,12,2,0,287.1
2011,12,2,1,286.1
2011,12,2,2,285.6
2011,12,2,3,284.2
2011,12,2,4,283.1
2011,12,2,5,283.2
2011,12,2,6,283.9
2011,12,2,7,286.5
2011,12,3,0,285.1
2011,12,3,1,284.6
2011,12,3,2,285.2
2011,12,3,3,284.5
2011,12,3,4,283.8
2011,12,3,5,283.6
2011,12,3,6,285.2
2011,12,3,7,286.3
2011,12,4,0,285.7
2011,12,4,1,284.5
2011,12,4,2,283.5
2011,12,4,3,282.7
2011,12,4,4,282.9
2011,12,4,5,282.8
2011,12,4,6,284.4
2011,12,4,7,285.2
2011,12,5,0,284.6
2011,12,5,1,283.9
2011,12,5,2,283.2
2011,12,5,3,282.1
2011,12,5,4,282.6
2011,12,5,5,282.0
2011,12,5,6,281.9
2011,12,5,7,283.4
2011,12,6,0,283.3
2011,12,6,1,284.6
2011,12,6,2,282.6
2011,12,6,3,281.3
2011,12,6,4,281.7
2011,12,6,5,280.6
2011,12,6,6,281.0
2011,12,6,7,280.9
2011,12,7,0,280.7
2011,12,7,1,280.1
2011,12,7,2,279.4
2011,12,7,3,278.6
2011,12,7,4,278.5
2011,12,7,5,279.1
2011,12,7,6,280.4
2011,12,7,7,280.5
2011,12,8,0,279.8
2011,12,8,1,279.2
2011,12,8,2,279.6
2011,12,8,3,279.5
2011,12,8,4,279.7
2011,12,8,5,280.3
2011,12,8,6,282.4
2011,12,8,7,282.5
2011,12,9,0,282.0
2011,12,9,1,281.7
2011,12,9,2,281.8
2011,12,9,3,280.9
2011,12,9,4,280.4
2011,12,9,5,282.1
2011,12,9,6,283.6
2011,12,9,7,284.5
2011,12,10,0,285.6
2011,12,10,1,283.7
2011,12,10,2,283.8
2011,12,10,3,281.8
2011,12,10,4,281.2
2011,12,10,5,281.7
2011,12,10,6,282.8
2011,12,10,7,285.4
2011,12,11,0,283.9
2011,12,11,1,282.8
2011,12,11,2,282.9
2011,12,11,3,283.0
2011,12,11,4,283.1
2011,12,11,5,281.9
2011,12,11,6,282.9
2011,12,11,7,285.2
2011,12,12,0,284.3
2011,12,12,1,283.0
2011,12,12,2,282.2
2011,12,12,3,282.1
2011,12,12,4,282.8
2011,12,12,5,283.9
2011,12,12,6,283.9
2011,12,12,7,283.3
2011,12,13,0,284.4
2011,12,13,1,283.2
2011,12,13,2,283.8
2011,12,13,3,282.6
2011,12,13,4,282.8
2011,12,13,5,283.3
2011,12,13,6,283.6
2011,12,13,7,285.0
2011,12,14,0,284.8
2011,12,14,1,283.7
2011,12,14,2,283.8
2011,12,14,3,282.9
2011,12,14,4,283.7
2011,12,14,5,283.5
2011,12,14,6,282.7
2011,12,14,7,283.2
2011,12,15,0,284.2
2011,12,15,1,283.2
2011,12,15,2,284.0
2011,12,15,3,282.4
2011,12,15,4,282.9
2011,12,15,5,283.7
2011,12,15,6,283.4
2011,12,15,7,285.7
2011,12,16,0,284.3
2011,12,16,1,282.1
2011,12,16,2,281.5
2011,12,16,3,280.7
2011,12,16,4,280.5
2011,12,16,5,280.9
2011,12,16,6,281.8
2011,12,16,7,280.7
2011,12,17,0,280.6
2011,12,17,1,280.7
2011,12,17,2,280.1
2011,12,17,3,279.7
2011,12,17,4,279.9
2011,12,17,5,281.0
2011,12,17,6,282.4
2011,12,17,7,281.2
2011,12,18,0,282.2
2011,12,18,1,281.6
2011,12,18,2,281.4
2011,12,18,3,280.2
2011,12,18,4,281.1
2011,12,18,5,282.4
2011,12,18,6,282.0
2011,12,18,7,281.8
2011,12,19,0,283.1
2011,12,19,1,283.0
2011,12,19,2,284.7
2011,12,19,3,282.1
2011,12,19,4,281.6
2011,12,19,5,283.3
2011,12,19,6,284.1
2011,12,19,7,286.0
2011,12,20,0,284.5
2011,12,20,1,283.9
2011,12,20,2,283.4
2011,12,20,3,283.0
2011,12,20,4,283.7
2011,12,20,5,285.4
2011,12,20,6,286.2
2011,12,20,7,283.9
2011,12,21,0,284.4
2011,12,21,1,286.5
2011,12,21,2,285.1
2011,12,21,3,283.4
2011,12,21,4,284.0
2011,12,21,5,284.4
2011,12,21,6,285.6
2011,12,21,7,285.9
2011,12,22,0,287.3
2011,12,22,1,287.0
2011,12,22,2,287.8
2011,12,22,3,287.5
2011,12,22,4,287.8
2011,12,22,5,286.5
2011,12,22,6,289.5
2011,12,22,7,288.5
2011,12,23,0,287.7
2011,12,23,1,286.4
2011,12,23,2,285.9
2011,12,23,3,284.7
2011,12,23,4,285.2
2011,12,23,5,285.3
2011,12,23,6,286.3
2011,12,23,7,286.9
2011,12,24,0,285.7
2011,12,24,1,285.3
2011,12,24,2,284.9
2011,12,24,3,284.1
2011,12,24,4,284.7
2011,12,24,5,285.2
2011,12,24,6,286.3
2011,12,24,7,283.4
2011,12,25,0,283.3
2011,12,25,1,283.4
2011,12,25,2,283.7
2011,12,25,3,284.0
2011,12,25,4,283.7
2011,12,25,5,283.4
2011,12,25,6,285.6
2011,12,25,7,284.9
2011,12,26,0,284.8
2011,12,26,1,284.9
2011,12,26,2,284.7
2011,12,26,3,284.9
2011,12,26,4,286.2
2011,12,26,5,286.8
2011,12,26,6,286.7
2011,12,26,7,285.9
2011,12,27,0,287.8
2011,12,27,1,288.0
2011,12,27,2,288.2
2011,12,27,3,287.3
2011,12,27,4,287.8
2011,12,27,5,288.2
2011,12,27,6,286.4
2011,12,27,7,286.8
2011,12,28,0,287.5
2011,12,28,1,288.0
2011,12,28,2,287.6
2011,12,28,3,287.1
2011,12,28,4,287.7
2011,12,28,5,287.4
2011,12,28,6,286.6
2011,12,28,7,287.7
2011,12,29,0,287.1
2011,12,29,1,287.7
2011,12,29,2,287.3
2011,12,29,3,285.8
2011,12,29,4,285.5
2011,12,29,5,285.2
2011,12,29,6,286.4
2011,12,29,7,285.0
2011,12,30,0,286.4
2011,12,30,1,285.8
2011,12,30,2,284.8
2011,12,30,3,284.9
2011,12,30,4,285.2
2011,12,30,5,285.3
2011,12,30,6,286.0
2011,12,30,7,284.5
2011,12,31,0,286.1
2011,12,31,1,284.0
2011,12,31,2,283.4
2011,12,31,3,283.2
2011,12,31,4,283.6
2011,12,31,5,283.3
2011,12,31,6,284.1
2011,12,31,7,282.9
2012,12,1,0,284.2
2012,12,1,1,283.2
2012,12,1,2,283.8
2012,12,1,3,283.8
2012,12,1,4,285.1
2012,12,1,5,285.8
2012,12,1,6,286.0
2012,12,1,7,284.3
2012,12,2,0,284.1
2012,12,2,1,284.4
2012,12,2,2,284.5
2012,12,2,3,284.6
2012,12,2,4,284.6
2012,12,2,5,284.8
2012,12,2,6,284.3
2012,12,2,7,283.5
2012,12,3,0,283.9
2012,12,3,1,284.6
2012,12,3,2,284.3
2012,12,3,3,283.3
2012,12,3,4,283.2
2012,12,3,5,284.2
2012,12,3,6,283.9
2012,12,3,7,284.3
2012,12,4,0,284.3
2012,12,4,1,284.2
2012,12,4,2,283.2
2012,12,4,3,282.1
2012,12,4,4,281.6
2012,12,4,5,282.5
2012,12,4,6,282.9
2012,12,4,7,283.7
2012,12,5,0,284.0
2012,12,5,1,284.0
2012,12,5,2,283.7
2012,12,5,3,282.8
2012,12,5,4,282.2
2012,12,5,5,282.0
2012,12,5,6,283.6
2012,12,5,7,282.3
2012,12,6,0,281.9
2012,12,6,1,282.7
2012,12,6,2,282.4
2012,12,6,3,282.3
2012,12,6,4,282.4
2012,12,6,5,282.3
2012,12,6,6,282.0
2012,12,6,7,283.3
2012,12,7,0,283.1
2012,12,7,1,283.5
2012,12,7,2,283.2
2012,12,7,3,282.8
2012,12,7,4,282.9
2012,12,7,5,283.3
2012,12,7,6,283.7
2012,12,7,7,283.4
2012,12,8,0,283.4
2012,12,8,1,284.3
2012,12,8,2,282.6
2012,12,8,3,281.7
2012,12,8,4,282.1
2012,12,8,5,282.0
2012,12,8,6,282.3
2012,12,8,7,283.4
2012,12,9,0,284.5
2012,12,9,1,283.0
2012,12,9,2,282.8
2012,12,9,3,282.0
2012,12,9,4,282.1
2012,12,9,5,282.6
2012,12,9,6,282.5
2012,12,9,7,283.1
2012,12,10,0,282.6
2012,12,10,1,281.4
2012,12,10,2,281.2
2012,12,10,3,281.1
2012,12,10,4,281.3
2012,12,10,5,282.8
2012,12,10,6,283.0
2012,12,10,7,284.0
2012,12,11,0,283.7
2012,12,11,1,282.4
2012,12,11,2,281.9
2012,12,11,3,281.8
2012,12,11,4,283.3
2012,12,11,5,283.2
2012,12,11,6,283.7
2012,12,11,7,283.0
2012,12,12,0,283.0
2012,12,12,1,283.4
2012,12,12,2,283.1
2012,12,12,3,282.3
2012,12,12,4,283.3
2012,12,12,5,283.7
2012,12,12,6,285.0
2012,12,12,7,283.9
2012,12,13,0,283.7
2012,12,13,1,284.1
2012,12,13,2,283.7
2012,12,13,3,283.8
2012,12,13,4,284.2
2012,12,13,5,284.6
2012,12,13,6,284.9
2012,12,13,7,283.1
2012,12,14,0,285.6
2012,12,14,1,283.7
2012,12,14,2,283.6
2012,12,14,3,283.3
2012,12,14,4,283.5
2012,12,14,5,283.3
2012,12,14,6,283.9
2012,12,14,7,282.9
2012,12,15,0,284.0
2012,12,15,1,283.6
2012,12,15,2,283.5
2012,12,15,3,283.1
2012,12,15,4,283.0
2012,12,15,5,283.9
2012,12,15,6,284.3
2012,12,15,7,282.5
2012,12,16,0,283.0
2012,12,16,1,282.6
2012,12,16,2,282.5
2012,12,16,3,282.4
2012,12,16,4,282.9
2012,12,16,5,283.2
2012,12,16,6,283.9
2012,12,16,7,283.1
2012,12,17,0,284.5
2012,12,17,1,284.2
2012,12,17,2,283.2
2012,12,17,3,283.5
2012,12,17,4,284.5
2012,12,17,5,283.8
2012,12,17,6,284.4
2012,12,17,7,284.8
2012,12,18,0,286.0
2012,12,18,1,285.2
2012,12,18,2,284.8
2012,12,18,3,283.2
2012,12,18,4,283.1
2012,12,18,5,282.9
2012,12,18,6,284.3
2012,12,18,7,284.1
2012,12,19,0,284.4
2012,12,19,1,284.5
2012,12,19,2,283.3
2012,12,19,3,282.6
2012,12,19,4,283.3
2012,12,19,5,282.9
2012,12,19,6,283.8
2012,12,19,7,284.1
2012,12,20,0,284.7
2012,12,20,1,283.8
2012,12,20,2,283.7
2012,12,20,3,283.0
2012,12,20,4,284.4
2012,12,20,5,283.7
2012,12,20,6,283.8
2012,12,20,7,282.5
2012,12,21,0,285.4
2012,12,21,1,284.2
2012,12,21,2,283.5
2012,12,21,3,283.0
2012,12,21,4,284.1
2012,12,21,5,282.3
2012,12,21,6,282.7
2012,12,21,7,282.2
2012,12,22,0,282.9
2012,12,22,1,282.9
2012,12,22,2,282.2
2012,12,22,3,282.1
2012,12,22,4,281.8
2012,12,22,5,282.4
2012,12,22,6,283.1
2012,12,22,7,283.5
2012,12,23,0,285.6
2012,12,23,1,284.6
2012,12,23,2,284.5
2012,12,23,3,283.8
2012,12,23,4,283.4
2012,12,23,5,282.1
2012,12,23,6,282.6
2012,12,23,7,285.3
2012,12,24,0,284.1
2012,12,24,1,284.7
2012,12,24,2,284.4
2012,12,24,3,284.1
2012,12,24,4,283.7
2012,12,24,5,283.1
2012,12,24,6,282.6
2012,12,24,7,284.5
2012,12,25,0,285.0
2012,12,25,1,284.8
2012,12,25,2,285.9
2012,12,25,3,284.9
2012,12,25,4,285.0
2012,12,25,5,284.2
2012,12,25,6,285.6
2012,12,25,7,284.3
2012,12,26,0,284.7
2012,12,26,1,283.5
2012,12,26,2,282.9
2012,12,26,3,282.8
2012,12,26,4,283.6
2012,12,26,5,284.1
2012,12,26,6,282.6
2012,12,26,7,284.9
2012,12,27,0,284.8
2012,12,27,1,285.4
2012,12,27,2,285.4
2012,12,27,3,284.4
2012,12,27,4,285.1
2012,12,27,5,283.7
2012,12,27,6,284.0
2012,12,27,7,286.5
2012,12,28,0,285.5
2012,12,28,1,284.8
2012,12,28,2,283.1
2012,12,28,3,282.1
2012,12,28,4,282.3
2012,12,28,5,282.3
2012,12,28,6,283.6
2012,12,28,7,284.5
2012,12,29,0,285.5
2012,12,29,1,284.9
2012,12,29,2,284.1
2012,12,29,3,281.7
2012,12,29,4,281.8
2012,12,29,5,282.5
2012,12,29,6,282.8
2012,12,29,7,281.7
2012,12,30,0,282.4
2012,12,30,1,281.2
2012,12,30,2,282.1
2012,12,30,3,282.0
2012,12,30,4,281.9
2012,12,30,5,281.9
2012,12,30,6,281.9
2012,12,30,7,281.2
2012,12,31,0,281.7
2012,12,31,1,281.3
2012,12,31,2,279.9
2012,12,31,3,279.7
2012,12,31,4,280.4
2012,12,31,5,282.1
2012,12,31,6,283.1
2012,12,31,7,282.0
2012,12,1,0,283.9
2012,12,1,1,283.0
2012,12,1,2,282.2
2012,12,1,3,283.2
2012,12,1,4,284.3
2012,12,1,5,283.6
2012,12,1,6,284.3
2012,12,1,7,286.2
2012,12,2,0,284.6
2012,12,2,1,285.2
2012,12,2,2,284.5
2012,12,2,3,284.9
2012,12,2,4,284.8
2012,12,2,5,283.9
2012,12,2,6,284.3
2012,12,2,7,285.2
2012,12,3,0,285.2
2012,12,3,1,284.2
2012,12,3,2,284.8
2012,12,3,3,285.3
2012,12,3,4,285.6
2012,12,3,5,284.9
2012,12,3,6,285.2
2012,12,3,7,287.0
2012,12,4,0,286.7
2012,12,4,1,285.6
2012,12,4,2,285.2
2012,12,4,3,284.8
2012,12,4,4,285.5
2012,12,4,5,285.0
2012,12,4,6,285.0
2012,12,4,7,287.7
2012,12,5,0,286.6
2012,12,5,1,286.8
2012,12,5,2,286.1
2012,12,5,3,285.5
2012,12,5,4,286.0
2012,12,5,5,285.5
2012,12,5,6,285.8
2012,12,5,7,287.4
2012,12,6,0,287.1
2012,12,6,1,287.9
2012,12,6,2,285.9
2012,12,6,3,285.1
2012,12,6,4,285.3
2012,12,6,5,285.2
2012,12,6,6,286.1
2012,12,6,7,286.5
2012,12,7,0,286.4
2012,12,7,1,286.6
2012,12,7,2,286.2
2012,12,7,3,285.6
2012,12,7,4,284.8
2012,12,7,5,285.1
2012,12,7,6,286.0
2012,12,7,7,284.6
2012,12,8,0,284.6
2012,12,8,1,285.4
2012,12,8,2,284.7
2012,12,8,3,284.3
2012,12,8,4,283.8
2012,12,8,5,285.0
2012,12,8,6,285.0
2012,12,8,7,284.4
2012,12,9,0,285.0
2012,12,9,1,285.0
2012,12,9,2,284.3
2012,12,9,3,284.8
2012,12,9,4,284.3
2012,12,9,5,284.7
2012,12,9,6,286.0
2012,12,9,7,285.2
2012,12,10,0,284.9
2012,12,10,1,285.2
2012,12,10,2,285.1
2012,12,10,3,284.3
2012,12,10,4,283.6
2012,12,10,5,283.6
2012,12,10,6,284.0
2012,12,10,7,283.1
2012,12,11,0,284.1
2012,12,11,1,283.3
2012,12,11,2,282.7
2012,12,11,3,281.9
2012,12,11,4,282.3
2012,12,11,5,282.3
2012,12,11,6,283.0
2012,12,11,7,282.8
2012,12,12,0,283.1
2012,12,12,1,283.6
2012,12,12,2,282.7
2012,12,12,3,281.8
2012,12,12,4,281.3
2012,12,12,5,281.5
2012,12,12,6,283.1
2012,12,12,7,281.6
2012,12,13,0,282.7
2012,12,13,1,281.9
2012,12,13,2,281.6
2012,12,13,3,281.0
2012,12,13,4,280.9
2012,12,13,5,282.1
2012,12,13,6,283.6
2012,12,13,7,282.0
2012,12,14,0,280.7
2012,12,14,1,281.5
2012,12,14,2,281.5
2012,12,14,3,281.3
2012,12,14,4,281.1
2012,12,14,5,282.1
2012,12,14,6,282.4
2012,12,14,7,281.5
2012,12,15,0,281.4
2012,12,15,1,281.1
2012,12,15,2,281.9
2012,12,15,3,281.0
2012,12,15,4,280.9
2012,12,15,5,281.7
2012,12,15,6,282.3
2012,12,15,7,281.2
2012,12,16,0,281.4
2012,12,16,1,282.1
2012,12,16,2,281.4
2012,12,16,3,280.9
2012,12,16,4,281.5
2012,12,16,5,282.9
2012,12,16,6,282.5
2012,12,16,7,282.0
2012,12,17,0,283.6
2012,12,17,1,283.1
2012,12,17,2,282.1
2012,12,17,3,281.5
2012,12,17,4,281.6
2012,12,17,5,282.8
2012,12,17,6,283.3
2012,12,17,7,282.6
2012,12,18,0,282.6
2012,12,18,1,283.5
2012,12,18,2,283.1
2012,12,18,3,282.6
2012,12,18,4,282.1
2012,12,18,5,283.7
2012,12,18,6,283.4
2012,12,18,7,282.5
2012,12,19,0,283.5
2012,12,19,1,284.0
2012,12,19,2,283.3
2012,12,19,3,282.9
2012,12,19,4,282.4
2012,12,19,5,283.4
2012,12,19,6,283.4
2012,12,19,7,284.9
2012,12,20,0,284.6
2012,12,20,1,284.0
2012,12,20,2,282.9
2012,12,20,3,282.2
2012,12,20,4,282.9
2012,12,20,5,281.4
2012,12,20,6,281.8
2012,12,20,7,283.6
2012,12,21,0,282.7
2012,12,21,1,282.3
2012,12,21,2,283.0
2012,12,21,3,281.4
2012,12,21,4,280.9
2012,12,21,5,282.2
2012,12,21,6,283.2
2012,12,21,7,282.0
2012,12,22,0,283.2
2012,12,22,1,283.4
2012,12,22,2,282.9
2012,12,22,3,282.6
2012,12,22,4,282.6
2012,12,22,5,282.4
2012,12,22,6,283.4
2012,12,22,7,282.8
2012,12,23,0,282.3
2012,12,23,1,282.1
2012,12,23,2,281.3
2012,12,23,3,280.9
2012,12,23,4,281.4
2012,12,23,5,281.7
2012,12,23,6,282.2
2012,12,23,7,280.9
2012,12,24,0,282.2
2012,12,24,1,281.7
2012,12,24,2,281.7
2012,12,24,3,281.2
2012,12,24,4,281.2
2012,12,24,5,282.0
2012,12,24,6,282.9
2012,12,24,7,281.8
2012,12,25,0,282.1
2012,12,25,1,281.8
2012,12,25,2,281.5
2012,12,25,3,280.9
2012,12,25,4,281.3
2012,12,25,5,282.9
2012,12,25,6,283.5
2012,12,25,7,283.2
2012,12,26,0,285.2
2012,12,26,1,284.5
2012,12,26,2,283.0
2012,12,26,3,282.3
2012,12,26,4,283.3
2012,12,26,5,284.5
2012,12,26,6,285.6
2012,12,26,7,286.6
2012,12,27,0,286.4
2012,12,27,1,284.9
2012,12,27,2,285.7
2012,12,27,3,286.1
2012,12,27,4,286.1
2012,12,27,5,284.6
2012,12,27,6,286.5
2012,12,27,7,287.0
2012,12,28,0,286.0
2012,12,28,1,284.4
2012,12,28,2,283.4
2012,12,28,3,283.0
2012,12,28,4,283.7
2012,12,28,5,283.2
2012,12,28,6,283.9
2012,12,28,7,284.6
2012,12,29,0,285.1
2012,12,29,1,284.6
2012,12,29,2,284.4
2012,12,29,3,284.5
2012,12,29,4,283.9
2012,12,29,5,282.9
2012,12,29,6,282.6
2012,12,29,7,283.2
2012,12,1,0,285.7
2012,12,1,1,286.1
2012,12,1,2,283.6
2012,12,1,3,283.6
2012,12,1,4,284.9
2012,12,1,5,286.1
2012,12,1,6,288.6
2012,12,1,7,286.7
2012,12,2,0,286.8
2012,12,2,1,288.9
2012,12,2,2,288.7
2012,12,2,3,285.9
2012,12,2,4,287.5
2012,12,2,5,286.5
2012,12,2,6,286.3
2012,12,2,7,289.1
2012,12,3,0,287.8
2012,12,3,1,286.8
2012,12,3,2,287.3
2012,12,3,3,286.4
2012,12,3,4,286.7
2012,12,3,5,284.9
2012,12,3,6,286.4
2012,12,3,7,285.8
2012,12,4,0,287.8
2012,12,4,1,287.8
2012,12,4,2,286.4
2012,12,4,3,285.2
2012,12,4,4,285.0
2012,12,4,5,285.3
2012,12,4,6,286.5
2012,12,4,7,284.7
2012,12,5,0,284.6
2012,12,5,1,284.2
2012,12,5,2,283.4
2012,12,5,3,282.8
2012,12,5,4,282.9
2012,12,5,5,284.1
2012,12,5,6,284.2
2012,12,5,7,285.5
2012,12,6,0,285.3
2012,12,6,1,285.4
2012,12,6,2,285.2
2012,12,6,3,284.1
2012,12,6,4,283.9
2012,12,6,5,283.8
2012,12,6,6,284.0
2012,12,6,7,285.0
2012,12,7,0,285.4
2012,12,7,1,285.7
2012,12,7,2,287.0
2012,12,7,3,287.5
2012,12,7,4,287.3
2012,12,7,5,285.9
2012,12,7,6,287.4
2012,12,7,7,288.2
2012,12,8,0,287.9
2012,12,8,1,288.0
2012,12,8,2,287.9
2012,12,8,3,287.1
2012,12,8,4,286.6
2012,12,8,5,287.2
2012,12,8,6,288.2
2012,12,8,7,286.7
2012,12,9,0,288.3
2012,12,9,1,288.8
2012,12,9,2,287.8
2012,12,9,3,286.7
2012,12,9,4,286.6
2012,12,9,5,287.1
2012,12,9,6,287.9
2012,12,9,7,289.0
2012,12,10,0,289.3
2012,12,10,1,289.4
2012,12,10,2,289.5
2012,12,10,3,287.7
2012,12,10,4,289.6
2012,12,10,5,286.8
2012,12,10,6,286.8
2012,12,10,7,287.8
2012,12,11,0,287.2
2012,12,11,1,288.1
2012,12,11,2,287.5
2012,12,11,3,286.9
2012,12,11,4,286.4
2012,12,11,5,286.6
2012,12,11,6,286.7
2012,12,11,7,286.9
2012,12,12,0,286.7
2012,12,12,1,286.2
2012,12,12,2,285.9
2012,12,12,3,285.2
2012,12,12,4,284.8
2012,12,12,5,284.4
2012,12,12,6,285.4
2012,12,12,7,285.2
2012,12,13,0,286.6
2012,12,13,1,285.8
2012,12,13,2,285.4
2012,12,13,3,284.4
2012,12,13,4,284.3
2012,12,13,5,284.3
2012,12,13,6,285.4
2012,12,13,7,284.7
2012,12,14,0,285.5
2012,12,14,1,285.5
2012,12,14,2,285.4
2012,12,14,3,284.8
2012,12,14,4,284.5
2012,12,14,5,284.5
2012,12,14,6,285.6
2012,12,14,7,285.3
2012,12,15,0,285.1
2012,12,15,1,284.9
2012,12,15,2,285.0
2012,12,15,3,284.6
2012,12,15,4,284.8
2012,12,15,5,284.7
2012,12,15,6,285.6
2012,12,15,7,284.8
2012,12,16,0,285.2
2012,12,16,1,285.1
2012,12,16,2,285.1
2012,12,16,3,284.5
2012,12,16,4,284.1
2012,12,16,5,283.7
2012,12,16,6,284.8
2012,12,16,7,284.8
2012,12,17,0,284.8
2012,12,17,1,284.1
2012,12,17,2,283.3
2012,12,17,3,282.6
2012,12,17,4,282.9
2012,12,17,5,284.0
2012,12,17,6,285.5
2012,12,17,7,284.6
2012,12,18,0,285.9
2012,12,18,1,285.8
2012,12,18,2,285.9
2012,12,18,3,284.9
2012,12,18,4,284.1
2012,12,18,5,284.5
2012,12,18,6,285.2
2012,12,18,7,286.0
2012,12,19,0,284.8
2012,12,19,1,284.6
2012,12,19,2,283.6
2012,12,19,3,285.1
2012,12,19,4,286.3
2012,12,19,5,284.2
2012,12,19,6,283.9
2012,12,19,7,286.1
2012,12,20,0,285.6
2012,12,20,1,285.4
2012,12,20,2,285.7
2012,12,20,3,286.6
2012,12,20,4,287.7
2012,12,20,5,287.2
2012,12,20,6,287.4
2012,12,20,7,287.9
2012,12,21,0,287.4
2012,12,21,1,287.2
2012,12,21,2,287.0
2012,12,21,3,286.1
2012,12,21,4,286.6
2012,12,21,5,285.8
2012,12,21,6,286.4
2012,12,21,7,287.9
2012,12,22,0,287.7
2012,12,22,1,287.1
2012,12,22,2,286.6
2012,12,22,3,286.4
2012,12,22,4,286.4
2012,12,22,5,286.5
2012,12,22,6,288.0
2012,12,22,7,285.5
2012,12,23,0,286.1
2012,12,23,1,284.7
2012,12,23,2,285.4
2012,12,23,3,284.7
2012,12,23,4,284.6
2012,12,23,5,282.3
2012,12,23,6,283.8
2012,12,23,7,283.2
2012,12,24,0,283.6
2012,12,24,1,283.6
2012,12,24,2,283.7
2012,12,24,3,282.0
2012,12,24,4,281.5
2012,12,24,5,281.9
2012,12,24,6,283.3
2012,12,24,7,282.9
2012,12,25,0,282.1
2012,12,25,1,281.1
2012,12,25,2,280.6
2012,12,25,3,281.1
2012,12,25,4,281.0
2012,12,25,5,281.9
2012,12,25,6,284.1
2012,12,25,7,283.4
2012,12,26,0,284.4
2012,12,26,1,283.0
2012,12,26,2,282.4
2012,12,26,3,281.5
2012,12,26,4,280.8
2012,12,26,5,281.1
2012,12,26,6,283.0
2012,12,26,7,283.2
2012,12,27,0,283.0
2012,12,27,1,282.2
2012,12,27,2,282.2
2012,12,27,3,280.6
2012,12,27,4,281.6
2012,12,27,5,281.5
2012,12,27,6,283.0
2012,12,27,7,282.6
2012,12,28,0,283.1
2012,12,28,1,282.5
2012,12,28,2,281.9
2012,12,28,3,281.4
2012,12,28,4,281.2
2012,12,28,5,282.1
2012,12,28,6,283.9
2012,12,28,7,283.3
2012,12,29,0,283.3
2012,12,29,1,283.0
2012,12,29,2,282.5
2012,12,29,3,282.5
2012,12,29,4,282.6
2012,12,29,5,283.2
2012,12,29,6,285.1
2012,12,29,7,284.8
2012,12,30,0,285.1
2012,12,30,1,285.6
2012,12,30,2,285.7
2012,12,30,3,285.2
2012,12,30,4,284.6
2012,12,30,5,284.9
2012,12,30,6,286.3
2012,12,30,7,285.5
2012,12,31,0,286.0
2012,12,31,1,285.7
2012,12,31,2,285.5
2012,12,31,3,285.5
2012,12,31,4,285.5
2012,12,31,5,286.2
2012,12,31,6,287.4
2012,12,31,7,286.0
2012,12,1,0,286.7
2012,12,1,1,286.2
2012,12,1,2,285.7
2012,12,1,3,285.1
2012,12,1,4,284.4
2012,12,1,5,284.5
2012,12,1,6,285.8
2012,12,1,7,285.0
2012,12,2,0,286.0
2012,12,2,1,285.8
2012,12,2,2,285.7
2012,12,2,3,285.8
2012,12,2,4,285.9
2012,12,2,5,286.6
2012,12,2,6,287.2
2012,12,2,7,286.0
2012,12,3,0,287.3
2012,12,3,1,286.9
2012,12,3,2,286.2
2012,12,3,3,285.1
2012,12,3,4,285.3
2012,12,3,5,285.2
2012,12,3,6,285.7
2012,12,3,7,286.3
2012,12,4,0,285.7
2012,12,4,1,285.6
2012,12,4,2,285.2
2012,12,4,3,284.7
2012,12,4,4,284.7
2012,12,4,5,284.9
2012,12,4,6,285.1
2012,12,4,7,285.6
2012,12,5,0,285.1
2012,12,5,1,285.2
2012,12,5,2,285.4
2012,12,5,3,285.1
2012,12,5,4,284.7
2012,12,5,5,284.7
2012,12,5,6,285.4
2012,12,5,7,286.0
2012,12,6,0,285.9
2012,12,6,1,285.2
2012,12,6,2,284.4
2012,12,6,3,283.3
2012,12,6,4,283.9
2012,12,6,5,284.0
2012,12,6,6,285.1
2012,12,6,7,285.2
2012,12,7,0,286.9
2012,12,7,1,285.5
2012,12,7,2,285.4
2012,12,7,3,285.5
2012,12,7,4,285.7
2012,12,7,5,285.4
2012,12,7,6,286.2
2012,12,7,7,286.7
2012,12,8,0,287.4
2012,12,8,1,287.4
2012,12,8,2,287.0
2012,12,8,3,287.0
2012,12,8,4,286.8
2012,12,8,5,286.9
2012,12,8,6,286.6
2012,12,8,7,285.9
2012,12,9,0,285.7
2012,12,9,1,285.4
2012,12,9,2,284.1
2012,12,9,3,282.8
2012,12,9,4,282.3
2012,12,9,5,283.7
2012,12,9,6,280.8
2012,12,9,7,280.2
2012,12,10,0,282.0
2012,12,10,1,281.7
2012,12,10,2,280.9
2012,12,10,3,281.1
2012,12,10,4,279.9
2012,12,10,5,278.4
2012,12,10,6,279.6
2012,12,10,7,279.7
2012,12,11,0,279.8
2012,12,11,1,280.2
2012,12,11,2,280.3
2012,12,11,3,280.1
2012,12,11,4,280.1
2012,12,11,5,280.0
2012,12,11,6,281.1
2012,12,11,7,280.9
2012,12,12,0,281.1
2012,12,12,1,281.5
2012,12,12,2,281.4
2012,12,12,3,280.9
2012,12,12,4,279.2
2012,12,12,5,278.2
2012,12,12,6,278.5
2012,12,12,7,278.4
2012,12,13,0,277.7
2012,12,13,1,277.2
2012,12,13,2,277.0
2012,12,13,3,276.5
2012,12,13,4,276.4
2012,12,13,5,276.7
2012,12,13,6,277.9
2012,12,13,7,278.0
2012,12,14,0,277.6
2012,12,14,1,277.2
2012,12,14,2,277.3
2012,12,14,3,277.4
2012,12,14,4,276.5
2012,12,14,5,278.4
2012,12,14,6,280.5
2012,12,14,7,281.2
2012,12,15,0,281.6
2012,12,15,1,281.5
2012,12,15,2,281.4
2012,12,15,3,280.8
2012,12,15,4,280.6
2012,12,15,5,279.9
2012,12,15,6,281.4
2012,12,15,7,281.7
2012,12,16,0,280.8
2012,12,16,1,281.3
2012,12,16,2,281.5
2012,12,16,3,280.7
2012,12,16,4,281.3
2012,12,16,5,281.2
2012,12,16,6,283.6
2012,12,16,7,283.8
2012,12,17,0,284.3
2012,12,17,1,284.5
2012,12,17,2,284.7
2012,12,17,3,283.8
2012,12,17,4,284.6
2012,12,17,5,284.7
2012,12,17,6,283.5
2012,12,17,7,283.5
2012,12,18,0,284.3
2012,12,18,1,284.3
2012,12,18,2,283.8
2012,12,18,3,283.6
2012,12,18,4,284.3
2012,12,18,5,284.1
2012,12,18,6,284.5
2012,12,18,7,284.0
2012,12,19,0,284.8
2012,12,19,1,284.6
2012,12,19,2,284.5
2012,12,19,3,284.3
2012,12,19,4,284.3
2012,12,19,5,283.6
2012,12,19,6,284.2
2012,12,19,7,284.0
2012,12,20,0,284.7
2012,12,20,1,284.3
2012,12,20,2,284.1
2012,12,20,3,283.0
2012,12,20,4,282.3
2012,12,20,5,281.5
2012,12,20,6,281.5
2012,12,20,7,282.1
2012,12,21,0,282.2
2012,12,21,1,282.7
2012,12,21,2,282.7
2012,12,21,3,282.3
2012,12,21,4,282.5
2012,12,21,5,282.3
2012,12,21,6,284.0
2012,12,21,7,284.0
2012,12,22,0,284.1
2012,12,22,1,285.0
2012,12,22,2,284.9
2012,12,22,3,284.8
2012,12,22,4,285.2
2012,12,22,5,284.8
2012,12,22,6,284.3
2012,12,22,7,284.2
2012,12,23,0,285.3
2012,12,23,1,284.9
2012,12,23,2,284.8
2012,12,23,3,283.8
2012,12,23,4,284.1
2012,12,23,5,284.2
2012,12,23,6,283.4
2012,12,23,7,283.0
2012,12,24,0,283.7
2012,12,24,1,283.5
2012,12,24,2,283.2
2012,12,24,3,282.0
2012,12,24,4,281.6
2012,12,24,5,281.2
2012,12,24,6,281.3
2012,12,24,7,280.7
2012,12,25,0,281.1
2012,12,25,1,280.7
2012,12,25,2,279.8
2012,12,25,3,278.5
2012,12,25,4,277.1
2012,12,25,5,277.5
2012,12,25,6,275.7
2012,12,25,7,275.5
2012,12,26,0,278.2
2012,12,26,1,276.9
2012,12,26,2,277.0
2012,12,26,3,277.1
2012,12,26,4,277.8
2012,12,26,5,278.2
2012,12,26,6,279.5
2012,12,26,7,279.3
2012,12,27,0,279.5
2012,12,27,1,278.3
2012,12,27,2,278.8
2012,12,27,3,278.7
2012,12,27,4,278.9
2012,12,27,5,276.4
2012,12,27,6,276.8
2012,12,27,7,277.8
2012,12,28,0,275.5
2012,12,28,1,276.1
2012,12,28,2,276.1
2012,12,28,3,277.4
2012,12,28,4,278.5
2012,12,28,5,279.1
2012,12,28,6,279.2
2012,12,28,7,279.3
2012,12,29,0,279.3
2012,12,29,1,279.3
2012,12,29,2,279.2
2012,12,29,3,278.9
2012,12,29,4,279.4
2012,12,29,5,279.7
2012,12,29,6,280.6
2012,12,29,7,281.7
2012,12,30,0,280.9
2012,12,30,1,280.7
2012,12,30,2,281.0
2012,12,30,3,280.9
2012,12,30,4,281.4
2012,12,30,5,281.9
2012,12,30,6,283.2
2012,12,30,7,283.2
2012,12,1,0,284.0
2012,12,1,1,284.2
2012,12,1,2,284.3
2012,12,1,3,283.8
2012,12,1,4,284.0
2012,12,1,5,283.2
2012,12,1,6,283.7
2012,12,1,7,283.7
2012,12,2,0,283.4
2012,12,2,1,283.0
2012,12,2,2,283.0
2012,12,2,3,282.9
2012,12,2,4,282.7
2012,12,2,5,282.6
2012,12,2,6,282.9
2012,12,2,7,282.8
2012,12,3,0,283.0
2012,12,3,1,283.1
2012,12,3,2,282.8
2012,12,3,3,282.3
2012,12,3,4,282.9
2012,12,3,5,283.0
2012,12,3,6,283.7
2012,12,3,7,284.0
2012,12,4,0,284.4
2012,12,4,1,284.6
2012,12,4,2,284.2
2012,12,4,3,284.0
2012,12,4,4,283.7
2012,12,4,5,283.1
2012,12,4,6,284.1
2012,12,4,7,284.2
2012,12,5,0,284.4
2012,12,5,1,284.1
2012,12,5,2,284.4
2012,12,5,3,284.0
2012,12,5,4,284.8
2012,12,5,5,284.7
2012,12,5,6,284.7
2012,12,5,7,284.1
2012,12,6,0,284.8
2012,12,6,1,285.2
2012,12,6,2,284.1
2012,12,6,3,284.5
2012,12,6,4,284.4
2012,12,6,5,284.3
2012,12,6,6,284.1
2012,12,6,7,285.4
2012,12,7,0,285.6
2012,12,7,1,286.0
2012,12,7,2,286.2
2012,12,7,3,285.8
2012,12,7,4,286.3
2012,12,7,5,286.2
2012,12,7,6,286.6
2012,12,7,7,287.3
2012,12,8,0,287.9
2012,12,8,1,286.7
2012,12,8,2,286.5
2012,12,8,3,285.5
2012,12,8,4,286.7
2012,12,8,5,285.9
2012,12,8,6,285.5
2012,12,8,7,285.1
2012,12,9,0,286.3
2012,12,9,1,285.8
2012,12,9,2,285.3
2012,12,9,3,284.7
2012,12,9,4,284.6
2012,12,9,5,284.5
2012,12,9,6,284.0
2012,12,9,7,283.3
2012,12,10,0,284.2
2012,12,10,1,283.6
2012,12,10,2,283.3
2012,12,10,3,283.1
2012,12,10,4,283.0
2012,12,10,5,283.0
2012,12,10,6,283.3
2012,12,10,7,282.5
2012,12,11,0,282.6
2012,12,11,1,282.0
2012,12,11,2,281.8
2012,12,11,3,281.5
2012,12,11,4,281.2
2012,12,11,5,280.9
2012,12,11,6,281.6
2012,12,11,7,281.3
2012,12,12,0,281.4
2012,12,12,1,281.5
2012,12,12,2,281.1
2012,12,12,3,280.6
2012,12,12,4,280.9
2012,12,12,5,280.9
2012,12,12,6,281.3
2012,12,12,7,280.4
2012,12,13,0,280.2
2012,12,13,1,279.3
2012,12,13,2,278.9
2012,12,13,3,278.5
2012,12,13,4,278.0
2012,12,13,5,277.9
2012,12,13,6,278.8
2012,12,13,7,278.5
2012,12,14,0,278.1
2012,12,14,1,277.3
2012,12,14,2,277.0
2012,12,14,3,277.3
2012,12,14,4,277.9
2012,12,14,5,279.3
2012,12,14,6,281.0
2012,12,14,7,280.7
2012,12,15,0,280.5
2012,12,15,1,280.6
2012,12,15,2,280.6
2012,12,15,3,280.2
2012,12,15,4,280.0
2012,12,15,5,279.4
2012,12,15,6,280.2
2012,12,15,7,280.1
2012,12,16,0,280.0
2012,12,16,1,281.7
2012,12,16,2,280.4
2012,12,16,3,280.5
2012,12,16,4,280.5
2012,12,16,5,281.1
2012,12,16,6,283.6
2012,12,16,7,283.9
2012,12,17,0,284.0
2012,12,17,1,283.7
2012,12,17,2,283.5
2012,12,17,3,283.1
2012,12,17,4,282.8
2012,12,17,5,282.1
2012,12,17,6,282.3
2012,12,17,7,281.8
2012,12,18,0,281.7
2012,12,18,1,281.0
2012,12,18,2,280.6
2012,12,18,3,280.1
2012,12,18,4,280.1
2012,12,18,5,279.4
2012,12,18,6,280.1
2012,12,18,7,280.0
2012,12,19,0,280.4
2012,12,19,1,280.8
2012,12,19,2,280.4
2012,12,19,3,280.1
2012,12,19,4,280.6
2012,12,19,5,280.9
2012,12,19,6,281.9
2012,12,19,7,281.6
2012,12,20,0,281.1
2012,12,20,1,280.1
2012,12,20,2,280.2
2012,12,20,3,279.8
2012,12,20,4,280.4
2012,12,20,5,280.1
2012,12,20,6,281.2
2012,12,20,7,280.8
2012,12,21,0,280.9
2012,12,21,1,280.4
2012,12,21,2,280.7
2012,12,21,3,281.1
2012,12,21,4,281.2
2012,12,21,5,281.4
2012,12,21,6,282.3
2012,12,21,7,282.0
2012,12,22,0,281.8
2012,12,22,1,281.6
2012,12,22,2,282.0
2012,12,22,3,281.3
2012,12,22,4,281.0
2012,12,22,5,280.8
2012,12,22,6,280.4
2012,12,22,7,281.7
2012,12,23,0,280.0
2012,12,23,1,280.1
2012,12,23,2,279.7
2012,12,23,3,279.2
2012,12,23,4,278.8
2012,12,23,5,278.1
2012,12,23,6,279.0
2012,12,23,7,279.1
2012,12,24,0,279.3
2012,12,24,1,279.4
2012,12,24,2,279.6
2012,12,24,3,279.3
2012,12,24,4,279.6
2012,12,24,5,279.5
2012,12,24,6,279.9
2012,12,24,7,279.5
2012,12,25,0,279.5
2012,12,25,1,279.7
2012,12,25,2,279.2
2012,12,25,3,279.9
2012,12,25,4,279.9
2012,12,25,5,280.3
2012,12,25,6,280.3
2012,12,25,7,280.5
2012,12,26,0,282.1
2012,12,26,1,281.7
2012,12,26,2,281.0
2012,12,26,3,280.9
2012,12,26,4,281.3
2012,12,26,5,281.5
2012,12,26,6,281.8
2012,12,26,7,282.1
2012,12,27,0,282.5
2012,12,27,1,282.8
2012,12,27,2,282.8
2012,12,27,3,283.6
2012,12,27,4,283.2
2012,12,27,5,284.0
2012,12,27,6,284.2
2012,12,27,7,285.0
2012,12,28,0,284.6
2012,12,28,1,284.4
2012,12,28,2,283.9
2012,12,28,3,283.3
2012,12,28,4,283.4
2012,12,28,5,283.7
2012,12,28,6,284.5
2012,12,28,7,285.6
2012,12,29,0,287.5
2012,12,29,1,288.7
2012,12,29,2,288.6
2012,12,29,3,288.2
2012,12,29,4,288.4
2012,12,29,5,288.4
2012,12,29,6,287.6
2012,12,29,7,288.3
2012,12,30,0,287.7
2012,12,30,1,287.8
2012,12,30,2,286.5
2012,12,30,3,286.0
2012,12,30,4,286.4
2012,12,30,5,286.1
2012,12,30,6,286.6
2012,12,30,7,286.4
2012,12,31,0,286.4
2012,12,31,1,286.6
2012,12,31,2,285.6
2012,12,31,3,285.8
2012,12,31,4,286.4
2012,12,31,5,286.0
2012,12,31,6,286.6
2012,12,31,7,285.9
2012,12,1,0,287.1
2012,12,1,1,286.7
2012,12,1,2,286.4
2012,12,1,3,285.0
2012,12,1,4,284.3
2012,12,1,5,284.9
2012,12,1,6,286.0
2012,12,1,7,286.3
2012,12,2,0,285.4
2012,12,2,1,285.5
2012,12,2,2,285.2
2012,12,2,3,284.7
2012,12,2,4,285.2
2012,12,2,5,285.7
2012,12,2,6,286.5
2012,12,2,7,286.5
2012,12,3,0,286.9
2012,12,3,1,285.5
2012,12,3,2,284.4
2012,12,3,3,284.2
2012,12,3,4,284.4
2012,12,3,5,283.5
2012,12,3,6,284.0
2012,12,3,7,283.8
2012,12,4,0,283.5
2012,12,4,1,283.0
2012,12,4,2,282.2
2012,12,4,3,281.0
2012,12,4,4,280.4
2012,12,4,5,280.4
2012,12,4,6,279.6
2012,12,4,7,279.3
2012,12,5,0,278.9
2012,12,5,1,278.8
2012,12,5,2,278.2
2012,12,5,3,277.6
2012,12,5,4,277.7
2012,12,5,5,277.9
2012,12,5,6,278.3
2012,12,5,7,278.6
2012,12,6,0,278.2
2012,12,6,1,278.8
2012,12,6,2,279.9
2012,12,6,3,279.9
2012,12,6,4,279.2
2012,12,6,5,278.6
2012,12,6,6,279.8
2012,12,6,7,280.0
2012,12,7,0,280.0
2012,12,7,1,280.5
2012,12,7,2,280.8
2012,12,7,3,280.5
2012,12,7,4,281.0
2012,12,7,5,281.3
2012,12,7,6,282.0
2012,12,7,7,281.8
2012,12,8,0,281.5
2012,12,8,1,281.4
2012,12,8,2,281.5
2012,12,8,3,280.9
2012,12,8,4,281.1
2012,12,8,5,280.8
2012,12,8,6,281.5
2012,12,8,7,281.1
2012,12,9,0,280.5
2012,12,9,1,280.3
2012,12,9,2,280.2
2012,12,9,3,279.7
2012,12,9,4,279.5
2012,12,9,5,279.1
2012,12,9,6,279.8
2012,12,9,7,279.5
2012,12,10,0,279.2
2012,12,10,1,279.0
2012,12,10,2,278.6
2012,12,10,3,278.7
2012,12,10,4,279.2
2012,12,10,5,279.6
2012,12,10,6,281.6
2012,12,10,7,282.2
2012,12,11,0,281.9
2012,12,11,1,281.6
2012,12,11,2,281.2
2012,12,11,3,280.8
2012,12,11,4,281.0
2012,12,11,5,282.8
2012,12,11,6,282.2
2012,12,11,7,281.9
2012,12,12,0,282.0
2012,12,12,1,281.9
2012,12,12,2,280.8
2012,12,12,3,280.0
2012,12,12,4,280.4
2012,12,12,5,281.1
2012,12,12,6,280.6
2012,12,12,7,280.9
2012,12,13,0,280.5
2012,12,13,1,280.8
2012,12,13,2,280.4
2012,12,13,3,280.0
2012,12,13,4,280.0
2012,12,13,5,279.9
2012,12,13,6,280.3
2012,12,13,7,280.6
2012,12,14,0,280.4
2012,12,14,1,280.3
2012,12,14,2,280.4
2012,12,14,3,280.4
2012,12,14,4,280.4
2012,12,14,5,280.8
2012,12,14,6,282.1
2012,12,14,7,282.1
2012,12,15,0,281.6
2012,12,15,1,280.9
2012,12,15,2,281.0
2012,12,15,3,280.9
2012,12,15,4,281.0
2012,12,15,5,280.9
2012,12,15,6,281.8
2012,12,15,7,281.6
2012,12,16,0,281.2
2012,12,16,1,280.7
2012,12,16,2,280.1
2012,12,16,3,279.8
2012,12,16,4,280.0
2012,12,16,5,280.3
2012,12,16,6,281.1
2012,12,16,7,280.7
2012,12,17,0,280.6
2012,12,17,1,279.6
2012,12,17,2,278.1
2012,12,17,3,277.3
2012,12,17,4,277.1
2012,12,17,5,276.8
2012,12,17,6,277.3
2012,12,17,7,276.7
2012,12,18,0,276.6
2012,12,18,1,275.7
2012,12,18,2,275.5
2012,12,18,3,275.3
2012,12,18,4,275.4
2012,12,18,5,275.7
2012,12,18,6,277.0
2012,12,18,7,276.7
2012,12,19,0,276.6
2012,12,19,1,275.5
2012,12,19,2,273.9
2012,12,19,3,272.5
2012,12,19,4,271.8
2012,12,19,5,272.3
2012,12,19,6,272.7
2012,12,19,7,273.0
2012,12,20,0,272.1
2012,12,20,1,273.2
2012,12,20,2,272.9
2012,12,20,3,271.6
2012,12,20,4,271.5
2012,12,20,5,271.3
2012,12,20,6,273.2
2012,12,20,7,273.6
2012,12,21,0,272.6
2012,12,21,1,276.9
2012,12,21,2,278.7
2012,12,21,3,279.3
2012,12,21,4,277.7
2012,12,21,5,277.8
2012,12,21,6,278.7
2012,12,21,7,278.7
2012,12,22,0,280.1
2012,12,22,1,280.6
2012,12,22,2,280.7
2012,12,22,3,280.7
2012,12,22,4,280.7
2012,12,22,5,280.8
2012,12,22,6,281.7
2012,12,22,7,281.9
2012,12,23,0,283.0
2012,12,23,1,282.9
2012,12,23,2,282.7
2012,12,23,3,283.4
2012,12,23,4,283.6
2012,12,23,5,283.1
2012,12,23,6,284.5
2012,12,23,7,284.6
2012,12,24,0,284.8
2012,12,24,1,284.4
2012,12,24,2,284.0
2012,12,24,3,283.2
2012,12,24,4,282.8
2012,12,24,5,282.0
2012,12,24,6,283.2
2012,12,24,7,283.3
2012,12,25,0,283.0
2012,12,25,1,283.0
2012,12,25,2,283.3
2012,12,25,3,283.1
2012,12,25,4,283.8
2012,12,25,5,284.2
2012,12,25,6,284.9
2012,12,25,7,285.0
2012,12,26,0,285.1
2012,12,26,1,284.8
2012,12,26,2,284.6
2012,12,26,3,284.2
2012,12,26,4,284.1
2012,12,26,5,283.7
2012,12,26,6,284.0
2012,12,26,7,284.2
2012,12,27,0,284.3
2012,12,27,1,284.4
2012,12,27,2,283.7
2012,12,27,3,283.4
2012,12,27,4,283.4
2012,12,27,5,283.5
2012,12,27,6,283.3
2012,12,27,7,283.6
2012,12,28,0,283.1
2012,12,28,1,283.3
2012,12,28,2,283.3
2012,12,28,3,282.8
2012,12,28,4,283.4
2012,12,28,5,283.8
2012,12,28,6,284.2
2012,12,28,7,283.9
2012,12,29,0,284.1
2012,12,29,1,284.0
2012,12,29,2,283.6
2012,12,29,3,283.4
2012,12,29,4,283.9
2012,12,29,5,283.9
2012,12,29,6,284.9
2012,12,29,7,283.8
2012,12,30,0,285.4
2012,12,30,1,285.5
2012,12,30,2,285.2
2012,12,30,3,285.2
2012,12,30,4,285.4
2012,12,30,5,285.2
2012,12,30,6,284.2
2012,12,30,7,284.6
2012,12,1,0,284.9
2012,12,1,1,284.5
2012,12,1,2,285.1
2012,12,1,3,284.9
2012,12,1,4,285.1
2012,12,1,5,284.5
2012,12,1,6,284.7
2012,12,1,7,283.6
2012,12,2,0,283.7
2012,12,2,1,283.9
2012,12,2,2,283.1
2012,12,2,3,282.4
2012,12,2,4,283.0
2012,12,2,5,283.4
2012,12,2,6,283.7
2012,12,2,7,283.7
2012,12,3,0,283.5
2012,12,3,1,283.2
2012,12,3,2,283.4
2012,12,3,3,283.5
2012,12,3,4,283.7
2012,12,3,5,283.5
2012,12,3,6,282.9
2012,12,3,7,282.1
2012,12,4,0,281.8
2012,12,4,1,281.4
2012,12,4,2,279.8
2012,12,4,3,278.5
2012,12,4,4,277.9
2012,12,4,5,277.5
2012,12,4,6,277.0
2012,12,4,7,276.1
2012,12,5,0,277.5
2012,12,5,1,276.8
2012,12,5,2,277.8
2012,12,5,3,277.7
2012,12,5,4,278.4
2012,12,5,5,277.4
2012,12,5,6,276.1
2012,12,5,7,275.4
2012,12,6,0,275.3
2012,12,6,1,275.2
2012,12,6,2,274.4
2012,12,6,3,274.3
2012,12,6,4,275.5
2012,12,6,5,276.8
2012,12,6,6,276.4
2012,12,6,7,276.7
2012,12,7,0,277.1
2012,12,7,1,277.8
2012,12,7,2,278.2
2012,12,7,3,278.5
2012,12,7,4,278.8
2012,12,7,5,279.4
2012,12,7,6,281.0
2012,12,7,7,281.1
2012,12,8,0,281.2
2012,12,8,1,281.0
2012,12,8,2,281.0
2012,12,8,3,280.3
2012,12,8,4,280.4
2012,12,8,5,280.2
2012,12,8,6,281.0
2012,12,8,7,281.1
2012,12,9,0,281.4
2012,12,9,1,281.4
2012,12,9,2,281.2
2012,12,9,3,281.0
2012,12,9,4,280.7
2012,12,9,5,280.5
2012,12,9,6,280.0
2012,12,9,7,280.3
2012,12,10,0,280.8
2012,12,10,1,280.7
2012,12,10,2,279.5
2012,12,10,3,279.1
2012,12,10,4,279.0
2012,12,10,5,279.3
2012,12,10,6,280.6
2012,12,10,7,280.8
2012,12,11,0,281.0
2012,12,11,1,280.6
2012,12,11,2,279.9
2012,12,11,3,279.3
2012,12,11,4,278.8
2012,12,11,5,278.2
2012,12,11,6,278.3
2012,12,11,7,278.5
2012,12,12,0,278.8
2012,12,12,1,278.5
2012,12,12,2,278.5
2012,12,12,3,278.7
2012,12,12,4,280.1
2012,12,12,5,280.0
2012,12,12,6,281.0
2012,12,12,7,281.3
2012,12,13,0,281.7
2012,12,13,1,281.4
2012,12,13,2,281.6
2012,12,13,3,281.7
2012,12,13,4,281.2
2012,12,13,5,281.0
2012,12,13,6,281.2
2012,12,13,7,280.1
2012,12,14,0,280.8
2012,12,14,1,283.0
2012,12,14,2,282.3
2012,12,14,3,281.5
2012,12,14,4,280.3
2012,12,14,5,278.8
2012,12,14,6,277.8
2012,12,14,7,278.4
2012,12,15,0,279.2
2012,12,15,1,278.7
2012,12,15,2,277.9
2012,12,15,3,277.1
2012,12,15,4,277.0
2012,12,15,5,277.1
2012,12,15,6,278.6
2012,12,15,7,279.2
2012,12,16,0,279.2
2012,12,16,1,280.0
2012,12,16,2,279.8
2012,12,16,3,279.5
2012,12,16,4,279.9
2012,12,16,5,279.3
2012,12,16,6,281.1
2012,12,16,7,282.1
2012,12,17,0,282.5
2012,12,17,1,282.4
2012,12,17,2,283.2
2012,12,17,3,282.7
2012,12,17,4,283.3
2012,12,17,5,283.3
2012,12,17,6,283.4
2012,12,17,7,285.1
2012,12,18,0,285.1
2012,12,18,1,284.0
2012,12,18,2,284.1
2012,12,18,3,284.6
2012,12,18,4,284.4
2012,12,18,5,284.6
2012,12,18,6,285.2
2012,12,18,7,286.0
2012,12,19,0,286.0
2012,12,19,1,285.8
2012,12,19,2,286.3
2012,12,19,3,285.8
2012,12,19,4,285.8
2012,12,19,5,285.8
2012,12,19,6,285.1
2012,12,19,7,285.5
2012,12,20,0,286.1
2012,12,20,1,285.5
2012,12,20,2,285.0
2012,12,20,3,284.4
2012,12,20,4,284.6
2012,12,20,5,284.3
2012,12,20,6,284.9
2012,12,20,7,284.7
2012,12,21,0,284.2
2012,12,21,1,284.2
2012,12,21,2,283.7
2012,12,21,3,283.2
2012,12,21,4,284.0
2012,12,21,5,283.8
2012,12,21,6,283.9
2012,12,21,7,284.0
2012,12,22,0,283.8
2012,12,22,1,283.7
2012,12,22,2,283.4
2012,12,22,3,283.0
2012,12,22,4,283.2
2012,12,22,5,283.8
2012,12,22,6,285.0
2012,12,22,7,284.5
2012,12,23,0,285.2
2012,12,23,1,284.7
2012,12,23,2,284.0
2012,12,23,3,282.7
2012,12,23,4,282.2
2012,12,23,5,282.4
2012,12,23,6,283.3
2012,12,23,7,282.7
2012,12,24,0,282.6
2012,12,24,1,282.4
2012,12,24,2,281.5
2012,12,24,3,281.4
2012,12,24,4,281.9
2012,12,24,5,281.7
2012,12,24,6,282.6
2012,12,24,7,282.4
2012,12,25,0,282.5
2012,12,25,1,282.1
2012,12,25,2,282.0
2012,12,25,3,281.6
2012,12,25,4,281.6
2012,12,25,5,281.6
2012,12,25,6,282.6
2012,12,25,7,281.7
2012,12,26,0,281.3
2012,12,26,1,280.8
2012,12,26,2,280.7
2012,12,26,3,280.1
2012,12,26,4,279.4
2012,12,26,5,278.6
2012,12,26,6,279.4
2012,12,26,7,279.5
2012,12,27,0,279.0
2012,12,27,1,279.1
2012,12,27,2,279.3
2012,12,27,3,279.2
2012,12,27,4,279.3
2012,12,27,5,279.2
2012,12,27,6,280.1
2012,12,27,7,280.1
2012,12,28,0,280.2
2012,12,28,1,280.2
2012,12,28,2,279.7
2012,12,28,3,278.8
2012,12,28,4,278.5
2012,12,28,5,278.1
2012,12,28,6,277.8
2012,12,28,7,277.5
2012,12,29,0,277.6
2012,12,29,1,277.3
2012,12,29,2,277.1
2012,12,29,3,276.8
2012,12,29,4,276.5
2012,12,29,5,276.6
2012,12,29,6,277.8
2012,12,29,7,277.6
2012,12,30,0,277.1
2012,12,30,1,277.4
2012,12,30,2,277.5
2012,12,30,3,277.6
2012,12,30,4,278.3
2012,12,30,5,278.5
2012,12,30,6,277.9
2012,12,30,7,277.6
2012,12,31,0,277.4
2012,12,31,1,277.0
2012,12,31,2,276.3
2012,12,31,3,275.9
2012,12,31,4,276.1
2012,12,31,5,277.1
2012,12,31,6,278.1
2012,12,31,7,278.7
2012,12,1,0,278.8
2012,12,1,1,278.7
2012,12,1,2,278.8
2012,12,1,3,278.6
2012,12,1,4,279.0
2012,12,1,5,278.8
2012,12,1,6,279.7
2012,12,1,7,279.5
2012,12,2,0,279.4
2012,12,2,1,278.4
2012,12,2,2,277.6
2012,12,2,3,277.3
2012,12,2,4,278.1
2012,12,2,5,278.2
2012,12,2,6,277.5
2012,12,2,7,277.7
2012,12,3,0,277.3
2012,12,3,1,276.7
2012,12,3,2,276.4
2012,12,3,3,276.6
2012,12,3,4,276.8
2012,12,3,5,276.9
2012,12,3,6,277.4
2012,12,3,7,277.9
2012,12,4,0,278.3
2012,12,4,1,278.2
2012,12,4,2,278.1
2012,12,4,3,278.9
2012,12,4,4,280.2
2012,12,4,5,280.8
2012,12,4,6,281.8
2012,12,4,7,282.5
2012,12,5,0,283.6
2012,12,5,1,283.9
2012,12,5,2,283.7
2012,12,5,3,283.7
2012,12,5,4,283.9
2012,12,5,5,283.5
2012,12,5,6,284.2
2012,12,5,7,283.5
2012,12,6,0,283.9
2012,12,6,1,284.1
2012,12,6,2,283.3
2012,12,6,3,282.1
2012,12,6,4,282.0
2012,12,6,5,280.9
2012,12,6,6,280.5
2012,12,6,7,280.8
2012,12,7,0,280.6
2012,12,7,1,280.4
2012,12,7,2,281.4
2012,12,7,3,282.3
2012,12,7,4,282.0
2012,12,7,5,282.8
2012,12,7,6,283.2
2012,12,7,7,284.0
2012,12,8,0,285.0
2012,12,8,1,284.9
2012,12,8,2,284.8
2012,12,8,3,283.9
2012,12,8,4,284.6
2012,12,8,5,284.8
2012,12,8,6,284.7
2012,12,8,7,285.2
2012,12,9,0,286.7
2012,12,9,1,286.9
2012,12,9,2,287.1
2012,12,9,3,286.9
2012,12,9,4,286.7
2012,12,9,5,286.2
2012,12,9,6,285.4
2012,12,9,7,285.6
2012,12,10,0,285.9
2012,12,10,1,285.9
2012,12,10,2,285.5
2012,12,10,3,285.3
2012,12,10,4,284.8
2012,12,10,5,284.1
2012,12,10,6,285.0
2012,12,10,7,285.0
2012,12,11,0,284.8
2012,12,11,1,284.5
2012,12,11,2,283.0
2012,12,11,3,282.1
2012,12,11,4,281.6
2012,12,11,5,280.9
2012,12,11,6,279.9
2012,12,11,7,279.7
2012,12,12,0,279.2
2012,12,12,1,278.5
2012,12,12,2,279.0
2012,12,12,3,279.9
2012,12,12,4,278.8
2012,12,12,5,279.8
2012,12,12,6,280.6
2012,12,12,7,281.0
2012,12,13,0,283.5
2012,12,13,1,284.3
2012,12,13,2,285.3
2012,12,13,3,284.5
2012,12,13,4,284.4
2012,12,13,5,283.1
2012,12,13,6,282.7
2012,12,13,7,283.0
2012,12,14,0,282.5
2012,12,14,1,281.5
2012,12,14,2,280.8
2012,12,14,3,280.0
2012,12,14,4,279.3
2012,12,14,5,279.1
2012,12,14,6,278.5
2012,12,14,7,278.8
2012,12,15,0,278.0
2012,12,15,1,277.7
2012,12,15,2,277.4
2012,12,15,3,277.3
2012,12,15,4,278.2
2012,12,15,5,278.7
2012,12,15,6,279.4
2012,12,15,7,278.9
2012,12,16,0,278.5
2012,12,16,1,277.5
2012,12,16,2,277.1
2012,12,16,3,276.9
2012,12,16,4,277.0
2012,12,16,5,278.1
2012,12,16,6,277.7
2012,12,16,7,276.9
2012,12,17,0,276.4
2012,12,17,1,274.7
2012,12,17,2,273.5
2012,12,17,3,273.1
2012,12,17,4,272.8
2012,12,17,5,272.1
2012,12,17,6,273.0
2012,12,17,7,273.5
2012,12,18,0,274.1
2012,12,18,1,276.3
2012,12,18,2,276.5
2012,12,18,3,277.2
2012,12,18,4,277.6
2012,12,18,5,277.8
2012,12,18,6,279.0
2012,12,18,7,279.0
2012,12,19,0,279.1
2012,12,19,1,281.3
2012,12,19,2,281.1
2012,12,19,3,280.9
2012,12,19,4,279.2
2012,12,19,5,278.8
2012,12,19,6,280.1
2012,12,19,7,279.5
2012,12,20,0,280.3
2012,12,20,1,279.6
2012,12,20,2,279.7
2012,12,20,3,279.8
2012,12,20,4,280.2
2012,12,20,5,280.7
2012,12,20,6,282.3
2012,12,20,7,282.2
2012,12,21,0,282.9
2012,12,21,1,282.9
2012,12,21,2,282.9
2012,12,21,3,282.5
2012,12,21,4,282.2
2012,12,21,5,282.1
2012,12,21,6,283.0
2012,12,21,7,282.8
2012,12,22,0,283.2
2012,12,22,1,282.8
2012,12,22,2,281.8
2012,12,22,3,281.0
2012,12,22,4,280.7
2012,12,22,5,280.8
2012,12,22,6,279.7
2012,12,22,7,280.5
2012,12,23,0,281.3
2012,12,23,1,280.1
2012,12,23,2,279.2
2012,12,23,3,278.4
2012,12,23,4,278.5
2012,12,23,5,278.2
2012,12,23,6,277.7
2012,12,23,7,279.5
2012,12,24,0,280.1
2012,12,24,1,279.9
2012,12,24,2,280.0
2012,12,24,3,279.5
2012,12,24,4,279.8
2012,12,24,5,280.2
2012,12,24,6,280.9
2012,12,24,7,281.4
2012,12,25,0,281.5
2012,12,25,1,282.1
2012,12,25,2,282.6
2012,12,25,3,282.4
2012,12,25,4,282.5
2012,12,25,5,281.9
2012,12,25,6,282.5
2012,12,25,7,282.3
2012,12,26,0,282.3
2012,12,26,1,281.4
2012,12,26,2,281.5
2012,12,26,3,281.9
2012,12,26,4,282.2
2012,12,26,5,281.9
2012,12,26,6,282.9
2012,12,26,7,282.5
2012,12,27,0,282.1
2012,12,27,1,282.0
2012,12,27,2,281.8
2012,12,27,3,281.5
2012,12,27,4,281.9
2012,12,27,5,282.7
2012,12,27,6,283.9
2012,12,27,7,283.5
2012,12,28,0,283.1
2012,12,28,1,283.9
2012,12,28,2,283.6
2012,12,28,3,283.3
2012,12,28,4,284.3
2012,12,28,5,285.5
2012,12,28,6,287.7
2012,12,28,7,285.9
2012,12,29,0,287.8
2012,12,29,1,286.1
2012,12,29,2,286.2
2012,12,29,3,285.8
2012,12,29,4,286.7
2012,12,29,5,286.5
2012,12,29,6,288.6
2012,12,29,7,287.1
2012,12,30,0,285.0
2012,12,30,1,284.0
2012,12,30,2,283.8
2012,12,30,3,284.0
2012,12,30,4,284.5
2012,12,30,5,285.0
2012,12,30,6,286.5
2012,12,30,7,286.0
2012,12,31,0,286.3
2012,12,31,1,285.8
2012,12,31,2,285.1
2012,12,31,3,284.7
2012,12,31,4,285.7
2012,12,31,5,286.1
2012,12,31,6,286.7
2012,12,31,7,285.9
2012,12,1,0,286.2
2012,12,1,1,285.9
2012,12,1,2,285.7
2012,12,1,3,285.2
2012,12,1,4,286.0
2012,12,1,5,286.0
2012,12,1,6,285.1
2012,12,1,7,285.7
2012,12,2,0,286.7
2012,12,2,1,287.0
2012,12,2,2,285.8
2012,12,2,3,286.0
2012,12,2,4,285.1
2012,12,2,5,284.4
2012,12,2,6,283.2
2012,12,2,7,283.0
2012,12,3,0,283.7
2012,12,3,1,282.4
2012,12,3,2,282.5
2012,12,3,3,282.1
2012,12,3,4,283.2
2012,12,3,5,282.6
2012,12,3,6,282.3
2012,12,3,7,282.5
2012,12,4,0,283.1
2012,12,4,1,283.8
2012,12,4,2,283.9
2012,12,4,3,283.7
2012,12,4,4,283.7
2012,12,4,5,283.5
2012,12,4,6,284.4
2012,12,4,7,285.0
2012,12,5,0,285.3
2012,12,5,1,285.4
2012,12,5,2,284.7
2012,12,5,3,283.7
2012,12,5,4,283.0
2012,12,5,5,282.5
2012,12,5,6,282.2
2012,12,5,7,282.1
2012,12,6,0,281.6
2012,12,6,1,281.4
2012,12,6,2,281.4
2012,12,6,3,281.0
2012,12,6,4,280.9
2012,12,6,5,281.2
2012,12,6,6,280.8
2012,12,6,7,281.6
2012,12,7,0,282.1
2012,12,7,1,282.9
2012,12,7,2,282.8
2012,12,7,3,283.3
2012,12,7,4,284.2
2012,12,7,5,283.9
2012,12,7,6,284.6
2012,12,7,7,283.9
2012,12,8,0,284.8
2012,12,8,1,284.7
2012,12,8,2,283.2
2012,12,8,3,282.9
2012,12,8,4,283.6
2012,12,8,5,283.2
2012,12,8,6,283.8
2012,12,8,7,283.8
2012,12,9,0,284.3
2012,12,9,1,285.0
2012,12,9,2,284.1
2012,12,9,3,283.1
2012,12,9,4,283.2
2012,12,9,5,283.7
2012,12,9,6,283.9
2012,12,9,7,284.2
2012,12,10,0,286.0
2012,12,10,1,286.1
2012,12,10,2,285.9
2012,12,10,3,286.3
2012,12,10,4,287.0
2012,12,10,5,285.3
2012,12,10,6,285.9
2012,12,10,7,285.9
2012,12,11,0,286.1
2012,12,11,1,285.7
2012,12,11,2,285.2
2012,12,11,3,285.7
2012,12,11,4,284.8
2012,12,11,5,284.4
2012,12,11,6,285.3
2012,12,11,7,285.8
2012,12,12,0,285.9
2012,12,12,1,286.1
2012,12,12,2,286.1
2012,12,12,3,285.5
2012,12,12,4,286.1
2012,12,12,5,285.8
2012,12,12,6,286.3
2012,12,12,7,288.4
2012,12,13,0,287.5
2012,12,13,1,287.5
2012,12,13,2,287.5
2012,12,13,3,287.5
2012,12,13,4,287.8
2012,12,13,5,286.7
2012,12,13,6,285.6
2012,12,13,7,286.6
2012,12,14,0,285.3
2012,12,14,1,286.3
2012,12,14,2,286.2
2012,12,14,3,286.2
2012,12,14,4,286.6
2012,12,14,5,285.3
2012,12,14,6,286.4
2012,12,14,7,285.8
2012,12,15,0,285.8
2012,12,15,1,285.6
2012,12,15,2,285.2
2012,12,15,3,284.6
2012,12,15,4,283.9
2012,12,15,5,284.2
2012,12,15,6,283.8
2012,12,15,7,283.5
2012,12,16,0,284.8
2012,12,16,1,284.2
2012,12,16,2,283.5
2012,12,16,3,283.3
2012,12,16,4,283.1
2012,12,16,5,283.1
2012,12,16,6,283.1
2012,12,16,7,282.8
2012,12,17,0,282.5
2012,12,17,1,282.2
2012,12,17,2,282.0
2012,12,17,3,281.8
2012,12,17,4,282.2
2012,12,17,5,282.2
2012,12,17,6,282.1
2012,12,17,7,282.3
2012,12,18,0,281.6
2012,12,18,1,280.9
2012,12,18,2,279.6
2012,12,18,3,277.0
2012,12,18,4,276.5
2012,12,18,5,276.0
2012,12,18,6,277.3
2012,12,18,7,277.2
2012,12,19,0,278.9
2012,12,19,1,282.0
2012,12,19,2,281.9
2012,12,19,3,280.7
2012,12,19,4,280.9
2012,12,19,5,280.6
2012,12,19,6,282.3
2012,12,19,7,282.0
2012,12,20,0,281.7
2012,12,20,1,282.1
2012,12,20,2,282.1
2012,12,20,3,281.8
2012,12,20,4,281.6
2012,12,20,5,281.0
2012,12,20,6,281.9
2012,12,20,7,284.0
2012,12,21,0,282.8
2012,12,21,1,282.6
2012,12,21,2,282.2
2012,12,21,3,282.3
2012,12,21,4,282.2
2012,12,21,5,283.2
2012,12,21,6,285.7
2012,12,21,7,284.7
2012,12,22,0,285.2
2012,12,22,1,285.2
2012,12,22,2,284.9
2012,12,22,3,284.7
2012,12,22,4,284.9
2012,12,22,5,284.7
2012,12,22,6,285.3
2012,12,22,7,283.9
2012,12,23,0,283.3
2012,12,23,1,282.2
2012,12,23,2,281.9
2012,12,23,3,281.4
2012,12,23,4,281.9
2012,12,23,5,282.4
2012,12,23,6,283.6
2012,12,23,7,282.2
2012,12,24,0,282.0
2012,12,24,1,282.6
2012,12,24,2,283.5
2012,12,24,3,283.3
2012,12,24,4,281.8
2012,12,24,5,281.9
2012,12,24,6,283.7
2012,12,24,7,283.7
2012,12,25,0,283.3
2012,12,25,1,282.6
2012,12,25,2,283.4
2012,12,25,3,283.4
2012,12,25,4,283.6
2012,12,25,5,283.6
2012,12,25,6,285.3
2012,12,25,7,285.0
2012,12,26,0,285.4
2012,12,26,1,284.9
2012,12,26,2,285.2
2012,12,26,3,284.4
2012,12,26,4,284.4
2012,12,26,5,284.1
2012,12,26,6,285.3
2012,12,26,7,284.7
2012,12,27,0,284.7
2012,12,27,1,284.1
2012,12,27,2,283.7
2012,12,27,3,283.1
2012,12,27,4,282.5
2012,12,27,5,282.0
2012,12,27,6,281.8
2012,12,27,7,281.7
2012,12,28,0,281.7
2012,12,28,1,281.1
2012,12,28,2,280.8
2012,12,28,3,279.7
2012,12,28,4,280.7
2012,12,28,5,280.2
2012,12,28,6,281.7
2012,12,28,7,282.5
2012,12,29,0,283.2
2012,12,29,1,284.5
2012,12,29,2,284.2
2012,12,29,3,283.8
2012,12,29,4,283.7
2012,12,29,5,282.9
2012,12,29,6,283.5
2012,12,29,7,285.5
2012,12,30,0,284.5
2012,12,30,1,284.4
2012,12,30,2,284.0
2012,12,30,3,283.0
2012,12,30,4,283.2
2012,12,30,5,282.4
2012,12,30,6,283.6
2012,12,30,7,284.4
2012,12,1,0,284.5
2012,12,1,1,284.2
2012,12,1,2,282.9
2012,12,1,3,282.7
2012,12,1,4,283.5
2012,12,1,5,283.2
2012,12,1,6,284.0
2012,12,1,7,282.5
2012,12,2,0,283.4
2012,12,2,1,282.5
2012,12,2,2,281.5
2012,12,2,3,281.2
2012,12,2,4,281.6
2012,12,2,5,281.6
2012,12,2,6,283.3
2012,12,2,7,282.7
2012,12,3,0,282.2
2012,12,3,1,282.0
2012,12,3,2,281.6
2012,12,3,3,281.3
2012,12,3,4,281.9
2012,12,3,5,282.7
2012,12,3,6,283.6
2012,12,3,7,282.3
2012,12,4,0,282.8
2012,12,4,1,282.0
2012,12,4,2,281.3
2012,12,4,3,280.4
2012,12,4,4,280.6
2012,12,4,5,281.1
2012,12,4,6,282.1
2012,12,4,7,281.2
2012,12,5,0,281.3
2012,12,5,1,280.9
2012,12,5,2,280.5
2012,12,5,3,280.3
2012,12,5,4,279.9
2012,12,5,5,279.7
2012,12,5,6,281.0
2012,12,5,7,280.7
2012,12,6,0,280.6
2012,12,6,1,279.8
2012,12,6,2,279.1
2012,12,6,3,278.5
2012,12,6,4,278.2
2012,12,6,5,278.9
2012,12,6,6,280.5
2012,12,6,7,279.8
2012,12,7,0,279.5
2012,12,7,1,280.0
2012,12,7,2,278.5
2012,12,7,3,278.4
2012,12,7,4,279.1
2012,12,7,5,279.3
2012,12,7,6,279.3
2012,12,7,7,279.4
2012,12,8,0,279.9
2012,12,8,1,280.2
2012,12,8,2,280.3
2012,12,8,3,279.9
2012,12,8,4,280.1
2012,12,8,5,280.4
2012,12,8,6,281.1
2012,12,8,7,280.7
2012,12,9,0,280.4
2012,12,9,1,280.2
2012,12,9,2,280.1
2012,12,9,3,279.3
2012,12,9,4,278.9
2012,12,9,5,279.1
2012,12,9,6,280.5
2012,12,9,7,281.0
2012,12,10,0,280.8
2012,12,10,1,280.9
2012,12,10,2,280.5
2012,12,10,3,279.8
2012,12,10,4,280.2
2012,12,10,5,280.6
2012,12,10,6,281.5
2012,12,10,7,281.2
2012,12,11,0,280.6
2012,12,11,1,279.6
2012,12,11,2,279.2
2012,12,11,3,278.8
2012,12,11,4,278.6
2012,12,11,5,278.5
2012,12,11,6,280.3
2012,12,11,7,280.4
2012,12,12,0,279.6
2012,12,12,1,278.7
2012,12,12,2,278.3
2012,12,12,3,278.2
2012,12,12,4,278.9
2012,12,12,5,279.9
2012,12,12,6,281.1
2012,12,12,7,281.5
2012,12,13,0,281.3
2012,12,13,1,281.3
2012,12,13,2,280.4
2012,12,13,3,280.8
2012,12,13,4,281.8
2012,12,13,5,281.2
2012,12,13,6,282.4
2012,12,13,7,282.2
2012,12,14,0,282.4
2012,12,14,1,282.1
2012,12,14,2,282.0
2012,12,14,3,281.6
2012,12,14,4,281.6
2012,12,14,5,281.2
2012,12,14,6,282.2
2012,12,14,7,282.1
2012,12,15,0,282.5
2012,12,15,1,282.0
2012,12,15,2,281.8
2012,12,15,3,281.2
2012,12,15,4,281.5
2012,12,15,5,282.3
2012,12,15,6,283.9
2012,12,15,7,283.7
2012,12,16,0,285.2
2012,12,16,1,285.1
2012,12,16,2,285.1
2012,12,16,3,284.4
2012,12,16,4,284.5
2012,12,16,5,285.2
2012,12,16,6,286.2
2012,12,16,7,287.9
2012,12,17,0,286.8
2012,12,17,1,285.9
2012,12,17,2,285.8
2012,12,17,3,285.5
2012,12,17,4,285.3
2012,12,17,5,285.7
2012,12,17,6,284.6
2012,12,17,7,286.5
2012,12,18,0,286.2
2012,12,18,1,285.6
2012,12,18,2,284.9
2012,12,18,3,284.0
2012,12,18,4,283.6
2012,12,18,5,283.9
2012,12,18,6,284.7
2012,12,18,7,285.1
2012,12,19,0,285.2
2012,12,19,1,284.1
2012,12,19,2,283.4
2012,12,19,3,282.3
2012,12,19,4,282.6
2012,12,19,5,282.3
2012,12,19,6,283.5
2012,12,19,7,283.0
2012,12,20,0,283.8
2012,12,20,1,283.6
2012,12,20,2,282.9
2012,12,20,3,282.2
2012,12,20,4,282.1
2012,12,20,5,282.3
2012,12,20,6,284.1
2012,12,20,7,283.0
2012,12,21,0,284.2
2012,12,21,1,283.5
2012,12,21,2,282.5
2012,12,21,3,282.2
2012,12,21,4,281.8
2012,12,21,5,281.8
2012,12,21,6,282.3
2012,12,21,7,281.2
2012,12,22,0,281.6
2012,12,22,1,280.2
2012,12,22,2,279.5
2012,12,22,3,279.0
2012,12,22,4,279.0
2012,12,22,5,279.3
2012,12,22,6,280.8
2012,12,22,7,280.6
2012,12,23,0,280.4
2012,12,23,1,280.6
2012,12,23,2,280.3
2012,12,23,3,280.3
2012,12,23,4,280.9
2012,12,23,5,281.0
2012,12,23,6,282.1
2012,12,23,7,282.2
2012,12,24,0,282.5
2012,12,24,1,282.1
2012,12,24,2,281.2
2012,12,24,3,280.8
2012,12,24,4,280.6
2012,12,24,5,280.7
2012,12,24,6,282.3
2012,12,24,7,282.8
2012,12,25,0,283.4
2012,12,25,1,283.0
2012,12,25,2,282.0
2012,12,25,3,281.2
2012,12,25,4,281.4
2012,12,25,5,282.2
2012,12,25,6,283.9
2012,12,25,7,283.8
2012,12,26,0,284.8
2012,12,26,1,284.5
2012,12,26,2,284.2
2012,12,26,3,283.7
2012,12,26,4,284.0
2012,12,26,5,284.4
2012,12,26,6,285.4
2012,12,26,7,286.9
2012,12,27,0,286.9
2012,12,27,1,287.0
2012,12,27,2,286.4
2012,12,27,3,285.4
2012,12,27,4,285.2
2012,12,27,5,286.0
2012,12,27,6,287.0
2012,12,27,7,287.3
2012,12,28,0,288.8
2012,12,28,1,288.9
2012,12,28,2,287.5
2012,12,28,3,285.6
2012,12,28,4,284.3
2012,12,28,5,285.0
2012,12,28,6,285.5
2012,12,28,7,287.3
2012,12,29,0,286.8
2012,12,29,1,286.2
2012,12,29,2,285.5
2012,12,29,3,284.6
2012,12,29,4,284.3
2012,12,29,5,284.4
2012,12,29,6,285.8
2012,12,29,7,287.7
2012,12,30,0,287.4
2012,12,30,1,286.8
2012,12,30,2,286.0
2012,12,30,3,284.1
2012,12,30,4,283.3
2012,12,30,5,283.6
2012,12,30,6,283.9
2012,12,30,7,285.2
2012,12,31,0,284.7
2012,12,31,1,284.5
2012,12,31,2,283.7
2012,12,31,3,282.7
2012,12,31,4,282.3
2012,12,31,5,283.4
2012,12,31,6,283.8
2012,12,31,7,285.2
2012,12,1,0,284.6
2012,12,1,1,283.7
2012,12,1,2,283.2
2012,12,1,3,282.4
2012,12,1,4,282.7
2012,12,1,5,283.3
2012,12,1,6,284.3
2012,12,1,7,283.4
2012,12,2,0,284.5
2012,12,2,1,283.9
2012,12,2,2,283.1
2012,12,2,3,282.7
2012,12,2,4,283.2
2012,12,2,5,284.5
2012,12,2,6,284.4
2012,12,2,7,282.9
2012,12,3,0,283.9
2012,12,3,1,284.1
2012,12,3,2,283.6
2012,12,3,3,283.4
2012,12,3,4,283.6
2012,12,3,5,285.2
2012,12,3,6,285.6
2012,12,3,7,284.1
2012,12,4,0,284.4
2012,12,4,1,283.7
2012,12,4,2,283.6
2012,12,4,3,283.4
2012,12,4,4,283.1
2012,12,4,5,284.5
2012,12,4,6,285.7
2012,12,4,7,287.2
2012,12,5,0,285.4
2012,12,5,1,285.5
2012,12,5,2,284.3
2012,12,5,3,283.8
2012,12,5,4,284.1
2012,12,5,5,284.1
2012,12,5,6,285.2
2012,12,5,7,287.1
2012,12,6,0,286.4
2012,12,6,1,286.6
2012,12,6,2,287.0
2012,12,6,3,286.0
2012,12,6,4,285.7
2012,12,6,5,284.4
2012,12,6,6,284.8
2012,12,6,7,286.6
2012,12,7,0,285.0
2012,12,7,1,284.3
2012,12,7,2,282.7
2012,12,7,3,282.4
2012,12,7,4,282.6
2012,12,7,5,283.7
2012,12,7,6,284.7
2012,12,7,7,283.4
2012,12,8,0,286.0
2012,12,8,1,285.5
2012,12,8,2,284.8
2012,12,8,3,282.5
2012,12,8,4,282.8
2012,12,8,5,283.4
2012,12,8,6,284.1
2012,12,8,7,282.0
2012,12,9,0,282.2
2012,12,9,1,281.6
2012,12,9,2,281.5
2012,12,9,3,281.3
2012,12,9,4,281.5
2012,12,9,5,281.7
2012,12,9,6,281.9
2012,12,9,7,281.4
2012,12,10,0,282.8
2012,12,10,1,283.0
2012,12,10,2,282.7
2012,12,10,3,282.5
2012,12,10,4,282.5
2012,12,10,5,283.9
2012,12,10,6,285.6
2012,12,10,7,284.8
2012,12,11,0,285.6
2012,12,11,1,284.7
2012,12,11,2,283.8
2012,12,11,3,283.5
2012,12,11,4,284.3
2012,12,11,5,286.3
2012,12,11,6,287.3
2012,12,11,7,286.0
2012,12,12,0,287.5
2012,12,12,1,287.0
2012,12,12,2,286.4
2012,12,12,3,286.3
2012,12,12,4,286.9
2012,12,12,5,287.6
2012,12,12,6,287.9
2012,12,12,7,289.2
2012,12,13,0,288.5
2012,12,13,1,287.2
2012,12,13,2,286.7
2012,12,13,3,286.4
2012,12,13,4,286.5
2012,12,13,5,286.3
2012,12,13,6,289.7
2012,12,13,7,288.3
2012,12,14,0,287.5
2012,12,14,1,288.2
2012,12,14,2,287.8
2012,12,14,3,286.9
2012,12,14,4,287.4
2012,12,14,5,287.8
2012,12,14,6,287.6
2012,12,14,7,288.1
2012,12,15,0,287.4
2012,12,15,1,287.7
2012,12,15,2,287.6
2012,12,15,3,287.2
2012,12,15,4,286.6
2012,12,15,5,287.3
2012,12,15,6,287.6
2012,12,15,7,287.5
2012,12,16,0,286.7
2012,12,16,1,286.1
2012,12,16,2,285.7
2012,12,16,3,284.7
2012,12,16,4,284.4
2012,12,16,5,283.5
2012,12,16,6,284.0
2012,12,16,7,285.4
2012,12,17,0,284.6
2012,12,17,1,284.0
2012,12,17,2,283.1
2012,12,17,3,283.4
2012,12,17,4,283.2
2012,12,17,5,283.9
2012,12,17,6,285.0
2012,12,17,7,287.0
2012,12,18,0,286.2
2012,12,18,1,285.7
2012,12,18,2,284.5
2012,12,18,3,283.8
2012,12,18,4,283.8
2012,12,18,5,283.9
2012,12,18,6,284.6
2012,12,18,7,284.9
2012,12,19,0,284.9
2012,12,19,1,284.0
2012,12,19,2,283.5
2012,12,19,3,283.4
2012,12,19,4,283.5
2012,12,19,5,283.5
2012,12,19,6,284.9
2012,12,19,7,286.6
2012,12,20,0,285.1
2012,12,20,1,284.2
2012,12,20,2,285.7
2012,12,20,3,285.2
2012,12,20,4,284.2
2012,12,20,5,284.1
2012,12,20,6,285.4
2012,12,20,7,284.4
2012,12,21,0,284.9
2012,12,21,1,284.1
2012,12,21,2,283.3
2012,12,21,3,282.8
2012,12,21,4,283.3
2012,12,21,5,284.0
2012,12,21,6,284.3
2012,12,21,7,282.5
2012,12,22,0,284.2
2012,12,22,1,284.0
2012,12,22,2,282.9
2012,12,22,3,282.6
2012,12,22,4,283.0
2012,12,22,5,284.2
2012,12,22,6,284.7
2012,12,22,7,283.1
2012,12,23,0,284.1
2012,12,23,1,283.4
2012,12,23,2,282.5
2012,12,23,3,282.0
2012,12,23,4,282.0
2012,12,23,5,282.8
2012,12,23,6,283.8
2012,12,23,7,283.6
2012,12,24,0,284.7
2012,12,24,1,285.0
2012,12,24,2,286.1
2012,12,24,3,284.3
2012,12,24,4,284.0
2012,12,24,5,283.6
2012,12,24,6,284.6
2012,12,24,7,284.0
2012,12,25,0,283.6
2012,12,25,1,283.1
2012,12,25,2,282.5
2012,12,25,3,281.8
2012,12,25,4,282.2
2012,12,25,5,283.3
2012,12,25,6,284.9
2012,12,25,7,283.6
2012,12,26,0,283.6
2012,12,26,1,283.4
2012,12,26,2,283.1
2012,12,26,3,282.9
2012,12,26,4,283.1
2012,12,26,5,284.1
2012,12,26,6,286.1
2012,12,26,7,286.2
2012,12,27,0,286.3
2012,12,27,1,285.9
2012,12,27,2,287.3
2012,12,27,3,285.1
2012,12,27,4,285.6
2012,12,27,5,285.6
2012,12,27,6,286.0
2012,12,27,7,285.7
2012,12,28,0,286.2
2012,12,28,1,286.4
2012,12,28,2,284.6
2012,12,28,3,283.3
2012,12,28,4,283.4
2012,12,28,5,283.2
2012,12,28,6,282.5
2012,12,28,7,281.7
2012,12,29,0,282.7
2012,12,29,1,282.8
2012,12,29,2,281.8
2012,12,29,3,281.2
2012,12,29,4,281.3
2012,12,29,5,281.3
2012,12,29,6,283.2
2012,12,29,7,282.3
2012,12,30,0,282.0
2012,12,30,1,283.6
2012,12,30,2,282.5
2012,12,30,3,282.9
2012,12,30,4,283.2
2012,12,30,5,283.7
2012,12,30,6,284.7
2012,12,30,7,286.5
2012,12,1,0,286.2
2012,12,1,1,285.2
2012,12,1,2,284.5
2012,12,1,3,284.6
2012,12,1,4,285.0
2012,12,1,5,284.8
2012,12,1,6,285.0
2012,12,1,7,286.5
2012,12,2,0,287.3
2012,12,2,1,287.1
2012,12,2,2,285.8
2012,12,2,3,284.7
2012,12,2,4,283.9
2012,12,2,5,283.9
2012,12,2,6,287.6
2012,12,2,7,286.9
2012,12,3,0,286.3
2012,12,3,1,285.6
2012,12,3,2,284.6
2012,12,3,3,283.6
2012,12,3,4,283.8
2012,12,3,5,283.5
2012,12,3,6,283.6
2012,12,3,7,283.9
2012,12,4,0,284.9
2012,12,4,1,284.6
2012,12,4,2,283.8
2012,12,4,3,283.4
2012,12,4,4,283.5
2012,12,4,5,283.4
2012,12,4,6,282.1
2012,12,4,7,284.4
2012,12,5,0,284.6
2012,12,5,1,283.4
2012,12,5,2,281.8
2012,12,5,3,281.1
2012,12,5,4,281.3
2012,12,5,5,282.6
2012,12,5,6,282.1
2012,12,5,7,283.7
2012,12,6,0,284.1
2012,12,6,1,282.2
2012,12,6,2,279.4
2012,12,6,3,279.6
2012,12,6,4,281.4
2012,12,6,5,281.1
2012,12,6,6,281.6
2012,12,6,7,284.4
2012,12,7,0,285.0
2012,12,7,1,283.9
2012,12,7,2,282.3
2012,12,7,3,282.5
2012,12,7,4,283.8
2012,12,7,5,284.2
2012,12,7,6,285.2
2012,12,7,7,284.2
2012,12,8,0,286.5
2012,12,8,1,284.8
2012,12,8,2,284.7
2012,12,8,3,284.1
2012,12,8,4,284.4
2012,12,8,5,285.4
2012,12,8,6,286.5
2012,12,8,7,285.6
2012,12,9,0,286.2
2012,12,9,1,286.4
2012,12,9,2,286.6
2012,12,9,3,286.8
2012,12,9,4,286.8
2012,12,9,5,285.9
2012,12,9,6,286.4
2012,12,9,7,286.7
2012,12,10,0,287.4
2012,12,10,1,286.1
2012,12,10,2,285.0
2012,12,10,3,284.7
2012,12,10,4,285.1
2012,12,10,5,285.6
2012,12,10,6,287.5
2012,12,10,7,287.2
2012,12,11,0,287.6
2012,12,11,1,286.8
2012,12,11,2,285.4
2012,12,11,3,284.5
2012,12,11,4,285.1
2012,12,11,5,285.8
2012,12,11,6,285.3
2012,12,11,7,285.4
2012,12,12,0,285.0
2012,12,12,1,285.1
2012,12,12,2,284.5
2012,12,12,3,283.8
2012,12,12,4,283.0
2012,12,12,5,283.3
2012,12,12,6,284.8
2012,12,12,7,285.7
2012,12,13,0,285.1
2012,12,13,1,284.6
2012,12,13,2,284.4
2012,12,13,3,283.7
2012,12,13,4,282.5
2012,12,13,5,283.5
2012,12,13,6,284.2
2012,12,13,7,282.0
2012,12,14,0,283.2
2012,12,14,1,281.8
2012,12,14,2,281.5
2012,12,14,3,281.6
2012,12,14,4,280.9
2012,12,14,5,282.9
2012,12,14,6,283.7
2012,12,14,7,284.8
2012,12,15,0,285.5
2012,12,15,1,284.7
2012,12,15,2,285.6
2012,12,15,3,284.5
2012,12,15,4,282.3
2012,12,15,5,283.3
2012,12,15,6,282.6
2012,12,15,7,285.1
2012,12,16,0,286.8
2012,12,16,1,285.4
2012,12,16,2,284.3
2012,12,16,3,283.5
2012,12,16,4,283.1
2012,12,16,5,284.2
2012,12,16,6,284.2
2012,12,16,7,284.5
2012,12,17,0,285.1
2012,12,17,1,283.9
2012,12,17,2,283.1
2012,12,17,3,282.3
2012,12,17,4,282.9
2012,12,17,5,283.2
2012,12,17,6,284.0
2012,12,17,7,287.1
2012,12,18,0,284.5
2012,12,18,1,284.0
2012,12,18,2,282.8
2012,12,18,3,281.9
2012,12,18,4,283.6
2012,12,18,5,282.2
2012,12,18,6,283.0
2012,12,18,7,282.4
2012,12,19,0,283.1
2012,12,19,1,282.1
2012,12,19,2,281.2
2012,12,19,3,281.0
2012,12,19,4,280.4
2012,12,19,5,281.5
2012,12,19,6,283.3
2012,12,19,7,282.6
2012,12,20,0,282.2
2012,12,20,1,282.9
2012,12,20,2,282.5
2012,12,20,3,281.5
2012,12,20,4,281.0
2012,12,20,5,283.1
2012,12,20,6,283.8
2012,12,20,7,285.9
2012,12,21,0,283.6
2012,12,21,1,283.5
2012,12,21,2,283.0
2012,12,21,3,282.9
2012,12,21,4,283.5
2012,12,21,5,285.9
2012,12,21,6,286.6
2012,12,21,7,287.7
2012,12,22,0,287.0
2012,12,22,1,286.3
2012,12,22,2,285.7
2012,12,22,3,285.6
2012,12,22,4,286.2
2012,12,22,5,287.3
2012,12,22,6,287.7
2012,12,22,7,286.3
2012,12,23,0,286.6
2012,12,23,1,285.6
2012,12,23,2,285.3
2012,12,23,3,285.1
2012,12,23,4,285.6
2012,12,23,5,287.0
2012,12,23,6,287.5
2012,12,23,7,288.5
2012,12,24,0,287.0
2012,12,24,1,286.1
2012,12,24,2,285.7
2012,12,24,3,285.3
2012,12,24,4,285.4
2012,12,24,5,286.3
2012,12,24,6,285.5
2012,12,24,7,286.4
2012,12,25,0,286.0
2012,12,25,1,285.9
2012,12,25,2,286.1
2012,12,25,3,285.2
2012,12,25,4,284.9
2012,12,25,5,285.5
2012,12,25,6,286.8
2012,12,25,7,286.6
2012,12,26,0,285.8
2012,12,26,1,286.2
2012,12,26,2,285.4
2012,12,26,3,285.0
2012,12,26,4,284.0
2012,12,26,5,285.0
2012,12,26,6,286.0
2012,12,26,7,285.5
2012,12,27,0,287.2
2012,12,27,1,286.6
2012,12,27,2,285.4
2012,12,27,3,284.3
2012,12,27,4,284.2
2012,12,27,5,285.4
2012,12,27,6,286.2
2012,12,27,7,284.8
2012,12,28,0,284.5
2012,12,28,1,284.1
2012,12,28,2,283.8
2012,12,28,3,283.7
2012,12,28,4,283.6
2012,12,28,5,284.4
2012,12,28,6,285.9
2012,12,28,7,284.8
2012,12,29,0,284.0
2012,12,29,1,284.2
2012,12,29,2,283.9
2012,12,29,3,284.0
2012,12,29,4,284.2
2012,12,29,5,285.0
2012,12,29,6,285.6
2012,12,29,7,284.6
2012,12,30,0,286.0
2012,12,30,1,284.5
2012,12,30,2,284.2
2012,12,30,3,284.1
2012,12,30,4,283.8
2012,12,30,5,284.5
2012,12,30,6,286.0
2012,12,30,7,285.4
2012,12,31,0,284.8
2012,12,31,1,284.8
2012,12,31,2,284.6
2012,12,31,3,284.1
2012,12,31,4,284.7
2012,12,31,5,284.4
2012,12,31,6,285.6
2012,12,31,7,285.0
2013,12,1,0,287.4
2013,12,1,1,285.5
2013,12,1,2,285.3
2013,12,1,3,285.2
2013,12,1,4,285.0
2013,12,1,5,285.0
2013,12,1,6,286.0
2013,12,1,7,285.3
2013,12,2,0,285.1
2013,12,2,1,285.4
2013,12,2,2,285.6
2013,12,2,3,285.7
2013,12,2,4,286.1
2013,12,2,5,286.5
2013,12,2,6,287.9
2013,12,2,7,287.2
2013,12,3,0,286.5
2013,12,3,1,285.8
2013,12,3,2,285.1
2013,12,3,3,285.2
2013,12,3,4,285.3
2013,12,3,5,286.5
2013,12,3,6,287.1
2013,12,3,7,285.5
2013,12,4,0,287.4
2013,12,4,1,287.1
2013,12,4,2,286.9
2013,12,4,3,287.1
2013,12,4,4,287.3
2013,12,4,5,287.3
2013,12,4,6,288.3
2013,12,4,7,288.0
2013,12,5,0,289.0
2013,12,5,1,288.2
2013,12,5,2,287.1
2013,12,5,3,286.6
2013,12,5,4,286.8
2013,12,5,5,287.2
2013,12,5,6,288.9
2013,12,5,7,288.6
2013,12,6,0,287.7
2013,12,6,1,285.9
2013,12,6,2,285.6
2013,12,6,3,285.0
2013,12,6,4,284.6
2013,12,6,5,284.5
2013,12,6,6,284.9
2013,12,6,7,284.7
2013,12,7,0,284.3
2013,12,7,1,283.2
2013,12,7,2,283.2
2013,12,7,3,283.0
2013,12,7,4,283.1
2013,12,7,5,284.7
2013,12,7,6,285.8
2013,12,7,7,285.0
2013,12,8,0,284.1
2013,12,8,1,285.0
2013,12,8,2,284.1
2013,12,8,3,284.3
2013,12,8,4,285.4
2013,12,8,5,286.3
2013,12,8,6,287.1
2013,12,8,7,286.5
2013,12,9,0,287.4
2013,12,9,1,287.6
2013,12,9,2,287.5
2013,12,9,3,287.2
2013,12,9,4,287.3
2013,12,9,5,288.0
2013,12,9,6,288.8
2013,12,9,7,290.3
2013,12,10,0,288.9
2013,12,10,1,288.1
2013,12,10,2,287.6
2013,12,10,3,286.6
2013,12,10,4,287.2
2013,12,10,5,287.3
2013,12,10,6,286.8
2013,12,10,7,287.4
2013,12,11,0,286.8
2013,12,11,1,286.8
2013,12,11,2,286.9
2013,12,11,3,286.6
2013,12,11,4,287.2
2013,12,11,5,287.3
2013,12,11,6,287.3
2013,12,11,7,288.9
2013,12,12,0,287.7
2013,12,12,1,287.9
2013,12,12,2,287.2
2013,12,12,3,286.2
2013,12,12,4,286.3
2013,12,12,5,286.3
2013,12,12,6,286.3
2013,12,12,7,286.9
2013,12,13,0,285.6
2013,12,13,1,285.3
2013,12,13,2,287.1
2013,12,13,3,286.1
2013,12,13,4,284.5
2013,12,13,5,285.2
2013,12,13,6,285.1
2013,12,13,7,284.7
2013,12,14,0,286.6
2013,12,14,1,285.9
2013,12,14,2,285.1
2013,12,14,3,287.0
2013,12,14,4,285.7
2013,12,14,5,286.5
2013,12,14,6,286.1
2013,12,14,7,285.7
2013,12,15,0,287.4
2013,12,15,1,287.1
2013,12,15,2,285.5
2013,12,15,3,284.4
2013,12,15,4,284.7
2013,12,15,5,284.7
2013,12,15,6,284.9
2013,12,15,7,286.3
2013,12,16,0,285.4
2013,12,16,1,286.3
2013,12,16,2,285.8
2013,12,16,3,285.1
2013,12,16,4,284.8
2013,12,16,5,283.7
2013,12,16,6,284.2
2013,12,16,7,285.7
2013,12,17,0,285.4
2013,12,17,1,284.4
2013,12,17,2,282.9
2013,12,17,3,283.3
2013,12,17,4,282.6
2013,12,17,5,283.1
2013,12,17,6,283.6
2013,12,17,7,283.5
2013,12,18,0,283.6
2013,12,18,1,284.4
2013,12,18,2,283.7
2013,12,18,3,283.5
2013,12,18,4,283.2
2013,12,18,5,283.9
2013,12,18,6,285.0
2013,12,18,7,283.7
2013,12,19,0,283.7
2013,12,19,1,284.6
2013,12,19,2,284.2
2013,12,19,3,283.3
2013,12,19,4,283.6
2013,12,19,5,284.7
2013,12,19,6,284.4
2013,12,19,7,284.5
2013,12,20,0,284.7
2013,12,20,1,285.0
2013,12,20,2,284.1
2013,12,20,3,282.4
2013,12,20,4,281.8
2013,12,20,5,282.8
2013,12,20,6,284.0
2013,12,20,7,283.4
2013,12,21,0,283.2
2013,12,21,1,284.0
2013,12,21,2,283.7
2013,12,21,3,283.7
2013,12,21,4,283.5
2013,12,21,5,284.4
2013,12,21,6,285.7
2013,12,21,7,284.7
2013,12,22,0,285.0
2013,12,22,1,285.0
2013,12,22,2,284.5
2013,12,22,3,284.3
2013,12,22,4,284.4
2013,12,22,5,285.3
2013,12,22,6,286.0
2013,12,22,7,284.3
2013,12,23,0,284.6
2013,12,23,1,285.0
2013,12,23,2,284.2
2013,12,23,3,284.3
2013,12,23,4,285.1
2013,12,23,5,285.2
2013,12,23,6,285.9
2013,12,23,7,283.9
2013,12,24,0,284.2
2013,12,24,1,284.3
2013,12,24,2,283.7
2013,12,24,3,283.4
2013,12,24,4,283.7
2013,12,24,5,284.0
2013,12,24,6,285.1
2013,12,24,7,283.7
2013,12,25,0,283.5
2013,12,25,1,283.7
2013,12,25,2,283.6
2013,12,25,3,283.3
2013,12,25,4,284.0
2013,12,25,5,284.9
2013,12,25,6,285.6
2013,12,25,7,282.9
2013,12,26,0,283.2
2013,12,26,1,282.8
2013,12,26,2,282.2
2013,12,26,3,282.1
2013,12,26,4,281.5
2013,12,26,5,283.5
2013,12,26,6,285.1
2013,12,26,7,284.2
2013,12,27,0,283.7
2013,12,27,1,283.5
2013,12,27,2,282.8
2013,12,27,3,282.4
2013,12,27,4,282.4
2013,12,27,5,284.2
2013,12,27,6,285.6
2013,12,27,7,283.7
2013,12,28,0,283.8
2013,12,28,1,283.4
2013,12,28,2,282.3
2013,12,28,3,282.2
2013,12,28,4,283.7
2013,12,28,5,284.6
2013,12,28,6,286.7
2013,12,28,7,285.6
2013,12,29,0,287.7
2013,12,29,1,287.2
2013,12,29,2,289.5
2013,12,29,3,288.3
2013,12,29,4,286.3
2013,12,29,5,286.0
2013,12,29,6,287.4
2013,12,29,7,288.8
2013,12,30,0,288.4
2013,12,30,1,288.2
2013,12,30,2,288.0
2013,12,30,3,287.1
2013,12,30,4,287.1
2013,12,30,5,289.7
2013,12,30,6,287.4
2013,12,30,7,289.9
2013,12,31,0,287.8
2013,12,31,1,286.2
2013,12,31,2,285.4
2013,12,31,3,285.4
2013,12,31,4,286.2
2013,12,31,5,285.4
2013,12,31,6,285.8
2013,12,31,7,284.8
2013,12,1,0,288.3
2013,12,1,1,285.7
2013,12,1,2,284.9
2013,12,1,3,284.3
2013,12,1,4,284.4
2013,12,1,5,286.4
2013,12,1,6,284.9
2013,12,1,7,287.0
2013,12,2,0,286.7
2013,12,2,1,286.0
2013,12,2,2,286.3
2013,12,2,3,286.3
2013,12,2,4,286.3
2013,12,2,5,286.4
2013,12,2,6,287.7
2013,12,2,7,287.6
2013,12,3,0,287.5
2013,12,3,1,288.5
2013,12,3,2,288.2
2013,12,3,3,287.0
2013,12,3,4,287.1
2013,12,3,5,286.5
2013,12,3,6,288.9
2013,12,3,7,288.5
2013,12,4,0,287.6
2013,12,4,1,288.0
2013,12,4,2,287.0
2013,12,4,3,286.3
2013,12,4,4,286.7
2013,12,4,5,286.2
2013,12,4,6,285.8
2013,12,4,7,286.2
2013,12,5,0,286.4
2013,12,5,1,286.1
2013,12,5,2,286.9
2013,12,5,3,287.0
2013,12,5,4,285.8
2013,12,5,5,284.8
2013,12,5,6,283.7
2013,12,5,7,285.1
2013,12,6,0,285.2
2013,12,6,1,284.2
2013,12,6,2,283.5
2013,12,6,3,282.8
2013,12,6,4,283.1
2013,12,6,5,281.7
2013,12,6,6,283.4
2013,12,6,7,282.7
2013,12,7,0,283.2
2013,12,7,1,283.7
2013,12,7,2,283.1
2013,12,7,3,282.9
2013,12,7,4,282.9
2013,12,7,5,283.0
2013,12,7,6,283.9
2013,12,7,7,282.5
2013,12,8,0,283.7
2013,12,8,1,283.3
2013,12,8,2,282.5
2013,12,8,3,281.8
2013,12,8,4,281.3
2013,12,8,5,282.0
2013,12,8,6,282.7
2013,12,8,7,281.6
2013,12,9,0,283.9
2013,12,9,1,282.9
2013,12,9,2,282.0
2013,12,9,3,281.1
2013,12,9,4,280.9
2013,12,9,5,281.2
2013,12,9,6,281.9
2013,12,9,7,281.2
2013,12,10,0,282.2
2013,12,10,1,281.5
2013,12,10,2,281.2
2013,12,10,3,281.2
2013,12,10,4,281.6
2013,12,10,5,280.6
2013,12,10,6,281.4
2013,12,10,7,281.5
2013,12,11,0,281.4
2013,12,11,1,281.3
2013,12,11,2,280.9
2013,12,11,3,280.9
2013,12,11,4,281.0
2013,12,11,5,281.1
2013,12,11,6,281.1
2013,12,11,7,280.6
2013,12,12,0,282.2
2013,12,12,1,281.0
2013,12,12,2,280.8
2013,12,12,3,281.0
2013,12,12,4,280.9
2013,12,12,5,280.8
2013,12,12,6,281.7
2013,12,12,7,282.5
2013,12,13,0,282.8
2013,12,13,1,284.0
2013,12,13,2,284.0
2013,12,13,3,282.0
2013,12,13,4,281.3
2013,12,13,5,282.1
2013,12,13,6,282.9
2013,12,13,7,285.1
2013,12,14,0,284.2
2013,12,14,1,284.3
2013,12,14,2,284.0
2013,12,14,3,283.1
2013,12,14,4,283.1
2013,12,14,5,283.2
2013,12,14,6,283.7
2013,12,14,7,285.0
2013,12,15,0,284.4
2013,12,15,1,285.8
2013,12,15,2,285.6
2013,12,15,3,285.1
2013,12,15,4,282.9
2013,12,15,5,283.7
2013,12,15,6,284.1
2013,12,15,7,285.7
2013,12,16,0,285.2
2013,12,16,1,285.1
2013,12,16,2,284.5
2013,12,16,3,284.6
2013,12,16,4,284.3
2013,12,16,5,283.5
2013,12,16,6,285.3
2013,12,16,7,285.6
2013,12,17,0,286.5
2013,12,17,1,285.5
2013,12,17,2,285.8
2013,12,17,3,285.8
2013,12,17,4,285.2
2013,12,17,5,284.7
2013,12,17,6,284.3
2013,12,17,7,285.5
2013,12,18,0,285.3
2013,12,18,1,284.8
2013,12,18,2,285.6
2013,12,18,3,285.2
2013,12,18,4,285.2
2013,12,18,5,283.8
2013,12,18,6,284.7
2013,12,18,7,287.4
2013,12,19,0,286.7
2013,12,19,1,284.9
2013,12,19,2,285.5
2013,12,19,3,284.3
2013,12,19,4,284.6
2013,12,19,5,283.8
2013,12,19,6,284.8
2013,12,19,7,286.6
2013,12,20,0,285.9
2013,12,20,1,288.5
2013,12,20,2,286.6
2013,12,20,3,284.0
2013,12,20,4,284.6
2013,12,20,5,285.5
2013,12,20,6,286.4
2013,12,20,7,288.6
2013,12,21,0,287.0
2013,12,21,1,286.4
2013,12,21,2,286.1
2013,12,21,3,285.6
2013,12,21,4,286.1
2013,12,21,5,286.5
2013,12,21,6,287.9
2013,12,21,7,287.4
2013,12,22,0,288.5
2013,12,22,1,288.1
2013,12,22,2,287.6
2013,12,22,3,287.1
2013,12,22,4,286.2
2013,12,22,5,285.4
2013,12,22,6,287.0
2013,12,22,7,285.8
2013,12,23,0,286.4
2013,12,23,1,286.3
2013,12,23,2,286.1
2013,12,23,3,285.3
2013,12,23,4,285.4
2013,12,23,5,285.7
2013,12,23,6,287.9
2013,12,23,7,285.4
2013,12,24,0,287.6
2013,12,24,1,287.0
2013,12,24,2,287.2
2013,12,24,3,288.1
2013,12,24,4,287.8
2013,12,24,5,288.5
2013,12,24,6,289.7
2013,12,24,7,289.5
2013,12,25,0,289.2
2013,12,25,1,287.6
2013,12,25,2,289.0
2013,12,25,3,288.1
2013,12,25,4,287.5
2013,12,25,5,286.1
2013,12,25,6,286.5
2013,12,25,7,288.5
2013,12,26,0,287.0
2013,12,26,1,287.3
2013,12,26,2,287.1
2013,12,26,3,285.0
2013,12,26,4,284.3
2013,12,26,5,284.6
2013,12,26,6,286.1
2013,12,26,7,285.6
2013,12,27,0,285.6
2013,12,27,1,284.7
2013,12,27,2,284.2
2013,12,27,3,283.7
2013,12,27,4,283.7
2013,12,27,5,285.1
2013,12,27,6,286.5
2013,12,27,7,286.9
2013,12,28,0,286.4
2013,12,28,1,288.0
2013,12,28,2,287.0
2013,12,28,3,284.8
2013,12,28,4,285.0
2013,12,28,5,285.4
2013,12,28,6,287.0
2013,12,28,7,285.8
2013,12,1,0,287.0
2013,12,1,1,285.9
2013,12,1,2,285.2
2013,12,1,3,284.3
2013,12,1,4,284.8
2013,12,1,5,285.5
2013,12,1,6,286.9
2013,12,1,7,287.4
2013,12,2,0,287.4
2013,12,2,1,286.9
2013,12,2,2,286.8
2013,12,2,3,286.6
2013,12,2,4,286.4
2013,12,2,5,285.7
2013,12,2,6,286.4
2013,12,2,7,287.2
2013,12,3,0,287.7
2013,12,3,1,287.7
2013,12,3,2,288.7
2013,12,3,3,287.3
2013,12,3,4,286.1
2013,12,3,5,286.0
2013,12,3,6,286.9
2013,12,3,7,287.3
2013,12,4,0,287.9
2013,12,4,1,287.0
2013,12,4,2,286.8
2013,12,4,3,286.4
2013,12,4,4,285.1
2013,12,4,5,284.5
2013,12,4,6,286.2
2013,12,4,7,288.1
2013,12,5,0,287.0
2013,12,5,1,286.1
2013,12,5,2,285.0
2013,12,5,3,284.6
2013,12,5,4,283.7
2013,12,5,5,283.5
2013,12,5,6,284.4
2013,12,5,7,285.3
2013,12,6,0,284.8
2013,12,6,1,285.2
2013,12,6,2,284.7
2013,12,6,3,284.4
2013,12,6,4,283.7
2013,12,6,5,283.6
2013,12,6,6,285.4
2013,12,6,7,285.3
2013,12,7,0,286.6
2013,12,7,1,285.6
2013,12,7,2,284.9
2013,12,7,3,284.2
2013,12,7,4,284.2
2013,12,7,5,284.4
2013,12,7,6,284.9
2013,12,7,7,284.5
2013,12,8,0,285.6
2013,12,8,1,284.9
2013,12,8,2,284.7
2013,12,8,3,284.2
2013,12,8,4,284.1
2013,12,8,5,285.1
2013,12,8,6,286.6
2013,12,8,7,285.8
2013,12,9,0,287.1
2013,12,9,1,286.8
2013,12,9,2,286.6
2013,12,9,3,286.2
2013,12,9,4,286.4
2013,12,9,5,286.7
2013,12,9,6,287.2
2013,12,9,7,287.5
2013,12,10,0,286.6
2013,12,10,1,286.5
2013,12,10,2,286.1
2013,12,10,3,285.5
2013,12,10,4,285.4
2013,12,10,5,286.1
2013,12,10,6,286.0
2013,12,10,7,284.8
2013,12,11,0,286.1
2013,12,11,1,285.4
2013,12,11,2,285.0
2013,12,11,3,284.3
2013,12,11,4,284.1
2013,12,11,5,285.0
2013,12,11,6,285.3
2013,12,11,7,285.2
2013,12,12,0,284.8
2013,12,12,1,284.1
2013,12,12,2,283.4
2013,12,12,3,282.5
2013,12,12,4,282.1
2013,12,12,5,282.9
2013,12,12,6,284.2
2013,12,12,7,282.8
2013,12,13,0,283.5
2013,12,13,1,282.7
2013,12,13,2,282.5
2013,12,13,3,281.7
2013,12,13,4,281.8
2013,12,13,5,281.9
2013,12,13,6,283.6
2013,12,13,7,283.3
2013,12,14,0,282.5
2013,12,14,1,283.3
2013,12,14,2,284.1
2013,12,14,3,282.5
2013,12,14,4,283.1
2013,12,14,5,281.9
2013,12,14,6,283.5
2013,12,14,7,283.2
2013,12,15,0,282.9
2013,12,15,1,284.1
2013,12,15,2,282.9
2013,12,15,3,283.3
2013,12,15,4,283.3
2013,12,15,5,283.0
2013,12,15,6,284.8
2013,12,15,7,285.2
2013,12,16,0,284.8
2013,12,16,1,284.1
2013,12,16,2,284.2
2013,12,16,3,283.7
2013,12,16,4,283.2
2013,12,16,5,283.3
2013,12,16,6,284.8
2013,12,16,7,283.4
2013,12,17,0,285.1
2013,12,17,1,284.8
2013,12,17,2,284.4
2013,12,17,3,283.9
2013,12,17,4,284.6
2013,12,17,5,284.6
2013,12,17,6,285.5
2013,12,17,7,286.6
2013,12,18,0,285.9
2013,12,18,1,285.0
2013,12,18,2,284.2
2013,12,18,3,283.0
2013,12,18,4,282.9
2013,12,18,5,282.7
2013,12,18,6,283.9
2013,12,18,7,283.4
2013,12,19,0,283.4
2013,12,19,1,282.4
2013,12,19,2,282.3
2013,12,19,3,280.4
2013,12,19,4,279.9
2013,12,19,5,279.8
2013,12,19,6,280.9
2013,12,19,7,280.0
2013,12,20,0,279.9
2013,12,20,1,279.6
2013,12,20,2,279.4
2013,12,20,3,278.4
2013,12,20,4,277.6
2013,12,20,5,279.6
2013,12,20,6,281.4
2013,12,20,7,281.0
2013,12,21,0,280.5
2013,12,21,1,278.9
2013,12,21,2,280.1
2013,12,21,3,279.3
2013,12,21,4,280.3
2013,12,21,5,280.6
2013,12,21,6,282.3
2013,12,21,7,282.0
2013,12,22,0,281.8
2013,12,22,1,280.8
2013,12,22,2,281.4
2013,12,22,3,280.8
2013,12,22,4,280.8
2013,12,22,5,279.5
2013,12,22,6,281.5
2013,12,22,7,281.4
2013,12,23,0,280.3
2013,12,23,1,281.4
2013,12,23,2,282.3
2013,12,23,3,282.0
2013,12,23,4,281.6
2013,12,23,5,281.1
2013,12,23,6,282.7
2013,12,23,7,283.1
2013,12,24,0,282.8
2013,12,24,1,282.0
2013,12,24,2,282.9
2013,12,24,3,282.4
2013,12,24,4,281.5
2013,12,24,5,281.0
2013,12,24,6,281.4
2013,12,24,7,280.8
2013,12,25,0,281.4
2013,12,25,1,280.7
2013,12,25,2,281.3
2013,12,25,3,281.3
2013,12,25,4,281.5
2013,12,25,5,281.6
2013,12,25,6,283.4
2013,12,25,7,282.8
2013,12,26,0,283.8
2013,12,26,1,284.4
2013,12,26,2,284.1
2013,12,26,3,283.6
2013,12,26,4,284.3
2013,12,26,5,283.8
2013,12,26,6,284.2
2013,12,26,7,283.7
2013,12,27,0,284.7
2013,12,27,1,284.3
2013,12,27,2,284.0
2013,12,27,3,284.1
2013,12,27,4,283.4
2013,12,27,5,283.7
2013,12,27,6,284.4
2013,12,27,7,283.2
2013,12,28,0,283.7
2013,12,28,1,283.0
2013,12,28,2,282.4
2013,12,28,3,281.8
2013,12,28,4,282.0
2013,12,28,5,282.2
2013,12,28,6,283.0
2013,12,28,7,281.9
2013,12,29,0,282.8
2013,12,29,1,282.5
2013,12,29,2,282.1
2013,12,29,3,282.4
2013,12,29,4,282.5
2013,12,29,5,282.7
2013,12,29,6,283.5
2013,12,29,7,282.2
2013,12,30,0,283.1
2013,12,30,1,282.9
2013,12,30,2,282.8
2013,12,30,3,282.3
2013,12,30,4,282.0
2013,12,30,5,282.4
2013,12,30,6,283.5
2013,12,30,7,282.3
2013,12,31,0,282.8
2013,12,31,1,282.4
2013,12,31,2,281.4
2013,12,31,3,280.8
2013,12,31,4,280.8
2013,12,31,5,280.7
2013,12,31,6,281.4
2013,12,31,7,281.1
2013,12,1,0,281.8
2013,12,1,1,282.9
2013,12,1,2,282.5
2013,12,1,3,281.9
2013,12,1,4,281.8
2013,12,1,5,282.0
2013,12,1,6,282.2
2013,12,1,7,281.9
2013,12,2,0,282.2
2013,12,2,1,282.1
2013,12,2,2,281.9
2013,12,2,3,281.0
2013,12,2,4,281.2
2013,12,2,5,280.8
2013,12,2,6,281.4
2013,12,2,7,281.5
2013,12,3,0,281.4
2013,12,3,1,282.1
2013,12,3,2,281.3
2013,12,3,3,280.6
2013,12,3,4,281.1
2013,12,3,5,281.2
2013,12,3,6,281.5
2013,12,3,7,281.2
2013,12,4,0,281.1
2013,12,4,1,280.4
2013,12,4,2,280.0
2013,12,4,3,279.4
2013,12,4,4,279.7
2013,12,4,5,279.8
2013,12,4,6,281.5
2013,12,4,7,281.7
2013,12,5,0,281.4
2013,12,5,1,281.5
2013,12,5,2,280.6
2013,12,5,3,280.2
2013,12,5,4,280.5
2013,12,5,5,279.9
2013,12,5,6,281.7
2013,12,5,7,281.7
2013,12,6,0,282.1
2013,12,6,1,281.9
2013,12,6,2,281.7
2013,12,6,3,281.3
2013,12,6,4,281.4
2013,12,6,5,281.0
2013,12,6,6,282.5
2013,12,6,7,282.8
2013,12,7,0,282.6
2013,12,7,1,283.5
2013,12,7,2,282.5
2013,12,7,3,282.5
2013,12,7,4,283.0
2013,12,7,5,283.2
2013,12,7,6,284.7
2013,12,7,7,284.4
2013,12,8,0,284.4
2013,12,8,1,283.7
2013,12,8,2,283.9
2013,12,8,3,283.4
2013,12,8,4,283.3
2013,12,8,5,283.0
2013,12,8,6,284.3
2013,12,8,7,284.0
2013,12,9,0,283.7
2013,12,9,1,283.1
2013,12,9,2,282.8
2013,12,9,3,282.3
2013,12,9,4,282.9
2013,12,9,5,282.6
2013,12,9,6,283.7
2013,12,9,7,282.5
2013,12,10,0,283.3
2013,12,10,1,283.2
2013,12,10,2,283.5
2013,12,10,3,282.7
2013,12,10,4,283.2
2013,12,10,5,282.4
2013,12,10,6,283.2
2013,12,10,7,282.5
2013,12,11,0,282.8
2013,12,11,1,282.6
2013,12,11,2,281.9
2013,12,11,3,281.4
2013,12,11,4,281.6
2013,12,11,5,282.6
2013,12,11,6,281.5
2013,12,11,7,281.0
2013,12,12,0,281.5
2013,12,12,1,281.3
2013,12,12,2,280.7
2013,12,12,3,279.8
2013,12,12,4,280.0
2013,12,12,5,280.1
2013,12,12,6,281.2
2013,12,12,7,281.4
2013,12,13,0,282.2
2013,12,13,1,282.6
2013,12,13,2,283.3
2013,12,13,3,283.6
2013,12,13,4,283.9
2013,12,13,5,283.6
2013,12,13,6,284.5
2013,12,13,7,286.7
2013,12,14,0,286.0
2013,12,14,1,285.8
2013,12,14,2,285.3
2013,12,14,3,284.7
2013,12,14,4,284.5
2013,12,14,5,284.1
2013,12,14,6,285.3
2013,12,14,7,285.2
2013,12,15,0,286.4
2013,12,15,1,285.9
2013,12,15,2,285.9
2013,12,15,3,286.1
2013,12,15,4,286.2
2013,12,15,5,285.5
2013,12,15,6,286.2
2013,12,15,7,285.8
2013,12,16,0,286.5
2013,12,16,1,285.8
2013,12,16,2,285.4
2013,12,16,3,284.9
2013,12,16,4,285.3
2013,12,16,5,285.2
2013,12,16,6,285.7
2013,12,16,7,286.4
2013,12,17,0,285.7
2013,12,17,1,285.7
2013,12,17,2,286.0
2013,12,17,3,285.6
2013,12,17,4,285.6
2013,12,17,5,285.6
2013,12,17,6,286.5
2013,12,17,7,287.0
2013,12,18,0,286.4
2013,12,18,1,286.9
2013,12,18,2,286.9
2013,12,18,3,285.4
2013,12,18,4,285.9
2013,12,18,5,285.4
2013,12,18,6,285.7
2013,12,18,7,285.0
2013,12,19,0,285.5
2013,12,19,1,285.0
2013,12,19,2,284.5
2013,12,19,3,284.0
2013,12,19,4,284.2
2013,12,19,5,284.5
2013,12,19,6,283.8
2013,12,19,7,283.4
2013,12,20,0,284.0
2013,12,20,1,283.6
2013,12,20,2,283.1
2013,12,20,3,282.9
2013,12,20,4,283.5
2013,12,20,5,283.6
2013,12,20,6,284.8
2013,12,20,7,284.5
2013,12,21,0,285.1
2013,12,21,1,285.3
2013,12,21,2,285.9
2013,12,21,3,285.8
2013,12,21,4,286.3
2013,12,21,5,285.4
2013,12,21,6,286.1
2013,12,21,7,286.0
2013,12,22,0,286.6
2013,12,22,1,286.5
2013,12,22,2,286.3
2013,12,22,3,286.3
2013,12,22,4,287.0
2013,12,22,5,286.7
2013,12,22,6,287.4
2013,12,22,7,286.2
2013,12,23,0,287.1
2013,12,23,1,287.2
2013,12,23,2,285.6
2013,12,23,3,285.3
2013,12,23,4,286.5
2013,12,23,5,286.0
2013,12,23,6,285.6
2013,12,23,7,285.9
2013,12,24,0,286.3
2013,12,24,1,286.4
2013,12,24,2,285.7
2013,12,24,3,285.4
2013,12,24,4,285.7
2013,12,24,5,285.3
2013,12,24,6,285.8
2013,12,24,7,286.2
2013,12,25,0,285.6
2013,12,25,1,285.2
2013,12,25,2,284.8
2013,12,25,3,284.3
2013,12,25,4,284.8
2013,12,25,5,284.9
2013,12,25,6,285.8
2013,12,25,7,286.1
2013,12,26,0,286.7
2013,12,26,1,286.0
2013,12,26,2,285.1
2013,12,26,3,284.7
2013,12,26,4,284.3
2013,12,26,5,283.7
2013,12,26,6,282.9
2013,12,26,7,282.9
2013,12,27,0,282.6
2013,12,27,1,282.2
2013,12,27,2,282.0
2013,12,27,3,281.8
2013,12,27,4,282.5
2013,12,27,5,283.1
2013,12,27,6,282.0
2013,12,27,7,283.1
2013,12,28,0,282.6
2013,12,28,1,284.8
2013,12,28,2,282.9
2013,12,28,3,282.8
2013,12,28,4,282.5
2013,12,28,5,282.5
2013,12,28,6,283.1
2013,12,28,7,283.2
2013,12,29,0,284.3
2013,12,29,1,284.0
2013,12,29,2,283.8
2013,12,29,3,283.3
2013,12,29,4,283.1
2013,12,29,5,282.7
2013,12,29,6,283.2
2013,12,29,7,282.5
2013,12,30,0,284.1
2013,12,30,1,284.2
2013,12,30,2,283.2
2013,12,30,3,282.4
2013,12,30,4,282.7
2013,12,30,5,283.1
2013,12,30,6,283.8
2013,12,30,7,283.0
2013,12,1,0,284.1
2013,12,1,1,284.0
2013,12,1,2,283.1
2013,12,1,3,281.9
2013,12,1,4,281.9
2013,12,1,5,281.6
2013,12,1,6,283.4
2013,12,1,7,283.8
2013,12,2,0,283.9
2013,12,2,1,283.2
2013,12,2,2,282.3
2013,12,2,3,281.5
2013,12,2,4,281.4
2013,12,2,5,281.4
2013,12,2,6,281.6
2013,12,2,7,281.4
2013,12,3,0,281.3
2013,12,3,1,280.6
2013,12,3,2,280.5
2013,12,3,3,280.8
2013,12,3,4,281.4
2013,12,3,5,281.5
2013,12,3,6,283.1
2013,12,3,7,284.0
2013,12,4,0,284.4
2013,12,4,1,285.8
2013,12,4,2,284.1
2013,12,4,3,283.7
2013,12,4,4,284.0
2013,12,4,5,283.4
2013,12,4,6,284.0
2013,12,4,7,284.7
2013,12,5,0,285.2
2013,12,5,1,285.1
2013,12,5,2,284.7
2013,12,5,3,284.7
2013,12,5,4,284.8
2013,12,5,5,285.1
2013,12,5,6,284.2
2013,12,5,7,284.8
2013,12,6,0,284.9
2013,12,6,1,284.5
2013,12,6,2,284.3
2013,12,6,3,285.2
2013,12,6,4,285.7
2013,12,6,5,286.4
2013,12,6,6,285.0
2013,12,6,7,285.9
2013,12,7,0,285.6
2013,12,7,1,285.1
2013,12,7,2,285.1
2013,12,7,3,284.8
2013,12,7,4,285.5
2013,12,7,5,285.3
2013,12,7,6,284.8
2013,12,7,7,286.3
2013,12,8,0,286.6
2013,12,8,1,285.6
2013,12,8,2,285.3
2013,12,8,3,285.7
2013,12,8,4,285.6
2013,12,8,5,284.6
2013,12,8,6,284.0
2013,12,8,7,284.8
2013,12,9,0,285.0
2013,12,9,1,284.8
2013,12,9,2,283.3
2013,12,9,3,282.5
2013,12,9,4,282.4
2013,12,9,5,282.2
2013,12,9,6,282.0
2013,12,9,7,282.7
2013,12,10,0,283.0
2013,12,10,1,282.2
2013,12,10,2,281.1
2013,12,10,3,281.2
2013,12,10,4,281.3
2013,12,10,5,281.0
2013,12,10,6,280.7
2013,12,10,7,280.7
2013,12,11,0,281.8
2013,12,11,1,281.4
2013,12,11,2,281.1
2013,12,11,3,281.0
2013,12,11,4,281.7
2013,12,11,5,281.0
2013,12,11,6,281.1
2013,12,11,7,280.8
2013,12,12,0,280.8
2013,12,12,1,280.9
2013,12,12,2,281.1
2013,12,12,3,280.6
2013,12,12,4,280.7
2013,12,12,5,280.3
2013,12,12,6,280.5
2013,12,12,7,280.2
2013,12,13,0,279.9
2013,12,13,1,280.2
2013,12,13,2,280.0
2013,12,13,3,279.2
2013,12,13,4,279.9
2013,12,13,5,279.8
2013,12,13,6,281.0
2013,12,13,7,281.2
2013,12,14,0,282.6
2013,12,14,1,281.7
2013,12,14,2,281.8
2013,12,14,3,281.3
2013,12,14,4,281.7
2013,12,14,5,281.6
2013,12,14,6,281.3
2013,12,14,7,280.9
2013,12,15,0,280.8
2013,12,15,1,280.8
2013,12,15,2,280.6
2013,12,15,3,280.3
2013,12,15,4,280.6
2013,12,15,5,280.6
2013,12,15,6,281.2
2013,12,15,7,281.7
2013,12,16,0,282.1
2013,12,16,1,282.3
2013,12,16,2,282.6
2013,12,16,3,282.4
2013,12,16,4,283.0
2013,12,16,5,283.0
2013,12,16,6,281.6
2013,12,16,7,281.2
2013,12,17,0,279.1
2013,12,17,1,277.7
2013,12,17,2,277.5
2013,12,17,3,276.7
2013,12,17,4,277.8
2013,12,17,5,277.8
2013,12,17,6,277.2
2013,12,17,7,275.1
2013,12,18,0,275.3
2013,12,18,1,277.0
2013,12,18,2,276.4
2013,12,18,3,276.1
2013,12,18,4,276.9
2013,12,18,5,276.1
2013,12,18,6,277.4
2013,12,18,7,277.6
2013,12,19,0,277.4
2013,12,19,1,277.3
2013,12,19,2,277.2
2013,12,19,3,277.4
2013,12,19,4,277.5
2013,12,19,5,278.8
2013,12,19,6,280.9
2013,12,19,7,281.7
2013,12,20,0,281.0
2013,12,20,1,281.3
2013,12,20,2,281.4
2013,12,20,3,280.7
2013,12,20,4,280.4
2013,12,20,5,280.2
2013,12,20,6,281.0
2013,12,20,7,280.9
2013,12,21,0,280.8
2013,12,21,1,280.4
2013,12,21,2,279.8
2013,12,21,3,279.0
2013,12,21,4,278.8
2013,12,21,5,279.5
2013,12,21,6,280.0
2013,12,21,7,280.4
2013,12,22,0,280.4
2013,12,22,1,280.2
2013,12,22,2,280.1
2013,12,22,3,279.7
2013,12,22,4,279.4
2013,12,22,5,279.0
2013,12,22,6,279.8
2013,12,22,7,279.9
2013,12,23,0,280.0
2013,12,23,1,280.0
2013,12,23,2,279.7
2013,12,23,3,279.1
2013,12,23,4,278.8
2013,12,23,5,278.6
2013,12,23,6,280.2
2013,12,23,7,280.7
2013,12,24,0,280.4
2013,12,24,1,280.6
2013,12,24,2,280.2
2013,12,24,3,280.2
2013,12,24,4,280.2
2013,12,24,5,280.7
2013,12,24,6,281.4
2013,12,24,7,282.2
2013,12,25,0,283.0
2013,12,25,1,282.4
2013,12,25,2,280.3
2013,12,25,3,279.6
2013,12,25,4,279.5
2013,12,25,5,279.4
2013,12,25,6,279.8
2013,12,25,7,279.6
2013,12,26,0,279.6
2013,12,26,1,279.0
2013,12,26,2,278.4
2013,12,26,3,278.1
2013,12,26,4,279.3
2013,12,26,5,279.8
2013,12,26,6,280.4
2013,12,26,7,280.6
2013,12,27,0,279.8
2013,12,27,1,280.0
2013,12,27,2,280.0
2013,12,27,3,281.1
2013,12,27,4,281.4
2013,12,27,5,281.9
2013,12,27,6,281.9
2013,12,27,7,280.6
2013,12,28,0,280.2
2013,12,28,1,279.2
2013,12,28,2,279.4
2013,12,28,3,279.7
2013,12,28,4,279.8
2013,12,28,5,279.5
2013,12,28,6,279.8
2013,12,28,7,279.2
2013,12,29,0,279.8
2013,12,29,1,279.4
2013,12,29,2,279.5
2013,12,29,3,279.3
2013,12,29,4,279.2
2013,12,29,5,279.3
2013,12,29,6,280.7
2013,12,29,7,280.3
2013,12,30,0,280.8
2013,12,30,1,280.9
2013,12,30,2,281.1
2013,12,30,3,281.0
2013,12,30,4,281.6
2013,12,30,5,281.5
2013,12,30,6,282.1
2013,12,30,7,280.8
2013,12,31,0,280.4
2013,12,31,1,278.9
2013,12,31,2,278.9
2013,12,31,3,277.6
2013,12,31,4,278.3
2013,12,31,5,277.6
2013,12,31,6,278.2
2013,12,31,7,278.2
2013,12,1,0,278.5
2013,12,1,1,279.0
2013,12,1,2,278.9
2013,12,1,3,278.9
2013,12,1,4,279.3
2013,12,1,5,278.6
2013,12,1,6,280.1
2013,12,1,7,281.1
2013,12,2,0,281.0
2013,12,2,1,281.4
2013,12,2,2,282.9
2013,12,2,3,282.5
2013,12,2,4,282.3
2013,12,2,5,282.6
2013,12,2,6,283.4
2013,12,2,7,285.0
2013,12,3,0,285.4
2013,12,3,1,285.6
2013,12,3,2,285.4
2013,12,3,3,286.7
2013,12,3,4,285.4
2013,12,3,5,285.3
2013,12,3,6,285.4
2013,12,3,7,286.9
2013,12,4,0,286.6
2013,12,4,1,285.9
2013,12,4,2,285.0
2013,12,4,3,284.1
2013,12,4,4,284.8
2013,12,4,5,284.0
2013,12,4,6,283.7
2013,12,4,7,283.7
2013,12,5,0,283.6
2013,12,5,1,284.5
2013,12,5,2,283.8
2013,12,5,3,283.7
2013,12,5,4,283.6
2013,12,5,5,282.6
2013,12,5,6,282.9
2013,12,5,7,283.6
2013,12,6,0,284.0
2013,12,6,1,283.8
2013,12,6,2,283.8
2013,12,6,3,283.8
2013,12,6,4,285.5
2013,12,6,5,286.3
2013,12,6,6,284.9
2013,12,6,7,284.7
2013,12,7,0,285.7
2013,12,7,1,284.9
2013,12,7,2,284.0
2013,12,7,3,283.8
2013,12,7,4,283.7
2013,12,7,5,283.5
2013,12,7,6,283.8
2013,12,7,7,283.6
2013,12,8,0,283.3
2013,12,8,1,283.1
2013,12,8,2,283.2
2013,12,8,3,282.3
2013,12,8,4,282.4
2013,12,8,5,282.5
2013,12,8,6,283.3
2013,12,8,7,282.9
2013,12,9,0,282.1
2013,12,9,1,282.0
2013,12,9,2,281.8
2013,12,9,3,281.6
2013,12,9,4,281.7
2013,12,9,5,282.4
2013,12,9,6,283.6
2013,12,9,7,283.4
2013,12,10,0,282.6
2013,12,10,1,282.1
2013,12,10,2,282.0
2013,12,10,3,281.9
2013,12,10,4,281.9
2013,12,10,5,281.6
2013,12,10,6,282.5
2013,12,10,7,282.4
2013,12,11,0,281.9
2013,12,11,1,281.3
2013,12,11,2,281.1
2013,12,11,3,280.7
2013,12,11,4,281.5
2013,12,11,5,282.0
2013,12,11,6,282.5
2013,12,11,7,282.7
2013,12,12,0,282.6
2013,12,12,1,282.3
2013,12,12,2,282.3
2013,12,12,3,282.4
2013,12,12,4,282.8
2013,12,12,5,282.4
2013,12,12,6,281.6
2013,12,12,7,280.2
2013,12,13,0,281.3
2013,12,13,1,281.6
2013,12,13,2,281.3
2013,12,13,3,280.5
2013,12,13,4,280.5
2013,12,13,5,281.0
2013,12,13,6,281.9
2013,12,13,7,280.5
2013,12,14,0,279.2
2013,12,14,1,278.9
2013,12,14,2,278.2
2013,12,14,3,277.9
2013,12,14,4,278.2
2013,12,14,5,278.3
2013,12,14,6,278.3
2013,12,14,7,278.4
2013,12,15,0,278.3
2013,12,15,1,277.7
2013,12,15,2,276.9
2013,12,15,3,276.2
2013,12,15,4,277.1
2013,12,15,5,277.5
2013,12,15,6,279.9
2013,12,15,7,280.2
2013,12,16,0,280.5
2013,12,16,1,280.6
2013,12,16,2,280.7
2013,12,16,3,280.3
2013,12,16,4,281.2
2013,12,16,5,281.7
2013,12,16,6,283.4
2013,12,16,7,283.5
2013,12,17,0,283.0
2013,12,17,1,282.2
2013,12,17,2,281.8
2013,12,17,3,281.2
2013,12,17,4,281.2
2013,12,17,5,280.9
2013,12,17,6,281.9
2013,12,17,7,281.6
2013,12,18,0,280.5
2013,12,18,1,279.6
2013,12,18,2,278.9
2013,12,18,3,278.3
2013,12,18,4,278.4
2013,12,18,5,278.4
2013,12,18,6,279.2
2013,12,18,7,278.2
2013,12,19,0,277.9
2013,12,19,1,277.0
2013,12,19,2,276.4
2013,12,19,3,276.0
2013,12,19,4,275.7
2013,12,19,5,274.6
2013,12,19,6,274.9
2013,12,19,7,274.5
2013,12,20,0,274.7
2013,12,20,1,274.4
2013,12,20,2,274.3
2013,12,20,3,274.0
2013,12,20,4,274.0
2013,12,20,5,273.6
2013,12,20,6,274.2
2013,12,20,7,273.4
2013,12,21,0,273.5
2013,12,21,1,273.1
2013,12,21,2,273.1
2013,12,21,3,273.9
2013,12,21,4,275.5
2013,12,21,5,277.3
2013,12,21,6,279.1
2013,12,21,7,279.3
2013,12,22,0,281.0
2013,12,22,1,282.1
2013,12,22,2,279.2
2013,12,22,3,280.2
2013,12,22,4,280.0
2013,12,22,5,279.3
2013,12,22,6,280.2
2013,12,22,7,279.5
2013,12,23,0,278.6
2013,12,23,1,278.2
2013,12,23,2,277.4
2013,12,23,3,279.7
2013,12,23,4,280.5
2013,12,23,5,277.7
2013,12,23,6,278.5
2013,12,23,7,278.2
2013,12,24,0,278.4
2013,12,24,1,278.6
2013,12,24,2,278.7
2013,12,24,3,278.3
2013,12,24,4,278.2
2013,12,24,5,278.4
2013,12,24,6,279.4
2013,12,24,7,279.1
2013,12,25,0,279.7
2013,12,25,1,279.3
2013,12,25,2,278.3
2013,12,25,3,277.2
2013,12,25,4,277.4
2013,12,25,5,277.2
2013,12,25,6,277.7
2013,12,25,7,277.6
2013,12,26,0,277.3
2013,12,26,1,277.0
2013,12,26,2,277.1
2013,12,26,3,277.5
2013,12,26,4,276.7
2013,12,26,5,277.2
2013,12,26,6,279.5
2013,12,26,7,280.3
2013,12,27,0,280.1
2013,12,27,1,280.4
2013,12,27,2,280.5
2013,12,27,3,280.6
2013,12,27,4,280.7
2013,12,27,5,280.7
2013,12,27,6,282.0
2013,12,27,7,282.0
2013,12,28,0,282.2
2013,12,28,1,281.7
2013,12,28,2,281.3
2013,12,28,3,280.9
2013,12,28,4,281.3
2013,12,28,5,281.5
2013,12,28,6,281.9
2013,12,28,7,282.7
2013,12,29,0,281.8
2013,12,29,1,282.1
2013,12,29,2,282.2
2013,12,29,3,282.3
2013,12,29,4,282.3
2013,12,29,5,282.0
2013,12,29,6,282.7
2013,12,29,7,282.4
2013,12,30,0,281.7
2013,12,30,1,280.8
2013,12,30,2,280.1
2013,12,30,3,279.7
2013,12,30,4,279.7
2013,12,30,5,279.0
2013,12,30,6,280.1
2013,12,30,7,280.2
2013,12,1,0,281.0
2013,12,1,1,280.8
2013,12,1,2,280.2
2013,12,1,3,280.4
2013,12,1,4,280.3
2013,12,1,5,280.7
2013,12,1,6,282.2
2013,12,1,7,282.4
2013,12,2,0,283.1
2013,12,2,1,283.3
2013,12,2,2,283.2
2013,12,2,3,282.0
2013,12,2,4,282.4
2013,12,2,5,282.2
2013,12,2,6,282.2
2013,12,2,7,282.0
2013,12,3,0,282.2
2013,12,3,1,281.1
2013,12,3,2,280.1
2013,12,3,3,279.6
2013,12,3,4,279.9
2013,12,3,5,279.9
2013,12,3,6,280.1
2013,12,3,7,279.5
2013,12,4,0,279.5
2013,12,4,1,279.4
2013,12,4,2,279.1
2013,12,4,3,279.0
2013,12,4,4,278.9
2013,12,4,5,279.0
2013,12,4,6,279.7
2013,12,4,7,280.0
2013,12,5,0,279.7
2013,12,5,1,279.4
2013,12,5,2,278.9
2013,12,5,3,278.2
2013,12,5,4,278.3
2013,12,5,5,278.9
2013,12,5,6,279.8
2013,12,5,7,280.8
2013,12,6,0,281.4
2013,12,6,1,282.0
2013,12,6,2,282.4
2013,12,6,3,282.7
2013,12,6,4,282.6
2013,12,6,5,283.1
2013,12,6,6,283.6
2013,12,6,7,284.5
2013,12,7,0,284.1
2013,12,7,1,283.3
2013,12,7,2,283.5
2013,12,7,3,283.3
2013,12,7,4,283.5
2013,12,7,5,283.5
2013,12,7,6,283.6
2013,12,7,7,283.8
2013,12,8,0,283.4
2013,12,8,1,283.1
2013,12,8,2,282.8
2013,12,8,3,282.4
2013,12,8,4,282.6
2013,12,8,5,282.4
2013,12,8,6,281.4
2013,12,8,7,281.2
2013,12,9,0,281.1
2013,12,9,1,280.0
2013,12,9,2,279.3
2013,12,9,3,279.8
2013,12,9,4,281.1
2013,12,9,5,281.7
2013,12,9,6,282.9
2013,12,9,7,283.1
2013,12,10,0,283.1
2013,12,10,1,282.8
2013,12,10,2,282.8
2013,12,10,3,282.5
2013,12,10,4,282.6
2013,12,10,5,282.5
2013,12,10,6,282.7
2013,12,10,7,282.2
2013,12,11,0,281.4
2013,12,11,1,282.9
2013,12,11,2,282.4
2013,12,11,3,281.6
2013,12,11,4,281.7
2013,12,11,5,281.3
2013,12,11,6,282.6
2013,12,11,7,282.9
2013,12,12,0,282.9
2013,12,12,1,282.7
2013,12,12,2,282.3
2013,12,12,3,281.9
2013,12,12,4,281.9
2013,12,12,5,281.0
2013,12,12,6,281.3
2013,12,12,7,281.2
2013,12,13,0,281.9
2013,12,13,1,281.3
2013,12,13,2,280.7
2013,12,13,3,280.3
2013,12,13,4,280.5
2013,12,13,5,280.4
2013,12,13,6,281.6
2013,12,13,7,282.2
2013,12,14,0,282.7
2013,12,14,1,283.0
2013,12,14,2,284.0
2013,12,14,3,283.5
2013,12,14,4,284.3
2013,12,14,5,285.3
2013,12,14,6,284.0
2013,12,14,7,285.6
2013,12,15,0,285.4
2013,12,15,1,285.4
2013,12,15,2,285.3
2013,12,15,3,285.2
2013,12,15,4,285.4
2013,12,15,5,285.0
2013,12,15,6,285.3
2013,12,15,7,284.9
2013,12,16,0,285.3
2013,12,16,1,285.6
2013,12,16,2,285.1
2013,12,16,3,284.2
2013,12,16,4,284.5
2013,12,16,5,284.7
2013,12,16,6,284.6
2013,12,16,7,284.3
2013,12,17,0,284.3
2013,12,17,1,283.8
2013,12,17,2,283.9
2013,12,17,3,283.7
2013,12,17,4,283.8
2013,12,17,5,283.3
2013,12,17,6,283.2
2013,12,17,7,283.3
2013,12,18,0,282.7
2013,12,18,1,282.2
2013,12,18,2,282.1
2013,12,18,3,282.0
2013,12,18,4,282.0
2013,12,18,5,281.7
2013,12,18,6,281.6
2013,12,18,7,281.8
2013,12,19,0,281.0
2013,12,19,1,280.8
2013,12,19,2,280.7
2013,12,19,3,280.4
2013,12,19,4,278.8
2013,12,19,5,278.3
2013,12,19,6,278.9
2013,12,19,7,277.6
2013,12,20,0,276.0
2013,12,20,1,276.8
2013,12,20,2,276.2
2013,12,20,3,274.3
2013,12,20,4,271.7
2013,12,20,5,273.2
2013,12,20,6,275.8
2013,12,20,7,276.6
2013,12,21,0,276.4
2013,12,21,1,276.7
2013,12,21,2,276.6
2013,12,21,3,277.0
2013,12,21,4,276.4
2013,12,21,5,276.2
2013,12,21,6,276.6
2013,12,21,7,276.3
2013,12,22,0,275.1
2013,12,22,1,275.6
2013,12,22,2,273.9
2013,12,22,3,273.3
2013,12,22,4,273.2
2013,12,22,5,272.4
2013,12,22,6,273.7
2013,12,22,7,274.3
2013,12,23,0,276.2
2013,12,23,1,276.5
2013,12,23,2,277.3
2013,12,23,3,278.3
2013,12,23,4,280.1
2013,12,23,5,280.5
2013,12,23,6,280.4
2013,12,23,7,280.9
2013,12,24,0,280.6
2013,12,24,1,282.8
2013,12,24,2,282.5
2013,12,24,3,281.4
2013,12,24,4,281.5
2013,12,24,5,281.0
2013,12,24,6,282.0
2013,12,24,7,281.9
2013,12,25,0,281.8
2013,12,25,1,282.4
2013,12,25,2,281.3
2013,12,25,3,281.2
2013,12,25,4,281.4
2013,12,25,5,281.4
2013,12,25,6,281.5
2013,12,25,7,281.3
2013,12,26,0,281.5
2013,12,26,1,281.1
2013,12,26,2,279.2
2013,12,26,3,279.0
2013,12,26,4,279.1
2013,12,26,5,277.3
2013,12,26,6,277.3
2013,12,26,7,279.0
2013,12,27,0,279.3
2013,12,27,1,279.4
2013,12,27,2,279.6
2013,12,27,3,279.7
2013,12,27,4,280.2
2013,12,27,5,280.7
2013,12,27,6,282.4
2013,12,27,7,282.2
2013,12,28,0,282.3
2013,12,28,1,282.4
2013,12,28,2,283.6
2013,12,28,3,283.8
2013,12,28,4,283.1
2013,12,28,5,284.3
2013,12,28,6,284.2
2013,12,28,7,284.5
2013,12,29,0,284.6
2013,12,29,1,284.5
2013,12,29,2,284.2
2013,12,29,3,284.0
2013,12,29,4,284.2
2013,12,29,5,284.4
2013,12,29,6,283.7
2013,12,29,7,283.7
2013,12,30,0,283.7
2013,12,30,1,283.4
2013,12,30,2,282.7
2013,12,30,3,282.2
2013,12,30,4,282.2
2013,12,30,5,281.7
2013,12,30,6,281.6
2013,12,30,7,281.9
2013,12,31,0,281.4
2013,12,31,1,281.2
2013,12,31,2,281.1
2013,12,31,3,280.7
2013,12,31,4,280.7
2013,12,31,5,280.9
2013,12,31,6,280.8
2013,12,31,7,281.1
2013,12,1,0,280.6
2013,12,1,1,280.1
2013,12,1,2,279.2
2013,12,1,3,278.2
2013,12,1,4,278.7
2013,12,1,5,278.3
2013,12,1,6,277.9
2013,12,1,7,277.8
2013,12,2,0,277.9
2013,12,2,1,278.3
2013,12,2,2,278.7
2013,12,2,3,278.9
2013,12,2,4,279.2
2013,12,2,5,279.5
2013,12,2,6,280.5
2013,12,2,7,280.2
2013,12,3,0,279.6
2013,12,3,1,279.2
2013,12,3,2,278.7
2013,12,3,3,278.2
2013,12,3,4,277.5
2013,12,3,5,277.3
2013,12,3,6,277.9
2013,12,3,7,279.1
2013,12,4,0,280.0
2013,12,4,1,279.5
2013,12,4,2,279.4
2013,12,4,3,279.6
2013,12,4,4,280.4
2013,12,4,5,281.7
2013,12,4,6,283.2
2013,12,4,7,284.8
2013,12,5,0,284.5
2013,12,5,1,284.9
2013,12,5,2,284.4
2013,12,5,3,283.8
2013,12,5,4,283.7
2013,12,5,5,283.8
2013,12,5,6,284.2
2013,12,5,7,284.9
2013,12,6,0,284.2
2013,12,6,1,284.6
2013,12,6,2,284.3
2013,12,6,3,283.5
2013,12,6,4,283.7
2013,12,6,5,283.9
2013,12,6,6,283.7
2013,12,6,7,285.1
2013,12,7,0,284.3
2013,12,7,1,283.1
2013,12,7,2,282.3
2013,12,7,3,282.1
2013,12,7,4,282.0
2013,12,7,5,281.6
2013,12,7,6,283.0
2013,12,7,7,281.8
2013,12,8,0,282.1
2013,12,8,1,281.4
2013,12,8,2,281.1
2013,12,8,3,280.7
2013,12,8,4,281.0
2013,12,8,5,280.3
2013,12,8,6,280.6
2013,12,8,7,280.1
2013,12,9,0,279.8
2013,12,9,1,279.4
2013,12,9,2,278.9
2013,12,9,3,277.6
2013,12,9,4,277.3
2013,12,9,5,277.1
2013,12,9,6,277.3
2013,12,9,7,279.8
2013,12,10,0,282.6
2013,12,10,1,283.8
2013,12,10,2,283.8
2013,12,10,3,283.5
2013,12,10,4,281.5
2013,12,10,5,282.3
2013,12,10,6,284.1
2013,12,10,7,283.7
2013,12,11,0,284.3
2013,12,11,1,283.9
2013,12,11,2,284.2
2013,12,11,3,283.7
2013,12,11,4,283.3
2013,12,11,5,284.6
2013,12,11,6,285.9
2013,12,11,7,286.2
2013,12,12,0,285.2
2013,12,12,1,284.0
2013,12,12,2,282.5
2013,12,12,3,282.7
2013,12,12,4,282.8
2013,12,12,5,283.4
2013,12,12,6,284.0
2013,12,12,7,285.0
2013,12,13,0,283.6
2013,12,13,1,283.7
2013,12,13,2,283.5
2013,12,13,3,284.0
2013,12,13,4,285.2
2013,12,13,5,284.3
2013,12,13,6,286.3
2013,12,13,7,284.8
2013,12,14,0,286.1
2013,12,14,1,285.9
2013,12,14,2,286.6
2013,12,14,3,286.1
2013,12,14,4,286.9
2013,12,14,5,286.9
2013,12,14,6,287.8
2013,12,14,7,287.1
2013,12,15,0,286.7
2013,12,15,1,285.8
2013,12,15,2,285.0
2013,12,15,3,284.0
2013,12,15,4,283.9
2013,12,15,5,284.4
2013,12,15,6,285.5
2013,12,15,7,284.9
2013,12,16,0,284.5
2013,12,16,1,284.0
2013,12,16,2,283.9
2013,12,16,3,283.7
2013,12,16,4,283.9
2013,12,16,5,284.7
2013,12,16,6,286.2
2013,12,16,7,285.8
2013,12,17,0,285.4
2013,12,17,1,285.0
2013,12,17,2,284.7
2013,12,17,3,284.2
2013,12,17,4,284.5
2013,12,17,5,284.9
2013,12,17,6,285.8
2013,12,17,7,284.4
2013,12,18,0,284.2
2013,12,18,1,283.2
2013,12,18,2,282.8
2013,12,18,3,282.5
2013,12,18,4,282.5
2013,12,18,5,282.2
2013,12,18,6,283.7
2013,12,18,7,283.2
2013,12,19,0,283.2
2013,12,19,1,282.3
2013,12,19,2,281.9
2013,12,19,3,281.4
2013,12,19,4,282.2
2013,12,19,5,283.8
2013,12,19,6,283.4
2013,12,19,7,283.4
2013,12,20,0,286.3
2013,12,20,1,284.1
2013,12,20,2,283.2
2013,12,20,3,282.4
2013,12,20,4,282.5
2013,12,20,5,282.5
2013,12,20,6,283.7
2013,12,20,7,283.2
2013,12,21,0,284.0
2013,12,21,1,283.4
2013,12,21,2,282.9
2013,12,21,3,282.6
2013,12,21,4,283.1
2013,12,21,5,283.2
2013,12,21,6,284.4
2013,12,21,7,283.7
2013,12,22,0,283.4
2013,12,22,1,283.1
2013,12,22,2,282.4
2013,12,22,3,282.1
2013,12,22,4,281.9
2013,12,22,5,281.9
2013,12,22,6,282.7
2013,12,22,7,282.2
2013,12,23,0,281.7
2013,12,23,1,280.7
2013,12,23,2,280.2
2013,12,23,3,279.6
2013,12,23,4,279.3
2013,12,23,5,278.5
2013,12,23,6,279.1
2013,12,23,7,278.0
2013,12,24,0,277.7
2013,12,24,1,277.7
2013,12,24,2,276.9
2013,12,24,3,274.8
2013,12,24,4,273.1
2013,12,24,5,274.5
2013,12,24,6,273.4
2013,12,24,7,273.0
2013,12,25,0,272.2
2013,12,25,1,271.3
2013,12,25,2,270.7
2013,12,25,3,270.1
2013,12,25,4,270.3
2013,12,25,5,271.6
2013,12,25,6,270.6
2013,12,25,7,271.1
2013,12,26,0,271.7
2013,12,26,1,272.1
2013,12,26,2,272.5
2013,12,26,3,273.7
2013,12,26,4,273.9
2013,12,26,5,274.6
2013,12,26,6,276.5
2013,12,26,7,279.2
2013,12,27,0,280.8
2013,12,27,1,282.2
2013,12,27,2,282.1
2013,12,27,3,283.1
2013,12,27,4,281.7
2013,12,27,5,281.8
2013,12,27,6,283.4
2013,12,27,7,283.6
2013,12,28,0,284.5
2013,12,28,1,285.0
2013,12,28,2,285.1
2013,12,28,3,285.1
2013,12,28,4,285.6
2013,12,28,5,285.5
2013,12,28,6,285.6
2013,12,28,7,284.5
2013,12,29,0,284.6
2013,12,29,1,284.3
2013,12,29,2,283.7
2013,12,29,3,283.1
2013,12,29,4,283.3
2013,12,29,5,283.0
2013,12,29,6,283.2
2013,12,29,7,282.3
2013,12,30,0,282.0
2013,12,30,1,281.7
2013,12,30,2,281.6
2013,12,30,3,281.4
2013,12,30,4,281.5
2013,12,30,5,281.3
2013,12,30,6,282.2
2013,12,30,7,281.6
2013,12,31,0,281.1
2013,12,31,1,280.7
2013,12,31,2,280.3
2013,12,31,3,280.1
2013,12,31,4,280.2
2013,12,31,5,280.7
2013,12,31,6,282.5
2013,12,31,7,282.0
2013,12,1,0,281.9
2013,12,1,1,282.0
2013,12,1,2,281.9
2013,12,1,3,281.3
2013,12,1,4,280.8
2013,12,1,5,281.4
2013,12,1,6,283.1
2013,12,1,7,282.7
2013,12,2,0,281.8
2013,12,2,1,282.4
2013,12,2,2,282.5
2013,12,2,3,281.8
2013,12,2,4,282.2
2013,12,2,5,282.4
2013,12,2,6,283.2
2013,12,2,7,283.4
2013,12,3,0,282.6
2013,12,3,1,282.1
2013,12,3,2,281.7
2013,12,3,3,282.4
2013,12,3,4,282.1
2013,12,3,5,281.8
2013,12,3,6,282.5
2013,12,3,7,283.0
2013,12,4,0,284.4
2013,12,4,1,285.0
2013,12,4,2,284.5
2013,12,4,3,284.5
2013,12,4,4,284.0
2013,12,4,5,283.8
2013,12,4,6,284.8
2013,12,4,7,285.0
2013,12,5,0,284.5
2013,12,5,1,283.6
2013,12,5,2,282.8
2013,12,5,3,281.5
2013,12,5,4,282.8
2013,12,5,5,282.9
2013,12,5,6,284.2
2013,12,5,7,285.4
2013,12,6,0,284.4
2013,12,6,1,284.1
2013,12,6,2,283.5
2013,12,6,3,283.1
2013,12,6,4,283.1
2013,12,6,5,283.5
2013,12,6,6,284.9
2013,12,6,7,285.9
2013,12,7,0,284.8
2013,12,7,1,287.0
2013,12,7,2,287.0
2013,12,7,3,285.9
2013,12,7,4,285.3
2013,12,7,5,286.2
2013,12,7,6,287.4
2013,12,7,7,287.1
2013,12,8,0,286.6
2013,12,8,1,286.0
2013,12,8,2,285.1
2013,12,8,3,285.4
2013,12,8,4,285.6
2013,12,8,5,286.3
2013,12,8,6,289.0
2013,12,8,7,289.1
2013,12,9,0,288.2
2013,12,9,1,288.0
2013,12,9,2,286.6
2013,12,9,3,285.3
2013,12,9,4,286.2
2013,12,9,5,285.3
2013,12,9,6,286.2
2013,12,9,7,285.3
2013,12,10,0,286.2
2013,12,10,1,286.6
2013,12,10,2,286.2
2013,12,10,3,285.5
2013,12,10,4,286.7
2013,12,10,5,286.9
2013,12,10,6,286.2
2013,12,10,7,285.2
2013,12,11,0,285.0
2013,12,11,1,284.8
2013,12,11,2,284.5
2013,12,11,3,285.3
2013,12,11,4,285.9
2013,12,11,5,283.6
2013,12,11,6,285.1
2013,12,11,7,284.6
2013,12,12,0,284.5
2013,12,12,1,284.2
2013,12,12,2,284.2
2013,12,12,3,283.7
2013,12,12,4,283.8
2013,12,12,5,284.0
2013,12,12,6,284.2
2013,12,12,7,284.7
2013,12,13,0,283.5
2013,12,13,1,283.1
2013,12,13,2,282.9
2013,12,13,3,282.5
2013,12,13,4,282.7
2013,12,13,5,282.7
2013,12,13,6,282.2
2013,12,13,7,281.7
2013,12,14,0,281.8
2013,12,14,1,280.6
2013,12,14,2,279.9
2013,12,14,3,279.5
2013,12,14,4,278.9
2013,12,14,5,278.7
2013,12,14,6,280.0
2013,12,14,7,279.2
2013,12,15,0,279.4
2013,12,15,1,278.9
2013,12,15,2,278.5
2013,12,15,3,278.2
2013,12,15,4,278.1
2013,12,15,5,277.8
2013,12,15,6,278.8
2013,12,15,7,277.9
2013,12,16,0,278.5
2013,12,16,1,277.5
2013,12,16,2,277.4
2013,12,16,3,276.9
2013,12,16,4,276.6
2013,12,16,5,276.2
2013,12,16,6,276.6
2013,12,16,7,278.1
2013,12,17,0,277.6
2013,12,17,1,277.9
2013,12,17,2,278.3
2013,12,17,3,278.0
2013,12,17,4,278.0
2013,12,17,5,278.4
2013,12,17,6,280.2
2013,12,17,7,280.2
2013,12,18,0,280.6
2013,12,18,1,280.3
2013,12,18,2,280.4
2013,12,18,3,280.2
2013,12,18,4,280.2
2013,12,18,5,280.6
2013,12,18,6,282.3
2013,12,18,7,282.0
2013,12,19,0,282.2
2013,12,19,1,281.7
2013,12,19,2,281.3
2013,12,19,3,280.7
2013,12,19,4,280.8
2013,12,19,5,281.2
2013,12,19,6,281.7
2013,12,19,7,280.2
2013,12,20,0,280.3
2013,12,20,1,279.2
2013,12,20,2,278.8
2013,12,20,3,278.2
2013,12,20,4,278.4
2013,12,20,5,278.1
2013,12,20,6,279.0
2013,12,20,7,278.9
2013,12,21,0,279.1
2013,12,21,1,278.5
2013,12,21,2,278.2
2013,12,21,3,277.1
2013,12,21,4,276.4
2013,12,21,5,276.8
2013,12,21,6,278.0
2013,12,21,7,277.4
2013,12,22,0,277.4
2013,12,22,1,276.9
2013,12,22,2,277.7
2013,12,22,3,277.2
2013,12,22,4,277.5
2013,12,22,5,279.1
2013,12,22,6,281.5
2013,12,22,7,281.8
2013,12,23,0,281.2
2013,12,23,1,280.3
2013,12,23,2,280.8
2013,12,23,3,280.7
2013,12,23,4,280.5
2013,12,23,5,281.6
2013,12,23,6,283.7
2013,12,23,7,283.7
2013,12,24,0,283.4
2013,12,24,1,282.7
2013,12,24,2,283.0
2013,12,24,3,282.7
2013,12,24,4,283.1
2013,12,24,5,283.9
2013,12,24,6,286.2
2013,12,24,7,286.4
2013,12,25,0,285.7
2013,12,25,1,285.2
2013,12,25,2,284.8
2013,12,25,3,284.2
2013,12,25,4,283.5
2013,12,25,5,284.2
2013,12,25,6,286.2
2013,12,25,7,285.2
2013,12,26,0,284.8
2013,12,26,1,284.2
2013,12,26,2,283.8
2013,12,26,3,283.0
2013,12,26,4,283.1
2013,12,26,5,283.4
2013,12,26,6,284.9
2013,12,26,7,284.1
2013,12,27,0,284.4
2013,12,27,1,283.8
2013,12,27,2,282.4
2013,12,27,3,280.1
2013,12,27,4,279.3
2013,12,27,5,279.0
2013,12,27,6,279.7
2013,12,27,7,279.0
2013,12,28,0,279.7
2013,12,28,1,279.6
2013,12,28,2,279.6
2013,12,28,3,279.5
2013,12,28,4,280.1
2013,12,28,5,281.1
2013,12,28,6,283.4
2013,12,28,7,282.4
2013,12,29,0,282.9
2013,12,29,1,282.5
2013,12,29,2,282.5
2013,12,29,3,281.8
2013,12,29,4,281.4
2013,12,29,5,281.5
2013,12,29,6,282.3
2013,12,29,7,281.1
2013,12,30,0,280.9
2013,12,30,1,280.7
2013,12,30,2,280.2
2013,12,30,3,279.4
2013,12,30,4,279.2
2013,12,30,5,280.2
2013,12,30,6,281.6
2013,12,30,7,281.1
2013,12,1,0,280.7
2013,12,1,1,280.0
2013,12,1,2,279.0
2013,12,1,3,278.1
2013,12,1,4,277.8
2013,12,1,5,278.8
2013,12,1,6,280.8
2013,12,1,7,280.8
2013,12,2,0,280.3
2013,12,2,1,279.7
2013,12,2,2,279.2
2013,12,2,3,278.1
2013,12,2,4,278.1
2013,12,2,5,278.2
2013,12,2,6,279.7
2013,12,2,7,278.4
2013,12,3,0,279.2
2013,12,3,1,278.6
2013,12,3,2,278.4
2013,12,3,3,278.0
2013,12,3,4,277.9
2013,12,3,5,279.5
2013,12,3,6,282.2
2013,12,3,7,281.9
2013,12,4,0,282.5
2013,12,4,1,282.9
2013,12,4,2,283.1
2013,12,4,3,283.0
2013,12,4,4,282.8
2013,12,4,5,283.8
2013,12,4,6,285.5
2013,12,4,7,284.1
2013,12,5,0,283.2
2013,12,5,1,282.9
2013,12,5,2,282.6
2013,12,5,3,282.1
2013,12,5,4,281.9
2013,12,5,5,283.1
2013,12,5,6,284.1
2013,12,5,7,283.0
2013,12,6,0,281.9
2013,12,6,1,281.0
2013,12,6,2,280.6
2013,12,6,3,280.2
2013,12,6,4,280.0
2013,12,6,5,281.0
2013,12,6,6,282.6
2013,12,6,7,281.2
2013,12,7,0,280.5
2013,12,7,1,280.4
2013,12,7,2,280.5
2013,12,7,3,280.3
2013,12,7,4,280.3
2013,12,7,5,281.7
2013,12,7,6,284.2
2013,12,7,7,283.4
2013,12,8,0,284.5
2013,12,8,1,284.2
2013,12,8,2,284.0
2013,12,8,3,283.3
2013,12,8,4,282.6
2013,12,8,5,283.8
2013,12,8,6,285.2
2013,12,8,7,283.9
2013,12,9,0,283.1
2013,12,9,1,282.0
2013,12,9,2,280.8
2013,12,9,3,280.1
2013,12,9,4,280.7
2013,12,9,5,281.6
2013,12,9,6,283.6
2013,12,9,7,282.6
2013,12,10,0,283.6
2013,12,10,1,283.3
2013,12,10,2,285.4
2013,12,10,3,285.0
2013,12,10,4,284.0
2013,12,10,5,282.4
2013,12,10,6,283.3
2013,12,10,7,283.2
2013,12,11,0,284.0
2013,12,11,1,281.9
2013,12,11,2,282.6
2013,12,11,3,282.4
2013,12,11,4,282.8
2013,12,11,5,281.2
2013,12,11,6,282.4
2013,12,11,7,282.1
2013,12,12,0,282.4
2013,12,12,1,281.8
2013,12,12,2,281.7
2013,12,12,3,281.3
2013,12,12,4,281.1
2013,12,12,5,281.1
2013,12,12,6,282.4
2013,12,12,7,282.3
2013,12,13,0,282.2
2013,12,13,1,282.0
2013,12,13,2,281.8
2013,12,13,3,281.4
2013,12,13,4,281.3
2013,12,13,5,281.6
2013,12,13,6,282.5
2013,12,13,7,282.0
2013,12,14,0,282.8
2013,12,14,1,282.7
2013,12,14,2,281.9
2013,12,14,3,281.6
2013,12,14,4,281.8
2013,12,14,5,282.3
2013,12,14,6,283.4
2013,12,14,7,282.9
2013,12,15,0,282.6
2013,12,15,1,281.9
2013,12,15,2,281.9
2013,12,15,3,281.4
2013,12,15,4,281.5
2013,12,15,5,281.9
2013,12,15,6,283.2
2013,12,15,7,281.8
2013,12,16,0,281.2
2013,12,16,1,281.0
2013,12,16,2,280.8
2013,12,16,3,280.5
2013,12,16,4,280.3
2013,12,16,5,280.6
2013,12,16,6,282.4
2013,12,16,7,281.8
2013,12,17,0,281.1
2013,12,17,1,281.5
2013,12,17,2,281.2
2013,12,17,3,280.5
2013,12,17,4,280.4
2013,12,17,5,281.3
2013,12,17,6,282.7
2013,12,17,7,281.5
2013,12,18,0,281.2
2013,12,18,1,281.4
2013,12,18,2,280.5
2013,12,18,3,280.4
2013,12,18,4,280.9
2013,12,18,5,282.3
2013,12,18,6,283.7
2013,12,18,7,283.5
2013,12,19,0,284.1
2013,12,19,1,283.5
2013,12,19,2,283.9
2013,12,19,3,283.2
2013,12,19,4,282.5
2013,12,19,5,282.7
2013,12,19,6,283.2
2013,12,19,7,281.5
2013,12,20,0,283.2
2013,12,20,1,282.8
2013,12,20,2,281.2
2013,12,20,3,279.8
2013,12,20,4,280.0
2013,12,20,5,279.7
2013,12,20,6,280.4
2013,12,20,7,280.8
2013,12,21,0,280.8
2013,12,21,1,280.4
2013,12,21,2,281.0
2013,12,21,3,280.8
2013,12,21,4,281.2
2013,12,21,5,282.0
2013,12,21,6,283.9
2013,12,21,7,284.8
2013,12,22,0,284.0
2013,12,22,1,283.2
2013,12,22,2,281.4
2013,12,22,3,281.2
2013,12,22,4,281.7
2013,12,22,5,281.2
2013,12,22,6,282.7
2013,12,22,7,282.6
2013,12,23,0,282.3
2013,12,23,1,281.7
2013,12,23,2,281.2
2013,12,23,3,280.6
2013,12,23,4,281.4
2013,12,23,5,281.1
2013,12,23,6,283.1
2013,12,23,7,282.8
2013,12,24,0,282.9
2013,12,24,1,282.9
2013,12,24,2,282.7
2013,12,24,3,282.4
2013,12,24,4,282.4
2013,12,24,5,282.6
2013,12,24,6,283.8
2013,12,24,7,283.9
2013,12,25,0,283.9
2013,12,25,1,283.2
2013,12,25,2,282.9
2013,12,25,3,283.7
2013,12,25,4,283.7
2013,12,25,5,283.8
2013,12,25,6,283.1
2013,12,25,7,283.0
2013,12,26,0,283.7
2013,12,26,1,283.5
2013,12,26,2,282.8
2013,12,26,3,282.4
2013,12,26,4,282.9
2013,12,26,5,283.8
2013,12,26,6,285.8
2013,12,26,7,285.5
2013,12,27,0,285.8
2013,12,27,1,285.7
2013,12,27,2,285.4
2013,12,27,3,285.0
2013,12,27,4,284.7
2013,12,27,5,284.7
2013,12,27,6,285.9
2013,12,27,7,287.3
2013,12,28,0,286.6
2013,12,28,1,284.6
2013,12,28,2,283.6
2013,12,28,3,283.8
2013,12,28,4,284.4
2013,12,28,5,284.2
2013,12,28,6,285.1
2013,12,28,7,286.0
2013,12,29,0,285.5
2013,12,29,1,285.1
2013,12,29,2,284.8
2013,12,29,3,284.7
2013,12,29,4,285.2
2013,12,29,5,285.0
2013,12,29,6,285.0
2013,12,29,7,287.1
2013,12,30,0,286.6
2013,12,30,1,286.2
2013,12,30,2,285.8
2013,12,30,3,285.5
2013,12,30,4,285.5
2013,12,30,5,284.7
2013,12,30,6,285.6
2013,12,30,7,285.6
2013,12,31,0,285.4
2013,12,31,1,284.9
2013,12,31,2,283.9
2013,12,31,3,283.6
2013,12,31,4,283.5
2013,12,31,5,282.5
2013,12,31,6,283.2
2013,12,31,7,282.0
2013,12,1,0,282.3
2013,12,1,1,281.0
2013,12,1,2,280.0
2013,12,1,3,278.6
2013,12,1,4,278.0
2013,12,1,5,277.8
2013,12,1,6,278.7
2013,12,1,7,278.2
2013,12,2,0,279.4
2013,12,2,1,280.2
2013,12,2,2,280.6
2013,12,2,3,280.6
2013,12,2,4,280.1
2013,12,2,5,280.7
2013,12,2,6,282.3
2013,12,2,7,283.8
2013,12,3,0,283.4
2013,12,3,1,284.4
2013,12,3,2,284.7
2013,12,3,3,284.3
2013,12,3,4,283.2
2013,12,3,5,283.4
2013,12,3,6,283.5
2013,12,3,7,284.9
2013,12,4,0,284.6
2013,12,4,1,284.9
2013,12,4,2,284.4
2013,12,4,3,284.1
2013,12,4,4,283.9
2013,12,4,5,281.7
2013,12,4,6,283.0
2013,12,4,7,284.4
2013,12,5,0,283.8
2013,12,5,1,283.9
2013,12,5,2,283.0
2013,12,5,3,282.9
2013,12,5,4,283.0
2013,12,5,5,281.2
2013,12,5,6,282.6
2013,12,5,7,282.2
2013,12,6,0,281.7
2013,12,6,1,280.8
2013,12,6,2,280.8
2013,12,6,3,280.6
2013,12,6,4,280.8
2013,12,6,5,281.6
2013,12,6,6,283.1
2013,12,6,7,283.2
2013,12,7,0,284.2
2013,12,7,1,283.7
2013,12,7,2,282.6
2013,12,7,3,281.9
2013,12,7,4,282.2
2013,12,7,5,282.5
2013,12,7,6,285.0
2013,12,7,7,286.2
2013,12,8,0,285.8
2013,12,8,1,284.9
2013,12,8,2,283.6
2013,12,8,3,283.2
2013,12,8,4,284.4
2013,12,8,5,284.5
2013,12,8,6,286.5
2013,12,8,7,286.1
2013,12,9,0,285.1
2013,12,9,1,284.6
2013,12,9,2,283.9
2013,12,9,3,282.6
2013,12,9,4,283.7
2013,12,9,5,284.5
2013,12,9,6,283.7
2013,12,9,7,283.4
2013,12,10,0,283.8
2013,12,10,1,281.8
2013,12,10,2,280.4
2013,12,10,3,278.5
2013,12,10,4,277.9
2013,12,10,5,277.0
2013,12,10,6,278.5
2013,12,10,7,278.6
2013,12,11,0,279.4
2013,12,11,1,278.9
2013,12,11,2,278.9
2013,12,11,3,281.6
2013,12,11,4,282.7
2013,12,11,5,280.6
2013,12,11,6,283.0
2013,12,11,7,282.7
2013,12,12,0,283.6
2013,12,12,1,283.0
2013,12,12,2,283.9
2013,12,12,3,284.1
2013,12,12,4,283.7
2013,12,12,5,284.8
2013,12,12,6,285.8
2013,12,12,7,286.3
2013,12,13,0,285.9
2013,12,13,1,284.9
2013,12,13,2,285.5
2013,12,13,3,284.6
2013,12,13,4,283.7
2013,12,13,5,284.4
2013,12,13,6,285.8
2013,12,13,7,285.4
2013,12,14,0,285.0
2013,12,14,1,284.0
2013,12,14,2,282.9
2013,12,14,3,283.1
2013,12,14,4,283.9
2013,12,14,5,285.1
2013,12,14,6,286.7
2013,12,14,7,287.7
2013,12,15,0,286.9
2013,12,15,1,286.2
2013,12,15,2,285.7
2013,12,15,3,285.0
2013,12,15,4,285.6
2013,12,15,5,286.2
2013,12,15,6,287.3
2013,12,15,7,287.2
2013,12,16,0,288.5
2013,12,16,1,287.2
2013,12,16,2,286.8
2013,12,16,3,286.3
2013,12,16,4,286.1
2013,12,16,5,287.0
2013,12,16,6,287.6
2013,12,16,7,289.4
2013,12,17,0,287.3
2013,12,17,1,286.2
2013,12,17,2,285.2
2013,12,17,3,283.4
2013,12,17,4,283.9
2013,12,17,5,284.9
2013,12,17,6,285.4
2013,12,17,7,286.1
2013,12,18,0,284.7
2013,12,18,1,283.6
2013,12,18,2,282.1
2013,12,18,3,281.2
2013,12,18,4,281.1
2013,12,18,5,282.0
2013,12,18,6,283.2
2013,12,18,7,282.0
2013,12,19,0,280.6
2013,12,19,1,279.4
2013,12,19,2,278.5
2013,12,19,3,277.7
2013,12,19,4,277.7
2013,12,19,5,278.3
2013,12,19,6,279.4
2013,12,19,7,278.9
2013,12,20,0,278.3
2013,12,20,1,277.7
2013,12,20,2,277.2
2013,12,20,3,276.8
2013,12,20,4,277.0
2013,12,20,5,278.2
2013,12,20,6,280.6
2013,12,20,7,281.7
2013,12,21,0,281.1
2013,12,21,1,280.3
2013,12,21,2,280.4
2013,12,21,3,280.9
2013,12,21,4,281.2
2013,12,21,5,283.6
2013,12,21,6,285.2
2013,12,21,7,284.5
2013,12,22,0,283.7
2013,12,22,1,283.3
2013,12,22,2,282.4
2013,12,22,3,282.4
2013,12,22,4,282.7
2013,12,22,5,284.6
2013,12,22,6,286.2
2013,12,22,7,284.8
2013,12,23,0,286.7
2013,12,23,1,284.1
2013,12,23,2,283.0
2013,12,23,3,283.9
2013,12,23,4,282.6
2013,12,23,5,284.1
2013,12,23,6,284.6
2013,12,23,7,283.4
2013,12,24,0,282.9
2013,12,24,1,282.9
2013,12,24,2,282.5
2013,12,24,3,282.2
2013,12,24,4,283.0
2013,12,24,5,283.3
2013,12,24,6,283.8
2013,12,24,7,282.2
2013,12,25,0,283.9
2013,12,25,1,282.5
2013,12,25,2,282.5
2013,12,25,3,282.5
2013,12,25,4,283.5
2013,12,25,5,283.4
2013,12,25,6,283.5
2013,12,25,7,282.4
2013,12,26,0,283.8
2013,12,26,1,283.3
2013,12,26,2,282.8
2013,12,26,3,282.8
2013,12,26,4,283.4
2013,12,26,5,283.2
2013,12,26,6,284.2
2013,12,26,7,284.1
2013,12,27,0,284.6
2013,12,27,1,284.3
2013,12,27,2,283.7
2013,12,27,3,283.2
2013,12,27,4,283.7
2013,12,27,5,284.4
2013,12,27,6,285.0
2013,12,27,7,286.8
2013,12,28,0,285.9
2013,12,28,1,284.7
2013,12,28,2,284.0
2013,12,28,3,283.4
2013,12,28,4,283.5
2013,12,28,5,283.9
2013,12,28,6,284.7
2013,12,28,7,287.9
2013,12,29,0,286.5
2013,12,29,1,285.9
2013,12,29,2,284.8
2013,12,29,3,283.6
2013,12,29,4,283.0
2013,12,29,5,284.5
2013,12,29,6,285.1
2013,12,29,7,286.9
2013,12,30,0,285.6
2013,12,30,1,285.0
2013,12,30,2,284.3
2013,12,30,3,283.5
2013,12,30,4,283.5
2013,12,30,5,284.8
2013,12,30,6,285.9
2013,12,30,7,286.8
2013,12,1,0,286.2
2013,12,1,1,285.6
2013,12,1,2,284.7
2013,12,1,3,285.5
2013,12,1,4,286.4
2013,12,1,5,286.9
2013,12,1,6,286.2
2013,12,1,7,289.6
2013,12,2,0,288.1
2013,12,2,1,288.0
2013,12,2,2,287.3
2013,12,2,3,287.5
2013,12,2,4,288.5
2013,12,2,5,287.9
2013,12,2,6,289.1
2013,12,2,7,287.6
2013,12,3,0,290.0
2013,12,3,1,290.8
2013,12,3,2,290.9
2013,12,3,3,291.9
2013,12,3,4,289.6
2013,12,3,5,288.8
2013,12,3,6,289.1
2013,12,3,7,289.7
2013,12,4,0,290.8
2013,12,4,1,289.9
2013,12,4,2,290.0
2013,12,4,3,288.5
2013,12,4,4,287.4
2013,12,4,5,287.8
2013,12,4,6,287.3
2013,12,4,7,286.5
2013,12,5,0,286.5
2013,12,5,1,285.9
2013,12,5,2,286.2
2013,12,5,3,283.6
2013,12,5,4,283.2
2013,12,5,5,283.6
2013,12,5,6,285.1
2013,12,5,7,284.4
2013,12,6,0,285.2
2013,12,6,1,285.0
2013,12,6,2,284.0
2013,12,6,3,283.6
2013,12,6,4,284.3
2013,12,6,5,284.8
2013,12,6,6,285.4
2013,12,6,7,286.2
2013,12,7,0,285.4
2013,12,7,1,284.2
2013,12,7,2,283.6
2013,12,7,3,283.5
2013,12,7,4,284.5
2013,12,7,5,285.3
2013,12,7,6,286.3
2013,12,7,7,285.1
2013,12,8,0,286.0
2013,12,8,1,283.0
2013,12,8,2,283.2
2013,12,8,3,282.5
2013,12,8,4,282.8
2013,12,8,5,283.3
2013,12,8,6,284.4
2013,12,8,7,284.4
2013,12,9,0,284.3
2013,12,9,1,284.8
2013,12,9,2,284.0
2013,12,9,3,283.6
2013,12,9,4,284.1
2013,12,9,5,285.1
2013,12,9,6,284.6
2013,12,9,7,285.3
2013,12,10,0,285.1
2013,12,10,1,285.2
2013,12,10,2,285.0
2013,12,10,3,284.8
2013,12,10,4,284.4
2013,12,10,5,284.6
2013,12,10,6,286.5
2013,12,10,7,284.9
2013,12,11,0,285.3
2013,12,11,1,285.1
2013,12,11,2,284.8
2013,12,11,3,285.6
2013,12,11,4,285.5
2013,12,11,5,284.5
2013,12,11,6,284.8
2013,12,11,7,287.7
2013,12,12,0,285.7
2013,12,12,1,284.4
2013,12,12,2,283.4
2013,12,12,3,282.7
2013,12,12,4,282.7
2013,12,12,5,284.1
2013,12,12,6,285.0
2013,12,12,7,283.5
2013,12,13,0,284.7
2013,12,13,1,282.4
2013,12,13,2,282.3
2013,12,13,3,282.4
2013,12,13,4,282.6
2013,12,13,5,283.2
2013,12,13,6,284.3
2013,12,13,7,284.3
2013,12,14,0,283.4
2013,12,14,1,283.0
2013,12,14,2,282.3
2013,12,14,3,282.1
2013,12,14,4,282.2
2013,12,14,5,283.2
2013,12,14,6,284.9
2013,12,14,7,284.6
2013,12,15,0,283.7
2013,12,15,1,283.7
2013,12,15,2,282.4
2013,12,15,3,282.0
2013,12,15,4,282.1
2013,12,15,5,284.0
2013,12,15,6,286.0
2013,12,15,7,285.1
2013,12,16,0,284.2
2013,12,16,1,284.4
2013,12,16,2,284.0
2013,12,16,3,283.7
2013,12,16,4,284.3
2013,12,16,5,286.0
2013,12,16,6,286.1
2013,12,16,7,284.3
2013,12,17,0,283.7
2013,12,17,1,283.9
2013,12,17,2,283.4
2013,12,17,3,283.0
2013,12,17,4,283.3
2013,12,17,5,284.4
2013,12,17,6,285.1
2013,12,17,7,283.8
2013,12,18,0,285.6
2013,12,18,1,284.8
2013,12,18,2,284.4
2013,12,18,3,284.1
2013,12,18,4,285.0
2013,12,18,5,284.9
2013,12,18,6,285.1
2013,12,18,7,287.5
2013,12,19,0,287.3
2013,12,19,1,286.8
2013,12,19,2,286.4
2013,12,19,3,286.4
2013,12,19,4,284.4
2013,12,19,5,285.5
2013,12,19,6,285.1
2013,12,19,7,285.7
2013,12,20,0,284.9
2013,12,20,1,284.7
2013,12,20,2,285.3
2013,12,20,3,284.9
2013,12,20,4,285.2
2013,12,20,5,284.7
2013,12,20,6,287.2
2013,12,20,7,285.7
2013,12,21,0,285.3
2013,12,21,1,284.7
2013,12,21,2,284.6
2013,12,21,3,283.7
2013,12,21,4,284.3
2013,12,21,5,284.2
2013,12,21,6,284.3
2013,12,21,7,286.5
2013,12,22,0,285.5
2013,12,22,1,284.2
2013,12,22,2,283.4
2013,12,22,3,283.2
2013,12,22,4,283.2
2013,12,22,5,283.6
2013,12,22,6,284.4
2013,12,22,7,284.9
2013,12,23,0,285.9
2013,12,23,1,286.1
2013,12,23,2,286.0
2013,12,23,3,284.8
2013,12,23,4,285.6
2013,12,23,5,284.5
2013,12,23,6,285.1
2013,12,23,7,284.5
2013,12,24,0,287.2
2013,12,24,1,285.7
2013,12,24,2,285.9
2013,12,24,3,286.4
2013,12,24,4,285.0
2013,12,24,5,284.0
2013,12,24,6,283.9
2013,12,24,7,282.7
2013,12,25,0,285.3
2013,12,25,1,283.5
2013,12,25,2,282.9
2013,12,25,3,282.4
2013,12,25,4,282.9
2013,12,25,5,283.9
2013,12,25,6,282.8
2013,12,25,7,283.2
2013,12,26,0,283.9
2013,12,26,1,283.4
2013,12,26,2,282.9
2013,12,26,3,282.8
2013,12,26,4,283.1
2013,12,26,5,282.9
2013,12,26,6,283.1
2013,12,26,7,283.2
2013,12,27,0,284.4
2013,12,27,1,284.9
2013,12,27,2,284.2
2013,12,27,3,284.2
2013,12,27,4,286.1
2013,12,27,5,285.5
2013,12,27,6,285.8
2013,12,27,7,286.9
2013,12,28,0,285.9
2013,12,28,1,286.5
2013,12,28,2,285.8
2013,12,28,3,285.8
2013,12,28,4,286.9
2013,12,28,5,287.0
2013,12,28,6,289.9
2013,12,28,7,288.1
2013,12,29,0,287.3
2013,12,29,1,288.2
2013,12,29,2,287.2
2013,12,29,3,286.6
2013,12,29,4,286.6
2013,12,29,5,287.0
2013,12,29,6,286.4
2013,12,29,7,287.5
2013,12,30,0,287.7
2013,12,30,1,288.0
2013,12,30,2,286.5
2013,12,30,3,287.1
2013,12,30,4,287.2
2013,12,30,5,285.4
2013,12,30,6,286.8
2013,12,30,7,285.6
2013,12,31,0,289.2
2013,12,31,1,288.7
2013,12,31,2,288.0
2013,12,31,3,285.0
2013,12,31,4,285.7
2013,12,31,5,285.4
2013,12,31,6,285.2
2013,12,31,7,286.5
2014,12,1,0,285.1
2014,12,1,1,285.4
2014,12,1,2,283.6
2014,12,1,3,284.5
2014,12,1,4,284.3
2014,12,1,5,284.2
2014,12,1,6,284.1
2014,12,1,7,285.1
2014,12,2,0,284.3
2014,12,2,1,283.0
2014,12,2,2,282.3
2014,12,2,3,282.4
2014,12,2,4,282.4
2014,12,2,5,284.4
2014,12,2,6,284.6
2014,12,2,7,283.6
2014,12,3,0,285.4
2014,12,3,1,282.4
2014,12,3,2,281.9
2014,12,3,3,282.1
2014,12,3,4,282.2
2014,12,3,5,284.2
2014,12,3,6,284.8
2014,12,3,7,284.8
2014,12,4,0,284.7
2014,12,4,1,284.6
2014,12,4,2,284.7
2014,12,4,3,285.3
2014,12,4,4,286.2
2014,12,4,5,287.1
2014,12,4,6,286.4
2014,12,4,7,285.9
2014,12,5,0,285.7
2014,12,5,1,286.2
2014,12,5,2,286.5
2014,12,5,3,286.3
2014,12,5,4,286.4
2014,12,5,5,286.4
2014,12,5,6,287.3
2014,12,5,7,286.5
2014,12,6,0,286.4
2014,12,6,1,286.4
2014,12,6,2,285.8
2014,12,6,3,285.4
2014,12,6,4,285.3
2014,12,6,5,286.7
2014,12,6,6,286.6
2014,12,6,7,285.0
2014,12,7,0,285.9
2014,12,7,1,286.0
2014,12,7,2,285.7
2014,12,7,3,284.8
2014,12,7,4,284.3
2014,12,7,5,285.9
2014,12,7,6,285.8
2014,12,7,7,285.2
2014,12,8,0,285.1
2014,12,8,1,286.5
2014,12,8,2,284.8
2014,12,8,3,284.3
2014,12,8,4,285.0
2014,12,8,5,285.2
2014,12,8,6,285.4
2014,12,8,7,284.4
2014,12,9,0,285.1
2014,12,9,1,286.2
2014,12,9,2,285.8
2014,12,9,3,285.5
2014,12,9,4,286.4
2014,12,9,5,285.1
2014,12,9,6,285.9
2014,12,9,7,287.7
2014,12,10,0,287.6
2014,12,10,1,287.2
2014,12,10,2,287.7
2014,12,10,3,286.7
2014,12,10,4,285.9
2014,12,10,5,285.6
2014,12,10,6,286.2
2014,12,10,7,285.3
2014,12,11,0,288.6
2014,12,11,1,288.7
2014,12,11,2,290.2
2014,12,11,3,288.9
2014,12,11,4,288.0
2014,12,11,5,286.4
2014,12,11,6,288.8
2014,12,11,7,288.1
2014,12,12,0,288.9
2014,12,12,1,288.1
2014,12,12,2,286.6
2014,12,12,3,286.4
2014,12,12,4,287.4
2014,12,12,5,286.2
2014,12,12,6,286.1
2014,12,12,7,288.5
2014,12,13,0,287.2
2014,12,13,1,287.9
2014,12,13,2,286.7
2014,12,13,3,286.1
2014,12,13,4,285.5
2014,12,13,5,286.1
2014,12,13,6,286.1
2014,12,13,7,285.9
2014,12,14,0,286.9
2014,12,14,1,286.6
2014,12,14,2,286.3
2014,12,14,3,284.8
2014,12,14,4,284.3
2014,12,14,5,285.7
2014,12,14,6,287.3
2014,12,14,7,285.9
2014,12,15,0,284.9
2014,12,15,1,284.8
2014,12,15,2,284.5
2014,12,15,3,283.6
2014,12,15,4,284.9
2014,12,15,5,285.8
2014,12,15,6,286.8
2014,12,15,7,285.4
2014,12,16,0,285.7
2014,12,16,1,285.1
2014,12,16,2,285.1
2014,12,16,3,285.4
2014,12,16,4,285.6
2014,12,16,5,285.9
2014,12,16,6,285.9
2014,12,16,7,284.0
2014,12,17,0,283.2
2014,12,17,1,284.2
2014,12,17,2,283.4
2014,12,17,3,282.9
2014,12,17,4,282.4
2014,12,17,5,283.7
2014,12,17,6,284.4
2014,12,17,7,283.8
2014,12,18,0,283.9
2014,12,18,1,284.8
2014,12,18,2,284.1
2014,12,18,3,283.6
2014,12,18,4,283.6
2014,12,18,5,284.8
2014,12,18,6,285.3
2014,12,18,7,284.2
2014,12,19,0,285.0
2014,12,19,1,284.4
2014,12,19,2,283.5
2014,12,19,3,282.6
2014,12,19,4,282.7
2014,12,19,5,284.1
2014,12,19,6,285.7
2014,12,19,7,284.3
2014,12,20,0,287.3
2014,12,20,1,285.5
2014,12,20,2,284.0
2014,12,20,3,283.4
2014,12,20,4,284.9
2014,12,20,5,285.2
2014,12,20,6,286.1
2014,12,20,7,285.4
2014,12,21,0,285.2
2014,12,21,1,285.3
2014,12,21,2,283.9
2014,12,21,3,283.4
2014,12,21,4,283.9
2014,12,21,5,285.4
2014,12,21,6,286.2
2014,12,21,7,283.4
2014,12,22,0,285.8
2014,12,22,1,284.0
2014,12,22,2,283.4
2014,12,22,3,283.7
2014,12,22,4,284.0
2014,12,22,5,285.6
2014,12,22,6,285.5
2014,12,22,7,282.3
2014,12,23,0,284.9
2014,12,23,1,283.3
2014,12,23,2,284.1
2014,12,23,3,284.2
2014,12,23,4,283.9
2014,12,23,5,283.9
2014,12,23,6,284.4
2014,12,23,7,283.1
2014,12,24,0,284.8
2014,12,24,1,283.8
2014,12,24,2,282.8
2014,12,24,3,281.2
2014,12,24,4,280.9
2014,12,24,5,282.1
2014,12,24,6,282.7
2014,12,24,7,282.5
2014,12,25,0,284.7
2014,12,25,1,283.2
2014,12,25,2,283.9
2014,12,25,3,282.6
2014,12,25,4,281.4
2014,12,25,5,282.4
2014,12,25,6,283.6
2014,12,25,7,282.7
2014,12,26,0,285.0
2014,12,26,1,282.0
2014,12,26,2,282.5
2014,12,26,3,282.4
2014,12,26,4,283.0
2014,12,26,5,282.5
2014,12,26,6,283.3
2014,12,26,7,283.0
2014,12,27,0,284.1
2014,12,27,1,283.7
2014,12,27,2,284.4
2014,12,27,3,282.5
2014,12,27,4,282.3
2014,12,27,5,282.6
2014,12,27,6,283.5
2014,12,27,7,283.7
2014,12,28,0,283.7
2014,12,28,1,283.7
2014,12,28,2,284.0
2014,12,28,3,282.1
2014,12,28,4,281.8
2014,12,28,5,281.8
2014,12,28,6,282.9
2014,12,28,7,282.1
2014,12,29,0,283.3
2014,12,29,1,283.2
2014,12,29,2,282.6
2014,12,29,3,282.9
2014,12,29,4,283.5
2014,12,29,5,282.8
2014,12,29,6,283.5
2014,12,29,7,282.6
2014,12,30,0,282.9
2014,12,30,1,283.2
2014,12,30,2,284.2
2014,12,30,3,283.6
2014,12,30,4,282.6
2014,12,30,5,282.3
2014,12,30,6,282.7
2014,12,30,7,281.8
2014,12,31,0,282.2
2014,12,31,1,283.0
2014,12,31,2,281.8
2014,12,31,3,282.1
2014,12,31,4,283.1
2014,12,31,5,282.0
2014,12,31,6,282.0
2014,12,31,7,282.5
2014,12,1,0,284.0
2014,12,1,1,283.6
2014,12,1,2,283.6
2014,12,1,3,282.9
2014,12,1,4,283.0
2014,12,1,5,283.6
2014,12,1,6,283.7
2014,12,1,7,285.3
2014,12,2,0,285.9
2014,12,2,1,285.0
2014,12,2,2,283.7
2014,12,2,3,282.8
2014,12,2,4,282.9
2014,12,2,5,283.6
2014,12,2,6,284.8
2014,12,2,7,284.0
2014,12,3,0,283.9
2014,12,3,1,283.8
2014,12,3,2,283.6
2014,12,3,3,283.1
2014,12,3,4,282.8
2014,12,3,5,283.9
2014,12,3,6,284.8
2014,12,3,7,284.1
2014,12,4,0,283.5
2014,12,4,1,284.0
2014,12,4,2,283.2
2014,12,4,3,281.7
2014,12,4,4,281.4
2014,12,4,5,282.6
2014,12,4,6,283.5
2014,12,4,7,282.6
2014,12,5,0,281.8
2014,12,5,1,281.1
2014,12,5,2,280.6
2014,12,5,3,280.0
2014,12,5,4,280.9
2014,12,5,5,282.5
2014,12,5,6,283.8
2014,12,5,7,282.8
2014,12,6,0,283.8
2014,12,6,1,283.9
2014,12,6,2,282.2
2014,12,6,3,281.9
2014,12,6,4,282.0
2014,12,6,5,282.2
2014,12,6,6,283.2
2014,12,6,7,282.7
2014,12,7,0,283.8
2014,12,7,1,284.3
2014,12,7,2,283.1
2014,12,7,3,283.1
2014,12,7,4,283.4
2014,12,7,5,283.8
2014,12,7,6,284.3
2014,12,7,7,283.7
2014,12,8,0,284.5
2014,12,8,1,284.7
2014,12,8,2,283.9
2014,12,8,3,283.5
2014,12,8,4,283.1
2014,12,8,5,284.1
2014,12,8,6,285.2
2014,12,8,7,284.2
2014,12,9,0,286.9
2014,12,9,1,284.9
2014,12,9,2,284.4
2014,12,9,3,283.8
2014,12,9,4,284.1
2014,12,9,5,284.6
2014,12,9,6,285.3
2014,12,9,7,284.5
2014,12,10,0,284.2
2014,12,10,1,285.0
2014,12,10,2,284.8
2014,12,10,3,284.8
2014,12,10,4,284.9
2014,12,10,5,284.8
2014,12,10,6,285.4
2014,12,10,7,284.7
2014,12,11,0,286.0
2014,12,11,1,285.7
2014,12,11,2,284.9
2014,12,11,3,284.2
2014,12,11,4,284.4
2014,12,11,5,285.6
2014,12,11,6,286.4
2014,12,11,7,285.1
2014,12,12,0,285.6
2014,12,12,1,285.7
2014,12,12,2,285.1
2014,12,12,3,285.6
2014,12,12,4,285.2
2014,12,12,5,285.8
2014,12,12,6,286.2
2014,12,12,7,287.2
2014,12,13,0,287.8
2014,12,13,1,287.5
2014,12,13,2,287.2
2014,12,13,3,286.1
2014,12,13,4,285.0
2014,12,13,5,284.1
2014,12,13,6,285.0
2014,12,13,7,283.9
2014,12,14,0,285.0
2014,12,14,1,283.1
2014,12,14,2,283.8
2014,12,14,3,284.0
2014,12,14,4,284.6
2014,12,14,5,283.4
2014,12,14,6,285.2
2014,12,14,7,285.1
2014,12,15,0,285.1
2014,12,15,1,285.9
2014,12,15,2,284.3
2014,12,15,3,283.8
2014,12,15,4,283.8
2014,12,15,5,284.7
2014,12,15,6,283.5
2014,12,15,7,283.6
2014,12,16,0,283.7
2014,12,16,1,283.1
2014,12,16,2,282.7
2014,12,16,3,282.4
2014,12,16,4,282.5
2014,12,16,5,282.3
2014,12,16,6,283.5
2014,12,16,7,283.0
2014,12,17,0,283.0
2014,12,17,1,283.3
2014,12,17,2,283.5
2014,12,17,3,283.2
2014,12,17,4,284.0
2014,12,17,5,284.2
2014,12,17,6,282.7
2014,12,17,7,282.6
2014,12,18,0,282.8
2014,12,18,1,282.8
2014,12,18,2,282.6
2014,12,18,3,282.6
2014,12,18,4,283.0
2014,12,18,5,282.4
2014,12,18,6,283.4
2014,12,18,7,282.6
2014,12,19,0,282.5
2014,12,19,1,282.3
2014,12,19,2,282.1
2014,12,19,3,282.0
2014,12,19,4,281.7
2014,12,19,5,281.7
2014,12,19,6,283.6
2014,12,19,7,283.0
2014,12,20,0,283.5
2014,12,20,1,282.7
2014,12,20,2,281.5
2014,12,20,3,281.1
2014,12,20,4,282.3
2014,12,20,5,282.8
2014,12,20,6,284.1
2014,12,20,7,284.1
2014,12,21,0,285.2
2014,12,21,1,284.3
2014,12,21,2,283.9
2014,12,21,3,283.5
2014,12,21,4,283.8
2014,12,21,5,284.0
2014,12,21,6,284.6
2014,12,21,7,283.4
2014,12,22,0,284.9
2014,12,22,1,284.5
2014,12,22,2,283.9
2014,12,22,3,284.0
2014,12,22,4,284.1
2014,12,22,5,284.4
2014,12,22,6,285.5
2014,12,22,7,284.2
2014,12,23,0,287.0
2014,12,23,1,286.4
2014,12,23,2,286.9
2014,12,23,3,286.0
2014,12,23,4,286.1
2014,12,23,5,285.2
2014,12,23,6,285.9
2014,12,23,7,287.8
2014,12,24,0,287.7
2014,12,24,1,287.7
2014,12,24,2,286.7
2014,12,24,3,285.4
2014,12,24,4,284.8
2014,12,24,5,283.0
2014,12,24,6,284.1
2014,12,24,7,284.3
2014,12,25,0,284.8
2014,12,25,1,284.5
2014,12,25,2,284.5
2014,12,25,3,284.0
2014,12,25,4,283.6
2014,12,25,5,283.3
2014,12,25,6,285.1
2014,12,25,7,284.7
2014,12,26,0,284.9
2014,12,26,1,284.3
2014,12,26,2,283.7
2014,12,26,3,283.4
2014,12,26,4,284.0
2014,12,26,5,283.2
2014,12,26,6,285.8
2014,12,26,7,285.9
2014,12,27,0,286.4
2014,12,27,1,287.6
2014,12,27,2,286.6
2014,12,27,3,284.6
2014,12,27,4,285.5
2014,12,27,5,285.3
2014,12,27,6,286.7
2014,12,27,7,288.2
2014,12,28,0,288.1
2014,12,28,1,287.9
2014,12,28,2,286.9
2014,12,28,3,285.9
2014,12,28,4,285.5
2014,12,28,5,284.7
2014,12,28,6,285.6
2014,12,28,7,286.6
2014,12,1,0,287.0
2014,12,1,1,287.0
2014,12,1,2,285.6
2014,12,1,3,284.2
2014,12,1,4,283.4
2014,12,1,5,282.6
2014,12,1,6,283.0
2014,12,1,7,283.0
2014,12,2,0,283.8
2014,12,2,1,282.6
2014,12,2,2,280.7
2014,12,2,3,280.3
2014,12,2,4,280.5
2014,12,2,5,279.4
2014,12,2,6,281.2
2014,12,2,7,281.1
2014,12,3,0,280.8
2014,12,3,1,280.6
2014,12,3,2,281.3
2014,12,3,3,281.6
2014,12,3,4,281.5
2014,12,3,5,280.0
2014,12,3,6,282.1
2014,12,3,7,282.4
2014,12,4,0,281.6
2014,12,4,1,280.5
2014,12,4,2,280.5
2014,12,4,3,279.7
2014,12,4,4,279.8
2014,12,4,5,280.7
2014,12,4,6,283.3
2014,12,4,7,283.0
2014,12,5,0,282.8
2014,12,5,1,282.7
2014,12,5,2,282.1
2014,12,5,3,282.0
2014,12,5,4,282.5
2014,12,5,5,284.0
2014,12,5,6,285.1
2014,12,5,7,284.5
2014,12,6,0,285.1
2014,12,6,1,284.4
2014,12,6,2,284.2
2014,12,6,3,283.5
2014,12,6,4,283.4
2014,12,6,5,283.8
2014,12,6,6,284.8
2014,12,6,7,286.7
2014,12,7,0,285.4
2014,12,7,1,286.2
2014,12,7,2,285.4
2014,12,7,3,284.6
2014,12,7,4,284.9
2014,12,7,5,284.5
2014,12,7,6,285.5
2014,12,7,7,286.1
2014,12,8,0,286.8
2014,12,8,1,286.2
2014,12,8,2,285.8
2014,12,8,3,285.5
2014,12,8,4,285.0
2014,12,8,5,283.9
2014,12,8,6,285.3
2014,12,8,7,283.8
2014,12,9,0,286.2
2014,12,9,1,285.6
2014,12,9,2,285.5
2014,12,9,3,283.4
2014,12,9,4,284.2
2014,12,9,5,284.2
2014,12,9,6,284.6
2014,12,9,7,287.1
2014,12,10,0,285.4
2014,12,10,1,285.2
2014,12,10,2,284.4
2014,12,10,3,283.3
2014,12,10,4,283.0
2014,12,10,5,282.8
2014,12,10,6,283.4
2014,12,10,7,282.6
2014,12,11,0,284.1
2014,12,11,1,283.3
2014,12,11,2,282.8
2014,12,11,3,282.1
2014,12,11,4,281.7
2014,12,11,5,282.3
2014,12,11,6,283.5
2014,12,11,7,282.9
2014,12,12,0,283.5
2014,12,12,1,283.6
2014,12,12,2,282.9
2014,12,12,3,282.5
2014,12,12,4,282.7
2014,12,12,5,283.9
2014,12,12,6,284.8
2014,12,12,7,287.2
2014,12,13,0,285.3
2014,12,13,1,285.1
2014,12,13,2,284.3
2014,12,13,3,284.9
2014,12,13,4,284.4
2014,12,13,5,282.1
2014,12,13,6,284.4
2014,12,13,7,283.5
2014,12,14,0,283.3
2014,12,14,1,282.5
2014,12,14,2,282.1
2014,12,14,3,280.6
2014,12,14,4,279.7
2014,12,14,5,279.5
2014,12,14,6,281.7
2014,12,14,7,282.5
2014,12,15,0,282.1
2014,12,15,1,281.4
2014,12,15,2,280.6
2014,12,15,3,280.0
2014,12,15,4,281.0
2014,12,15,5,280.4
2014,12,15,6,283.4
2014,12,15,7,283.6
2014,12,16,0,283.4
2014,12,16,1,282.3
2014,12,16,2,282.9
2014,12,16,3,280.9
2014,12,16,4,282.7
2014,12,16,5,283.2
2014,12,16,6,284.7
2014,12,16,7,284.5
2014,12,17,0,284.7
2014,12,17,1,284.2
2014,12,17,2,283.7
2014,12,17,3,283.7
2014,12,17,4,284.1
2014,12,17,5,284.0
2014,12,17,6,284.6
2014,12,17,7,283.3
2014,12,18,0,284.1
2014,12,18,1,283.8
2014,12,18,2,283.4
2014,12,18,3,282.8
2014,12,18,4,283.4
2014,12,18,5,283.0
2014,12,18,6,284.0
2014,12,18,7,283.4
2014,12,19,0,283.2
2014,12,19,1,283.3
2014,12,19,2,282.7
2014,12,19,3,282.0
2014,12,19,4,281.3
2014,12,19,5,280.7
2014,12,19,6,282.5
2014,12,19,7,282.2
2014,12,20,0,284.0
2014,12,20,1,282.9
2014,12,20,2,282.0
2014,12,20,3,281.3
2014,12,20,4,281.3
2014,12,20,5,281.1
2014,12,20,6,283.1
2014,12,20,7,283.4
2014,12,21,0,282.9
2014,12,21,1,282.6
2014,12,21,2,282.3
2014,12,21,3,282.0
2014,12,21,4,282.0
2014,12,21,5,282.6
2014,12,21,6,283.8
2014,12,21,7,282.9
2014,12,22,0,283.9
2014,12,22,1,284.3
2014,12,22,2,284.2
2014,12,22,3,283.9
2014,12,22,4,284.1
2014,12,22,5,284.6
2014,12,22,6,285.3
2014,12,22,7,285.2
2014,12,23,0,285.5
2014,12,23,1,285.0
2014,12,23,2,284.6
2014,12,23,3,284.3
2014,12,23,4,284.8
2014,12,23,5,284.7
2014,12,23,6,284.1
2014,12,23,7,285.2
2014,12,24,0,284.7
2014,12,24,1,284.9
2014,12,24,2,283.7
2014,12,24,3,283.0
2014,12,24,4,282.9
2014,12,24,5,282.6
2014,12,24,6,283.3
2014,12,24,7,284.0
2014,12,25,0,283.2
2014,12,25,1,282.9
2014,12,25,2,282.9
2014,12,25,3,282.7
2014,12,25,4,283.0
2014,12,25,5,282.5
2014,12,25,6,282.7
2014,12,25,7,283.9
2014,12,26,0,283.8
2014,12,26,1,283.0
2014,12,26,2,283.3
2014,12,26,3,283.0
2014,12,26,4,283.2
2014,12,26,5,282.8
2014,12,26,6,283.9
2014,12,26,7,283.9
2014,12,27,0,284.5
2014,12,27,1,283.9
2014,12,27,2,283.1
2014,12,27,3,282.6
2014,12,27,4,282.6
2014,12,27,5,281.8
2014,12,27,6,282.9
2014,12,27,7,282.2
2014,12,28,0,282.1
2014,12,28,1,281.7
2014,12,28,2,281.2
2014,12,28,3,280.5
2014,12,28,4,280.2
2014,12,28,5,279.8
2014,12,28,6,280.8
2014,12,28,7,280.1
2014,12,29,0,279.7
2014,12,29,1,279.6
2014,12,29,2,279.2
2014,12,29,3,278.7
2014,12,29,4,278.6
2014,12,29,5,278.8
2014,12,29,6,280.5
2014,12,29,7,280.1
2014,12,30,0,279.0
2014,12,30,1,279.3
2014,12,30,2,278.9
2014,12,30,3,278.4
2014,12,30,4,278.7
2014,12,30,5,278.8
2014,12,30,6,279.3
2014,12,30,7,278.2
2014,12,31,0,278.9
2014,12,31,1,280.2
2014,12,31,2,280.6
2014,12,31,3,280.2
2014,12,31,4,279.8
2014,12,31,5,279.5
2014,12,31,6,280.1
2014,12,31,7,280.9
2014,12,1,0,280.9
2014,12,1,1,281.4
2014,12,1,2,281.8
2014,12,1,3,282.4
2014,12,1,4,282.9
2014,12,1,5,282.5
2014,12,1,6,283.5
2014,12,1,7,284.0
2014,12,2,0,284.5
2014,12,2,1,284.3
2014,12,2,2,284.2
2014,12,2,3,283.8
2014,12,2,4,284.0
2014,12,2,5,284.2
2014,12,2,6,285.9
2014,12,2,7,285.9
2014,12,3,0,286.0
2014,12,3,1,285.8
2014,12,3,2,285.6
2014,12,3,3,285.1
2014,12,3,4,285.4
2014,12,3,5,285.5
2014,12,3,6,286.6
2014,12,3,7,285.8
2014,12,4,0,286.3
2014,12,4,1,285.9
2014,12,4,2,285.6
2014,12,4,3,285.0
2014,12,4,4,284.9
2014,12,4,5,284.6
2014,12,4,6,285.6
2014,12,4,7,285.6
2014,12,5,0,285.9
2014,12,5,1,285.5
2014,12,5,2,285.6
2014,12,5,3,285.2
2014,12,5,4,285.6
2014,12,5,5,285.5
2014,12,5,6,286.7
2014,12,5,7,286.1
2014,12,6,0,286.5
2014,12,6,1,286.7
2014,12,6,2,286.0
2014,12,6,3,285.1
2014,12,6,4,284.1
2014,12,6,5,283.6
2014,12,6,6,284.4
2014,12,6,7,284.1
2014,12,7,0,284.3
2014,12,7,1,283.9
2014,12,7,2,283.6
2014,12,7,3,283.1
2014,12,7,4,283.1
2014,12,7,5,283.1
2014,12,7,6,284.3
2014,12,7,7,284.3
2014,12,8,0,284.9
2014,12,8,1,285.5
2014,12,8,2,285.4
2014,12,8,3,285.5
2014,12,8,4,285.8
2014,12,8,5,285.9
2014,12,8,6,286.2
2014,12,8,7,288.6
2014,12,9,0,287.1
2014,12,9,1,286.2
2014,12,9,2,286.3
2014,12,9,3,285.5
2014,12,9,4,285.2
2014,12,9,5,283.8
2014,12,9,6,284.9
2014,12,9,7,284.3
2014,12,10,0,285.3
2014,12,10,1,284.0
2014,12,10,2,282.3
2014,12,10,3,281.4
2014,12,10,4,281.4
2014,12,10,5,280.6
2014,12,10,6,280.7
2014,12,10,7,280.5
2014,12,11,0,280.2
2014,12,11,1,279.6
2014,12,11,2,278.5
2014,12,11,3,278.0
2014,12,11,4,277.6
2014,12,11,5,278.8
2014,12,11,6,280.8
2014,12,11,7,281.5
2014,12,12,0,281.7
2014,12,12,1,282.8
2014,12,12,2,283.7
2014,12,12,3,283.3
2014,12,12,4,283.7
2014,12,12,5,282.9
2014,12,12,6,284.6
2014,12,12,7,286.9
2014,12,13,0,286.2
2014,12,13,1,285.8
2014,12,13,2,285.5
2014,12,13,3,284.9
2014,12,13,4,284.9
2014,12,13,5,284.5
2014,12,13,6,285.0
2014,12,13,7,286.8
2014,12,14,0,286.6
2014,12,14,1,285.8
2014,12,14,2,284.6
2014,12,14,3,284.2
2014,12,14,4,284.6
2014,12,14,5,285.1
2014,12,14,6,286.2
2014,12,14,7,288.5
2014,12,15,0,287.0
2014,12,15,1,285.6
2014,12,15,2,285.4
2014,12,15,3,285.1
2014,12,15,4,284.8
2014,12,15,5,284.8
2014,12,15,6,286.0
2014,12,15,7,285.8
2014,12,16,0,285.7
2014,12,16,1,284.9
2014,12,16,2,284.5
2014,12,16,3,283.9
2014,12,16,4,283.9
2014,12,16,5,283.8
2014,12,16,6,285.5
2014,12,16,7,285.3
2014,12,17,0,284.4
2014,12,17,1,283.8
2014,12,17,2,284.0
2014,12,17,3,284.2
2014,12,17,4,283.7
2014,12,17,5,284.2
2014,12,17,6,285.7
2014,12,17,7,284.5
2014,12,18,0,284.7
2014,12,18,1,284.0
2014,12,18,2,283.5
2014,12,18,3,282.7
2014,12,18,4,283.3
2014,12,18,5,282.6
2014,12,18,6,284.2
2014,12,18,7,283.8
2014,12,19,0,283.5
2014,12,19,1,283.4
2014,12,19,2,283.8
2014,12,19,3,283.3
2014,12,19,4,282.8
2014,12,19,5,282.8
2014,12,19,6,284.5
2014,12,19,7,284.5
2014,12,20,0,285.5
2014,12,20,1,285.0
2014,12,20,2,284.5
2014,12,20,3,283.9
2014,12,20,4,284.2
2014,12,20,5,284.2
2014,12,20,6,286.0
2014,12,20,7,285.1
2014,12,21,0,285.4
2014,12,21,1,284.8
2014,12,21,2,284.0
2014,12,21,3,283.3
2014,12,21,4,283.8
2014,12,21,5,283.5
2014,12,21,6,285.0
2014,12,21,7,284.4
2014,12,22,0,284.5
2014,12,22,1,285.1
2014,12,22,2,285.2
2014,12,22,3,284.3
2014,12,22,4,285.1
2014,12,22,5,284.2
2014,12,22,6,285.2
2014,12,22,7,284.2
2014,12,23,0,284.3
2014,12,23,1,284.0
2014,12,23,2,283.8
2014,12,23,3,282.6
2014,12,23,4,283.1
2014,12,23,5,282.8
2014,12,23,6,283.9
2014,12,23,7,284.0
2014,12,24,0,284.2
2014,12,24,1,283.9
2014,12,24,2,284.4
2014,12,24,3,283.7
2014,12,24,4,284.1
2014,12,24,5,283.5
2014,12,24,6,284.3
2014,12,24,7,284.0
2014,12,25,0,283.8
2014,12,25,1,283.1
2014,12,25,2,282.8
2014,12,25,3,282.5
2014,12,25,4,282.3
2014,12,25,5,282.2
2014,12,25,6,283.1
2014,12,25,7,282.6
2014,12,26,0,282.6
2014,12,26,1,282.5
2014,12,26,2,282.2
2014,12,26,3,281.9
2014,12,26,4,282.1
2014,12,26,5,281.7
2014,12,26,6,282.1
2014,12,26,7,281.6
2014,12,27,0,281.7
2014,12,27,1,281.2
2014,12,27,2,281.1
2014,12,27,3,281.0
2014,12,27,4,281.4
2014,12,27,5,281.2
2014,12,27,6,281.5
2014,12,27,7,281.5
2014,12,28,0,281.6
2014,12,28,1,281.5
2014,12,28,2,281.2
2014,12,28,3,280.9
2014,12,28,4,280.9
2014,12,28,5,280.8
2014,12,28,6,281.5
2014,12,28,7,281.5
2014,12,29,0,281.8
2014,12,29,1,281.5
2014,12,29,2,280.6
2014,12,29,3,279.6
2014,12,29,4,279.5
2014,12,29,5,279.2
2014,12,29,6,279.1
2014,12,29,7,279.1
2014,12,30,0,278.6
2014,12,30,1,277.9
2014,12,30,2,277.1
2014,12,30,3,276.3
2014,12,30,4,276.2
2014,12,30,5,276.7
2014,12,30,6,278.0
2014,12,30,7,278.7
2014,12,1,0,278.4
2014,12,1,1,278.0
2014,12,1,2,278.8
2014,12,1,3,279.2
2014,12,1,4,280.9
2014,12,1,5,280.5
2014,12,1,6,282.0
2014,12,1,7,281.9
2014,12,2,0,282.4
2014,12,2,1,283.0
2014,12,2,2,283.8
2014,12,2,3,282.4
2014,12,2,4,284.6
2014,12,2,5,284.1
2014,12,2,6,284.3
2014,12,2,7,284.2
2014,12,3,0,283.6
2014,12,3,1,283.8
2014,12,3,2,283.0
2014,12,3,3,283.0
2014,12,3,4,283.6
2014,12,3,5,283.7
2014,12,3,6,282.7
2014,12,3,7,282.6
2014,12,4,0,282.9
2014,12,4,1,282.9
2014,12,4,2,282.8
2014,12,4,3,282.3
2014,12,4,4,282.7
2014,12,4,5,282.6
2014,12,4,6,284.2
2014,12,4,7,283.9
2014,12,5,0,283.9
2014,12,5,1,283.2
2014,12,5,2,283.5
2014,12,5,3,283.8
2014,12,5,4,284.1
2014,12,5,5,283.2
2014,12,5,6,283.6
2014,12,5,7,283.4
2014,12,6,0,284.5
2014,12,6,1,284.5
2014,12,6,2,283.6
2014,12,6,3,283.3
2014,12,6,4,283.8
2014,12,6,5,283.6
2014,12,6,6,284.6
2014,12,6,7,284.4
2014,12,7,0,284.3
2014,12,7,1,284.0
2014,12,7,2,283.8
2014,12,7,3,283.5
2014,12,7,4,284.3
2014,12,7,5,284.0
2014,12,7,6,285.1
2014,12,7,7,284.7
2014,12,8,0,285.7
2014,12,8,1,285.7
2014,12,8,2,285.4
2014,12,8,3,285.6
2014,12,8,4,286.0
2014,12,8,5,285.2
2014,12,8,6,285.5
2014,12,8,7,285.2
2014,12,9,0,286.0
2014,12,9,1,285.5
2014,12,9,2,285.4
2014,12,9,3,285.1
2014,12,9,4,285.1
2014,12,9,5,284.0
2014,12,9,6,284.6
2014,12,9,7,284.1
2014,12,10,0,284.5
2014,12,10,1,283.8
2014,12,10,2,283.3
2014,12,10,3,283.0
2014,12,10,4,283.7
2014,12,10,5,283.4
2014,12,10,6,283.6
2014,12,10,7,283.0
2014,12,11,0,282.9
2014,12,11,1,281.7
2014,12,11,2,281.2
2014,12,11,3,280.8
2014,12,11,4,281.2
2014,12,11,5,280.9
2014,12,11,6,281.4
2014,12,11,7,281.0
2014,12,12,0,280.9
2014,12,12,1,280.2
2014,12,12,2,280.1
2014,12,12,3,280.1
2014,12,12,4,280.9
2014,12,12,5,281.1
2014,12,12,6,281.9
2014,12,12,7,281.6
2014,12,13,0,281.5
2014,12,13,1,280.9
2014,12,13,2,280.4
2014,12,13,3,279.9
2014,12,13,4,280.5
2014,12,13,5,280.9
2014,12,13,6,281.9
2014,12,13,7,281.6
2014,12,14,0,281.2
2014,12,14,1,280.8
2014,12,14,2,280.7
2014,12,14,3,280.6
2014,12,14,4,280.9
2014,12,14,5,280.7
2014,12,14,6,281.4
2014,12,14,7,281.2
2014,12,15,0,280.8
2014,12,15,1,280.9
2014,12,15,2,281.2
2014,12,15,3,280.8
2014,12,15,4,281.2
2014,12,15,5,281.4
2014,12,15,6,282.7
2014,12,15,7,282.3
2014,12,16,0,281.7
2014,12,16,1,281.1
2014,12,16,2,280.5
2014,12,16,3,280.0
2014,12,16,4,279.9
2014,12,16,5,280.0
2014,12,16,6,281.4
2014,12,16,7,281.0
2014,12,17,0,281.0
2014,12,17,1,280.7
2014,12,17,2,280.0
2014,12,17,3,280.1
2014,12,17,4,280.5
2014,12,17,5,280.7
2014,12,17,6,282.3
2014,12,17,7,282.5
2014,12,18,0,283.4
2014,12,18,1,283.3
2014,12,18,2,282.9
2014,12,18,3,282.5
2014,12,18,4,282.5
2014,12,18,5,282.5
2014,12,18,6,283.3
2014,12,18,7,284.1
2014,12,19,0,283.7
2014,12,19,1,283.8
2014,12,19,2,283.8
2014,12,19,3,283.2
2014,12,19,4,283.1
2014,12,19,5,283.6
2014,12,19,6,283.6
2014,12,19,7,285.1
2014,12,20,0,283.9
2014,12,20,1,283.2
2014,12,20,2,282.5
2014,12,20,3,282.1
2014,12,20,4,281.8
2014,12,20,5,281.7
2014,12,20,6,281.5
2014,12,20,7,281.3
2014,12,21,0,281.3
2014,12,21,1,280.9
2014,12,21,2,280.8
2014,12,21,3,280.3
2014,12,21,4,280.3
2014,12,21,5,280.3
2014,12,21,6,279.0
2014,12,21,7,279.0
2014,12,22,0,278.4
2014,12,22,1,277.8
2014,12,22,2,277.2
2014,12,22,3,276.7
2014,12,22,4,276.5
2014,12,22,5,275.5
2014,12,22,6,274.1
2014,12,22,7,272.3
2014,12,23,0,272.7
2014,12,23,1,273.0
2014,12,23,2,272.4
2014,12,23,3,271.8
2014,12,23,4,271.9
2014,12,23,5,272.9
2014,12,23,6,273.3
2014,12,23,7,273.3
2014,12,24,0,273.0
2014,12,24,1,273.3
2014,12,24,2,271.4
2014,12,24,3,270.6
2014,12,24,4,270.0
2014,12,24,5,268.5
2014,12,24,6,268.5
2014,12,24,7,268.9
2014,12,25,0,269.6
2014,12,25,1,271.0
2014,12,25,2,272.0
2014,12,25,3,272.4
2014,12,25,4,275.6
2014,12,25,5,277.0
2014,12,25,6,278.2
2014,12,25,7,279.5
2014,12,26,0,278.6
2014,12,26,1,279.7
2014,12,26,2,281.4
2014,12,26,3,281.5
2014,12,26,4,281.8
2014,12,26,5,283.0
2014,12,26,6,283.4
2014,12,26,7,283.9
2014,12,27,0,284.1
2014,12,27,1,284.2
2014,12,27,2,284.3
2014,12,27,3,284.6
2014,12,27,4,285.3
2014,12,27,5,284.9
2014,12,27,6,285.8
2014,12,27,7,285.8
2014,12,28,0,285.5
2014,12,28,1,284.7
2014,12,28,2,284.3
2014,12,28,3,284.1
2014,12,28,4,284.4
2014,12,28,5,283.9
2014,12,28,6,284.3
2014,12,28,7,283.9
2014,12,29,0,283.8
2014,12,29,1,283.0
2014,12,29,2,281.5
2014,12,29,3,280.6
2014,12,29,4,280.6
2014,12,29,5,280.2
2014,12,29,6,280.0
2014,12,29,7,279.8
2014,12,30,0,278.9
2014,12,30,1,278.5
2014,12,30,2,277.7
2014,12,30,3,276.6
2014,12,30,4,276.6
2014,12,30,5,276.3
2014,12,30,6,276.5
2014,12,30,7,276.3
2014,12,31,0,276.1
2014,12,31,1,275.5
2014,12,31,2,276.4
2014,12,31,3,277.1
2014,12,31,4,277.8
2014,12,31,5,278.5
2014,12,31,6,280.4
2014,12,31,7,281.0
2014,12,1,0,281.0
2014,12,1,1,280.9
2014,12,1,2,281.0
2014,12,1,3,281.0
2014,12,1,4,281.5
2014,12,1,5,281.6
2014,12,1,6,282.3
2014,12,1,7,282.1
2014,12,2,0,282.4
2014,12,2,1,282.4
2014,12,2,2,282.1
2014,12,2,3,281.6
2014,12,2,4,282.0
2014,12,2,5,282.4
2014,12,2,6,283.2
2014,12,2,7,282.7
2014,12,3,0,282.8
2014,12,3,1,282.9
2014,12,3,2,282.1
2014,12,3,3,282.1
2014,12,3,4,282.7
2014,12,3,5,282.4
2014,12,3,6,281.4
2014,12,3,7,281.2
2014,12,4,0,281.0
2014,12,4,1,280.9
2014,12,4,2,280.7
2014,12,4,3,280.5
2014,12,4,4,280.6
2014,12,4,5,280.7
2014,12,4,6,279.9
2014,12,4,7,280.3
2014,12,5,0,280.1
2014,12,5,1,280.2
2014,12,5,2,280.2
2014,12,5,3,279.9
2014,12,5,4,280.1
2014,12,5,5,280.5
2014,12,5,6,280.2
2014,12,5,7,280.6
2014,12,6,0,280.6
2014,12,6,1,280.5
2014,12,6,2,280.5
2014,12,6,3,280.1
2014,12,6,4,279.9
2014,12,6,5,279.6
2014,12,6,6,278.8
2014,12,6,7,279.3
2014,12,7,0,278.9
2014,12,7,1,278.0
2014,12,7,2,277.6
2014,12,7,3,277.2
2014,12,7,4,277.1
2014,12,7,5,276.4
2014,12,7,6,276.3
2014,12,7,7,276.3
2014,12,8,0,275.5
2014,12,8,1,274.8
2014,12,8,2,275.2
2014,12,8,3,275.4
2014,12,8,4,276.3
2014,12,8,5,276.7
2014,12,8,6,277.6
2014,12,8,7,277.8
2014,12,9,0,278.1
2014,12,9,1,278.3
2014,12,9,2,278.6
2014,12,9,3,278.9
2014,12,9,4,280.0
2014,12,9,5,280.6
2014,12,9,6,281.6
2014,12,9,7,281.4
2014,12,10,0,281.1
2014,12,10,1,281.2
2014,12,10,2,281.6
2014,12,10,3,281.7
2014,12,10,4,280.6
2014,12,10,5,280.7
2014,12,10,6,280.5
2014,12,10,7,279.2
2014,12,11,0,280.0
2014,12,11,1,280.6
2014,12,11,2,281.0
2014,12,11,3,280.9
2014,12,11,4,280.6
2014,12,11,5,279.9
2014,12,11,6,279.7
2014,12,11,7,278.8
2014,12,12,0,278.4
2014,12,12,1,277.2
2014,12,12,2,276.2
2014,12,12,3,274.7
2014,12,12,4,275.0
2014,12,12,5,276.1
2014,12,12,6,277.1
2014,12,12,7,277.4
2014,12,13,0,279.2
2014,12,13,1,279.2
2014,12,13,2,280.0
2014,12,13,3,280.2
2014,12,13,4,281.2
2014,12,13,5,281.3
2014,12,13,6,281.9
2014,12,13,7,282.4
2014,12,14,0,282.4
2014,12,14,1,283.1
2014,12,14,2,283.9
2014,12,14,3,283.7
2014,12,14,4,283.5
2014,12,14,5,283.9
2014,12,14,6,285.9
2014,12,14,7,285.4
2014,12,15,0,285.0
2014,12,15,1,284.9
2014,12,15,2,284.5
2014,12,15,3,284.1
2014,12,15,4,284.8
2014,12,15,5,284.6
2014,12,15,6,285.3
2014,12,15,7,285.9
2014,12,16,0,285.2
2014,12,16,1,285.8
2014,12,16,2,285.8
2014,12,16,3,285.8
2014,12,16,4,286.5
2014,12,16,5,286.4
2014,12,16,6,286.0
2014,12,16,7,287.0
2014,12,17,0,286.6
2014,12,17,1,286.2
2014,12,17,2,285.9
2014,12,17,3,285.3
2014,12,17,4,285.5
2014,12,17,5,285.5
2014,12,17,6,285.5
2014,12,17,7,285.2
2014,12,18,0,284.7
2014,12,18,1,283.6
2014,12,18,2,283.5
2014,12,18,3,283.6
2014,12,18,4,284.1
2014,12,18,5,283.9
2014,12,18,6,284.5
2014,12,18,7,284.5
2014,12,19,0,284.3
2014,12,19,1,284.8
2014,12,19,2,284.8
2014,12,19,3,284.6
2014,12,19,4,284.7
2014,12,19,5,284.8
2014,12,19,6,284.4
2014,12,19,7,285.4
2014,12,20,0,284.7
2014,12,20,1,284.5
2014,12,20,2,284.1
2014,12,20,3,283.7
2014,12,20,4,284.0
2014,12,20,5,283.7
2014,12,20,6,283.1
2014,12,20,7,283.3
2014,12,21,0,282.9
2014,12,21,1,282.3
2014,12,21,2,281.3
2014,12,21,3,280.4
2014,12,21,4,280.5
2014,12,21,5,280.2
2014,12,21,6,280.5
2014,12,21,7,280.3
2014,12,22,0,280.1
2014,12,22,1,280.7
2014,12,22,2,281.1
2014,12,22,3,280.8
2014,12,22,4,281.4
2014,12,22,5,281.2
2014,12,22,6,282.4
2014,12,22,7,282.5
2014,12,23,0,282.8
2014,12,23,1,283.1
2014,12,23,2,283.0
2014,12,23,3,282.4
2014,12,23,4,282.8
2014,12,23,5,282.7
2014,12,23,6,283.7
2014,12,23,7,283.7
2014,12,24,0,283.3
2014,12,24,1,282.9
2014,12,24,2,281.8
2014,12,24,3,281.3
2014,12,24,4,281.2
2014,12,24,5,280.8
2014,12,24,6,280.3
2014,12,24,7,280.8
2014,12,25,0,280.4
2014,12,25,1,280.2
2014,12,25,2,280.3
2014,12,25,3,279.6
2014,12,25,4,279.2
2014,12,25,5,278.8
2014,12,25,6,278.0
2014,12,25,7,277.9
2014,12,26,0,277.2
2014,12,26,1,276.1
2014,12,26,2,274.9
2014,12,26,3,273.5
2014,12,26,4,272.3
2014,12,26,5,271.7
2014,12,26,6,271.3
2014,12,26,7,270.6
2014,12,27,0,270.6
2014,12,27,1,270.0
2014,12,27,2,269.9
2014,12,27,3,269.9
2014,12,27,4,269.8
2014,12,27,5,269.3
2014,12,27,6,270.8
2014,12,27,7,271.3
2014,12,28,0,272.5
2014,12,28,1,274.8
2014,12,28,2,275.6
2014,12,28,3,277.2
2014,12,28,4,279.0
2014,12,28,5,281.4
2014,12,28,6,281.1
2014,12,28,7,281.5
2014,12,29,0,281.4
2014,12,29,1,282.8
2014,12,29,2,281.7
2014,12,29,3,281.6
2014,12,29,4,281.9
2014,12,29,5,282.0
2014,12,29,6,281.9
2014,12,29,7,281.9
2014,12,30,0,281.6
2014,12,30,1,281.6
2014,12,30,2,281.6
2014,12,30,3,281.2
2014,12,30,4,281.7
2014,12,30,5,281.6
2014,12,30,6,280.5
2014,12,30,7,280.7
2014,12,1,0,280.3
2014,12,1,1,280.1
2014,12,1,2,279.6
2014,12,1,3,279.4
2014,12,1,4,280.1
2014,12,1,5,280.3
2014,12,1,6,280.7
2014,12,1,7,280.0
2014,12,2,0,279.8
2014,12,2,1,279.1
2014,12,2,2,278.5
2014,12,2,3,277.9
2014,12,2,4,277.8
2014,12,2,5,277.5
2014,12,2,6,278.5
2014,12,2,7,278.6
2014,12,3,0,278.4
2014,12,3,1,278.4
2014,12,3,2,278.5
2014,12,3,3,277.9
2014,12,3,4,277.9
2014,12,3,5,278.4
2014,12,3,6,279.2
2014,12,3,7,278.4
2014,12,4,0,278.2
2014,12,4,1,277.9
2014,12,4,2,277.2
2014,12,4,3,276.6
2014,12,4,4,276.7
2014,12,4,5,276.2
2014,12,4,6,275.1
2014,12,4,7,273.9
2014,12,5,0,270.8
2014,12,5,1,269.5
2014,12,5,2,267.5
2014,12,5,3,267.5
2014,12,5,4,268.5
2014,12,5,5,269.7
2014,12,5,6,272.3
2014,12,5,7,273.5
2014,12,6,0,275.2
2014,12,6,1,279.1
2014,12,6,2,280.4
2014,12,6,3,280.3
2014,12,6,4,279.8
2014,12,6,5,279.9
2014,12,6,6,280.6
2014,12,6,7,280.8
2014,12,7,0,280.7
2014,12,7,1,280.6
2014,12,7,2,281.2
2014,12,7,3,280.6
2014,12,7,4,281.5
2014,12,7,5,282.3
2014,12,7,6,282.6
2014,12,7,7,283.0
2014,12,8,0,282.8
2014,12,8,1,283.2
2014,12,8,2,282.4
2014,12,8,3,281.3
2014,12,8,4,281.0
2014,12,8,5,280.8
2014,12,8,6,279.9
2014,12,8,7,280.2
2014,12,9,0,280.7
2014,12,9,1,280.6
2014,12,9,2,280.1
2014,12,9,3,279.6
2014,12,9,4,280.5
2014,12,9,5,280.8
2014,12,9,6,280.7
2014,12,9,7,280.7
2014,12,10,0,281.2
2014,12,10,1,280.6
2014,12,10,2,280.6
2014,12,10,3,280.0
2014,12,10,4,280.4
2014,12,10,5,280.4
2014,12,10,6,279.9
2014,12,10,7,280.3
2014,12,11,0,280.2
2014,12,11,1,280.2
2014,12,11,2,280.2
2014,12,11,3,280.3
2014,12,11,4,280.7
2014,12,11,5,281.1
2014,12,11,6,281.5
2014,12,11,7,281.3
2014,12,12,0,280.6
2014,12,12,1,280.7
2014,12,12,2,281.0
2014,12,12,3,280.9
2014,12,12,4,281.6
2014,12,12,5,281.9
2014,12,12,6,283.0
2014,12,12,7,283.4
2014,12,13,0,283.6
2014,12,13,1,283.6
2014,12,13,2,283.0
2014,12,13,3,282.2
2014,12,13,4,283.0
2014,12,13,5,283.4
2014,12,13,6,283.9
2014,12,13,7,283.6
2014,12,14,0,283.7
2014,12,14,1,283.5
2014,12,14,2,282.9
2014,12,14,3,282.1
2014,12,14,4,281.8
2014,12,14,5,281.8
2014,12,14,6,282.5
2014,12,14,7,282.7
2014,12,15,0,283.1
2014,12,15,1,283.1
2014,12,15,2,283.5
2014,12,15,3,283.5
2014,12,15,4,283.5
2014,12,15,5,283.2
2014,12,15,6,284.3
2014,12,15,7,284.8
2014,12,16,0,285.3
2014,12,16,1,285.4
2014,12,16,2,284.9
2014,12,16,3,284.5
2014,12,16,4,284.1
2014,12,16,5,283.5
2014,12,16,6,283.6
2014,12,16,7,283.5
2014,12,17,0,282.8
2014,12,17,1,282.3
2014,12,17,2,281.9
2014,12,17,3,281.4
2014,12,17,4,282.0
2014,12,17,5,282.4
2014,12,17,6,284.1
2014,12,17,7,284.8
2014,12,18,0,285.0
2014,12,18,1,285.0
2014,12,18,2,284.7
2014,12,18,3,284.5
2014,12,18,4,285.1
2014,12,18,5,284.9
2014,12,18,6,285.9
2014,12,18,7,285.8
2014,12,19,0,286.3
2014,12,19,1,286.0
2014,12,19,2,285.4
2014,12,19,3,284.7
2014,12,19,4,285.3
2014,12,19,5,285.5
2014,12,19,6,286.2
2014,12,19,7,286.0
2014,12,20,0,285.9
2014,12,20,1,285.4
2014,12,20,2,284.8
2014,12,20,3,284.0
2014,12,20,4,283.5
2014,12,20,5,282.5
2014,12,20,6,282.4
2014,12,20,7,281.5
2014,12,21,0,281.4
2014,12,21,1,281.1
2014,12,21,2,280.8
2014,12,21,3,280.3
2014,12,21,4,280.7
2014,12,21,5,280.4
2014,12,21,6,280.7
2014,12,21,7,279.7
2014,12,22,0,279.3
2014,12,22,1,278.5
2014,12,22,2,278.2
2014,12,22,3,277.9
2014,12,22,4,277.7
2014,12,22,5,277.4
2014,12,22,6,276.8
2014,12,22,7,276.3
2014,12,23,0,274.7
2014,12,23,1,272.9
2014,12,23,2,271.0
2014,12,23,3,269.0
2014,12,23,4,267.9
2014,12,23,5,267.5
2014,12,23,6,268.3
2014,12,23,7,268.9
2014,12,24,0,269.8
2014,12,24,1,270.7
2014,12,24,2,272.0
2014,12,24,3,270.2
2014,12,24,4,273.9
2014,12,24,5,276.6
2014,12,24,6,276.6
2014,12,24,7,279.1
2014,12,25,0,281.9
2014,12,25,1,280.3
2014,12,25,2,279.7
2014,12,25,3,278.8
2014,12,25,4,278.7
2014,12,25,5,278.4
2014,12,25,6,279.2
2014,12,25,7,278.6
2014,12,26,0,279.4
2014,12,26,1,279.1
2014,12,26,2,278.1
2014,12,26,3,278.2
2014,12,26,4,279.2
2014,12,26,5,279.0
2014,12,26,6,279.1
2014,12,26,7,278.7
2014,12,27,0,278.7
2014,12,27,1,278.2
2014,12,27,2,278.0
2014,12,27,3,277.3
2014,12,27,4,277.3
2014,12,27,5,277.4
2014,12,27,6,278.7
2014,12,27,7,278.6
2014,12,28,0,278.5
2014,12,28,1,279.2
2014,12,28,2,280.1
2014,12,28,3,279.9
2014,12,28,4,280.1
2014,12,28,5,279.9
2014,12,28,6,281.6
2014,12,28,7,280.9
2014,12,29,0,281.0
2014,12,29,1,281.2
2014,12,29,2,281.4
2014,12,29,3,281.1
2014,12,29,4,281.3
2014,12,29,5,281.9
2014,12,29,6,283.1
2014,12,29,7,282.0
2014,12,30,0,283.1
2014,12,30,1,283.4
2014,12,30,2,283.5
2014,12,30,3,282.4
2014,12,30,4,282.4
2014,12,30,5,282.5
2014,12,30,6,283.4
2014,12,30,7,285.5
2014,12,31,0,284.5
2014,12,31,1,283.4
2014,12,31,2,284.0
2014,12,31,3,285.2
2014,12,31,4,284.4
2014,12,31,5,283.7
2014,12,31,6,284.9
2014,12,31,7,285.0
2014,12,1,0,285.1
2014,12,1,1,285.5
2014,12,1,2,285.8
2014,12,1,3,285.1
2014,12,1,4,285.2
2014,12,1,5,284.7
2014,12,1,6,284.8
2014,12,1,7,285.8
2014,12,2,0,285.8
2014,12,2,1,285.4
2014,12,2,2,284.7
2014,12,2,3,284.8
2014,12,2,4,285.5
2014,12,2,5,285.1
2014,12,2,6,285.6
2014,12,2,7,285.9
2014,12,3,0,286.0
2014,12,3,1,285.7
2014,12,3,2,285.3
2014,12,3,3,284.4
2014,12,3,4,285.1
2014,12,3,5,285.4
2014,12,3,6,285.6
2014,12,3,7,285.7
2014,12,4,0,284.1
2014,12,4,1,284.1
2014,12,4,2,285.3
2014,12,4,3,286.5
2014,12,4,4,286.8
2014,12,4,5,286.8
2014,12,4,6,286.7
2014,12,4,7,287.0
2014,12,5,0,286.1
2014,12,5,1,285.7
2014,12,5,2,285.5
2014,12,5,3,284.9
2014,12,5,4,285.8
2014,12,5,5,285.0
2014,12,5,6,283.2
2014,12,5,7,283.0
2014,12,6,0,283.6
2014,12,6,1,283.2
2014,12,6,2,282.3
2014,12,6,3,281.7
2014,12,6,4,280.6
2014,12,6,5,280.0
2014,12,6,6,281.1
2014,12,6,7,281.0
2014,12,7,0,282.1
2014,12,7,1,282.4
2014,12,7,2,282.2
2014,12,7,3,281.7
2014,12,7,4,281.4
2014,12,7,5,281.3
2014,12,7,6,282.1
2014,12,7,7,281.7
2014,12,8,0,283.3
2014,12,8,1,282.9
2014,12,8,2,282.7
2014,12,8,3,282.3
2014,12,8,4,282.7
2014,12,8,5,282.3
2014,12,8,6,282.5
2014,12,8,7,282.3
2014,12,9,0,281.6
2014,12,9,1,281.6
2014,12,9,2,281.3
2014,12,9,3,280.6
2014,12,9,4,280.3
2014,12,9,5,280.5
2014,12,9,6,280.8
2014,12,9,7,279.7
2014,12,10,0,279.0
2014,12,10,1,278.7
2014,12,10,2,278.9
2014,12,10,3,278.9
2014,12,10,4,279.3
2014,12,10,5,279.6
2014,12,10,6,281.1
2014,12,10,7,280.9
2014,12,11,0,279.9
2014,12,11,1,279.6
2014,12,11,2,279.4
2014,12,11,3,278.3
2014,12,11,4,279.9
2014,12,11,5,280.2
2014,12,11,6,281.4
2014,12,11,7,281.6
2014,12,12,0,281.9
2014,12,12,1,281.9
2014,12,12,2,281.7
2014,12,12,3,280.6
2014,12,12,4,281.0
2014,12,12,5,281.0
2014,12,12,6,282.2
2014,12,12,7,282.1
2014,12,13,0,282.5
2014,12,13,1,282.6
2014,12,13,2,282.7
2014,12,13,3,282.5
2014,12,13,4,283.0
2014,12,13,5,282.6
2014,12,13,6,283.6
2014,12,13,7,283.0
2014,12,14,0,283.3
2014,12,14,1,282.9
2014,12,14,2,282.3
2014,12,14,3,281.3
2014,12,14,4,281.6
2014,12,14,5,279.7
2014,12,14,6,278.7
2014,12,14,7,279.5
2014,12,15,0,279.2
2014,12,15,1,279.5
2014,12,15,2,279.6
2014,12,15,3,279.7
2014,12,15,4,280.2
2014,12,15,5,280.4
2014,12,15,6,281.8
2014,12,15,7,281.9
2014,12,16,0,281.2
2014,12,16,1,281.0
2014,12,16,2,281.7
2014,12,16,3,282.4
2014,12,16,4,282.9
2014,12,16,5,282.1
2014,12,16,6,283.3
2014,12,16,7,283.0
2014,12,17,0,283.7
2014,12,17,1,283.4
2014,12,17,2,283.0
2014,12,17,3,282.7
2014,12,17,4,282.8
2014,12,17,5,283.4
2014,12,17,6,284.9
2014,12,17,7,284.0
2014,12,18,0,285.2
2014,12,18,1,284.9
2014,12,18,2,284.5
2014,12,18,3,284.0
2014,12,18,4,284.5
2014,12,18,5,284.3
2014,12,18,6,284.5
2014,12,18,7,284.9
2014,12,19,0,285.0
2014,12,19,1,284.6
2014,12,19,2,284.1
2014,12,19,3,283.6
2014,12,19,4,285.0
2014,12,19,5,285.0
2014,12,19,6,284.6
2014,12,19,7,283.8
2014,12,20,0,283.4
2014,12,20,1,283.1
2014,12,20,2,282.9
2014,12,20,3,283.0
2014,12,20,4,283.5
2014,12,20,5,283.3
2014,12,20,6,283.7
2014,12,20,7,283.9
2014,12,21,0,283.8
2014,12,21,1,283.5
2014,12,21,2,283.4
2014,12,21,3,283.0
2014,12,21,4,282.6
2014,12,21,5,282.8
2014,12,21,6,284.5
2014,12,21,7,284.2
2014,12,22,0,283.7
2014,12,22,1,283.1
2014,12,22,2,282.0
2014,12,22,3,281.3
2014,12,22,4,281.1
2014,12,22,5,279.9
2014,12,22,6,280.2
2014,12,22,7,279.6
2014,12,23,0,279.6
2014,12,23,1,279.4
2014,12,23,2,279.0
2014,12,23,3,279.0
2014,12,23,4,279.1
2014,12,23,5,278.9
2014,12,23,6,279.5
2014,12,23,7,280.1
2014,12,24,0,280.6
2014,12,24,1,280.7
2014,12,24,2,280.4
2014,12,24,3,279.6
2014,12,24,4,280.1
2014,12,24,5,280.0
2014,12,24,6,281.5
2014,12,24,7,281.6
2014,12,25,0,281.6
2014,12,25,1,281.7
2014,12,25,2,281.5
2014,12,25,3,281.2
2014,12,25,4,281.1
2014,12,25,5,280.7
2014,12,25,6,281.7
2014,12,25,7,281.2
2014,12,26,0,281.4
2014,12,26,1,281.3
2014,12,26,2,281.2
2014,12,26,3,281.0
2014,12,26,4,280.8
2014,12,26,5,280.5
2014,12,26,6,281.8
2014,12,26,7,281.3
2014,12,27,0,281.2
2014,12,27,1,280.9
2014,12,27,2,280.8
2014,12,27,3,280.6
2014,12,27,4,280.6
2014,12,27,5,280.6
2014,12,27,6,281.3
2014,12,27,7,281.0
2014,12,28,0,280.7
2014,12,28,1,280.4
2014,12,28,2,280.7
2014,12,28,3,280.2
2014,12,28,4,280.5
2014,12,28,5,280.9
2014,12,28,6,282.5
2014,12,28,7,282.6
2014,12,29,0,283.0
2014,12,29,1,282.5
2014,12,29,2,281.8
2014,12,29,3,281.1
2014,12,29,4,281.4
2014,12,29,5,281.8
2014,12,29,6,283.2
2014,12,29,7,282.6
2014,12,30,0,282.2
2014,12,30,1,280.8
2014,12,30,2,279.7
2014,12,30,3,279.8
2014,12,30,4,280.1
2014,12,30,5,280.5
2014,12,30,6,282.1
2014,12,30,7,282.2
2014,12,31,0,281.8
2014,12,31,1,281.9
2014,12,31,2,282.1
2014,12,31,3,281.2
2014,12,31,4,280.9
2014,12,31,5,281.2
2014,12,31,6,282.3
2014,12,31,7,282.3
2014,12,1,0,282.2
2014,12,1,1,282.0
2014,12,1,2,281.5
2014,12,1,3,281.1
2014,12,1,4,281.3
2014,12,1,5,281.1
2014,12,1,6,282.5
2014,12,1,7,281.7
2014,12,2,0,282.1
2014,12,2,1,282.3
2014,12,2,2,281.7
2014,12,2,3,281.9
2014,12,2,4,282.6
2014,12,2,5,282.9
2014,12,2,6,283.4
2014,12,2,7,283.1
2014,12,3,0,282.6
2014,12,3,1,281.4
2014,12,3,2,281.0
2014,12,3,3,280.5
2014,12,3,4,281.2
2014,12,3,5,281.1
2014,12,3,6,282.2
2014,12,3,7,281.6
2014,12,4,0,281.5
2014,12,4,1,280.6
2014,12,4,2,279.7
2014,12,4,3,278.8
2014,12,4,4,278.6
2014,12,4,5,278.6
2014,12,4,6,280.0
2014,12,4,7,280.0
2014,12,5,0,279.9
2014,12,5,1,279.5
2014,12,5,2,279.4
2014,12,5,3,279.0
2014,12,5,4,278.7
2014,12,5,5,278.8
2014,12,5,6,280.5
2014,12,5,7,280.7
2014,12,6,0,281.3
2014,12,6,1,281.4
2014,12,6,2,281.2
2014,12,6,3,280.7
2014,12,6,4,281.3
2014,12,6,5,282.2
2014,12,6,6,283.8
2014,12,6,7,283.1
2014,12,7,0,283.6
2014,12,7,1,283.6
2014,12,7,2,283.6
2014,12,7,3,283.4
2014,12,7,4,283.8
2014,12,7,5,284.7
2014,12,7,6,286.1
2014,12,7,7,285.7
2014,12,8,0,286.1
2014,12,8,1,286.2
2014,12,8,2,285.3
2014,12,8,3,284.6
2014,12,8,4,285.3
2014,12,8,5,285.2
2014,12,8,6,286.3
2014,12,8,7,285.2
2014,12,9,0,285.1
2014,12,9,1,284.5
2014,12,9,2,283.7
2014,12,9,3,283.2
2014,12,9,4,282.7
2014,12,9,5,283.3
2014,12,9,6,284.5
2014,12,9,7,283.2
2014,12,10,0,283.8
2014,12,10,1,282.9
2014,12,10,2,282.6
2014,12,10,3,282.8
2014,12,10,4,282.3
2014,12,10,5,282.3
2014,12,10,6,283.8
2014,12,10,7,283.3
2014,12,11,0,283.4
2014,12,11,1,283.5
2014,12,11,2,282.9
2014,12,11,3,282.0
2014,12,11,4,282.3
2014,12,11,5,282.2
2014,12,11,6,284.0
2014,12,11,7,283.1
2014,12,12,0,283.5
2014,12,12,1,283.7
2014,12,12,2,283.5
2014,12,12,3,282.8
2014,12,12,4,283.1
2014,12,12,5,283.0
2014,12,12,6,280.6
2014,12,12,7,281.5
2014,12,13,0,279.7
2014,12,13,1,277.5
2014,12,13,2,274.5
2014,12,13,3,274.5
2014,12,13,4,274.4
2014,12,13,5,275.7
2014,12,13,6,274.9
2014,12,13,7,275.9
2014,12,14,0,276.2
2014,12,14,1,276.1
2014,12,14,2,277.5
2014,12,14,3,278.6
2014,12,14,4,277.8
2014,12,14,5,279.3
2014,12,14,6,280.6
2014,12,14,7,280.9
2014,12,15,0,281.4
2014,12,15,1,283.1
2014,12,15,2,283.4
2014,12,15,3,284.0
2014,12,15,4,284.1
2014,12,15,5,283.5
2014,12,15,6,284.4
2014,12,15,7,284.4
2014,12,16,0,284.5
2014,12,16,1,284.0
2014,12,16,2,283.6
2014,12,16,3,282.1
2014,12,16,4,282.3
2014,12,16,5,281.6
2014,12,16,6,283.3
2014,12,16,7,283.1
2014,12,17,0,282.7
2014,12,17,1,281.7
2014,12,17,2,281.2
2014,12,17,3,280.4
2014,12,17,4,280.6
2014,12,17,5,280.0
2014,12,17,6,280.3
2014,12,17,7,280.4
2014,12,18,0,280.2
2014,12,18,1,279.6
2014,12,18,2,278.2
2014,12,18,3,276.7
2014,12,18,4,276.3
2014,12,18,5,276.6
2014,12,18,6,278.5
2014,12,18,7,278.5
2014,12,19,0,278.1
2014,12,19,1,277.7
2014,12,19,2,278.3
2014,12,19,3,278.3
2014,12,19,4,278.7
2014,12,19,5,278.4
2014,12,19,6,280.5
2014,12,19,7,279.6
2014,12,20,0,281.5
2014,12,20,1,281.2
2014,12,20,2,281.4
2014,12,20,3,282.1
2014,12,20,4,282.5
2014,12,20,5,283.3
2014,12,20,6,285.1
2014,12,20,7,284.1
2014,12,21,0,284.6
2014,12,21,1,284.6
2014,12,21,2,284.9
2014,12,21,3,284.6
2014,12,21,4,284.2
2014,12,21,5,284.4
2014,12,21,6,285.4
2014,12,21,7,283.8
2014,12,22,0,283.5
2014,12,22,1,282.6
2014,12,22,2,282.3
2014,12,22,3,281.6
2014,12,22,4,281.6
2014,12,22,5,281.0
2014,12,22,6,282.2
2014,12,22,7,281.3
2014,12,23,0,281.1
2014,12,23,1,280.6
2014,12,23,2,279.3
2014,12,23,3,278.2
2014,12,23,4,278.2
2014,12,23,5,278.1
2014,12,23,6,279.9
2014,12,23,7,280.3
2014,12,24,0,280.1
2014,12,24,1,279.5
2014,12,24,2,280.2
2014,12,24,3,280.4
2014,12,24,4,280.5
2014,12,24,5,281.2
2014,12,24,6,282.9
2014,12,24,7,282.1
2014,12,25,0,282.1
2014,12,25,1,281.1
2014,12,25,2,280.1
2014,12,25,3,279.5
2014,12,25,4,279.8
2014,12,25,5,279.8
2014,12,25,6,281.7
2014,12,25,7,282.1
2014,12,26,0,281.9
2014,12,26,1,281.5
2014,12,26,2,280.9
2014,12,26,3,280.4
2014,12,26,4,280.9
2014,12,26,5,281.1
2014,12,26,6,282.5
2014,12,26,7,282.2
2014,12,27,0,282.4
2014,12,27,1,282.2
2014,12,27,2,281.9
2014,12,27,3,281.7
2014,12,27,4,281.6
2014,12,27,5,282.4
2014,12,27,6,284.5
2014,12,27,7,284.1
2014,12,28,0,283.6
2014,12,28,1,282.8
2014,12,28,2,281.8
2014,12,28,3,281.2
2014,12,28,4,281.8
2014,12,28,5,282.3
2014,12,28,6,284.3
2014,12,28,7,284.5
2014,12,29,0,284.0
2014,12,29,1,283.3
2014,12,29,2,283.3
2014,12,29,3,283.2
2014,12,29,4,282.8
2014,12,29,5,283.1
2014,12,29,6,285.1
2014,12,29,7,284.5
2014,12,30,0,283.6
2014,12,30,1,282.7
2014,12,30,2,281.7
2014,12,30,3,281.3
2014,12,30,4,281.2
2014,12,30,5,282.8
2014,12,30,6,285.5
2014,12,30,7,286.1
2014,12,1,0,285.1
2014,12,1,1,284.5
2014,12,1,2,284.5
2014,12,1,3,284.2
2014,12,1,4,283.8
2014,12,1,5,284.2
2014,12,1,6,286.3
2014,12,1,7,286.5
2014,12,2,0,285.6
2014,12,2,1,284.2
2014,12,2,2,284.0
2014,12,2,3,284.1
2014,12,2,4,284.6
2014,12,2,5,284.5
2014,12,2,6,285.8
2014,12,2,7,284.9
2014,12,3,0,284.8
2014,12,3,1,284.3
2014,12,3,2,284.1
2014,12,3,3,283.9
2014,12,3,4,284.7
2014,12,3,5,284.6
2014,12,3,6,284.7
2014,12,3,7,283.7
2014,12,4,0,281.6
2014,12,4,1,279.0
2014,12,4,2,278.3
2014,12,4,3,277.7
2014,12,4,4,278.2
2014,12,4,5,279.3
2014,12,4,6,281.1
2014,12,4,7,281.6
2014,12,5,0,282.3
2014,12,5,1,284.3
2014,12,5,2,284.5
2014,12,5,3,284.2
2014,12,5,4,284.8
2014,12,5,5,284.7
2014,12,5,6,284.8
2014,12,5,7,285.3
2014,12,6,0,285.6
2014,12,6,1,285.8
2014,12,6,2,285.5
2014,12,6,3,285.1
2014,12,6,4,285.4
2014,12,6,5,285.0
2014,12,6,6,285.7
2014,12,6,7,284.6
2014,12,7,0,285.0
2014,12,7,1,285.1
2014,12,7,2,284.4
2014,12,7,3,284.2
2014,12,7,4,284.5
2014,12,7,5,284.0
2014,12,7,6,284.5
2014,12,7,7,284.4
2014,12,8,0,285.7
2014,12,8,1,285.4
2014,12,8,2,285.0
2014,12,8,3,283.7
2014,12,8,4,283.5
2014,12,8,5,283.0
2014,12,8,6,283.9
2014,12,8,7,283.5
2014,12,9,0,285.5
2014,12,9,1,284.9
2014,12,9,2,283.8
2014,12,9,3,282.9
2014,12,9,4,283.8
2014,12,9,5,284.0
2014,12,9,6,283.6
2014,12,9,7,283.5
2014,12,10,0,285.0
2014,12,10,1,285.1
2014,12,10,2,284.9
2014,12,10,3,284.1
2014,12,10,4,284.3
2014,12,10,5,284.1
2014,12,10,6,283.9
2014,12,10,7,284.9
2014,12,11,0,285.3
2014,12,11,1,284.9
2014,12,11,2,285.1
2014,12,11,3,284.5
2014,12,11,4,284.2
2014,12,11,5,284.3
2014,12,11,6,285.2
2014,12,11,7,286.5
2014,12,12,0,285.7
2014,12,12,1,285.7
2014,12,12,2,285.3
2014,12,12,3,284.8
2014,12,12,4,284.1
2014,12,12,5,284.3
2014,12,12,6,285.1
2014,12,12,7,285.7
2014,12,13,0,285.2
2014,12,13,1,285.8
2014,12,13,2,285.4
2014,12,13,3,284.0
2014,12,13,4,284.5
2014,12,13,5,285.5
2014,12,13,6,287.8
2014,12,13,7,288.4
2014,12,14,0,288.7
2014,12,14,1,288.7
2014,12,14,2,287.6
2014,12,14,3,287.1
2014,12,14,4,287.2
2014,12,14,5,287.2
2014,12,14,6,288.5
2014,12,14,7,287.8
2014,12,15,0,287.6
2014,12,15,1,286.7
2014,12,15,2,286.0
2014,12,15,3,285.6
2014,12,15,4,286.7
2014,12,15,5,287.4
2014,12,15,6,289.2
2014,12,15,7,287.8
2014,12,16,0,288.5
2014,12,16,1,286.6
2014,12,16,2,285.9
2014,12,16,3,285.3
2014,12,16,4,285.7
2014,12,16,5,286.2
2014,12,16,6,288.4
2014,12,16,7,288.0
2014,12,17,0,287.4
2014,12,17,1,286.7
2014,12,17,2,285.3
2014,12,17,3,284.2
2014,12,17,4,284.3
2014,12,17,5,284.4
2014,12,17,6,284.8
2014,12,17,7,285.3
2014,12,18,0,284.9
2014,12,18,1,284.7
2014,12,18,2,283.9
2014,12,18,3,282.9
2014,12,18,4,282.8
2014,12,18,5,282.8
2014,12,18,6,283.4
2014,12,18,7,283.9
2014,12,19,0,283.5
2014,12,19,1,283.0
2014,12,19,2,282.4
2014,12,19,3,281.3
2014,12,19,4,281.6
2014,12,19,5,282.7
2014,12,19,6,284.0
2014,12,19,7,283.7
2014,12,20,0,284.9
2014,12,20,1,284.7
2014,12,20,2,284.2
2014,12,20,3,283.8
2014,12,20,4,283.8
2014,12,20,5,284.8
2014,12,20,6,286.2
2014,12,20,7,284.5
2014,12,21,0,284.7
2014,12,21,1,284.6
2014,12,21,2,284.9
2014,12,21,3,284.3
2014,12,21,4,284.0
2014,12,21,5,284.4
2014,12,21,6,285.2
2014,12,21,7,284.6
2014,12,22,0,283.8
2014,12,22,1,284.4
2014,12,22,2,284.6
2014,12,22,3,283.5
2014,12,22,4,283.7
2014,12,22,5,284.4
2014,12,22,6,285.2
2014,12,22,7,284.1
2014,12,23,0,284.7
2014,12,23,1,284.5
2014,12,23,2,284.0
2014,12,23,3,283.3
2014,12,23,4,283.1
2014,12,23,5,284.2
2014,12,23,6,285.4
2014,12,23,7,284.0
2014,12,24,0,284.3
2014,12,24,1,284.1
2014,12,24,2,284.2
2014,12,24,3,284.2
2014,12,24,4,284.3
2014,12,24,5,285.6
2014,12,24,6,285.7
2014,12,24,7,285.5
2014,12,25,0,285.8
2014,12,25,1,286.6
2014,12,25,2,286.2
2014,12,25,3,286.7
2014,12,25,4,287.2
2014,12,25,5,287.2
2014,12,25,6,286.5
2014,12,25,7,286.5
2014,12,26,0,285.7
2014,12,26,1,285.3
2014,12,26,2,285.0
2014,12,26,3,284.8
2014,12,26,4,289.1
2014,12,26,5,288.6
2014,12,26,6,285.0
2014,12,26,7,287.0
2014,12,27,0,286.9
2014,12,27,1,285.6
2014,12,27,2,284.4
2014,12,27,3,283.9
2014,12,27,4,286.4
2014,12,27,5,285.7
2014,12,27,6,288.2
2014,12,27,7,286.6
2014,12,28,0,284.9
2014,12,28,1,284.7
2014,12,28,2,285.1
2014,12,28,3,285.0
2014,12,28,4,285.2
2014,12,28,5,285.9
2014,12,28,6,285.8
2014,12,28,7,284.8
2014,12,29,0,284.7
2014,12,29,1,284.4
2014,12,29,2,284.1
2014,12,29,3,283.7
2014,12,29,4,283.7
2014,12,29,5,284.6
2014,12,29,6,284.1
2014,12,29,7,286.1
2014,12,30,0,285.4
2014,12,30,1,285.6
2014,12,30,2,284.8
2014,12,30,3,284.1
2014,12,30,4,284.6
2014,12,30,5,284.4
2014,12,30,6,283.9
2014,12,30,7,284.5
2014,12,31,0,284.7
2014,12,31,1,283.9
2014,12,31,2,283.4
2014,12,31,3,283.0
2014,12,31,4,283.3
2014,12,31,5,283.7
2014,12,31,6,284.4
2014,12,31,7,285.4
2014,12,1,0,284.3
2014,12,1,1,283.4
2014,12,1,2,282.6
2014,12,1,3,282.1
2014,12,1,4,282.7
2014,12,1,5,283.7
2014,12,1,6,284.5
2014,12,1,7,286.5
2014,12,2,0,285.3
2014,12,2,1,284.9
2014,12,2,2,283.9
2014,12,2,3,283.0
2014,12,2,4,282.9
2014,12,2,5,283.5
2014,12,2,6,284.4
2014,12,2,7,285.4
2014,12,3,0,284.2
2014,12,3,1,283.4
2014,12,3,2,282.9
2014,12,3,3,282.5
2014,12,3,4,282.4
2014,12,3,5,282.5
2014,12,3,6,283.8
2014,12,3,7,283.4
2014,12,4,0,284.7
2014,12,4,1,284.3
2014,12,4,2,283.9
2014,12,4,3,283.4
2014,12,4,4,283.6
2014,12,4,5,284.5
2014,12,4,6,285.0
2014,12,4,7,286.3
2014,12,5,0,284.9
2014,12,5,1,284.5
2014,12,5,2,284.5
2014,12,5,3,284.3
2014,12,5,4,284.4
2014,12,5,5,284.7
2014,12,5,6,288.8
2014,12,5,7,288.6
2014,12,6,0,287.8
2014,12,6,1,287.9
2014,12,6,2,287.5
2014,12,6,3,286.5
2014,12,6,4,287.2
2014,12,6,5,286.7
2014,12,6,6,287.9
2014,12,6,7,289.5
2014,12,7,0,288.4
2014,12,7,1,288.7
2014,12,7,2,288.3
2014,12,7,3,287.4
2014,12,7,4,287.4
2014,12,7,5,288.1
2014,12,7,6,288.3
2014,12,7,7,288.9
2014,12,8,0,288.2
2014,12,8,1,288.9
2014,12,8,2,288.5
2014,12,8,3,287.7
2014,12,8,4,287.7
2014,12,8,5,288.9
2014,12,8,6,289.9
2014,12,8,7,289.3
2014,12,9,0,289.2
2014,12,9,1,288.8
2014,12,9,2,288.6
2014,12,9,3,287.7
2014,12,9,4,287.8
2014,12,9,5,287.6
2014,12,9,6,287.4
2014,12,9,7,288.6
2014,12,10,0,287.8
2014,12,10,1,287.7
2014,12,10,2,287.1
2014,12,10,3,286.0
2014,12,10,4,285.6
2014,12,10,5,285.9
2014,12,10,6,286.0
2014,12,10,7,285.9
2014,12,11,0,287.5
2014,12,11,1,286.3
2014,12,11,2,285.3
2014,12,11,3,284.0
2014,12,11,4,283.2
2014,12,11,5,284.4
2014,12,11,6,284.8
2014,12,11,7,286.1
2014,12,12,0,285.4
2014,12,12,1,283.5
2014,12,12,2,282.9
2014,12,12,3,282.7
2014,12,12,4,283.1
2014,12,12,5,281.5
2014,12,12,6,282.4
2014,12,12,7,281.7
2014,12,13,0,282.7
2014,12,13,1,282.2
2014,12,13,2,280.9
2014,12,13,3,280.5
2014,12,13,4,280.9
2014,12,13,5,281.7
2014,12,13,6,282.7
2014,12,13,7,281.1
2014,12,14,0,281.6
2014,12,14,1,281.1
2014,12,14,2,280.4
2014,12,14,3,280.1
2014,12,14,4,280.2
2014,12,14,5,281.1
2014,12,14,6,281.9
2014,12,14,7,280.2
2014,12,15,0,281.8
2014,12,15,1,280.6
2014,12,15,2,280.3
2014,12,15,3,280.5
2014,12,15,4,281.4
2014,12,15,5,281.9
2014,12,15,6,283.2
2014,12,15,7,282.0
2014,12,16,0,283.3
2014,12,16,1,281.9
2014,12,16,2,282.5
2014,12,16,3,282.2
2014,12,16,4,282.9
2014,12,16,5,284.3
2014,12,16,6,285.0
2014,12,16,7,283.5
2014,12,17,0,283.6
2014,12,17,1,283.3
2014,12,17,2,283.5
2014,12,17,3,283.2
2014,12,17,4,283.5
2014,12,17,5,283.4
2014,12,17,6,284.1
2014,12,17,7,283.1
2014,12,18,0,282.1
2014,12,18,1,281.4
2014,12,18,2,280.9
2014,12,18,3,280.3
2014,12,18,4,280.3
2014,12,18,5,280.6
2014,12,18,6,282.1
2014,12,18,7,281.0
2014,12,19,0,280.3
2014,12,19,1,280.5
2014,12,19,2,280.8
2014,12,19,3,280.5
2014,12,19,4,280.9
2014,12,19,5,281.2
2014,12,19,6,281.7
2014,12,19,7,280.2
2014,12,20,0,280.7
2014,12,20,1,280.1
2014,12,20,2,280.1
2014,12,20,3,280.1
2014,12,20,4,280.4
2014,12,20,5,281.1
2014,12,20,6,282.0
2014,12,20,7,280.5
2014,12,21,0,281.1
2014,12,21,1,280.8
2014,12,21,2,280.2
2014,12,21,3,279.7
2014,12,21,4,280.4
2014,12,21,5,282.1
2014,12,21,6,283.5
2014,12,21,7,282.3
2014,12,22,0,283.7
2014,12,22,1,283.1
2014,12,22,2,282.5
2014,12,22,3,282.1
2014,12,22,4,282.4
2014,12,22,5,283.2
2014,12,22,6,284.4
2014,12,22,7,283.6
2014,12,23,0,283.3
2014,12,23,1,282.9
2014,12,23,2,282.8
2014,12,23,3,282.8
2014,12,23,4,283.0
2014,12,23,5,283.7
2014,12,23,6,285.0
2014,12,23,7,284.2
2014,12,24,0,284.0
2014,12,24,1,283.3
2014,12,24,2,282.8
2014,12,24,3,282.8
2014,12,24,4,283.2
2014,12,24,5,284.1
2014,12,24,6,285.2
2014,12,24,7,283.5
2014,12,25,0,284.6
2014,12,25,1,283.2
2014,12,25,2,282.3
2014,12,25,3,281.8
2014,12,25,4,282.2
2014,12,25,5,282.0
2014,12,25,6,283.2
2014,12,25,7,282.4
2014,12,26,0,282.7
2014,12,26,1,282.0
2014,12,26,2,281.9
2014,12,26,3,281.8
2014,12,26,4,282.1
2014,12,26,5,282.8
2014,12,26,6,283.5
2014,12,26,7,282.3
2014,12,27,0,281.6
2014,12,27,1,281.5
2014,12,27,2,281.4
2014,12,27,3,281.5
2014,12,27,4,281.8
2014,12,27,5,283.3
2014,12,27,6,285.5
2014,12,27,7,284.4
2014,12,28,0,283.4
2014,12,28,1,284.4
2014,12,28,2,283.9
2014,12,28,3,283.6
2014,12,28,4,284.1
2014,12,28,5,285.6
2014,12,28,6,286.5
2014,12,28,7,285.0
2014,12,29,0,284.7
2014,12,29,1,284.2
2014,12,29,2,284.3
2014,12,29,3,284.0
2014,12,29,4,283.7
2014,12,29,5,283.8
2014,12,29,6,285.0
2014,12,29,7,283.2
2014,12,30,0,284.3
2014,12,30,1,283.8
2014,12,30,2,283.4
2014,12,30,3,282.8
2014,12,30,4,282.8
2014,12,30,5,282.7
2014,12,30,6,283.3
2014,12,30,7,282.8
2014,12,1,0,283.3
2014,12,1,1,282.4
2014,12,1,2,281.8
2014,12,1,3,281.4
2014,12,1,4,281.4
2014,12,1,5,282.0
2014,12,1,6,283.5
2014,12,1,7,282.7
2014,12,2,0,282.1
2014,12,2,1,281.3
2014,12,2,2,280.3
2014,12,2,3,279.9
2014,12,2,4,279.8
2014,12,2,5,281.7
2014,12,2,6,284.0
2014,12,2,7,283.8
2014,12,3,0,283.8
2014,12,3,1,284.4
2014,12,3,2,284.4
2014,12,3,3,283.8
2014,12,3,4,284.7
2014,12,3,5,286.5
2014,12,3,6,288.5
2014,12,3,7,287.9
2014,12,4,0,286.9
2014,12,4,1,286.1
2014,12,4,2,285.8
2014,12,4,3,285.6
2014,12,4,4,285.6
2014,12,4,5,286.1
2014,12,4,6,287.5
2014,12,4,7,286.8
2014,12,5,0,287.6
2014,12,5,1,286.2
2014,12,5,2,286.4
2014,12,5,3,286.0
2014,12,5,4,285.8
2014,12,5,5,284.9
2014,12,5,6,286.1
2014,12,5,7,287.3
2014,12,6,0,287.1
2014,12,6,1,285.8
2014,12,6,2,285.2
2014,12,6,3,284.5
2014,12,6,4,284.9
2014,12,6,5,285.3
2014,12,6,6,286.4
2014,12,6,7,286.4
2014,12,7,0,286.3
2014,12,7,1,285.3
2014,12,7,2,285.1
2014,12,7,3,285.7
2014,12,7,4,286.1
2014,12,7,5,286.2
2014,12,7,6,287.7
2014,12,7,7,287.4
2014,12,8,0,287.3
2014,12,8,1,286.3
2014,12,8,2,285.0
2014,12,8,3,284.7
2014,12,8,4,286.2
2014,12,8,5,285.9
2014,12,8,6,285.7
2014,12,8,7,286.5
2014,12,9,0,288.9
2014,12,9,1,286.6
2014,12,9,2,285.7
2014,12,9,3,285.0
2014,12,9,4,285.5
2014,12,9,5,283.8
2014,12,9,6,284.1
2014,12,9,7,283.3
2014,12,10,0,285.4
2014,12,10,1,283.6
2014,12,10,2,283.1
2014,12,10,3,282.7
2014,12,10,4,282.9
2014,12,10,5,282.8
2014,12,10,6,283.7
2014,12,10,7,283.1
2014,12,11,0,284.6
2014,12,11,1,283.5
2014,12,11,2,283.7
2014,12,11,3,282.3
2014,12,11,4,282.6
2014,12,11,5,283.2
2014,12,11,6,283.2
2014,12,11,7,284.1
2014,12,12,0,284.9
2014,12,12,1,284.6
2014,12,12,2,283.8
2014,12,12,3,282.9
2014,12,12,4,282.8
2014,12,12,5,283.5
2014,12,12,6,285.0
2014,12,12,7,286.8
2014,12,13,0,284.7
2014,12,13,1,283.8
2014,12,13,2,283.2
2014,12,13,3,282.6
2014,12,13,4,282.6
2014,12,13,5,283.0
2014,12,13,6,284.1
2014,12,13,7,283.3
2014,12,14,0,284.0
2014,12,14,1,282.9
2014,12,14,2,282.5
2014,12,14,3,282.5
2014,12,14,4,282.7
2014,12,14,5,283.3
2014,12,14,6,284.6
2014,12,14,7,283.4
2014,12,15,0,283.3
2014,12,15,1,282.8
2014,12,15,2,282.3
2014,12,15,3,282.0
2014,12,15,4,282.2
2014,12,15,5,282.4
2014,12,15,6,284.0
2014,12,15,7,284.4
2014,12,16,0,284.1
2014,12,16,1,283.1
2014,12,16,2,282.8
2014,12,16,3,282.1
2014,12,16,4,282.5
2014,12,16,5,282.5
2014,12,16,6,284.1
2014,12,16,7,283.6
2014,12,17,0,284.7
2014,12,17,1,284.1
2014,12,17,2,283.2
2014,12,17,3,282.4
2014,12,17,4,282.7
2014,12,17,5,283.7
2014,12,17,6,284.8
2014,12,17,7,286.8
2014,12,18,0,285.4
2014,12,18,1,284.9
2014,12,18,2,284.2
2014,12,18,3,283.7
2014,12,18,4,283.6
2014,12,18,5,283.4
2014,12,18,6,285.3
2014,12,18,7,287.1
2014,12,19,0,286.5
2014,12,19,1,285.9
2014,12,19,2,284.0
2014,12,19,3,283.0
2014,12,19,4,283.6
2014,12,19,5,283.2
2014,12,19,6,283.6
2014,12,19,7,285.0
2014,12,20,0,284.4
2014,12,20,1,281.8
2014,12,20,2,281.4
2014,12,20,3,281.1
2014,12,20,4,281.6
2014,12,20,5,281.3
2014,12,20,6,281.9
2014,12,20,7,281.3
2014,12,21,0,281.7
2014,12,21,1,281.6
2014,12,21,2,280.8
2014,12,21,3,280.8
2014,12,21,4,281.0
2014,12,21,5,281.0
2014,12,21,6,282.7
2014,12,21,7,282.0
2014,12,22,0,281.9
2014,12,22,1,282.0
2014,12,22,2,281.7
2014,12,22,3,281.3
2014,12,22,4,281.7
2014,12,22,5,283.3
2014,12,22,6,284.2
2014,12,22,7,286.9
2014,12,23,0,284.6
2014,12,23,1,284.2
2014,12,23,2,283.9
2014,12,23,3,283.7
2014,12,23,4,283.7
2014,12,23,5,285.0
2014,12,23,6,285.9
2014,12,23,7,284.4
2014,12,24,0,285.7
2014,12,24,1,284.8
2014,12,24,2,283.8
2014,12,24,3,283.2
2014,12,24,4,283.9
2014,12,24,5,284.9
2014,12,24,6,286.0
2014,12,24,7,284.9
2014,12,25,0,284.3
2014,12,25,1,283.9
2014,12,25,2,283.9
2014,12,25,3,283.7
2014,12,25,4,284.4
2014,12,25,5,285.1
2014,12,25,6,286.0
2014,12,25,7,285.1
2014,12,26,0,284.5
2014,12,26,1,284.1
2014,12,26,2,283.9
2014,12,26,3,283.6
2014,12,26,4,284.2
2014,12,26,5,285.6
2014,12,26,6,287.4
2014,12,26,7,286.9
2014,12,27,0,285.8
2014,12,27,1,285.1
2014,12,27,2,285.0
2014,12,27,3,284.9
2014,12,27,4,285.5
2014,12,27,5,286.9
2014,12,27,6,287.8
2014,12,27,7,289.4
2014,12,28,0,288.7
2014,12,28,1,287.6
2014,12,28,2,285.8
2014,12,28,3,284.9
2014,12,28,4,286.0
2014,12,28,5,286.8
2014,12,28,6,287.4
2014,12,28,7,285.7
2014,12,29,0,286.0
2014,12,29,1,285.6
2014,12,29,2,286.0
2014,12,29,3,285.4
2014,12,29,4,285.6
2014,12,29,5,284.1
2014,12,29,6,284.9
2014,12,29,7,287.6
2014,12,30,0,285.7
2014,12,30,1,286.2
2014,12,30,2,285.0
2014,12,30,3,284.6
2014,12,30,4,285.4
2014,12,30,5,283.8
2014,12,30,6,284.7
2014,12,30,7,283.8
2014,12,31,0,284.4
2014,12,31,1,284.5
2014,12,31,2,283.4
2014,12,31,3,283.0
2014,12,31,4,282.6
2014,12,31,5,283.5
2014,12,31,6,285.2
2014,12,31,7,284.3
2015,12,1,0,283.7
2015,12,1,1,284.2
2015,12,1,2,283.8
2015,12,1,3,283.3
2015,12,1,4,282.9
2015,12,1,5,284.6
2015,12,1,6,286.5
2015,12,1,7,286.3
2015,12,2,0,285.4
2015,12,2,1,285.5
2015,12,2,2,284.9
2015,12,2,3,284.2
2015,12,2,4,284.2
2015,12,2,5,285.4
2015,12,2,6,286.6
2015,12,2,7,285.7
2015,12,3,0,284.8
2015,12,3,1,284.3
2015,12,3,2,284.4
2015,12,3,3,284.3
2015,12,3,4,284.9
2015,12,3,5,285.9
2015,12,3,6,287.3
2015,12,3,7,286.4
2015,12,4,0,286.4
2015,12,4,1,286.6
2015,12,4,2,286.3
2015,12,4,3,286.2
2015,12,4,4,286.8
2015,12,4,5,287.9
2015,12,4,6,288.3
2015,12,4,7,289.3
2015,12,5,0,287.2
2015,12,5,1,287.2
2015,12,5,2,287.0
2015,12,5,3,286.4
2015,12,5,4,286.4
2015,12,5,5,286.3
2015,12,5,6,287.4
2015,12,5,7,287.0
2015,12,6,0,287.0
2015,12,6,1,286.6
2015,12,6,2,286.0
2015,12,6,3,285.6
2015,12,6,4,285.3
2015,12,6,5,286.6
2015,12,6,6,286.9
2015,12,6,7,287.2
2015,12,7,0,286.9
2015,12,7,1,286.4
2015,12,7,2,286.1
2015,12,7,3,285.9
2015,12,7,4,286.1
2015,12,7,5,286.4
2015,12,7,6,286.0
2015,12,7,7,286.5
2015,12,8,0,286.1
2015,12,8,1,286.0
2015,12,8,2,285.3
2015,12,8,3,284.9
2015,12,8,4,285.0
2015,12,8,5,286.2
2015,12,8,6,286.2
2015,12,8,7,285.0
2015,12,9,0,285.3
2015,12,9,1,285.2
2015,12,9,2,284.4
2015,12,9,3,284.0
2015,12,9,4,284.5
2015,12,9,5,286.0
2015,12,9,6,285.9
2015,12,9,7,286.6
2015,12,10,0,287.0
2015,12,10,1,286.7
2015,12,10,2,286.4
2015,12,10,3,286.7
2015,12,10,4,286.5
2015,12,10,5,286.6
2015,12,10,6,288.9
2015,12,10,7,288.1
2015,12,11,0,290.0
2015,12,11,1,288.4
2015,12,11,2,287.0
2015,12,11,3,286.6
2015,12,11,4,287.8
2015,12,11,5,287.6
2015,12,11,6,290.4
2015,12,11,7,289.1
2015,12,12,0,287.7
2015,12,12,1,288.2
2015,12,12,2,287.4
2015,12,12,3,286.9
2015,12,12,4,286.3
2015,12,12,5,285.6
2015,12,12,6,286.1
2015,12,12,7,287.6
2015,12,13,0,286.5
2015,12,13,1,285.6
2015,12,13,2,284.4
2015,12,13,3,283.9
2015,12,13,4,284.3
2015,12,13,5,284.9
2015,12,13,6,285.1
2015,12,13,7,283.5
2015,12,14,0,283.8
2015,12,14,1,283.8
2015,12,14,2,283.2
2015,12,14,3,283.0
2015,12,14,4,283.1
2015,12,14,5,284.0
2015,12,14,6,285.4
2015,12,14,7,284.3
2015,12,15,0,285.9
2015,12,15,1,284.8
2015,12,15,2,283.9
2015,12,15,3,284.0
2015,12,15,4,284.6
2015,12,15,5,285.6
2015,12,15,6,286.5
2015,12,15,7,286.6
2015,12,16,0,285.5
2015,12,16,1,285.3
2015,12,16,2,285.0
2015,12,16,3,284.6
2015,12,16,4,285.1
2015,12,16,5,286.1
2015,12,16,6,286.3
2015,12,16,7,285.9
2015,12,17,0,285.4
2015,12,17,1,284.6
2015,12,17,2,284.1
2015,12,17,3,284.8
2015,12,17,4,284.5
2015,12,17,5,286.0
2015,12,17,6,285.6
2015,12,17,7,287.1
2015,12,18,0,286.1
2015,12,18,1,285.7
2015,12,18,2,285.2
2015,12,18,3,284.3
2015,12,18,4,284.8
2015,12,18,5,283.2
2015,12,18,6,283.7
2015,12,18,7,286.2
2015,12,19,0,285.6
2015,12,19,1,286.1
2015,12,19,2,285.5
2015,12,19,3,284.8
2015,12,19,4,283.5
2015,12,19,5,284.1
2015,12,19,6,283.7
2015,12,19,7,285.6
2015,12,20,0,285.6
2015,12,20,1,285.2
2015,12,20,2,284.9
2015,12,20,3,284.9
2015,12,20,4,285.9
2015,12,20,5,287.3
2015,12,20,6,287.8
2015,12,20,7,286.6
2015,12,21,0,285.8
2015,12,21,1,286.1
2015,12,21,2,285.7
2015,12,21,3,285.3
2015,12,21,4,285.7
2015,12,21,5,285.5
2015,12,21,6,286.4
2015,12,21,7,285.4
2015,12,22,0,286.8
2015,12,22,1,286.2
2015,12,22,2,286.5
2015,12,22,3,286.2
2015,12,22,4,285.8
2015,12,22,5,286.3
2015,12,22,6,287.8
2015,12,22,7,288.0
2015,12,23,0,288.6
2015,12,23,1,289.3
2015,12,23,2,287.4
2015,12,23,3,286.2
2015,12,23,4,286.5
2015,12,23,5,287.1
2015,12,23,6,287.8
2015,12,23,7,286.8
2015,12,24,0,287.9
2015,12,24,1,286.7
2015,12,24,2,285.9
2015,12,24,3,286.0
2015,12,24,4,286.1
2015,12,24,5,284.3
2015,12,24,6,286.1
2015,12,24,7,283.7
2015,12,25,0,287.3
2015,12,25,1,286.8
2015,12,25,2,285.0
2015,12,25,3,284.8
2015,12,25,4,285.4
2015,12,25,5,285.3
2015,12,25,6,285.7
2015,12,25,7,284.4
2015,12,26,0,286.4
2015,12,26,1,286.3
2015,12,26,2,286.7
2015,12,26,3,285.2
2015,12,26,4,285.3
2015,12,26,5,285.5
2015,12,26,6,288.3
2015,12,26,7,287.3
2015,12,27,0,286.0
2015,12,27,1,286.2
2015,12,27,2,285.0
2015,12,27,3,284.1
2015,12,27,4,283.4
2015,12,27,5,283.3
2015,12,27,6,283.7
2015,12,27,7,283.1
2015,12,28,0,285.4
2015,12,28,1,285.4
2015,12,28,2,285.4
2015,12,28,3,284.0
2015,12,28,4,283.8
2015,12,28,5,283.6
2015,12,28,6,285.0
2015,12,28,7,286.2
2015,12,29,0,285.4
2015,12,29,1,284.3
2015,12,29,2,284.8
2015,12,29,3,283.5
2015,12,29,4,285.1
2015,12,29,5,285.0
2015,12,29,6,285.0
2015,12,29,7,287.0
2015,12,30,0,285.7
2015,12,30,1,286.7
2015,12,30,2,284.6
2015,12,30,3,284.3
2015,12,30,4,284.3
2015,12,30,5,285.9
2015,12,30,6,286.5
2015,12,30,7,288.3
2015,12,31,0,287.5
2015,12,31,1,286.5
2015,12,31,2,287.5
2015,12,31,3,286.6
2015,12,31,4,285.5
2015,12,31,5,286.3
2015,12,31,6,287.8
2015,12,31,7,286.7
2015,12,1,0,287.1
2015,12,1,1,286.3
2015,12,1,2,285.7
2015,12,1,3,284.7
2015,12,1,4,286.7
2015,12,1,5,286.2
2015,12,1,6,286.6
2015,12,1,7,288.4
2015,12,2,0,288.2
2015,12,2,1,288.4
2015,12,2,2,287.7
2015,12,2,3,286.8
2015,12,2,4,286.6
2015,12,2,5,286.6
2015,12,2,6,287.1
2015,12,2,7,288.9
2015,12,3,0,288.2
2015,12,3,1,287.6
2015,12,3,2,287.0
2015,12,3,3,286.3
2015,12,3,4,286.4
2015,12,3,5,286.7
2015,12,3,6,287.0
2015,12,3,7,287.8
2015,12,4,0,287.1
2015,12,4,1,287.7
2015,12,4,2,287.4
2015,12,4,3,286.6
2015,12,4,4,286.4
2015,12,4,5,287.8
2015,12,4,6,288.3
2015,12,4,7,288.1
2015,12,5,0,287.9
2015,12,5,1,287.5
2015,12,5,2,286.5
2015,12,5,3,286.1
2015,12,5,4,287.3
2015,12,5,5,287.1
2015,12,5,6,288.3
2015,12,5,7,288.6
2015,12,6,0,287.1
2015,12,6,1,288.1
2015,12,6,2,287.3
2015,12,6,3,284.4
2015,12,6,4,285.1
2015,12,6,5,285.9
2015,12,6,6,286.1
2015,12,6,7,285.3
2015,12,7,0,284.9
2015,12,7,1,285.0
2015,12,7,2,283.2
2015,12,7,3,282.0
2015,12,7,4,282.9
2015,12,7,5,283.3
2015,12,7,6,283.9
2015,12,7,7,282.5
2015,12,8,0,283.6
2015,12,8,1,283.0
2015,12,8,2,281.7
2015,12,8,3,281.0
2015,12,8,4,281.1
2015,12,8,5,283.1
2015,12,8,6,284.0
2015,12,8,7,285.5
2015,12,9,0,285.2
2015,12,9,1,285.1
2015,12,9,2,283.4
2015,12,9,3,280.3
2015,12,9,4,279.7
2015,12,9,5,281.4
2015,12,9,6,282.9
2015,12,9,7,281.7
2015,12,10,0,283.7
2015,12,10,1,280.7
2015,12,10,2,280.0
2015,12,10,3,279.4
2015,12,10,4,278.8
2015,12,10,5,280.5
2015,12,10,6,282.2
2015,12,10,7,281.7
2015,12,11,0,282.3
2015,12,11,1,282.2
2015,12,11,2,282.0
2015,12,11,3,282.5
2015,12,11,4,282.0
2015,12,11,5,282.8
2015,12,11,6,283.9
2015,12,11,7,282.4
2015,12,12,0,284.2
2015,12,12,1,283.3
2015,12,12,2,282.8
2015,12,12,3,282.4
2015,12,12,4,282.8
2015,12,12,5,283.9
2015,12,12,6,284.7
2015,12,12,7,284.3
2015,12,13,0,286.2
2015,12,13,1,284.5
2015,12,13,2,284.6
2015,12,13,3,284.6
2015,12,13,4,284.5
2015,12,13,5,285.6
2015,12,13,6,286.0
2015,12,13,7,287.5
2015,12,14,0,286.6
2015,12,14,1,285.9
2015,12,14,2,285.1
2015,12,14,3,284.1
2015,12,14,4,283.4
2015,12,14,5,284.4
2015,12,14,6,285.7
2015,12,14,7,287.4
2015,12,15,0,287.1
2015,12,15,1,285.8
2015,12,15,2,284.8
2015,12,15,3,283.8
2015,12,15,4,283.6
2015,12,15,5,284.7
2015,12,15,6,285.7
2015,12,15,7,287.4
2015,12,16,0,285.8
2015,12,16,1,284.7
2015,12,16,2,284.3
2015,12,16,3,284.0
2015,12,16,4,283.4
2015,12,16,5,284.3
2015,12,16,6,285.8
2015,12,16,7,285.0
2015,12,17,0,286.4
2015,12,17,1,284.8
2015,12,17,2,284.0
2015,12,17,3,283.7
2015,12,17,4,283.7
2015,12,17,5,284.0
2015,12,17,6,285.5
2015,12,17,7,284.0
2015,12,18,0,285.5
2015,12,18,1,284.3
2015,12,18,2,283.6
2015,12,18,3,282.6
2015,12,18,4,282.2
2015,12,18,5,282.7
2015,12,18,6,283.1
2015,12,18,7,281.5
2015,12,19,0,280.4
2015,12,19,1,280.3
2015,12,19,2,279.7
2015,12,19,3,278.7
2015,12,19,4,277.9
2015,12,19,5,278.8
2015,12,19,6,280.5
2015,12,19,7,279.6
2015,12,20,0,279.2
2015,12,20,1,278.2
2015,12,20,2,280.6
2015,12,20,3,280.8
2015,12,20,4,281.2
2015,12,20,5,279.4
2015,12,20,6,280.8
2015,12,20,7,280.4
2015,12,21,0,280.3
2015,12,21,1,279.8
2015,12,21,2,280.5
2015,12,21,3,280.4
2015,12,21,4,280.4
2015,12,21,5,280.4
2015,12,21,6,282.3
2015,12,21,7,282.0
2015,12,22,0,281.8
2015,12,22,1,281.3
2015,12,22,2,282.0
2015,12,22,3,281.4
2015,12,22,4,281.6
2015,12,22,5,282.1
2015,12,22,6,283.8
2015,12,22,7,283.8
2015,12,23,0,284.1
2015,12,23,1,283.8
2015,12,23,2,285.4
2015,12,23,3,285.1
2015,12,23,4,285.0
2015,12,23,5,284.7
2015,12,23,6,285.6
2015,12,23,7,287.5
2015,12,24,0,287.8
2015,12,24,1,288.3
2015,12,24,2,287.9
2015,12,24,3,286.7
2015,12,24,4,286.2
2015,12,24,5,285.5
2015,12,24,6,286.6
2015,12,24,7,288.5
2015,12,25,0,288.7
2015,12,25,1,288.1
2015,12,25,2,288.7
2015,12,25,3,288.1
2015,12,25,4,286.5
2015,12,25,5,287.6
2015,12,25,6,286.0
2015,12,25,7,287.4
2015,12,26,0,289.0
2015,12,26,1,286.8
2015,12,26,2,286.9
2015,12,26,3,286.4
2015,12,26,4,285.9
2015,12,26,5,286.1
2015,12,26,6,285.0
2015,12,26,7,284.5
2015,12,27,0,284.7
2015,12,27,1,284.6
2015,12,27,2,284.9
2015,12,27,3,283.7
2015,12,27,4,283.3
2015,12,27,5,283.8
2015,12,27,6,283.6
2015,12,27,7,283.0
2015,12,28,0,283.0
2015,12,28,1,282.6
2015,12,28,2,283.1
2015,12,28,3,282.7
2015,12,28,4,282.8
2015,12,28,5,282.9
2015,12,28,6,284.2
2015,12,28,7,283.9
2015,12,1,0,283.8
2015,12,1,1,283.5
2015,12,1,2,283.1
2015,12,1,3,283.2
2015,12,1,4,283.3
2015,12,1,5,284.0
2015,12,1,6,284.8
2015,12,1,7,283.6
2015,12,2,0,284.9
2015,12,2,1,284.2
2015,12,2,2,284.2
2015,12,2,3,283.4
2015,12,2,4,283.2
2015,12,2,5,283.4
2015,12,2,6,284.8
2015,12,2,7,284.0
2015,12,3,0,285.1
2015,12,3,1,283.4
2015,12,3,2,283.3
2015,12,3,3,283.1
2015,12,3,4,282.9
2015,12,3,5,283.5
2015,12,3,6,284.8
2015,12,3,7,283.7
2015,12,4,0,285.0
2015,12,4,1,284.1
2015,12,4,2,284.3
2015,12,4,3,284.7
2015,12,4,4,284.7
2015,12,4,5,284.5
2015,12,4,6,286.0
2015,12,4,7,285.4
2015,12,5,0,286.8
2015,12,5,1,285.5
2015,12,5,2,285.0
2015,12,5,3,284.9
2015,12,5,4,285.8
2015,12,5,5,285.7
2015,12,5,6,286.4
2015,12,5,7,288.4
2015,12,6,0,287.3
2015,12,6,1,287.3
2015,12,6,2,286.4
2015,12,6,3,285.5
2015,12,6,4,285.7
2015,12,6,5,285.2
2015,12,6,6,285.5
2015,12,6,7,287.5
2015,12,7,0,287.1
2015,12,7,1,287.4
2015,12,7,2,287.0
2015,12,7,3,286.5
2015,12,7,4,286.6
2015,12,7,5,284.8
2015,12,7,6,285.5
2015,12,7,7,287.4
2015,12,8,0,287.5
2015,12,8,1,288.3
2015,12,8,2,288.1
2015,12,8,3,287.6
2015,12,8,4,287.3
2015,12,8,5,286.8
2015,12,8,6,287.7
2015,12,8,7,288.6
2015,12,9,0,289.0
2015,12,9,1,289.5
2015,12,9,2,289.8
2015,12,9,3,290.3
2015,12,9,4,289.8
2015,12,9,5,288.6
2015,12,9,6,290.2
2015,12,9,7,291.4
2015,12,10,0,290.0
2015,12,10,1,289.9
2015,12,10,2,289.7
2015,12,10,3,290.4
2015,12,10,4,290.6
2015,12,10,5,289.3
2015,12,10,6,289.2
2015,12,10,7,289.7
2015,12,11,0,290.8
2015,12,11,1,290.4
2015,12,11,2,290.8
2015,12,11,3,290.0
2015,12,11,4,290.2
2015,12,11,5,290.1
2015,12,11,6,289.9
2015,12,11,7,290.4
2015,12,12,0,291.7
2015,12,12,1,290.0
2015,12,12,2,291.1
2015,12,12,3,289.2
2015,12,12,4,289.4
2015,12,12,5,289.4
2015,12,12,6,289.5
2015,12,12,7,288.3
2015,12,13,0,289.6
2015,12,13,1,289.0
2015,12,13,2,288.1
2015,12,13,3,287.0
2015,12,13,4,287.0
2015,12,13,5,286.0
2015,12,13,6,285.7
2015,12,13,7,286.6
2015,12,14,0,288.1
2015,12,14,1,287.4
2015,12,14,2,286.2
2015,12,14,3,286.0
2015,12,14,4,286.5
2015,12,14,5,285.0
2015,12,14,6,285.4
2015,12,14,7,286.1
2015,12,15,0,286.6
2015,12,15,1,286.2
2015,12,15,2,285.7
2015,12,15,3,286.0
2015,12,15,4,286.1
2015,12,15,5,285.2
2015,12,15,6,286.9
2015,12,15,7,285.0
2015,12,16,0,286.8
2015,12,16,1,285.9
2015,12,16,2,285.7
2015,12,16,3,285.5
2015,12,16,4,285.3
2015,12,16,5,284.3
2015,12,16,6,285.3
2015,12,16,7,284.4
2015,12,17,0,285.4
2015,12,17,1,284.5
2015,12,17,2,284.3
2015,12,17,3,284.6
2015,12,17,4,284.8
2015,12,17,5,284.4
2015,12,17,6,285.1
2015,12,17,7,282.7
2015,12,18,0,285.9
2015,12,18,1,286.0
2015,12,18,2,286.2
2015,12,18,3,285.4
2015,12,18,4,284.5
2015,12,18,5,285.1
2015,12,18,6,284.5
2015,12,18,7,285.0
2015,12,19,0,285.4
2015,12,19,1,286.2
2015,12,19,2,286.7
2015,12,19,3,285.7
2015,12,19,4,285.3
2015,12,19,5,284.5
2015,12,19,6,284.9
2015,12,19,7,285.6
2015,12,20,0,285.7
2015,12,20,1,286.8
2015,12,20,2,287.0
2015,12,20,3,286.8
2015,12,20,4,287.6
2015,12,20,5,286.7
2015,12,20,6,286.7
2015,12,20,7,288.1
2015,12,21,0,287.4
2015,12,21,1,287.9
2015,12,21,2,288.4
2015,12,21,3,287.4
2015,12,21,4,284.2
2015,12,21,5,282.9
2015,12,21,6,284.1
2015,12,21,7,284.7
2015,12,22,0,285.9
2015,12,22,1,287.0
2015,12,22,2,285.6
2015,12,22,3,283.3
2015,12,22,4,282.9
2015,12,22,5,282.6
2015,12,22,6,284.2
2015,12,22,7,283.6
2015,12,23,0,285.4
2015,12,23,1,284.1
2015,12,23,2,284.3
2015,12,23,3,283.0
2015,12,23,4,281.9
2015,12,23,5,281.5
2015,12,23,6,281.5
2015,12,23,7,282.2
2015,12,24,0,281.5
2015,12,24,1,281.5
2015,12,24,2,280.3
2015,12,24,3,279.6
2015,12,24,4,279.4
2015,12,24,5,278.6
2015,12,24,6,279.4
2015,12,24,7,279.5
2015,12,25,0,279.6
2015,12,25,1,279.6
2015,12,25,2,280.4
2015,12,25,3,279.2
2015,12,25,4,278.3
2015,12,25,5,277.9
2015,12,25,6,277.9
2015,12,25,7,277.2
2015,12,26,0,277.5
2015,12,26,1,277.4
2015,12,26,2,277.1
2015,12,26,3,276.9
2015,12,26,4,276.4
2015,12,26,5,277.2
2015,12,26,6,276.5
2015,12,26,7,276.1
2015,12,27,0,277.1
2015,12,27,1,276.9
2015,12,27,2,276.5
2015,12,27,3,276.3
2015,12,27,4,276.6
2015,12,27,5,276.6
2015,12,27,6,277.3
2015,12,27,7,277.3
2015,12,28,0,277.2
2015,12,28,1,277.4
2015,12,28,2,277.3
2015,12,28,3,276.9
2015,12,28,4,277.3
2015,12,28,5,277.5
2015,12,28,6,279.2
2015,12,28,7,279.9
2015,12,29,0,279.8
2015,12,29,1,279.4
2015,12,29,2,280.9
2015,12,29,3,280.4
2015,12,29,4,280.6
2015,12,29,5,281.5
2015,12,29,6,282.8
2015,12,29,7,281.7
2015,12,30,0,281.8
2015,12,30,1,281.7
2015,12,30,2,281.3
2015,12,30,3,280.7
2015,12,30,4,279.8
2015,12,30,5,281.1
2015,12,30,6,281.6
2015,12,30,7,281.7
2015,12,31,0,281.9
2015,12,31,1,282.9
2015,12,31,2,283.3
2015,12,31,3,284.6
2015,12,31,4,284.9
2015,12,31,5,283.0
2015,12,31,6,283.4
2015,12,31,7,285.6
2015,12,1,0,285.5
2015,12,1,1,285.3
2015,12,1,2,284.9
2015,12,1,3,284.5
2015,12,1,4,284.2
2015,12,1,5,283.8
2015,12,1,6,284.4
2015,12,1,7,286.1
2015,12,2,0,286.0
2015,12,2,1,285.6
2015,12,2,2,284.5
2015,12,2,3,283.9
2015,12,2,4,284.1
2015,12,2,5,284.2
2015,12,2,6,284.7
2015,12,2,7,286.1
2015,12,3,0,285.1
2015,12,3,1,284.2
2015,12,3,2,283.6
2015,12,3,3,283.0
2015,12,3,4,283.5
2015,12,3,5,283.0
2015,12,3,6,283.4
2015,12,3,7,283.1
2015,12,4,0,283.6
2015,12,4,1,283.6
2015,12,4,2,283.4
2015,12,4,3,283.2
2015,12,4,4,283.2
2015,12,4,5,283.3
2015,12,4,6,283.8
2015,12,4,7,284.4
2015,12,5,0,283.8
2015,12,5,1,283.9
2015,12,5,2,283.9
2015,12,5,3,283.5
2015,12,5,4,283.7
2015,12,5,5,284.2
2015,12,5,6,285.0
2015,12,5,7,285.8
2015,12,6,0,285.0
2015,12,6,1,285.3
2015,12,6,2,285.2
2015,12,6,3,284.8
2015,12,6,4,285.3
2015,12,6,5,285.5
2015,12,6,6,285.9
2015,12,6,7,287.7
2015,12,7,0,286.5
2015,12,7,1,285.9
2015,12,7,2,285.3
2015,12,7,3,284.8
2015,12,7,4,285.1
2015,12,7,5,285.3
2015,12,7,6,285.7
2015,12,7,7,287.1
2015,12,8,0,286.0
2015,12,8,1,285.7
2015,12,8,2,285.2
2015,12,8,3,284.5
2015,12,8,4,284.0
2015,12,8,5,284.2
2015,12,8,6,284.9
2015,12,8,7,285.7
2015,12,9,0,286.2
2015,12,9,1,286.3
2015,12,9,2,285.6
2015,12,9,3,285.2
2015,12,9,4,285.7
2015,12,9,5,285.8
2015,12,9,6,286.2
2015,12,9,7,286.9
2015,12,10,0,285.8
2015,12,10,1,285.9
2015,12,10,2,285.8
2015,12,10,3,285.7
2015,12,10,4,286.3
2015,12,10,5,286.3
2015,12,10,6,286.5
2015,12,10,7,286.6
2015,12,11,0,286.7
2015,12,11,1,286.2
2015,12,11,2,285.6
2015,12,11,3,285.5
2015,12,11,4,286.6
2015,12,11,5,286.5
2015,12,11,6,285.4
2015,12,11,7,286.1
2015,12,12,0,285.9
2015,12,12,1,285.6
2015,12,12,2,285.1
2015,12,12,3,284.5
2015,12,12,4,284.4
2015,12,12,5,283.8
2015,12,12,6,284.4
2015,12,12,7,283.4
2015,12,13,0,283.5
2015,12,13,1,283.8
2015,12,13,2,283.7
2015,12,13,3,283.0
2015,12,13,4,283.1
2015,12,13,5,283.1
2015,12,13,6,283.9
2015,12,13,7,283.7
2015,12,14,0,284.6
2015,12,14,1,284.4
2015,12,14,2,284.1
2015,12,14,3,283.5
2015,12,14,4,283.7
2015,12,14,5,283.6
2015,12,14,6,284.1
2015,12,14,7,283.0
2015,12,15,0,283.2
2015,12,15,1,282.7
2015,12,15,2,282.1
2015,12,15,3,281.8
2015,12,15,4,281.9
2015,12,15,5,281.8
2015,12,15,6,282.3
2015,12,15,7,281.9
2015,12,16,0,281.8
2015,12,16,1,281.4
2015,12,16,2,281.2
2015,12,16,3,280.7
2015,12,16,4,280.5
2015,12,16,5,280.3
2015,12,16,6,281.8
2015,12,16,7,281.5
2015,12,17,0,281.6
2015,12,17,1,281.4
2015,12,17,2,281.3
2015,12,17,3,281.3
2015,12,17,4,281.4
2015,12,17,5,281.3
2015,12,17,6,281.9
2015,12,17,7,281.3
2015,12,18,0,281.7
2015,12,18,1,281.7
2015,12,18,2,281.6
2015,12,18,3,281.3
2015,12,18,4,281.0
2015,12,18,5,280.9
2015,12,18,6,281.0
2015,12,18,7,280.2
2015,12,19,0,280.3
2015,12,19,1,279.8
2015,12,19,2,279.1
2015,12,19,3,279.0
2015,12,19,4,279.4
2015,12,19,5,279.7
2015,12,19,6,280.9
2015,12,19,7,280.8
2015,12,20,0,281.1
2015,12,20,1,280.9
2015,12,20,2,280.7
2015,12,20,3,280.5
2015,12,20,4,280.3
2015,12,20,5,280.2
2015,12,20,6,281.7
2015,12,20,7,281.5
2015,12,21,0,281.6
2015,12,21,1,280.7
2015,12,21,2,280.6
2015,12,21,3,280.5
2015,12,21,4,280.9
2015,12,21,5,281.3
2015,12,21,6,283.3
2015,12,21,7,283.6
2015,12,22,0,284.4
2015,12,22,1,284.1
2015,12,22,2,284.1
2015,12,22,3,283.5
2015,12,22,4,283.9
2015,12,22,5,284.5
2015,12,22,6,286.4
2015,12,22,7,286.0
2015,12,23,0,286.0
2015,12,23,1,285.6
2015,12,23,2,285.6
2015,12,23,3,285.2
2015,12,23,4,285.1
2015,12,23,5,285.5
2015,12,23,6,286.8
2015,12,23,7,286.2
2015,12,24,0,286.6
2015,12,24,1,286.3
2015,12,24,2,286.1
2015,12,24,3,285.9
2015,12,24,4,286.0
2015,12,24,5,285.8
2015,12,24,6,286.6
2015,12,24,7,286.7
2015,12,25,0,286.8
2015,12,25,1,286.9
2015,12,25,2,286.7
2015,12,25,3,286.2
2015,12,25,4,286.6
2015,12,25,5,286.1
2015,12,25,6,285.7
2015,12,25,7,285.4
2015,12,26,0,285.3
2015,12,26,1,284.9
2015,12,26,2,284.8
2015,12,26,3,284.4
2015,12,26,4,285.1
2015,12,26,5,285.4
2015,12,26,6,285.2
2015,12,26,7,286.2
2015,12,27,0,285.1
2015,12,27,1,285.8
2015,12,27,2,285.9
2015,12,27,3,285.7
2015,12,27,4,286.3
2015,12,27,5,286.4
2015,12,27,6,286.7
2015,12,27,7,287.0
2015,12,28,0,286.8
2015,12,28,1,286.7
2015,12,28,2,286.6
2015,12,28,3,286.2
2015,12,28,4,285.9
2015,12,28,5,285.3
2015,12,28,6,286.0
2015,12,28,7,285.8
2015,12,29,0,286.0
2015,12,29,1,285.6
2015,12,29,2,285.1
2015,12,29,3,284.7
2015,12,29,4,285.1
2015,12,29,5,284.9
2015,12,29,6,285.4
2015,12,29,7,285.4
2015,12,30,0,286.4
2015,12,30,1,286.5
2015,12,30,2,285.6
2015,12,30,3,285.0
2015,12,30,4,285.3
2015,12,30,5,284.9
2015,12,30,6,285.5
2015,12,30,7,284.9
2015,12,1,0,285.3
2015,12,1,1,284.6
2015,12,1,2,283.4
2015,12,1,3,282.9
2015,12,1,4,283.3
2015,12,1,5,282.3
2015,12,1,6,282.6
2015,12,1,7,282.6
2015,12,2,0,282.7
2015,12,2,1,284.0
2015,12,2,2,283.8
2015,12,2,3,283.5
2015,12,2,4,282.5
2015,12,2,5,285.3
2015,12,2,6,282.6
2015,12,2,7,283.2
2015,12,3,0,282.5
2015,12,3,1,282.0
2015,12,3,2,281.5
2015,12,3,3,280.5
2015,12,3,4,280.2
2015,12,3,5,280.0
2015,12,3,6,280.9
2015,12,3,7,280.4
2015,12,4,0,280.9
2015,12,4,1,280.8
2015,12,4,2,280.6
2015,12,4,3,280.4
2015,12,4,4,280.5
2015,12,4,5,280.5
2015,12,4,6,281.1
2015,12,4,7,280.6
2015,12,5,0,281.1
2015,12,5,1,281.2
2015,12,5,2,281.3
2015,12,5,3,281.3
2015,12,5,4,282.0
2015,12,5,5,282.3
2015,12,5,6,283.7
2015,12,5,7,283.7
2015,12,6,0,284.5
2015,12,6,1,284.8
2015,12,6,2,285.1
2015,12,6,3,284.9
2015,12,6,4,284.9
2015,12,6,5,285.4
2015,12,6,6,286.3
2015,12,6,7,285.4
2015,12,7,0,286.3
2015,12,7,1,284.8
2015,12,7,2,283.2
2015,12,7,3,281.6
2015,12,7,4,281.2
2015,12,7,5,280.6
2015,12,7,6,281.2
2015,12,7,7,280.8
2015,12,8,0,281.0
2015,12,8,1,281.2
2015,12,8,2,281.5
2015,12,8,3,281.2
2015,12,8,4,281.2
2015,12,8,5,281.2
2015,12,8,6,282.0
2015,12,8,7,281.2
2015,12,9,0,281.0
2015,12,9,1,280.0
2015,12,9,2,280.2
2015,12,9,3,280.0
2015,12,9,4,280.2
2015,12,9,5,281.2
2015,12,9,6,283.1
2015,12,9,7,282.8
2015,12,10,0,282.1
2015,12,10,1,282.4
2015,12,10,2,282.6
2015,12,10,3,283.0
2015,12,10,4,283.0
2015,12,10,5,283.5
2015,12,10,6,285.2
2015,12,10,7,285.4
2015,12,11,0,285.0
2015,12,11,1,284.6
2015,12,11,2,284.5
2015,12,11,3,284.3
2015,12,11,4,285.1
2015,12,11,5,285.1
2015,12,11,6,286.0
2015,12,11,7,285.2
2015,12,12,0,285.2
2015,12,12,1,284.8
2015,12,12,2,284.2
2015,12,12,3,283.6
2015,12,12,4,284.1
2015,12,12,5,283.8
2015,12,12,6,284.2
2015,12,12,7,283.5
2015,12,13,0,284.0
2015,12,13,1,283.7
2015,12,13,2,283.0
2015,12,13,3,282.8
2015,12,13,4,283.0
2015,12,13,5,282.4
2015,12,13,6,283.1
2015,12,13,7,282.5
2015,12,14,0,282.5
2015,12,14,1,282.3
2015,12,14,2,281.8
2015,12,14,3,281.0
2015,12,14,4,281.0
2015,12,14,5,280.8
2015,12,14,6,281.2
2015,12,14,7,280.8
2015,12,15,0,280.5
2015,12,15,1,279.5
2015,12,15,2,279.2
2015,12,15,3,278.6
2015,12,15,4,279.0
2015,12,15,5,279.1
2015,12,15,6,280.0
2015,12,15,7,280.2
2015,12,16,0,280.0
2015,12,16,1,279.7
2015,12,16,2,279.8
2015,12,16,3,280.3
2015,12,16,4,280.6
2015,12,16,5,281.0
2015,12,16,6,282.0
2015,12,16,7,281.8
2015,12,17,0,281.3
2015,12,17,1,280.8
2015,12,17,2,280.5
2015,12,17,3,280.0
2015,12,17,4,280.0
2015,12,17,5,280.1
2015,12,17,6,280.9
2015,12,17,7,281.0
2015,12,18,0,280.7
2015,12,18,1,280.2
2015,12,18,2,279.7
2015,12,18,3,279.0
2015,12,18,4,279.2
2015,12,18,5,279.6
2015,12,18,6,280.9
2015,12,18,7,281.3
2015,12,19,0,281.2
2015,12,19,1,281.4
2015,12,19,2,281.5
2015,12,19,3,281.6
2015,12,19,4,282.1
2015,12,19,5,282.6
2015,12,19,6,284.4
2015,12,19,7,284.4
2015,12,20,0,284.4
2015,12,20,1,283.6
2015,12,20,2,283.4
2015,12,20,3,284.4
2015,12,20,4,285.0
2015,12,20,5,285.2
2015,12,20,6,284.3
2015,12,20,7,283.9
2015,12,21,0,284.0
2015,12,21,1,283.3
2015,12,21,2,282.9
2015,12,21,3,282.7
2015,12,21,4,282.6
2015,12,21,5,282.7
2015,12,21,6,282.5
2015,12,21,7,282.1
2015,12,22,0,281.6
2015,12,22,1,281.6
2015,12,22,2,281.5
2015,12,22,3,281.2
2015,12,22,4,281.1
2015,12,22,5,280.9
2015,12,22,6,281.4
2015,12,22,7,280.9
2015,12,23,0,280.9
2015,12,23,1,280.8
2015,12,23,2,280.1
2015,12,23,3,279.5
2015,12,23,4,280.2
2015,12,23,5,280.4
2015,12,23,6,280.9
2015,12,23,7,281.3
2015,12,24,0,281.1
2015,12,24,1,280.9
2015,12,24,2,280.7
2015,12,24,3,280.4
2015,12,24,4,280.9
2015,12,24,5,281.3
2015,12,24,6,281.2
2015,12,24,7,281.7
2015,12,25,0,281.3
2015,12,25,1,281.3
2015,12,25,2,281.4
2015,12,25,3,281.3
2015,12,25,4,282.1
2015,12,25,5,282.1
2015,12,25,6,280.9
2015,12,25,7,277.5
2015,12,26,0,276.2
2015,12,26,1,277.7
2015,12,26,2,277.5
2015,12,26,3,276.7
2015,12,26,4,276.6
2015,12,26,5,276.5
2015,12,26,6,277.6
2015,12,26,7,278.1
2015,12,27,0,277.7
2015,12,27,1,277.6
2015,12,27,2,277.5
2015,12,27,3,277.5
2015,12,27,4,277.9
2015,12,27,5,278.3
2015,12,27,6,280.0
2015,12,27,7,280.5
2015,12,28,0,279.5
2015,12,28,1,279.7
2015,12,28,2,279.6
2015,12,28,3,279.7
2015,12,28,4,281.0
2015,12,28,5,281.3
2015,12,28,6,282.9
2015,12,28,7,282.9
2015,12,29,0,282.4
2015,12,29,1,281.5
2015,12,29,2,280.8
2015,12,29,3,280.6
2015,12,29,4,280.2
2015,12,29,5,278.8
2015,12,29,6,279.8
2015,12,29,7,279.5
2015,12,30,0,279.9
2015,12,30,1,279.3
2015,12,30,2,279.1
2015,12,30,3,278.8
2015,12,30,4,278.2
2015,12,30,5,278.2
2015,12,30,6,278.8
2015,12,30,7,279.1
2015,12,31,0,281.1
2015,12,31,1,281.8
2015,12,31,2,281.5
2015,12,31,3,281.5
2015,12,31,4,280.6
2015,12,31,5,282.2
2015,12,31,6,280.9
2015,12,31,7,281.0
2015,12,1,0,281.6
2015,12,1,1,281.4
2015,12,1,2,281.4
2015,12,1,3,280.4
2015,12,1,4,280.8
2015,12,1,5,281.6
2015,12,1,6,282.9
2015,12,1,7,282.7
2015,12,2,0,283.2
2015,12,2,1,283.9
2015,12,2,2,283.7
2015,12,2,3,283.8
2015,12,2,4,284.5
2015,12,2,5,284.6
2015,12,2,6,284.7
2015,12,2,7,285.6
2015,12,3,0,285.2
2015,12,3,1,285.2
2015,12,3,2,284.5
2015,12,3,3,283.6
2015,12,3,4,284.9
2015,12,3,5,287.1
2015,12,3,6,284.9
2015,12,3,7,285.7
2015,12,4,0,287.2
2015,12,4,1,287.4
2015,12,4,2,287.6
2015,12,4,3,286.3
2015,12,4,4,286.9
2015,12,4,5,286.9
2015,12,4,6,288.0
2015,12,4,7,289.0
2015,12,5,0,289.1
2015,12,5,1,289.0
2015,12,5,2,287.9
2015,12,5,3,287.5
2015,12,5,4,288.3
2015,12,5,5,287.8
2015,12,5,6,288.1
2015,12,5,7,288.1
2015,12,6,0,287.3
2015,12,6,1,286.7
2015,12,6,2,286.4
2015,12,6,3,286.5
2015,12,6,4,287.4
2015,12,6,5,288.0
2015,12,6,6,287.8
2015,12,6,7,287.2
2015,12,7,0,287.7
2015,12,7,1,287.3
2015,12,7,2,286.2
2015,12,7,3,286.0
2015,12,7,4,286.6
2015,12,7,5,286.8
2015,12,7,6,286.5
2015,12,7,7,286.4
2015,12,8,0,286.0
2015,12,8,1,285.5
2015,12,8,2,284.6
2015,12,8,3,283.9
2015,12,8,4,284.4
2015,12,8,5,283.9
2015,12,8,6,284.0
2015,12,8,7,285.2
2015,12,9,0,284.4
2015,12,9,1,283.7
2015,12,9,2,282.9
2015,12,9,3,282.0
2015,12,9,4,282.0
2015,12,9,5,282.4
2015,12,9,6,283.5
2015,12,9,7,283.5
2015,12,10,0,283.4
2015,12,10,1,282.8
2015,12,10,2,282.2
2015,12,10,3,281.7
2015,12,10,4,282.0
2015,12,10,5,281.7
2015,12,10,6,282.3
2015,12,10,7,282.1
2015,12,11,0,281.9
2015,12,11,1,281.5
2015,12,11,2,281.1
2015,12,11,3,280.8
2015,12,11,4,281.2
2015,12,11,5,281.5
2015,12,11,6,282.2
2015,12,11,7,281.9
2015,12,12,0,281.6
2015,12,12,1,281.0
2015,12,12,2,280.5
2015,12,12,3,280.1
2015,12,12,4,280.4
2015,12,12,5,280.8
2015,12,12,6,282.0
2015,12,12,7,281.6
2015,12,13,0,281.6
2015,12,13,1,281.6
2015,12,13,2,281.0
2015,12,13,3,280.6
2015,12,13,4,280.4
2015,12,13,5,279.8
2015,12,13,6,280.7
2015,12,13,7,280.8
2015,12,14,0,281.1
2015,12,14,1,281.0
2015,12,14,2,280.9
2015,12,14,3,280.4
2015,12,14,4,280.1
2015,12,14,5,279.7
2015,12,14,6,281.2
2015,12,14,7,281.6
2015,12,15,0,281.5
2015,12,15,1,281.6
2015,12,15,2,281.7
2015,12,15,3,281.7
2015,12,15,4,282.3
2015,12,15,5,282.8
2015,12,15,6,284.3
2015,12,15,7,284.7
2015,12,16,0,284.3
2015,12,16,1,283.9
2015,12,16,2,283.4
2015,12,16,3,282.8
2015,12,16,4,283.4
2015,12,16,5,283.6
2015,12,16,6,283.7
2015,12,16,7,283.6
2015,12,17,0,283.0
2015,12,17,1,282.4
2015,12,17,2,281.6
2015,12,17,3,281.0
2015,12,17,4,280.9
2015,12,17,5,280.5
2015,12,17,6,280.8
2015,12,17,7,280.8
2015,12,18,0,280.8
2015,12,18,1,281.6
2015,12,18,2,283.0
2015,12,18,3,283.7
2015,12,18,4,284.3
2015,12,18,5,284.5
2015,12,18,6,285.8
2015,12,18,7,285.6
2015,12,19,0,285.8
2015,12,19,1,286.0
2015,12,19,2,286.0
2015,12,19,3,285.4
2015,12,19,4,285.4
2015,12,19,5,284.9
2015,12,19,6,285.3
2015,12,19,7,286.2
2015,12,20,0,285.8
2015,12,20,1,285.9
2015,12,20,2,285.7
2015,12,20,3,285.7
2015,12,20,4,285.6
2015,12,20,5,285.4
2015,12,20,6,285.6
2015,12,20,7,285.4
2015,12,21,0,284.9
2015,12,21,1,284.2
2015,12,21,2,284.3
2015,12,21,3,284.1
2015,12,21,4,284.3
2015,12,21,5,284.6
2015,12,21,6,285.0
2015,12,21,7,285.4
2015,12,22,0,285.3
2015,12,22,1,284.6
2015,12,22,2,284.3
2015,12,22,3,284.3
2015,12,22,4,284.6
2015,12,22,5,284.6
2015,12,22,6,284.5
2015,12,22,7,284.5
2015,12,23,0,284.5
2015,12,23,1,284.0
2015,12,23,2,283.7
2015,12,23,3,282.9
2015,12,23,4,283.4
2015,12,23,5,283.5
2015,12,23,6,283.7
2015,12,23,7,283.8
2015,12,24,0,284.1
2015,12,24,1,284.4
2015,12,24,2,284.4
2015,12,24,3,283.9
2015,12,24,4,284.0
2015,12,24,5,283.4
2015,12,24,6,283.7
2015,12,24,7,283.8
2015,12,25,0,283.5
2015,12,25,1,283.2
2015,12,25,2,283.2
2015,12,25,3,283.1
2015,12,25,4,283.6
2015,12,25,5,283.6
2015,12,25,6,284.4
2015,12,25,7,284.5
2015,12,26,0,285.1
2015,12,26,1,285.6
2015,12,26,2,285.6
2015,12,26,3,285.1
2015,12,26,4,285.4
2015,12,26,5,285.4
2015,12,26,6,286.2
2015,12,26,7,286.3
2015,12,27,0,285.8
2015,12,27,1,285.7
2015,12,27,2,285.2
2015,12,27,3,284.8
2015,12,27,4,284.9
2015,12,27,5,284.9
2015,12,27,6,284.7
2015,12,27,7,284.8
2015,12,28,0,284.5
2015,12,28,1,284.0
2015,12,28,2,283.4
2015,12,28,3,283.3
2015,12,28,4,283.4
2015,12,28,5,283.5
2015,12,28,6,283.6
2015,12,28,7,283.9
2015,12,29,0,283.1
2015,12,29,1,282.0
2015,12,29,2,281.2
2015,12,29,3,280.6
2015,12,29,4,280.4
2015,12,29,5,279.8
2015,12,29,6,280.7
2015,12,29,7,280.2
2015,12,30,0,280.5
2015,12,30,1,280.1
2015,12,30,2,280.2
2015,12,30,3,280.5
2015,12,30,4,281.7
2015,12,30,5,281.6
2015,12,30,6,282.4
2015,12,30,7,282.2
2015,12,1,0,282.1
2015,12,1,1,281.7
2015,12,1,2,281.1
2015,12,1,3,280.9
2015,12,1,4,281.0
2015,12,1,5,281.2
2015,12,1,6,281.0
2015,12,1,7,281.3
2015,12,2,0,280.9
2015,12,2,1,280.2
2015,12,2,2,279.6
2015,12,2,3,279.0
2015,12,2,4,278.6
2015,12,2,5,278.2
2015,12,2,6,279.0
2015,12,2,7,278.6
2015,12,3,0,278.6
2015,12,3,1,278.2
2015,12,3,2,278.2
2015,12,3,3,278.1
2015,12,3,4,278.9
2015,12,3,5,278.4
2015,12,3,6,279.4
2015,12,3,7,279.6
2015,12,4,0,278.9
2015,12,4,1,278.6
2015,12,4,2,279.3
2015,12,4,3,279.0
2015,12,4,4,278.5
2015,12,4,5,278.4
2015,12,4,6,279.3
2015,12,4,7,278.8
2015,12,5,0,279.4
2015,12,5,1,279.4
2015,12,5,2,278.7
2015,12,5,3,278.1
2015,12,5,4,278.3
2015,12,5,5,278.0
2015,12,5,6,277.7
2015,12,5,7,277.7
2015,12,6,0,276.8
2015,12,6,1,276.0
2015,12,6,2,275.3
2015,12,6,3,276.3
2015,12,6,4,275.9
2015,12,6,5,275.4
2015,12,6,6,274.7
2015,12,6,7,272.3
2015,12,7,0,271.3
2015,12,7,1,272.9
2015,12,7,2,273.0
2015,12,7,3,272.5
2015,12,7,4,272.3
2015,12,7,5,272.2
2015,12,7,6,274.3
2015,12,7,7,274.4
2015,12,8,0,274.5
2015,12,8,1,274.6
2015,12,8,2,275.5
2015,12,8,3,275.5
2015,12,8,4,276.5
2015,12,8,5,277.3
2015,12,8,6,278.2
2015,12,8,7,279.8
2015,12,9,0,280.0
2015,12,9,1,280.4
2015,12,9,2,279.6
2015,12,9,3,279.8
2015,12,9,4,279.8
2015,12,9,5,280.4
2015,12,9,6,280.1
2015,12,9,7,280.6
2015,12,10,0,281.2
2015,12,10,1,281.0
2015,12,10,2,281.8
2015,12,10,3,280.2
2015,12,10,4,280.8
2015,12,10,5,280.9
2015,12,10,6,281.0
2015,12,10,7,281.1
2015,12,11,0,281.5
2015,12,11,1,281.4
2015,12,11,2,281.3
2015,12,11,3,281.3
2015,12,11,4,281.7
2015,12,11,5,281.5
2015,12,11,6,281.7
2015,12,11,7,281.4
2015,12,12,0,281.7
2015,12,12,1,281.6
2015,12,12,2,281.4
2015,12,12,3,280.8
2015,12,12,4,280.7
2015,12,12,5,280.1
2015,12,12,6,279.6
2015,12,12,7,279.3
2015,12,13,0,278.2
2015,12,13,1,277.1
2015,12,13,2,275.8
2015,12,13,3,273.5
2015,12,13,4,272.2
2015,12,13,5,270.9
2015,12,13,6,270.4
2015,12,13,7,270.3
2015,12,14,0,270.4
2015,12,14,1,271.0
2015,12,14,2,271.1
2015,12,14,3,270.3
2015,12,14,4,269.6
2015,12,14,5,271.2
2015,12,14,6,270.7
2015,12,14,7,271.9
2015,12,15,0,272.7
2015,12,15,1,272.3
2015,12,15,2,272.4
2015,12,15,3,275.1
2015,12,15,4,275.8
2015,12,15,5,276.0
2015,12,15,6,277.6
2015,12,15,7,277.9
2015,12,16,0,278.6
2015,12,16,1,278.4
2015,12,16,2,278.1
2015,12,16,3,278.0
2015,12,16,4,278.4
2015,12,16,5,278.6
2015,12,16,6,280.4
2015,12,16,7,280.8
2015,12,17,0,280.8
2015,12,17,1,280.7
2015,12,17,2,280.8
2015,12,17,3,280.5
2015,12,17,4,281.0
2015,12,17,5,280.7
2015,12,17,6,281.3
2015,12,17,7,281.3
2015,12,18,0,281.3
2015,12,18,1,280.9
2015,12,18,2,280.6
2015,12,18,3,280.4
2015,12,18,4,280.8
2015,12,18,5,280.8
2015,12,18,6,281.3
2015,12,18,7,281.2
2015,12,19,0,281.4
2015,12,19,1,281.1
2015,12,19,2,280.5
2015,12,19,3,279.9
2015,12,19,4,279.7
2015,12,19,5,279.6
2015,12,19,6,279.1
2015,12,19,7,278.8
2015,12,20,0,278.4
2015,12,20,1,278.0
2015,12,20,2,277.9
2015,12,20,3,277.7
2015,12,20,4,277.9
2015,12,20,5,278.5
2015,12,20,6,280.1
2015,12,20,7,280.7
2015,12,21,0,281.5
2015,12,21,1,281.8
2015,12,21,2,281.6
2015,12,21,3,281.0
2015,12,21,4,281.5
2015,12,21,5,281.3
2015,12,21,6,280.6
2015,12,21,7,280.6
2015,12,22,0,280.2
2015,12,22,1,280.0
2015,12,22,2,279.7
2015,12,22,3,280.3
2015,12,22,4,278.9
2015,12,22,5,277.8
2015,12,22,6,279.0
2015,12,22,7,277.8
2015,12,23,0,278.5
2015,12,23,1,278.9
2015,12,23,2,278.8
2015,12,23,3,278.4
2015,12,23,4,278.6
2015,12,23,5,278.6
2015,12,23,6,280.1
2015,12,23,7,280.0
2015,12,24,0,279.7
2015,12,24,1,279.5
2015,12,24,2,279.1
2015,12,24,3,279.2
2015,12,24,4,280.3
2015,12,24,5,280.1
2015,12,24,6,281.6
2015,12,24,7,281.8
2015,12,25,0,281.3
2015,12,25,1,281.3
2015,12,25,2,280.9
2015,12,25,3,281.8
2015,12,25,4,283.0
2015,12,25,5,283.5
2015,12,25,6,284.1
2015,12,25,7,284.6
2015,12,26,0,284.5
2015,12,26,1,284.6
2015,12,26,2,284.9
2015,12,26,3,284.7
2015,12,26,4,284.3
2015,12,26,5,283.7
2015,12,26,6,284.5
2015,12,26,7,284.1
2015,12,27,0,284.2
2015,12,27,1,283.6
2015,12,27,2,283.4
2015,12,27,3,282.8
2015,12,27,4,283.1
2015,12,27,5,282.7
2015,12,27,6,283.5
2015,12,27,7,283.7
2015,12,28,0,283.7
2015,12,28,1,285.1
2015,12,28,2,285.2
2015,12,28,3,285.1
2015,12,28,4,286.1
2015,12,28,5,286.7
2015,12,28,6,285.7
2015,12,28,7,286.8
2015,12,29,0,285.7
2015,12,29,1,284.9
2015,12,29,2,283.9
2015,12,29,3,283.5
2015,12,29,4,283.7
2015,12,29,5,284.3
2015,12,29,6,284.2
2015,12,29,7,284.7
2015,12,30,0,284.5
2015,12,30,1,284.1
2015,12,30,2,283.7
2015,12,30,3,283.8
2015,12,30,4,285.3
2015,12,30,5,285.1
2015,12,30,6,283.2
2015,12,30,7,282.0
2015,12,31,0,281.4
2015,12,31,1,280.7
2015,12,31,2,280.7
2015,12,31,3,281.6
2015,12,31,4,283.1
2015,12,31,5,284.0
2015,12,31,6,285.3
2015,12,31,7,284.9
2015,12,1,0,285.1
2015,12,1,1,285.2
2015,12,1,2,285.2
2015,12,1,3,284.1
2015,12,1,4,283.3
2015,12,1,5,282.7
2015,12,1,6,283.8
2015,12,1,7,283.4
2015,12,2,0,284.1
2015,12,2,1,283.2
2015,12,2,2,282.1
2015,12,2,3,281.4
2015,12,2,4,282.1
2015,12,2,5,282.6
2015,12,2,6,283.7
2015,12,2,7,283.1
2015,12,3,0,284.2
2015,12,3,1,284.4
2015,12,3,2,284.1
2015,12,3,3,283.9
2015,12,3,4,284.9
2015,12,3,5,285.3
2015,12,3,6,286.6
2015,12,3,7,286.7
2015,12,4,0,286.0
2015,12,4,1,284.6
2015,12,4,2,283.9
2015,12,4,3,283.1
2015,12,4,4,283.5
2015,12,4,5,282.9
2015,12,4,6,284.2
2015,12,4,7,283.9
2015,12,5,0,283.7
2015,12,5,1,283.3
2015,12,5,2,283.4
2015,12,5,3,282.7
2015,12,5,4,283.1
2015,12,5,5,284.2
2015,12,5,6,285.0
2015,12,5,7,285.2
2015,12,6,0,284.4
2015,12,6,1,284.5
2015,12,6,2,283.8
2015,12,6,3,283.2
2015,12,6,4,283.6
2015,12,6,5,283.4
2015,12,6,6,284.1
2015,12,6,7,283.9
2015,12,7,0,283.3
2015,12,7,1,282.3
2015,12,7,2,281.8
2015,12,7,3,281.1
2015,12,7,4,280.9
2015,12,7,5,280.7
2015,12,7,6,281.6
2015,12,7,7,282.0
2015,12,8,0,280.8
2015,12,8,1,280.2
2015,12,8,2,279.0
2015,12,8,3,276.5
2015,12,8,4,276.5
2015,12,8,5,276.5
2015,12,8,6,275.2
2015,12,8,7,275.4
2015,12,9,0,274.5
2015,12,9,1,273.2
2015,12,9,2,272.0
2015,12,9,3,271.1
2015,12,9,4,270.1
2015,12,9,5,269.8
2015,12,9,6,269.5
2015,12,9,7,269.9
2015,12,10,0,269.9
2015,12,10,1,271.3
2015,12,10,2,274.6
2015,12,10,3,275.8
2015,12,10,4,276.1
2015,12,10,5,276.3
2015,12,10,6,277.0
2015,12,10,7,276.3
2015,12,11,0,275.9
2015,12,11,1,275.7
2015,12,11,2,276.0
2015,12,11,3,275.5
2015,12,11,4,275.9
2015,12,11,5,275.6
2015,12,11,6,274.8
2015,12,11,7,274.8
2015,12,12,0,274.6
2015,12,12,1,273.3
2015,12,12,2,272.1
2015,12,12,3,271.2
2015,12,12,4,270.6
2015,12,12,5,270.2
2015,12,12,6,271.7
2015,12,12,7,272.6
2015,12,13,0,273.5
2015,12,13,1,275.7
2015,12,13,2,278.3
2015,12,13,3,278.0
2015,12,13,4,277.3
2015,12,13,5,278.3
2015,12,13,6,278.6
2015,12,13,7,278.1
2015,12,14,0,277.1
2015,12,14,1,276.5
2015,12,14,2,276.0
2015,12,14,3,274.1
2015,12,14,4,273.4
2015,12,14,5,273.2
2015,12,14,6,274.2
2015,12,14,7,275.3
2015,12,15,0,275.8
2015,12,15,1,277.8
2015,12,15,2,278.9
2015,12,15,3,279.3
2015,12,15,4,280.0
2015,12,15,5,280.5
2015,12,15,6,281.7
2015,12,15,7,281.6
2015,12,16,0,280.7
2015,12,16,1,280.4
2015,12,16,2,280.1
2015,12,16,3,278.8
2015,12,16,4,278.0
2015,12,16,5,277.3
2015,12,16,6,275.9
2015,12,16,7,274.6
2015,12,17,0,274.6
2015,12,17,1,274.7
2015,12,17,2,273.7
2015,12,17,3,271.3
2015,12,17,4,272.5
2015,12,17,5,274.2
2015,12,17,6,276.4
2015,12,17,7,277.8
2015,12,18,0,278.9
2015,12,18,1,278.7
2015,12,18,2,279.0
2015,12,18,3,278.9
2015,12,18,4,279.2
2015,12,18,5,279.5
2015,12,18,6,281.1
2015,12,18,7,281.3
2015,12,19,0,281.0
2015,12,19,1,281.0
2015,12,19,2,280.5
2015,12,19,3,280.4
2015,12,19,4,281.1
2015,12,19,5,278.8
2015,12,19,6,278.9
2015,12,19,7,279.8
2015,12,20,0,279.8
2015,12,20,1,279.4
2015,12,20,2,278.9
2015,12,20,3,278.8
2015,12,20,4,278.9
2015,12,20,5,279.5
2015,12,20,6,281.5
2015,12,20,7,283.7
2015,12,21,0,282.5
2015,12,21,1,283.6
2015,12,21,2,282.4
2015,12,21,3,281.7
2015,12,21,4,282.2
2015,12,21,5,282.3
2015,12,21,6,282.2
2015,12,21,7,281.7
2015,12,22,0,281.5
2015,12,22,1,281.3
2015,12,22,2,280.9
2015,12,22,3,280.3
2015,12,22,4,279.8
2015,12,22,5,280.0
2015,12,22,6,280.6
2015,12,22,7,279.9
2015,12,23,0,279.9
2015,12,23,1,279.9
2015,12,23,2,279.5
2015,12,23,3,279.1
2015,12,23,4,279.3
2015,12,23,5,279.8
2015,12,23,6,281.4
2015,12,23,7,279.8
2015,12,24,0,280.6
2015,12,24,1,280.7
2015,12,24,2,280.7
2015,12,24,3,280.1
2015,12,24,4,280.2
2015,12,24,5,279.6
2015,12,24,6,281.0
2015,12,24,7,281.1
2015,12,25,0,280.7
2015,12,25,1,280.4
2015,12,25,2,280.3
2015,12,25,3,279.9
2015,12,25,4,280.0
2015,12,25,5,279.8
2015,12,25,6,279.9
2015,12,25,7,280.1
2015,12,26,0,279.3
2015,12,26,1,279.3
2015,12,26,2,279.1
2015,12,26,3,279.0
2015,12,26,4,279.0
2015,12,26,5,279.1
2015,12,26,6,281.0
2015,12,26,7,280.8
2015,12,27,0,280.9
2015,12,27,1,281.3
2015,12,27,2,281.8
2015,12,27,3,281.4
2015,12,27,4,282.7
2015,12,27,5,283.0
2015,12,27,6,284.2
2015,12,27,7,283.9
2015,12,28,0,284.0
2015,12,28,1,284.4
2015,12,28,2,285.0
2015,12,28,3,284.9
2015,12,28,4,286.1
2015,12,28,5,286.5
2015,12,28,6,287.9
2015,12,28,7,288.7
2015,12,29,0,289.0
2015,12,29,1,289.4
2015,12,29,2,288.3
2015,12,29,3,288.1
2015,12,29,4,288.3
2015,12,29,5,288.0
2015,12,29,6,288.6
2015,12,29,7,289.1
2015,12,30,0,290.4
2015,12,30,1,290.1
2015,12,30,2,288.3
2015,12,30,3,287.2
2015,12,30,4,287.3
2015,12,30,5,287.5
2015,12,30,6,288.0
2015,12,30,7,288.2
2015,12,31,0,288.4
2015,12,31,1,287.7
2015,12,31,2,288.1
2015,12,31,3,286.8
2015,12,31,4,287.6
2015,12,31,5,288.4
2015,12,31,6,288.8
2015,12,31,7,288.8
2015,12,1,0,287.6
2015,12,1,1,287.4
2015,12,1,2,287.3
2015,12,1,3,286.6
2015,12,1,4,286.2
2015,12,1,5,285.3
2015,12,1,6,286.2
2015,12,1,7,286.2
2015,12,2,0,286.1
2015,12,2,1,285.6
2015,12,2,2,285.0
2015,12,2,3,284.8
2015,12,2,4,284.9
2015,12,2,5,284.5
2015,12,2,6,285.5
2015,12,2,7,284.7
2015,12,3,0,285.2
2015,12,3,1,284.8
2015,12,3,2,284.5
2015,12,3,3,283.8
2015,12,3,4,283.8
2015,12,3,5,284.1
2015,12,3,6,285.3
2015,12,3,7,285.2
2015,12,4,0,285.2
2015,12,4,1,285.0
2015,12,4,2,284.5
2015,12,4,3,284.1
2015,12,4,4,284.1
2015,12,4,5,283.8
2015,12,4,6,285.2
2015,12,4,7,284.3
2015,12,5,0,285.4
2015,12,5,1,285.1
2015,12,5,2,284.4
2015,12,5,3,283.1
2015,12,5,4,282.6
2015,12,5,5,281.7
2015,12,5,6,283.1
2015,12,5,7,282.9
2015,12,6,0,282.8
2015,12,6,1,282.4
2015,12,6,2,281.0
2015,12,6,3,279.6
2015,12,6,4,279.1
2015,12,6,5,278.4
2015,12,6,6,278.3
2015,12,6,7,278.1
2015,12,7,0,276.6
2015,12,7,1,275.5
2015,12,7,2,274.8
2015,12,7,3,274.4
2015,12,7,4,274.8
2015,12,7,5,274.8
2015,12,7,6,275.1
2015,12,7,7,275.9
2015,12,8,0,276.1
2015,12,8,1,276.7
2015,12,8,2,276.2
2015,12,8,3,276.0
2015,12,8,4,276.5
2015,12,8,5,276.9
2015,12,8,6,278.5
2015,12,8,7,278.4
2015,12,9,0,279.5
2015,12,9,1,279.0
2015,12,9,2,278.4
2015,12,9,3,277.8
2015,12,9,4,278.4
2015,12,9,5,278.1
2015,12,9,6,278.2
2015,12,9,7,278.8
2015,12,10,0,278.3
2015,12,10,1,278.0
2015,12,10,2,277.6
2015,12,10,3,276.9
2015,12,10,4,276.5
2015,12,10,5,277.0
2015,12,10,6,277.7
2015,12,10,7,278.4
2015,12,11,0,277.9
2015,12,11,1,277.1
2015,12,11,2,277.1
2015,12,11,3,277.4
2015,12,11,4,276.7
2015,12,11,5,277.0
2015,12,11,6,277.6
2015,12,11,7,277.5
2015,12,12,0,277.6
2015,12,12,1,277.5
2015,12,12,2,277.5
2015,12,12,3,277.3
2015,12,12,4,278.1
2015,12,12,5,278.1
2015,12,12,6,279.2
2015,12,12,7,279.7
2015,12,13,0,279.9
2015,12,13,1,280.6
2015,12,13,2,280.9
2015,12,13,3,280.9
2015,12,13,4,279.9
2015,12,13,5,279.8
2015,12,13,6,280.3
2015,12,13,7,279.9
2015,12,14,0,279.6
2015,12,14,1,279.7
2015,12,14,2,279.6
2015,12,14,3,279.5
2015,12,14,4,279.6
2015,12,14,5,280.7
2015,12,14,6,281.7
2015,12,14,7,281.9
2015,12,15,0,282.2
2015,12,15,1,281.8
2015,12,15,2,280.7
2015,12,15,3,280.4
2015,12,15,4,280.8
2015,12,15,5,280.9
2015,12,15,6,281.9
2015,12,15,7,281.8
2015,12,16,0,281.1
2015,12,16,1,280.5
2015,12,16,2,279.5
2015,12,16,3,278.9
2015,12,16,4,279.1
2015,12,16,5,279.4
2015,12,16,6,280.8
2015,12,16,7,280.5
2015,12,17,0,280.9
2015,12,17,1,280.6
2015,12,17,2,280.6
2015,12,17,3,280.0
2015,12,17,4,280.5
2015,12,17,5,280.8
2015,12,17,6,281.6
2015,12,17,7,281.5
2015,12,18,0,282.1
2015,12,18,1,282.0
2015,12,18,2,282.1
2015,12,18,3,282.1
2015,12,18,4,281.9
2015,12,18,5,281.7
2015,12,18,6,283.0
2015,12,18,7,282.7
2015,12,19,0,283.1
2015,12,19,1,282.5
2015,12,19,2,281.8
2015,12,19,3,281.2
2015,12,19,4,281.3
2015,12,19,5,281.5
2015,12,19,6,282.8
2015,12,19,7,283.3
2015,12,20,0,283.1
2015,12,20,1,282.6
2015,12,20,2,281.9
2015,12,20,3,281.5
2015,12,20,4,281.7
2015,12,20,5,281.8
2015,12,20,6,282.7
2015,12,20,7,281.9
2015,12,21,0,281.9
2015,12,21,1,281.4
2015,12,21,2,280.5
2015,12,21,3,280.1
2015,12,21,4,280.7
2015,12,21,5,281.1
2015,12,21,6,282.6
2015,12,21,7,282.8
2015,12,22,0,283.2
2015,12,22,1,282.8
2015,12,22,2,282.1
2015,12,22,3,281.3
2015,12,22,4,281.5
2015,12,22,5,281.8
2015,12,22,6,282.5
2015,12,22,7,282.3
2015,12,23,0,282.4
2015,12,23,1,281.4
2015,12,23,2,280.8
2015,12,23,3,280.3
2015,12,23,4,279.6
2015,12,23,5,279.8
2015,12,23,6,279.7
2015,12,23,7,280.0
2015,12,24,0,279.0
2015,12,24,1,278.3
2015,12,24,2,277.6
2015,12,24,3,277.7
2015,12,24,4,278.3
2015,12,24,5,278.6
2015,12,24,6,281.6
2015,12,24,7,282.2
2015,12,25,0,282.3
2015,12,25,1,282.8
2015,12,25,2,283.1
2015,12,25,3,283.1
2015,12,25,4,283.3
2015,12,25,5,283.0
2015,12,25,6,282.9
2015,12,25,7,282.8
2015,12,26,0,282.2
2015,12,26,1,282.1
2015,12,26,2,281.2
2015,12,26,3,280.4
2015,12,26,4,279.8
2015,12,26,5,279.6
2015,12,26,6,280.0
2015,12,26,7,278.4
2015,12,27,0,279.2
2015,12,27,1,279.3
2015,12,27,2,279.0
2015,12,27,3,279.3
2015,12,27,4,279.6
2015,12,27,5,280.6
2015,12,27,6,281.9
2015,12,27,7,283.5
2015,12,28,0,283.1
2015,12,28,1,282.9
2015,12,28,2,282.3
2015,12,28,3,281.5
2015,12,28,4,282.4
2015,12,28,5,283.6
2015,12,28,6,284.0
2015,12,28,7,285.1
2015,12,29,0,284.3
2015,12,29,1,284.4
2015,12,29,2,284.5
2015,12,29,3,283.7
2015,12,29,4,283.1
2015,12,29,5,283.3
2015,12,29,6,283.7
2015,12,29,7,284.7
2015,12,30,0,283.7
2015,12,30,1,283.2
2015,12,30,2,282.3
2015,12,30,3,281.6
2015,12,30,4,282.0
2015,12,30,5,282.6
2015,12,30,6,283.5
2015,12,30,7,282.9
2015,12,1,0,282.3
2015,12,1,1,281.6
2015,12,1,2,280.9
2015,12,1,3,280.4
2015,12,1,4,280.8
2015,12,1,5,282.5
2015,12,1,6,283.9
2015,12,1,7,283.4
2015,12,2,0,282.5
2015,12,2,1,282.7
2015,12,2,2,282.5
2015,12,2,3,282.4
2015,12,2,4,282.7
2015,12,2,5,284.2
2015,12,2,6,285.7
2015,12,2,7,284.4
2015,12,3,0,283.3
2015,12,3,1,282.4
2015,12,3,2,281.7
2015,12,3,3,282.8
2015,12,3,4,283.3
2015,12,3,5,284.1
2015,12,3,6,285.5
2015,12,3,7,285.0
2015,12,4,0,284.4
2015,12,4,1,284.3
2015,12,4,2,284.3
2015,12,4,3,283.4
2015,12,4,4,283.3
2015,12,4,5,284.1
2015,12,4,6,286.4
2015,12,4,7,286.0
2015,12,5,0,286.0
2015,12,5,1,285.4
2015,12,5,2,285.4
2015,12,5,3,285.3
2015,12,5,4,285.5
2015,12,5,5,285.7
2015,12,5,6,287.0
2015,12,5,7,287.2
2015,12,6,0,287.9
2015,12,6,1,286.4
2015,12,6,2,285.4
2015,12,6,3,284.6
2015,12,6,4,284.7
2015,12,6,5,285.0
2015,12,6,6,286.3
2015,12,6,7,284.9
2015,12,7,0,285.6
2015,12,7,1,284.4
2015,12,7,2,283.5
2015,12,7,3,282.4
2015,12,7,4,283.1
2015,12,7,5,283.6
2015,12,7,6,284.5
2015,12,7,7,283.1
2015,12,8,0,284.0
2015,12,8,1,283.4
2015,12,8,2,282.6
2015,12,8,3,282.4
2015,12,8,4,282.5
2015,12,8,5,281.7
2015,12,8,6,282.2
2015,12,8,7,280.8
2015,12,9,0,281.3
2015,12,9,1,280.0
2015,12,9,2,279.3
2015,12,9,3,279.1
2015,12,9,4,279.0
2015,12,9,5,279.2
2015,12,9,6,280.5
2015,12,9,7,279.8
2015,12,10,0,279.5
2015,12,10,1,278.7
2015,12,10,2,278.9
2015,12,10,3,278.5
2015,12,10,4,278.1
2015,12,10,5,278.0
2015,12,10,6,279.1
2015,12,10,7,278.5
2015,12,11,0,278.7
2015,12,11,1,277.6
2015,12,11,2,277.6
2015,12,11,3,277.0
2015,12,11,4,276.9
2015,12,11,5,277.8
2015,12,11,6,280.4
2015,12,11,7,280.7
2015,12,12,0,280.6
2015,12,12,1,281.8
2015,12,12,2,283.3
2015,12,12,3,283.2
2015,12,12,4,282.5
2015,12,12,5,281.4
2015,12,12,6,282.5
2015,12,12,7,283.3
2015,12,13,0,282.0
2015,12,13,1,281.1
2015,12,13,2,280.4
2015,12,13,3,279.6
2015,12,13,4,279.7
2015,12,13,5,279.6
2015,12,13,6,280.6
2015,12,13,7,279.9
2015,12,14,0,279.9
2015,12,14,1,278.8
2015,12,14,2,277.3
2015,12,14,3,275.9
2015,12,14,4,275.5
2015,12,14,5,276.0
2015,12,14,6,277.4
2015,12,14,7,278.2
2015,12,15,0,278.4
2015,12,15,1,278.2
2015,12,15,2,279.0
2015,12,15,3,279.4
2015,12,15,4,279.7
2015,12,15,5,280.3
2015,12,15,6,282.2
2015,12,15,7,282.4
2015,12,16,0,283.2
2015,12,16,1,283.2
2015,12,16,2,282.3
2015,12,16,3,281.7
2015,12,16,4,281.4
2015,12,16,5,281.5
2015,12,16,6,283.2
2015,12,16,7,283.9
2015,12,17,0,284.0
2015,12,17,1,283.8
2015,12,17,2,283.8
2015,12,17,3,284.0
2015,12,17,4,284.7
2015,12,17,5,285.0
2015,12,17,6,286.5
2015,12,17,7,286.1
2015,12,18,0,285.8
2015,12,18,1,284.8
2015,12,18,2,282.8
2015,12,18,3,279.3
2015,12,18,4,280.1
2015,12,18,5,281.7
2015,12,18,6,280.1
2015,12,18,7,279.9
2015,12,19,0,280.8
2015,12,19,1,280.7
2015,12,19,2,280.9
2015,12,19,3,279.1
2015,12,19,4,278.2
2015,12,19,5,279.0
2015,12,19,6,279.4
2015,12,19,7,279.7
2015,12,20,0,280.2
2015,12,20,1,280.9
2015,12,20,2,281.2
2015,12,20,3,280.3
2015,12,20,4,280.7
2015,12,20,5,281.0
2015,12,20,6,282.1
2015,12,20,7,281.4
2015,12,21,0,281.3
2015,12,21,1,280.6
2015,12,21,2,280.4
2015,12,21,3,281.1
2015,12,21,4,280.9
2015,12,21,5,281.2
2015,12,21,6,282.4
2015,12,21,7,282.5
2015,12,22,0,283.3
2015,12,22,1,283.5
2015,12,22,2,283.4
2015,12,22,3,283.0
2015,12,22,4,283.5
2015,12,22,5,284.1
2015,12,22,6,285.3
2015,12,22,7,284.8
2015,12,23,0,285.5
2015,12,23,1,285.3
2015,12,23,2,284.4
2015,12,23,3,284.1
2015,12,23,4,284.5
2015,12,23,5,285.1
2015,12,23,6,285.3
2015,12,23,7,283.9
2015,12,24,0,284.5
2015,12,24,1,283.9
2015,12,24,2,283.3
2015,12,24,3,283.0
2015,12,24,4,282.6
2015,12,24,5,282.2
2015,12,24,6,283.3
2015,12,24,7,283.0
2015,12,25,0,283.2
2015,12,25,1,282.9
2015,12,25,2,282.7
2015,12,25,3,282.0
2015,12,25,4,282.2
2015,12,25,5,282.9
2015,12,25,6,284.2
2015,12,25,7,284.0
2015,12,26,0,283.7
2015,12,26,1,283.0
2015,12,26,2,282.5
2015,12,26,3,282.1
2015,12,26,4,282.3
2015,12,26,5,282.8
2015,12,26,6,284.3
2015,12,26,7,284.0
2015,12,27,0,283.9
2015,12,27,1,283.8
2015,12,27,2,283.7
2015,12,27,3,283.5
2015,12,27,4,283.6
2015,12,27,5,283.9
2015,12,27,6,285.5
2015,12,27,7,284.8
2015,12,28,0,285.0
2015,12,28,1,284.6
2015,12,28,2,283.9
2015,12,28,3,283.2
2015,12,28,4,283.4
2015,12,28,5,283.4
2015,12,28,6,284.7
2015,12,28,7,283.8
2015,12,29,0,284.2
2015,12,29,1,283.9
2015,12,29,2,283.2
2015,12,29,3,282.1
2015,12,29,4,281.9
2015,12,29,5,281.4
2015,12,29,6,282.6
2015,12,29,7,282.1
2015,12,30,0,282.3
2015,12,30,1,281.7
2015,12,30,2,281.3
2015,12,30,3,281.0
2015,12,30,4,281.8
2015,12,30,5,283.0
2015,12,30,6,283.8
2015,12,30,7,282.5
2015,12,31,0,282.8
2015,12,31,1,281.7
2015,12,31,2,280.7
2015,12,31,3,280.2
2015,12,31,4,280.1
2015,12,31,5,280.2
2015,12,31,6,281.4
2015,12,31,7,280.4
2015,12,1,0,279.9
2015,12,1,1,278.5
2015,12,1,2,278.9
2015,12,1,3,278.1
2015,12,1,4,278.7
2015,12,1,5,278.7
2015,12,1,6,279.9
2015,12,1,7,279.3
2015,12,2,0,278.9
2015,12,2,1,278.8
2015,12,2,2,278.8
2015,12,2,3,278.2
2015,12,2,4,278.3
2015,12,2,5,277.2
2015,12,2,6,278.4
2015,12,2,7,278.0
2015,12,3,0,277.7
2015,12,3,1,276.7
2015,12,3,2,276.8
2015,12,3,3,275.1
2015,12,3,4,276.8
2015,12,3,5,275.4
2015,12,3,6,276.6
2015,12,3,7,275.6
2015,12,4,0,275.7
2015,12,4,1,274.7
2015,12,4,2,274.4
2015,12,4,3,274.4
2015,12,4,4,275.6
2015,12,4,5,277.2
2015,12,4,6,279.7
2015,12,4,7,280.1
2015,12,5,0,280.6
2015,12,5,1,282.0
2015,12,5,2,281.9
2015,12,5,3,281.2
2015,12,5,4,281.7
2015,12,5,5,281.1
2015,12,5,6,282.7
2015,12,5,7,282.5
2015,12,6,0,283.3
2015,12,6,1,283.0
2015,12,6,2,282.5
2015,12,6,3,282.2
2015,12,6,4,282.5
2015,12,6,5,282.7
2015,12,6,6,283.2
2015,12,6,7,281.9
2015,12,7,0,282.6
2015,12,7,1,282.0
2015,12,7,2,281.3
2015,12,7,3,280.8
2015,12,7,4,280.5
2015,12,7,5,281.9
2015,12,7,6,283.6
2015,12,7,7,282.7
2015,12,8,0,283.9
2015,12,8,1,283.5
2015,12,8,2,283.1
2015,12,8,3,282.3
2015,12,8,4,282.7
2015,12,8,5,283.1
2015,12,8,6,284.0
2015,12,8,7,283.0
2015,12,9,0,283.2
2015,12,9,1,282.9
2015,12,9,2,282.2
2015,12,9,3,281.3
2015,12,9,4,281.3
2015,12,9,5,281.0
2015,12,9,6,281.8
2015,12,9,7,281.3
2015,12,10,0,281.6
2015,12,10,1,281.6
2015,12,10,2,282.3
2015,12,10,3,281.8
2015,12,10,4,282.2
2015,12,10,5,282.8
2015,12,10,6,284.2
2015,12,10,7,284.3
2015,12,11,0,284.4
2015,12,11,1,283.6
2015,12,11,2,283.9
2015,12,11,3,283.5
2015,12,11,4,283.8
2015,12,11,5,284.0
2015,12,11,6,285.2
2015,12,11,7,284.6
2015,12,12,0,285.7
2015,12,12,1,285.1
2015,12,12,2,284.5
2015,12,12,3,284.0
2015,12,12,4,283.7
2015,12,12,5,284.6
2015,12,12,6,285.9
2015,12,12,7,285.5
2015,12,13,0,286.4
2015,12,13,1,286.1
2015,12,13,2,286.1
2015,12,13,3,285.1
2015,12,13,4,285.3
2015,12,13,5,286.3
2015,12,13,6,287.7
2015,12,13,7,286.2
2015,12,14,0,286.2
2015,12,14,1,285.8
2015,12,14,2,285.2
2015,12,14,3,284.5
2015,12,14,4,285.0
2015,12,14,5,286.3
2015,12,14,6,286.9
2015,12,14,7,285.2
2015,12,15,0,285.1
2015,12,15,1,284.8
2015,12,15,2,284.2
2015,12,15,3,283.8
2015,12,15,4,283.8
2015,12,15,5,284.4
2015,12,15,6,286.0
2015,12,15,7,285.3
2015,12,16,0,284.7
2015,12,16,1,284.0
2015,12,16,2,283.4
2015,12,16,3,283.1
2015,12,16,4,282.9
2015,12,16,5,283.5
2015,12,16,6,284.8
2015,12,16,7,284.1
2015,12,17,0,283.9
2015,12,17,1,283.5
2015,12,17,2,283.3
2015,12,17,3,283.2
2015,12,17,4,283.1
2015,12,17,5,283.1
2015,12,17,6,284.3
2015,12,17,7,284.0
2015,12,18,0,283.7
2015,12,18,1,283.2
2015,12,18,2,282.7
2015,12,18,3,282.2
2015,12,18,4,282.5
2015,12,18,5,282.9
2015,12,18,6,283.8
2015,12,18,7,282.8
2015,12,19,0,282.6
2015,12,19,1,282.1
2015,12,19,2,281.0
2015,12,19,3,279.9
2015,12,19,4,279.3
2015,12,19,5,280.5
2015,12,19,6,281.7
2015,12,19,7,283.6
2015,12,20,0,281.8
2015,12,20,1,281.0
2015,12,20,2,280.7
2015,12,20,3,280.5
2015,12,20,4,280.9
2015,12,20,5,282.0
2015,12,20,6,282.6
2015,12,20,7,281.3
2015,12,21,0,282.4
2015,12,21,1,282.0
2015,12,21,2,281.7
2015,12,21,3,280.9
2015,12,21,4,281.1
2015,12,21,5,281.7
2015,12,21,6,283.7
2015,12,21,7,283.7
2015,12,22,0,283.9
2015,12,22,1,283.9
2015,12,22,2,283.8
2015,12,22,3,283.2
2015,12,22,4,283.7
2015,12,22,5,284.6
2015,12,22,6,286.0
2015,12,22,7,285.1
2015,12,23,0,286.1
2015,12,23,1,285.8
2015,12,23,2,285.0
2015,12,23,3,284.2
2015,12,23,4,284.9
2015,12,23,5,285.5
2015,12,23,6,286.9
2015,12,23,7,286.2
2015,12,24,0,286.7
2015,12,24,1,286.0
2015,12,24,2,285.1
2015,12,24,3,283.8
2015,12,24,4,284.1
2015,12,24,5,285.0
2015,12,24,6,286.9
2015,12,24,7,286.2
2015,12,25,0,286.5
2015,12,25,1,285.8
2015,12,25,2,285.3
2015,12,25,3,286.5
2015,12,25,4,285.3
2015,12,25,5,284.3
2015,12,25,6,285.4
2015,12,25,7,285.6
2015,12,26,0,285.7
2015,12,26,1,285.9
2015,12,26,2,285.7
2015,12,26,3,284.3
2015,12,26,4,283.9
2015,12,26,5,283.6
2015,12,26,6,285.2
2015,12,26,7,285.1
2015,12,27,0,285.5
2015,12,27,1,285.3
2015,12,27,2,284.8
2015,12,27,3,283.9
2015,12,27,4,284.0
2015,12,27,5,284.9
2015,12,27,6,286.4
2015,12,27,7,284.6
2015,12,28,0,285.4
2015,12,28,1,284.9
2015,12,28,2,283.8
2015,12,28,3,282.9
2015,12,28,4,283.0
2015,12,28,5,283.9
2015,12,28,6,284.3
2015,12,28,7,285.6
2015,12,29,0,284.2
2015,12,29,1,283.4
2015,12,29,2,282.5
2015,12,29,3,282.2
2015,12,29,4,282.0
2015,12,29,5,282.3
2015,12,29,6,283.5
2015,12,29,7,283.1
2015,12,30,0,282.7
2015,12,30,1,282.3
2015,12,30,2,282.1
2015,12,30,3,282.0
2015,12,30,4,282.3
2015,12,30,5,283.0
2015,12,30,6,284.3
2015,12,30,7,284.0
2015,12,1,0,283.5
2015,12,1,1,283.0
2015,12,1,2,283.1
2015,12,1,3,283.1
2015,12,1,4,283.6
2015,12,1,5,284.7
2015,12,1,6,285.4
2015,12,1,7,285.0
2015,12,2,0,284.7
2015,12,2,1,284.2
2015,12,2,2,284.1
2015,12,2,3,283.8
2015,12,2,4,283.6
2015,12,2,5,284.2
2015,12,2,6,286.0
2015,12,2,7,286.3
2015,12,3,0,285.7
2015,12,3,1,285.3
2015,12,3,2,285.2
2015,12,3,3,284.9
2015,12,3,4,284.8
2015,12,3,5,285.7
2015,12,3,6,286.8
2015,12,3,7,286.3
2015,12,4,0,285.5
2015,12,4,1,285.0
2015,12,4,2,284.8
2015,12,4,3,284.5
2015,12,4,4,284.4
2015,12,4,5,284.9
2015,12,4,6,286.6
2015,12,4,7,286.2
2015,12,5,0,285.7
2015,12,5,1,285.1
2015,12,5,2,284.0
2015,12,5,3,283.5
2015,12,5,4,283.2
2015,12,5,5,285.3
2015,12,5,6,285.9
2015,12,5,7,284.3
2015,12,6,0,284.9
2015,12,6,1,284.4
2015,12,6,2,283.5
2015,12,6,3,283.3
2015,12,6,4,283.5
2015,12,6,5,284.8
2015,12,6,6,285.2
2015,12,6,7,284.3
2015,12,7,0,284.2
2015,12,7,1,284.6
2015,12,7,2,284.1
2015,12,7,3,283.6
2015,12,7,4,283.6
2015,12,7,5,285.3
2015,12,7,6,286.2
2015,12,7,7,285.8
2015,12,8,0,285.3
2015,12,8,1,285.1
2015,12,8,2,284.0
2015,12,8,3,283.5
2015,12,8,4,283.8
2015,12,8,5,285.0
2015,12,8,6,285.8
2015,12,8,7,284.4
2015,12,9,0,284.3
2015,12,9,1,284.7
2015,12,9,2,283.7
2015,12,9,3,283.1
2015,12,9,4,283.0
2015,12,9,5,284.0
2015,12,9,6,285.2
2015,12,9,7,285.0
2015,12,10,0,284.8
2015,12,10,1,284.9
2015,12,10,2,284.2
2015,12,10,3,283.9
2015,12,10,4,284.0
2015,12,10,5,285.1
2015,12,10,6,286.8
2015,12,10,7,286.3
2015,12,11,0,286.0
2015,12,11,1,286.2
2015,12,11,2,286.0
2015,12,11,3,285.6
2015,12,11,4,285.4
2015,12,11,5,286.0
2015,12,11,6,287.5
2015,12,11,7,286.3
2015,12,12,0,286.0
2015,12,12,1,286.2
2015,12,12,2,285.7
2015,12,12,3,285.2
2015,12,12,4,285.2
2015,12,12,5,285.8
2015,12,12,6,286.6
2015,12,12,7,285.2
2015,12,13,0,285.6
2015,12,13,1,285.5
2015,12,13,2,284.9
2015,12,13,3,284.5
2015,12,13,4,284.4
2015,12,13,5,284.8
2015,12,13,6,285.8
2015,12,13,7,285.2
2015,12,14,0,285.3
2015,12,14,1,285.2
2015,12,14,2,284.7
2015,12,14,3,284.1
2015,12,14,4,284.1
2015,12,14,5,285.2
2015,12,14,6,286.0
2015,12,14,7,284.7
2015,12,15,0,284.6
2015,12,15,1,284.9
2015,12,15,2,284.2
2015,12,15,3,283.8
2015,12,15,4,284.5
2015,12,15,5,286.3
2015,12,15,6,287.8
2015,12,15,7,288.2
2015,12,16,0,287.6
2015,12,16,1,286.4
2015,12,16,2,285.5
2015,12,16,3,285.2
2015,12,16,4,285.4
2015,12,16,5,285.9
2015,12,16,6,287.4
2015,12,16,7,288.5
2015,12,17,0,287.9
2015,12,17,1,287.4
2015,12,17,2,286.3
2015,12,17,3,285.9
2015,12,17,4,285.3
2015,12,17,5,285.3
2015,12,17,6,286.4
2015,12,17,7,285.4
2015,12,18,0,287.2
2015,12,18,1,286.7
2015,12,18,2,285.8
2015,12,18,3,285.1
2015,12,18,4,284.4
2015,12,18,5,284.2
2015,12,18,6,285.0
2015,12,18,7,284.5
2015,12,19,0,285.5
2015,12,19,1,284.5
2015,12,19,2,283.9
2015,12,19,3,283.3
2015,12,19,4,283.0
2015,12,19,5,284.2
2015,12,19,6,285.3
2015,12,19,7,284.8
2015,12,20,0,285.6
2015,12,20,1,285.3
2015,12,20,2,284.8
2015,12,20,3,284.2
2015,12,20,4,283.6
2015,12,20,5,283.9
2015,12,20,6,285.4
2015,12,20,7,284.7
2015,12,21,0,284.9
2015,12,21,1,284.6
2015,12,21,2,284.1
2015,12,21,3,283.5
2015,12,21,4,284.0
2015,12,21,5,284.9
2015,12,21,6,286.4
2015,12,21,7,285.1
2015,12,22,0,284.9
2015,12,22,1,284.6
2015,12,22,2,284.1
2015,12,22,3,283.5
2015,12,22,4,284.1
2015,12,22,5,285.2
2015,12,22,6,286.4
2015,12,22,7,285.7
2015,12,23,0,285.1
2015,12,23,1,285.3
2015,12,23,2,285.2
2015,12,23,3,285.0
2015,12,23,4,285.1
2015,12,23,5,286.1
2015,12,23,6,287.3
2015,12,23,7,286.5
2015,12,24,0,285.7
2015,12,24,1,286.1
2015,12,24,2,286.1
2015,12,24,3,285.3
2015,12,24,4,285.3
2015,12,24,5,287.1
2015,12,24,6,287.9
2015,12,24,7,286.6
2015,12,25,0,286.5
2015,12,25,1,286.1
2015,12,25,2,285.7
2015,12,25,3,285.9
2015,12,25,4,286.4
2015,12,25,5,288.0
2015,12,25,6,288.8
2015,12,25,7,286.8
2015,12,26,0,286.8
2015,12,26,1,286.8
2015,12,26,2,286.5
2015,12,26,3,286.3
2015,12,26,4,286.9
2015,12,26,5,288.1
2015,12,26,6,287.4
2015,12,26,7,288.3
2015,12,27,0,287.7
2015,12,27,1,287.4
2015,12,27,2,286.3
2015,12,27,3,285.1
2015,12,27,4,285.3
2015,12,27,5,286.8
2015,12,27,6,288.4
2015,12,27,7,286.8
2015,12,28,0,286.7
2015,12,28,1,285.4
2015,12,28,2,285.0
2015,12,28,3,284.5
2015,12,28,4,284.3
2015,12,28,5,284.9
2015,12,28,6,285.8
2015,12,28,7,284.9
2015,12,29,0,284.3
2015,12,29,1,283.8
2015,12,29,2,283.0
2015,12,29,3,283.1
2015,12,29,4,283.4
2015,12,29,5,284.3
2015,12,29,6,286.3
2015,12,29,7,286.3
2015,12,30,0,286.0
2015,12,30,1,285.9
2015,12,30,2,286.8
2015,12,30,3,285.5
2015,12,30,4,285.0
2015,12,30,5,286.4
2015,12,30,6,288.1
2015,12,30,7,286.8
2015,12,31,0,288.3
2015,12,31,1,287.3
2015,12,31,2,286.8
2015,12,31,3,287.6
2015,12,31,4,287.8
2015,12,31,5,286.6
2015,12,31,6,286.7
2015,12,31,7,289.0
2016,12,1,0,288.1
2016,12,1,1,287.3
2016,12,1,2,286.9
2016,12,1,3,285.8
2016,12,1,4,286.1
2016,12,1,5,286.6
2016,12,1,6,286.8
2016,12,1,7,288.1
2016,12,5,0,285.4
2016,12,5,1,284.6
2016,12,5,2,283.8
2016,12,5,3,283.5
2016,12,5,4,283.7
2016,12,5,5,284.0
2016,12,5,6,284.2
2016,12,5,7,284.6
2016,12,6,0,285.7
2016,12,6,1,285.9
2016,12,6,2,284.1
2016,12,6,3,284.0
2016,12,6,4,284.3
2016,12,6,5,284.0
2016,12,6,6,285.4
2016,12,6,7,284.6
2016,12,7,0,284.8
2016,12,7,1,284.7
2016,12,7,2,284.6
2016,12,7,3,284.5
2016,12,7,4,284.5
2016,12,7,5,284.8
2016,12,7,6,285.8
2016,12,7,7,284.9
2016,12,8,0,285.4
2016,12,8,1,284.9
2016,12,8,2,284.2
2016,12,8,3,283.9
2016,12,8,4,284.0
2016,12,8,5,284.4
2016,12,8,6,285.5
2016,12,8,7,285.2
2016,12,9,0,285.5
2016,12,9,1,285.7
2016,12,9,2,285.3
2016,12,9,3,285.2
2016,12,9,4,285.1
2016,12,9,5,286.2
2016,12,9,6,287.0
2016,12,9,7,288.2
2016,12,10,0,287.0
2016,12,10,1,285.8
2016,12,10,2,285.4
2016,12,10,3,285.1
2016,12,10,4,285.1
2016,12,10,5,286.3
2016,12,10,6,286.9
2016,12,10,7,285.8
2016,12,11,0,286.6
2016,12,11,1,286.4
2016,12,11,2,285.5
2016,12,11,3,284.6
2016,12,11,4,284.7
2016,12,11,5,285.5
2016,12,11,6,286.3
2016,12,11,7,284.9
2016,12,12,0,285.4
2016,12,12,1,285.2
2016,12,12,2,284.2
2016,12,12,3,283.6
2016,12,12,4,284.0
2016,12,12,5,284.8
2016,12,12,6,285.2
2016,12,12,7,283.3
2016,12,13,0,285.1
2016,12,13,1,284.9
2016,12,13,2,284.3
2016,12,13,3,283.7
2016,12,13,4,283.9
2016,12,13,5,285.2
2016,12,13,6,285.7
2016,12,13,7,284.3
2016,12,14,0,284.2
2016,12,14,1,284.7
2016,12,14,2,284.3
2016,12,14,3,284.0
2016,12,14,4,284.4
2016,12,14,5,285.7
2016,12,14,6,285.7
2016,12,14,7,286.9
2016,12,15,0,286.0
2016,12,15,1,285.8
2016,12,15,2,285.0
2016,12,15,3,284.4
2016,12,15,4,285.1
2016,12,15,5,286.2
2016,12,15,6,285.3
2016,12,15,7,287.1
2016,12,16,0,286.2
2016,12,16,1,286.7
2016,12,16,2,286.4
2016,12,16,3,285.6
2016,12,16,4,285.7
2016,12,16,5,286.0
2016,12,16,6,289.0
2016,12,16,7,288.5
2016,12,17,0,287.4
2016,12,17,1,288.0
2016,12,17,2,287.6
2016,12,17,3,286.4
2016,12,17,4,286.6
2016,12,17,5,287.0
2016,12,17,6,286.9
2016,12,17,7,287.1
2016,12,18,0,287.3
2016,12,18,1,287.1
2016,12,18,2,286.4
2016,12,18,3,286.5
2016,12,18,4,287.2
2016,12,18,5,286.9
2016,12,18,6,287.0
2016,12,18,7,286.1
2016,12,19,0,286.4
2016,12,19,1,287.8
2016,12,19,2,288.2
2016,12,19,3,287.3
2016,12,19,4,287.8
2016,12,19,5,287.1
2016,12,19,6,288.0
2016,12,19,7,287.1
2016,12,20,0,287.1
2016,12,20,1,287.3
2016,12,20,2,287.8
2016,12,20,3,287.8
2016,12,20,4,288.0
2016,12,20,5,287.0
2016,12,20,6,287.7
2016,12,20,7,286.6
2016,12,21,0,290.1
2016,12,21,1,287.8
2016,12,21,2,287.9
2016,12,21,3,287.6
2016,12,21,4,288.4
2016,12,21,5,288.9
2016,12,21,6,287.6
2016,12,21,7,289.0
2016,12,22,0,288.5
2016,12,22,1,288.2
2016,12,22,2,287.8
2016,12,22,3,287.8
2016,12,22,4,288.2
2016,12,22,5,286.9
2016,12,22,6,288.1
2016,12,22,7,289.3
2016,12,23,0,289.2
2016,12,23,1,288.9
2016,12,23,2,288.6
2016,12,23,3,289.0
2016,12,23,4,288.5
2016,12,23,5,288.8
2016,12,23,6,287.1
2016,12,23,7,287.4
2016,12,24,0,287.6
2016,12,24,1,287.0
2016,12,24,2,287.0
2016,12,24,3,286.9
2016,12,24,4,287.4
2016,12,24,5,286.7
2016,12,24,6,286.8
2016,12,24,7,289.5
2016,12,25,0,288.1
2016,12,25,1,286.4
2016,12,25,2,285.3
2016,12,25,3,284.5
2016,12,25,4,284.5
2016,12,25,5,283.7
2016,12,25,6,284.8
2016,12,25,7,283.9
2016,12,26,0,284.1
2016,12,26,1,283.5
2016,12,26,2,283.1
2016,12,26,3,282.3
2016,12,26,4,282.5
2016,12,26,5,282.8
2016,12,26,6,283.9
2016,12,26,7,283.0
2016,12,27,0,283.8
2016,12,27,1,283.4
2016,12,27,2,282.9
2016,12,27,3,283.1
2016,12,27,4,283.2
2016,12,27,5,283.8
2016,12,27,6,285.8
2016,12,27,7,286.1
2016,12,28,0,285.9
2016,12,28,1,286.2
2016,12,28,2,285.3
2016,12,28,3,285.0
2016,12,28,4,284.7
2016,12,28,5,285.0
2016,12,28,6,286.3
2016,12,28,7,285.0
2016,12,29,0,286.8
2016,12,29,1,285.8
2016,12,29,2,285.3
2016,12,29,3,284.5
2016,12,29,4,284.1
2016,12,29,5,284.2
2016,12,29,6,285.3
2016,12,29,7,283.9
2016,12,30,0,285.1
2016,12,30,1,285.0
2016,12,30,2,284.3
2016,12,30,3,283.6
2016,12,30,4,283.7
2016,12,30,5,284.0
2016,12,30,6,284.2
2016,12,30,7,284.6
2016,12,31,0,284.4
2016,12,31,1,283.7
2016,12,31,2,283.4
2016,12,31,3,282.7
2016,12,31,4,282.8
2016,12,31,5,283.2
2016,12,31,6,284.4
2016,12,31,7,283.1
2016,12,1,0,285.2
2016,12,1,1,283.9
2016,12,1,2,283.2
2016,12,1,3,283.1
2016,12,1,4,283.4
2016,12,1,5,284.2
2016,12,1,6,285.3
2016,12,1,7,284.9
2016,12,2,0,284.8
2016,12,2,1,283.9
2016,12,2,2,283.4
2016,12,2,3,283.4
2016,12,2,4,283.9
2016,12,2,5,283.6
2016,12,2,6,285.0
2016,12,2,7,284.1
2016,12,3,0,284.0
2016,12,3,1,284.2
2016,12,3,2,283.9
2016,12,3,3,283.7
2016,12,3,4,283.8
2016,12,3,5,284.1
2016,12,3,6,284.8
2016,12,3,7,283.5
2016,12,4,0,284.8
2016,12,4,1,283.9
2016,12,4,2,283.4
2016,12,4,3,282.8
2016,12,4,4,282.7
2016,12,4,5,283.0
2016,12,4,6,283.7
2016,12,4,7,282.6
2016,12,5,0,283.8
2016,12,5,1,283.2
2016,12,5,2,283.2
2016,12,5,3,283.1
2016,12,5,4,283.3
2016,12,5,5,284.2
2016,12,5,6,285.3
2016,12,5,7,284.4
2016,12,6,0,285.2
2016,12,6,1,285.2
2016,12,6,2,284.8
2016,12,6,3,284.8
2016,12,6,4,285.2
2016,12,6,5,285.5
2016,12,6,6,286.6
2016,12,6,7,286.6
2016,12,7,0,287.5
2016,12,7,1,286.5
2016,12,7,2,285.6
2016,12,7,3,284.7
2016,12,7,4,285.3
2016,12,7,5,285.8
2016,12,7,6,287.2
2016,12,7,7,285.6
2016,12,8,0,287.0
2016,12,8,1,286.8
2016,12,8,2,286.6
2016,12,8,3,286.0
2016,12,8,4,285.7
2016,12,8,5,285.8
2016,12,8,6,286.6
2016,12,8,7,286.1
2016,12,9,0,286.5
2016,12,9,1,286.7
2016,12,9,2,286.2
2016,12,9,3,286.0
2016,12,9,4,286.8
2016,12,9,5,286.5
2016,12,9,6,287.3
2016,12,9,7,290.1
2016,12,10,0,289.5
2016,12,10,1,288.0
2016,12,10,2,287.3
2016,12,10,3,286.8
2016,12,10,4,287.5
2016,12,10,5,287.5
2016,12,10,6,287.5
2016,12,10,7,289.1
2016,12,11,0,288.7
2016,12,11,1,288.2
2016,12,11,2,287.8
2016,12,11,3,287.1
2016,12,11,4,289.0
2016,12,11,5,288.7
2016,12,11,6,287.0
2016,12,11,7,286.6
2016,12,12,0,288.2
2016,12,12,1,287.6
2016,12,12,2,287.7
2016,12,12,3,287.3
2016,12,12,4,286.8
2016,12,12,5,286.0
2016,12,12,6,286.8
2016,12,12,7,286.5
2016,12,13,0,287.0
2016,12,13,1,286.8
2016,12,13,2,286.2
2016,12,13,3,285.2
2016,12,13,4,285.3
2016,12,13,5,286.0
2016,12,13,6,286.5
2016,12,13,7,287.3
2016,12,14,0,287.3
2016,12,14,1,288.1
2016,12,14,2,286.9
2016,12,14,3,285.9
2016,12,14,4,286.8
2016,12,14,5,287.7
2016,12,14,6,291.5
2016,12,14,7,290.5
2016,12,15,0,289.9
2016,12,15,1,290.2
2016,12,15,2,289.4
2016,12,15,3,289.8
2016,12,15,4,290.0
2016,12,15,5,289.2
2016,12,15,6,289.5
2016,12,15,7,291.9
2016,12,16,0,291.1
2016,12,16,1,289.5
2016,12,16,2,289.4
2016,12,16,3,288.4
2016,12,16,4,289.5
2016,12,16,5,289.3
2016,12,16,6,289.3
2016,12,16,7,291.2
2016,12,17,0,290.0
2016,12,17,1,289.8
2016,12,17,2,288.9
2016,12,17,3,288.4
2016,12,17,4,290.3
2016,12,17,5,289.3
2016,12,17,6,287.6
2016,12,17,7,288.3
2016,12,18,0,287.5
2016,12,18,1,287.2
2016,12,18,2,286.8
2016,12,18,3,286.9
2016,12,18,4,287.2
2016,12,18,5,286.5
2016,12,18,6,287.1
2016,12,18,7,288.7
2016,12,19,0,287.8
2016,12,19,1,288.5
2016,12,19,2,288.6
2016,12,19,3,288.6
2016,12,19,4,288.3
2016,12,19,5,288.5
2016,12,19,6,289.3
2016,12,19,7,289.6
2016,12,20,0,289.8
2016,12,20,1,289.8
2016,12,20,2,288.8
2016,12,20,3,288.4
2016,12,20,4,288.9
2016,12,20,5,288.5
2016,12,20,6,287.9
2016,12,20,7,289.1
2016,12,21,0,289.0
2016,12,21,1,288.9
2016,12,21,2,287.3
2016,12,21,3,287.3
2016,12,21,4,287.1
2016,12,21,5,287.3
2016,12,21,6,288.7
2016,12,21,7,288.5
2016,12,22,0,287.6
2016,12,22,1,286.3
2016,12,22,2,286.2
2016,12,22,3,285.3
2016,12,22,4,285.0
2016,12,22,5,285.6
2016,12,22,6,286.8
2016,12,22,7,286.1
2016,12,23,0,286.7
2016,12,23,1,285.9
2016,12,23,2,286.1
2016,12,23,3,285.6
2016,12,23,4,285.8
2016,12,23,5,286.0
2016,12,23,6,287.2
2016,12,23,7,286.3
2016,12,24,0,287.5
2016,12,24,1,286.5
2016,12,24,2,285.5
2016,12,24,3,285.1
2016,12,24,4,287.1
2016,12,24,5,285.4
2016,12,24,6,285.4
2016,12,24,7,285.9
2016,12,25,0,285.8
2016,12,25,1,286.9
2016,12,25,2,285.9
2016,12,25,3,285.3
2016,12,25,4,287.8
2016,12,25,5,286.1
2016,12,25,6,287.7
2016,12,25,7,286.9
2016,12,26,0,286.6
2016,12,26,1,285.8
2016,12,26,2,284.8
2016,12,26,3,284.2
2016,12,26,4,283.8
2016,12,26,5,284.9
2016,12,26,6,286.1
2016,12,26,7,285.8
2016,12,27,0,285.3
2016,12,27,1,285.5
2016,12,27,2,284.9
2016,12,27,3,284.2
2016,12,27,4,284.0
2016,12,27,5,285.3
2016,12,27,6,285.5
2016,12,27,7,286.1
2016,12,28,0,286.4
2016,12,28,1,286.6
2016,12,28,2,285.4
2016,12,28,3,286.0
2016,12,28,4,286.7
2016,12,28,5,285.8
2016,12,28,6,288.4
2016,12,28,7,287.1
2016,12,29,0,287.0
2016,12,29,1,286.7
2016,12,29,2,288.0
2016,12,29,3,285.7
2016,12,29,4,287.4
2016,12,29,5,286.2
2016,12,29,6,286.6
2016,12,29,7,288.4
2016,12,1,0,288.3
2016,12,1,1,288.3
2016,12,1,2,287.9
2016,12,1,3,287.3
2016,12,1,4,287.0
2016,12,1,5,287.6
2016,12,1,6,287.6
2016,12,1,7,287.6
2016,12,2,0,288.4
2016,12,2,1,288.6
2016,12,2,2,287.9
2016,12,2,3,287.1
2016,12,2,4,287.5
2016,12,2,5,286.4
2016,12,2,6,287.8
2016,12,2,7,289.3
2016,12,3,0,289.3
2016,12,3,1,290.6
2016,12,3,2,288.4
2016,12,3,3,287.6
2016,12,3,4,287.4
2016,12,3,5,287.0
2016,12,3,6,288.0
2016,12,3,7,288.5
2016,12,4,0,287.8
2016,12,4,1,287.2
2016,12,4,2,286.5
2016,12,4,3,286.1
2016,12,4,4,285.6
2016,12,4,5,285.2
2016,12,4,6,287.5
2016,12,4,7,286.8
2016,12,5,0,285.9
2016,12,5,1,285.4
2016,12,5,2,285.2
2016,12,5,3,284.6
2016,12,5,4,284.4
2016,12,5,5,283.8
2016,12,5,6,284.1
2016,12,5,7,283.0
2016,12,6,0,283.9
2016,12,6,1,283.8
2016,12,6,2,283.4
2016,12,6,3,283.3
2016,12,6,4,283.2
2016,12,6,5,282.8
2016,12,6,6,284.0
2016,12,6,7,283.3
2016,12,7,0,283.3
2016,12,7,1,282.2
2016,12,7,2,283.1
2016,12,7,3,282.8
2016,12,7,4,282.5
2016,12,7,5,281.6
2016,12,7,6,283.2
2016,12,7,7,282.2
2016,12,8,0,283.8
2016,12,8,1,283.4
2016,12,8,2,282.3
2016,12,8,3,282.0
2016,12,8,4,282.0
2016,12,8,5,281.6
2016,12,8,6,283.1
2016,12,8,7,282.9
2016,12,9,0,283.1
2016,12,9,1,283.2
2016,12,9,2,283.1
2016,12,9,3,282.6
2016,12,9,4,282.3
2016,12,9,5,282.7
2016,12,9,6,284.4
2016,12,9,7,284.6
2016,12,10,0,284.7
2016,12,10,1,284.4
2016,12,10,2,284.7
2016,12,10,3,283.9
2016,12,10,4,284.7
2016,12,10,5,283.9
2016,12,10,6,284.8
2016,12,10,7,284.5
2016,12,11,0,286.1
2016,12,11,1,284.1
2016,12,11,2,283.8
2016,12,11,3,283.9
2016,12,11,4,282.8
2016,12,11,5,283.1
2016,12,11,6,284.3
2016,12,11,7,283.5
2016,12,12,0,284.4
2016,12,12,1,283.1
2016,12,12,2,282.6
2016,12,12,3,282.1
2016,12,12,4,282.1
2016,12,12,5,281.4
2016,12,12,6,282.0
2016,12,12,7,281.3
2016,12,13,0,281.4
2016,12,13,1,281.0
2016,12,13,2,280.7
2016,12,13,3,280.4
2016,12,13,4,280.7
2016,12,13,5,281.4
2016,12,13,6,283.9
2016,12,13,7,284.1
2016,12,14,0,283.2
2016,12,14,1,283.4
2016,12,14,2,283.7
2016,12,14,3,283.4
2016,12,14,4,283.6
2016,12,14,5,285.1
2016,12,14,6,286.8
2016,12,14,7,286.2
2016,12,15,0,286.4
2016,12,15,1,285.7
2016,12,15,2,286.8
2016,12,15,3,286.6
2016,12,15,4,286.6
2016,12,15,5,286.1
2016,12,15,6,287.6
2016,12,15,7,287.9
2016,12,16,0,289.2
2016,12,16,1,289.0
2016,12,16,2,289.8
2016,12,16,3,289.8
2016,12,16,4,289.9
2016,12,16,5,289.6
2016,12,16,6,287.7
2016,12,16,7,288.5
2016,12,17,0,288.4
2016,12,17,1,287.8
2016,12,17,2,288.1
2016,12,17,3,287.8
2016,12,17,4,287.8
2016,12,17,5,289.0
2016,12,17,6,288.3
2016,12,17,7,289.9
2016,12,18,0,289.3
2016,12,18,1,288.9
2016,12,18,2,288.3
2016,12,18,3,287.2
2016,12,18,4,287.2
2016,12,18,5,287.2
2016,12,18,6,287.5
2016,12,18,7,288.2
2016,12,19,0,288.5
2016,12,19,1,286.9
2016,12,19,2,286.9
2016,12,19,3,286.2
2016,12,19,4,285.8
2016,12,19,5,285.8
2016,12,19,6,285.8
2016,12,19,7,287.6
2016,12,20,0,287.0
2016,12,20,1,286.4
2016,12,20,2,285.0
2016,12,20,3,284.2
2016,12,20,4,284.1
2016,12,20,5,284.6
2016,12,20,6,285.5
2016,12,20,7,286.2
2016,12,21,0,286.1
2016,12,21,1,285.5
2016,12,21,2,285.1
2016,12,21,3,284.7
2016,12,21,4,284.8
2016,12,21,5,284.5
2016,12,21,6,285.7
2016,12,21,7,287.1
2016,12,22,0,287.2
2016,12,22,1,287.5
2016,12,22,2,288.2
2016,12,22,3,288.2
2016,12,22,4,287.3
2016,12,22,5,287.1
2016,12,22,6,287.5
2016,12,22,7,287.8
2016,12,23,0,288.3
2016,12,23,1,287.4
2016,12,23,2,286.2
2016,12,23,3,285.0
2016,12,23,4,285.0
2016,12,23,5,283.9
2016,12,23,6,282.7
2016,12,23,7,281.6
2016,12,24,0,282.0
2016,12,24,1,280.7
2016,12,24,2,280.7
2016,12,24,3,280.4
2016,12,24,4,280.8
2016,12,24,5,282.1
2016,12,24,6,283.3
2016,12,24,7,282.9
2016,12,25,0,282.7
2016,12,25,1,282.7
2016,12,25,2,282.8
2016,12,25,3,282.1
2016,12,25,4,282.9
2016,12,25,5,283.6
2016,12,25,6,285.2
2016,12,25,7,285.0
2016,12,26,0,284.5
2016,12,26,1,284.9
2016,12,26,2,285.1
2016,12,26,3,284.0
2016,12,26,4,283.1
2016,12,26,5,283.8
2016,12,26,6,284.2
2016,12,26,7,283.9
2016,12,27,0,284.7
2016,12,27,1,284.4
2016,12,27,2,284.7
2016,12,27,3,284.3
2016,12,27,4,284.3
2016,12,27,5,283.2
2016,12,27,6,283.8
2016,12,27,7,283.3
2016,12,28,0,284.9
2016,12,28,1,285.4
2016,12,28,2,283.9
2016,12,28,3,283.5
2016,12,28,4,283.7
2016,12,28,5,283.9
2016,12,28,6,285.5
2016,12,28,7,285.0
2016,12,29,0,284.5
2016,12,29,1,284.1
2016,12,29,2,283.5
2016,12,29,3,282.6
2016,12,29,4,283.0
2016,12,29,5,282.9
2016,12,29,6,284.6
2016,12,29,7,284.5
2016,12,30,0,284.1
2016,12,30,1,284.4
2016,12,30,2,284.1
2016,12,30,3,282.5
2016,12,30,4,282.5
2016,12,30,5,282.0
2016,12,30,6,284.6
2016,12,30,7,285.0
2016,12,31,0,287.0
2016,12,31,1,286.5
2016,12,31,2,286.1
2016,12,31,3,286.3
2016,12,31,4,287.4
2016,12,31,5,285.9
2016,12,31,6,286.1
2016,12,31,7,285.5
2016,12,1,0,287.5
2016,12,1,1,287.3
2016,12,1,2,286.5
2016,12,1,3,286.0
2016,12,1,4,285.6
2016,12,1,5,285.3
2016,12,1,6,284.2
2016,12,1,7,285.3
2016,12,2,0,284.6
2016,12,2,1,285.1
2016,12,2,2,284.7
2016,12,2,3,284.1
2016,12,2,4,284.2
2016,12,2,5,285.4
2016,12,2,6,285.5
2016,12,2,7,284.9
2016,12,3,0,285.7
2016,12,3,1,286.3
2016,12,3,2,284.9
2016,12,3,3,283.9
2016,12,3,4,283.8
2016,12,3,5,284.6
2016,12,3,6,284.1
2016,12,3,7,284.1
2016,12,4,0,285.0
2016,12,4,1,285.0
2016,12,4,2,284.7
2016,12,4,3,283.9
2016,12,4,4,283.8
2016,12,4,5,283.9
2016,12,4,6,284.6
2016,12,4,7,284.8
2016,12,5,0,285.7
2016,12,5,1,285.1
2016,12,5,2,284.3
2016,12,5,3,282.9
2016,12,5,4,283.9
2016,12,5,5,283.5
2016,12,5,6,283.0
2016,12,5,7,284.0
2016,12,6,0,284.4
2016,12,6,1,284.0
2016,12,6,2,283.0
2016,12,6,3,281.7
2016,12,6,4,282.2
2016,12,6,5,282.4
2016,12,6,6,283.5
2016,12,6,7,282.7
2016,12,7,0,282.0
2016,12,7,1,282.4
2016,12,7,2,283.2
2016,12,7,3,282.5
2016,12,7,4,283.0
2016,12,7,5,282.9
2016,12,7,6,283.9
2016,12,7,7,283.5
2016,12,8,0,283.8
2016,12,8,1,283.4
2016,12,8,2,283.2
2016,12,8,3,282.8
2016,12,8,4,282.6
2016,12,8,5,282.9
2016,12,8,6,284.1
2016,12,8,7,284.1
2016,12,9,0,284.8
2016,12,9,1,284.9
2016,12,9,2,285.2
2016,12,9,3,284.3
2016,12,9,4,284.4
2016,12,9,5,284.4
2016,12,9,6,284.6
2016,12,9,7,284.7
2016,12,10,0,285.0
2016,12,10,1,285.1
2016,12,10,2,285.2
2016,12,10,3,284.9
2016,12,10,4,285.0
2016,12,10,5,284.2
2016,12,10,6,284.4
2016,12,10,7,283.7
2016,12,11,0,284.1
2016,12,11,1,283.9
2016,12,11,2,283.9
2016,12,11,3,282.9
2016,12,11,4,282.9
2016,12,11,5,282.7
2016,12,11,6,283.0
2016,12,11,7,282.2
2016,12,12,0,282.0
2016,12,12,1,280.9
2016,12,12,2,280.7
2016,12,12,3,280.7
2016,12,12,4,279.9
2016,12,12,5,281.0
2016,12,12,6,280.6
2016,12,12,7,280.6
2016,12,13,0,281.2
2016,12,13,1,281.1
2016,12,13,2,280.9
2016,12,13,3,280.6
2016,12,13,4,281.2
2016,12,13,5,281.4
2016,12,13,6,282.8
2016,12,13,7,282.9
2016,12,14,0,282.9
2016,12,14,1,283.6
2016,12,14,2,284.1
2016,12,14,3,284.0
2016,12,14,4,283.9
2016,12,14,5,283.9
2016,12,14,6,285.1
2016,12,14,7,284.6
2016,12,15,0,285.1
2016,12,15,1,285.5
2016,12,15,2,284.8
2016,12,15,3,283.9
2016,12,15,4,284.5
2016,12,15,5,284.7
2016,12,15,6,285.7
2016,12,15,7,284.6
2016,12,16,0,286.2
2016,12,16,1,285.5
2016,12,16,2,284.7
2016,12,16,3,284.1
2016,12,16,4,284.7
2016,12,16,5,284.8
2016,12,16,6,286.3
2016,12,16,7,285.3
2016,12,17,0,285.4
2016,12,17,1,284.4
2016,12,17,2,283.3
2016,12,17,3,282.9
2016,12,17,4,283.8
2016,12,17,5,283.5
2016,12,17,6,283.5
2016,12,17,7,283.3
2016,12,18,0,284.0
2016,12,18,1,284.2
2016,12,18,2,283.6
2016,12,18,3,282.4
2016,12,18,4,281.9
2016,12,18,5,283.8
2016,12,18,6,282.0
2016,12,18,7,281.7
2016,12,19,0,281.9
2016,12,19,1,281.5
2016,12,19,2,281.0
2016,12,19,3,280.3
2016,12,19,4,280.7
2016,12,19,5,281.0
2016,12,19,6,282.3
2016,12,19,7,281.8
2016,12,20,0,281.1
2016,12,20,1,280.1
2016,12,20,2,279.4
2016,12,20,3,278.8
2016,12,20,4,277.6
2016,12,20,5,277.6
2016,12,20,6,280.7
2016,12,20,7,281.5
2016,12,21,0,281.7
2016,12,21,1,282.6
2016,12,21,2,283.0
2016,12,21,3,282.9
2016,12,21,4,283.4
2016,12,21,5,284.3
2016,12,21,6,286.4
2016,12,21,7,286.4
2016,12,22,0,285.8
2016,12,22,1,284.8
2016,12,22,2,283.6
2016,12,22,3,282.8
2016,12,22,4,282.9
2016,12,22,5,283.0
2016,12,22,6,283.9
2016,12,22,7,284.0
2016,12,23,0,283.8
2016,12,23,1,283.0
2016,12,23,2,284.0
2016,12,23,3,283.4
2016,12,23,4,283.7
2016,12,23,5,283.5
2016,12,23,6,284.0
2016,12,23,7,283.7
2016,12,24,0,283.5
2016,12,24,1,282.6
2016,12,24,2,281.4
2016,12,24,3,281.5
2016,12,24,4,280.9
2016,12,24,5,280.3
2016,12,24,6,280.5
2016,12,24,7,281.8
2016,12,25,0,281.5
2016,12,25,1,281.8
2016,12,25,2,281.4
2016,12,25,3,280.9
2016,12,25,4,280.9
2016,12,25,5,280.7
2016,12,25,6,281.5
2016,12,25,7,281.1
2016,12,26,0,280.8
2016,12,26,1,279.8
2016,12,26,2,279.2
2016,12,26,3,278.7
2016,12,26,4,279.0
2016,12,26,5,280.0
2016,12,26,6,280.4
2016,12,26,7,280.7
2016,12,27,0,282.0
2016,12,27,1,281.7
2016,12,27,2,282.1
2016,12,27,3,282.8
2016,12,27,4,283.2
2016,12,27,5,282.5
2016,12,27,6,281.3
2016,12,27,7,280.8
2016,12,28,0,283.1
2016,12,28,1,284.1
2016,12,28,2,285.2
2016,12,28,3,282.6
2016,12,28,4,283.5
2016,12,28,5,283.3
2016,12,28,6,283.3
2016,12,28,7,283.9
2016,12,29,0,284.1
2016,12,29,1,283.6
2016,12,29,2,284.1
2016,12,29,3,284.1
2016,12,29,4,284.2
2016,12,29,5,284.6
2016,12,29,6,284.3
2016,12,29,7,285.8
2016,12,30,0,285.7
2016,12,30,1,285.9
2016,12,30,2,285.8
2016,12,30,3,285.3
2016,12,30,4,285.5
2016,12,30,5,285.2
2016,12,30,6,285.8
2016,12,30,7,287.2
2016,12,1,0,285.6
2016,12,1,1,284.3
2016,12,1,2,283.6
2016,12,1,3,284.5
2016,12,1,4,283.7
2016,12,1,5,282.8
2016,12,1,6,284.3
2016,12,1,7,283.9
2016,12,2,0,284.8
2016,12,2,1,283.3
2016,12,2,2,283.2
2016,12,2,3,282.9
2016,12,2,4,283.6
2016,12,2,5,283.6
2016,12,2,6,284.6
2016,12,2,7,283.7
2016,12,3,0,284.4
2016,12,3,1,284.3
2016,12,3,2,283.7
2016,12,3,3,283.5
2016,12,3,4,283.9
2016,12,3,5,284.3
2016,12,3,6,285.0
2016,12,3,7,285.7
2016,12,4,0,285.8
2016,12,4,1,285.2
2016,12,4,2,284.1
2016,12,4,3,283.5
2016,12,4,4,283.5
2016,12,4,5,283.2
2016,12,4,6,284.2
2016,12,4,7,282.7
2016,12,5,0,282.8
2016,12,5,1,281.8
2016,12,5,2,281.4
2016,12,5,3,280.4
2016,12,5,4,280.3
2016,12,5,5,280.6
2016,12,5,6,280.9
2016,12,5,7,281.0
2016,12,6,0,280.8
2016,12,6,1,280.5
2016,12,6,2,280.3
2016,12,6,3,279.8
2016,12,6,4,280.4
2016,12,6,5,280.1
2016,12,6,6,282.0
2016,12,6,7,281.8
2016,12,7,0,281.9
2016,12,7,1,281.5
2016,12,7,2,281.1
2016,12,7,3,280.6
2016,12,7,4,280.1
2016,12,7,5,280.3
2016,12,7,6,279.8
2016,12,7,7,280.4
2016,12,8,0,280.7
2016,12,8,1,280.1
2016,12,8,2,280.1
2016,12,8,3,280.7
2016,12,8,4,280.3
2016,12,8,5,281.2
2016,12,8,6,280.3
2016,12,8,7,280.6
2016,12,9,0,280.4
2016,12,9,1,280.2
2016,12,9,2,279.6
2016,12,9,3,278.5
2016,12,9,4,279.2
2016,12,9,5,278.4
2016,12,9,6,278.9
2016,12,9,7,278.4
2016,12,10,0,278.6
2016,12,10,1,278.2
2016,12,10,2,278.6
2016,12,10,3,278.5
2016,12,10,4,278.7
2016,12,10,5,279.0
2016,12,10,6,279.0
2016,12,10,7,278.9
2016,12,11,0,278.2
2016,12,11,1,277.7
2016,12,11,2,277.6
2016,12,11,3,276.9
2016,12,11,4,276.5
2016,12,11,5,277.8
2016,12,11,6,277.8
2016,12,11,7,278.0
2016,12,12,0,278.9
2016,12,12,1,278.9
2016,12,12,2,279.6
2016,12,12,3,279.8
2016,12,12,4,280.5
2016,12,12,5,280.8
2016,12,12,6,282.3
2016,12,12,7,282.6
2016,12,13,0,282.3
2016,12,13,1,282.9
2016,12,13,2,283.1
2016,12,13,3,282.3
2016,12,13,4,282.0
2016,12,13,5,281.8
2016,12,13,6,282.1
2016,12,13,7,282.3
2016,12,14,0,282.5
2016,12,14,1,281.8
2016,12,14,2,280.9
2016,12,14,3,280.8
2016,12,14,4,279.8
2016,12,14,5,279.9
2016,12,14,6,280.8
2016,12,14,7,281.5
2016,12,15,0,280.6
2016,12,15,1,280.6
2016,12,15,2,281.3
2016,12,15,3,281.9
2016,12,15,4,282.7
2016,12,15,5,283.7
2016,12,15,6,282.9
2016,12,15,7,284.5
2016,12,16,0,283.3
2016,12,16,1,283.2
2016,12,16,2,283.2
2016,12,16,3,283.3
2016,12,16,4,283.3
2016,12,16,5,284.6
2016,12,16,6,283.3
2016,12,16,7,283.1
2016,12,17,0,283.2
2016,12,17,1,283.3
2016,12,17,2,283.2
2016,12,17,3,282.2
2016,12,17,4,281.8
2016,12,17,5,281.4
2016,12,17,6,280.9
2016,12,17,7,281.0
2016,12,18,0,281.0
2016,12,18,1,280.6
2016,12,18,2,280.3
2016,12,18,3,279.9
2016,12,18,4,280.4
2016,12,18,5,280.4
2016,12,18,6,281.5
2016,12,18,7,281.1
2016,12,19,0,280.4
2016,12,19,1,279.6
2016,12,19,2,279.2
2016,12,19,3,278.6
2016,12,19,4,278.9
2016,12,19,5,278.6
2016,12,19,6,279.3
2016,12,19,7,279.2
2016,12,20,0,279.0
2016,12,20,1,278.4
2016,12,20,2,278.5
2016,12,20,3,278.3
2016,12,20,4,278.7
2016,12,20,5,279.6
2016,12,20,6,279.9
2016,12,20,7,280.8
2016,12,21,0,280.3
2016,12,21,1,280.4
2016,12,21,2,280.8
2016,12,21,3,280.5
2016,12,21,4,280.8
2016,12,21,5,280.9
2016,12,21,6,280.7
2016,12,21,7,281.4
2016,12,22,0,281.7
2016,12,22,1,282.0
2016,12,22,2,282.1
2016,12,22,3,282.1
2016,12,22,4,282.5
2016,12,22,5,282.5
2016,12,22,6,283.7
2016,12,22,7,283.7
2016,12,23,0,283.6
2016,12,23,1,283.9
2016,12,23,2,283.8
2016,12,23,3,283.0
2016,12,23,4,283.4
2016,12,23,5,283.5
2016,12,23,6,284.0
2016,12,23,7,284.1
2016,12,24,0,284.2
2016,12,24,1,284.3
2016,12,24,2,284.3
2016,12,24,3,284.0
2016,12,24,4,284.0
2016,12,24,5,284.0
2016,12,24,6,284.8
2016,12,24,7,284.9
2016,12,25,0,284.4
2016,12,25,1,284.3
2016,12,25,2,283.2
2016,12,25,3,282.7
2016,12,25,4,283.1
2016,12,25,5,283.1
2016,12,25,6,282.8
2016,12,25,7,282.8
2016,12,26,0,282.5
2016,12,26,1,282.2
2016,12,26,2,281.8
2016,12,26,3,281.1
2016,12,26,4,280.9
2016,12,26,5,279.9
2016,12,26,6,280.8
2016,12,26,7,281.0
2016,12,27,0,280.2
2016,12,27,1,279.6
2016,12,27,2,279.8
2016,12,27,3,279.0
2016,12,27,4,278.0
2016,12,27,5,276.2
2016,12,27,6,278.8
2016,12,27,7,279.3
2016,12,28,0,279.1
2016,12,28,1,278.7
2016,12,28,2,278.4
2016,12,28,3,278.1
2016,12,28,4,278.8
2016,12,28,5,278.7
2016,12,28,6,280.4
2016,12,28,7,280.1
2016,12,29,0,280.0
2016,12,29,1,280.3
2016,12,29,2,279.8
2016,12,29,3,279.9
2016,12,29,4,279.3
2016,12,29,5,278.4
2016,12,29,6,277.3
2016,12,29,7,276.6
2016,12,30,0,277.0
2016,12,30,1,275.8
2016,12,30,2,275.7
2016,12,30,3,276.2
2016,12,30,4,276.6
2016,12,30,5,276.3
2016,12,30,6,277.0
2016,12,30,7,276.6
2016,12,31,0,276.5
2016,12,31,1,277.4
2016,12,31,2,277.5
2016,12,31,3,277.6
2016,12,31,4,278.4
2016,12,31,5,278.3
2016,12,31,6,278.5
2016,12,31,7,277.8
2016,12,1,0,276.5
2016,12,1,1,276.1
2016,12,1,2,275.6
2016,12,1,3,275.6
2016,12,1,4,275.4
2016,12,1,5,274.7
2016,12,1,6,276.1
2016,12,1,7,276.7
2016,12,2,0,276.9
2016,12,2,1,276.7
2016,12,2,2,276.7
2016,12,2,3,276.1
2016,12,2,4,276.5
2016,12,2,5,276.7
2016,12,2,6,277.5
2016,12,2,7,277.5
2016,12,3,0,277.4
2016,12,3,1,276.6
2016,12,3,2,276.2
2016,12,3,3,275.9
2016,12,3,4,275.9
2016,12,3,5,276.0
2016,12,3,6,276.1
2016,12,3,7,276.1
2016,12,4,0,275.2
2016,12,4,1,274.5
2016,12,4,2,274.3
2016,12,4,3,274.2
2016,12,4,4,274.3
2016,12,4,5,274.5
2016,12,4,6,275.5
2016,12,4,7,275.8
2016,12,5,0,275.8
2016,12,5,1,275.5
2016,12,5,2,275.8
2016,12,5,3,275.9
2016,12,5,4,275.7
2016,12,5,5,276.1
2016,12,5,6,276.7
2016,12,5,7,276.8
2016,12,6,0,276.4
2016,12,6,1,276.2
2016,12,6,2,275.7
2016,12,6,3,274.5
2016,12,6,4,274.5
2016,12,6,5,274.8
2016,12,6,6,275.5
2016,12,6,7,275.8
2016,12,7,0,276.5
2016,12,7,1,277.6
2016,12,7,2,277.5
2016,12,7,3,276.9
2016,12,7,4,277.1
2016,12,7,5,276.8
2016,12,7,6,276.7
2016,12,7,7,277.4
2016,12,8,0,277.4
2016,12,8,1,277.5
2016,12,8,2,277.7
2016,12,8,3,277.8
2016,12,8,4,277.8
2016,12,8,5,278.3
2016,12,8,6,279.4
2016,12,8,7,280.7
2016,12,9,0,281.1
2016,12,9,1,281.2
2016,12,9,2,281.0
2016,12,9,3,281.2
2016,12,9,4,281.8
2016,12,9,5,281.7
2016,12,9,6,281.7
2016,12,9,7,282.1
2016,12,10,0,282.1
2016,12,10,1,282.2
2016,12,10,2,280.5
2016,12,10,3,280.7
2016,12,10,4,281.1
2016,12,10,5,281.1
2016,12,10,6,280.8
2016,12,10,7,281.4
2016,12,11,0,281.6
2016,12,11,1,281.7
2016,12,11,2,281.4
2016,12,11,3,281.1
2016,12,11,4,281.2
2016,12,11,5,281.3
2016,12,11,6,282.1
2016,12,11,7,281.8
2016,12,12,0,282.6
2016,12,12,1,282.7
2016,12,12,2,282.8
2016,12,12,3,282.8
2016,12,12,4,283.5
2016,12,12,5,283.8
2016,12,12,6,283.7
2016,12,12,7,281.3
2016,12,13,0,280.7
2016,12,13,1,279.6
2016,12,13,2,278.2
2016,12,13,3,277.8
2016,12,13,4,278.5
2016,12,13,5,279.1
2016,12,13,6,280.2
2016,12,13,7,280.3
2016,12,14,0,279.8
2016,12,14,1,279.5
2016,12,14,2,279.7
2016,12,14,3,279.8
2016,12,14,4,280.1
2016,12,14,5,280.0
2016,12,14,6,280.5
2016,12,14,7,280.8
2016,12,15,0,281.0
2016,12,15,1,282.2
2016,12,15,2,282.8
2016,12,15,3,282.3
2016,12,15,4,282.0
2016,12,15,5,282.5
2016,12,15,6,283.2
2016,12,15,7,282.5
2016,12,16,0,282.7
2016,12,16,1,282.8
2016,12,16,2,283.0
2016,12,16,3,282.3
2016,12,16,4,282.8
2016,12,16,5,282.2
2016,12,16,6,282.9
2016,12,16,7,282.9
2016,12,17,0,283.0
2016,12,17,1,282.7
2016,12,17,2,282.3
2016,12,17,3,281.7
2016,12,17,4,281.4
2016,12,17,5,280.5
2016,12,17,6,281.1
2016,12,17,7,280.4
2016,12,18,0,280.6
2016,12,18,1,280.1
2016,12,18,2,279.8
2016,12,18,3,279.7
2016,12,18,4,279.8
2016,12,18,5,279.7
2016,12,18,6,280.7
2016,12,18,7,280.3
2016,12,19,0,280.1
2016,12,19,1,279.6
2016,12,19,2,279.7
2016,12,19,3,279.1
2016,12,19,4,278.9
2016,12,19,5,278.6
2016,12,19,6,279.0
2016,12,19,7,278.6
2016,12,20,0,278.2
2016,12,20,1,277.5
2016,12,20,2,277.1
2016,12,20,3,276.6
2016,12,20,4,276.6
2016,12,20,5,277.1
2016,12,20,6,278.6
2016,12,20,7,278.9
2016,12,21,0,278.1
2016,12,21,1,277.7
2016,12,21,2,278.2
2016,12,21,3,278.1
2016,12,21,4,280.0
2016,12,21,5,281.1
2016,12,21,6,280.7
2016,12,21,7,280.8
2016,12,22,0,280.7
2016,12,22,1,281.3
2016,12,22,2,281.6
2016,12,22,3,282.5
2016,12,22,4,282.1
2016,12,22,5,282.2
2016,12,22,6,283.2
2016,12,22,7,283.5
2016,12,23,0,283.9
2016,12,23,1,284.0
2016,12,23,2,283.7
2016,12,23,3,283.4
2016,12,23,4,283.6
2016,12,23,5,283.1
2016,12,23,6,282.6
2016,12,23,7,282.5
2016,12,24,0,282.3
2016,12,24,1,281.3
2016,12,24,2,280.6
2016,12,24,3,279.7
2016,12,24,4,279.9
2016,12,24,5,278.2
2016,12,24,6,276.3
2016,12,24,7,273.4
2016,12,25,0,271.8
2016,12,25,1,270.6
2016,12,25,2,268.9
2016,12,25,3,268.0
2016,12,25,4,267.1
2016,12,25,5,266.3
2016,12,25,6,266.4
2016,12,25,7,266.1
2016,12,26,0,266.8
2016,12,26,1,267.2
2016,12,26,2,267.6
2016,12,26,3,270.1
2016,12,26,4,272.6
2016,12,26,5,273.4
2016,12,26,6,274.0
2016,12,26,7,275.4
2016,12,27,0,275.7
2016,12,27,1,276.2
2016,12,27,2,276.6
2016,12,27,3,277.2
2016,12,27,4,277.8
2016,12,27,5,278.5
2016,12,27,6,280.3
2016,12,27,7,280.9
2016,12,28,0,281.0
2016,12,28,1,281.1
2016,12,28,2,281.7
2016,12,28,3,281.1
2016,12,28,4,281.3
2016,12,28,5,281.6
2016,12,28,6,281.2
2016,12,28,7,281.6
2016,12,29,0,281.4
2016,12,29,1,280.9
2016,12,29,2,280.7
2016,12,29,3,280.5
2016,12,29,4,280.6
2016,12,29,5,280.9
2016,12,29,6,281.7
2016,12,29,7,281.5
2016,12,30,0,281.7
2016,12,30,1,281.6
2016,12,30,2,281.5
2016,12,30,3,281.5
2016,12,30,4,281.7
2016,12,30,5,282.1
2016,12,30,6,283.3
2016,12,30,7,283.4
2016,12,1,0,283.6
2016,12,1,1,282.9
2016,12,1,2,282.6
2016,12,1,3,281.4
2016,12,1,4,281.9
2016,12,1,5,282.5
2016,12,1,6,282.2
2016,12,1,7,281.7
2016,12,2,0,282.5
2016,12,2,1,282.6
2016,12,2,2,282.7
2016,12,2,3,282.3
2016,12,2,4,281.2
2016,12,2,5,280.7
2016,12,2,6,280.2
2016,12,2,7,279.1
2016,12,3,0,279.1
2016,12,3,1,278.9
2016,12,3,2,279.3
2016,12,3,3,278.1
2016,12,3,4,278.4
2016,12,3,5,278.7
2016,12,3,6,277.9
2016,12,3,7,277.0
2016,12,4,0,276.2
2016,12,4,1,275.9
2016,12,4,2,274.1
2016,12,4,3,273.5
2016,12,4,4,274.2
2016,12,4,5,273.6
2016,12,4,6,272.4
2016,12,4,7,272.0
2016,12,5,0,271.5
2016,12,5,1,270.5
2016,12,5,2,270.3
2016,12,5,3,269.1
2016,12,5,4,268.8
2016,12,5,5,269.2
2016,12,5,6,271.5
2016,12,5,7,272.2
2016,12,6,0,276.1
2016,12,6,1,278.4
2016,12,6,2,279.3
2016,12,6,3,279.5
2016,12,6,4,280.0
2016,12,6,5,279.8
2016,12,6,6,280.8
2016,12,6,7,281.3
2016,12,7,0,281.8
2016,12,7,1,281.4
2016,12,7,2,280.8
2016,12,7,3,280.7
2016,12,7,4,281.0
2016,12,7,5,281.1
2016,12,7,6,281.0
2016,12,7,7,281.6
2016,12,8,0,281.0
2016,12,8,1,280.5
2016,12,8,2,279.9
2016,12,8,3,279.2
2016,12,8,4,279.0
2016,12,8,5,277.7
2016,12,8,6,278.3
2016,12,8,7,278.4
2016,12,9,0,279.1
2016,12,9,1,279.5
2016,12,9,2,279.2
2016,12,9,3,278.8
2016,12,9,4,279.1
2016,12,9,5,278.9
2016,12,9,6,279.9
2016,12,9,7,280.7
2016,12,10,0,281.0
2016,12,10,1,281.0
2016,12,10,2,280.2
2016,12,10,3,280.7
2016,12,10,4,280.6
2016,12,10,5,280.8
2016,12,10,6,280.1
2016,12,10,7,279.8
2016,12,11,0,279.7
2016,12,11,1,279.3
2016,12,11,2,278.9
2016,12,11,3,278.3
2016,12,11,4,278.3
2016,12,11,5,278.1
2016,12,11,6,279.4
2016,12,11,7,279.5
2016,12,12,0,279.3
2016,12,12,1,279.0
2016,12,12,2,279.0
2016,12,12,3,278.7
2016,12,12,4,278.9
2016,12,12,5,279.3
2016,12,12,6,280.4
2016,12,12,7,280.1
2016,12,13,0,279.7
2016,12,13,1,278.8
2016,12,13,2,278.2
2016,12,13,3,277.6
2016,12,13,4,278.2
2016,12,13,5,278.2
2016,12,13,6,278.5
2016,12,13,7,278.6
2016,12,14,0,278.4
2016,12,14,1,279.4
2016,12,14,2,279.5
2016,12,14,3,279.5
2016,12,14,4,278.7
2016,12,14,5,278.8
2016,12,14,6,279.8
2016,12,14,7,279.8
2016,12,15,0,279.7
2016,12,15,1,279.3
2016,12,15,2,279.2
2016,12,15,3,278.3
2016,12,15,4,277.8
2016,12,15,5,277.1
2016,12,15,6,276.6
2016,12,15,7,276.9
2016,12,16,0,278.1
2016,12,16,1,278.7
2016,12,16,2,279.6
2016,12,16,3,280.4
2016,12,16,4,281.4
2016,12,16,5,281.6
2016,12,16,6,283.0
2016,12,16,7,283.2
2016,12,17,0,283.2
2016,12,17,1,283.2
2016,12,17,2,282.5
2016,12,17,3,281.5
2016,12,17,4,281.6
2016,12,17,5,281.3
2016,12,17,6,280.3
2016,12,17,7,281.2
2016,12,18,0,280.2
2016,12,18,1,280.5
2016,12,18,2,280.3
2016,12,18,3,280.0
2016,12,18,4,280.5
2016,12,18,5,280.8
2016,12,18,6,281.6
2016,12,18,7,282.0
2016,12,19,0,282.0
2016,12,19,1,282.1
2016,12,19,2,281.8
2016,12,19,3,281.3
2016,12,19,4,281.1
2016,12,19,5,281.6
2016,12,19,6,281.5
2016,12,19,7,281.5
2016,12,20,0,281.6
2016,12,20,1,281.4
2016,12,20,2,281.2
2016,12,20,3,281.1
2016,12,20,4,281.1
2016,12,20,5,281.2
2016,12,20,6,282.6
2016,12,20,7,282.9
2016,12,21,0,282.5
2016,12,21,1,282.8
2016,12,21,2,282.3
2016,12,21,3,281.8
2016,12,21,4,282.3
2016,12,21,5,281.9
2016,12,21,6,282.6
2016,12,21,7,282.3
2016,12,22,0,282.3
2016,12,22,1,282.7
2016,12,22,2,282.1
2016,12,22,3,281.1
2016,12,22,4,280.7
2016,12,22,5,280.4
2016,12,22,6,281.4
2016,12,22,7,282.3
2016,12,23,0,281.8
2016,12,23,1,281.4
2016,12,23,2,280.8
2016,12,23,3,279.9
2016,12,23,4,279.6
2016,12,23,5,279.7
2016,12,23,6,281.0
2016,12,23,7,281.6
2016,12,24,0,280.5
2016,12,24,1,280.2
2016,12,24,2,280.2
2016,12,24,3,279.9
2016,12,24,4,279.3
2016,12,24,5,279.0
2016,12,24,6,279.5
2016,12,24,7,278.8
2016,12,25,0,278.3
2016,12,25,1,276.6
2016,12,25,2,275.5
2016,12,25,3,274.7
2016,12,25,4,274.6
2016,12,25,5,275.3
2016,12,25,6,276.6
2016,12,25,7,277.7
2016,12,26,0,279.0
2016,12,26,1,280.7
2016,12,26,2,280.5
2016,12,26,3,281.3
2016,12,26,4,282.0
2016,12,26,5,282.4
2016,12,26,6,284.1
2016,12,26,7,285.0
2016,12,27,0,285.6
2016,12,27,1,285.5
2016,12,27,2,285.4
2016,12,27,3,284.9
2016,12,27,4,284.9
2016,12,27,5,285.1
2016,12,27,6,283.6
2016,12,27,7,284.4
2016,12,28,0,284.6
2016,12,28,1,285.0
2016,12,28,2,283.1
2016,12,28,3,282.6
2016,12,28,4,283.0
2016,12,28,5,283.2
2016,12,28,6,284.3
2016,12,28,7,284.2
2016,12,29,0,283.8
2016,12,29,1,283.3
2016,12,29,2,283.2
2016,12,29,3,282.8
2016,12,29,4,282.4
2016,12,29,5,282.3
2016,12,29,6,284.0
2016,12,29,7,284.1
2016,12,30,0,283.9
2016,12,30,1,283.5
2016,12,30,2,283.1
2016,12,30,3,282.6
2016,12,30,4,283.0
2016,12,30,5,282.3
2016,12,30,6,282.8
2016,12,30,7,282.8
2016,12,31,0,283.2
2016,12,31,1,282.9
2016,12,31,2,282.0
2016,12,31,3,280.8
2016,12,31,4,280.9
2016,12,31,5,280.4
2016,12,31,6,281.1
2016,12,31,7,281.4
2016,12,1,0,281.6
2016,12,1,1,281.9
2016,12,1,2,282.5
2016,12,1,3,282.6
2016,12,1,4,282.4
2016,12,1,5,281.9
2016,12,1,6,282.7
2016,12,1,7,283.1
2016,12,2,0,283.4
2016,12,2,1,283.2
2016,12,2,2,283.0
2016,12,2,3,282.6
2016,12,2,4,283.1
2016,12,2,5,283.1
2016,12,2,6,284.3
2016,12,2,7,284.2
2016,12,3,0,284.4
2016,12,3,1,284.4
2016,12,3,2,284.1
2016,12,3,3,283.6
2016,12,3,4,283.8
2016,12,3,5,284.5
2016,12,3,6,285.9
2016,12,3,7,285.6
2016,12,4,0,285.1
2016,12,4,1,284.8
2016,12,4,2,284.3
2016,12,4,3,283.9
2016,12,4,4,284.5
2016,12,4,5,284.9
2016,12,4,6,285.2
2016,12,4,7,284.9
2016,12,5,0,284.4
2016,12,5,1,283.7
2016,12,5,2,283.5
2016,12,5,3,282.9
2016,12,5,4,282.4
2016,12,5,5,281.1
2016,12,5,6,281.3
2016,12,5,7,279.0
2016,12,6,0,277.8
2016,12,6,1,277.9
2016,12,6,2,277.4
2016,12,6,3,277.2
2016,12,6,4,276.3
2016,12,6,5,276.6
2016,12,6,6,279.8
2016,12,6,7,279.9
2016,12,7,0,279.8
2016,12,7,1,279.6
2016,12,7,2,279.8
2016,12,7,3,279.8
2016,12,7,4,279.9
2016,12,7,5,280.2
2016,12,7,6,281.4
2016,12,7,7,280.0
2016,12,8,0,279.8
2016,12,8,1,280.2
2016,12,8,2,279.6
2016,12,8,3,278.7
2016,12,8,4,279.4
2016,12,8,5,280.2
2016,12,8,6,281.3
2016,12,8,7,280.1
2016,12,9,0,280.5
2016,12,9,1,280.4
2016,12,9,2,280.2
2016,12,9,3,279.7
2016,12,9,4,280.5
2016,12,9,5,281.3
2016,12,9,6,283.3
2016,12,9,7,283.5
2016,12,10,0,282.9
2016,12,10,1,282.4
2016,12,10,2,281.5
2016,12,10,3,281.1
2016,12,10,4,281.6
2016,12,10,5,282.0
2016,12,10,6,283.2
2016,12,10,7,283.1
2016,12,11,0,282.4
2016,12,11,1,281.5
2016,12,11,2,281.4
2016,12,11,3,281.1
2016,12,11,4,281.9
2016,12,11,5,282.3
2016,12,11,6,283.8
2016,12,11,7,283.7
2016,12,12,0,283.4
2016,12,12,1,283.7
2016,12,12,2,283.7
2016,12,12,3,283.4
2016,12,12,4,283.9
2016,12,12,5,284.6
2016,12,12,6,285.7
2016,12,12,7,284.2
2016,12,13,0,284.5
2016,12,13,1,284.1
2016,12,13,2,284.1
2016,12,13,3,283.5
2016,12,13,4,283.6
2016,12,13,5,284.2
2016,12,13,6,285.2
2016,12,13,7,284.2
2016,12,14,0,283.9
2016,12,14,1,283.1
2016,12,14,2,283.4
2016,12,14,3,283.0
2016,12,14,4,282.7
2016,12,14,5,283.6
2016,12,14,6,285.1
2016,12,14,7,285.4
2016,12,15,0,285.9
2016,12,15,1,286.0
2016,12,15,2,286.0
2016,12,15,3,286.1
2016,12,15,4,285.9
2016,12,15,5,285.7
2016,12,15,6,286.2
2016,12,15,7,286.5
2016,12,16,0,285.4
2016,12,16,1,284.2
2016,12,16,2,283.6
2016,12,16,3,283.4
2016,12,16,4,284.0
2016,12,16,5,284.0
2016,12,16,6,284.2
2016,12,16,7,284.3
2016,12,17,0,283.2
2016,12,17,1,283.1
2016,12,17,2,283.2
2016,12,17,3,283.1
2016,12,17,4,283.1
2016,12,17,5,282.7
2016,12,17,6,283.5
2016,12,17,7,284.4
2016,12,18,0,283.4
2016,12,18,1,283.7
2016,12,18,2,284.1
2016,12,18,3,284.0
2016,12,18,4,283.5
2016,12,18,5,282.7
2016,12,18,6,283.0
2016,12,18,7,282.6
2016,12,19,0,281.8
2016,12,19,1,280.7
2016,12,19,2,281.9
2016,12,19,3,279.8
2016,12,19,4,280.1
2016,12,19,5,279.9
2016,12,19,6,280.7
2016,12,19,7,280.6
2016,12,20,0,280.7
2016,12,20,1,280.1
2016,12,20,2,280.1
2016,12,20,3,279.7
2016,12,20,4,279.9
2016,12,20,5,280.6
2016,12,20,6,282.9
2016,12,20,7,284.8
2016,12,21,0,284.5
2016,12,21,1,284.5
2016,12,21,2,284.5
2016,12,21,3,284.7
2016,12,21,4,285.3
2016,12,21,5,286.5
2016,12,21,6,289.0
2016,12,21,7,288.8
2016,12,22,0,288.8
2016,12,22,1,288.7
2016,12,22,2,288.2
2016,12,22,3,287.0
2016,12,22,4,287.7
2016,12,22,5,287.2
2016,12,22,6,287.2
2016,12,22,7,286.5
2016,12,23,0,286.5
2016,12,23,1,286.0
2016,12,23,2,285.7
2016,12,23,3,285.8
2016,12,23,4,285.9
2016,12,23,5,285.2
2016,12,23,6,285.9
2016,12,23,7,285.4
2016,12,24,0,285.1
2016,12,24,1,284.4
2016,12,24,2,283.2
2016,12,24,3,282.5
2016,12,24,4,282.2
2016,12,24,5,282.4
2016,12,24,6,283.3
2016,12,24,7,282.4
2016,12,25,0,281.9
2016,12,25,1,282.2
2016,12,25,2,282.2
2016,12,25,3,281.6
2016,12,25,4,281.7
2016,12,25,5,282.6
2016,12,25,6,283.7
2016,12,25,7,282.9
2016,12,26,0,283.1
2016,12,26,1,282.9
2016,12,26,2,282.0
2016,12,26,3,281.7
2016,12,26,4,282.2
2016,12,26,5,281.8
2016,12,26,6,282.9
2016,12,26,7,282.7
2016,12,27,0,282.0
2016,12,27,1,281.8
2016,12,27,2,279.1
2016,12,27,3,276.9
2016,12,27,4,277.6
2016,12,27,5,277.6
2016,12,27,6,279.6
2016,12,27,7,278.9
2016,12,28,0,278.7
2016,12,28,1,278.4
2016,12,28,2,277.6
2016,12,28,3,276.2
2016,12,28,4,274.2
2016,12,28,5,272.2
2016,12,28,6,271.3
2016,12,28,7,269.3
2016,12,29,0,269.1
2016,12,29,1,269.1
2016,12,29,2,269.4
2016,12,29,3,270.3
2016,12,29,4,271.9
2016,12,29,5,273.1
2016,12,29,6,274.0
2016,12,29,7,276.3
2016,12,30,0,276.3
2016,12,30,1,277.7
2016,12,30,2,277.8
2016,12,30,3,278.4
2016,12,30,4,279.5
2016,12,30,5,280.5
2016,12,30,6,282.9
2016,12,30,7,282.2
2016,12,31,0,283.0
2016,12,31,1,282.8
2016,12,31,2,282.2
2016,12,31,3,281.7
2016,12,31,4,281.7
2016,12,31,5,281.4
2016,12,31,6,282.1
2016,12,31,7,283.3
2016,12,1,0,281.7
2016,12,1,1,281.4
2016,12,1,2,280.3
2016,12,1,3,279.1
2016,12,1,4,278.9
2016,12,1,5,279.4
2016,12,1,6,280.2
2016,12,1,7,280.9
2016,12,2,0,280.6
2016,12,2,1,279.6
2016,12,2,2,279.6
2016,12,2,3,279.5
2016,12,2,4,279.2
2016,12,2,5,279.0
2016,12,2,6,279.4
2016,12,2,7,280.6
2016,12,3,0,279.4
2016,12,3,1,278.9
2016,12,3,2,279.0
2016,12,3,3,278.5
2016,12,3,4,277.9
2016,12,3,5,277.7
2016,12,3,6,277.8
2016,12,3,7,277.7
2016,12,4,0,277.8
2016,12,4,1,277.1
2016,12,4,2,276.7
2016,12,4,3,276.2
2016,12,4,4,275.9
2016,12,4,5,275.4
2016,12,4,6,276.0
2016,12,4,7,276.4
2016,12,5,0,276.1
2016,12,5,1,275.8
2016,12,5,2,275.7
2016,12,5,3,275.5
2016,12,5,4,275.5
2016,12,5,5,276.2
2016,12,5,6,278.3
2016,12,5,7,279.6
2016,12,6,0,280.5
2016,12,6,1,282.2
2016,12,6,2,282.3
2016,12,6,3,282.4
2016,12,6,4,282.5
2016,12,6,5,281.8
2016,12,6,6,282.8
2016,12,6,7,281.9
2016,12,7,0,282.7
2016,12,7,1,281.9
2016,12,7,2,281.1
2016,12,7,3,279.2
2016,12,7,4,278.6
2016,12,7,5,278.1
2016,12,7,6,279.3
2016,12,7,7,279.1
2016,12,8,0,278.1
2016,12,8,1,278.4
2016,12,8,2,279.2
2016,12,8,3,279.7
2016,12,8,4,279.2
2016,12,8,5,280.0
2016,12,8,6,281.3
2016,12,8,7,280.3
2016,12,9,0,280.6
2016,12,9,1,280.2
2016,12,9,2,280.3
2016,12,9,3,280.5
2016,12,9,4,281.4
2016,12,9,5,280.6
2016,12,9,6,280.7
2016,12,9,7,281.4
2016,12,10,0,282.3
2016,12,10,1,282.2
2016,12,10,2,282.5
2016,12,10,3,282.3
2016,12,10,4,282.4
2016,12,10,5,282.0
2016,12,10,6,282.5
2016,12,10,7,282.3
2016,12,11,0,283.6
2016,12,11,1,283.9
2016,12,11,2,283.6
2016,12,11,3,284.4
2016,12,11,4,283.6
2016,12,11,5,282.4
2016,12,11,6,283.6
2016,12,11,7,284.9
2016,12,12,0,284.5
2016,12,12,1,284.5
2016,12,12,2,284.4
2016,12,12,3,284.3
2016,12,12,4,283.8
2016,12,12,5,283.9
2016,12,12,6,284.2
2016,12,12,7,284.3
2016,12,13,0,285.3
2016,12,13,1,285.3
2016,12,13,2,285.3
2016,12,13,3,285.2
2016,12,13,4,285.3
2016,12,13,5,285.6
2016,12,13,6,285.3
2016,12,13,7,285.7
2016,12,14,0,285.4
2016,12,14,1,286.5
2016,12,14,2,286.3
2016,12,14,3,283.8
2016,12,14,4,284.4
2016,12,14,5,285.6
2016,12,14,6,284.9
2016,12,14,7,285.0
2016,12,15,0,284.9
2016,12,15,1,284.8
2016,12,15,2,284.7
2016,12,15,3,284.2
2016,12,15,4,284.3
2016,12,15,5,284.6
2016,12,15,6,285.6
2016,12,15,7,284.5
2016,12,16,0,284.5
2016,12,16,1,284.4
2016,12,16,2,284.4
2016,12,16,3,284.4
2016,12,16,4,284.8
2016,12,16,5,285.1
2016,12,16,6,286.3
2016,12,16,7,285.4
2016,12,17,0,286.6
2016,12,17,1,286.2
2016,12,17,2,285.6
2016,12,17,3,284.7
2016,12,17,4,284.7
2016,12,17,5,284.9
2016,12,17,6,285.5
2016,12,17,7,286.8
2016,12,18,0,285.7
2016,12,18,1,285.7
2016,12,18,2,284.9
2016,12,18,3,284.4
2016,12,18,4,284.6
2016,12,18,5,284.7
2016,12,18,6,285.0
2016,12,18,7,286.3
2016,12,19,0,285.6
2016,12,19,1,285.4
2016,12,19,2,285.0
2016,12,19,3,284.4
2016,12,19,4,284.8
2016,12,19,5,285.2
2016,12,19,6,286.8
2016,12,19,7,285.6
2016,12,20,0,286.4
2016,12,20,1,285.7
2016,12,20,2,285.4
2016,12,20,3,285.1
2016,12,20,4,285.4
2016,12,20,5,285.8
2016,12,20,6,287.2
2016,12,20,7,285.8
2016,12,21,0,285.4
2016,12,21,1,284.7
2016,12,21,2,285.2
2016,12,21,3,284.3
2016,12,21,4,284.2
2016,12,21,5,284.7
2016,12,21,6,285.0
2016,12,21,7,284.0
2016,12,22,0,285.1
2016,12,22,1,285.2
2016,12,22,2,284.6
2016,12,22,3,284.0
2016,12,22,4,284.5
2016,12,22,5,284.4
2016,12,22,6,284.6
2016,12,22,7,285.8
2016,12,23,0,285.4
2016,12,23,1,285.4
2016,12,23,2,285.6
2016,12,23,3,284.6
2016,12,23,4,284.3
2016,12,23,5,284.5
2016,12,23,6,285.3
2016,12,23,7,286.1
2016,12,24,0,284.9
2016,12,24,1,284.6
2016,12,24,2,284.3
2016,12,24,3,283.9
2016,12,24,4,283.9
2016,12,24,5,284.1
2016,12,24,6,285.0
2016,12,24,7,286.8
2016,12,25,0,285.5
2016,12,25,1,285.1
2016,12,25,2,284.7
2016,12,25,3,283.8
2016,12,25,4,284.1
2016,12,25,5,284.6
2016,12,25,6,286.0
2016,12,25,7,284.9
2016,12,26,0,285.5
2016,12,26,1,285.5
2016,12,26,2,284.9
2016,12,26,3,284.5
2016,12,26,4,284.7
2016,12,26,5,284.9
2016,12,26,6,286.0
2016,12,26,7,284.6
2016,12,27,0,285.7
2016,12,27,1,285.3
2016,12,27,2,285.1
2016,12,27,3,284.7
2016,12,27,4,285.2
2016,12,27,5,285.8
2016,12,27,6,286.7
2016,12,27,7,285.6
2016,12,28,0,285.2
2016,12,28,1,284.2
2016,12,28,2,284.4
2016,12,28,3,284.3
2016,12,28,4,284.6
2016,12,28,5,284.0
2016,12,28,6,285.4
2016,12,28,7,284.4
2016,12,29,0,284.7
2016,12,29,1,284.2
2016,12,29,2,283.9
2016,12,29,3,283.3
2016,12,29,4,283.3
2016,12,29,5,283.5
2016,12,29,6,284.7
2016,12,29,7,283.5
2016,12,30,0,284.6
2016,12,30,1,283.7
2016,12,30,2,282.4
2016,12,30,3,282.2
2016,12,30,4,282.6
2016,12,30,5,283.2
2016,12,30,6,284.2
2016,12,30,7,283.5
2016,12,1,0,284.5
2016,12,1,1,284.5
2016,12,1,2,284.0
2016,12,1,3,283.4
2016,12,1,4,284.1
2016,12,1,5,284.9
2016,12,1,6,284.4
2016,12,1,7,284.6
2016,12,2,0,284.4
2016,12,2,1,283.8
2016,12,2,2,282.7
2016,12,2,3,282.7
2016,12,2,4,283.8
2016,12,2,5,284.1
2016,12,2,6,285.0
2016,12,2,7,283.5
2016,12,3,0,283.5
2016,12,3,1,282.8
2016,12,3,2,282.2
2016,12,3,3,281.5
2016,12,3,4,281.5
2016,12,3,5,282.1
2016,12,3,6,283.1
2016,12,3,7,281.3
2016,12,4,0,281.5
2016,12,4,1,280.9
2016,12,4,2,280.8
2016,12,4,3,280.7
2016,12,4,4,281.4
2016,12,4,5,281.9
2016,12,4,6,281.9
2016,12,4,7,282.2
2016,12,5,0,283.5
2016,12,5,1,283.8
2016,12,5,2,284.4
2016,12,5,3,284.7
2016,12,5,4,284.6
2016,12,5,5,284.4
2016,12,5,6,284.5
2016,12,5,7,285.6
2016,12,6,0,284.3
2016,12,6,1,284.2
2016,12,6,2,283.6
2016,12,6,3,282.7
2016,12,6,4,282.5
2016,12,6,5,283.2
2016,12,6,6,283.0
2016,12,6,7,284.4
2016,12,7,0,283.2
2016,12,7,1,283.1
2016,12,7,2,281.9
2016,12,7,3,282.0
2016,12,7,4,282.4
2016,12,7,5,282.7
2016,12,7,6,283.2
2016,12,7,7,284.1
2016,12,8,0,283.3
2016,12,8,1,283.1
2016,12,8,2,282.6
2016,12,8,3,281.8
2016,12,8,4,282.1
2016,12,8,5,283.1
2016,12,8,6,283.6
2016,12,8,7,282.4
2016,12,9,0,283.4
2016,12,9,1,282.9
2016,12,9,2,282.0
2016,12,9,3,281.7
2016,12,9,4,282.2
2016,12,9,5,282.9
2016,12,9,6,284.0
2016,12,9,7,283.1
2016,12,10,0,282.2
2016,12,10,1,281.7
2016,12,10,2,281.0
2016,12,10,3,280.7
2016,12,10,4,280.7
2016,12,10,5,281.9
2016,12,10,6,283.3
2016,12,10,7,282.0
2016,12,11,0,281.7
2016,12,11,1,281.4
2016,12,11,2,281.2
2016,12,11,3,280.5
2016,12,11,4,280.7
2016,12,11,5,281.7
2016,12,11,6,282.6
2016,12,11,7,281.3
2016,12,12,0,281.0
2016,12,12,1,280.4
2016,12,12,2,279.4
2016,12,12,3,278.7
2016,12,12,4,278.6
2016,12,12,5,279.4
2016,12,12,6,281.1
2016,12,12,7,280.6
2016,12,13,0,279.4
2016,12,13,1,279.7
2016,12,13,2,280.1
2016,12,13,3,278.8
2016,12,13,4,280.9
2016,12,13,5,280.5
2016,12,13,6,282.2
2016,12,13,7,282.4
2016,12,14,0,282.1
2016,12,14,1,282.4
2016,12,14,2,281.2
2016,12,14,3,280.1
2016,12,14,4,280.6
2016,12,14,5,281.0
2016,12,14,6,282.7
2016,12,14,7,281.5
2016,12,15,0,282.2
2016,12,15,1,281.7
2016,12,15,2,281.0
2016,12,15,3,280.3
2016,12,15,4,280.1
2016,12,15,5,280.4
2016,12,15,6,281.8
2016,12,15,7,281.5
2016,12,16,0,281.6
2016,12,16,1,280.8
2016,12,16,2,280.5
2016,12,16,3,280.3
2016,12,16,4,280.6
2016,12,16,5,281.0
2016,12,16,6,282.4
2016,12,16,7,282.3
2016,12,17,0,282.3
2016,12,17,1,281.8
2016,12,17,2,281.3
2016,12,17,3,280.8
2016,12,17,4,280.7
2016,12,17,5,280.1
2016,12,17,6,280.6
2016,12,17,7,280.3
2016,12,18,0,280.4
2016,12,18,1,279.5
2016,12,18,2,278.8
2016,12,18,3,277.8
2016,12,18,4,277.5
2016,12,18,5,277.1
2016,12,18,6,278.0
2016,12,18,7,277.9
2016,12,19,0,278.3
2016,12,19,1,279.0
2016,12,19,2,278.8
2016,12,19,3,278.8
2016,12,19,4,279.7
2016,12,19,5,280.6
2016,12,19,6,282.4
2016,12,19,7,282.7
2016,12,20,0,283.7
2016,12,20,1,284.3
2016,12,20,2,283.7
2016,12,20,3,283.1
2016,12,20,4,282.5
2016,12,20,5,282.4
2016,12,20,6,284.2
2016,12,20,7,284.3
2016,12,21,0,285.6
2016,12,21,1,283.9
2016,12,21,2,283.1
2016,12,21,3,282.8
2016,12,21,4,282.4
2016,12,21,5,282.7
2016,12,21,6,283.3
2016,12,21,7,282.3
2016,12,22,0,282.6
2016,12,22,1,282.0
2016,12,22,2,281.3
2016,12,22,3,280.5
2016,12,22,4,280.4
2016,12,22,5,280.0
2016,12,22,6,280.7
2016,12,22,7,280.7
2016,12,23,0,281.1
2016,12,23,1,280.7
2016,12,23,2,280.1
2016,12,23,3,280.1
2016,12,23,4,280.5
2016,12,23,5,281.6
2016,12,23,6,283.3
2016,12,23,7,282.7
2016,12,24,0,282.7
2016,12,24,1,282.4
2016,12,24,2,282.1
2016,12,24,3,281.6
2016,12,24,4,281.4
2016,12,24,5,282.0
2016,12,24,6,283.3
2016,12,24,7,283.6
2016,12,25,0,283.4
2016,12,25,1,283.6
2016,12,25,2,283.1
2016,12,25,3,282.1
2016,12,25,4,282.0
2016,12,25,5,282.3
2016,12,25,6,283.2
2016,12,25,7,284.0
2016,12,26,0,283.5
2016,12,26,1,283.0
2016,12,26,2,282.8
2016,12,26,3,281.7
2016,12,26,4,281.9
2016,12,26,5,283.2
2016,12,26,6,285.3
2016,12,26,7,285.0
2016,12,27,0,284.8
2016,12,27,1,284.5
2016,12,27,2,285.2
2016,12,27,3,284.5
2016,12,27,4,284.3
2016,12,27,5,284.7
2016,12,27,6,285.5
2016,12,27,7,287.5
2016,12,28,0,285.8
2016,12,28,1,286.4
2016,12,28,2,285.5
2016,12,28,3,283.6
2016,12,28,4,283.1
2016,12,28,5,282.1
2016,12,28,6,283.6
2016,12,28,7,282.9
2016,12,29,0,283.7
2016,12,29,1,282.9
2016,12,29,2,282.9
2016,12,29,3,282.6
2016,12,29,4,282.5
2016,12,29,5,282.8
2016,12,29,6,283.9
2016,12,29,7,283.2
2016,12,30,0,283.3
2016,12,30,1,283.0
2016,12,30,2,282.6
2016,12,30,3,281.9
2016,12,30,4,281.2
2016,12,30,5,281.4
2016,12,30,6,283.3
2016,12,30,7,283.1
2016,12,31,0,282.8
2016,12,31,1,282.7
2016,12,31,2,282.2
2016,12,31,3,281.7
2016,12,31,4,282.4
2016,12,31,5,282.4
2016,12,31,6,282.5
2016,12,31,7,281.9
2016,12,1,0,282.1
2016,12,1,1,281.6
2016,12,1,2,281.0
2016,12,1,3,280.5
2016,12,1,4,280.1
2016,12,1,5,280.7
2016,12,1,6,282.3
2016,12,1,7,285.7
2016,12,2,0,283.8
2016,12,2,1,283.2
2016,12,2,2,282.6
2016,12,2,3,283.2
2016,12,2,4,283.4
2016,12,2,5,284.2
2016,12,2,6,283.9
2016,12,2,7,285.1
2016,12,3,0,284.6
2016,12,3,1,284.2
2016,12,3,2,284.2
2016,12,3,3,284.1
2016,12,3,4,284.8
2016,12,3,5,286.8
2016,12,3,6,287.0
2016,12,3,7,288.6
2016,12,4,0,286.5
2016,12,4,1,287.0
2016,12,4,2,287.4
2016,12,4,3,286.2
2016,12,4,4,285.7
2016,12,4,5,286.4
2016,12,4,6,288.1
2016,12,4,7,287.2
2016,12,5,0,287.8
2016,12,5,1,288.3
2016,12,5,2,287.8
2016,12,5,3,287.2
2016,12,5,4,287.0
2016,12,5,5,287.5
2016,12,5,6,288.9
2016,12,5,7,287.7
2016,12,6,0,288.0
2016,12,6,1,287.1
2016,12,6,2,286.6
2016,12,6,3,286.0
2016,12,6,4,286.0
2016,12,6,5,287.4
2016,12,6,6,288.8
2016,12,6,7,286.8
2016,12,7,0,286.8
2016,12,7,1,286.4
2016,12,7,2,285.7
2016,12,7,3,284.8
2016,12,7,4,284.5
2016,12,7,5,285.5
2016,12,7,6,286.0
2016,12,7,7,286.9
2016,12,8,0,285.3
2016,12,8,1,284.8
2016,12,8,2,283.6
2016,12,8,3,283.1
2016,12,8,4,283.7
2016,12,8,5,284.4
2016,12,8,6,284.4
2016,12,8,7,285.7
2016,12,9,0,285.4
2016,12,9,1,285.2
2016,12,9,2,284.2
2016,12,9,3,284.1
2016,12,9,4,283.9
2016,12,9,5,284.7
2016,12,9,6,286.4
2016,12,9,7,285.1
2016,12,10,0,286.2
2016,12,10,1,285.6
2016,12,10,2,284.6
2016,12,10,3,283.7
2016,12,10,4,284.4
2016,12,10,5,285.5
2016,12,10,6,287.0
2016,12,10,7,285.6
2016,12,11,0,285.1
2016,12,11,1,284.3
2016,12,11,2,283.8
2016,12,11,3,283.3
2016,12,11,4,283.4
2016,12,11,5,284.5
2016,12,11,6,285.0
2016,12,11,7,283.3
2016,12,12,0,282.7
2016,12,12,1,282.1
2016,12,12,2,281.9
2016,12,12,3,281.8
2016,12,12,4,282.1
2016,12,12,5,283.3
2016,12,12,6,284.0
2016,12,12,7,282.9
2016,12,13,0,281.6
2016,12,13,1,281.5
2016,12,13,2,281.3
2016,12,13,3,280.7
2016,12,13,4,280.4
2016,12,13,5,282.1
2016,12,13,6,283.4
2016,12,13,7,282.2
2016,12,14,0,281.1
2016,12,14,1,281.0
2016,12,14,2,280.4
2016,12,14,3,279.9
2016,12,14,4,280.0
2016,12,14,5,281.1
2016,12,14,6,282.2
2016,12,14,7,281.8
2016,12,15,0,281.1
2016,12,15,1,280.9
2016,12,15,2,280.0
2016,12,15,3,279.7
2016,12,15,4,279.5
2016,12,15,5,281.0
2016,12,15,6,282.5
2016,12,15,7,281.9
2016,12,16,0,281.2
2016,12,16,1,281.1
2016,12,16,2,279.9
2016,12,16,3,279.3
2016,12,16,4,279.4
2016,12,16,5,281.9
2016,12,16,6,283.4
2016,12,16,7,282.8
2016,12,17,0,281.2
2016,12,17,1,282.1
2016,12,17,2,281.4
2016,12,17,3,281.3
2016,12,17,4,281.4
2016,12,17,5,284.2
2016,12,17,6,286.0
2016,12,17,7,285.1
2016,12,18,0,284.4
2016,12,18,1,284.4
2016,12,18,2,283.7
2016,12,18,3,283.3
2016,12,18,4,283.6
2016,12,18,5,284.4
2016,12,18,6,286.1
2016,12,18,7,285.4
2016,12,19,0,284.6
2016,12,19,1,283.4
2016,12,19,2,282.8
2016,12,19,3,282.5
2016,12,19,4,282.4
2016,12,19,5,283.0
2016,12,19,6,284.0
2016,12,19,7,283.5
2016,12,20,0,283.0
2016,12,20,1,282.2
2016,12,20,2,281.4
2016,12,20,3,280.8
2016,12,20,4,280.8
2016,12,20,5,281.4
2016,12,20,6,282.6
2016,12,20,7,281.2
2016,12,21,0,280.9
2016,12,21,1,280.8
2016,12,21,2,280.7
2016,12,21,3,280.6
2016,12,21,4,280.4
2016,12,21,5,280.6
2016,12,21,6,281.3
2016,12,21,7,280.2
2016,12,22,0,279.9
2016,12,22,1,279.4
2016,12,22,2,279.4
2016,12,22,3,279.3
2016,12,22,4,280.0
2016,12,22,5,280.4
2016,12,22,6,281.8
2016,12,22,7,281.1
2016,12,23,0,281.4
2016,12,23,1,280.7
2016,12,23,2,280.1
2016,12,23,3,279.7
2016,12,23,4,279.7
2016,12,23,5,279.6
2016,12,23,6,281.0
2016,12,23,7,280.9
2016,12,24,0,281.2
2016,12,24,1,281.1
2016,12,24,2,281.3
2016,12,24,3,280.9
2016,12,24,4,281.2
2016,12,24,5,282.5
2016,12,24,6,284.1
2016,12,24,7,283.6
2016,12,25,0,284.0
2016,12,25,1,284.0
2016,12,25,2,283.3
2016,12,25,3,282.7
2016,12,25,4,282.3
2016,12,25,5,282.7
2016,12,25,6,284.1
2016,12,25,7,282.6
2016,12,26,0,283.3
2016,12,26,1,282.6
2016,12,26,2,282.2
2016,12,26,3,282.3
2016,12,26,4,282.4
2016,12,26,5,282.2
2016,12,26,6,283.7
2016,12,26,7,283.8
2016,12,27,0,283.4
2016,12,27,1,283.7
2016,12,27,2,283.4
2016,12,27,3,283.1
2016,12,27,4,283.1
2016,12,27,5,282.5
2016,12,27,6,283.1
2016,12,27,7,282.2
2016,12,28,0,283.1
2016,12,28,1,283.6
2016,12,28,2,283.1
2016,12,28,3,282.8
2016,12,28,4,283.5
2016,12,28,5,284.2
2016,12,28,6,285.3
2016,12,28,7,284.8
2016,12,29,0,284.1
2016,12,29,1,284.2
2016,12,29,2,284.2
2016,12,29,3,284.0
2016,12,29,4,283.8
2016,12,29,5,285.1
2016,12,29,6,286.9
2016,12,29,7,286.1
2016,12,30,0,285.1
2016,12,30,1,284.6
2016,12,30,2,283.8
2016,12,30,3,283.6
2016,12,30,4,283.9
2016,12,30,5,284.7
2016,12,30,6,286.2
2016,12,30,7,286.2
2016,12,1,0,285.3
2016,12,1,1,284.7
2016,12,1,2,284.6
2016,12,1,3,284.5
2016,12,1,4,284.8
2016,12,1,5,286.0
2016,12,1,6,286.9
2016,12,1,7,285.2
2016,12,2,0,284.5
2016,12,2,1,284.4
2016,12,2,2,283.6
2016,12,2,3,282.9
2016,12,2,4,283.2
2016,12,2,5,284.7
2016,12,2,6,285.8
2016,12,2,7,284.8
2016,12,3,0,284.0
2016,12,3,1,284.3
2016,12,3,2,284.0
2016,12,3,3,283.5
2016,12,3,4,283.9
2016,12,3,5,284.6
2016,12,3,6,286.1
2016,12,3,7,285.0
2016,12,4,0,284.2
2016,12,4,1,284.3
2016,12,4,2,283.9
2016,12,4,3,283.5
2016,12,4,4,283.8
2016,12,4,5,285.0
2016,12,4,6,286.7
2016,12,4,7,285.1
2016,12,5,0,286.5
2016,12,5,1,285.1
2016,12,5,2,284.6
2016,12,5,3,284.5
2016,12,5,4,284.7
2016,12,5,5,285.7
2016,12,5,6,287.3
2016,12,5,7,286.0
2016,12,6,0,286.0
2016,12,6,1,285.6
2016,12,6,2,285.5
2016,12,6,3,284.8
2016,12,6,4,284.5
2016,12,6,5,284.6
2016,12,6,6,286.1
2016,12,6,7,284.8
2016,12,7,0,284.4
2016,12,7,1,284.7
2016,12,7,2,283.5
2016,12,7,3,283.0
2016,12,7,4,283.2
2016,12,7,5,283.4
2016,12,7,6,284.9
2016,12,7,7,283.6
2016,12,8,0,284.4
2016,12,8,1,284.2
2016,12,8,2,282.6
2016,12,8,3,283.0
2016,12,8,4,283.4
2016,12,8,5,283.1
2016,12,8,6,282.1
2016,12,8,7,281.2
2016,12,9,0,280.9
2016,12,9,1,279.1
2016,12,9,2,279.2
2016,12,9,3,277.6
2016,12,9,4,277.2
2016,12,9,5,276.9
2016,12,9,6,278.5
2016,12,9,7,276.7
2016,12,10,0,276.3
2016,12,10,1,276.7
2016,12,10,2,275.8
2016,12,10,3,275.3
2016,12,10,4,275.3
2016,12,10,5,277.1
2016,12,10,6,278.8
2016,12,10,7,279.4
2016,12,11,0,278.9
2016,12,11,1,278.9
2016,12,11,2,278.4
2016,12,11,3,278.7
2016,12,11,4,278.6
2016,12,11,5,280.8
2016,12,11,6,282.7
2016,12,11,7,282.0
2016,12,12,0,281.5
2016,12,12,1,281.7
2016,12,12,2,280.9
2016,12,12,3,281.0
2016,12,12,4,280.9
2016,12,12,5,283.2
2016,12,12,6,285.3
2016,12,12,7,284.2
2016,12,13,0,283.6
2016,12,13,1,283.5
2016,12,13,2,282.9
2016,12,13,3,282.9
2016,12,13,4,283.4
2016,12,13,5,285.1
2016,12,13,6,285.8
2016,12,13,7,284.9
2016,12,14,0,284.2
2016,12,14,1,284.7
2016,12,14,2,284.8
2016,12,14,3,284.8
2016,12,14,4,285.1
2016,12,14,5,286.2
2016,12,14,6,287.2
2016,12,14,7,286.2
2016,12,15,0,286.5
2016,12,15,1,285.8
2016,12,15,2,285.9
2016,12,15,3,285.5
2016,12,15,4,286.0
2016,12,15,5,286.4
2016,12,15,6,287.5
2016,12,15,7,286.1
2016,12,16,0,286.2
2016,12,16,1,284.8
2016,12,16,2,284.7
2016,12,16,3,284.9
2016,12,16,4,285.5
2016,12,16,5,286.7
2016,12,16,6,287.3
2016,12,16,7,287.6
2016,12,17,0,286.7
2016,12,17,1,285.8
2016,12,17,2,285.0
2016,12,17,3,284.6
2016,12,17,4,284.9
2016,12,17,5,285.8
2016,12,17,6,286.0
2016,12,17,7,288.4
2016,12,18,0,286.9
2016,12,18,1,286.6
2016,12,18,2,286.1
2016,12,18,3,285.5
2016,12,18,4,285.1
2016,12,18,5,285.5
2016,12,18,6,286.5
2016,12,18,7,286.8
2016,12,19,0,287.6
2016,12,19,1,287.2
2016,12,19,2,286.4
2016,12,19,3,285.8
2016,12,19,4,286.0
2016,12,19,5,286.0
2016,12,19,6,289.7
2016,12,19,7,287.5
2016,12,20,0,285.9
2016,12,20,1,285.4
2016,12,20,2,285.0
2016,12,20,3,284.9
2016,12,20,4,287.0
2016,12,20,5,285.6
2016,12,20,6,286.1
2016,12,20,7,287.1
2016,12,21,0,287.2
2016,12,21,1,286.2
2016,12,21,2,284.6
2016,12,21,3,283.6
2016,12,21,4,284.3
2016,12,21,5,285.2
2016,12,21,6,285.3
2016,12,21,7,284.1
2016,12,22,0,284.3
2016,12,22,1,285.1
2016,12,22,2,285.0
2016,12,22,3,285.3
2016,12,22,4,287.0
2016,12,22,5,286.8
2016,12,22,6,285.6
2016,12,22,7,286.9
2016,12,23,0,285.6
2016,12,23,1,285.1
2016,12,23,2,284.5
2016,12,23,3,283.8
2016,12,23,4,283.2
2016,12,23,5,283.8
2016,12,23,6,285.1
2016,12,23,7,285.7
2016,12,24,0,285.1
2016,12,24,1,285.9
2016,12,24,2,286.8
2016,12,24,3,285.7
2016,12,24,4,284.1
2016,12,24,5,284.6
2016,12,24,6,285.7
2016,12,24,7,285.3
2016,12,25,0,284.9
2016,12,25,1,284.7
2016,12,25,2,283.8
2016,12,25,3,283.0
2016,12,25,4,283.0
2016,12,25,5,283.6
2016,12,25,6,284.7
2016,12,25,7,284.6
2016,12,26,0,284.3
2016,12,26,1,284.7
2016,12,26,2,284.0
2016,12,26,3,283.7
2016,12,26,4,283.6
2016,12,26,5,284.0
2016,12,26,6,285.9
2016,12,26,7,284.4
2016,12,27,0,285.7
2016,12,27,1,284.8
2016,12,27,2,283.7
2016,12,27,3,283.0
2016,12,27,4,282.5
2016,12,27,5,282.9
2016,12,27,6,284.5
2016,12,27,7,284.1
2016,12,28,0,284.0
2016,12,28,1,283.7
2016,12,28,2,283.2
2016,12,28,3,282.7
2016,12,28,4,282.9
2016,12,28,5,284.1
2016,12,28,6,285.8
2016,12,28,7,285.3
2016,12,29,0,284.9
2016,12,29,1,284.9
2016,12,29,2,284.5
2016,12,29,3,284.7
2016,12,29,4,285.0
2016,12,29,5,284.8
2016,12,29,6,285.2
2016,12,29,7,284.5
2016,12,30,0,285.3
2016,12,30,1,285.8
2016,12,30,2,285.5
2016,12,30,3,284.8
2016,12,30,4,285.2
2016,12,30,5,285.4
2016,12,30,6,285.7
2016,12,30,7,288.8
2016,12,31,0,286.9
2016,12,31,1,288.0
2016,12,31,2,287.6
2016,12,31,3,286.8
2016,12,31,4,286.7
2016,12,31,5,285.6
2016,12,31,6,286.2
2016,12,31,7,285.8
2017,12,1,0,287.2
2017,12,1,1,286.6
2017,12,1,2,285.4
2017,12,1,3,285.7
2017,12,1,4,287.2
2017,12,1,5,286.4
2017,12,1,6,288.3
2017,12,1,7,288.4
2017,12,2,0,288.2
2017,12,2,1,287.9
2017,12,2,2,290.0
2017,12,2,3,289.6
2017,12,2,4,287.2
2017,12,2,5,287.4
2017,12,2,6,288.1
2017,12,2,7,290.8
2017,12,3,0,288.8
2017,12,3,1,287.7
2017,12,3,2,288.1
2017,12,3,3,286.8
2017,12,3,4,285.9
2017,12,3,5,286.7
2017,12,3,6,287.7
2017,12,3,7,289.9
2017,12,4,0,288.5
2017,12,4,1,288.0
2017,12,4,2,287.2
2017,12,4,3,286.0
2017,12,4,4,286.0
2017,12,4,5,287.4
2017,12,4,6,287.9
2017,12,4,7,288.1
2017,12,5,0,288.2
2017,12,5,1,287.3
2017,12,5,2,285.8
2017,12,5,3,286.8
2017,12,5,4,285.5
2017,12,5,5,284.4
2017,12,5,6,285.7
2017,12,5,7,287.9
2017,12,6,0,286.1
2017,12,6,1,287.5
2017,12,6,2,287.0
2017,12,6,3,287.0
2017,12,6,4,287.9
2017,12,6,5,285.4
2017,12,6,6,286.2
2017,12,6,7,285.3
2017,12,7,0,285.1
2017,12,7,1,285.0
2017,12,7,2,284.9
2017,12,7,3,284.3
2017,12,7,4,284.1
2017,12,7,5,285.1
2017,12,7,6,285.6
2017,12,7,7,284.7
2017,12,8,0,285.6
2017,12,8,1,285.4
2017,12,8,2,284.8
2017,12,8,3,284.6
2017,12,8,4,284.9
2017,12,8,5,285.8
2017,12,8,6,286.0
2017,12,8,7,285.5
2017,12,9,0,285.0
2017,12,9,1,284.3
2017,12,9,2,284.1
2017,12,9,3,283.8
2017,12,9,4,283.5
2017,12,9,5,284.8
2017,12,9,6,284.9
2017,12,9,7,283.9
2017,12,10,0,284.5
2017,12,10,1,283.9
2017,12,10,2,283.8
2017,12,10,3,283.9
2017,12,10,4,283.6
2017,12,10,5,284.1
2017,12,10,6,284.6
2017,12,10,7,287.0
2017,12,11,0,286.5
2017,12,11,1,287.7
2017,12,11,2,287.0
2017,12,11,3,286.5
2017,12,11,4,284.9
2017,12,11,5,285.2
2017,12,11,6,286.1
2017,12,11,7,285.8
2017,12,12,0,286.6
2017,12,12,1,287.7
2017,12,12,2,287.5
2017,12,12,3,286.0
2017,12,12,4,286.2
2017,12,12,5,286.3
2017,12,12,6,287.6
2017,12,12,7,287.0
2017,12,13,0,289.1
2017,12,13,1,286.9
2017,12,13,2,285.8
2017,12,13,3,285.1
2017,12,13,4,284.8
2017,12,13,5,286.6
2017,12,13,6,287.6
2017,12,13,7,286.1
2017,12,14,0,287.3
2017,12,14,1,287.3
2017,12,14,2,286.1
2017,12,14,3,285.1
2017,12,14,4,284.9
2017,12,14,5,286.3
2017,12,14,6,286.6
2017,12,14,7,285.8
2017,12,15,0,286.8
2017,12,15,1,285.9
2017,12,15,2,284.6
2017,12,15,3,283.4
2017,12,15,4,281.6
2017,12,15,5,284.6
2017,12,15,6,284.5
2017,12,15,7,282.7
2017,12,16,0,284.7
2017,12,16,1,282.3
2017,12,16,2,281.4
2017,12,16,3,280.2
2017,12,16,4,281.5
2017,12,16,5,283.1
2017,12,16,6,283.8
2017,12,16,7,283.3
2017,12,17,0,282.7
2017,12,17,1,284.8
2017,12,17,2,285.8
2017,12,17,3,285.6
2017,12,17,4,285.0
2017,12,17,5,285.0
2017,12,17,6,285.5
2017,12,17,7,287.4
2017,12,18,0,287.7
2017,12,18,1,287.0
2017,12,18,2,285.9
2017,12,18,3,285.7
2017,12,18,4,285.4
2017,12,18,5,286.2
2017,12,18,6,287.0
2017,12,18,7,286.4
2017,12,19,0,289.4
2017,12,19,1,286.9
2017,12,19,2,286.3
2017,12,19,3,286.0
2017,12,19,4,285.5
2017,12,19,5,285.7
2017,12,19,6,287.1
2017,12,19,7,285.1
2017,12,20,0,287.8
2017,12,20,1,288.0
2017,12,20,2,286.7
2017,12,20,3,286.7
2017,12,20,4,286.4
2017,12,20,5,286.3
2017,12,20,6,286.9
2017,12,20,7,287.2
2017,12,21,0,288.3
2017,12,21,1,287.9
2017,12,21,2,287.4
2017,12,21,3,286.8
2017,12,21,4,286.2
2017,12,21,5,286.1
2017,12,21,6,286.5
2017,12,21,7,286.8
2017,12,22,0,287.9
2017,12,22,1,286.2
2017,12,22,2,285.1
2017,12,22,3,283.3
2017,12,22,4,282.7
2017,12,22,5,282.8
2017,12,22,6,283.1
2017,12,22,7,283.0
2017,12,23,0,283.0
2017,12,23,1,283.2
2017,12,23,2,282.6
2017,12,23,3,281.5
2017,12,23,4,280.4
2017,12,23,5,281.6
2017,12,23,6,282.2
2017,12,23,7,281.5
2017,12,24,0,283.8
2017,12,24,1,284.1
2017,12,24,2,281.4
2017,12,24,3,281.4
2017,12,24,4,281.3
2017,12,24,5,283.0
2017,12,24,6,284.0
2017,12,24,7,283.7
2017,12,25,0,284.1
2017,12,25,1,285.3
2017,12,25,2,285.7
2017,12,25,3,285.9
2017,12,25,4,285.6
2017,12,25,5,285.8
2017,12,25,6,286.8
2017,12,25,7,286.3
2017,12,26,0,286.0
2017,12,26,1,285.8
2017,12,26,2,285.4
2017,12,26,3,285.6
2017,12,26,4,285.9
2017,12,26,5,286.1
2017,12,26,6,286.6
2017,12,26,7,288.0
2017,12,27,0,287.2
2017,12,27,1,287.4
2017,12,27,2,286.0
2017,12,27,3,286.0
2017,12,27,4,286.3
2017,12,27,5,286.9
2017,12,27,6,287.3
2017,12,27,7,287.1
2017,12,28,0,287.7
2017,12,28,1,287.4
2017,12,28,2,286.5
2017,12,28,3,286.7
2017,12,28,4,287.4
2017,12,28,5,288.6
2017,12,28,6,289.6
2017,12,28,7,289.2
2017,12,29,0,289.1
2017,12,29,1,288.6
2017,12,29,2,288.1
2017,12,29,3,287.4
2017,12,29,4,287.0
2017,12,29,5,287.4
2017,12,29,6,289.6
2017,12,29,7,287.9
2017,12,30,0,286.4
2017,12,30,1,287.0
2017,12,30,2,286.5
2017,12,30,3,285.5
2017,12,30,4,285.2
2017,12,30,5,285.8
2017,12,30,6,285.9
2017,12,30,7,286.0
2017,12,31,0,286.3
2017,12,31,1,286.4
2017,12,31,2,285.6
2017,12,31,3,285.1
2017,12,31,4,285.0
2017,12,31,5,285.0
2017,12,31,6,284.7
2017,12,31,7,284.5
2017,12,1,0,284.6
2017,12,1,1,284.7
2017,12,1,2,284.2
2017,12,1,3,283.7
2017,12,1,4,283.4
2017,12,1,5,284.1
2017,12,1,6,284.4
2017,12,1,7,285.2
2017,12,2,0,285.1
2017,12,2,1,284.6
2017,12,2,2,284.3
2017,12,2,3,283.9
2017,12,2,4,283.3
2017,12,2,5,284.2
2017,12,2,6,283.8
2017,12,2,7,282.6
2017,12,3,0,283.7
2017,12,3,1,283.7
2017,12,3,2,283.2
2017,12,3,3,282.9
2017,12,3,4,282.6
2017,12,3,5,283.3
2017,12,3,6,283.5
2017,12,3,7,282.8
2017,12,4,0,283.3
2017,12,4,1,283.7
2017,12,4,2,283.3
2017,12,4,3,282.9
2017,12,4,4,283.1
2017,12,4,5,284.2
2017,12,4,6,285.0
2017,12,4,7,284.2
2017,12,5,0,284.5
2017,12,5,1,285.1
2017,12,5,2,286.6
2017,12,5,3,286.3
2017,12,5,4,285.8
2017,12,5,5,284.6
2017,12,5,6,286.1
2017,12,5,7,285.6
2017,12,6,0,286.4
2017,12,6,1,286.4
2017,12,6,2,285.7
2017,12,6,3,285.4
2017,12,6,4,285.4
2017,12,6,5,285.9
2017,12,6,6,286.0
2017,12,6,7,288.7
2017,12,7,0,286.9
2017,12,7,1,285.7
2017,12,7,2,287.5
2017,12,7,3,284.9
2017,12,7,4,284.9
2017,12,7,5,285.2
2017,12,7,6,286.4
2017,12,7,7,285.9
2017,12,8,0,285.5
2017,12,8,1,285.9
2017,12,8,2,285.1
2017,12,8,3,284.8
2017,12,8,4,284.9
2017,12,8,5,284.5
2017,12,8,6,285.7
2017,12,8,7,285.3
2017,12,9,0,286.5
2017,12,9,1,285.8
2017,12,9,2,286.5
2017,12,9,3,285.0
2017,12,9,4,286.2
2017,12,9,5,285.2
2017,12,9,6,286.0
2017,12,9,7,287.2
2017,12,10,0,287.1
2017,12,10,1,286.4
2017,12,10,2,286.4
2017,12,10,3,285.0
2017,12,10,4,283.4
2017,12,10,5,283.5
2017,12,10,6,284.7
2017,12,10,7,284.1
2017,12,11,0,284.3
2017,12,11,1,283.7
2017,12,11,2,282.7
2017,12,11,3,281.8
2017,12,11,4,281.3
2017,12,11,5,281.3
2017,12,11,6,283.2
2017,12,11,7,283.0
2017,12,12,0,282.3
2017,12,12,1,282.3
2017,12,12,2,281.0
2017,12,12,3,281.6
2017,12,12,4,281.7
2017,12,12,5,283.0
2017,12,12,6,284.6
2017,12,12,7,283.7
2017,12,13,0,284.4
2017,12,13,1,284.0
2017,12,13,2,283.0
2017,12,13,3,282.6
2017,12,13,4,282.6
2017,12,13,5,283.3
2017,12,13,6,284.1
2017,12,13,7,283.7
2017,12,14,0,283.8
2017,12,14,1,283.7
2017,12,14,2,283.1
2017,12,14,3,282.2
2017,12,14,4,282.6
2017,12,14,5,282.8
2017,12,14,6,284.2
2017,12,14,7,283.6
2017,12,15,0,282.8
2017,12,15,1,283.1
2017,12,15,2,282.7
2017,12,15,3,282.9
2017,12,15,4,284.3
2017,12,15,5,283.1
2017,12,15,6,285.2
2017,12,15,7,284.6
2017,12,16,0,285.6
2017,12,16,1,284.6
2017,12,16,2,285.4
2017,12,16,3,284.8
2017,12,16,4,284.4
2017,12,16,5,283.8
2017,12,16,6,284.8
2017,12,16,7,284.0
2017,12,17,0,285.1
2017,12,17,1,285.0
2017,12,17,2,283.8
2017,12,17,3,282.6
2017,12,17,4,281.4
2017,12,17,5,281.6
2017,12,17,6,282.5
2017,12,17,7,281.8
2017,12,18,0,283.3
2017,12,18,1,282.0
2017,12,18,2,282.8
2017,12,18,3,281.5
2017,12,18,4,281.2
2017,12,18,5,282.0
2017,12,18,6,282.5
2017,12,18,7,281.4
2017,12,19,0,283.4
2017,12,19,1,282.8
2017,12,19,2,283.4
2017,12,19,3,282.5
2017,12,19,4,282.8
2017,12,19,5,282.5
2017,12,19,6,282.7
2017,12,19,7,284.6
2017,12,20,0,285.1
2017,12,20,1,284.2
2017,12,20,2,284.8
2017,12,20,3,284.4
2017,12,20,4,284.2
2017,12,20,5,284.7
2017,12,20,6,284.3
2017,12,20,7,283.5
2017,12,21,0,285.5
2017,12,21,1,285.5
2017,12,21,2,285.6
2017,12,21,3,283.5
2017,12,21,4,283.7
2017,12,21,5,284.6
2017,12,21,6,284.8
2017,12,21,7,286.3
2017,12,22,0,286.0
2017,12,22,1,286.0
2017,12,22,2,286.0
2017,12,22,3,285.1
2017,12,22,4,284.9
2017,12,22,5,285.5
2017,12,22,6,286.3
2017,12,22,7,285.7
2017,12,23,0,287.3
2017,12,23,1,286.9
2017,12,23,2,285.5
2017,12,23,3,284.9
2017,12,23,4,284.8
2017,12,23,5,285.0
2017,12,23,6,285.8
2017,12,23,7,284.4
2017,12,24,0,286.5
2017,12,24,1,285.5
2017,12,24,2,285.2
2017,12,24,3,284.1
2017,12,24,4,283.2
2017,12,24,5,283.4
2017,12,24,6,284.3
2017,12,24,7,284.5
2017,12,25,0,284.3
2017,12,25,1,284.5
2017,12,25,2,284.0
2017,12,25,3,282.8
2017,12,25,4,282.2
2017,12,25,5,282.7
2017,12,25,6,283.8
2017,12,25,7,282.9
2017,12,26,0,284.0
2017,12,26,1,283.1
2017,12,26,2,282.9
2017,12,26,3,282.0
2017,12,26,4,282.0
2017,12,26,5,282.6
2017,12,26,6,283.0
2017,12,26,7,282.1
2017,12,27,0,283.7
2017,12,27,1,282.4
2017,12,27,2,282.1
2017,12,27,3,281.9
2017,12,27,4,281.9
2017,12,27,5,282.3
2017,12,27,6,282.0
2017,12,27,7,281.2
2017,12,28,0,281.9
2017,12,28,1,282.0
2017,12,28,2,281.8
2017,12,28,3,281.1
2017,12,28,4,281.5
2017,12,28,5,283.0
2017,12,28,6,282.7
2017,12,28,7,281.4
2017,12,1,0,283.0
2017,12,1,1,283.3
2017,12,1,2,282.9
2017,12,1,3,282.3
2017,12,1,4,281.8
2017,12,1,5,283.3
2017,12,1,6,283.5
2017,12,1,7,282.4
2017,12,2,0,283.1
2017,12,2,1,282.7
2017,12,2,2,282.3
2017,12,2,3,282.1
2017,12,2,4,282.0
2017,12,2,5,283.1
2017,12,2,6,283.9
2017,12,2,7,284.9
2017,12,3,0,283.9
2017,12,3,1,284.0
2017,12,3,2,283.8
2017,12,3,3,283.7
2017,12,3,4,283.5
2017,12,3,5,284.5
2017,12,3,6,286.0
2017,12,3,7,283.9
2017,12,4,0,286.0
2017,12,4,1,286.5
2017,12,4,2,286.1
2017,12,4,3,285.6
2017,12,4,4,286.2
2017,12,4,5,286.9
2017,12,4,6,287.0
2017,12,4,7,284.7
2017,12,5,0,287.0
2017,12,5,1,287.6
2017,12,5,2,286.4
2017,12,5,3,285.9
2017,12,5,4,284.9
2017,12,5,5,286.2
2017,12,5,6,286.1
2017,12,5,7,287.4
2017,12,6,0,287.5
2017,12,6,1,287.4
2017,12,6,2,286.5
2017,12,6,3,285.6
2017,12,6,4,285.5
2017,12,6,5,286.6
2017,12,6,6,287.4
2017,12,6,7,288.8
2017,12,7,0,288.6
2017,12,7,1,288.0
2017,12,7,2,287.5
2017,12,7,3,288.4
2017,12,7,4,286.2
2017,12,7,5,285.9
2017,12,7,6,286.7
2017,12,7,7,286.6
2017,12,8,0,287.8
2017,12,8,1,286.9
2017,12,8,2,286.9
2017,12,8,3,286.5
2017,12,8,4,286.3
2017,12,8,5,285.3
2017,12,8,6,285.6
2017,12,8,7,287.4
2017,12,9,0,287.0
2017,12,9,1,285.4
2017,12,9,2,284.6
2017,12,9,3,283.4
2017,12,9,4,283.0
2017,12,9,5,283.5
2017,12,9,6,284.4
2017,12,9,7,286.8
2017,12,10,0,287.8
2017,12,10,1,287.2
2017,12,10,2,285.5
2017,12,10,3,285.2
2017,12,10,4,285.3
2017,12,10,5,284.6
2017,12,10,6,284.5
2017,12,10,7,285.4
2017,12,11,0,284.9
2017,12,11,1,285.6
2017,12,11,2,285.2
2017,12,11,3,285.2
2017,12,11,4,284.8
2017,12,11,5,284.6
2017,12,11,6,286.2
2017,12,11,7,287.6
2017,12,12,0,287.2
2017,12,12,1,287.1
2017,12,12,2,286.9
2017,12,12,3,287.7
2017,12,12,4,287.4
2017,12,12,5,286.4
2017,12,12,6,287.3
2017,12,12,7,286.4
2017,12,13,0,287.4
2017,12,13,1,287.5
2017,12,13,2,288.1
2017,12,13,3,287.8
2017,12,13,4,288.3
2017,12,13,5,286.3
2017,12,13,6,287.1
2017,12,13,7,286.7
2017,12,14,0,287.0
2017,12,14,1,286.9
2017,12,14,2,285.8
2017,12,14,3,285.3
2017,12,14,4,284.9
2017,12,14,5,284.3
2017,12,14,6,284.9
2017,12,14,7,285.2
2017,12,15,0,285.3
2017,12,15,1,284.4
2017,12,15,2,283.8
2017,12,15,3,283.1
2017,12,15,4,282.5
2017,12,15,5,282.3
2017,12,15,6,283.2
2017,12,15,7,282.4
2017,12,16,0,282.5
2017,12,16,1,281.9
2017,12,16,2,281.4
2017,12,16,3,280.9
2017,12,16,4,280.2
2017,12,16,5,280.4
2017,12,16,6,281.5
2017,12,16,7,281.3
2017,12,17,0,280.3
2017,12,17,1,280.1
2017,12,17,2,279.7
2017,12,17,3,279.5
2017,12,17,4,279.6
2017,12,17,5,280.7
2017,12,17,6,282.7
2017,12,17,7,282.4
2017,12,18,0,281.9
2017,12,18,1,281.7
2017,12,18,2,281.5
2017,12,18,3,281.1
2017,12,18,4,280.4
2017,12,18,5,281.9
2017,12,18,6,283.8
2017,12,18,7,283.0
2017,12,19,0,283.1
2017,12,19,1,282.7
2017,12,19,2,282.1
2017,12,19,3,282.1
2017,12,19,4,282.0
2017,12,19,5,281.3
2017,12,19,6,283.1
2017,12,19,7,282.9
2017,12,20,0,283.4
2017,12,20,1,283.3
2017,12,20,2,283.2
2017,12,20,3,283.1
2017,12,20,4,283.2
2017,12,20,5,282.6
2017,12,20,6,284.0
2017,12,20,7,283.8
2017,12,21,0,284.1
2017,12,21,1,283.3
2017,12,21,2,283.4
2017,12,21,3,283.1
2017,12,21,4,282.8
2017,12,21,5,282.2
2017,12,21,6,283.6
2017,12,21,7,283.7
2017,12,22,0,283.6
2017,12,22,1,283.1
2017,12,22,2,283.1
2017,12,22,3,282.6
2017,12,22,4,283.1
2017,12,22,5,283.1
2017,12,22,6,284.4
2017,12,22,7,284.7
2017,12,23,0,284.2
2017,12,23,1,284.3
2017,12,23,2,284.9
2017,12,23,3,284.5
2017,12,23,4,284.4
2017,12,23,5,283.4
2017,12,23,6,284.4
2017,12,23,7,283.5
2017,12,24,0,283.5
2017,12,24,1,283.5
2017,12,24,2,283.9
2017,12,24,3,283.3
2017,12,24,4,283.1
2017,12,24,5,282.6
2017,12,24,6,283.6
2017,12,24,7,283.3
2017,12,25,0,283.9
2017,12,25,1,283.6
2017,12,25,2,283.0
2017,12,25,3,282.8
2017,12,25,4,282.8
2017,12,25,5,282.8
2017,12,25,6,283.5
2017,12,25,7,282.4
2017,12,26,0,283.5
2017,12,26,1,282.9
2017,12,26,2,282.2
2017,12,26,3,281.8
2017,12,26,4,282.0
2017,12,26,5,282.3
2017,12,26,6,283.2
2017,12,26,7,283.6
2017,12,27,0,284.2
2017,12,27,1,284.6
2017,12,27,2,284.6
2017,12,27,3,283.8
2017,12,27,4,282.3
2017,12,27,5,282.7
2017,12,27,6,284.0
2017,12,27,7,283.8
2017,12,28,0,284.5
2017,12,28,1,284.5
2017,12,28,2,285.5
2017,12,28,3,285.5
2017,12,28,4,285.6
2017,12,28,5,284.8
2017,12,28,6,284.1
2017,12,28,7,283.8
2017,12,29,0,284.4
2017,12,29,1,284.3
2017,12,29,2,283.9
2017,12,29,3,283.9
2017,12,29,4,283.8
2017,12,29,5,284.3
2017,12,29,6,284.1
2017,12,29,7,284.9
2017,12,30,0,284.5
2017,12,30,1,284.0
2017,12,30,2,284.1
2017,12,30,3,283.5
2017,12,30,4,283.5
2017,12,30,5,284.2
2017,12,30,6,283.5
2017,12,30,7,283.4
2017,12,31,0,283.8
2017,12,31,1,283.5
2017,12,31,2,283.4
2017,12,31,3,282.5
2017,12,31,4,282.5
2017,12,31,5,282.7
2017,12,31,6,282.2
2017,12,31,7,281.9
2017,12,1,0,282.7
2017,12,1,1,282.9
2017,12,1,2,282.6
2017,12,1,3,282.0
2017,12,1,4,282.4
2017,12,1,5,282.9
2017,12,1,6,283.0
2017,12,1,7,282.1
2017,12,2,0,283.1
2017,12,2,1,283.2
2017,12,2,2,282.9
2017,12,2,3,282.6
2017,12,2,4,282.7
2017,12,2,5,282.4
2017,12,2,6,283.7
2017,12,2,7,283.6
2017,12,3,0,283.8
2017,12,3,1,283.2
2017,12,3,2,282.7
2017,12,3,3,282.4
2017,12,3,4,282.4
2017,12,3,5,282.4
2017,12,3,6,283.6
2017,12,3,7,283.2
2017,12,4,0,283.0
2017,12,4,1,282.9
2017,12,4,2,281.8
2017,12,4,3,280.8
2017,12,4,4,281.0
2017,12,4,5,280.7
2017,12,4,6,281.9
2017,12,4,7,281.4
2017,12,5,0,281.7
2017,12,5,1,282.6
2017,12,5,2,282.6
2017,12,5,3,283.1
2017,12,5,4,284.0
2017,12,5,5,282.6
2017,12,5,6,284.2
2017,12,5,7,285.1
2017,12,6,0,285.7
2017,12,6,1,285.4
2017,12,6,2,284.9
2017,12,6,3,284.5
2017,12,6,4,285.0
2017,12,6,5,285.0
2017,12,6,6,285.3
2017,12,6,7,286.5
2017,12,7,0,285.5
2017,12,7,1,284.5
2017,12,7,2,283.2
2017,12,7,3,282.8
2017,12,7,4,283.1
2017,12,7,5,283.2
2017,12,7,6,284.6
2017,12,7,7,283.9
2017,12,8,0,284.5
2017,12,8,1,283.4
2017,12,8,2,282.5
2017,12,8,3,282.3
2017,12,8,4,282.3
2017,12,8,5,281.3
2017,12,8,6,281.7
2017,12,8,7,281.8
2017,12,9,0,281.4
2017,12,9,1,280.7
2017,12,9,2,280.5
2017,12,9,3,279.8
2017,12,9,4,279.7
2017,12,9,5,280.2
2017,12,9,6,281.4
2017,12,9,7,281.6
2017,12,10,0,281.8
2017,12,10,1,281.0
2017,12,10,2,280.2
2017,12,10,3,279.9
2017,12,10,4,280.9
2017,12,10,5,280.4
2017,12,10,6,282.4
2017,12,10,7,282.7
2017,12,11,0,283.5
2017,12,11,1,284.6
2017,12,11,2,284.1
2017,12,11,3,284.3
2017,12,11,4,284.7
2017,12,11,5,284.6
2017,12,11,6,284.6
2017,12,11,7,284.1
2017,12,12,0,285.6
2017,12,12,1,285.5
2017,12,12,2,285.1
2017,12,12,3,284.9
2017,12,12,4,284.9
2017,12,12,5,285.9
2017,12,12,6,285.0
2017,12,12,7,284.8
2017,12,13,0,285.1
2017,12,13,1,285.0
2017,12,13,2,285.4
2017,12,13,3,285.0
2017,12,13,4,285.2
2017,12,13,5,284.6
2017,12,13,6,285.4
2017,12,13,7,285.3
2017,12,14,0,285.8
2017,12,14,1,285.6
2017,12,14,2,285.4
2017,12,14,3,284.8
2017,12,14,4,284.8
2017,12,14,5,284.2
2017,12,14,6,285.1
2017,12,14,7,285.4
2017,12,15,0,285.4
2017,12,15,1,284.9
2017,12,15,2,284.8
2017,12,15,3,284.4
2017,12,15,4,284.7
2017,12,15,5,284.4
2017,12,15,6,285.7
2017,12,15,7,285.3
2017,12,16,0,286.0
2017,12,16,1,285.7
2017,12,16,2,285.7
2017,12,16,3,285.3
2017,12,16,4,285.6
2017,12,16,5,285.0
2017,12,16,6,285.4
2017,12,16,7,285.4
2017,12,17,0,285.7
2017,12,17,1,285.0
2017,12,17,2,284.2
2017,12,17,3,283.5
2017,12,17,4,283.2
2017,12,17,5,282.4
2017,12,17,6,282.8
2017,12,17,7,282.2
2017,12,18,0,281.3
2017,12,18,1,280.2
2017,12,18,2,279.2
2017,12,18,3,278.7
2017,12,18,4,278.6
2017,12,18,5,278.0
2017,12,18,6,278.2
2017,12,18,7,277.2
2017,12,19,0,277.1
2017,12,19,1,275.6
2017,12,19,2,274.8
2017,12,19,3,274.5
2017,12,19,4,275.1
2017,12,19,5,275.5
2017,12,19,6,277.9
2017,12,19,7,277.8
2017,12,20,0,278.0
2017,12,20,1,278.7
2017,12,20,2,278.5
2017,12,20,3,280.9
2017,12,20,4,281.0
2017,12,20,5,279.1
2017,12,20,6,281.1
2017,12,20,7,281.6
2017,12,21,0,281.6
2017,12,21,1,281.4
2017,12,21,2,280.6
2017,12,21,3,281.6
2017,12,21,4,281.4
2017,12,21,5,281.5
2017,12,21,6,281.4
2017,12,21,7,281.9
2017,12,22,0,282.1
2017,12,22,1,283.3
2017,12,22,2,282.6
2017,12,22,3,281.8
2017,12,22,4,282.0
2017,12,22,5,282.4
2017,12,22,6,283.3
2017,12,22,7,283.8
2017,12,23,0,284.5
2017,12,23,1,284.0
2017,12,23,2,283.5
2017,12,23,3,282.8
2017,12,23,4,282.9
2017,12,23,5,282.6
2017,12,23,6,283.5
2017,12,23,7,285.6
2017,12,24,0,284.6
2017,12,24,1,284.0
2017,12,24,2,283.6
2017,12,24,3,283.4
2017,12,24,4,283.7
2017,12,24,5,283.2
2017,12,24,6,284.3
2017,12,24,7,283.1
2017,12,25,0,284.1
2017,12,25,1,283.7
2017,12,25,2,282.4
2017,12,25,3,280.5
2017,12,25,4,279.5
2017,12,25,5,280.0
2017,12,25,6,281.4
2017,12,25,7,280.0
2017,12,26,0,281.2
2017,12,26,1,283.4
2017,12,26,2,284.2
2017,12,26,3,282.2
2017,12,26,4,282.9
2017,12,26,5,282.6
2017,12,26,6,283.6
2017,12,26,7,282.9
2017,12,27,0,283.6
2017,12,27,1,283.1
2017,12,27,2,282.3
2017,12,27,3,281.6
2017,12,27,4,281.8
2017,12,27,5,282.3
2017,12,27,6,283.7
2017,12,27,7,283.0
2017,12,28,0,283.5
2017,12,28,1,283.2
2017,12,28,2,282.8
2017,12,28,3,282.6
2017,12,28,4,283.0
2017,12,28,5,283.4
2017,12,28,6,285.2
2017,12,28,7,285.0
2017,12,29,0,285.0
2017,12,29,1,284.4
2017,12,29,2,283.9
2017,12,29,3,283.2
2017,12,29,4,283.2
2017,12,29,5,283.9
2017,12,29,6,285.3
2017,12,29,7,284.9
2017,12,30,0,284.1
2017,12,30,1,283.5
2017,12,30,2,282.9
2017,12,30,3,282.2
2017,12,30,4,282.2
2017,12,30,5,282.2
2017,12,30,6,283.0
2017,12,30,7,282.8
2017,12,1,0,282.1
2017,12,1,1,281.5
2017,12,1,2,281.2
2017,12,1,3,281.3
2017,12,1,4,281.7
2017,12,1,5,281.7
2017,12,1,6,282.9
2017,12,1,7,282.5
2017,12,2,0,281.4
2017,12,2,1,280.9
2017,12,2,2,281.1
2017,12,2,3,280.7
2017,12,2,4,280.7
2017,12,2,5,280.9
2017,12,2,6,281.9
2017,12,2,7,282.5
2017,12,3,0,282.4
2017,12,3,1,283.0
2017,12,3,2,282.9
2017,12,3,3,283.5
2017,12,3,4,283.3
2017,12,3,5,283.0
2017,12,3,6,284.0
2017,12,3,7,283.2
2017,12,4,0,283.4
2017,12,4,1,283.0
2017,12,4,2,282.5
2017,12,4,3,282.9
2017,12,4,4,282.1
2017,12,4,5,283.3
2017,12,4,6,283.0
2017,12,4,7,282.7
2017,12,5,0,283.0
2017,12,5,1,283.3
2017,12,5,2,283.2
2017,12,5,3,283.1
2017,12,5,4,283.4
2017,12,5,5,283.8
2017,12,5,6,284.1
2017,12,5,7,284.3
2017,12,6,0,283.5
2017,12,6,1,283.3
2017,12,6,2,282.4
2017,12,6,3,281.9
2017,12,6,4,281.5
2017,12,6,5,281.7
2017,12,6,6,283.1
2017,12,6,7,282.3
2017,12,7,0,281.5
2017,12,7,1,281.0
2017,12,7,2,280.6
2017,12,7,3,280.1
2017,12,7,4,280.1
2017,12,7,5,280.7
2017,12,7,6,280.2
2017,12,7,7,280.3
2017,12,8,0,279.6
2017,12,8,1,279.4
2017,12,8,2,279.4
2017,12,8,3,279.0
2017,12,8,4,278.9
2017,12,8,5,279.5
2017,12,8,6,280.3
2017,12,8,7,280.4
2017,12,9,0,280.4
2017,12,9,1,280.5
2017,12,9,2,280.4
2017,12,9,3,280.3
2017,12,9,4,280.8
2017,12,9,5,281.0
2017,12,9,6,280.4
2017,12,9,7,280.5
2017,12,10,0,280.6
2017,12,10,1,280.3
2017,12,10,2,279.8
2017,12,10,3,279.7
2017,12,10,4,280.6
2017,12,10,5,280.7
2017,12,10,6,280.2
2017,12,10,7,279.1
2017,12,11,0,278.5
2017,12,11,1,278.1
2017,12,11,2,278.3
2017,12,11,3,277.5
2017,12,11,4,277.0
2017,12,11,5,277.3
2017,12,11,6,277.3
2017,12,11,7,277.2
2017,12,12,0,276.9
2017,12,12,1,276.7
2017,12,12,2,276.0
2017,12,12,3,275.5
2017,12,12,4,276.4
2017,12,12,5,276.3
2017,12,12,6,276.0
2017,12,12,7,274.6
2017,12,13,0,274.4
2017,12,13,1,273.5
2017,12,13,2,273.8
2017,12,13,3,274.1
2017,12,13,4,273.2
2017,12,13,5,273.2
2017,12,13,6,277.9
2017,12,13,7,277.0
2017,12,14,0,279.0
2017,12,14,1,281.7
2017,12,14,2,282.8
2017,12,14,3,283.2
2017,12,14,4,283.0
2017,12,14,5,282.0
2017,12,14,6,282.5
2017,12,14,7,282.2
2017,12,15,0,282.8
2017,12,15,1,282.5
2017,12,15,2,282.3
2017,12,15,3,281.4
2017,12,15,4,281.0
2017,12,15,5,281.9
2017,12,15,6,282.0
2017,12,15,7,282.0
2017,12,16,0,282.2
2017,12,16,1,282.0
2017,12,16,2,281.5
2017,12,16,3,280.8
2017,12,16,4,280.8
2017,12,16,5,280.1
2017,12,16,6,280.6
2017,12,16,7,280.8
2017,12,17,0,281.3
2017,12,17,1,280.8
2017,12,17,2,280.0
2017,12,17,3,279.1
2017,12,17,4,279.1
2017,12,17,5,279.4
2017,12,17,6,278.3
2017,12,17,7,278.3
2017,12,18,0,278.4
2017,12,18,1,277.4
2017,12,18,2,276.3
2017,12,18,3,275.5
2017,12,18,4,275.2
2017,12,18,5,274.9
2017,12,18,6,275.3
2017,12,18,7,275.8
2017,12,19,0,276.9
2017,12,19,1,280.3
2017,12,19,2,278.3
2017,12,19,3,278.0
2017,12,19,4,277.9
2017,12,19,5,277.6
2017,12,19,6,277.6
2017,12,19,7,277.7
2017,12,20,0,277.8
2017,12,20,1,277.2
2017,12,20,2,276.6
2017,12,20,3,275.9
2017,12,20,4,275.8
2017,12,20,5,275.7
2017,12,20,6,276.7
2017,12,20,7,277.0
2017,12,21,0,277.0
2017,12,21,1,277.0
2017,12,21,2,277.1
2017,12,21,3,277.2
2017,12,21,4,278.6
2017,12,21,5,279.8
2017,12,21,6,281.8
2017,12,21,7,281.9
2017,12,22,0,281.2
2017,12,22,1,281.2
2017,12,22,2,280.6
2017,12,22,3,280.2
2017,12,22,4,280.3
2017,12,22,5,278.3
2017,12,22,6,275.8
2017,12,22,7,276.5
2017,12,23,0,276.9
2017,12,23,1,277.6
2017,12,23,2,278.2
2017,12,23,3,277.6
2017,12,23,4,277.8
2017,12,23,5,278.8
2017,12,23,6,280.1
2017,12,23,7,279.8
2017,12,24,0,280.2
2017,12,24,1,280.3
2017,12,24,2,280.3
2017,12,24,3,279.7
2017,12,24,4,280.0
2017,12,24,5,280.1
2017,12,24,6,279.2
2017,12,24,7,279.9
2017,12,25,0,278.2
2017,12,25,1,277.2
2017,12,25,2,276.8
2017,12,25,3,276.5
2017,12,25,4,276.1
2017,12,25,5,278.7
2017,12,25,6,278.0
2017,12,25,7,279.8
2017,12,26,0,279.5
2017,12,26,1,278.9
2017,12,26,2,278.4
2017,12,26,3,277.7
2017,12,26,4,277.4
2017,12,26,5,277.7
2017,12,26,6,277.5
2017,12,26,7,278.0
2017,12,27,0,278.8
2017,12,27,1,278.5
2017,12,27,2,278.0
2017,12,27,3,277.8
2017,12,27,4,278.1
2017,12,27,5,278.7
2017,12,27,6,279.6
2017,12,27,7,280.2
2017,12,28,0,280.4
2017,12,28,1,280.7
2017,12,28,2,280.5
2017,12,28,3,279.9
2017,12,28,4,280.4
2017,12,28,5,280.7
2017,12,28,6,280.7
2017,12,28,7,281.3
2017,12,29,0,281.5
2017,12,29,1,281.2
2017,12,29,2,281.1
2017,12,29,3,280.6
2017,12,29,4,280.8
2017,12,29,5,280.9
2017,12,29,6,279.8
2017,12,29,7,279.6
2017,12,30,0,279.5
2017,12,30,1,279.3
2017,12,30,2,279.0
2017,12,30,3,278.6
2017,12,30,4,278.7
2017,12,30,5,278.6
2017,12,30,6,278.7
2017,12,30,7,279.1
2017,12,31,0,279.7
2017,12,31,1,279.7
2017,12,31,2,280.7
2017,12,31,3,280.3
2017,12,31,4,281.1
2017,12,31,5,281.7
2017,12,31,6,282.0
2017,12,31,7,281.9
2017,12,1,0,282.9
2017,12,1,1,282.4
2017,12,1,2,282.0
2017,12,1,3,282.0
2017,12,1,4,282.1
2017,12,1,5,282.5
2017,12,1,6,284.2
2017,12,1,7,284.4
2017,12,2,0,285.0
2017,12,2,1,285.0
2017,12,2,2,284.6
2017,12,2,3,283.9
2017,12,2,4,283.9
2017,12,2,5,283.1
2017,12,2,6,283.1
2017,12,2,7,282.7
2017,12,3,0,283.8
2017,12,3,1,283.7
2017,12,3,2,282.8
2017,12,3,3,282.1
2017,12,3,4,282.3
2017,12,3,5,282.0
2017,12,3,6,281.8
2017,12,3,7,281.9
2017,12,4,0,281.9
2017,12,4,1,281.2
2017,12,4,2,281.1
2017,12,4,3,280.6
2017,12,4,4,280.6
2017,12,4,5,280.4
2017,12,4,6,280.9
2017,12,4,7,281.0
2017,12,5,0,280.7
2017,12,5,1,280.1
2017,12,5,2,279.6
2017,12,5,3,278.9
2017,12,5,4,278.7
2017,12,5,5,279.2
2017,12,5,6,279.2
2017,12,5,7,279.6
2017,12,6,0,279.0
2017,12,6,1,279.1
2017,12,6,2,279.2
2017,12,6,3,278.9
2017,12,6,4,279.2
2017,12,6,5,280.0
2017,12,6,6,280.6
2017,12,6,7,280.6
2017,12,7,0,280.8
2017,12,7,1,275.9
2017,12,7,2,275.2
2017,12,7,3,274.2
2017,12,7,4,273.7
2017,12,7,5,272.2
2017,12,7,6,271.6
2017,12,7,7,272.5
2017,12,8,0,274.4
2017,12,8,1,275.8
2017,12,8,2,273.5
2017,12,8,3,273.9
2017,12,8,4,274.9
2017,12,8,5,275.2
2017,12,8,6,276.8
2017,12,8,7,276.6
2017,12,9,0,277.5
2017,12,9,1,277.7
2017,12,9,2,278.7
2017,12,9,3,279.1
2017,12,9,4,279.9
2017,12,9,5,280.9
2017,12,9,6,281.8
2017,12,9,7,282.6
2017,12,10,0,284.7
2017,12,10,1,285.2
2017,12,10,2,284.1
2017,12,10,3,283.1
2017,12,10,4,283.0
2017,12,10,5,282.8
2017,12,10,6,282.6
2017,12,10,7,282.3
2017,12,11,0,281.5
2017,12,11,1,280.5
2017,12,11,2,280.1
2017,12,11,3,279.5
2017,12,11,4,279.5
2017,12,11,5,279.2
2017,12,11,6,280.2
2017,12,11,7,279.8
2017,12,12,0,279.7
2017,12,12,1,279.2
2017,12,12,2,278.9
2017,12,12,3,278.6
2017,12,12,4,278.4
2017,12,12,5,277.9
2017,12,12,6,279.1
2017,12,12,7,279.1
2017,12,13,0,278.8
2017,12,13,1,278.8
2017,12,13,2,279.2
2017,12,13,3,279.2
2017,12,13,4,279.7
2017,12,13,5,279.6
2017,12,13,6,280.2
2017,12,13,7,280.5
2017,12,14,0,280.4
2017,12,14,1,281.0
2017,12,14,2,281.8
2017,12,14,3,281.6
2017,12,14,4,282.1
2017,12,14,5,283.2
2017,12,14,6,283.3
2017,12,14,7,282.9
2017,12,15,0,283.8
2017,12,15,1,283.4
2017,12,15,2,284.4
2017,12,15,3,284.2
2017,12,15,4,284.2
2017,12,15,5,285.0
2017,12,15,6,284.6
2017,12,15,7,284.6
2017,12,16,0,284.0
2017,12,16,1,283.4
2017,12,16,2,283.2
2017,12,16,3,282.3
2017,12,16,4,282.3
2017,12,16,5,282.3
2017,12,16,6,281.6
2017,12,16,7,281.2
2017,12,17,0,279.7
2017,12,17,1,279.3
2017,12,17,2,278.9
2017,12,17,3,279.2
2017,12,17,4,278.9
2017,12,17,5,279.6
2017,12,17,6,280.9
2017,12,17,7,281.3
2017,12,18,0,281.2
2017,12,18,1,281.5
2017,12,18,2,281.4
2017,12,18,3,280.9
2017,12,18,4,280.7
2017,12,18,5,280.5
2017,12,18,6,280.1
2017,12,18,7,280.0
2017,12,19,0,280.0
2017,12,19,1,280.3
2017,12,19,2,281.0
2017,12,19,3,281.9
2017,12,19,4,283.1
2017,12,19,5,282.9
2017,12,19,6,283.0
2017,12,19,7,283.7
2017,12,20,0,284.0
2017,12,20,1,284.0
2017,12,20,2,284.2
2017,12,20,3,284.3
2017,12,20,4,284.4
2017,12,20,5,284.7
2017,12,20,6,285.6
2017,12,20,7,283.8
2017,12,21,0,283.6
2017,12,21,1,283.2
2017,12,21,2,283.3
2017,12,21,3,283.3
2017,12,21,4,283.2
2017,12,21,5,282.5
2017,12,21,6,282.2
2017,12,21,7,282.4
2017,12,22,0,281.7
2017,12,22,1,282.0
2017,12,22,2,281.6
2017,12,22,3,281.0
2017,12,22,4,281.3
2017,12,22,5,280.9
2017,12,22,6,280.7
2017,12,22,7,280.4
2017,12,23,0,280.4
2017,12,23,1,280.7
2017,12,23,2,280.1
2017,12,23,3,280.0
2017,12,23,4,280.3
2017,12,23,5,280.2
2017,12,23,6,280.3
2017,12,23,7,280.7
2017,12,24,0,282.1
2017,12,24,1,282.3
2017,12,24,2,282.3
2017,12,24,3,283.1
2017,12,24,4,281.9
2017,12,24,5,282.1
2017,12,24,6,281.9
2017,12,24,7,282.4
2017,12,25,0,282.3
2017,12,25,1,281.5
2017,12,25,2,282.1
2017,12,25,3,281.4
2017,12,25,4,280.8
2017,12,25,5,280.9
2017,12,25,6,281.2
2017,12,25,7,280.1
2017,12,26,0,280.0
2017,12,26,1,279.6
2017,12,26,2,279.0
2017,12,26,3,278.3
2017,12,26,4,278.0
2017,12,26,5,276.8
2017,12,26,6,275.5
2017,12,26,7,275.5
2017,12,27,0,275.2
2017,12,27,1,274.7
2017,12,27,2,274.6
2017,12,27,3,275.4
2017,12,27,4,277.5
2017,12,27,5,279.3
2017,12,27,6,279.3
2017,12,27,7,279.5
2017,12,28,0,280.3
2017,12,28,1,281.3
2017,12,28,2,281.2
2017,12,28,3,281.0
2017,12,28,4,279.9
2017,12,28,5,280.5
2017,12,28,6,281.9
2017,12,28,7,281.9
2017,12,29,0,280.0
2017,12,29,1,281.2
2017,12,29,2,281.4
2017,12,29,3,281.3
2017,12,29,4,281.6
2017,12,29,5,281.6
2017,12,29,6,282.1
2017,12,29,7,282.4
2017,12,30,0,282.3
2017,12,30,1,282.3
2017,12,30,2,282.6
2017,12,30,3,282.6
2017,12,30,4,282.8
2017,12,30,5,283.2
2017,12,30,6,284.5
2017,12,30,7,284.9
2017,12,1,0,285.3
2017,12,1,1,285.3
2017,12,1,2,284.7
2017,12,1,3,284.1
2017,12,1,4,284.1
2017,12,1,5,283.5
2017,12,1,6,283.5
2017,12,1,7,282.9
2017,12,2,0,281.8
2017,12,2,1,281.5
2017,12,2,2,282.7
2017,12,2,3,282.9
2017,12,2,4,282.4
2017,12,2,5,282.8
2017,12,2,6,283.7
2017,12,2,7,283.5
2017,12,3,0,283.6
2017,12,3,1,283.1
2017,12,3,2,282.7
2017,12,3,3,281.8
2017,12,3,4,282.1
2017,12,3,5,282.2
2017,12,3,6,281.3
2017,12,3,7,280.8
2017,12,4,0,281.0
2017,12,4,1,281.0
2017,12,4,2,280.3
2017,12,4,3,279.0
2017,12,4,4,279.5
2017,12,4,5,279.4
2017,12,4,6,280.2
2017,12,4,7,280.5
2017,12,5,0,280.6
2017,12,5,1,280.9
2017,12,5,2,282.0
2017,12,5,3,282.2
2017,12,5,4,283.5
2017,12,5,5,284.5
2017,12,5,6,283.6
2017,12,5,7,283.8
2017,12,6,0,283.8
2017,12,6,1,283.5
2017,12,6,2,283.2
2017,12,6,3,282.3
2017,12,6,4,282.6
2017,12,6,5,282.0
2017,12,6,6,282.9
2017,12,6,7,283.3
2017,12,7,0,283.8
2017,12,7,1,284.0
2017,12,7,2,283.2
2017,12,7,3,281.7
2017,12,7,4,281.2
2017,12,7,5,280.9
2017,12,7,6,281.6
2017,12,7,7,281.4
2017,12,8,0,281.9
2017,12,8,1,281.5
2017,12,8,2,281.1
2017,12,8,3,280.7
2017,12,8,4,281.1
2017,12,8,5,281.1
2017,12,8,6,282.0
2017,12,8,7,282.4
2017,12,9,0,282.9
2017,12,9,1,283.1
2017,12,9,2,282.6
2017,12,9,3,282.1
2017,12,9,4,282.2
2017,12,9,5,282.4
2017,12,9,6,283.3
2017,12,9,7,284.4
2017,12,10,0,284.1
2017,12,10,1,283.9
2017,12,10,2,283.3
2017,12,10,3,283.0
2017,12,10,4,283.6
2017,12,10,5,284.2
2017,12,10,6,285.0
2017,12,10,7,285.2
2017,12,11,0,285.5
2017,12,11,1,285.0
2017,12,11,2,284.7
2017,12,11,3,284.3
2017,12,11,4,284.1
2017,12,11,5,284.0
2017,12,11,6,283.8
2017,12,11,7,283.9
2017,12,12,0,284.4
2017,12,12,1,284.1
2017,12,12,2,283.4
2017,12,12,3,282.6
2017,12,12,4,281.9
2017,12,12,5,282.2
2017,12,12,6,282.4
2017,12,12,7,283.6
2017,12,13,0,283.0
2017,12,13,1,283.1
2017,12,13,2,282.4
2017,12,13,3,281.5
2017,12,13,4,281.9
2017,12,13,5,281.9
2017,12,13,6,282.4
2017,12,13,7,282.0
2017,12,14,0,282.4
2017,12,14,1,282.1
2017,12,14,2,281.5
2017,12,14,3,280.9
2017,12,14,4,280.7
2017,12,14,5,280.2
2017,12,14,6,280.5
2017,12,14,7,280.1
2017,12,15,0,279.7
2017,12,15,1,279.2
2017,12,15,2,279.1
2017,12,15,3,278.8
2017,12,15,4,278.8
2017,12,15,5,279.0
2017,12,15,6,278.1
2017,12,15,7,278.3
2017,12,16,0,277.9
2017,12,16,1,277.7
2017,12,16,2,277.6
2017,12,16,3,276.8
2017,12,16,4,277.4
2017,12,16,5,278.0
2017,12,16,6,279.1
2017,12,16,7,279.1
2017,12,17,0,279.5
2017,12,17,1,277.9
2017,12,17,2,278.3
2017,12,17,3,277.6
2017,12,17,4,277.2
2017,12,17,5,277.1
2017,12,17,6,279.1
2017,12,17,7,279.9
2017,12,18,0,280.3
2017,12,18,1,280.2
2017,12,18,2,280.5
2017,12,18,3,280.6
2017,12,18,4,279.6
2017,12,18,5,280.8
2017,12,18,6,282.2
2017,12,18,7,282.6
2017,12,19,0,282.8
2017,12,19,1,282.6
2017,12,19,2,282.7
2017,12,19,3,283.0
2017,12,19,4,283.9
2017,12,19,5,283.8
2017,12,19,6,284.5
2017,12,19,7,283.9
2017,12,20,0,284.8
2017,12,20,1,285.2
2017,12,20,2,285.1
2017,12,20,3,284.7
2017,12,20,4,285.1
2017,12,20,5,285.0
2017,12,20,6,285.5
2017,12,20,7,285.2
2017,12,21,0,285.7
2017,12,21,1,285.3
2017,12,21,2,284.5
2017,12,21,3,284.1
2017,12,21,4,284.8
2017,12,21,5,284.6
2017,12,21,6,285.1
2017,12,21,7,285.1
2017,12,22,0,285.3
2017,12,22,1,285.3
2017,12,22,2,284.8
2017,12,22,3,284.0
2017,12,22,4,284.4
2017,12,22,5,283.7
2017,12,22,6,282.8
2017,12,22,7,282.7
2017,12,23,0,282.6
2017,12,23,1,282.1
2017,12,23,2,281.5
2017,12,23,3,281.2
2017,12,23,4,281.1
2017,12,23,5,280.3
2017,12,23,6,280.8
2017,12,23,7,280.3
2017,12,24,0,279.7
2017,12,24,1,280.5
2017,12,24,2,282.8
2017,12,24,3,285.0
2017,12,24,4,285.4
2017,12,24,5,284.3
2017,12,24,6,284.1
2017,12,24,7,284.8
2017,12,25,0,285.7
2017,12,25,1,285.6
2017,12,25,2,285.0
2017,12,25,3,284.5
2017,12,25,4,284.5
2017,12,25,5,283.9
2017,12,25,6,286.4
2017,12,25,7,286.1
2017,12,26,0,285.3
2017,12,26,1,285.6
2017,12,26,2,285.6
2017,12,26,3,285.8
2017,12,26,4,286.6
2017,12,26,5,287.0
2017,12,26,6,288.0
2017,12,26,7,287.8
2017,12,27,0,288.0
2017,12,27,1,288.3
2017,12,27,2,288.2
2017,12,27,3,287.8
2017,12,27,4,288.3
2017,12,27,5,288.1
2017,12,27,6,286.9
2017,12,27,7,288.1
2017,12,28,0,287.5
2017,12,28,1,287.0
2017,12,28,2,286.5
2017,12,28,3,286.2
2017,12,28,4,286.0
2017,12,28,5,285.8
2017,12,28,6,284.9
2017,12,28,7,284.9
2017,12,29,0,284.9
2017,12,29,1,284.9
2017,12,29,2,285.0
2017,12,29,3,284.2
2017,12,29,4,284.1
2017,12,29,5,284.3
2017,12,29,6,284.4
2017,12,29,7,284.6
2017,12,30,0,284.3
2017,12,30,1,284.3
2017,12,30,2,283.8
2017,12,30,3,283.0
2017,12,30,4,283.1
2017,12,30,5,283.0
2017,12,30,6,283.8
2017,12,30,7,283.7
2017,12,31,0,283.4
2017,12,31,1,283.6
2017,12,31,2,283.5
2017,12,31,3,282.4
2017,12,31,4,283.2
2017,12,31,5,283.4
2017,12,31,6,283.1
2017,12,31,7,282.6
2017,12,1,0,282.3
2017,12,1,1,281.9
2017,12,1,2,281.1
2017,12,1,3,279.9
2017,12,1,4,279.5
2017,12,1,5,278.9
2017,12,1,6,278.2
2017,12,1,7,278.2
2017,12,2,0,277.6
2017,12,2,1,276.9
2017,12,2,2,276.8
2017,12,2,3,276.6
2017,12,2,4,276.3
2017,12,2,5,278.3
2017,12,2,6,280.6
2017,12,2,7,280.9
2017,12,3,0,280.5
2017,12,3,1,282.5
2017,12,3,2,283.3
2017,12,3,3,282.7
2017,12,3,4,282.9
2017,12,3,5,283.0
2017,12,3,6,285.0
2017,12,3,7,285.7
2017,12,4,0,286.3
2017,12,4,1,284.4
2017,12,4,2,284.2
2017,12,4,3,283.9
2017,12,4,4,283.9
2017,12,4,5,283.3
2017,12,4,6,283.9
2017,12,4,7,284.2
2017,12,5,0,284.1
2017,12,5,1,284.1
2017,12,5,2,284.1
2017,12,5,3,283.7
2017,12,5,4,284.0
2017,12,5,5,284.0
2017,12,5,6,284.8
2017,12,5,7,284.3
2017,12,6,0,284.6
2017,12,6,1,284.7
2017,12,6,2,284.9
2017,12,6,3,284.6
2017,12,6,4,284.2
2017,12,6,5,284.0
2017,12,6,6,284.2
2017,12,6,7,284.1
2017,12,7,0,283.6
2017,12,7,1,282.9
2017,12,7,2,282.3
2017,12,7,3,281.9
2017,12,7,4,281.8
2017,12,7,5,281.5
2017,12,7,6,282.4
2017,12,7,7,281.9
2017,12,8,0,282.4
2017,12,8,1,282.1
2017,12,8,2,282.3
2017,12,8,3,283.0
2017,12,8,4,282.8
2017,12,8,5,282.9
2017,12,8,6,283.9
2017,12,8,7,282.8
2017,12,9,0,283.0
2017,12,9,1,282.4
2017,12,9,2,281.3
2017,12,9,3,281.0
2017,12,9,4,281.1
2017,12,9,5,280.9
2017,12,9,6,280.9
2017,12,9,7,280.5
2017,12,10,0,280.2
2017,12,10,1,279.6
2017,12,10,2,279.1
2017,12,10,3,278.4
2017,12,10,4,278.7
2017,12,10,5,279.2
2017,12,10,6,278.5
2017,12,10,7,277.0
2017,12,11,0,276.3
2017,12,11,1,275.5
2017,12,11,2,274.8
2017,12,11,3,273.5
2017,12,11,4,273.2
2017,12,11,5,272.7
2017,12,11,6,270.9
2017,12,11,7,271.4
2017,12,12,0,270.4
2017,12,12,1,270.1
2017,12,12,2,269.0
2017,12,12,3,267.4
2017,12,12,4,266.0
2017,12,12,5,265.7
2017,12,12,6,266.8
2017,12,12,7,267.2
2017,12,13,0,269.7
2017,12,13,1,272.1
2017,12,13,2,273.3
2017,12,13,3,275.7
2017,12,13,4,276.1
2017,12,13,5,278.1
2017,12,13,6,278.1
2017,12,13,7,278.5
2017,12,14,0,278.9
2017,12,14,1,279.3
2017,12,14,2,279.2
2017,12,14,3,278.6
2017,12,14,4,278.4
2017,12,14,5,278.6
2017,12,14,6,280.1
2017,12,14,7,279.6
2017,12,15,0,279.9
2017,12,15,1,280.3
2017,12,15,2,279.9
2017,12,15,3,279.5
2017,12,15,4,279.8
2017,12,15,5,280.2
2017,12,15,6,281.3
2017,12,15,7,280.3
2017,12,16,0,281.4
2017,12,16,1,281.6
2017,12,16,2,280.9
2017,12,16,3,280.3
2017,12,16,4,280.4
2017,12,16,5,279.9
2017,12,16,6,280.5
2017,12,16,7,279.7
2017,12,17,0,280.5
2017,12,17,1,280.4
2017,12,17,2,280.2
2017,12,17,3,280.2
2017,12,17,4,280.3
2017,12,17,5,280.7
2017,12,17,6,282.5
2017,12,17,7,281.4
2017,12,18,0,282.3
2017,12,18,1,281.6
2017,12,18,2,281.3
2017,12,18,3,280.7
2017,12,18,4,280.9
2017,12,18,5,281.2
2017,12,18,6,282.5
2017,12,18,7,280.8
2017,12,19,0,281.2
2017,12,19,1,280.9
2017,12,19,2,279.9
2017,12,19,3,279.3
2017,12,19,4,279.6
2017,12,19,5,279.7
2017,12,19,6,279.5
2017,12,19,7,280.3
2017,12,20,0,280.6
2017,12,20,1,280.8
2017,12,20,2,280.6
2017,12,20,3,281.2
2017,12,20,4,281.8
2017,12,20,5,283.2
2017,12,20,6,285.8
2017,12,20,7,285.9
2017,12,21,0,285.9
2017,12,21,1,285.6
2017,12,21,2,285.2
2017,12,21,3,284.8
2017,12,21,4,284.7
2017,12,21,5,285.2
2017,12,21,6,285.7
2017,12,21,7,285.8
2017,12,22,0,286.2
2017,12,22,1,285.6
2017,12,22,2,283.7
2017,12,22,3,282.6
2017,12,22,4,282.9
2017,12,22,5,282.7
2017,12,22,6,283.6
2017,12,22,7,281.6
2017,12,23,0,282.3
2017,12,23,1,282.1
2017,12,23,2,281.4
2017,12,23,3,280.8
2017,12,23,4,281.0
2017,12,23,5,281.1
2017,12,23,6,281.5
2017,12,23,7,282.2
2017,12,24,0,282.6
2017,12,24,1,282.3
2017,12,24,2,281.6
2017,12,24,3,280.9
2017,12,24,4,280.9
2017,12,24,5,280.5
2017,12,24,6,281.1
2017,12,24,7,280.6
2017,12,25,0,279.8
2017,12,25,1,279.4
2017,12,25,2,278.8
2017,12,25,3,278.6
2017,12,25,4,278.8
2017,12,25,5,277.9
2017,12,25,6,278.5
2017,12,25,7,277.8
2017,12,26,0,278.1
2017,12,26,1,278.2
2017,12,26,2,278.1
2017,12,26,3,278.0
2017,12,26,4,277.6
2017,12,26,5,277.4
2017,12,26,6,279.2
2017,12,26,7,279.0
2017,12,27,0,279.4
2017,12,27,1,279.5
2017,12,27,2,279.4
2017,12,27,3,278.7
2017,12,27,4,278.7
2017,12,27,5,278.8
2017,12,27,6,278.3
2017,12,27,7,279.5
2017,12,28,0,280.0
2017,12,28,1,280.4
2017,12,28,2,280.4
2017,12,28,3,279.9
2017,12,28,4,279.6
2017,12,28,5,279.6
2017,12,28,6,280.5
2017,12,28,7,280.2
2017,12,29,0,280.4
2017,12,29,1,280.5
2017,12,29,2,280.6
2017,12,29,3,280.7
2017,12,29,4,281.1
2017,12,29,5,281.4
2017,12,29,6,282.8
2017,12,29,7,283.0
2017,12,30,0,283.3
2017,12,30,1,283.6
2017,12,30,2,284.3
2017,12,30,3,283.8
2017,12,30,4,283.7
2017,12,30,5,283.7
2017,12,30,6,284.8
2017,12,30,7,285.6
2017,12,31,0,286.0
2017,12,31,1,285.8
2017,12,31,2,285.5
2017,12,31,3,285.0
2017,12,31,4,285.1
2017,12,31,5,285.1
2017,12,31,6,285.6
2017,12,31,7,286.6
2017,12,1,0,285.5
2017,12,1,1,285.6
2017,12,1,2,284.3
2017,12,1,3,283.8
2017,12,1,4,284.5
2017,12,1,5,286.0
2017,12,1,6,284.7
2017,12,1,7,285.9
2017,12,2,0,285.9
2017,12,2,1,285.6
2017,12,2,2,285.4
2017,12,2,3,284.8
2017,12,2,4,284.9
2017,12,2,5,284.5
2017,12,2,6,286.2
2017,12,2,7,286.1
2017,12,3,0,285.6
2017,12,3,1,284.1
2017,12,3,2,283.3
2017,12,3,3,282.9
2017,12,3,4,282.9
2017,12,3,5,283.2
2017,12,3,6,283.7
2017,12,3,7,283.7
2017,12,4,0,284.0
2017,12,4,1,283.9
2017,12,4,2,283.4
2017,12,4,3,283.1
2017,12,4,4,283.4
2017,12,4,5,282.9
2017,12,4,6,283.6
2017,12,4,7,283.1
2017,12,5,0,282.9
2017,12,5,1,283.8
2017,12,5,2,283.9
2017,12,5,3,283.6
2017,12,5,4,283.7
2017,12,5,5,284.3
2017,12,5,6,285.5
2017,12,5,7,285.1
2017,12,6,0,285.5
2017,12,6,1,285.1
2017,12,6,2,284.3
2017,12,6,3,283.8
2017,12,6,4,284.3
2017,12,6,5,284.6
2017,12,6,6,284.6
2017,12,6,7,282.8
2017,12,7,0,283.2
2017,12,7,1,282.1
2017,12,7,2,281.6
2017,12,7,3,280.7
2017,12,7,4,280.7
2017,12,7,5,281.1
2017,12,7,6,281.2
2017,12,7,7,280.0
2017,12,8,0,280.5
2017,12,8,1,280.2
2017,12,8,2,279.9
2017,12,8,3,279.4
2017,12,8,4,280.3
2017,12,8,5,280.1
2017,12,8,6,280.7
2017,12,8,7,279.8
2017,12,9,0,280.2
2017,12,9,1,279.8
2017,12,9,2,279.0
2017,12,9,3,277.7
2017,12,9,4,277.3
2017,12,9,5,276.4
2017,12,9,6,275.7
2017,12,9,7,275.1
2017,12,10,0,273.8
2017,12,10,1,272.0
2017,12,10,2,268.8
2017,12,10,3,267.1
2017,12,10,4,270.8
2017,12,10,5,275.5
2017,12,10,6,275.4
2017,12,10,7,276.5
2017,12,11,0,279.1
2017,12,11,1,281.1
2017,12,11,2,282.1
2017,12,11,3,281.9
2017,12,11,4,282.2
2017,12,11,5,282.3
2017,12,11,6,282.2
2017,12,11,7,281.5
2017,12,12,0,281.0
2017,12,12,1,280.5
2017,12,12,2,279.6
2017,12,12,3,278.9
2017,12,12,4,278.6
2017,12,12,5,278.0
2017,12,12,6,278.0
2017,12,12,7,278.3
2017,12,13,0,278.2
2017,12,13,1,277.3
2017,12,13,2,275.5
2017,12,13,3,273.5
2017,12,13,4,272.4
2017,12,13,5,271.2
2017,12,13,6,272.0
2017,12,13,7,272.5
2017,12,14,0,274.1
2017,12,14,1,275.6
2017,12,14,2,276.2
2017,12,14,3,276.4
2017,12,14,4,277.8
2017,12,14,5,279.1
2017,12,14,6,280.3
2017,12,14,7,281.0
2017,12,15,0,282.5
2017,12,15,1,282.6
2017,12,15,2,280.5
2017,12,15,3,280.7
2017,12,15,4,281.6
2017,12,15,5,281.7
2017,12,15,6,283.0
2017,12,15,7,282.9
2017,12,16,0,283.0
2017,12,16,1,282.2
2017,12,16,2,282.0
2017,12,16,3,282.0
2017,12,16,4,282.8
2017,12,16,5,282.9
2017,12,16,6,284.4
2017,12,16,7,284.0
2017,12,17,0,283.1
2017,12,17,1,282.5
2017,12,17,2,282.0
2017,12,17,3,281.4
2017,12,17,4,282.0
2017,12,17,5,282.9
2017,12,17,6,284.0
2017,12,17,7,283.5
2017,12,18,0,282.9
2017,12,18,1,282.7
2017,12,18,2,282.7
2017,12,18,3,282.4
2017,12,18,4,282.6
2017,12,18,5,282.6
2017,12,18,6,282.9
2017,12,18,7,282.4
2017,12,19,0,282.0
2017,12,19,1,281.8
2017,12,19,2,281.3
2017,12,19,3,280.9
2017,12,19,4,281.3
2017,12,19,5,281.7
2017,12,19,6,282.7
2017,12,19,7,283.5
2017,12,20,0,283.6
2017,12,20,1,283.3
2017,12,20,2,282.3
2017,12,20,3,280.7
2017,12,20,4,281.0
2017,12,20,5,281.5
2017,12,20,6,281.6
2017,12,20,7,281.4
2017,12,21,0,282.4
2017,12,21,1,283.1
2017,12,21,2,282.0
2017,12,21,3,280.8
2017,12,21,4,282.3
2017,12,21,5,281.8
2017,12,21,6,282.4
2017,12,21,7,282.8
2017,12,22,0,281.7
2017,12,22,1,280.5
2017,12,22,2,281.2
2017,12,22,3,281.1
2017,12,22,4,281.1
2017,12,22,5,281.0
2017,12,22,6,282.0
2017,12,22,7,284.3
2017,12,23,0,284.3
2017,12,23,1,284.7
2017,12,23,2,284.1
2017,12,23,3,283.0
2017,12,23,4,283.1
2017,12,23,5,283.3
2017,12,23,6,284.1
2017,12,23,7,282.5
2017,12,24,0,283.7
2017,12,24,1,283.1
2017,12,24,2,282.4
2017,12,24,3,281.6
2017,12,24,4,281.3
2017,12,24,5,281.6
2017,12,24,6,281.7
2017,12,24,7,282.4
2017,12,25,0,282.3
2017,12,25,1,282.7
2017,12,25,2,282.6
2017,12,25,3,281.4
2017,12,25,4,283.6
2017,12,25,5,284.0
2017,12,25,6,286.0
2017,12,25,7,284.9
2017,12,26,0,284.7
2017,12,26,1,285.2
2017,12,26,2,284.9
2017,12,26,3,284.5
2017,12,26,4,283.8
2017,12,26,5,283.4
2017,12,26,6,286.0
2017,12,26,7,285.6
2017,12,27,0,286.3
2017,12,27,1,285.6
2017,12,27,2,284.8
2017,12,27,3,284.0
2017,12,27,4,283.7
2017,12,27,5,284.0
2017,12,27,6,284.4
2017,12,27,7,285.6
2017,12,28,0,283.2
2017,12,28,1,283.5
2017,12,28,2,283.3
2017,12,28,3,283.0
2017,12,28,4,283.1
2017,12,28,5,281.4
2017,12,28,6,283.0
2017,12,28,7,282.5
2017,12,29,0,283.4
2017,12,29,1,282.8
2017,12,29,2,282.8
2017,12,29,3,282.9
2017,12,29,4,282.5
2017,12,29,5,283.6
2017,12,29,6,284.6
2017,12,29,7,285.4
2017,12,30,0,285.4
2017,12,30,1,285.1
2017,12,30,2,284.7
2017,12,30,3,284.0
2017,12,30,4,283.7
2017,12,30,5,283.8
2017,12,30,6,284.0
2017,12,30,7,284.0
2017,12,1,0,282.9
2017,12,1,1,281.1
2017,12,1,2,279.0
2017,12,1,3,277.4
2017,12,1,4,276.1
2017,12,1,5,276.1
2017,12,1,6,276.1
2017,12,1,7,277.5
2017,12,2,0,276.4
2017,12,2,1,275.6
2017,12,2,2,276.5
2017,12,2,3,276.7
2017,12,2,4,276.9
2017,12,2,5,278.2
2017,12,2,6,279.5
2017,12,2,7,278.7
2017,12,3,0,279.5
2017,12,3,1,279.6
2017,12,3,2,279.3
2017,12,3,3,279.8
2017,12,3,4,279.9
2017,12,3,5,282.3
2017,12,3,6,284.1
2017,12,3,7,284.2
2017,12,4,0,285.0
2017,12,4,1,283.6
2017,12,4,2,283.8
2017,12,4,3,283.0
2017,12,4,4,283.8
2017,12,4,5,283.7
2017,12,4,6,286.5
2017,12,4,7,283.0
2017,12,5,0,283.1
2017,12,5,1,281.7
2017,12,5,2,279.3
2017,12,5,3,279.1
2017,12,5,4,279.7
2017,12,5,5,281.7
2017,12,5,6,283.1
2017,12,5,7,282.3
2017,12,6,0,283.2
2017,12,6,1,283.3
2017,12,6,2,283.4
2017,12,6,3,282.9
2017,12,6,4,282.8
2017,12,6,5,284.0
2017,12,6,6,285.1
2017,12,6,7,283.7
2017,12,7,0,284.6
2017,12,7,1,284.6
2017,12,7,2,283.6
2017,12,7,3,282.6
2017,12,7,4,282.8
2017,12,7,5,283.0
2017,12,7,6,284.1
2017,12,7,7,282.5
2017,12,8,0,283.3
2017,12,8,1,283.0
2017,12,8,2,283.3
2017,12,8,3,282.3
2017,12,8,4,281.8
2017,12,8,5,281.9
2017,12,8,6,283.8
2017,12,8,7,283.0
2017,12,9,0,283.9
2017,12,9,1,283.0
2017,12,9,2,282.8
2017,12,9,3,282.7
2017,12,9,4,282.7
2017,12,9,5,282.6
2017,12,9,6,284.1
2017,12,9,7,283.6
2017,12,10,0,283.4
2017,12,10,1,283.0
2017,12,10,2,282.7
2017,12,10,3,281.9
2017,12,10,4,281.7
2017,12,10,5,281.9
2017,12,10,6,284.0
2017,12,10,7,283.9
2017,12,11,0,284.0
2017,12,11,1,283.1
2017,12,11,2,282.7
2017,12,11,3,282.0
2017,12,11,4,282.2
2017,12,11,5,282.5
2017,12,11,6,283.2
2017,12,11,7,284.3
2017,12,12,0,283.5
2017,12,12,1,283.6
2017,12,12,2,283.1
2017,12,12,3,282.5
2017,12,12,4,282.8
2017,12,12,5,282.5
2017,12,12,6,282.2
2017,12,12,7,281.6
2017,12,13,0,281.8
2017,12,13,1,281.2
2017,12,13,2,281.5
2017,12,13,3,282.1
2017,12,13,4,280.6
2017,12,13,5,281.1
2017,12,13,6,282.9
2017,12,13,7,282.5
2017,12,14,0,283.6
2017,12,14,1,283.6
2017,12,14,2,283.6
2017,12,14,3,283.2
2017,12,14,4,282.9
2017,12,14,5,283.4
2017,12,14,6,284.5
2017,12,14,7,284.0
2017,12,15,0,284.6
2017,12,15,1,284.5
2017,12,15,2,284.0
2017,12,15,3,283.5
2017,12,15,4,283.6
2017,12,15,5,285.1
2017,12,15,6,286.3
2017,12,15,7,284.8
2017,12,16,0,285.4
2017,12,16,1,284.8
2017,12,16,2,284.3
2017,12,16,3,282.7
2017,12,16,4,282.9
2017,12,16,5,283.5
2017,12,16,6,285.1
2017,12,16,7,284.4
2017,12,17,0,284.1
2017,12,17,1,284.0
2017,12,17,2,283.4
2017,12,17,3,282.6
2017,12,17,4,282.7
2017,12,17,5,284.3
2017,12,17,6,286.1
2017,12,17,7,285.5
2017,12,18,0,284.2
2017,12,18,1,283.8
2017,12,18,2,283.3
2017,12,18,3,282.4
2017,12,18,4,282.5
2017,12,18,5,284.2
2017,12,18,6,287.3
2017,12,18,7,287.4
2017,12,19,0,287.4
2017,12,19,1,287.3
2017,12,19,2,287.1
2017,12,19,3,286.8
2017,12,19,4,286.5
2017,12,19,5,287.3
2017,12,19,6,287.2
2017,12,19,7,286.8
2017,12,20,0,287.0
2017,12,20,1,286.8
2017,12,20,2,286.2
2017,12,20,3,285.5
2017,12,20,4,286.1
2017,12,20,5,286.6
2017,12,20,6,287.1
2017,12,20,7,285.2
2017,12,21,0,286.8
2017,12,21,1,286.5
2017,12,21,2,285.3
2017,12,21,3,284.3
2017,12,21,4,284.0
2017,12,21,5,285.4
2017,12,21,6,286.2
2017,12,21,7,287.0
2017,12,22,0,285.4
2017,12,22,1,285.1
2017,12,22,2,284.5
2017,12,22,3,284.0
2017,12,22,4,284.6
2017,12,22,5,285.6
2017,12,22,6,285.9
2017,12,22,7,287.5
2017,12,23,0,287.4
2017,12,23,1,286.5
2017,12,23,2,284.9
2017,12,23,3,282.9
2017,12,23,4,283.9
2017,12,23,5,285.2
2017,12,23,6,284.6
2017,12,23,7,286.6
2017,12,24,0,285.4
2017,12,24,1,285.0
2017,12,24,2,283.8
2017,12,24,3,284.0
2017,12,24,4,284.1
2017,12,24,5,284.7
2017,12,24,6,285.5
2017,12,24,7,284.0
2017,12,25,0,284.4
2017,12,25,1,284.8
2017,12,25,2,284.8
2017,12,25,3,284.1
2017,12,25,4,283.9
2017,12,25,5,284.4
2017,12,25,6,284.4
2017,12,25,7,283.6
2017,12,26,0,284.1
2017,12,26,1,283.6
2017,12,26,2,283.3
2017,12,26,3,283.1
2017,12,26,4,283.3
2017,12,26,5,283.8
2017,12,26,6,284.5
2017,12,26,7,285.7
2017,12,27,0,285.6
2017,12,27,1,285.1
2017,12,27,2,284.4
2017,12,27,3,284.5
2017,12,27,4,284.7
2017,12,27,5,284.6
2017,12,27,6,283.7
2017,12,27,7,284.4
2017,12,28,0,284.8
2017,12,28,1,283.2
2017,12,28,2,282.0
2017,12,28,3,281.2
2017,12,28,4,281.8
2017,12,28,5,281.6
2017,12,28,6,282.0
2017,12,28,7,280.7
2017,12,29,0,281.4
2017,12,29,1,281.4
2017,12,29,2,280.6
2017,12,29,3,280.2
2017,12,29,4,280.1
2017,12,29,5,279.4
2017,12,29,6,280.8
2017,12,29,7,280.9
2017,12,30,0,281.1
2017,12,30,1,280.8
2017,12,30,2,280.5
2017,12,30,3,279.6
2017,12,30,4,279.1
2017,12,30,5,279.3
2017,12,30,6,280.9
2017,12,30,7,280.6
2017,12,31,0,280.3
2017,12,31,1,280.3
2017,12,31,2,280.2
2017,12,31,3,280.1
2017,12,31,4,280.1
2017,12,31,5,280.6
2017,12,31,6,281.8
2017,12,31,7,281.5
2017,12,1,0,281.0
2017,12,1,1,281.0
2017,12,1,2,280.5
2017,12,1,3,280.1
2017,12,1,4,279.9
2017,12,1,5,280.7
2017,12,1,6,281.8
2017,12,1,7,281.5
2017,12,2,0,280.8
2017,12,2,1,280.6
2017,12,2,2,280.1
2017,12,2,3,279.7
2017,12,2,4,279.7
2017,12,2,5,281.1
2017,12,2,6,283.4
2017,12,2,7,282.7
2017,12,3,0,282.9
2017,12,3,1,282.7
2017,12,3,2,281.7
2017,12,3,3,281.6
2017,12,3,4,281.1
2017,12,3,5,281.7
2017,12,3,6,283.0
2017,12,3,7,282.5
2017,12,4,0,282.3
2017,12,4,1,282.4
2017,12,4,2,282.4
2017,12,4,3,282.0
2017,12,4,4,282.1
2017,12,4,5,282.6
2017,12,4,6,283.7
2017,12,4,7,284.2
2017,12,5,0,284.6
2017,12,5,1,283.6
2017,12,5,2,282.0
2017,12,5,3,281.6
2017,12,5,4,281.9
2017,12,5,5,283.0
2017,12,5,6,283.7
2017,12,5,7,287.1
2017,12,6,0,285.3
2017,12,6,1,284.0
2017,12,6,2,282.9
2017,12,6,3,282.3
2017,12,6,4,282.2
2017,12,6,5,283.1
2017,12,6,6,284.2
2017,12,6,7,285.9
2017,12,7,0,284.2
2017,12,7,1,283.7
2017,12,7,2,282.8
2017,12,7,3,282.1
2017,12,7,4,281.7
2017,12,7,5,283.2
2017,12,7,6,283.8
2017,12,7,7,284.6
2017,12,8,0,283.6
2017,12,8,1,283.0
2017,12,8,2,282.5
2017,12,8,3,282.2
2017,12,8,4,282.2
2017,12,8,5,282.5
2017,12,8,6,283.0
2017,12,8,7,283.6
2017,12,9,0,284.5
2017,12,9,1,284.2
2017,12,9,2,284.7
2017,12,9,3,284.3
2017,12,9,4,284.2
2017,12,9,5,284.3
2017,12,9,6,286.3
2017,12,9,7,286.6
2017,12,10,0,286.9
2017,12,10,1,285.9
2017,12,10,2,285.2
2017,12,10,3,284.4
2017,12,10,4,283.9
2017,12,10,5,284.4
2017,12,10,6,285.3
2017,12,10,7,285.6
2017,12,11,0,285.7
2017,12,11,1,286.2
2017,12,11,2,285.1
2017,12,11,3,284.6
2017,12,11,4,286.2
2017,12,11,5,284.9
2017,12,11,6,286.3
2017,12,11,7,289.0
2017,12,12,0,287.3
2017,12,12,1,287.6
2017,12,12,2,286.2
2017,12,12,3,286.2
2017,12,12,4,286.5
2017,12,12,5,285.6
2017,12,12,6,285.1
2017,12,12,7,287.3
2017,12,13,0,286.2
2017,12,13,1,286.6
2017,12,13,2,285.4
2017,12,13,3,284.4
2017,12,13,4,284.4
2017,12,13,5,284.6
2017,12,13,6,286.0
2017,12,13,7,286.5
2017,12,14,0,286.5
2017,12,14,1,286.2
2017,12,14,2,286.1
2017,12,14,3,285.0
2017,12,14,4,286.5
2017,12,14,5,285.0
2017,12,14,6,285.6
2017,12,14,7,286.2
2017,12,15,0,285.1
2017,12,15,1,284.9
2017,12,15,2,283.5
2017,12,15,3,283.1
2017,12,15,4,284.5
2017,12,15,5,283.9
2017,12,15,6,287.3
2017,12,15,7,286.0
2017,12,16,0,286.3
2017,12,16,1,285.0
2017,12,16,2,284.5
2017,12,16,3,283.4
2017,12,16,4,283.6
2017,12,16,5,283.8
2017,12,16,6,285.2
2017,12,16,7,285.5
2017,12,17,0,285.3
2017,12,17,1,284.0
2017,12,17,2,282.6
2017,12,17,3,281.5
2017,12,17,4,282.7
2017,12,17,5,281.5
2017,12,17,6,281.8
2017,12,17,7,283.3
2017,12,18,0,283.1
2017,12,18,1,281.8
2017,12,18,2,281.4
2017,12,18,3,280.9
2017,12,18,4,279.6
2017,12,18,5,280.2
2017,12,18,6,281.6
2017,12,18,7,280.8
2017,12,19,0,280.5
2017,12,19,1,280.2
2017,12,19,2,279.2
2017,12,19,3,278.9
2017,12,19,4,279.2
2017,12,19,5,280.3
2017,12,19,6,281.4
2017,12,19,7,280.7
2017,12,20,0,279.9
2017,12,20,1,280.0
2017,12,20,2,279.2
2017,12,20,3,278.9
2017,12,20,4,279.2
2017,12,20,5,280.2
2017,12,20,6,281.7
2017,12,20,7,281.0
2017,12,21,0,282.8
2017,12,21,1,281.4
2017,12,21,2,280.8
2017,12,21,3,280.5
2017,12,21,4,280.9
2017,12,21,5,282.5
2017,12,21,6,282.9
2017,12,21,7,284.0
2017,12,22,0,283.0
2017,12,22,1,283.0
2017,12,22,2,282.5
2017,12,22,3,282.2
2017,12,22,4,282.3
2017,12,22,5,283.6
2017,12,22,6,284.6
2017,12,22,7,286.5
2017,12,23,0,284.8
2017,12,23,1,284.2
2017,12,23,2,283.4
2017,12,23,3,282.7
2017,12,23,4,283.3
2017,12,23,5,283.9
2017,12,23,6,284.2
2017,12,23,7,285.1
2017,12,24,0,284.5
2017,12,24,1,283.6
2017,12,24,2,283.3
2017,12,24,3,282.1
2017,12,24,4,282.5
2017,12,24,5,282.7
2017,12,24,6,284.1
2017,12,24,7,287.8
2017,12,25,0,285.4
2017,12,25,1,285.3
2017,12,25,2,284.8
2017,12,25,3,284.9
2017,12,25,4,284.8
2017,12,25,5,285.1
2017,12,25,6,285.5
2017,12,25,7,287.8
2017,12,26,0,286.5
2017,12,26,1,285.0
2017,12,26,2,284.3
2017,12,26,3,284.0
2017,12,26,4,283.7
2017,12,26,5,283.4
2017,12,26,6,284.8
2017,12,26,7,284.8
2017,12,27,0,284.9
2017,12,27,1,284.5
2017,12,27,2,283.6
2017,12,27,3,283.3
2017,12,27,4,285.0
2017,12,27,5,284.5
2017,12,27,6,286.7
2017,12,27,7,285.7
2017,12,28,0,286.4
2017,12,28,1,286.0
2017,12,28,2,285.4
2017,12,28,3,285.5
2017,12,28,4,285.7
2017,12,28,5,285.5
2017,12,28,6,286.0
2017,12,28,7,288.0
2017,12,29,0,286.4
2017,12,29,1,286.0
2017,12,29,2,283.8
2017,12,29,3,284.8
2017,12,29,4,283.3
2017,12,29,5,284.1
2017,12,29,6,286.0
2017,12,29,7,286.1
2017,12,30,0,286.0
2017,12,30,1,285.7
2017,12,30,2,285.0
2017,12,30,3,284.1
2017,12,30,4,284.3
2017,12,30,5,284.4
2017,12,30,6,285.1
2017,12,30,7,284.3
2017,12,1,0,283.8
2017,12,1,1,283.5
2017,12,1,2,282.9
2017,12,1,3,282.7
2017,12,1,4,282.5
2017,12,1,5,282.0
2017,12,1,6,283.5
2017,12,1,7,282.5
2017,12,2,0,281.9
2017,12,2,1,281.0
2017,12,2,2,281.3
2017,12,2,3,280.8
2017,12,2,4,280.8
2017,12,2,5,280.3
2017,12,2,6,281.1
2017,12,2,7,280.6
2017,12,3,0,280.8
2017,12,3,1,280.4
2017,12,3,2,280.4
2017,12,3,3,280.1
2017,12,3,4,280.4
2017,12,3,5,281.4
2017,12,3,6,283.2
2017,12,3,7,283.7
2017,12,4,0,283.4
2017,12,4,1,283.2
2017,12,4,2,282.9
2017,12,4,3,282.5
2017,12,4,4,282.5
2017,12,4,5,282.5
2017,12,4,6,283.7
2017,12,4,7,283.7
2017,12,5,0,283.3
2017,12,5,1,283.1
2017,12,5,2,282.9
2017,12,5,3,282.8
2017,12,5,4,282.8
2017,12,5,5,283.3
2017,12,5,6,284.4
2017,12,5,7,284.2
2017,12,6,0,284.2
2017,12,6,1,284.0
2017,12,6,2,283.4
2017,12,6,3,283.1
2017,12,6,4,283.1
2017,12,6,5,284.2
2017,12,6,6,285.1
2017,12,6,7,284.5
2017,12,7,0,284.3
2017,12,7,1,283.8
2017,12,7,2,283.8
2017,12,7,3,283.8
2017,12,7,4,284.7
2017,12,7,5,285.2
2017,12,7,6,285.2
2017,12,7,7,283.8
2017,12,8,0,285.1
2017,12,8,1,284.2
2017,12,8,2,283.6
2017,12,8,3,283.3
2017,12,8,4,283.4
2017,12,8,5,284.4
2017,12,8,6,285.4
2017,12,8,7,287.6
2017,12,9,0,285.8
2017,12,9,1,285.0
2017,12,9,2,284.5
2017,12,9,3,284.3
2017,12,9,4,285.2
2017,12,9,5,286.1
2017,12,9,6,285.8
2017,12,9,7,287.1
2017,12,10,0,286.7
2017,12,10,1,287.2
2017,12,10,2,286.7
2017,12,10,3,285.7
2017,12,10,4,285.6
2017,12,10,5,286.0
2017,12,10,6,285.6
2017,12,10,7,287.0
2017,12,11,0,286.2
2017,12,11,1,286.1
2017,12,11,2,285.3
2017,12,11,3,284.9
2017,12,11,4,285.9
2017,12,11,5,286.1
2017,12,11,6,284.6
2017,12,11,7,288.1
2017,12,12,0,285.3
2017,12,12,1,284.3
2017,12,12,2,284.4
2017,12,12,3,284.7
2017,12,12,4,285.1
2017,12,12,5,285.7
2017,12,12,6,285.1
2017,12,12,7,286.6
2017,12,13,0,286.1
2017,12,13,1,285.5
2017,12,13,2,284.7
2017,12,13,3,284.8
2017,12,13,4,285.6
2017,12,13,5,287.3
2017,12,13,6,287.0
2017,12,13,7,286.9
2017,12,14,0,288.6
2017,12,14,1,286.6
2017,12,14,2,286.4
2017,12,14,3,287.2
2017,12,14,4,291.0
2017,12,14,5,289.8
2017,12,14,6,290.5
2017,12,14,7,290.4
2017,12,15,0,291.1
2017,12,15,1,290.1
2017,12,15,2,291.5
2017,12,15,3,289.3
2017,12,15,4,288.7
2017,12,15,5,287.2
2017,12,15,6,288.3
2017,12,15,7,289.4
2017,12,16,0,289.3
2017,12,16,1,288.1
2017,12,16,2,287.5
2017,12,16,3,288.3
2017,12,16,4,288.6
2017,12,16,5,286.7
2017,12,16,6,286.7
2017,12,16,7,290.4
2017,12,17,0,290.2
2017,12,17,1,287.8
2017,12,17,2,287.4
2017,12,17,3,288.4
2017,12,17,4,289.0
2017,12,17,5,287.7
2017,12,17,6,287.1
2017,12,17,7,287.7
2017,12,18,0,287.4
2017,12,18,1,287.7
2017,12,18,2,287.1
2017,12,18,3,285.3
2017,12,18,4,285.8
2017,12,18,5,285.6
2017,12,18,6,287.4
2017,12,18,7,285.9
2017,12,19,0,286.2
2017,12,19,1,286.2
2017,12,19,2,286.4
2017,12,19,3,287.3
2017,12,19,4,287.8
2017,12,19,5,285.9
2017,12,19,6,289.0
2017,12,19,7,287.4
2017,12,20,0,286.8
2017,12,20,1,286.8
2017,12,20,2,285.8
2017,12,20,3,284.5
2017,12,20,4,285.0
2017,12,20,5,285.6
2017,12,20,6,285.3
2017,12,20,7,285.8
2017,12,21,0,285.4
2017,12,21,1,285.1
2017,12,21,2,284.2
2017,12,21,3,283.7
2017,12,21,4,283.8
2017,12,21,5,284.0
2017,12,21,6,283.6
2017,12,21,7,283.4
2017,12,22,0,283.9
2017,12,22,1,284.0
2017,12,22,2,283.0
2017,12,22,3,281.9
2017,12,22,4,283.9
2017,12,22,5,283.1
2017,12,22,6,284.3
2017,12,22,7,283.1
2017,12,23,0,284.7
2017,12,23,1,284.6
2017,12,23,2,283.7
2017,12,23,3,282.8
2017,12,23,4,283.0
2017,12,23,5,284.0
2017,12,23,6,284.5
2017,12,23,7,283.6
2017,12,24,0,284.9
2017,12,24,1,284.3
2017,12,24,2,283.4
2017,12,24,3,283.1
2017,12,24,4,282.9
2017,12,24,5,283.9
2017,12,24,6,284.4
2017,12,24,7,285.6
2017,12,25,0,284.7
2017,12,25,1,283.9
2017,12,25,2,283.3
2017,12,25,3,282.8
2017,12,25,4,282.3
2017,12,25,5,283.3
2017,12,25,6,283.3
2017,12,25,7,284.2
2017,12,26,0,283.4
2017,12,26,1,282.7
2017,12,26,2,282.5
2017,12,26,3,282.2
2017,12,26,4,282.1
2017,12,26,5,282.7
2017,12,26,6,282.6
2017,12,26,7,283.5
2017,12,27,0,284.2
2017,12,27,1,283.9
2017,12,27,2,283.4
2017,12,27,3,283.4
2017,12,27,4,283.8
2017,12,27,5,283.6
2017,12,27,6,284.9
2017,12,27,7,285.3
2017,12,28,0,286.6
2017,12,28,1,286.0
2017,12,28,2,285.0
2017,12,28,3,284.3
2017,12,28,4,285.6
2017,12,28,5,284.6
2017,12,28,6,286.4
2017,12,28,7,286.4
2017,12,29,0,285.5
2017,12,29,1,285.2
2017,12,29,2,285.8
2017,12,29,3,285.8
2017,12,29,4,286.9
2017,12,29,5,285.5
2017,12,29,6,285.5
2017,12,29,7,286.1
2017,12,30,0,287.3
2017,12,30,1,285.4
2017,12,30,2,283.1
2017,12,30,3,282.7
2017,12,30,4,281.6
2017,12,30,5,284.2
2017,12,30,6,285.4
2017,12,30,7,288.1
2017,12,31,0,285.7
2017,12,31,1,285.3
2017,12,31,2,284.8
2017,12,31,3,284.2
2017,12,31,4,283.1
2017,12,31,5,282.0
2017,12,31,6,283.4
2017,12,31,7,284.5
2018,12,1,0,284.8
2018,12,1,1,283.1
2018,12,1,2,280.8
2018,12,1,3,279.9
2018,12,1,4,279.2
2018,12,1,5,280.7
2018,12,1,6,282.9
2018,12,1,7,282.7
2018,12,2,0,283.9
2018,12,2,1,281.6
2018,12,2,2,280.4
2018,12,2,3,279.5
2018,12,2,4,278.9
2018,12,2,5,281.2
2018,12,2,6,282.6
2018,12,2,7,281.4
2018,12,3,0,282.7
2018,12,3,1,281.6
2018,12,3,2,281.5
2018,12,3,3,281.2
2018,12,3,4,281.5
2018,12,3,5,283.5
2018,12,3,6,284.2
2018,12,3,7,285.2
2018,12,4,0,285.3
2018,12,4,1,284.8
2018,12,4,2,284.1
2018,12,4,3,283.6
2018,12,4,4,283.6
2018,12,4,5,283.9
2018,12,4,6,284.8
2018,12,4,7,286.5
2018,12,5,0,285.7
2018,12,5,1,285.3
2018,12,5,2,284.3
2018,12,5,3,283.6
2018,12,5,4,284.0
2018,12,5,5,283.9
2018,12,5,6,284.1
2018,12,5,7,285.5
2018,12,6,0,284.5
2018,12,6,1,285.2
2018,12,6,2,284.7
2018,12,6,3,284.3
2018,12,6,4,284.6
2018,12,6,5,283.8
2018,12,6,6,285.3
2018,12,6,7,285.4
2018,12,7,0,284.6
2018,12,7,1,284.1
2018,12,7,2,283.8
2018,12,7,3,283.1
2018,12,7,4,283.7
2018,12,7,5,283.7
2018,12,7,6,285.1
2018,12,7,7,284.9
2018,12,8,0,284.8
2018,12,8,1,285.2
2018,12,8,2,284.5
2018,12,8,3,284.2
2018,12,8,4,284.1
2018,12,8,5,284.4
2018,12,8,6,285.6
2018,12,8,7,284.5
2018,12,9,0,284.4
2018,12,9,1,285.1
2018,12,9,2,284.3
2018,12,9,3,284.0
2018,12,9,4,283.9
2018,12,9,5,284.7
2018,12,9,6,285.5
2018,12,9,7,284.1
2018,12,10,0,285.1
2018,12,10,1,285.1
2018,12,10,2,284.2
2018,12,10,3,283.5
2018,12,10,4,283.1
2018,12,10,5,283.9
2018,12,10,6,285.2
2018,12,10,7,283.8
2018,12,11,0,283.8
2018,12,11,1,283.6
2018,12,11,2,283.4
2018,12,11,3,283.0
2018,12,11,4,283.9
2018,12,11,5,284.9
2018,12,11,6,285.3
2018,12,11,7,284.7
2018,12,12,0,288.2
2018,12,12,1,284.5
2018,12,12,2,284.5
2018,12,12,3,283.9
2018,12,12,4,283.8
2018,12,12,5,283.9
2018,12,12,6,283.4
2018,12,12,7,282.5
2018,12,13,0,283.3
2018,12,13,1,283.3
2018,12,13,2,283.0
2018,12,13,3,282.2
2018,12,13,4,281.8
2018,12,13,5,282.7
2018,12,13,6,282.8
2018,12,13,7,281.1
2018,12,14,0,282.6
2018,12,14,1,282.5
2018,12,14,2,282.5
2018,12,14,3,282.1
2018,12,14,4,281.9
2018,12,14,5,282.3
2018,12,14,6,282.5
2018,12,14,7,280.6
2018,12,15,0,281.6
2018,12,15,1,281.2
2018,12,15,2,281.1
2018,12,15,3,280.7
2018,12,15,4,280.6
2018,12,15,5,281.7
2018,12,15,6,281.9
2018,12,15,7,280.5
2018,12,16,0,280.9
2018,12,16,1,282.9
2018,12,16,2,281.1
2018,12,16,3,280.9
2018,12,16,4,282.5
2018,12,16,5,283.5
2018,12,16,6,284.9
2018,12,16,7,287.1
2018,12,17,0,287.3
2018,12,17,1,285.1
2018,12,17,2,284.6
2018,12,17,3,284.5
2018,12,17,4,284.4
2018,12,17,5,284.6
2018,12,17,6,286.4
2018,12,17,7,286.5
2018,12,18,0,286.6
2018,12,18,1,285.1
2018,12,18,2,284.6
2018,12,18,3,284.2
2018,12,18,4,284.2
2018,12,18,5,283.9
2018,12,18,6,285.7
2018,12,18,7,287.2
2018,12,19,0,286.7
2018,12,19,1,285.2
2018,12,19,2,285.3
2018,12,19,3,283.7
2018,12,19,4,285.0
2018,12,19,5,284.9
2018,12,19,6,285.7
2018,12,19,7,287.3
2018,12,20,0,286.6
2018,12,20,1,284.8
2018,12,20,2,284.2
2018,12,20,3,283.8
2018,12,20,4,283.6
2018,12,20,5,283.9
2018,12,20,6,285.2
2018,12,20,7,284.1
2018,12,21,0,285.3
2018,12,21,1,284.7
2018,12,21,2,284.2
2018,12,21,3,283.7
2018,12,21,4,283.7
2018,12,21,5,284.3
2018,12,21,6,286.1
2018,12,21,7,285.7
2018,12,22,0,285.5
2018,12,22,1,284.7
2018,12,22,2,284.1
2018,12,22,3,283.8
2018,12,22,4,283.7
2018,12,22,5,284.2
2018,12,22,6,285.7
2018,12,22,7,285.0
2018,12,23,0,284.6
2018,12,23,1,284.1
2018,12,23,2,283.6
2018,12,23,3,283.3
2018,12,23,4,283.5
2018,12,23,5,284.7
2018,12,23,6,286.1
2018,12,23,7,285.7
2018,12,24,0,285.8
2018,12,24,1,285.9
2018,12,24,2,285.1
2018,12,24,3,284.1
2018,12,24,4,284.1
2018,12,24,5,285.0
2018,12,24,6,286.6
2018,12,24,7,285.0
2018,12,25,0,286.0
2018,12,25,1,284.9
2018,12,25,2,284.5
2018,12,25,3,284.0
2018,12,25,4,284.6
2018,12,25,5,285.6
2018,12,25,6,285.4
2018,12,25,7,284.2
2018,12,26,0,285.8
2018,12,26,1,285.8
2018,12,26,2,285.6
2018,12,26,3,285.5
2018,12,26,4,285.0
2018,12,26,5,286.0
2018,12,26,6,286.3
2018,12,26,7,285.0
2018,12,27,0,286.0
2018,12,27,1,286.0
2018,12,27,2,285.7
2018,12,27,3,285.3
2018,12,27,4,285.1
2018,12,27,5,286.3
2018,12,27,6,286.5
2018,12,27,7,284.7
2018,12,28,0,286.0
2018,12,28,1,286.0
2018,12,28,2,285.9
2018,12,28,3,284.8
2018,12,28,4,285.2
2018,12,28,5,286.7
2018,12,28,6,286.5
2018,12,28,7,286.5
2018,12,29,0,286.4
2018,12,29,1,285.7
2018,12,29,2,285.2
2018,12,29,3,284.6
2018,12,29,4,284.3
2018,12,29,5,285.4
2018,12,29,6,286.1
2018,12,29,7,284.3
2018,12,30,0,285.3
2018,12,30,1,283.9
2018,12,30,2,283.0
2018,12,30,3,281.9
2018,12,30,4,281.5
2018,12,30,5,284.3
2018,12,30,6,284.1
2018,12,30,7,283.4
2018,12,31,0,285.0
2018,12,31,1,284.7
2018,12,31,2,284.5
2018,12,31,3,284.4
2018,12,31,4,284.7
2018,12,31,5,285.2
2018,12,31,6,285.4
2018,12,31,7,287.4
2018,12,1,0,286.6
2018,12,1,1,286.5
2018,12,1,2,286.1
2018,12,1,3,286.7
2018,12,1,4,285.7
2018,12,1,5,285.9
2018,12,1,6,285.7
2018,12,1,7,286.9
2018,12,2,0,286.9
2018,12,2,1,286.1
2018,12,2,2,285.9
2018,12,2,3,285.6
2018,12,2,4,285.6
2018,12,2,5,285.1
2018,12,2,6,285.9
2018,12,2,7,285.3
2018,12,3,0,284.7
2018,12,3,1,284.3
2018,12,3,2,283.9
2018,12,3,3,283.7
2018,12,3,4,283.7
2018,12,3,5,284.7
2018,12,3,6,284.8
2018,12,3,7,283.2
2018,12,4,0,283.7
2018,12,4,1,284.8
2018,12,4,2,283.8
2018,12,4,3,282.4
2018,12,4,4,283.2
2018,12,4,5,284.0
2018,12,4,6,284.3
2018,12,4,7,283.3
2018,12,5,0,285.2
2018,12,5,1,285.2
2018,12,5,2,284.2
2018,12,5,3,284.0
2018,12,5,4,284.4
2018,12,5,5,285.0
2018,12,5,6,284.6
2018,12,5,7,284.6
2018,12,6,0,285.5
2018,12,6,1,284.9
2018,12,6,2,284.8
2018,12,6,3,284.2
2018,12,6,4,283.7
2018,12,6,5,284.1
2018,12,6,6,286.4
2018,12,6,7,284.7
2018,12,7,0,284.7
2018,12,7,1,284.8
2018,12,7,2,283.1
2018,12,7,3,282.5
2018,12,7,4,283.2
2018,12,7,5,282.9
2018,12,7,6,284.4
2018,12,7,7,281.5
2018,12,8,0,284.5
2018,12,8,1,283.5
2018,12,8,2,282.4
2018,12,8,3,281.1
2018,12,8,4,282.4
2018,12,8,5,283.5
2018,12,8,6,284.0
2018,12,8,7,285.3
2018,12,9,0,284.3
2018,12,9,1,283.7
2018,12,9,2,282.8
2018,12,9,3,281.9
2018,12,9,4,283.2
2018,12,9,5,281.3
2018,12,9,6,282.6
2018,12,9,7,284.0
2018,12,10,0,284.2
2018,12,10,1,285.5
2018,12,10,2,285.4
2018,12,10,3,284.7
2018,12,10,4,284.6
2018,12,10,5,283.6
2018,12,10,6,284.0
2018,12,10,7,284.8
2018,12,11,0,284.9
2018,12,11,1,284.3
2018,12,11,2,285.1
2018,12,11,3,284.2
2018,12,11,4,284.4
2018,12,11,5,283.2
2018,12,11,6,285.9
2018,12,11,7,284.4
2018,12,12,0,284.6
2018,12,12,1,284.9
2018,12,12,2,285.5
2018,12,12,3,285.7
2018,12,12,4,285.6
2018,12,12,5,285.1
2018,12,12,6,286.1
2018,12,12,7,287.5
2018,12,13,0,287.4
2018,12,13,1,286.6
2018,12,13,2,286.2
2018,12,13,3,285.6
2018,12,13,4,285.3
2018,12,13,5,283.3
2018,12,13,6,283.7
2018,12,13,7,285.7
2018,12,14,0,285.9
2018,12,14,1,287.3
2018,12,14,2,285.9
2018,12,14,3,285.1
2018,12,14,4,284.9
2018,12,14,5,284.8
2018,12,14,6,286.3
2018,12,14,7,285.6
2018,12,15,0,285.7
2018,12,15,1,285.9
2018,12,15,2,286.1
2018,12,15,3,285.8
2018,12,15,4,285.5
2018,12,15,5,284.7
2018,12,15,6,286.0
2018,12,15,7,287.8
2018,12,16,0,286.2
2018,12,16,1,286.1
2018,12,16,2,285.6
2018,12,16,3,284.8
2018,12,16,4,284.6
2018,12,16,5,285.1
2018,12,16,6,285.2
2018,12,16,7,283.8
2018,12,17,0,284.2
2018,12,17,1,285.0
2018,12,17,2,286.4
2018,12,17,3,285.2
2018,12,17,4,284.6
2018,12,17,5,284.1
2018,12,17,6,287.0
2018,12,17,7,287.1
2018,12,18,0,286.0
2018,12,18,1,285.7
2018,12,18,2,284.9
2018,12,18,3,284.0
2018,12,18,4,283.8
2018,12,18,5,282.0
2018,12,18,6,281.7
2018,12,18,7,283.8
2018,12,19,0,284.0
2018,12,19,1,283.7
2018,12,19,2,282.7
2018,12,19,3,282.8
2018,12,19,4,282.7
2018,12,19,5,279.8
2018,12,19,6,280.7
2018,12,19,7,280.5
2018,12,20,0,282.8
2018,12,20,1,281.3
2018,12,20,2,280.9
2018,12,20,3,280.8
2018,12,20,4,280.6
2018,12,20,5,281.3
2018,12,20,6,282.3
2018,12,20,7,283.9
2018,12,21,0,283.4
2018,12,21,1,283.2
2018,12,21,2,283.5
2018,12,21,3,282.6
2018,12,21,4,282.3
2018,12,21,5,282.7
2018,12,21,6,284.3
2018,12,21,7,284.4
2018,12,22,0,284.5
2018,12,22,1,284.1
2018,12,22,2,283.7
2018,12,22,3,283.3
2018,12,22,4,282.9
2018,12,22,5,283.7
2018,12,22,6,284.6
2018,12,22,7,286.3
2018,12,23,0,285.8
2018,12,23,1,284.6
2018,12,23,2,283.4
2018,12,23,3,284.4
2018,12,23,4,284.1
2018,12,23,5,282.8
2018,12,23,6,283.8
2018,12,23,7,282.5
2018,12,24,0,284.4
2018,12,24,1,282.7
2018,12,24,2,281.9
2018,12,24,3,281.2
2018,12,24,4,280.7
2018,12,24,5,280.9
2018,12,24,6,282.3
2018,12,24,7,280.2
2018,12,25,0,282.7
2018,12,25,1,281.2
2018,12,25,2,281.0
2018,12,25,3,280.5
2018,12,25,4,281.0
2018,12,25,5,281.3
2018,12,25,6,282.4
2018,12,25,7,284.2
2018,12,26,0,283.7
2018,12,26,1,283.0
2018,12,26,2,282.4
2018,12,26,3,281.6
2018,12,26,4,282.0
2018,12,26,5,280.5
2018,12,26,6,281.0
2018,12,26,7,281.3
2018,12,27,0,281.8
2018,12,27,1,281.6
2018,12,27,2,280.8
2018,12,27,3,279.9
2018,12,27,4,279.7
2018,12,27,5,280.2
2018,12,27,6,281.6
2018,12,27,7,281.2
2018,12,28,0,281.1
2018,12,28,1,280.3
2018,12,28,2,280.1
2018,12,28,3,279.9
2018,12,28,4,279.6
2018,12,28,5,279.3
2018,12,28,6,280.9
2018,12,28,7,281.1
2018,12,1,0,280.9
2018,12,1,1,280.3
2018,12,1,2,280.1
2018,12,1,3,279.9
2018,12,1,4,280.0
2018,12,1,5,281.0
2018,12,1,6,282.7
2018,12,1,7,282.9
2018,12,2,0,283.1
2018,12,2,1,282.5
2018,12,2,2,282.6
2018,12,2,3,281.9
2018,12,2,4,281.4
2018,12,2,5,282.2
2018,12,2,6,284.3
2018,12,2,7,283.7
2018,12,3,0,284.4
2018,12,3,1,283.7
2018,12,3,2,283.5
2018,12,3,3,282.9
2018,12,3,4,282.5
2018,12,3,5,282.6
2018,12,3,6,284.2
2018,12,3,7,283.7
2018,12,4,0,284.5
2018,12,4,1,284.0
2018,12,4,2,283.6
2018,12,4,3,283.2
2018,12,4,4,283.2
2018,12,4,5,283.9
2018,12,4,6,284.7
2018,12,4,7,282.9
2018,12,5,0,284.1
2018,12,5,1,284.4
2018,12,5,2,283.7
2018,12,5,3,283.2
2018,12,5,4,282.9
2018,12,5,5,282.9
2018,12,5,6,283.0
2018,12,5,7,282.9
2018,12,6,0,283.5
2018,12,6,1,282.0
2018,12,6,2,281.5
2018,12,6,3,281.0
2018,12,6,4,281.3
2018,12,6,5,281.1
2018,12,6,6,282.7
2018,12,6,7,282.5
2018,12,7,0,282.6
2018,12,7,1,282.8
2018,12,7,2,283.3
2018,12,7,3,282.3
2018,12,7,4,281.9
2018,12,7,5,281.3
2018,12,7,6,282.6
2018,12,7,7,282.3
2018,12,8,0,282.0
2018,12,8,1,281.6
2018,12,8,2,282.2
2018,12,8,3,281.8
2018,12,8,4,282.2
2018,12,8,5,282.2
2018,12,8,6,283.2
2018,12,8,7,283.7
2018,12,9,0,283.3
2018,12,9,1,282.4
2018,12,9,2,282.3
2018,12,9,3,282.8
2018,12,9,4,282.4
2018,12,9,5,283.5
2018,12,9,6,285.4
2018,12,9,7,285.6
2018,12,10,0,285.3
2018,12,10,1,285.4
2018,12,10,2,284.9
2018,12,10,3,284.6
2018,12,10,4,285.3
2018,12,10,5,286.5
2018,12,10,6,288.1
2018,12,10,7,286.8
2018,12,11,0,288.8
2018,12,11,1,289.5
2018,12,11,2,289.9
2018,12,11,3,288.7
2018,12,11,4,287.5
2018,12,11,5,288.4
2018,12,11,6,289.4
2018,12,11,7,289.4
2018,12,12,0,290.7
2018,12,12,1,289.6
2018,12,12,2,291.0
2018,12,12,3,289.7
2018,12,12,4,287.2
2018,12,12,5,286.9
2018,12,12,6,289.7
2018,12,12,7,290.3
2018,12,13,0,289.2
2018,12,13,1,288.5
2018,12,13,2,287.2
2018,12,13,3,285.8
2018,12,13,4,285.7
2018,12,13,5,285.0
2018,12,13,6,285.6
2018,12,13,7,285.2
2018,12,14,0,286.9
2018,12,14,1,286.3
2018,12,14,2,286.2
2018,12,14,3,285.7
2018,12,14,4,285.1
2018,12,14,5,284.5
2018,12,14,6,285.5
2018,12,14,7,285.0
2018,12,15,0,286.5
2018,12,15,1,285.9
2018,12,15,2,285.5
2018,12,15,3,285.0
2018,12,15,4,284.7
2018,12,15,5,284.5
2018,12,15,6,285.4
2018,12,15,7,284.4
2018,12,16,0,285.5
2018,12,16,1,284.8
2018,12,16,2,284.5
2018,12,16,3,284.1
2018,12,16,4,284.2
2018,12,16,5,284.0
2018,12,16,6,284.8
2018,12,16,7,284.1
2018,12,17,0,285.4
2018,12,17,1,284.7
2018,12,17,2,284.2
2018,12,17,3,283.7
2018,12,17,4,283.8
2018,12,17,5,283.7
2018,12,17,6,283.9
2018,12,17,7,282.6
2018,12,18,0,284.5
2018,12,18,1,284.0
2018,12,18,2,283.8
2018,12,18,3,283.7
2018,12,18,4,284.3
2018,12,18,5,284.0
2018,12,18,6,285.1
2018,12,18,7,286.7
2018,12,19,0,286.2
2018,12,19,1,285.9
2018,12,19,2,286.0
2018,12,19,3,286.1
2018,12,19,4,286.0
2018,12,19,5,284.9
2018,12,19,6,287.3
2018,12,19,7,286.8
2018,12,20,0,285.9
2018,12,20,1,286.3
2018,12,20,2,286.1
2018,12,20,3,285.6
2018,12,20,4,285.0
2018,12,20,5,284.8
2018,12,20,6,286.1
2018,12,20,7,286.6
2018,12,21,0,287.9
2018,12,21,1,288.4
2018,12,21,2,288.2
2018,12,21,3,287.2
2018,12,21,4,287.9
2018,12,21,5,286.9
2018,12,21,6,287.9
2018,12,21,7,286.7
2018,12,22,0,286.6
2018,12,22,1,285.8
2018,12,22,2,285.7
2018,12,22,3,285.8
2018,12,22,4,286.3
2018,12,22,5,286.4
2018,12,22,6,287.3
2018,12,22,7,288.6
2018,12,23,0,287.1
2018,12,23,1,286.2
2018,12,23,2,285.3
2018,12,23,3,284.8
2018,12,23,4,284.7
2018,12,23,5,284.7
2018,12,23,6,285.8
2018,12,23,7,285.1
2018,12,24,0,285.3
2018,12,24,1,284.5
2018,12,24,2,283.7
2018,12,24,3,283.2
2018,12,24,4,282.2
2018,12,24,5,282.3
2018,12,24,6,283.9
2018,12,24,7,283.2
2018,12,25,0,282.0
2018,12,25,1,282.1
2018,12,25,2,282.2
2018,12,25,3,282.2
2018,12,25,4,282.5
2018,12,25,5,284.1
2018,12,25,6,285.1
2018,12,25,7,284.8
2018,12,26,0,286.1
2018,12,26,1,285.6
2018,12,26,2,285.7
2018,12,26,3,285.4
2018,12,26,4,285.4
2018,12,26,5,285.4
2018,12,26,6,286.0
2018,12,26,7,288.2
2018,12,27,0,286.4
2018,12,27,1,285.9
2018,12,27,2,285.2
2018,12,27,3,284.4
2018,12,27,4,284.0
2018,12,27,5,283.6
2018,12,27,6,284.3
2018,12,27,7,283.6
2018,12,28,0,282.5
2018,12,28,1,282.3
2018,12,28,2,282.3
2018,12,28,3,281.9
2018,12,28,4,282.2
2018,12,28,5,283.8
2018,12,28,6,284.5
2018,12,28,7,283.4
2018,12,29,0,283.7
2018,12,29,1,283.9
2018,12,29,2,284.3
2018,12,29,3,284.0
2018,12,29,4,284.3
2018,12,29,5,284.7
2018,12,29,6,285.2
2018,12,29,7,284.6
2018,12,30,0,285.8
2018,12,30,1,286.2
2018,12,30,2,286.1
2018,12,30,3,285.3
2018,12,30,4,285.1
2018,12,30,5,286.5
2018,12,30,6,287.0
2018,12,30,7,285.3
2018,12,31,0,286.5
2018,12,31,1,285.5
2018,12,31,2,284.0
2018,12,31,3,283.9
2018,12,31,4,283.9
2018,12,31,5,284.1
2018,12,31,6,284.8
2018,12,31,7,286.5
2018,12,1,0,284.7
2018,12,1,1,283.7
2018,12,1,2,282.3
2018,12,1,3,281.9
2018,12,1,4,282.0
2018,12,1,5,282.9
2018,12,1,6,284.2
2018,12,1,7,283.3
2018,12,2,0,282.5
2018,12,2,1,282.1
2018,12,2,2,281.8
2018,12,2,3,281.5
2018,12,2,4,281.8
2018,12,2,5,282.6
2018,12,2,6,284.0
2018,12,2,7,282.9
2018,12,3,0,282.1
2018,12,3,1,282.1
2018,12,3,2,281.8
2018,12,3,3,281.4
2018,12,3,4,281.3
2018,12,3,5,281.9
2018,12,3,6,283.5
2018,12,3,7,282.1
2018,12,4,0,281.4
2018,12,4,1,281.6
2018,12,4,2,281.6
2018,12,4,3,281.0
2018,12,4,4,280.7
2018,12,4,5,280.9
2018,12,4,6,282.7
2018,12,4,7,282.5
2018,12,5,0,281.8
2018,12,5,1,281.4
2018,12,5,2,281.2
2018,12,5,3,281.1
2018,12,5,4,281.4
2018,12,5,5,281.6
2018,12,5,6,282.4
2018,12,5,7,281.4
2018,12,6,0,281.6
2018,12,6,1,281.6
2018,12,6,2,281.7
2018,12,6,3,281.6
2018,12,6,4,282.2
2018,12,6,5,282.3
2018,12,6,6,283.4
2018,12,6,7,283.6
2018,12,7,0,286.2
2018,12,7,1,284.1
2018,12,7,2,284.4
2018,12,7,3,284.5
2018,12,7,4,284.4
2018,12,7,5,284.1
2018,12,7,6,285.6
2018,12,7,7,285.2
2018,12,8,0,285.6
2018,12,8,1,285.5
2018,12,8,2,285.0
2018,12,8,3,285.0
2018,12,8,4,285.5
2018,12,8,5,284.9
2018,12,8,6,286.1
2018,12,8,7,286.0
2018,12,9,0,286.4
2018,12,9,1,286.1
2018,12,9,2,285.8
2018,12,9,3,285.3
2018,12,9,4,285.5
2018,12,9,5,285.3
2018,12,9,6,284.9
2018,12,9,7,286.9
2018,12,10,0,286.3
2018,12,10,1,286.0
2018,12,10,2,283.7
2018,12,10,3,283.4
2018,12,10,4,283.7
2018,12,10,5,283.3
2018,12,10,6,283.4
2018,12,10,7,285.2
2018,12,11,0,284.2
2018,12,11,1,283.6
2018,12,11,2,283.2
2018,12,11,3,281.4
2018,12,11,4,282.3
2018,12,11,5,282.9
2018,12,11,6,283.3
2018,12,11,7,283.8
2018,12,12,0,284.8
2018,12,12,1,285.2
2018,12,12,2,284.7
2018,12,12,3,284.6
2018,12,12,4,285.2
2018,12,12,5,285.7
2018,12,12,6,285.7
2018,12,12,7,286.6
2018,12,13,0,287.5
2018,12,13,1,287.6
2018,12,13,2,286.5
2018,12,13,3,286.0
2018,12,13,4,286.7
2018,12,13,5,286.6
2018,12,13,6,286.0
2018,12,13,7,287.0
2018,12,14,0,287.8
2018,12,14,1,288.2
2018,12,14,2,288.1
2018,12,14,3,288.2
2018,12,14,4,288.7
2018,12,14,5,288.3
2018,12,14,6,288.5
2018,12,14,7,289.4
2018,12,15,0,289.5
2018,12,15,1,290.0
2018,12,15,2,290.0
2018,12,15,3,289.4
2018,12,15,4,289.4
2018,12,15,5,288.4
2018,12,15,6,288.4
2018,12,15,7,289.1
2018,12,16,0,288.3
2018,12,16,1,288.6
2018,12,16,2,288.8
2018,12,16,3,287.8
2018,12,16,4,287.7
2018,12,16,5,288.4
2018,12,16,6,287.9
2018,12,16,7,287.8
2018,12,17,0,288.7
2018,12,17,1,289.4
2018,12,17,2,287.0
2018,12,17,3,286.4
2018,12,17,4,287.9
2018,12,17,5,287.5
2018,12,17,6,283.2
2018,12,17,7,282.7
2018,12,18,0,286.4
2018,12,18,1,287.7
2018,12,18,2,287.2
2018,12,18,3,287.2
2018,12,18,4,287.6
2018,12,18,5,287.7
2018,12,18,6,286.2
2018,12,18,7,287.7
2018,12,19,0,288.2
2018,12,19,1,287.8
2018,12,19,2,286.7
2018,12,19,3,286.2
2018,12,19,4,286.3
2018,12,19,5,285.9
2018,12,19,6,286.5
2018,12,19,7,287.3
2018,12,20,0,286.5
2018,12,20,1,285.8
2018,12,20,2,285.6
2018,12,20,3,285.4
2018,12,20,4,284.4
2018,12,20,5,283.7
2018,12,20,6,284.8
2018,12,20,7,285.2
2018,12,21,0,285.6
2018,12,21,1,285.3
2018,12,21,2,285.3
2018,12,21,3,285.8
2018,12,21,4,285.5
2018,12,21,5,284.3
2018,12,21,6,285.8
2018,12,21,7,286.2
2018,12,22,0,286.4
2018,12,22,1,285.4
2018,12,22,2,285.5
2018,12,22,3,284.8
2018,12,22,4,283.4
2018,12,22,5,284.2
2018,12,22,6,285.9
2018,12,22,7,285.4
2018,12,23,0,286.8
2018,12,23,1,286.5
2018,12,23,2,286.0
2018,12,23,3,285.2
2018,12,23,4,284.8
2018,12,23,5,284.8
2018,12,23,6,285.0
2018,12,23,7,285.2
2018,12,24,0,286.0
2018,12,24,1,285.4
2018,12,24,2,284.9
2018,12,24,3,283.8
2018,12,24,4,283.6
2018,12,24,5,283.6
2018,12,24,6,284.9
2018,12,24,7,285.9
2018,12,25,0,286.3
2018,12,25,1,286.0
2018,12,25,2,285.4
2018,12,25,3,285.1
2018,12,25,4,285.6
2018,12,25,5,285.5
2018,12,25,6,285.1
2018,12,25,7,285.6
2018,12,26,0,285.7
2018,12,26,1,285.6
2018,12,26,2,284.4
2018,12,26,3,283.6
2018,12,26,4,283.9
2018,12,26,5,284.1
2018,12,26,6,285.0
2018,12,26,7,285.3
2018,12,27,0,284.4
2018,12,27,1,283.6
2018,12,27,2,283.0
2018,12,27,3,282.4
2018,12,27,4,282.2
2018,12,27,5,282.9
2018,12,27,6,284.5
2018,12,27,7,284.1
2018,12,28,0,284.5
2018,12,28,1,284.4
2018,12,28,2,283.5
2018,12,28,3,283.1
2018,12,28,4,283.8
2018,12,28,5,283.9
2018,12,28,6,284.6
2018,12,28,7,283.9
2018,12,29,0,284.1
2018,12,29,1,284.7
2018,12,29,2,284.2
2018,12,29,3,284.5
2018,12,29,4,285.5
2018,12,29,5,285.6
2018,12,29,6,285.6
2018,12,29,7,285.8
2018,12,30,0,287.1
2018,12,30,1,286.8
2018,12,30,2,288.4
2018,12,30,3,286.3
2018,12,30,4,286.8
2018,12,30,5,286.5
2018,12,30,6,287.2
2018,12,30,7,287.2
2018,12,1,0,287.1
2018,12,1,1,287.0
2018,12,1,2,286.3
2018,12,1,3,285.2
2018,12,1,4,285.5
2018,12,1,5,286.2
2018,12,1,6,287.1
2018,12,1,7,286.2
2018,12,2,0,286.1
2018,12,2,1,285.3
2018,12,2,2,284.4
2018,12,2,3,284.1
2018,12,2,4,284.3
2018,12,2,5,284.5
2018,12,2,6,285.3
2018,12,2,7,285.4
2018,12,3,0,285.0
2018,12,3,1,285.0
2018,12,3,2,284.3
2018,12,3,3,283.4
2018,12,3,4,283.7
2018,12,3,5,283.7
2018,12,3,6,284.3
2018,12,3,7,284.6
2018,12,4,0,284.3
2018,12,4,1,283.7
2018,12,4,2,283.4
2018,12,4,3,282.7
2018,12,4,4,282.6
2018,12,4,5,283.0
2018,12,4,6,283.8
2018,12,4,7,286.0
2018,12,5,0,284.8
2018,12,5,1,284.0
2018,12,5,2,283.4
2018,12,5,3,284.5
2018,12,5,4,285.0
2018,12,5,5,285.0
2018,12,5,6,284.4
2018,12,5,7,284.2
2018,12,6,0,284.4
2018,12,6,1,283.8
2018,12,6,2,284.4
2018,12,6,3,284.3
2018,12,6,4,283.4
2018,12,6,5,284.2
2018,12,6,6,282.8
2018,12,6,7,282.7
2018,12,7,0,282.8
2018,12,7,1,282.4
2018,12,7,2,282.0
2018,12,7,3,281.8
2018,12,7,4,282.1
2018,12,7,5,281.9
2018,12,7,6,283.1
2018,12,7,7,283.5
2018,12,8,0,283.4
2018,12,8,1,282.7
2018,12,8,2,282.3
2018,12,8,3,282.0
2018,12,8,4,282.2
2018,12,8,5,281.9
2018,12,8,6,282.3
2018,12,8,7,281.8
2018,12,9,0,281.7
2018,12,9,1,280.9
2018,12,9,2,279.5
2018,12,9,3,278.2
2018,12,9,4,277.5
2018,12,9,5,277.4
2018,12,9,6,276.8
2018,12,9,7,277.0
2018,12,10,0,276.3
2018,12,10,1,275.9
2018,12,10,2,275.6
2018,12,10,3,275.4
2018,12,10,4,276.1
2018,12,10,5,276.6
2018,12,10,6,277.5
2018,12,10,7,278.2
2018,12,11,0,277.2
2018,12,11,1,279.7
2018,12,11,2,280.4
2018,12,11,3,280.8
2018,12,11,4,281.8
2018,12,11,5,281.8
2018,12,11,6,284.5
2018,12,11,7,284.5
2018,12,12,0,285.0
2018,12,12,1,284.6
2018,12,12,2,283.7
2018,12,12,3,283.3
2018,12,12,4,283.9
2018,12,12,5,283.4
2018,12,12,6,284.1
2018,12,12,7,284.4
2018,12,13,0,284.5
2018,12,13,1,284.3
2018,12,13,2,284.1
2018,12,13,3,283.5
2018,12,13,4,283.7
2018,12,13,5,282.8
2018,12,13,6,283.4
2018,12,13,7,283.5
2018,12,14,0,283.4
2018,12,14,1,282.8
2018,12,14,2,282.2
2018,12,14,3,281.7
2018,12,14,4,282.5
2018,12,14,5,285.1
2018,12,14,6,284.5
2018,12,14,7,284.2
2018,12,15,0,282.9
2018,12,15,1,284.0
2018,12,15,2,282.6
2018,12,15,3,282.4
2018,12,15,4,282.9
2018,12,15,5,283.7
2018,12,15,6,284.0
2018,12,15,7,283.8
2018,12,16,0,284.1
2018,12,16,1,283.8
2018,12,16,2,284.3
2018,12,16,3,284.4
2018,12,16,4,284.4
2018,12,16,5,283.8
2018,12,16,6,284.6
2018,12,16,7,284.7
2018,12,17,0,285.4
2018,12,17,1,285.4
2018,12,17,2,285.0
2018,12,17,3,284.1
2018,12,17,4,284.0
2018,12,17,5,284.0
2018,12,17,6,283.8
2018,12,17,7,285.4
2018,12,18,0,284.3
2018,12,18,1,283.4
2018,12,18,2,282.9
2018,12,18,3,282.2
2018,12,18,4,281.6
2018,12,18,5,281.4
2018,12,18,6,282.0
2018,12,18,7,283.5
2018,12,19,0,282.9
2018,12,19,1,282.8
2018,12,19,2,282.4
2018,12,19,3,282.6
2018,12,19,4,284.4
2018,12,19,5,284.7
2018,12,19,6,285.1
2018,12,19,7,285.0
2018,12,20,0,285.4
2018,12,20,1,285.3
2018,12,20,2,285.6
2018,12,20,3,285.7
2018,12,20,4,285.6
2018,12,20,5,284.3
2018,12,20,6,284.7
2018,12,20,7,285.6
2018,12,21,0,285.5
2018,12,21,1,284.5
2018,12,21,2,284.1
2018,12,21,3,283.7
2018,12,21,4,283.8
2018,12,21,5,282.5
2018,12,21,6,283.4
2018,12,21,7,284.5
2018,12,22,0,284.0
2018,12,22,1,284.0
2018,12,22,2,283.6
2018,12,22,3,283.6
2018,12,22,4,283.2
2018,12,22,5,282.9
2018,12,22,6,284.0
2018,12,22,7,283.8
2018,12,23,0,283.7
2018,12,23,1,282.7
2018,12,23,2,282.4
2018,12,23,3,281.9
2018,12,23,4,282.3
2018,12,23,5,282.2
2018,12,23,6,282.8
2018,12,23,7,284.3
2018,12,24,0,283.3
2018,12,24,1,283.0
2018,12,24,2,283.1
2018,12,24,3,282.4
2018,12,24,4,282.8
2018,12,24,5,282.2
2018,12,24,6,283.2
2018,12,24,7,283.2
2018,12,25,0,283.8
2018,12,25,1,283.6
2018,12,25,2,282.9
2018,12,25,3,282.1
2018,12,25,4,282.5
2018,12,25,5,282.4
2018,12,25,6,283.3
2018,12,25,7,282.8
2018,12,26,0,283.0
2018,12,26,1,282.4
2018,12,26,2,282.2
2018,12,26,3,282.2
2018,12,26,4,281.7
2018,12,26,5,283.1
2018,12,26,6,282.9
2018,12,26,7,282.7
2018,12,27,0,283.1
2018,12,27,1,283.9
2018,12,27,2,283.3
2018,12,27,3,283.0
2018,12,27,4,282.8
2018,12,27,5,282.9
2018,12,27,6,283.2
2018,12,27,7,282.8
2018,12,28,0,282.7
2018,12,28,1,282.4
2018,12,28,2,282.1
2018,12,28,3,281.6
2018,12,28,4,281.2
2018,12,28,5,281.3
2018,12,28,6,281.9
2018,12,28,7,282.6
2018,12,29,0,281.4
2018,12,29,1,282.0
2018,12,29,2,281.2
2018,12,29,3,280.5
2018,12,29,4,280.1
2018,12,29,5,280.0
2018,12,29,6,281.2
2018,12,29,7,280.5
2018,12,30,0,281.0
2018,12,30,1,280.7
2018,12,30,2,281.0
2018,12,30,3,281.2
2018,12,30,4,281.8
2018,12,30,5,281.3
2018,12,30,6,282.3
2018,12,30,7,281.6
2018,12,31,0,281.9
2018,12,31,1,281.8
2018,12,31,2,281.9
2018,12,31,3,281.1
2018,12,31,4,280.9
2018,12,31,5,280.6
2018,12,31,6,281.4
2018,12,31,7,281.4
2018,12,1,0,281.4
2018,12,1,1,280.7
2018,12,1,2,280.5
2018,12,1,3,280.4
2018,12,1,4,280.5
2018,12,1,5,280.7
2018,12,1,6,281.8
2018,12,1,7,281.4
2018,12,2,0,280.8
2018,12,2,1,280.4
2018,12,2,2,280.6
2018,12,2,3,280.7
2018,12,2,4,280.9
2018,12,2,5,281.3
2018,12,2,6,282.2
2018,12,2,7,281.4
2018,12,3,0,280.9
2018,12,3,1,280.4
2018,12,3,2,280.4
2018,12,3,3,279.9
2018,12,3,4,280.0
2018,12,3,5,279.8
2018,12,3,6,281.1
2018,12,3,7,281.4
2018,12,4,0,281.1
2018,12,4,1,280.9
2018,12,4,2,281.3
2018,12,4,3,281.4
2018,12,4,4,281.2
2018,12,4,5,280.9
2018,12,4,6,281.7
2018,12,4,7,281.5
2018,12,5,0,281.6
2018,12,5,1,281.9
2018,12,5,2,281.8
2018,12,5,3,281.6
2018,12,5,4,281.7
2018,12,5,5,281.6
2018,12,5,6,282.9
2018,12,5,7,282.6
2018,12,6,0,282.7
2018,12,6,1,282.4
2018,12,6,2,281.8
2018,12,6,3,281.3
2018,12,6,4,281.6
2018,12,6,5,281.0
2018,12,6,6,281.4
2018,12,6,7,280.7
2018,12,7,0,280.9
2018,12,7,1,280.6
2018,12,7,2,280.2
2018,12,7,3,279.9
2018,12,7,4,279.9
2018,12,7,5,280.2
2018,12,7,6,281.3
2018,12,7,7,281.6
2018,12,8,0,281.6
2018,12,8,1,281.8
2018,12,8,2,281.8
2018,12,8,3,281.4
2018,12,8,4,281.6
2018,12,8,5,281.6
2018,12,8,6,282.6
2018,12,8,7,282.2
2018,12,9,0,281.9
2018,12,9,1,281.8
2018,12,9,2,281.6
2018,12,9,3,281.3
2018,12,9,4,281.7
2018,12,9,5,281.2
2018,12,9,6,280.7
2018,12,9,7,279.5
2018,12,10,0,279.6
2018,12,10,1,278.7
2018,12,10,2,277.8
2018,12,10,3,276.8
2018,12,10,4,276.2
2018,12,10,5,275.3
2018,12,10,6,274.5
2018,12,10,7,273.8
2018,12,11,0,273.8
2018,12,11,1,273.8
2018,12,11,2,272.5
2018,12,11,3,272.4
2018,12,11,4,272.4
2018,12,11,5,272.2
2018,12,11,6,273.8
2018,12,11,7,273.5
2018,12,12,0,273.8
2018,12,12,1,274.3
2018,12,12,2,275.0
2018,12,12,3,275.4
2018,12,12,4,275.9
2018,12,12,5,276.6
2018,12,12,6,277.7
2018,12,12,7,277.1
2018,12,13,0,277.2
2018,12,13,1,277.5
2018,12,13,2,278.0
2018,12,13,3,278.2
2018,12,13,4,278.4
2018,12,13,5,277.4
2018,12,13,6,278.4
2018,12,13,7,278.8
2018,12,14,0,279.1
2018,12,14,1,279.4
2018,12,14,2,279.3
2018,12,14,3,278.5
2018,12,14,4,278.0
2018,12,14,5,277.8
2018,12,14,6,278.0
2018,12,14,7,277.6
2018,12,15,0,277.4
2018,12,15,1,277.3
2018,12,15,2,277.8
2018,12,15,3,278.0
2018,12,15,4,278.1
2018,12,15,5,278.7
2018,12,15,6,280.3
2018,12,15,7,280.9
2018,12,16,0,280.8
2018,12,16,1,280.7
2018,12,16,2,280.1
2018,12,16,3,279.3
2018,12,16,4,279.1
2018,12,16,5,279.1
2018,12,16,6,280.4
2018,12,16,7,280.0
2018,12,17,0,279.2
2018,12,17,1,278.8
2018,12,17,2,279.5
2018,12,17,3,280.4
2018,12,17,4,280.9
2018,12,17,5,282.8
2018,12,17,6,285.9
2018,12,17,7,284.4
2018,12,18,0,285.0
2018,12,18,1,285.9
2018,12,18,2,286.0
2018,12,18,3,285.6
2018,12,18,4,285.7
2018,12,18,5,285.4
2018,12,18,6,286.7
2018,12,18,7,286.1
2018,12,19,0,286.3
2018,12,19,1,286.2
2018,12,19,2,285.9
2018,12,19,3,285.3
2018,12,19,4,286.6
2018,12,19,5,287.0
2018,12,19,6,286.4
2018,12,19,7,285.6
2018,12,20,0,285.6
2018,12,20,1,285.8
2018,12,20,2,286.1
2018,12,20,3,285.5
2018,12,20,4,286.1
2018,12,20,5,286.0
2018,12,20,6,285.3
2018,12,20,7,286.0
2018,12,21,0,285.5
2018,12,21,1,285.8
2018,12,21,2,285.4
2018,12,21,3,285.0
2018,12,21,4,285.1
2018,12,21,5,285.5
2018,12,21,6,285.2
2018,12,21,7,285.9
2018,12,22,0,285.3
2018,12,22,1,285.4
2018,12,22,2,284.9
2018,12,22,3,284.7
2018,12,22,4,284.6
2018,12,22,5,284.2
2018,12,22,6,283.9
2018,12,22,7,283.6
2018,12,23,0,283.7
2018,12,23,1,283.4
2018,12,23,2,282.7
2018,12,23,3,282.0
2018,12,23,4,281.8
2018,12,23,5,281.1
2018,12,23,6,281.0
2018,12,23,7,280.8
2018,12,24,0,280.5
2018,12,24,1,280.6
2018,12,24,2,280.4
2018,12,24,3,279.3
2018,12,24,4,278.5
2018,12,24,5,277.7
2018,12,24,6,278.4
2018,12,24,7,278.2
2018,12,25,0,278.1
2018,12,25,1,277.9
2018,12,25,2,278.0
2018,12,25,3,277.4
2018,12,25,4,277.6
2018,12,25,5,278.1
2018,12,25,6,279.0
2018,12,25,7,278.9
2018,12,26,0,278.5
2018,12,26,1,278.0
2018,12,26,2,278.4
2018,12,26,3,278.7
2018,12,26,4,279.0
2018,12,26,5,278.9
2018,12,26,6,280.5
2018,12,26,7,280.6
2018,12,27,0,280.5
2018,12,27,1,279.8
2018,12,27,2,279.3
2018,12,27,3,279.1
2018,12,27,4,280.2
2018,12,27,5,281.0
2018,12,27,6,282.2
2018,12,27,7,281.8
2018,12,28,0,281.6
2018,12,28,1,281.2
2018,12,28,2,280.4
2018,12,28,3,279.5
2018,12,28,4,279.0
2018,12,28,5,278.3
2018,12,28,6,278.1
2018,12,28,7,277.9
2018,12,29,0,278.0
2018,12,29,1,278.1
2018,12,29,2,277.9
2018,12,29,3,278.1
2018,12,29,4,279.0
2018,12,29,5,279.4
2018,12,29,6,281.4
2018,12,29,7,282.1
2018,12,30,0,281.5
2018,12,30,1,281.6
2018,12,30,2,281.3
2018,12,30,3,281.0
2018,12,30,4,281.0
2018,12,30,5,280.7
2018,12,30,6,280.4
2018,12,30,7,280.8
2018,12,1,0,280.7
2018,12,1,1,280.5
2018,12,1,2,280.2
2018,12,1,3,279.6
2018,12,1,4,279.7
2018,12,1,5,279.5
2018,12,1,6,279.7
2018,12,1,7,280.1
2018,12,2,0,279.9
2018,12,2,1,279.9
2018,12,2,2,280.1
2018,12,2,3,280.3
2018,12,2,4,280.9
2018,12,2,5,281.3
2018,12,2,6,282.6
2018,12,2,7,282.6
2018,12,3,0,282.3
2018,12,3,1,281.1
2018,12,3,2,280.0
2018,12,3,3,278.9
2018,12,3,4,278.2
2018,12,3,5,277.8
2018,12,3,6,278.8
2018,12,3,7,278.5
2018,12,4,0,278.8
2018,12,4,1,279.0
2018,12,4,2,279.4
2018,12,4,3,278.5
2018,12,4,4,278.1
2018,12,4,5,278.5
2018,12,4,6,279.8
2018,12,4,7,279.2
2018,12,5,0,279.6
2018,12,5,1,279.7
2018,12,5,2,279.8
2018,12,5,3,279.9
2018,12,5,4,279.8
2018,12,5,5,279.7
2018,12,5,6,279.4
2018,12,5,7,280.1
2018,12,6,0,279.8
2018,12,6,1,280.0
2018,12,6,2,280.2
2018,12,6,3,280.7
2018,12,6,4,280.5
2018,12,6,5,280.6
2018,12,6,6,280.6
2018,12,6,7,281.1
2018,12,7,0,281.7
2018,12,7,1,282.5
2018,12,7,2,282.7
2018,12,7,3,282.1
2018,12,7,4,283.5
2018,12,7,5,284.3
2018,12,7,6,283.8
2018,12,7,7,284.1
2018,12,8,0,284.0
2018,12,8,1,283.5
2018,12,8,2,283.4
2018,12,8,3,283.2
2018,12,8,4,282.4
2018,12,8,5,282.4
2018,12,8,6,281.8
2018,12,8,7,282.1
2018,12,9,0,282.5
2018,12,9,1,282.8
2018,12,9,2,282.7
2018,12,9,3,282.2
2018,12,9,4,281.9
2018,12,9,5,282.0
2018,12,9,6,282.9
2018,12,9,7,283.1
2018,12,10,0,282.8
2018,12,10,1,282.5
2018,12,10,2,283.0
2018,12,10,3,282.5
2018,12,10,4,282.7
2018,12,10,5,282.7
2018,12,10,6,282.8
2018,12,10,7,283.2
2018,12,11,0,283.0
2018,12,11,1,282.5
2018,12,11,2,283.2
2018,12,11,3,282.1
2018,12,11,4,281.9
2018,12,11,5,282.4
2018,12,11,6,282.1
2018,12,11,7,282.0
2018,12,12,0,282.6
2018,12,12,1,282.5
2018,12,12,2,282.1
2018,12,12,3,281.8
2018,12,12,4,281.7
2018,12,12,5,281.9
2018,12,12,6,282.5
2018,12,12,7,283.5
2018,12,13,0,283.9
2018,12,13,1,283.8
2018,12,13,2,283.3
2018,12,13,3,282.9
2018,12,13,4,283.5
2018,12,13,5,283.6
2018,12,13,6,284.4
2018,12,13,7,284.2
2018,12,14,0,284.6
2018,12,14,1,284.8
2018,12,14,2,284.3
2018,12,14,3,283.6
2018,12,14,4,283.9
2018,12,14,5,283.6
2018,12,14,6,283.8
2018,12,14,7,283.0
2018,12,15,0,283.3
2018,12,15,1,283.4
2018,12,15,2,283.3
2018,12,15,3,282.8
2018,12,15,4,283.0
2018,12,15,5,282.7
2018,12,15,6,283.5
2018,12,15,7,283.0
2018,12,16,0,282.5
2018,12,16,1,282.2
2018,12,16,2,281.8
2018,12,16,3,281.1
2018,12,16,4,280.7
2018,12,16,5,280.1
2018,12,16,6,280.7
2018,12,16,7,280.6
2018,12,17,0,280.6
2018,12,17,1,280.1
2018,12,17,2,279.2
2018,12,17,3,278.6
2018,12,17,4,278.8
2018,12,17,5,278.9
2018,12,17,6,279.6
2018,12,17,7,279.5
2018,12,18,0,280.2
2018,12,18,1,280.2
2018,12,18,2,279.8
2018,12,18,3,278.5
2018,12,18,4,278.5
2018,12,18,5,278.6
2018,12,18,6,278.2
2018,12,18,7,277.5
2018,12,19,0,275.4
2018,12,19,1,274.3
2018,12,19,2,273.5
2018,12,19,3,271.9
2018,12,19,4,272.4
2018,12,19,5,272.7
2018,12,19,6,272.6
2018,12,19,7,273.3
2018,12,20,0,275.0
2018,12,20,1,274.1
2018,12,20,2,275.4
2018,12,20,3,276.1
2018,12,20,4,277.7
2018,12,20,5,279.9
2018,12,20,6,281.6
2018,12,20,7,281.4
2018,12,21,0,282.4
2018,12,21,1,283.3
2018,12,21,2,283.9
2018,12,21,3,283.7
2018,12,21,4,283.9
2018,12,21,5,282.8
2018,12,21,6,280.8
2018,12,21,7,279.2
2018,12,22,0,277.1
2018,12,22,1,277.8
2018,12,22,2,277.8
2018,12,22,3,278.0
2018,12,22,4,277.6
2018,12,22,5,277.9
2018,12,22,6,279.4
2018,12,22,7,279.5
2018,12,23,0,278.9
2018,12,23,1,278.5
2018,12,23,2,278.4
2018,12,23,3,278.1
2018,12,23,4,277.9
2018,12,23,5,279.2
2018,12,23,6,279.6
2018,12,23,7,279.3
2018,12,24,0,279.6
2018,12,24,1,280.1
2018,12,24,2,278.4
2018,12,24,3,278.1
2018,12,24,4,278.6
2018,12,24,5,278.7
2018,12,24,6,279.7
2018,12,24,7,279.7
2018,12,25,0,279.6
2018,12,25,1,279.3
2018,12,25,2,279.6
2018,12,25,3,279.5
2018,12,25,4,279.1
2018,12,25,5,279.5
2018,12,25,6,281.9
2018,12,25,7,281.6
2018,12,26,0,281.3
2018,12,26,1,280.6
2018,12,26,2,281.2
2018,12,26,3,281.5
2018,12,26,4,281.9
2018,12,26,5,282.1
2018,12,26,6,282.2
2018,12,26,7,280.1
2018,12,27,0,279.0
2018,12,27,1,278.0
2018,12,27,2,277.9
2018,12,27,3,276.8
2018,12,27,4,275.3
2018,12,27,5,274.0
2018,12,27,6,274.4
2018,12,27,7,275.9
2018,12,28,0,276.3
2018,12,28,1,276.6
2018,12,28,2,277.7
2018,12,28,3,278.2
2018,12,28,4,277.5
2018,12,28,5,279.4
2018,12,28,6,279.4
2018,12,28,7,279.7
2018,12,29,0,280.0
2018,12,29,1,279.9
2018,12,29,2,280.5
2018,12,29,3,280.8
2018,12,29,4,280.7
2018,12,29,5,280.0
2018,12,29,6,281.2
2018,12,29,7,281.1
2018,12,30,0,280.7
2018,12,30,1,280.2
2018,12,30,2,279.7
2018,12,30,3,279.4
2018,12,30,4,279.4
2018,12,30,5,279.5
2018,12,30,6,280.8
2018,12,30,7,280.8
2018,12,31,0,280.5
2018,12,31,1,280.7
2018,12,31,2,281.4
2018,12,31,3,281.2
2018,12,31,4,281.3
2018,12,31,5,280.8
2018,12,31,6,280.9
2018,12,31,7,280.5
2018,12,1,0,280.8
2018,12,1,1,280.6
2018,12,1,2,280.1
2018,12,1,3,279.5
2018,12,1,4,279.7
2018,12,1,5,279.2
2018,12,1,6,280.2
2018,12,1,7,280.4
2018,12,2,0,280.7
2018,12,2,1,280.5
2018,12,2,2,278.3
2018,12,2,3,275.6
2018,12,2,4,275.4
2018,12,2,5,275.3
2018,12,2,6,277.1
2018,12,2,7,278.0
2018,12,3,0,278.2
2018,12,3,1,278.4
2018,12,3,2,278.3
2018,12,3,3,278.3
2018,12,3,4,278.7
2018,12,3,5,279.2
2018,12,3,6,281.1
2018,12,3,7,280.9
2018,12,4,0,279.6
2018,12,4,1,279.5
2018,12,4,2,279.3
2018,12,4,3,279.0
2018,12,4,4,279.0
2018,12,4,5,279.0
2018,12,4,6,280.1
2018,12,4,7,279.7
2018,12,5,0,278.8
2018,12,5,1,277.7
2018,12,5,2,276.4
2018,12,5,3,276.1
2018,12,5,4,276.6
2018,12,5,5,276.9
2018,12,5,6,278.5
2018,12,5,7,278.8
2018,12,6,0,279.3
2018,12,6,1,280.5
2018,12,6,2,281.6
2018,12,6,3,281.9
2018,12,6,4,282.9
2018,12,6,5,283.2
2018,12,6,6,283.8
2018,12,6,7,282.6
2018,12,7,0,283.8
2018,12,7,1,284.1
2018,12,7,2,282.4
2018,12,7,3,282.3
2018,12,7,4,281.9
2018,12,7,5,282.1
2018,12,7,6,283.1
2018,12,7,7,283.1
2018,12,8,0,283.3
2018,12,8,1,283.2
2018,12,8,2,283.5
2018,12,8,3,284.3
2018,12,8,4,284.8
2018,12,8,5,285.0
2018,12,8,6,286.1
2018,12,8,7,286.2
2018,12,9,0,286.5
2018,12,9,1,286.3
2018,12,9,2,285.7
2018,12,9,3,286.6
2018,12,9,4,287.0
2018,12,9,5,286.4
2018,12,9,6,287.6
2018,12,9,7,287.2
2018,12,10,0,286.3
2018,12,10,1,285.5
2018,12,10,2,285.6
2018,12,10,3,285.9
2018,12,10,4,286.2
2018,12,10,5,286.5
2018,12,10,6,287.7
2018,12,10,7,286.9
2018,12,11,0,286.2
2018,12,11,1,285.8
2018,12,11,2,285.4
2018,12,11,3,284.6
2018,12,11,4,284.9
2018,12,11,5,284.1
2018,12,11,6,284.8
2018,12,11,7,284.6
2018,12,12,0,284.3
2018,12,12,1,284.2
2018,12,12,2,284.2
2018,12,12,3,283.9
2018,12,12,4,284.2
2018,12,12,5,283.6
2018,12,12,6,284.4
2018,12,12,7,283.9
2018,12,13,0,283.6
2018,12,13,1,282.8
2018,12,13,2,281.8
2018,12,13,3,281.1
2018,12,13,4,280.6
2018,12,13,5,280.8
2018,12,13,6,282.1
2018,12,13,7,281.9
2018,12,14,0,283.2
2018,12,14,1,283.3
2018,12,14,2,282.8
2018,12,14,3,282.0
2018,12,14,4,282.6
2018,12,14,5,283.6
2018,12,14,6,284.7
2018,12,14,7,283.8
2018,12,15,0,283.5
2018,12,15,1,283.8
2018,12,15,2,283.6
2018,12,15,3,283.5
2018,12,15,4,283.5
2018,12,15,5,283.6
2018,12,15,6,284.5
2018,12,15,7,283.2
2018,12,16,0,283.5
2018,12,16,1,283.5
2018,12,16,2,283.9
2018,12,16,3,283.7
2018,12,16,4,284.5
2018,12,16,5,284.6
2018,12,16,6,284.7
2018,12,16,7,285.0
2018,12,17,0,284.4
2018,12,17,1,284.4
2018,12,17,2,284.2
2018,12,17,3,284.2
2018,12,17,4,284.3
2018,12,17,5,284.0
2018,12,17,6,284.5
2018,12,17,7,285.0
2018,12,18,0,284.4
2018,12,18,1,284.3
2018,12,18,2,284.0
2018,12,18,3,283.9
2018,12,18,4,284.2
2018,12,18,5,284.2
2018,12,18,6,283.7
2018,12,18,7,283.9
2018,12,19,0,283.4
2018,12,19,1,282.8
2018,12,19,2,282.6
2018,12,19,3,281.9
2018,12,19,4,282.3
2018,12,19,5,282.0
2018,12,19,6,282.0
2018,12,19,7,281.1
2018,12,20,0,281.3
2018,12,20,1,280.5
2018,12,20,2,280.4
2018,12,20,3,279.8
2018,12,20,4,279.7
2018,12,20,5,279.3
2018,12,20,6,280.3
2018,12,20,7,279.7
2018,12,21,0,279.6
2018,12,21,1,279.2
2018,12,21,2,279.0
2018,12,21,3,278.5
2018,12,21,4,278.7
2018,12,21,5,279.2
2018,12,21,6,280.8
2018,12,21,7,280.9
2018,12,22,0,280.6
2018,12,22,1,280.7
2018,12,22,2,280.8
2018,12,22,3,280.8
2018,12,22,4,281.0
2018,12,22,5,281.1
2018,12,22,6,282.4
2018,12,22,7,281.2
2018,12,23,0,281.8
2018,12,23,1,280.6
2018,12,23,2,280.6
2018,12,23,3,281.2
2018,12,23,4,281.7
2018,12,23,5,280.7
2018,12,23,6,280.6
2018,12,23,7,281.6
2018,12,24,0,281.1
2018,12,24,1,280.8
2018,12,24,2,281.1
2018,12,24,3,281.2
2018,12,24,4,281.1
2018,12,24,5,281.9
2018,12,24,6,283.6
2018,12,24,7,283.4
2018,12,25,0,284.0
2018,12,25,1,283.2
2018,12,25,2,283.2
2018,12,25,3,283.5
2018,12,25,4,283.7
2018,12,25,5,283.7
2018,12,25,6,284.5
2018,12,25,7,284.0
2018,12,26,0,284.2
2018,12,26,1,284.4
2018,12,26,2,283.9
2018,12,26,3,283.6
2018,12,26,4,284.2
2018,12,26,5,285.0
2018,12,26,6,286.1
2018,12,26,7,284.0
2018,12,27,0,284.4
2018,12,27,1,283.5
2018,12,27,2,282.8
2018,12,27,3,282.8
2018,12,27,4,282.4
2018,12,27,5,282.0
2018,12,27,6,282.7
2018,12,27,7,282.3
2018,12,28,0,281.7
2018,12,28,1,282.0
2018,12,28,2,281.9
2018,12,28,3,281.8
2018,12,28,4,282.5
2018,12,28,5,280.9
2018,12,28,6,281.6
2018,12,28,7,281.5
2018,12,29,0,281.7
2018,12,29,1,281.4
2018,12,29,2,281.2
2018,12,29,3,280.8
2018,12,29,4,281.1
2018,12,29,5,281.1
2018,12,29,6,281.8
2018,12,29,7,281.3
2018,12,30,0,281.0
2018,12,30,1,280.3
2018,12,30,2,279.7
2018,12,30,3,279.3
2018,12,30,4,278.8
2018,12,30,5,278.8
2018,12,30,6,279.7
2018,12,30,7,279.6
2018,12,31,0,279.7
2018,12,31,1,279.5
2018,12,31,2,279.2
2018,12,31,3,278.7
2018,12,31,4,278.6
2018,12,31,5,278.6
2018,12,31,6,278.6
2018,12,31,7,278.4
2018,12,1,0,278.6
2018,12,1,1,278.4
2018,12,1,2,277.0
2018,12,1,3,274.5
2018,12,1,4,274.2
2018,12,1,5,274.0
2018,12,1,6,274.8
2018,12,1,7,276.1
2018,12,2,0,276.2
2018,12,2,1,278.8
2018,12,2,2,279.6
2018,12,2,3,280.7
2018,12,2,4,282.1
2018,12,2,5,281.7
2018,12,2,6,283.2
2018,12,2,7,284.9
2018,12,3,0,285.6
2018,12,3,1,285.6
2018,12,3,2,285.8
2018,12,3,3,285.9
2018,12,3,4,286.2
2018,12,3,5,286.2
2018,12,3,6,286.7
2018,12,3,7,287.2
2018,12,4,0,286.8
2018,12,4,1,287.2
2018,12,4,2,287.3
2018,12,4,3,287.0
2018,12,4,4,287.3
2018,12,4,5,287.0
2018,12,4,6,285.6
2018,12,4,7,285.8
2018,12,5,0,285.7
2018,12,5,1,285.8
2018,12,5,2,286.3
2018,12,5,3,284.7
2018,12,5,4,285.3
2018,12,5,5,283.7
2018,12,5,6,284.3
2018,12,5,7,284.1
2018,12,6,0,284.7
2018,12,6,1,284.2
2018,12,6,2,284.9
2018,12,6,3,285.4
2018,12,6,4,285.8
2018,12,6,5,284.6
2018,12,6,6,285.3
2018,12,6,7,284.5
2018,12,7,0,284.8
2018,12,7,1,285.0
2018,12,7,2,285.3
2018,12,7,3,284.9
2018,12,7,4,285.0
2018,12,7,5,284.2
2018,12,7,6,284.2
2018,12,7,7,284.2
2018,12,8,0,285.1
2018,12,8,1,284.2
2018,12,8,2,284.3
2018,12,8,3,284.2
2018,12,8,4,283.8
2018,12,8,5,283.5
2018,12,8,6,285.4
2018,12,8,7,285.2
2018,12,9,0,284.7
2018,12,9,1,284.2
2018,12,9,2,284.4
2018,12,9,3,284.5
2018,12,9,4,284.1
2018,12,9,5,284.0
2018,12,9,6,285.9
2018,12,9,7,286.3
2018,12,10,0,285.9
2018,12,10,1,285.5
2018,12,10,2,285.0
2018,12,10,3,286.5
2018,12,10,4,284.9
2018,12,10,5,284.7
2018,12,10,6,285.1
2018,12,10,7,285.5
2018,12,11,0,285.2
2018,12,11,1,284.7
2018,12,11,2,283.9
2018,12,11,3,283.3
2018,12,11,4,283.9
2018,12,11,5,285.0
2018,12,11,6,283.9
2018,12,11,7,283.6
2018,12,12,0,284.1
2018,12,12,1,283.4
2018,12,12,2,282.6
2018,12,12,3,282.1
2018,12,12,4,282.2
2018,12,12,5,283.6
2018,12,12,6,282.7
2018,12,12,7,282.2
2018,12,13,0,282.3
2018,12,13,1,281.3
2018,12,13,2,280.8
2018,12,13,3,279.8
2018,12,13,4,279.8
2018,12,13,5,279.0
2018,12,13,6,279.5
2018,12,13,7,278.9
2018,12,14,0,279.5
2018,12,14,1,279.2
2018,12,14,2,278.9
2018,12,14,3,278.4
2018,12,14,4,278.8
2018,12,14,5,278.8
2018,12,14,6,280.1
2018,12,14,7,279.9
2018,12,15,0,280.0
2018,12,15,1,279.5
2018,12,15,2,279.0
2018,12,15,3,278.2
2018,12,15,4,277.4
2018,12,15,5,276.7
2018,12,15,6,277.2
2018,12,15,7,276.7
2018,12,16,0,276.3
2018,12,16,1,275.5
2018,12,16,2,275.9
2018,12,16,3,275.8
2018,12,16,4,276.4
2018,12,16,5,277.3
2018,12,16,6,279.9
2018,12,16,7,280.2
2018,12,17,0,280.3
2018,12,17,1,280.1
2018,12,17,2,279.8
2018,12,17,3,279.7
2018,12,17,4,279.7
2018,12,17,5,280.1
2018,12,17,6,281.8
2018,12,17,7,280.9
2018,12,18,0,281.7
2018,12,18,1,281.4
2018,12,18,2,280.5
2018,12,18,3,279.8
2018,12,18,4,280.1
2018,12,18,5,280.5
2018,12,18,6,281.9
2018,12,18,7,283.1
2018,12,19,0,282.6
2018,12,19,1,281.8
2018,12,19,2,281.6
2018,12,19,3,281.0
2018,12,19,4,280.9
2018,12,19,5,281.7
2018,12,19,6,283.4
2018,12,19,7,283.6
2018,12,20,0,283.2
2018,12,20,1,283.6
2018,12,20,2,283.6
2018,12,20,3,283.2
2018,12,20,4,283.5
2018,12,20,5,284.4
2018,12,20,6,285.0
2018,12,20,7,285.3
2018,12,21,0,285.2
2018,12,21,1,285.3
2018,12,21,2,285.7
2018,12,21,3,287.5
2018,12,21,4,286.0
2018,12,21,5,286.5
2018,12,21,6,287.2
2018,12,21,7,287.8
2018,12,22,0,287.5
2018,12,22,1,287.2
2018,12,22,2,285.7
2018,12,22,3,285.3
2018,12,22,4,284.5
2018,12,22,5,284.3
2018,12,22,6,285.1
2018,12,22,7,286.6
2018,12,23,0,286.5
2018,12,23,1,285.3
2018,12,23,2,284.3
2018,12,23,3,283.6
2018,12,23,4,284.2
2018,12,23,5,284.4
2018,12,23,6,286.6
2018,12,23,7,286.9
2018,12,24,0,286.3
2018,12,24,1,286.6
2018,12,24,2,285.8
2018,12,24,3,284.4
2018,12,24,4,283.3
2018,12,24,5,283.2
2018,12,24,6,283.8
2018,12,24,7,284.3
2018,12,25,0,283.7
2018,12,25,1,283.1
2018,12,25,2,282.7
2018,12,25,3,282.3
2018,12,25,4,281.4
2018,12,25,5,282.3
2018,12,25,6,284.0
2018,12,25,7,283.3
2018,12,26,0,283.1
2018,12,26,1,283.0
2018,12,26,2,282.0
2018,12,26,3,281.7
2018,12,26,4,281.5
2018,12,26,5,281.9
2018,12,26,6,283.3
2018,12,26,7,283.5
2018,12,27,0,283.4
2018,12,27,1,282.8
2018,12,27,2,282.8
2018,12,27,3,282.6
2018,12,27,4,282.8
2018,12,27,5,283.3
2018,12,27,6,284.6
2018,12,27,7,283.9
2018,12,28,0,285.1
2018,12,28,1,284.9
2018,12,28,2,284.1
2018,12,28,3,283.7
2018,12,28,4,284.2
2018,12,28,5,284.3
2018,12,28,6,284.8
2018,12,28,7,285.8
2018,12,29,0,285.4
2018,12,29,1,284.5
2018,12,29,2,283.4
2018,12,29,3,282.7
2018,12,29,4,282.8
2018,12,29,5,283.5
2018,12,29,6,285.0
2018,12,29,7,286.9
2018,12,30,0,285.4
2018,12,30,1,285.1
2018,12,30,2,284.0
2018,12,30,3,283.6
2018,12,30,4,283.6
2018,12,30,5,283.7
2018,12,30,6,284.5
2018,12,30,7,285.8
2018,12,1,0,285.6
2018,12,1,1,285.5
2018,12,1,2,285.1
2018,12,1,3,284.6
2018,12,1,4,284.3
2018,12,1,5,284.4
2018,12,1,6,285.2
2018,12,1,7,285.7
2018,12,2,0,285.3
2018,12,2,1,284.6
2018,12,2,2,284.0
2018,12,2,3,283.5
2018,12,2,4,282.9
2018,12,2,5,283.4
2018,12,2,6,284.6
2018,12,2,7,286.0
2018,12,3,0,285.2
2018,12,3,1,285.1
2018,12,3,2,284.8
2018,12,3,3,284.6
2018,12,3,4,284.5
2018,12,3,5,284.0
2018,12,3,6,285.3
2018,12,3,7,285.9
2018,12,4,0,285.7
2018,12,4,1,285.7
2018,12,4,2,285.3
2018,12,4,3,285.0
2018,12,4,4,284.0
2018,12,4,5,283.7
2018,12,4,6,283.9
2018,12,4,7,283.5
2018,12,5,0,283.7
2018,12,5,1,283.6
2018,12,5,2,283.3
2018,12,5,3,281.8
2018,12,5,4,282.0
2018,12,5,5,283.0
2018,12,5,6,284.0
2018,12,5,7,283.5
2018,12,6,0,283.8
2018,12,6,1,283.8
2018,12,6,2,283.5
2018,12,6,3,283.1
2018,12,6,4,283.0
2018,12,6,5,283.5
2018,12,6,6,283.5
2018,12,6,7,283.7
2018,12,7,0,282.6
2018,12,7,1,282.6
2018,12,7,2,282.4
2018,12,7,3,282.1
2018,12,7,4,282.1
2018,12,7,5,282.3
2018,12,7,6,282.6
2018,12,7,7,281.0
2018,12,8,0,280.8
2018,12,8,1,280.7
2018,12,8,2,280.7
2018,12,8,3,280.2
2018,12,8,4,280.5
2018,12,8,5,281.5
2018,12,8,6,282.3
2018,12,8,7,281.0
2018,12,9,0,280.2
2018,12,9,1,280.2
2018,12,9,2,279.6
2018,12,9,3,279.0
2018,12,9,4,278.9
2018,12,9,5,280.8
2018,12,9,6,281.5
2018,12,9,7,280.6
2018,12,10,0,279.8
2018,12,10,1,280.0
2018,12,10,2,279.6
2018,12,10,3,279.5
2018,12,10,4,279.5
2018,12,10,5,281.2
2018,12,10,6,283.3
2018,12,10,7,282.6
2018,12,11,0,281.9
2018,12,11,1,280.7
2018,12,11,2,279.7
2018,12,11,3,279.0
2018,12,11,4,278.3
2018,12,11,5,279.1
2018,12,11,6,280.7
2018,12,11,7,279.8
2018,12,12,0,279.6
2018,12,12,1,278.8
2018,12,12,2,277.7
2018,12,12,3,277.1
2018,12,12,4,277.4
2018,12,12,5,278.2
2018,12,12,6,280.5
2018,12,12,7,280.8
2018,12,13,0,280.5
2018,12,13,1,279.8
2018,12,13,2,279.0
2018,12,13,3,278.5
2018,12,13,4,278.5
2018,12,13,5,279.5
2018,12,13,6,281.7
2018,12,13,7,280.9
2018,12,14,0,282.3
2018,12,14,1,281.7
2018,12,14,2,280.8
2018,12,14,3,280.6
2018,12,14,4,281.8
2018,12,14,5,282.1
2018,12,14,6,283.8
2018,12,14,7,284.0
2018,12,15,0,285.3
2018,12,15,1,284.8
2018,12,15,2,283.9
2018,12,15,3,282.8
2018,12,15,4,282.5
2018,12,15,5,281.9
2018,12,15,6,282.6
2018,12,15,7,281.7
2018,12,16,0,282.4
2018,12,16,1,282.0
2018,12,16,2,281.6
2018,12,16,3,280.8
2018,12,16,4,280.6
2018,12,16,5,280.7
2018,12,16,6,281.5
2018,12,16,7,282.8
2018,12,17,0,281.3
2018,12,17,1,280.3
2018,12,17,2,279.9
2018,12,17,3,279.7
2018,12,17,4,280.2
2018,12,17,5,280.9
2018,12,17,6,282.7
2018,12,17,7,282.2
2018,12,18,0,282.7
2018,12,18,1,282.6
2018,12,18,2,282.8
2018,12,18,3,282.9
2018,12,18,4,283.5
2018,12,18,5,283.9
2018,12,18,6,285.9
2018,12,18,7,285.5
2018,12,19,0,285.7
2018,12,19,1,284.7
2018,12,19,2,283.9
2018,12,19,3,283.4
2018,12,19,4,283.8
2018,12,19,5,284.5
2018,12,19,6,285.6
2018,12,19,7,286.1
2018,12,20,0,285.5
2018,12,20,1,284.6
2018,12,20,2,283.9
2018,12,20,3,283.2
2018,12,20,4,283.7
2018,12,20,5,283.9
2018,12,20,6,285.4
2018,12,20,7,286.0
2018,12,21,0,285.4
2018,12,21,1,285.7
2018,12,21,2,285.4
2018,12,21,3,284.6
2018,12,21,4,284.3
2018,12,21,5,284.0
2018,12,21,6,286.2
2018,12,21,7,286.1
2018,12,22,0,285.9
2018,12,22,1,285.3
2018,12,22,2,284.6
2018,12,22,3,283.9
2018,12,22,4,283.9
2018,12,22,5,283.6
2018,12,22,6,284.8
2018,12,22,7,286.8
2018,12,23,0,285.5
2018,12,23,1,284.3
2018,12,23,2,283.7
2018,12,23,3,282.8
2018,12,23,4,282.6
2018,12,23,5,282.4
2018,12,23,6,283.1
2018,12,23,7,285.6
2018,12,24,0,284.1
2018,12,24,1,282.9
2018,12,24,2,282.8
2018,12,24,3,282.2
2018,12,24,4,282.3
2018,12,24,5,282.8
2018,12,24,6,283.5
2018,12,24,7,283.5
2018,12,25,0,284.0
2018,12,25,1,283.6
2018,12,25,2,283.3
2018,12,25,3,283.1
2018,12,25,4,283.5
2018,12,25,5,283.6
2018,12,25,6,283.1
2018,12,25,7,284.0
2018,12,26,0,284.0
2018,12,26,1,283.8
2018,12,26,2,283.5
2018,12,26,3,283.0
2018,12,26,4,282.5
2018,12,26,5,284.0
2018,12,26,6,286.7
2018,12,26,7,287.4
2018,12,27,0,286.5
2018,12,27,1,286.9
2018,12,27,2,286.1
2018,12,27,3,285.8
2018,12,27,4,285.6
2018,12,27,5,284.1
2018,12,27,6,284.7
2018,12,27,7,285.7
2018,12,28,0,285.7
2018,12,28,1,285.6
2018,12,28,2,284.5
2018,12,28,3,283.3
2018,12,28,4,283.6
2018,12,28,5,284.8
2018,12,28,6,285.5
2018,12,28,7,285.8
2018,12,29,0,286.3
2018,12,29,1,285.6
2018,12,29,2,284.5
2018,12,29,3,284.5
2018,12,29,4,284.9
2018,12,29,5,284.7
2018,12,29,6,286.7
2018,12,29,7,286.0
2018,12,30,0,285.4
2018,12,30,1,284.8
2018,12,30,2,283.5
2018,12,30,3,282.9
2018,12,30,4,283.5
2018,12,30,5,284.4
2018,12,30,6,284.3
2018,12,30,7,286.3
2018,12,31,0,286.2
2018,12,31,1,285.3
2018,12,31,2,284.6
2018,12,31,3,283.2
2018,12,31,4,283.8
2018,12,31,5,284.4
2018,12,31,6,285.0
2018,12,31,7,287.4
2018,12,1,0,286.9
2018,12,1,1,286.8
2018,12,1,2,285.8
2018,12,1,3,284.9
2018,12,1,4,284.8
2018,12,1,5,285.1
2018,12,1,6,287.0
2018,12,1,7,288.0
2018,12,2,0,287.1
2018,12,2,1,286.1
2018,12,2,2,285.1
2018,12,2,3,283.9
2018,12,2,4,283.7
2018,12,2,5,283.4
2018,12,2,6,284.6
2018,12,2,7,287.3
2018,12,3,0,285.6
2018,12,3,1,285.1
2018,12,3,2,284.3
2018,12,3,3,283.2
2018,12,3,4,283.1
2018,12,3,5,283.8
2018,12,3,6,283.6
2018,12,3,7,283.8
2018,12,4,0,283.2
2018,12,4,1,283.3
2018,12,4,2,282.9
2018,12,4,3,282.4
2018,12,4,4,282.5
2018,12,4,5,283.4
2018,12,4,6,283.9
2018,12,4,7,286.0
2018,12,5,0,283.7
2018,12,5,1,283.8
2018,12,5,2,283.3
2018,12,5,3,283.3
2018,12,5,4,283.3
2018,12,5,5,284.1
2018,12,5,6,284.2
2018,12,5,7,285.6
2018,12,6,0,284.1
2018,12,6,1,283.8
2018,12,6,2,283.4
2018,12,6,3,283.5
2018,12,6,4,284.3
2018,12,6,5,284.5
2018,12,6,6,284.5
2018,12,6,7,286.3
2018,12,7,0,285.5
2018,12,7,1,286.1
2018,12,7,2,286.1
2018,12,7,3,286.3
2018,12,7,4,286.6
2018,12,7,5,287.0
2018,12,7,6,287.2
2018,12,7,7,287.2
2018,12,8,0,287.4
2018,12,8,1,287.1
2018,12,8,2,286.4
2018,12,8,3,285.4
2018,12,8,4,286.0
2018,12,8,5,286.5
2018,12,8,6,286.4
2018,12,8,7,288.1
2018,12,9,0,286.7
2018,12,9,1,287.2
2018,12,9,2,286.8
2018,12,9,3,285.8
2018,12,9,4,285.4
2018,12,9,5,285.0
2018,12,9,6,286.6
2018,12,9,7,288.3
2018,12,10,0,286.5
2018,12,10,1,286.2
2018,12,10,2,285.7
2018,12,10,3,284.3
2018,12,10,4,283.3
2018,12,10,5,284.1
2018,12,10,6,285.9
2018,12,10,7,287.2
2018,12,11,0,286.6
2018,12,11,1,285.3
2018,12,11,2,283.0
2018,12,11,3,281.7
2018,12,11,4,284.1
2018,12,11,5,283.8
2018,12,11,6,284.0
2018,12,11,7,282.7
2018,12,12,0,283.6
2018,12,12,1,283.3
2018,12,12,2,281.6
2018,12,12,3,280.5
2018,12,12,4,280.8
2018,12,12,5,280.1
2018,12,12,6,280.8
2018,12,12,7,280.8
2018,12,13,0,281.7
2018,12,13,1,282.0
2018,12,13,2,281.2
2018,12,13,3,280.8
2018,12,13,4,280.7
2018,12,13,5,281.1
2018,12,13,6,283.0
2018,12,13,7,284.2
2018,12,14,0,284.4
2018,12,14,1,284.4
2018,12,14,2,283.7
2018,12,14,3,283.6
2018,12,14,4,283.5
2018,12,14,5,283.8
2018,12,14,6,284.2
2018,12,14,7,286.8
2018,12,15,0,285.9
2018,12,15,1,285.1
2018,12,15,2,284.3
2018,12,15,3,283.7
2018,12,15,4,284.3
2018,12,15,5,284.7
2018,12,15,6,285.3
2018,12,15,7,286.5
2018,12,16,0,285.1
2018,12,16,1,284.5
2018,12,16,2,283.9
2018,12,16,3,283.9
2018,12,16,4,284.4
2018,12,16,5,284.6
2018,12,16,6,285.6
2018,12,16,7,285.4
2018,12,17,0,284.4
2018,12,17,1,283.4
2018,12,17,2,282.7
2018,12,17,3,282.6
2018,12,17,4,283.2
2018,12,17,5,284.6
2018,12,17,6,285.1
2018,12,17,7,284.7
2018,12,18,0,284.0
2018,12,18,1,285.4
2018,12,18,2,285.3
2018,12,18,3,285.4
2018,12,18,4,284.8
2018,12,18,5,285.2
2018,12,18,6,285.0
2018,12,18,7,286.2
2018,12,19,0,287.0
2018,12,19,1,286.4
2018,12,19,2,286.6
2018,12,19,3,285.2
2018,12,19,4,285.2
2018,12,19,5,284.8
2018,12,19,6,286.5
2018,12,19,7,286.5
2018,12,20,0,285.8
2018,12,20,1,284.6
2018,12,20,2,284.5
2018,12,20,3,284.4
2018,12,20,4,285.1
2018,12,20,5,285.7
2018,12,20,6,285.6
2018,12,20,7,287.5
2018,12,21,0,286.3
2018,12,21,1,285.2
2018,12,21,2,285.5
2018,12,21,3,285.6
2018,12,21,4,285.1
2018,12,21,5,285.4
2018,12,21,6,285.7
2018,12,21,7,287.3
2018,12,22,0,285.8
2018,12,22,1,286.0
2018,12,22,2,285.1
2018,12,22,3,284.2
2018,12,22,4,284.8
2018,12,22,5,284.8
2018,12,22,6,283.8
2018,12,22,7,283.9
2018,12,23,0,284.2
2018,12,23,1,284.3
2018,12,23,2,283.0
2018,12,23,3,281.7
2018,12,23,4,282.5
2018,12,23,5,283.0
2018,12,23,6,284.5
2018,12,23,7,287.7
2018,12,24,0,285.5
2018,12,24,1,284.7
2018,12,24,2,284.3
2018,12,24,3,285.0
2018,12,24,4,284.9
2018,12,24,5,284.2
2018,12,24,6,284.2
2018,12,24,7,286.2
2018,12,25,0,285.5
2018,12,25,1,284.6
2018,12,25,2,284.2
2018,12,25,3,283.9
2018,12,25,4,284.0
2018,12,25,5,284.5
2018,12,25,6,284.6
2018,12,25,7,286.6
2018,12,26,0,285.0
2018,12,26,1,284.3
2018,12,26,2,283.4
2018,12,26,3,282.7
2018,12,26,4,282.9
2018,12,26,5,283.4
2018,12,26,6,284.2
2018,12,26,7,286.0
2018,12,27,0,284.3
2018,12,27,1,283.1
2018,12,27,2,282.7
2018,12,27,3,282.4
2018,12,27,4,281.6
2018,12,27,5,282.1
2018,12,27,6,282.6
2018,12,27,7,281.7
2018,12,28,0,282.4
2018,12,28,1,281.7
2018,12,28,2,280.9
2018,12,28,3,280.5
2018,12,28,4,280.6
2018,12,28,5,282.3
2018,12,28,6,282.8
2018,12,28,7,282.5
2018,12,29,0,282.0
2018,12,29,1,280.8
2018,12,29,2,280.1
2018,12,29,3,279.9
2018,12,29,4,279.9
2018,12,29,5,282.0
2018,12,29,6,283.8
2018,12,29,7,282.5
2018,12,30,0,283.2
2018,12,30,1,282.4
2018,12,30,2,281.3
2018,12,30,3,280.4
2018,12,30,4,280.9
2018,12,30,5,282.3
2018,12,30,6,282.5
2018,12,30,7,281.7
2018,12,1,0,282.1
2018,12,1,1,281.4
2018,12,1,2,280.8
2018,12,1,3,280.5
2018,12,1,4,280.3
2018,12,1,5,281.2
2018,12,1,6,282.0
2018,12,1,7,280.7
2018,12,2,0,280.7
2018,12,2,1,280.5
2018,12,2,2,279.9
2018,12,2,3,279.8
2018,12,2,4,280.2
2018,12,2,5,282.2
2018,12,2,6,283.6
2018,12,2,7,282.8
2018,12,3,0,282.1
2018,12,3,1,281.9
2018,12,3,2,281.4
2018,12,3,3,280.9
2018,12,3,4,281.3
2018,12,3,5,282.2
2018,12,3,6,283.0
2018,12,3,7,282.0
2018,12,4,0,282.1
2018,12,4,1,282.2
2018,12,4,2,281.0
2018,12,4,3,279.9
2018,12,4,4,279.6
2018,12,4,5,279.5
2018,12,4,6,280.4
2018,12,4,7,279.9
2018,12,5,0,279.8
2018,12,5,1,279.7
2018,12,5,2,279.1
2018,12,5,3,278.8
2018,12,5,4,279.1
2018,12,5,5,279.6
2018,12,5,6,280.8
2018,12,5,7,280.4
2018,12,6,0,280.1
2018,12,6,1,279.8
2018,12,6,2,279.7
2018,12,6,3,279.3
2018,12,6,4,279.7
2018,12,6,5,281.0
2018,12,6,6,283.2
2018,12,6,7,283.2
2018,12,7,0,282.7
2018,12,7,1,282.1
2018,12,7,2,282.3
2018,12,7,3,282.0
2018,12,7,4,282.5
2018,12,7,5,283.4
2018,12,7,6,285.5
2018,12,7,7,285.3
2018,12,8,0,285.5
2018,12,8,1,284.9
2018,12,8,2,284.7
2018,12,8,3,284.5
2018,12,8,4,284.2
2018,12,8,5,284.5
2018,12,8,6,286.2
2018,12,8,7,285.5
2018,12,9,0,286.7
2018,12,9,1,286.1
2018,12,9,2,285.4
2018,12,9,3,285.4
2018,12,9,4,286.1
2018,12,9,5,287.4
2018,12,9,6,289.5
2018,12,9,7,288.9
2018,12,10,0,290.1
2018,12,10,1,289.4
2018,12,10,2,288.3
2018,12,10,3,288.0
2018,12,10,4,290.8
2018,12,10,5,288.1
2018,12,10,6,291.9
2018,12,10,7,290.7
2018,12,11,0,289.8
2018,12,11,1,289.5
2018,12,11,2,288.7
2018,12,11,3,287.8
2018,12,11,4,288.1
2018,12,11,5,288.2
2018,12,11,6,288.6
2018,12,11,7,291.0
2018,12,12,0,290.3
2018,12,12,1,290.4
2018,12,12,2,290.3
2018,12,12,3,289.6
2018,12,12,4,289.0
2018,12,12,5,288.6
2018,12,12,6,292.2
2018,12,12,7,290.8
2018,12,13,0,290.4
2018,12,13,1,289.6
2018,12,13,2,288.0
2018,12,13,3,288.3
2018,12,13,4,289.5
2018,12,13,5,291.0
2018,12,13,6,289.8
2018,12,13,7,288.3
2018,12,14,0,287.7
2018,12,14,1,287.4
2018,12,14,2,286.8
2018,12,14,3,285.5
2018,12,14,4,285.0
2018,12,14,5,286.4
2018,12,14,6,285.0
2018,12,14,7,287.7
2018,12,15,0,287.5
2018,12,15,1,287.2
2018,12,15,2,286.6
2018,12,15,3,285.4
2018,12,15,4,285.5
2018,12,15,5,286.3
2018,12,15,6,287.3
2018,12,15,7,288.1
2018,12,16,0,288.4
2018,12,16,1,287.9
2018,12,16,2,288.1
2018,12,16,3,287.5
2018,12,16,4,287.5
2018,12,16,5,288.0
2018,12,16,6,288.2
2018,12,16,7,289.2
2018,12,17,0,287.9
2018,12,17,1,287.2
2018,12,17,2,287.0
2018,12,17,3,286.9
2018,12,17,4,287.9
2018,12,17,5,288.3
2018,12,17,6,287.8
2018,12,17,7,287.2
2018,12,18,0,286.7
2018,12,18,1,286.7
2018,12,18,2,286.3
2018,12,18,3,285.2
2018,12,18,4,284.9
2018,12,18,5,285.7
2018,12,18,6,285.8
2018,12,18,7,284.5
2018,12,19,0,285.8
2018,12,19,1,285.2
2018,12,19,2,285.1
2018,12,19,3,284.7
2018,12,19,4,284.7
2018,12,19,5,285.7
2018,12,19,6,286.2
2018,12,19,7,284.4
2018,12,20,0,286.9
2018,12,20,1,286.8
2018,12,20,2,286.2
2018,12,20,3,285.9
2018,12,20,4,285.7
2018,12,20,5,287.0
2018,12,20,6,287.4
2018,12,20,7,284.5
2018,12,21,0,286.9
2018,12,21,1,285.9
2018,12,21,2,285.2
2018,12,21,3,284.5
2018,12,21,4,283.8
2018,12,21,5,285.6
2018,12,21,6,286.0
2018,12,21,7,285.0
2018,12,22,0,284.2
2018,12,22,1,284.6
2018,12,22,2,284.0
2018,12,22,3,283.8
2018,12,22,4,284.1
2018,12,22,5,284.9
2018,12,22,6,285.6
2018,12,22,7,284.5
2018,12,23,0,284.5
2018,12,23,1,284.9
2018,12,23,2,284.5
2018,12,23,3,284.3
2018,12,23,4,284.5
2018,12,23,5,285.7
2018,12,23,6,286.3
2018,12,23,7,287.3
2018,12,24,0,286.8
2018,12,24,1,286.5
2018,12,24,2,286.1
2018,12,24,3,285.4
2018,12,24,4,285.5
2018,12,24,5,286.7
2018,12,24,6,287.0
2018,12,24,7,285.5
2018,12,25,0,287.3
2018,12,25,1,286.5
2018,12,25,2,285.9
2018,12,25,3,285.2
2018,12,25,4,285.3
2018,12,25,5,286.5
2018,12,25,6,287.7
2018,12,25,7,286.3
2018,12,26,0,287.4
2018,12,26,1,286.9
2018,12,26,2,286.1
2018,12,26,3,285.5
2018,12,26,4,286.4
2018,12,26,5,287.4
2018,12,26,6,287.5
2018,12,26,7,289.4
2018,12,27,0,287.9
2018,12,27,1,286.1
2018,12,27,2,286.3
2018,12,27,3,286.2
2018,12,27,4,287.3
2018,12,27,5,287.5
2018,12,27,6,287.3
2018,12,27,7,288.4
2018,12,28,0,288.6
2018,12,28,1,288.0
2018,12,28,2,286.8
2018,12,28,3,285.3
2018,12,28,4,286.3
2018,12,28,5,287.0
2018,12,28,6,287.3
2018,12,28,7,287.7
2018,12,29,0,287.8
2018,12,29,1,287.2
2018,12,29,2,285.2
2018,12,29,3,285.4
2018,12,29,4,285.5
2018,12,29,5,285.9
2018,12,29,6,286.2
2018,12,29,7,286.2
2018,12,30,0,287.4
2018,12,30,1,286.5
2018,12,30,2,286.1
2018,12,30,3,287.5
2018,12,30,4,287.9
2018,12,30,5,286.6
2018,12,30,6,287.2
2018,12,30,7,286.1
2018,12,31,0,286.7
2018,12,31,1,286.9
2018,12,31,2,285.8
2018,12,31,3,286.2
2018,12,31,4,286.7
2018,12,31,5,287.3
2018,12,31,6,287.7
2018,12,31,7,289.4
2019,12,1,0,287.8
2019,12,1,1,286.5
2019,12,1,2,286.0
2019,12,1,3,285.9
2019,12,1,4,287.3
2019,12,1,5,287.1
2019,12,1,6,287.3
2019,12,1,7,288.2
