####################################################################################################
# Month: 10Oct                                                                                     #
# Station: BAJA                                                                                    #
# Frequency: 345 GHz                                                                               #
# Columns are: year    month   day     segment         tau     Tb (K)                              #
####################################################################################################
year,month,day,segment,tau,Tb
2009,10,1,0,1.325226,203.4483
2009,10,1,1,1.009071,176.5918
2009,10,1,2,0.6782479,137.4058
2009,10,1,3,0.6288128,130.1751
2009,10,1,4,0.6902793,138.2688
2009,10,1,5,0.6771216,136.3851
2009,10,1,6,0.7896738,151.54
2009,10,1,7,0.9662006,171.6101
2009,10,2,0,1.078845,182.7259
2009,10,2,1,0.9717502,172.924
2009,10,2,2,0.9510984,170.5196
2009,10,2,3,1.108159,185.5566
2009,10,2,4,1.201915,193.3123
2009,10,2,5,1.225705,194.782
2009,10,2,6,1.35028,204.0062
2009,10,2,7,1.974513,236.0041
2009,10,3,0,2.275372,246.0839
2009,10,3,1,2.147634,243.3201
2009,10,3,2,2.061793,240.3832
2009,10,3,3,1.887518,233.719
2009,10,3,4,1.625596,221.9039
2009,10,3,5,1.273931,199.8768
2009,10,3,6,0.6863545,140.6489
2009,10,3,7,0.2925517,74.52169
2009,10,4,0,0.2454013,64.56759
2009,10,4,1,0.1876547,51.59157
2009,10,4,2,0.2315206,60.94113
2009,10,4,3,0.28669,72.45323
2009,10,4,4,0.3437299,84.22345
2009,10,4,5,0.3664959,88.3158
2009,10,4,6,0.3758102,89.48164
2009,10,4,7,0.3677156,87.61231
2009,10,5,0,0.3922884,90.52307
2009,10,5,1,0.375083,88.86771
2009,10,5,2,0.3750562,89.40931
2009,10,5,3,0.4259804,98.0653
2009,10,5,4,0.629132,128.8096
2009,10,5,5,0.7103073,139.4288
2009,10,5,6,0.6429404,131.3108
2009,10,5,7,0.4679488,104.7336
2009,10,6,0,0.5535773,117.9902
2009,10,6,1,0.5093071,111.695
2009,10,6,2,0.5242598,113.5628
2009,10,6,3,0.5074754,111.0466
2009,10,6,4,0.4468838,100.7043
2009,10,6,5,0.2649814,67.09568
2009,10,6,6,0.2100095,55.85514
2009,10,6,7,0.2212212,58.40849
2009,10,7,0,0.1912887,52.24374
2009,10,7,1,0.1317421,38.99832
2009,10,7,2,0.1055228,32.74863
2009,10,7,3,0.1123367,34.29912
2009,10,7,4,0.1271732,37.65409
2009,10,7,5,0.1539021,43.63691
2009,10,7,6,0.1630364,45.63865
2009,10,7,7,0.2528023,64.623
2009,10,8,0,0.3057504,75.03466
2009,10,8,1,0.2241915,58.57713
2009,10,8,2,0.2237239,58.48028
2009,10,8,3,0.2306678,59.88781
2009,10,8,4,0.2570264,65.42932
2009,10,8,5,0.1809076,49.58678
2009,10,8,6,0.3000162,74.26936
2009,10,8,7,0.3301961,80.31339
2009,10,9,0,0.3573395,86.01648
2009,10,9,1,0.3236047,79.78103
2009,10,9,2,0.3364275,82.09499
2009,10,9,3,0.3317784,81.29475
2009,10,9,4,0.3253283,80.25698
2009,10,9,5,0.317199,78.73569
2009,10,9,6,0.2850044,72.49172
2009,10,9,7,0.2838199,71.84097
2009,10,10,0,0.2796898,70.46079
2009,10,10,1,0.26057,65.59909
2009,10,10,2,0.4209072,92.9816
2009,10,10,3,0.5768944,116.7091
2009,10,10,4,0.6092987,122.4122
2009,10,10,5,0.4196166,93.56977
2009,10,10,6,0.3359004,79.03034
2009,10,10,7,0.3981528,90.5493
2009,10,11,0,0.517512,110.143
2009,10,11,1,0.5033501,107.8679
2009,10,11,2,0.4173017,95.08763
2009,10,11,3,0.3542407,84.73826
2009,10,11,4,0.2557678,66.16605
2009,10,11,5,0.1941465,53.28067
2009,10,11,6,0.1640713,46.60733
2009,10,11,7,0.1429825,41.88778
2009,10,12,0,0.1501,43.57508
2009,10,12,1,0.1186272,35.87609
2009,10,12,2,0.1352436,39.50818
2009,10,12,3,0.1620548,45.23932
2009,10,12,4,0.1970393,52.29809
2009,10,12,5,0.2404082,60.71635
2009,10,12,6,0.3074475,73.43809
2009,10,12,7,0.4783666,103.2654
2009,10,13,0,0.5386104,113.9647
2009,10,13,1,0.7374033,144.0657
2009,10,13,2,0.9172568,165.0417
2009,10,13,3,0.9705335,170.4487
2009,10,13,4,1.164614,187.622
2009,10,13,5,1.259949,196.0663
2009,10,13,6,1.411319,208.1283
2009,10,13,7,1.456057,212.3487
2009,10,14,0,1.214775,195.9783
2009,10,14,1,1.025986,179.9695
2009,10,14,2,0.8098375,156.9208
2009,10,14,3,0.6917987,141.3626
2009,10,14,4,0.5771889,124.3913
2009,10,14,5,0.5149947,114.5431
2009,10,14,6,0.3855562,92.04094
2009,10,14,7,0.3815979,91.19468
2009,10,15,0,0.4756873,108.1744
2009,10,15,1,0.5553482,121.3863
2009,10,15,2,0.6205322,131.2194
2009,10,15,3,0.5928705,127.3393
2009,10,15,4,0.6350728,133.5282
2009,10,15,5,0.7350302,147.2715
2009,10,15,6,0.7736696,152.167
2009,10,15,7,0.7662046,151.4108
2009,10,16,0,0.7274461,146.6072
2009,10,16,1,0.6632532,137.8593
2009,10,16,2,0.6005592,128.7647
2009,10,16,3,0.5516938,121.3817
2009,10,16,4,0.5559058,121.9083
2009,10,16,5,0.5711805,124.0513
2009,10,16,6,0.5620527,122.4841
2009,10,16,7,0.6035866,128.7728
2009,10,17,0,0.5746987,124.434
2009,10,17,1,0.4148638,97.82264
2009,10,17,2,0.3990271,94.63797
2009,10,17,3,0.3989561,94.37414
2009,10,17,4,0.3988974,94.49886
2009,10,17,5,0.3798996,91.07945
2009,10,17,6,0.3761436,90.41218
2009,10,17,7,0.4959985,111.5019
2009,10,18,0,0.5674377,122.8897
2009,10,18,1,0.4237662,99.39048
2009,10,18,2,0.4830511,109.0195
2009,10,18,3,0.5449054,118.592
2009,10,18,4,0.6164321,129.1605
2009,10,18,5,0.692444,139.1957
2009,10,18,6,0.6134045,127.9883
2009,10,18,7,0.5797213,123.2799
2009,10,19,0,0.5782748,123.1094
2009,10,19,1,0.5036289,111.357
2009,10,19,2,0.3837565,90.3508
2009,10,19,3,0.3202112,77.93226
2009,10,19,4,0.299243,74.65876
2009,10,19,5,0.221794,59.44075
2009,10,19,6,0.296403,74.29578
2009,10,19,7,0.3735026,88.39082
2009,10,20,0,0.4860596,107.057
2009,10,20,1,0.4576839,102.5236
2009,10,20,2,0.5098268,111.1846
2009,10,20,3,0.7400287,145.3699
2009,10,20,4,0.2925268,73.8476
2009,10,20,5,0.1721654,48.18376
2009,10,20,6,0.1201743,36.39185
2009,10,20,7,0.1125854,34.52977
2009,10,21,0,0.1672294,46.48541
2009,10,21,1,0.195354,52.14765
2009,10,21,2,0.218934,57.65214
2009,10,21,3,0.2678981,68.24154
2009,10,21,4,0.3045062,76.13366
2009,10,21,5,0.358663,85.85977
2009,10,21,6,0.4884605,108.6866
2009,10,21,7,0.5124167,112.6857
2009,10,22,0,0.5422152,116.3837
2009,10,22,1,0.5552271,117.9033
2009,10,22,2,0.5490156,117.3053
2009,10,22,3,0.5627948,119.2548
2009,10,22,4,0.4921613,108.8088
2009,10,22,5,0.4869653,107.6092
2009,10,22,6,0.5239183,113.3137
2009,10,22,7,0.4642558,105.0765
2009,10,23,0,0.4182551,97.44105
2009,10,23,1,0.396047,93.27727
2009,10,23,2,0.4380363,101.1542
2009,10,23,3,0.4150534,97.17633
2009,10,23,4,0.3881364,92.0367
2009,10,23,5,0.3739629,88.78853
2009,10,23,6,0.4163745,95.69332
2009,10,23,7,0.5094559,110.972
2009,10,24,0,0.5098613,111.2738
2009,10,24,1,0.4535201,102.2673
2009,10,24,2,0.4584843,103.1484
2009,10,24,3,0.5723745,121.5141
2009,10,24,4,0.9095577,165.2201
2009,10,24,5,0.8959859,164.6428
2009,10,24,6,0.8616038,161.1796
2009,10,24,7,0.7041584,142.5319
2009,10,25,0,0.4584006,105.7152
2009,10,25,1,0.3927593,93.53141
2009,10,25,2,0.5648571,120.7689
2009,10,25,3,0.6757975,137.1793
2009,10,25,4,0.9293632,168.3495
2009,10,25,5,0.8737709,162.8905
2009,10,25,6,0.7444142,147.2181
2009,10,25,7,0.6750415,137.6054
2009,10,26,0,0.4477752,103.1772
2009,10,26,1,0.2336277,62.32593
2009,10,26,2,0.1978477,54.11507
2009,10,26,3,0.2309176,60.22416
2009,10,26,4,0.3228205,78.05883
2009,10,26,5,0.3725102,87.81825
2009,10,26,6,0.3900208,91.11796
2009,10,26,7,0.4463279,101.0126
2009,10,27,0,0.5153852,112.2554
2009,10,27,1,0.5385571,115.9879
2009,10,27,2,0.538167,116.3666
2009,10,27,3,0.5378214,117.3109
2009,10,27,4,0.5540198,119.3111
2009,10,27,5,0.4430424,100.9669
2009,10,27,6,0.6660808,134.6113
2009,10,27,7,0.9131758,165.5075
2009,10,28,0,0.8477954,158.0429
2009,10,28,1,0.5626406,119.435
2009,10,28,2,0.4879095,106.2864
2009,10,28,3,0.4100507,92.98621
2009,10,28,4,0.2636634,65.37764
2009,10,28,5,0.2927196,70.51046
2009,10,28,6,0.2324044,59.22288
2009,10,28,7,0.2466719,61.94605
2009,10,29,0,0.214771,55.20831
2009,10,29,1,0.1041862,31.11463
2009,10,29,2,0.1380673,38.47884
2009,10,29,3,0.1925604,50.48912
2009,10,29,4,0.2787921,67.90239
2009,10,29,5,0.3388171,79.5343
2009,10,29,6,0.4571476,100.4692
2009,10,29,7,0.5297116,113.3493
2009,10,30,0,0.6193342,127.5911
2009,10,30,1,0.7692496,148.4316
2009,10,30,2,0.9513297,169.514
2009,10,30,3,1.07283,182.5438
2009,10,30,4,0.8488687,159.9361
2009,10,30,5,0.6919825,140.0917
2009,10,30,6,0.7343963,145.2995
2009,10,30,7,0.8259863,156.7591
2009,10,31,0,0.886547,163.6439
2009,10,31,1,0.9278557,168.2412
2009,10,31,2,0.8774591,162.9527
2009,10,31,3,0.7764085,151.4935
2009,10,31,4,0.6846452,139.8077
2009,10,31,5,0.5885834,126.1707
2009,10,31,6,0.4311639,100.4054
2009,10,31,7,0.2860988,73.07611
2010,10,1,0,2.414317,251.1444
2010,10,1,1,1.776929,230.3378
2010,10,1,2,1.674627,225.7327
2010,10,1,3,1.708077,227.5186
2010,10,1,4,1.843729,233.4539
2010,10,1,5,2.00355,239.0932
2010,10,1,6,2.056008,241.2562
2010,10,1,7,2.456547,253.0982
2010,10,2,0,2.228253,247.2094
2010,10,2,1,1.687913,226.9912
2010,10,2,2,1.50654,216.6652
2010,10,2,3,1.687712,225.5412
2010,10,2,4,2.332253,248.4528
2010,10,2,5,2.554736,253.8357
2010,10,2,6,2.16769,243.7462
2010,10,2,7,2.219467,245.85
2010,10,3,0,1.767631,229.0055
2010,10,3,1,1.352359,205.6202
2010,10,3,2,1.297926,200.924
2010,10,3,3,1.344981,203.7168
2010,10,3,4,1.39328,206.7291
2010,10,3,5,1.376671,205.4584
2010,10,3,6,1.49597,212.7535
2010,10,3,7,2.013541,236.9312
2010,10,4,0,1.385852,205.5788
2010,10,4,1,0.9316614,167.7888
2010,10,4,2,0.9330361,167.9823
2010,10,4,3,1.117861,185.472
2010,10,4,4,1.185622,190.9937
2010,10,4,5,1.143803,187.4541
2010,10,4,6,1.168245,189.2919
2010,10,4,7,1.141165,187.3053
2010,10,5,0,0.7724166,150.2242
2010,10,5,1,0.618577,130.1264
2010,10,5,2,0.4732437,106.8582
2010,10,5,3,0.3764667,89.76275
2010,10,5,4,0.3092855,76.29467
2010,10,5,5,0.2673882,67.5398
2010,10,5,6,0.2471507,62.92493
2010,10,5,7,0.128152,37.4309
2010,10,6,0,0.3517713,82.60011
2010,10,6,1,0.486126,105.7939
2010,10,6,2,0.3328526,79.81499
2010,10,6,3,0.2418805,62.49592
2010,10,6,4,0.2942609,73.4968
2010,10,6,5,0.245411,63.59618
2010,10,6,6,0.2819664,70.71216
2010,10,6,7,0.3173626,77.46115
2010,10,7,0,0.4347301,99.62662
2010,10,7,1,0.6550224,134.7404
2010,10,7,2,0.6019454,127.2391
2010,10,7,3,0.5196884,114.5724
2010,10,7,4,0.5438101,118.2118
2010,10,7,5,0.6046092,127.1836
2010,10,7,6,0.6229729,129.9859
2010,10,7,7,0.6043624,127.3399
2010,10,8,0,0.5420944,118.0281
2010,10,8,1,0.3524618,85.5365
2010,10,8,2,0.322113,79.5295
2010,10,8,3,0.3259202,80.2564
2010,10,8,4,0.3223927,79.57644
2010,10,8,5,0.3088195,76.96377
2010,10,8,6,0.2861577,72.46705
2010,10,8,7,0.305204,76.44944
2010,10,9,0,0.3055111,76.70674
2010,10,9,1,0.2306613,61.19055
2010,10,9,2,0.2126636,57.23814
2010,10,9,3,0.2180909,58.4365
2010,10,9,4,0.2013271,54.68804
2010,10,9,5,0.1907803,52.16728
2010,10,9,6,0.2168885,57.68392
2010,10,9,7,0.2558278,65.94189
2010,10,10,0,0.2778488,70.7434
2010,10,10,1,0.2308276,60.9706
2010,10,10,2,0.2362001,61.80412
2010,10,10,3,0.2722136,68.63444
2010,10,10,4,0.3044978,75.0458
2010,10,10,5,0.411446,95.1048
2010,10,10,6,0.6108679,127.0477
2010,10,10,7,0.8734972,161.4845
2010,10,11,0,0.9039034,165.7167
2010,10,11,1,0.8053143,154.6617
2010,10,11,2,0.8906662,164.3349
2010,10,11,3,0.8935923,164.5824
2010,10,11,4,0.8765904,162.5897
2010,10,11,5,0.9080681,165.8805
2010,10,11,6,0.8831289,163.3271
2010,10,11,7,0.9108443,166.3297
2010,10,12,0,0.8888837,164.0367
2010,10,12,1,0.7056466,141.9352
2010,10,12,2,0.5945947,126.0004
2010,10,12,3,0.5541665,119.5911
2010,10,12,4,0.606367,127.2976
2010,10,12,5,0.6686323,136.087
2010,10,12,6,0.7140902,142.5098
2010,10,12,7,0.8533004,159.5819
2010,10,13,0,0.9710624,172.129
2010,10,13,1,0.9389725,168.6549
2010,10,13,2,0.8851188,162.5421
2010,10,13,3,0.8770352,161.6223
2010,10,13,4,0.897126,164.0915
2010,10,13,5,0.8739781,161.5499
2010,10,13,6,0.8120706,154.2738
2010,10,13,7,0.8704292,161.2469
2010,10,14,0,1.153055,189.2489
2010,10,14,1,1.468778,212.9953
2010,10,14,2,1.627848,221.2305
2010,10,14,3,2.094739,241.0067
2010,10,14,4,1.772113,227.3735
2010,10,14,5,1.580068,217.6217
2010,10,14,6,1.992322,235.5784
2010,10,14,7,1.818334,228.1807
2010,10,15,0,1.322174,200.1038
2010,10,15,1,1.19551,190.5477
2010,10,15,2,1.540513,214.1704
2010,10,15,3,1.875154,230.9569
2010,10,15,4,1.858156,230.0681
2010,10,15,5,1.551713,214.4331
2010,10,15,6,1.330692,199.8707
2010,10,15,7,1.363255,201.5492
2010,10,16,0,1.392546,204.3679
2010,10,16,1,0.9695198,169.8156
2010,10,16,2,0.9783342,170.6902
2010,10,16,3,1.082396,180.8582
2010,10,16,4,1.123955,184.7344
2010,10,16,5,0.9805943,171.6294
2010,10,16,6,0.7874297,150.524
2010,10,16,7,0.9684454,170.4807
2010,10,17,0,0.8602898,159.0786
2010,10,17,1,0.5690264,120.724
2010,10,17,2,0.4763855,106.3375
2010,10,17,3,0.5375239,115.9763
2010,10,17,4,0.6886524,137.1545
2010,10,17,5,0.718422,140.3307
2010,10,17,6,0.7208044,139.113
2010,10,17,7,0.8179975,150.0967
2010,10,18,0,0.8344891,151.7698
2010,10,18,1,0.9240477,162.0394
2010,10,18,2,0.6863198,136.1802
2010,10,18,3,0.4241493,97.65361
2010,10,18,4,0.3217042,79.2785
2010,10,18,5,0.2887463,72.66595
2010,10,18,6,0.3027656,75.21784
2010,10,18,7,0.302116,75.59862
2010,10,19,0,0.4342022,99.62024
2010,10,19,1,0.473012,105.3037
2010,10,19,2,0.3836956,89.97024
2010,10,19,3,0.3432416,82.64581
2010,10,19,4,0.3993791,92.94871
2010,10,19,5,0.6356293,129.7687
2010,10,19,6,0.6571442,132.1102
2010,10,19,7,0.7658212,146.2414
2010,10,20,0,0.8475388,154.5157
2010,10,20,1,0.7532869,142.1872
2010,10,20,2,0.8335473,151.0278
2010,10,20,3,1.063408,175.3861
2010,10,20,4,1.349648,198.5282
2010,10,20,5,1.222808,189.418
2010,10,20,6,1.613508,213.3608
2010,10,20,7,1.665144,216.3693
2010,10,21,0,1.781838,222.0763
2010,10,21,1,1.179888,186.7939
2010,10,21,2,0.7810192,147.455
2010,10,21,3,0.6446196,130.1787
2010,10,21,4,0.6036314,124.6869
2010,10,21,5,0.5776684,121.1464
2010,10,21,6,0.5296882,113.9589
2010,10,21,7,0.5902081,122.5621
2010,10,22,0,0.915624,162.978
2010,10,22,1,1.040194,174.5329
2010,10,22,2,1.310176,196.1914
2010,10,22,3,1.205495,189.3871
2010,10,22,4,0.9610044,167.4336
2010,10,22,5,0.7417594,142.0635
2010,10,22,6,0.6698814,132.9824
2010,10,22,7,0.8013136,149.6235
2010,10,23,0,0.6863031,135.7524
2010,10,23,1,0.6037436,124.8552
2010,10,23,2,0.6331268,128.2377
2010,10,23,3,0.7208369,139.6484
2010,10,23,4,0.9543461,165.5193
2010,10,23,5,1.309523,196.4809
2010,10,23,6,1.339914,201.0143
2010,10,23,7,1.417755,206.5568
2010,10,24,0,1.283652,198.5541
2010,10,24,1,1.199636,191.6047
2010,10,24,2,1.003765,174.6101
2010,10,24,3,1.039711,177.529
2010,10,24,4,1.090727,182.5112
2010,10,24,5,1.25379,195.5919
2010,10,24,6,1.481989,211.6161
2010,10,24,7,1.688348,223.8941
2010,10,25,0,1.689989,225.2695
2010,10,25,1,1.643759,223.5594
2010,10,25,2,1.537531,217.6744
2010,10,25,3,1.489329,214.8746
2010,10,25,4,1.224849,195.8915
2010,10,25,5,0.735995,145.0857
2010,10,25,6,0.7863727,151.5524
2010,10,25,7,1.221922,194.5984
2010,10,26,0,1.216357,194.7462
2010,10,26,1,0.9609117,173.6797
2010,10,26,2,0.5881036,127.091
2010,10,26,3,0.3526867,87.01785
2010,10,26,4,0.308064,77.7725
2010,10,26,5,0.4161563,98.13479
2010,10,26,6,0.5362242,118.5714
2010,10,26,7,0.4455541,103.6918
2010,10,27,0,0.3643376,88.61021
2010,10,27,1,0.4596765,105.6058
2010,10,27,2,0.4436452,102.5131
2010,10,27,3,0.4208766,98.35931
2010,10,27,4,0.3891245,92.71311
2010,10,27,5,0.37579,89.60358
2010,10,27,6,0.3547636,85.25968
2010,10,27,7,0.3490311,84.33613
2010,10,28,0,0.3551168,85.66154
2010,10,28,1,0.3627352,87.25608
2010,10,28,2,0.3516536,85.39855
2010,10,28,3,0.3443099,84.27081
2010,10,28,4,0.3564031,86.52651
2010,10,28,5,0.3503125,85.43108
2010,10,28,6,0.338097,82.96849
2010,10,28,7,0.3152096,78.15516
2010,10,29,0,0.3279711,79.21442
2010,10,29,1,0.2994558,73.54886
2010,10,29,2,0.3065696,74.9157
2010,10,29,3,0.3431894,82.66373
2010,10,29,4,0.3567125,85.42314
2010,10,29,5,0.3524704,84.33005
2010,10,29,6,0.3643337,86.19403
2010,10,29,7,0.3628182,85.94268
2010,10,30,0,0.313281,76.67751
2010,10,30,1,0.2736189,69.03632
2010,10,30,2,0.3180128,77.3656
2010,10,30,3,0.3510208,83.26705
2010,10,30,4,0.3363794,81.53756
2010,10,30,5,0.4174765,96.41167
2010,10,30,6,0.3922923,91.75077
2010,10,30,7,0.3097486,76.30917
2010,10,31,0,0.3658631,87.19638
2010,10,31,1,0.4744686,106.3633
2010,10,31,2,0.5450095,117.4948
2010,10,31,3,0.5656825,120.2375
2010,10,31,4,0.5528763,118.4125
2010,10,31,5,0.5140695,112.8133
2010,10,31,6,0.526421,114.2408
2010,10,31,7,0.5205973,113.3004
2011,10,1,0,2.221275,245.7287
2011,10,1,1,2.148759,243.4748
2011,10,1,2,2.395439,250.1519
2011,10,1,3,2.847376,259.1877
2011,10,1,4,2.995652,260.589
2011,10,1,5,2.849193,257.9515
2011,10,1,6,2.589559,253.1872
2011,10,1,7,2.378425,248.7531
2011,10,2,0,2.312301,247.5604
2011,10,2,1,2.077193,240.8973
2011,10,2,2,1.956343,236.5126
2011,10,2,3,1.889445,233.8057
2011,10,2,4,1.821163,231.1744
2011,10,2,5,1.737148,227.5255
2011,10,2,6,1.796587,230.0729
2011,10,2,7,2.152764,243.6978
2011,10,3,0,2.317021,249.0808
2011,10,3,1,1.711395,227.3568
2011,10,3,2,1.399477,209.2573
2011,10,3,3,1.469783,213.4384
2011,10,3,4,1.592155,219.9447
2011,10,3,5,1.361722,205.5082
2011,10,3,6,1.104314,185.6013
2011,10,3,7,1.191669,193.008
2011,10,4,0,1.06776,182.2664
2011,10,4,1,1.027917,178.1612
2011,10,4,2,0.9154652,166.6067
2011,10,4,3,0.6831061,137.8377
2011,10,4,4,0.9219934,162.8163
2011,10,4,5,0.7783634,148.9605
2011,10,4,6,0.9234869,166.3714
2011,10,4,7,0.8824453,161.5801
2011,10,5,0,0.7791744,147.6938
2011,10,5,1,1.008641,175.2929
2011,10,5,2,1.279866,199.8049
2011,10,5,3,1.348459,205.1456
2011,10,5,4,1.184553,193.1667
2011,10,5,5,0.9960242,176.0702
2011,10,5,6,1.01919,178.5967
2011,10,5,7,1.04667,181.007
2011,10,6,0,1.003406,176.1962
2011,10,6,1,1.01415,177.1216
2011,10,6,2,1.114075,186.9762
2011,10,6,3,0.8639428,161.9417
2011,10,6,4,0.5796315,123.4483
2011,10,6,5,0.5520106,118.1502
2011,10,6,6,0.4602925,103.1716
2011,10,6,7,0.5732716,121.0387
2011,10,7,0,0.6133145,127.7167
2011,10,7,1,0.5807303,123.3428
2011,10,7,2,0.4732512,105.9202
2011,10,7,3,0.2051153,54.91502
2011,10,7,4,0.1797624,49.11867
2011,10,7,5,0.1656127,46.47431
2011,10,7,6,0.3151627,76.81691
2011,10,7,7,0.3568047,85.76272
2011,10,8,0,0.3279908,81.2526
2011,10,8,1,0.3150513,78.24386
2011,10,8,2,0.5178008,113.1269
2011,10,8,3,0.5549062,120.1127
2011,10,8,4,0.5162083,114.2469
2011,10,8,5,0.4642859,105.594
2011,10,8,6,0.4144466,96.88748
2011,10,8,7,0.3890726,92.56408
2011,10,9,0,0.3589002,87.14123
2011,10,9,1,0.3135188,78.14782
2011,10,9,2,0.3037568,76.34845
2011,10,9,3,0.3045865,76.30465
2011,10,9,4,0.3456923,84.02084
2011,10,9,5,0.4108541,95.82239
2011,10,9,6,0.4241216,97.93461
2011,10,9,7,0.4426241,101.1031
2011,10,10,0,0.469791,105.7517
2011,10,10,1,0.4877425,108.0182
2011,10,10,2,0.5226671,113.125
2011,10,10,3,0.5272572,113.9547
2011,10,10,4,0.5015695,110.4632
2011,10,10,5,0.4176887,96.88472
2011,10,10,6,0.39822,93.07126
2011,10,10,7,0.4678954,104.8058
2011,10,11,0,0.5585326,118.5856
2011,10,11,1,0.6962052,136.9311
2011,10,11,2,0.7913741,149.8364
2011,10,11,3,0.858786,159.0988
2011,10,11,4,0.8614337,160.4382
2011,10,11,5,0.77054,150.3026
2011,10,11,6,0.7897381,152.7898
2011,10,11,7,0.8610137,161.5864
2011,10,12,0,0.8676878,162.9579
2011,10,12,1,0.8553802,162.291
2011,10,12,2,0.8352271,159.8939
2011,10,12,3,0.7434512,148.5186
2011,10,12,4,0.6685999,138.492
2011,10,12,5,0.5965801,128.2154
2011,10,12,6,0.5893268,127.1084
2011,10,12,7,0.5951773,127.8485
2011,10,13,0,0.5297796,117.661
2011,10,13,1,0.4456871,103.6168
2011,10,13,2,0.4474087,103.8542
2011,10,13,3,0.4388589,102.2223
2011,10,13,4,0.435835,101.5979
2011,10,13,5,0.4436094,102.9911
2011,10,13,6,0.4363802,101.7314
2011,10,13,7,0.4354427,101.5471
2011,10,14,0,0.416287,98.15695
2011,10,14,1,0.3393844,83.96415
2011,10,14,2,0.3398702,83.99839
2011,10,14,3,0.3521199,86.05303
2011,10,14,4,0.3393619,83.63277
2011,10,14,5,0.3341509,82.53824
2011,10,14,6,0.3627967,87.9278
2011,10,14,7,0.4422146,101.9078
2011,10,15,0,0.4043795,95.46983
2011,10,15,1,0.3107692,77.45556
2011,10,15,2,0.3325764,81.4813
2011,10,15,3,0.35902,86.41046
2011,10,15,4,0.3739115,89.4769
2011,10,15,5,0.3896295,92.55233
2011,10,15,6,0.4061521,95.32096
2011,10,15,7,0.6721002,137.1275
2011,10,16,0,0.8475373,159.4863
2011,10,16,1,0.9072971,166.2585
2011,10,16,2,0.9297764,168.4753
2011,10,16,3,0.7895207,152.6651
2011,10,16,4,0.6781035,138.236
2011,10,16,5,0.6853934,139.1271
2011,10,16,6,0.8162398,155.8348
2011,10,16,7,1.021537,178.172
2011,10,17,0,1.026536,179.0869
2011,10,17,1,0.8383,159.2698
2011,10,17,2,0.6776628,139.0567
2011,10,17,3,0.6104008,129.384
2011,10,17,4,0.4942208,111.2626
2011,10,17,5,0.3767501,90.73051
2011,10,17,6,0.3393091,83.67628
2011,10,17,7,0.4680516,107.0355
2011,10,18,0,0.5226,116.1893
2011,10,18,1,0.302727,76.50431
2011,10,18,2,0.2375267,62.66297
2011,10,18,3,0.2329108,61.64533
2011,10,18,4,0.229678,60.9228
2011,10,18,5,0.2281223,60.60042
2011,10,18,6,0.2232784,59.72357
2011,10,18,7,0.2304877,61.59527
2011,10,19,0,0.2382858,63.3436
2011,10,19,1,0.2080981,56.58994
2011,10,19,2,0.1919789,53.02843
2011,10,19,3,0.1837563,51.16751
2011,10,19,4,0.1699406,47.85884
2011,10,19,5,0.1660812,46.72689
2011,10,19,6,0.1723973,48.08976
2011,10,19,7,0.20512,55.8674
2011,10,20,0,0.2501643,66.11413
2011,10,20,1,0.2154676,58.41921
2011,10,20,2,0.2178797,58.986
2011,10,20,3,0.2321119,62.10853
2011,10,20,4,0.2458362,65.09885
2011,10,20,5,0.2564985,67.1909
2011,10,20,6,0.22475,60.29207
2011,10,20,7,0.2935558,74.87455
2011,10,21,0,0.3375811,83.0686
2011,10,21,1,0.3150452,77.93685
2011,10,21,2,0.3103409,77.07168
2011,10,21,3,0.2735946,70.0816
2011,10,21,4,0.2527241,66.16551
2011,10,21,5,0.2449876,64.75486
2011,10,21,6,0.222772,60.05954
2011,10,21,7,0.251076,66.52861
2011,10,22,0,0.2339092,63.01742
2011,10,22,1,0.1830439,51.30147
2011,10,22,2,0.1703068,48.23387
2011,10,22,3,0.1450887,42.30828
2011,10,22,4,0.1622184,46.23869
2011,10,22,5,0.1880758,52.1246
2011,10,22,6,0.2265997,60.79414
2011,10,22,7,0.3726379,90.67699
2011,10,23,0,0.3791329,91.75145
2011,10,23,1,0.3061696,77.29437
2011,10,23,2,0.3429105,84.39823
2011,10,23,3,0.409185,96.64095
2011,10,23,4,0.3786729,90.85274
2011,10,23,5,0.3805221,90.97718
2011,10,23,6,0.3996063,94.36354
2011,10,23,7,0.5093574,112.9004
2011,10,24,0,0.8369933,157.1777
2011,10,24,1,1.024111,176.281
2011,10,24,2,0.938714,167.3936
2011,10,24,3,1.198231,191.0984
2011,10,24,4,2.03655,238.4419
2011,10,24,5,2.270228,246.5279
2011,10,24,6,1.756885,227.5257
2011,10,24,7,1.8275,230.9589
2011,10,25,0,1.188758,192.4463
2011,10,25,1,0.549364,118.1375
2011,10,25,2,0.5131827,111.7933
2011,10,25,3,0.7199917,142.2146
2011,10,25,4,0.8750469,161.4678
2011,10,25,5,0.7388206,144.9511
2011,10,25,6,0.5804891,122.971
2011,10,25,7,0.547319,118.1388
2011,10,26,0,0.4543499,103.0655
2011,10,26,1,0.3291258,79.94441
2011,10,26,2,0.2556279,64.74983
2011,10,26,3,0.2557809,64.57106
2011,10,26,4,0.287794,71.29657
2011,10,26,5,0.2695276,68.16889
2011,10,26,6,0.2052981,55.56811
2011,10,26,7,0.09631143,30.56324
2011,10,27,0,0.1104955,34.23337
2011,10,27,1,0.1049941,32.70415
2011,10,27,2,0.1249365,37.46107
2011,10,27,3,0.152206,43.82694
2011,10,27,4,0.1837319,50.88443
2011,10,27,5,0.2024172,54.93794
2011,10,27,6,0.2118211,57.01593
2011,10,27,7,0.2339238,61.714
2011,10,28,0,0.2343876,61.78609
2011,10,28,1,0.2343276,61.95375
2011,10,28,2,0.2393083,62.99961
2011,10,28,3,0.2427213,63.6116
2011,10,28,4,0.2359955,62.12701
2011,10,28,5,0.2245217,59.66443
2011,10,28,6,0.2408416,62.87711
2011,10,28,7,0.2520344,65.1306
2011,10,29,0,0.2828677,70.62444
2011,10,29,1,0.2957443,73.09841
2011,10,29,2,0.3222205,78.02267
2011,10,29,3,0.3774728,87.58414
2011,10,29,4,0.3625358,84.867
2011,10,29,5,0.4351877,96.16897
2011,10,29,6,0.6506254,127.9727
2011,10,29,7,0.7008212,134.9394
2011,10,30,0,0.3599928,84.22401
2011,10,30,1,0.3145083,75.21944
2011,10,30,2,0.2715688,67.37969
2011,10,30,3,0.2524406,63.97812
2011,10,30,4,0.2758483,68.72717
2011,10,30,5,0.357192,83.62508
2011,10,30,6,0.447366,98.98414
2011,10,30,7,0.5309077,112.2747
2011,10,31,0,0.7314177,139.783
2011,10,31,1,0.7770715,145.8683
2011,10,31,2,0.8227144,151.4503
2011,10,31,3,0.8896569,158.9538
2011,10,31,4,0.9029106,160.3164
2011,10,31,5,0.8236374,151.6528
2011,10,31,6,0.6773819,134.7373
2011,10,31,7,0.6352801,129.8494
2012,10,1,0,1.062006,182.4803
2012,10,1,1,0.7346777,146.6383
2012,10,1,2,0.5117649,114.2325
2012,10,1,3,0.4496244,103.9244
2012,10,1,4,0.563948,122.7566
2012,10,1,5,0.5615935,122.5275
2012,10,1,6,0.5448038,119.9736
2012,10,1,7,0.5597408,122.4408
2012,10,2,0,0.5407513,119.6544
2012,10,2,1,0.3885281,93.55044
2012,10,2,2,0.3683014,89.49343
2012,10,2,3,0.4314658,100.8813
2012,10,2,4,0.483948,109.8533
2012,10,2,5,0.5406871,119.013
2012,10,2,6,0.5543538,120.9166
2012,10,2,7,0.6654443,137.0427
2012,10,3,0,0.7313682,146.1235
2012,10,3,1,0.5674615,122.7155
2012,10,3,2,0.5129247,113.9035
2012,10,3,3,0.4797931,108.2948
2012,10,3,4,0.4487119,102.9831
2012,10,3,5,0.4527395,103.6076
2012,10,3,6,0.4246717,98.58503
2012,10,3,7,0.4278154,99.00367
2012,10,4,0,0.3570783,86.08753
2012,10,4,1,0.2532731,65.18365
2012,10,4,2,0.2366842,61.19115
2012,10,4,3,0.2428692,62.18794
2012,10,4,4,0.1898887,50.96929
2012,10,4,5,0.1786013,48.50648
2012,10,4,6,0.215091,56.25516
2012,10,4,7,0.2509879,64.0873
2012,10,5,0,0.2605935,66.01206
2012,10,5,1,0.2447749,62.40594
2012,10,5,2,0.2131891,55.96224
2012,10,5,3,0.1986186,52.82092
2012,10,5,4,0.2210641,58.20336
2012,10,5,5,0.2537803,65.31155
2012,10,5,6,0.2771757,69.79865
2012,10,5,7,0.3314795,80.538
2012,10,6,0,0.3660761,87.13055
2012,10,6,1,0.3429813,83.0464
2012,10,6,2,0.3636545,86.86091
2012,10,6,3,0.3898446,91.46521
2012,10,6,4,0.383895,90.46554
2012,10,6,5,0.4252536,97.33957
2012,10,6,6,0.5637926,118.745
2012,10,6,7,0.744803,144.1357
2012,10,7,0,0.8607988,158.6821
2012,10,7,1,0.7149372,141.9523
2012,10,7,2,0.6202617,129.6459
2012,10,7,3,0.5973618,126.5479
2012,10,7,4,0.5900544,125.3141
2012,10,7,5,0.5886256,124.7865
2012,10,7,6,0.6363818,131.3504
2012,10,7,7,0.7079934,141.5172
2012,10,8,0,0.7506933,147.1194
2012,10,8,1,0.6880743,138.6157
2012,10,8,2,0.6166383,128.1294
2012,10,8,3,0.5030966,110.221
2012,10,8,4,0.4482971,100.6274
2012,10,8,5,0.410305,94.08035
2012,10,8,6,0.3966214,91.74354
2012,10,8,7,0.4782476,105.8418
2012,10,9,0,0.5473193,116.6927
2012,10,9,1,0.6110577,125.6092
2012,10,9,2,0.5070776,110.5793
2012,10,9,3,0.367785,87.46723
2012,10,9,4,0.397037,92.86704
2012,10,9,5,0.4857206,107.5729
2012,10,9,6,0.5365912,115.7535
2012,10,9,7,0.6172848,127.9856
2012,10,10,0,0.5938002,124.9203
2012,10,10,1,0.5708986,121.6585
2012,10,10,2,0.6273027,129.4702
2012,10,10,3,0.7166417,141.6154
2012,10,10,4,0.9100677,164.2626
2012,10,10,5,1.217409,192.5884
2012,10,10,6,1.31488,199.9349
2012,10,10,7,1.15617,187.6216
2012,10,11,0,1.027276,175.947
2012,10,11,1,0.9368945,166.6574
2012,10,11,2,1.033087,175.6129
2012,10,11,3,1.179725,188.5929
2012,10,11,4,0.8208988,153.5116
2012,10,11,5,0.4626119,103.14
2012,10,11,6,0.2848505,70.96803
2012,10,11,7,0.2919729,72.46685
2012,10,12,0,0.4236175,96.23144
2012,10,12,1,0.4671172,103.0494
2012,10,12,2,0.6440616,128.9865
2012,10,12,3,0.5103738,110.3285
2012,10,12,4,0.4648628,103.3865
2012,10,12,5,0.3623015,85.845
2012,10,12,6,0.3196021,77.65307
2012,10,12,7,0.4144014,95.60797
2012,10,13,0,0.6078679,127.2929
2012,10,13,1,0.5525036,119.282
2012,10,13,2,0.3290436,80.59183
2012,10,13,3,0.2302045,60.77164
2012,10,13,4,0.2529846,65.50784
2012,10,13,5,0.2510651,65.04433
2012,10,13,6,0.2433985,63.36985
2012,10,13,7,0.2426086,63.2963
2012,10,14,0,0.2467847,64.15274
2012,10,14,1,0.2573412,66.22896
2012,10,14,2,0.3114122,77.11002
2012,10,14,3,0.3957895,92.82311
2012,10,14,4,0.4273904,98.22774
2012,10,14,5,0.4097821,95.27273
2012,10,14,6,0.4164432,96.96409
2012,10,14,7,0.4672752,106.1014
2012,10,15,0,0.4519036,103.4644
2012,10,15,1,0.4454419,102.1401
2012,10,15,2,0.4556711,103.7448
2012,10,15,3,0.4238482,98.14419
2012,10,15,4,0.3895996,92.01172
2012,10,15,5,0.3858508,91.53125
2012,10,15,6,0.3453008,84.36473
2012,10,15,7,0.3879479,92.45062
2012,10,16,0,0.3764893,90.51365
2012,10,16,1,0.3156192,78.76611
2012,10,16,2,0.3333518,81.32955
2012,10,16,3,0.3411804,82.31254
2012,10,16,4,0.3017316,75.06215
2012,10,16,5,0.2872124,72.5877
2012,10,16,6,0.286617,72.86395
2012,10,16,7,0.3273937,81.45781
2012,10,17,0,0.3181408,79.9334
2012,10,17,1,0.2917725,74.36886
2012,10,17,2,0.3910148,92.63787
2012,10,17,3,0.5042623,111.5061
2012,10,17,4,0.5234104,114.6488
2012,10,17,5,0.5374698,116.9438
2012,10,17,6,0.5770635,123.5594
2012,10,17,7,0.7564395,149.7627
2012,10,18,0,0.9197507,169.6669
2012,10,18,1,0.9334076,171.5521
2012,10,18,2,1.20966,197.5096
2012,10,18,3,1.474327,215.6761
2012,10,18,4,1.335373,205.923
2012,10,18,5,1.291275,202.7374
2012,10,18,6,1.130047,189.4776
2012,10,18,7,0.9709733,173.959
2012,10,19,0,0.939989,170.8671
2012,10,19,1,1.17424,193.0301
2012,10,19,2,1.633632,223.9553
2012,10,19,3,1.868493,234.8309
2012,10,19,4,1.218947,195.8163
2012,10,19,5,0.7840103,152.6514
2012,10,19,6,0.6485117,134.7249
2012,10,19,7,0.9657146,172.5156
2012,10,20,0,1.054047,181.0165
2012,10,20,1,0.5911517,125.2671
2012,10,20,2,0.5668181,121.0763
2012,10,20,3,0.6446269,132.4133
2012,10,20,4,0.7450297,145.3575
2012,10,20,5,0.7597653,147.3695
2012,10,20,6,0.6165677,128.5465
2012,10,20,7,0.5806982,123.307
2012,10,21,0,0.590286,124.8212
2012,10,21,1,0.6745708,136.738
2012,10,21,2,0.7235531,143.4183
2012,10,21,3,0.7555956,146.311
2012,10,21,4,0.9840144,170.2166
2012,10,21,5,1.11487,182.0805
2012,10,21,6,0.9274908,165.3021
2012,10,21,7,0.5881805,124.0412
2012,10,22,0,0.4658762,104.6319
2012,10,22,1,0.6464686,132.9252
2012,10,22,2,0.5800701,123.6873
2012,10,22,3,0.584553,123.937
2012,10,22,4,0.7573543,147.5935
2012,10,22,5,0.8597866,159.2835
2012,10,22,6,0.7704879,148.3719
2012,10,22,7,0.7953572,151.6917
2012,10,23,0,0.7022267,140.6866
2012,10,23,1,0.5904166,124.7416
2012,10,23,2,0.510844,111.8646
2012,10,23,3,0.3792936,89.22103
2012,10,23,4,0.3549079,84.15123
2012,10,23,5,0.4080874,93.21038
2012,10,23,6,0.4367592,98.07677
2012,10,23,7,0.5201143,110.669
2012,10,24,0,0.6267548,125.621
2012,10,24,1,0.5508177,113.9182
2012,10,24,2,0.6336143,126.144
2012,10,24,3,0.6379713,128.8816
2012,10,24,4,0.7898819,148.7946
2012,10,24,5,0.5685493,119.6523
2012,10,24,6,0.5564734,120.4193
2012,10,24,7,0.5007844,112.2741
2012,10,25,0,0.5590343,121.4636
2012,10,25,1,0.5244566,115.8694
2012,10,25,2,0.5227656,115.0944
2012,10,25,3,0.5574382,120.3234
2012,10,25,4,0.7169703,143.3766
2012,10,25,5,0.8670106,161.8046
2012,10,25,6,0.8516369,160.5424
2012,10,25,7,0.736383,147.0043
2012,10,26,0,0.6713199,138.0291
2012,10,26,1,0.6770515,138.1353
2012,10,26,2,0.7308067,144.7204
2012,10,26,3,0.6886612,138.9926
2012,10,26,4,0.695239,139.68
2012,10,26,5,0.6884162,138.6272
2012,10,26,6,0.642489,132.6253
2012,10,26,7,0.613362,128.7132
2012,10,27,0,0.573222,122.7144
2012,10,27,1,0.4933333,109.7549
2012,10,27,2,0.4825891,107.7491
2012,10,27,3,0.5099741,112.115
2012,10,27,4,0.5160503,113.0158
2012,10,27,5,0.5079529,111.7089
2012,10,27,6,0.5076609,111.5218
2012,10,27,7,0.4969316,109.8911
2012,10,28,0,0.4587747,103.4831
2012,10,28,1,0.434596,99.27605
2012,10,28,2,0.4392375,99.84519
2012,10,28,3,0.4428765,100.2967
2012,10,28,4,0.4464598,101.0506
2012,10,28,5,0.443128,100.7448
2012,10,28,6,0.4257305,98.03722
2012,10,28,7,0.4211252,97.40736
2012,10,29,0,0.4223635,97.8943
2012,10,29,1,0.395482,93.40226
2012,10,29,2,0.380827,90.84969
2012,10,29,3,0.3810325,90.88945
2012,10,29,4,0.3773057,90.14258
2012,10,29,5,0.357459,86.56175
2012,10,29,6,0.3387643,83.1558
2012,10,29,7,0.3624553,87.76564
2012,10,30,0,0.356725,86.85725
2012,10,30,1,0.2869116,73.31828
2012,10,30,2,0.2605373,67.75617
2012,10,30,3,0.2341837,62.08523
2012,10,30,4,0.2398531,63.14424
2012,10,30,5,0.2520902,65.60835
2012,10,30,6,0.2519911,65.44254
2012,10,30,7,0.2886537,72.9116
2012,10,31,0,0.3150286,78.14528
2012,10,31,1,0.2707449,69.24324
2012,10,31,2,0.2571216,66.28011
2012,10,31,3,0.2643484,67.60498
2012,10,31,4,0.2600719,66.54453
2012,10,31,5,0.2609222,66.58467
2012,10,31,6,0.2604143,66.41824
2012,10,31,7,0.2910646,72.79814
2013,10,1,0,0.18695,52.82016
2013,10,1,1,0.1331567,39.66618
2013,10,1,2,0.1356977,40.01679
2013,10,1,3,0.1406005,41.15517
2013,10,1,4,0.1538316,44.40619
2013,10,1,5,0.1696858,48.00575
2013,10,1,6,0.1799156,50.2577
2013,10,1,7,0.2017721,55.11356
2013,10,2,0,0.1976536,54.12961
2013,10,2,1,0.1712906,48.09944
2013,10,2,2,0.194663,53.42072
2013,10,2,3,0.2956444,74.98464
2013,10,2,4,0.335983,82.97571
2013,10,2,5,0.319586,79.58791
2013,10,2,6,0.2731161,70.08183
2013,10,2,7,0.2997524,75.36348
2013,10,3,0,0.2973667,74.86633
2013,10,3,1,0.2754425,70.6244
2013,10,3,2,0.3268633,80.78384
2013,10,3,3,0.3373179,82.7423
2013,10,3,4,0.2546712,65.93537
2013,10,3,5,0.195874,52.89051
2013,10,3,6,0.3042066,75.04859
2013,10,3,7,0.357051,86.61973
2013,10,4,0,0.2816165,72.42126
2013,10,4,1,0.3229089,80.51462
2013,10,4,2,0.6477546,135.0487
2013,10,4,3,0.7384017,147.8387
2013,10,4,4,0.6686995,138.4772
2013,10,4,5,0.6074028,129.3009
2013,10,4,6,0.5331134,117.6512
2013,10,4,7,0.536937,118.2252
2013,10,5,0,0.6248849,131.7486
2013,10,5,1,0.6577986,136.861
2013,10,5,2,0.5811189,125.5188
2013,10,5,3,0.4955914,112.0793
2013,10,5,4,0.4138316,98.00868
2013,10,5,5,0.3673199,89.34508
2013,10,5,6,0.2703665,70.05764
2013,10,5,7,0.1800608,50.39255
2013,10,6,0,0.1050387,32.32895
2013,10,6,1,0.09535926,30.06853
2013,10,6,2,0.08781576,28.40873
2013,10,6,3,0.09156384,29.25432
2013,10,6,4,0.09575215,29.94738
2013,10,6,5,0.1076809,32.57575
2013,10,6,6,0.1191404,35.35009
2013,10,6,7,0.1440947,41.21984
2013,10,7,0,0.1753215,48.44745
2013,10,7,1,0.1931363,52.62926
2013,10,7,2,0.2038182,54.56877
2013,10,7,3,0.2003033,54.16025
2013,10,7,4,0.2081657,56.21519
2013,10,7,5,0.2248899,59.47136
2013,10,7,6,0.2529543,64.78043
2013,10,7,7,0.3101325,75.51281
2013,10,8,0,0.2853003,71.98121
2013,10,8,1,0.3169441,78.25244
2013,10,8,2,0.5016548,111.8828
2013,10,8,3,0.5675248,122.4604
2013,10,8,4,0.4680988,106.6865
2013,10,8,5,0.3969756,94.00847
2013,10,8,6,0.3925259,92.96396
2013,10,8,7,0.296106,74.56823
2013,10,9,0,0.2697383,68.8348
2013,10,9,1,0.3117667,76.90933
2013,10,9,2,0.4398204,100.6049
2013,10,9,3,0.5523912,118.9226
2013,10,9,4,0.4381341,99.5204
2013,10,9,5,0.3229435,78.30417
2013,10,9,6,0.282534,69.91954
2013,10,9,7,0.3796169,87.85693
2013,10,10,0,0.6919487,136.4815
2013,10,10,1,0.8983328,161.6929
2013,10,10,2,0.9139352,163.1161
2013,10,10,3,0.5617917,117.6566
2013,10,10,4,0.201465,53.47464
2013,10,10,5,0.2163089,56.88431
2013,10,10,6,0.252419,64.55342
2013,10,10,7,0.3203647,77.87781
2013,10,11,0,0.3618965,85.99174
2013,10,11,1,0.5156952,112.2652
2013,10,11,2,0.6610706,133.4776
2013,10,11,3,0.7198544,140.58
2013,10,11,4,0.5994046,124.1858
2013,10,11,5,0.409687,94.65701
2013,10,11,6,0.301608,74.96568
2013,10,11,7,0.253397,65.39054
2013,10,12,0,0.1897558,51.97788
2013,10,12,1,0.1328183,39.07949
2013,10,12,2,0.1292056,38.29362
2013,10,12,3,0.1317073,39.02873
2013,10,12,4,0.1562833,44.83665
2013,10,12,5,0.1643919,46.57755
2013,10,12,6,0.1512728,43.63631
2013,10,12,7,0.1521667,44.06964
2013,10,13,0,0.1382163,40.69959
2013,10,13,1,0.1218502,36.22818
2013,10,13,2,0.1383787,40.14394
2013,10,13,3,0.1385287,40.36589
2013,10,13,4,0.1590369,45.20181
2013,10,13,5,0.2009197,54.75498
2013,10,13,6,0.2063595,56.07729
2013,10,13,7,0.2120023,57.22318
2013,10,14,0,0.2028795,55.41498
2013,10,14,1,0.199458,54.69263
2013,10,14,2,0.2119021,57.31471
2013,10,14,3,0.2071628,56.44151
2013,10,14,4,0.1942351,53.64729
2013,10,14,5,0.1715905,48.43596
2013,10,14,6,0.1711162,48.23952
2013,10,14,7,0.2044236,55.68586
2013,10,15,0,0.2513601,65.7985
2013,10,15,1,0.2573604,66.98988
2013,10,15,2,0.2814767,71.9543
2013,10,15,3,0.302162,76.04258
2013,10,15,4,0.3143768,78.53222
2013,10,15,5,0.2784347,71.35676
2013,10,15,6,0.2480586,65.0502
2013,10,15,7,0.2870251,73.18047
2013,10,16,0,0.3284508,81.67116
2013,10,16,1,0.2928992,74.37064
2013,10,16,2,0.2995604,75.64611
2013,10,16,3,0.2793865,71.36973
2013,10,16,4,0.2590744,67.0905
2013,10,16,5,0.2318093,61.27729
2013,10,16,6,0.201467,54.7775
2013,10,16,7,0.2226411,59.47232
2013,10,17,0,0.2287031,60.84105
2013,10,17,1,0.1749522,48.79618
2013,10,17,2,0.1734726,48.3934
2013,10,17,3,0.1743947,48.58823
2013,10,17,4,0.1756767,48.75225
2013,10,17,5,0.2027761,54.41672
2013,10,17,6,0.2401858,62.13127
2013,10,17,7,0.3134659,76.90042
2013,10,18,0,0.3116392,76.82618
2013,10,18,1,0.2838779,70.51347
2013,10,18,2,0.2633753,65.94504
2013,10,18,3,0.2355033,60.43746
2013,10,18,4,0.2635027,66.04313
2013,10,18,5,0.3024544,73.90652
2013,10,18,6,0.3305671,79.87921
2013,10,18,7,0.3684056,87.58337
2013,10,19,0,0.3499037,84.43839
2013,10,19,1,0.2953047,73.98444
2013,10,19,2,0.252446,65.42031
2013,10,19,3,0.2014352,54.71718
2013,10,19,4,0.1507943,43.33642
2013,10,19,5,0.1494688,42.76664
2013,10,19,6,0.206899,55.43315
2013,10,19,7,0.24923,64.50139
2013,10,20,0,0.2048479,55.19429
2013,10,20,1,0.1558002,44.31005
2013,10,20,2,0.1507234,43.12592
2013,10,20,3,0.152379,43.41428
2013,10,20,4,0.1579102,44.49339
2013,10,20,5,0.1640044,45.84135
2013,10,20,6,0.1553658,43.85572
2013,10,20,7,0.1950452,52.24697
2013,10,21,0,0.2464805,62.88029
2013,10,21,1,0.2756459,68.77331
2013,10,21,2,0.3669143,85.8847
2013,10,21,3,0.5458209,114.9678
2013,10,21,4,0.6838375,133.9654
2013,10,21,5,0.7333975,140.5092
2013,10,21,6,0.7379555,141.5635
2013,10,21,7,0.7430984,142.7111
2013,10,22,0,0.7794746,147.8367
2013,10,22,1,0.8142459,152.3658
2013,10,22,2,0.8002727,150.6097
2013,10,22,3,0.7046549,138.8084
2013,10,22,4,0.6633719,133.333
2013,10,22,5,0.6563815,132.4604
2013,10,22,6,0.6557762,132.5728
2013,10,22,7,0.6698339,134.9242
2013,10,23,0,0.6403106,131.5851
2013,10,23,1,0.6103302,127.3702
2013,10,23,2,0.5500886,117.8483
2013,10,23,3,0.5106634,111.0184
2013,10,23,4,0.4550517,101.8667
2013,10,23,5,0.4418859,99.4512
2013,10,23,6,0.4678653,103.2428
2013,10,23,7,0.5628505,117.8277
2013,10,24,0,0.7012799,136.3876
2013,10,24,1,0.6962514,136.058
2013,10,24,2,0.59576,123.584
2013,10,24,3,0.4852997,107.7741
2013,10,24,4,0.3667581,87.11954
2013,10,24,5,0.4200842,95.93557
2013,10,24,6,0.4307485,97.94579
2013,10,24,7,0.4158986,95.98875
2013,10,25,0,0.3731233,89.00583
2013,10,25,1,0.2881324,72.86539
2013,10,25,2,0.2281249,60.21214
2013,10,25,3,0.2004043,54.01497
2013,10,25,4,0.2148961,57.11403
2013,10,25,5,0.2368286,61.7342
2013,10,25,6,0.2409274,62.30809
2013,10,25,7,0.2553497,65.61642
2013,10,26,0,0.3166383,77.22754
2013,10,26,1,0.3366425,80.12353
2013,10,26,2,0.2913613,72.20424
2013,10,26,3,0.3129779,75.98965
2013,10,26,4,0.3607792,84.15831
2013,10,26,5,0.3825161,87.61785
2013,10,26,6,0.3708948,86.6002
2013,10,26,7,0.4195131,96.25734
2013,10,27,0,0.3923926,91.51678
2013,10,27,1,0.3248804,78.57519
2013,10,27,2,0.2798273,69.85978
2013,10,27,3,0.2678968,67.39729
2013,10,27,4,0.2913505,72.07231
2013,10,27,5,0.284535,70.84809
2013,10,27,6,0.2887029,71.43681
2013,10,27,7,0.3378015,81.01109
2013,10,28,0,0.3745791,87.54746
2013,10,28,1,0.3526779,83.88362
2013,10,28,2,0.3910304,91.02363
2013,10,28,3,0.4669868,103.5471
2013,10,28,4,0.4924994,107.4373
2013,10,28,5,0.5464162,114.7618
2013,10,28,6,0.5517541,115.8433
2013,10,28,7,0.6193015,125.9647
2013,10,29,0,0.609029,124.5538
2013,10,29,1,0.5601074,117.406
2013,10,29,2,0.5283773,113.1283
2013,10,29,3,0.5177166,111.9271
2013,10,29,4,0.4846659,106.85
2013,10,29,5,0.4376931,98.78957
2013,10,29,6,0.4061686,92.87084
2013,10,29,7,0.513845,111.3449
2013,10,30,0,0.1654776,46.04573
2013,10,30,1,0.1188094,35.75584
2013,10,30,2,0.1204232,36.06432
2013,10,30,3,0.124213,37.2024
2013,10,30,4,0.1385866,40.54718
2013,10,30,5,0.1652562,46.63407
2013,10,30,6,0.1509253,43.5085
2013,10,30,7,0.1384014,40.24511
2013,10,31,0,0.1563375,43.96624
2013,10,31,1,0.1406253,39.96263
2013,10,31,2,0.1413908,39.97807
2013,10,31,3,0.1464282,40.96
2013,10,31,4,0.131871,38.22154
2013,10,31,5,0.1324583,38.38165
2013,10,31,6,0.1230125,36.23995
2013,10,31,7,0.1241968,36.56162
2014,10,1,0,0.3847624,93.22398
2014,10,1,1,0.2436594,64.47932
2014,10,1,2,0.2420306,64.1948
2014,10,1,3,0.3180569,79.96432
2014,10,1,4,0.4047859,96.40199
2014,10,1,5,0.3840618,92.81187
2014,10,1,6,0.3664754,89.78729
2014,10,1,7,0.4186446,99.09287
2014,10,2,0,0.4423721,103.256
2014,10,2,1,0.3997179,95.78069
2014,10,2,2,0.3610462,88.54532
2014,10,2,3,0.2278205,61.53069
2014,10,2,4,0.1766167,49.86884
2014,10,2,5,0.2077503,56.64208
2014,10,2,6,0.1979303,54.31233
2014,10,2,7,0.2015103,55.27615
2014,10,3,0,0.1943746,53.55168
2014,10,3,1,0.1893338,52.26373
2014,10,3,2,0.1960471,53.65174
2014,10,3,3,0.1944649,53.26594
2014,10,3,4,0.2012736,54.80087
2014,10,3,5,0.1979342,54.06875
2014,10,3,6,0.2088984,56.235
2014,10,3,7,0.2234606,59.38827
2014,10,4,0,0.2020381,54.56427
2014,10,4,1,0.1854186,50.38636
2014,10,4,2,0.1746046,48.04842
2014,10,4,3,0.1516148,43.00571
2014,10,4,4,0.1418469,40.80529
2014,10,4,5,0.1440723,41.42184
2014,10,4,6,0.1461804,42.0319
2014,10,4,7,0.167401,47.36095
2014,10,5,0,0.2226212,59.82322
2014,10,5,1,0.1775922,49.52909
2014,10,5,2,0.1498193,43.07765
2014,10,5,3,0.1618976,45.86572
2014,10,5,4,0.1621487,45.86346
2014,10,5,5,0.1556226,44.48976
2014,10,5,6,0.2197244,59.1195
2014,10,5,7,0.4336706,100.8044
2014,10,6,0,0.3938873,93.61132
2014,10,6,1,0.292965,73.94604
2014,10,6,2,0.2311154,60.74231
2014,10,6,3,0.2334744,61.57541
2014,10,6,4,0.2960924,74.37199
2014,10,6,5,0.5206231,112.6156
2014,10,6,6,1.017308,172.9178
2014,10,6,7,1.902236,230.5005
2014,10,7,0,2.508533,250.6514
2014,10,7,1,2.768035,256.9435
2014,10,7,2,2.599998,253.3395
2014,10,7,3,3.091147,261.9919
2014,10,7,4,3.170205,262.9627
2014,10,7,5,3.064068,261.0304
2014,10,7,6,3.130726,262.22
2014,10,7,7,3.014229,261.037
2014,10,8,0,2.967496,260.606
2014,10,8,1,3.243738,265.228
2014,10,8,2,3.290926,265.3537
2014,10,8,3,3.211084,263.0997
2014,10,8,4,2.576662,254.7022
2014,10,8,5,2.777963,258.8226
2014,10,8,6,2.908051,259.7698
2014,10,8,7,1.524897,215.8924
2014,10,9,0,0.8316768,157.6667
2014,10,9,1,0.7805898,150.1353
2014,10,9,2,0.8307182,156.1629
2014,10,9,3,0.7629667,148.0247
2014,10,9,4,0.6464327,132.8981
2014,10,9,5,0.645876,132.8856
2014,10,9,6,0.7206324,142.7654
2014,10,9,7,0.7242397,143.1922
2014,10,10,0,0.6488287,133.2214
2014,10,10,1,0.4902057,109.2432
2014,10,10,2,0.3942717,92.93895
2014,10,10,3,0.3071891,76.73487
2014,10,10,4,0.3035049,75.91389
2014,10,10,5,0.3192674,78.79826
2014,10,10,6,0.2830346,71.6638
2014,10,10,7,0.2617262,67.6133
2014,10,11,0,0.2575196,66.72022
2014,10,11,1,0.2571787,66.10055
2014,10,11,2,0.300445,74.52549
2014,10,11,3,0.3487548,83.68299
2014,10,11,4,0.3666541,87.06531
2014,10,11,5,0.3781684,88.5963
2014,10,11,6,0.3852876,89.80176
2014,10,11,7,0.3861258,90.51599
2014,10,12,0,0.4239448,97.50949
2014,10,12,1,0.4337887,98.74916
2014,10,12,2,0.4226939,96.5135
2014,10,12,3,0.4836958,106.7927
2014,10,12,4,0.5788104,122.2867
2014,10,12,5,0.5584161,119.8363
2014,10,12,6,0.4883152,109.587
2014,10,12,7,0.4864747,109.4224
2014,10,13,0,0.6219928,129.574
2014,10,13,1,0.64813,133.1542
2014,10,13,2,0.4900213,110.1073
2014,10,13,3,0.3889722,93.19096
2014,10,13,4,0.4396961,101.9611
2014,10,13,5,0.4733405,107.4506
2014,10,13,6,0.4926279,110.5541
2014,10,13,7,0.4889893,110.018
2014,10,14,0,0.4729381,107.7845
2014,10,14,1,0.4703777,107.6615
2014,10,14,2,0.4691292,107.514
2014,10,14,3,0.4728731,107.955
2014,10,14,4,0.5052058,113.1641
2014,10,14,5,0.5233146,115.985
2014,10,14,6,0.4795826,108.8322
2014,10,14,7,0.4377812,101.5445
2014,10,15,0,0.4268943,99.35366
2014,10,15,1,0.3936242,92.87676
2014,10,15,2,0.4765328,106.2634
2014,10,15,3,0.4651769,104.4511
2014,10,15,4,0.3825974,88.80074
2014,10,15,5,0.3433468,80.71205
2014,10,15,6,0.3839584,87.01435
2014,10,15,7,0.8637336,155.0146
2014,10,16,0,0.7830402,146.9665
2014,10,16,1,0.8506641,155.1261
2014,10,16,2,1.024702,173.3138
2014,10,16,3,1.021585,173.5968
2014,10,16,4,1.007256,172.6227
2014,10,16,5,0.9588567,168.12
2014,10,16,6,1.002659,173.2177
2014,10,16,7,1.188805,191.0733
2014,10,17,0,1.656428,222.8198
2014,10,17,1,2.171234,244.4875
2014,10,17,2,2.466097,252.3732
2014,10,17,3,2.478024,251.0792
2014,10,17,4,1.443099,210.2834
2014,10,17,5,1.007237,175.7076
2014,10,17,6,0.8474275,158.6233
2014,10,17,7,0.8578001,160.0866
2014,10,18,0,0.8496708,158.9759
2014,10,18,1,0.8283839,156.3218
2014,10,18,2,0.7283585,144.0868
2014,10,18,3,0.6204074,129.303
2014,10,18,4,0.5929587,124.1351
2014,10,18,5,0.655234,132.7387
2014,10,18,6,0.7038751,139.6016
2014,10,18,7,0.7695827,148.2709
2014,10,19,0,0.7811392,150.0023
2014,10,19,1,0.6544594,133.5305
2014,10,19,2,0.6266368,129.5685
2014,10,19,3,0.5726841,121.9322
2014,10,19,4,0.5784715,122.9805
2014,10,19,5,0.6341143,130.6717
2014,10,19,6,0.7276111,143.7497
2014,10,19,7,0.8740824,161.5108
2014,10,20,0,0.7558696,148.196
2014,10,20,1,0.4946732,110.621
2014,10,20,2,0.5096785,113.1492
2014,10,20,3,0.5378092,117.149
2014,10,20,4,0.644278,132.8941
2014,10,20,5,0.7287558,144.5146
2014,10,20,6,0.8029255,154.0005
2014,10,20,7,0.9946233,174.8137
2014,10,21,0,1.009603,176.4784
2014,10,21,1,0.7620346,148.8666
2014,10,21,2,0.7197263,142.9296
2014,10,21,3,0.7034701,140.3867
2014,10,21,4,0.8268863,155.2911
2014,10,21,5,0.8570588,158.5652
2014,10,21,6,0.7872298,150.1021
2014,10,21,7,0.9118013,165.2853
2014,10,22,0,0.8555752,159.8955
2014,10,22,1,0.5443664,118.8769
2014,10,22,2,0.4066537,95.24505
2014,10,22,3,0.3393062,82.27895
2014,10,22,4,0.3326986,80.64333
2014,10,22,5,0.3512287,84.69396
2014,10,22,6,0.4018766,94.75936
2014,10,22,7,0.5600951,121.8429
2014,10,23,0,0.6654568,137.3726
2014,10,23,1,0.5994188,127.1399
2014,10,23,2,0.598942,126.4407
2014,10,23,3,0.5817451,123.8607
2014,10,23,4,0.5646888,122.1239
2014,10,23,5,0.5778254,124.4482
2014,10,23,6,0.5430538,119.0945
2014,10,23,7,0.5281401,117.2914
2014,10,24,0,0.5073779,114.183
2014,10,24,1,0.4034315,95.95863
2014,10,24,2,0.4101455,96.95466
2014,10,24,3,0.3806634,91.27844
2014,10,24,4,0.3657335,88.44386
2014,10,24,5,0.3737752,89.98623
2014,10,24,6,0.3282021,81.39231
2014,10,24,7,0.4716002,108.8087
2014,10,25,0,0.5578522,123.3033
2014,10,25,1,0.3966499,93.89202
2014,10,25,2,0.577953,123.6594
2014,10,25,3,0.5942352,126.5823
2014,10,25,4,0.8601136,162.8531
2014,10,25,5,0.8266838,158.9542
2014,10,25,6,0.5050012,112.7132
2014,10,25,7,0.5811595,123.9818
2014,10,26,0,0.6234433,129.8183
2014,10,26,1,0.5616802,119.6071
2014,10,26,2,0.5610821,118.3345
2014,10,26,3,0.5748783,119.5241
2014,10,26,4,0.6306555,127.6257
2014,10,26,5,0.5713424,120.6269
2014,10,26,6,0.6999419,139.1763
2014,10,26,7,0.7209211,142.4598
2014,10,27,0,0.636884,129.7458
2014,10,27,1,0.9398514,166.2808
2014,10,27,2,1.072645,177.9185
2014,10,27,3,0.9486544,164.628
2014,10,27,4,0.4443225,100.2191
2014,10,27,5,0.2017396,55.00487
2014,10,27,6,0.1554287,44.75645
2014,10,27,7,0.1417786,41.72903
2014,10,28,0,0.1417577,41.74539
2014,10,28,1,0.1406284,41.41599
2014,10,28,2,0.1473274,43.03376
2014,10,28,3,0.1467566,42.96009
2014,10,28,4,0.1493198,43.53719
2014,10,28,5,0.1477488,43.22005
2014,10,28,6,0.1505463,43.57654
2014,10,28,7,0.2496841,65.82762
2014,10,29,0,0.26244,68.58425
2014,10,29,1,0.1687531,47.66467
2014,10,29,2,0.1772664,49.92342
2014,10,29,3,0.1970511,54.25741
2014,10,29,4,0.1967459,54.11415
2014,10,29,5,0.1918634,52.91352
2014,10,29,6,0.1904606,52.55757
2014,10,29,7,0.2307654,61.52379
2014,10,30,0,0.2349537,62.36131
2014,10,30,1,0.1814868,50.09019
2014,10,30,2,0.196741,53.22597
2014,10,30,3,0.2452818,63.14141
2014,10,30,4,0.4648848,102.1673
2014,10,30,5,0.7155614,137.905
2014,10,30,6,0.8194889,151.5533
2014,10,30,7,0.8531001,156.8929
2014,10,31,0,0.9019475,162.8131
2014,10,31,1,1.079704,180.3016
2014,10,31,2,1.144237,187.3864
2014,10,31,3,0.9987357,175.1628
2014,10,31,4,1.024515,177.3086
2014,10,31,5,1.105481,185.0584
2014,10,31,6,1.074012,182.2104
2014,10,31,7,0.7771755,150.2523
2015,10,1,0,0.583566,127.7628
2015,10,1,1,0.3722731,92.03449
2015,10,1,2,0.2721665,71.33708
2015,10,1,3,0.228925,61.39795
2015,10,1,4,0.224819,60.15486
2015,10,1,5,0.2820273,72.23938
2015,10,1,6,0.3146435,78.71881
2015,10,1,7,0.3362234,83.08025
2015,10,2,0,0.3541921,86.76182
2015,10,2,1,0.3592517,87.46192
2015,10,2,2,0.3737589,89.95706
2015,10,2,3,0.4085826,95.9344
2015,10,2,4,0.5293993,115.6553
2015,10,2,5,0.652889,134.0933
2015,10,2,6,0.4771562,107.1876
2015,10,2,7,0.4132371,96.60633
2015,10,3,0,0.257107,67.15459
2015,10,3,1,0.2108509,57.54107
2015,10,3,2,0.1742303,49.3774
2015,10,3,3,0.1811896,50.87919
2015,10,3,4,0.2018354,55.31506
2015,10,3,5,0.231779,61.66989
2015,10,3,6,0.2753593,70.4727
2015,10,3,7,0.54895,120.8718
2015,10,4,0,0.731133,147.5833
2015,10,4,1,0.4029651,96.50964
2015,10,4,2,0.3021587,77.15115
2015,10,4,3,0.2785799,72.34313
2015,10,4,4,0.2663532,69.71281
2015,10,4,5,0.2279647,61.83203
2015,10,4,6,0.4123148,98.12043
2015,10,4,7,0.5659518,123.2302
2015,10,5,0,0.5217963,116.1894
2015,10,5,1,0.4071022,96.53827
2015,10,5,2,0.3189613,79.42655
2015,10,5,3,0.3360193,82.27258
2015,10,5,4,0.3394266,83.03059
2015,10,5,5,0.3271389,80.35853
2015,10,5,6,0.394626,92.24193
2015,10,5,7,0.4470298,101.7631
2015,10,6,0,0.4965293,110.0196
2015,10,6,1,0.5996126,125.7778
2015,10,6,2,0.6306135,130.2117
2015,10,6,3,0.6369456,130.8757
2015,10,6,4,0.6253048,129.1131
2015,10,6,5,0.6325373,130.5423
2015,10,6,6,0.5955751,125.5359
2015,10,6,7,0.737913,145.4092
2015,10,7,0,0.7708036,149.5632
2015,10,7,1,0.6521893,134.2638
2015,10,7,2,0.6689528,136.0255
2015,10,7,3,0.6365023,131.5434
2015,10,7,4,0.531464,116.1003
2015,10,7,5,0.5609485,121.1558
2015,10,7,6,0.5443707,119.1364
2015,10,7,7,0.6868783,139.5312
2015,10,8,0,0.7545362,148.4108
2015,10,8,1,0.530802,116.7914
2015,10,8,2,0.4703737,106.9383
2015,10,8,3,0.6457261,133.6404
2015,10,8,4,0.9389433,168.0698
2015,10,8,5,1.150446,186.7725
2015,10,8,6,1.356276,202.8229
2015,10,8,7,1.42894,208.3673
2015,10,9,0,1.182519,191.3027
2015,10,9,1,0.8429879,158.5414
2015,10,9,2,0.9131496,166.6044
2015,10,9,3,1.15903,190.292
2015,10,9,4,1.353989,205.2029
2015,10,9,5,1.352328,204.8109
2015,10,9,6,1.534326,216.2009
2015,10,9,7,1.359563,205.3081
2015,10,10,0,0.6941217,140.4865
2015,10,10,1,0.8915548,164.0223
2015,10,10,2,1.030583,178.3655
2015,10,10,3,0.8952076,164.1332
2015,10,10,4,0.9814739,172.9642
2015,10,10,5,0.8624509,159.6596
2015,10,10,6,0.8962645,163.8998
2015,10,10,7,0.9429642,169.2151
2015,10,11,0,1.021506,177.1722
2015,10,11,1,0.974392,171.3081
2015,10,11,2,1.284283,197.704
2015,10,11,3,2.690933,255.4449
2015,10,11,4,3.191256,262.9813
2015,10,11,5,2.902869,258.2879
2015,10,11,6,3.611759,267.2273
2015,10,11,7,3.455083,266.1696
2015,10,12,0,3.090918,261.7187
2015,10,12,1,2.461327,249.8908
2015,10,12,2,1.743097,225.2482
2015,10,12,3,1.728536,225.7799
2015,10,12,4,2.106317,241.7536
2015,10,12,5,2.477167,252.5903
2015,10,12,6,2.118846,242.7075
2015,10,12,7,2.057414,240.6035
2015,10,13,0,1.821404,231.5036
2015,10,13,1,1.068853,182.5247
2015,10,13,2,0.6985927,140.0467
2015,10,13,3,0.6140104,127.6478
2015,10,13,4,0.6561669,134.2711
2015,10,13,5,0.958487,171.5417
2015,10,13,6,1.300466,202.1851
2015,10,13,7,1.444449,212.3192
2015,10,14,0,1.321073,203.64
2015,10,14,1,0.9968011,176.0985
2015,10,14,2,1.262412,199.2509
2015,10,14,3,1.568564,219.2851
2015,10,14,4,1.660655,224.1127
2015,10,14,5,1.793641,230.5238
2015,10,14,6,1.640866,223.0762
2015,10,14,7,1.788364,229.8088
2015,10,15,0,1.902624,234.4067
2015,10,15,1,2.109636,241.3019
2015,10,15,2,2.195354,243.7479
2015,10,15,3,2.021457,238.0855
2015,10,15,4,2.017212,238.1818
2015,10,15,5,2.094219,241.0852
2015,10,15,6,2.107482,241.85
2015,10,15,7,2.084176,241.2557
2015,10,16,0,1.656442,223.2175
2015,10,16,1,1.172483,191.2522
2015,10,16,2,1.068628,181.692
2015,10,16,3,1.061396,180.2751
2015,10,16,4,1.196751,190.1203
2015,10,16,5,1.181002,188.6847
2015,10,16,6,1.069897,179.8542
2015,10,16,7,1.057013,178.5751
2015,10,17,0,0.9813604,171.2243
2015,10,17,1,0.8422498,156.2231
2015,10,17,2,0.7350863,143.655
2015,10,17,3,0.6566067,134.067
2015,10,17,4,0.5931426,125.8205
2015,10,17,5,0.5420459,118.1854
2015,10,17,6,0.5415864,118.4087
2015,10,17,7,0.679065,138.9629
2015,10,18,0,0.7939418,153.9664
2015,10,18,1,0.6165044,130.2977
2015,10,18,2,0.5612344,121.4413
2015,10,18,3,0.5584879,120.8714
2015,10,18,4,0.5679223,121.2977
2015,10,18,5,0.5027698,110.938
2015,10,18,6,0.4908359,108.2457
2015,10,18,7,0.4189692,97.41273
2015,10,19,0,0.2976024,75.54799
2015,10,19,1,0.3117662,76.92457
2015,10,19,2,0.358736,84.79206
2015,10,19,3,0.3612382,85.5267
2015,10,19,4,0.4134434,94.5417
2015,10,19,5,0.4382332,98.4527
2015,10,19,6,0.4878105,106.2099
2015,10,19,7,0.7206439,138.8745
2015,10,20,0,0.9071866,159.9185
2015,10,20,1,0.895905,158.8877
2015,10,20,2,1.016537,171.6582
2015,10,20,3,0.912801,160.8698
2015,10,20,4,0.8840199,157.6126
2015,10,20,5,0.988375,168.3827
2015,10,20,6,1.190035,186.2738
2015,10,20,7,1.577904,212.1233
2015,10,21,0,1.814857,223.5758
2015,10,21,1,1.172606,185.7059
2015,10,21,2,0.9580961,166.4221
2015,10,21,3,0.9396092,165.0925
2015,10,21,4,1.017699,173.1792
2015,10,21,5,1.049264,176.2074
2015,10,21,6,1.045488,176.5983
2015,10,21,7,1.176778,188.1441
2015,10,22,0,1.368207,202.3606
2015,10,22,1,0.9155349,164.7012
2015,10,22,2,0.7146808,141.3379
2015,10,22,3,0.5855001,123.7109
2015,10,22,4,0.5891778,124.3238
2015,10,22,5,0.6834042,137.4392
2015,10,22,6,0.576959,122.5005
2015,10,22,7,0.6611955,133.9193
2015,10,23,0,0.6679391,136.2673
2015,10,23,1,0.6443242,133.0387
2015,10,23,2,0.6854862,137.5596
2015,10,23,3,0.6766857,135.6066
2015,10,23,4,0.5810454,122.7729
2015,10,23,5,0.4868196,108.5846
2015,10,23,6,0.4229563,98.43837
2015,10,23,7,0.583069,124.1842
2015,10,24,0,0.5368155,116.6901
2015,10,24,1,0.3687569,87.69174
2015,10,24,2,0.2726833,69.19492
2015,10,24,3,0.3380406,80.91146
2015,10,24,4,0.4045892,92.58875
2015,10,24,5,0.3856508,89.52829
2015,10,24,6,0.3233539,78.73889
2015,10,24,7,0.3243171,79.42307
2015,10,25,0,0.3445043,83.06887
2015,10,25,1,0.3367246,81.07538
2015,10,25,2,0.3831165,89.34925
2015,10,25,3,0.4197914,95.43033
2015,10,25,4,0.4275443,96.56422
2015,10,25,5,0.4157652,93.70266
2015,10,25,6,0.3528116,82.20265
2015,10,25,7,0.3300485,78.41833
2015,10,26,0,0.3438766,79.3059
2015,10,26,1,0.3262961,77.2833
2015,10,26,2,0.3258416,79.25293
2015,10,26,3,0.4151196,96.21514
2015,10,26,4,0.616281,126.9207
2015,10,26,5,0.6812011,136.1504
2015,10,26,6,0.5854024,123.8241
2015,10,26,7,0.6071109,127.2565
2015,10,27,0,0.4085203,95.55204
2015,10,27,1,0.1880511,52.1047
2015,10,27,2,0.1601721,45.78236
2015,10,27,3,0.1501337,43.0394
2015,10,27,4,0.157604,43.95253
2015,10,27,5,0.1945501,51.18286
2015,10,27,6,0.264046,65.22214
2015,10,27,7,0.3498809,81.41074
2015,10,28,0,0.4118478,91.75645
2015,10,28,1,0.4798186,102.6149
2015,10,28,2,0.5400775,111.4381
2015,10,28,3,0.5370241,111.1938
2015,10,28,4,0.5659255,116.0779
2015,10,28,5,0.6995835,135.0275
2015,10,28,6,0.6512695,130.3563
2015,10,28,7,0.8423114,155.4728
2015,10,29,0,1.034386,175.2251
2015,10,29,1,0.94761,166.0671
2015,10,29,2,0.8958598,160.7779
2015,10,29,3,0.831902,154.5141
2015,10,29,4,0.3003578,74.89978
2015,10,29,5,0.37663,89.1545
2015,10,29,6,0.5263902,114.5503
2015,10,29,7,0.6249171,129.3509
2015,10,30,0,0.742355,144.6523
2015,10,30,1,0.6367746,130.6971
2015,10,30,2,0.5715821,120.8545
2015,10,30,3,0.4566192,102.6728
2015,10,30,4,0.2875712,72.19343
2015,10,30,5,0.2084135,55.55421
2015,10,30,6,0.1781204,49.13052
2015,10,30,7,0.1657829,46.20303
2015,10,31,0,0.2318179,60.2968
2015,10,31,1,0.3550781,84.5788
2015,10,31,2,0.4863572,107.8672
2015,10,31,3,0.6038867,125.9603
2015,10,31,4,0.7124951,141.2452
2015,10,31,5,0.7407219,145.1631
2015,10,31,6,0.6901049,138.7849
2015,10,31,7,0.6324891,131.101
2016,10,1,0,0.8752616,163.1242
2016,10,1,1,0.6057962,128.3931
2016,10,1,2,0.4233373,98.56998
2016,10,1,3,0.3440465,83.62308
2016,10,1,4,0.3066939,76.08892
2016,10,1,5,0.2821071,71.28452
2016,10,1,6,0.3341982,81.52404
2016,10,1,7,0.4711038,106.6538
2016,10,2,0,0.4496796,103.0303
2016,10,2,1,0.3806025,90.42281
2016,10,2,2,0.3692136,87.96471
2016,10,2,3,0.3919071,91.79476
2016,10,2,4,0.400894,92.78197
2016,10,2,5,0.4215774,96.50799
2016,10,2,6,0.5059007,110.8847
2016,10,2,7,0.4887839,107.9733
2016,10,3,0,0.4148104,95.34694
2016,10,3,1,0.3319466,80.73655
2016,10,3,2,0.3294452,80.74914
2016,10,3,3,0.2121847,57.14594
2016,10,3,4,0.1354278,40.01
2016,10,3,5,0.1455654,42.47419
2016,10,3,6,0.2286301,60.37325
2016,10,3,7,0.4001882,93.41911
2016,10,4,0,0.6272973,130.1179
2016,10,4,1,0.7610054,148.9543
2016,10,4,2,0.7970208,153.258
2016,10,4,3,0.6966441,140.1459
2016,10,4,4,0.7130605,142.7157
2016,10,4,5,0.7003339,140.8655
2016,10,4,6,0.6999589,141.0338
2016,10,4,7,0.8029491,154.5489
2016,10,5,0,0.7290423,145.285
2016,10,5,1,0.6307014,131.6348
2016,10,5,2,0.6688727,136.9347
2016,10,5,3,0.6926497,140.06
2016,10,5,4,0.6712085,136.7758
2016,10,5,5,0.6489778,133.3849
2016,10,5,6,0.5522702,118.5653
2016,10,5,7,0.4634804,103.6222
2016,10,6,0,0.4814783,105.759
2016,10,6,1,0.6293651,126.8866
2016,10,6,2,0.465102,102.947
2016,10,6,3,0.411294,93.36127
2016,10,6,4,0.3789754,86.88335
2016,10,6,5,0.3335278,78.65496
2016,10,6,6,0.352185,82.22322
2016,10,6,7,0.4141346,92.89804
2016,10,7,0,0.4845347,104.0559
2016,10,7,1,0.4560274,100.1694
2016,10,7,2,0.4865909,105.7371
2016,10,7,3,0.5783999,120.328
2016,10,7,4,0.5923976,122.7175
2016,10,7,5,0.5868634,122.0342
2016,10,7,6,0.6519848,131.6033
2016,10,7,7,0.6795305,135.4395
2016,10,8,0,0.6541489,131.4974
2016,10,8,1,0.7106332,139.5431
2016,10,8,2,0.8998984,163.1221
2016,10,8,3,0.9294707,166.4504
2016,10,8,4,0.7924764,151.5402
2016,10,8,5,0.7184285,142.1302
2016,10,8,6,0.6127296,127.4877
2016,10,8,7,0.8802402,162.3718
2016,10,9,0,0.9316128,168.6152
2016,10,9,1,0.7075213,141.1687
2016,10,9,2,0.6407842,131.9423
2016,10,9,3,0.5883353,123.07
2016,10,9,4,0.5389451,116.2013
2016,10,9,5,0.6006043,125.5114
2016,10,9,6,0.6297042,129.7973
2016,10,9,7,0.7014327,140.2155
2016,10,10,0,0.7859372,151.3815
2016,10,10,1,0.6792264,138.081
2016,10,10,2,0.680446,137.7971
2016,10,10,3,0.8656127,160.5286
2016,10,10,4,0.8818287,162.2334
2016,10,10,5,0.7788269,149.8346
2016,10,10,6,0.6975132,139.6133
2016,10,10,7,0.6914323,139.4576
2016,10,11,0,0.6769308,137.9022
2016,10,11,1,0.5634502,121.442
2016,10,11,2,0.47507,107.1277
2016,10,11,3,0.4620478,104.7827
2016,10,11,4,0.471983,106.6446
2016,10,11,5,0.4503213,103.0818
2016,10,11,6,0.4195881,97.72072
2016,10,11,7,0.3916584,93.00729
2016,10,12,0,0.3852123,92.04907
2016,10,12,1,0.3405375,83.5947
2016,10,12,2,0.314789,78.39717
2016,10,12,3,0.3207676,79.32502
2016,10,12,4,0.4225576,96.7357
2016,10,12,5,0.5484815,116.6527
2016,10,12,6,0.5847513,121.5869
2016,10,12,7,0.4600981,104.9737
2016,10,13,0,0.4889914,109.87
2016,10,13,1,0.3384385,83.40223
2016,10,13,2,0.3985285,94.19143
2016,10,13,3,0.3972039,93.27596
2016,10,13,4,0.3889653,92.54129
2016,10,13,5,0.4000423,94.53842
2016,10,13,6,0.469199,106.4647
2016,10,13,7,0.5720559,122.8225
2016,10,14,0,0.6795711,138.8091
2016,10,14,1,0.7917832,153.641
2016,10,14,2,0.9179081,168.6719
2016,10,14,3,0.976875,175.1621
2016,10,14,4,0.8999788,166.7754
2016,10,14,5,0.7969949,154.3396
2016,10,14,6,0.6898125,140.4323
2016,10,14,7,0.6131535,129.5124
2016,10,15,0,0.5656206,122.4892
2016,10,15,1,0.5128514,114.2904
2016,10,15,2,0.4828209,109.4293
2016,10,15,3,0.4665004,106.8343
2016,10,15,4,0.4612968,106.1084
2016,10,15,5,0.4327582,101.1363
2016,10,15,6,0.3717602,90.2277
2016,10,15,7,0.3186059,80.27138
2016,10,16,0,0.2751814,71.4909
2016,10,16,1,0.2560344,67.47533
2016,10,16,2,0.2961892,75.65607
2016,10,16,3,0.319026,79.79678
2016,10,16,4,0.3188006,79.29507
2016,10,16,5,0.349859,84.50329
2016,10,16,6,0.4063704,94.30566
2016,10,16,7,0.4286042,98.09385
2016,10,17,0,0.3877315,91.05769
2016,10,17,1,0.3677674,88.35632
2016,10,17,2,0.3590788,86.70321
2016,10,17,3,0.3671452,88.42215
2016,10,17,4,0.3478098,84.89999
2016,10,17,5,0.3172052,78.86508
2016,10,17,6,0.3160443,78.54137
2016,10,17,7,0.3597232,86.942
2016,10,18,0,0.445123,102.7696
2016,10,18,1,0.4699297,107.3079
2016,10,18,2,0.5073734,113.5631
2016,10,18,3,0.5375097,118.4782
2016,10,18,4,0.5834207,125.5371
2016,10,18,5,0.5980796,127.7014
2016,10,18,6,0.5604397,121.9201
2016,10,18,7,0.5341282,117.994
2016,10,19,0,0.541708,119.2904
2016,10,19,1,0.505145,113.2795
2016,10,19,2,0.4302006,100.0641
2016,10,19,3,0.4294872,99.2727
2016,10,19,4,0.4518354,102.853
2016,10,19,5,0.467699,105.3837
2016,10,19,6,0.4775872,107.0295
2016,10,19,7,0.497127,110.078
2016,10,20,0,0.5117202,112.5108
2016,10,20,1,0.5194117,113.7738
2016,10,20,2,0.5523508,119.3021
2016,10,20,3,0.5825072,124.0246
2016,10,20,4,0.5731548,122.886
2016,10,20,5,0.5516789,119.8867
2016,10,20,6,0.542527,118.4892
2016,10,20,7,0.5560479,120.437
2016,10,21,0,0.5309736,116.5074
2016,10,21,1,0.5173776,114.2594
2016,10,21,2,0.5011725,111.338
2016,10,21,3,0.5127458,113.2232
2016,10,21,4,0.6307272,131.5525
2016,10,21,5,0.7064902,142.0381
2016,10,21,6,0.7283485,144.8412
2016,10,21,7,0.8382621,158.3626
2016,10,22,0,0.8757302,162.7461
2016,10,22,1,0.7590919,148.8086
2016,10,22,2,0.6950837,140.255
2016,10,22,3,0.6695568,136.7783
2016,10,22,4,0.6432907,133.0538
2016,10,22,5,0.6087622,128.047
2016,10,22,6,0.6911006,139.4737
2016,10,22,7,0.8382331,157.2747
2016,10,23,0,0.8905628,163.3424
2016,10,23,1,0.8931341,163.2133
2016,10,23,2,1.02447,176.3064
2016,10,23,3,1.060528,179.5639
2016,10,23,4,1.132565,185.4064
2016,10,23,5,1.226504,192.1591
2016,10,23,6,1.423374,206.2727
2016,10,23,7,1.652339,220.1326
2016,10,24,0,1.751495,225.3604
2016,10,24,1,1.677938,221.8925
2016,10,24,2,1.593542,217.3723
2016,10,24,3,1.531261,213.7306
2016,10,24,4,1.334773,201.0877
2016,10,24,5,1.24744,193.499
2016,10,24,6,1.410926,204.8577
2016,10,24,7,1.575629,214.8661
2016,10,25,0,1.727511,223.2142
2016,10,25,1,1.622002,219.4741
2016,10,25,2,0.7031709,141.0394
2016,10,25,3,0.6520559,133.8388
2016,10,25,4,0.5284907,115.4064
2016,10,25,5,0.4589728,103.514
2016,10,25,6,0.4518955,102.1702
2016,10,25,7,0.4763732,106.1113
2016,10,26,0,0.5227028,113.5341
2016,10,26,1,0.5321543,115.0418
2016,10,26,2,0.5080539,111.293
2016,10,26,3,0.4627154,103.8636
2016,10,26,4,0.4382509,99.6737
2016,10,26,5,0.4497107,101.3774
2016,10,26,6,0.4698122,104.3846
2016,10,26,7,0.4549264,102.1349
2016,10,27,0,0.4664124,104.3534
2016,10,27,1,0.5086846,112.2815
2016,10,27,2,0.5160164,113.4552
2016,10,27,3,0.5010231,111.0264
2016,10,27,4,0.6154175,128.4618
2016,10,27,5,0.8019748,153.5297
2016,10,27,6,0.8943361,164.7453
2016,10,27,7,0.9556983,171.2639
2016,10,28,0,0.8646927,161.718
2016,10,28,1,0.8234447,156.3878
2016,10,28,2,0.7144936,140.5643
2016,10,28,3,1.136481,183.3273
2016,10,28,4,2.278204,243.3227
2016,10,28,5,2.417131,247.4049
2016,10,28,6,2.233508,244.1992
2016,10,28,7,2.019257,238.0952
2016,10,29,0,1.584755,218.973
2016,10,29,1,1.356963,205.0661
2016,10,29,2,1.327511,203.0209
2016,10,29,3,1.337916,203.954
2016,10,29,4,1.419519,209.459
2016,10,29,5,1.411954,208.8642
2016,10,29,6,1.289548,200.7252
2016,10,29,7,1.39643,208.5679
2016,10,30,0,1.353751,205.5038
2016,10,30,1,1.179318,192.2931
2016,10,30,2,1.198544,193.7482
2016,10,30,3,1.189723,192.7063
2016,10,30,4,0.9053297,165.928
2016,10,30,5,0.6875908,138.8529
2016,10,30,6,0.6896001,137.798
2016,10,30,7,1.087763,182.2581
2016,10,31,0,1.357168,203.227
2016,10,31,1,1.328982,201.3404
2016,10,31,2,1.333189,202.1275
2016,10,31,3,1.347403,203.3112
2016,10,31,4,1.128613,186.4045
2016,10,31,5,0.7470333,145.7578
2016,10,31,6,0.4582368,103.0447
2016,10,31,7,0.3794236,88.2547
2017,10,1,0,0.6810878,138.2949
2017,10,1,1,0.7641179,149.6432
2017,10,1,2,0.8856312,164.6905
2017,10,1,3,0.9345094,170.816
2017,10,1,4,0.8556488,161.9807
2017,10,1,5,0.742541,148.4532
2017,10,1,6,0.629646,133.2574
2017,10,1,7,0.5699791,124.2413
2017,10,2,0,0.4372566,102.34
2017,10,2,1,0.3936256,94.44456
2017,10,2,2,0.3915605,93.99097
2017,10,2,3,0.4141198,97.91044
2017,10,2,4,0.3997615,95.36862
2017,10,2,5,0.3786541,91.64722
2017,10,2,6,0.4123118,97.78779
2017,10,2,7,0.4758823,108.8142
2017,10,3,0,0.4961133,112.4194
2017,10,3,1,0.5042357,113.9378
2017,10,3,2,0.5180206,116.1727
2017,10,3,3,0.5072978,114.4342
2017,10,3,4,0.5090288,114.6296
2017,10,3,5,0.5147771,115.4522
2017,10,3,6,0.507178,114.2476
2017,10,3,7,0.5058021,114.2475
2017,10,4,0,0.4465781,104.3622
2017,10,4,1,0.3972381,95.2993
2017,10,4,2,0.3488202,86.05277
2017,10,4,3,0.3723216,89.94213
2017,10,4,4,0.4705534,107.1256
2017,10,4,5,0.6806115,138.3088
2017,10,4,6,0.8271459,156.9724
2017,10,4,7,0.8512896,159.8581
2017,10,5,0,0.7458443,147.0871
2017,10,5,1,0.6344573,131.6764
2017,10,5,2,0.5914289,125.0934
2017,10,5,3,0.5789417,123.2006
2017,10,5,4,0.6342205,131.7383
2017,10,5,5,0.7204487,143.7725
2017,10,5,6,0.791696,152.8365
2017,10,5,7,0.7939134,153.7185
2017,10,6,0,0.7546321,149.1693
2017,10,6,1,0.7158014,144.1306
2017,10,6,2,0.7611886,149.5041
2017,10,6,3,0.7604426,149.0829
2017,10,6,4,0.677263,138.0205
2017,10,6,5,0.6629638,135.8855
2017,10,6,6,0.6506482,134.1497
2017,10,6,7,0.5257733,115.4041
2017,10,7,0,0.3617207,87.17561
2017,10,7,1,0.285865,72.77404
2017,10,7,2,0.2268701,60.80972
2017,10,7,3,0.1938915,53.6967
2017,10,7,4,0.2000353,55.19795
2017,10,7,5,0.2224252,59.91328
2017,10,7,6,0.2484334,65.17329
2017,10,7,7,0.2702899,69.60565
2017,10,8,0,0.2546239,66.4163
2017,10,8,1,0.2137284,57.34946
2017,10,8,2,0.211251,56.95003
2017,10,8,3,0.2293735,60.83968
2017,10,8,4,0.2410415,63.38303
2017,10,8,5,0.2041599,55.45105
2017,10,8,6,0.182776,50.70988
2017,10,8,7,0.2372518,62.93324
2017,10,9,0,0.2372069,62.99963
2017,10,9,1,0.2502731,65.52536
2017,10,9,2,0.4424278,102.5854
2017,10,9,3,0.4581903,104.9365
2017,10,9,4,0.4474176,102.939
2017,10,9,5,0.3898041,92.80066
2017,10,9,6,0.4015813,95.08537
2017,10,9,7,0.4005056,94.93013
2017,10,10,0,0.3412987,83.90475
2017,10,10,1,0.2982256,75.495
2017,10,10,2,0.296072,74.94921
2017,10,10,3,0.3114551,77.5916
2017,10,10,4,0.3139931,78.22717
2017,10,10,5,0.3113397,77.75169
2017,10,10,6,0.3198868,79.23643
2017,10,10,7,0.3665166,88.17151
2017,10,11,0,0.3549945,86.11674
2017,10,11,1,0.3025374,75.44752
2017,10,11,2,0.3092161,76.48226
2017,10,11,3,0.3346568,80.8957
2017,10,11,4,0.3316148,80.96192
2017,10,11,5,0.3602736,86.72258
2017,10,11,6,0.329168,80.90859
2017,10,11,7,0.2851435,72.76662
2017,10,12,0,0.2736709,69.99656
2017,10,12,1,0.2468944,64.87516
2017,10,12,2,0.2629637,68.20848
2017,10,12,3,0.2979819,74.76459
2017,10,12,4,0.3067545,76.41587
2017,10,12,5,0.3173672,78.76768
2017,10,12,6,0.3185366,79.17226
2017,10,12,7,0.3280509,81.16904
2017,10,13,0,0.2999713,75.67816
2017,10,13,1,0.2692291,69.62477
2017,10,13,2,0.2799802,71.73611
2017,10,13,3,0.3014987,75.92958
2017,10,13,4,0.3264806,80.63043
2017,10,13,5,0.3825856,91.00564
2017,10,13,6,0.3949516,93.4212
2017,10,13,7,0.3729613,89.55622
2017,10,14,0,0.3347162,82.45651
2017,10,14,1,0.3068137,76.76617
2017,10,14,2,0.303267,75.91355
2017,10,14,3,0.2993544,75.28469
2017,10,14,4,0.304763,76.05674
2017,10,14,5,0.350476,84.85489
2017,10,14,6,0.4462509,101.9154
2017,10,14,7,0.4924382,109.415
2017,10,15,0,0.4355471,99.84584
2017,10,15,1,0.4952527,110.2293
2017,10,15,2,0.7308524,145.1074
2017,10,15,3,1.061646,182.0991
2017,10,15,4,1.259938,198.7661
2017,10,15,5,1.126776,187.86
2017,10,15,6,0.8974252,165.2218
2017,10,15,7,0.8523206,159.9433
2017,10,16,0,0.7170202,143.8387
2017,10,16,1,0.5765999,124.2427
2017,10,16,2,0.6070461,128.7279
2017,10,16,3,0.7129295,143.6008
2017,10,16,4,0.8320157,158.6229
2017,10,16,5,0.8556105,161.4389
2017,10,16,6,0.8486215,160.7238
2017,10,16,7,0.8575771,161.515
2017,10,17,0,0.7708912,151.1116
2017,10,17,1,0.7166527,144.0235
2017,10,17,2,0.6699845,137.3609
2017,10,17,3,0.5826005,124.5684
2017,10,17,4,0.7143414,142.9726
2017,10,17,5,1.108411,186.412
2017,10,17,6,1.45817,212.8863
2017,10,17,7,1.627922,222.7873
2017,10,18,0,1.350937,205.6721
2017,10,18,1,1.331721,204.0417
2017,10,18,2,1.702593,226.4095
2017,10,18,3,1.936503,236.2347
2017,10,18,4,1.960263,236.6891
2017,10,18,5,2.017023,238.8623
2017,10,18,6,2.020361,239.2346
2017,10,18,7,1.944337,236.7347
2017,10,19,0,1.679724,225.2216
2017,10,19,1,1.50285,215.2291
2017,10,19,2,1.480479,213.9378
2017,10,19,3,1.547018,217.4381
2017,10,19,4,1.328255,202.6979
2017,10,19,5,0.7724326,149.5821
2017,10,19,6,0.5397817,117.2139
2017,10,19,7,0.5836372,123.6087
2017,10,20,0,0.7645842,146.5501
2017,10,20,1,1.080295,179.4004
2017,10,20,2,1.54429,214.8053
2017,10,20,3,1.267095,199.5538
2017,10,20,4,0.8874166,165.3046
2017,10,20,5,0.5111112,112.6928
2017,10,20,6,0.3850798,91.38036
2017,10,20,7,0.306349,76.50701
2017,10,21,0,0.2712679,69.63851
2017,10,21,1,0.4417307,102.1391
2017,10,21,2,0.5228605,116.0944
2017,10,21,3,0.5913703,127.0707
2017,10,21,4,0.7272433,145.4474
2017,10,21,5,0.7253233,145.3999
2017,10,21,6,0.8556914,160.8369
2017,10,21,7,0.7286176,145.4356
2017,10,22,0,0.7575817,150.4308
2017,10,22,1,0.6449351,135.0962
2017,10,22,2,0.5948898,128.0095
2017,10,22,3,0.5736142,125.0095
2017,10,22,4,0.5828862,126.5153
2017,10,22,5,0.6007145,129.1418
2017,10,22,6,0.556707,122.1838
2017,10,22,7,0.4851396,110.1393
2017,10,23,0,0.4186079,98.66053
2017,10,23,1,0.3928771,93.9979
2017,10,23,2,0.4375084,102.0179
2017,10,23,3,0.5121501,114.6169
2017,10,23,4,0.5725675,124.0844
2017,10,23,5,0.5937735,127.0366
2017,10,23,6,0.5633094,122.4785
2017,10,23,7,0.5175773,115.3462
2017,10,24,0,0.5285544,117.2108
2017,10,24,1,0.4784007,109.3485
2017,10,24,2,0.4284199,100.7301
2017,10,24,3,0.4081629,96.85071
2017,10,24,4,0.4028222,95.61519
2017,10,24,5,0.3819509,91.7437
2017,10,24,6,0.3521871,86.06319
2017,10,24,7,0.412559,97.18501
2017,10,25,0,0.5177108,115.0292
2017,10,25,1,0.5672942,122.8131
2017,10,25,2,0.5745765,123.9305
2017,10,25,3,0.5286657,116.5926
2017,10,25,4,0.4494694,103.4348
2017,10,25,5,0.3963511,94.14822
2017,10,25,6,0.3728673,89.93404
2017,10,25,7,0.3977021,94.5692
2017,10,26,0,0.3639395,88.27131
2017,10,26,1,0.3024152,76.13644
2017,10,26,2,0.3298408,81.19561
2017,10,26,3,0.3976754,93.34063
2017,10,26,4,0.4384744,100.2675
2017,10,26,5,0.4440426,101.3932
2017,10,26,6,0.4043734,94.91984
2017,10,26,7,0.4356147,100.7396
2017,10,27,0,0.3548778,86.59935
2017,10,27,1,0.2894434,73.99647
2017,10,27,2,0.338321,83.71484
2017,10,27,3,0.3510035,86.00152
2017,10,27,4,0.3720135,89.48855
2017,10,27,5,0.3972045,93.64745
2017,10,27,6,0.3947068,93.18829
2017,10,27,7,0.4243234,98.63947
2017,10,28,0,0.3568107,86.43869
2017,10,28,1,0.3285121,80.85346
2017,10,28,2,0.3260236,80.61668
2017,10,28,3,0.3471439,84.64424
2017,10,28,4,0.3776253,90.04284
2017,10,28,5,0.3892403,92.01549
2017,10,28,6,0.4328902,99.62049
2017,10,28,7,0.4700669,105.9537
2017,10,29,0,0.4818545,107.9584
2017,10,29,1,0.4738805,106.6159
2017,10,29,2,0.4901234,109.5826
2017,10,29,3,0.4977006,110.8872
2017,10,29,4,0.4618352,104.8847
2017,10,29,5,0.4087059,95.64903
2017,10,29,6,0.3764502,89.917
2017,10,29,7,0.3777516,90.37703
2017,10,30,0,0.3862772,92.08174
2017,10,30,1,0.3478597,84.29754
2017,10,30,2,0.3708439,87.7164
2017,10,30,3,0.5206064,111.2965
2017,10,30,4,0.597868,123.3886
2017,10,30,5,0.412792,94.87511
2017,10,30,6,0.3773257,88.9149
2017,10,30,7,0.3821608,89.64203
2017,10,31,0,0.4700554,104.3857
2017,10,31,1,0.5588774,118.0162
2017,10,31,2,0.7322287,141.5199
2017,10,31,3,0.7362731,142.1438
2017,10,31,4,0.6913219,135.898
2017,10,31,5,0.8614936,156.0063
2017,10,31,6,1.032448,173.1126
2017,10,31,7,0.9683641,168.1804
2018,10,1,0,4.131617,272.2365
2018,10,1,1,3.74361,270.3204
2018,10,1,2,3.673205,269.5165
2018,10,1,3,2.4521,251.2742
2018,10,1,4,2.163028,243.0301
2018,10,1,5,2.259816,244.8634
2018,10,1,6,3.170132,261.9863
2018,10,1,7,3.661574,268.2941
2018,10,2,0,3.948804,272.2929
2018,10,2,1,4.523297,276.3737
2018,10,2,2,3.52265,270.8917
2018,10,2,3,2.529696,257.5961
2018,10,2,4,2.298174,251.5245
2018,10,2,5,2.462402,255.4169
2018,10,2,6,1.377104,210.0327
2018,10,2,7,0.6312752,133.4107
2018,10,3,0,0.4509317,104.2634
2018,10,3,1,0.3347806,82.6019
2018,10,3,2,0.3054495,76.73796
2018,10,3,3,0.3030719,75.91361
2018,10,3,4,0.3495461,84.87535
2018,10,3,5,0.3741303,89.5478
2018,10,3,6,0.4145482,96.90422
2018,10,3,7,0.4431696,101.8804
2018,10,4,0,0.4826667,108.1327
2018,10,4,1,0.4363472,100.8396
2018,10,4,2,0.3308178,81.66435
2018,10,4,3,0.2106404,56.94425
2018,10,4,4,0.1939398,53.22686
2018,10,4,5,0.2260496,60.11838
2018,10,4,6,0.2519794,65.58331
2018,10,4,7,0.2796753,71.47353
2018,10,5,0,0.3015283,75.89684
2018,10,5,1,0.2917553,73.74165
2018,10,5,2,0.2798606,71.24251
2018,10,5,3,0.3103893,77.11727
2018,10,5,4,0.3825392,90.64745
2018,10,5,5,0.440769,100.9942
2018,10,5,6,0.4383588,101.6449
2018,10,5,7,0.3417179,84.51135
2018,10,6,0,0.1969981,53.54326
2018,10,6,1,0.2635172,66.71207
2018,10,6,2,0.376336,88.62427
2018,10,6,3,0.500807,110.4285
2018,10,6,4,0.5944903,124.9744
2018,10,6,5,0.5950396,124.78
2018,10,6,6,0.7459345,146.3667
2018,10,6,7,0.9985119,175.4332
2018,10,7,0,1.170682,190.2431
2018,10,7,1,0.8890719,164.5112
2018,10,7,2,0.4373053,99.96282
2018,10,7,3,0.2556615,64.63128
2018,10,7,4,0.283432,69.87249
2018,10,7,5,0.247986,63.94308
2018,10,7,6,0.3458041,82.9224
2018,10,7,7,0.5596134,119.6771
2018,10,8,0,0.7506855,145.9523
2018,10,8,1,0.596822,124.7424
2018,10,8,2,0.4996603,108.9965
2018,10,8,3,0.5351647,113.9455
2018,10,8,4,0.5968995,123.1267
2018,10,8,5,0.609339,125.0722
2018,10,8,6,0.6688313,133.9462
2018,10,8,7,0.7938923,150.6467
2018,10,9,0,0.9335207,166.7049
2018,10,9,1,0.8298359,156.1826
2018,10,9,2,0.7362751,144.5193
2018,10,9,3,0.6749746,136.5464
2018,10,9,4,0.6311335,130.6992
2018,10,9,5,0.5878143,124.3507
2018,10,9,6,0.5474106,118.7152
2018,10,9,7,0.5684723,122.468
2018,10,10,0,0.5474846,120.1358
2018,10,10,1,0.3670372,88.88516
2018,10,10,2,0.4100124,96.14712
2018,10,10,3,0.4314451,100.2291
2018,10,10,4,0.4378809,101.081
2018,10,10,5,0.4134471,96.90394
2018,10,10,6,0.3703124,89.5068
2018,10,10,7,0.4424198,102.3539
2018,10,11,0,0.4970621,110.8328
2018,10,11,1,0.4777857,107.3362
2018,10,11,2,0.4365407,100.2454
2018,10,11,3,0.4385937,100.5969
2018,10,11,4,0.4274723,98.60787
2018,10,11,5,0.4006034,93.81619
2018,10,11,6,0.3954967,92.70435
2018,10,11,7,0.4003225,93.22601
2018,10,12,0,0.535344,115.9874
2018,10,12,1,1.092603,184.1632
2018,10,12,2,2.083492,242.2685
2018,10,12,3,2.175294,245.209
2018,10,12,4,1.873345,233.9862
2018,10,12,5,1.693854,225.2698
2018,10,12,6,1.202306,194.0015
2018,10,12,7,0.9017639,165.4048
2018,10,13,0,0.7286312,144.541
2018,10,13,1,0.6747228,136.9936
2018,10,13,2,0.6178155,129.1926
2018,10,13,3,0.6112597,128.4413
2018,10,13,4,0.4933104,109.4489
2018,10,13,5,0.2763022,69.76106
2018,10,13,6,0.2503329,64.65579
2018,10,13,7,0.2820094,71.55586
2018,10,14,0,0.3567136,85.78032
2018,10,14,1,0.3292051,80.58871
2018,10,14,2,0.2818068,70.96799
2018,10,14,3,0.2749689,69.66513
2018,10,14,4,0.2622602,66.9004
2018,10,14,5,0.402058,93.153
2018,10,14,6,0.5591125,119.1971
2018,10,14,7,0.7122511,141.3253
2018,10,15,0,0.6967584,139.8903
2018,10,15,1,0.4151382,97.03104
2018,10,15,2,0.3280125,80.25655
2018,10,15,3,0.3343815,81.24706
2018,10,15,4,0.3662332,87.06766
2018,10,15,5,0.3747259,88.56637
2018,10,15,6,0.5506469,117.6517
2018,10,15,7,0.7497045,144.1125
2018,10,16,0,0.7312266,141.1475
2018,10,16,1,0.2550371,65.26415
2018,10,16,2,0.1000537,31.20166
2018,10,16,3,0.09988295,30.91748
2018,10,16,4,0.130508,38.04009
2018,10,16,5,0.1754403,48.39222
2018,10,16,6,0.1964197,53.14056
2018,10,16,7,0.2093838,56.06136
2018,10,17,0,0.2526632,65.15705
2018,10,17,1,0.239546,62.51073
2018,10,17,2,0.2635318,67.54959
2018,10,17,3,0.4330244,99.50593
2018,10,17,4,0.545421,118.1198
2018,10,17,5,0.5310674,115.8466
2018,10,17,6,0.4389677,100.7251
2018,10,17,7,0.3969286,93.51189
2018,10,18,0,0.382602,91.08693
2018,10,18,1,0.3101359,77.45758
2018,10,18,2,0.3050616,76.40474
2018,10,18,3,0.3253477,80.2289
2018,10,18,4,0.3288783,80.80821
2018,10,18,5,0.3298952,80.95832
2018,10,18,6,0.286847,72.69618
2018,10,18,7,0.2552732,66.26965
2018,10,19,0,0.2098858,56.36212
2018,10,19,1,0.1899473,51.8366
2018,10,19,2,0.2050146,54.75506
2018,10,19,3,0.2172767,57.11702
2018,10,19,4,0.2021017,54.03631
2018,10,19,5,0.1933267,52.27286
2018,10,19,6,0.1915542,51.91068
2018,10,19,7,0.2327097,60.96651
2018,10,20,0,0.2142722,57.182
2018,10,20,1,0.1775628,48.82596
2018,10,20,2,0.201597,54.17191
2018,10,20,3,0.2283468,59.81616
2018,10,20,4,0.2465419,63.36457
2018,10,20,5,0.257947,65.61148
2018,10,20,6,0.2604007,66.15188
2018,10,20,7,0.3318001,80.79818
2018,10,21,0,0.2919784,73.21392
2018,10,21,1,0.1792282,49.28389
2018,10,21,2,0.2109333,56.17071
2018,10,21,3,0.2697012,68.19614
2018,10,21,4,0.3435329,82.0929
2018,10,21,5,0.3366908,80.70093
2018,10,21,6,0.3014971,74.01232
2018,10,21,7,0.2857866,71.23941
2018,10,22,0,0.2953012,73.23983
2018,10,22,1,0.3047831,75.14063
2018,10,22,2,0.2818433,70.37318
2018,10,22,3,0.2559357,64.33028
2018,10,22,4,0.2179716,55.99032
2018,10,22,5,0.2370087,59.92477
2018,10,22,6,0.3147003,75.05189
2018,10,22,7,0.3979182,89.46421
2018,10,23,0,0.5291624,109.6033
2018,10,23,1,1.074004,175.2958
2018,10,23,2,1.343818,198.5543
2018,10,23,3,1.210336,189.5441
2018,10,23,4,0.966054,167.5293
2018,10,23,5,0.8872746,159.0261
2018,10,23,6,0.7973809,149.31
2018,10,23,7,0.7138928,139.4664
2018,10,24,0,0.5603554,119.4834
2018,10,24,1,0.4296321,98.85182
2018,10,24,2,0.3956438,92.28859
2018,10,24,3,0.3216622,77.9367
2018,10,24,4,0.2984079,72.25372
2018,10,24,5,0.4031479,90.63845
2018,10,24,6,0.5699107,117.5661
2018,10,24,7,0.5841661,120.6954
2018,10,25,0,0.4873217,107.382
2018,10,25,1,0.4407023,100.7972
2018,10,25,2,0.3496669,84.62335
2018,10,25,3,0.3018429,75.88649
2018,10,25,4,0.3370307,82.04202
2018,10,25,5,0.4564658,102.9332
2018,10,25,6,0.6457496,131.9543
2018,10,25,7,0.7438493,146.0872
2018,10,26,0,0.6503613,134.0685
2018,10,26,1,0.5978002,126.0779
2018,10,26,2,0.5484553,118.5834
2018,10,26,3,0.4823024,107.9016
2018,10,26,4,0.4671943,105.2462
2018,10,26,5,0.4447978,101.1457
2018,10,26,6,0.4352293,99.54888
2018,10,26,7,0.4840645,108.4483
2018,10,27,0,0.5404164,117.9407
2018,10,27,1,0.6074814,128.7367
2018,10,27,2,0.6660926,137.1754
2018,10,27,3,0.6649594,136.7804
2018,10,27,4,0.7058607,142.3994
2018,10,27,5,0.7342085,146.327
2018,10,27,6,0.622352,130.9353
2018,10,27,7,0.5360757,117.955
2018,10,28,0,0.5355523,117.9336
2018,10,28,1,0.5487784,120.1922
2018,10,28,2,0.5501264,120.0691
2018,10,28,3,0.5108753,113.5471
2018,10,28,4,0.5140822,113.9254
2018,10,28,5,0.5275672,116.0175
2018,10,28,6,0.553745,119.8715
2018,10,28,7,0.5915836,125.2745
2018,10,29,0,0.5881547,124.5907
2018,10,29,1,0.637076,130.2497
2018,10,29,2,0.6651124,133.7202
2018,10,29,3,0.6735153,134.4148
2018,10,29,4,0.76523,145.8024
2018,10,29,5,0.8221222,153.1928
2018,10,29,6,0.8669664,158.8723
2018,10,29,7,0.8989849,162.4305
2018,10,30,0,0.7781708,148.6972
2018,10,30,1,0.6294199,129.1361
2018,10,30,2,0.6672173,133.9707
2018,10,30,3,0.7178213,140.1612
2018,10,30,4,0.599383,123.8378
2018,10,30,5,0.536544,114.3815
2018,10,30,6,0.6542467,132.8624
2018,10,30,7,0.5677032,121.378
2018,10,31,0,0.3789393,90.20639
2018,10,31,1,0.2784633,70.70781
2018,10,31,2,0.2720109,69.56004
2018,10,31,3,0.2391856,62.95391
2018,10,31,4,0.2098767,55.67823
2018,10,31,5,0.214889,56.31264
2018,10,31,6,0.2879415,70.32651
2018,10,31,7,0.3933829,89.9577
