####################################################################################################
# Month: 05May                                                                                     #
# Station: KEN                                                                                     #
# Frequency: 230 GHz                                                                               #
# Columns are: year    month   day     segment         tau     Tb (K)                              #
####################################################################################################
year,month,day,segment,tau,Tb
2009,05,1,0,0.4337013,99.27267
2009,05,1,1,0.3896964,90.85427
2009,05,1,2,0.3384392,81.19791
2009,05,1,3,0.3818796,89.57566
2009,05,1,4,0.6316661,130.0929
2009,05,1,5,0.6130095,127.4876
2009,05,1,6,0.5088383,111.517
2009,05,1,7,0.4623121,103.6453
2009,05,2,0,0.4636044,103.7289
2009,05,2,1,0.47253,105.399
2009,05,2,2,0.4380588,99.79859
2009,05,2,3,0.5735902,122.1901
2009,05,2,4,0.8296649,156.1249
2009,05,2,5,0.773335,149.4282
2009,05,2,6,0.5900161,124.3867
2009,05,2,7,0.523702,114.4248
2009,05,3,0,0.6025321,126.8053
2009,05,3,1,0.6085457,127.3252
2009,05,3,2,0.6023153,126.4443
2009,05,3,3,0.4739991,106.2338
2009,05,3,4,0.5630434,120.6254
2009,05,3,5,0.4913963,109.2129
2009,05,3,6,0.3621897,86.52035
2009,05,3,7,0.3341821,81.37311
2009,05,4,0,0.3468709,83.8581
2009,05,4,1,0.3897373,91.81882
2009,05,4,2,0.3620044,86.67785
2009,05,4,3,0.4660031,105.1636
2009,05,4,4,0.4962312,110.1303
2009,05,4,5,0.3717109,88.42087
2009,05,4,6,0.2914483,73.00231
2009,05,4,7,0.2765792,70.21043
2009,05,5,0,0.2480459,64.27804
2009,05,5,1,0.2592455,66.44077
2009,05,5,2,0.3673304,87.56422
2009,05,5,3,0.6003573,126.2899
2009,05,5,4,0.7835423,150.3585
2009,05,5,5,0.5111962,112.1639
2009,05,5,6,0.3591986,85.88335
2009,05,5,7,0.266972,67.84837
2009,05,6,0,0.2382186,61.73854
2009,05,6,1,0.2474624,63.65952
2009,05,6,2,0.3008969,74.72532
2009,05,6,3,0.5678407,121.5344
2009,05,6,4,0.9110927,165.2335
2009,05,6,5,0.9128774,165.6974
2009,05,6,6,0.6929994,139.1901
2009,05,6,7,0.5587124,120.2003
2009,05,7,0,0.4680814,105.769
2009,05,7,1,0.4651587,105.1092
2009,05,7,2,0.4420841,100.9867
2009,05,7,3,0.6363401,131.6607
2009,05,7,4,0.8322894,156.5896
2009,05,7,5,0.7296316,143.6481
2009,05,7,6,0.5739247,122.14
2009,05,7,7,0.4167346,96.36663
2009,05,8,0,0.3170771,77.67761
2009,05,8,1,0.2973512,73.68662
2009,05,8,2,0.3542135,84.64921
2009,05,8,3,0.5981374,124.9861
2009,05,8,4,1.01877,175.5417
2009,05,8,5,0.9759374,171.1313
2009,05,8,6,0.7021145,139.4394
2009,05,8,7,0.518576,113.1126
2009,05,9,0,0.4158434,96.04173
2009,05,9,1,0.3539608,84.86693
2009,05,9,2,0.2943475,73.39812
2009,05,9,3,0.5128939,112.6047
2009,05,9,4,0.9017563,163.8185
2009,05,9,5,0.7635652,147.6522
2009,05,9,6,0.5402553,116.8246
2009,05,9,7,0.3812598,89.93824
2009,05,10,0,0.4035671,93.77631
2009,05,10,1,0.4405948,100.1828
2009,05,10,2,0.4120575,95.37854
2009,05,10,3,0.5838567,123.4245
2009,05,10,4,1.026992,176.5758
2009,05,10,5,1.055852,179.3041
2009,05,10,6,0.8990121,163.1517
2009,05,10,7,0.6413661,131.0872
2009,05,11,0,0.5422898,116.1533
2009,05,11,1,0.5344287,114.5819
2009,05,11,2,0.527225,113.7604
2009,05,11,3,0.816254,153.9506
2009,05,11,4,1.17342,189.1096
2009,05,11,5,1.25082,195.4432
2009,05,11,6,1.225693,193.7258
2009,05,11,7,0.9796178,170.8808
2009,05,12,0,0.8350148,154.2142
2009,05,12,1,0.7264828,141.471
2009,05,12,2,0.6720786,134.8887
2009,05,12,3,0.7386818,143.1602
2009,05,12,4,1.159116,187.2058
2009,05,12,5,1.132357,185.3341
2009,05,12,6,0.8781501,160.202
2009,05,12,7,0.6511919,132.1992
2009,05,13,0,0.5203024,112.7295
2009,05,13,1,0.4849129,107.0259
2009,05,13,2,0.4752757,105.3189
2009,05,13,3,0.6198112,127.5515
2009,05,13,4,1.068498,179.704
2009,05,13,5,1.161197,188.2428
2009,05,13,6,1.010607,174.2587
2009,05,13,7,0.8883931,161.0958
2009,05,14,0,0.7310456,141.919
2009,05,14,1,0.6331223,128.6648
2009,05,14,2,0.5975716,123.7497
2009,05,14,3,0.8090272,151.6756
2009,05,14,4,1.206844,191.0606
2009,05,14,5,1.317541,200.0778
2009,05,14,6,1.090465,181.6885
2009,05,14,7,0.6803107,136.0915
2009,05,15,0,0.5478891,117.1502
2009,05,15,1,0.5147179,112.0021
2009,05,15,2,0.4771534,106.0181
2009,05,15,3,0.5729142,121.2422
2009,05,15,4,1.06892,180.3285
2009,05,15,5,1.21474,193.254
2009,05,15,6,0.984096,173.1472
2009,05,15,7,0.6354061,131.1688
2009,05,16,0,0.5784477,122.5899
2009,05,16,1,0.5553773,118.9773
2009,05,16,2,0.4732419,105.9295
2009,05,16,3,0.6157843,128.293
2009,05,16,4,1.026198,176.7475
2009,05,16,5,1.16351,189.3691
2009,05,16,6,0.9994398,174.6332
2009,05,16,7,0.728665,143.9888
2009,05,17,0,0.9381946,168.7745
2009,05,17,1,1.04274,179.0266
2009,05,17,2,0.9194069,166.2855
2009,05,17,3,0.6850989,137.3781
2009,05,17,4,1.07831,181.1942
2009,05,17,5,1.306305,200.2375
2009,05,17,6,1.282295,198.5771
2009,05,17,7,0.804682,152.7175
2009,05,18,0,0.6274961,129.3588
2009,05,18,1,0.458164,102.8967
2009,05,18,2,0.4521052,101.7877
2009,05,18,3,0.6979395,139.2237
2009,05,18,4,1.087162,182.0402
2009,05,18,5,1.112792,184.7822
2009,05,18,6,0.8706219,161.083
2009,05,18,7,0.3882529,91.40978
2009,05,19,0,0.2948064,73.44757
2009,05,19,1,0.2990751,74.07941
2009,05,19,2,0.3054244,75.26297
2009,05,19,3,0.4410845,100.3751
2009,05,19,4,0.9117467,164.6575
2009,05,19,5,1.066465,180.0972
2009,05,19,6,0.960716,170.0634
2009,05,19,7,1.002836,174.3103
2009,05,20,0,0.9433928,168.124
2009,05,20,1,0.6436374,131.4214
2009,05,20,2,0.4389154,99.39606
2009,05,20,3,0.5232043,113.4709
2009,05,20,4,0.9012376,163.3997
2009,05,20,5,0.981615,171.4925
2009,05,20,6,0.9857938,172.3658
2009,05,20,7,0.7524865,146.0543
2009,05,21,0,0.562234,119.5565
2009,05,21,1,0.4337485,98.75305
2009,05,21,2,0.4436308,100.3087
2009,05,21,3,0.5860762,122.7943
2009,05,21,4,0.942964,168.0927
2009,05,21,5,0.8422489,156.6928
2009,05,21,6,0.6652699,134.4467
2009,05,21,7,0.5060845,110.8149
2009,05,22,0,0.4569375,102.4844
2009,05,22,1,0.3933663,91.27832
2009,05,22,2,0.3766892,88.14545
2009,05,22,3,0.5765923,121.1754
2009,05,22,4,1.032361,176.1519
2009,05,22,5,0.9902335,172.422
2009,05,22,6,0.6853189,137.1054
2009,05,22,7,0.4154909,95.41737
2009,05,23,0,0.3451391,82.23971
2009,05,23,1,0.2376026,60.59474
2009,05,23,2,0.2191798,56.61793
2009,05,23,3,0.2668831,66.73735
2009,05,23,4,0.4206793,95.99321
2009,05,23,5,0.6218607,128.1029
2009,05,23,6,0.4788835,106.0424
2009,05,23,7,0.3327527,79.81501
2009,05,24,0,0.2811932,69.22892
2009,05,24,1,0.2908721,70.89626
2009,05,24,2,0.3090049,74.5161
2009,05,24,3,0.4043516,92.63786
2009,05,24,4,0.5439616,116.1449
2009,05,24,5,0.734764,143.4459
2009,05,24,6,0.6972925,138.8968
2009,05,24,7,0.5478247,117.6209
2009,05,25,0,0.5291116,114.3753
2009,05,25,1,0.5002623,109.5065
2009,05,25,2,0.4402553,99.3696
2009,05,25,3,0.7042053,139.6603
2009,05,25,4,1.27225,197.194
2009,05,25,5,1.289572,198.9017
2009,05,25,6,0.8815535,161.7138
2009,05,25,7,0.7422035,144.9932
2009,05,26,0,0.7427817,144.6254
2009,05,26,1,0.8020147,151.6695
2009,05,26,2,0.9236263,164.4523
2009,05,26,3,1.195327,190.1061
2009,05,26,4,1.375933,204.1676
2009,05,26,5,1.257144,196.4078
2009,05,26,6,0.94967,169.1743
2009,05,26,7,0.9374937,168.0125
2009,05,27,0,0.9181075,165.4029
2009,05,27,1,0.781898,148.6782
2009,05,27,2,0.7830967,148.4537
2009,05,27,3,1.078379,180.0312
2009,05,27,4,1.258384,195.2917
2009,05,27,5,1.088703,181.7224
2009,05,27,6,0.9306915,166.4724
2009,05,27,7,0.7761348,149.2307
2009,05,28,0,0.5609524,119.1387
2009,05,28,1,0.5197275,112.2668
2009,05,28,2,0.5528506,117.3425
2009,05,28,3,0.9656267,169.598
2009,05,28,4,1.271441,196.9163
2009,05,28,5,1.301308,199.8811
2009,05,28,6,1.304072,200.3578
2009,05,28,7,1.162641,188.6787
2009,05,29,0,0.6299515,128.312
2009,05,29,1,0.413353,94.0262
2009,05,29,2,0.3733521,87.28528
2009,05,29,3,0.448397,100.9089
2009,05,29,4,0.7749611,148.0999
2009,05,29,5,0.9124411,163.489
2009,05,29,6,0.74496,144.2666
2009,05,29,7,0.5209575,112.7261
2009,05,30,0,0.4310072,97.74325
2009,05,30,1,0.4020366,92.71099
2009,05,30,2,0.400859,92.57938
2009,05,30,3,0.4276225,97.51478
2009,05,30,4,0.6243452,128.7042
2009,05,30,5,0.6878547,137.8438
2009,05,30,6,0.6663748,135.1611
2009,05,30,7,0.7597633,147.6516
2009,05,31,0,0.6765345,136.5094
2009,05,31,1,0.5061682,110.6886
2009,05,31,2,0.4230996,96.71275
2009,05,31,3,0.4413982,100.2181
2009,05,31,4,0.624353,129.2357
2009,05,31,5,0.8110872,153.8672
2009,05,31,6,0.7794082,150.2676
2009,05,31,7,0.4844124,108.2604
2010,05,1,0,0.7528904,146.8138
2010,05,1,1,0.8367965,156.7865
2010,05,1,2,0.7544754,147.0189
2010,05,1,3,0.8515603,158.7685
2010,05,1,4,1.058226,179.9632
2010,05,1,5,0.992107,173.995
2010,05,1,6,0.8147146,154.6553
2010,05,1,7,0.8617884,159.8425
2010,05,2,0,0.8763412,160.8345
2010,05,2,1,0.6934685,138.4018
2010,05,2,2,0.6120213,127.655
2010,05,2,3,0.7129337,141.9359
2010,05,2,4,1.016452,176.5371
2010,05,2,5,0.9719633,172.3766
2010,05,2,6,0.7008105,140.7742
2010,05,2,7,0.7001319,140.4601
2010,05,3,0,0.6353709,131.2738
2010,05,3,1,0.6028029,126.3561
2010,05,3,2,0.543988,116.871
2010,05,3,3,0.6456438,131.66
2010,05,3,4,0.9246653,165.7025
2010,05,3,5,0.6526111,132.6286
2010,05,3,6,0.4972446,109.1072
2010,05,3,7,0.4280748,97.54389
2010,05,4,0,0.3768934,88.07951
2010,05,4,1,0.3374426,80.36234
2010,05,4,2,0.3094607,74.74934
2010,05,4,3,0.284537,69.85233
2010,05,4,4,0.3775886,87.80738
2010,05,4,5,0.4023883,92.102
2010,05,4,6,0.4326147,96.91191
2010,05,4,7,0.5553579,116.6988
2010,05,5,0,0.6974136,137.6633
2010,05,5,1,0.7508197,145.298
2010,05,5,2,0.8067972,152.0214
2010,05,5,3,0.9504817,167.7117
2010,05,5,4,0.9527048,168.2359
2010,05,5,5,0.6625015,133.3822
2010,05,5,6,0.5382729,114.7808
2010,05,5,7,0.5364092,114.6957
2010,05,6,0,0.5854957,122.4123
2010,05,6,1,0.6538772,132.4968
2010,05,6,2,0.6885457,137.5779
2010,05,6,3,0.7927698,151.3871
2010,05,6,4,0.9487375,169.1593
2010,05,6,5,0.8870505,162.7783
2010,05,6,6,0.8722185,160.6042
2010,05,6,7,0.7628229,147.5533
2010,05,7,0,0.7243255,142.9078
2010,05,7,1,0.6536019,133.5863
2010,05,7,2,0.6168201,128.3889
2010,05,7,3,0.7263486,143.9246
2010,05,7,4,1.168419,190.7051
2010,05,7,5,1.007012,176.0438
2010,05,7,6,0.7338309,145.0815
2010,05,7,7,0.593842,125.4077
2010,05,8,0,0.6776864,137.2905
2010,05,8,1,0.6913719,139.0296
2010,05,8,2,0.6768143,136.9716
2010,05,8,3,0.7208664,142.8001
2010,05,8,4,0.7456025,146.1575
2010,05,8,5,0.9094349,165.6628
2010,05,8,6,0.7510826,147.1977
2010,05,8,7,0.44639,101.9862
2010,05,9,0,0.3942334,92.5722
2010,05,9,1,0.3824902,90.20894
2010,05,9,2,0.3617565,86.27258
2010,05,9,3,0.5763509,122.692
2010,05,9,4,1.049543,179.4011
2010,05,9,5,1.08897,182.6817
2010,05,9,6,1.093541,183.5901
2010,05,9,7,0.7446342,145.9195
2010,05,10,0,0.7005626,140.0304
2010,05,10,1,0.8032336,152.8564
2010,05,10,2,0.8864113,162.581
2010,05,10,3,0.9642346,170.1147
2010,05,10,4,1.281734,197.6728
2010,05,10,5,1.498448,212.5294
2010,05,10,6,1.245869,194.9826
2010,05,10,7,0.9584952,168.6832
2010,05,11,0,0.9946238,172.0118
2010,05,11,1,0.9821498,171.0068
2010,05,11,2,0.9748361,170.69
2010,05,11,3,1.129509,185.2219
2010,05,11,4,1.401611,205.8815
2010,05,11,5,1.327765,200.8391
2010,05,11,6,1.231953,193.7959
2010,05,11,7,0.9342523,165.2907
2010,05,12,0,0.9082664,162.4214
2010,05,12,1,0.8826276,159.562
2010,05,12,2,0.877898,158.9692
2010,05,12,3,0.8470841,155.7509
2010,05,12,4,0.9298707,165.3745
2010,05,12,5,0.9639171,169.153
2010,05,12,6,0.9127753,164.2091
2010,05,12,7,0.8524629,157.8246
2010,05,13,0,0.8482604,157.2662
2010,05,13,1,0.7622691,146.6238
2010,05,13,2,0.6802972,135.9771
2010,05,13,3,0.9632359,169.3621
2010,05,13,4,1.347625,202.8642
2010,05,13,5,1.472844,211.516
2010,05,13,6,1.386307,205.959
2010,05,13,7,1.242961,195.2207
2010,05,14,0,1.119295,184.6557
2010,05,14,1,0.868709,159.5645
2010,05,14,2,0.6877648,137.3277
2010,05,14,3,0.7409655,144.3226
2010,05,14,4,1.140606,186.5559
2010,05,14,5,1.208659,191.7791
2010,05,14,6,1.27989,197.537
2010,05,14,7,1.209572,192.253
2010,05,15,0,1.184308,190.3786
2010,05,15,1,1.024288,175.7395
2010,05,15,2,0.9142327,164.5384
2010,05,15,3,0.7981062,151.1656
2010,05,15,4,0.9971036,172.803
2010,05,15,5,1.016221,175.033
2010,05,15,6,0.7338088,143.9726
2010,05,15,7,0.5480194,117.3667
2010,05,16,0,0.4895079,107.8417
2010,05,16,1,0.4449704,100.2461
2010,05,16,2,0.4009688,92.47529
2010,05,16,3,0.518882,112.5563
2010,05,16,4,0.9635401,169.6074
2010,05,16,5,1.037213,176.7483
2010,05,16,6,1.031344,176.4496
2010,05,16,7,0.6775482,135.424
2010,05,17,0,0.5049543,109.6431
2010,05,17,1,0.440195,98.94798
2010,05,17,2,0.4346942,98.14504
2010,05,17,3,0.6226585,127.7956
2010,05,17,4,0.9118775,163.7607
2010,05,17,5,0.9966422,172.5454
2010,05,17,6,0.9115242,164.2384
2010,05,17,7,0.7350096,143.9268
2010,05,18,0,0.6995456,139.5764
2010,05,18,1,0.5869948,123.5668
2010,05,18,2,0.3232714,78.55783
2010,05,18,3,0.499367,110.0748
2010,05,18,4,0.8614832,159.2476
2010,05,18,5,0.8364807,156.6007
2010,05,18,6,0.7051414,140.556
2010,05,18,7,0.4892524,108.4828
2010,05,19,0,0.3388596,81.78172
2010,05,19,1,0.2811832,70.51494
2010,05,19,2,0.3565816,85.2864
2010,05,19,3,0.566359,120.857
2010,05,19,4,0.9055901,164.3386
2010,05,19,5,0.9073712,164.6114
2010,05,19,6,0.8299549,156.6321
2010,05,19,7,0.5018977,110.8838
2010,05,20,0,0.4478185,101.5517
2010,05,20,1,0.4415093,100.3036
2010,05,20,2,0.424789,97.41246
2010,05,20,3,0.5041264,110.9346
2010,05,20,4,0.731144,144.1743
2010,05,20,5,0.5997574,125.7726
2010,05,20,6,0.4290543,98.34565
2010,05,20,7,0.3155568,77.18644
2010,05,21,0,0.277251,69.56714
2010,05,21,1,0.2200768,57.73402
2010,05,21,2,0.2034698,54.2672
2010,05,21,3,0.2017625,53.94627
2010,05,21,4,0.2851093,71.63096
2010,05,21,5,0.3653874,87.27704
2010,05,21,6,0.4069802,94.80831
2010,05,21,7,0.4605802,103.8805
2010,05,22,0,0.3708912,87.87952
2010,05,22,1,0.2461374,63.47198
2010,05,22,2,0.1750762,48.0836
2010,05,22,3,0.1343424,38.65838
2010,05,22,4,0.2000273,53.78583
2010,05,22,5,0.3354801,81.67361
2010,05,22,6,0.4053378,94.51495
2010,05,22,7,0.4206472,97.45168
2010,05,23,0,0.3769279,89.66422
2010,05,23,1,0.3419444,82.94416
2010,05,23,2,0.3552994,85.35693
2010,05,23,3,0.4849383,108.7764
2010,05,23,4,0.7660232,149.1834
2010,05,23,5,0.829171,156.8626
2010,05,23,6,0.8285418,157.0205
2010,05,23,7,0.4507781,102.7914
2010,05,24,0,0.35858,85.94157
2010,05,24,1,0.3420924,82.78405
2010,05,24,2,0.2848287,71.64345
2010,05,24,3,0.291222,72.99699
2010,05,24,4,0.7066854,141.0805
2010,05,24,5,0.6856374,138.2198
2010,05,24,6,0.4728782,106.4932
2010,05,24,7,0.3218341,78.94248
2010,05,25,0,0.3204924,78.33533
2010,05,25,1,0.3311572,80.20959
2010,05,25,2,0.3990229,92.73125
2010,05,25,3,0.4832371,107.3591
2010,05,25,4,0.5995074,125.4746
2010,05,25,5,0.6620376,134.5948
2010,05,25,6,0.6163262,128.0485
2010,05,25,7,0.5349207,115.7012
2010,05,26,0,0.4876366,108.1494
2010,05,26,1,0.4583459,103.32
2010,05,26,2,0.4467271,101.3918
2010,05,26,3,0.4376504,99.86303
2010,05,26,4,0.4470463,101.3739
2010,05,26,5,0.4298447,98.40234
2010,05,26,6,0.3995295,93.10832
2010,05,26,7,0.3844659,90.55078
2010,05,27,0,0.3464665,83.82244
2010,05,27,1,0.3125951,77.30445
2010,05,27,2,0.3100557,76.68222
2010,05,27,3,0.3129004,77.23672
2010,05,27,4,0.3009819,74.99453
2010,05,27,5,0.3104493,76.93949
2010,05,27,6,0.3359891,81.87493
2010,05,27,7,0.2774066,70.28463
2010,05,28,0,0.243852,63.24955
2010,05,28,1,0.2107398,56.11161
2010,05,28,2,0.2229825,58.73411
2010,05,28,3,0.3328311,81.37114
2010,05,28,4,0.7748934,150.0455
2010,05,28,5,0.7556674,147.2139
2010,05,28,6,0.6252004,130.0461
2010,05,28,7,0.448503,102.3035
2010,05,29,0,0.4406313,100.85
2010,05,29,1,0.4420447,101.1589
2010,05,29,2,0.3956902,92.97775
2010,05,29,3,0.4620098,104.6319
2010,05,29,4,0.6701652,136.3725
2010,05,29,5,0.7372919,145.2081
2010,05,29,6,0.4680891,105.6256
2010,05,29,7,0.4282896,98.7472
2010,05,30,0,0.4285256,98.58024
2010,05,30,1,0.4200218,96.82893
2010,05,30,2,0.4025469,93.66496
2010,05,30,3,0.4216792,97.01218
2010,05,30,4,0.4043951,93.86805
2010,05,30,5,0.3234096,79.03668
2010,05,30,6,0.2756415,69.74905
2010,05,30,7,0.2437172,63.03573
2010,05,31,0,0.2514038,64.45064
2010,05,31,1,0.2572352,65.57617
2010,05,31,2,0.2824997,70.71381
2010,05,31,3,0.3050227,75.24447
2010,05,31,4,0.3350486,81.16295
2010,05,31,5,0.3479601,83.68842
2010,05,31,6,0.2961419,73.76533
2010,05,31,7,0.1946602,52.35997
2011,05,1,0,0.6965455,138.7688
2011,05,1,1,0.6615219,134.146
2011,05,1,2,0.5637676,120.0098
2011,05,1,3,0.6711842,135.493
2011,05,1,4,1.004672,174.4091
2011,05,1,5,0.8262783,155.5224
2011,05,1,6,0.6472759,132.7248
2011,05,1,7,0.4726903,105.9395
2011,05,2,0,0.4484645,101.6679
2011,05,2,1,0.4024733,93.67678
2011,05,2,2,0.3712243,88.06203
2011,05,2,3,0.6649434,134.7753
2011,05,2,4,1.02019,175.6272
2011,05,2,5,1.016899,175.4369
2011,05,2,6,0.8459069,157.4664
2011,05,2,7,0.5998689,125.5736
2011,05,3,0,0.6266354,129.1202
2011,05,3,1,0.5314325,114.8424
2011,05,3,2,0.5651862,119.9245
2011,05,3,3,0.9439178,167.535
2011,05,3,4,1.097698,182.057
2011,05,3,5,1.076848,179.962
2011,05,3,6,0.888533,161.114
2011,05,3,7,0.7088045,139.6747
2011,05,4,0,0.586124,122.372
2011,05,4,1,0.5731141,120.1668
2011,05,4,2,0.5757987,120.525
2011,05,4,3,0.9300602,165.7067
2011,05,4,4,1.221113,192.2121
2011,05,4,5,1.212731,191.6867
2011,05,4,6,0.9561148,168.1312
2011,05,4,7,0.8739126,158.8651
2011,05,5,0,0.7962625,149.2636
2011,05,5,1,0.7426328,142.542
2011,05,5,2,0.641592,129.7304
2011,05,5,3,0.7291432,141.8821
2011,05,5,4,1.136607,185.1733
2011,05,5,5,1.299292,198.0298
2011,05,5,6,1.29439,197.9219
2011,05,5,7,1.056227,177.8383
2011,05,6,0,0.7979839,150.0934
2011,05,6,1,0.6010272,124.3603
2011,05,6,2,0.5126876,111.4424
2011,05,6,3,0.6492872,132.1632
2011,05,6,4,0.8827341,160.9651
2011,05,6,5,0.9782619,171.3048
2011,05,6,6,0.8941504,162.9024
2011,05,6,7,0.5378834,116.0284
2011,05,7,0,0.4944373,109.0442
2011,05,7,1,0.4467921,100.889
2011,05,7,2,0.4044222,93.3872
2011,05,7,3,0.5011725,109.9215
2011,05,7,4,0.8338345,155.8106
2011,05,7,5,0.8828196,161.3466
2011,05,7,6,0.7415137,144.3157
2011,05,7,7,0.5764515,121.69
2011,05,8,0,0.4936461,108.6492
2011,05,8,1,0.4666714,104.0014
2011,05,8,2,0.531192,114.4201
2011,05,8,3,0.6819339,136.663
2011,05,8,4,1.029624,176.444
2011,05,8,5,1.075254,180.6384
2011,05,8,6,1.03581,177.1
2011,05,8,7,0.8513163,158.132
2011,05,9,0,0.7299251,143.3488
2011,05,9,1,0.6084009,126.5661
2011,05,9,2,0.594969,124.7318
2011,05,9,3,0.6468354,132.4472
2011,05,9,4,0.8309128,156.3636
2011,05,9,5,0.8796636,162.0601
2011,05,9,6,0.8321222,156.4533
2011,05,9,7,0.7053315,140.7298
2011,05,10,0,0.5786683,122.8194
2011,05,10,1,0.5384551,116.7801
2011,05,10,2,0.5903069,124.6819
2011,05,10,3,0.7744151,149.7164
2011,05,10,4,0.9990723,174.2559
2011,05,10,5,0.9228748,166.6301
2011,05,10,6,0.819072,155.3855
2011,05,10,7,0.6057398,126.8785
2011,05,11,0,0.5086838,112.1576
2011,05,11,1,0.4849058,108.1208
2011,05,11,2,0.4247209,97.83034
2011,05,11,3,0.528551,115.3891
2011,05,11,4,0.7119801,141.6737
2011,05,11,5,0.6708734,136.0541
2011,05,11,6,0.45891,103.9535
2011,05,11,7,0.3489877,84.23626
2011,05,12,0,0.2916614,73.10641
2011,05,12,1,0.3091693,76.54904
2011,05,12,2,0.417134,96.58205
2011,05,12,3,0.5686079,121.8663
2011,05,12,4,0.9193481,166.6636
2011,05,12,5,0.8340891,157.195
2011,05,12,6,0.7341682,144.9297
2011,05,12,7,0.5936555,124.912
2011,05,13,0,0.4537953,102.8914
2011,05,13,1,0.4412037,100.6954
2011,05,13,2,0.5347629,116.0001
2011,05,13,3,0.9814798,172.8446
2011,05,13,4,1.069885,180.9601
2011,05,13,5,0.8710063,160.8532
2011,05,13,6,0.6076848,127.0471
2011,05,13,7,0.4695068,105.6361
2011,05,14,0,0.3608871,86.549
2011,05,14,1,0.2799447,70.79818
2011,05,14,2,0.252891,65.13068
2011,05,14,3,0.4161296,96.72064
2011,05,14,4,0.8942407,163.4784
2011,05,14,5,0.7922674,151.7041
2011,05,14,6,0.4516127,102.6909
2011,05,14,7,0.301362,74.86669
2011,05,15,0,0.2956915,73.62557
2011,05,15,1,0.2342847,60.9528
2011,05,15,2,0.1960006,52.6042
2011,05,15,3,0.2354368,61.24782
2011,05,15,4,0.3458654,83.44517
2011,05,15,5,0.3541418,85.03691
2011,05,15,6,0.3020119,75.23747
2011,05,15,7,0.2534757,65.39293
2011,05,16,0,0.2432524,63.20936
2011,05,16,1,0.20992,56.09597
2011,05,16,2,0.1867128,50.97252
2011,05,16,3,0.2419197,63.0596
2011,05,16,4,0.4733743,106.5674
2011,05,16,5,0.4441348,101.4312
2011,05,16,6,0.3310543,80.75386
2011,05,16,7,0.2188247,57.95908
2011,05,17,0,0.2123772,56.52399
2011,05,17,1,0.2255197,59.35205
2011,05,17,2,0.2555223,65.61112
2011,05,17,3,0.5181788,113.8656
2011,05,17,4,0.8345856,156.6063
2011,05,17,5,0.6344487,130.6061
2011,05,17,6,0.4540784,102.7461
2011,05,17,7,0.3749227,88.62989
2011,05,18,0,0.2656234,67.40768
2011,05,18,1,0.2529803,64.79956
2011,05,18,2,0.3022803,74.80525
2011,05,18,3,0.4041561,94.05386
2011,05,18,4,0.70223,140.0149
2011,05,18,5,0.6313548,130.1363
2011,05,18,6,0.5086661,111.4206
2011,05,18,7,0.4224619,96.79718
2011,05,19,0,0.3679987,87.09845
2011,05,19,1,0.3113743,76.34611
2011,05,19,2,0.3129225,76.59216
2011,05,19,3,0.5188773,113.257
2011,05,19,4,0.9189206,165.379
2011,05,19,5,0.907921,164.0484
2011,05,19,6,0.4879579,107.7189
2011,05,19,7,0.3617878,85.677
2011,05,20,0,0.4171008,95.46781
2011,05,20,1,0.6205571,127.7724
2011,05,20,2,0.6444431,130.9259
2011,05,20,3,1.052074,177.7612
2011,05,20,4,1.23141,193.156
2011,05,20,5,1.300292,198.5714
2011,05,20,6,1.149552,187.327
2011,05,20,7,1.03752,177.2978
2011,05,21,0,0.8832797,161.0254
2011,05,21,1,0.8606826,158.1658
2011,05,21,2,0.8199267,153.2248
2011,05,21,3,0.8610843,157.2047
2011,05,21,4,1.096829,180.4435
2011,05,21,5,1.22453,191.3347
2011,05,21,6,1.290084,196.691
2011,05,21,7,1.244254,193.9512
2011,05,22,0,1.203917,190.8451
2011,05,22,1,1.10066,182.469
2011,05,22,2,0.9713661,170.1442
2011,05,22,3,0.8737428,159.2103
2011,05,22,4,0.948875,167.1953
2011,05,22,5,0.949968,167.8147
2011,05,22,6,0.6242494,128.7348
2011,05,22,7,0.4597813,103.499
2011,05,23,0,0.3792368,89.1741
2011,05,23,1,0.3410403,82.08056
2011,05,23,2,0.3322803,80.36268
2011,05,23,3,0.5127917,111.9838
2011,05,23,4,0.7766882,149.236
2011,05,23,5,0.6166047,128.0577
2011,05,23,6,0.4254392,97.77997
2011,05,23,7,0.401873,93.44733
2011,05,24,0,0.4247669,97.19942
2011,05,24,1,0.375826,88.53755
2011,05,24,2,0.3398182,81.9203
2011,05,24,3,0.4345017,99.30215
2011,05,24,4,0.7906704,150.8886
2011,05,24,5,0.6930331,138.3557
2011,05,24,6,0.5461782,117.4995
2011,05,24,7,0.482638,107.1634
2011,05,25,0,0.5286032,114.4237
2011,05,25,1,0.5553883,118.525
2011,05,25,2,0.5086295,111.0316
2011,05,25,3,0.509034,111.0208
2011,05,25,4,0.5235972,113.3601
2011,05,25,5,0.4325866,98.35521
2011,05,25,6,0.3496595,83.48426
2011,05,25,7,0.2629876,66.52533
2011,05,26,0,0.2861329,71.14702
2011,05,26,1,0.2985731,73.55704
2011,05,26,2,0.2867526,71.34428
2011,05,26,3,0.4706622,105.2512
2011,05,26,4,0.7630401,147.3681
2011,05,26,5,0.7206139,142.059
2011,05,26,6,0.4339808,99.15851
2011,05,26,7,0.2264849,59.01278
2011,05,27,0,0.2508942,63.84687
2011,05,27,1,0.301505,73.80133
2011,05,27,2,0.2793079,69.28829
2011,05,27,3,0.2991594,73.28179
2011,05,27,4,0.567958,120.1361
2011,05,27,5,0.6126319,127.1958
2011,05,27,6,0.4087064,94.57595
2011,05,27,7,0.2229099,58.46542
2011,05,28,0,0.1925837,51.72766
2011,05,28,1,0.1778782,48.45724
2011,05,28,2,0.1823612,49.54665
2011,05,28,3,0.3284444,79.96172
2011,05,28,4,0.7453547,145.4123
2011,05,28,5,0.7384241,144.6016
2011,05,28,6,0.4562941,103.074
2011,05,28,7,0.2508809,64.52166
2011,05,29,0,0.1897539,51.24329
2011,05,29,1,0.1944387,52.19747
2011,05,29,2,0.1579773,44.03335
2011,05,29,3,0.2694489,68.36659
2011,05,29,4,0.6123508,127.3284
2011,05,29,5,0.7605283,147.5008
2011,05,29,6,0.5701161,121.5035
2011,05,29,7,0.288856,72.46067
2011,05,30,0,0.2416378,62.67196
2011,05,30,1,0.2520841,64.71277
2011,05,30,2,0.2499906,64.27921
2011,05,30,3,0.4622241,104.1384
2011,05,30,4,0.8588244,158.9707
2011,05,30,5,0.9098103,164.657
2011,05,30,6,0.5791914,122.8772
2011,05,30,7,0.2885337,72.48546
2011,05,31,0,0.2207686,58.30938
2011,05,31,1,0.2352822,61.2275
2011,05,31,2,0.260338,66.44648
2011,05,31,3,0.4725578,105.9561
2011,05,31,4,0.7659801,148.0084
2011,05,31,5,0.705335,140.4059
2011,05,31,6,0.4573758,103.5026
2011,05,31,7,0.3785802,89.39385
2012,05,1,0,0.909477,162.0908
2012,05,1,1,0.6246919,127.4202
2012,05,1,2,0.5677141,119.0844
2012,05,1,3,1.23201,192.2634
2012,05,1,4,1.366985,201.0859
2012,05,1,5,1.142126,183.7133
2012,05,1,6,1.10404,180.0314
2012,05,1,7,0.8238257,151.5785
2012,05,2,0,0.689268,135.0673
2012,05,2,1,0.6403938,128.4671
2012,05,2,2,0.5820772,120.8986
2012,05,2,3,0.7312677,141.6408
2012,05,2,4,1.006742,171.9398
2012,05,2,5,0.8255895,152.7624
2012,05,2,6,0.7298632,142.1158
2012,05,2,7,0.478559,105.0853
2012,05,3,0,0.4438625,99.71155
2012,05,3,1,0.4609466,103.0177
2012,05,3,2,0.4941262,108.4315
2012,05,3,3,0.6641571,133.5778
2012,05,3,4,1.12844,184.864
2012,05,3,5,1.176546,189.2973
2012,05,3,6,0.8685436,158.8027
2012,05,3,7,0.7498891,144.07
2012,05,4,0,0.5665123,119.2784
2012,05,4,1,0.5684998,120.1198
2012,05,4,2,0.5997089,124.6336
2012,05,4,3,0.9324724,165.9949
2012,05,4,4,1.276648,196.6546
2012,05,4,5,1.085768,180.9587
2012,05,4,6,0.8212077,153.2262
2012,05,4,7,0.9204458,163.4334
2012,05,5,0,0.8781448,158.7745
2012,05,5,1,0.6418742,129.6795
2012,05,5,2,0.5039838,109.3657
2012,05,5,3,0.499688,108.9288
2012,05,5,4,0.9990825,172.9812
2012,05,5,5,1.117725,184.0224
2012,05,5,6,1.116466,184.2882
2012,05,5,7,1.072683,180.1111
2012,05,6,0,1.073007,180.1614
2012,05,6,1,0.9419657,167.6147
2012,05,6,2,0.5946194,124.1933
2012,05,6,3,0.7355088,143.6252
2012,05,6,4,1.207035,191.9953
2012,05,6,5,1.247241,195.456
2012,05,6,6,1.173341,189.3993
2012,05,6,7,1.111253,183.6327
2012,05,7,0,0.994847,172.0589
2012,05,7,1,0.8903108,161.3104
2012,05,7,2,0.6479668,131.5232
2012,05,7,3,0.7423401,144.5974
2012,05,7,4,1.197128,191.1193
2012,05,7,5,1.310372,199.9095
2012,05,7,6,1.22167,193.3444
2012,05,7,7,0.9729432,170.6985
2012,05,8,0,0.7796583,148.8691
2012,05,8,1,0.6916361,137.7722
2012,05,8,2,0.6632013,134.0735
2012,05,8,3,0.9329988,166.8818
2012,05,8,4,1.440258,209.1326
2012,05,8,5,1.490636,212.7371
2012,05,8,6,1.253228,195.8201
2012,05,8,7,1.05314,177.9995
2012,05,9,0,0.9692071,169.5493
2012,05,9,1,0.9606794,168.2902
2012,05,9,2,0.8820931,159.8572
2012,05,9,3,0.9866561,171.3873
2012,05,9,4,1.217425,192.1326
2012,05,9,5,1.233492,193.7499
2012,05,9,6,1.116118,184.8685
2012,05,9,7,0.8497131,158.0003
2012,05,10,0,0.720107,142.0214
2012,05,10,1,0.6333359,130.2511
2012,05,10,2,0.585137,123.5371
2012,05,10,3,0.7327296,144.6511
2012,05,10,4,0.9375865,168.0293
2012,05,10,5,0.7397169,145.5333
2012,05,10,6,0.5451276,117.9507
2012,05,10,7,0.4998355,110.5247
2012,05,11,0,0.4729771,105.9475
2012,05,11,1,0.4317858,99.04463
2012,05,11,2,0.3905993,91.77474
2012,05,11,3,0.3856408,90.97377
2012,05,11,4,0.467332,105.3864
2012,05,11,5,0.3893575,91.72681
2012,05,11,6,0.3412176,82.68678
2012,05,11,7,0.4265689,97.56759
2012,05,12,0,0.5230471,112.9266
2012,05,12,1,0.4900123,107.6304
2012,05,12,2,0.4814751,106.3362
2012,05,12,3,0.5679082,120.162
2012,05,12,4,0.8867241,161.9037
2012,05,12,5,0.9034201,163.6243
2012,05,12,6,0.7490165,145.6554
2012,05,12,7,0.5407728,116.3952
2012,05,13,0,0.5386618,115.6237
2012,05,13,1,0.5597912,118.8794
2012,05,13,2,0.5479814,117.3404
2012,05,13,3,0.7644684,147.9593
2012,05,13,4,1.086652,181.2743
2012,05,13,5,1.244747,194.7521
2012,05,13,6,1.085364,181.3822
2012,05,13,7,0.7267717,142.6785
2012,05,14,0,0.6781674,136.5463
2012,05,14,1,0.6510681,132.6585
2012,05,14,2,0.629466,129.7504
2012,05,14,3,0.8201381,154.8556
2012,05,14,4,1.159533,188.5301
2012,05,14,5,1.190648,191.4005
2012,05,14,6,0.9402964,167.8988
2012,05,14,7,0.6967694,139.4333
2012,05,15,0,0.582931,123.3321
2012,05,15,1,0.5919079,124.0299
2012,05,15,2,0.620688,128.045
2012,05,15,3,0.7018931,139.3293
2012,05,15,4,1.037807,177.1389
2012,05,15,5,1.178934,189.4534
2012,05,15,6,1.101403,182.2083
2012,05,15,7,1.091149,180.9489
2012,05,16,0,0.9905158,171.7472
2012,05,16,1,0.8430819,156.1638
2012,05,16,2,0.858454,158.1768
2012,05,16,3,0.8413381,156.2426
2012,05,16,4,0.8717767,159.1286
2012,05,16,5,0.7851234,149.5825
2012,05,16,6,0.6520722,132.2573
2012,05,16,7,0.5885289,122.8509
2012,05,17,0,0.5408367,115.5448
2012,05,17,1,0.4555161,102.0365
2012,05,17,2,0.3839296,89.76252
2012,05,17,3,0.4178909,95.8042
2012,05,17,4,0.9048864,163.7097
2012,05,17,5,0.9030101,163.2528
2012,05,17,6,0.7100095,140.5154
2012,05,17,7,0.5218071,113.7662
2012,05,18,0,0.6082156,126.5004
2012,05,18,1,0.7057207,139.9409
2012,05,18,2,0.4964942,109.1759
2012,05,18,3,0.6381149,130.7587
2012,05,18,4,0.8609632,159.1218
2012,05,18,5,0.872391,160.3344
2012,05,18,6,0.6956529,138.7575
2012,05,18,7,0.4188496,95.93124
2012,05,19,0,0.3364484,80.57602
2012,05,19,1,0.2913737,71.74578
2012,05,19,2,0.2427998,61.85609
2012,05,19,3,0.2822221,70.17105
2012,05,19,4,0.4470523,100.8806
2012,05,19,5,0.4499876,101.3204
2012,05,19,6,0.3938243,91.54768
2012,05,19,7,0.3169615,77.20957
2012,05,20,0,0.3116484,76.14817
2012,05,20,1,0.3438637,82.42399
2012,05,20,2,0.3515424,83.92937
2012,05,20,3,0.4051961,94.05701
2012,05,20,4,0.8480539,158.2664
2012,05,20,5,0.7870498,150.9405
2012,05,20,6,0.4895171,108.8023
2012,05,20,7,0.300127,74.60687
2012,05,21,0,0.2710112,68.49937
2012,05,21,1,0.2575794,65.55847
2012,05,21,2,0.2648995,66.99555
2012,05,21,3,0.3305229,80.43843
2012,05,21,4,0.7011528,139.9939
2012,05,21,5,0.6902342,138.2025
2012,05,21,6,0.4990352,110.1884
2012,05,21,7,0.3334949,80.81802
2012,05,22,0,0.3219549,78.40749
2012,05,22,1,0.3260856,79.10973
2012,05,22,2,0.292565,72.61576
2012,05,22,3,0.5420097,116.9405
2012,05,22,4,0.9927679,172.9067
2012,05,22,5,1.172615,189.0582
2012,05,22,6,1.130122,185.5305
2012,05,22,7,0.9123042,164.5967
2012,05,23,0,0.9735654,170.9061
2012,05,23,1,0.7502904,145.4186
2012,05,23,2,0.5458152,116.3815
2012,05,23,3,0.7158083,140.1249
2012,05,23,4,1.065082,178.7992
2012,05,23,5,1.048922,177.1012
2012,05,23,6,0.9671295,169.362
2012,05,23,7,0.7106954,139.7383
2012,05,24,0,0.5461558,116.3532
2012,05,24,1,0.494135,108.0804
2012,05,24,2,0.4584067,102.3073
2012,05,24,3,0.5994204,124.7123
2012,05,24,4,0.8443788,156.5685
2012,05,24,5,0.7995076,150.998
2012,05,24,6,0.7452067,144.6334
2012,05,24,7,0.679155,136.0611
2012,05,25,0,0.6204689,127.8858
2012,05,25,1,0.5754765,121.267
2012,05,25,2,0.5696624,120.323
2012,05,25,3,0.8126392,152.5411
2012,05,25,4,1.022141,174.6677
2012,05,25,5,1.028568,175.3728
2012,05,25,6,0.9883581,171.8853
2012,05,25,7,0.7384093,143.9692
2012,05,26,0,0.4964409,108.8355
2012,05,26,1,0.3843277,89.42304
2012,05,26,2,0.3680587,86.14606
2012,05,26,3,0.4896681,107.3193
2012,05,26,4,0.7747912,147.48
2012,05,26,5,0.8828339,160.3073
2012,05,26,6,0.7670935,147.1007
2012,05,26,7,0.5597837,118.7924
2012,05,27,0,0.4563997,102.116
2012,05,27,1,0.3951957,91.50191
2012,05,27,2,0.3512924,83.56813
2012,05,27,3,0.4118512,94.66979
2012,05,27,4,0.7090277,139.9429
2012,05,27,5,0.7854602,149.689
2012,05,27,6,0.8492386,157.2998
2012,05,27,7,0.9729072,170.6103
2012,05,28,0,0.9849646,172.0904
2012,05,28,1,0.7420095,144.5572
2012,05,28,2,0.6458817,131.5905
2012,05,28,3,0.5128392,111.7035
2012,05,28,4,0.5805101,122.0258
2012,05,28,5,0.565963,119.831
2012,05,28,6,0.5024396,110.1637
2012,05,28,7,0.3625953,86.04321
2012,05,29,0,0.3169541,77.22067
2012,05,29,1,0.2747309,68.7951
2012,05,29,2,0.2184002,57.05464
2012,05,29,3,0.3633666,85.83617
2012,05,29,4,0.6605559,133.0807
2012,05,29,5,0.5368215,115.2483
2012,05,29,6,0.3667635,86.73688
2012,05,29,7,0.2355684,60.73814
2012,05,30,0,0.2195902,57.21245
2012,05,30,1,0.1989384,52.75447
2012,05,30,2,0.1365617,38.62228
2012,05,30,3,0.1131976,33.14437
2012,05,30,4,0.1902714,51.05494
2012,05,30,5,0.3387566,81.6324
2012,05,30,6,0.2404696,62.00763
2012,05,30,7,0.1590172,44.09645
2012,05,31,0,0.1588683,43.96285
2012,05,31,1,0.1373295,38.93887
2012,05,31,2,0.1292966,37.00232
2012,05,31,3,0.1544167,42.85445
2012,05,31,4,0.347829,83.24901
2012,05,31,5,0.3962187,92.28139
2012,05,31,6,0.3709326,87.6643
2012,05,31,7,0.2284486,59.5221
2013,05,1,0,0.7988844,152.0996
2013,05,1,1,0.6815013,136.925
2013,05,1,2,0.7476698,145.6451
2013,05,1,3,0.7955883,151.4089
2013,05,1,4,1.081685,181.4106
2013,05,1,5,1.109422,184.0234
2013,05,1,6,0.8722615,160.3969
2013,05,1,7,0.6193777,128.1262
2013,05,2,0,0.6000727,125.1068
2013,05,2,1,0.6090693,126.4004
2013,05,2,2,0.5640654,119.7755
2013,05,2,3,0.6551935,133.2381
2013,05,2,4,1.044546,177.9524
2013,05,2,5,1.140125,186.6662
2013,05,2,6,1.187831,191.1473
2013,05,2,7,1.111778,184.8635
2013,05,3,0,1.059486,179.67
2013,05,3,1,1.04515,178.0709
2013,05,3,2,0.820319,154.3346
2013,05,3,3,0.7125334,140.4791
2013,05,3,4,1.086309,181.4572
2013,05,3,5,1.19659,191.2043
2013,05,3,6,1.15327,188.0595
2013,05,3,7,0.9105597,164.7227
2013,05,4,0,0.8353183,156.1674
2013,05,4,1,0.7038754,139.6837
2013,05,4,2,0.5506064,117.4587
2013,05,4,3,0.6498466,132.2206
2013,05,4,4,1.097552,183.0822
2013,05,4,5,1.107294,184.0547
2013,05,4,6,0.9646305,170.4547
2013,05,4,7,0.8182828,154.6279
2013,05,5,0,0.7924026,151.6128
2013,05,5,1,0.7218148,142.3275
2013,05,5,2,0.6288503,129.2641
2013,05,5,3,0.6577711,133.1981
2013,05,5,4,0.862029,158.8322
2013,05,5,5,0.9730933,170.8082
2013,05,5,6,0.8528745,157.9391
2013,05,5,7,0.6692104,135.189
2013,05,6,0,0.5689031,120.7111
2013,05,6,1,0.5976577,124.7517
2013,05,6,2,0.6267301,128.9931
2013,05,6,3,0.6984459,138.8839
2013,05,6,4,0.7932485,151.0097
2013,05,6,5,0.8594344,158.7073
2013,05,6,6,0.7297716,142.7344
2013,05,6,7,0.6310071,129.339
2013,05,7,0,0.5997718,124.5441
2013,05,7,1,0.6979747,138.2286
2013,05,7,2,0.658263,132.7947
2013,05,7,3,0.6760318,135.4087
2013,05,7,4,0.9540564,169.0466
2013,05,7,5,0.9888623,172.5062
2013,05,7,6,0.8971672,162.8886
2013,05,7,7,0.7455323,144.7784
2013,05,8,0,0.6708433,134.7763
2013,05,8,1,0.5723306,120.6846
2013,05,8,2,0.5369974,115.3147
2013,05,8,3,0.6156677,127.25
2013,05,8,4,1.003392,173.6686
2013,05,8,5,1.031573,176.5728
2013,05,8,6,0.8294855,155.6102
2013,05,8,7,0.5650335,119.9694
2013,05,9,0,0.4984321,109.316
2013,05,9,1,0.4788806,106.1174
2013,05,9,2,0.4324055,98.5781
2013,05,9,3,0.5727331,121.7269
2013,05,9,4,0.9753969,171.1663
2013,05,9,5,0.9008025,163.3569
2013,05,9,6,0.6126645,127.3334
2013,05,9,7,0.4113806,95.15464
2013,05,10,0,0.413743,95.40743
2013,05,10,1,0.4411274,99.90493
2013,05,10,2,0.4421985,100.0548
2013,05,10,3,0.6097986,126.7175
2013,05,10,4,0.8343717,155.4519
2013,05,10,5,0.9834568,171.9955
2013,05,10,6,0.7689554,148.1561
2013,05,10,7,0.5639217,120.239
2013,05,11,0,0.5875605,123.6974
2013,05,11,1,0.5289015,114.4858
2013,05,11,2,0.4754606,105.6933
2013,05,11,3,0.5985137,124.7605
2013,05,11,4,0.8150829,152.858
2013,05,11,5,0.7565062,145.5998
2013,05,11,6,0.5848286,122.5218
2013,05,11,7,0.513892,112.3537
2013,05,12,0,0.4925673,108.5394
2013,05,12,1,0.4615559,103.2011
2013,05,12,2,0.4148808,95.2027
2013,05,12,3,0.4149211,95.08425
2013,05,12,4,0.475011,105.3476
2013,05,12,5,0.4635347,103.4924
2013,05,12,6,0.45811,102.6402
2013,05,12,7,0.4636592,103.7381
2013,05,13,0,0.4079147,94.39989
2013,05,13,1,0.353509,84.49151
2013,05,13,2,0.3030391,74.82604
2013,05,13,3,0.2864775,71.58045
2013,05,13,4,0.3305249,80.31294
2013,05,13,5,0.3941996,92.33304
2013,05,13,6,0.3357821,81.65896
2013,05,13,7,0.287574,72.2319
2013,05,14,0,0.2882741,72.25869
2013,05,14,1,0.2620748,66.85769
2013,05,14,2,0.2428976,62.89394
2013,05,14,3,0.2668508,67.92311
2013,05,14,4,0.4589479,103.6351
2013,05,14,5,0.4911984,108.7679
2013,05,14,6,0.3294849,80.39418
2013,05,14,7,0.1850851,50.40877
2013,05,15,0,0.1544678,43.27933
2013,05,15,1,0.1607471,44.56655
2013,05,15,2,0.1965925,52.63972
2013,05,15,3,0.1579993,44.06446
2013,05,15,4,0.198912,53.34296
2013,05,15,5,0.2988855,74.29322
2013,05,15,6,0.2142468,56.78208
2013,05,15,7,0.1137101,33.7728
2013,05,16,0,0.0983524,29.94373
2013,05,16,1,0.09655023,29.51727
2013,05,16,2,0.09991053,30.35163
2013,05,16,3,0.1239468,36.20825
2013,05,16,4,0.2307554,60.33559
2013,05,16,5,0.1766826,48.47468
2013,05,16,6,0.1721505,47.50174
2013,05,16,7,0.1252985,36.60093
2013,05,17,0,0.09191866,28.45262
2013,05,17,1,0.07321562,23.7713
2013,05,17,2,0.1018912,30.87894
2013,05,17,3,0.1521753,42.89702
2013,05,17,4,0.287091,72.18611
2013,05,17,5,0.1895928,51.42305
2013,05,17,6,0.1300851,37.74658
2013,05,17,7,0.1007577,30.61433
2013,05,18,0,0.1039225,31.28715
2013,05,18,1,0.1090057,32.50477
2013,05,18,2,0.116367,34.27586
2013,05,18,3,0.1400798,39.90527
2013,05,18,4,0.2625913,66.95247
2013,05,18,5,0.3632512,86.67006
2013,05,18,6,0.2215457,58.30935
2013,05,18,7,0.177103,48.51204
2013,05,19,0,0.1683864,46.43217
2013,05,19,1,0.1579052,44.01095
2013,05,19,2,0.1430364,40.64489
2013,05,19,3,0.1792717,49.0707
2013,05,19,4,0.731704,143.755
2013,05,19,5,0.9210072,166.111
2013,05,19,6,0.8022817,152.8064
2013,05,19,7,0.4224891,97.37953
2013,05,20,0,0.3079346,75.96934
2013,05,20,1,0.2147363,56.68552
2013,05,20,2,0.1786236,48.73354
2013,05,20,3,0.2954376,73.61959
2013,05,20,4,0.6909814,138.3524
2013,05,20,5,0.6747951,136.1173
2013,05,20,6,0.4912135,108.6484
2013,05,20,7,0.2965853,73.58718
2013,05,21,0,0.265186,67.18778
2013,05,21,1,0.232487,60.34388
2013,05,21,2,0.2230879,58.30638
2013,05,21,3,0.3457584,83.26146
2013,05,21,4,0.6096856,126.7594
2013,05,21,5,0.5842675,122.8799
2013,05,21,6,0.4966865,109.5771
2013,05,21,7,0.341363,82.31214
2013,05,22,0,0.2955204,73.12393
2013,05,22,1,0.2755075,68.67785
2013,05,22,2,0.2757079,68.57591
2013,05,22,3,0.4149214,95.52556
2013,05,22,4,0.6616267,134.5507
2013,05,22,5,0.4550327,102.9037
2013,05,22,6,0.3262877,79.65256
2013,05,22,7,0.2124786,56.24421
2013,05,23,0,0.1547261,43.2453
2013,05,23,1,0.1153962,34.00715
2013,05,23,2,0.09199101,28.24344
2013,05,23,3,0.1678639,46.07792
2013,05,23,4,0.5525334,118.464
2013,05,23,5,0.4733997,105.9718
2013,05,23,6,0.3668703,87.23147
2013,05,23,7,0.2447373,63.13744
2013,05,24,0,0.1895125,51.09882
2013,05,24,1,0.1646084,45.4461
2013,05,24,2,0.1464324,41.26625
2013,05,24,3,0.1773045,48.36305
2013,05,24,4,0.2975072,73.49459
2013,05,24,5,0.3827741,89.7754
2013,05,24,6,0.3059103,75.31677
2013,05,24,7,0.2430533,62.59637
2013,05,25,0,0.2012773,53.54063
2013,05,25,1,0.1619246,44.72336
2013,05,25,2,0.1525566,42.57451
2013,05,25,3,0.2095187,55.32356
2013,05,25,4,0.5327161,114.9277
2013,05,25,5,0.6435356,131.4362
2013,05,25,6,0.5751346,121.6755
2013,05,25,7,0.3219559,78.38753
2013,05,26,0,0.2481005,63.33501
2013,05,26,1,0.2207877,57.52853
2013,05,26,2,0.2485508,63.40821
2013,05,26,3,0.2729847,68.48834
2013,05,26,4,0.6186287,127.8215
2013,05,26,5,0.7616442,147.0922
2013,05,26,6,0.4315639,98.1615
2013,05,26,7,0.3338394,80.57397
2013,05,27,0,0.3098409,75.95049
2013,05,27,1,0.3024239,74.60604
2013,05,27,2,0.3019028,74.61663
2013,05,27,3,0.4385635,100.0601
2013,05,27,4,0.8054419,152.3806
2013,05,27,5,0.7790552,148.8423
2013,05,27,6,0.5009255,110.0115
2013,05,27,7,0.327105,79.60911
2013,05,28,0,0.2934767,72.88771
2013,05,28,1,0.2655679,67.26755
2013,05,28,2,0.2976057,73.77123
2013,05,28,3,0.3306578,80.32239
2013,05,28,4,0.5979723,125.1765
2013,05,28,5,0.622179,128.3253
2013,05,28,6,0.5336635,115.4251
2013,05,28,7,0.3506572,84.10954
2013,05,29,0,0.2889125,72.19112
2013,05,29,1,0.2508141,64.45681
2013,05,29,2,0.2458072,63.32257
2013,05,29,3,0.2721166,68.72032
2013,05,29,4,0.314817,77.42047
2013,05,29,5,0.3057067,75.72846
2013,05,29,6,0.2976692,74.16564
2013,05,29,7,0.4871583,108.5951
2013,05,30,0,0.5033752,111.1408
2013,05,30,1,0.3514401,84.32822
2013,05,30,2,0.3593274,85.68541
2013,05,30,3,0.7190025,142.1173
2013,05,30,4,0.8708114,160.3575
2013,05,30,5,0.7392813,144.4718
2013,05,30,6,0.6598022,133.2262
2013,05,30,7,0.7074151,139.3764
2013,05,31,0,0.5264618,114.1707
2013,05,31,1,0.4066487,94.15877
2013,05,31,2,0.5143393,112.1894
2013,05,31,3,0.5714353,120.9431
2013,05,31,4,0.6373481,130.3007
2013,05,31,5,0.4502164,101.5319
2013,05,31,6,0.3796312,89.16788
2013,05,31,7,0.3782266,88.83241
2014,05,1,0,0.6732158,135.3247
2014,05,1,1,0.5582066,118.6523
2014,05,1,2,0.4888541,107.9557
2014,05,1,3,0.4798832,106.6866
2014,05,1,4,0.550764,118.0367
2014,05,1,5,0.5509617,118.071
2014,05,1,6,0.4093379,94.51323
2014,05,1,7,0.3511451,83.79898
2014,05,2,0,0.395507,92.08503
2014,05,2,1,0.450157,101.9409
2014,05,2,2,0.5628123,120.3694
2014,05,2,3,0.7071718,140.9007
2014,05,2,4,1.046952,179.2751
2014,05,2,5,1.068285,180.945
2014,05,2,6,0.9994792,173.9572
2014,05,2,7,1.000235,173.2998
2014,05,3,0,0.9442463,167.6544
2014,05,3,1,0.8159817,153.8989
2014,05,3,2,0.6815264,136.9268
2014,05,3,3,0.6470698,132.5411
2014,05,3,4,0.9720066,171.6801
2014,05,3,5,0.9066204,165.0174
2014,05,3,6,0.6717803,136.3571
2014,05,3,7,0.6572605,134.4256
2014,05,4,0,0.7968836,152.6172
2014,05,4,1,0.8723878,161.7029
2014,05,4,2,0.5981745,126.2062
2014,05,4,3,0.574989,122.7361
2014,05,4,4,0.8769432,162.0194
2014,05,4,5,0.6927809,139.4691
2014,05,4,6,0.5845214,124.1571
2014,05,4,7,0.4421153,101.3328
2014,05,5,0,0.4177362,96.88711
2014,05,5,1,0.3886414,91.44937
2014,05,5,2,0.3822942,90.26953
2014,05,5,3,0.4715202,106.0468
2014,05,5,4,0.6498669,133.395
2014,05,5,5,0.6271495,130.487
2014,05,5,6,0.5130946,113.0111
2014,05,5,7,0.4400512,100.4705
2014,05,6,0,0.4847514,107.8699
2014,05,6,1,0.3943505,92.15653
2014,05,6,2,0.3445912,82.53652
2014,05,6,3,0.478353,106.445
2014,05,6,4,0.9121685,165.0831
2014,05,6,5,0.8397315,156.593
2014,05,6,6,0.7555065,146.6914
2014,05,6,7,0.6418059,131.7014
2014,05,7,0,0.5355316,116.0017
2014,05,7,1,0.4856086,108.0619
2014,05,7,2,0.5655146,120.3122
2014,05,7,3,0.6056647,126.5941
2014,05,7,4,0.8499122,158.6793
2014,05,7,5,0.960643,170.5329
2014,05,7,6,0.847737,158.2403
2014,05,7,7,0.7035483,140.2674
2014,05,8,0,0.6195559,128.7628
2014,05,8,1,0.6073389,126.9277
2014,05,8,2,0.7016341,139.964
2014,05,8,3,0.7485114,146.047
2014,05,8,4,0.8890317,163.2058
2014,05,8,5,0.9404701,168.696
2014,05,8,6,0.8803422,162.0434
2014,05,8,7,0.659604,134.404
2014,05,9,0,0.5891732,124.4548
2014,05,9,1,0.5513651,118.7431
2014,05,9,2,0.566341,120.9236
2014,05,9,3,0.6460818,132.8406
2014,05,9,4,1.119541,185.7394
2014,05,9,5,1.236496,195.163
2014,05,9,6,0.9672533,171.178
2014,05,9,7,0.7451447,145.6468
2014,05,10,0,0.656495,133.9189
2014,05,10,1,0.6473744,132.5255
2014,05,10,2,0.7300441,143.4274
2014,05,10,3,1.086667,182.8329
2014,05,10,4,1.286968,199.0272
2014,05,10,5,1.343314,203.3765
2014,05,10,6,0.9281807,167.1606
2014,05,10,7,0.7301095,143.9528
2014,05,11,0,0.745199,145.8323
2014,05,11,1,0.7794832,150.258
2014,05,11,2,0.6655836,135.0183
2014,05,11,3,0.8709753,160.6857
2014,05,11,4,1.137264,187.045
2014,05,11,5,0.9963533,174.3928
2014,05,11,6,0.7305426,144.1235
2014,05,11,7,0.5569854,119.6333
2014,05,12,0,0.4803483,107.3936
2014,05,12,1,0.4860432,108.2213
2014,05,12,2,0.5180686,113.2805
2014,05,12,3,0.6502193,132.9168
2014,05,12,4,0.8743243,160.9611
2014,05,12,5,0.817573,154.8523
2014,05,12,6,0.5984219,125.96
2014,05,12,7,0.4841773,107.9432
2014,05,13,0,0.5191151,112.9876
2014,05,13,1,0.4657615,103.9385
2014,05,13,2,0.3812779,89.26482
2014,05,13,3,0.53295,115.9484
2014,05,13,4,0.8333927,156.2648
2014,05,13,5,0.8067289,152.9241
2014,05,13,6,0.5752564,121.7098
2014,05,13,7,0.3415071,81.93654
2014,05,14,0,0.2906365,71.23978
2014,05,14,1,0.3533496,83.01807
2014,05,14,2,0.342056,80.97821
2014,05,14,3,0.3445354,81.00333
2014,05,14,4,0.3522593,83.06637
2014,05,14,5,0.3345006,80.14215
2014,05,14,6,0.2780304,68.72225
2014,05,14,7,0.23039,58.74504
2014,05,15,0,0.2245146,57.32796
2014,05,15,1,0.2340844,59.27149
2014,05,15,2,0.2234685,57.11525
2014,05,15,3,0.2555574,64.64738
2014,05,15,4,0.6133759,127.9923
2014,05,15,5,0.7678851,148.7749
2014,05,15,6,0.6484904,133.1546
2014,05,15,7,0.3260224,79.40376
2014,05,16,0,0.2649971,67.05128
2014,05,16,1,0.2022473,53.67555
2014,05,16,2,0.1613685,44.49483
2014,05,16,3,0.2062631,54.59867
2014,05,16,4,0.5029123,110.7329
2014,05,16,5,0.5661159,120.5784
2014,05,16,6,0.4952318,109.2966
2014,05,16,7,0.3705955,87.64059
2014,05,17,0,0.2754967,69.27963
2014,05,17,1,0.1793628,48.8734
2014,05,17,2,0.1789183,48.7796
2014,05,17,3,0.2671652,67.78711
2014,05,17,4,0.5351001,115.7006
2014,05,17,5,0.4566083,102.971
2014,05,17,6,0.3213023,78.65208
2014,05,17,7,0.2451529,62.96337
2014,05,18,0,0.246956,63.15013
2014,05,18,1,0.2248306,58.6133
2014,05,18,2,0.2567361,65.35002
2014,05,18,3,0.3481415,83.48627
2014,05,18,4,0.6694514,135.5753
2014,05,18,5,0.4777404,106.318
2014,05,18,6,0.4460146,100.8476
2014,05,18,7,0.4241314,96.73412
2014,05,19,0,0.4695386,104.4055
2014,05,19,1,0.3966327,91.48329
2014,05,19,2,0.3770402,87.70438
2014,05,19,3,0.4909694,107.487
2014,05,19,4,0.7839129,149.7454
2014,05,19,5,0.6720041,135.141
2014,05,19,6,0.6000484,124.9825
2014,05,19,7,0.5529008,117.3834
2014,05,20,0,0.5174776,111.7077
2014,05,20,1,0.473961,104.2296
2014,05,20,2,0.5225181,111.8323
2014,05,20,3,0.7999952,149.9175
2014,05,20,4,1.175434,186.3604
2014,05,20,5,0.9171354,163.2777
2014,05,20,6,0.7404858,143.5685
2014,05,20,7,0.6876887,136.8252
2014,05,21,0,0.6544447,132.4697
2014,05,21,1,0.657928,132.9877
2014,05,21,2,0.6549145,132.6797
2014,05,21,3,0.7634311,146.8684
2014,05,21,4,0.9987872,173.2582
2014,05,21,5,0.9600857,169.168
2014,05,21,6,0.7224032,141.7449
2014,05,21,7,0.554593,118.1628
2014,05,22,0,0.4835359,106.4978
2014,05,22,1,0.465491,103.3771
2014,05,22,2,0.5546728,117.84
2014,05,22,3,0.6629867,133.8277
2014,05,22,4,0.6964235,138.0466
2014,05,22,5,0.5884695,122.9335
2014,05,22,6,0.5051946,110.3019
2014,05,22,7,0.4849805,106.9967
2014,05,23,0,0.4532256,101.8579
2014,05,23,1,0.4671624,104.3687
2014,05,23,2,0.4076402,94.23832
2014,05,23,3,0.4285056,98.0822
2014,05,23,4,0.9229045,166.8277
2014,05,23,5,0.7941692,151.9524
2014,05,23,6,0.6333945,131.121
2014,05,23,7,0.491781,109.1287
2014,05,24,0,0.4083659,94.51908
2014,05,24,1,0.2857746,71.08688
2014,05,24,2,0.2178923,56.82307
2014,05,24,3,0.2307217,59.56292
2014,05,24,4,0.2799296,69.83988
2014,05,24,5,0.2921925,72.4446
2014,05,24,6,0.2887392,71.90484
2014,05,24,7,0.2954394,73.24258
2014,05,25,0,0.3080497,75.59965
2014,05,25,1,0.2963084,73.34204
2014,05,25,2,0.2952561,73.13367
2014,05,25,3,0.3797831,89.12188
2014,05,25,4,0.7672137,148.0491
2014,05,25,5,0.9455774,168.516
2014,05,25,6,0.719783,142.2901
2014,05,25,7,0.5372384,115.8534
2014,05,26,0,0.5667513,120.0666
2014,05,26,1,0.5826669,122.4585
2014,05,26,2,0.67272,135.5923
2014,05,26,3,0.9073884,164.2446
2014,05,26,4,1.206726,191.8168
2014,05,26,5,1.193345,190.8168
2014,05,26,6,0.8844578,161.311
2014,05,26,7,0.727628,142.5474
2014,05,27,0,0.7029486,139.8424
2014,05,27,1,0.7824781,150.1863
2014,05,27,2,0.6587852,133.9557
2014,05,27,3,0.9548074,169.7596
2014,05,27,4,1.29847,199.7063
2014,05,27,5,1.443512,210.079
2014,05,27,6,1.402403,207.6354
2014,05,27,7,1.325155,202.4991
2014,05,28,0,1.286443,199.4504
2014,05,28,1,1.271188,197.6577
2014,05,28,2,1.18577,190.3878
2014,05,28,3,1.308685,199.6818
2014,05,28,4,1.545946,215.2137
2014,05,28,5,1.533088,215.2976
2014,05,28,6,1.418215,208.538
2014,05,28,7,1.242613,195.7131
2014,05,29,0,1.005807,174.0373
2014,05,29,1,0.7695068,147.8209
2014,05,29,2,0.6319485,129.9665
2014,05,29,3,0.6685797,135.4222
2014,05,29,4,1.141754,187.6394
2014,05,29,5,1.230071,195.1932
2014,05,29,6,1.082164,183.1555
2014,05,29,7,0.9825895,173.5041
2014,05,30,0,0.8879723,163.1784
2014,05,30,1,0.6324258,130.9771
2014,05,30,2,0.4653552,104.8664
2014,05,30,3,0.8359892,157.1621
2014,05,30,4,1.014803,175.9223
2014,05,30,5,1.169298,190.1259
2014,05,30,6,0.9594772,171.048
2014,05,30,7,0.6153905,128.2594
2014,05,31,0,0.5622501,120.1941
2014,05,31,1,0.4963684,109.8322
2014,05,31,2,0.5064632,111.466
2014,05,31,3,0.909203,165.0935
2014,05,31,4,1.246442,195.9432
2014,05,31,5,1.327144,202.6734
2014,05,31,6,1.195753,192.8667
2014,05,31,7,0.8716421,161.5611
2015,05,1,0,0.9235751,165.2955
2015,05,1,1,0.9185984,164.3208
2015,05,1,2,0.8991735,161.9142
2015,05,1,3,0.9611201,167.9848
2015,05,1,4,1.164114,187.2269
2015,05,1,5,1.175856,189.2017
2015,05,1,6,0.8524186,156.9877
2015,05,1,7,0.677727,135.1143
2015,05,2,0,0.7669898,146.3683
2015,05,2,1,0.7479034,144.1344
2015,05,2,2,0.7698454,147.0477
2015,05,2,3,0.9545425,167.9843
2015,05,2,4,0.8901843,160.7372
2015,05,2,5,0.6987267,138.448
2015,05,2,6,0.5720357,121.272
2015,05,2,7,0.4540446,102.7783
2015,05,3,0,0.4348505,99.44353
2015,05,3,1,0.4430915,100.8725
2015,05,3,2,0.5244638,114.3831
2015,05,3,3,0.5971764,125.7126
2015,05,3,4,0.500851,110.7503
2015,05,3,5,0.4365582,99.94996
2015,05,3,6,0.3856236,90.75378
2015,05,3,7,0.3622009,86.40489
2015,05,4,0,0.3780902,89.27427
2015,05,4,1,0.3572697,85.41968
2015,05,4,2,0.2435705,62.93883
2015,05,4,3,0.3806506,89.89037
2015,05,4,4,0.8485069,157.4057
2015,05,4,5,1.070163,179.8491
2015,05,4,6,0.8040863,150.8896
2015,05,4,7,0.4900781,107.6125
2015,05,5,0,0.4419534,99.41622
2015,05,5,1,0.4675436,103.8625
2015,05,5,2,0.4244368,96.55712
2015,05,5,3,0.4960082,108.8311
2015,05,5,4,0.9042899,163.8129
2015,05,5,5,0.9719111,170.8523
2015,05,5,6,0.9451731,168.2048
2015,05,5,7,0.7714614,148.4116
2015,05,6,0,0.6107352,126.6405
2015,05,6,1,0.6235491,128.539
2015,05,6,2,0.622284,128.6377
2015,05,6,3,0.6772638,136.5126
2015,05,6,4,0.7937994,151.4685
2015,05,6,5,0.6126141,127.2829
2015,05,6,6,0.5234765,113.9934
2015,05,6,7,0.5293646,114.996
2015,05,7,0,0.5639111,120.4465
2015,05,7,1,0.5755927,122.2497
2015,05,7,2,0.5085718,111.7081
2015,05,7,3,0.8195486,154.195
2015,05,7,4,1.326362,200.7852
2015,05,7,5,1.364671,203.0843
2015,05,7,6,1.042205,176.856
2015,05,7,7,1.014489,174.02
2015,05,8,0,0.8206065,153.6898
2015,05,8,1,0.7197872,141.5658
2015,05,8,2,0.6083301,126.5459
2015,05,8,3,0.5964251,125.1028
2015,05,8,4,0.9609627,169.5839
2015,05,8,5,0.9276412,165.7786
2015,05,8,6,0.6049687,125.8077
2015,05,8,7,0.6272379,128.7572
2015,05,9,0,0.612449,126.4392
2015,05,9,1,0.6131925,126.5786
2015,05,9,2,0.6635681,133.633
2015,05,9,3,0.7831368,148.8189
2015,05,9,4,1.031553,175.9941
2015,05,9,5,1.040064,177.0072
2015,05,9,6,0.8768042,160.8184
2015,05,9,7,0.6779592,136.3831
2015,05,10,0,0.6389496,130.7575
2015,05,10,1,0.6797021,136.3134
2015,05,10,2,0.5228156,113.4652
2015,05,10,3,0.6463372,132.6232
2015,05,10,4,0.9339682,167.0881
2015,05,10,5,0.8862935,161.9778
2015,05,10,6,0.9317743,167.1159
2015,05,10,7,0.6135724,127.99
2015,05,11,0,0.4549163,102.9641
2015,05,11,1,0.4013227,93.40171
2015,05,11,2,0.3681242,87.36501
2015,05,11,3,0.7564124,146.7403
2015,05,11,4,1.221533,193.4332
2015,05,11,5,1.338487,203.4554
2015,05,11,6,1.305469,200.7156
2015,05,11,7,0.9926803,172.8021
2015,05,12,0,0.9210281,165.4161
2015,05,12,1,0.779443,149.5761
2015,05,12,2,0.7581602,147.2574
2015,05,12,3,0.8976635,163.5746
2015,05,12,4,0.9661895,170.2305
2015,05,12,5,0.9668025,170.5222
2015,05,12,6,0.7353015,144.4898
2015,05,12,7,0.5095919,111.5508
2015,05,13,0,0.4778909,105.7153
2015,05,13,1,0.3751649,87.08908
2015,05,13,2,0.3329596,79.22632
2015,05,13,3,0.5648569,120.152
2015,05,13,4,0.8441482,157.107
2015,05,13,5,0.7341096,143.0097
2015,05,13,6,0.7496137,144.898
2015,05,13,7,0.7757951,148.5009
2015,05,14,0,0.804085,152.3367
2015,05,14,1,0.6962017,138.6933
2015,05,14,2,0.4567895,102.4301
2015,05,14,3,0.5323693,115.0113
2015,05,14,4,0.8473726,157.4611
2015,05,14,5,0.5622615,119.3157
2015,05,14,6,0.291944,72.47295
2015,05,14,7,0.2224219,57.69934
2015,05,15,0,0.2081279,54.718
2015,05,15,1,0.1627729,44.74253
2015,05,15,2,0.1266501,36.13989
2015,05,15,3,0.1165709,33.71902
2015,05,15,4,0.2184374,57.18513
2015,05,15,5,0.2525734,64.5957
2015,05,15,6,0.3167174,77.49386
2015,05,15,7,0.426962,97.70169
2015,05,16,0,0.4303683,98.31781
2015,05,16,1,0.4034632,93.59082
2015,05,16,2,0.451949,101.924
2015,05,16,3,0.5494583,117.602
2015,05,16,4,0.9409446,167.814
2015,05,16,5,1.084855,181.6403
2015,05,16,6,0.9917929,172.2064
2015,05,16,7,0.8504392,157.0052
2015,05,17,0,0.6598315,133.7882
2015,05,17,1,0.553734,118.6684
2015,05,17,2,0.4814167,107.0289
2015,05,17,3,0.45833,103.3447
2015,05,17,4,0.7505741,146.1319
2015,05,17,5,0.8588732,158.9016
2015,05,17,6,0.8421255,157.2435
2015,05,17,7,0.7837172,150.0175
2015,05,18,0,0.742406,144.1837
2015,05,18,1,0.7242701,141.8242
2015,05,18,2,0.5566917,118.2479
2015,05,18,3,0.5198499,112.5506
2015,05,18,4,0.8567331,157.9736
2015,05,18,5,0.9596148,169.4416
2015,05,18,6,0.9520901,169.4067
2015,05,18,7,0.7931584,151.5907
2015,05,19,0,0.6521489,132.8597
2015,05,19,1,0.5105768,111.6293
2015,05,19,2,0.3593984,85.41592
2015,05,19,3,0.4919484,108.6731
2015,05,19,4,1.041942,177.7962
2015,05,19,5,1.088167,182.2562
2015,05,19,6,0.9730724,170.9048
2015,05,19,7,0.6971568,138.3816
2015,05,20,0,0.6555814,132.351
2015,05,20,1,0.5923669,123.0116
2015,05,20,2,0.5476836,116.2888
2015,05,20,3,0.609502,125.8453
2015,05,20,4,0.9554058,168.151
2015,05,20,5,1.130688,184.6239
2015,05,20,6,0.9705101,170.1156
2015,05,20,7,0.6326956,129.102
2015,05,21,0,0.5078448,110.1078
2015,05,21,1,0.3966852,91.36526
2015,05,21,2,0.3193791,77.0108
2015,05,21,3,0.3521411,83.29884
2015,05,21,4,0.5474386,116.631
2015,05,21,5,0.6256687,128.6864
2015,05,21,6,0.3932798,91.15539
2015,05,21,7,0.2430679,61.67295
2015,05,22,0,0.1828412,48.51423
2015,05,22,1,0.1792372,47.72697
2015,05,22,2,0.1952092,51.20528
2015,05,22,3,0.295594,72.28852
2015,05,22,4,0.5444309,116.2311
2015,05,22,5,0.7701734,147.8533
2015,05,22,6,0.563963,119.356
2015,05,22,7,0.3791305,88.27619
2015,05,23,0,0.3158525,76.22415
2015,05,23,1,0.3115418,75.49452
2015,05,23,2,0.3429669,81.61612
2015,05,23,3,0.622391,128.339
2015,05,23,4,1.050486,177.7118
2015,05,23,5,1.06859,179.5284
2015,05,23,6,0.9168504,164.8873
2015,05,23,7,0.6266046,128.8852
2015,05,24,0,0.4791905,106.1456
2015,05,24,1,0.4178187,95.77994
2015,05,24,2,0.4386958,99.67673
2015,05,24,3,0.6846236,137.5758
2015,05,24,4,1.049024,178.3657
2015,05,24,5,1.049686,178.6571
2015,05,24,6,0.9059636,164.4884
2015,05,24,7,0.4869524,108.1627
2015,05,25,0,0.3516829,84.2729
2015,05,25,1,0.2852208,71.15744
2015,05,25,2,0.2496212,63.84395
2015,05,25,3,0.3698834,87.9508
2015,05,25,4,0.7673361,148.3559
2015,05,25,5,0.8529205,158.814
2015,05,25,6,0.7912094,151.5842
2015,05,25,7,0.6476161,132.6286
2015,05,26,0,0.5916081,124.1932
2015,05,26,1,0.4390249,99.78126
2015,05,26,2,0.3632805,86.28847
2015,05,26,3,0.3908889,91.22186
2015,05,26,4,0.5503509,117.8438
2015,05,26,5,0.3539146,84.58371
2015,05,26,6,0.2412989,62.23012
2015,05,26,7,0.2098826,55.28995
2015,05,27,0,0.2471216,63.07169
2015,05,27,1,0.2583211,65.48327
2015,05,27,2,0.3116759,76.25508
2015,05,27,3,0.5129812,111.9718
2015,05,27,4,1.117122,184.5017
2015,05,27,5,1.104621,183.1567
2015,05,27,6,0.8242386,154.7939
2015,05,27,7,0.6635083,134.1413
2015,05,28,0,0.5916952,123.7459
2015,05,28,1,0.5448845,116.6627
2015,05,28,2,0.5702121,120.5896
2015,05,28,3,0.8008793,151.9063
2015,05,28,4,1.020231,175.6257
2015,05,28,5,1.014189,175.1146
2015,05,28,6,0.7898204,150.8761
2015,05,28,7,0.6265348,129.3695
2015,05,29,0,0.7077645,140.4873
2015,05,29,1,0.749946,146.0347
2015,05,29,2,0.6184641,128.191
2015,05,29,3,0.6668984,134.6722
2015,05,29,4,1.004154,173.6865
2015,05,29,5,0.9042205,163.3185
2015,05,29,6,0.7048485,139.366
2015,05,29,7,0.6321673,129.4642
2015,05,30,0,0.5580314,118.9606
2015,05,30,1,0.5056444,110.6943
2015,05,30,2,0.5527495,118.0283
2015,05,30,3,0.6934033,138.4722
2015,05,30,4,0.9034655,164.1566
2015,05,30,5,0.826765,155.2574
2015,05,30,6,0.6823082,137.2783
2015,05,30,7,0.668872,135.5903
2015,05,31,0,0.666927,135.3568
2015,05,31,1,0.5924271,124.6571
2015,05,31,2,0.5043822,111.0857
2015,05,31,3,0.6314326,130.0568
2015,05,31,4,0.8713092,160.0798
2015,05,31,5,0.8767638,160.7084
2015,05,31,6,0.6289136,129.5781
2015,05,31,7,0.5477573,117.8626
2016,05,1,0,1.232152,193.4252
2016,05,1,1,1.07655,180.0019
2016,05,1,2,1.039841,176.5303
2016,05,1,3,1.21643,192.2276
2016,05,1,4,1.286352,197.6062
2016,05,1,5,1.276606,196.4672
2016,05,1,6,1.34999,201.8171
2016,05,1,7,1.288529,197.8293
2016,05,2,0,1.239174,194.2991
2016,05,2,1,1.183891,190.0409
2016,05,2,2,1.073785,180.5943
2016,05,2,3,1.061876,179.263
2016,05,2,4,1.229919,193.4939
2016,05,2,5,1.384518,205.3859
2016,05,2,6,1.327818,202.1065
2016,05,2,7,1.08743,182.8549
2016,05,3,0,0.5505774,118.3052
2016,05,3,1,0.3607171,86.19445
2016,05,3,2,0.2356856,61.3374
2016,05,3,3,0.2357849,61.432
2016,05,3,4,0.5862701,124.6535
2016,05,3,5,0.7253013,143.8777
2016,05,3,6,0.6693096,136.2439
2016,05,3,7,0.5719911,122.1607
2016,05,4,0,0.4540572,103.331
2016,05,4,1,0.3759087,89.43867
2016,05,4,2,0.3960575,92.78448
2016,05,4,3,0.5236247,114.1704
2016,05,4,4,0.9212851,166.2293
2016,05,4,5,0.847155,158.0448
2016,05,4,6,0.7477467,146.104
2016,05,4,7,0.6246905,129.6504
2016,05,5,0,0.5900409,124.4616
2016,05,5,1,0.6016389,126.1762
2016,05,5,2,0.6047737,126.5521
2016,05,5,3,0.9511915,169.0073
2016,05,5,4,1.124959,185.0984
2016,05,5,5,1.009146,174.2207
2016,05,5,6,1.149813,187.6595
2016,05,5,7,1.327606,201.1442
2016,05,6,0,1.039937,177.1868
2016,05,6,1,0.7814468,148.4803
2016,05,6,2,0.7417123,142.9474
2016,05,6,3,0.914132,163.4391
2016,05,6,4,0.9133378,163.8685
2016,05,6,5,0.8347377,155.3544
2016,05,6,6,0.797052,151.25
2016,05,6,7,0.6996283,139.1193
2016,05,7,0,0.707025,140.2517
2016,05,7,1,0.6847892,137.3629
2016,05,7,2,0.6533064,133.2475
2016,05,7,3,0.8642284,160.1518
2016,05,7,4,1.255145,196.3683
2016,05,7,5,1.404592,207.4851
2016,05,7,6,1.255635,197.3068
2016,05,7,7,0.7576077,147.5225
2016,05,8,0,0.9484305,169.6572
2016,05,8,1,0.9481397,169.381
2016,05,8,2,0.7293466,143.7914
2016,05,8,3,0.7544165,147.1898
2016,05,8,4,0.8676887,160.9253
2016,05,8,5,0.6767667,137.167
2016,05,8,6,0.5072637,111.9604
2016,05,8,7,0.4656316,104.9483
2016,05,9,0,0.5024065,110.7799
2016,05,9,1,0.5486588,118.0123
2016,05,9,2,0.5559255,119.2166
2016,05,9,3,0.5274948,114.6579
2016,05,9,4,0.7224454,142.9502
2016,05,9,5,0.72231,142.8163
2016,05,9,6,0.5378792,116.1148
2016,05,9,7,0.4390944,100.0892
2016,05,10,0,0.4562378,102.968
2016,05,10,1,0.5378647,116.336
2016,05,10,2,0.6113668,127.2615
2016,05,10,3,0.8311884,155.5039
2016,05,10,4,1.087496,182.2593
2016,05,10,5,0.8616279,159.1468
2016,05,10,6,0.76148,147.3916
2016,05,10,7,0.6629968,134.7562
2016,05,11,0,0.6126693,127.4908
2016,05,11,1,0.5599036,119.6559
2016,05,11,2,0.5508949,118.3746
2016,05,11,3,0.6827756,137.3297
2016,05,11,4,0.9945811,173.7085
2016,05,11,5,1.065495,180.4441
2016,05,11,6,0.9471697,168.8672
2016,05,11,7,0.7485786,145.9908
2016,05,12,0,0.5516033,118.2307
2016,05,12,1,0.4551045,102.7197
2016,05,12,2,0.4477407,101.4265
2016,05,12,3,0.5588777,119.8933
2016,05,12,4,0.8452204,158.0743
2016,05,12,5,0.94139,168.8351
2016,05,12,6,0.9171522,166.5776
2016,05,12,7,0.863415,160.781
2016,05,13,0,0.8023451,152.6916
2016,05,13,1,0.8776421,160.6591
2016,05,13,2,1.011019,174.5437
2016,05,13,3,0.9865703,171.9185
2016,05,13,4,1.333254,201.5032
2016,05,13,5,1.426468,208.2097
2016,05,13,6,1.30141,199.6933
2016,05,13,7,1.259258,196.3897
2016,05,14,0,0.9471625,167.8233
2016,05,14,1,0.6289099,128.573
2016,05,14,2,0.466225,103.9822
2016,05,14,3,0.5411445,116.1271
2016,05,14,4,0.8652335,159.3238
2016,05,14,5,0.8722158,160.3821
2016,05,14,6,0.7532932,147.111
2016,05,14,7,0.4593372,103.6172
2016,05,15,0,0.4085599,94.64093
2016,05,15,1,0.4224864,97.10245
2016,05,15,2,0.3793845,89.50743
2016,05,15,3,0.4841985,107.6711
2016,05,15,4,0.7740003,149.1394
2016,05,15,5,0.78971,151.3264
2016,05,15,6,0.5611871,119.8845
2016,05,15,7,0.4669996,104.9267
2016,05,16,0,0.4268084,98.03358
2016,05,16,1,0.3793045,89.58905
2016,05,16,2,0.3558165,85.18335
2016,05,16,3,0.3600348,86.04435
2016,05,16,4,0.7584762,147.5567
2016,05,16,5,0.7179206,142.4088
2016,05,16,6,0.6227683,129.275
2016,05,16,7,0.3471886,83.82916
2016,05,17,0,0.3114015,76.79158
2016,05,17,1,0.2754829,69.60231
2016,05,17,2,0.2677414,68.02419
2016,05,17,3,0.5190446,113.7135
2016,05,17,4,0.9254946,166.5315
2016,05,17,5,1.126084,186.031
2016,05,17,6,1.050678,179.2398
2016,05,17,7,0.9720594,171.771
2016,05,18,0,1.014345,175.3582
2016,05,18,1,1.118237,185.126
2016,05,18,2,0.9930871,173.2771
2016,05,18,3,1.218436,193.135
2016,05,18,4,1.403615,206.5467
2016,05,18,5,1.619269,219.7536
2016,05,18,6,1.383895,205.4166
2016,05,18,7,1.281884,197.7203
2016,05,19,0,1.266544,196.9795
2016,05,19,1,1.144213,187.3966
2016,05,19,2,1.146446,187.8506
2016,05,19,3,1.113039,184.2214
2016,05,19,4,1.325361,200.9089
2016,05,19,5,1.423468,207.8299
2016,05,19,6,1.518854,214.1725
2016,05,19,7,1.399337,206.9243
2016,05,20,0,1.148146,187.391
2016,05,20,1,0.9157546,164.43
2016,05,20,2,0.9574058,169.053
2016,05,20,3,1.186272,190.0597
2016,05,20,4,1.30641,198.8586
2016,05,20,5,1.429098,206.9764
2016,05,20,6,1.33139,200.5178
2016,05,20,7,1.061986,178.4356
2016,05,21,0,0.68587,135.3895
2016,05,21,1,0.5125034,109.8981
2016,05,21,2,0.4268646,96.3126
2016,05,21,3,0.511545,111.2257
2016,05,21,4,0.8576897,158.05
2016,05,21,5,0.9642681,169.5088
2016,05,21,6,0.8710458,159.8711
2016,05,21,7,0.549112,117.5526
2016,05,22,0,0.3994557,92.32667
2016,05,22,1,0.3397653,81.30312
2016,05,22,2,0.3196352,77.61936
2016,05,22,3,0.3614266,85.90806
2016,05,22,4,0.5422332,116.9847
2016,05,22,5,0.5511588,118.2482
2016,05,22,6,0.4425674,100.6247
2016,05,22,7,0.3528843,84.40331
2016,05,23,0,0.3600859,85.64687
2016,05,23,1,0.3584565,85.40587
2016,05,23,2,0.3582612,85.57078
2016,05,23,3,0.4248841,97.88582
2016,05,23,4,0.7692382,148.7235
2016,05,23,5,0.817503,154.7821
2016,05,23,6,0.7300229,144.2436
2016,05,23,7,0.5316144,115.586
2016,05,24,0,0.4211063,97.20396
2016,05,24,1,0.3225566,79.0392
2016,05,24,2,0.3182671,78.18554
2016,05,24,3,0.5166894,113.4613
2016,05,24,4,0.8030965,152.9449
2016,05,24,5,0.9187885,166.3638
2016,05,24,6,0.8847301,162.3543
2016,05,24,7,0.5822356,123.1967
2016,05,25,0,0.3731799,88.4315
2016,05,25,1,0.3148183,77.38972
2016,05,25,2,0.3122706,76.8547
2016,05,25,3,0.51313,112.4275
2016,05,25,4,0.895037,162.8696
2016,05,25,5,0.9301695,167.1085
2016,05,25,6,0.7219729,143.163
2016,05,25,7,0.462679,104.5011
2016,05,26,0,0.3354378,81.42099
2016,05,26,1,0.2932496,73.03505
2016,05,26,2,0.2714814,68.6947
2016,05,26,3,0.4240017,97.78875
2016,05,26,4,0.7429563,145.3517
2016,05,26,5,0.8808277,161.8962
2016,05,26,6,0.6678133,135.6207
2016,05,26,7,0.4120509,95.47663
2016,05,27,0,0.242227,62.53942
2016,05,27,1,0.1467684,41.20626
2016,05,27,2,0.1365512,38.75618
2016,05,27,3,0.1501525,42.03798
2016,05,27,4,0.4057814,94.32329
2016,05,27,5,0.4361151,99.63239
2016,05,27,6,0.2721809,68.91832
2016,05,27,7,0.1909555,51.55567
2016,05,28,0,0.1635252,45.19906
2016,05,28,1,0.1468235,41.17326
2016,05,28,2,0.146054,40.98972
2016,05,28,3,0.1429286,40.44336
2016,05,28,4,0.2189474,57.71158
2016,05,28,5,0.24852,64.00371
2016,05,28,6,0.2657711,67.58859
2016,05,28,7,0.3009983,74.71887
2016,05,29,0,0.3249393,79.40845
2016,05,29,1,0.3307641,80.43279
2016,05,29,2,0.3425407,82.59778
2016,05,29,3,0.4799783,107.3293
2016,05,29,4,0.5701233,121.6937
2016,05,29,5,0.625483,129.8675
2016,05,29,6,0.5766711,122.6465
2016,05,29,7,0.4871721,108.5936
2016,05,30,0,0.4572114,103.3208
2016,05,30,1,0.3752722,88.64278
2016,05,30,2,0.2436046,62.89269
2016,05,30,3,0.2472356,63.71836
2016,05,30,4,0.3661714,87.01135
2016,05,30,5,0.394329,92.16351
2016,05,30,6,0.2597942,66.19613
2016,05,30,7,0.1587049,44.20273
2016,05,31,0,0.1206442,35.17712
2016,05,31,1,0.1118217,33.00819
2016,05,31,2,0.1020723,30.65589
2016,05,31,3,0.1076717,32.09311
2016,05,31,4,0.1773473,48.31525
2016,05,31,5,0.3073085,75.66848
2016,05,31,6,0.2028996,53.99061
2016,05,31,7,0.1569875,43.71253
2017,05,1,0,1.019966,174.1214
2017,05,1,1,0.975666,169.6576
2017,05,1,2,0.8384225,154.5151
2017,05,1,3,0.8733757,158.839
2017,05,1,4,1.001323,172.417
2017,05,1,5,1.029495,175.1459
2017,05,1,6,0.9237122,164.9659
2017,05,1,7,0.7294498,142.3858
2017,05,2,0,0.7151573,140.5158
2017,05,2,1,0.7118946,140.0762
2017,05,2,2,0.5814049,122.0016
2017,05,2,3,0.7828538,149.3292
2017,05,2,4,1.176095,188.7311
2017,05,2,5,1.284829,197.4857
2017,05,2,6,1.181318,189.7021
2017,05,2,7,1.021557,175.0326
2017,05,3,0,0.6683876,133.843
2017,05,3,1,0.4678665,104.0914
2017,05,3,2,0.5580368,118.3633
2017,05,3,3,0.9504668,168.2182
2017,05,3,4,1.180027,189.5906
2017,05,3,5,1.199977,191.2878
2017,05,3,6,1.020568,175.1288
2017,05,3,7,0.7869636,150.0132
2017,05,4,0,0.7289603,142.8999
2017,05,4,1,0.7201411,141.6225
2017,05,4,2,0.7459856,145.0905
2017,05,4,3,0.7819121,149.7743
2017,05,4,4,0.8921191,162.6711
2017,05,4,5,0.7487964,145.8674
2017,05,4,6,0.7274693,142.9091
2017,05,4,7,0.7898475,150.5272
2017,05,5,0,0.7840554,149.7798
2017,05,5,1,0.7777934,148.6055
2017,05,5,2,0.7590991,146.1879
2017,05,5,3,0.8237504,154.1206
2017,05,5,4,0.9138029,164.3366
2017,05,5,5,0.8412411,156.7565
2017,05,5,6,0.5966397,125.0801
2017,05,5,7,0.4307506,98.37163
2017,05,6,0,0.4753993,105.7454
2017,05,6,1,0.5686034,120.3863
2017,05,6,2,0.5875198,123.1355
2017,05,6,3,0.8912135,162.1829
2017,05,6,4,1.108705,183.5954
2017,05,6,5,1.119405,184.727
2017,05,6,6,0.9206632,165.3022
2017,05,6,7,0.6417487,131.6105
2017,05,7,0,0.4856024,107.7598
2017,05,7,1,0.5286587,114.826
2017,05,7,2,0.4898033,108.4964
2017,05,7,3,0.4850031,107.2608
2017,05,7,4,0.5665214,120.3062
2017,05,7,5,0.5621631,119.784
2017,05,7,6,0.6059641,125.7597
2017,05,7,7,0.5715183,121.1085
2017,05,8,0,0.4725864,105.5686
2017,05,8,1,0.4278658,97.81033
2017,05,8,2,0.4090486,94.29032
2017,05,8,3,0.543994,116.0141
2017,05,8,4,0.7564616,145.8911
2017,05,8,5,0.5609984,118.4737
2017,05,8,6,0.4995778,108.798
2017,05,8,7,0.4122666,94.07994
2017,05,9,0,0.3548507,83.2357
2017,05,9,1,0.3191309,76.56084
2017,05,9,2,0.3282276,78.43243
2017,05,9,3,0.4645807,103.1004
2017,05,9,4,0.5979144,123.7879
2017,05,9,5,0.5548805,117.7728
2017,05,9,6,0.3284868,78.94935
2017,05,9,7,0.3528903,83.86702
2017,05,10,0,0.3427486,82.33998
2017,05,10,1,0.4148874,94.99952
2017,05,10,2,0.5564127,118.2826
2017,05,10,3,0.5607199,119.7162
2017,05,10,4,0.6448225,132.0829
2017,05,10,5,0.558328,119.4086
2017,05,10,6,0.5185477,113.3068
2017,05,10,7,0.6044476,126.1635
2017,05,11,0,0.7056502,139.4346
2017,05,11,1,0.6430459,131.2569
2017,05,11,2,0.5192952,113.0609
2017,05,11,3,0.7374922,144.0707
2017,05,11,4,1.000476,173.6526
2017,05,11,5,0.9067933,163.9132
2017,05,11,6,0.7515372,145.9023
2017,05,11,7,0.6382405,131.0523
2017,05,12,0,0.6995274,139.5172
2017,05,12,1,0.740417,144.7275
2017,05,12,2,0.7180633,141.9649
2017,05,12,3,0.8526499,158.574
2017,05,12,4,1.081803,181.7299
2017,05,12,5,0.9714748,171.1372
2017,05,12,6,0.7321553,144.2182
2017,05,12,7,0.5458501,117.8751
2017,05,13,0,0.5366643,116.262
2017,05,13,1,0.4464271,101.5226
2017,05,13,2,0.4391378,100.3505
2017,05,13,3,0.7209871,142.726
2017,05,13,4,0.8063906,153.1466
2017,05,13,5,0.5636066,120.5125
2017,05,13,6,0.3668356,87.46353
2017,05,13,7,0.2768925,69.89469
2017,05,14,0,0.2589813,66.00076
2017,05,14,1,0.2388042,61.5641
2017,05,14,2,0.2597346,65.78242
2017,05,14,3,0.3416741,82.21483
2017,05,14,4,0.7440338,145.4598
2017,05,14,5,0.7711385,148.4378
2017,05,14,6,0.5406339,116.5696
2017,05,14,7,0.4010336,93.21296
2017,05,15,0,0.3756816,88.69373
2017,05,15,1,0.3407453,82.11938
2017,05,15,2,0.3547112,84.82502
2017,05,15,3,0.5316383,115.2838
2017,05,15,4,1.049214,178.7278
2017,05,15,5,1.067918,180.5577
2017,05,15,6,0.855396,159.1286
2017,05,15,7,0.5602253,120.491
2017,05,16,0,0.6021697,126.5082
2017,05,16,1,0.6969563,139.6264
2017,05,16,2,0.5589594,119.6282
2017,05,16,3,0.6447845,132.2511
2017,05,16,4,0.8618622,159.6321
2017,05,16,5,0.8367349,156.831
2017,05,16,6,0.768795,149.1409
2017,05,16,7,0.5033341,111.191
2017,05,17,0,0.5221479,113.8996
2017,05,17,1,0.6079744,126.9457
2017,05,17,2,0.5993567,125.4797
2017,05,17,3,0.5399308,116.5675
2017,05,17,4,0.901905,164.1961
2017,05,17,5,0.9721275,171.292
2017,05,17,6,0.7941471,151.624
2017,05,17,7,0.646597,132.2272
2017,05,18,0,0.5604075,119.5158
2017,05,18,1,0.5582551,118.8666
2017,05,18,2,0.5324522,114.8988
2017,05,18,3,0.5857988,123.2627
2017,05,18,4,0.7912818,150.9425
2017,05,18,5,0.6636815,134.0915
2017,05,18,6,0.6041116,125.781
2017,05,18,7,0.5475917,117.4936
2017,05,19,0,0.5032437,110.6953
2017,05,19,1,0.4505521,101.8616
2017,05,19,2,0.427058,97.68866
2017,05,19,3,0.4141939,95.50782
2017,05,19,4,0.5578788,119.3733
2017,05,19,5,0.5616627,119.5954
2017,05,19,6,0.4677168,104.2458
2017,05,19,7,0.5134684,111.3236
2017,05,20,0,0.6001234,124.3615
2017,05,20,1,0.6109041,126.1352
2017,05,20,2,0.5305087,114.3557
2017,05,20,3,0.4872935,107.5372
2017,05,20,4,0.5090138,110.939
2017,05,20,5,0.5073799,110.7324
2017,05,20,6,0.5094105,111.2799
2017,05,20,7,0.5544209,118.2585
2017,05,21,0,0.4899579,107.9779
2017,05,21,1,0.4281598,97.63458
2017,05,21,2,0.3702559,87.2719
2017,05,21,3,0.3581228,85.06627
2017,05,21,4,0.533214,115.253
2017,05,21,5,0.4830427,107.4327
2017,05,21,6,0.3313725,80.48337
2017,05,21,7,0.3316511,80.56928
2017,05,22,0,0.3380749,81.74496
2017,05,22,1,0.2866521,71.62116
2017,05,22,2,0.2868617,71.61418
2017,05,22,3,0.3915257,91.82289
2017,05,22,4,0.6119196,127.6948
2017,05,22,5,0.4392962,100.1759
2017,05,22,6,0.3662309,87.07017
2017,05,22,7,0.3574867,85.46359
2017,05,23,0,0.3777266,89.16015
2017,05,23,1,0.309091,76.15045
2017,05,23,2,0.2712892,68.58179
2017,05,23,3,0.2940345,73.16134
2017,05,23,4,0.4288973,98.19695
2017,05,23,5,0.396377,92.5164
2017,05,23,6,0.2783113,70.05852
2017,05,23,7,0.2372157,61.52322
2017,05,24,0,0.2643221,67.02335
2017,05,24,1,0.2416413,62.25489
2017,05,24,2,0.2177759,57.16032
2017,05,24,3,0.2417166,62.4146
2017,05,24,4,0.3024263,74.9692
2017,05,24,5,0.3476112,83.83292
2017,05,24,6,0.2756085,69.81319
2017,05,24,7,0.2305234,60.42092
2017,05,25,0,0.2190398,57.82149
2017,05,25,1,0.1926665,51.98324
2017,05,25,2,0.1559828,43.61409
2017,05,25,3,0.1712819,47.22715
2017,05,25,4,0.3312792,80.73602
2017,05,25,5,0.4837509,108.0035
2017,05,25,6,0.3764318,89.45179
2017,05,25,7,0.2448425,63.51903
2017,05,26,0,0.1767606,48.57903
2017,05,26,1,0.1605069,44.77236
2017,05,26,2,0.1626255,45.18717
2017,05,26,3,0.3349549,81.42647
2017,05,26,4,0.6826708,137.814
2017,05,26,5,0.8813956,162.5571
2017,05,26,6,0.7000737,140.5504
2017,05,26,7,0.4171038,96.63065
2017,05,27,0,0.3941909,92.29666
2017,05,27,1,0.3439904,82.83914
2017,05,27,2,0.2804235,70.42327
2017,05,27,3,0.3899749,91.63587
2017,05,27,4,0.8364735,156.7777
2017,05,27,5,0.9362982,168.0002
2017,05,27,6,0.7934929,152.2717
2017,05,27,7,0.6316269,130.7274
2017,05,28,0,0.6994709,139.5105
2017,05,28,1,0.742479,144.713
2017,05,28,2,0.7175703,141.3247
2017,05,28,3,1.251143,195.601
2017,05,28,4,1.391906,205.8433
2017,05,28,5,1.343551,203.1399
2017,05,28,6,1.248532,195.6793
2017,05,28,7,0.9580193,168.7331
2017,05,29,0,1.02743,175.5084
2017,05,29,1,1.075659,179.6892
2017,05,29,2,1.068836,179.9308
2017,05,29,3,1.215705,192.0329
2017,05,29,4,1.424327,207.2032
2017,05,29,5,1.289314,198.2107
2017,05,29,6,1.062022,178.7218
2017,05,29,7,0.936937,165.673
2017,05,30,0,0.9588018,167.9098
2017,05,30,1,0.9360893,165.5824
2017,05,30,2,0.8010956,150.3256
2017,05,30,3,0.8629096,157.3361
2017,05,30,4,0.9793962,170.1667
2017,05,30,5,0.8562525,158.2838
2017,05,30,6,0.7108557,140.943
2017,05,30,7,0.5258018,114.1328
2017,05,31,0,0.4745735,105.5785
2017,05,31,1,0.4665586,104.1308
2017,05,31,2,0.4469073,100.8347
2017,05,31,3,0.5894554,123.8553
2017,05,31,4,1.079519,181.5215
2017,05,31,5,1.027922,177.1075
2017,05,31,6,0.8773283,162.2992
2017,05,31,7,0.5654105,121.1393
2018,05,1,0,0.5846786,122.8007
2018,05,1,1,0.6038054,125.286
2018,05,1,2,0.6351521,129.3694
2018,05,1,3,0.653389,131.8228
2018,05,1,4,0.8270304,154.0493
2018,05,1,5,0.9839432,170.8038
2018,05,1,6,0.9437492,166.5487
2018,05,1,7,0.7857118,149.0994
2018,05,2,0,0.6810559,135.8104
2018,05,2,1,0.7468681,144.411
2018,05,2,2,0.8885654,161.0562
2018,05,2,3,0.7784794,147.7948
2018,05,2,4,0.8753793,158.882
2018,05,2,5,1.00195,172.0137
2018,05,2,6,0.9321123,164.9567
2018,05,2,7,0.7200722,140.0176
2018,05,3,0,0.5991285,123.4327
2018,05,3,1,0.5668457,118.8577
2018,05,3,2,0.5123195,110.4325
2018,05,3,3,0.576023,120.2737
2018,05,3,4,0.8860867,160.3666
2018,05,3,5,0.9757703,169.8172
2018,05,3,6,0.915619,164.0342
2018,05,3,7,0.6127153,126.4706
2018,05,4,0,0.4737156,104.923
2018,05,4,1,0.4303129,97.54079
2018,05,4,2,0.3700938,86.92939
2018,05,4,3,0.3595111,85.00988
2018,05,4,4,0.6209245,128.2894
2018,05,4,5,0.6263298,129.2271
2018,05,4,6,0.5087704,111.272
2018,05,4,7,0.3835029,89.91542
2018,05,5,0,0.3271894,79.17372
2018,05,5,1,0.4023559,92.83683
2018,05,5,2,0.5002501,109.3835
2018,05,5,3,0.7779995,148.5042
2018,05,5,4,1.033334,175.6888
2018,05,5,5,1.256945,194.6844
2018,05,5,6,1.181983,189.3413
2018,05,5,7,1.054909,178.0516
2018,05,6,0,0.9349578,165.7372
2018,05,6,1,0.7907815,149.3001
2018,05,6,2,0.7449822,143.8129
2018,05,6,3,0.8296946,153.8563
2018,05,6,4,1.082814,180.0789
2018,05,6,5,1.196471,190.2533
2018,05,6,6,1.040947,176.5184
2018,05,6,7,0.7405455,143.812
2018,05,7,0,0.6766331,135.5121
2018,05,7,1,0.6979115,138.5163
2018,05,7,2,0.6192788,127.3767
2018,05,7,3,0.791712,149.9104
2018,05,7,4,1.212378,191.9704
2018,05,7,5,1.273355,196.8844
2018,05,7,6,1.330739,201.3292
2018,05,7,7,1.081898,181.1407
2018,05,8,0,0.9573883,169.2762
2018,05,8,1,0.6865053,137.0606
2018,05,8,2,0.5903142,123.1792
2018,05,8,3,0.7839367,149.2519
2018,05,8,4,0.9930751,171.915
2018,05,8,5,0.9690593,169.94
2018,05,8,6,0.7188545,141.2474
2018,05,8,7,0.5079768,110.8576
2018,05,9,0,0.4063104,93.64132
2018,05,9,1,0.3657586,86.35968
2018,05,9,2,0.3438972,82.29178
2018,05,9,3,0.4507802,101.7322
2018,05,9,4,0.7357132,143.4125
2018,05,9,5,0.758494,146.4794
2018,05,9,6,0.5743844,121.7246
2018,05,9,7,0.4256866,97.65597
2018,05,10,0,0.3693973,87.5978
2018,05,10,1,0.3120717,76.6651
2018,05,10,2,0.2930657,72.85832
2018,05,10,3,0.4250703,97.64017
2018,05,10,4,0.7300673,143.271
2018,05,10,5,0.8509525,157.6794
2018,05,10,6,0.8925642,162.4269
2018,05,10,7,0.7626151,147.6962
2018,05,11,0,0.6371108,131.0674
2018,05,11,1,0.6430569,131.684
2018,05,11,2,0.6493084,132.5907
2018,05,11,3,0.7859017,150.1286
2018,05,11,4,1.171054,189.2617
2018,05,11,5,1.033138,177.0966
2018,05,11,6,0.8721875,160.0541
2018,05,11,7,0.7547685,146.1423
2018,05,12,0,0.5740098,121.616
2018,05,12,1,0.4460687,101.2313
2018,05,12,2,0.3336989,81.02092
2018,05,12,3,0.2842713,71.62122
2018,05,12,4,0.5548989,119.8849
2018,05,12,5,0.5882758,124.5784
2018,05,12,6,0.5189621,113.6159
2018,05,12,7,0.4617364,104.0121
2018,05,13,0,0.3911346,91.89924
2018,05,13,1,0.3145739,77.47008
2018,05,13,2,0.2707865,68.5578
2018,05,13,3,0.4185778,96.84769
2018,05,13,4,0.7992471,152.3957
2018,05,13,5,1.000963,174.6456
2018,05,13,6,0.9664553,170.746
2018,05,13,7,0.9633648,170.6129
2018,05,14,0,0.8939168,163.3524
2018,05,14,1,1.056083,179.518
2018,05,14,2,0.8216365,154.3522
2018,05,14,3,0.8502156,157.4443
2018,05,14,4,1.041888,177.5054
2018,05,14,5,1.192757,191.1604
2018,05,14,6,1.058817,178.8475
2018,05,14,7,0.8388935,156.1085
2018,05,15,0,0.7981084,151.3349
2018,05,15,1,0.5515328,117.8716
2018,05,15,2,0.4398433,99.76971
2018,05,15,3,0.5084856,111.4464
2018,05,15,4,0.9236953,166.0727
2018,05,15,5,1.121212,185.0976
2018,05,15,6,1.02868,176.9257
2018,05,15,7,0.9098154,164.6666
2018,05,16,0,0.9993218,173.773
2018,05,16,1,0.8807956,161.2281
2018,05,16,2,0.687938,137.3726
2018,05,16,3,0.801579,151.209
2018,05,16,4,1.199343,190.9244
2018,05,16,5,1.320189,200.2446
2018,05,16,6,1.343158,202.1292
2018,05,16,7,0.9012861,162.4219
2018,05,17,0,0.7037257,138.7716
2018,05,17,1,0.5040561,110.063
2018,05,17,2,0.4783444,105.5405
2018,05,17,3,0.4962471,107.7707
2018,05,17,4,0.8049216,152.0155
2018,05,17,5,1.0751,179.0835
2018,05,17,6,1.154214,186.173
2018,05,17,7,0.7842893,148.3495
2018,05,18,0,0.7444206,144.2095
2018,05,18,1,0.7452156,144.9261
2018,05,18,2,0.6563937,133.2478
2018,05,18,3,0.8406315,156.6933
2018,05,18,4,1.287702,198.5634
2018,05,18,5,1.423882,209.1678
2018,05,18,6,1.075604,180.642
2018,05,18,7,0.8720196,158.9013
2018,05,19,0,0.5846501,121.7679
2018,05,19,1,0.4590304,102.1615
2018,05,19,2,0.3867399,89.86714
2018,05,19,3,0.4436677,100.2475
2018,05,19,4,0.9546205,168.8298
2018,05,19,5,1.135872,185.8245
2018,05,19,6,1.279756,198.0476
2018,05,19,7,0.9397373,167.2425
2018,05,20,0,0.8136311,152.5736
2018,05,20,1,0.7776204,148.1825
2018,05,20,2,0.6625981,133.6636
2018,05,20,3,0.8035901,151.5905
2018,05,20,4,1.27628,197.4181
2018,05,20,5,1.484111,212.0813
2018,05,20,6,1.302237,199.7924
2018,05,20,7,1.135446,185.5125
2018,05,21,0,1.059994,178.3423
2018,05,21,1,0.9170784,164.2109
2018,05,21,2,0.6753318,135.349
2018,05,21,3,0.8854298,160.6482
2018,05,21,4,1.281061,197.3157
2018,05,21,5,1.419511,207.0947
2018,05,21,6,1.125952,184.5285
2018,05,21,7,1.104574,182.1797
2018,05,22,0,0.9768567,170.452
2018,05,22,1,1.01064,174.051
2018,05,22,2,0.9536223,168.2475
2018,05,22,3,0.9084023,163.1193
2018,05,22,4,1.18647,189.4031
2018,05,22,5,1.281822,196.838
2018,05,22,6,1.253424,194.9014
2018,05,22,7,1.10308,182.8936
2018,05,23,0,1.072941,180.1358
2018,05,23,1,0.9716416,170.0962
2018,05,23,2,0.7995163,151.1156
2018,05,23,3,0.9333516,166.4849
2018,05,23,4,1.086026,180.997
2018,05,23,5,1.228508,192.7433
2018,05,23,6,1.194958,190.7794
2018,05,23,7,0.972745,170.5415
2018,05,24,0,1.013611,174.6312
2018,05,24,1,0.9346529,166.5009
2018,05,24,2,0.6607207,133.1618
2018,05,24,3,0.8104434,152.4019
2018,05,24,4,1.233058,193.6407
2018,05,24,5,1.327336,200.9788
2018,05,24,6,1.361025,203.6257
2018,05,24,7,1.158347,188.4327
2018,05,25,0,1.003771,174.0007
2018,05,25,1,1.005858,174.0115
2018,05,25,2,0.8613579,158.6451
2018,05,25,3,0.7762939,148.0503
2018,05,25,4,1.032997,175.6811
2018,05,25,5,1.050724,177.6969
2018,05,25,6,0.9223586,165.8971
2018,05,25,7,0.71222,141.2416
2018,05,26,0,0.7628272,147.5952
2018,05,26,1,0.6352788,130.0542
2018,05,26,2,0.5189063,112.4062
2018,05,26,3,0.5828007,122.3352
2018,05,26,4,0.6616516,133.6383
2018,05,26,5,0.5920817,123.8236
2018,05,26,6,0.3768023,88.61321
2018,05,26,7,0.271331,68.27556
2018,05,27,0,0.2585815,65.80714
2018,05,27,1,0.212229,56.00771
2018,05,27,2,0.1754914,48.00393
2018,05,27,3,0.2542311,65.38823
2018,05,27,4,0.6735932,136.8662
2018,05,27,5,0.5943737,124.7905
2018,05,27,6,0.5213662,114.0184
2018,05,27,7,0.3474793,84.04739
2018,05,28,0,0.2383906,62.23556
2018,05,28,1,0.2091392,55.78896
2018,05,28,2,0.2095282,55.81453
2018,05,28,3,0.4697562,105.8425
2018,05,28,4,0.6382281,131.6691
2018,05,28,5,0.6333856,131.0108
2018,05,28,6,0.6012839,126.645
2018,05,28,7,0.3530005,85.0987
2018,05,29,0,0.26109,66.81016
2018,05,29,1,0.2347414,61.15309
2018,05,29,2,0.2154259,56.94474
2018,05,29,3,0.303422,75.22359
2018,05,29,4,0.4818212,107.2853
2018,05,29,5,0.4522729,102.5434
2018,05,29,6,0.3448684,83.42329
2018,05,29,7,0.2663401,67.86243
2018,05,30,0,0.2472471,63.71352
2018,05,30,1,0.2216425,58.14343
2018,05,30,2,0.189269,51.01524
2018,05,30,3,0.1872892,50.59522
2018,05,30,4,0.2811408,70.68981
2018,05,30,5,0.2818358,70.82152
2018,05,30,6,0.2031856,54.29458
2018,05,30,7,0.1727049,47.53552
2018,05,31,0,0.195318,52.51284
2018,05,31,1,0.2316635,60.38998
2018,05,31,2,0.2586627,66.13944
2018,05,31,3,0.3553031,85.46475
2018,05,31,4,0.862436,161.212
2018,05,31,5,0.9309846,167.6228
2018,05,31,6,1.005306,174.9763
2018,05,31,7,1.015158,176.1549
