####################################################################################################
# Month: 03Mar                                                                                     #
# Station: /n/holyscratch01/doeleman_lab/freemanmd/am_output/BRZ                                   #
# Columns are: year    month   day     segment         Pbase (mbar)                                #
####################################################################################################
year,month,day,segment,Pbase
2009,03,1,0,700.62977
2009,03,1,1,699.65063
2009,03,1,2,698.37863
2009,03,1,3,696.73837
2009,03,1,4,696.125
2009,03,1,5,695.88579
2009,03,1,6,695.52992
2009,03,1,7,695.2246
2009,03,2,0,695.73958
2009,03,2,1,696.38985
2009,03,2,2,696.64539
2009,03,2,3,696.96977
2009,03,2,4,696.99544
2009,03,2,5,696.89353
2009,03,2,6,696.78483
2009,03,2,7,696.79269
2009,03,3,0,697.33126
2009,03,3,1,697.65544
2009,03,3,2,697.67651
2009,03,3,3,698.14659
2009,03,3,4,699.1283
2009,03,3,5,699.42407
2009,03,3,6,699.84739
2009,03,3,7,700.55667
2009,03,4,0,701.16181
2009,03,4,1,701.14641
2009,03,4,2,700.87317
2009,03,4,3,700.62889
2009,03,4,4,700.42768
2009,03,4,5,699.58604
2009,03,4,6,698.73081
2009,03,4,7,698.38149
2009,03,5,0,698.12881
2009,03,5,1,697.80936
2009,03,5,2,697.8099
2009,03,5,3,697.96557
2009,03,5,4,698.28137
2009,03,5,5,698.60537
2009,03,5,6,699.31642
2009,03,5,7,699.93638
2009,03,6,0,700.4448
2009,03,6,1,700.65141
2009,03,6,2,701.04697
2009,03,6,3,701.44771
2009,03,6,4,701.81479
2009,03,6,5,701.99061
2009,03,6,6,702.22309
2009,03,6,7,702.44936
2009,03,7,0,702.64279
2009,03,7,1,702.65168
2009,03,7,2,702.47818
2009,03,7,3,702.23282
2009,03,7,4,701.9977
2009,03,7,5,701.57125
2009,03,7,6,701.62698
2009,03,7,7,701.44803
2009,03,8,0,700.73725
2009,03,8,1,699.77844
2009,03,8,2,698.95799
2009,03,8,3,698.25179
2009,03,8,4,697.20824
2009,03,8,5,696.2665
2009,03,8,6,695.9901
2009,03,8,7,695.47761
2009,03,9,0,694.74011
2009,03,9,1,694.02636
2009,03,9,2,694.06499
2009,03,9,3,694.19578
2009,03,9,4,694.16944
2009,03,9,5,694.37969
2009,03,9,6,695.28746
2009,03,9,7,696.07874
2009,03,10,0,696.59075
2009,03,10,1,696.47638
2009,03,10,2,696.94671
2009,03,10,3,697.27556
2009,03,10,4,697.51823
2009,03,10,5,697.35092
2009,03,10,6,696.89256
2009,03,10,7,696.6823
2009,03,11,0,696.32295
2009,03,11,1,695.2288
2009,03,11,2,694.70246
2009,03,11,3,694.32835
2009,03,11,4,693.54572
2009,03,11,5,692.54311
2009,03,11,6,691.98235
2009,03,11,7,691.68094
2009,03,12,0,691.33397
2009,03,12,1,691.0005
2009,03,12,2,690.94379
2009,03,12,3,691.14711
2009,03,12,4,691.17228
2009,03,12,5,691.13148
2009,03,12,6,691.44796
2009,03,12,7,691.74058
2009,03,13,0,692.33401
2009,03,13,1,692.81779
2009,03,13,2,693.39487
2009,03,13,3,693.76447
2009,03,13,4,693.84997
2009,03,13,5,693.33522
2009,03,13,6,693.18844
2009,03,13,7,693.24124
2009,03,14,0,693.17996
2009,03,14,1,692.69619
2009,03,14,2,692.61812
2009,03,14,3,692.53277
2009,03,14,4,692.30457
2009,03,14,5,692.07091
2009,03,14,6,692.83263
2009,03,14,7,693.41921
2009,03,15,0,693.32053
2009,03,15,1,692.98275
2009,03,15,2,693.2259
2009,03,15,3,693.37302
2009,03,15,4,693.20492
2009,03,15,5,693.32044
2009,03,15,6,693.79676
2009,03,15,7,693.91805
2009,03,16,0,694.49857
2009,03,16,1,694.66501
2009,03,16,2,694.5805
2009,03,16,3,694.48975
2009,03,16,4,694.40977
2009,03,16,5,694.00266
2009,03,16,6,693.64767
2009,03,16,7,693.36818
2009,03,17,0,693.06054
2009,03,17,1,692.36472
2009,03,17,2,691.73657
2009,03,17,3,690.91974
2009,03,17,4,690.20584
2009,03,17,5,689.54477
2009,03,17,6,688.77885
2009,03,17,7,687.91898
2009,03,18,0,686.86944
2009,03,18,1,686.02483
2009,03,18,2,685.89625
2009,03,18,3,685.95192
2009,03,18,4,686.40746
2009,03,18,5,686.36681
2009,03,18,6,686.34967
2009,03,18,7,686.52688
2009,03,19,0,686.91796
2009,03,19,1,687.217
2009,03,19,2,687.33806
2009,03,19,3,687.84905
2009,03,19,4,688.53828
2009,03,19,5,688.90804
2009,03,19,6,689.92067
2009,03,19,7,690.99837
2009,03,20,0,691.8761
2009,03,20,1,692.36383
2009,03,20,2,693.25757
2009,03,20,3,694.07809
2009,03,20,4,695.0776
2009,03,20,5,695.36748
2009,03,20,6,695.79696
2009,03,20,7,696.14377
2009,03,21,0,696.32965
2009,03,21,1,696.03591
2009,03,21,2,695.30552
2009,03,21,3,694.42297
2009,03,21,4,693.21977
2009,03,21,5,692.04422
2009,03,21,6,691.04617
2009,03,21,7,690.31085
2009,03,22,0,689.74445
2009,03,22,1,689.04501
2009,03,22,2,689.25713
2009,03,22,3,690.16645
2009,03,22,4,690.9719
2009,03,22,5,691.59783
2009,03,22,6,692.61946
2009,03,22,7,693.99612
2009,03,23,0,695.18275
2009,03,23,1,695.9073
2009,03,23,2,696.51242
2009,03,23,3,697.08869
2009,03,23,4,697.02034
2009,03,23,5,696.57636
2009,03,23,6,696.42813
2009,03,23,7,696.24399
2009,03,24,0,695.19994
2009,03,24,1,693.64908
2009,03,24,2,692.80499
2009,03,24,3,692.09851
2009,03,24,4,691.06303
2009,03,24,5,690.3411
2009,03,24,6,690.24025
2009,03,24,7,690.46701
2009,03,25,0,690.15656
2009,03,25,1,689.92522
2009,03,25,2,690.12776
2009,03,25,3,690.25218
2009,03,25,4,690.29253
2009,03,25,5,690.69335
2009,03,25,6,690.60569
2009,03,25,7,690.51519
2009,03,26,0,690.82845
2009,03,26,1,691.13298
2009,03,26,2,691.4048
2009,03,26,3,691.76168
2009,03,26,4,692.20385
2009,03,26,5,692.712
2009,03,26,6,693.3299
2009,03,26,7,693.75785
2009,03,27,0,693.74426
2009,03,27,1,693.52949
2009,03,27,2,693.68319
2009,03,27,3,693.86849
2009,03,27,4,693.95151
2009,03,27,5,693.47839
2009,03,27,6,693.16579
2009,03,27,7,692.99602
2009,03,28,0,692.29214
2009,03,28,1,691.40781
2009,03,28,2,691.0081
2009,03,28,3,690.59374
2009,03,28,4,690.16161
2009,03,28,5,690.22683
2009,03,28,6,690.12817
2009,03,28,7,690.33948
2009,03,29,0,691.09317
2009,03,29,1,690.93959
2009,03,29,2,690.28185
2009,03,29,3,689.16216
2009,03,29,4,687.73716
2009,03,29,5,687.07753
2009,03,29,6,687.31611
2009,03,29,7,688.01209
2009,03,30,0,689.23757
2009,03,30,1,690.62224
2009,03,30,2,692.6649
2009,03,30,3,694.99699
2009,03,30,4,696.23109
2009,03,30,5,696.37407
2009,03,30,6,696.08881
2009,03,30,7,695.27476
2009,03,31,0,694.38953
2009,03,31,1,693.85687
2009,03,31,2,694.12617
2009,03,31,3,694.55998
2009,03,31,4,694.87695
2009,03,31,5,695.33881
2009,03,31,6,695.81206
2009,03,31,7,696.14124
2009,03,1,0,696.36323
2009,03,1,1,696.20722
2009,03,1,2,696.34925
2009,03,1,3,696.05743
2009,03,1,4,695.95801
2009,03,1,5,696.05412
2009,03,1,6,696.93252
2009,03,1,7,698.09327
2009,03,2,0,699.58862
2009,03,2,1,700.84862
2009,03,2,2,701.82383
2009,03,2,3,702.9046
2009,03,2,4,703.74227
2009,03,2,5,704.04127
2009,03,2,6,704.06156
2009,03,2,7,703.82876
2009,03,3,0,703.58814
2009,03,3,1,702.57082
2009,03,3,2,701.9347
2009,03,3,3,701.28491
2009,03,3,4,700.18279
2009,03,3,5,699.26533
2009,03,3,6,697.91157
2009,03,3,7,697.03376
2009,03,4,0,696.83748
2009,03,4,1,696.33632
2009,03,4,2,695.8442
2009,03,4,3,695.60142
2009,03,4,4,695.46141
2009,03,4,5,694.96943
2009,03,4,6,694.74477
2009,03,4,7,694.63716
2009,03,5,0,694.16085
2009,03,5,1,693.49478
2009,03,5,2,693.34281
2009,03,5,3,692.83989
2009,03,5,4,691.68546
2009,03,5,5,691.07192
2009,03,5,6,690.59054
2009,03,5,7,689.57147
2009,03,6,0,688.32036
2009,03,6,1,687.24892
2009,03,6,2,687.21476
2009,03,6,3,687.1975
2009,03,6,4,687.57879
2009,03,6,5,688.04199
2009,03,6,6,688.55767
2009,03,6,7,688.99773
2009,03,7,0,689.22686
2009,03,7,1,689.4448
2009,03,7,2,689.78755
2009,03,7,3,690.05378
2009,03,7,4,690.34735
2009,03,7,5,690.72413
2009,03,7,6,691.17378
2009,03,7,7,691.86956
2009,03,8,0,692.51926
2009,03,8,1,692.85221
2009,03,8,2,693.30282
2009,03,8,3,693.35157
2009,03,8,4,693.23951
2009,03,8,5,693.07288
2009,03,8,6,693.2858
2009,03,8,7,693.4244
2009,03,9,0,693.60356
2009,03,9,1,693.57851
2009,03,9,2,693.37902
2009,03,9,3,693.20019
2009,03,9,4,693.1257
2009,03,9,5,693.0106
2009,03,9,6,692.95767
2009,03,9,7,692.83648
2009,03,10,0,692.99039
2009,03,10,1,692.99857
2009,03,10,2,692.76723
2009,03,10,3,692.56921
2009,03,10,4,692.62708
2009,03,10,5,692.8825
2009,03,10,6,692.8969
2009,03,10,7,692.63299
2009,03,11,0,692.7479
2009,03,11,1,692.61746
2009,03,11,2,692.22301
2009,03,11,3,691.93666
2009,03,11,4,691.76506
2009,03,11,5,691.32926
2009,03,11,6,691.48772
2009,03,11,7,691.96795
2009,03,12,0,692.11816
2009,03,12,1,691.87259
2009,03,12,2,692.40804
2009,03,12,3,692.98773
2009,03,12,4,692.99369
2009,03,12,5,693.05602
2009,03,12,6,693.81025
2009,03,12,7,694.53375
2009,03,13,0,694.91769
2009,03,13,1,694.51713
2009,03,13,2,694.40997
2009,03,13,3,694.36466
2009,03,13,4,694.09338
2009,03,13,5,693.34434
2009,03,13,6,693.13254
2009,03,13,7,693.03524
2009,03,14,0,692.84279
2009,03,14,1,692.13981
2009,03,14,2,691.80403
2009,03,14,3,691.68896
2009,03,14,4,690.70328
2009,03,14,5,689.58996
2009,03,14,6,689.20362
2009,03,14,7,688.9875
2009,03,15,0,688.33125
2009,03,15,1,687.66836
2009,03,15,2,687.00911
2009,03,15,3,686.68284
2009,03,15,4,686.70483
2009,03,15,5,686.7801
2009,03,15,6,686.8791
2009,03,15,7,687.00945
2009,03,16,0,687.21946
2009,03,16,1,687.23367
2009,03,16,2,687.37749
2009,03,16,3,687.62495
2009,03,16,4,687.37688
2009,03,16,5,687.27805
2009,03,16,6,687.71108
2009,03,16,7,688.05527
2009,03,17,0,688.05155
2009,03,17,1,688.03595
2009,03,17,2,688.21373
2009,03,17,3,688.38675
2009,03,17,4,688.38912
2009,03,17,5,688.76904
2009,03,17,6,689.18512
2009,03,17,7,689.48573
2009,03,18,0,689.45448
2009,03,18,1,689.17797
2009,03,18,2,689.06453
2009,03,18,3,689.42256
2009,03,18,4,689.74194
2009,03,18,5,690.08677
2009,03,18,6,690.72604
2009,03,18,7,691.67534
2009,03,19,0,692.61244
2009,03,19,1,693.11442
2009,03,19,2,693.82548
2009,03,19,3,694.37797
2009,03,19,4,695.23271
2009,03,19,5,695.91992
2009,03,19,6,696.41995
2009,03,19,7,696.81075
2009,03,20,0,696.54527
2009,03,20,1,695.97242
2009,03,20,2,695.85189
2009,03,20,3,695.46182
2009,03,20,4,694.62361
2009,03,20,5,693.1394
2009,03,20,6,692.11977
2009,03,20,7,691.57584
2009,03,21,0,690.93522
2009,03,21,1,689.98894
2009,03,21,2,689.12986
2009,03,21,3,688.24802
2009,03,21,4,687.1327
2009,03,21,5,686.16663
2009,03,21,6,685.16868
2009,03,21,7,684.83452
2009,03,22,0,685.735
2009,03,22,1,686.72133
2009,03,22,2,688.31577
2009,03,22,3,690.12081
2009,03,22,4,691.20372
2009,03,22,5,692.04403
2009,03,22,6,693.52083
2009,03,22,7,695.18307
2009,03,23,0,696.07096
2009,03,23,1,695.92619
2009,03,23,2,696.0106
2009,03,23,3,695.72862
2009,03,23,4,695.00115
2009,03,23,5,693.60669
2009,03,23,6,692.27981
2009,03,23,7,690.72381
2009,03,24,0,688.79355
2009,03,24,1,686.4375
2009,03,24,2,684.8519
2009,03,24,3,683.50841
2009,03,24,4,682.37179
2009,03,24,5,681.24791
2009,03,24,6,680.51326
2009,03,24,7,680.31382
2009,03,25,0,680.09952
2009,03,25,1,679.84069
2009,03,25,2,680.66502
2009,03,25,3,681.35102
2009,03,25,4,682.46638
2009,03,25,5,683.64171
2009,03,25,6,684.80739
2009,03,25,7,686.37416
2009,03,26,0,687.26954
2009,03,26,1,687.30707
2009,03,26,2,688.11885
2009,03,26,3,688.91917
2009,03,26,4,689.10573
2009,03,26,5,689.34996
2009,03,26,6,689.29141
2009,03,26,7,688.93675
2009,03,27,0,688.5954
2009,03,27,1,688.26659
2009,03,27,2,688.04973
2009,03,27,3,687.43192
2009,03,27,4,687.1496
2009,03,27,5,686.809
2009,03,27,6,686.01798
2009,03,27,7,685.32738
2009,03,28,0,685.01633
2009,03,28,1,684.93678
2009,03,28,2,684.98737
2009,03,28,3,685.11753
2009,03,28,4,685.76749
2009,03,28,5,686.39215
2009,03,28,6,686.92249
2009,03,28,7,687.55653
2009,03,1,0,688.33489
2009,03,1,1,688.81695
2009,03,1,2,689.28552
2009,03,1,3,689.51279
2009,03,1,4,689.44346
2009,03,1,5,689.18814
2009,03,1,6,688.83955
2009,03,1,7,688.53795
2009,03,2,0,688.11247
2009,03,2,1,687.40356
2009,03,2,2,686.82696
2009,03,2,3,686.56843
2009,03,2,4,686.41792
2009,03,2,5,686.25424
2009,03,2,6,686.35312
2009,03,2,7,686.70715
2009,03,3,0,687.01053
2009,03,3,1,687.29514
2009,03,3,2,687.75985
2009,03,3,3,688.11583
2009,03,3,4,688.25924
2009,03,3,5,688.12958
2009,03,3,6,688.06148
2009,03,3,7,688.19572
2009,03,4,0,687.94797
2009,03,4,1,687.60782
2009,03,4,2,687.56797
2009,03,4,3,687.28384
2009,03,4,4,687.11223
2009,03,4,5,686.90809
2009,03,4,6,686.75662
2009,03,4,7,686.42624
2009,03,5,0,685.97851
2009,03,5,1,684.74208
2009,03,5,2,684.06778
2009,03,5,3,684.38407
2009,03,5,4,685.07289
2009,03,5,5,685.44724
2009,03,5,6,685.52037
2009,03,5,7,686.07143
2009,03,6,0,686.90684
2009,03,6,1,687.37363
2009,03,6,2,687.84442
2009,03,6,3,688.3999
2009,03,6,4,689.06384
2009,03,6,5,689.79377
2009,03,6,6,690.43241
2009,03,6,7,691.23245
2009,03,7,0,691.80625
2009,03,7,1,692.25833
2009,03,7,2,693.45691
2009,03,7,3,694.81067
2009,03,7,4,695.41549
2009,03,7,5,695.66137
2009,03,7,6,695.8286
2009,03,7,7,695.74642
2009,03,8,0,695.43662
2009,03,8,1,694.57008
2009,03,8,2,694.02511
2009,03,8,3,693.35213
2009,03,8,4,692.98243
2009,03,8,5,692.34692
2009,03,8,6,691.80796
2009,03,8,7,691.31893
2009,03,9,0,690.31017
2009,03,9,1,688.88095
2009,03,9,2,688.16201
2009,03,9,3,687.83958
2009,03,9,4,687.12816
2009,03,9,5,686.1003
2009,03,9,6,685.06556
2009,03,9,7,684.39588
2009,03,10,0,683.81502
2009,03,10,1,683.25657
2009,03,10,2,683.02793
2009,03,10,3,682.775
2009,03,10,4,683.22414
2009,03,10,5,684.2449
2009,03,10,6,685.10756
2009,03,10,7,685.58474
2009,03,11,0,685.82256
2009,03,11,1,685.61577
2009,03,11,2,685.35046
2009,03,11,3,685.12202
2009,03,11,4,684.51166
2009,03,11,5,683.64838
2009,03,11,6,683.38081
2009,03,11,7,683.31398
2009,03,12,0,682.88062
2009,03,12,1,682.32854
2009,03,12,2,681.83401
2009,03,12,3,681.71954
2009,03,12,4,681.30771
2009,03,12,5,680.61696
2009,03,12,6,680.25986
2009,03,12,7,680.03841
2009,03,13,0,680.06941
2009,03,13,1,679.86787
2009,03,13,2,679.45264
2009,03,13,3,679.10676
2009,03,13,4,679.24094
2009,03,13,5,679.03036
2009,03,13,6,679.09656
2009,03,13,7,679.36059
2009,03,14,0,680.09142
2009,03,14,1,680.49207
2009,03,14,2,680.80217
2009,03,14,3,681.30873
2009,03,14,4,681.91372
2009,03,14,5,682.16583
2009,03,14,6,682.22577
2009,03,14,7,682.27109
2009,03,15,0,682.44144
2009,03,15,1,682.13191
2009,03,15,2,681.84692
2009,03,15,3,681.37222
2009,03,15,4,680.6104
2009,03,15,5,679.78646
2009,03,15,6,679.4597
2009,03,15,7,679.14016
2009,03,16,0,678.45019
2009,03,16,1,678.1188
2009,03,16,2,678.04505
2009,03,16,3,678.10712
2009,03,16,4,677.45446
2009,03,16,5,676.51244
2009,03,16,6,676.20372
2009,03,16,7,676.25782
2009,03,17,0,676.73752
2009,03,17,1,677.24114
2009,03,17,2,678.73147
2009,03,17,3,679.96186
2009,03,17,4,680.70142
2009,03,17,5,681.43389
2009,03,17,6,682.34112
2009,03,17,7,683.31935
2009,03,18,0,684.34173
2009,03,18,1,684.89789
2009,03,18,2,685.87668
2009,03,18,3,687.19429
2009,03,18,4,688.48131
2009,03,18,5,690.17601
2009,03,18,6,692.26323
2009,03,18,7,694.08284
2009,03,19,0,695.46295
2009,03,19,1,696.46282
2009,03,19,2,697.61952
2009,03,19,3,698.56024
2009,03,19,4,699.51407
2009,03,19,5,700.11682
2009,03,19,6,700.199
2009,03,19,7,700.23414
2009,03,20,0,700.36623
2009,03,20,1,700.03362
2009,03,20,2,699.93164
2009,03,20,3,699.82095
2009,03,20,4,699.6179
2009,03,20,5,698.89576
2009,03,20,6,697.26455
2009,03,20,7,695.78582
2009,03,21,0,694.03503
2009,03,21,1,692.41215
2009,03,21,2,691.68285
2009,03,21,3,691.28561
2009,03,21,4,690.58895
2009,03,21,5,690.02414
2009,03,21,6,690.24448
2009,03,21,7,690.46432
2009,03,22,0,690.38142
2009,03,22,1,690.28362
2009,03,22,2,690.59489
2009,03,22,3,691.04179
2009,03,22,4,691.73069
2009,03,22,5,692.56927
2009,03,22,6,693.25605
2009,03,22,7,693.93803
2009,03,23,0,694.72335
2009,03,23,1,694.87721
2009,03,23,2,695.32357
2009,03,23,3,695.96736
2009,03,23,4,696.85716
2009,03,23,5,697.35722
2009,03,23,6,697.4811
2009,03,23,7,697.72559
2009,03,24,0,697.59085
2009,03,24,1,697.26086
2009,03,24,2,697.19075
2009,03,24,3,696.8094
2009,03,24,4,696.59279
2009,03,24,5,696.11652
2009,03,24,6,695.86995
2009,03,24,7,695.8086
2009,03,25,0,695.68285
2009,03,25,1,695.54439
2009,03,25,2,695.5452
2009,03,25,3,695.65876
2009,03,25,4,695.88003
2009,03,25,5,696.04151
2009,03,25,6,696.13671
2009,03,25,7,696.18936
2009,03,26,0,696.22852
2009,03,26,1,695.83401
2009,03,26,2,695.67191
2009,03,26,3,695.55592
2009,03,26,4,694.97799
2009,03,26,5,694.68546
2009,03,26,6,694.37946
2009,03,26,7,693.92765
2009,03,27,0,693.13759
2009,03,27,1,692.34073
2009,03,27,2,692.36785
2009,03,27,3,692.59777
2009,03,27,4,692.62074
2009,03,27,5,692.51393
2009,03,27,6,692.41577
2009,03,27,7,692.53138
2009,03,28,0,692.57009
2009,03,28,1,692.31555
2009,03,28,2,692.38516
2009,03,28,3,692.67715
2009,03,28,4,692.81814
2009,03,28,5,692.88152
2009,03,28,6,693.09383
2009,03,28,7,693.20901
2009,03,29,0,692.87384
2009,03,29,1,692.36855
2009,03,29,2,691.69165
2009,03,29,3,691.05863
2009,03,29,4,690.53682
2009,03,29,5,689.77609
2009,03,29,6,689.19945
2009,03,29,7,688.81063
2009,03,30,0,688.24242
2009,03,30,1,687.55354
2009,03,30,2,687.15934
2009,03,30,3,687.21638
2009,03,30,4,686.92268
2009,03,30,5,686.61077
2009,03,30,6,686.38594
2009,03,30,7,686.18368
2009,03,31,0,685.99764
2009,03,31,1,685.79985
2009,03,31,2,686.27824
2009,03,31,3,686.68689
2009,03,31,4,686.90677
2009,03,31,5,686.88372
2009,03,31,6,686.85405
2009,03,31,7,687.08044
2009,03,1,0,686.88696
2009,03,1,1,686.71701
2009,03,1,2,686.75585
2009,03,1,3,686.9143
2009,03,1,4,687.15235
2009,03,1,5,687.11756
2009,03,1,6,687.01685
2009,03,1,7,687.34483
2009,03,2,0,687.2139
2009,03,2,1,686.93169
2009,03,2,2,686.89148
2009,03,2,3,686.61579
2009,03,2,4,686.95413
2009,03,2,5,687.29399
2009,03,2,6,687.44584
2009,03,2,7,687.2983
2009,03,3,0,687.43262
2009,03,3,1,687.22446
2009,03,3,2,687.25001
2009,03,3,3,687.25447
2009,03,3,4,687.13612
2009,03,3,5,686.89294
2009,03,3,6,687.31188
2009,03,3,7,687.95008
2009,03,4,0,688.77819
2009,03,4,1,689.57634
2009,03,4,2,689.68267
2009,03,4,3,689.62851
2009,03,4,4,689.97627
2009,03,4,5,690.15076
2009,03,4,6,690.66381
2009,03,4,7,691.31639
2009,03,5,0,692.28995
2009,03,5,1,692.51186
2009,03,5,2,692.51621
2009,03,5,3,692.99154
2009,03,5,4,693.016
2009,03,5,5,692.83292
2009,03,5,6,692.51951
2009,03,5,7,691.952
2009,03,6,0,691.49848
2009,03,6,1,691.28338
2009,03,6,2,691.3328
2009,03,6,3,691.24297
2009,03,6,4,690.91925
2009,03,6,5,690.44996
2009,03,6,6,690.20444
2009,03,6,7,689.97907
2009,03,7,0,689.09699
2009,03,7,1,687.92009
2009,03,7,2,687.5546
2009,03,7,3,687.43775
2009,03,7,4,687.21251
2009,03,7,5,687.00988
2009,03,7,6,686.89136
2009,03,7,7,686.96883
2009,03,8,0,686.69682
2009,03,8,1,686.33717
2009,03,8,2,686.88898
2009,03,8,3,687.19261
2009,03,8,4,687.08592
2009,03,8,5,687.15579
2009,03,8,6,687.25351
2009,03,8,7,687.28698
2009,03,9,0,687.59757
2009,03,9,1,688.09611
2009,03,9,2,688.38361
2009,03,9,3,688.50813
2009,03,9,4,688.18888
2009,03,9,5,688.02718
2009,03,9,6,687.82415
2009,03,9,7,687.10234
2009,03,10,0,687.15593
2009,03,10,1,687.03813
2009,03,10,2,686.0703
2009,03,10,3,684.68977
2009,03,10,4,683.46717
2009,03,10,5,682.65845
2009,03,10,6,682.14018
2009,03,10,7,681.69097
2009,03,11,0,682.04217
2009,03,11,1,682.50036
2009,03,11,2,682.90364
2009,03,11,3,683.28337
2009,03,11,4,683.80948
2009,03,11,5,684.42722
2009,03,11,6,685.23701
2009,03,11,7,686.28508
2009,03,12,0,687.56521
2009,03,12,1,688.81446
2009,03,12,2,690.39469
2009,03,12,3,692.12636
2009,03,12,4,693.30287
2009,03,12,5,694.44716
2009,03,12,6,695.45156
2009,03,12,7,696.34463
2009,03,13,0,697.52721
2009,03,13,1,698.29509
2009,03,13,2,699.27911
2009,03,13,3,699.89168
2009,03,13,4,700.28982
2009,03,13,5,700.40332
2009,03,13,6,700.40456
2009,03,13,7,699.9172
2009,03,14,0,698.89119
2009,03,14,1,697.93683
2009,03,14,2,697.07565
2009,03,14,3,696.13775
2009,03,14,4,695.10015
2009,03,14,5,693.8096
2009,03,14,6,692.40569
2009,03,14,7,691.23769
2009,03,15,0,690.5972
2009,03,15,1,689.99716
2009,03,15,2,689.51965
2009,03,15,3,689.14105
2009,03,15,4,688.99812
2009,03,15,5,688.99733
2009,03,15,6,689.20081
2009,03,15,7,689.83534
2009,03,16,0,689.73148
2009,03,16,1,689.34987
2009,03,16,2,689.90794
2009,03,16,3,690.43619
2009,03,16,4,690.56612
2009,03,16,5,690.9542
2009,03,16,6,691.14401
2009,03,16,7,691.04249
2009,03,17,0,690.89747
2009,03,17,1,690.41433
2009,03,17,2,690.34968
2009,03,17,3,690.33134
2009,03,17,4,689.84671
2009,03,17,5,689.55288
2009,03,17,6,688.9834
2009,03,17,7,688.57706
2009,03,18,0,688.17888
2009,03,18,1,687.69225
2009,03,18,2,687.71038
2009,03,18,3,687.94288
2009,03,18,4,688.60788
2009,03,18,5,689.38908
2009,03,18,6,690.35475
2009,03,18,7,691.35357
2009,03,19,0,692.65864
2009,03,19,1,693.80829
2009,03,19,2,695.09643
2009,03,19,3,696.59662
2009,03,19,4,697.80992
2009,03,19,5,698.7637
2009,03,19,6,699.45067
2009,03,19,7,699.79649
2009,03,20,0,700.22445
2009,03,20,1,700.43939
2009,03,20,2,700.26185
2009,03,20,3,700.04784
2009,03,20,4,700.15029
2009,03,20,5,699.97672
2009,03,20,6,699.31721
2009,03,20,7,698.74952
2009,03,21,0,697.73048
2009,03,21,1,696.20756
2009,03,21,2,694.13303
2009,03,21,3,692.35497
2009,03,21,4,691.90206
2009,03,21,5,691.66463
2009,03,21,6,691.59067
2009,03,21,7,691.87581
2009,03,22,0,691.59859
2009,03,22,1,690.97586
2009,03,22,2,691.55368
2009,03,22,3,692.53515
2009,03,22,4,692.32536
2009,03,22,5,691.84257
2009,03,22,6,691.74827
2009,03,22,7,692.25812
2009,03,23,0,692.31424
2009,03,23,1,692.0394
2009,03,23,2,692.49133
2009,03,23,3,692.96261
2009,03,23,4,693.18407
2009,03,23,5,693.27913
2009,03,23,6,693.33297
2009,03,23,7,693.65713
2009,03,24,0,694.20085
2009,03,24,1,694.49402
2009,03,24,2,695.24241
2009,03,24,3,695.88348
2009,03,24,4,696.12699
2009,03,24,5,696.19513
2009,03,24,6,696.11666
2009,03,24,7,696.08834
2009,03,25,0,695.98347
2009,03,25,1,695.83701
2009,03,25,2,695.36887
2009,03,25,3,694.92487
2009,03,25,4,694.78453
2009,03,25,5,694.32058
2009,03,25,6,693.76512
2009,03,25,7,693.53274
2009,03,26,0,693.04919
2009,03,26,1,692.40649
2009,03,26,2,691.7339
2009,03,26,3,690.89653
2009,03,26,4,689.99082
2009,03,26,5,689.55107
2009,03,26,6,689.03001
2009,03,26,7,688.42524
2009,03,27,0,688.13454
2009,03,27,1,688.09272
2009,03,27,2,688.1054
2009,03,27,3,688.63294
2009,03,27,4,689.90801
2009,03,27,5,690.85846
2009,03,27,6,691.7935
2009,03,27,7,692.60094
2009,03,28,0,693.35331
2009,03,28,1,693.87436
2009,03,28,2,694.32625
2009,03,28,3,694.64468
2009,03,28,4,695.47733
2009,03,28,5,695.72876
2009,03,28,6,695.7562
2009,03,28,7,696.24943
2009,03,29,0,696.4208
2009,03,29,1,696.14867
2009,03,29,2,696.17717
2009,03,29,3,695.86863
2009,03,29,4,694.72797
2009,03,29,5,694.84914
2009,03,29,6,696.72268
2009,03,29,7,699.20575
2009,03,30,0,701.56291
2009,03,30,1,702.86072
2009,03,30,2,702.7165
2009,03,30,3,702.06834
2009,03,30,4,701.70556
2009,03,30,5,701.10349
2009,03,30,6,700.62753
2009,03,30,7,700.95253
2009,03,1,0,701.65248
2009,03,1,1,701.2769
2009,03,1,2,701.18856
2009,03,1,3,702.14603
2009,03,1,4,702.46192
2009,03,1,5,702.80894
2009,03,1,6,702.80413
2009,03,1,7,702.70811
2009,03,2,0,702.35149
2009,03,2,1,701.44625
2009,03,2,2,701.12487
2009,03,2,3,701.18948
2009,03,2,4,700.66403
2009,03,2,5,700.26475
2009,03,2,6,699.70852
2009,03,2,7,699.63326
2009,03,3,0,699.07284
2009,03,3,1,698.12773
2009,03,3,2,698.17156
2009,03,3,3,698.271
2009,03,3,4,697.94312
2009,03,3,5,697.81496
2009,03,3,6,697.73051
2009,03,3,7,697.84941
2009,03,4,0,697.70668
2009,03,4,1,696.89537
2009,03,4,2,696.5156
2009,03,4,3,696.52213
2009,03,4,4,696.52557
2009,03,4,5,696.39848
2009,03,4,6,696.5532
2009,03,4,7,696.74202
2009,03,5,0,697.00277
2009,03,5,1,697.09153
2009,03,5,2,697.70811
2009,03,5,3,698.40137
2009,03,5,4,698.32386
2009,03,5,5,698.51457
2009,03,5,6,698.93886
2009,03,5,7,699.30547
2009,03,6,0,699.51839
2009,03,6,1,699.52116
2009,03,6,2,699.93464
2009,03,6,3,700.51126
2009,03,6,4,700.55889
2009,03,6,5,700.64554
2009,03,6,6,700.93796
2009,03,6,7,700.89014
2009,03,7,0,700.81325
2009,03,7,1,700.08556
2009,03,7,2,699.68239
2009,03,7,3,699.14378
2009,03,7,4,697.77844
2009,03,7,5,696.35473
2009,03,7,6,695.14666
2009,03,7,7,693.55964
2009,03,8,0,691.04185
2009,03,8,1,688.46699
2009,03,8,2,687.28875
2009,03,8,3,686.44193
2009,03,8,4,685.68554
2009,03,8,5,684.93381
2009,03,8,6,684.83691
2009,03,8,7,685.20302
2009,03,9,0,686.04594
2009,03,9,1,686.34943
2009,03,9,2,687.06242
2009,03,9,3,688.59891
2009,03,9,4,690.28728
2009,03,9,5,690.86826
2009,03,9,6,691.26575
2009,03,9,7,691.71451
2009,03,10,0,692.07516
2009,03,10,1,691.05954
2009,03,10,2,691.44656
2009,03,10,3,692.08707
2009,03,10,4,692.38849
2009,03,10,5,692.51734
2009,03,10,6,692.55917
2009,03,10,7,692.63752
2009,03,11,0,692.35495
2009,03,11,1,691.20762
2009,03,11,2,690.27103
2009,03,11,3,689.23586
2009,03,11,4,688.04657
2009,03,11,5,686.90169
2009,03,11,6,685.92404
2009,03,11,7,685.27146
2009,03,12,0,684.38884
2009,03,12,1,683.68973
2009,03,12,2,683.44668
2009,03,12,3,683.08822
2009,03,12,4,683.06286
2009,03,12,5,682.80407
2009,03,12,6,682.98639
2009,03,12,7,683.03591
2009,03,13,0,683.01032
2009,03,13,1,682.86766
2009,03,13,2,682.66854
2009,03,13,3,682.49212
2009,03,13,4,682.08468
2009,03,13,5,681.85437
2009,03,13,6,681.99691
2009,03,13,7,682.46136
2009,03,14,0,683.2569
2009,03,14,1,683.78536
2009,03,14,2,684.73031
2009,03,14,3,685.78577
2009,03,14,4,686.07021
2009,03,14,5,686.51323
2009,03,14,6,687.22513
2009,03,14,7,687.73611
2009,03,15,0,689.13915
2009,03,15,1,689.99065
2009,03,15,2,690.78065
2009,03,15,3,692.12994
2009,03,15,4,693.05123
2009,03,15,5,693.987
2009,03,15,6,695.17792
2009,03,15,7,696.10622
2009,03,16,0,696.97563
2009,03,16,1,697.41865
2009,03,16,2,697.99189
2009,03,16,3,698.34755
2009,03,16,4,697.93288
2009,03,16,5,696.88602
2009,03,16,6,696.62754
2009,03,16,7,696.42885
2009,03,17,0,695.56017
2009,03,17,1,694.73164
2009,03,17,2,694.75299
2009,03,17,3,695.2292
2009,03,17,4,694.64783
2009,03,17,5,693.89202
2009,03,17,6,693.49452
2009,03,17,7,693.36644
2009,03,18,0,693.96022
2009,03,18,1,693.56688
2009,03,18,2,693.18286
2009,03,18,3,693.3201
2009,03,18,4,692.59759
2009,03,18,5,692.14406
2009,03,18,6,691.49013
2009,03,18,7,690.50767
2009,03,19,0,689.65123
2009,03,19,1,688.24287
2009,03,19,2,686.92779
2009,03,19,3,685.53714
2009,03,19,4,684.05581
2009,03,19,5,682.79423
2009,03,19,6,682.17093
2009,03,19,7,681.37098
2009,03,20,0,680.61944
2009,03,20,1,680.65516
2009,03,20,2,680.72068
2009,03,20,3,681.24194
2009,03,20,4,682.4465
2009,03,20,5,683.73355
2009,03,20,6,684.72925
2009,03,20,7,685.7806
2009,03,21,0,687.15594
2009,03,21,1,688.21915
2009,03,21,2,689.15737
2009,03,21,3,690.0329
2009,03,21,4,690.51082
2009,03,21,5,690.82536
2009,03,21,6,690.25762
2009,03,21,7,688.72618
2009,03,22,0,687.14025
2009,03,22,1,685.18207
2009,03,22,2,683.96691
2009,03,22,3,683.45585
2009,03,22,4,682.83026
2009,03,22,5,682.40606
2009,03,22,6,682.07559
2009,03,22,7,682.39226
2009,03,23,0,682.91294
2009,03,23,1,683.8227
2009,03,23,2,685.26594
2009,03,23,3,687.28066
2009,03,23,4,689.19483
2009,03,23,5,691.3793
2009,03,23,6,692.70171
2009,03,23,7,693.75082
2009,03,24,0,695.18487
2009,03,24,1,696.46226
2009,03,24,2,697.96361
2009,03,24,3,699.32933
2009,03,24,4,701.03786
2009,03,24,5,702.75815
2009,03,24,6,704.49448
2009,03,24,7,705.77747
2009,03,25,0,705.23242
2009,03,25,1,703.54142
2009,03,25,2,702.75493
2009,03,25,3,701.55503
2009,03,25,4,699.77316
2009,03,25,5,697.32288
2009,03,25,6,694.20882
2009,03,25,7,691.45624
2009,03,26,0,689.73467
2009,03,26,1,689.74723
2009,03,26,2,690.73051
2009,03,26,3,691.98668
2009,03,26,4,694.48741
2009,03,26,5,696.99133
2009,03,26,6,698.90704
2009,03,26,7,700.60738
2009,03,27,0,703.01937
2009,03,27,1,705.04423
2009,03,27,2,705.81242
2009,03,27,3,705.79805
2009,03,27,4,705.33737
2009,03,27,5,703.37774
2009,03,27,6,700.40222
2009,03,27,7,696.57301
2009,03,28,0,692.35163
2009,03,28,1,691.14065
2009,03,28,2,691.68123
2009,03,28,3,693.22104
2009,03,28,4,694.83915
2009,03,28,5,695.19408
2009,03,28,6,694.92366
2009,03,28,7,695.13622
2009,03,29,0,696.14128
2009,03,29,1,696.686
2009,03,29,2,697.34127
2009,03,29,3,698.53259
2009,03,29,4,699.84095
2009,03,29,5,700.58584
2009,03,29,6,700.69574
2009,03,29,7,700.70987
2009,03,30,0,700.72291
2009,03,30,1,700.16765
2009,03,30,2,699.55032
2009,03,30,3,699.12556
2009,03,30,4,699.04662
2009,03,30,5,699.26677
2009,03,30,6,699.33515
2009,03,30,7,700.01128
2009,03,31,0,701.28831
2009,03,31,1,701.85847
2009,03,31,2,701.98562
2009,03,31,3,701.82718
2009,03,31,4,701.05875
2009,03,31,5,700.59136
2009,03,31,6,700.62022
2009,03,31,7,700.72453
2009,03,1,0,700.7415
2009,03,1,1,699.93933
2009,03,1,2,699.22158
2009,03,1,3,698.90572
2009,03,1,4,698.72103
2009,03,1,5,698.52556
2009,03,1,6,697.91741
2009,03,1,7,697.45646
2009,03,2,0,697.57106
2009,03,2,1,697.37968
2009,03,2,2,697.20229
2009,03,2,3,696.96901
2009,03,2,4,696.418
2009,03,2,5,695.73833
2009,03,2,6,695.25212
2009,03,2,7,695.43332
2009,03,3,0,695.60119
2009,03,3,1,695.46901
2009,03,3,2,695.70926
2009,03,3,3,695.90407
2009,03,3,4,696.22218
2009,03,3,5,696.35061
2009,03,3,6,696.79458
2009,03,3,7,696.9091
2009,03,4,0,696.4762
2009,03,4,1,695.95186
2009,03,4,2,695.868
2009,03,4,3,695.64752
2009,03,4,4,695.01843
2009,03,4,5,694.32405
2009,03,4,6,694.15851
2009,03,4,7,693.91474
2009,03,5,0,693.49791
2009,03,5,1,692.70378
2009,03,5,2,691.35633
2009,03,5,3,689.72599
2009,03,5,4,688.19296
2009,03,5,5,686.8793
2009,03,5,6,685.71091
2009,03,5,7,684.60285
2009,03,6,0,683.50958
2009,03,6,1,683.08087
2009,03,6,2,682.78357
2009,03,6,3,682.25951
2009,03,6,4,682.07947
2009,03,6,5,682.00933
2009,03,6,6,681.86731
2009,03,6,7,681.87584
2009,03,7,0,681.6931
2009,03,7,1,681.55852
2009,03,7,2,681.61162
2009,03,7,3,681.91566
2009,03,7,4,682.35059
2009,03,7,5,682.76315
2009,03,7,6,683.1582
2009,03,7,7,683.70421
2009,03,8,0,683.75161
2009,03,8,1,683.45747
2009,03,8,2,683.58015
2009,03,8,3,683.8751
2009,03,8,4,683.81826
2009,03,8,5,683.66295
2009,03,8,6,683.45476
2009,03,8,7,683.53594
2009,03,9,0,683.13053
2009,03,9,1,682.60259
2009,03,9,2,682.70865
2009,03,9,3,682.69767
2009,03,9,4,682.66879
2009,03,9,5,682.67902
2009,03,9,6,682.86585
2009,03,9,7,682.93632
2009,03,10,0,682.17591
2009,03,10,1,681.40073
2009,03,10,2,680.84067
2009,03,10,3,680.59178
2009,03,10,4,680.80488
2009,03,10,5,680.67337
2009,03,10,6,680.58886
2009,03,10,7,681.0844
2009,03,11,0,681.47151
2009,03,11,1,681.99435
2009,03,11,2,682.87108
2009,03,11,3,683.95517
2009,03,11,4,684.66996
2009,03,11,5,685.65113
2009,03,11,6,685.95908
2009,03,11,7,685.30446
2009,03,12,0,684.78966
2009,03,12,1,684.81941
2009,03,12,2,685.20057
2009,03,12,3,685.90202
2009,03,12,4,686.48974
2009,03,12,5,687.14387
2009,03,12,6,687.69758
2009,03,12,7,688.38291
2009,03,13,0,689.5032
2009,03,13,1,690.18684
2009,03,13,2,690.16097
2009,03,13,3,690.2092
2009,03,13,4,690.25544
2009,03,13,5,689.853
2009,03,13,6,689.2764
2009,03,13,7,688.64838
2009,03,14,0,688.24287
2009,03,14,1,687.81713
2009,03,14,2,687.83757
2009,03,14,3,687.84426
2009,03,14,4,687.80955
2009,03,14,5,687.73719
2009,03,14,6,688.18083
2009,03,14,7,688.75153
2009,03,15,0,688.55856
2009,03,15,1,688.50168
2009,03,15,2,690.4889
2009,03,15,3,691.92944
2009,03,15,4,693.25688
2009,03,15,5,694.67939
2009,03,15,6,696.51886
2009,03,15,7,697.70137
2009,03,16,0,698.34205
2009,03,16,1,698.47386
2009,03,16,2,697.9414
2009,03,16,3,696.45755
2009,03,16,4,693.97507
2009,03,16,5,691.73919
2009,03,16,6,689.70148
2009,03,16,7,688.18381
2009,03,17,0,686.83062
2009,03,17,1,686.04081
2009,03,17,2,685.7675
2009,03,17,3,686.7916
2009,03,17,4,687.90578
2009,03,17,5,688.25552
2009,03,17,6,688.54964
2009,03,17,7,689.36137
2009,03,18,0,690.61882
2009,03,18,1,692.10927
2009,03,18,2,694.54354
2009,03,18,3,697.07525
2009,03,18,4,698.70871
2009,03,18,5,699.73351
2009,03,18,6,700.06069
2009,03,18,7,700.25924
2009,03,19,0,700.83599
2009,03,19,1,700.85873
2009,03,19,2,700.97407
2009,03,19,3,700.59264
2009,03,19,4,699.04676
2009,03,19,5,696.08188
2009,03,19,6,693.65929
2009,03,19,7,693.20854
2009,03,20,0,692.66899
2009,03,20,1,691.81956
2009,03,20,2,691.25838
2009,03,20,3,691.25109
2009,03,20,4,691.57007
2009,03,20,5,692.28442
2009,03,20,6,692.63209
2009,03,20,7,692.84339
2009,03,21,0,692.81709
2009,03,21,1,692.15438
2009,03,21,2,691.92293
2009,03,21,3,692.17191
2009,03,21,4,692.01848
2009,03,21,5,691.55182
2009,03,21,6,691.70553
2009,03,21,7,692.0761
2009,03,22,0,692.80122
2009,03,22,1,693.54472
2009,03,22,2,694.15237
2009,03,22,3,695.15356
2009,03,22,4,695.82472
2009,03,22,5,696.26772
2009,03,22,6,697.47827
2009,03,22,7,698.75508
2009,03,23,0,699.27399
2009,03,23,1,699.12514
2009,03,23,2,700.28082
2009,03,23,3,701.50704
2009,03,23,4,702.08264
2009,03,23,5,702.6637
2009,03,23,6,703.19765
2009,03,23,7,703.32758
2009,03,24,0,703.36666
2009,03,24,1,703.01029
2009,03,24,2,702.85283
2009,03,24,3,702.73392
2009,03,24,4,702.24117
2009,03,24,5,701.71317
2009,03,24,6,701.98132
2009,03,24,7,702.42778
2009,03,25,0,702.90227
2009,03,25,1,703.6517
2009,03,25,2,704.26809
2009,03,25,3,704.21979
2009,03,25,4,704.22925
2009,03,25,5,704.18482
2009,03,25,6,704.08505
2009,03,25,7,703.59101
2009,03,26,0,702.31458
2009,03,26,1,701.11963
2009,03,26,2,700.52512
2009,03,26,3,699.42874
2009,03,26,4,697.16181
2009,03,26,5,694.64795
2009,03,26,6,693.35344
2009,03,26,7,692.43971
2009,03,27,0,692.32875
2009,03,27,1,692.59463
2009,03,27,2,693.16797
2009,03,27,3,694.20161
2009,03,27,4,695.44023
2009,03,27,5,696.50547
2009,03,27,6,698.41988
2009,03,27,7,700.67471
2009,03,28,0,703.38431
2009,03,28,1,706.12088
2009,03,28,2,708.34952
2009,03,28,3,710.18661
2009,03,28,4,711.37708
2009,03,28,5,719.7338
2009,03,28,6,719.70467
2009,03,28,7,719.36799
2009,03,29,0,719.34981
2009,03,29,1,719.3159
2009,03,29,2,718.93107
2009,03,29,3,711.13254
2009,03,29,4,710.47665
2009,03,29,5,710.48061
2009,03,29,6,709.8884
2009,03,29,7,709.25034
2009,03,30,0,709.47763
2009,03,30,1,709.12534
2009,03,30,2,709.38019
2009,03,30,3,709.53799
2009,03,30,4,709.44877
2009,03,30,5,709.06164
2009,03,30,6,708.62451
2009,03,30,7,707.78555
2009,03,1,0,706.89486
2009,03,1,1,705.91673
2009,03,1,2,704.53718
2009,03,1,3,702.93817
2009,03,1,4,701.49066
2009,03,1,5,699.9391
2009,03,1,6,698.21475
2009,03,1,7,696.56444
2009,03,2,0,694.50704
2009,03,2,1,692.60561
2009,03,2,2,691.47139
2009,03,2,3,690.10174
2009,03,2,4,689.09635
2009,03,2,5,688.17549
2009,03,2,6,686.66593
2009,03,2,7,685.85074
2009,03,3,0,685.64438
2009,03,3,1,685.7997
2009,03,3,2,686.10825
2009,03,3,3,686.58722
2009,03,3,4,686.5315
2009,03,3,5,685.81909
2009,03,3,6,684.74598
2009,03,3,7,684.2837
2009,03,4,0,684.40931
2009,03,4,1,684.18635
2009,03,4,2,683.54787
2009,03,4,3,683.74187
2009,03,4,4,683.89627
2009,03,4,5,683.85557
2009,03,4,6,683.9301
2009,03,4,7,684.3387
2009,03,5,0,684.89845
2009,03,5,1,685.53719
2009,03,5,2,686.6
2009,03,5,3,688.15167
2009,03,5,4,689.83644
2009,03,5,5,690.97713
2009,03,5,6,691.75838
2009,03,5,7,692.8654
2009,03,6,0,693.2037
2009,03,6,1,692.94293
2009,03,6,2,692.99332
2009,03,6,3,693.52737
2009,03,6,4,693.76368
2009,03,6,5,693.45791
2009,03,6,6,692.79643
2009,03,6,7,692.32541
2009,03,7,0,692.20902
2009,03,7,1,691.96715
2009,03,7,2,690.59616
2009,03,7,3,689.45845
2009,03,7,4,689.44605
2009,03,7,5,689.49702
2009,03,7,6,689.53025
2009,03,7,7,689.56402
2009,03,8,0,690.32156
2009,03,8,1,690.30978
2009,03,8,2,690.07781
2009,03,8,3,690.39958
2009,03,8,4,689.79917
2009,03,8,5,689.0725
2009,03,8,6,689.4982
2009,03,8,7,690.02412
2009,03,9,0,690.60614
2009,03,9,1,691.34183
2009,03,9,2,692.6458
2009,03,9,3,693.05832
2009,03,9,4,692.97776
2009,03,9,5,693.08307
2009,03,9,6,691.81087
2009,03,9,7,690.9968
2009,03,10,0,692.06863
2009,03,10,1,692.72568
2009,03,10,2,692.98754
2009,03,10,3,693.53728
2009,03,10,4,692.9527
2009,03,10,5,691.18668
2009,03,10,6,690.37959
2009,03,10,7,690.08266
2009,03,11,0,690.17553
2009,03,11,1,689.53452
2009,03,11,2,689.583
2009,03,11,3,690.89833
2009,03,11,4,691.43572
2009,03,11,5,691.54606
2009,03,11,6,691.67192
2009,03,11,7,692.24916
2009,03,12,0,693.87956
2009,03,12,1,695.15045
2009,03,12,2,696.6687
2009,03,12,3,698.1155
2009,03,12,4,698.72221
2009,03,12,5,698.53684
2009,03,12,6,697.82402
2009,03,12,7,696.30507
2009,03,13,0,695.3868
2009,03,13,1,694.87581
2009,03,13,2,694.44778
2009,03,13,3,694.46319
2009,03,13,4,694.31675
2009,03,13,5,694.21661
2009,03,13,6,694.71213
2009,03,13,7,695.08134
2009,03,14,0,695.62988
2009,03,14,1,696.00568
2009,03,14,2,696.48047
2009,03,14,3,696.64571
2009,03,14,4,696.56475
2009,03,14,5,696.63325
2009,03,14,6,696.55274
2009,03,14,7,696.12432
2009,03,15,0,695.733
2009,03,15,1,695.18899
2009,03,15,2,694.64619
2009,03,15,3,693.98953
2009,03,15,4,693.59249
2009,03,15,5,693.01235
2009,03,15,6,691.96261
2009,03,15,7,690.68484
2009,03,16,0,689.8417
2009,03,16,1,689.06635
2009,03,16,2,687.96184
2009,03,16,3,686.84971
2009,03,16,4,685.66081
2009,03,16,5,684.48742
2009,03,16,6,683.80216
2009,03,16,7,683.44147
2009,03,17,0,682.85522
2009,03,17,1,682.1895
2009,03,17,2,682.0596
2009,03,17,3,681.93917
2009,03,17,4,682.03631
2009,03,17,5,682.13856
2009,03,17,6,682.54462
2009,03,17,7,682.84803
2009,03,18,0,683.33908
2009,03,18,1,683.3726
2009,03,18,2,683.11494
2009,03,18,3,682.32663
2009,03,18,4,680.85628
2009,03,18,5,680.04994
2009,03,18,6,679.55956
2009,03,18,7,679.15861
2009,03,19,0,678.84467
2009,03,19,1,679.17874
2009,03,19,2,679.8249
2009,03,19,3,680.2614
2009,03,19,4,680.33123
2009,03,19,5,680.54175
2009,03,19,6,680.93046
2009,03,19,7,681.43718
2009,03,20,0,682.18057
2009,03,20,1,683.1863
2009,03,20,2,684.68901
2009,03,20,3,686.37686
2009,03,20,4,687.40322
2009,03,20,5,687.58763
2009,03,20,6,688.31341
2009,03,20,7,689.17368
2009,03,21,0,689.12565
2009,03,21,1,689.03722
2009,03,21,2,689.75352
2009,03,21,3,690.27564
2009,03,21,4,690.30264
2009,03,21,5,690.0061
2009,03,21,6,689.77656
2009,03,21,7,689.59066
2009,03,22,0,689.34186
2009,03,22,1,689.50817
2009,03,22,2,689.55868
2009,03,22,3,689.26764
2009,03,22,4,689.26375
2009,03,22,5,689.62782
2009,03,22,6,689.81231
2009,03,22,7,689.71382
2009,03,23,0,689.34916
2009,03,23,1,689.01312
2009,03,23,2,688.85476
2009,03,23,3,688.24926
2009,03,23,4,686.5762
2009,03,23,5,684.94592
2009,03,23,6,683.56922
2009,03,23,7,682.88941
2009,03,24,0,683.10018
2009,03,24,1,683.86069
2009,03,24,2,683.84526
2009,03,24,3,683.50436
2009,03,24,4,683.5871
2009,03,24,5,683.95976
2009,03,24,6,684.79155
2009,03,24,7,685.51381
2009,03,25,0,686.20714
2009,03,25,1,687.11262
2009,03,25,2,688.19171
2009,03,25,3,688.59692
2009,03,25,4,688.56489
2009,03,25,5,688.5316
2009,03,25,6,688.48629
2009,03,25,7,688.76746
2009,03,26,0,688.58143
2009,03,26,1,688.19586
2009,03,26,2,687.81868
2009,03,26,3,687.39263
2009,03,26,4,687.05391
2009,03,26,5,687.21698
2009,03,26,6,687.25427
2009,03,26,7,687.55625
2009,03,27,0,688.16553
2009,03,27,1,688.19264
2009,03,27,2,688.46229
2009,03,27,3,688.65763
2009,03,27,4,688.79132
2009,03,27,5,689.05295
2009,03,27,6,689.1404
2009,03,27,7,689.45845
2009,03,28,0,689.73635
2009,03,28,1,689.85639
2009,03,28,2,689.87196
2009,03,28,3,689.63333
2009,03,28,4,690.06995
2009,03,28,5,689.90094
2009,03,28,6,689.27496
2009,03,28,7,688.74368
2009,03,29,0,688.24666
2009,03,29,1,688.09518
2009,03,29,2,687.76374
2009,03,29,3,687.84142
2009,03,29,4,688.25498
2009,03,29,5,688.52089
2009,03,29,6,688.61216
2009,03,29,7,688.67477
2009,03,30,0,688.95308
2009,03,30,1,688.89252
2009,03,30,2,688.93979
2009,03,30,3,689.39483
2009,03,30,4,689.85146
2009,03,30,5,690.45042
2009,03,30,6,690.83925
2009,03,30,7,691.36112
2009,03,31,0,691.56139
2009,03,31,1,692.16891
2009,03,31,2,692.32896
2009,03,31,3,692.16386
2009,03,31,4,692.54764
2009,03,31,5,693.00554
2009,03,31,6,693.82063
2009,03,31,7,694.31895
2009,03,1,0,694.90632
2009,03,1,1,695.53186
2009,03,1,2,695.77536
2009,03,1,3,696.12753
2009,03,1,4,696.97521
2009,03,1,5,697.75004
2009,03,1,6,698.06958
2009,03,1,7,698.3032
2009,03,2,0,698.55347
2009,03,2,1,698.8047
2009,03,2,2,698.95309
2009,03,2,3,698.82122
2009,03,2,4,698.33849
2009,03,2,5,697.64196
2009,03,2,6,696.57106
2009,03,2,7,695.71779
2009,03,3,0,695.4456
2009,03,3,1,694.92683
2009,03,3,2,694.23588
2009,03,3,3,694.0238
2009,03,3,4,693.77378
2009,03,3,5,693.96638
2009,03,3,6,694.61881
2009,03,3,7,695.05749
2009,03,4,0,695.90672
2009,03,4,1,696.38394
2009,03,4,2,696.78556
2009,03,4,3,697.48534
2009,03,4,4,698.11634
2009,03,4,5,698.41165
2009,03,4,6,696.88086
2009,03,4,7,695.74283
2009,03,5,0,695.32622
2009,03,5,1,694.21457
2009,03,5,2,692.53596
2009,03,5,3,691.44651
2009,03,5,4,690.6394
2009,03,5,5,690.06736
2009,03,5,6,689.78264
2009,03,5,7,690.024
2009,03,6,0,690.20376
2009,03,6,1,689.86095
2009,03,6,2,688.83316
2009,03,6,3,687.46914
2009,03,6,4,686.00857
2009,03,6,5,684.64585
2009,03,6,6,683.13955
2009,03,6,7,681.55531
2009,03,7,0,681.02766
2009,03,7,1,681.18354
2009,03,7,2,680.5935
2009,03,7,3,679.80898
2009,03,7,4,679.32734
2009,03,7,5,679.3417
2009,03,7,6,678.79746
2009,03,7,7,678.34761
2009,03,8,0,677.95305
2009,03,8,1,677.77799
2009,03,8,2,678.21003
2009,03,8,3,678.7633
2009,03,8,4,679.14092
2009,03,8,5,679.04927
2009,03,8,6,679.34974
2009,03,8,7,680.02473
2009,03,9,0,679.61258
2009,03,9,1,678.89665
2009,03,9,2,678.86106
2009,03,9,3,678.38809
2009,03,9,4,677.67946
2009,03,9,5,676.88942
2009,03,9,6,676.04011
2009,03,9,7,675.413
2009,03,10,0,675.26999
2009,03,10,1,675.06348
2009,03,10,2,674.61363
2009,03,10,3,674.61587
2009,03,10,4,674.8964
2009,03,10,5,675.50243
2009,03,10,6,676.53475
2009,03,10,7,677.70013
2009,03,11,0,679.3007
2009,03,11,1,680.2935
2009,03,11,2,680.97892
2009,03,11,3,682.59526
2009,03,11,4,684.4336
2009,03,11,5,686.48776
2009,03,11,6,688.33216
2009,03,11,7,689.9363
2009,03,12,0,691.10575
2009,03,12,1,692.15084
2009,03,12,2,692.87877
2009,03,12,3,693.94289
2009,03,12,4,695.10679
2009,03,12,5,696.03008
2009,03,12,6,697.29808
2009,03,12,7,698.27145
2009,03,13,0,698.71755
2009,03,13,1,699.39899
2009,03,13,2,699.81282
2009,03,13,3,700.33485
2009,03,13,4,700.76739
2009,03,13,5,700.79522
2009,03,13,6,700.576
2009,03,13,7,700.39541
2009,03,14,0,699.88105
2009,03,14,1,699.84105
2009,03,14,2,699.98474
2009,03,14,3,699.19044
2009,03,14,4,697.98206
2009,03,14,5,697.08619
2009,03,14,6,696.78489
2009,03,14,7,696.94353
2009,03,15,0,697.13124
2009,03,15,1,697.86726
2009,03,15,2,699.07807
2009,03,15,3,699.9939
2009,03,15,4,700.07933
2009,03,15,5,700.07196
2009,03,15,6,699.4253
2009,03,15,7,698.74108
2009,03,16,0,697.50469
2009,03,16,1,695.95174
2009,03,16,2,695.13974
2009,03,16,3,694.73322
2009,03,16,4,694.71951
2009,03,16,5,694.71184
2009,03,16,6,694.05059
2009,03,16,7,693.71629
2009,03,17,0,693.46079
2009,03,17,1,693.25698
2009,03,17,2,693.64806
2009,03,17,3,693.87509
2009,03,17,4,693.62319
2009,03,17,5,693.16498
2009,03,17,6,692.65651
2009,03,17,7,692.32591
2009,03,18,0,691.46022
2009,03,18,1,690.1144
2009,03,18,2,689.35165
2009,03,18,3,688.5146
2009,03,18,4,687.40243
2009,03,18,5,686.21395
2009,03,18,6,684.6598
2009,03,18,7,683.19021
2009,03,19,0,681.48292
2009,03,19,1,679.7343
2009,03,19,2,678.38723
2009,03,19,3,677.0451
2009,03,19,4,675.67122
2009,03,19,5,674.96303
2009,03,19,6,674.35884
2009,03,19,7,673.73082
2009,03,20,0,673.78166
2009,03,20,1,673.76938
2009,03,20,2,674.12547
2009,03,20,3,674.79604
2009,03,20,4,676.00376
2009,03,20,5,676.91458
2009,03,20,6,677.79156
2009,03,20,7,679.05287
2009,03,21,0,680.10309
2009,03,21,1,680.64335
2009,03,21,2,681.96314
2009,03,21,3,683.3369
2009,03,21,4,683.3024
2009,03,21,5,682.47855
2009,03,21,6,682.62272
2009,03,21,7,682.80583
2009,03,22,0,682.92941
2009,03,22,1,683.06608
2009,03,22,2,683.3918
2009,03,22,3,683.52148
2009,03,22,4,683.30916
2009,03,22,5,682.95938
2009,03,22,6,682.56718
2009,03,22,7,682.27838
2009,03,23,0,682.33803
2009,03,23,1,682.17233
2009,03,23,2,682.52388
2009,03,23,3,682.90806
2009,03,23,4,683.2542
2009,03,23,5,683.31355
2009,03,23,6,683.44304
2009,03,23,7,683.62518
2009,03,24,0,683.57635
2009,03,24,1,683.80568
2009,03,24,2,683.69898
2009,03,24,3,683.49912
2009,03,24,4,683.88253
2009,03,24,5,684.17704
2009,03,24,6,684.7354
2009,03,24,7,685.10045
2009,03,25,0,685.85171
2009,03,25,1,687.35244
2009,03,25,2,688.31586
2009,03,25,3,689.22525
2009,03,25,4,690.95911
2009,03,25,5,692.54494
2009,03,25,6,693.1753
2009,03,25,7,693.46105
2009,03,26,0,694.69314
2009,03,26,1,695.39657
2009,03,26,2,694.89655
2009,03,26,3,694.36777
2009,03,26,4,694.54879
2009,03,26,5,694.25433
2009,03,26,6,693.46996
2009,03,26,7,692.78661
2009,03,27,0,692.33605
2009,03,27,1,691.66258
2009,03,27,2,691.38436
2009,03,27,3,691.4106
2009,03,27,4,690.52251
2009,03,27,5,689.93059
2009,03,27,6,689.81909
2009,03,27,7,689.30519
2009,03,28,0,688.42986
2009,03,28,1,687.71008
2009,03,28,2,687.34266
2009,03,28,3,686.69392
2009,03,28,4,686.01141
2009,03,28,5,684.98654
2009,03,28,6,685.05985
2009,03,28,7,685.00322
2009,03,29,0,684.27097
2009,03,29,1,683.80268
2009,03,29,2,684.33309
2009,03,29,3,684.38869
2009,03,29,4,683.88519
2009,03,29,5,684.04854
2009,03,29,6,684.12958
2009,03,29,7,684.19608
2009,03,30,0,684.782
2009,03,30,1,685.53527
2009,03,30,2,686.34598
2009,03,30,3,687.21513
2009,03,30,4,687.18471
2009,03,30,5,687.30001
2009,03,30,6,687.61516
2009,03,30,7,687.67787
2009,03,31,0,687.53735
2009,03,31,1,687.64625
2009,03,31,2,688.06186
2009,03,31,3,687.81811
2009,03,31,4,687.61837
2009,03,31,5,687.47659
2009,03,31,6,687.72086
2009,03,31,7,687.9478
2009,03,1,0,687.55575
2009,03,1,1,687.22704
2009,03,1,2,686.98781
2009,03,1,3,686.89391
2009,03,1,4,686.79913
2009,03,1,5,686.66688
2009,03,1,6,686.30065
2009,03,1,7,686.41896
2009,03,2,0,686.39725
2009,03,2,1,686.16533
2009,03,2,2,686.69304
2009,03,2,3,687.16214
2009,03,2,4,687.61337
2009,03,2,5,688.05265
2009,03,2,6,687.97056
2009,03,2,7,688.18505
2009,03,3,0,688.28569
2009,03,3,1,688.42185
2009,03,3,2,688.66244
2009,03,3,3,688.88316
2009,03,3,4,688.53221
2009,03,3,5,688.10067
2009,03,3,6,687.79925
2009,03,3,7,687.0036
2009,03,4,0,685.84027
2009,03,4,1,684.52683
2009,03,4,2,683.65035
2009,03,4,3,682.27939
2009,03,4,4,680.9555
2009,03,4,5,679.77454
2009,03,4,6,678.60836
2009,03,4,7,677.98903
2009,03,5,0,677.5392
2009,03,5,1,677.5263
2009,03,5,2,678.09635
2009,03,5,3,678.48544
2009,03,5,4,678.70725
2009,03,5,5,679.13268
2009,03,5,6,679.78548
2009,03,5,7,680.3289
2009,03,6,0,681.22651
2009,03,6,1,682.68413
2009,03,6,2,683.57784
2009,03,6,3,684.49857
2009,03,6,4,685.60065
2009,03,6,5,686.66754
2009,03,6,6,687.45058
2009,03,6,7,687.64943
2009,03,7,0,688.38921
2009,03,7,1,689.33542
2009,03,7,2,688.96549
2009,03,7,3,688.14438
2009,03,7,4,687.8249
2009,03,7,5,687.23855
2009,03,7,6,686.63584
2009,03,7,7,685.80006
2009,03,8,0,685.15074
2009,03,8,1,684.18978
2009,03,8,2,683.71883
2009,03,8,3,682.79403
2009,03,8,4,681.6499
2009,03,8,5,680.99724
2009,03,8,6,679.98904
2009,03,8,7,678.72921
2009,03,9,0,678.42945
2009,03,9,1,678.93587
2009,03,9,2,679.16573
2009,03,9,3,679.08759
2009,03,9,4,679.08771
2009,03,9,5,679.60491
2009,03,9,6,679.87867
2009,03,9,7,679.92619
2009,03,10,0,680.01266
2009,03,10,1,680.14877
2009,03,10,2,680.58277
2009,03,10,3,681.25852
2009,03,10,4,681.53903
2009,03,10,5,681.61494
2009,03,10,6,681.34301
2009,03,10,7,681.02099
2009,03,11,0,680.88129
2009,03,11,1,682.02127
2009,03,11,2,683.41624
2009,03,11,3,685.37876
2009,03,11,4,687.81714
2009,03,11,5,690.24559
2009,03,11,6,692.32056
2009,03,11,7,694.22698
2009,03,12,0,695.92985
2009,03,12,1,696.8362
2009,03,12,2,697.21254
2009,03,12,3,695.51307
2009,03,12,4,694.01566
2009,03,12,5,693.42028
2009,03,12,6,693.06003
2009,03,12,7,692.95153
2009,03,13,0,692.25403
2009,03,13,1,691.33501
2009,03,13,2,691.10887
2009,03,13,3,690.60304
2009,03,13,4,689.91078
2009,03,13,5,689.92665
2009,03,13,6,689.94558
2009,03,13,7,689.85493
2009,03,14,0,690.11222
2009,03,14,1,690.50105
2009,03,14,2,690.75503
2009,03,14,3,690.77304
2009,03,14,4,690.18531
2009,03,14,5,689.76879
2009,03,14,6,690.05607
2009,03,14,7,690.18908
2009,03,15,0,690.43575
2009,03,15,1,690.29252
2009,03,15,2,690.59683
2009,03,15,3,691.0416
2009,03,15,4,691.27288
2009,03,15,5,691.59589
2009,03,15,6,691.48398
2009,03,15,7,691.55135
2009,03,16,0,691.83094
2009,03,16,1,691.94939
2009,03,16,2,692.42752
2009,03,16,3,692.76189
2009,03,16,4,692.24702
2009,03,16,5,691.69207
2009,03,16,6,691.66131
2009,03,16,7,691.60045
2009,03,17,0,690.87231
2009,03,17,1,690.25734
2009,03,17,2,690.68202
2009,03,17,3,691.21248
2009,03,17,4,691.57605
2009,03,17,5,692.03299
2009,03,17,6,693.23465
2009,03,17,7,694.16105
2009,03,18,0,695.11849
2009,03,18,1,695.65228
2009,03,18,2,695.46564
2009,03,18,3,694.76663
2009,03,18,4,694.70305
2009,03,18,5,695.3856
2009,03,18,6,695.66149
2009,03,18,7,695.84588
2009,03,19,0,696.7749
2009,03,19,1,696.82811
2009,03,19,2,696.96522
2009,03,19,3,696.65608
2009,03,19,4,696.50371
2009,03,19,5,696.30954
2009,03,19,6,695.74437
2009,03,19,7,695.24471
2009,03,20,0,695.11158
2009,03,20,1,694.15872
2009,03,20,2,693.29928
2009,03,20,3,692.3606
2009,03,20,4,691.34037
2009,03,20,5,690.63939
2009,03,20,6,690.2417
2009,03,20,7,689.73984
2009,03,21,0,689.81524
2009,03,21,1,689.70533
2009,03,21,2,689.76244
2009,03,21,3,689.95382
2009,03,21,4,690.24387
2009,03,21,5,690.50089
2009,03,21,6,690.99269
2009,03,21,7,691.52261
2009,03,22,0,691.76342
2009,03,22,1,691.92869
2009,03,22,2,692.51524
2009,03,22,3,692.90746
2009,03,22,4,693.31668
2009,03,22,5,693.61851
2009,03,22,6,694.08512
2009,03,22,7,694.48305
2009,03,23,0,694.59286
2009,03,23,1,694.31719
2009,03,23,2,694.6742
2009,03,23,3,695.27191
2009,03,23,4,695.17084
2009,03,23,5,694.97156
2009,03,23,6,695.55721
2009,03,23,7,695.97064
2009,03,24,0,696.58632
2009,03,24,1,696.51505
2009,03,24,2,696.92258
2009,03,24,3,697.17934
2009,03,24,4,696.84951
2009,03,24,5,696.26975
2009,03,24,6,695.65012
2009,03,24,7,695.10427
2009,03,25,0,694.73537
2009,03,25,1,693.92265
2009,03,25,2,693.2909
2009,03,25,3,692.90049
2009,03,25,4,692.76105
2009,03,25,5,692.30541
2009,03,25,6,692.0696
2009,03,25,7,691.97773
2009,03,26,0,691.70495
2009,03,26,1,691.2382
2009,03,26,2,690.73943
2009,03,26,3,690.54073
2009,03,26,4,690.02993
2009,03,26,5,689.47349
2009,03,26,6,689.16577
2009,03,26,7,688.28925
2009,03,27,0,687.54819
2009,03,27,1,686.94424
2009,03,27,2,686.15895
2009,03,27,3,685.35324
2009,03,27,4,684.46593
2009,03,27,5,683.17357
2009,03,27,6,681.24301
2009,03,27,7,679.89388
2009,03,28,0,679.48126
2009,03,28,1,678.59195
2009,03,28,2,677.42488
2009,03,28,3,676.56603
2009,03,28,4,675.34134
2009,03,28,5,673.54107
2009,03,28,6,672.51989
2009,03,28,7,672.42252
2009,03,29,0,672.28792
2009,03,29,1,672.43893
2009,03,29,2,673.29705
2009,03,29,3,673.77481
2009,03,29,4,673.9802
2009,03,29,5,674.40009
2009,03,29,6,675.02242
2009,03,29,7,675.49986
2009,03,30,0,675.44713
2009,03,30,1,675.68428
2009,03,30,2,677.06421
2009,03,30,3,677.79387
2009,03,30,4,678.55928
2009,03,30,5,679.77096
2009,03,30,6,680.74771
2009,03,30,7,681.60369
2009,03,1,0,682.41806
2009,03,1,1,682.92584
2009,03,1,2,683.13584
2009,03,1,3,683.21034
2009,03,1,4,683.41443
2009,03,1,5,683.58201
2009,03,1,6,683.82832
2009,03,1,7,684.11998
2009,03,2,0,683.93347
2009,03,2,1,683.61577
2009,03,2,2,683.69403
2009,03,2,3,683.74673
2009,03,2,4,683.41151
2009,03,2,5,682.95937
2009,03,2,6,682.62494
2009,03,2,7,682.18629
2009,03,3,0,681.68247
2009,03,3,1,681.12962
2009,03,3,2,680.97048
2009,03,3,3,680.70036
2009,03,3,4,680.33811
2009,03,3,5,680.37313
2009,03,3,6,680.35088
2009,03,3,7,680.33373
2009,03,4,0,680.80661
2009,03,4,1,681.00542
2009,03,4,2,681.30468
2009,03,4,3,681.97032
2009,03,4,4,682.77105
2009,03,4,5,682.90061
2009,03,4,6,683.03658
2009,03,4,7,683.5026
2009,03,5,0,684.55489
2009,03,5,1,685.22974
2009,03,5,2,685.0698
2009,03,5,3,684.96761
2009,03,5,4,685.14891
2009,03,5,5,685.26532
2009,03,5,6,685.11432
2009,03,5,7,684.81648
2009,03,6,0,684.66059
2009,03,6,1,684.14613
2009,03,6,2,683.08751
2009,03,6,3,682.06521
2009,03,6,4,681.5823
2009,03,6,5,681.07053
2009,03,6,6,679.96844
2009,03,6,7,679.43092
2009,03,7,0,679.03587
2009,03,7,1,678.46084
2009,03,7,2,678.27983
2009,03,7,3,678.38776
2009,03,7,4,678.42115
2009,03,7,5,678.73368
2009,03,7,6,678.97338
2009,03,7,7,679.03718
2009,03,8,0,679.01563
2009,03,8,1,679.47635
2009,03,8,2,680.13906
2009,03,8,3,680.8332
2009,03,8,4,681.54916
2009,03,8,5,682.32239
2009,03,8,6,682.96549
2009,03,8,7,683.59337
2009,03,9,0,684.37312
2009,03,9,1,684.90807
2009,03,9,2,684.99982
2009,03,9,3,685.42319
2009,03,9,4,685.96954
2009,03,9,5,686.71954
2009,03,9,6,687.25876
2009,03,9,7,687.94328
2009,03,10,0,688.96564
2009,03,10,1,689.43102
2009,03,10,2,690.06727
2009,03,10,3,690.78038
2009,03,10,4,691.09862
2009,03,10,5,691.54989
2009,03,10,6,691.9569
2009,03,10,7,692.31432
2009,03,11,0,692.5211
2009,03,11,1,692.36125
2009,03,11,2,692.79069
2009,03,11,3,692.55735
2009,03,11,4,692.31883
2009,03,11,5,692.93041
2009,03,11,6,693.73418
2009,03,11,7,694.30805
2009,03,12,0,694.42008
2009,03,12,1,693.9668
2009,03,12,2,693.8933
2009,03,12,3,693.78602
2009,03,12,4,693.2686
2009,03,12,5,692.83338
2009,03,12,6,692.90707
2009,03,12,7,692.60841
2009,03,13,0,692.23186
2009,03,13,1,691.96676
2009,03,13,2,691.39851
2009,03,13,3,689.90876
2009,03,13,4,688.81886
2009,03,13,5,687.96178
2009,03,13,6,687.79214
2009,03,13,7,687.54147
2009,03,14,0,686.62857
2009,03,14,1,686.0523
2009,03,14,2,685.75799
2009,03,14,3,685.17781
2009,03,14,4,685.02019
2009,03,14,5,684.56658
2009,03,14,6,683.88356
2009,03,14,7,682.9905
2009,03,15,0,682.8314
2009,03,15,1,681.74057
2009,03,15,2,680.01523
2009,03,15,3,678.61112
2009,03,15,4,678.15814
2009,03,15,5,677.94592
2009,03,15,6,678.48424
2009,03,15,7,679.56415
2009,03,16,0,680.57572
2009,03,16,1,681.08975
2009,03,16,2,682.03713
2009,03,16,3,683.59839
2009,03,16,4,684.72334
2009,03,16,5,684.96036
2009,03,16,6,685.30556
2009,03,16,7,686.2021
2009,03,17,0,686.90203
2009,03,17,1,686.87193
2009,03,17,2,687.10093
2009,03,17,3,687.98724
2009,03,17,4,688.12819
2009,03,17,5,687.83642
2009,03,17,6,688.52326
2009,03,17,7,689.2462
2009,03,18,0,689.48776
2009,03,18,1,689.06822
2009,03,18,2,688.56861
2009,03,18,3,688.24329
2009,03,18,4,688.39627
2009,03,18,5,688.2881
2009,03,18,6,687.82933
2009,03,18,7,687.13989
2009,03,19,0,686.27655
2009,03,19,1,685.7163
2009,03,19,2,685.712
2009,03,19,3,686.03654
2009,03,19,4,686.16318
2009,03,19,5,685.941
2009,03,19,6,685.98157
2009,03,19,7,686.60111
2009,03,20,0,687.89693
2009,03,20,1,688.71089
2009,03,20,2,689.56904
2009,03,20,3,690.47997
2009,03,20,4,691.19837
2009,03,20,5,691.52995
2009,03,20,6,691.86746
2009,03,20,7,691.87747
2009,03,21,0,691.24504
2009,03,21,1,689.95835
2009,03,21,2,689.20618
2009,03,21,3,688.7178
2009,03,21,4,687.82579
2009,03,21,5,686.84956
2009,03,21,6,687.09619
2009,03,21,7,687.6273
2009,03,22,0,687.32914
2009,03,22,1,686.45497
2009,03,22,2,686.60768
2009,03,22,3,686.90119
2009,03,22,4,685.86002
2009,03,22,5,684.61297
2009,03,22,6,684.69356
2009,03,22,7,685.39398
2009,03,23,0,686.14962
2009,03,23,1,686.44839
2009,03,23,2,687.05637
2009,03,23,3,687.1638
2009,03,23,4,686.62427
2009,03,23,5,685.97021
2009,03,23,6,686.27679
2009,03,23,7,686.98481
2009,03,24,0,686.44601
2009,03,24,1,685.90273
2009,03,24,2,686.44871
2009,03,24,3,687.36142
2009,03,24,4,688.44143
2009,03,24,5,689.04587
2009,03,24,6,689.49661
2009,03,24,7,690.07686
2009,03,25,0,691.07289
2009,03,25,1,691.3578
2009,03,25,2,691.08832
2009,03,25,3,690.89058
2009,03,25,4,690.25797
2009,03,25,5,689.57215
2009,03,25,6,688.90899
2009,03,25,7,688.46134
2009,03,26,0,688.0095
2009,03,26,1,686.83571
2009,03,26,2,686.17169
2009,03,26,3,685.33042
2009,03,26,4,683.19106
2009,03,26,5,681.47887
2009,03,26,6,680.62612
2009,03,26,7,679.81788
2009,03,27,0,678.91274
2009,03,27,1,678.27012
2009,03,27,2,678.74594
2009,03,27,3,679.54076
2009,03,27,4,679.59514
2009,03,27,5,680.15898
2009,03,27,6,681.71023
2009,03,27,7,683.64868
2009,03,28,0,684.88631
2009,03,28,1,685.23677
2009,03,28,2,685.98404
2009,03,28,3,686.82759
2009,03,28,4,686.78105
2009,03,28,5,686.09742
2009,03,28,6,687.14361
2009,03,28,7,688.39659
2009,03,29,0,687.87121
2009,03,29,1,687.09455
2009,03,29,2,687.2077
2009,03,29,3,687.35145
2009,03,29,4,687.10274
2009,03,29,5,686.99481
2009,03,29,6,687.03618
2009,03,29,7,687.06032
2009,03,30,0,686.26957
2009,03,30,1,685.61697
2009,03,30,2,685.61839
2009,03,30,3,685.72194
2009,03,30,4,686.1294
2009,03,30,5,686.35138
2009,03,30,6,686.46845
2009,03,30,7,686.41307
2009,03,31,0,685.2885
2009,03,31,1,683.35946
2009,03,31,2,681.48887
2009,03,31,3,680.1712
2009,03,31,4,679.20725
2009,03,31,5,678.62769
2009,03,31,6,679.10022
2009,03,31,7,679.9006
2009,03,1,0,680.57411
2009,03,1,1,681.26564
2009,03,1,2,682.05008
2009,03,1,3,683.50403
2009,03,1,4,685.34305
2009,03,1,5,686.44602
2009,03,1,6,687.53327
2009,03,1,7,688.99255
2009,03,2,0,689.38255
2009,03,2,1,689.7724
2009,03,2,2,691.23708
2009,03,2,3,692.34431
2009,03,2,4,692.5662
2009,03,2,5,692.70153
2009,03,2,6,693.57223
2009,03,2,7,694.69964
2009,03,3,0,695.23426
2009,03,3,1,695.4587
2009,03,3,2,695.27552
2009,03,3,3,694.95673
2009,03,3,4,694.24632
2009,03,3,5,693.07627
2009,03,3,6,692.00867
2009,03,3,7,691.03772
2009,03,4,0,689.87562
2009,03,4,1,688.29917
2009,03,4,2,687.123
2009,03,4,3,686.36181
2009,03,4,4,685.81255
2009,03,4,5,685.69579
2009,03,4,6,686.0773
2009,03,4,7,686.51473
2009,03,5,0,686.79931
2009,03,5,1,687.33541
2009,03,5,2,688.26886
2009,03,5,3,689.39607
2009,03,5,4,690.64369
2009,03,5,5,691.67829
2009,03,5,6,692.65638
2009,03,5,7,693.20958
2009,03,6,0,692.97607
2009,03,6,1,692.72973
2009,03,6,2,692.56946
2009,03,6,3,692.11017
2009,03,6,4,691.91532
2009,03,6,5,691.9167
2009,03,6,6,692.44341
2009,03,6,7,693.37157
2009,03,7,0,694.18538
2009,03,7,1,694.67024
2009,03,7,2,695.80708
2009,03,7,3,696.56174
2009,03,7,4,696.70602
2009,03,7,5,697.42901
2009,03,7,6,697.70988
2009,03,7,7,697.86817
2009,03,8,0,698.8238
2009,03,8,1,699.18637
2009,03,8,2,699.15882
2009,03,8,3,699.78637
2009,03,8,4,699.89813
2009,03,8,5,700.08767
2009,03,8,6,700.96556
2009,03,8,7,701.63306
2009,03,9,0,701.64876
2009,03,9,1,701.30489
2009,03,9,2,701.24741
2009,03,9,3,701.01624
2009,03,9,4,701.24379
2009,03,9,5,701.22206
2009,03,9,6,701.14685
2009,03,9,7,701.64246
2009,03,10,0,701.98908
2009,03,10,1,702.18719
2009,03,10,2,702.787
2009,03,10,3,703.36824
2009,03,10,4,703.86307
2009,03,10,5,703.92051
2009,03,10,6,704.05338
2009,03,10,7,704.705
2009,03,11,0,705.78523
2009,03,11,1,705.77034
2009,03,11,2,705.67102
2009,03,11,3,706.39595
2009,03,11,4,706.52867
2009,03,11,5,706.54812
2009,03,11,6,707.20687
2009,03,11,7,707.88788
2009,03,12,0,707.75118
2009,03,12,1,707.36003
2009,03,12,2,708.18567
2009,03,12,3,708.81843
2009,03,12,4,708.95767
2009,03,12,5,708.62816
2009,03,12,6,708.8753
2009,03,12,7,709.10867
2009,03,13,0,709.32753
2009,03,13,1,709.25697
2009,03,13,2,709.65768
2009,03,13,3,710.56596
2009,03,13,4,710.54741
2009,03,13,5,710.03428
2009,03,13,6,710.3402
2009,03,13,7,710.48472
2009,03,14,0,710.60479
2009,03,14,1,710.95286
2009,03,14,2,716.74334
2009,03,14,3,711.35135
2009,03,14,4,709.85093
2009,03,14,5,708.97458
2009,03,14,6,707.65686
2009,03,14,7,705.57728
2009,03,15,0,703.54052
2009,03,15,1,701.78059
2009,03,15,2,701.32328
2009,03,15,3,700.70633
2009,03,15,4,700.15974
2009,03,15,5,700.24269
2009,03,15,6,699.74904
2009,03,15,7,699.03107
2009,03,16,0,698.65901
2009,03,16,1,697.89016
2009,03,16,2,697.66471
2009,03,16,3,697.0133
2009,03,16,4,696.163
2009,03,16,5,695.86203
2009,03,16,6,695.40006
2009,03,16,7,694.73506
2009,03,17,0,694.01072
2009,03,17,1,694.02885
2009,03,17,2,695.07044
2009,03,17,3,696.0394
2009,03,17,4,697.01351
2009,03,17,5,698.36055
2009,03,17,6,699.52837
2009,03,17,7,700.67936
2009,03,18,0,701.55587
2009,03,18,1,701.81058
2009,03,18,2,702.60968
2009,03,18,3,703.25018
2009,03,18,4,703.42594
2009,03,18,5,703.49613
2009,03,18,6,703.31872
2009,03,18,7,702.86325
2009,03,19,0,702.49633
2009,03,19,1,701.52587
2009,03,19,2,700.66595
2009,03,19,3,699.62647
2009,03,19,4,698.79832
2009,03,19,5,697.41404
2009,03,19,6,695.82803
2009,03,19,7,694.42731
2009,03,20,0,692.9363
2009,03,20,1,691.78175
2009,03,20,2,691.77214
2009,03,20,3,691.94717
2009,03,20,4,691.88872
2009,03,20,5,691.98493
2009,03,20,6,692.24859
2009,03,20,7,692.46945
2009,03,21,0,693.14685
2009,03,21,1,693.36273
2009,03,21,2,693.5953
2009,03,21,3,693.36641
2009,03,21,4,692.88101
2009,03,21,5,692.23854
2009,03,21,6,691.17739
2009,03,21,7,690.60624
2009,03,22,0,689.51739
2009,03,22,1,688.17342
2009,03,22,2,688.03262
2009,03,22,3,687.75456
2009,03,22,4,687.20945
2009,03,22,5,686.97729
2009,03,22,6,687.15308
2009,03,22,7,687.41374
2009,03,23,0,688.25031
2009,03,23,1,688.86156
2009,03,23,2,689.47976
2009,03,23,3,690.00564
2009,03,23,4,691.05686
2009,03,23,5,691.71401
2009,03,23,6,692.32562
2009,03,23,7,693.13427
2009,03,24,0,693.85893
2009,03,24,1,694.07761
2009,03,24,2,694.47957
2009,03,24,3,694.8067
2009,03,24,4,695.12424
2009,03,24,5,694.96055
2009,03,24,6,694.76544
2009,03,24,7,694.43133
2009,03,25,0,693.89385
2009,03,25,1,693.10695
2009,03,25,2,692.84923
2009,03,25,3,692.39797
2009,03,25,4,691.95543
2009,03,25,5,691.71071
2009,03,25,6,691.41686
2009,03,25,7,691.34132
2009,03,26,0,691.33361
2009,03,26,1,691.26277
2009,03,26,2,691.785
2009,03,26,3,692.42078
2009,03,26,4,693.14529
2009,03,26,5,693.62495
2009,03,26,6,694.28616
2009,03,26,7,694.96456
2009,03,27,0,695.59302
2009,03,27,1,695.97203
2009,03,27,2,696.83764
2009,03,27,3,697.58935
2009,03,27,4,697.60421
2009,03,27,5,697.44175
2009,03,27,6,697.27646
2009,03,27,7,697.04609
2009,03,28,0,697.12562
2009,03,28,1,696.99406
2009,03,28,2,696.6757
2009,03,28,3,696.40947
2009,03,28,4,696.32068
2009,03,28,5,696.05219
2009,03,28,6,696.11501
2009,03,28,7,696.20622
2009,03,29,0,696.29083
2009,03,29,1,696.28946
2009,03,29,2,696.67278
2009,03,29,3,697.23249
2009,03,29,4,697.34684
2009,03,29,5,697.4083
2009,03,29,6,697.81975
2009,03,29,7,698.29874
2009,03,30,0,698.64168
2009,03,30,1,698.89428
2009,03,30,2,698.96047
2009,03,30,3,698.80619
2009,03,30,4,698.7191
2009,03,30,5,698.44477
2009,03,30,6,698.31794
2009,03,30,7,698.30132
2009,03,1,0,698.06668
2009,03,1,1,697.81493
2009,03,1,2,697.51775
2009,03,1,3,697.12024
2009,03,1,4,696.93984
2009,03,1,5,696.56255
2009,03,1,6,696.92714
2009,03,1,7,696.88404
2009,03,2,0,696.30858
2009,03,2,1,695.82398
2009,03,2,2,695.65568
2009,03,2,3,695.19746
2009,03,2,4,694.74675
2009,03,2,5,694.46614
2009,03,2,6,694.40678
2009,03,2,7,694.4243
2009,03,3,0,694.06404
2009,03,3,1,693.47096
2009,03,3,2,693.65532
2009,03,3,3,693.8652
2009,03,3,4,694.13771
2009,03,3,5,693.91704
2009,03,3,6,693.83719
2009,03,3,7,693.99145
2009,03,4,0,693.67522
2009,03,4,1,693.44247
2009,03,4,2,693.6035
2009,03,4,3,693.58813
2009,03,4,4,693.77279
2009,03,4,5,693.85467
2009,03,4,6,694.39584
2009,03,4,7,694.61006
2009,03,5,0,694.63889
2009,03,5,1,694.43683
2009,03,5,2,694.94686
2009,03,5,3,695.27556
2009,03,5,4,695.29713
2009,03,5,5,695.64745
2009,03,5,6,696.74479
2009,03,5,7,697.87316
2009,03,6,0,698.9386
2009,03,6,1,699.55626
2009,03,6,2,699.96094
2009,03,6,3,700.34248
2009,03,6,4,700.56604
2009,03,6,5,700.22672
2009,03,6,6,699.67709
2009,03,6,7,699.32414
2009,03,7,0,698.66975
2009,03,7,1,697.88289
2009,03,7,2,697.32346
2009,03,7,3,696.85861
2009,03,7,4,696.25741
2009,03,7,5,695.63193
2009,03,7,6,695.84078
2009,03,7,7,696.26243
2009,03,8,0,696.10908
2009,03,8,1,696.2155
2009,03,8,2,696.15535
2009,03,8,3,695.67827
2009,03,8,4,695.74464
2009,03,8,5,695.50266
2009,03,8,6,695.71408
2009,03,8,7,696.22749
2009,03,9,0,696.27524
2009,03,9,1,696.1169
2009,03,9,2,695.93772
2009,03,9,3,695.6765
2009,03,9,4,695.72355
2009,03,9,5,695.64483
2009,03,9,6,695.31867
2009,03,9,7,695.3245
2009,03,10,0,695.41907
2009,03,10,1,694.87478
2009,03,10,2,694.5954
2009,03,10,3,694.88809
2009,03,10,4,694.58389
2009,03,10,5,693.87564
2009,03,10,6,693.42571
2009,03,10,7,693.2879
2009,03,11,0,692.86459
2009,03,11,1,692.1348
2009,03,11,2,691.55001
2009,03,11,3,691.26273
2009,03,11,4,691.26554
2009,03,11,5,691.45175
2009,03,11,6,692.00767
2009,03,11,7,692.85441
2009,03,12,0,693.72024
2009,03,12,1,693.87797
2009,03,12,2,694.23683
2009,03,12,3,694.92969
2009,03,12,4,695.57105
2009,03,12,5,695.78975
2009,03,12,6,696.65958
2009,03,12,7,697.68527
2009,03,13,0,697.77536
2009,03,13,1,697.27754
2009,03,13,2,697.24945
2009,03,13,3,697.5074
2009,03,13,4,697.2253
2009,03,13,5,696.57944
2009,03,13,6,696.8305
2009,03,13,7,697.16757
2009,03,14,0,696.66412
2009,03,14,1,696.24364
2009,03,14,2,696.29777
2009,03,14,3,695.99361
2009,03,14,4,695.89814
2009,03,14,5,695.78427
2009,03,14,6,695.54414
2009,03,14,7,695.38652
2009,03,15,0,695.57172
2009,03,15,1,695.69049
2009,03,15,2,696.11698
2009,03,15,3,696.74718
2009,03,15,4,697.20969
2009,03,15,5,697.73718
2009,03,15,6,698.05128
2009,03,15,7,698.23171
2009,03,16,0,698.59515
2009,03,16,1,698.83693
2009,03,16,2,698.56716
2009,03,16,3,698.12461
2009,03,16,4,697.86514
2009,03,16,5,697.29253
2009,03,16,6,697.06839
2009,03,16,7,696.70047
2009,03,17,0,695.89611
2009,03,17,1,694.89303
2009,03,17,2,694.25886
2009,03,17,3,693.66923
2009,03,17,4,692.85382
2009,03,17,5,691.79559
2009,03,17,6,690.97381
2009,03,17,7,690.33957
2009,03,18,0,689.59146
2009,03,18,1,688.84007
2009,03,18,2,688.54725
2009,03,18,3,688.30165
2009,03,18,4,687.86124
2009,03,18,5,687.39703
2009,03,18,6,687.31164
2009,03,18,7,687.41707
2009,03,19,0,687.24529
2009,03,19,1,687.06345
2009,03,19,2,686.90475
2009,03,19,3,686.76134
2009,03,19,4,687.02879
2009,03,19,5,687.11504
2009,03,19,6,687.03595
2009,03,19,7,687.29864
2009,03,20,0,687.46243
2009,03,20,1,687.5614
2009,03,20,2,687.91651
2009,03,20,3,688.23352
2009,03,20,4,688.67003
2009,03,20,5,688.98297
2009,03,20,6,689.16553
2009,03,20,7,689.60144
2009,03,21,0,689.5303
2009,03,21,1,689.59075
2009,03,21,2,689.69033
2009,03,21,3,689.92158
2009,03,21,4,689.83427
2009,03,21,5,689.78959
2009,03,21,6,690.12708
2009,03,21,7,690.6
2009,03,22,0,690.62277
2009,03,22,1,690.48605
2009,03,22,2,690.55853
2009,03,22,3,690.65688
2009,03,22,4,690.49167
2009,03,22,5,690.49142
2009,03,22,6,690.29601
2009,03,22,7,690.28861
2009,03,23,0,690.13917
2009,03,23,1,689.90417
2009,03,23,2,689.81806
2009,03,23,3,689.84686
2009,03,23,4,690.11578
2009,03,23,5,690.33115
2009,03,23,6,690.56291
2009,03,23,7,691.05234
2009,03,24,0,691.81394
2009,03,24,1,692.33791
2009,03,24,2,693.10848
2009,03,24,3,693.81387
2009,03,24,4,694.26673
2009,03,24,5,694.49307
2009,03,24,6,694.97011
2009,03,24,7,695.46161
2009,03,25,0,695.37641
2009,03,25,1,694.91376
2009,03,25,2,694.91397
2009,03,25,3,694.71354
2009,03,25,4,694.39292
2009,03,25,5,693.95932
2009,03,25,6,693.96423
2009,03,25,7,694.13963
2009,03,26,0,694.39859
2009,03,26,1,694.29176
2009,03,26,2,694.4405
2009,03,26,3,694.77871
2009,03,26,4,694.91178
2009,03,26,5,694.77107
2009,03,26,6,694.66183
2009,03,26,7,694.7637
2009,03,27,0,694.66366
2009,03,27,1,694.186
2009,03,27,2,694.19103
2009,03,27,3,694.20262
2009,03,27,4,694.10547
2009,03,27,5,693.81194
2009,03,27,6,693.67306
2009,03,27,7,693.77514
2009,03,28,0,693.96354
2009,03,28,1,693.91665
2009,03,28,2,693.83956
2009,03,28,3,694.14406
2009,03,28,4,694.24509
2009,03,28,5,694.07566
2009,03,28,6,694.70918
2009,03,28,7,695.48923
2009,03,29,0,696.07456
2009,03,29,1,696.24111
2009,03,29,2,695.9273
2009,03,29,3,695.82618
2009,03,29,4,695.85171
2009,03,29,5,695.66975
2009,03,29,6,695.96288
2009,03,29,7,696.29356
2009,03,30,0,696.52463
2009,03,30,1,696.54021
2009,03,30,2,696.54121
2009,03,30,3,696.59607
2009,03,30,4,697.03677
2009,03,30,5,697.34617
2009,03,30,6,697.21266
2009,03,30,7,697.44809
2009,03,31,0,697.77573
2009,03,31,1,697.71684
2009,03,31,2,698.13618
2009,03,31,3,698.30136
2009,03,31,4,698.42849
2009,03,31,5,698.79662
2009,03,31,6,699.17418
2009,03,31,7,699.6174
2010,03,1,0,699.59762
2010,03,1,1,699.60282
2010,03,1,2,700.25214
2010,03,1,3,700.5981
2010,03,1,4,700.70638
2010,03,1,5,701.0979
2010,03,1,6,702.12768
2010,03,1,7,703.43438
2010,03,2,0,704.445
2010,03,2,1,705.07081
2010,03,2,2,706.15912
2010,03,2,3,707.28959
2010,03,2,4,707.59132
2010,03,2,5,707.55451
2010,03,2,6,707.48973
2010,03,2,7,706.96746
2010,03,3,0,706.52236
2010,03,3,1,706.20389
2010,03,3,2,706.24177
2010,03,3,3,706.33027
2010,03,3,4,706.49016
2010,03,3,5,706.87239
2010,03,3,6,707.72541
2010,03,3,7,708.14385
2010,03,4,0,708.3936
2010,03,4,1,708.4144
2010,03,4,2,708.45619
2010,03,4,3,708.58484
2010,03,4,4,708.9091
2010,03,4,5,708.83252
2010,03,4,6,708.71706
2010,03,4,7,708.99871
2010,03,5,0,708.66996
2010,03,5,1,708.22993
2010,03,5,2,708.09333
2010,03,5,3,707.96628
2010,03,5,4,707.63968
2010,03,5,5,707.13125
2010,03,5,6,707.10413
2010,03,5,7,707.08215
2010,03,6,0,706.7899
2010,03,6,1,706.278
2010,03,6,2,706.01408
2010,03,6,3,705.72477
2010,03,6,4,705.5524
2010,03,6,5,705.64179
2010,03,6,6,705.75787
2010,03,6,7,706.12452
2010,03,7,0,706.43466
2010,03,7,1,706.48011
2010,03,7,2,706.33918
2010,03,7,3,706.20322
2010,03,7,4,706.18354
2010,03,7,5,705.92538
2010,03,7,6,705.89351
2010,03,7,7,706.18737
2010,03,8,0,705.92277
2010,03,8,1,705.65898
2010,03,8,2,706.0857
2010,03,8,3,706.55518
2010,03,8,4,706.98871
2010,03,8,5,707.27526
2010,03,8,6,707.94906
2010,03,8,7,708.41743
2010,03,9,0,708.80692
2010,03,9,1,708.56101
2010,03,9,2,708.04409
2010,03,9,3,707.70233
2010,03,9,4,707.07321
2010,03,9,5,706.3738
2010,03,9,6,705.7507
2010,03,9,7,705.25746
2010,03,10,0,704.44855
2010,03,10,1,703.31575
2010,03,10,2,702.60884
2010,03,10,3,702.03258
2010,03,10,4,701.60028
2010,03,10,5,700.92707
2010,03,10,6,700.52905
2010,03,10,7,700.48024
2010,03,11,0,700.12924
2010,03,11,1,699.66839
2010,03,11,2,699.66173
2010,03,11,3,699.96702
2010,03,11,4,700.06418
2010,03,11,5,699.94454
2010,03,11,6,700.00438
2010,03,11,7,700.06916
2010,03,12,0,699.48141
2010,03,12,1,698.68413
2010,03,12,2,699.10781
2010,03,12,3,699.49478
2010,03,12,4,698.86989
2010,03,12,5,698.47134
2010,03,12,6,698.24528
2010,03,12,7,698.1738
2010,03,13,0,698.29322
2010,03,13,1,698.14683
2010,03,13,2,697.73993
2010,03,13,3,697.41977
2010,03,13,4,697.39992
2010,03,13,5,697.19722
2010,03,13,6,697.37845
2010,03,13,7,697.91599
2010,03,14,0,698.54154
2010,03,14,1,698.99004
2010,03,14,2,699.33066
2010,03,14,3,699.85311
2010,03,14,4,700.29996
2010,03,14,5,700.49573
2010,03,14,6,700.81445
2010,03,14,7,700.82295
2010,03,15,0,700.72289
2010,03,15,1,700.39496
2010,03,15,2,700.18787
2010,03,15,3,699.66564
2010,03,15,4,699.3131
2010,03,15,5,699.04036
2010,03,15,6,698.9405
2010,03,15,7,699.14754
2010,03,16,0,699.1848
2010,03,16,1,698.92199
2010,03,16,2,698.92757
2010,03,16,3,698.59256
2010,03,16,4,697.81639
2010,03,16,5,696.85086
2010,03,16,6,696.45884
2010,03,16,7,696.23694
2010,03,17,0,695.74163
2010,03,17,1,695.24225
2010,03,17,2,695.87418
2010,03,17,3,696.12885
2010,03,17,4,696.43845
2010,03,17,5,697.04482
2010,03,17,6,697.51684
2010,03,17,7,698.3676
2010,03,18,0,699.36927
2010,03,18,1,700.05519
2010,03,18,2,701.09233
2010,03,18,3,701.60748
2010,03,18,4,701.95396
2010,03,18,5,701.98793
2010,03,18,6,702.63863
2010,03,18,7,703.22815
2010,03,19,0,703.70314
2010,03,19,1,703.77447
2010,03,19,2,703.70772
2010,03,19,3,703.36439
2010,03,19,4,703.17719
2010,03,19,5,702.60712
2010,03,19,6,702.02671
2010,03,19,7,701.4679
2010,03,20,0,700.85993
2010,03,20,1,700.23018
2010,03,20,2,700.18198
2010,03,20,3,699.77468
2010,03,20,4,699.47205
2010,03,20,5,699.50642
2010,03,20,6,699.62283
2010,03,20,7,700.00898
2010,03,21,0,700.71663
2010,03,21,1,701.04718
2010,03,21,2,701.66364
2010,03,21,3,702.35754
2010,03,21,4,703.18559
2010,03,21,5,703.66396
2010,03,21,6,703.88495
2010,03,21,7,704.25506
2010,03,22,0,704.53408
2010,03,22,1,704.43006
2010,03,22,2,704.62161
2010,03,22,3,704.86032
2010,03,22,4,705.05974
2010,03,22,5,704.87759
2010,03,22,6,704.72504
2010,03,22,7,704.66475
2010,03,23,0,704.5117
2010,03,23,1,703.67485
2010,03,23,2,703.1027
2010,03,23,3,702.11151
2010,03,23,4,701.47368
2010,03,23,5,700.87401
2010,03,23,6,699.93207
2010,03,23,7,699.25665
2010,03,24,0,698.41545
2010,03,24,1,697.49493
2010,03,24,2,697.51861
2010,03,24,3,697.75834
2010,03,24,4,698.4426
2010,03,24,5,699.2237
2010,03,24,6,700.10691
2010,03,24,7,700.99969
2010,03,25,0,702.10304
2010,03,25,1,702.73901
2010,03,25,2,703.03979
2010,03,25,3,703.18964
2010,03,25,4,703.33149
2010,03,25,5,702.96441
2010,03,25,6,702.68998
2010,03,25,7,702.2583
2010,03,26,0,701.68414
2010,03,26,1,700.76654
2010,03,26,2,699.95754
2010,03,26,3,699.42394
2010,03,26,4,698.81275
2010,03,26,5,698.55159
2010,03,26,6,698.54306
2010,03,26,7,698.81014
2010,03,27,0,699.08215
2010,03,27,1,699.26691
2010,03,27,2,699.76681
2010,03,27,3,700.20634
2010,03,27,4,700.68431
2010,03,27,5,701.16985
2010,03,27,6,701.45823
2010,03,27,7,701.80277
2010,03,28,0,702.1141
2010,03,28,1,702.11697
2010,03,28,2,702.39607
2010,03,28,3,702.67992
2010,03,28,4,702.99387
2010,03,28,5,703.19828
2010,03,28,6,703.28689
2010,03,28,7,703.37778
2010,03,29,0,703.39531
2010,03,29,1,702.84462
2010,03,29,2,702.16217
2010,03,29,3,701.5561
2010,03,29,4,701.30421
2010,03,29,5,700.95042
2010,03,29,6,700.79829
2010,03,29,7,700.74438
2010,03,30,0,700.14804
2010,03,30,1,699.5117
2010,03,30,2,699.36991
2010,03,30,3,699.2078
2010,03,30,4,698.70845
2010,03,30,5,698.16889
2010,03,30,6,697.67729
2010,03,30,7,697.57987
2010,03,31,0,697.17469
2010,03,31,1,696.87755
2010,03,31,2,696.75158
2010,03,31,3,696.73012
2010,03,31,4,696.32554
2010,03,31,5,696.08036
2010,03,31,6,696.53718
2010,03,31,7,696.87302
2010,03,1,0,697.30073
2010,03,1,1,697.26647
2010,03,1,2,697.31382
2010,03,1,3,697.76668
2010,03,1,4,697.63545
2010,03,1,5,697.51509
2010,03,1,6,698.17439
2010,03,1,7,699.08476
2010,03,2,0,699.61819
2010,03,2,1,699.5024
2010,03,2,2,699.68654
2010,03,2,3,700.01486
2010,03,2,4,700.20127
2010,03,2,5,700.04744
2010,03,2,6,699.79543
2010,03,2,7,699.43039
2010,03,3,0,698.96266
2010,03,3,1,698.43092
2010,03,3,2,697.67687
2010,03,3,3,696.95602
2010,03,3,4,696.85231
2010,03,3,5,696.88683
2010,03,3,6,696.89239
2010,03,3,7,697.22442
2010,03,4,0,697.11196
2010,03,4,1,696.78298
2010,03,4,2,697.13549
2010,03,4,3,697.58365
2010,03,4,4,698.12395
2010,03,4,5,698.80239
2010,03,4,6,700.06401
2010,03,4,7,702.00434
2010,03,5,0,703.49891
2010,03,5,1,704.13435
2010,03,5,2,705.01538
2010,03,5,3,705.7535
2010,03,5,4,706.00258
2010,03,5,5,705.86493
2010,03,5,6,705.66283
2010,03,5,7,705.24929
2010,03,6,0,704.7203
2010,03,6,1,703.69479
2010,03,6,2,703.07234
2010,03,6,3,702.79687
2010,03,6,4,702.27651
2010,03,6,5,701.68089
2010,03,6,6,701.17426
2010,03,6,7,700.5146
2010,03,7,0,699.88673
2010,03,7,1,699.03034
2010,03,7,2,698.73337
2010,03,7,3,699.02638
2010,03,7,4,698.50804
2010,03,7,5,697.57999
2010,03,7,6,697.25417
2010,03,7,7,697.17493
2010,03,8,0,697.25003
2010,03,8,1,697.0706
2010,03,8,2,696.99559
2010,03,8,3,697.16558
2010,03,8,4,698.37817
2010,03,8,5,699.72611
2010,03,8,6,700.34284
2010,03,8,7,701.08953
2010,03,9,0,702.08599
2010,03,9,1,702.8237
2010,03,9,2,703.71325
2010,03,9,3,704.68398
2010,03,9,4,705.25307
2010,03,9,5,705.03666
2010,03,9,6,705.50991
2010,03,9,7,706.31385
2010,03,10,0,706.79536
2010,03,10,1,706.4799
2010,03,10,2,705.99476
2010,03,10,3,705.78819
2010,03,10,4,705.4324
2010,03,10,5,704.95553
2010,03,10,6,705.0784
2010,03,10,7,705.63297
2010,03,11,0,705.70442
2010,03,11,1,705.86913
2010,03,11,2,706.21126
2010,03,11,3,706.49505
2010,03,11,4,707.09497
2010,03,11,5,707.36756
2010,03,11,6,707.4789
2010,03,11,7,707.47442
2010,03,12,0,707.0803
2010,03,12,1,706.43755
2010,03,12,2,705.90624
2010,03,12,3,705.20593
2010,03,12,4,704.16012
2010,03,12,5,703.06045
2010,03,12,6,702.21014
2010,03,12,7,701.53347
2010,03,13,0,700.43164
2010,03,13,1,699.26986
2010,03,13,2,698.27743
2010,03,13,3,697.22738
2010,03,13,4,696.47703
2010,03,13,5,695.74293
2010,03,13,6,695.05274
2010,03,13,7,694.60291
2010,03,14,0,694.29941
2010,03,14,1,693.93677
2010,03,14,2,693.76673
2010,03,14,3,693.61862
2010,03,14,4,693.18299
2010,03,14,5,692.82332
2010,03,14,6,692.56038
2010,03,14,7,692.43224
2010,03,15,0,692.39995
2010,03,15,1,692.23125
2010,03,15,2,692.27228
2010,03,15,3,692.51638
2010,03,15,4,692.32921
2010,03,15,5,692.13284
2010,03,15,6,692.12461
2010,03,15,7,692.24085
2010,03,16,0,692.43641
2010,03,16,1,692.4309
2010,03,16,2,692.77839
2010,03,16,3,693.50932
2010,03,16,4,693.8017
2010,03,16,5,693.654
2010,03,16,6,694.27504
2010,03,16,7,694.80016
2010,03,17,0,695.18422
2010,03,17,1,695.38191
2010,03,17,2,695.47941
2010,03,17,3,695.6524
2010,03,17,4,695.64537
2010,03,17,5,695.33738
2010,03,17,6,695.31918
2010,03,17,7,695.16168
2010,03,18,0,695.03217
2010,03,18,1,694.50605
2010,03,18,2,694.07783
2010,03,18,3,693.73421
2010,03,18,4,693.47977
2010,03,18,5,693.08553
2010,03,18,6,693.20582
2010,03,18,7,693.47885
2010,03,19,0,693.31392
2010,03,19,1,693.22678
2010,03,19,2,693.82878
2010,03,19,3,694.58673
2010,03,19,4,694.32079
2010,03,19,5,693.85534
2010,03,19,6,694.05654
2010,03,19,7,694.33317
2010,03,20,0,694.81514
2010,03,20,1,694.61593
2010,03,20,2,694.75534
2010,03,20,3,695.18383
2010,03,20,4,695.63351
2010,03,20,5,695.84957
2010,03,20,6,695.41329
2010,03,20,7,695.31511
2010,03,21,0,695.97552
2010,03,21,1,696.1854
2010,03,21,2,696.32923
2010,03,21,3,696.49318
2010,03,21,4,696.67665
2010,03,21,5,696.4189
2010,03,21,6,696.37171
2010,03,21,7,696.38907
2010,03,22,0,696.90562
2010,03,22,1,697.42831
2010,03,22,2,697.27176
2010,03,22,3,697.28098
2010,03,22,4,697.52221
2010,03,22,5,697.38147
2010,03,22,6,697.11063
2010,03,22,7,696.82203
2010,03,23,0,696.59474
2010,03,23,1,696.52422
2010,03,23,2,697.07542
2010,03,23,3,697.19691
2010,03,23,4,697.22551
2010,03,23,5,697.2606
2010,03,23,6,697.6535
2010,03,23,7,697.98843
2010,03,24,0,697.86829
2010,03,24,1,697.78647
2010,03,24,2,697.93177
2010,03,24,3,697.45237
2010,03,24,4,697.41893
2010,03,24,5,697.19866
2010,03,24,6,696.6658
2010,03,24,7,696.32169
2010,03,25,0,695.84846
2010,03,25,1,695.01777
2010,03,25,2,694.40964
2010,03,25,3,693.85714
2010,03,25,4,692.79409
2010,03,25,5,691.61516
2010,03,25,6,691.22989
2010,03,25,7,690.84384
2010,03,26,0,690.03249
2010,03,26,1,689.15241
2010,03,26,2,689.26017
2010,03,26,3,689.12361
2010,03,26,4,688.96512
2010,03,26,5,688.51064
2010,03,26,6,687.99071
2010,03,26,7,687.70895
2010,03,27,0,687.47594
2010,03,27,1,687.34561
2010,03,27,2,688.05121
2010,03,27,3,688.76653
2010,03,27,4,688.95999
2010,03,27,5,689.07537
2010,03,27,6,689.38312
2010,03,27,7,689.6919
2010,03,28,0,689.96241
2010,03,28,1,689.78225
2010,03,28,2,690.43934
2010,03,28,3,691.14722
2010,03,28,4,691.37411
2010,03,28,5,691.6644
2010,03,28,6,692.40351
2010,03,28,7,693.01129
2010,03,1,0,693.50606
2010,03,1,1,693.72409
2010,03,1,2,694.10159
2010,03,1,3,694.2311
2010,03,1,4,694.18278
2010,03,1,5,694.12012
2010,03,1,6,694.0016
2010,03,1,7,693.86162
2010,03,2,0,693.63393
2010,03,2,1,693.42622
2010,03,2,2,694.04109
2010,03,2,3,694.60929
2010,03,2,4,695.06296
2010,03,2,5,695.32569
2010,03,2,6,695.84474
2010,03,2,7,696.3668
2010,03,3,0,696.22074
2010,03,3,1,696.16527
2010,03,3,2,696.60642
2010,03,3,3,696.93361
2010,03,3,4,696.56547
2010,03,3,5,696.2882
2010,03,3,6,697.25669
2010,03,3,7,697.8302
2010,03,4,0,697.42756
2010,03,4,1,697.06693
2010,03,4,2,697.0613
2010,03,4,3,696.684
2010,03,4,4,696.09711
2010,03,4,5,695.30534
2010,03,4,6,694.63656
2010,03,4,7,693.86929
2010,03,5,0,692.59874
2010,03,5,1,691.01175
2010,03,5,2,690.42235
2010,03,5,3,689.76015
2010,03,5,4,688.72869
2010,03,5,5,687.81193
2010,03,5,6,686.86482
2010,03,5,7,686.01118
2010,03,6,0,684.77134
2010,03,6,1,683.71853
2010,03,6,2,683.09323
2010,03,6,3,682.29632
2010,03,6,4,681.74493
2010,03,6,5,681.13515
2010,03,6,6,680.86903
2010,03,6,7,680.68305
2010,03,7,0,680.41762
2010,03,7,1,680.23728
2010,03,7,2,680.32401
2010,03,7,3,680.67035
2010,03,7,4,680.89136
2010,03,7,5,680.77979
2010,03,7,6,681.19041
2010,03,7,7,681.96047
2010,03,8,0,682.78992
2010,03,8,1,683.40896
2010,03,8,2,684.2585
2010,03,8,3,685.50018
2010,03,8,4,686.62622
2010,03,8,5,687.29618
2010,03,8,6,688.37118
2010,03,8,7,689.35375
2010,03,9,0,689.94063
2010,03,9,1,690.36994
2010,03,9,2,691.38701
2010,03,9,3,692.35435
2010,03,9,4,693.68633
2010,03,9,5,694.87954
2010,03,9,6,695.71789
2010,03,9,7,696.53978
2010,03,10,0,697.00499
2010,03,10,1,696.98345
2010,03,10,2,697.63724
2010,03,10,3,698.4019
2010,03,10,4,698.7158
2010,03,10,5,698.55088
2010,03,10,6,698.75752
2010,03,10,7,699.11483
2010,03,11,0,698.96817
2010,03,11,1,698.40245
2010,03,11,2,698.31416
2010,03,11,3,698.1614
2010,03,11,4,697.71445
2010,03,11,5,697.24024
2010,03,11,6,697.5262
2010,03,11,7,697.65217
2010,03,12,0,697.50865
2010,03,12,1,697.07966
2010,03,12,2,696.53427
2010,03,12,3,695.98455
2010,03,12,4,695.60866
2010,03,12,5,695.38094
2010,03,12,6,695.95683
2010,03,12,7,696.17607
2010,03,13,0,696.85087
2010,03,13,1,697.27899
2010,03,13,2,697.14346
2010,03,13,3,696.97888
2010,03,13,4,697.30332
2010,03,13,5,697.26687
2010,03,13,6,697.40753
2010,03,13,7,697.31436
2010,03,14,0,697.15246
2010,03,14,1,696.88972
2010,03,14,2,696.88829
2010,03,14,3,696.72361
2010,03,14,4,696.66306
2010,03,14,5,696.32191
2010,03,14,6,696.31658
2010,03,14,7,696.32629
2010,03,15,0,695.77221
2010,03,15,1,695.31176
2010,03,15,2,694.85638
2010,03,15,3,694.51841
2010,03,15,4,694.68971
2010,03,15,5,694.61537
2010,03,15,6,694.6875
2010,03,15,7,694.99458
2010,03,16,0,695.19074
2010,03,16,1,695.16123
2010,03,16,2,695.90385
2010,03,16,3,696.74731
2010,03,16,4,697.19954
2010,03,16,5,697.62981
2010,03,16,6,698.28307
2010,03,16,7,699.13741
2010,03,17,0,700.23892
2010,03,17,1,700.88481
2010,03,17,2,701.82772
2010,03,17,3,702.73736
2010,03,17,4,702.96862
2010,03,17,5,702.86418
2010,03,17,6,702.92467
2010,03,17,7,703.15073
2010,03,18,0,702.93145
2010,03,18,1,702.26836
2010,03,18,2,701.96945
2010,03,18,3,701.50124
2010,03,18,4,700.26725
2010,03,18,5,698.95459
2010,03,18,6,698.3104
2010,03,18,7,697.9746
2010,03,19,0,697.49608
2010,03,19,1,697.03005
2010,03,19,2,698.00433
2010,03,19,3,698.28225
2010,03,19,4,697.90819
2010,03,19,5,698.21678
2010,03,19,6,698.35282
2010,03,19,7,698.19799
2010,03,20,0,697.71426
2010,03,20,1,697.33276
2010,03,20,2,697.18739
2010,03,20,3,696.25041
2010,03,20,4,694.92471
2010,03,20,5,693.8597
2010,03,20,6,692.8786
2010,03,20,7,691.44685
2010,03,21,0,689.92616
2010,03,21,1,688.68539
2010,03,21,2,688.06799
2010,03,21,3,687.44699
2010,03,21,4,686.70667
2010,03,21,5,686.25418
2010,03,21,6,685.72464
2010,03,21,7,685.66317
2010,03,22,0,686.70559
2010,03,22,1,687.48936
2010,03,22,2,688.26971
2010,03,22,3,688.9256
2010,03,22,4,689.53256
2010,03,22,5,689.66542
2010,03,22,6,689.92587
2010,03,22,7,690.15907
2010,03,23,0,690.56742
2010,03,23,1,690.40477
2010,03,23,2,690.31503
2010,03,23,3,690.65843
2010,03,23,4,690.68685
2010,03,23,5,690.54615
2010,03,23,6,690.79332
2010,03,23,7,691.1791
2010,03,24,0,691.26869
2010,03,24,1,691.05442
2010,03,24,2,691.53862
2010,03,24,3,692.12609
2010,03,24,4,692.37799
2010,03,24,5,692.06541
2010,03,24,6,691.97816
2010,03,24,7,692.04755
2010,03,25,0,691.59741
2010,03,25,1,690.84738
2010,03,25,2,690.42785
2010,03,25,3,689.85859
2010,03,25,4,689.69793
2010,03,25,5,689.2823
2010,03,25,6,688.93847
2010,03,25,7,689.15073
2010,03,26,0,689.22636
2010,03,26,1,689.37292
2010,03,26,2,690.00497
2010,03,26,3,690.58641
2010,03,26,4,690.09785
2010,03,26,5,689.19401
2010,03,26,6,688.73079
2010,03,26,7,688.60432
2010,03,27,0,687.80069
2010,03,27,1,687.08349
2010,03,27,2,687.29046
2010,03,27,3,687.34321
2010,03,27,4,687.74122
2010,03,27,5,688.04105
2010,03,27,6,688.34279
2010,03,27,7,688.94881
2010,03,28,0,689.41566
2010,03,28,1,689.50395
2010,03,28,2,690.11044
2010,03,28,3,690.63151
2010,03,28,4,690.63283
2010,03,28,5,690.5957
2010,03,28,6,691.04264
2010,03,28,7,691.32812
2010,03,29,0,691.13626
2010,03,29,1,690.91441
2010,03,29,2,691.12931
2010,03,29,3,690.94029
2010,03,29,4,690.09099
2010,03,29,5,688.91317
2010,03,29,6,687.40841
2010,03,29,7,686.12265
2010,03,30,0,685.3811
2010,03,30,1,685.04138
2010,03,30,2,685.45813
2010,03,30,3,685.89192
2010,03,30,4,686.13924
2010,03,30,5,686.43725
2010,03,30,6,686.87434
2010,03,30,7,687.9756
2010,03,31,0,689.26526
2010,03,31,1,689.51923
2010,03,31,2,689.09848
2010,03,31,3,688.902
2010,03,31,4,689.42666
2010,03,31,5,689.39233
2010,03,31,6,689.66613
2010,03,31,7,690.40513
2010,03,1,0,689.90726
2010,03,1,1,689.61452
2010,03,1,2,690.66606
2010,03,1,3,691.4945
2010,03,1,4,691.6051
2010,03,1,5,691.64325
2010,03,1,6,691.713
2010,03,1,7,692.00511
2010,03,2,0,692.06127
2010,03,2,1,691.66709
2010,03,2,2,691.65422
2010,03,2,3,691.73318
2010,03,2,4,691.4428
2010,03,2,5,691.59387
2010,03,2,6,691.82997
2010,03,2,7,692.04689
2010,03,3,0,692.47302
2010,03,3,1,692.56804
2010,03,3,2,692.91941
2010,03,3,3,693.57626
2010,03,3,4,694.23468
2010,03,3,5,694.6968
2010,03,3,6,695.20238
2010,03,3,7,695.13739
2010,03,4,0,694.52152
2010,03,4,1,693.33263
2010,03,4,2,692.79254
2010,03,4,3,692.70042
2010,03,4,4,692.25154
2010,03,4,5,691.73435
2010,03,4,6,691.43551
2010,03,4,7,691.50011
2010,03,5,0,691.38783
2010,03,5,1,691.07609
2010,03,5,2,691.3707
2010,03,5,3,692.08825
2010,03,5,4,692.66424
2010,03,5,5,693.34215
2010,03,5,6,694.18282
2010,03,5,7,694.88958
2010,03,6,0,694.97749
2010,03,6,1,694.72266
2010,03,6,2,695.42067
2010,03,6,3,695.85119
2010,03,6,4,695.83728
2010,03,6,5,696.13917
2010,03,6,6,696.00601
2010,03,6,7,695.60615
2010,03,7,0,695.33597
2010,03,7,1,694.79257
2010,03,7,2,694.21224
2010,03,7,3,693.38119
2010,03,7,4,692.16816
2010,03,7,5,691.21809
2010,03,7,6,690.21565
2010,03,7,7,689.17721
2010,03,8,0,687.92203
2010,03,8,1,686.69579
2010,03,8,2,686.10247
2010,03,8,3,685.53514
2010,03,8,4,684.76536
2010,03,8,5,684.24978
2010,03,8,6,684.07084
2010,03,8,7,683.88223
2010,03,9,0,683.35908
2010,03,9,1,682.64694
2010,03,9,2,682.80283
2010,03,9,3,682.98147
2010,03,9,4,683.04858
2010,03,9,5,683.34144
2010,03,9,6,683.60919
2010,03,9,7,683.91443
2010,03,10,0,684.15511
2010,03,10,1,684.3742
2010,03,10,2,684.95408
2010,03,10,3,685.55616
2010,03,10,4,685.92771
2010,03,10,5,685.91254
2010,03,10,6,685.89054
2010,03,10,7,686.1267
2010,03,11,0,686.08429
2010,03,11,1,685.79968
2010,03,11,2,685.59847
2010,03,11,3,685.08858
2010,03,11,4,684.48263
2010,03,11,5,683.88451
2010,03,11,6,683.19517
2010,03,11,7,682.51748
2010,03,12,0,681.66131
2010,03,12,1,680.79658
2010,03,12,2,680.34047
2010,03,12,3,680.0394
2010,03,12,4,679.84812
2010,03,12,5,679.78189
2010,03,12,6,679.87858
2010,03,12,7,680.15554
2010,03,13,0,679.93954
2010,03,13,1,679.78628
2010,03,13,2,680.12935
2010,03,13,3,680.65814
2010,03,13,4,680.9723
2010,03,13,5,681.54254
2010,03,13,6,681.80554
2010,03,13,7,682.28581
2010,03,14,0,682.31549
2010,03,14,1,682.26238
2010,03,14,2,682.89777
2010,03,14,3,683.04111
2010,03,14,4,683.60227
2010,03,14,5,684.37568
2010,03,14,6,684.82354
2010,03,14,7,685.43089
2010,03,15,0,685.58774
2010,03,15,1,685.61011
2010,03,15,2,685.70562
2010,03,15,3,685.83846
2010,03,15,4,685.79334
2010,03,15,5,685.73541
2010,03,15,6,685.4714
2010,03,15,7,685.18643
2010,03,16,0,684.81413
2010,03,16,1,684.42339
2010,03,16,2,684.72011
2010,03,16,3,685.25878
2010,03,16,4,685.84092
2010,03,16,5,686.53859
2010,03,16,6,687.06808
2010,03,16,7,687.90767
2010,03,17,0,688.28635
2010,03,17,1,688.37827
2010,03,17,2,688.9445
2010,03,17,3,689.30564
2010,03,17,4,689.67085
2010,03,17,5,689.81575
2010,03,17,6,689.5528
2010,03,17,7,689.46636
2010,03,18,0,688.93982
2010,03,18,1,688.11386
2010,03,18,2,687.95406
2010,03,18,3,687.94212
2010,03,18,4,687.78543
2010,03,18,5,687.64503
2010,03,18,6,687.61492
2010,03,18,7,687.89497
2010,03,19,0,687.79749
2010,03,19,1,687.65171
2010,03,19,2,687.78898
2010,03,19,3,687.86948
2010,03,19,4,688.03775
2010,03,19,5,687.68564
2010,03,19,6,686.78745
2010,03,19,7,685.99137
2010,03,20,0,685.3222
2010,03,20,1,684.37009
2010,03,20,2,683.99488
2010,03,20,3,683.9206
2010,03,20,4,684.05112
2010,03,20,5,684.35136
2010,03,20,6,684.94934
2010,03,20,7,685.99646
2010,03,21,0,687.07764
2010,03,21,1,688.01072
2010,03,21,2,689.15977
2010,03,21,3,690.31646
2010,03,21,4,691.32488
2010,03,21,5,691.90925
2010,03,21,6,692.33272
2010,03,21,7,692.60642
2010,03,22,0,692.47448
2010,03,22,1,691.99255
2010,03,22,2,691.73113
2010,03,22,3,691.70319
2010,03,22,4,690.99499
2010,03,22,5,690.32584
2010,03,22,6,689.80785
2010,03,22,7,689.20264
2010,03,23,0,688.91898
2010,03,23,1,688.30918
2010,03,23,2,687.84972
2010,03,23,3,687.61584
2010,03,23,4,687.56821
2010,03,23,5,687.14101
2010,03,23,6,686.84168
2010,03,23,7,687.03466
2010,03,24,0,686.9936
2010,03,24,1,686.9769
2010,03,24,2,687.65678
2010,03,24,3,688.21326
2010,03,24,4,688.76332
2010,03,24,5,689.06826
2010,03,24,6,689.16665
2010,03,24,7,689.31134
2010,03,25,0,689.41416
2010,03,25,1,689.80258
2010,03,25,2,689.94926
2010,03,25,3,689.82845
2010,03,25,4,689.50581
2010,03,25,5,689.35354
2010,03,25,6,689.3171
2010,03,25,7,689.22504
2010,03,26,0,689.27598
2010,03,26,1,689.31358
2010,03,26,2,689.81443
2010,03,26,3,690.32906
2010,03,26,4,690.44932
2010,03,26,5,690.2998
2010,03,26,6,690.05117
2010,03,26,7,689.45255
2010,03,27,0,689.12565
2010,03,27,1,688.52648
2010,03,27,2,687.97101
2010,03,27,3,687.28293
2010,03,27,4,686.59395
2010,03,27,5,685.97723
2010,03,27,6,685.52857
2010,03,27,7,685.80806
2010,03,28,0,686.37666
2010,03,28,1,686.97483
2010,03,28,2,687.79268
2010,03,28,3,688.6992
2010,03,28,4,690.16185
2010,03,28,5,691.26471
2010,03,28,6,691.86121
2010,03,28,7,692.4142
2010,03,29,0,693.41356
2010,03,29,1,693.93649
2010,03,29,2,693.58939
2010,03,29,3,692.7497
2010,03,29,4,692.37803
2010,03,29,5,692.18796
2010,03,29,6,692.40037
2010,03,29,7,692.50452
2010,03,30,0,692.3854
2010,03,30,1,692.02268
2010,03,30,2,691.70522
2010,03,30,3,691.27036
2010,03,30,4,690.61609
2010,03,30,5,689.96414
2010,03,30,6,689.54945
2010,03,30,7,689.60504
2010,03,1,0,689.39517
2010,03,1,1,689.59987
2010,03,1,2,690.88149
2010,03,1,3,691.97186
2010,03,1,4,692.39662
2010,03,1,5,693.09201
2010,03,1,6,693.12831
2010,03,1,7,692.20016
2010,03,2,0,690.55914
2010,03,2,1,689.60425
2010,03,2,2,690.03722
2010,03,2,3,691.69638
2010,03,2,4,692.65785
2010,03,2,5,692.5341
2010,03,2,6,691.3591
2010,03,2,7,689.73556
2010,03,3,0,688.29722
2010,03,3,1,687.26699
2010,03,3,2,686.68635
2010,03,3,3,686.46427
2010,03,3,4,687.17362
2010,03,3,5,688.07036
2010,03,3,6,688.71995
2010,03,3,7,690.24341
2010,03,4,0,691.38938
2010,03,4,1,692.66383
2010,03,4,2,694.7229
2010,03,4,3,696.23812
2010,03,4,4,697.79138
2010,03,4,5,698.94201
2010,03,4,6,699.72381
2010,03,4,7,700.60109
2010,03,5,0,701.27109
2010,03,5,1,701.34008
2010,03,5,2,701.41628
2010,03,5,3,701.89084
2010,03,5,4,702.25052
2010,03,5,5,702.30531
2010,03,5,6,702.41838
2010,03,5,7,702.80442
2010,03,6,0,703.16601
2010,03,6,1,703.35632
2010,03,6,2,703.31334
2010,03,6,3,703.52749
2010,03,6,4,703.96611
2010,03,6,5,704.27424
2010,03,6,6,704.30482
2010,03,6,7,704.39082
2010,03,7,0,705.05767
2010,03,7,1,705.24169
2010,03,7,2,705.06161
2010,03,7,3,704.84997
2010,03,7,4,705.03829
2010,03,7,5,704.98508
2010,03,7,6,704.27919
2010,03,7,7,703.38845
2010,03,8,0,702.87596
2010,03,8,1,702.38164
2010,03,8,2,702.22111
2010,03,8,3,702.07912
2010,03,8,4,701.34131
2010,03,8,5,700.46679
2010,03,8,6,699.89349
2010,03,8,7,699.54411
2010,03,9,0,698.40284
2010,03,9,1,696.46999
2010,03,9,2,694.66984
2010,03,9,3,693.06404
2010,03,9,4,692.41134
2010,03,9,5,692.39719
2010,03,9,6,692.71451
2010,03,9,7,692.55449
2010,03,10,0,692.36069
2010,03,10,1,692.19954
2010,03,10,2,692.7645
2010,03,10,3,692.98774
2010,03,10,4,692.2065
2010,03,10,5,691.36699
2010,03,10,6,691.12447
2010,03,10,7,691.26589
2010,03,11,0,691.15918
2010,03,11,1,690.64903
2010,03,11,2,690.26409
2010,03,11,3,689.94766
2010,03,11,4,690.21805
2010,03,11,5,690.58548
2010,03,11,6,691.14712
2010,03,11,7,691.48065
2010,03,12,0,691.0927
2010,03,12,1,690.30717
2010,03,12,2,689.791
2010,03,12,3,689.6121
2010,03,12,4,689.29991
2010,03,12,5,688.89225
2010,03,12,6,689.13699
2010,03,12,7,689.35287
2010,03,13,0,689.1119
2010,03,13,1,688.94131
2010,03,13,2,689.11095
2010,03,13,3,689.25747
2010,03,13,4,689.21402
2010,03,13,5,688.98518
2010,03,13,6,688.67339
2010,03,13,7,688.61541
2010,03,14,0,688.63086
2010,03,14,1,688.57956
2010,03,14,2,688.59029
2010,03,14,3,688.79213
2010,03,14,4,688.89027
2010,03,14,5,688.81242
2010,03,14,6,688.37796
2010,03,14,7,687.99479
2010,03,15,0,687.59939
2010,03,15,1,687.21454
2010,03,15,2,686.89838
2010,03,15,3,686.68892
2010,03,15,4,686.22575
2010,03,15,5,685.51967
2010,03,15,6,684.57323
2010,03,15,7,683.30594
2010,03,16,0,681.94712
2010,03,16,1,680.69389
2010,03,16,2,679.49813
2010,03,16,3,678.18078
2010,03,16,4,676.70618
2010,03,16,5,674.97573
2010,03,16,6,673.58264
2010,03,16,7,672.67375
2010,03,17,0,672.27951
2010,03,17,1,672.31333
2010,03,17,2,673.06279
2010,03,17,3,673.74323
2010,03,17,4,674.44482
2010,03,17,5,675.7698
2010,03,17,6,676.93695
2010,03,17,7,678.46205
2010,03,18,0,679.97651
2010,03,18,1,681.30635
2010,03,18,2,681.55944
2010,03,18,3,682.11363
2010,03,18,4,682.89604
2010,03,18,5,683.28311
2010,03,18,6,683.58866
2010,03,18,7,683.98471
2010,03,19,0,684.77574
2010,03,19,1,684.94172
2010,03,19,2,684.79553
2010,03,19,3,684.83567
2010,03,19,4,684.62252
2010,03,19,5,684.17034
2010,03,19,6,684.31091
2010,03,19,7,684.22402
2010,03,20,0,683.15011
2010,03,20,1,681.6591
2010,03,20,2,681.02301
2010,03,20,3,680.26605
2010,03,20,4,679.72817
2010,03,20,5,679.59091
2010,03,20,6,679.03348
2010,03,20,7,678.99241
2010,03,21,0,678.91833
2010,03,21,1,679.06308
2010,03,21,2,680.08641
2010,03,21,3,681.01334
2010,03,21,4,682.53806
2010,03,21,5,683.73728
2010,03,21,6,684.68274
2010,03,21,7,686.03546
2010,03,22,0,686.75235
2010,03,22,1,687.03301
2010,03,22,2,688.01168
2010,03,22,3,688.70333
2010,03,22,4,689.75933
2010,03,22,5,690.46571
2010,03,22,6,690.79655
2010,03,22,7,690.80449
2010,03,23,0,690.78451
2010,03,23,1,690.38336
2010,03,23,2,690.05222
2010,03,23,3,689.87566
2010,03,23,4,689.79537
2010,03,23,5,689.71062
2010,03,23,6,688.42566
2010,03,23,7,687.77503
2010,03,24,0,686.97715
2010,03,24,1,686.09359
2010,03,24,2,685.64964
2010,03,24,3,685.10712
2010,03,24,4,684.51145
2010,03,24,5,684.06791
2010,03,24,6,683.9823
2010,03,24,7,684.03762
2010,03,25,0,683.77117
2010,03,25,1,683.65417
2010,03,25,2,684.67969
2010,03,25,3,685.65986
2010,03,25,4,686.47428
2010,03,25,5,687.12062
2010,03,25,6,687.29368
2010,03,25,7,687.62866
2010,03,26,0,688.12949
2010,03,26,1,688.15585
2010,03,26,2,688.25823
2010,03,26,3,687.78806
2010,03,26,4,686.63113
2010,03,26,5,685.53031
2010,03,26,6,685.16425
2010,03,26,7,684.82248
2010,03,27,0,684.34909
2010,03,27,1,683.965
2010,03,27,2,684.4108
2010,03,27,3,685.096
2010,03,27,4,686.78559
2010,03,27,5,687.64331
2010,03,27,6,688.03777
2010,03,27,7,687.89591
2010,03,28,0,688.5701
2010,03,28,1,689.71955
2010,03,28,2,690.64787
2010,03,28,3,691.65247
2010,03,28,4,692.53516
2010,03,28,5,693.14958
2010,03,28,6,693.79104
2010,03,28,7,694.4974
2010,03,29,0,695.37503
2010,03,29,1,696.06979
2010,03,29,2,696.16404
2010,03,29,3,695.6688
2010,03,29,4,694.94306
2010,03,29,5,694.33599
2010,03,29,6,693.87484
2010,03,29,7,693.0299
2010,03,30,0,691.59006
2010,03,30,1,690.16552
2010,03,30,2,689.89201
2010,03,30,3,689.59102
2010,03,30,4,688.8329
2010,03,30,5,687.76352
2010,03,30,6,686.65303
2010,03,30,7,685.5269
2010,03,31,0,684.29529
2010,03,31,1,683.20725
2010,03,31,2,682.86217
2010,03,31,3,682.67181
2010,03,31,4,682.60753
2010,03,31,5,682.8519
2010,03,31,6,683.06849
2010,03,31,7,683.25582
2010,03,1,0,683.8103
2010,03,1,1,684.57391
2010,03,1,2,685.12576
2010,03,1,3,685.62777
2010,03,1,4,685.86453
2010,03,1,5,686.26064
2010,03,1,6,686.49698
2010,03,1,7,686.19934
2010,03,2,0,686.49958
2010,03,2,1,686.36086
2010,03,2,2,685.72529
2010,03,2,3,685.54428
2010,03,2,4,685.53465
2010,03,2,5,685.63325
2010,03,2,6,685.41502
2010,03,2,7,685.34525
2010,03,3,0,685.82498
2010,03,3,1,685.89649
2010,03,3,2,685.80558
2010,03,3,3,686.12834
2010,03,3,4,686.09226
2010,03,3,5,686.33689
2010,03,3,6,685.93929
2010,03,3,7,685.47502
2010,03,4,0,685.69457
2010,03,4,1,685.81023
2010,03,4,2,685.70797
2010,03,4,3,686.07464
2010,03,4,4,687.01925
2010,03,4,5,687.83839
2010,03,4,6,687.72362
2010,03,4,7,688.11645
2010,03,5,0,688.63592
2010,03,5,1,689.05243
2010,03,5,2,689.96654
2010,03,5,3,690.73115
2010,03,5,4,691.61927
2010,03,5,5,692.3641
2010,03,5,6,693.0299
2010,03,5,7,693.62009
2010,03,6,0,693.41596
2010,03,6,1,692.96764
2010,03,6,2,692.21866
2010,03,6,3,690.51999
2010,03,6,4,688.25959
2010,03,6,5,686.08574
2010,03,6,6,683.42743
2010,03,6,7,683.25598
2010,03,7,0,683.07246
2010,03,7,1,682.68947
2010,03,7,2,682.71083
2010,03,7,3,682.45083
2010,03,7,4,682.28187
2010,03,7,5,682.26531
2010,03,7,6,681.93333
2010,03,7,7,681.80418
2010,03,8,0,682.35874
2010,03,8,1,682.70565
2010,03,8,2,683.13663
2010,03,8,3,684.03617
2010,03,8,4,684.57291
2010,03,8,5,684.91183
2010,03,8,6,685.94066
2010,03,8,7,686.55596
2010,03,9,0,686.92761
2010,03,9,1,687.36619
2010,03,9,2,688.08843
2010,03,9,3,689.19867
2010,03,9,4,689.95619
2010,03,9,5,690.14698
2010,03,9,6,689.5851
2010,03,9,7,688.90463
2010,03,10,0,687.26634
2010,03,10,1,685.60677
2010,03,10,2,684.28107
2010,03,10,3,682.89353
2010,03,10,4,681.18483
2010,03,10,5,680.02134
2010,03,10,6,678.87567
2010,03,10,7,678.15147
2010,03,11,0,678.09144
2010,03,11,1,678.21792
2010,03,11,2,678.84748
2010,03,11,3,679.72707
2010,03,11,4,680.57019
2010,03,11,5,681.73143
2010,03,11,6,683.07543
2010,03,11,7,684.2392
2010,03,12,0,684.72158
2010,03,12,1,685.47184
2010,03,12,2,686.38567
2010,03,12,3,687.24341
2010,03,12,4,687.38367
2010,03,12,5,687.65953
2010,03,12,6,687.70631
2010,03,12,7,687.4974
2010,03,13,0,687.40728
2010,03,13,1,687.13347
2010,03,13,2,686.98655
2010,03,13,3,686.81068
2010,03,13,4,686.19079
2010,03,13,5,685.39619
2010,03,13,6,684.6039
2010,03,13,7,683.9598
2010,03,14,0,683.22417
2010,03,14,1,682.33296
2010,03,14,2,681.46796
2010,03,14,3,680.19582
2010,03,14,4,678.55132
2010,03,14,5,677.62322
2010,03,14,6,677.07319
2010,03,14,7,676.9164
2010,03,15,0,677.25365
2010,03,15,1,677.5331
2010,03,15,2,678.00362
2010,03,15,3,678.78334
2010,03,15,4,679.33029
2010,03,15,5,679.384
2010,03,15,6,679.83093
2010,03,15,7,680.67062
2010,03,16,0,681.1812
2010,03,16,1,681.57263
2010,03,16,2,682.55643
2010,03,16,3,683.69639
2010,03,16,4,684.35204
2010,03,16,5,684.69739
2010,03,16,6,685.68358
2010,03,16,7,686.51446
2010,03,17,0,686.75785
2010,03,17,1,686.82689
2010,03,17,2,687.18343
2010,03,17,3,687.70225
2010,03,17,4,688.02004
2010,03,17,5,688.20465
2010,03,17,6,688.69369
2010,03,17,7,689.15424
2010,03,18,0,688.86898
2010,03,18,1,688.41033
2010,03,18,2,688.26057
2010,03,18,3,687.87057
2010,03,18,4,687.11851
2010,03,18,5,686.30464
2010,03,18,6,685.29576
2010,03,18,7,683.92661
2010,03,19,0,683.68095
2010,03,19,1,683.19811
2010,03,19,2,682.14555
2010,03,19,3,681.25478
2010,03,19,4,680.67418
2010,03,19,5,679.85387
2010,03,19,6,679.34965
2010,03,19,7,678.63066
2010,03,20,0,678.44469
2010,03,20,1,677.88957
2010,03,20,2,677.08184
2010,03,20,3,676.98229
2010,03,20,4,676.62105
2010,03,20,5,675.84273
2010,03,20,6,675.427
2010,03,20,7,675.19851
2010,03,21,0,674.60359
2010,03,21,1,673.94802
2010,03,21,2,673.83855
2010,03,21,3,674.01589
2010,03,21,4,674.35547
2010,03,21,5,674.73646
2010,03,21,6,675.46583
2010,03,21,7,675.92412
2010,03,22,0,675.81569
2010,03,22,1,675.68875
2010,03,22,2,676.08898
2010,03,22,3,676.47296
2010,03,22,4,676.90924
2010,03,22,5,677.30454
2010,03,22,6,677.51284
2010,03,22,7,678.10298
2010,03,23,0,678.59846
2010,03,23,1,678.93113
2010,03,23,2,679.78167
2010,03,23,3,681.01486
2010,03,23,4,681.85662
2010,03,23,5,683.21416
2010,03,23,6,684.12971
2010,03,23,7,685.33051
2010,03,24,0,686.58029
2010,03,24,1,686.88079
2010,03,24,2,687.92108
2010,03,24,3,689.20789
2010,03,24,4,691.01266
2010,03,24,5,691.98467
2010,03,24,6,693.38991
2010,03,24,7,694.42873
2010,03,25,0,695.50592
2010,03,25,1,695.75187
2010,03,25,2,696.54218
2010,03,25,3,697.53117
2010,03,25,4,697.79753
2010,03,25,5,698.02195
2010,03,25,6,699.54957
2010,03,25,7,700.62316
2010,03,26,0,699.87919
2010,03,26,1,699.20203
2010,03,26,2,698.84112
2010,03,26,3,698.74458
2010,03,26,4,698.40948
2010,03,26,5,697.9827
2010,03,26,6,697.29907
2010,03,26,7,696.53294
2010,03,27,0,695.15939
2010,03,27,1,693.48011
2010,03,27,2,693.10472
2010,03,27,3,692.47617
2010,03,27,4,690.94282
2010,03,27,5,689.59514
2010,03,27,6,687.99698
2010,03,27,7,686.91683
2010,03,28,0,685.94516
2010,03,28,1,685.46512
2010,03,28,2,685.22118
2010,03,28,3,684.9474
2010,03,28,4,684.52445
2010,03,28,5,683.94705
2010,03,28,6,683.31435
2010,03,28,7,682.69727
2010,03,29,0,681.95922
2010,03,29,1,681.47336
2010,03,29,2,681.52765
2010,03,29,3,681.32598
2010,03,29,4,680.96177
2010,03,29,5,680.56689
2010,03,29,6,680.05959
2010,03,29,7,679.9767
2010,03,30,0,680.13375
2010,03,30,1,680.14635
2010,03,30,2,680.37924
2010,03,30,3,680.50824
2010,03,30,4,680.49356
2010,03,30,5,680.6795
2010,03,30,6,680.62998
2010,03,30,7,681.07373
2010,03,1,0,681.36765
2010,03,1,1,681.29544
2010,03,1,2,681.03257
2010,03,1,3,681.093
2010,03,1,4,680.86714
2010,03,1,5,680.34003
2010,03,1,6,679.87242
2010,03,1,7,679.68772
2010,03,2,0,679.74972
2010,03,2,1,679.74304
2010,03,2,2,679.64008
2010,03,2,3,679.78499
2010,03,2,4,680.18864
2010,03,2,5,680.30441
2010,03,2,6,680.32781
2010,03,2,7,680.65671
2010,03,3,0,680.58016
2010,03,3,1,680.22841
2010,03,3,2,680.31908
2010,03,3,3,680.32099
2010,03,3,4,680.29965
2010,03,3,5,680.17836
2010,03,3,6,680.0685
2010,03,3,7,679.86298
2010,03,4,0,679.59275
2010,03,4,1,679.32634
2010,03,4,2,679.62384
2010,03,4,3,679.84359
2010,03,4,4,679.64898
2010,03,4,5,679.62419
2010,03,4,6,679.84112
2010,03,4,7,680.15421
2010,03,5,0,680.32542
2010,03,5,1,680.52635
2010,03,5,2,680.42942
2010,03,5,3,680.25844
2010,03,5,4,679.73226
2010,03,5,5,679.28394
2010,03,5,6,679.41403
2010,03,5,7,679.23761
2010,03,6,0,679.03279
2010,03,6,1,678.63481
2010,03,6,2,679.00658
2010,03,6,3,679.29526
2010,03,6,4,679.53008
2010,03,6,5,679.64298
2010,03,6,6,679.64898
2010,03,6,7,680.05499
2010,03,7,0,680.56027
2010,03,7,1,680.72684
2010,03,7,2,680.99885
2010,03,7,3,680.70767
2010,03,7,4,680.41511
2010,03,7,5,680.30498
2010,03,7,6,680.3133
2010,03,7,7,680.54853
2010,03,8,0,680.90454
2010,03,8,1,681.23175
2010,03,8,2,682.14642
2010,03,8,3,682.74783
2010,03,8,4,682.54565
2010,03,8,5,682.6253
2010,03,8,6,682.6495
2010,03,8,7,682.52092
2010,03,9,0,681.98907
2010,03,9,1,681.82862
2010,03,9,2,683.00871
2010,03,9,3,683.93738
2010,03,9,4,684.71469
2010,03,9,5,684.72919
2010,03,9,6,684.7905
2010,03,9,7,684.91904
2010,03,10,0,684.72631
2010,03,10,1,684.72012
2010,03,10,2,685.09428
2010,03,10,3,685.7555
2010,03,10,4,686.99752
2010,03,10,5,687.85383
2010,03,10,6,688.35095
2010,03,10,7,688.47778
2010,03,11,0,688.24333
2010,03,11,1,687.73331
2010,03,11,2,687.9834
2010,03,11,3,688.33043
2010,03,11,4,688.31787
2010,03,11,5,688.27898
2010,03,11,6,689.18652
2010,03,11,7,689.90422
2010,03,12,0,689.67747
2010,03,12,1,689.59829
2010,03,12,2,689.97031
2010,03,12,3,690.07084
2010,03,12,4,689.04749
2010,03,12,5,688.07122
2010,03,12,6,687.37531
2010,03,12,7,686.78548
2010,03,13,0,686.41312
2010,03,13,1,685.92238
2010,03,13,2,685.2175
2010,03,13,3,684.42921
2010,03,13,4,684.25178
2010,03,13,5,683.78198
2010,03,13,6,682.6357
2010,03,13,7,681.61808
2010,03,14,0,681.15237
2010,03,14,1,680.07863
2010,03,14,2,678.88315
2010,03,14,3,677.93199
2010,03,14,4,677.23934
2010,03,14,5,676.24983
2010,03,14,6,675.4998
2010,03,14,7,674.33807
2010,03,15,0,673.31965
2010,03,15,1,672.4789
2010,03,15,2,671.12882
2010,03,15,3,669.80935
2010,03,15,4,668.02375
2010,03,15,5,658.44711
2010,03,15,6,655.87726
2010,03,15,7,655.85996
2010,03,16,0,656.80056
2010,03,16,1,658.28617
2010,03,16,2,658.63842
2010,03,16,3,659.53098
2010,03,16,4,660.06433
2010,03,16,5,659.89364
2010,03,16,6,658.33988
2010,03,16,7,656.79846
2010,03,17,0,656.4761
2010,03,17,1,656.55563
2010,03,17,2,657.20364
2010,03,17,3,658.03839
2010,03,17,4,658.79572
2010,03,17,5,660.37238
2010,03,17,6,668.88384
2010,03,17,7,670.42135
2010,03,18,0,671.92792
2010,03,18,1,673.17522
2010,03,18,2,674.39036
2010,03,18,3,675.40253
2010,03,18,4,676.17792
2010,03,18,5,676.9446
2010,03,18,6,677.53083
2010,03,18,7,677.91719
2010,03,19,0,678.77181
2010,03,19,1,679.24666
2010,03,19,2,679.85646
2010,03,19,3,680.29742
2010,03,19,4,679.80642
2010,03,19,5,679.30929
2010,03,19,6,678.54754
2010,03,19,7,678.28379
2010,03,20,0,677.89231
2010,03,20,1,677.15606
2010,03,20,2,676.59739
2010,03,20,3,675.92613
2010,03,20,4,675.51558
2010,03,20,5,675.34997
2010,03,20,6,675.11902
2010,03,20,7,674.14388
2010,03,21,0,674.05026
2010,03,21,1,674.02548
2010,03,21,2,674.12466
2010,03,21,3,674.61851
2010,03,21,4,674.88539
2010,03,21,5,675.61535
2010,03,21,6,676.65846
2010,03,21,7,676.88571
2010,03,22,0,676.56046
2010,03,22,1,676.40409
2010,03,22,2,676.72067
2010,03,22,3,677.25995
2010,03,22,4,677.07665
2010,03,22,5,676.26077
2010,03,22,6,675.16376
2010,03,22,7,674.36787
2010,03,23,0,673.42066
2010,03,23,1,673.00782
2010,03,23,2,672.00154
2010,03,23,3,671.40405
2010,03,23,4,670.5973
2010,03,23,5,669.76927
2010,03,23,6,669.3007
2010,03,23,7,669.05577
2010,03,24,0,668.85076
2010,03,24,1,668.791
2010,03,24,2,669.09582
2010,03,24,3,669.30455
2010,03,24,4,669.49015
2010,03,24,5,670.01069
2010,03,24,6,670.59465
2010,03,24,7,671.51517
2010,03,25,0,672.81581
2010,03,25,1,674.1897
2010,03,25,2,675.35789
2010,03,25,3,676.4064
2010,03,25,4,676.85344
2010,03,25,5,677.5896
2010,03,25,6,678.47665
2010,03,25,7,679.01445
2010,03,26,0,679.98358
2010,03,26,1,680.6594
2010,03,26,2,680.81486
2010,03,26,3,680.76506
2010,03,26,4,680.86382
2010,03,26,5,681.01476
2010,03,26,6,681.08823
2010,03,26,7,680.92962
2010,03,27,0,679.97073
2010,03,27,1,678.95648
2010,03,27,2,678.18291
2010,03,27,3,678.17085
2010,03,27,4,678.30146
2010,03,27,5,678.53771
2010,03,27,6,678.7223
2010,03,27,7,679.18475
2010,03,28,0,680.04112
2010,03,28,1,680.83355
2010,03,28,2,681.69604
2010,03,28,3,683.04682
2010,03,28,4,683.35689
2010,03,28,5,682.82288
2010,03,28,6,682.88264
2010,03,28,7,683.12884
2010,03,29,0,683.45448
2010,03,29,1,682.97883
2010,03,29,2,681.29131
2010,03,29,3,679.8435
2010,03,29,4,679.35147
2010,03,29,5,679.26181
2010,03,29,6,678.99085
2010,03,29,7,679.05989
2010,03,30,0,678.36795
2010,03,30,1,677.34247
2010,03,30,2,678.04269
2010,03,30,3,679.2608
2010,03,30,4,681.3402
2010,03,30,5,683.3529
2010,03,30,6,684.82197
2010,03,30,7,685.09136
2010,03,31,0,684.66831
2010,03,31,1,684.41175
2010,03,31,2,684.9346
2010,03,31,3,685.21971
2010,03,31,4,685.1517
2010,03,31,5,685.04587
2010,03,31,6,684.73415
2010,03,31,7,683.90198
2010,03,1,0,683.68599
2010,03,1,1,683.67848
2010,03,1,2,682.98552
2010,03,1,3,681.98472
2010,03,1,4,681.35626
2010,03,1,5,680.9456
2010,03,1,6,680.20762
2010,03,1,7,679.43621
2010,03,2,0,678.535
2010,03,2,1,677.97931
2010,03,2,2,677.5046
2010,03,2,3,677.02609
2010,03,2,4,676.74992
2010,03,2,5,677.03249
2010,03,2,6,677.31467
2010,03,2,7,678.13665
2010,03,3,0,678.17321
2010,03,3,1,678.05445
2010,03,3,2,678.93509
2010,03,3,3,679.71961
2010,03,3,4,680.95331
2010,03,3,5,682.35435
2010,03,3,6,682.90174
2010,03,3,7,683.43814
2010,03,4,0,684.77985
2010,03,4,1,686.23293
2010,03,4,2,687.17088
2010,03,4,3,688.47536
2010,03,4,4,688.90121
2010,03,4,5,689.41093
2010,03,4,6,690.33365
2010,03,4,7,691.07648
2010,03,5,0,691.6735
2010,03,5,1,692.01692
2010,03,5,2,692.21713
2010,03,5,3,692.11602
2010,03,5,4,691.83855
2010,03,5,5,691.83355
2010,03,5,6,691.54231
2010,03,5,7,691.42859
2010,03,6,0,690.91414
2010,03,6,1,690.95836
2010,03,6,2,690.77778
2010,03,6,3,690.11055
2010,03,6,4,689.98208
2010,03,6,5,689.78505
2010,03,6,6,689.38418
2010,03,6,7,688.86872
2010,03,7,0,688.03096
2010,03,7,1,687.53045
2010,03,7,2,687.09466
2010,03,7,3,686.91291
2010,03,7,4,686.39217
2010,03,7,5,685.48863
2010,03,7,6,684.54431
2010,03,7,7,683.91087
2010,03,8,0,682.65445
2010,03,8,1,681.89474
2010,03,8,2,682.06579
2010,03,8,3,681.67572
2010,03,8,4,681.13517
2010,03,8,5,680.88337
2010,03,8,6,680.66478
2010,03,8,7,680.59409
2010,03,9,0,680.08516
2010,03,9,1,679.98123
2010,03,9,2,680.33386
2010,03,9,3,680.78248
2010,03,9,4,680.75805
2010,03,9,5,680.8487
2010,03,9,6,680.88225
2010,03,9,7,680.53463
2010,03,10,0,680.51103
2010,03,10,1,680.46978
2010,03,10,2,680.45567
2010,03,10,3,680.3769
2010,03,10,4,680.39223
2010,03,10,5,680.66315
2010,03,10,6,680.81071
2010,03,10,7,680.77658
2010,03,11,0,680.6643
2010,03,11,1,680.68237
2010,03,11,2,680.55123
2010,03,11,3,680.19304
2010,03,11,4,679.97582
2010,03,11,5,679.96716
2010,03,11,6,679.61285
2010,03,11,7,679.04772
2010,03,12,0,679.81407
2010,03,12,1,680.88808
2010,03,12,2,680.72955
2010,03,12,3,680.31844
2010,03,12,4,679.90247
2010,03,12,5,679.26537
2010,03,12,6,679.08191
2010,03,12,7,679.24942
2010,03,13,0,679.43485
2010,03,13,1,680.82369
2010,03,13,2,682.77425
2010,03,13,3,684.72488
2010,03,13,4,686.14398
2010,03,13,5,686.18373
2010,03,13,6,686.90446
2010,03,13,7,687.41164
2010,03,14,0,687.3201
2010,03,14,1,687.51498
2010,03,14,2,687.33942
2010,03,14,3,686.974
2010,03,14,4,686.96563
2010,03,14,5,686.31143
2010,03,14,6,685.87316
2010,03,14,7,685.67672
2010,03,15,0,685.70291
2010,03,15,1,685.90185
2010,03,15,2,685.81327
2010,03,15,3,686.47458
2010,03,15,4,686.95446
2010,03,15,5,686.9616
2010,03,15,6,687.58142
2010,03,15,7,688.03196
2010,03,16,0,688.38085
2010,03,16,1,687.83528
2010,03,16,2,687.31159
2010,03,16,3,686.57568
2010,03,16,4,685.42145
2010,03,16,5,684.33177
2010,03,16,6,682.90979
2010,03,16,7,681.93046
2010,03,17,0,681.02422
2010,03,17,1,680.45537
2010,03,17,2,678.8779
2010,03,17,3,677.70951
2010,03,17,4,676.52304
2010,03,17,5,675.45569
2010,03,17,6,675.51881
2010,03,17,7,674.93043
2010,03,18,0,673.90481
2010,03,18,1,672.0517
2010,03,18,2,671.55187
2010,03,18,3,672.24381
2010,03,18,4,672.02627
2010,03,18,5,672.29542
2010,03,18,6,673.35949
2010,03,18,7,674.35361
2010,03,19,0,674.43873
2010,03,19,1,674.64921
2010,03,19,2,675.16216
2010,03,19,3,675.66559
2010,03,19,4,675.69644
2010,03,19,5,675.92518
2010,03,19,6,675.65362
2010,03,19,7,675.62141
2010,03,20,0,676.25243
2010,03,20,1,675.88418
2010,03,20,2,675.34216
2010,03,20,3,674.79809
2010,03,20,4,675.09687
2010,03,20,5,675.01226
2010,03,20,6,675.83887
2010,03,20,7,677.15445
2010,03,21,0,679.02584
2010,03,21,1,680.62063
2010,03,21,2,680.83715
2010,03,21,3,681.42618
2010,03,21,4,682.3294
2010,03,21,5,682.84241
2010,03,21,6,683.26557
2010,03,21,7,683.84023
2010,03,22,0,684.99374
2010,03,22,1,685.67081
2010,03,22,2,686.46615
2010,03,22,3,686.79782
2010,03,22,4,687.35456
2010,03,22,5,687.88575
2010,03,22,6,688.50511
2010,03,22,7,688.71074
2010,03,23,0,689.17823
2010,03,23,1,689.31189
2010,03,23,2,689.48099
2010,03,23,3,689.88691
2010,03,23,4,689.62745
2010,03,23,5,689.49128
2010,03,23,6,690.04873
2010,03,23,7,690.59136
2010,03,24,0,690.76341
2010,03,24,1,690.91647
2010,03,24,2,691.12628
2010,03,24,3,691.12116
2010,03,24,4,691.54507
2010,03,24,5,691.44946
2010,03,24,6,691.49967
2010,03,24,7,691.97092
2010,03,25,0,692.32619
2010,03,25,1,692.27081
2010,03,25,2,692.45297
2010,03,25,3,692.73599
2010,03,25,4,691.64707
2010,03,25,5,690.3919
2010,03,25,6,689.84061
2010,03,25,7,689.4799
2010,03,26,0,689.32254
2010,03,26,1,689.38153
2010,03,26,2,690.00783
2010,03,26,3,690.38296
2010,03,26,4,690.4373
2010,03,26,5,690.82186
2010,03,26,6,690.81866
2010,03,26,7,690.51579
2010,03,27,0,690.71567
2010,03,27,1,690.83613
2010,03,27,2,690.77402
2010,03,27,3,690.44593
2010,03,27,4,690.27429
2010,03,27,5,689.92101
2010,03,27,6,689.60351
2010,03,27,7,688.77673
2010,03,28,0,687.6853
2010,03,28,1,686.60741
2010,03,28,2,685.48838
2010,03,28,3,684.43086
2010,03,28,4,683.05614
2010,03,28,5,681.86281
2010,03,28,6,680.69008
2010,03,28,7,679.71747
2010,03,29,0,678.75349
2010,03,29,1,677.47844
2010,03,29,2,676.52404
2010,03,29,3,676.21313
2010,03,29,4,675.67623
2010,03,29,5,675.39183
2010,03,29,6,675.66153
2010,03,29,7,676.0969
2010,03,30,0,676.42297
2010,03,30,1,676.81842
2010,03,30,2,677.74834
2010,03,30,3,678.22349
2010,03,30,4,678.70206
2010,03,30,5,679.42973
2010,03,30,6,679.63089
2010,03,30,7,679.76337
2010,03,31,0,679.54649
2010,03,31,1,679.32848
2010,03,31,2,679.67583
2010,03,31,3,679.8183
2010,03,31,4,679.55912
2010,03,31,5,679.57043
2010,03,31,6,680.17224
2010,03,31,7,680.76673
2010,03,1,0,681.39008
2010,03,1,1,681.52623
2010,03,1,2,681.82412
2010,03,1,3,682.22221
2010,03,1,4,681.98635
2010,03,1,5,682.10881
2010,03,1,6,682.12639
2010,03,1,7,682.32769
2010,03,2,0,682.76079
2010,03,2,1,683.03163
2010,03,2,2,683.75529
2010,03,2,3,684.17715
2010,03,2,4,684.25799
2010,03,2,5,684.34596
2010,03,2,6,684.78467
2010,03,2,7,685.46135
2010,03,3,0,685.64636
2010,03,3,1,686.28224
2010,03,3,2,687.24365
2010,03,3,3,687.76415
2010,03,3,4,688.46432
2010,03,3,5,688.90298
2010,03,3,6,689.52786
2010,03,3,7,689.97534
2010,03,4,0,690.30251
2010,03,4,1,690.13335
2010,03,4,2,690.17349
2010,03,4,3,690.21641
2010,03,4,4,689.15417
2010,03,4,5,687.45145
2010,03,4,6,686.24846
2010,03,4,7,684.85636
2010,03,5,0,683.78991
2010,03,5,1,682.62032
2010,03,5,2,681.58436
2010,03,5,3,680.29258
2010,03,5,4,678.2005
2010,03,5,5,675.7408
2010,03,5,6,674.03552
2010,03,5,7,672.26836
2010,03,6,0,670.49854
2010,03,6,1,668.89057
2010,03,6,2,668.11562
2010,03,6,3,659.28575
2010,03,6,4,659.85477
2010,03,6,5,669.485
2010,03,6,6,671.56555
2010,03,6,7,674.23314
2010,03,7,0,676.26197
2010,03,7,1,678.09505
2010,03,7,2,679.95183
2010,03,7,3,680.97479
2010,03,7,4,681.9355
2010,03,7,5,682.55606
2010,03,7,6,682.73209
2010,03,7,7,682.54645
2010,03,8,0,681.87694
2010,03,8,1,681.00325
2010,03,8,2,680.66345
2010,03,8,3,680.26308
2010,03,8,4,679.79947
2010,03,8,5,679.67026
2010,03,8,6,678.76398
2010,03,8,7,677.70104
2010,03,9,0,676.92841
2010,03,9,1,676.47036
2010,03,9,2,675.95059
2010,03,9,3,675.88101
2010,03,9,4,676.71943
2010,03,9,5,676.93709
2010,03,9,6,678.19125
2010,03,9,7,679.0847
2010,03,10,0,679.46327
2010,03,10,1,679.86666
2010,03,10,2,680.55868
2010,03,10,3,680.76656
2010,03,10,4,680.39224
2010,03,10,5,679.7575
2010,03,10,6,679.68756
2010,03,10,7,679.59711
2010,03,11,0,678.85319
2010,03,11,1,677.92197
2010,03,11,2,677.0184
2010,03,11,3,675.44094
2010,03,11,4,674.54489
2010,03,11,5,674.12519
2010,03,11,6,673.0734
2010,03,11,7,670.61744
2010,03,12,0,670.78389
2010,03,12,1,671.45983
2010,03,12,2,670.74246
2010,03,12,3,670.45877
2010,03,12,4,671.27857
2010,03,12,5,671.84161
2010,03,12,6,672.56579
2010,03,12,7,672.95242
2010,03,13,0,673.24394
2010,03,13,1,673.51608
2010,03,13,2,673.89765
2010,03,13,3,674.4405
2010,03,13,4,674.68291
2010,03,13,5,675.06848
2010,03,13,6,675.81314
2010,03,13,7,676.99816
2010,03,14,0,678.75115
2010,03,14,1,679.75309
2010,03,14,2,680.94086
2010,03,14,3,682.51211
2010,03,14,4,684.66363
2010,03,14,5,686.58878
2010,03,14,6,687.71412
2010,03,14,7,688.90374
2010,03,15,0,689.95804
2010,03,15,1,690.3675
2010,03,15,2,690.946
2010,03,15,3,691.5893
2010,03,15,4,692.03147
2010,03,15,5,692.34824
2010,03,15,6,692.66365
2010,03,15,7,693.04575
2010,03,16,0,692.87527
2010,03,16,1,692.2394
2010,03,16,2,691.88965
2010,03,16,3,691.52409
2010,03,16,4,690.61057
2010,03,16,5,689.99408
2010,03,16,6,689.66704
2010,03,16,7,689.55482
2010,03,17,0,689.04286
2010,03,17,1,688.23658
2010,03,17,2,688.35524
2010,03,17,3,688.13939
2010,03,17,4,687.42055
2010,03,17,5,686.41547
2010,03,17,6,686.18363
2010,03,17,7,686.8211
2010,03,18,0,687.48612
2010,03,18,1,687.23571
2010,03,18,2,686.88017
2010,03,18,3,687.07364
2010,03,18,4,687.00225
2010,03,18,5,686.57343
2010,03,18,6,685.73573
2010,03,18,7,684.89995
2010,03,19,0,684.17614
2010,03,19,1,683.20136
2010,03,19,2,682.77565
2010,03,19,3,682.63832
2010,03,19,4,683.11672
2010,03,19,5,683.59508
2010,03,19,6,683.9139
2010,03,19,7,684.5931
2010,03,20,0,685.05743
2010,03,20,1,685.54101
2010,03,20,2,686.41177
2010,03,20,3,687.24592
2010,03,20,4,687.37784
2010,03,20,5,687.41445
2010,03,20,6,687.70405
2010,03,20,7,688.06187
2010,03,21,0,688.08595
2010,03,21,1,688.28399
2010,03,21,2,689.04666
2010,03,21,3,689.57307
2010,03,21,4,690.50125
2010,03,21,5,691.91711
2010,03,21,6,692.54451
2010,03,21,7,693.10378
2010,03,22,0,693.79398
2010,03,22,1,694.52764
2010,03,22,2,695.18236
2010,03,22,3,695.42456
2010,03,22,4,695.65689
2010,03,22,5,696.0245
2010,03,22,6,695.66669
2010,03,22,7,695.33096
2010,03,23,0,695.72618
2010,03,23,1,695.85664
2010,03,23,2,695.583
2010,03,23,3,694.9414
2010,03,23,4,693.50501
2010,03,23,5,692.39022
2010,03,23,6,691.90892
2010,03,23,7,691.26545
2010,03,24,0,690.09058
2010,03,24,1,688.84511
2010,03,24,2,687.84678
2010,03,24,3,686.91878
2010,03,24,4,686.13059
2010,03,24,5,685.36807
2010,03,24,6,685.70084
2010,03,24,7,686.29356
2010,03,25,0,686.22614
2010,03,25,1,686.57504
2010,03,25,2,686.6464
2010,03,25,3,686.98571
2010,03,25,4,687.69574
2010,03,25,5,688.40052
2010,03,25,6,689.46221
2010,03,25,7,690.65968
2010,03,26,0,691.55387
2010,03,26,1,692.18609
2010,03,26,2,693.28892
2010,03,26,3,694.43962
2010,03,26,4,695.15817
2010,03,26,5,695.60635
2010,03,26,6,696.35155
2010,03,26,7,696.73448
2010,03,27,0,697.73876
2010,03,27,1,698.63045
2010,03,27,2,699.18515
2010,03,27,3,699.58303
2010,03,27,4,699.47431
2010,03,27,5,698.77917
2010,03,27,6,698.5803
2010,03,27,7,698.21894
2010,03,28,0,697.90675
2010,03,28,1,697.76965
2010,03,28,2,697.29545
2010,03,28,3,696.28901
2010,03,28,4,695.71044
2010,03,28,5,694.79581
2010,03,28,6,694.0064
2010,03,28,7,692.99496
2010,03,29,0,691.87869
2010,03,29,1,690.40941
2010,03,29,2,688.47248
2010,03,29,3,686.38061
2010,03,29,4,684.8614
2010,03,29,5,684.10571
2010,03,29,6,683.27108
2010,03,29,7,682.22344
2010,03,30,0,681.42883
2010,03,30,1,680.70841
2010,03,30,2,680.55168
2010,03,30,3,680.57513
2010,03,30,4,680.86182
2010,03,30,5,681.53058
2010,03,30,6,682.59335
2010,03,30,7,683.64725
2010,03,1,0,684.86863
2010,03,1,1,686.01723
2010,03,1,2,687.52613
2010,03,1,3,688.06678
2010,03,1,4,688.66518
2010,03,1,5,689.26185
2010,03,1,6,690.29823
2010,03,1,7,691.01487
2010,03,2,0,691.40281
2010,03,2,1,691.5124
2010,03,2,2,691.53313
2010,03,2,3,691.20783
2010,03,2,4,691.13633
2010,03,2,5,690.59666
2010,03,2,6,690.72427
2010,03,2,7,690.72172
2010,03,3,0,689.87331
2010,03,3,1,688.67927
2010,03,3,2,688.22092
2010,03,3,3,687.24491
2010,03,3,4,685.85711
2010,03,3,5,685.10352
2010,03,3,6,684.48634
2010,03,3,7,683.84207
2010,03,4,0,683.75224
2010,03,4,1,683.97807
2010,03,4,2,684.74095
2010,03,4,3,685.72632
2010,03,4,4,686.61474
2010,03,4,5,687.39459
2010,03,4,6,688.71945
2010,03,4,7,689.89257
2010,03,5,0,691.24958
2010,03,5,1,692.40212
2010,03,5,2,692.85717
2010,03,5,3,693.61324
2010,03,5,4,695.1864
2010,03,5,5,696.17149
2010,03,5,6,696.48774
2010,03,5,7,697.09062
2010,03,6,0,697.70941
2010,03,6,1,697.98473
2010,03,6,2,697.84889
2010,03,6,3,697.79817
2010,03,6,4,698.41662
2010,03,6,5,698.53615
2010,03,6,6,698.97844
2010,03,6,7,699.33616
2010,03,7,0,699.19975
2010,03,7,1,698.90821
2010,03,7,2,698.81064
2010,03,7,3,698.33853
2010,03,7,4,697.56379
2010,03,7,5,697.03921
2010,03,7,6,696.77189
2010,03,7,7,695.77601
2010,03,8,0,694.97323
2010,03,8,1,694.00677
2010,03,8,2,693.46714
2010,03,8,3,692.957
2010,03,8,4,691.662
2010,03,8,5,690.53145
2010,03,8,6,689.37917
2010,03,8,7,687.90193
2010,03,9,0,686.5669
2010,03,9,1,685.31737
2010,03,9,2,684.50962
2010,03,9,3,683.66645
2010,03,9,4,683.07028
2010,03,9,5,682.72269
2010,03,9,6,682.438
2010,03,9,7,682.57331
2010,03,10,0,682.6831
2010,03,10,1,682.68728
2010,03,10,2,682.59441
2010,03,10,3,682.56807
2010,03,10,4,682.82925
2010,03,10,5,682.61234
2010,03,10,6,682.61269
2010,03,10,7,682.49751
2010,03,11,0,681.93623
2010,03,11,1,681.16719
2010,03,11,2,680.57833
2010,03,11,3,680.31112
2010,03,11,4,679.99221
2010,03,11,5,679.89227
2010,03,11,6,680.12779
2010,03,11,7,680.71827
2010,03,12,0,680.97958
2010,03,12,1,680.98714
2010,03,12,2,681.92174
2010,03,12,3,683.08471
2010,03,12,4,684.42144
2010,03,12,5,685.80925
2010,03,12,6,688.18238
2010,03,12,7,690.47899
2010,03,13,0,691.28581
2010,03,13,1,691.51136
2010,03,13,2,691.98035
2010,03,13,3,691.72858
2010,03,13,4,690.85638
2010,03,13,5,690.21995
2010,03,13,6,689.52211
2010,03,13,7,688.46892
2010,03,14,0,687.78492
2010,03,14,1,687.1434
2010,03,14,2,687.3134
2010,03,14,3,687.69945
2010,03,14,4,687.88085
2010,03,14,5,688.15693
2010,03,14,6,688.63564
2010,03,14,7,688.45756
2010,03,15,0,687.92693
2010,03,15,1,687.42874
2010,03,15,2,687.2704
2010,03,15,3,686.55468
2010,03,15,4,686.14416
2010,03,15,5,685.34679
2010,03,15,6,684.255
2010,03,15,7,683.27369
2010,03,16,0,682.17986
2010,03,16,1,681.13914
2010,03,16,2,681.07861
2010,03,16,3,680.84184
2010,03,16,4,680.84901
2010,03,16,5,680.84469
2010,03,16,6,681.34075
2010,03,16,7,681.6015
2010,03,17,0,681.51512
2010,03,17,1,681.47185
2010,03,17,2,682.59462
2010,03,17,3,683.41311
2010,03,17,4,683.78838
2010,03,17,5,683.91072
2010,03,17,6,684.75219
2010,03,17,7,685.1611
2010,03,18,0,685.25217
2010,03,18,1,684.82118
2010,03,18,2,685.12297
2010,03,18,3,684.91227
2010,03,18,4,684.45616
2010,03,18,5,684.45481
2010,03,18,6,684.88223
2010,03,18,7,685.02971
2010,03,19,0,684.91539
2010,03,19,1,684.93142
2010,03,19,2,685.38946
2010,03,19,3,685.73535
2010,03,19,4,686.33779
2010,03,19,5,686.87176
2010,03,19,6,687.52132
2010,03,19,7,688.41506
2010,03,20,0,689.0181
2010,03,20,1,689.2955
2010,03,20,2,690.17585
2010,03,20,3,690.82572
2010,03,20,4,690.81526
2010,03,20,5,690.71754
2010,03,20,6,690.53994
2010,03,20,7,690.35221
2010,03,21,0,690.32223
2010,03,21,1,690.02111
2010,03,21,2,689.30228
2010,03,21,3,688.93224
2010,03,21,4,688.84408
2010,03,21,5,688.82448
2010,03,21,6,688.82081
2010,03,21,7,688.68835
2010,03,22,0,688.21527
2010,03,22,1,687.70707
2010,03,22,2,687.72316
2010,03,22,3,687.41341
2010,03,22,4,686.5246
2010,03,22,5,686.18965
2010,03,22,6,686.29467
2010,03,22,7,685.91159
2010,03,23,0,684.42252
2010,03,23,1,683.13199
2010,03,23,2,683.3733
2010,03,23,3,683.21093
2010,03,23,4,682.45033
2010,03,23,5,682.24474
2010,03,23,6,682.73409
2010,03,23,7,682.95787
2010,03,24,0,683.51387
2010,03,24,1,683.81946
2010,03,24,2,685.06188
2010,03,24,3,685.84545
2010,03,24,4,684.99405
2010,03,24,5,684.36972
2010,03,24,6,684.01222
2010,03,24,7,683.81457
2010,03,25,0,683.81922
2010,03,25,1,683.65516
2010,03,25,2,683.92224
2010,03,25,3,683.88717
2010,03,25,4,683.38466
2010,03,25,5,682.97214
2010,03,25,6,682.92335
2010,03,25,7,682.56695
2010,03,26,0,682.54411
2010,03,26,1,682.3898
2010,03,26,2,682.40859
2010,03,26,3,682.18719
2010,03,26,4,681.84221
2010,03,26,5,682.03192
2010,03,26,6,682.29263
2010,03,26,7,682.3904
2010,03,27,0,682.25364
2010,03,27,1,681.96265
2010,03,27,2,682.358
2010,03,27,3,682.93834
2010,03,27,4,683.36354
2010,03,27,5,683.65151
2010,03,27,6,683.79801
2010,03,27,7,684.10553
2010,03,28,0,684.77765
2010,03,28,1,685.22715
2010,03,28,2,685.60587
2010,03,28,3,685.97254
2010,03,28,4,686.44991
2010,03,28,5,686.69762
2010,03,28,6,687.6912
2010,03,28,7,688.64194
2010,03,29,0,688.37354
2010,03,29,1,688.12046
2010,03,29,2,688.50395
2010,03,29,3,688.638
2010,03,29,4,688.38058
2010,03,29,5,687.98004
2010,03,29,6,688.13691
2010,03,29,7,688.38742
2010,03,30,0,687.51266
2010,03,30,1,686.46215
2010,03,30,2,686.09845
2010,03,30,3,685.21519
2010,03,30,4,684.08818
2010,03,30,5,683.34757
2010,03,30,6,682.91866
2010,03,30,7,682.83119
2010,03,31,0,681.31337
2010,03,31,1,678.48287
2010,03,31,2,676.64932
2010,03,31,3,674.96761
2010,03,31,4,673.45763
2010,03,31,5,673.23907
2010,03,31,6,674.50528
2010,03,31,7,675.89006
2010,03,1,0,677.00578
2010,03,1,1,678.29495
2010,03,1,2,680.19872
2010,03,1,3,681.69141
2010,03,1,4,683.23048
2010,03,1,5,684.21627
2010,03,1,6,685.9511
2010,03,1,7,687.64079
2010,03,2,0,688.49697
2010,03,2,1,688.79922
2010,03,2,2,689.60338
2010,03,2,3,690.33776
2010,03,2,4,690.65365
2010,03,2,5,690.6194
2010,03,2,6,691.43936
2010,03,2,7,692.77393
2010,03,3,0,693.4577
2010,03,3,1,693.64236
2010,03,3,2,694.05947
2010,03,3,3,694.25957
2010,03,3,4,694.51177
2010,03,3,5,694.59032
2010,03,3,6,694.94729
2010,03,3,7,695.87915
2010,03,4,0,695.89894
2010,03,4,1,695.8624
2010,03,4,2,696.56035
2010,03,4,3,697.01215
2010,03,4,4,697.11614
2010,03,4,5,697.33944
2010,03,4,6,697.79816
2010,03,4,7,698.17932
2010,03,5,0,698.30241
2010,03,5,1,698.03085
2010,03,5,2,698.58261
2010,03,5,3,698.82257
2010,03,5,4,698.39381
2010,03,5,5,697.70851
2010,03,5,6,697.36611
2010,03,5,7,697.13344
2010,03,6,0,696.16448
2010,03,6,1,694.79487
2010,03,6,2,694.30937
2010,03,6,3,693.57229
2010,03,6,4,692.96688
2010,03,6,5,692.11679
2010,03,6,6,692.59793
2010,03,6,7,693.31901
2010,03,7,0,693.01272
2010,03,7,1,692.87913
2010,03,7,2,693.50281
2010,03,7,3,693.71399
2010,03,7,4,693.41067
2010,03,7,5,693.92596
2010,03,7,6,695.91924
2010,03,7,7,697.52776
2010,03,8,0,698.18473
2010,03,8,1,698.26082
2010,03,8,2,698.81756
2010,03,8,3,699.72112
2010,03,8,4,700.7578
2010,03,8,5,701.8846
2010,03,8,6,702.69739
2010,03,8,7,703.23088
2010,03,9,0,703.87487
2010,03,9,1,704.30513
2010,03,9,2,704.76907
2010,03,9,3,705.07985
2010,03,9,4,704.47742
2010,03,9,5,702.5673
2010,03,9,6,701.77113
2010,03,9,7,700.91101
2010,03,10,0,700.37112
2010,03,10,1,698.8866
2010,03,10,2,698.21684
2010,03,10,3,697.55019
2010,03,10,4,696.37146
2010,03,10,5,694.82523
2010,03,10,6,693.73997
2010,03,10,7,692.74076
2010,03,11,0,691.36818
2010,03,11,1,689.84849
2010,03,11,2,690.02213
2010,03,11,3,690.38622
2010,03,11,4,689.54792
2010,03,11,5,688.77567
2010,03,11,6,688.69045
2010,03,11,7,688.58059
2010,03,12,0,687.57246
2010,03,12,1,686.69178
2010,03,12,2,686.41067
2010,03,12,3,685.56185
2010,03,12,4,684.50876
2010,03,12,5,683.80569
2010,03,12,6,683.53171
2010,03,12,7,683.15637
2010,03,13,0,683.36004
2010,03,13,1,683.38338
2010,03,13,2,683.6354
2010,03,13,3,683.71425
2010,03,13,4,684.16788
2010,03,13,5,684.78938
2010,03,13,6,685.09062
2010,03,13,7,685.2044
2010,03,14,0,684.9665
2010,03,14,1,684.50549
2010,03,14,2,684.23348
2010,03,14,3,683.69022
2010,03,14,4,683.3415
2010,03,14,5,683.20136
2010,03,14,6,683.13481
2010,03,14,7,683.57899
2010,03,15,0,683.62686
2010,03,15,1,683.52223
2010,03,15,2,683.90007
2010,03,15,3,684.33006
2010,03,15,4,684.81322
2010,03,15,5,685.59961
2010,03,15,6,686.37844
2010,03,15,7,687.1598
2010,03,16,0,688.388
2010,03,16,1,689.29144
2010,03,16,2,689.60907
2010,03,16,3,689.82267
2010,03,16,4,690.32901
2010,03,16,5,690.57522
2010,03,16,6,690.91936
2010,03,16,7,691.3179
2010,03,17,0,691.58118
2010,03,17,1,691.09873
2010,03,17,2,691.02787
2010,03,17,3,690.88968
2010,03,17,4,690.54871
2010,03,17,5,690.2597
2010,03,17,6,689.7283
2010,03,17,7,688.95547
2010,03,18,0,688.57142
2010,03,18,1,688.01774
2010,03,18,2,687.64359
2010,03,18,3,687.41237
2010,03,18,4,686.72243
2010,03,18,5,686.24255
2010,03,18,6,686.75645
2010,03,18,7,687.19356
2010,03,19,0,686.44158
2010,03,19,1,685.65957
2010,03,19,2,686.20033
2010,03,19,3,686.07102
2010,03,19,4,686.11707
2010,03,19,5,686.01551
2010,03,19,6,685.71268
2010,03,19,7,685.78692
2010,03,20,0,685.62327
2010,03,20,1,685.29496
2010,03,20,2,685.69838
2010,03,20,3,685.94143
2010,03,20,4,685.83905
2010,03,20,5,685.82326
2010,03,20,6,685.80787
2010,03,20,7,685.87922
2010,03,21,0,685.86754
2010,03,21,1,685.50835
2010,03,21,2,685.7219
2010,03,21,3,686.04561
2010,03,21,4,685.67046
2010,03,21,5,685.31577
2010,03,21,6,685.58283
2010,03,21,7,685.50567
2010,03,22,0,685.50318
2010,03,22,1,685.50354
2010,03,22,2,685.31121
2010,03,22,3,684.80532
2010,03,22,4,685.01231
2010,03,22,5,684.9899
2010,03,22,6,684.99045
2010,03,22,7,684.8977
2010,03,23,0,684.59338
2010,03,23,1,684.34755
2010,03,23,2,683.90485
2010,03,23,3,683.22252
2010,03,23,4,682.78744
2010,03,23,5,682.5015
2010,03,23,6,682.62056
2010,03,23,7,682.58874
2010,03,24,0,682.65509
2010,03,24,1,682.62585
2010,03,24,2,682.81486
2010,03,24,3,682.79005
2010,03,24,4,682.70905
2010,03,24,5,682.49772
2010,03,24,6,682.52408
2010,03,24,7,682.79082
2010,03,25,0,682.70977
2010,03,25,1,682.17835
2010,03,25,2,682.37746
2010,03,25,3,682.59384
2010,03,25,4,682.48862
2010,03,25,5,682.44227
2010,03,25,6,682.62642
2010,03,25,7,682.70993
2010,03,26,0,682.66522
2010,03,26,1,682.38767
2010,03,26,2,682.38071
2010,03,26,3,682.40335
2010,03,26,4,682.20064
2010,03,26,5,681.74667
2010,03,26,6,681.45957
2010,03,26,7,681.23413
2010,03,27,0,681.08832
2010,03,27,1,680.56824
2010,03,27,2,680.41561
2010,03,27,3,680.26523
2010,03,27,4,680.09629
2010,03,27,5,679.92165
2010,03,27,6,679.8615
2010,03,27,7,679.86127
2010,03,28,0,679.86379
2010,03,28,1,679.48658
2010,03,28,2,679.6089
2010,03,28,3,679.6516
2010,03,28,4,679.7441
2010,03,28,5,679.92717
2010,03,28,6,680.32672
2010,03,28,7,680.94272
2010,03,29,0,681.49727
2010,03,29,1,681.63858
2010,03,29,2,681.99841
2010,03,29,3,682.62597
2010,03,29,4,682.99372
2010,03,29,5,683.26817
2010,03,29,6,683.85592
2010,03,29,7,684.41895
2010,03,30,0,685.00153
2010,03,30,1,685.05407
2010,03,30,2,685.43284
2010,03,30,3,686.04996
2010,03,30,4,686.21936
2010,03,30,5,686.13764
2010,03,30,6,686.66019
2010,03,30,7,687.38381
2010,03,1,0,687.93895
2010,03,1,1,688.38931
2010,03,1,2,688.5971
2010,03,1,3,688.64646
2010,03,1,4,688.9877
2010,03,1,5,688.86013
2010,03,1,6,688.6591
2010,03,1,7,688.89742
2010,03,2,0,689.45273
2010,03,2,1,689.79966
2010,03,2,2,690.35563
2010,03,2,3,691.04548
2010,03,2,4,691.75705
2010,03,2,5,692.2402
2010,03,2,6,693.24078
2010,03,2,7,694.03355
2010,03,3,0,694.33428
2010,03,3,1,694.55725
2010,03,3,2,694.92371
2010,03,3,3,694.99076
2010,03,3,4,695.12625
2010,03,3,5,695.37554
2010,03,3,6,695.4623
2010,03,3,7,695.48483
2010,03,4,0,695.25283
2010,03,4,1,694.8996
2010,03,4,2,694.94939
2010,03,4,3,695.08191
2010,03,4,4,694.56609
2010,03,4,5,694.11325
2010,03,4,6,694.32709
2010,03,4,7,694.51041
2010,03,5,0,694.77438
2010,03,5,1,695.00988
2010,03,5,2,695.53928
2010,03,5,3,696.2119
2010,03,5,4,697.32215
2010,03,5,5,698.33474
2010,03,5,6,699.66341
2010,03,5,7,700.98926
2010,03,6,0,701.39184
2010,03,6,1,701.8508
2010,03,6,2,702.49897
2010,03,6,3,703.0537
2010,03,6,4,703.69081
2010,03,6,5,704.54383
2010,03,6,6,705.4457
2010,03,6,7,706.47703
2010,03,7,0,707.966
2010,03,7,1,709.25537
2010,03,7,2,710.1161
2010,03,7,3,710.57949
2010,03,7,4,711.48188
2010,03,7,5,711.9537
2010,03,7,6,718.59182
2010,03,7,7,719.19596
2010,03,8,0,719.23891
2010,03,8,1,719.3646
2010,03,8,2,720.21163
2010,03,8,3,721.12927
2010,03,8,4,721.50471
2010,03,8,5,721.04844
2010,03,8,6,720.7173
2010,03,8,7,719.44571
2010,03,9,0,717.69598
2010,03,9,1,710.5769
2010,03,9,2,708.52856
2010,03,9,3,706.17129
2010,03,9,4,703.43896
2010,03,9,5,702.89048
2010,03,9,6,703.37764
2010,03,9,7,703.39552
2010,03,10,0,703.03269
2010,03,10,1,702.64316
2010,03,10,2,702.7596
2010,03,10,3,702.11923
2010,03,10,4,701.78036
2010,03,10,5,701.44742
2010,03,10,6,701.8301
2010,03,10,7,702.2056
2010,03,11,0,701.94275
2010,03,11,1,701.34932
2010,03,11,2,700.53885
2010,03,11,3,700.35954
2010,03,11,4,700.93044
2010,03,11,5,700.86092
2010,03,11,6,700.9533
2010,03,11,7,701.43497
2010,03,12,0,701.76852
2010,03,12,1,701.86147
2010,03,12,2,701.76179
2010,03,12,3,701.67379
2010,03,12,4,701.77346
2010,03,12,5,701.35253
2010,03,12,6,701.07325
2010,03,12,7,701.22552
2010,03,13,0,700.89714
2010,03,13,1,700.11153
2010,03,13,2,699.95149
2010,03,13,3,699.56958
2010,03,13,4,698.85222
2010,03,13,5,698.29283
2010,03,13,6,698.06441
2010,03,13,7,698.19323
2010,03,14,0,698.20786
2010,03,14,1,698.0632
2010,03,14,2,698.54589
2010,03,14,3,699.15553
2010,03,14,4,699.36928
2010,03,14,5,699.80537
2010,03,14,6,700.82664
2010,03,14,7,702.05984
2010,03,15,0,702.34926
2010,03,15,1,702.00608
2010,03,15,2,702.1734
2010,03,15,3,702.23703
2010,03,15,4,701.97256
2010,03,15,5,701.49214
2010,03,15,6,700.86649
2010,03,15,7,700.01765
2010,03,16,0,698.8181
2010,03,16,1,697.63751
2010,03,16,2,696.63891
2010,03,16,3,695.78381
2010,03,16,4,695.99719
2010,03,16,5,696.46802
2010,03,16,6,697.04806
2010,03,16,7,697.74571
2010,03,17,0,697.37193
2010,03,17,1,697.30929
2010,03,17,2,697.91362
2010,03,17,3,698.34689
2010,03,17,4,699.04349
2010,03,17,5,699.57465
2010,03,17,6,699.80127
2010,03,17,7,699.85115
2010,03,18,0,699.89311
2010,03,18,1,699.97226
2010,03,18,2,699.27835
2010,03,18,3,698.70972
2010,03,18,4,698.6622
2010,03,18,5,698.19376
2010,03,18,6,697.95487
2010,03,18,7,697.93251
2010,03,19,0,697.3115
2010,03,19,1,696.99006
2010,03,19,2,696.89803
2010,03,19,3,696.7008
2010,03,19,4,696.79905
2010,03,19,5,696.63071
2010,03,19,6,696.28839
2010,03,19,7,696.17875
2010,03,20,0,696.11131
2010,03,20,1,695.94003
2010,03,20,2,695.93547
2010,03,20,3,695.65482
2010,03,20,4,695.52785
2010,03,20,5,695.51108
2010,03,20,6,695.6609
2010,03,20,7,696.13792
2010,03,21,0,696.49147
2010,03,21,1,696.71932
2010,03,21,2,697.42998
2010,03,21,3,698.08437
2010,03,21,4,698.54505
2010,03,21,5,698.98389
2010,03,21,6,699.31504
2010,03,21,7,699.63654
2010,03,22,0,699.49034
2010,03,22,1,699.06754
2010,03,22,2,699.53382
2010,03,22,3,699.7606
2010,03,22,4,699.78321
2010,03,22,5,699.93803
2010,03,22,6,700.35698
2010,03,22,7,700.60485
2010,03,23,0,700.86556
2010,03,23,1,701.03378
2010,03,23,2,701.12788
2010,03,23,3,701.18438
2010,03,23,4,701.27162
2010,03,23,5,701.02776
2010,03,23,6,701.43588
2010,03,23,7,701.446
2010,03,24,0,701.4281
2010,03,24,1,701.40447
2010,03,24,2,702.02808
2010,03,24,3,702.30339
2010,03,24,4,702.4089
2010,03,24,5,702.6252
2010,03,24,6,703.05882
2010,03,24,7,703.32321
2010,03,25,0,703.59654
2010,03,25,1,703.72873
2010,03,25,2,703.96492
2010,03,25,3,704.09383
2010,03,25,4,704.38856
2010,03,25,5,704.44353
2010,03,25,6,704.91971
2010,03,25,7,705.14703
2010,03,26,0,705.30811
2010,03,26,1,705.12087
2010,03,26,2,704.81071
2010,03,26,3,704.7266
2010,03,26,4,704.81433
2010,03,26,5,704.55258
2010,03,26,6,704.59059
2010,03,26,7,704.74958
2010,03,27,0,704.90535
2010,03,27,1,704.41274
2010,03,27,2,704.07613
2010,03,27,3,703.74505
2010,03,27,4,703.1261
2010,03,27,5,702.36353
2010,03,27,6,701.77612
2010,03,27,7,701.16021
2010,03,28,0,700.4588
2010,03,28,1,699.7926
2010,03,28,2,700.03922
2010,03,28,3,700.1202
2010,03,28,4,700.22654
2010,03,28,5,700.09366
2010,03,28,6,699.85705
2010,03,28,7,699.83767
2010,03,29,0,699.59979
2010,03,29,1,699.1017
2010,03,29,2,699.20043
2010,03,29,3,699.23635
2010,03,29,4,699.2522
2010,03,29,5,699.45454
2010,03,29,6,699.80125
2010,03,29,7,700.18436
2010,03,30,0,700.2017
2010,03,30,1,699.89748
2010,03,30,2,699.92835
2010,03,30,3,700.1072
2010,03,30,4,700.49738
2010,03,30,5,700.67187
2010,03,30,6,700.57915
2010,03,30,7,700.42758
2010,03,31,0,700.53657
2010,03,31,1,700.31539
2010,03,31,2,699.87057
2010,03,31,3,699.68492
2010,03,31,4,699.1065
2010,03,31,5,698.52653
2010,03,31,6,697.90698
2010,03,31,7,697.43378
2011,03,1,0,697.14549
2011,03,1,1,696.67399
2011,03,1,2,696.86577
2011,03,1,3,697.08563
2011,03,1,4,696.61827
2011,03,1,5,695.94826
2011,03,1,6,695.51023
2011,03,1,7,695.50945
2011,03,2,0,695.50399
2011,03,2,1,695.18916
2011,03,2,2,695.43031
2011,03,2,3,695.96875
2011,03,2,4,696.31171
2011,03,2,5,696.44569
2011,03,2,6,696.923
2011,03,2,7,697.60935
2011,03,3,0,697.64429
2011,03,3,1,697.43211
2011,03,3,2,697.52157
2011,03,3,3,697.58265
2011,03,3,4,697.52991
2011,03,3,5,697.50909
2011,03,3,6,697.50663
2011,03,3,7,697.54684
2011,03,4,0,697.62558
2011,03,4,1,697.22288
2011,03,4,2,697.41722
2011,03,4,3,697.66283
2011,03,4,4,697.60254
2011,03,4,5,697.36754
2011,03,4,6,696.96161
2011,03,4,7,696.7069
2011,03,5,0,695.89059
2011,03,5,1,694.92534
2011,03,5,2,694.34098
2011,03,5,3,693.72017
2011,03,5,4,693.09434
2011,03,5,5,692.59923
2011,03,5,6,692.44815
2011,03,5,7,692.76333
2011,03,6,0,693.05501
2011,03,6,1,693.37259
2011,03,6,2,694.37677
2011,03,6,3,695.20909
2011,03,6,4,695.69517
2011,03,6,5,695.62543
2011,03,6,6,695.70224
2011,03,6,7,695.98723
2011,03,7,0,695.74319
2011,03,7,1,695.41048
2011,03,7,2,695.67804
2011,03,7,3,695.89625
2011,03,7,4,695.60015
2011,03,7,5,695.29906
2011,03,7,6,696.10305
2011,03,7,7,697.0648
2011,03,8,0,697.22468
2011,03,8,1,697.2185
2011,03,8,2,697.42125
2011,03,8,3,697.40558
2011,03,8,4,697.36038
2011,03,8,5,697.24873
2011,03,8,6,697.98162
2011,03,8,7,698.95647
2011,03,9,0,699.55855
2011,03,9,1,699.61832
2011,03,9,2,699.60587
2011,03,9,3,699.48055
2011,03,9,4,699.03318
2011,03,9,5,698.34673
2011,03,9,6,698.18297
2011,03,9,7,698.26053
2011,03,10,0,698.40386
2011,03,10,1,698.4986
2011,03,10,2,698.99598
2011,03,10,3,699.33885
2011,03,10,4,699.92857
2011,03,10,5,700.53514
2011,03,10,6,701.33548
2011,03,10,7,702.48969
2011,03,11,0,702.78162
2011,03,11,1,702.49757
2011,03,11,2,703.00505
2011,03,11,3,703.33792
2011,03,11,4,703.27026
2011,03,11,5,702.9086
2011,03,11,6,702.44098
2011,03,11,7,702.23001
2011,03,12,0,701.80244
2011,03,12,1,701.28622
2011,03,12,2,700.36007
2011,03,12,3,699.74892
2011,03,12,4,699.22929
2011,03,12,5,698.56045
2011,03,12,6,698.40063
2011,03,12,7,698.59024
2011,03,13,0,698.76117
2011,03,13,1,698.84314
2011,03,13,2,698.84537
2011,03,13,3,699.02583
2011,03,13,4,699.12475
2011,03,13,5,699.33566
2011,03,13,6,700.27357
2011,03,13,7,701.43785
2011,03,14,0,701.98614
2011,03,14,1,702.34182
2011,03,14,2,702.88357
2011,03,14,3,703.28632
2011,03,14,4,703.8042
2011,03,14,5,704.02791
2011,03,14,6,704.36981
2011,03,14,7,704.84304
2011,03,15,0,704.77071
2011,03,15,1,704.82892
2011,03,15,2,704.75012
2011,03,15,3,704.51945
2011,03,15,4,704.86141
2011,03,15,5,705.00171
2011,03,15,6,704.94524
2011,03,15,7,705.26106
2011,03,16,0,705.4154
2011,03,16,1,705.27864
2011,03,16,2,705.25674
2011,03,16,3,705.47379
2011,03,16,4,705.84729
2011,03,16,5,706.06986
2011,03,16,6,706.62236
2011,03,16,7,706.96877
2011,03,17,0,707.21894
2011,03,17,1,707.36088
2011,03,17,2,707.58554
2011,03,17,3,707.76139
2011,03,17,4,708.06921
2011,03,17,5,708.15233
2011,03,17,6,708.13355
2011,03,17,7,708.22279
2011,03,18,0,707.97479
2011,03,18,1,707.44654
2011,03,18,2,706.87756
2011,03,18,3,706.74195
2011,03,18,4,706.51198
2011,03,18,5,706.09772
2011,03,18,6,706.24278
2011,03,18,7,706.26976
2011,03,19,0,706.32852
2011,03,19,1,706.02756
2011,03,19,2,705.87293
2011,03,19,3,705.51505
2011,03,19,4,705.36292
2011,03,19,5,705.17775
2011,03,19,6,704.47038
2011,03,19,7,703.7013
2011,03,20,0,703.29736
2011,03,20,1,702.6181
2011,03,20,2,702.33793
2011,03,20,3,701.92219
2011,03,20,4,701.42396
2011,03,20,5,700.632
2011,03,20,6,700.37268
2011,03,20,7,700.16448
2011,03,21,0,699.77198
2011,03,21,1,699.23192
2011,03,21,2,698.80846
2011,03,21,3,698.33509
2011,03,21,4,697.75118
2011,03,21,5,696.82655
2011,03,21,6,696.67662
2011,03,21,7,696.55814
2011,03,22,0,696.07356
2011,03,22,1,695.31746
2011,03,22,2,695.25607
2011,03,22,3,695.06663
2011,03,22,4,695.20483
2011,03,22,5,695.19921
2011,03,22,6,695.54379
2011,03,22,7,696.10632
2011,03,23,0,696.59109
2011,03,23,1,696.36877
2011,03,23,2,696.14747
2011,03,23,3,695.88598
2011,03,23,4,695.18528
2011,03,23,5,694.58524
2011,03,23,6,694.54352
2011,03,23,7,694.6658
2011,03,24,0,694.76313
2011,03,24,1,694.52363
2011,03,24,2,694.52613
2011,03,24,3,694.25575
2011,03,24,4,693.94639
2011,03,24,5,692.98613
2011,03,24,6,692.60223
2011,03,24,7,692.92122
2011,03,25,0,693.10793
2011,03,25,1,692.99759
2011,03,25,2,693.53946
2011,03,25,3,694.60079
2011,03,25,4,695.6439
2011,03,25,5,695.62382
2011,03,25,6,696.31008
2011,03,25,7,697.37602
2011,03,26,0,698.3263
2011,03,26,1,697.98235
2011,03,26,2,697.80681
2011,03,26,3,698.18047
2011,03,26,4,698.28477
2011,03,26,5,698.10556
2011,03,26,6,697.95759
2011,03,26,7,697.97015
2011,03,27,0,698.15685
2011,03,27,1,697.57342
2011,03,27,2,697.62906
2011,03,27,3,697.51347
2011,03,27,4,697.15741
2011,03,27,5,696.54586
2011,03,27,6,696.12529
2011,03,27,7,695.66092
2011,03,28,0,695.06968
2011,03,28,1,694.14721
2011,03,28,2,693.47495
2011,03,28,3,693.20222
2011,03,28,4,693.67214
2011,03,28,5,694.06457
2011,03,28,6,694.67005
2011,03,28,7,695.38375
2011,03,29,0,696.02943
2011,03,29,1,695.65199
2011,03,29,2,696.10897
2011,03,29,3,696.54894
2011,03,29,4,697.21489
2011,03,29,5,697.79297
2011,03,29,6,697.58099
2011,03,29,7,697.41808
2011,03,30,0,697.99694
2011,03,30,1,698.50965
2011,03,30,2,698.68572
2011,03,30,3,698.43067
2011,03,30,4,698.14444
2011,03,30,5,697.73466
2011,03,30,6,697.85844
2011,03,30,7,698.05691
2011,03,31,0,697.75554
2011,03,31,1,697.43483
2011,03,31,2,697.59424
2011,03,31,3,697.34766
2011,03,31,4,696.97589
2011,03,31,5,696.73873
2011,03,31,6,696.8321
2011,03,31,7,696.94143
2011,03,1,0,696.53331
2011,03,1,1,695.63688
2011,03,1,2,695.37438
2011,03,1,3,694.87755
2011,03,1,4,694.52896
2011,03,1,5,694.09172
2011,03,1,6,694.17503
2011,03,1,7,694.33918
2011,03,2,0,694.51903
2011,03,2,1,694.26138
2011,03,2,2,694.5926
2011,03,2,3,695.1294
2011,03,2,4,694.95271
2011,03,2,5,694.87763
2011,03,2,6,695.50891
2011,03,2,7,696.10857
2011,03,3,0,696.65957
2011,03,3,1,696.83822
2011,03,3,2,697.84549
2011,03,3,3,698.54405
2011,03,3,4,698.25555
2011,03,3,5,697.7436
2011,03,3,6,698.62757
2011,03,3,7,699.14869
2011,03,4,0,698.69346
2011,03,4,1,698.08804
2011,03,4,2,698.22042
2011,03,4,3,698.47824
2011,03,4,4,699.08748
2011,03,4,5,699.28494
2011,03,4,6,699.40493
2011,03,4,7,700.08886
2011,03,5,0,700.31508
2011,03,5,1,699.82947
2011,03,5,2,700.35258
2011,03,5,3,700.42931
2011,03,5,4,700.45446
2011,03,5,5,700.53978
2011,03,5,6,700.3787
2011,03,5,7,700.18987
2011,03,6,0,700.01282
2011,03,6,1,699.5504
2011,03,6,2,698.39362
2011,03,6,3,696.84689
2011,03,6,4,695.9806
2011,03,6,5,695.25738
2011,03,6,6,694.65808
2011,03,6,7,694.03424
2011,03,7,0,693.54933
2011,03,7,1,692.98709
2011,03,7,2,693.14983
2011,03,7,3,693.371
2011,03,7,4,693.44775
2011,03,7,5,693.38795
2011,03,7,6,693.43997
2011,03,7,7,693.52223
2011,03,8,0,694.58834
2011,03,8,1,695.33206
2011,03,8,2,695.77493
2011,03,8,3,696.67186
2011,03,8,4,697.79565
2011,03,8,5,698.25495
2011,03,8,6,698.67236
2011,03,8,7,698.6005
2011,03,9,0,698.45243
2011,03,9,1,697.58203
2011,03,9,2,696.70225
2011,03,9,3,695.95858
2011,03,9,4,694.60808
2011,03,9,5,692.73807
2011,03,9,6,691.385
2011,03,9,7,689.73767
2011,03,10,0,689.17055
2011,03,10,1,689.17767
2011,03,10,2,689.87905
2011,03,10,3,690.86385
2011,03,10,4,691.84312
2011,03,10,5,692.28866
2011,03,10,6,693.05992
2011,03,10,7,694.1079
2011,03,11,0,695.41912
2011,03,11,1,696.16125
2011,03,11,2,696.70099
2011,03,11,3,696.90913
2011,03,11,4,697.36051
2011,03,11,5,697.16712
2011,03,11,6,696.66761
2011,03,11,7,696.4315
2011,03,12,0,697.24354
2011,03,12,1,697.34079
2011,03,12,2,697.49127
2011,03,12,3,698.23729
2011,03,12,4,698.54101
2011,03,12,5,698.42031
2011,03,12,6,698.94368
2011,03,12,7,699.24458
2011,03,13,0,698.78261
2011,03,13,1,697.8151
2011,03,13,2,697.54529
2011,03,13,3,697.06226
2011,03,13,4,696.20611
2011,03,13,5,695.10937
2011,03,13,6,694.56626
2011,03,13,7,694.10769
2011,03,14,0,693.09717
2011,03,14,1,692.10654
2011,03,14,2,692.08304
2011,03,14,3,692.64736
2011,03,14,4,693.83931
2011,03,14,5,694.6925
2011,03,14,6,696.04087
2011,03,14,7,697.49841
2011,03,15,0,698.51216
2011,03,15,1,699.18779
2011,03,15,2,699.87234
2011,03,15,3,700.40423
2011,03,15,4,701.15183
2011,03,15,5,701.13569
2011,03,15,6,700.93663
2011,03,15,7,700.40361
2011,03,16,0,699.77949
2011,03,16,1,698.77312
2011,03,16,2,697.75166
2011,03,16,3,696.35525
2011,03,16,4,695.14236
2011,03,16,5,694.42048
2011,03,16,6,693.73533
2011,03,16,7,693.68167
2011,03,17,0,693.51534
2011,03,17,1,692.89444
2011,03,17,2,693.07151
2011,03,17,3,693.12521
2011,03,17,4,692.44022
2011,03,17,5,691.96839
2011,03,17,6,692.45608
2011,03,17,7,692.75037
2011,03,18,0,692.83059
2011,03,18,1,692.78165
2011,03,18,2,693.37488
2011,03,18,3,693.95504
2011,03,18,4,694.03558
2011,03,18,5,694.17928
2011,03,18,6,694.70963
2011,03,18,7,695.33019
2011,03,19,0,695.55459
2011,03,19,1,695.71288
2011,03,19,2,696.1019
2011,03,19,3,695.90656
2011,03,19,4,695.18788
2011,03,19,5,694.97566
2011,03,19,6,695.1506
2011,03,19,7,694.51139
2011,03,20,0,693.6887
2011,03,20,1,692.93574
2011,03,20,2,692.53598
2011,03,20,3,692.16193
2011,03,20,4,691.341
2011,03,20,5,690.31775
2011,03,20,6,690.71766
2011,03,20,7,691.34548
2011,03,21,0,691.53352
2011,03,21,1,691.96619
2011,03,21,2,693.1895
2011,03,21,3,694.15922
2011,03,21,4,695.16147
2011,03,21,5,696.42136
2011,03,21,6,697.51493
2011,03,21,7,697.93326
2011,03,22,0,698.69863
2011,03,22,1,698.98927
2011,03,22,2,698.90538
2011,03,22,3,698.67568
2011,03,22,4,698.66233
2011,03,22,5,698.29704
2011,03,22,6,698.4033
2011,03,22,7,698.41979
2011,03,23,0,697.73079
2011,03,23,1,696.99317
2011,03,23,2,695.66284
2011,03,23,3,693.35968
2011,03,23,4,691.88667
2011,03,23,5,690.96498
2011,03,23,6,689.76773
2011,03,23,7,688.55407
2011,03,24,0,687.92196
2011,03,24,1,687.23854
2011,03,24,2,687.35015
2011,03,24,3,687.45163
2011,03,24,4,687.50354
2011,03,24,5,687.30481
2011,03,24,6,688.06658
2011,03,24,7,688.73451
2011,03,25,0,688.67192
2011,03,25,1,688.64129
2011,03,25,2,689.7207
2011,03,25,3,690.55454
2011,03,25,4,690.67867
2011,03,25,5,690.58661
2011,03,25,6,690.84132
2011,03,25,7,690.88358
2011,03,26,0,690.48117
2011,03,26,1,690.14576
2011,03,26,2,690.62535
2011,03,26,3,690.57907
2011,03,26,4,690.38983
2011,03,26,5,689.96207
2011,03,26,6,689.47844
2011,03,26,7,689.04211
2011,03,27,0,688.36626
2011,03,27,1,687.36895
2011,03,27,2,686.71406
2011,03,27,3,686.35989
2011,03,27,4,686.53405
2011,03,27,5,686.85969
2011,03,27,6,687.46405
2011,03,27,7,688.10516
2011,03,28,0,688.84837
2011,03,28,1,689.30086
2011,03,28,2,690.43596
2011,03,28,3,691.54462
2011,03,28,4,692.0858
2011,03,28,5,692.48806
2011,03,28,6,693.27639
2011,03,28,7,693.93138
2011,03,1,0,694.27224
2011,03,1,1,694.47973
2011,03,1,2,695.14782
2011,03,1,3,695.66086
2011,03,1,4,695.93233
2011,03,1,5,695.87415
2011,03,1,6,695.93269
2011,03,1,7,695.73399
2011,03,2,0,695.61721
2011,03,2,1,695.29693
2011,03,2,2,695.23836
2011,03,2,3,694.9049
2011,03,2,4,693.74073
2011,03,2,5,693.03677
2011,03,2,6,692.58421
2011,03,2,7,691.55966
2011,03,3,0,691.08847
2011,03,3,1,690.05017
2011,03,3,2,689.52284
2011,03,3,3,688.977
2011,03,3,4,688.64201
2011,03,3,5,688.19175
2011,03,3,6,688.2056
2011,03,3,7,687.99931
2011,03,4,0,687.96175
2011,03,4,1,687.39923
2011,03,4,2,686.82618
2011,03,4,3,686.8275
2011,03,4,4,686.77355
2011,03,4,5,686.59403
2011,03,4,6,686.63702
2011,03,4,7,686.73067
2011,03,5,0,686.54761
2011,03,5,1,686.14336
2011,03,5,2,686.47915
2011,03,5,3,686.92855
2011,03,5,4,687.32181
2011,03,5,5,687.69525
2011,03,5,6,688.21578
2011,03,5,7,688.74585
2011,03,6,0,689.06848
2011,03,6,1,688.987
2011,03,6,2,689.14512
2011,03,6,3,689.35251
2011,03,6,4,689.50211
2011,03,6,5,689.2443
2011,03,6,6,689.41247
2011,03,6,7,689.32886
2011,03,7,0,688.4658
2011,03,7,1,687.81011
2011,03,7,2,687.78879
2011,03,7,3,687.91795
2011,03,7,4,688.17057
2011,03,7,5,688.39758
2011,03,7,6,689.00019
2011,03,7,7,689.88165
2011,03,8,0,690.40249
2011,03,8,1,690.59947
2011,03,8,2,691.29418
2011,03,8,3,692.10923
2011,03,8,4,692.38621
2011,03,8,5,692.38085
2011,03,8,6,692.48056
2011,03,8,7,692.61282
2011,03,9,0,692.14271
2011,03,9,1,691.27434
2011,03,9,2,691.21425
2011,03,9,3,691.22679
2011,03,9,4,690.96305
2011,03,9,5,690.41997
2011,03,9,6,689.97742
2011,03,9,7,689.73382
2011,03,10,0,689.10918
2011,03,10,1,688.51234
2011,03,10,2,688.35766
2011,03,10,3,688.34302
2011,03,10,4,688.74341
2011,03,10,5,689.05013
2011,03,10,6,689.04529
2011,03,10,7,689.21864
2011,03,11,0,689.0636
2011,03,11,1,688.5423
2011,03,11,2,688.23999
2011,03,11,3,687.98939
2011,03,11,4,687.36783
2011,03,11,5,686.80209
2011,03,11,6,686.66051
2011,03,11,7,686.47887
2011,03,12,0,686.37426
2011,03,12,1,685.8044
2011,03,12,2,685.52236
2011,03,12,3,685.77201
2011,03,12,4,685.74599
2011,03,12,5,685.78943
2011,03,12,6,685.99106
2011,03,12,7,685.80909
2011,03,13,0,685.84055
2011,03,13,1,685.40785
2011,03,13,2,684.52479
2011,03,13,3,683.38889
2011,03,13,4,683.33337
2011,03,13,5,683.16908
2011,03,13,6,682.43858
2011,03,13,7,682.37263
2011,03,14,0,682.37835
2011,03,14,1,682.72261
2011,03,14,2,683.24228
2011,03,14,3,683.84596
2011,03,14,4,684.85696
2011,03,14,5,685.63419
2011,03,14,6,686.24327
2011,03,14,7,686.82486
2011,03,15,0,687.31501
2011,03,15,1,687.79144
2011,03,15,2,687.95239
2011,03,15,3,688.39206
2011,03,15,4,688.57348
2011,03,15,5,688.88541
2011,03,15,6,690.00969
2011,03,15,7,691.0475
2011,03,16,0,691.44126
2011,03,16,1,691.60504
2011,03,16,2,692.19105
2011,03,16,3,692.65814
2011,03,16,4,692.45354
2011,03,16,5,691.8871
2011,03,16,6,691.5033
2011,03,16,7,690.89608
2011,03,17,0,689.49579
2011,03,17,1,688.20468
2011,03,17,2,687.21901
2011,03,17,3,686.64775
2011,03,17,4,686.11338
2011,03,17,5,685.54724
2011,03,17,6,685.23705
2011,03,17,7,684.82736
2011,03,18,0,685.21387
2011,03,18,1,685.60545
2011,03,18,2,685.68485
2011,03,18,3,685.52689
2011,03,18,4,686.07246
2011,03,18,5,686.52998
2011,03,18,6,687.43168
2011,03,18,7,688.16285
2011,03,19,0,688.80296
2011,03,19,1,689.09253
2011,03,19,2,690.33486
2011,03,19,3,691.24598
2011,03,19,4,692.39997
2011,03,19,5,693.5059
2011,03,19,6,694.64886
2011,03,19,7,695.42222
2011,03,20,0,695.48527
2011,03,20,1,695.17844
2011,03,20,2,695.04159
2011,03,20,3,694.44554
2011,03,20,4,693.65568
2011,03,20,5,692.86677
2011,03,20,6,692.19886
2011,03,20,7,691.86279
2011,03,21,0,691.83399
2011,03,21,1,691.89622
2011,03,21,2,692.47372
2011,03,21,3,692.91405
2011,03,21,4,692.94285
2011,03,21,5,692.7755
2011,03,21,6,693.04472
2011,03,21,7,693.70869
2011,03,22,0,694.39713
2011,03,22,1,695.41782
2011,03,22,2,696.6879
2011,03,22,3,697.35274
2011,03,22,4,698.06811
2011,03,22,5,698.6372
2011,03,22,6,698.94833
2011,03,22,7,698.8642
2011,03,23,0,698.23635
2011,03,23,1,697.78319
2011,03,23,2,698.05056
2011,03,23,3,698.27489
2011,03,23,4,698.1496
2011,03,23,5,698.15843
2011,03,23,6,698.23881
2011,03,23,7,698.34946
2011,03,24,0,698.42585
2011,03,24,1,699.24975
2011,03,24,2,700.78355
2011,03,24,3,701.67907
2011,03,24,4,702.03533
2011,03,24,5,702.24598
2011,03,24,6,702.26858
2011,03,24,7,702.34488
2011,03,25,0,702.01204
2011,03,25,1,701.68989
2011,03,25,2,701.96036
2011,03,25,3,701.88347
2011,03,25,4,701.37378
2011,03,25,5,700.85733
2011,03,25,6,700.0084
2011,03,25,7,699.16924
2011,03,26,0,698.57901
2011,03,26,1,698.23884
2011,03,26,2,698.24105
2011,03,26,3,698.44838
2011,03,26,4,698.25881
2011,03,26,5,698.40973
2011,03,26,6,698.5416
2011,03,26,7,698.37553
2011,03,27,0,698.30523
2011,03,27,1,698.65348
2011,03,27,2,699.00029
2011,03,27,3,699.46887
2011,03,27,4,699.65181
2011,03,27,5,699.70203
2011,03,27,6,699.33934
2011,03,27,7,698.7737
2011,03,28,0,698.83584
2011,03,28,1,698.21206
2011,03,28,2,697.7221
2011,03,28,3,697.38068
2011,03,28,4,696.5064
2011,03,28,5,695.65771
2011,03,28,6,695.1283
2011,03,28,7,694.66581
2011,03,29,0,694.4814
2011,03,29,1,694.21407
2011,03,29,2,694.59537
2011,03,29,3,695.05538
2011,03,29,4,695.13638
2011,03,29,5,695.15259
2011,03,29,6,695.26277
2011,03,29,7,695.61622
2011,03,30,0,696.19278
2011,03,30,1,696.46148
2011,03,30,2,696.87993
2011,03,30,3,697.36267
2011,03,30,4,697.9599
2011,03,30,5,698.13151
2011,03,30,6,698.64211
2011,03,30,7,698.80746
2011,03,31,0,698.96166
2011,03,31,1,698.97804
2011,03,31,2,699.04035
2011,03,31,3,698.67998
2011,03,31,4,697.78036
2011,03,31,5,696.81169
2011,03,31,6,695.57154
2011,03,31,7,694.07531
2011,03,1,0,692.84691
2011,03,1,1,691.89117
2011,03,1,2,690.46671
2011,03,1,3,689.42753
2011,03,1,4,689.27908
2011,03,1,5,689.36176
2011,03,1,6,689.64897
2011,03,1,7,690.20063
2011,03,2,0,690.76091
2011,03,2,1,691.22593
2011,03,2,2,691.46308
2011,03,2,3,691.98627
2011,03,2,4,692.87974
2011,03,2,5,693.603
2011,03,2,6,694.60817
2011,03,2,7,695.35462
2011,03,3,0,695.44719
2011,03,3,1,695.10756
2011,03,3,2,694.73186
2011,03,3,3,694.57567
2011,03,3,4,694.08118
2011,03,3,5,693.19397
2011,03,3,6,692.53693
2011,03,3,7,691.74437
2011,03,4,0,690.53193
2011,03,4,1,689.1404
2011,03,4,2,688.45639
2011,03,4,3,687.98546
2011,03,4,4,687.73915
2011,03,4,5,687.82346
2011,03,4,6,688.22627
2011,03,4,7,688.85237
2011,03,5,0,689.72227
2011,03,5,1,690.2209
2011,03,5,2,690.63256
2011,03,5,3,690.91073
2011,03,5,4,690.80599
2011,03,5,5,690.58314
2011,03,5,6,690.56709
2011,03,5,7,690.57091
2011,03,6,0,691.30972
2011,03,6,1,691.59986
2011,03,6,2,692.18899
2011,03,6,3,693.12772
2011,03,6,4,693.53902
2011,03,6,5,693.81552
2011,03,6,6,694.06931
2011,03,6,7,694.0871
2011,03,7,0,694.69361
2011,03,7,1,694.66172
2011,03,7,2,694.49205
2011,03,7,3,694.30943
2011,03,7,4,693.90246
2011,03,7,5,692.80333
2011,03,7,6,691.51578
2011,03,7,7,690.14556
2011,03,8,0,688.24637
2011,03,8,1,686.73925
2011,03,8,2,685.76431
2011,03,8,3,684.75188
2011,03,8,4,683.58433
2011,03,8,5,682.84175
2011,03,8,6,682.38218
2011,03,8,7,682.21331
2011,03,9,0,682.60367
2011,03,9,1,682.97952
2011,03,9,2,683.91839
2011,03,9,3,685.04704
2011,03,9,4,685.48909
2011,03,9,5,686.25696
2011,03,9,6,686.83916
2011,03,9,7,687.4055
2011,03,10,0,688.47566
2011,03,10,1,689.27461
2011,03,10,2,689.69505
2011,03,10,3,690.42155
2011,03,10,4,691.62003
2011,03,10,5,692.1331
2011,03,10,6,692.01828
2011,03,10,7,691.83489
2011,03,11,0,691.20811
2011,03,11,1,690.01822
2011,03,11,2,688.99329
2011,03,11,3,688.41873
2011,03,11,4,688.62645
2011,03,11,5,689.1304
2011,03,11,6,689.51103
2011,03,11,7,690.13818
2011,03,12,0,690.56587
2011,03,12,1,690.49912
2011,03,12,2,690.57164
2011,03,12,3,690.28666
2011,03,12,4,690.52489
2011,03,12,5,690.96186
2011,03,12,6,691.15994
2011,03,12,7,691.82966
2011,03,13,0,692.63505
2011,03,13,1,693.49982
2011,03,13,2,694.3193
2011,03,13,3,695.09489
2011,03,13,4,695.52319
2011,03,13,5,695.611
2011,03,13,6,696.01559
2011,03,13,7,696.86862
2011,03,14,0,697.81918
2011,03,14,1,698.54398
2011,03,14,2,699.5809
2011,03,14,3,700.5091
2011,03,14,4,700.887
2011,03,14,5,701.26409
2011,03,14,6,701.7251
2011,03,14,7,702.31903
2011,03,15,0,703.5958
2011,03,15,1,704.26234
2011,03,15,2,704.55896
2011,03,15,3,704.30428
2011,03,15,4,703.35072
2011,03,15,5,702.33891
2011,03,15,6,701.14247
2011,03,15,7,699.71276
2011,03,16,0,697.88308
2011,03,16,1,695.91345
2011,03,16,2,694.34673
2011,03,16,3,692.1343
2011,03,16,4,690.3083
2011,03,16,5,688.47795
2011,03,16,6,686.75628
2011,03,16,7,685.54701
2011,03,17,0,684.248
2011,03,17,1,683.13526
2011,03,17,2,683.14677
2011,03,17,3,683.55045
2011,03,17,4,683.33071
2011,03,17,5,683.53736
2011,03,17,6,683.50579
2011,03,17,7,683.3766
2011,03,18,0,683.74318
2011,03,18,1,683.70523
2011,03,18,2,683.90876
2011,03,18,3,684.32151
2011,03,18,4,684.75154
2011,03,18,5,684.98197
2011,03,18,6,684.73614
2011,03,18,7,684.71655
2011,03,19,0,684.89372
2011,03,19,1,684.91338
2011,03,19,2,685.08942
2011,03,19,3,685.32659
2011,03,19,4,684.918
2011,03,19,5,684.67032
2011,03,19,6,684.70736
2011,03,19,7,684.87714
2011,03,20,0,685.18062
2011,03,20,1,684.99566
2011,03,20,2,685.84412
2011,03,20,3,686.37943
2011,03,20,4,686.3234
2011,03,20,5,686.45208
2011,03,20,6,686.07381
2011,03,20,7,685.83449
2011,03,21,0,685.3502
2011,03,21,1,684.74809
2011,03,21,2,685.63713
2011,03,21,3,686.74647
2011,03,21,4,687.19768
2011,03,21,5,687.51935
2011,03,21,6,688.2506
2011,03,21,7,689.16935
2011,03,22,0,690.00362
2011,03,22,1,690.64674
2011,03,22,2,691.47277
2011,03,22,3,692.20264
2011,03,22,4,692.69993
2011,03,22,5,692.81475
2011,03,22,6,692.98993
2011,03,22,7,692.98372
2011,03,23,0,693.42754
2011,03,23,1,693.59353
2011,03,23,2,693.59414
2011,03,23,3,693.39924
2011,03,23,4,693.17969
2011,03,23,5,692.95904
2011,03,23,6,692.81658
2011,03,23,7,692.29729
2011,03,24,0,692.18431
2011,03,24,1,692.1878
2011,03,24,2,692.22614
2011,03,24,3,692.68932
2011,03,24,4,693.52399
2011,03,24,5,694.65294
2011,03,24,6,696.02505
2011,03,24,7,697.22744
2011,03,25,0,697.76647
2011,03,25,1,697.83227
2011,03,25,2,698.13467
2011,03,25,3,698.36803
2011,03,25,4,697.82715
2011,03,25,5,697.11044
2011,03,25,6,696.37157
2011,03,25,7,695.37211
2011,03,26,0,694.55518
2011,03,26,1,693.49308
2011,03,26,2,692.55251
2011,03,26,3,691.43984
2011,03,26,4,690.1938
2011,03,26,5,689.382
2011,03,26,6,688.85246
2011,03,26,7,688.30644
2011,03,27,0,688.06716
2011,03,27,1,687.95626
2011,03,27,2,688.0086
2011,03,27,3,688.28985
2011,03,27,4,688.92239
2011,03,27,5,689.58239
2011,03,27,6,690.55077
2011,03,27,7,691.54936
2011,03,28,0,691.98836
2011,03,28,1,692.16966
2011,03,28,2,692.93753
2011,03,28,3,693.75324
2011,03,28,4,694.28211
2011,03,28,5,694.35088
2011,03,28,6,694.5103
2011,03,28,7,694.75928
2011,03,29,0,694.82377
2011,03,29,1,694.79635
2011,03,29,2,694.91158
2011,03,29,3,694.89005
2011,03,29,4,694.64292
2011,03,29,5,694.59111
2011,03,29,6,694.81612
2011,03,29,7,694.78428
2011,03,30,0,693.8535
2011,03,30,1,693.21578
2011,03,30,2,693.08794
2011,03,30,3,692.77494
2011,03,30,4,691.99328
2011,03,30,5,691.21246
2011,03,30,6,690.75856
2011,03,30,7,690.25005
2011,03,1,0,689.71
2011,03,1,1,689.10927
2011,03,1,2,688.87202
2011,03,1,3,688.47299
2011,03,1,4,687.81005
2011,03,1,5,687.21455
2011,03,1,6,686.79171
2011,03,1,7,686.45126
2011,03,2,0,686.129
2011,03,2,1,685.99498
2011,03,2,2,685.61765
2011,03,2,3,685.05578
2011,03,2,4,684.85667
2011,03,2,5,684.79321
2011,03,2,6,684.54585
2011,03,2,7,684.38243
2011,03,3,0,684.29816
2011,03,3,1,683.86542
2011,03,3,2,683.88635
2011,03,3,3,683.78834
2011,03,3,4,683.56775
2011,03,3,5,683.59595
2011,03,3,6,683.57848
2011,03,3,7,683.79759
2011,03,4,0,683.92901
2011,03,4,1,683.675
2011,03,4,2,683.51639
2011,03,4,3,683.35507
2011,03,4,4,683.13541
2011,03,4,5,683.19432
2011,03,4,6,683.25516
2011,03,4,7,683.40148
2011,03,5,0,683.7419
2011,03,5,1,684.14711
2011,03,5,2,684.82268
2011,03,5,3,685.50829
2011,03,5,4,685.81419
2011,03,5,5,685.75694
2011,03,5,6,685.12245
2011,03,5,7,684.43085
2011,03,6,0,683.77571
2011,03,6,1,683.00003
2011,03,6,2,682.6972
2011,03,6,3,682.1142
2011,03,6,4,681.48329
2011,03,6,5,681.12688
2011,03,6,6,680.53449
2011,03,6,7,680.59624
2011,03,7,0,680.79372
2011,03,7,1,680.67934
2011,03,7,2,681.4879
2011,03,7,3,682.69884
2011,03,7,4,684.04399
2011,03,7,5,685.14026
2011,03,7,6,685.97512
2011,03,7,7,686.52456
2011,03,8,0,686.64317
2011,03,8,1,686.49966
2011,03,8,2,686.61738
2011,03,8,3,686.94524
2011,03,8,4,687.33559
2011,03,8,5,687.91535
2011,03,8,6,688.1791
2011,03,8,7,688.37621
2011,03,9,0,688.80554
2011,03,9,1,688.98077
2011,03,9,2,688.97353
2011,03,9,3,689.26767
2011,03,9,4,690.82781
2011,03,9,5,692.29589
2011,03,9,6,693.0351
2011,03,9,7,693.74893
2011,03,10,0,694.53468
2011,03,10,1,695.11793
2011,03,10,2,695.23177
2011,03,10,3,695.75031
2011,03,10,4,696.54863
2011,03,10,5,696.94657
2011,03,10,6,696.52476
2011,03,10,7,695.65421
2011,03,11,0,695.24073
2011,03,11,1,694.69136
2011,03,11,2,694.18841
2011,03,11,3,693.76616
2011,03,11,4,693.62553
2011,03,11,5,693.4612
2011,03,11,6,692.96472
2011,03,11,7,692.63198
2011,03,12,0,692.64384
2011,03,12,1,692.43738
2011,03,12,2,692.42636
2011,03,12,3,692.28075
2011,03,12,4,692.39238
2011,03,12,5,692.17268
2011,03,12,6,691.59752
2011,03,12,7,691.06006
2011,03,13,0,690.93244
2011,03,13,1,690.79561
2011,03,13,2,690.52466
2011,03,13,3,689.99496
2011,03,13,4,690.06909
2011,03,13,5,690.17847
2011,03,13,6,689.66689
2011,03,13,7,689.27908
2011,03,14,0,689.45645
2011,03,14,1,689.58109
2011,03,14,2,689.65558
2011,03,14,3,689.91741
2011,03,14,4,689.84134
2011,03,14,5,689.47227
2011,03,14,6,689.34429
2011,03,14,7,689.28362
2011,03,15,0,689.52977
2011,03,15,1,690.27113
2011,03,15,2,690.97201
2011,03,15,3,691.44192
2011,03,15,4,691.82937
2011,03,15,5,691.59807
2011,03,15,6,691.86219
2011,03,15,7,691.64412
2011,03,16,0,691.41483
2011,03,16,1,691.07208
2011,03,16,2,691.07433
2011,03,16,3,691.25917
2011,03,16,4,691.06225
2011,03,16,5,690.81272
2011,03,16,6,690.71792
2011,03,16,7,690.54516
2011,03,17,0,690.38699
2011,03,17,1,690.02567
2011,03,17,2,689.89087
2011,03,17,3,689.5315
2011,03,17,4,689.12084
2011,03,17,5,688.35225
2011,03,17,6,687.69796
2011,03,17,7,687.04042
2011,03,18,0,686.0252
2011,03,18,1,684.74406
2011,03,18,2,683.95967
2011,03,18,3,683.50309
2011,03,18,4,682.72561
2011,03,18,5,682.06003
2011,03,18,6,681.85064
2011,03,18,7,681.36847
2011,03,19,0,681.37736
2011,03,19,1,681.1822
2011,03,19,2,680.86142
2011,03,19,3,680.8099
2011,03,19,4,680.54728
2011,03,19,5,680.35198
2011,03,19,6,679.91884
2011,03,19,7,679.53553
2011,03,20,0,680.02785
2011,03,20,1,680.70727
2011,03,20,2,682.00883
2011,03,20,3,683.02632
2011,03,20,4,684.00128
2011,03,20,5,684.52221
2011,03,20,6,684.79877
2011,03,20,7,684.72619
2011,03,21,0,684.04104
2011,03,21,1,683.19326
2011,03,21,2,682.13756
2011,03,21,3,680.9664
2011,03,21,4,679.81475
2011,03,21,5,678.97351
2011,03,21,6,677.54792
2011,03,21,7,676.7914
2011,03,22,0,677.44104
2011,03,22,1,677.97144
2011,03,22,2,678.95425
2011,03,22,3,680.19583
2011,03,22,4,681.01896
2011,03,22,5,681.6586
2011,03,22,6,682.14018
2011,03,22,7,682.36261
2011,03,23,0,682.70172
2011,03,23,1,683.02902
2011,03,23,2,682.69715
2011,03,23,3,682.5683
2011,03,23,4,682.50898
2011,03,23,5,682.423
2011,03,23,6,682.37932
2011,03,23,7,682.4383
2011,03,24,0,683.06609
2011,03,24,1,683.812
2011,03,24,2,683.69896
2011,03,24,3,683.53197
2011,03,24,4,684.31373
2011,03,24,5,684.83825
2011,03,24,6,684.97121
2011,03,24,7,684.97523
2011,03,25,0,685.07269
2011,03,25,1,685.03197
2011,03,25,2,684.81869
2011,03,25,3,684.37354
2011,03,25,4,683.97235
2011,03,25,5,683.61082
2011,03,25,6,682.89702
2011,03,25,7,681.90317
2011,03,26,0,680.74609
2011,03,26,1,679.35177
2011,03,26,2,678.00157
2011,03,26,3,676.74351
2011,03,26,4,675.45062
2011,03,26,5,675.33497
2011,03,26,6,675.87704
2011,03,26,7,676.32061
2011,03,27,0,676.7809
2011,03,27,1,677.12047
2011,03,27,2,677.67139
2011,03,27,3,678.20938
2011,03,27,4,679.17721
2011,03,27,5,680.69637
2011,03,27,6,682.36096
2011,03,27,7,684.07039
2011,03,28,0,685.62211
2011,03,28,1,686.38994
2011,03,28,2,686.91236
2011,03,28,3,687.46756
2011,03,28,4,687.86884
2011,03,28,5,688.00777
2011,03,28,6,688.41929
2011,03,28,7,688.54641
2011,03,29,0,688.51796
2011,03,29,1,688.21169
2011,03,29,2,687.94143
2011,03,29,3,687.72918
2011,03,29,4,687.65187
2011,03,29,5,687.69244
2011,03,29,6,687.49476
2011,03,29,7,687.57852
2011,03,30,0,688.34013
2011,03,30,1,688.68891
2011,03,30,2,689.29135
2011,03,30,3,690.05964
2011,03,30,4,690.25927
2011,03,30,5,690.68415
2011,03,30,6,691.17558
2011,03,30,7,691.75377
2011,03,31,0,692.42913
2011,03,31,1,693.06863
2011,03,31,2,693.4719
2011,03,31,3,694.12925
2011,03,31,4,694.65915
2011,03,31,5,694.98519
2011,03,31,6,694.99626
2011,03,31,7,695.11811
2011,03,1,0,695.19571
2011,03,1,1,695.00452
2011,03,1,2,694.76646
2011,03,1,3,694.24969
2011,03,1,4,693.87262
2011,03,1,5,693.80367
2011,03,1,6,693.2018
2011,03,1,7,692.60347
2011,03,2,0,691.48568
2011,03,2,1,690.94488
2011,03,2,2,690.82419
2011,03,2,3,690.41434
2011,03,2,4,689.8178
2011,03,2,5,689.3611
2011,03,2,6,689.42444
2011,03,2,7,689.6916
2011,03,3,0,689.40841
2011,03,3,1,688.88365
2011,03,3,2,689.0546
2011,03,3,3,689.34872
2011,03,3,4,689.05738
2011,03,3,5,689.0872
2011,03,3,6,689.4367
2011,03,3,7,689.98764
2011,03,4,0,690.40369
2011,03,4,1,690.64129
2011,03,4,2,691.29405
2011,03,4,3,691.62698
2011,03,4,4,691.97243
2011,03,4,5,692.15898
2011,03,4,6,691.82494
2011,03,4,7,692.00944
2011,03,5,0,691.99597
2011,03,5,1,691.39343
2011,03,5,2,691.39106
2011,03,5,3,691.67564
2011,03,5,4,691.82271
2011,03,5,5,691.76519
2011,03,5,6,691.53718
2011,03,5,7,691.24275
2011,03,6,0,691.30896
2011,03,6,1,691.3725
2011,03,6,2,690.73584
2011,03,6,3,690.20996
2011,03,6,4,690.65465
2011,03,6,5,691.03272
2011,03,6,6,691.30629
2011,03,6,7,691.55582
2011,03,7,0,691.74631
2011,03,7,1,691.40557
2011,03,7,2,689.92435
2011,03,7,3,688.93025
2011,03,7,4,689.53779
2011,03,7,5,689.74846
2011,03,7,6,690.55899
2011,03,7,7,690.89735
2011,03,8,0,690.64625
2011,03,8,1,690.48732
2011,03,8,2,690.82115
2011,03,8,3,690.94951
2011,03,8,4,690.81858
2011,03,8,5,691.00947
2011,03,8,6,691.04687
2011,03,8,7,690.99979
2011,03,9,0,690.92447
2011,03,9,1,690.86348
2011,03,9,2,691.1326
2011,03,9,3,691.33032
2011,03,9,4,691.67965
2011,03,9,5,692.48691
2011,03,9,6,693.27132
2011,03,9,7,693.90467
2011,03,10,0,694.38117
2011,03,10,1,694.5526
2011,03,10,2,695.38041
2011,03,10,3,696.25192
2011,03,10,4,696.66253
2011,03,10,5,697.20451
2011,03,10,6,697.10776
2011,03,10,7,696.63959
2011,03,11,0,696.29012
2011,03,11,1,695.83992
2011,03,11,2,695.60537
2011,03,11,3,695.20352
2011,03,11,4,694.63071
2011,03,11,5,694.015
2011,03,11,6,693.5353
2011,03,11,7,692.90544
2011,03,12,0,691.71774
2011,03,12,1,690.49784
2011,03,12,2,690.09356
2011,03,12,3,690.05275
2011,03,12,4,689.93795
2011,03,12,5,689.73126
2011,03,12,6,689.73954
2011,03,12,7,689.78073
2011,03,13,0,689.95708
2011,03,13,1,690.14249
2011,03,13,2,691.05164
2011,03,13,3,692.12587
2011,03,13,4,692.59641
2011,03,13,5,692.96399
2011,03,13,6,693.46026
2011,03,13,7,694.03936
2011,03,14,0,694.43643
2011,03,14,1,695.12959
2011,03,14,2,695.78975
2011,03,14,3,696.39982
2011,03,14,4,697.47463
2011,03,14,5,698.7545
2011,03,14,6,699.81638
2011,03,14,7,700.69566
2011,03,15,0,700.54774
2011,03,15,1,700.42421
2011,03,15,2,701.21607
2011,03,15,3,702.51692
2011,03,15,4,703.81921
2011,03,15,5,704.32561
2011,03,15,6,705.17397
2011,03,15,7,705.84203
2011,03,16,0,706.12003
2011,03,16,1,706.02459
2011,03,16,2,704.99587
2011,03,16,3,703.74741
2011,03,16,4,703.37324
2011,03,16,5,702.55419
2011,03,16,6,702.17502
2011,03,16,7,701.70061
2011,03,17,0,700.17274
2011,03,17,1,698.54656
2011,03,17,2,697.49075
2011,03,17,3,696.87445
2011,03,17,4,695.77803
2011,03,17,5,694.79196
2011,03,17,6,694.23278
2011,03,17,7,693.75621
2011,03,18,0,693.30472
2011,03,18,1,693.24984
2011,03,18,2,693.09054
2011,03,18,3,693.31348
2011,03,18,4,693.7379
2011,03,18,5,693.90029
2011,03,18,6,694.37366
2011,03,18,7,695.20614
2011,03,19,0,696.1004
2011,03,19,1,696.78528
2011,03,19,2,697.56259
2011,03,19,3,698.5683
2011,03,19,4,698.94923
2011,03,19,5,699.17531
2011,03,19,6,699.25147
2011,03,19,7,699.12443
2011,03,20,0,698.99706
2011,03,20,1,698.46943
2011,03,20,2,697.65447
2011,03,20,3,697.32554
2011,03,20,4,696.46711
2011,03,20,5,695.45361
2011,03,20,6,694.1346
2011,03,20,7,692.51891
2011,03,21,0,690.3027
2011,03,21,1,687.54484
2011,03,21,2,685.17979
2011,03,21,3,683.24318
2011,03,21,4,681.8538
2011,03,21,5,681.06825
2011,03,21,6,680.63459
2011,03,21,7,680.78632
2011,03,22,0,681.09726
2011,03,22,1,681.69784
2011,03,22,2,683.01842
2011,03,22,3,684.67263
2011,03,22,4,685.80453
2011,03,22,5,686.9088
2011,03,22,6,687.84034
2011,03,22,7,688.46932
2011,03,23,0,688.83217
2011,03,23,1,688.43205
2011,03,23,2,688.9208
2011,03,23,3,689.62371
2011,03,23,4,690.39785
2011,03,23,5,691.09447
2011,03,23,6,691.76535
2011,03,23,7,692.6676
2011,03,24,0,693.20908
2011,03,24,1,693.5236
2011,03,24,2,694.00933
2011,03,24,3,694.44035
2011,03,24,4,694.40666
2011,03,24,5,693.73569
2011,03,24,6,692.81853
2011,03,24,7,691.1063
2011,03,25,0,688.57636
2011,03,25,1,686.10875
2011,03,25,2,684.1942
2011,03,25,3,682.45226
2011,03,25,4,682.20229
2011,03,25,5,683.77017
2011,03,25,6,685.75538
2011,03,25,7,688.14832
2011,03,26,0,690.33826
2011,03,26,1,691.5366
2011,03,26,2,691.9377
2011,03,26,3,691.37916
2011,03,26,4,691.08881
2011,03,26,5,690.48064
2011,03,26,6,688.49932
2011,03,26,7,686.36119
2011,03,27,0,684.46926
2011,03,27,1,682.62676
2011,03,27,2,681.56932
2011,03,27,3,681.14163
2011,03,27,4,681.57718
2011,03,27,5,682.25103
2011,03,27,6,683.25
2011,03,27,7,684.22271
2011,03,28,0,685.03875
2011,03,28,1,685.55379
2011,03,28,2,686.378
2011,03,28,3,687.34211
2011,03,28,4,688.04839
2011,03,28,5,688.44164
2011,03,28,6,688.20611
2011,03,28,7,687.55423
2011,03,29,0,686.94637
2011,03,29,1,685.92447
2011,03,29,2,685.23286
2011,03,29,3,684.37911
2011,03,29,4,683.95959
2011,03,29,5,683.80605
2011,03,29,6,682.9589
2011,03,29,7,682.43281
2011,03,30,0,682.79231
2011,03,30,1,682.84302
2011,03,30,2,683.13218
2011,03,30,3,684.16866
2011,03,30,4,684.41498
2011,03,30,5,684.99573
2011,03,30,6,685.34771
2011,03,30,7,685.68984
2011,03,1,0,686.10321
2011,03,1,1,686.26258
2011,03,1,2,686.18163
2011,03,1,3,686.18292
2011,03,1,4,686.46685
2011,03,1,5,686.79612
2011,03,1,6,686.80706
2011,03,1,7,686.70793
2011,03,2,0,686.71985
2011,03,2,1,686.63149
2011,03,2,2,686.48698
2011,03,2,3,686.22733
2011,03,2,4,686.16451
2011,03,2,5,685.84174
2011,03,2,6,685.6454
2011,03,2,7,685.52789
2011,03,3,0,685.56751
2011,03,3,1,685.71605
2011,03,3,2,686.15085
2011,03,3,3,686.37895
2011,03,3,4,686.72029
2011,03,3,5,687.28358
2011,03,3,6,687.62657
2011,03,3,7,687.75462
2011,03,4,0,687.86037
2011,03,4,1,687.43694
2011,03,4,2,687.67946
2011,03,4,3,687.15936
2011,03,4,4,686.36625
2011,03,4,5,685.65386
2011,03,4,6,685.07745
2011,03,4,7,684.11163
2011,03,5,0,682.34278
2011,03,5,1,681.61881
2011,03,5,2,682.3351
2011,03,5,3,682.79738
2011,03,5,4,682.3428
2011,03,5,5,681.89158
2011,03,5,6,681.57279
2011,03,5,7,681.42045
2011,03,6,0,681.5927
2011,03,6,1,681.82613
2011,03,6,2,682.13993
2011,03,6,3,682.96843
2011,03,6,4,684.27341
2011,03,6,5,686.03344
2011,03,6,6,686.66935
2011,03,6,7,687.88632
2011,03,7,0,690.17843
2011,03,7,1,691.50144
2011,03,7,2,692.4422
2011,03,7,3,693.05278
2011,03,7,4,693.89169
2011,03,7,5,694.81407
2011,03,7,6,694.74425
2011,03,7,7,694.71401
2011,03,8,0,694.91108
2011,03,8,1,694.98867
2011,03,8,2,694.32744
2011,03,8,3,693.9876
2011,03,8,4,694.01342
2011,03,8,5,693.55978
2011,03,8,6,693.33497
2011,03,8,7,693.28112
2011,03,9,0,693.58909
2011,03,9,1,694.24216
2011,03,9,2,694.31667
2011,03,9,3,694.30476
2011,03,9,4,694.86357
2011,03,9,5,694.979
2011,03,9,6,695.02584
2011,03,9,7,695.20357
2011,03,10,0,694.86608
2011,03,10,1,694.53293
2011,03,10,2,694.36048
2011,03,10,3,693.99063
2011,03,10,4,694.10988
2011,03,10,5,693.98923
2011,03,10,6,693.25747
2011,03,10,7,692.99021
2011,03,11,0,692.24449
2011,03,11,1,691.07154
2011,03,11,2,689.99077
2011,03,11,3,688.4212
2011,03,11,4,686.30601
2011,03,11,5,685.13796
2011,03,11,6,684.89359
2011,03,11,7,685.07842
2011,03,12,0,684.96788
2011,03,12,1,685.31372
2011,03,12,2,685.42765
2011,03,12,3,686.78531
2011,03,12,4,688.27537
2011,03,12,5,689.07118
2011,03,12,6,690.0469
2011,03,12,7,691.23128
2011,03,13,0,692.18723
2011,03,13,1,692.93838
2011,03,13,2,694.02988
2011,03,13,3,695.32465
2011,03,13,4,696.58564
2011,03,13,5,697.25043
2011,03,13,6,697.34919
2011,03,13,7,696.99823
2011,03,14,0,695.67277
2011,03,14,1,694.3675
2011,03,14,2,693.6657
2011,03,14,3,692.39472
2011,03,14,4,691.08375
2011,03,14,5,690.00575
2011,03,14,6,688.90686
2011,03,14,7,687.7131
2011,03,15,0,686.87687
2011,03,15,1,685.98783
2011,03,15,2,685.90754
2011,03,15,3,686.23666
2011,03,15,4,686.51571
2011,03,15,5,687.27083
2011,03,15,6,688.17108
2011,03,15,7,689.07824
2011,03,16,0,689.53239
2011,03,16,1,690.16647
2011,03,16,2,691.53295
2011,03,16,3,693.18681
2011,03,16,4,693.93801
2011,03,16,5,694.50185
2011,03,16,6,696.12012
2011,03,16,7,697.68248
2011,03,17,0,698.21108
2011,03,17,1,698.45271
2011,03,17,2,698.91602
2011,03,17,3,699.05364
2011,03,17,4,698.42343
2011,03,17,5,697.54709
2011,03,17,6,696.80577
2011,03,17,7,695.8709
2011,03,18,0,694.54364
2011,03,18,1,693.98181
2011,03,18,2,694.93776
2011,03,18,3,696.04255
2011,03,18,4,696.09296
2011,03,18,5,695.8531
2011,03,18,6,695.58485
2011,03,18,7,695.25729
2011,03,19,0,694.91588
2011,03,19,1,694.775
2011,03,19,2,695.09931
2011,03,19,3,695.03426
2011,03,19,4,695.01473
2011,03,19,5,695.2556
2011,03,19,6,695.0995
2011,03,19,7,695.15431
2011,03,20,0,695.11558
2011,03,20,1,695.41928
2011,03,20,2,695.86959
2011,03,20,3,696.34099
2011,03,20,4,696.42078
2011,03,20,5,696.38887
2011,03,20,6,696.64882
2011,03,20,7,696.8708
2011,03,21,0,697.65513
2011,03,21,1,698.88526
2011,03,21,2,700.25588
2011,03,21,3,701.89766
2011,03,21,4,702.78161
2011,03,21,5,703.26379
2011,03,21,6,702.92004
2011,03,21,7,702.23765
2011,03,22,0,700.99719
2011,03,22,1,699.35558
2011,03,22,2,697.98436
2011,03,22,3,695.74475
2011,03,22,4,692.92911
2011,03,22,5,691.11093
2011,03,22,6,689.55893
2011,03,22,7,688.1558
2011,03,23,0,686.95874
2011,03,23,1,686.41207
2011,03,23,2,686.77944
2011,03,23,3,687.18499
2011,03,23,4,687.41876
2011,03,23,5,687.92927
2011,03,23,6,688.41252
2011,03,23,7,688.60429
2011,03,24,0,688.8291
2011,03,24,1,689.20808
2011,03,24,2,690.12594
2011,03,24,3,691.25577
2011,03,24,4,692.11041
2011,03,24,5,692.97679
2011,03,24,6,693.9684
2011,03,24,7,695.28793
2011,03,25,0,695.65872
2011,03,25,1,695.99997
2011,03,25,2,697.21588
2011,03,25,3,698.15531
2011,03,25,4,698.40539
2011,03,25,5,698.15611
2011,03,25,6,698.09778
2011,03,25,7,697.83326
2011,03,26,0,697.44224
2011,03,26,1,697.63071
2011,03,26,2,697.75899
2011,03,26,3,698.10976
2011,03,26,4,698.03997
2011,03,26,5,698.98125
2011,03,26,6,700.91784
2011,03,26,7,702.69913
2011,03,27,0,703.45097
2011,03,27,1,703.26618
2011,03,27,2,703.12059
2011,03,27,3,704.29084
2011,03,27,4,704.66573
2011,03,27,5,705.46363
2011,03,27,6,705.55781
2011,03,27,7,705.28684
2011,03,28,0,706.07462
2011,03,28,1,706.66904
2011,03,28,2,706.71422
2011,03,28,3,706.34853
2011,03,28,4,706.29694
2011,03,28,5,706.1481
2011,03,28,6,705.58908
2011,03,28,7,704.86852
2011,03,29,0,704.48858
2011,03,29,1,704.39208
2011,03,29,2,703.51273
2011,03,29,3,702.67043
2011,03,29,4,702.81335
2011,03,29,5,703.16321
2011,03,29,6,703.90569
2011,03,29,7,704.97204
2011,03,30,0,704.96407
2011,03,30,1,704.89851
2011,03,30,2,705.49896
2011,03,30,3,705.8459
2011,03,30,4,705.58323
2011,03,30,5,705.3098
2011,03,30,6,705.47038
2011,03,30,7,706.0355
2011,03,31,0,706.68117
2011,03,31,1,707.24306
2011,03,31,2,707.72578
2011,03,31,3,708.64072
2011,03,31,4,709.50417
2011,03,31,5,710.16642
2011,03,31,6,710.92351
2011,03,31,7,719.30977
2011,03,1,0,720.54677
2011,03,1,1,721.23459
2011,03,1,2,721.98492
2011,03,1,3,722.75373
2011,03,1,4,723.3961
2011,03,1,5,723.87817
2011,03,1,6,724.04787
2011,03,1,7,723.75277
2011,03,2,0,723.03348
2011,03,2,1,722.64166
2011,03,2,2,722.14452
2011,03,2,3,721.21177
2011,03,2,4,720.48671
2011,03,2,5,720.27909
2011,03,2,6,719.57501
2011,03,2,7,718.93535
2011,03,3,0,718.98727
2011,03,3,1,718.77053
2011,03,3,2,718.56099
2011,03,3,3,711.65566
2011,03,3,4,710.26538
2011,03,3,5,708.28577
2011,03,3,6,706.91257
2011,03,3,7,705.45825
2011,03,4,0,703.79619
2011,03,4,1,702.10182
2011,03,4,2,700.38703
2011,03,4,3,698.42979
2011,03,4,4,696.41059
2011,03,4,5,695.01234
2011,03,4,6,694.55298
2011,03,4,7,694.23181
2011,03,5,0,694.24883
2011,03,5,1,694.33348
2011,03,5,2,694.59641
2011,03,5,3,694.34379
2011,03,5,4,692.47656
2011,03,5,5,689.70489
2011,03,5,6,688.60136
2011,03,5,7,688.88992
2011,03,6,0,688.34222
2011,03,6,1,687.83856
2011,03,6,2,687.77608
2011,03,6,3,687.5609
2011,03,6,4,687.6348
2011,03,6,5,687.49686
2011,03,6,6,687.17129
2011,03,6,7,686.94717
2011,03,7,0,686.08942
2011,03,7,1,685.84852
2011,03,7,2,686.87429
2011,03,7,3,687.74341
2011,03,7,4,687.7255
2011,03,7,5,688.13539
2011,03,7,6,688.45295
2011,03,7,7,688.91721
2011,03,8,0,690.08868
2011,03,8,1,691.22192
2011,03,8,2,692.18539
2011,03,8,3,693.10812
2011,03,8,4,694.27868
2011,03,8,5,695.05229
2011,03,8,6,695.86086
2011,03,8,7,696.83999
2011,03,9,0,697.4572
2011,03,9,1,698.18067
2011,03,9,2,698.96503
2011,03,9,3,699.82166
2011,03,9,4,700.41589
2011,03,9,5,701.15413
2011,03,9,6,701.91752
2011,03,9,7,702.49775
2011,03,10,0,702.38501
2011,03,10,1,702.04935
2011,03,10,2,702.34551
2011,03,10,3,701.91133
2011,03,10,4,700.85589
2011,03,10,5,699.80965
2011,03,10,6,698.92613
2011,03,10,7,698.1831
2011,03,11,0,696.60291
2011,03,11,1,694.88506
2011,03,11,2,692.40528
2011,03,11,3,689.9377
2011,03,11,4,688.36641
2011,03,11,5,687.14873
2011,03,11,6,686.64457
2011,03,11,7,686.38584
2011,03,12,0,686.44322
2011,03,12,1,686.67906
2011,03,12,2,687.97313
2011,03,12,3,690.07421
2011,03,12,4,691.97645
2011,03,12,5,693.7909
2011,03,12,6,695.78039
2011,03,12,7,697.5314
2011,03,13,0,698.5833
2011,03,13,1,699.3902
2011,03,13,2,700.24792
2011,03,13,3,700.85195
2011,03,13,4,701.52448
2011,03,13,5,702.0797
2011,03,13,6,701.93604
2011,03,13,7,701.5538
2011,03,14,0,701.37973
2011,03,14,1,701.02308
2011,03,14,2,700.00091
2011,03,14,3,698.53316
2011,03,14,4,697.28439
2011,03,14,5,695.66209
2011,03,14,6,694.05762
2011,03,14,7,692.85808
2011,03,15,0,692.07811
2011,03,15,1,691.4461
2011,03,15,2,691.3263
2011,03,15,3,691.18121
2011,03,15,4,690.55824
2011,03,15,5,689.86494
2011,03,15,6,689.50566
2011,03,15,7,689.28154
2011,03,16,0,689.05839
2011,03,16,1,688.57391
2011,03,16,2,688.40303
2011,03,16,3,687.91634
2011,03,16,4,687.0137
2011,03,16,5,686.07547
2011,03,16,6,685.33475
2011,03,16,7,684.83877
2011,03,17,0,684.13748
2011,03,17,1,682.9332
2011,03,17,2,682.17572
2011,03,17,3,681.4342
2011,03,17,4,680.56118
2011,03,17,5,679.9175
2011,03,17,6,679.86147
2011,03,17,7,680.08173
2011,03,18,0,680.51262
2011,03,18,1,681.02756
2011,03,18,2,681.43971
2011,03,18,3,681.64051
2011,03,18,4,681.91384
2011,03,18,5,682.23769
2011,03,18,6,682.72103
2011,03,18,7,683.22112
2011,03,19,0,683.57334
2011,03,19,1,683.87342
2011,03,19,2,684.10427
2011,03,19,3,684.2867
2011,03,19,4,684.52307
2011,03,19,5,684.39318
2011,03,19,6,684.20108
2011,03,19,7,683.91309
2011,03,20,0,683.55727
2011,03,20,1,683.40095
2011,03,20,2,683.73981
2011,03,20,3,684.44367
2011,03,20,4,685.80113
2011,03,20,5,686.65459
2011,03,20,6,686.318
2011,03,20,7,686.79734
2011,03,21,0,686.77693
2011,03,21,1,687.17354
2011,03,21,2,688.05182
2011,03,21,3,688.76314
2011,03,21,4,690.28914
2011,03,21,5,691.12382
2011,03,21,6,691.10697
2011,03,21,7,691.30672
2011,03,22,0,691.96135
2011,03,22,1,692.72482
2011,03,22,2,692.57458
2011,03,22,3,691.89511
2011,03,22,4,691.20788
2011,03,22,5,691.14059
2011,03,22,6,691.23425
2011,03,22,7,690.98093
2011,03,23,0,691.19008
2011,03,23,1,691.1733
2011,03,23,2,690.85632
2011,03,23,3,690.78123
2011,03,23,4,690.8699
2011,03,23,5,691.29514
2011,03,23,6,691.52257
2011,03,23,7,692.09173
2011,03,24,0,692.29133
2011,03,24,1,692.6671
2011,03,24,2,693.39515
2011,03,24,3,693.52509
2011,03,24,4,693.7914
2011,03,24,5,693.84579
2011,03,24,6,693.6813
2011,03,24,7,693.99185
2011,03,25,0,693.79269
2011,03,25,1,693.57306
2011,03,25,2,693.64787
2011,03,25,3,693.71618
2011,03,25,4,693.44075
2011,03,25,5,693.01015
2011,03,25,6,692.92324
2011,03,25,7,692.79763
2011,03,26,0,692.9215
2011,03,26,1,693.45746
2011,03,26,2,693.73749
2011,03,26,3,694.42057
2011,03,26,4,695.82834
2011,03,26,5,697.09502
2011,03,26,6,697.48676
2011,03,26,7,697.82929
2011,03,27,0,698.39685
2011,03,27,1,699.01544
2011,03,27,2,699.29996
2011,03,27,3,699.51875
2011,03,27,4,700.23342
2011,03,27,5,701.3089
2011,03,27,6,702.22013
2011,03,27,7,702.99396
2011,03,28,0,704.98033
2011,03,28,1,706.00731
2011,03,28,2,705.15763
2011,03,28,3,704.72483
2011,03,28,4,703.75443
2011,03,28,5,702.85637
2011,03,28,6,702.56786
2011,03,28,7,702.54773
2011,03,29,0,701.82865
2011,03,29,1,700.9926
2011,03,29,2,700.22434
2011,03,29,3,699.47573
2011,03,29,4,697.24195
2011,03,29,5,695.41865
2011,03,29,6,695.85883
2011,03,29,7,695.85753
2011,03,30,0,695.66716
2011,03,30,1,695.53732
2011,03,30,2,695.524
2011,03,30,3,696.00875
2011,03,30,4,696.09676
2011,03,30,5,696.15303
2011,03,30,6,697.24468
2011,03,30,7,697.96866
2011,03,31,0,698.20083
2011,03,31,1,698.37584
2011,03,31,2,698.84749
2011,03,31,3,698.72997
2011,03,31,4,697.92306
2011,03,31,5,697.23694
2011,03,31,6,697.2993
2011,03,31,7,696.75144
2011,03,1,0,695.60318
2011,03,1,1,694.91943
2011,03,1,2,694.53984
2011,03,1,3,694.67098
2011,03,1,4,695.11604
2011,03,1,5,694.66938
2011,03,1,6,694.73788
2011,03,1,7,694.58072
2011,03,2,0,693.84396
2011,03,2,1,693.30253
2011,03,2,2,693.37435
2011,03,2,3,693.42959
2011,03,2,4,693.03436
2011,03,2,5,692.63902
2011,03,2,6,692.77557
2011,03,2,7,692.83835
2011,03,3,0,692.4601
2011,03,3,1,692.24609
2011,03,3,2,692.93659
2011,03,3,3,692.94384
2011,03,3,4,692.94557
2011,03,3,5,693.12582
2011,03,3,6,692.4501
2011,03,3,7,692.06735
2011,03,4,0,692.21969
2011,03,4,1,692.28871
2011,03,4,2,692.46116
2011,03,4,3,693.04492
2011,03,4,4,692.91952
2011,03,4,5,692.52788
2011,03,4,6,693.0093
2011,03,4,7,692.69233
2011,03,5,0,692.92609
2011,03,5,1,692.93837
2011,03,5,2,692.47764
2011,03,5,3,692.11704
2011,03,5,4,691.62077
2011,03,5,5,690.72696
2011,03,5,6,689.62993
2011,03,5,7,688.07624
2011,03,6,0,686.54597
2011,03,6,1,684.75416
2011,03,6,2,683.37638
2011,03,6,3,681.97137
2011,03,6,4,680.41203
2011,03,6,5,679.52838
2011,03,6,6,679.28059
2011,03,6,7,678.97029
2011,03,7,0,679.6081
2011,03,7,1,680.25653
2011,03,7,2,681.3553
2011,03,7,3,682.65764
2011,03,7,4,683.58554
2011,03,7,5,684.05044
2011,03,7,6,684.41974
2011,03,7,7,684.98656
2011,03,8,0,685.68253
2011,03,8,1,686.17835
2011,03,8,2,687.73764
2011,03,8,3,689.16842
2011,03,8,4,690.67331
2011,03,8,5,692.14459
2011,03,8,6,693.64951
2011,03,8,7,694.77276
2011,03,9,0,696.11829
2011,03,9,1,696.67549
2011,03,9,2,696.94438
2011,03,9,3,697.41787
2011,03,9,4,697.86337
2011,03,9,5,697.80115
2011,03,9,6,698.53527
2011,03,9,7,699.26057
2011,03,10,0,699.56551
2011,03,10,1,699.52496
2011,03,10,2,699.10243
2011,03,10,3,698.74613
2011,03,10,4,699.34216
2011,03,10,5,699.48914
2011,03,10,6,699.78479
2011,03,10,7,700.00775
2011,03,11,0,699.87465
2011,03,11,1,699.44874
2011,03,11,2,699.22792
2011,03,11,3,698.69854
2011,03,11,4,698.2751
2011,03,11,5,697.32461
2011,03,11,6,696.03851
2011,03,11,7,695.19805
2011,03,12,0,694.87419
2011,03,12,1,694.42105
2011,03,12,2,694.46503
2011,03,12,3,694.14075
2011,03,12,4,693.51755
2011,03,12,5,692.61639
2011,03,12,6,691.55863
2011,03,12,7,690.59403
2011,03,13,0,689.03676
2011,03,13,1,687.66537
2011,03,13,2,687.06296
2011,03,13,3,686.377
2011,03,13,4,685.36761
2011,03,13,5,684.49883
2011,03,13,6,684.06242
2011,03,13,7,683.66562
2011,03,14,0,683.03893
2011,03,14,1,682.45431
2011,03,14,2,682.62165
2011,03,14,3,682.59666
2011,03,14,4,682.57118
2011,03,14,5,682.9067
2011,03,14,6,682.71227
2011,03,14,7,682.63865
2011,03,15,0,683.13417
2011,03,15,1,683.47765
2011,03,15,2,684.19652
2011,03,15,3,684.49313
2011,03,15,4,684.5393
2011,03,15,5,685.01565
2011,03,15,6,685.41702
2011,03,15,7,685.80616
2011,03,16,0,686.35055
2011,03,16,1,686.98768
2011,03,16,2,687.68781
2011,03,16,3,688.08299
2011,03,16,4,687.99799
2011,03,16,5,687.55387
2011,03,16,6,686.79488
2011,03,16,7,686.72021
2011,03,17,0,687.24359
2011,03,17,1,688.0897
2011,03,17,2,687.54444
2011,03,17,3,685.39034
2011,03,17,4,682.84528
2011,03,17,5,680.99643
2011,03,17,6,679.77427
2011,03,17,7,678.07196
2011,03,18,0,677.96558
2011,03,18,1,678.70022
2011,03,18,2,677.95508
2011,03,18,3,676.95783
2011,03,18,4,676.51562
2011,03,18,5,676.19795
2011,03,18,6,676.16346
2011,03,18,7,676.69106
2011,03,19,0,677.38665
2011,03,19,1,677.73351
2011,03,19,2,677.74554
2011,03,19,3,679.13788
2011,03,19,4,680.42206
2011,03,19,5,680.76688
2011,03,19,6,680.16662
2011,03,19,7,679.65321
2011,03,20,0,679.24421
2011,03,20,1,678.85243
2011,03,20,2,678.6496
2011,03,20,3,678.924
2011,03,20,4,679.18334
2011,03,20,5,679.07062
2011,03,20,6,678.78391
2011,03,20,7,678.55335
2011,03,21,0,678.41908
2011,03,21,1,678.10145
2011,03,21,2,677.70612
2011,03,21,3,677.43931
2011,03,21,4,676.72003
2011,03,21,5,676.37701
2011,03,21,6,676.2129
2011,03,21,7,675.68208
2011,03,22,0,676.20918
2011,03,22,1,676.11209
2011,03,22,2,676.97966
2011,03,22,3,677.91265
2011,03,22,4,677.47151
2011,03,22,5,677.62523
2011,03,22,6,678.28164
2011,03,22,7,678.37467
2011,03,23,0,679.2862
2011,03,23,1,680.97056
2011,03,23,2,682.68855
2011,03,23,3,683.76793
2011,03,23,4,684.71373
2011,03,23,5,685.48589
2011,03,23,6,686.56228
2011,03,23,7,687.69497
2011,03,24,0,688.88029
2011,03,24,1,689.17926
2011,03,24,2,689.15002
2011,03,24,3,688.94847
2011,03,24,4,687.73414
2011,03,24,5,686.27807
2011,03,24,6,685.67389
2011,03,24,7,685.17069
2011,03,25,0,685.26418
2011,03,25,1,685.87348
2011,03,25,2,685.59145
2011,03,25,3,686.16768
2011,03,25,4,686.91753
2011,03,25,5,688.30105
2011,03,25,6,689.74757
2011,03,25,7,690.42422
2011,03,26,0,691.23716
2011,03,26,1,691.17154
2011,03,26,2,690.96683
2011,03,26,3,691.35934
2011,03,26,4,692.45147
2011,03,26,5,692.79871
2011,03,26,6,692.72983
2011,03,26,7,692.18759
2011,03,27,0,691.64361
2011,03,27,1,690.88455
2011,03,27,2,689.69787
2011,03,27,3,688.6489
2011,03,27,4,688.09823
2011,03,27,5,687.93887
2011,03,27,6,688.52758
2011,03,27,7,689.5549
2011,03,28,0,690.214
2011,03,28,1,690.7911
2011,03,28,2,692.14937
2011,03,28,3,693.3622
2011,03,28,4,693.4942
2011,03,28,5,693.49328
2011,03,28,6,693.50761
2011,03,28,7,693.29023
2011,03,29,0,693.74944
2011,03,29,1,693.59075
2011,03,29,2,693.40947
2011,03,29,3,693.29791
2011,03,29,4,693.32458
2011,03,29,5,693.56715
2011,03,29,6,694.20035
2011,03,29,7,694.56407
2011,03,30,0,695.75814
2011,03,30,1,696.45779
2011,03,30,2,696.78336
2011,03,30,3,696.84605
2011,03,30,4,697.58222
2011,03,30,5,697.85034
2011,03,30,6,697.78212
2011,03,30,7,697.67073
2011,03,1,0,697.38477
2011,03,1,1,696.79951
2011,03,1,2,697.09981
2011,03,1,3,697.23831
2011,03,1,4,696.76294
2011,03,1,5,696.2302
2011,03,1,6,696.24248
2011,03,1,7,696.1143
2011,03,2,0,696.21474
2011,03,2,1,696.56815
2011,03,2,2,696.76764
2011,03,2,3,697.0012
2011,03,2,4,697.88142
2011,03,2,5,698.83538
2011,03,2,6,699.63681
2011,03,2,7,700.64311
2011,03,3,0,702.04274
2011,03,3,1,703.42697
2011,03,3,2,704.80251
2011,03,3,3,705.81393
2011,03,3,4,705.85086
2011,03,3,5,705.25695
2011,03,3,6,705.28151
2011,03,3,7,704.90754
2011,03,4,0,704.32954
2011,03,4,1,703.48659
2011,03,4,2,702.81893
2011,03,4,3,702.44998
2011,03,4,4,702.1908
2011,03,4,5,701.80659
2011,03,4,6,701.33781
2011,03,4,7,701.39502
2011,03,5,0,701.74732
2011,03,5,1,702.31547
2011,03,5,2,702.74119
2011,03,5,3,703.10074
2011,03,5,4,702.88688
2011,03,5,5,702.63471
2011,03,5,6,703.11546
2011,03,5,7,703.09703
2011,03,6,0,702.53376
2011,03,6,1,702.11897
2011,03,6,2,701.76475
2011,03,6,3,700.77924
2011,03,6,4,699.98018
2011,03,6,5,699.26246
2011,03,6,6,698.45525
2011,03,6,7,697.62653
2011,03,7,0,697.17385
2011,03,7,1,696.5534
2011,03,7,2,696.47301
2011,03,7,3,696.06699
2011,03,7,4,695.22652
2011,03,7,5,694.54725
2011,03,7,6,694.2692
2011,03,7,7,693.67997
2011,03,8,0,692.94078
2011,03,8,1,692.23976
2011,03,8,2,691.94936
2011,03,8,3,691.27496
2011,03,8,4,690.36958
2011,03,8,5,689.8609
2011,03,8,6,689.50049
2011,03,8,7,689.34082
2011,03,9,0,688.8072
2011,03,9,1,688.09971
2011,03,9,2,687.57711
2011,03,9,3,686.86157
2011,03,9,4,685.95619
2011,03,9,5,684.92643
2011,03,9,6,684.37927
2011,03,9,7,683.87477
2011,03,10,0,683.14796
2011,03,10,1,682.43641
2011,03,10,2,682.43117
2011,03,10,3,682.47559
2011,03,10,4,682.49541
2011,03,10,5,682.59379
2011,03,10,6,682.78781
2011,03,10,7,682.77827
2011,03,11,0,682.634
2011,03,11,1,682.51065
2011,03,11,2,683.25422
2011,03,11,3,683.57828
2011,03,11,4,683.40488
2011,03,11,5,683.50423
2011,03,11,6,683.2075
2011,03,11,7,682.49567
2011,03,12,0,681.90843
2011,03,12,1,681.48701
2011,03,12,2,681.31095
2011,03,12,3,680.68088
2011,03,12,4,679.41403
2011,03,12,5,678.45688
2011,03,12,6,678.1287
2011,03,12,7,677.35954
2011,03,13,0,676.68924
2011,03,13,1,676.46859
2011,03,13,2,676.01888
2011,03,13,3,675.52
2011,03,13,4,675.1592
2011,03,13,5,675.38242
2011,03,13,6,675.69928
2011,03,13,7,675.97904
2011,03,14,0,676.08846
2011,03,14,1,676.22268
2011,03,14,2,677.21983
2011,03,14,3,678.10522
2011,03,14,4,679.40186
2011,03,14,5,679.95705
2011,03,14,6,680.30681
2011,03,14,7,680.65314
2011,03,15,0,681.01148
2011,03,15,1,681.17597
2011,03,15,2,681.57847
2011,03,15,3,681.83358
2011,03,15,4,681.86699
2011,03,15,5,681.7663
2011,03,15,6,682.46016
2011,03,15,7,682.95416
2011,03,16,0,682.62385
2011,03,16,1,682.4472
2011,03,16,2,682.92858
2011,03,16,3,683.01588
2011,03,16,4,682.98423
2011,03,16,5,683.05523
2011,03,16,6,683.49271
2011,03,16,7,683.68569
2011,03,17,0,683.99272
2011,03,17,1,684.14961
2011,03,17,2,683.91185
2011,03,17,3,683.51779
2011,03,17,4,683.03658
2011,03,17,5,682.59338
2011,03,17,6,682.39032
2011,03,17,7,681.98942
2011,03,18,0,681.5302
2011,03,18,1,681.11483
2011,03,18,2,680.8464
2011,03,18,3,680.57461
2011,03,18,4,680.33251
2011,03,18,5,680.33611
2011,03,18,6,680.37945
2011,03,18,7,680.49324
2011,03,19,0,680.87123
2011,03,19,1,681.08296
2011,03,19,2,681.8266
2011,03,19,3,682.68617
2011,03,19,4,683.04825
2011,03,19,5,683.12462
2011,03,19,6,684.69914
2011,03,19,7,686.4622
2011,03,20,0,687.74711
2011,03,20,1,688.40343
2011,03,20,2,689.13474
2011,03,20,3,690.32549
2011,03,20,4,691.04894
2011,03,20,5,691.28487
2011,03,20,6,691.92173
2011,03,20,7,692.52578
2011,03,21,0,692.66255
2011,03,21,1,692.5987
2011,03,21,2,692.83927
2011,03,21,3,692.90118
2011,03,21,4,693.03653
2011,03,21,5,693.1569
2011,03,21,6,693.32105
2011,03,21,7,692.99556
2011,03,22,0,691.89449
2011,03,22,1,691.10832
2011,03,22,2,690.99207
2011,03,22,3,690.18539
2011,03,22,4,689.46419
2011,03,22,5,688.63607
2011,03,22,6,688.55329
2011,03,22,7,688.48937
2011,03,23,0,687.63388
2011,03,23,1,686.82449
2011,03,23,2,686.67064
2011,03,23,3,686.23253
2011,03,23,4,685.12362
2011,03,23,5,684.73616
2011,03,23,6,685.24023
2011,03,23,7,685.38013
2011,03,24,0,685.18435
2011,03,24,1,685.28643
2011,03,24,2,686.56462
2011,03,24,3,687.93827
2011,03,24,4,687.75543
2011,03,24,5,687.93386
2011,03,24,6,689.36002
2011,03,24,7,690.3439
2011,03,25,0,691.23908
2011,03,25,1,691.31047
2011,03,25,2,691.98373
2011,03,25,3,693.00593
2011,03,25,4,692.96131
2011,03,25,5,692.49041
2011,03,25,6,692.57313
2011,03,25,7,692.30821
2011,03,26,0,691.13352
2011,03,26,1,690.3206
2011,03,26,2,690.63794
2011,03,26,3,690.40408
2011,03,26,4,689.43359
2011,03,26,5,689.07262
2011,03,26,6,689.36804
2011,03,26,7,689.40673
2011,03,27,0,689.41996
2011,03,27,1,689.24274
2011,03,27,2,689.2997
2011,03,27,3,689.36381
2011,03,27,4,688.93319
2011,03,27,5,688.40594
2011,03,27,6,688.93236
2011,03,27,7,689.35049
2011,03,28,0,689.4303
2011,03,28,1,689.08179
2011,03,28,2,689.22855
2011,03,28,3,689.58669
2011,03,28,4,689.71388
2011,03,28,5,689.63174
2011,03,28,6,690.12518
2011,03,28,7,690.66216
2011,03,29,0,691.27346
2011,03,29,1,691.47289
2011,03,29,2,692.005
2011,03,29,3,692.20515
2011,03,29,4,693.11191
2011,03,29,5,693.89867
2011,03,29,6,693.74638
2011,03,29,7,693.71669
2011,03,30,0,693.82674
2011,03,30,1,693.72238
2011,03,30,2,694.5187
2011,03,30,3,694.98434
2011,03,30,4,695.31271
2011,03,30,5,695.4215
2011,03,30,6,695.99428
2011,03,30,7,696.31884
2011,03,31,0,696.62018
2011,03,31,1,696.5865
2011,03,31,2,696.51348
2011,03,31,3,696.55337
2011,03,31,4,696.64295
2011,03,31,5,696.14382
2011,03,31,6,695.96019
2011,03,31,7,695.71806
2011,03,1,0,695.17133
2011,03,1,1,694.7581
2011,03,1,2,694.70686
2011,03,1,3,694.65429
2011,03,1,4,694.77353
2011,03,1,5,695.33899
2011,03,1,6,696.55212
2011,03,1,7,697.75279
2011,03,2,0,698.45663
2011,03,2,1,698.94585
2011,03,2,2,700.2965
2011,03,2,3,701.567
2011,03,2,4,702.53882
2011,03,2,5,703.1353
2011,03,2,6,704.11987
2011,03,2,7,705.42507
2011,03,3,0,706.72675
2011,03,3,1,706.92095
2011,03,3,2,707.54185
2011,03,3,3,708.65609
2011,03,3,4,709.2586
2011,03,3,5,709.66017
2011,03,3,6,709.86692
2011,03,3,7,710.46473
2011,03,4,0,710.85888
2011,03,4,1,710.54487
2011,03,4,2,710.25687
2011,03,4,3,709.47086
2011,03,4,4,708.40021
2011,03,4,5,707.86892
2011,03,4,6,708.11405
2011,03,4,7,708.47091
2011,03,5,0,709.44333
2011,03,5,1,710.10204
2011,03,5,2,710.58783
2011,03,5,3,710.66757
2011,03,5,4,710.12132
2011,03,5,5,709.69657
2011,03,5,6,708.75362
2011,03,5,7,708.03759
2011,03,6,0,707.30387
2011,03,6,1,706.68429
2011,03,6,2,706.80256
2011,03,6,3,706.22175
2011,03,6,4,705.63319
2011,03,6,5,705.32029
2011,03,6,6,705.28881
2011,03,6,7,705.08204
2011,03,7,0,704.99968
2011,03,7,1,704.85491
2011,03,7,2,704.97408
2011,03,7,3,705.07478
2011,03,7,4,704.27645
2011,03,7,5,703.15974
2011,03,7,6,703.15089
2011,03,7,7,703.2766
2011,03,8,0,702.1956
2011,03,8,1,701.23596
2011,03,8,2,700.73736
2011,03,8,3,700.44051
2011,03,8,4,699.83853
2011,03,8,5,699.05957
2011,03,8,6,699.20185
2011,03,8,7,699.86645
2011,03,9,0,699.1524
2011,03,9,1,698.07501
2011,03,9,2,698.48105
2011,03,9,3,698.48869
2011,03,9,4,698.11808
2011,03,9,5,697.67537
2011,03,9,6,697.74389
2011,03,9,7,697.56869
2011,03,10,0,696.78546
2011,03,10,1,696.13954
2011,03,10,2,696.50111
2011,03,10,3,696.12948
2011,03,10,4,695.33424
2011,03,10,5,694.94429
2011,03,10,6,695.00398
2011,03,10,7,695.3733
2011,03,11,0,695.69885
2011,03,11,1,695.12025
2011,03,11,2,694.51153
2011,03,11,3,694.16281
2011,03,11,4,693.90242
2011,03,11,5,693.4151
2011,03,11,6,693.45762
2011,03,11,7,693.80509
2011,03,12,0,693.82854
2011,03,12,1,694.15816
2011,03,12,2,694.65546
2011,03,12,3,695.4303
2011,03,12,4,696.53448
2011,03,12,5,697.6645
2011,03,12,6,698.87936
2011,03,12,7,699.81558
2011,03,13,0,700.73784
2011,03,13,1,701.27103
2011,03,13,2,701.79607
2011,03,13,3,702.05775
2011,03,13,4,701.62395
2011,03,13,5,701.22559
2011,03,13,6,701.56426
2011,03,13,7,701.9479
2011,03,14,0,702.04228
2011,03,14,1,702.24712
2011,03,14,2,702.83317
2011,03,14,3,702.5918
2011,03,14,4,702.39269
2011,03,14,5,702.46706
2011,03,14,6,702.30257
2011,03,14,7,702.0027
2011,03,15,0,701.46473
2011,03,15,1,700.92303
2011,03,15,2,700.75968
2011,03,15,3,700.3842
2011,03,15,4,699.56001
2011,03,15,5,698.80701
2011,03,15,6,698.23065
2011,03,15,7,697.76704
2011,03,16,0,696.94332
2011,03,16,1,696.52011
2011,03,16,2,696.61729
2011,03,16,3,695.97507
2011,03,16,4,695.52359
2011,03,16,5,695.48366
2011,03,16,6,695.41641
2011,03,16,7,695.57571
2011,03,17,0,695.74897
2011,03,17,1,695.87085
2011,03,17,2,696.13944
2011,03,17,3,696.38485
2011,03,17,4,696.1124
2011,03,17,5,695.74282
2011,03,17,6,696.00104
2011,03,17,7,696.1916
2011,03,18,0,695.70938
2011,03,18,1,695.30227
2011,03,18,2,695.68182
2011,03,18,3,695.87677
2011,03,18,4,695.91514
2011,03,18,5,696.0352
2011,03,18,6,696.67004
2011,03,18,7,697.29923
2011,03,19,0,697.24375
2011,03,19,1,696.8881
2011,03,19,2,697.54704
2011,03,19,3,698.15331
2011,03,19,4,698.77299
2011,03,19,5,699.05701
2011,03,19,6,699.534
2011,03,19,7,700.13159
2011,03,20,0,700.19777
2011,03,20,1,699.91383
2011,03,20,2,699.98439
2011,03,20,3,699.82333
2011,03,20,4,699.44297
2011,03,20,5,698.83305
2011,03,20,6,698.83015
2011,03,20,7,698.76569
2011,03,21,0,697.88371
2011,03,21,1,697.12559
2011,03,21,2,696.73964
2011,03,21,3,696.42311
2011,03,21,4,695.98841
2011,03,21,5,695.41158
2011,03,21,6,695.0247
2011,03,21,7,694.81603
2011,03,22,0,694.5344
2011,03,22,1,694.17209
2011,03,22,2,694.23288
2011,03,22,3,694.34483
2011,03,22,4,694.50468
2011,03,22,5,694.39017
2011,03,22,6,693.93909
2011,03,22,7,693.58625
2011,03,23,0,693.27854
2011,03,23,1,692.19965
2011,03,23,2,692.33414
2011,03,23,3,692.87621
2011,03,23,4,692.43912
2011,03,23,5,691.5024
2011,03,23,6,691.10048
2011,03,23,7,690.39539
2011,03,24,0,688.59363
2011,03,24,1,687.42048
2011,03,24,2,687.97154
2011,03,24,3,689.1188
2011,03,24,4,690.62797
2011,03,24,5,692.05696
2011,03,24,6,693.7876
2011,03,24,7,695.04393
2011,03,25,0,696.06612
2011,03,25,1,696.67144
2011,03,25,2,697.51434
2011,03,25,3,697.68395
2011,03,25,4,697.28059
2011,03,25,5,696.80436
2011,03,25,6,696.11422
2011,03,25,7,695.5028
2011,03,26,0,696.18931
2011,03,26,1,696.5877
2011,03,26,2,697.33454
2011,03,26,3,697.94771
2011,03,26,4,697.88284
2011,03,26,5,697.73241
2011,03,26,6,697.95759
2011,03,26,7,698.3268
2011,03,27,0,698.00936
2011,03,27,1,697.10065
2011,03,27,2,697.00717
2011,03,27,3,696.70989
2011,03,27,4,696.1446
2011,03,27,5,695.36609
2011,03,27,6,694.6919
2011,03,27,7,693.69795
2011,03,28,0,692.73937
2011,03,28,1,691.92432
2011,03,28,2,691.36034
2011,03,28,3,690.6035
2011,03,28,4,689.67243
2011,03,28,5,688.78333
2011,03,28,6,689.02443
2011,03,28,7,689.41139
2011,03,29,0,689.39918
2011,03,29,1,689.57439
2011,03,29,2,690.13804
2011,03,29,3,690.43569
2011,03,29,4,690.70104
2011,03,29,5,690.42486
2011,03,29,6,690.38858
2011,03,29,7,690.25939
2011,03,30,0,690.2716
2011,03,30,1,689.95867
2011,03,30,2,689.59128
2011,03,30,3,689.05376
2011,03,30,4,688.2917
2011,03,30,5,687.12439
2011,03,30,6,686.72148
2011,03,30,7,686.20096
2011,03,1,0,685.33656
2011,03,1,1,684.54316
2011,03,1,2,684.17948
2011,03,1,3,683.42495
2011,03,1,4,682.92666
2011,03,1,5,683.28398
2011,03,1,6,683.73867
2011,03,1,7,684.07677
2011,03,2,0,684.70471
2011,03,2,1,684.94663
2011,03,2,2,685.01142
2011,03,2,3,685.0654
2011,03,2,4,685.63762
2011,03,2,5,686.22425
2011,03,2,6,686.7648
2011,03,2,7,687.26899
2011,03,3,0,687.94475
2011,03,3,1,688.22612
2011,03,3,2,688.61468
2011,03,3,3,688.91938
2011,03,3,4,689.01597
2011,03,3,5,689.04187
2011,03,3,6,689.43289
2011,03,3,7,689.9087
2011,03,4,0,690.24817
2011,03,4,1,690.47266
2011,03,4,2,690.86458
2011,03,4,3,691.11501
2011,03,4,4,691.21209
2011,03,4,5,690.90318
2011,03,4,6,691.12003
2011,03,4,7,691.69777
2011,03,5,0,691.98533
2011,03,5,1,691.7241
2011,03,5,2,691.85179
2011,03,5,3,691.81862
2011,03,5,4,691.69115
2011,03,5,5,691.34631
2011,03,5,6,691.16325
2011,03,5,7,690.84158
2011,03,6,0,690.45854
2011,03,6,1,689.76433
2011,03,6,2,689.11375
2011,03,6,3,688.57149
2011,03,6,4,688.30642
2011,03,6,5,687.98774
2011,03,6,6,688.08226
2011,03,6,7,688.24517
2011,03,7,0,688.24586
2011,03,7,1,688.24558
2011,03,7,2,688.58538
2011,03,7,3,688.59663
2011,03,7,4,688.5833
2011,03,7,5,688.40302
2011,03,7,6,688.72043
2011,03,7,7,689.02257
2011,03,8,0,688.69175
2011,03,8,1,688.26042
2011,03,8,2,688.3215
2011,03,8,3,687.81879
2011,03,8,4,687.31121
2011,03,8,5,686.79871
2011,03,8,6,686.51948
2011,03,8,7,686.2048
2011,03,9,0,685.76722
2011,03,9,1,685.15979
2011,03,9,2,684.73508
2011,03,9,3,684.28134
2011,03,9,4,683.12481
2011,03,9,5,682.02821
2011,03,9,6,681.80226
2011,03,9,7,682.03917
2011,03,10,0,682.29462
2011,03,10,1,682.4372
2011,03,10,2,682.83474
2011,03,10,3,683.28778
2011,03,10,4,683.47298
2011,03,10,5,683.59897
2011,03,10,6,684.07998
2011,03,10,7,684.55235
2011,03,11,0,684.91851
2011,03,11,1,685.16511
2011,03,11,2,685.41704
2011,03,11,3,685.79107
2011,03,11,4,686.42291
2011,03,11,5,686.72666
2011,03,11,6,687.3164
2011,03,11,7,688.17522
2011,03,12,0,688.69208
2011,03,12,1,688.99259
2011,03,12,2,689.67564
2011,03,12,3,689.70009
2011,03,12,4,689.72657
2011,03,12,5,689.57034
2011,03,12,6,689.54135
2011,03,12,7,689.49026
2011,03,13,0,689.23376
2011,03,13,1,688.32536
2011,03,13,2,687.70379
2011,03,13,3,687.11168
2011,03,13,4,686.63493
2011,03,13,5,686.40253
2011,03,13,6,686.12741
2011,03,13,7,685.84474
2011,03,14,0,685.6276
2011,03,14,1,685.24498
2011,03,14,2,685.30951
2011,03,14,3,685.32923
2011,03,14,4,685.63988
2011,03,14,5,685.93045
2011,03,14,6,686.38445
2011,03,14,7,687.04735
2011,03,15,0,687.9465
2011,03,15,1,688.73783
2011,03,15,2,689.47129
2011,03,15,3,690.04174
2011,03,15,4,690.64419
2011,03,15,5,691.05938
2011,03,15,6,691.78332
2011,03,15,7,692.27173
2011,03,16,0,692.56702
2011,03,16,1,692.47584
2011,03,16,2,692.73061
2011,03,16,3,692.57308
2011,03,16,4,691.5503
2011,03,16,5,690.85124
2011,03,16,6,690.37378
2011,03,16,7,690.12997
2011,03,17,0,690.5125
2011,03,17,1,690.90007
2011,03,17,2,691.83846
2011,03,17,3,692.54438
2011,03,17,4,693.55577
2011,03,17,5,694.11023
2011,03,17,6,694.58917
2011,03,17,7,695.09776
2011,03,18,0,694.95702
2011,03,18,1,693.83637
2011,03,18,2,692.64009
2011,03,18,3,691.25523
2011,03,18,4,690.10646
2011,03,18,5,689.43216
2011,03,18,6,689.31062
2011,03,18,7,689.83475
2011,03,19,0,691.4067
2011,03,19,1,692.73271
2011,03,19,2,694.24598
2011,03,19,3,695.61889
2011,03,19,4,696.15777
2011,03,19,5,695.48192
2011,03,19,6,693.79939
2011,03,19,7,692.57219
2011,03,20,0,692.163
2011,03,20,1,692.09294
2011,03,20,2,692.8102
2011,03,20,3,693.98818
2011,03,20,4,694.89611
2011,03,20,5,695.2754
2011,03,20,6,695.64424
2011,03,20,7,696.30194
2011,03,21,0,697.17389
2011,03,21,1,697.28379
2011,03,21,2,697.04748
2011,03,21,3,697.08537
2011,03,21,4,696.58938
2011,03,21,5,695.98246
2011,03,21,6,696.37188
2011,03,21,7,697.02929
2011,03,22,0,696.90669
2011,03,22,1,696.1376
2011,03,22,2,695.3035
2011,03,22,3,694.71497
2011,03,22,4,695.07763
2011,03,22,5,695.21055
2011,03,22,6,695.139
2011,03,22,7,695.58067
2011,03,23,0,695.82434
2011,03,23,1,695.93518
2011,03,23,2,696.63791
2011,03,23,3,697.13425
2011,03,23,4,697.43319
2011,03,23,5,697.90843
2011,03,23,6,698.50374
2011,03,23,7,699.38194
2011,03,24,0,699.12099
2011,03,24,1,698.15667
2011,03,24,2,698.15764
2011,03,24,3,698.22107
2011,03,24,4,698.06629
2011,03,24,5,697.68189
2011,03,24,6,697.98525
2011,03,24,7,698.35646
2011,03,25,0,698.37283
2011,03,25,1,697.95626
2011,03,25,2,697.49478
2011,03,25,3,696.90188
2011,03,25,4,695.71486
2011,03,25,5,694.6145
2011,03,25,6,694.24428
2011,03,25,7,694.0103
2011,03,26,0,693.87242
2011,03,26,1,694.19967
2011,03,26,2,694.84359
2011,03,26,3,695.51205
2011,03,26,4,696.06191
2011,03,26,5,696.36152
2011,03,26,6,696.72117
2011,03,26,7,696.72027
2011,03,27,0,696.85769
2011,03,27,1,696.70822
2011,03,27,2,696.08504
2011,03,27,3,695.32872
2011,03,27,4,695.48778
2011,03,27,5,695.63587
2011,03,27,6,695.40814
2011,03,27,7,695.30483
2011,03,28,0,695.31587
2011,03,28,1,694.76492
2011,03,28,2,694.50598
2011,03,28,3,694.11535
2011,03,28,4,693.46653
2011,03,28,5,692.52185
2011,03,28,6,691.64092
2011,03,28,7,690.92384
2011,03,29,0,690.45663
2011,03,29,1,690.2232
2011,03,29,2,690.3635
2011,03,29,3,690.63966
2011,03,29,4,690.78868
2011,03,29,5,691.14508
2011,03,29,6,691.97455
2011,03,29,7,692.74088
2011,03,30,0,693.63864
2011,03,30,1,694.27647
2011,03,30,2,694.23354
2011,03,30,3,693.89316
2011,03,30,4,693.89689
2011,03,30,5,693.43185
2011,03,30,6,693.2588
2011,03,30,7,692.79842
2011,03,31,0,692.4783
2011,03,31,1,692.19609
2011,03,31,2,692.48526
2011,03,31,3,692.6893
2011,03,31,4,692.67747
2011,03,31,5,693.00072
2011,03,31,6,693.4268
2011,03,31,7,693.82882
2012,03,1,0,693.93671
2012,03,1,1,694.17037
2012,03,1,2,695.10994
2012,03,1,3,695.93119
2012,03,1,4,696.89641
2012,03,1,5,697.69603
2012,03,1,6,698.48048
2012,03,1,7,699.00465
2012,03,2,0,699.66543
2012,03,2,1,699.88434
2012,03,2,2,699.72533
2012,03,2,3,699.44605
2012,03,2,4,699.05401
2012,03,2,5,698.66946
2012,03,2,6,697.93872
2012,03,2,7,697.25132
2012,03,3,0,696.65831
2012,03,3,1,695.77267
2012,03,3,2,695.00783
2012,03,3,3,694.0521
2012,03,3,4,693.13015
2012,03,3,5,692.34149
2012,03,3,6,692.23494
2012,03,3,7,692.37592
2012,03,4,0,692.57512
2012,03,4,1,692.69102
2012,03,4,2,692.74406
2012,03,4,3,692.89037
2012,03,4,4,692.56791
2012,03,4,5,692.27238
2012,03,4,6,692.35566
2012,03,4,7,692.23832
2012,03,5,0,692.12244
2012,03,5,1,691.6564
2012,03,5,2,691.80832
2012,03,5,3,692.03057
2012,03,5,4,691.56416
2012,03,5,5,691.01756
2012,03,5,6,690.72295
2012,03,5,7,690.7681
2012,03,6,0,690.30076
2012,03,6,1,689.53915
2012,03,6,2,689.12833
2012,03,6,3,688.8252
2012,03,6,4,688.49038
2012,03,6,5,688.06195
2012,03,6,6,688.17074
2012,03,6,7,688.62647
2012,03,7,0,688.98732
2012,03,7,1,689.09576
2012,03,7,2,689.52226
2012,03,7,3,690.24907
2012,03,7,4,690.31316
2012,03,7,5,690.55707
2012,03,7,6,690.75398
2012,03,7,7,691.1475
2012,03,8,0,691.30962
2012,03,8,1,691.1216
2012,03,8,2,691.28701
2012,03,8,3,691.4732
2012,03,8,4,691.47547
2012,03,8,5,691.4182
2012,03,8,6,691.0581
2012,03,8,7,690.91107
2012,03,9,0,691.25338
2012,03,9,1,691.37302
2012,03,9,2,690.73452
2012,03,9,3,690.04253
2012,03,9,4,689.42333
2012,03,9,5,688.92189
2012,03,9,6,689.2977
2012,03,9,7,689.64646
2012,03,10,0,689.61211
2012,03,10,1,689.66668
2012,03,10,2,690.2586
2012,03,10,3,691.19659
2012,03,10,4,691.61246
2012,03,10,5,692.10623
2012,03,10,6,692.72682
2012,03,10,7,693.23869
2012,03,11,0,693.73685
2012,03,11,1,693.85006
2012,03,11,2,694.01284
2012,03,11,3,694.0898
2012,03,11,4,693.65441
2012,03,11,5,692.92719
2012,03,11,6,692.07995
2012,03,11,7,691.45892
2012,03,12,0,691.17281
2012,03,12,1,691.2327
2012,03,12,2,690.65075
2012,03,12,3,690.30589
2012,03,12,4,690.16027
2012,03,12,5,690.13951
2012,03,12,6,690.36773
2012,03,12,7,690.70869
2012,03,13,0,691.41067
2012,03,13,1,691.62067
2012,03,13,2,691.51623
2012,03,13,3,691.58005
2012,03,13,4,691.27625
2012,03,13,5,691.06982
2012,03,13,6,690.59777
2012,03,13,7,690.6221
2012,03,14,0,691.02694
2012,03,14,1,691.10397
2012,03,14,2,691.18047
2012,03,14,3,691.23008
2012,03,14,4,690.98807
2012,03,14,5,690.555
2012,03,14,6,690.30233
2012,03,14,7,690.45686
2012,03,15,0,690.70898
2012,03,15,1,690.65781
2012,03,15,2,691.07063
2012,03,15,3,691.76346
2012,03,15,4,691.84786
2012,03,15,5,691.46793
2012,03,15,6,691.75371
2012,03,15,7,692.14463
2012,03,16,0,691.58996
2012,03,16,1,690.84161
2012,03,16,2,690.43411
2012,03,16,3,689.94935
2012,03,16,4,689.72
2012,03,16,5,689.49919
2012,03,16,6,689.57759
2012,03,16,7,689.67204
2012,03,17,0,689.28245
2012,03,17,1,688.82151
2012,03,17,2,688.78777
2012,03,17,3,688.77124
2012,03,17,4,688.73574
2012,03,17,5,688.90014
2012,03,17,6,689.26274
2012,03,17,7,689.84484
2012,03,18,0,690.41
2012,03,18,1,690.65945
2012,03,18,2,690.91497
2012,03,18,3,691.15295
2012,03,18,4,691.6769
2012,03,18,5,692.10708
2012,03,18,6,692.60677
2012,03,18,7,693.00155
2012,03,19,0,693.09037
2012,03,19,1,692.7147
2012,03,19,2,693.23329
2012,03,19,3,693.6048
2012,03,19,4,693.17465
2012,03,19,5,692.72702
2012,03,19,6,692.98306
2012,03,19,7,693.18863
2012,03,20,0,692.5277
2012,03,20,1,691.59243
2012,03,20,2,691.47998
2012,03,20,3,691.1977
2012,03,20,4,690.95181
2012,03,20,5,690.46808
2012,03,20,6,690.00467
2012,03,20,7,689.50756
2012,03,21,0,688.99778
2012,03,21,1,688.44802
2012,03,21,2,688.38019
2012,03,21,3,688.34401
2012,03,21,4,688.12042
2012,03,21,5,688.15309
2012,03,21,6,688.38861
2012,03,21,7,688.6168
2012,03,22,0,688.36167
2012,03,22,1,687.73796
2012,03,22,2,687.34769
2012,03,22,3,686.79094
2012,03,22,4,686.0522
2012,03,22,5,685.29789
2012,03,22,6,684.89464
2012,03,22,7,684.55324
2012,03,23,0,683.84503
2012,03,23,1,683.09354
2012,03,23,2,682.80017
2012,03,23,3,682.48602
2012,03,23,4,682.40751
2012,03,23,5,682.31892
2012,03,23,6,683.10601
2012,03,23,7,684.30592
2012,03,24,0,685.4212
2012,03,24,1,686.10962
2012,03,24,2,686.55889
2012,03,24,3,687.40029
2012,03,24,4,688.05657
2012,03,24,5,688.28424
2012,03,24,6,688.81102
2012,03,24,7,689.68735
2012,03,25,0,690.06377
2012,03,25,1,689.82181
2012,03,25,2,690.04663
2012,03,25,3,690.52959
2012,03,25,4,691.27256
2012,03,25,5,691.58794
2012,03,25,6,692.01651
2012,03,25,7,692.6965
2012,03,26,0,692.66275
2012,03,26,1,692.21323
2012,03,26,2,691.77325
2012,03,26,3,691.19964
2012,03,26,4,690.63374
2012,03,26,5,689.97805
2012,03,26,6,689.98176
2012,03,26,7,689.89949
2012,03,27,0,689.72942
2012,03,27,1,689.49483
2012,03,27,2,689.52238
2012,03,27,3,689.66104
2012,03,27,4,689.98035
2012,03,27,5,690.29521
2012,03,27,6,690.26758
2012,03,27,7,690.31639
2012,03,28,0,690.12836
2012,03,28,1,689.50906
2012,03,28,2,689.40262
2012,03,28,3,689.13483
2012,03,28,4,688.96503
2012,03,28,5,688.51311
2012,03,28,6,687.913
2012,03,28,7,687.21622
2012,03,29,0,686.40013
2012,03,29,1,685.10489
2012,03,29,2,684.46872
2012,03,29,3,684.30736
2012,03,29,4,684.09208
2012,03,29,5,684.09214
2012,03,29,6,684.34261
2012,03,29,7,684.64475
2012,03,30,0,685.09862
2012,03,30,1,685.2041
2012,03,30,2,685.57207
2012,03,30,3,685.78385
2012,03,30,4,686.15498
2012,03,30,5,686.12329
2012,03,30,6,685.86483
2012,03,30,7,685.7392
2012,03,31,0,685.40291
2012,03,31,1,685.01932
2012,03,31,2,684.64901
2012,03,31,3,684.30586
2012,03,31,4,684.30528
2012,03,31,5,684.30823
2012,03,31,6,684.69348
2012,03,31,7,685.31619
2012,03,1,0,685.63109
2012,03,1,1,686.20721
2012,03,1,2,686.90494
2012,03,1,3,687.5323
2012,03,1,4,687.92546
2012,03,1,5,688.42698
2012,03,1,6,688.97783
2012,03,1,7,689.34362
2012,03,2,0,689.53057
2012,03,2,1,689.28133
2012,03,2,2,688.58285
2012,03,2,3,687.74779
2012,03,2,4,687.19216
2012,03,2,5,686.72311
2012,03,2,6,686.28078
2012,03,2,7,685.90166
2012,03,3,0,685.58335
2012,03,3,1,684.99895
2012,03,3,2,684.63237
2012,03,3,3,684.58981
2012,03,3,4,684.59363
2012,03,3,5,684.36475
2012,03,3,6,684.89067
2012,03,3,7,685.32143
2012,03,4,0,685.48785
2012,03,4,1,685.84561
2012,03,4,2,685.94518
2012,03,4,3,686.38234
2012,03,4,4,687.44694
2012,03,4,5,688.09524
2012,03,4,6,688.90438
2012,03,4,7,689.77277
2012,03,5,0,690.52912
2012,03,5,1,690.71883
2012,03,5,2,691.01913
2012,03,5,3,691.53024
2012,03,5,4,692.67262
2012,03,5,5,693.36263
2012,03,5,6,694.0637
2012,03,5,7,695.15717
2012,03,6,0,696.17102
2012,03,6,1,696.64281
2012,03,6,2,697.15553
2012,03,6,3,697.74681
2012,03,6,4,698.16325
2012,03,6,5,698.22494
2012,03,6,6,698.81088
2012,03,6,7,699.68081
2012,03,7,0,700.45215
2012,03,7,1,700.91292
2012,03,7,2,701.19198
2012,03,7,3,701.59807
2012,03,7,4,701.45131
2012,03,7,5,701.20587
2012,03,7,6,701.12127
2012,03,7,7,701.36642
2012,03,8,0,701.4444
2012,03,8,1,701.06484
2012,03,8,2,701.2635
2012,03,8,3,701.21779
2012,03,8,4,700.95478
2012,03,8,5,700.67022
2012,03,8,6,700.97212
2012,03,8,7,701.28458
2012,03,9,0,700.66764
2012,03,9,1,700.1998
2012,03,9,2,700.53947
2012,03,9,3,701.00303
2012,03,9,4,700.84092
2012,03,9,5,700.04739
2012,03,9,6,699.46676
2012,03,9,7,698.81441
2012,03,10,0,698.01922
2012,03,10,1,696.78545
2012,03,10,2,695.45075
2012,03,10,3,693.9209
2012,03,10,4,692.45268
2012,03,10,5,690.85788
2012,03,10,6,689.23241
2012,03,10,7,687.92384
2012,03,11,0,687.28413
2012,03,11,1,686.6735
2012,03,11,2,686.37163
2012,03,11,3,686.61167
2012,03,11,4,687.0828
2012,03,11,5,687.68392
2012,03,11,6,688.85465
2012,03,11,7,690.00165
2012,03,12,0,691.19533
2012,03,12,1,692.50572
2012,03,12,2,694.09594
2012,03,12,3,695.44155
2012,03,12,4,696.74933
2012,03,12,5,697.80557
2012,03,12,6,698.3445
2012,03,12,7,698.41761
2012,03,13,0,698.97694
2012,03,13,1,699.01508
2012,03,13,2,698.93671
2012,03,13,3,698.99707
2012,03,13,4,698.53093
2012,03,13,5,697.74396
2012,03,13,6,697.42074
2012,03,13,7,697.15394
2012,03,14,0,696.95779
2012,03,14,1,696.62423
2012,03,14,2,696.73681
2012,03,14,3,696.83142
2012,03,14,4,696.73368
2012,03,14,5,696.20975
2012,03,14,6,696.22363
2012,03,14,7,696.20175
2012,03,15,0,695.88483
2012,03,15,1,695.41979
2012,03,15,2,694.65358
2012,03,15,3,693.83828
2012,03,15,4,693.16095
2012,03,15,5,692.52934
2012,03,15,6,691.8811
2012,03,15,7,691.54494
2012,03,16,0,691.68202
2012,03,16,1,691.86105
2012,03,16,2,692.09275
2012,03,16,3,692.23986
2012,03,16,4,692.96751
2012,03,16,5,693.60691
2012,03,16,6,694.72784
2012,03,16,7,696.07448
2012,03,17,0,696.96842
2012,03,17,1,697.97927
2012,03,17,2,698.9411
2012,03,17,3,699.90542
2012,03,17,4,700.93612
2012,03,17,5,701.95207
2012,03,17,6,702.5185
2012,03,17,7,702.98438
2012,03,18,0,703.26358
2012,03,18,1,703.29259
2012,03,18,2,703.93857
2012,03,18,3,705.04485
2012,03,18,4,705.65422
2012,03,18,5,705.89279
2012,03,18,6,706.51854
2012,03,18,7,707.27285
2012,03,19,0,707.49749
2012,03,19,1,707.46968
2012,03,19,2,706.91487
2012,03,19,3,706.05487
2012,03,19,4,705.54514
2012,03,19,5,705.07136
2012,03,19,6,704.32248
2012,03,19,7,703.28738
2012,03,20,0,701.8303
2012,03,20,1,700.44671
2012,03,20,2,698.76942
2012,03,20,3,696.60502
2012,03,20,4,695.04057
2012,03,20,5,693.58518
2012,03,20,6,691.88468
2012,03,20,7,690.5304
2012,03,21,0,689.99596
2012,03,21,1,689.90028
2012,03,21,2,690.22581
2012,03,21,3,690.88086
2012,03,21,4,691.61509
2012,03,21,5,692.29837
2012,03,21,6,693.18707
2012,03,21,7,693.89044
2012,03,22,0,694.2489
2012,03,22,1,694.21218
2012,03,22,2,693.98959
2012,03,22,3,693.7792
2012,03,22,4,693.44768
2012,03,22,5,693.09789
2012,03,22,6,692.66083
2012,03,22,7,692.21705
2012,03,23,0,692.008
2012,03,23,1,691.20564
2012,03,23,2,690.32648
2012,03,23,3,689.64965
2012,03,23,4,688.62378
2012,03,23,5,687.69999
2012,03,23,6,687.86741
2012,03,23,7,688.43818
2012,03,24,0,688.49364
2012,03,24,1,688.68478
2012,03,24,2,689.22955
2012,03,24,3,690.01934
2012,03,24,4,690.95291
2012,03,24,5,691.56176
2012,03,24,6,691.96147
2012,03,24,7,692.54913
2012,03,25,0,692.65812
2012,03,25,1,692.49429
2012,03,25,2,692.98434
2012,03,25,3,693.35653
2012,03,25,4,693.64163
2012,03,25,5,693.66858
2012,03,25,6,694.02874
2012,03,25,7,694.37912
2012,03,26,0,694.27653
2012,03,26,1,693.9823
2012,03,26,2,693.86627
2012,03,26,3,693.34192
2012,03,26,4,692.80036
2012,03,26,5,692.22627
2012,03,26,6,691.47224
2012,03,26,7,690.32732
2012,03,27,0,688.98638
2012,03,27,1,688.04456
2012,03,27,2,688.57944
2012,03,27,3,689.71925
2012,03,27,4,690.36581
2012,03,27,5,690.53712
2012,03,27,6,691.66201
2012,03,27,7,692.63355
2012,03,28,0,692.82324
2012,03,28,1,692.12808
2012,03,28,2,691.55073
2012,03,28,3,691.53266
2012,03,28,4,690.20797
2012,03,28,5,689.05293
2012,03,28,6,689.47851
2012,03,28,7,689.92678
2012,03,29,0,690.08077
2012,03,29,1,690.2047
2012,03,29,2,690.94464
2012,03,29,3,691.66558
2012,03,29,4,692.46368
2012,03,29,5,692.88471
2012,03,29,6,693.18944
2012,03,29,7,693.34671
2012,03,1,0,694.19177
2012,03,1,1,694.86149
2012,03,1,2,695.16954
2012,03,1,3,695.27884
2012,03,1,4,694.5367
2012,03,1,5,693.56779
2012,03,1,6,692.9181
2012,03,1,7,692.58604
2012,03,2,0,692.64268
2012,03,2,1,692.21107
2012,03,2,2,691.81336
2012,03,2,3,691.87153
2012,03,2,4,691.61974
2012,03,2,5,691.25091
2012,03,2,6,690.98358
2012,03,2,7,690.78801
2012,03,3,0,691.12832
2012,03,3,1,691.28377
2012,03,3,2,691.2573
2012,03,3,3,691.87174
2012,03,3,4,692.38949
2012,03,3,5,692.4904
2012,03,3,6,693.41803
2012,03,3,7,694.50294
2012,03,4,0,694.34094
2012,03,4,1,693.92892
2012,03,4,2,694.35344
2012,03,4,3,694.93542
2012,03,4,4,695.65376
2012,03,4,5,695.63129
2012,03,4,6,695.53515
2012,03,4,7,695.72975
2012,03,5,0,695.62532
2012,03,5,1,695.07684
2012,03,5,2,694.33934
2012,03,5,3,694.18587
2012,03,5,4,694.26173
2012,03,5,5,694.02632
2012,03,5,6,693.56236
2012,03,5,7,693.30079
2012,03,6,0,693.32484
2012,03,6,1,693.06739
2012,03,6,2,692.12199
2012,03,6,3,691.39525
2012,03,6,4,690.82002
2012,03,6,5,690.20215
2012,03,6,6,689.743
2012,03,6,7,689.44077
2012,03,7,0,689.14133
2012,03,7,1,688.61815
2012,03,7,2,688.3358
2012,03,7,3,688.17415
2012,03,7,4,688.48326
2012,03,7,5,688.76829
2012,03,7,6,688.40463
2012,03,7,7,688.33955
2012,03,8,0,687.80529
2012,03,8,1,687.1691
2012,03,8,2,687.94923
2012,03,8,3,688.82499
2012,03,8,4,689.70484
2012,03,8,5,690.71696
2012,03,8,6,691.31791
2012,03,8,7,691.93336
2012,03,9,0,692.57871
2012,03,9,1,693.1396
2012,03,9,2,693.44991
2012,03,9,3,693.92169
2012,03,9,4,694.5436
2012,03,9,5,694.82657
2012,03,9,6,695.38008
2012,03,9,7,695.91096
2012,03,10,0,695.75734
2012,03,10,1,695.34327
2012,03,10,2,695.45108
2012,03,10,3,695.44757
2012,03,10,4,695.38564
2012,03,10,5,695.03508
2012,03,10,6,694.85164
2012,03,10,7,694.78586
2012,03,11,0,694.37505
2012,03,11,1,694.11422
2012,03,11,2,694.0832
2012,03,11,3,694.0443
2012,03,11,4,693.72122
2012,03,11,5,693.52773
2012,03,11,6,692.99664
2012,03,11,7,692.43702
2012,03,12,0,691.96897
2012,03,12,1,691.60625
2012,03,12,2,691.16048
2012,03,12,3,690.86183
2012,03,12,4,691.03629
2012,03,12,5,691.20944
2012,03,12,6,691.67478
2012,03,12,7,691.81819
2012,03,13,0,691.80483
2012,03,13,1,691.70601
2012,03,13,2,691.08993
2012,03,13,3,690.37024
2012,03,13,4,689.96749
2012,03,13,5,689.40516
2012,03,13,6,688.86845
2012,03,13,7,688.74879
2012,03,14,0,688.72043
2012,03,14,1,688.54217
2012,03,14,2,688.53545
2012,03,14,3,688.71895
2012,03,14,4,688.55231
2012,03,14,5,687.84777
2012,03,14,6,686.8803
2012,03,14,7,685.8078
2012,03,15,0,684.63713
2012,03,15,1,683.66901
2012,03,15,2,683.06595
2012,03,15,3,682.73534
2012,03,15,4,682.94268
2012,03,15,5,683.28469
2012,03,15,6,683.50586
2012,03,15,7,683.77
2012,03,16,0,684.30634
2012,03,16,1,684.70384
2012,03,16,2,685.40676
2012,03,16,3,686.2532
2012,03,16,4,687.06501
2012,03,16,5,687.48964
2012,03,16,6,687.57099
2012,03,16,7,688.1027
2012,03,17,0,688.80509
2012,03,17,1,688.99635
2012,03,17,2,689.23296
2012,03,17,3,689.80311
2012,03,17,4,689.93428
2012,03,17,5,689.74639
2012,03,17,6,690.05783
2012,03,17,7,690.62765
2012,03,18,0,690.62136
2012,03,18,1,690.75145
2012,03,18,2,690.71022
2012,03,18,3,690.79069
2012,03,18,4,690.65652
2012,03,18,5,690.44371
2012,03,18,6,690.11318
2012,03,18,7,689.72508
2012,03,19,0,689.83778
2012,03,19,1,689.38138
2012,03,19,2,688.67997
2012,03,19,3,688.77392
2012,03,19,4,688.51512
2012,03,19,5,688.08351
2012,03,19,6,687.49163
2012,03,19,7,686.88933
2012,03,20,0,686.08472
2012,03,20,1,685.90721
2012,03,20,2,687.00892
2012,03,20,3,688.33543
2012,03,20,4,689.84208
2012,03,20,5,691.58769
2012,03,20,6,692.70137
2012,03,20,7,694.04915
2012,03,21,0,694.79168
2012,03,21,1,695.27167
2012,03,21,2,696.34316
2012,03,21,3,697.12048
2012,03,21,4,698.03782
2012,03,21,5,699.40932
2012,03,21,6,700.56172
2012,03,21,7,701.09543
2012,03,22,0,701.18324
2012,03,22,1,701.00972
2012,03,22,2,701.16792
2012,03,22,3,701.40173
2012,03,22,4,701.90091
2012,03,22,5,701.95749
2012,03,22,6,701.47764
2012,03,22,7,700.81294
2012,03,23,0,700.22691
2012,03,23,1,698.88462
2012,03,23,2,697.53625
2012,03,23,3,696.52208
2012,03,23,4,695.65359
2012,03,23,5,694.51661
2012,03,23,6,693.71313
2012,03,23,7,693.30867
2012,03,24,0,692.48533
2012,03,24,1,691.22361
2012,03,24,2,690.7201
2012,03,24,3,690.68594
2012,03,24,4,690.53823
2012,03,24,5,690.1811
2012,03,24,6,689.70511
2012,03,24,7,689.47678
2012,03,25,0,689.1285
2012,03,25,1,688.85725
2012,03,25,2,689.2787
2012,03,25,3,689.42076
2012,03,25,4,689.50185
2012,03,25,5,689.57638
2012,03,25,6,689.76416
2012,03,25,7,689.93976
2012,03,26,0,689.55871
2012,03,26,1,689.1334
2012,03,26,2,689.28659
2012,03,26,3,689.26626
2012,03,26,4,688.75996
2012,03,26,5,688.03793
2012,03,26,6,687.23075
2012,03,26,7,686.67073
2012,03,27,0,686.00332
2012,03,27,1,685.32313
2012,03,27,2,685.21924
2012,03,27,3,685.21163
2012,03,27,4,684.5237
2012,03,27,5,684.0452
2012,03,27,6,684.3873
2012,03,27,7,685.10811
2012,03,28,0,685.34236
2012,03,28,1,685.50878
2012,03,28,2,686.18347
2012,03,28,3,686.7231
2012,03,28,4,686.66048
2012,03,28,5,686.74408
2012,03,28,6,686.99199
2012,03,28,7,687.24074
2012,03,29,0,687.08947
2012,03,29,1,686.87713
2012,03,29,2,686.92916
2012,03,29,3,687.24608
2012,03,29,4,687.26575
2012,03,29,5,687.06676
2012,03,29,6,687.29698
2012,03,29,7,687.40554
2012,03,30,0,687.36728
2012,03,30,1,687.61031
2012,03,30,2,687.8922
2012,03,30,3,688.36403
2012,03,30,4,688.92556
2012,03,30,5,689.57939
2012,03,30,6,690.838
2012,03,30,7,691.96811
2012,03,31,0,692.33181
2012,03,31,1,692.71694
2012,03,31,2,693.50976
2012,03,31,3,694.31932
2012,03,31,4,694.73481
2012,03,31,5,694.64694
2012,03,31,6,694.64868
2012,03,31,7,694.83002
2012,03,1,0,694.61339
2012,03,1,1,693.89973
2012,03,1,2,693.25167
2012,03,1,3,692.95461
2012,03,1,4,692.23615
2012,03,1,5,691.47122
2012,03,1,6,691.41962
2012,03,1,7,691.54338
2012,03,2,0,691.56289
2012,03,2,1,691.38587
2012,03,2,2,691.9719
2012,03,2,3,692.55284
2012,03,2,4,692.40808
2012,03,2,5,692.10376
2012,03,2,6,692.06779
2012,03,2,7,692.20108
2012,03,3,0,692.54709
2012,03,3,1,692.66312
2012,03,3,2,693.02292
2012,03,3,3,693.28385
2012,03,3,4,693.37976
2012,03,3,5,693.09936
2012,03,3,6,692.45534
2012,03,3,7,691.9424
2012,03,4,0,691.17116
2012,03,4,1,690.15256
2012,03,4,2,689.32032
2012,03,4,3,688.62512
2012,03,4,4,687.81251
2012,03,4,5,687.17754
2012,03,4,6,686.78987
2012,03,4,7,686.37586
2012,03,5,0,686.51269
2012,03,5,1,686.54298
2012,03,5,2,686.65544
2012,03,5,3,686.82568
2012,03,5,4,686.01362
2012,03,5,5,685.1381
2012,03,5,6,684.73912
2012,03,5,7,684.05564
2012,03,6,0,683.30243
2012,03,6,1,683.05684
2012,03,6,2,683.07757
2012,03,6,3,683.13601
2012,03,6,4,683.31604
2012,03,6,5,683.57989
2012,03,6,6,683.81922
2012,03,6,7,684.28671
2012,03,7,0,685.03682
2012,03,7,1,685.65927
2012,03,7,2,687.14189
2012,03,7,3,688.73629
2012,03,7,4,689.46787
2012,03,7,5,690.22246
2012,03,7,6,691.47579
2012,03,7,7,692.34759
2012,03,8,0,692.84602
2012,03,8,1,693.22852
2012,03,8,2,693.89246
2012,03,8,3,694.42394
2012,03,8,4,694.49201
2012,03,8,5,694.51674
2012,03,8,6,694.47444
2012,03,8,7,694.09498
2012,03,9,0,693.30443
2012,03,9,1,692.26591
2012,03,9,2,691.46321
2012,03,9,3,690.54123
2012,03,9,4,689.18291
2012,03,9,5,687.98361
2012,03,9,6,686.9152
2012,03,9,7,686.17973
2012,03,10,0,685.33136
2012,03,10,1,684.42852
2012,03,10,2,684.29633
2012,03,10,3,684.55958
2012,03,10,4,684.36302
2012,03,10,5,684.05787
2012,03,10,6,684.33562
2012,03,10,7,684.25069
2012,03,11,0,684.28085
2012,03,11,1,684.56813
2012,03,11,2,684.37319
2012,03,11,3,684.24375
2012,03,11,4,684.23273
2012,03,11,5,684.26416
2012,03,11,6,684.05993
2012,03,11,7,683.78254
2012,03,12,0,683.32716
2012,03,12,1,682.64028
2012,03,12,2,682.73963
2012,03,12,3,683.13956
2012,03,12,4,682.59616
2012,03,12,5,681.79323
2012,03,12,6,681.71959
2012,03,12,7,681.7607
2012,03,13,0,681.29754
2012,03,13,1,680.64265
2012,03,13,2,680.82913
2012,03,13,3,681.42954
2012,03,13,4,681.29298
2012,03,13,5,680.97225
2012,03,13,6,681.37584
2012,03,13,7,681.72159
2012,03,14,0,681.93446
2012,03,14,1,682.32403
2012,03,14,2,683.14103
2012,03,14,3,683.65324
2012,03,14,4,684.15476
2012,03,14,5,684.52177
2012,03,14,6,684.75111
2012,03,14,7,685.20669
2012,03,15,0,685.94036
2012,03,15,1,686.47753
2012,03,15,2,686.97333
2012,03,15,3,687.86138
2012,03,15,4,688.42969
2012,03,15,5,689.07597
2012,03,15,6,690.46533
2012,03,15,7,691.05759
2012,03,16,0,691.52238
2012,03,16,1,691.4952
2012,03,16,2,691.07599
2012,03,16,3,690.60413
2012,03,16,4,690.49075
2012,03,16,5,690.14287
2012,03,16,6,690.14023
2012,03,16,7,690.2402
2012,03,17,0,690.35565
2012,03,17,1,690.19307
2012,03,17,2,690.00854
2012,03,17,3,689.92465
2012,03,17,4,689.63406
2012,03,17,5,689.13905
2012,03,17,6,688.85522
2012,03,17,7,688.55015
2012,03,18,0,687.95781
2012,03,18,1,687.32678
2012,03,18,2,686.96402
2012,03,18,3,686.87904
2012,03,18,4,686.70549
2012,03,18,5,686.66401
2012,03,18,6,686.45981
2012,03,18,7,686.47943
2012,03,19,0,686.70165
2012,03,19,1,686.44232
2012,03,19,2,686.59564
2012,03,19,3,686.93789
2012,03,19,4,687.10244
2012,03,19,5,686.96139
2012,03,19,6,686.77743
2012,03,19,7,686.71003
2012,03,20,0,687.02847
2012,03,20,1,687.21652
2012,03,20,2,686.91077
2012,03,20,3,686.93625
2012,03,20,4,687.24647
2012,03,20,5,687.33028
2012,03,20,6,687.72005
2012,03,20,7,688.09158
2012,03,21,0,688.18996
2012,03,21,1,688.16302
2012,03,21,2,688.4912
2012,03,21,3,688.89469
2012,03,21,4,688.87607
2012,03,21,5,688.36103
2012,03,21,6,687.29764
2012,03,21,7,686.14427
2012,03,22,0,685.62575
2012,03,22,1,685.47592
2012,03,22,2,685.85657
2012,03,22,3,686.87123
2012,03,22,4,687.98898
2012,03,22,5,688.92443
2012,03,22,6,690.04374
2012,03,22,7,690.95273
2012,03,23,0,691.42213
2012,03,23,1,690.98209
2012,03,23,2,690.86434
2012,03,23,3,690.51494
2012,03,23,4,690.03023
2012,03,23,5,689.22644
2012,03,23,6,688.62617
2012,03,23,7,687.89647
2012,03,24,0,687.51912
2012,03,24,1,687.15865
2012,03,24,2,687.18383
2012,03,24,3,686.92334
2012,03,24,4,687.49432
2012,03,24,5,687.84181
2012,03,24,6,687.7855
2012,03,24,7,688.18714
2012,03,25,0,688.28156
2012,03,25,1,687.65542
2012,03,25,2,687.88949
2012,03,25,3,687.95617
2012,03,25,4,688.48724
2012,03,25,5,688.8251
2012,03,25,6,688.89602
2012,03,25,7,688.8023
2012,03,26,0,688.75649
2012,03,26,1,688.78964
2012,03,26,2,689.21226
2012,03,26,3,690.08425
2012,03,26,4,690.58841
2012,03,26,5,691.11723
2012,03,26,6,691.4279
2012,03,26,7,691.2845
2012,03,27,0,691.26229
2012,03,27,1,690.85462
2012,03,27,2,690.70005
2012,03,27,3,690.83617
2012,03,27,4,690.81899
2012,03,27,5,690.76292
2012,03,27,6,690.72625
2012,03,27,7,690.55479
2012,03,28,0,690.1507
2012,03,28,1,689.44672
2012,03,28,2,689.07393
2012,03,28,3,688.57596
2012,03,28,4,687.96483
2012,03,28,5,687.27738
2012,03,28,6,686.60311
2012,03,28,7,686.39341
2012,03,29,0,685.82663
2012,03,29,1,685.09788
2012,03,29,2,685.07378
2012,03,29,3,685.0292
2012,03,29,4,685.80932
2012,03,29,5,686.42464
2012,03,29,6,686.16561
2012,03,29,7,686.21966
2012,03,30,0,686.5164
2012,03,30,1,686.42134
2012,03,30,2,686.74508
2012,03,30,3,686.88533
2012,03,30,4,686.93452
2012,03,30,5,686.68398
2012,03,30,6,686.6523
2012,03,30,7,686.59073
2012,03,1,0,686.47691
2012,03,1,1,686.10048
2012,03,1,2,685.70332
2012,03,1,3,685.47901
2012,03,1,4,684.73711
2012,03,1,5,683.69359
2012,03,1,6,683.03947
2012,03,1,7,682.38269
2012,03,2,0,681.69167
2012,03,2,1,681.08457
2012,03,2,2,681.13276
2012,03,2,3,681.39282
2012,03,2,4,681.2484
2012,03,2,5,680.97691
2012,03,2,6,681.11446
2012,03,2,7,681.39788
2012,03,3,0,681.37137
2012,03,3,1,681.2406
2012,03,3,2,681.27613
2012,03,3,3,681.53649
2012,03,3,4,682.00378
2012,03,3,5,682.34674
2012,03,3,6,682.95351
2012,03,3,7,683.77565
2012,03,4,0,684.41314
2012,03,4,1,684.7337
2012,03,4,2,684.70808
2012,03,4,3,684.93649
2012,03,4,4,685.2718
2012,03,4,5,685.86009
2012,03,4,6,685.95258
2012,03,4,7,685.74065
2012,03,5,0,685.63963
2012,03,5,1,685.73749
2012,03,5,2,686.28986
2012,03,5,3,686.531
2012,03,5,4,686.49652
2012,03,5,5,686.65471
2012,03,5,6,686.92648
2012,03,5,7,686.97871
2012,03,6,0,687.51088
2012,03,6,1,687.97244
2012,03,6,2,687.98307
2012,03,6,3,688.35562
2012,03,6,4,688.67618
2012,03,6,5,689.76694
2012,03,6,6,690.1954
2012,03,6,7,690.67926
2012,03,7,0,691.52406
2012,03,7,1,692.51585
2012,03,7,2,693.79056
2012,03,7,3,694.91081
2012,03,7,4,696.07395
2012,03,7,5,697.49806
2012,03,7,6,698.99837
2012,03,7,7,700.09857
2012,03,8,0,700.75628
2012,03,8,1,701.41959
2012,03,8,2,702.79805
2012,03,8,3,703.48918
2012,03,8,4,703.91203
2012,03,8,5,704.0091
2012,03,8,6,703.62523
2012,03,8,7,703.22419
2012,03,9,0,703.23266
2012,03,9,1,703.16322
2012,03,9,2,702.97563
2012,03,9,3,702.86751
2012,03,9,4,702.3247
2012,03,9,5,701.92763
2012,03,9,6,701.04738
2012,03,9,7,700.92428
2012,03,10,0,700.57672
2012,03,10,1,700.5714
2012,03,10,2,701.12199
2012,03,10,3,701.70156
2012,03,10,4,702.50331
2012,03,10,5,703.08782
2012,03,10,6,702.80452
2012,03,10,7,702.01049
2012,03,11,0,701.2168
2012,03,11,1,700.9276
2012,03,11,2,700.45246
2012,03,11,3,699.5174
2012,03,11,4,698.3093
2012,03,11,5,696.74388
2012,03,11,6,694.56097
2012,03,11,7,692.90302
2012,03,12,0,692.34323
2012,03,12,1,691.82229
2012,03,12,2,691.57641
2012,03,12,3,691.57539
2012,03,12,4,691.5663
2012,03,12,5,691.72477
2012,03,12,6,691.7131
2012,03,12,7,692.28907
2012,03,13,0,691.58077
2012,03,13,1,691.63029
2012,03,13,2,692.71667
2012,03,13,3,694.11462
2012,03,13,4,695.97584
2012,03,13,5,697.43009
2012,03,13,6,698.70261
2012,03,13,7,699.72248
2012,03,14,0,700.71624
2012,03,14,1,701.08
2012,03,14,2,701.63118
2012,03,14,3,701.68788
2012,03,14,4,701.26941
2012,03,14,5,700.99163
2012,03,14,6,700.44069
2012,03,14,7,699.75435
2012,03,15,0,698.98655
2012,03,15,1,698.13412
2012,03,15,2,697.62107
2012,03,15,3,697.17573
2012,03,15,4,696.59599
2012,03,15,5,695.70106
2012,03,15,6,694.79001
2012,03,15,7,694.36866
2012,03,16,0,694.22228
2012,03,16,1,693.77326
2012,03,16,2,693.84287
2012,03,16,3,694.05231
2012,03,16,4,693.97488
2012,03,16,5,694.46248
2012,03,16,6,694.78358
2012,03,16,7,694.59587
2012,03,17,0,693.9229
2012,03,17,1,692.89577
2012,03,17,2,692.65108
2012,03,17,3,692.32289
2012,03,17,4,691.45645
2012,03,17,5,690.29987
2012,03,17,6,689.40847
2012,03,17,7,688.62794
2012,03,18,0,687.56949
2012,03,18,1,686.68659
2012,03,18,2,685.56651
2012,03,18,3,684.53162
2012,03,18,4,683.71299
2012,03,18,5,682.84562
2012,03,18,6,682.2927
2012,03,18,7,681.78693
2012,03,19,0,681.27228
2012,03,19,1,680.83128
2012,03,19,2,680.60234
2012,03,19,3,680.28736
2012,03,19,4,680.50564
2012,03,19,5,681.09738
2012,03,19,6,681.61609
2012,03,19,7,682.39522
2012,03,20,0,683.70169
2012,03,20,1,684.9959
2012,03,20,2,686.02534
2012,03,20,3,686.88001
2012,03,20,4,687.11966
2012,03,20,5,687.95675
2012,03,20,6,688.80825
2012,03,20,7,689.03477
2012,03,21,0,690.06285
2012,03,21,1,690.89238
2012,03,21,2,691.39168
2012,03,21,3,691.77058
2012,03,21,4,692.23886
2012,03,21,5,691.85438
2012,03,21,6,691.47099
2012,03,21,7,691.0403
2012,03,22,0,690.71935
2012,03,22,1,690.41644
2012,03,22,2,689.54586
2012,03,22,3,688.43758
2012,03,22,4,687.09432
2012,03,22,5,685.90447
2012,03,22,6,684.69368
2012,03,22,7,683.40354
2012,03,23,0,682.83124
2012,03,23,1,681.94004
2012,03,23,2,680.7461
2012,03,23,3,679.80465
2012,03,23,4,678.12881
2012,03,23,5,676.46968
2012,03,23,6,675.74908
2012,03,23,7,675.44562
2012,03,24,0,675.29564
2012,03,24,1,675.28149
2012,03,24,2,675.6954
2012,03,24,3,676.03603
2012,03,24,4,676.21014
2012,03,24,5,676.40977
2012,03,24,6,677.21676
2012,03,24,7,678.05895
2012,03,25,0,679.04664
2012,03,25,1,680.13858
2012,03,25,2,681.73478
2012,03,25,3,683.27274
2012,03,25,4,684.08062
2012,03,25,5,684.90389
2012,03,25,6,685.59958
2012,03,25,7,686.0424
2012,03,26,0,686.22757
2012,03,26,1,685.79664
2012,03,26,2,685.6227
2012,03,26,3,684.91239
2012,03,26,4,683.62532
2012,03,26,5,683.32027
2012,03,26,6,682.70653
2012,03,26,7,682.20402
2012,03,27,0,681.89958
2012,03,27,1,682.03242
2012,03,27,2,682.42753
2012,03,27,3,682.86236
2012,03,27,4,683.24364
2012,03,27,5,683.54136
2012,03,27,6,683.81404
2012,03,27,7,684.55495
2012,03,28,0,685.83329
2012,03,28,1,686.62646
2012,03,28,2,687.00856
2012,03,28,3,687.30538
2012,03,28,4,687.31017
2012,03,28,5,686.76344
2012,03,28,6,686.33314
2012,03,28,7,686.2802
2012,03,29,0,686.00579
2012,03,29,1,685.70187
2012,03,29,2,685.9494
2012,03,29,3,686.06281
2012,03,29,4,685.62232
2012,03,29,5,684.94006
2012,03,29,6,684.36602
2012,03,29,7,683.38778
2012,03,30,0,682.81411
2012,03,30,1,682.6036
2012,03,30,2,682.42632
2012,03,30,3,682.6784
2012,03,30,4,682.77482
2012,03,30,5,682.97795
2012,03,30,6,682.69889
2012,03,30,7,682.7573
2012,03,31,0,682.61761
2012,03,31,1,682.252
2012,03,31,2,682.35156
2012,03,31,3,682.53388
2012,03,31,4,683.10401
2012,03,31,5,683.51104
2012,03,31,6,683.32247
2012,03,31,7,683.24637
2012,03,1,0,682.84276
2012,03,1,1,681.75263
2012,03,1,2,680.66739
2012,03,1,3,679.84091
2012,03,1,4,678.85122
2012,03,1,5,678.16896
2012,03,1,6,677.94461
2012,03,1,7,677.74942
2012,03,2,0,678.15
2012,03,2,1,678.39794
2012,03,2,2,678.80536
2012,03,2,3,679.55779
2012,03,2,4,680.44677
2012,03,2,5,681.00045
2012,03,2,6,681.39424
2012,03,2,7,681.77854
2012,03,3,0,682.25862
2012,03,3,1,682.75179
2012,03,3,2,683.59111
2012,03,3,3,684.4601
2012,03,3,4,685.46009
2012,03,3,5,686.39879
2012,03,3,6,687.05206
2012,03,3,7,687.44816
2012,03,4,0,686.70649
2012,03,4,1,685.46696
2012,03,4,2,685.42191
2012,03,4,3,685.23474
2012,03,4,4,684.60018
2012,03,4,5,683.78653
2012,03,4,6,682.82473
2012,03,4,7,681.70853
2012,03,5,0,680.71503
2012,03,5,1,679.64654
2012,03,5,2,678.67585
2012,03,5,3,678.76326
2012,03,5,4,679.33922
2012,03,5,5,679.43097
2012,03,5,6,679.29989
2012,03,5,7,679.47447
2012,03,6,0,680.54561
2012,03,6,1,681.94015
2012,03,6,2,682.82234
2012,03,6,3,683.77134
2012,03,6,4,684.67455
2012,03,6,5,685.27506
2012,03,6,6,686.21397
2012,03,6,7,687.08063
2012,03,7,0,687.64526
2012,03,7,1,687.85997
2012,03,7,2,688.05862
2012,03,7,3,688.42156
2012,03,7,4,688.44872
2012,03,7,5,688.3915
2012,03,7,6,688.10101
2012,03,7,7,688.16509
2012,03,8,0,688.47595
2012,03,8,1,688.4591
2012,03,8,2,689.07773
2012,03,8,3,689.68804
2012,03,8,4,690.11816
2012,03,8,5,690.34952
2012,03,8,6,690.65899
2012,03,8,7,691.13346
2012,03,9,0,691.74293
2012,03,9,1,692.19238
2012,03,9,2,692.27339
2012,03,9,3,692.44373
2012,03,9,4,692.59952
2012,03,9,5,692.71233
2012,03,9,6,693.0877
2012,03,9,7,693.50334
2012,03,10,0,694.04866
2012,03,10,1,694.24429
2012,03,10,2,694.39904
2012,03,10,3,694.49156
2012,03,10,4,694.96277
2012,03,10,5,695.51726
2012,03,10,6,695.61898
2012,03,10,7,695.96131
2012,03,11,0,695.85352
2012,03,11,1,695.41722
2012,03,11,2,694.64603
2012,03,11,3,693.86826
2012,03,11,4,693.9937
2012,03,11,5,693.95982
2012,03,11,6,693.49873
2012,03,11,7,693.20553
2012,03,12,0,693.73184
2012,03,12,1,694.40842
2012,03,12,2,693.94445
2012,03,12,3,693.2319
2012,03,12,4,692.18378
2012,03,12,5,691.15564
2012,03,12,6,690.58153
2012,03,12,7,690.39231
2012,03,13,0,690.2758
2012,03,13,1,689.98602
2012,03,13,2,688.93343
2012,03,13,3,687.63213
2012,03,13,4,686.91837
2012,03,13,5,686.31318
2012,03,13,6,685.71318
2012,03,13,7,685.15639
2012,03,14,0,684.91109
2012,03,14,1,685.45006
2012,03,14,2,685.70951
2012,03,14,3,686.38618
2012,03,14,4,687.92736
2012,03,14,5,690.00384
2012,03,14,6,691.48274
2012,03,14,7,692.27192
2012,03,15,0,693.20101
2012,03,15,1,693.78674
2012,03,15,2,694.47699
2012,03,15,3,695.40455
2012,03,15,4,695.76392
2012,03,15,5,696.05417
2012,03,15,6,696.60505
2012,03,15,7,697.63443
2012,03,16,0,698.94136
2012,03,16,1,700.00447
2012,03,16,2,700.67907
2012,03,16,3,700.83151
2012,03,16,4,700.71588
2012,03,16,5,700.66222
2012,03,16,6,700.98192
2012,03,16,7,701.0887
2012,03,17,0,701.49302
2012,03,17,1,702.08355
2012,03,17,2,702.24202
2012,03,17,3,702.03243
2012,03,17,4,701.05491
2012,03,17,5,699.61682
2012,03,17,6,697.98049
2012,03,17,7,695.3538
2012,03,18,0,692.24409
2012,03,18,1,689.46415
2012,03,18,2,688.20107
2012,03,18,3,687.16401
2012,03,18,4,686.44648
2012,03,18,5,685.98161
2012,03,18,6,685.50971
2012,03,18,7,685.17405
2012,03,19,0,684.88364
2012,03,19,1,684.33769
2012,03,19,2,684.13543
2012,03,19,3,683.67703
2012,03,19,4,683.05791
2012,03,19,5,682.10871
2012,03,19,6,680.71974
2012,03,19,7,679.64326
2012,03,20,0,678.9697
2012,03,20,1,678.64094
2012,03,20,2,678.51844
2012,03,20,3,678.18007
2012,03,20,4,678.00388
2012,03,20,5,677.98372
2012,03,20,6,677.91605
2012,03,20,7,678.38538
2012,03,21,0,678.96052
2012,03,21,1,679.0497
2012,03,21,2,679.4622
2012,03,21,3,680.06677
2012,03,21,4,680.8806
2012,03,21,5,681.58013
2012,03,21,6,681.93189
2012,03,21,7,682.2054
2012,03,22,0,682.59853
2012,03,22,1,682.704
2012,03,22,2,682.94042
2012,03,22,3,683.65776
2012,03,22,4,684.3459
2012,03,22,5,685.39132
2012,03,22,6,686.08243
2012,03,22,7,686.62798
2012,03,23,0,687.53052
2012,03,23,1,688.105
2012,03,23,2,689.27391
2012,03,23,3,690.82349
2012,03,23,4,691.66454
2012,03,23,5,692.19242
2012,03,23,6,692.65649
2012,03,23,7,693.31148
2012,03,24,0,694.13872
2012,03,24,1,694.79588
2012,03,24,2,694.9572
2012,03,24,3,695.15191
2012,03,24,4,695.37651
2012,03,24,5,695.55006
2012,03,24,6,695.96025
2012,03,24,7,696.53061
2012,03,25,0,697.30569
2012,03,25,1,697.90212
2012,03,25,2,698.89548
2012,03,25,3,699.42316
2012,03,25,4,699.35795
2012,03,25,5,699.32561
2012,03,25,6,699.75608
2012,03,25,7,700.08351
2012,03,26,0,700.44895
2012,03,26,1,700.31635
2012,03,26,2,700.17495
2012,03,26,3,699.81728
2012,03,26,4,699.59852
2012,03,26,5,699.11426
2012,03,26,6,698.33117
2012,03,26,7,697.325
2012,03,27,0,696.13944
2012,03,27,1,696.02811
2012,03,27,2,697.07562
2012,03,27,3,697.54671
2012,03,27,4,697.20474
2012,03,27,5,696.994
2012,03,27,6,697.12258
2012,03,27,7,697.44439
2012,03,28,0,697.80825
2012,03,28,1,698.58083
2012,03,28,2,700.184
2012,03,28,3,701.74867
2012,03,28,4,703.31355
2012,03,28,5,704.95934
2012,03,28,6,705.7677
2012,03,28,7,706.74751
2012,03,29,0,708.15124
2012,03,29,1,708.78627
2012,03,29,2,708.9799
2012,03,29,3,709.30686
2012,03,29,4,709.31031
2012,03,29,5,709.03955
2012,03,29,6,709.21028
2012,03,29,7,708.85934
2012,03,30,0,708.62031
2012,03,30,1,708.22745
2012,03,30,2,707.93792
2012,03,30,3,707.8791
2012,03,30,4,707.34412
2012,03,30,5,706.76473
2012,03,30,6,706.1536
2012,03,30,7,705.12519
2012,03,1,0,703.20634
2012,03,1,1,701.46215
2012,03,1,2,700.60772
2012,03,1,3,699.44916
2012,03,1,4,698.0242
2012,03,1,5,696.94842
2012,03,1,6,696.35276
2012,03,1,7,695.98318
2012,03,2,0,695.45378
2012,03,2,1,695.18508
2012,03,2,2,695.57518
2012,03,2,3,695.42084
2012,03,2,4,695.54648
2012,03,2,5,696.24764
2012,03,2,6,695.93013
2012,03,2,7,695.61266
2012,03,3,0,695.7197
2012,03,3,1,695.62013
2012,03,3,2,695.98189
2012,03,3,3,696.40812
2012,03,3,4,697.01392
2012,03,3,5,697.54277
2012,03,3,6,697.69281
2012,03,3,7,697.81095
2012,03,4,0,697.89198
2012,03,4,1,697.38711
2012,03,4,2,696.39514
2012,03,4,3,695.6664
2012,03,4,4,695.07764
2012,03,4,5,694.2608
2012,03,4,6,693.6773
2012,03,4,7,693.12193
2012,03,5,0,692.70971
2012,03,5,1,691.74934
2012,03,5,2,690.80466
2012,03,5,3,689.92791
2012,03,5,4,689.20511
2012,03,5,5,688.55201
2012,03,5,6,687.77087
2012,03,5,7,686.99536
2012,03,6,0,686.48335
2012,03,6,1,685.73518
2012,03,6,2,685.2124
2012,03,6,3,684.86399
2012,03,6,4,684.60809
2012,03,6,5,684.60561
2012,03,6,6,684.34271
2012,03,6,7,684.22253
2012,03,7,0,684.15295
2012,03,7,1,684.13958
2012,03,7,2,684.24884
2012,03,7,3,684.30304
2012,03,7,4,684.55429
2012,03,7,5,684.79151
2012,03,7,6,685.08233
2012,03,7,7,685.49607
2012,03,8,0,685.58996
2012,03,8,1,685.68015
2012,03,8,2,686.33335
2012,03,8,3,687.21798
2012,03,8,4,687.8203
2012,03,8,5,688.21167
2012,03,8,6,688.80988
2012,03,8,7,689.03707
2012,03,9,0,689.17991
2012,03,9,1,689.45684
2012,03,9,2,689.88861
2012,03,9,3,690.31606
2012,03,9,4,690.27051
2012,03,9,5,690.02593
2012,03,9,6,689.93818
2012,03,9,7,689.88836
2012,03,10,0,688.70324
2012,03,10,1,687.84552
2012,03,10,2,687.93283
2012,03,10,3,687.60374
2012,03,10,4,687.04884
2012,03,10,5,686.8456
2012,03,10,6,686.53878
2012,03,10,7,686.21592
2012,03,11,0,685.77266
2012,03,11,1,685.15903
2012,03,11,2,684.99556
2012,03,11,3,684.80467
2012,03,11,4,683.69544
2012,03,11,5,682.56525
2012,03,11,6,681.95528
2012,03,11,7,681.09301
2012,03,12,0,680.14356
2012,03,12,1,679.41915
2012,03,12,2,679.02155
2012,03,12,3,678.60617
2012,03,12,4,677.81015
2012,03,12,5,677.19481
2012,03,12,6,677.17673
2012,03,12,7,676.94933
2012,03,13,0,676.29047
2012,03,13,1,675.80546
2012,03,13,2,675.53604
2012,03,13,3,674.87398
2012,03,13,4,674.82803
2012,03,13,5,675.07666
2012,03,13,6,675.31904
2012,03,13,7,675.6348
2012,03,14,0,675.5145
2012,03,14,1,675.7608
2012,03,14,2,676.65104
2012,03,14,3,677.31536
2012,03,14,4,678.01881
2012,03,14,5,678.5322
2012,03,14,6,679.38255
2012,03,14,7,679.85255
2012,03,15,0,680.46318
2012,03,15,1,680.75037
2012,03,15,2,680.94814
2012,03,15,3,681.22088
2012,03,15,4,681.56532
2012,03,15,5,681.98671
2012,03,15,6,682.12719
2012,03,15,7,681.88499
2012,03,16,0,682.20221
2012,03,16,1,682.20619
2012,03,16,2,681.45781
2012,03,16,3,681.37707
2012,03,16,4,681.21629
2012,03,16,5,680.83958
2012,03,16,6,680.66572
2012,03,16,7,679.99241
2012,03,17,0,679.70672
2012,03,17,1,679.43607
2012,03,17,2,679.07565
2012,03,17,3,678.70353
2012,03,17,4,678.48047
2012,03,17,5,678.28284
2012,03,17,6,677.97242
2012,03,17,7,677.49085
2012,03,18,0,676.90062
2012,03,18,1,675.66126
2012,03,18,2,674.95052
2012,03,18,3,674.90888
2012,03,18,4,674.64835
2012,03,18,5,674.18405
2012,03,18,6,673.63812
2012,03,18,7,673.39943
2012,03,19,0,673.35196
2012,03,19,1,673.27512
2012,03,19,2,673.59304
2012,03,19,3,673.90827
2012,03,19,4,674.27576
2012,03,19,5,674.59949
2012,03,19,6,675.35127
2012,03,19,7,676.40721
2012,03,20,0,677.10527
2012,03,20,1,677.21471
2012,03,20,2,678.03094
2012,03,20,3,678.68261
2012,03,20,4,678.82098
2012,03,20,5,679.07148
2012,03,20,6,679.1042
2012,03,20,7,678.96886
2012,03,21,0,678.68473
2012,03,21,1,678.69874
2012,03,21,2,678.80815
2012,03,21,3,678.80718
2012,03,21,4,678.29346
2012,03,21,5,678.39898
2012,03,21,6,678.81102
2012,03,21,7,679.24223
2012,03,22,0,680.02259
2012,03,22,1,680.61346
2012,03,22,2,681.59101
2012,03,22,3,682.6092
2012,03,22,4,683.51893
2012,03,22,5,684.53714
2012,03,22,6,685.03302
2012,03,22,7,685.81385
2012,03,23,0,686.37002
2012,03,23,1,686.37895
2012,03,23,2,686.5379
2012,03,23,3,687.189
2012,03,23,4,687.99865
2012,03,23,5,688.79704
2012,03,23,6,689.40433
2012,03,23,7,690.20397
2012,03,24,0,690.63237
2012,03,24,1,690.58874
2012,03,24,2,691.30431
2012,03,24,3,692.0944
2012,03,24,4,691.89829
2012,03,24,5,692.13691
2012,03,24,6,692.8941
2012,03,24,7,693.2247
2012,03,25,0,693.32858
2012,03,25,1,693.18932
2012,03,25,2,693.15091
2012,03,25,3,693.47465
2012,03,25,4,692.95659
2012,03,25,5,692.66875
2012,03,25,6,692.87168
2012,03,25,7,693.46607
2012,03,26,0,693.28974
2012,03,26,1,692.93961
2012,03,26,2,693.01784
2012,03,26,3,693.08982
2012,03,26,4,693.27491
2012,03,26,5,692.91133
2012,03,26,6,693.01885
2012,03,26,7,693.32188
2012,03,27,0,693.39305
2012,03,27,1,692.9144
2012,03,27,2,692.56756
2012,03,27,3,692.21018
2012,03,27,4,691.80381
2012,03,27,5,691.19856
2012,03,27,6,690.44316
2012,03,27,7,689.70596
2012,03,28,0,688.71564
2012,03,28,1,687.26133
2012,03,28,2,686.33992
2012,03,28,3,685.76902
2012,03,28,4,684.68769
2012,03,28,5,683.78984
2012,03,28,6,683.25333
2012,03,28,7,682.70886
2012,03,29,0,682.25224
2012,03,29,1,681.34601
2012,03,29,2,680.4389
2012,03,29,3,679.87481
2012,03,29,4,679.37059
2012,03,29,5,678.8554
2012,03,29,6,678.79933
2012,03,29,7,678.46832
2012,03,30,0,677.76621
2012,03,30,1,677.73074
2012,03,30,2,678.4351
2012,03,30,3,678.65282
2012,03,30,4,678.99809
2012,03,30,5,679.7579
2012,03,30,6,680.47863
2012,03,30,7,681.26055
2012,03,31,0,681.97783
2012,03,31,1,682.66465
2012,03,31,2,683.59119
2012,03,31,3,684.12959
2012,03,31,4,684.81522
2012,03,31,5,685.61092
2012,03,31,6,686.25938
2012,03,31,7,686.73145
2012,03,1,0,687.1916
2012,03,1,1,687.70351
2012,03,1,2,688.23381
2012,03,1,3,689.09865
2012,03,1,4,689.89338
2012,03,1,5,690.54343
2012,03,1,6,690.77925
2012,03,1,7,690.76009
2012,03,2,0,690.63982
2012,03,2,1,690.21434
2012,03,2,2,689.78588
2012,03,2,3,689.37757
2012,03,2,4,688.87231
2012,03,2,5,688.30656
2012,03,2,6,687.47035
2012,03,2,7,686.88809
2012,03,3,0,686.51734
2012,03,3,1,686.17007
2012,03,3,2,685.38016
2012,03,3,3,684.22277
2012,03,3,4,682.9039
2012,03,3,5,681.93485
2012,03,3,6,681.36818
2012,03,3,7,680.74103
2012,03,4,0,679.97229
2012,03,4,1,679.30383
2012,03,4,2,679.24261
2012,03,4,3,679.02113
2012,03,4,4,678.67736
2012,03,4,5,678.19818
2012,03,4,6,678.31913
2012,03,4,7,678.68655
2012,03,5,0,678.68777
2012,03,5,1,678.95251
2012,03,5,2,679.81075
2012,03,5,3,680.75504
2012,03,5,4,680.98741
2012,03,5,5,681.48707
2012,03,5,6,682.00365
2012,03,5,7,682.85017
2012,03,6,0,683.77654
2012,03,6,1,684.51768
2012,03,6,2,685.69586
2012,03,6,3,686.85452
2012,03,6,4,688.08882
2012,03,6,5,689.54877
2012,03,6,6,690.81159
2012,03,6,7,691.35371
2012,03,7,0,691.15795
2012,03,7,1,690.83706
2012,03,7,2,690.27004
2012,03,7,3,689.47856
2012,03,7,4,688.20769
2012,03,7,5,686.8329
2012,03,7,6,685.67113
2012,03,7,7,684.40787
2012,03,8,0,683.10389
2012,03,8,1,682.30754
2012,03,8,2,682.12645
2012,03,8,3,682.36253
2012,03,8,4,682.19135
2012,03,8,5,682.22433
2012,03,8,6,682.31068
2012,03,8,7,683.12479
2012,03,9,0,684.3781
2012,03,9,1,684.96624
2012,03,9,2,685.86981
2012,03,9,3,687.16818
2012,03,9,4,688.01138
2012,03,9,5,688.51833
2012,03,9,6,688.75361
2012,03,9,7,688.81649
2012,03,10,0,688.83228
2012,03,10,1,688.32898
2012,03,10,2,688.23755
2012,03,10,3,688.24252
2012,03,10,4,687.69935
2012,03,10,5,686.91564
2012,03,10,6,685.9463
2012,03,10,7,684.68256
2012,03,11,0,683.91462
2012,03,11,1,683.45254
2012,03,11,2,683.52657
2012,03,11,3,683.39852
2012,03,11,4,682.85362
2012,03,11,5,682.43782
2012,03,11,6,681.98055
2012,03,11,7,681.26431
2012,03,12,0,680.01688
2012,03,12,1,678.78305
2012,03,12,2,677.82898
2012,03,12,3,677.32528
2012,03,12,4,676.36617
2012,03,12,5,675.97206
2012,03,12,6,676.13958
2012,03,12,7,676.5319
2012,03,13,0,677.20674
2012,03,13,1,677.56871
2012,03,13,2,678.90153
2012,03,13,3,679.99902
2012,03,13,4,680.31308
2012,03,13,5,680.53303
2012,03,13,6,680.32443
2012,03,13,7,679.94221
2012,03,14,0,679.41285
2012,03,14,1,678.77087
2012,03,14,2,678.32529
2012,03,14,3,677.74127
2012,03,14,4,676.51969
2012,03,14,5,675.78191
2012,03,14,6,675.40194
2012,03,14,7,675.22738
2012,03,15,0,675.50678
2012,03,15,1,676.04605
2012,03,15,2,676.51091
2012,03,15,3,677.15372
2012,03,15,4,678.26391
2012,03,15,5,679.21208
2012,03,15,6,680.04005
2012,03,15,7,681.0688
2012,03,16,0,682.28763
2012,03,16,1,683.73821
2012,03,16,2,684.60854
2012,03,16,3,685.41779
2012,03,16,4,686.22162
2012,03,16,5,686.82649
2012,03,16,6,687.2821
2012,03,16,7,687.461
2012,03,17,0,688.06538
2012,03,17,1,688.2675
2012,03,17,2,687.18411
2012,03,17,3,686.23741
2012,03,17,4,685.93543
2012,03,17,5,685.4685
2012,03,17,6,684.30035
2012,03,17,7,683.46462
2012,03,18,0,682.91653
2012,03,18,1,682.3547
2012,03,18,2,681.92048
2012,03,18,3,681.33842
2012,03,18,4,680.99991
2012,03,18,5,680.96153
2012,03,18,6,680.78634
2012,03,18,7,680.49695
2012,03,19,0,680.72046
2012,03,19,1,681.48848
2012,03,19,2,681.587
2012,03,19,3,682.00554
2012,03,19,4,682.89113
2012,03,19,5,683.62403
2012,03,19,6,684.10484
2012,03,19,7,684.99334
2012,03,20,0,685.75465
2012,03,20,1,686.10672
2012,03,20,2,686.21112
2012,03,20,3,686.03417
2012,03,20,4,685.82117
2012,03,20,5,685.82611
2012,03,20,6,686.07983
2012,03,20,7,686.46515
2012,03,21,0,686.18983
2012,03,21,1,686.27799
2012,03,21,2,686.57668
2012,03,21,3,686.45497
2012,03,21,4,685.82717
2012,03,21,5,685.79776
2012,03,21,6,686.00194
2012,03,21,7,685.44094
2012,03,22,0,684.96848
2012,03,22,1,684.63847
2012,03,22,2,684.03021
2012,03,22,3,683.77782
2012,03,22,4,683.65483
2012,03,22,5,683.92809
2012,03,22,6,684.47766
2012,03,22,7,684.98882
2012,03,23,0,684.9763
2012,03,23,1,685.14803
2012,03,23,2,685.39093
2012,03,23,3,685.29589
2012,03,23,4,685.70694
2012,03,23,5,685.83721
2012,03,23,6,685.70852
2012,03,23,7,685.71391
2012,03,24,0,686.30761
2012,03,24,1,687.04039
2012,03,24,2,687.48741
2012,03,24,3,688.10384
2012,03,24,4,688.70891
2012,03,24,5,688.8832
2012,03,24,6,689.30367
2012,03,24,7,689.64577
2012,03,25,0,688.66897
2012,03,25,1,687.87338
2012,03,25,2,687.77255
2012,03,25,3,687.68741
2012,03,25,4,687.25817
2012,03,25,5,686.95117
2012,03,25,6,686.8468
2012,03,25,7,687.27855
2012,03,26,0,688.06235
2012,03,26,1,688.35055
2012,03,26,2,688.30751
2012,03,26,3,688.58564
2012,03,26,4,688.64073
2012,03,26,5,688.66638
2012,03,26,6,689.57473
2012,03,26,7,690.25985
2012,03,27,0,690.05965
2012,03,27,1,689.93309
2012,03,27,2,690.90601
2012,03,27,3,691.78618
2012,03,27,4,691.95401
2012,03,27,5,692.41792
2012,03,27,6,692.5487
2012,03,27,7,692.67884
2012,03,28,0,692.89565
2012,03,28,1,692.69456
2012,03,28,2,693.00628
2012,03,28,3,693.27537
2012,03,28,4,693.28078
2012,03,28,5,693.4113
2012,03,28,6,693.0527
2012,03,28,7,692.55047
2012,03,29,0,692.39385
2012,03,29,1,692.34056
2012,03,29,2,692.45029
2012,03,29,3,692.61389
2012,03,29,4,692.30896
2012,03,29,5,691.86638
2012,03,29,6,692.56593
2012,03,29,7,692.55812
2012,03,30,0,692.23304
2012,03,30,1,692.90836
2012,03,30,2,693.17377
2012,03,30,3,692.98443
2012,03,30,4,693.02275
2012,03,30,5,693.08213
2012,03,30,6,693.4016
2012,03,30,7,693.49223
2012,03,31,0,693.92402
2012,03,31,1,694.42787
2012,03,31,2,694.80907
2012,03,31,3,694.78743
2012,03,31,4,694.62293
2012,03,31,5,694.51858
2012,03,31,6,693.96555
2012,03,31,7,693.44304
2012,03,1,0,693.22794
2012,03,1,1,692.71595
2012,03,1,2,692.57816
2012,03,1,3,692.06641
2012,03,1,4,691.53018
2012,03,1,5,691.27959
2012,03,1,6,690.60796
2012,03,1,7,689.91299
2012,03,2,0,689.32151
2012,03,2,1,688.66354
2012,03,2,2,688.43103
2012,03,2,3,688.33748
2012,03,2,4,687.9793
2012,03,2,5,687.45567
2012,03,2,6,687.17323
2012,03,2,7,686.98796
2012,03,3,0,687.5136
2012,03,3,1,687.63339
2012,03,3,2,687.76233
2012,03,3,3,687.87243
2012,03,3,4,688.16202
2012,03,3,5,688.19923
2012,03,3,6,688.03697
2012,03,3,7,688.13591
2012,03,4,0,688.55576
2012,03,4,1,688.61537
2012,03,4,2,688.39441
2012,03,4,3,687.94266
2012,03,4,4,687.49336
2012,03,4,5,686.56271
2012,03,4,6,684.93519
2012,03,4,7,683.5406
2012,03,5,0,682.28942
2012,03,5,1,681.0061
2012,03,5,2,680.1037
2012,03,5,3,679.17176
2012,03,5,4,678.94714
2012,03,5,5,678.78433
2012,03,5,6,678.33335
2012,03,5,7,678.16466
2012,03,6,0,678.49721
2012,03,6,1,679.02237
2012,03,6,2,680.11305
2012,03,6,3,681.00396
2012,03,6,4,681.74589
2012,03,6,5,682.42132
2012,03,6,6,683.21411
2012,03,6,7,684.02705
2012,03,7,0,684.5645
2012,03,7,1,684.69937
2012,03,7,2,685.38078
2012,03,7,3,685.73166
2012,03,7,4,685.77224
2012,03,7,5,685.84091
2012,03,7,6,685.79324
2012,03,7,7,685.66145
2012,03,8,0,685.92336
2012,03,8,1,685.72998
2012,03,8,2,685.22038
2012,03,8,3,684.9175
2012,03,8,4,684.67959
2012,03,8,5,684.30713
2012,03,8,6,683.95016
2012,03,8,7,683.57733
2012,03,9,0,683.87561
2012,03,9,1,684.09
2012,03,9,2,684.15183
2012,03,9,3,684.27485
2012,03,9,4,684.61754
2012,03,9,5,685.00012
2012,03,9,6,685.84244
2012,03,9,7,686.14401
2012,03,10,0,686.59455
2012,03,10,1,686.42934
2012,03,10,2,686.28931
2012,03,10,3,686.38237
2012,03,10,4,686.45597
2012,03,10,5,686.35868
2012,03,10,6,686.40803
2012,03,10,7,686.42809
2012,03,11,0,686.40488
2012,03,11,1,686.49701
2012,03,11,2,687.13337
2012,03,11,3,687.71899
2012,03,11,4,687.6108
2012,03,11,5,687.42968
2012,03,11,6,687.15216
2012,03,11,7,686.72246
2012,03,12,0,686.35055
2012,03,12,1,685.82898
2012,03,12,2,684.89222
2012,03,12,3,683.86904
2012,03,12,4,683.56735
2012,03,12,5,683.16102
2012,03,12,6,682.62867
2012,03,12,7,682.63676
2012,03,13,0,682.96452
2012,03,13,1,683.23104
2012,03,13,2,682.9741
2012,03,13,3,683.323
2012,03,13,4,683.48279
2012,03,13,5,683.15949
2012,03,13,6,683.74393
2012,03,13,7,684.20023
2012,03,14,0,684.48887
2012,03,14,1,684.49675
2012,03,14,2,684.34516
2012,03,14,3,684.21963
2012,03,14,4,684.63318
2012,03,14,5,685.242
2012,03,14,6,685.38788
2012,03,14,7,685.42394
2012,03,15,0,685.63653
2012,03,15,1,685.42529
2012,03,15,2,685.00452
2012,03,15,3,684.93669
2012,03,15,4,685.05114
2012,03,15,5,685.23389
2012,03,15,6,684.66165
2012,03,15,7,684.12625
2012,03,16,0,683.49887
2012,03,16,1,682.27638
2012,03,16,2,682.077
2012,03,16,3,681.89901
2012,03,16,4,681.1406
2012,03,16,5,680.60234
2012,03,16,6,680.24244
2012,03,16,7,680.00059
2012,03,17,0,679.77972
2012,03,17,1,679.40938
2012,03,17,2,679.12536
2012,03,17,3,678.62225
2012,03,17,4,678.4932
2012,03,17,5,678.53919
2012,03,17,6,678.49298
2012,03,17,7,678.38828
2012,03,18,0,678.1903
2012,03,18,1,677.88201
2012,03,18,2,678.23528
2012,03,18,3,678.48915
2012,03,18,4,678.57864
2012,03,18,5,679.13489
2012,03,18,6,679.73038
2012,03,18,7,680.18558
2012,03,19,0,680.67158
2012,03,19,1,681.25693
2012,03,19,2,682.44727
2012,03,19,3,683.58191
2012,03,19,4,684.65917
2012,03,19,5,685.94408
2012,03,19,6,686.7203
2012,03,19,7,687.21756
2012,03,20,0,687.97045
2012,03,20,1,688.57086
2012,03,20,2,689.41253
2012,03,20,3,690.78461
2012,03,20,4,692.78748
2012,03,20,5,694.3775
2012,03,20,6,696.06207
2012,03,20,7,697.32209
2012,03,21,0,698.55319
2012,03,21,1,698.74528
2012,03,21,2,699.15741
2012,03,21,3,699.87328
2012,03,21,4,700.92439
2012,03,21,5,701.76186
2012,03,21,6,702.04047
2012,03,21,7,702.4437
2012,03,22,0,703.45472
2012,03,22,1,703.83274
2012,03,22,2,704.28951
2012,03,22,3,704.39757
2012,03,22,4,702.93989
2012,03,22,5,702.05136
2012,03,22,6,700.7355
2012,03,22,7,698.78528
2012,03,23,0,697.30682
2012,03,23,1,695.80465
2012,03,23,2,694.00932
2012,03,23,3,692.49691
2012,03,23,4,691.57655
2012,03,23,5,690.70017
2012,03,23,6,689.87768
2012,03,23,7,689.19876
2012,03,24,0,688.55721
2012,03,24,1,687.72887
2012,03,24,2,687.46351
2012,03,24,3,687.44708
2012,03,24,4,686.94315
2012,03,24,5,686.80405
2012,03,24,6,686.56461
2012,03,24,7,685.92809
2012,03,25,0,685.7633
2012,03,25,1,685.40037
2012,03,25,2,685.26702
2012,03,25,3,684.81259
2012,03,25,4,684.39876
2012,03,25,5,684.28565
2012,03,25,6,683.90424
2012,03,25,7,683.7424
2012,03,26,0,684.36673
2012,03,26,1,684.64512
2012,03,26,2,685.52372
2012,03,26,3,686.58527
2012,03,26,4,687.34801
2012,03,26,5,688.09535
2012,03,26,6,688.0039
2012,03,26,7,687.83225
2012,03,27,0,688.44926
2012,03,27,1,688.25278
2012,03,27,2,687.81185
2012,03,27,3,687.85455
2012,03,27,4,687.5909
2012,03,27,5,687.13431
2012,03,27,6,686.92062
2012,03,27,7,687.03062
2012,03,28,0,686.69518
2012,03,28,1,685.87873
2012,03,28,2,685.26494
2012,03,28,3,684.65037
2012,03,28,4,684.30787
2012,03,28,5,683.61641
2012,03,28,6,683.56303
2012,03,28,7,683.53466
2012,03,29,0,682.79665
2012,03,29,1,681.31317
2012,03,29,2,680.84764
2012,03,29,3,680.04425
2012,03,29,4,679.46207
2012,03,29,5,679.65344
2012,03,29,6,680.32444
2012,03,29,7,681.19215
2012,03,30,0,682.32316
2012,03,30,1,682.65213
2012,03,30,2,683.67824
2012,03,30,3,684.67734
2012,03,30,4,685.20411
2012,03,30,5,685.49687
2012,03,30,6,686.14165
2012,03,30,7,686.5202
2012,03,1,0,687.71687
2012,03,1,1,688.63043
2012,03,1,2,688.93054
2012,03,1,3,689.40842
2012,03,1,4,689.83612
2012,03,1,5,689.83494
2012,03,1,6,689.87867
2012,03,1,7,689.84364
2012,03,2,0,689.9771
2012,03,2,1,690.09776
2012,03,2,2,689.99207
2012,03,2,3,689.87273
2012,03,2,4,689.68661
2012,03,2,5,689.14728
2012,03,2,6,688.57509
2012,03,2,7,688.03495
2012,03,3,0,686.98293
2012,03,3,1,686.01296
2012,03,3,2,686.03908
2012,03,3,3,685.77023
2012,03,3,4,685.51957
2012,03,3,5,685.04398
2012,03,3,6,684.65143
2012,03,3,7,684.415
2012,03,4,0,684.0617
2012,03,4,1,683.75907
2012,03,4,2,683.65894
2012,03,4,3,683.43924
2012,03,4,4,683.19762
2012,03,4,5,683.30177
2012,03,4,6,683.64923
2012,03,4,7,683.78446
2012,03,5,0,683.93477
2012,03,5,1,684.18126
2012,03,5,2,684.6631
2012,03,5,3,685.27256
2012,03,5,4,685.50958
2012,03,5,5,685.57742
2012,03,5,6,686.09504
2012,03,5,7,686.42206
2012,03,6,0,686.90744
2012,03,6,1,687.18276
2012,03,6,2,687.40046
2012,03,6,3,687.56858
2012,03,6,4,687.21006
2012,03,6,5,686.78748
2012,03,6,6,686.17345
2012,03,6,7,685.74927
2012,03,7,0,685.41473
2012,03,7,1,684.75657
2012,03,7,2,684.1894
2012,03,7,3,683.72307
2012,03,7,4,683.08267
2012,03,7,5,682.40875
2012,03,7,6,681.95096
2012,03,7,7,681.23583
2012,03,8,0,679.86774
2012,03,8,1,679.32689
2012,03,8,2,678.9826
2012,03,8,3,678.42368
2012,03,8,4,678.4576
2012,03,8,5,678.75623
2012,03,8,6,678.38515
2012,03,8,7,677.83579
2012,03,9,0,676.97165
2012,03,9,1,676.25819
2012,03,9,2,676.54495
2012,03,9,3,676.39269
2012,03,9,4,675.89544
2012,03,9,5,676.03444
2012,03,9,6,676.12571
2012,03,9,7,676.36317
2012,03,10,0,676.94084
2012,03,10,1,677.39585
2012,03,10,2,677.655
2012,03,10,3,678.03752
2012,03,10,4,678.48682
2012,03,10,5,678.63238
2012,03,10,6,678.92103
2012,03,10,7,679.05049
2012,03,11,0,678.80831
2012,03,11,1,678.28982
2012,03,11,2,678.4572
2012,03,11,3,679.11071
2012,03,11,4,679.52174
2012,03,11,5,679.71434
2012,03,11,6,680.06491
2012,03,11,7,680.45273
2012,03,12,0,681.06732
2012,03,12,1,681.17381
2012,03,12,2,681.4143
2012,03,12,3,681.48765
2012,03,12,4,681.08214
2012,03,12,5,680.6389
2012,03,12,6,680.6214
2012,03,12,7,680.99739
2012,03,13,0,681.43046
2012,03,13,1,681.40919
2012,03,13,2,681.75604
2012,03,13,3,682.48047
2012,03,13,4,683.06221
2012,03,13,5,683.56245
2012,03,13,6,684.19838
2012,03,13,7,684.58251
2012,03,14,0,684.65722
2012,03,14,1,685.02554
2012,03,14,2,685.5425
2012,03,14,3,685.32359
2012,03,14,4,685.04606
2012,03,14,5,684.89286
2012,03,14,6,684.90427
2012,03,14,7,684.7366
2012,03,15,0,684.57533
2012,03,15,1,684.22473
2012,03,15,2,683.77008
2012,03,15,3,683.33347
2012,03,15,4,683.35017
2012,03,15,5,683.58946
2012,03,15,6,684.18045
2012,03,15,7,684.78796
2012,03,16,0,685.07972
2012,03,16,1,685.09067
2012,03,16,2,685.70166
2012,03,16,3,686.37836
2012,03,16,4,686.97628
2012,03,16,5,687.46659
2012,03,16,6,687.99637
2012,03,16,7,688.65454
2012,03,17,0,689.39671
2012,03,17,1,689.45188
2012,03,17,2,690.17463
2012,03,17,3,691.14879
2012,03,17,4,691.71945
2012,03,17,5,691.84111
2012,03,17,6,692.6874
2012,03,17,7,693.78164
2012,03,18,0,694.548
2012,03,18,1,694.72935
2012,03,18,2,695.45114
2012,03,18,3,695.95134
2012,03,18,4,695.34022
2012,03,18,5,694.17141
2012,03,18,6,694.40942
2012,03,18,7,693.53009
2012,03,19,0,692.20168
2012,03,19,1,690.04096
2012,03,19,2,689.18903
2012,03,19,3,688.65914
2012,03,19,4,687.19186
2012,03,19,5,686.05161
2012,03,19,6,685.49484
2012,03,19,7,685.35403
2012,03,20,0,685.32507
2012,03,20,1,684.78363
2012,03,20,2,686.02016
2012,03,20,3,687.43287
2012,03,20,4,687.67416
2012,03,20,5,687.9166
2012,03,20,6,689.99526
2012,03,20,7,691.85936
2012,03,21,0,692.74211
2012,03,21,1,693.39044
2012,03,21,2,694.0502
2012,03,21,3,694.55955
2012,03,21,4,694.23579
2012,03,21,5,694.34549
2012,03,21,6,694.49588
2012,03,21,7,694.35083
2012,03,22,0,694.57703
2012,03,22,1,694.54961
2012,03,22,2,694.21793
2012,03,22,3,693.82271
2012,03,22,4,693.63656
2012,03,22,5,693.47658
2012,03,22,6,692.40533
2012,03,22,7,691.19202
2012,03,23,0,691.09125
2012,03,23,1,690.73894
2012,03,23,2,690.3669
2012,03,23,3,689.71125
2012,03,23,4,689.75662
2012,03,23,5,690.30731
2012,03,23,6,690.09528
2012,03,23,7,690.0779
2012,03,24,0,690.61959
2012,03,24,1,691.15421
2012,03,24,2,691.82718
2012,03,24,3,692.19676
2012,03,24,4,692.11978
2012,03,24,5,692.04042
2012,03,24,6,691.3035
2012,03,24,7,689.98442
2012,03,25,0,688.72804
2012,03,25,1,687.57737
2012,03,25,2,687.10312
2012,03,25,3,686.83285
2012,03,25,4,686.47212
2012,03,25,5,686.58709
2012,03,25,6,687.1683
2012,03,25,7,687.65722
2012,03,26,0,688.24669
2012,03,26,1,688.38419
2012,03,26,2,688.76023
2012,03,26,3,689.55963
2012,03,26,4,690.5178
2012,03,26,5,690.81204
2012,03,26,6,691.20406
2012,03,26,7,692.15457
2012,03,27,0,693.07091
2012,03,27,1,693.00045
2012,03,27,2,693.2256
2012,03,27,3,693.39162
2012,03,27,4,693.80061
2012,03,27,5,693.45422
2012,03,27,6,692.84357
2012,03,27,7,692.25247
2012,03,28,0,691.04851
2012,03,28,1,689.40068
2012,03,28,2,688.28533
2012,03,28,3,687.38845
2012,03,28,4,686.62099
2012,03,28,5,686.07309
2012,03,28,6,685.82726
2012,03,28,7,685.63713
2012,03,29,0,685.43322
2012,03,29,1,685.14769
2012,03,29,2,685.4412
2012,03,29,3,686.33079
2012,03,29,4,687.08029
2012,03,29,5,687.78707
2012,03,29,6,688.68627
2012,03,29,7,689.51514
2012,03,30,0,690.44226
2012,03,30,1,690.32555
2012,03,30,2,690.59504
2012,03,30,3,691.31197
2012,03,30,4,691.32588
2012,03,30,5,691.01261
2012,03,30,6,691.65969
2012,03,30,7,692.462
2012,03,31,0,692.95614
2012,03,31,1,692.73351
2012,03,31,2,692.75705
2012,03,31,3,692.90894
2012,03,31,4,692.72339
2012,03,31,5,692.5149
2012,03,31,6,692.97723
2012,03,31,7,693.237
2012,03,1,0,693.66752
2012,03,1,1,693.72324
2012,03,1,2,693.55026
2012,03,1,3,693.62104
2012,03,1,4,693.96453
2012,03,1,5,694.45209
2012,03,1,6,695.39691
2012,03,1,7,696.22685
2012,03,2,0,696.80526
2012,03,2,1,697.05116
2012,03,2,2,697.90298
2012,03,2,3,698.33505
2012,03,2,4,698.31961
2012,03,2,5,698.1603
2012,03,2,6,698.30124
2012,03,2,7,698.23888
2012,03,3,0,698.39756
2012,03,3,1,698.53881
2012,03,3,2,698.90816
2012,03,3,3,699.30085
2012,03,3,4,699.6978
2012,03,3,5,699.60278
2012,03,3,6,699.45448
2012,03,3,7,699.48212
2012,03,4,0,699.49408
2012,03,4,1,698.83838
2012,03,4,2,698.81956
2012,03,4,3,698.74981
2012,03,4,4,698.43054
2012,03,4,5,697.99317
2012,03,4,6,697.83836
2012,03,4,7,697.89899
2012,03,5,0,697.61336
2012,03,5,1,697.24939
2012,03,5,2,697.60498
2012,03,5,3,698.1635
2012,03,5,4,697.61003
2012,03,5,5,696.79884
2012,03,5,6,696.55368
2012,03,5,7,696.31143
2012,03,6,0,696.21543
2012,03,6,1,695.50183
2012,03,6,2,694.78337
2012,03,6,3,693.7476
2012,03,6,4,691.91463
2012,03,6,5,690.10278
2012,03,6,6,689.24664
2012,03,6,7,688.62852
2012,03,7,0,687.81141
2012,03,7,1,687.93335
2012,03,7,2,690.62585
2012,03,7,3,692.95453
2012,03,7,4,694.69992
2012,03,7,5,696.66324
2012,03,7,6,697.74741
2012,03,7,7,698.55566
2012,03,8,0,700.31513
2012,03,8,1,701.00452
2012,03,8,2,701.35054
2012,03,8,3,701.44962
2012,03,8,4,701.31618
2012,03,8,5,700.96353
2012,03,8,6,700.26456
2012,03,8,7,699.369
2012,03,9,0,698.60321
2012,03,9,1,697.30708
2012,03,9,2,696.22354
2012,03,9,3,695.23882
2012,03,9,4,693.83339
2012,03,9,5,692.87209
2012,03,9,6,693.02546
2012,03,9,7,694.04909
2012,03,10,0,695.56751
2012,03,10,1,696.87909
2012,03,10,2,697.71276
2012,03,10,3,698.40235
2012,03,10,4,698.55227
2012,03,10,5,698.27372
2012,03,10,6,698.17312
2012,03,10,7,698.41535
2012,03,11,0,698.70671
2012,03,11,1,698.86642
2012,03,11,2,699.3156
2012,03,11,3,699.92257
2012,03,11,4,700.37128
2012,03,11,5,700.83513
2012,03,11,6,700.77888
2012,03,11,7,700.70396
2012,03,12,0,701.36157
2012,03,12,1,701.46043
2012,03,12,2,701.43139
2012,03,12,3,701.23595
2012,03,12,4,700.84348
2012,03,12,5,700.1959
2012,03,12,6,699.55775
2012,03,12,7,699.30305
2012,03,13,0,699.2068
2012,03,13,1,698.53788
2012,03,13,2,697.64953
2012,03,13,3,697.365
2012,03,13,4,697.34704
2012,03,13,5,697.15796
2012,03,13,6,697.29343
2012,03,13,7,697.63924
2012,03,14,0,697.51091
2012,03,14,1,697.51563
2012,03,14,2,698.19923
2012,03,14,3,698.58858
2012,03,14,4,698.75669
2012,03,14,5,698.87307
2012,03,14,6,699.3675
2012,03,14,7,699.70766
2012,03,15,0,699.57436
2012,03,15,1,699.77409
2012,03,15,2,700.57852
2012,03,15,3,700.95888
2012,03,15,4,700.95282
2012,03,15,5,700.82929
2012,03,15,6,700.62828
2012,03,15,7,700.06814
2012,03,16,0,698.5518
2012,03,16,1,697.45981
2012,03,16,2,697.21254
2012,03,16,3,696.45076
2012,03,16,4,695.14386
2012,03,16,5,694.59593
2012,03,16,6,694.77545
2012,03,16,7,694.62373
2012,03,17,0,694.21902
2012,03,17,1,693.81377
2012,03,17,2,693.84084
2012,03,17,3,693.75768
2012,03,17,4,693.67467
2012,03,17,5,693.78449
2012,03,17,6,694.11005
2012,03,17,7,694.47934
2012,03,18,0,694.90184
2012,03,18,1,694.91739
2012,03,18,2,694.63423
2012,03,18,3,693.94584
2012,03,18,4,693.52437
2012,03,18,5,693.06993
2012,03,18,6,692.94374
2012,03,18,7,693.26028
2012,03,19,0,693.93387
2012,03,19,1,694.24747
2012,03,19,2,694.67247
2012,03,19,3,695.07443
2012,03,19,4,695.47017
2012,03,19,5,695.57453
2012,03,19,6,696.26686
2012,03,19,7,697.14495
2012,03,20,0,697.86402
2012,03,20,1,698.43729
2012,03,20,2,698.72736
2012,03,20,3,698.49227
2012,03,20,4,698.63394
2012,03,20,5,698.32485
2012,03,20,6,698.25764
2012,03,20,7,698.21007
2012,03,21,0,697.79652
2012,03,21,1,696.78171
2012,03,21,2,696.64405
2012,03,21,3,697.07066
2012,03,21,4,697.11718
2012,03,21,5,697.39729
2012,03,21,6,697.88471
2012,03,21,7,698.75974
2012,03,22,0,699.08809
2012,03,22,1,698.84615
2012,03,22,2,699.33704
2012,03,22,3,699.56982
2012,03,22,4,699.63449
2012,03,22,5,699.31776
2012,03,22,6,699.15161
2012,03,22,7,699.03592
2012,03,23,0,698.3554
2012,03,23,1,697.11886
2012,03,23,2,696.03891
2012,03,23,3,695.14911
2012,03,23,4,693.37181
2012,03,23,5,691.86505
2012,03,23,6,691.70295
2012,03,23,7,692.17746
2012,03,24,0,693.0569
2012,03,24,1,693.6698
2012,03,24,2,694.21069
2012,03,24,3,694.85021
2012,03,24,4,694.86192
2012,03,24,5,693.89492
2012,03,24,6,693.16061
2012,03,24,7,692.86649
2012,03,25,0,692.31106
2012,03,25,1,691.46579
2012,03,25,2,691.70888
2012,03,25,3,692.45559
2012,03,25,4,692.85106
2012,03,25,5,693.56178
2012,03,25,6,694.5362
2012,03,25,7,695.42923
2012,03,26,0,695.45205
2012,03,26,1,695.15373
2012,03,26,2,695.78507
2012,03,26,3,696.02011
2012,03,26,4,695.93811
2012,03,26,5,696.16771
2012,03,26,6,696.55656
2012,03,26,7,697.09971
2012,03,27,0,697.20111
2012,03,27,1,697.00528
2012,03,27,2,697.14144
2012,03,27,3,696.61511
2012,03,27,4,695.65475
2012,03,27,5,695.01302
2012,03,27,6,694.74079
2012,03,27,7,694.44191
2012,03,28,0,694.28801
2012,03,28,1,694.41603
2012,03,28,2,694.33514
2012,03,28,3,694.14251
2012,03,28,4,693.90833
2012,03,28,5,693.80441
2012,03,28,6,693.93121
2012,03,28,7,693.76785
2012,03,29,0,693.60311
2012,03,29,1,693.72372
2012,03,29,2,694.00672
2012,03,29,3,693.90973
2012,03,29,4,693.81473
2012,03,29,5,693.93601
2012,03,29,6,694.40487
2012,03,29,7,694.7563
2012,03,30,0,695.35873
2012,03,30,1,695.63299
2012,03,30,2,695.90201
2012,03,30,3,695.76718
2012,03,30,4,695.47293
2012,03,30,5,694.97573
2012,03,30,6,694.9647
2012,03,30,7,694.82656
2012,03,1,0,694.46932
2012,03,1,1,694.02121
2012,03,1,2,694.46104
2012,03,1,3,694.82751
2012,03,1,4,694.79482
2012,03,1,5,694.68714
2012,03,1,6,695.18339
2012,03,1,7,695.37699
2012,03,2,0,695.48517
2012,03,2,1,695.06515
2012,03,2,2,694.83707
2012,03,2,3,694.58028
2012,03,2,4,694.54831
2012,03,2,5,694.14989
2012,03,2,6,693.93061
2012,03,2,7,693.89731
2012,03,3,0,694.192
2012,03,3,1,694.56616
2012,03,3,2,694.64205
2012,03,3,3,694.77674
2012,03,3,4,696.16743
2012,03,3,5,697.08973
2012,03,3,6,697.78763
2012,03,3,7,698.61934
2012,03,4,0,698.90107
2012,03,4,1,698.53373
2012,03,4,2,698.92195
2012,03,4,3,699.09415
2012,03,4,4,698.73258
2012,03,4,5,698.16774
2012,03,4,6,698.10122
2012,03,4,7,698.16232
2012,03,5,0,697.60476
2012,03,5,1,696.70383
2012,03,5,2,696.66372
2012,03,5,3,696.5267
2012,03,5,4,696.23517
2012,03,5,5,695.83362
2012,03,5,6,695.97553
2012,03,5,7,696.25608
2012,03,6,0,695.81281
2012,03,6,1,695.26417
2012,03,6,2,695.15781
2012,03,6,3,695.31416
2012,03,6,4,695.58399
2012,03,6,5,695.9903
2012,03,6,6,696.31941
2012,03,6,7,696.84536
2012,03,7,0,696.89512
2012,03,7,1,696.7489
2012,03,7,2,697.3556
2012,03,7,3,697.78366
2012,03,7,4,697.99321
2012,03,7,5,698.16024
2012,03,7,6,698.6497
2012,03,7,7,699.09318
2012,03,8,0,698.66375
2012,03,8,1,697.97518
2012,03,8,2,697.7374
2012,03,8,3,697.67387
2012,03,8,4,697.36702
2012,03,8,5,696.81637
2012,03,8,6,696.87327
2012,03,8,7,697.12119
2012,03,9,0,696.86926
2012,03,9,1,696.77626
2012,03,9,2,697.01056
2012,03,9,3,697.17914
2012,03,9,4,696.93605
2012,03,9,5,696.51583
2012,03,9,6,697.12809
2012,03,9,7,698.10596
2012,03,10,0,698.1022
2012,03,10,1,697.95052
2012,03,10,2,698.6605
2012,03,10,3,699.27434
2012,03,10,4,699.41645
2012,03,10,5,699.132
2012,03,10,6,699.42481
2012,03,10,7,699.58483
2012,03,11,0,698.98561
2012,03,11,1,698.19428
2012,03,11,2,697.75326
2012,03,11,3,697.3445
2012,03,11,4,696.1232
2012,03,11,5,694.84011
2012,03,11,6,694.74485
2012,03,11,7,694.983
2012,03,12,0,695.19495
2012,03,12,1,695.2336
2012,03,12,2,695.26426
2012,03,12,3,695.03852
2012,03,12,4,695.14326
2012,03,12,5,695.44898
2012,03,12,6,695.61289
2012,03,12,7,695.89464
2012,03,13,0,696.07825
2012,03,13,1,695.79773
2012,03,13,2,695.7343
2012,03,13,3,695.68479
2012,03,13,4,695.6814
2012,03,13,5,695.66882
2012,03,13,6,696.02775
2012,03,13,7,696.59827
2012,03,14,0,696.8996
2012,03,14,1,696.89613
2012,03,14,2,696.83163
2012,03,14,3,696.66449
2012,03,14,4,696.11601
2012,03,14,5,695.82989
2012,03,14,6,696.03553
2012,03,14,7,696.12373
2012,03,15,0,695.88878
2012,03,15,1,695.48001
2012,03,15,2,695.27544
2012,03,15,3,695.00807
2012,03,15,4,694.93193
2012,03,15,5,695.16663
2012,03,15,6,695.85537
2012,03,15,7,696.30782
2012,03,16,0,696.31081
2012,03,16,1,696.0482
2012,03,16,2,696.20791
2012,03,16,3,696.27271
2012,03,16,4,696.2265
2012,03,16,5,695.92034
2012,03,16,6,695.88675
2012,03,16,7,695.81723
2012,03,17,0,695.72012
2012,03,17,1,695.54532
2012,03,17,2,695.83837
2012,03,17,3,695.9221
2012,03,17,4,696.50615
2012,03,17,5,696.79452
2012,03,17,6,697.17514
2012,03,17,7,697.33838
2012,03,18,0,697.57114
2012,03,18,1,697.3232
2012,03,18,2,696.38799
2012,03,18,3,696.27708
2012,03,18,4,696.51263
2012,03,18,5,696.3256
2012,03,18,6,696.76573
2012,03,18,7,697.34091
2012,03,19,0,698.14312
2012,03,19,1,698.51347
2012,03,19,2,699.03707
2012,03,19,3,699.76588
2012,03,19,4,700.51349
2012,03,19,5,700.80202
2012,03,19,6,701.03892
2012,03,19,7,701.50502
2012,03,20,0,701.82147
2012,03,20,1,701.41162
2012,03,20,2,700.45713
2012,03,20,3,699.93938
2012,03,20,4,700.52624
2012,03,20,5,700.57742
2012,03,20,6,700.29921
2012,03,20,7,700.59989
2012,03,21,0,700.50465
2012,03,21,1,700.05242
2012,03,21,2,700.15804
2012,03,21,3,700.43739
2012,03,21,4,700.75508
2012,03,21,5,700.85135
2012,03,21,6,700.77965
2012,03,21,7,701.09767
2012,03,22,0,701.78797
2012,03,22,1,701.52684
2012,03,22,2,701.95493
2012,03,22,3,702.95771
2012,03,22,4,703.67166
2012,03,22,5,704.13552
2012,03,22,6,704.81002
2012,03,22,7,705.65542
2012,03,23,0,705.98188
2012,03,23,1,705.5912
2012,03,23,2,705.67332
2012,03,23,3,706.12545
2012,03,23,4,705.83906
2012,03,23,5,705.5183
2012,03,23,6,705.27344
2012,03,23,7,705.20905
2012,03,24,0,704.92522
2012,03,24,1,704.34911
2012,03,24,2,704.51904
2012,03,24,3,704.77845
2012,03,24,4,704.64362
2012,03,24,5,704.5116
2012,03,24,6,704.7052
2012,03,24,7,704.93639
2012,03,25,0,704.62682
2012,03,25,1,704.28394
2012,03,25,2,704.46332
2012,03,25,3,704.65547
2012,03,25,4,704.93039
2012,03,25,5,705.44771
2012,03,25,6,706.208
2012,03,25,7,707.0535
2012,03,26,0,707.85208
2012,03,26,1,708.45862
2012,03,26,2,708.79086
2012,03,26,3,709.08199
2012,03,26,4,708.8916
2012,03,26,5,708.82611
2012,03,26,6,708.57133
2012,03,26,7,708.2743
2012,03,27,0,708.3108
2012,03,27,1,707.79285
2012,03,27,2,706.96609
2012,03,27,3,706.36094
2012,03,27,4,705.80576
2012,03,27,5,705.09843
2012,03,27,6,704.68371
2012,03,27,7,704.44616
2012,03,28,0,704.01676
2012,03,28,1,703.28683
2012,03,28,2,702.05844
2012,03,28,3,701.08286
2012,03,28,4,700.30197
2012,03,28,5,699.56634
2012,03,28,6,699.13446
2012,03,28,7,699.26844
2012,03,29,0,699.19828
2012,03,29,1,698.86534
2012,03,29,2,698.80571
2012,03,29,3,698.87812
2012,03,29,4,698.70098
2012,03,29,5,698.39273
2012,03,29,6,698.78534
2012,03,29,7,699.30402
2012,03,30,0,699.22928
2012,03,30,1,698.70611
2012,03,30,2,698.39857
2012,03,30,3,697.89585
2012,03,30,4,697.56392
2012,03,30,5,697.50042
2012,03,30,6,697.37014
2012,03,30,7,697.41909
2012,03,31,0,697.4325
2012,03,31,1,697.11807
2012,03,31,2,697.02342
2012,03,31,3,697.0851
2012,03,31,4,697.7981
2012,03,31,5,698.28272
2012,03,31,6,698.61276
2012,03,31,7,699.54833
2013,03,1,0,700.30747
2013,03,1,1,700.67643
2013,03,1,2,701.19086
2013,03,1,3,702.11443
2013,03,1,4,702.35385
2013,03,1,5,702.68149
2013,03,1,6,703.41582
2013,03,1,7,703.93525
2013,03,2,0,704.10514
2013,03,2,1,703.90911
2013,03,2,2,704.44789
2013,03,2,3,704.84534
2013,03,2,4,704.92702
2013,03,2,5,704.97782
2013,03,2,6,705.10084
2013,03,2,7,705.17543
2013,03,3,0,704.37371
2013,03,3,1,703.93253
2013,03,3,2,704.15533
2013,03,3,3,704.08766
2013,03,3,4,703.72735
2013,03,3,5,703.33278
2013,03,3,6,703.58274
2013,03,3,7,703.56812
2013,03,4,0,703.68421
2013,03,4,1,703.94593
2013,03,4,2,704.22665
2013,03,4,3,704.20233
2013,03,4,4,703.94547
2013,03,4,5,703.62693
2013,03,4,6,703.13668
2013,03,4,7,702.51593
2013,03,5,0,701.95711
2013,03,5,1,700.96785
2013,03,5,2,699.94715
2013,03,5,3,699.13278
2013,03,5,4,698.60153
2013,03,5,5,698.0212
2013,03,5,6,697.76767
2013,03,5,7,697.75363
2013,03,6,0,697.77587
2013,03,6,1,697.41275
2013,03,6,2,697.22928
2013,03,6,3,697.37975
2013,03,6,4,697.80468
2013,03,6,5,697.87944
2013,03,6,6,698.35541
2013,03,6,7,698.8505
2013,03,7,0,698.81902
2013,03,7,1,699.04528
2013,03,7,2,699.36279
2013,03,7,3,699.73509
2013,03,7,4,700.04915
2013,03,7,5,699.86346
2013,03,7,6,699.31567
2013,03,7,7,699.03181
2013,03,8,0,699.20865
2013,03,8,1,699.03152
2013,03,8,2,699.08297
2013,03,8,3,699.00089
2013,03,8,4,698.97305
2013,03,8,5,698.8033
2013,03,8,6,699.06104
2013,03,8,7,699.62188
2013,03,9,0,699.79708
2013,03,9,1,699.72588
2013,03,9,2,699.28161
2013,03,9,3,698.92133
2013,03,9,4,698.94558
2013,03,9,5,698.44905
2013,03,9,6,698.1076
2013,03,9,7,697.56248
2013,03,10,0,696.87676
2013,03,10,1,695.94449
2013,03,10,2,695.16675
2013,03,10,3,694.42658
2013,03,10,4,694.11373
2013,03,10,5,693.88929
2013,03,10,6,693.59888
2013,03,10,7,693.73843
2013,03,11,0,693.871
2013,03,11,1,693.79892
2013,03,11,2,693.38478
2013,03,11,3,692.86319
2013,03,11,4,692.99465
2013,03,11,5,692.8911
2013,03,11,6,692.96087
2013,03,11,7,693.52663
2013,03,12,0,693.81107
2013,03,12,1,694.03125
2013,03,12,2,693.83853
2013,03,12,3,693.55634
2013,03,12,4,694.15986
2013,03,12,5,694.16868
2013,03,12,6,694.59675
2013,03,12,7,695.47047
2013,03,13,0,695.92806
2013,03,13,1,696.02907
2013,03,13,2,695.92198
2013,03,13,3,696.36343
2013,03,13,4,697.37572
2013,03,13,5,698.26485
2013,03,13,6,699.32954
2013,03,13,7,700.13804
2013,03,14,0,701.13668
2013,03,14,1,701.78201
2013,03,14,2,702.33931
2013,03,14,3,702.98246
2013,03,14,4,703.3028
2013,03,14,5,703.30318
2013,03,14,6,703.29944
2013,03,14,7,702.8894
2013,03,15,0,702.19074
2013,03,15,1,701.29354
2013,03,15,2,700.57965
2013,03,15,3,699.61118
2013,03,15,4,698.93202
2013,03,15,5,698.28202
2013,03,15,6,697.36491
2013,03,15,7,696.71478
2013,03,16,0,695.71282
2013,03,16,1,695.01082
2013,03,16,2,694.42132
2013,03,16,3,693.78258
2013,03,16,4,693.85126
2013,03,16,5,693.90756
2013,03,16,6,693.87898
2013,03,16,7,694.34342
2013,03,17,0,694.49843
2013,03,17,1,694.60274
2013,03,17,2,695.06967
2013,03,17,3,695.46622
2013,03,17,4,695.81961
2013,03,17,5,695.99975
2013,03,17,6,696.2961
2013,03,17,7,696.65108
2013,03,18,0,696.9667
2013,03,18,1,696.74243
2013,03,18,2,696.59019
2013,03,18,3,696.56068
2013,03,18,4,696.40886
2013,03,18,5,696.29619
2013,03,18,6,696.17906
2013,03,18,7,695.79367
2013,03,19,0,695.57146
2013,03,19,1,695.10441
2013,03,19,2,695.23165
2013,03,19,3,695.03213
2013,03,19,4,695.09228
2013,03,19,5,695.01626
2013,03,19,6,694.84983
2013,03,19,7,695.13563
2013,03,20,0,694.85178
2013,03,20,1,694.14963
2013,03,20,2,694.08749
2013,03,20,3,694.28227
2013,03,20,4,695.02991
2013,03,20,5,695.92359
2013,03,20,6,696.38616
2013,03,20,7,696.90499
2013,03,21,0,697.3729
2013,03,21,1,697.62416
2013,03,21,2,697.74075
2013,03,21,3,697.8749
2013,03,21,4,697.95713
2013,03,21,5,697.5804
2013,03,21,6,698.02615
2013,03,21,7,698.49443
2013,03,22,0,698.4691
2013,03,22,1,698.35749
2013,03,22,2,697.99476
2013,03,22,3,697.88013
2013,03,22,4,697.21921
2013,03,22,5,696.04575
2013,03,22,6,695.71078
2013,03,22,7,695.70423
2013,03,23,0,694.97153
2013,03,23,1,694.28148
2013,03,23,2,694.13202
2013,03,23,3,694.1074
2013,03,23,4,694.01767
2013,03,23,5,693.87726
2013,03,23,6,694.03076
2013,03,23,7,694.41999
2013,03,24,0,695.07765
2013,03,24,1,695.44533
2013,03,24,2,695.79469
2013,03,24,3,696.36838
2013,03,24,4,696.8575
2013,03,24,5,697.50424
2013,03,24,6,698.15169
2013,03,24,7,698.78989
2013,03,25,0,699.00161
2013,03,25,1,699.01471
2013,03,25,2,699.34514
2013,03,25,3,699.49161
2013,03,25,4,699.53984
2013,03,25,5,699.8112
2013,03,25,6,699.95381
2013,03,25,7,699.76687
2013,03,26,0,699.68928
2013,03,26,1,699.26334
2013,03,26,2,698.8532
2013,03,26,3,698.79862
2013,03,26,4,698.20673
2013,03,26,5,697.67005
2013,03,26,6,697.5516
2013,03,26,7,697.48222
2013,03,27,0,697.26539
2013,03,27,1,696.9207
2013,03,27,2,696.627
2013,03,27,3,696.04945
2013,03,27,4,696.02162
2013,03,27,5,696.40859
2013,03,27,6,696.58914
2013,03,27,7,696.23107
2013,03,28,0,695.80289
2013,03,28,1,695.62862
2013,03,28,2,695.38542
2013,03,28,3,695.44079
2013,03,28,4,695.26739
2013,03,28,5,695.18598
2013,03,28,6,695.09091
2013,03,28,7,695.10542
2013,03,29,0,694.69919
2013,03,29,1,694.32692
2013,03,29,2,694.18935
2013,03,29,3,693.9038
2013,03,29,4,693.91566
2013,03,29,5,694.10447
2013,03,29,6,695.07102
2013,03,29,7,695.93691
2013,03,30,0,696.38839
2013,03,30,1,696.73343
2013,03,30,2,697.25307
2013,03,30,3,697.7053
2013,03,30,4,697.46631
2013,03,30,5,697.22186
2013,03,30,6,697.00799
2013,03,30,7,696.74568
2013,03,31,0,696.65302
2013,03,31,1,696.05528
2013,03,31,2,695.60607
2013,03,31,3,695.1495
2013,03,31,4,694.21104
2013,03,31,5,693.00026
2013,03,31,6,692.06902
2013,03,31,7,691.25361
2013,03,1,0,690.48102
2013,03,1,1,689.90084
2013,03,1,2,689.57864
2013,03,1,3,689.36443
2013,03,1,4,689.15318
2013,03,1,5,689.12559
2013,03,1,6,689.269
2013,03,1,7,689.44056
2013,03,2,0,689.47229
2013,03,2,1,689.18408
2013,03,2,2,689.1672
2013,03,2,3,689.07652
2013,03,2,4,688.66128
2013,03,2,5,688.36701
2013,03,2,6,688.50554
2013,03,2,7,688.38109
2013,03,3,0,687.97924
2013,03,3,1,687.38419
2013,03,3,2,686.91042
2013,03,3,3,686.53392
2013,03,3,4,686.2975
2013,03,3,5,686.0222
2013,03,3,6,686.08078
2013,03,3,7,686.06366
2013,03,4,0,685.93043
2013,03,4,1,685.69729
2013,03,4,2,685.65128
2013,03,4,3,685.75565
2013,03,4,4,685.85763
2013,03,4,5,685.66798
2013,03,4,6,685.60423
2013,03,4,7,685.4427
2013,03,5,0,685.26009
2013,03,5,1,684.98626
2013,03,5,2,684.55594
2013,03,5,3,684.10668
2013,03,5,4,683.85105
2013,03,5,5,683.53864
2013,03,5,6,683.72909
2013,03,5,7,684.02602
2013,03,6,0,683.94019
2013,03,6,1,683.82052
2013,03,6,2,684.09332
2013,03,6,3,684.13839
2013,03,6,4,684.18771
2013,03,6,5,684.30301
2013,03,6,6,684.37457
2013,03,6,7,684.39007
2013,03,7,0,684.3221
2013,03,7,1,683.99133
2013,03,7,2,683.84928
2013,03,7,3,683.52273
2013,03,7,4,683.12806
2013,03,7,5,682.76856
2013,03,7,6,683.16615
2013,03,7,7,683.32878
2013,03,8,0,683.38502
2013,03,8,1,683.54469
2013,03,8,2,683.8866
2013,03,8,3,684.36438
2013,03,8,4,684.68428
2013,03,8,5,685.06897
2013,03,8,6,685.33156
2013,03,8,7,685.56904
2013,03,9,0,685.71965
2013,03,9,1,685.78727
2013,03,9,2,686.09591
2013,03,9,3,686.37534
2013,03,9,4,686.08545
2013,03,9,5,685.61863
2013,03,9,6,685.71703
2013,03,9,7,685.95831
2013,03,10,0,685.84578
2013,03,10,1,685.74424
2013,03,10,2,685.82951
2013,03,10,3,685.86025
2013,03,10,4,685.98055
2013,03,10,5,685.7434
2013,03,10,6,686.16738
2013,03,10,7,686.49381
2013,03,11,0,686.42286
2013,03,11,1,686.47381
2013,03,11,2,686.65581
2013,03,11,3,686.78671
2013,03,11,4,687.20636
2013,03,11,5,687.43942
2013,03,11,6,687.77049
2013,03,11,7,688.42702
2013,03,12,0,688.80146
2013,03,12,1,689.01479
2013,03,12,2,689.26741
2013,03,12,3,689.31801
2013,03,12,4,689.47544
2013,03,12,5,689.54813
2013,03,12,6,689.93165
2013,03,12,7,690.40468
2013,03,13,0,690.53933
2013,03,13,1,690.54876
2013,03,13,2,690.47293
2013,03,13,3,690.61949
2013,03,13,4,690.80838
2013,03,13,5,691.12368
2013,03,13,6,691.78153
2013,03,13,7,692.378
2013,03,14,0,692.97334
2013,03,14,1,693.20037
2013,03,14,2,693.39725
2013,03,14,3,693.71872
2013,03,14,4,694.0803
2013,03,14,5,693.89335
2013,03,14,6,694.05583
2013,03,14,7,694.40299
2013,03,15,0,694.16334
2013,03,15,1,693.53974
2013,03,15,2,693.29946
2013,03,15,3,693.10072
2013,03,15,4,692.38919
2013,03,15,5,691.24156
2013,03,15,6,690.76968
2013,03,15,7,690.35534
2013,03,16,0,689.97559
2013,03,16,1,689.0927
2013,03,16,2,688.27025
2013,03,16,3,687.92348
2013,03,16,4,687.33181
2013,03,16,5,686.8705
2013,03,16,6,686.8915
2013,03,16,7,686.79754
2013,03,17,0,686.55939
2013,03,17,1,686.11061
2013,03,17,2,685.98461
2013,03,17,3,686.23491
2013,03,17,4,686.70683
2013,03,17,5,687.16244
2013,03,17,6,687.61625
2013,03,17,7,688.4613
2013,03,18,0,688.77557
2013,03,18,1,688.77113
2013,03,18,2,689.35682
2013,03,18,3,690.20589
2013,03,18,4,690.47119
2013,03,18,5,690.56801
2013,03,18,6,691.20463
2013,03,18,7,691.79857
2013,03,19,0,692.03574
2013,03,19,1,692.23774
2013,03,19,2,692.47174
2013,03,19,3,692.80423
2013,03,19,4,693.17915
2013,03,19,5,693.55125
2013,03,19,6,693.73046
2013,03,19,7,694.13446
2013,03,20,0,695.29937
2013,03,20,1,695.81764
2013,03,20,2,695.88429
2013,03,20,3,696.14731
2013,03,20,4,696.14925
2013,03,20,5,695.94302
2013,03,20,6,695.16845
2013,03,20,7,694.29963
2013,03,21,0,694.22671
2013,03,21,1,694.53442
2013,03,21,2,694.74845
2013,03,21,3,694.33071
2013,03,21,4,693.61316
2013,03,21,5,692.29477
2013,03,21,6,691.33029
2013,03,21,7,690.61793
2013,03,22,0,691.03303
2013,03,22,1,691.45974
2013,03,22,2,691.27106
2013,03,22,3,691.44899
2013,03,22,4,691.69279
2013,03,22,5,691.96529
2013,03,22,6,692.02359
2013,03,22,7,691.9362
2013,03,23,0,691.82167
2013,03,23,1,691.76761
2013,03,23,2,692.00159
2013,03,23,3,692.55351
2013,03,23,4,692.81051
2013,03,23,5,693.165
2013,03,23,6,693.7996
2013,03,23,7,694.36328
2013,03,24,0,694.69418
2013,03,24,1,694.75889
2013,03,24,2,694.77155
2013,03,24,3,694.76586
2013,03,24,4,694.50746
2013,03,24,5,694.17651
2013,03,24,6,693.4646
2013,03,24,7,693.11246
2013,03,25,0,692.65457
2013,03,25,1,691.82787
2013,03,25,2,691.25637
2013,03,25,3,690.80777
2013,03,25,4,690.13065
2013,03,25,5,689.67405
2013,03,25,6,689.42389
2013,03,25,7,689.34651
2013,03,26,0,688.42647
2013,03,26,1,687.04028
2013,03,26,2,686.48098
2013,03,26,3,686.35183
2013,03,26,4,685.79193
2013,03,26,5,685.75497
2013,03,26,6,686.19336
2013,03,26,7,686.72111
2013,03,27,0,687.05512
2013,03,27,1,687.09074
2013,03,27,2,687.38445
2013,03,27,3,688.07322
2013,03,27,4,688.88793
2013,03,27,5,689.03478
2013,03,27,6,689.99718
2013,03,27,7,691.33944
2013,03,28,0,691.58796
2013,03,28,1,691.21092
2013,03,28,2,691.66949
2013,03,28,3,692.28559
2013,03,28,4,692.41564
2013,03,28,5,692.08989
2013,03,28,6,691.84729
2013,03,28,7,691.90073
2013,03,1,0,691.60837
2013,03,1,1,690.79722
2013,03,1,2,690.06556
2013,03,1,3,689.72594
2013,03,1,4,689.36855
2013,03,1,5,688.78607
2013,03,1,6,688.42867
2013,03,1,7,688.20152
2013,03,2,0,688.05662
2013,03,2,1,687.69905
2013,03,2,2,687.69702
2013,03,2,3,687.76848
2013,03,2,4,687.8618
2013,03,2,5,687.85393
2013,03,2,6,688.16553
2013,03,2,7,688.68756
2013,03,3,0,688.98458
2013,03,3,1,689.16577
2013,03,3,2,689.56259
2013,03,3,3,689.89879
2013,03,3,4,690.67927
2013,03,3,5,691.35028
2013,03,3,6,691.56544
2013,03,3,7,691.53473
2013,03,4,0,691.35945
2013,03,4,1,690.80003
2013,03,4,2,690.32058
2013,03,4,3,689.74143
2013,03,4,4,689.0621
2013,03,4,5,688.12279
2013,03,4,6,687.4056
2013,03,4,7,686.65578
2013,03,5,0,685.73872
2013,03,5,1,684.62254
2013,03,5,2,683.30479
2013,03,5,3,682.43865
2013,03,5,4,682.13844
2013,03,5,5,681.76667
2013,03,5,6,681.91973
2013,03,5,7,682.44146
2013,03,6,0,682.95428
2013,03,6,1,683.16263
2013,03,6,2,683.79623
2013,03,6,3,685.00217
2013,03,6,4,686.43526
2013,03,6,5,687.32055
2013,03,6,6,688.29568
2013,03,6,7,689.45106
2013,03,7,0,690.21013
2013,03,7,1,690.58307
2013,03,7,2,691.49809
2013,03,7,3,692.15103
2013,03,7,4,692.2122
2013,03,7,5,692.1499
2013,03,7,6,692.45524
2013,03,7,7,692.44559
2013,03,8,0,692.17801
2013,03,8,1,691.77707
2013,03,8,2,691.70111
2013,03,8,3,691.48133
2013,03,8,4,691.56056
2013,03,8,5,691.7743
2013,03,8,6,691.69509
2013,03,8,7,691.44265
2013,03,9,0,691.78865
2013,03,9,1,691.99945
2013,03,9,2,691.96943
2013,03,9,3,691.63971
2013,03,9,4,691.64365
2013,03,9,5,691.70546
2013,03,9,6,692.01297
2013,03,9,7,692.23085
2013,03,10,0,692.61323
2013,03,10,1,692.74243
2013,03,10,2,693.01703
2013,03,10,3,693.12458
2013,03,10,4,693.31493
2013,03,10,5,692.69909
2013,03,10,6,692.46971
2013,03,10,7,692.86743
2013,03,11,0,693.27872
2013,03,11,1,693.41987
2013,03,11,2,694.30266
2013,03,11,3,694.85826
2013,03,11,4,694.98353
2013,03,11,5,694.83243
2013,03,11,6,693.92149
2013,03,11,7,693.75397
2013,03,12,0,694.33593
2013,03,12,1,694.2501
2013,03,12,2,694.31873
2013,03,12,3,694.23556
2013,03,12,4,693.82297
2013,03,12,5,693.43355
2013,03,12,6,693.25697
2013,03,12,7,692.65917
2013,03,13,0,692.30738
2013,03,13,1,691.3461
2013,03,13,2,690.89334
2013,03,13,3,690.84081
2013,03,13,4,690.67414
2013,03,13,5,690.36725
2013,03,13,6,690.33852
2013,03,13,7,690.63823
2013,03,14,0,690.7378
2013,03,14,1,690.39534
2013,03,14,2,690.95649
2013,03,14,3,691.4791
2013,03,14,4,692.02447
2013,03,14,5,691.72311
2013,03,14,6,691.16146
2013,03,14,7,690.77401
2013,03,15,0,690.07769
2013,03,15,1,689.2873
2013,03,15,2,689.75781
2013,03,15,3,689.98207
2013,03,15,4,689.2523
2013,03,15,5,688.52593
2013,03,15,6,688.36719
2013,03,15,7,688.38154
2013,03,16,0,688.38279
2013,03,16,1,688.36361
2013,03,16,2,688.73449
2013,03,16,3,688.79863
2013,03,16,4,689.04792
2013,03,16,5,688.97755
2013,03,16,6,689.24546
2013,03,16,7,689.49326
2013,03,17,0,689.27162
2013,03,17,1,689.16452
2013,03,17,2,689.14245
2013,03,17,3,689.09072
2013,03,17,4,689.0146
2013,03,17,5,688.64146
2013,03,17,6,688.79781
2013,03,17,7,689.19073
2013,03,18,0,689.9704
2013,03,18,1,690.35832
2013,03,18,2,690.39597
2013,03,18,3,690.55497
2013,03,18,4,691.39258
2013,03,18,5,691.4525
2013,03,18,6,691.05623
2013,03,18,7,690.61856
2013,03,19,0,689.59164
2013,03,19,1,688.2011
2013,03,19,2,687.17318
2013,03,19,3,686.04865
2013,03,19,4,685.47374
2013,03,19,5,684.49213
2013,03,19,6,683.33646
2013,03,19,7,682.37722
2013,03,20,0,681.62951
2013,03,20,1,681.12328
2013,03,20,2,680.57596
2013,03,20,3,680.16498
2013,03,20,4,680.2482
2013,03,20,5,680.25723
2013,03,20,6,679.91967
2013,03,20,7,679.85706
2013,03,21,0,680.57767
2013,03,21,1,680.95649
2013,03,21,2,681.35884
2013,03,21,3,681.94985
2013,03,21,4,682.70115
2013,03,21,5,683.22842
2013,03,21,6,683.47041
2013,03,21,7,683.85641
2013,03,22,0,683.94909
2013,03,22,1,683.49177
2013,03,22,2,683.75535
2013,03,22,3,683.94444
2013,03,22,4,684.12003
2013,03,22,5,684.24662
2013,03,22,6,684.13619
2013,03,22,7,684.16884
2013,03,23,0,684.26961
2013,03,23,1,684.01689
2013,03,23,2,683.79028
2013,03,23,3,683.46084
2013,03,23,4,683.77875
2013,03,23,5,683.83041
2013,03,23,6,683.74103
2013,03,23,7,683.65612
2013,03,24,0,683.51077
2013,03,24,1,682.8574
2013,03,24,2,682.20772
2013,03,24,3,681.36853
2013,03,24,4,680.69579
2013,03,24,5,680.06854
2013,03,24,6,679.56192
2013,03,24,7,679.05419
2013,03,25,0,678.82314
2013,03,25,1,678.4841
2013,03,25,2,678.6329
2013,03,25,3,679.2694
2013,03,25,4,680.03019
2013,03,25,5,680.40528
2013,03,25,6,681.63737
2013,03,25,7,682.80415
2013,03,26,0,683.53762
2013,03,26,1,684.14889
2013,03,26,2,684.30763
2013,03,26,3,684.52491
2013,03,26,4,685.12557
2013,03,26,5,685.05905
2013,03,26,6,685.43057
2013,03,26,7,685.42205
2013,03,27,0,684.63199
2013,03,27,1,683.24529
2013,03,27,2,682.50239
2013,03,27,3,681.79459
2013,03,27,4,682.65265
2013,03,27,5,683.36168
2013,03,27,6,683.96443
2013,03,27,7,684.47031
2013,03,28,0,684.70187
2013,03,28,1,684.20957
2013,03,28,2,683.98281
2013,03,28,3,683.54288
2013,03,28,4,683.52403
2013,03,28,5,683.66415
2013,03,28,6,684.08584
2013,03,28,7,684.85643
2013,03,29,0,685.7143
2013,03,29,1,686.56971
2013,03,29,2,687.56751
2013,03,29,3,688.15571
2013,03,29,4,688.12003
2013,03,29,5,688.07361
2013,03,29,6,688.12151
2013,03,29,7,688.28608
2013,03,30,0,687.87521
2013,03,30,1,687.08656
2013,03,30,2,687.12953
2013,03,30,3,687.23795
2013,03,30,4,686.79192
2013,03,30,5,686.27111
2013,03,30,6,685.68066
2013,03,30,7,684.93914
2013,03,31,0,683.26516
2013,03,31,1,682.01009
2013,03,31,2,682.0424
2013,03,31,3,681.6336
2013,03,31,4,681.13512
2013,03,31,5,680.38144
2013,03,31,6,679.08561
2013,03,31,7,678.09128
2013,03,1,0,677.9537
2013,03,1,1,677.46428
2013,03,1,2,677.42089
2013,03,1,3,677.28311
2013,03,1,4,677.30894
2013,03,1,5,677.77258
2013,03,1,6,677.94545
2013,03,1,7,678.0209
2013,03,2,0,678.31927
2013,03,2,1,678.38645
2013,03,2,2,678.291
2013,03,2,3,678.33542
2013,03,2,4,678.4988
2013,03,2,5,678.5666
2013,03,2,6,678.9731
2013,03,2,7,679.23123
2013,03,3,0,679.68739
2013,03,3,1,679.97879
2013,03,3,2,680.08616
2013,03,3,3,681.21322
2013,03,3,4,681.98005
2013,03,3,5,682.76145
2013,03,3,6,683.49329
2013,03,3,7,684.32838
2013,03,4,0,685.19468
2013,03,4,1,685.15611
2013,03,4,2,685.18581
2013,03,4,3,685.31109
2013,03,4,4,685.07557
2013,03,4,5,684.56041
2013,03,4,6,684.01543
2013,03,4,7,683.40566
2013,03,5,0,682.48224
2013,03,5,1,681.44108
2013,03,5,2,680.99914
2013,03,5,3,680.6362
2013,03,5,4,680.29396
2013,03,5,5,680.10181
2013,03,5,6,680.46513
2013,03,5,7,681.23232
2013,03,6,0,681.92361
2013,03,6,1,682.51225
2013,03,6,2,683.91977
2013,03,6,3,685.42906
2013,03,6,4,686.13906
2013,03,6,5,686.75086
2013,03,6,6,687.45988
2013,03,6,7,688.60996
2013,03,7,0,689.88346
2013,03,7,1,690.73803
2013,03,7,2,691.86117
2013,03,7,3,693.00797
2013,03,7,4,693.85759
2013,03,7,5,694.45988
2013,03,7,6,695.81723
2013,03,7,7,696.82586
2013,03,8,0,697.32485
2013,03,8,1,697.14
2013,03,8,2,697.04917
2013,03,8,3,696.62714
2013,03,8,4,696.20382
2013,03,8,5,695.72767
2013,03,8,6,694.56666
2013,03,8,7,693.37331
2013,03,9,0,691.70775
2013,03,9,1,689.72803
2013,03,9,2,687.72528
2013,03,9,3,686.35075
2013,03,9,4,686.06929
2013,03,9,5,685.97081
2013,03,9,6,686.95168
2013,03,9,7,687.68366
2013,03,10,0,687.85014
2013,03,10,1,688.13131
2013,03,10,2,689.03855
2013,03,10,3,689.78122
2013,03,10,4,690.58323
2013,03,10,5,690.97576
2013,03,10,6,690.50801
2013,03,10,7,690.04466
2013,03,11,0,688.82741
2013,03,11,1,687.68888
2013,03,11,2,687.43552
2013,03,11,3,687.37958
2013,03,11,4,687.55083
2013,03,11,5,687.32806
2013,03,11,6,687.47782
2013,03,11,7,687.70148
2013,03,12,0,687.81455
2013,03,12,1,687.72683
2013,03,12,2,687.24946
2013,03,12,3,686.59364
2013,03,12,4,686.11471
2013,03,12,5,685.39195
2013,03,12,6,684.82198
2013,03,12,7,684.35297
2013,03,13,0,683.9898
2013,03,13,1,683.68751
2013,03,13,2,683.77469
2013,03,13,3,683.82666
2013,03,13,4,683.92338
2013,03,13,5,684.18135
2013,03,13,6,684.69486
2013,03,13,7,685.00744
2013,03,14,0,684.61381
2013,03,14,1,683.9523
2013,03,14,2,684.47697
2013,03,14,3,684.80711
2013,03,14,4,684.99316
2013,03,14,5,685.55601
2013,03,14,6,686.04267
2013,03,14,7,686.51645
2013,03,15,0,687.22836
2013,03,15,1,687.54946
2013,03,15,2,688.20911
2013,03,15,3,688.80652
2013,03,15,4,689.02387
2013,03,15,5,689.23491
2013,03,15,6,690.0685
2013,03,15,7,690.17247
2013,03,16,0,690.13884
2013,03,16,1,689.66213
2013,03,16,2,688.88618
2013,03,16,3,688.1014
2013,03,16,4,687.56404
2013,03,16,5,686.98575
2013,03,16,6,686.07517
2013,03,16,7,685.11591
2013,03,17,0,684.03976
2013,03,17,1,683.73955
2013,03,17,2,684.50837
2013,03,17,3,686.12019
2013,03,17,4,687.65462
2013,03,17,5,689.21551
2013,03,17,6,691.20234
2013,03,17,7,692.24024
2013,03,18,0,691.70076
2013,03,18,1,690.47484
2013,03,18,2,690.4099
2013,03,18,3,690.49056
2013,03,18,4,690.62835
2013,03,18,5,690.38861
2013,03,18,6,689.82191
2013,03,18,7,689.49422
2013,03,19,0,688.44852
2013,03,19,1,687.39603
2013,03,19,2,686.74668
2013,03,19,3,685.8257
2013,03,19,4,684.57585
2013,03,19,5,683.29494
2013,03,19,6,682.87731
2013,03,19,7,683.12435
2013,03,20,0,682.72264
2013,03,20,1,682.34932
2013,03,20,2,683.20707
2013,03,20,3,683.99606
2013,03,20,4,684.60563
2013,03,20,5,685.23198
2013,03,20,6,686.26352
2013,03,20,7,687.43192
2013,03,21,0,688.09958
2013,03,21,1,688.42164
2013,03,21,2,688.72493
2013,03,21,3,689.03826
2013,03,21,4,689.61396
2013,03,21,5,689.84944
2013,03,21,6,689.50141
2013,03,21,7,689.44516
2013,03,22,0,688.9095
2013,03,22,1,688.18541
2013,03,22,2,687.98029
2013,03,22,3,687.9284
2013,03,22,4,687.59651
2013,03,22,5,687.09863
2013,03,22,6,686.61767
2013,03,22,7,686.08655
2013,03,23,0,685.37961
2013,03,23,1,684.8678
2013,03,23,2,684.60983
2013,03,23,3,684.6657
2013,03,23,4,684.44924
2013,03,23,5,684.67425
2013,03,23,6,685.31534
2013,03,23,7,685.97297
2013,03,24,0,686.78216
2013,03,24,1,687.63525
2013,03,24,2,688.42979
2013,03,24,3,688.99168
2013,03,24,4,689.16401
2013,03,24,5,689.25683
2013,03,24,6,689.10699
2013,03,24,7,688.84797
2013,03,25,0,688.46076
2013,03,25,1,687.77479
2013,03,25,2,687.59293
2013,03,25,3,687.32694
2013,03,25,4,686.32731
2013,03,25,5,685.55272
2013,03,25,6,684.97269
2013,03,25,7,684.81039
2013,03,26,0,684.71751
2013,03,26,1,684.84518
2013,03,26,2,685.2122
2013,03,26,3,685.94791
2013,03,26,4,685.62539
2013,03,26,5,685.29867
2013,03,26,6,685.27138
2013,03,26,7,685.23031
2013,03,27,0,685.10958
2013,03,27,1,684.59777
2013,03,27,2,684.83635
2013,03,27,3,685.55435
2013,03,27,4,686.30057
2013,03,27,5,686.90055
2013,03,27,6,687.27696
2013,03,27,7,687.62889
2013,03,28,0,687.74664
2013,03,28,1,687.67233
2013,03,28,2,688.22987
2013,03,28,3,689.28647
2013,03,28,4,689.74182
2013,03,28,5,689.97109
2013,03,28,6,690.33564
2013,03,28,7,690.62243
2013,03,29,0,691.36112
2013,03,29,1,691.71384
2013,03,29,2,692.44902
2013,03,29,3,693.12736
2013,03,29,4,693.38986
2013,03,29,5,693.75943
2013,03,29,6,693.65732
2013,03,29,7,694.08614
2013,03,30,0,694.25102
2013,03,30,1,694.18188
2013,03,30,2,694.43082
2013,03,30,3,694.78209
2013,03,30,4,694.96072
2013,03,30,5,695.06888
2013,03,30,6,694.684
2013,03,30,7,694.54084
2013,03,1,0,694.43893
2013,03,1,1,694.19252
2013,03,1,2,694.23425
2013,03,1,3,694.06276
2013,03,1,4,692.98592
2013,03,1,5,691.827
2013,03,1,6,691.27163
2013,03,1,7,690.63689
2013,03,2,0,689.82809
2013,03,2,1,688.66875
2013,03,2,2,688.69316
2013,03,2,3,688.86652
2013,03,2,4,688.05149
2013,03,2,5,687.72412
2013,03,2,6,687.74658
2013,03,2,7,687.95935
2013,03,3,0,687.91882
2013,03,3,1,687.99965
2013,03,3,2,688.17509
2013,03,3,3,688.16274
2013,03,3,4,687.95176
2013,03,3,5,687.67431
2013,03,3,6,687.54056
2013,03,3,7,687.37839
2013,03,4,0,686.9017
2013,03,4,1,686.13258
2013,03,4,2,685.70507
2013,03,4,3,685.15186
2013,03,4,4,684.25163
2013,03,4,5,683.51907
2013,03,4,6,682.99881
2013,03,4,7,682.80051
2013,03,5,0,682.0663
2013,03,5,1,681.42064
2013,03,5,2,681.61739
2013,03,5,3,681.98693
2013,03,5,4,682.14131
2013,03,5,5,682.29758
2013,03,5,6,682.65686
2013,03,5,7,683.11641
2013,03,6,0,683.41805
2013,03,6,1,683.11154
2013,03,6,2,682.86775
2013,03,6,3,683.13361
2013,03,6,4,683.29573
2013,03,6,5,683.18434
2013,03,6,6,683.35735
2013,03,6,7,683.43624
2013,03,7,0,683.48728
2013,03,7,1,683.37606
2013,03,7,2,683.2943
2013,03,7,3,683.71639
2013,03,7,4,684.15288
2013,03,7,5,684.62508
2013,03,7,6,684.68418
2013,03,7,7,685.31857
2013,03,8,0,686.30839
2013,03,8,1,687.21576
2013,03,8,2,687.49728
2013,03,8,3,687.8197
2013,03,8,4,688.08406
2013,03,8,5,688.03316
2013,03,8,6,687.57429
2013,03,8,7,687.06535
2013,03,9,0,686.10949
2013,03,9,1,684.70086
2013,03,9,2,683.85377
2013,03,9,3,683.11765
2013,03,9,4,682.10341
2013,03,9,5,681.4831
2013,03,9,6,680.47367
2013,03,9,7,679.13564
2013,03,10,0,678.50188
2013,03,10,1,678.01837
2013,03,10,2,677.80078
2013,03,10,3,678.11035
2013,03,10,4,678.44694
2013,03,10,5,678.84735
2013,03,10,6,679.6712
2013,03,10,7,680.52953
2013,03,11,0,681.56483
2013,03,11,1,682.27795
2013,03,11,2,682.69938
2013,03,11,3,683.03297
2013,03,11,4,683.83117
2013,03,11,5,684.42405
2013,03,11,6,684.41622
2013,03,11,7,684.58477
2013,03,12,0,685.01162
2013,03,12,1,684.76251
2013,03,12,2,685.01869
2013,03,12,3,685.15577
2013,03,12,4,684.695
2013,03,12,5,683.96659
2013,03,12,6,684.0105
2013,03,12,7,684.75885
2013,03,13,0,685.40543
2013,03,13,1,685.60811
2013,03,13,2,686.87677
2013,03,13,3,688.17911
2013,03,13,4,689.60072
2013,03,13,5,690.49688
2013,03,13,6,691.40441
2013,03,13,7,691.72483
2013,03,14,0,691.37519
2013,03,14,1,690.95205
2013,03,14,2,690.94882
2013,03,14,3,690.78111
2013,03,14,4,689.5357
2013,03,14,5,688.91763
2013,03,14,6,688.49245
2013,03,14,7,687.72175
2013,03,15,0,687.52834
2013,03,15,1,686.82883
2013,03,15,2,686.9701
2013,03,15,3,686.77845
2013,03,15,4,686.76566
2013,03,15,5,687.11759
2013,03,15,6,687.59859
2013,03,15,7,688.03865
2013,03,16,0,688.12606
2013,03,16,1,688.47027
2013,03,16,2,688.68747
2013,03,16,3,688.6052
2013,03,16,4,688.26244
2013,03,16,5,687.92773
2013,03,16,6,687.90279
2013,03,16,7,687.74437
2013,03,17,0,687.74956
2013,03,17,1,687.89301
2013,03,17,2,688.63787
2013,03,17,3,689.15742
2013,03,17,4,689.27994
2013,03,17,5,689.34206
2013,03,17,6,689.49962
2013,03,17,7,689.6088
2013,03,18,0,689.44443
2013,03,18,1,689.35896
2013,03,18,2,689.46387
2013,03,18,3,689.44744
2013,03,18,4,689.10719
2013,03,18,5,688.64928
2013,03,18,6,688.28836
2013,03,18,7,687.98425
2013,03,19,0,688.16618
2013,03,19,1,688.67399
2013,03,19,2,688.95235
2013,03,19,3,689.00425
2013,03,19,4,688.97965
2013,03,19,5,689.03759
2013,03,19,6,689.63814
2013,03,19,7,690.0116
2013,03,20,0,689.97436
2013,03,20,1,689.82891
2013,03,20,2,689.27455
2013,03,20,3,688.6983
2013,03,20,4,687.48469
2013,03,20,5,685.77597
2013,03,20,6,684.85295
2013,03,20,7,684.61219
2013,03,21,0,684.21342
2013,03,21,1,683.63188
2013,03,21,2,683.40843
2013,03,21,3,683.49444
2013,03,21,4,683.39254
2013,03,21,5,683.53276
2013,03,21,6,683.75063
2013,03,21,7,684.04348
2013,03,22,0,684.38651
2013,03,22,1,684.66091
2013,03,22,2,684.70126
2013,03,22,3,684.79077
2013,03,22,4,684.26603
2013,03,22,5,684.12723
2013,03,22,6,684.70141
2013,03,22,7,684.90926
2013,03,23,0,685.64646
2013,03,23,1,686.60369
2013,03,23,2,687.0091
2013,03,23,3,687.52947
2013,03,23,4,687.29305
2013,03,23,5,687.5336
2013,03,23,6,688.8509
2013,03,23,7,689.976
2013,03,24,0,690.29457
2013,03,24,1,690.85856
2013,03,24,2,691.35566
2013,03,24,3,691.61699
2013,03,24,4,691.01229
2013,03,24,5,690.14795
2013,03,24,6,689.33347
2013,03,24,7,688.67409
2013,03,25,0,687.85471
2013,03,25,1,687.1291
2013,03,25,2,687.27465
2013,03,25,3,687.08021
2013,03,25,4,685.66148
2013,03,25,5,685.00781
2013,03,25,6,684.65707
2013,03,25,7,684.54798
2013,03,26,0,683.81329
2013,03,26,1,683.50285
2013,03,26,2,683.85659
2013,03,26,3,684.13353
2013,03,26,4,684.55146
2013,03,26,5,684.84216
2013,03,26,6,684.91956
2013,03,26,7,684.74488
2013,03,27,0,684.58245
2013,03,27,1,684.56916
2013,03,27,2,684.47162
2013,03,27,3,684.64371
2013,03,27,4,685.47229
2013,03,27,5,685.93614
2013,03,27,6,686.30966
2013,03,27,7,686.73554
2013,03,28,0,686.30811
2013,03,28,1,685.85754
2013,03,28,2,685.49764
2013,03,28,3,685.00116
2013,03,28,4,684.74931
2013,03,28,5,684.76902
2013,03,28,6,685.37581
2013,03,28,7,686.12944
2013,03,29,0,686.87257
2013,03,29,1,687.5485
2013,03,29,2,688.34937
2013,03,29,3,689.02589
2013,03,29,4,689.38229
2013,03,29,5,689.99489
2013,03,29,6,690.62412
2013,03,29,7,691.03353
2013,03,30,0,691.43489
2013,03,30,1,691.66691
2013,03,30,2,692.36626
2013,03,30,3,692.91209
2013,03,30,4,692.30822
2013,03,30,5,691.35525
2013,03,30,6,691.78996
2013,03,30,7,692.04684
2013,03,31,0,690.95852
2013,03,31,1,690.03002
2013,03,31,2,689.92655
2013,03,31,3,690.06285
2013,03,31,4,690.20913
2013,03,31,5,690.34859
2013,03,31,6,691.15459
2013,03,31,7,691.99853
2013,03,1,0,691.78784
2013,03,1,1,690.65397
2013,03,1,2,690.2971
2013,03,1,3,690.04793
2013,03,1,4,689.27303
2013,03,1,5,688.75238
2013,03,1,6,687.67276
2013,03,1,7,686.22393
2013,03,2,0,684.4934
2013,03,2,1,683.2243
2013,03,2,2,682.20815
2013,03,2,3,681.8509
2013,03,2,4,682.99341
2013,03,2,5,683.77238
2013,03,2,6,684.0457
2013,03,2,7,684.99767
2013,03,3,0,686.96147
2013,03,3,1,688.47364
2013,03,3,2,689.41587
2013,03,3,3,689.55032
2013,03,3,4,688.69859
2013,03,3,5,687.42781
2013,03,3,6,686.22037
2013,03,3,7,685.41399
2013,03,4,0,684.80495
2013,03,4,1,684.31678
2013,03,4,2,683.285
2013,03,4,3,682.20827
2013,03,4,4,682.51815
2013,03,4,5,683.01865
2013,03,4,6,683.13873
2013,03,4,7,683.27114
2013,03,5,0,683.55367
2013,03,5,1,683.44337
2013,03,5,2,683.21903
2013,03,5,3,682.88734
2013,03,5,4,682.67656
2013,03,5,5,682.25791
2013,03,5,6,681.70758
2013,03,5,7,681.24467
2013,03,6,0,680.54453
2013,03,6,1,679.62521
2013,03,6,2,678.61549
2013,03,6,3,677.86867
2013,03,6,4,677.62563
2013,03,6,5,677.59872
2013,03,6,6,677.79445
2013,03,6,7,678.22342
2013,03,7,0,678.70032
2013,03,7,1,678.8779
2013,03,7,2,679.18041
2013,03,7,3,679.65792
2013,03,7,4,679.93401
2013,03,7,5,680.62312
2013,03,7,6,681.53947
2013,03,7,7,682.42005
2013,03,8,0,682.90889
2013,03,8,1,683.14664
2013,03,8,2,683.55743
2013,03,8,3,684.1316
2013,03,8,4,684.70217
2013,03,8,5,685.42098
2013,03,8,6,686.37671
2013,03,8,7,687.1867
2013,03,9,0,687.83279
2013,03,9,1,688.12138
2013,03,9,2,688.17232
2013,03,9,3,688.39774
2013,03,9,4,688.5067
2013,03,9,5,689.15725
2013,03,9,6,689.66128
2013,03,9,7,689.96603
2013,03,10,0,690.30037
2013,03,10,1,690.33623
2013,03,10,2,690.76901
2013,03,10,3,691.43125
2013,03,10,4,691.88122
2013,03,10,5,692.05739
2013,03,10,6,691.82906
2013,03,10,7,691.75617
2013,03,11,0,691.84266
2013,03,11,1,691.91874
2013,03,11,2,692.01424
2013,03,11,3,692.10732
2013,03,11,4,692.97046
2013,03,11,5,693.45831
2013,03,11,6,693.37258
2013,03,11,7,692.99392
2013,03,12,0,691.64334
2013,03,12,1,690.72696
2013,03,12,2,690.65493
2013,03,12,3,691.25554
2013,03,12,4,691.24618
2013,03,12,5,691.24681
2013,03,12,6,691.5026
2013,03,12,7,691.64936
2013,03,13,0,691.48952
2013,03,13,1,692.28977
2013,03,13,2,693.6106
2013,03,13,3,695.49289
2013,03,13,4,697.58571
2013,03,13,5,698.7733
2013,03,13,6,699.12021
2013,03,13,7,699.29139
2013,03,14,0,699.15743
2013,03,14,1,698.56682
2013,03,14,2,697.9089
2013,03,14,3,697.46285
2013,03,14,4,697.17368
2013,03,14,5,697.17944
2013,03,14,6,697.87391
2013,03,14,7,698.31941
2013,03,15,0,698.91422
2013,03,15,1,698.64568
2013,03,15,2,698.02698
2013,03,15,3,697.33203
2013,03,15,4,695.9219
2013,03,15,5,694.66546
2013,03,15,6,694.66924
2013,03,15,7,695.4009
2013,03,16,0,695.70183
2013,03,16,1,695.22297
2013,03,16,2,695.77456
2013,03,16,3,696.45804
2013,03,16,4,696.35763
2013,03,16,5,696.28504
2013,03,16,6,696.47051
2013,03,16,7,696.92297
2013,03,17,0,697.97209
2013,03,17,1,698.80098
2013,03,17,2,699.34671
2013,03,17,3,699.02161
2013,03,17,4,698.4365
2013,03,17,5,696.90543
2013,03,17,6,698.97703
2013,03,17,7,701.2394
2013,03,18,0,702.95725
2013,03,18,1,704.47234
2013,03,18,2,705.52243
2013,03,18,3,707.06074
2013,03,18,4,707.83405
2013,03,18,5,707.97385
2013,03,18,6,707.23033
2013,03,18,7,706.22271
2013,03,19,0,706.28333
2013,03,19,1,706.14295
2013,03,19,2,705.67404
2013,03,19,3,706.18321
2013,03,19,4,706.6174
2013,03,19,5,706.97874
2013,03,19,6,707.28647
2013,03,19,7,707.61554
2013,03,20,0,708.17985
2013,03,20,1,708.34374
2013,03,20,2,708.15492
2013,03,20,3,708.14885
2013,03,20,4,706.97517
2013,03,20,5,705.65149
2013,03,20,6,705.07488
2013,03,20,7,704.72413
2013,03,21,0,704.35416
2013,03,21,1,703.86565
2013,03,21,2,704.06543
2013,03,21,3,703.68737
2013,03,21,4,703.37971
2013,03,21,5,702.98752
2013,03,21,6,701.78892
2013,03,21,7,700.74048
2013,03,22,0,699.94765
2013,03,22,1,699.63221
2013,03,22,2,699.25828
2013,03,22,3,698.92935
2013,03,22,4,698.29367
2013,03,22,5,697.40923
2013,03,22,6,696.26777
2013,03,22,7,695.58018
2013,03,23,0,696.1906
2013,03,23,1,697.96238
2013,03,23,2,699.31436
2013,03,23,3,700.43636
2013,03,23,4,702.40076
2013,03,23,5,704.20186
2013,03,23,6,705.7463
2013,03,23,7,707.01849
2013,03,24,0,707.49036
2013,03,24,1,708.37739
2013,03,24,2,708.33652
2013,03,24,3,707.99774
2013,03,24,4,707.67072
2013,03,24,5,707.53611
2013,03,24,6,707.3488
2013,03,24,7,706.75126
2013,03,25,0,706.07748
2013,03,25,1,705.48148
2013,03,25,2,705.10655
2013,03,25,3,704.60267
2013,03,25,4,704.12606
2013,03,25,5,703.50667
2013,03,25,6,702.82767
2013,03,25,7,702.43215
2013,03,26,0,701.17592
2013,03,26,1,700.12822
2013,03,26,2,699.86877
2013,03,26,3,699.79953
2013,03,26,4,699.96324
2013,03,26,5,700.14936
2013,03,26,6,700.03695
2013,03,26,7,699.87117
2013,03,27,0,699.66541
2013,03,27,1,699.23236
2013,03,27,2,699.33897
2013,03,27,3,699.27109
2013,03,27,4,698.92437
2013,03,27,5,698.59334
2013,03,27,6,698.30446
2013,03,27,7,698.4581
2013,03,28,0,699.37661
2013,03,28,1,700.09138
2013,03,28,2,700.5877
2013,03,28,3,700.87992
2013,03,28,4,701.10757
2013,03,28,5,701.37102
2013,03,28,6,701.57688
2013,03,28,7,701.9015
2013,03,29,0,702.00277
2013,03,29,1,701.66699
2013,03,29,2,700.94845
2013,03,29,3,700.49814
2013,03,29,4,700.55883
2013,03,29,5,699.74412
2013,03,29,6,698.30373
2013,03,29,7,696.73363
2013,03,30,0,694.77561
2013,03,30,1,692.57793
2013,03,30,2,691.42161
2013,03,30,3,690.42693
2013,03,30,4,689.86876
2013,03,30,5,688.99038
2013,03,30,6,688.48657
2013,03,30,7,689.0143
2013,03,1,0,688.94223
2013,03,1,1,689.16406
2013,03,1,2,690.01382
2013,03,1,3,690.01872
2013,03,1,4,690.19073
2013,03,1,5,690.56652
2013,03,1,6,690.56597
2013,03,1,7,690.50602
2013,03,2,0,690.96758
2013,03,2,1,690.95574
2013,03,2,2,691.27406
2013,03,2,3,691.51641
2013,03,2,4,691.20895
2013,03,2,5,690.75877
2013,03,2,6,690.60017
2013,03,2,7,690.0985
2013,03,3,0,689.58755
2013,03,3,1,689.0075
2013,03,3,2,689.15055
2013,03,3,3,689.25594
2013,03,3,4,689.36808
2013,03,3,5,689.69492
2013,03,3,6,689.91365
2013,03,3,7,690.11311
2013,03,4,0,690.18205
2013,03,4,1,690.42443
2013,03,4,2,691.33082
2013,03,4,3,692.46657
2013,03,4,4,692.97536
2013,03,4,5,693.50944
2013,03,4,6,694.57992
2013,03,4,7,695.98746
2013,03,5,0,696.52733
2013,03,5,1,695.86144
2013,03,5,2,695.84967
2013,03,5,3,696.35733
2013,03,5,4,696.77631
2013,03,5,5,696.71014
2013,03,5,6,696.07343
2013,03,5,7,695.42822
2013,03,6,0,695.4008
2013,03,6,1,695.23651
2013,03,6,2,695.16821
2013,03,6,3,695.55902
2013,03,6,4,695.2876
2013,03,6,5,695.39796
2013,03,6,6,695.82761
2013,03,6,7,696.20209
2013,03,7,0,696.56818
2013,03,7,1,697.1191
2013,03,7,2,697.92407
2013,03,7,3,698.60185
2013,03,7,4,698.59677
2013,03,7,5,698.28142
2013,03,7,6,697.37384
2013,03,7,7,696.52181
2013,03,8,0,693.69332
2013,03,8,1,689.8459
2013,03,8,2,687.2289
2013,03,8,3,683.93772
2013,03,8,4,681.61922
2013,03,8,5,681.01764
2013,03,8,6,681.06452
2013,03,8,7,681.96024
2013,03,9,0,683.87067
2013,03,9,1,685.94359
2013,03,9,2,688.3147
2013,03,9,3,690.73176
2013,03,9,4,693.27137
2013,03,9,5,695.55474
2013,03,9,6,696.65885
2013,03,9,7,697.42312
2013,03,10,0,697.96443
2013,03,10,1,698.13774
2013,03,10,2,697.87369
2013,03,10,3,697.90729
2013,03,10,4,698.07589
2013,03,10,5,697.20894
2013,03,10,6,694.76605
2013,03,10,7,692.00657
2013,03,11,0,689.55719
2013,03,11,1,688.15805
2013,03,11,2,687.41456
2013,03,11,3,687.18951
2013,03,11,4,687.29879
2013,03,11,5,687.45308
2013,03,11,6,687.35465
2013,03,11,7,687.3342
2013,03,12,0,686.68762
2013,03,12,1,686.03724
2013,03,12,2,686.08731
2013,03,12,3,686.53617
2013,03,12,4,686.41556
2013,03,12,5,686.16349
2013,03,12,6,686.53991
2013,03,12,7,686.96994
2013,03,13,0,687.11976
2013,03,13,1,687.01154
2013,03,13,2,687.43689
2013,03,13,3,688.04023
2013,03,13,4,688.2158
2013,03,13,5,688.11883
2013,03,13,6,687.78495
2013,03,13,7,687.4226
2013,03,14,0,687.16214
2013,03,14,1,686.46285
2013,03,14,2,686.0987
2013,03,14,3,685.66732
2013,03,14,4,685.29933
2013,03,14,5,684.75645
2013,03,14,6,684.38582
2013,03,14,7,684.0305
2013,03,15,0,683.04566
2013,03,15,1,682.2763
2013,03,15,2,681.89938
2013,03,15,3,681.69438
2013,03,15,4,681.43333
2013,03,15,5,681.00665
2013,03,15,6,680.87691
2013,03,15,7,680.80118
2013,03,16,0,680.46
2013,03,16,1,680.14169
2013,03,16,2,680.36606
2013,03,16,3,680.59086
2013,03,16,4,680.66049
2013,03,16,5,680.45421
2013,03,16,6,680.07822
2013,03,16,7,679.7112
2013,03,17,0,679.53515
2013,03,17,1,678.87209
2013,03,17,2,678.09807
2013,03,17,3,677.35417
2013,03,17,4,676.79207
2013,03,17,5,675.64958
2013,03,17,6,675.50566
2013,03,17,7,675.61332
2013,03,18,0,675.63035
2013,03,18,1,675.97413
2013,03,18,2,676.74709
2013,03,18,3,677.92028
2013,03,18,4,679.45066
2013,03,18,5,680.85936
2013,03,18,6,681.70486
2013,03,18,7,682.56791
2013,03,19,0,683.22998
2013,03,19,1,683.4824
2013,03,19,2,683.709
2013,03,19,3,683.83398
2013,03,19,4,683.78513
2013,03,19,5,683.24322
2013,03,19,6,682.28133
2013,03,19,7,680.8358
2013,03,20,0,680.03315
2013,03,20,1,679.37193
2013,03,20,2,678.64416
2013,03,20,3,677.99102
2013,03,20,4,677.55592
2013,03,20,5,677.41222
2013,03,20,6,677.17335
2013,03,20,7,677.00767
2013,03,21,0,676.59016
2013,03,21,1,676.72434
2013,03,21,2,677.55344
2013,03,21,3,678.18216
2013,03,21,4,679.00943
2013,03,21,5,679.79921
2013,03,21,6,680.56472
2013,03,21,7,680.26737
2013,03,22,0,680.46994
2013,03,22,1,681.50984
2013,03,22,2,681.18075
2013,03,22,3,681.65997
2013,03,22,4,682.50239
2013,03,22,5,682.72917
2013,03,22,6,683.42026
2013,03,22,7,683.98899
2013,03,23,0,684.94255
2013,03,23,1,685.89524
2013,03,23,2,686.82115
2013,03,23,3,688.17163
2013,03,23,4,688.86229
2013,03,23,5,689.41498
2013,03,23,6,690.32155
2013,03,23,7,691.00552
2013,03,24,0,690.74534
2013,03,24,1,689.62229
2013,03,24,2,688.48839
2013,03,24,3,686.39442
2013,03,24,4,684.58694
2013,03,24,5,682.55899
2013,03,24,6,681.39979
2013,03,24,7,681.56705
2013,03,25,0,680.65745
2013,03,25,1,680.94574
2013,03,25,2,681.59027
2013,03,25,3,681.68256
2013,03,25,4,681.39554
2013,03,25,5,681.65638
2013,03,25,6,681.65406
2013,03,25,7,682.01853
2013,03,26,0,682.45484
2013,03,26,1,682.77737
2013,03,26,2,683.52779
2013,03,26,3,684.59564
2013,03,26,4,685.45683
2013,03,26,5,685.67668
2013,03,26,6,686.27662
2013,03,26,7,687.04177
2013,03,27,0,687.78735
2013,03,27,1,687.92972
2013,03,27,2,687.44222
2013,03,27,3,687.47463
2013,03,27,4,687.86685
2013,03,27,5,688.03347
2013,03,27,6,687.87212
2013,03,27,7,687.51103
2013,03,28,0,686.70591
2013,03,28,1,685.54897
2013,03,28,2,684.21078
2013,03,28,3,682.67038
2013,03,28,4,681.47286
2013,03,28,5,680.64287
2013,03,28,6,679.3723
2013,03,28,7,678.02963
2013,03,29,0,676.47717
2013,03,29,1,675.57647
2013,03,29,2,675.05447
2013,03,29,3,674.77411
2013,03,29,4,675.47689
2013,03,29,5,676.00742
2013,03,29,6,676.57232
2013,03,29,7,677.30859
2013,03,30,0,677.47534
2013,03,30,1,677.82059
2013,03,30,2,678.01006
2013,03,30,3,678.74844
2013,03,30,4,679.10844
2013,03,30,5,679.5662
2013,03,30,6,680.2298
2013,03,30,7,680.99605
2013,03,31,0,681.62995
2013,03,31,1,681.6213
2013,03,31,2,681.79587
2013,03,31,3,682.31734
2013,03,31,4,682.35068
2013,03,31,5,682.48156
2013,03,31,6,682.93845
2013,03,31,7,683.42225
2013,03,1,0,683.80349
2013,03,1,1,684.42994
2013,03,1,2,685.03995
2013,03,1,3,685.51399
2013,03,1,4,685.37238
2013,03,1,5,684.79593
2013,03,1,6,684.08891
2013,03,1,7,683.9837
2013,03,2,0,684.24935
2013,03,2,1,683.99617
2013,03,2,2,683.84858
2013,03,2,3,683.64725
2013,03,2,4,683.60418
2013,03,2,5,683.438
2013,03,2,6,683.82499
2013,03,2,7,684.37258
2013,03,3,0,684.61623
2013,03,3,1,685.2422
2013,03,3,2,685.84212
2013,03,3,3,685.7746
2013,03,3,4,685.70386
2013,03,3,5,685.28514
2013,03,3,6,685.14335
2013,03,3,7,684.77123
2013,03,4,0,683.52007
2013,03,4,1,682.06148
2013,03,4,2,680.98834
2013,03,4,3,680.49961
2013,03,4,4,680.399
2013,03,4,5,680.74289
2013,03,4,6,680.76286
2013,03,4,7,681.62807
2013,03,5,0,683.02448
2013,03,5,1,683.64172
2013,03,5,2,683.44135
2013,03,5,3,683.67844
2013,03,5,4,683.80082
2013,03,5,5,683.37287
2013,03,5,6,683.92419
2013,03,5,7,684.46081
2013,03,6,0,685.11128
2013,03,6,1,685.74891
2013,03,6,2,685.98112
2013,03,6,3,686.77096
2013,03,6,4,688.67799
2013,03,6,5,689.78319
2013,03,6,6,691.46494
2013,03,6,7,692.97463
2013,03,7,0,693.3763
2013,03,7,1,693.86911
2013,03,7,2,695.01539
2013,03,7,3,696.2718
2013,03,7,4,697.02359
2013,03,7,5,697.37535
2013,03,7,6,697.97479
2013,03,7,7,698.08278
2013,03,8,0,697.27362
2013,03,8,1,697.52169
2013,03,8,2,699.89473
2013,03,8,3,701.23312
2013,03,8,4,701.31516
2013,03,8,5,699.70345
2013,03,8,6,698.56696
2013,03,8,7,698.26792
2013,03,9,0,697.43783
2013,03,9,1,698.10835
2013,03,9,2,699.23212
2013,03,9,3,698.7096
2013,03,9,4,698.42436
2013,03,9,5,699.58187
2013,03,9,6,699.43638
2013,03,9,7,698.91381
2013,03,10,0,698.54951
2013,03,10,1,700.12125
2013,03,10,2,701.47069
2013,03,10,3,702.65483
2013,03,10,4,703.63482
2013,03,10,5,704.26329
2013,03,10,6,704.31079
2013,03,10,7,704.54593
2013,03,11,0,704.34471
2013,03,11,1,705.35801
2013,03,11,2,706.78227
2013,03,11,3,708.36049
2013,03,11,4,710.28203
2013,03,11,5,718.94098
2013,03,11,6,719.64652
2013,03,11,7,720.35299
2013,03,12,0,718.86116
2013,03,12,1,717.5086
2013,03,12,2,711.73013
2013,03,12,3,710.08601
2013,03,12,4,709.22645
2013,03,12,5,708.68032
2013,03,12,6,709.22387
2013,03,12,7,718.62351
2013,03,13,0,719.41419
2013,03,13,1,720.14474
2013,03,13,2,721.26608
2013,03,13,3,723.05328
2013,03,13,4,723.99242
2013,03,13,5,723.77611
2013,03,13,6,724.97029
2013,03,13,7,725.73463
2013,03,14,0,725.3294
2013,03,14,1,724.98936
2013,03,14,2,724.71534
2013,03,14,3,723.35435
2013,03,14,4,721.81297
2013,03,14,5,720.7599
2013,03,14,6,719.80561
2013,03,14,7,718.72602
2013,03,15,0,711.5233
2013,03,15,1,710.30992
2013,03,15,2,709.5097
2013,03,15,3,708.45827
2013,03,15,4,707.86583
2013,03,15,5,707.82054
2013,03,15,6,707.57234
2013,03,15,7,707.2123
2013,03,16,0,706.6601
2013,03,16,1,706.40628
2013,03,16,2,706.81374
2013,03,16,3,707.00129
2013,03,16,4,706.95259
2013,03,16,5,707.05334
2013,03,16,6,707.52055
2013,03,16,7,708.40749
2013,03,17,0,708.02398
2013,03,17,1,707.05987
2013,03,17,2,706.74727
2013,03,17,3,705.66238
2013,03,17,4,703.89641
2013,03,17,5,701.83904
2013,03,17,6,700.47875
2013,03,17,7,699.35641
2013,03,18,0,697.57696
2013,03,18,1,696.02667
2013,03,18,2,696.18129
2013,03,18,3,696.67644
2013,03,18,4,696.81618
2013,03,18,5,696.77661
2013,03,18,6,696.56199
2013,03,18,7,696.5064
2013,03,19,0,696.36192
2013,03,19,1,695.85324
2013,03,19,2,695.6814
2013,03,19,3,695.77894
2013,03,19,4,695.57446
2013,03,19,5,695.5677
2013,03,19,6,695.57225
2013,03,19,7,695.33608
2013,03,20,0,694.77725
2013,03,20,1,694.2534
2013,03,20,2,694.60651
2013,03,20,3,694.78545
2013,03,20,4,694.55869
2013,03,20,5,694.68576
2013,03,20,6,694.93867
2013,03,20,7,695.27597
2013,03,21,0,695.28628
2013,03,21,1,695.55195
2013,03,21,2,696.31442
2013,03,21,3,697.08041
2013,03,21,4,696.87406
2013,03,21,5,696.30939
2013,03,21,6,695.81699
2013,03,21,7,694.90262
2013,03,22,0,694.59443
2013,03,22,1,694.18753
2013,03,22,2,692.95324
2013,03,22,3,691.69765
2013,03,22,4,690.69227
2013,03,22,5,689.92499
2013,03,22,6,689.13893
2013,03,22,7,688.71739
2013,03,23,0,688.19487
2013,03,23,1,687.84037
2013,03,23,2,687.5967
2013,03,23,3,687.40345
2013,03,23,4,687.46178
2013,03,23,5,687.4452
2013,03,23,6,687.15083
2013,03,23,7,686.79621
2013,03,24,0,686.63804
2013,03,24,1,686.68356
2013,03,24,2,685.8438
2013,03,24,3,685.18376
2013,03,24,4,684.44689
2013,03,24,5,683.54638
2013,03,24,6,683.13057
2013,03,24,7,682.81512
2013,03,25,0,682.28373
2013,03,25,1,681.73283
2013,03,25,2,681.31296
2013,03,25,3,680.96203
2013,03,25,4,680.95005
2013,03,25,5,680.84667
2013,03,25,6,680.48368
2013,03,25,7,680.58146
2013,03,26,0,680.87214
2013,03,26,1,681.0948
2013,03,26,2,681.15784
2013,03,26,3,681.02865
2013,03,26,4,680.62893
2013,03,26,5,680.52273
2013,03,26,6,680.27529
2013,03,26,7,680.19443
2013,03,27,0,680.23347
2013,03,27,1,679.54781
2013,03,27,2,678.893
2013,03,27,3,678.65429
2013,03,27,4,678.23878
2013,03,27,5,677.85995
2013,03,27,6,677.89191
2013,03,27,7,678.25462
2013,03,28,0,678.40625
2013,03,28,1,678.54575
2013,03,28,2,679.07917
2013,03,28,3,679.75432
2013,03,28,4,679.85624
2013,03,28,5,679.99987
2013,03,28,6,680.92958
2013,03,28,7,681.80206
2013,03,29,0,681.69787
2013,03,29,1,681.59821
2013,03,29,2,682.02789
2013,03,29,3,682.68226
2013,03,29,4,683.03988
2013,03,29,5,683.52682
2013,03,29,6,684.46416
2013,03,29,7,685.54604
2013,03,30,0,685.62452
2013,03,30,1,685.99633
2013,03,30,2,686.67157
2013,03,30,3,687.52944
2013,03,30,4,689.35322
2013,03,30,5,691.13348
2013,03,30,6,693.20954
2013,03,30,7,694.87264
2013,03,31,0,694.06446
2013,03,31,1,693.98936
2013,03,31,2,693.96232
2013,03,31,3,693.58315
2013,03,31,4,692.73245
2013,03,31,5,691.75082
2013,03,31,6,691.43509
2013,03,31,7,691.95647
2013,03,1,0,692.87874
2013,03,1,1,693.93373
2013,03,1,2,694.15652
2013,03,1,3,694.3698
2013,03,1,4,694.51613
2013,03,1,5,693.95168
2013,03,1,6,694.05834
2013,03,1,7,694.43394
2013,03,2,0,694.1832
2013,03,2,1,693.70258
2013,03,2,2,693.66074
2013,03,2,3,693.58656
2013,03,2,4,693.19499
2013,03,2,5,692.64666
2013,03,2,6,692.1434
2013,03,2,7,691.38971
2013,03,3,0,690.72295
2013,03,3,1,689.69951
2013,03,3,2,689.03037
2013,03,3,3,687.71042
2013,03,3,4,685.60067
2013,03,3,5,684.12445
2013,03,3,6,682.44482
2013,03,3,7,681.39839
2013,03,4,0,680.75737
2013,03,4,1,680.04983
2013,03,4,2,679.81009
2013,03,4,3,680.79978
2013,03,4,4,681.44942
2013,03,4,5,681.22193
2013,03,4,6,680.95941
2013,03,4,7,681.12185
2013,03,5,0,680.64357
2013,03,5,1,680.29627
2013,03,5,2,680.53218
2013,03,5,3,681.56925
2013,03,5,4,682.02902
2013,03,5,5,682.45213
2013,03,5,6,683.86544
2013,03,5,7,684.84575
2013,03,6,0,685.67733
2013,03,6,1,686.84714
2013,03,6,2,688.2541
2013,03,6,3,688.86112
2013,03,6,4,688.53731
2013,03,6,5,687.73276
2013,03,6,6,687.78414
2013,03,6,7,687.16639
2013,03,7,0,685.66376
2013,03,7,1,684.48812
2013,03,7,2,684.97761
2013,03,7,3,685.83719
2013,03,7,4,686.30387
2013,03,7,5,687.2551
2013,03,7,6,687.71273
2013,03,7,7,687.87995
2013,03,8,0,688.02849
2013,03,8,1,688.19375
2013,03,8,2,689.36526
2013,03,8,3,690.25084
2013,03,8,4,689.18971
2013,03,8,5,688.36149
2013,03,8,6,687.6367
2013,03,8,7,685.99489
2013,03,9,0,683.87358
2013,03,9,1,683.25237
2013,03,9,2,682.85249
2013,03,9,3,681.44377
2013,03,9,4,681.62469
2013,03,9,5,681.61179
2013,03,9,6,681.30899
2013,03,9,7,681.31667
2013,03,10,0,681.89551
2013,03,10,1,682.60798
2013,03,10,2,683.55098
2013,03,10,3,685.01725
2013,03,10,4,686.09582
2013,03,10,5,687.16398
2013,03,10,6,688.53495
2013,03,10,7,689.51504
2013,03,11,0,690.42125
2013,03,11,1,690.43755
2013,03,11,2,689.6145
2013,03,11,3,689.20379
2013,03,11,4,690.75639
2013,03,11,5,691.92004
2013,03,11,6,692.13989
2013,03,11,7,692.56843
2013,03,12,0,692.35567
2013,03,12,1,693.35322
2013,03,12,2,696.02494
2013,03,12,3,697.51867
2013,03,12,4,696.91872
2013,03,12,5,695.24278
2013,03,12,6,694.78332
2013,03,12,7,695.58214
2013,03,13,0,695.84043
2013,03,13,1,695.80947
2013,03,13,2,696.61442
2013,03,13,3,697.67411
2013,03,13,4,698.30071
2013,03,13,5,698.65565
2013,03,13,6,698.85861
2013,03,13,7,698.93416
2013,03,14,0,698.23725
2013,03,14,1,697.52151
2013,03,14,2,697.19811
2013,03,14,3,697.24385
2013,03,14,4,697.77853
2013,03,14,5,697.91544
2013,03,14,6,697.84698
2013,03,14,7,697.65117
2013,03,15,0,697.42406
2013,03,15,1,696.88591
2013,03,15,2,696.50931
2013,03,15,3,697.04037
2013,03,15,4,697.03522
2013,03,15,5,696.57077
2013,03,15,6,696.3355
2013,03,15,7,695.83865
2013,03,16,0,694.70324
2013,03,16,1,694.02547
2013,03,16,2,694.22809
2013,03,16,3,694.11244
2013,03,16,4,693.99296
2013,03,16,5,693.766
2013,03,16,6,693.36926
2013,03,16,7,693.27809
2013,03,17,0,692.98143
2013,03,17,1,692.45324
2013,03,17,2,692.63516
2013,03,17,3,692.83321
2013,03,17,4,692.88569
2013,03,17,5,692.88631
2013,03,17,6,693.09052
2013,03,17,7,693.07048
2013,03,18,0,693.61173
2013,03,18,1,694.35612
2013,03,18,2,695.08568
2013,03,18,3,695.39203
2013,03,18,4,695.41137
2013,03,18,5,695.43622
2013,03,18,6,695.92078
2013,03,18,7,696.33835
2013,03,19,0,696.57875
2013,03,19,1,697.10368
2013,03,19,2,698.19933
2013,03,19,3,698.8616
2013,03,19,4,699.66512
2013,03,19,5,700.84594
2013,03,19,6,701.86621
2013,03,19,7,702.58052
2013,03,20,0,703.18393
2013,03,20,1,703.31996
2013,03,20,2,703.93568
2013,03,20,3,703.88748
2013,03,20,4,703.85095
2013,03,20,5,703.73317
2013,03,20,6,703.13767
2013,03,20,7,702.51961
2013,03,21,0,701.66292
2013,03,21,1,700.05456
2013,03,21,2,698.92681
2013,03,21,3,697.39517
2013,03,21,4,695.86464
2013,03,21,5,694.74155
2013,03,21,6,693.82281
2013,03,21,7,693.44636
2013,03,22,0,692.97211
2013,03,22,1,692.78055
2013,03,22,2,693.47696
2013,03,22,3,694.50639
2013,03,22,4,695.00876
2013,03,22,5,694.9868
2013,03,22,6,695.54195
2013,03,22,7,697.17467
2013,03,23,0,698.2098
2013,03,23,1,698.5469
2013,03,23,2,699.24398
2013,03,23,3,699.92551
2013,03,23,4,699.98402
2013,03,23,5,699.64424
2013,03,23,6,699.93805
2013,03,23,7,701.45398
2013,03,24,0,702.04084
2013,03,24,1,701.84475
2013,03,24,2,701.85607
2013,03,24,3,701.95904
2013,03,24,4,701.91409
2013,03,24,5,701.78417
2013,03,24,6,701.62669
2013,03,24,7,701.68295
2013,03,25,0,702.50617
2013,03,25,1,702.77648
2013,03,25,2,702.70664
2013,03,25,3,703.07501
2013,03,25,4,703.8612
2013,03,25,5,704.21984
2013,03,25,6,704.71788
2013,03,25,7,705.30999
2013,03,26,0,706.27827
2013,03,26,1,707.16254
2013,03,26,2,707.64789
2013,03,26,3,708.06015
2013,03,26,4,708.17644
2013,03,26,5,708.16812
2013,03,26,6,708.13319
2013,03,26,7,707.94232
2013,03,27,0,707.34951
2013,03,27,1,706.18406
2013,03,27,2,705.63139
2013,03,27,3,704.33309
2013,03,27,4,702.403
2013,03,27,5,701.20212
2013,03,27,6,699.80525
2013,03,27,7,698.3687
2013,03,28,0,697.35744
2013,03,28,1,696.94111
2013,03,28,2,697.52465
2013,03,28,3,697.97801
2013,03,28,4,697.93807
2013,03,28,5,698.67289
2013,03,28,6,699.37782
2013,03,28,7,699.91248
2013,03,29,0,700.84302
2013,03,29,1,701.5334
2013,03,29,2,702.61672
2013,03,29,3,703.67398
2013,03,29,4,704.12925
2013,03,29,5,704.06303
2013,03,29,6,704.14291
2013,03,29,7,703.89886
2013,03,30,0,703.8994
2013,03,30,1,703.89816
2013,03,30,2,703.20639
2013,03,30,3,702.43101
2013,03,30,4,702.06414
2013,03,30,5,701.39191
2013,03,30,6,700.82339
2013,03,30,7,700.2144
2013,03,1,0,699.44566
2013,03,1,1,698.70322
2013,03,1,2,698.74548
2013,03,1,3,698.58939
2013,03,1,4,698.12734
2013,03,1,5,697.45697
2013,03,1,6,696.95366
2013,03,1,7,696.25493
2013,03,2,0,694.91691
2013,03,2,1,693.86589
2013,03,2,2,693.99546
2013,03,2,3,693.71673
2013,03,2,4,693.52819
2013,03,2,5,693.25799
2013,03,2,6,693.56291
2013,03,2,7,693.88611
2013,03,3,0,693.27696
2013,03,3,1,692.88437
2013,03,3,2,693.69904
2013,03,3,3,694.61782
2013,03,3,4,694.79653
2013,03,3,5,695.21698
2013,03,3,6,696.53324
2013,03,3,7,697.76867
2013,03,4,0,698.93801
2013,03,4,1,700.35518
2013,03,4,2,702.10778
2013,03,4,3,703.58475
2013,03,4,4,703.70683
2013,03,4,5,703.72067
2013,03,4,6,703.72241
2013,03,4,7,703.60471
2013,03,5,0,703.34303
2013,03,5,1,703.10592
2013,03,5,2,703.38839
2013,03,5,3,703.27446
2013,03,5,4,702.2894
2013,03,5,5,701.36279
2013,03,5,6,700.71974
2013,03,5,7,700.16671
2013,03,6,0,699.82248
2013,03,6,1,698.88384
2013,03,6,2,698.36091
2013,03,6,3,697.89836
2013,03,6,4,697.16651
2013,03,6,5,696.37832
2013,03,6,6,695.47655
2013,03,6,7,694.62742
2013,03,7,0,694.3825
2013,03,7,1,694.16656
2013,03,7,2,694.15948
2013,03,7,3,693.92534
2013,03,7,4,694.08472
2013,03,7,5,694.19345
2013,03,7,6,694.47375
2013,03,7,7,694.70558
2013,03,8,0,694.19006
2013,03,8,1,693.66265
2013,03,8,2,694.01184
2013,03,8,3,693.83228
2013,03,8,4,693.5126
2013,03,8,5,693.40534
2013,03,8,6,693.10077
2013,03,8,7,692.69466
2013,03,9,0,692.46939
2013,03,9,1,692.22336
2013,03,9,2,691.89306
2013,03,9,3,691.46727
2013,03,9,4,691.04675
2013,03,9,5,690.5629
2013,03,9,6,690.20499
2013,03,9,7,689.68312
2013,03,10,0,688.97643
2013,03,10,1,688.20659
2013,03,10,2,688.31438
2013,03,10,3,688.29933
2013,03,10,4,687.38049
2013,03,10,5,686.76526
2013,03,10,6,686.9329
2013,03,10,7,686.96975
2013,03,11,0,686.66502
2013,03,11,1,686.37542
2013,03,11,2,686.27362
2013,03,11,3,686.33697
2013,03,11,4,686.05452
2013,03,11,5,685.94353
2013,03,11,6,686.44038
2013,03,11,7,686.52494
2013,03,12,0,685.96083
2013,03,12,1,685.80834
2013,03,12,2,685.91704
2013,03,12,3,685.72678
2013,03,12,4,685.13334
2013,03,12,5,684.86291
2013,03,12,6,685.04439
2013,03,12,7,685.16733
2013,03,13,0,684.73067
2013,03,13,1,684.74896
2013,03,13,2,685.49223
2013,03,13,3,685.75703
2013,03,13,4,685.96196
2013,03,13,5,686.45705
2013,03,13,6,686.89913
2013,03,13,7,687.33948
2013,03,14,0,688.17081
2013,03,14,1,688.96539
2013,03,14,2,689.3518
2013,03,14,3,689.38655
2013,03,14,4,689.18235
2013,03,14,5,688.97126
2013,03,14,6,689.14807
2013,03,14,7,689.00938
2013,03,15,0,689.10407
2013,03,15,1,688.65097
2013,03,15,2,688.28011
2013,03,15,3,688.17046
2013,03,15,4,687.87139
2013,03,15,5,687.27194
2013,03,15,6,687.81885
2013,03,15,7,688.33873
2013,03,16,0,688.2464
2013,03,16,1,687.82813
2013,03,16,2,687.45499
2013,03,16,3,687.17776
2013,03,16,4,687.12816
2013,03,16,5,687.16728
2013,03,16,6,687.50881
2013,03,16,7,687.88027
2013,03,17,0,688.21835
2013,03,17,1,688.42626
2013,03,17,2,688.86344
2013,03,17,3,689.52615
2013,03,17,4,689.52769
2013,03,17,5,689.31271
2013,03,17,6,689.5303
2013,03,17,7,689.34367
2013,03,18,0,688.55553
2013,03,18,1,686.82382
2013,03,18,2,685.78595
2013,03,18,3,685.17076
2013,03,18,4,684.76662
2013,03,18,5,684.37557
2013,03,18,6,684.75748
2013,03,18,7,685.41287
2013,03,19,0,685.13594
2013,03,19,1,684.30019
2013,03,19,2,684.48145
2013,03,19,3,684.85994
2013,03,19,4,684.60656
2013,03,19,5,683.85913
2013,03,19,6,683.28009
2013,03,19,7,682.87598
2013,03,20,0,681.83869
2013,03,20,1,681.00944
2013,03,20,2,680.90963
2013,03,20,3,680.96652
2013,03,20,4,680.95034
2013,03,20,5,680.8192
2013,03,20,6,681.06806
2013,03,20,7,681.35503
2013,03,21,0,681.29103
2013,03,21,1,681.33148
2013,03,21,2,682.51235
2013,03,21,3,683.57823
2013,03,21,4,684.40514
2013,03,21,5,685.32058
2013,03,21,6,686.24564
2013,03,21,7,686.90181
2013,03,22,0,686.96365
2013,03,22,1,686.40335
2013,03,22,2,686.23477
2013,03,22,3,686.17537
2013,03,22,4,685.70758
2013,03,22,5,684.93631
2013,03,22,6,684.01048
2013,03,22,7,683.18178
2013,03,23,0,682.21474
2013,03,23,1,681.3107
2013,03,23,2,681.43367
2013,03,23,3,681.36565
2013,03,23,4,680.54157
2013,03,23,5,680.03132
2013,03,23,6,679.88634
2013,03,23,7,679.90099
2013,03,24,0,680.63958
2013,03,24,1,681.59724
2013,03,24,2,682.82928
2013,03,24,3,684.25582
2013,03,24,4,685.70231
2013,03,24,5,686.54307
2013,03,24,6,687.68678
2013,03,24,7,688.78355
2013,03,25,0,689.38601
2013,03,25,1,689.42891
2013,03,25,2,689.66291
2013,03,25,3,690.04819
2013,03,25,4,689.48704
2013,03,25,5,688.80811
2013,03,25,6,689.02134
2013,03,25,7,690.38682
2013,03,26,0,691.6453
2013,03,26,1,692.19345
2013,03,26,2,692.47161
2013,03,26,3,692.53105
2013,03,26,4,692.74042
2013,03,26,5,692.91814
2013,03,26,6,692.93718
2013,03,26,7,692.77986
2013,03,27,0,692.46227
2013,03,27,1,692.18505
2013,03,27,2,692.11076
2013,03,27,3,691.58453
2013,03,27,4,690.85373
2013,03,27,5,689.96722
2013,03,27,6,689.46771
2013,03,27,7,689.29611
2013,03,28,0,689.31359
2013,03,28,1,688.85215
2013,03,28,2,688.98304
2013,03,28,3,689.39587
2013,03,28,4,689.89464
2013,03,28,5,690.20698
2013,03,28,6,690.72059
2013,03,28,7,691.48613
2013,03,29,0,691.76278
2013,03,29,1,691.8847
2013,03,29,2,692.21061
2013,03,29,3,692.23494
2013,03,29,4,692.68395
2013,03,29,5,693.03442
2013,03,29,6,693.60655
2013,03,29,7,694.34442
2013,03,30,0,695.77962
2013,03,30,1,696.95358
2013,03,30,2,697.40988
2013,03,30,3,697.75789
2013,03,30,4,699.05046
2013,03,30,5,699.72302
2013,03,30,6,699.15275
2013,03,30,7,699.06934
2013,03,31,0,699.06247
2013,03,31,1,698.72239
2013,03,31,2,698.30819
2013,03,31,3,697.72751
2013,03,31,4,697.52157
2013,03,31,5,696.84449
2013,03,31,6,695.99457
2013,03,31,7,695.49086
2013,03,1,0,695.23677
2013,03,1,1,694.67853
2013,03,1,2,693.86742
2013,03,1,3,692.86626
2013,03,1,4,691.79655
2013,03,1,5,690.54521
2013,03,1,6,690.38876
2013,03,1,7,689.84457
2013,03,2,0,688.48942
2013,03,2,1,687.22358
2013,03,2,2,686.43974
2013,03,2,3,685.72462
2013,03,2,4,684.60955
2013,03,2,5,684.23295
2013,03,2,6,685.10362
2013,03,2,7,685.57848
2013,03,3,0,685.47962
2013,03,3,1,685.02104
2013,03,3,2,685.41571
2013,03,3,3,685.67645
2013,03,3,4,684.75652
2013,03,3,5,683.65582
2013,03,3,6,683.86639
2013,03,3,7,683.95041
2013,03,4,0,683.46492
2013,03,4,1,682.74199
2013,03,4,2,682.53196
2013,03,4,3,681.89905
2013,03,4,4,680.42929
2013,03,4,5,679.48658
2013,03,4,6,679.41988
2013,03,4,7,679.1425
2013,03,5,0,678.65969
2013,03,5,1,678.34808
2013,03,5,2,678.57278
2013,03,5,3,678.74975
2013,03,5,4,678.37556
2013,03,5,5,678.31809
2013,03,5,6,678.71488
2013,03,5,7,678.81473
2013,03,6,0,678.97242
2013,03,6,1,678.98951
2013,03,6,2,680.26699
2013,03,6,3,681.47864
2013,03,6,4,681.72466
2013,03,6,5,681.58434
2013,03,6,6,682.13205
2013,03,6,7,682.50958
2013,03,7,0,683.45992
2013,03,7,1,683.84794
2013,03,7,2,684.45276
2013,03,7,3,685.21284
2013,03,7,4,685.19482
2013,03,7,5,684.55271
2013,03,7,6,684.81634
2013,03,7,7,685.33211
2013,03,8,0,685.97596
2013,03,8,1,686.27796
2013,03,8,2,686.88319
2013,03,8,3,687.34215
2013,03,8,4,687.7522
2013,03,8,5,688.01665
2013,03,8,6,688.13132
2013,03,8,7,688.6997
2013,03,9,0,689.38584
2013,03,9,1,688.61317
2013,03,9,2,688.28215
2013,03,9,3,688.07044
2013,03,9,4,687.8603
2013,03,9,5,688.41468
2013,03,9,6,689.26776
2013,03,9,7,690.19205
2013,03,10,0,691.31571
2013,03,10,1,691.8176
2013,03,10,2,692.75917
2013,03,10,3,693.96548
2013,03,10,4,694.53384
2013,03,10,5,694.71678
2013,03,10,6,695.50545
2013,03,10,7,695.86612
2013,03,11,0,695.79656
2013,03,11,1,695.15256
2013,03,11,2,695.58929
2013,03,11,3,695.48023
2013,03,11,4,694.21432
2013,03,11,5,692.90285
2013,03,11,6,692.29787
2013,03,11,7,691.61521
2013,03,12,0,690.2718
2013,03,12,1,688.77609
2013,03,12,2,689.18462
2013,03,12,3,690.10624
2013,03,12,4,691.13542
2013,03,12,5,691.60055
2013,03,12,6,692.61986
2013,03,12,7,693.88172
2013,03,13,0,694.37954
2013,03,13,1,693.84669
2013,03,13,2,693.29822
2013,03,13,3,692.70994
2013,03,13,4,692.28596
2013,03,13,5,691.4497
2013,03,13,6,691.39681
2013,03,13,7,691.27559
2013,03,14,0,691.87734
2013,03,14,1,692.01368
2013,03,14,2,692.36921
2013,03,14,3,692.68235
2013,03,14,4,692.43676
2013,03,14,5,692.35448
2013,03,14,6,693.03782
2013,03,14,7,693.79884
2013,03,15,0,693.85236
2013,03,15,1,693.55892
2013,03,15,2,693.54798
2013,03,15,3,693.03404
2013,03,15,4,692.51987
2013,03,15,5,691.6886
2013,03,15,6,691.1385
2013,03,15,7,691.29072
2013,03,16,0,690.674
2013,03,16,1,689.97893
2013,03,16,2,689.86208
2013,03,16,3,689.7792
2013,03,16,4,689.84789
2013,03,16,5,689.75266
2013,03,16,6,690.08925
2013,03,16,7,690.47579
2013,03,17,0,690.40818
2013,03,17,1,690.26959
2013,03,17,2,690.73143
2013,03,17,3,691.24663
2013,03,17,4,691.92803
2013,03,17,5,692.34188
2013,03,17,6,692.6569
2013,03,17,7,693.21776
2013,03,18,0,693.23558
2013,03,18,1,693.02377
2013,03,18,2,693.10927
2013,03,18,3,692.81953
2013,03,18,4,692.14438
2013,03,18,5,691.53003
2013,03,18,6,691.59162
2013,03,18,7,691.90701
2013,03,19,0,691.60301
2013,03,19,1,690.91737
2013,03,19,2,689.44399
2013,03,19,3,688.03787
2013,03,19,4,687.81855
2013,03,19,5,688.15594
2013,03,19,6,688.45292
2013,03,19,7,688.9952
2013,03,20,0,689.63804
2013,03,20,1,689.9341
2013,03,20,2,690.50057
2013,03,20,3,690.62998
2013,03,20,4,690.5522
2013,03,20,5,690.85641
2013,03,20,6,691.86733
2013,03,20,7,693.38701
2013,03,21,0,694.76364
2013,03,21,1,695.65985
2013,03,21,2,697.27116
2013,03,21,3,698.66632
2013,03,21,4,699.7579
2013,03,21,5,700.64801
2013,03,21,6,701.73863
2013,03,21,7,702.38279
2013,03,22,0,702.97661
2013,03,22,1,703.06
2013,03,22,2,702.7964
2013,03,22,3,702.33852
2013,03,22,4,702.28333
2013,03,22,5,702.078
2013,03,22,6,701.76905
2013,03,22,7,701.53914
2013,03,23,0,701.70301
2013,03,23,1,701.58685
2013,03,23,2,701.36809
2013,03,23,3,701.10784
2013,03,23,4,700.87874
2013,03,23,5,700.94591
2013,03,23,6,701.43213
2013,03,23,7,702.02822
2013,03,24,0,701.91618
2013,03,24,1,701.34174
2013,03,24,2,701.68423
2013,03,24,3,701.78728
2013,03,24,4,701.20707
2013,03,24,5,700.41167
2013,03,24,6,699.53241
2013,03,24,7,698.70086
2013,03,25,0,698.91203
2013,03,25,1,698.75026
2013,03,25,2,698.38259
2013,03,25,3,698.18088
2013,03,25,4,697.24206
2013,03,25,5,696.56168
2013,03,25,6,696.71176
2013,03,25,7,696.80629
2013,03,26,0,697.20271
2013,03,26,1,697.4796
2013,03,26,2,697.87639
2013,03,26,3,697.91491
2013,03,26,4,698.15256
2013,03,26,5,698.44372
2013,03,26,6,698.71065
2013,03,26,7,698.87388
2013,03,27,0,699.29738
2013,03,27,1,699.3056
2013,03,27,2,699.19684
2013,03,27,3,699.0765
2013,03,27,4,698.22874
2013,03,27,5,697.78514
2013,03,27,6,697.33756
2013,03,27,7,697.01798
2013,03,28,0,697.54915
2013,03,28,1,697.50804
2013,03,28,2,697.28642
2013,03,28,3,697.17074
2013,03,28,4,697.37393
2013,03,28,5,697.37126
2013,03,28,6,697.63147
2013,03,28,7,697.77626
2013,03,29,0,697.67635
2013,03,29,1,697.60787
2013,03,29,2,697.55333
2013,03,29,3,697.08359
2013,03,29,4,696.88964
2013,03,29,5,696.77388
2013,03,29,6,697.34928
2013,03,29,7,697.699
2013,03,30,0,697.36798
2013,03,30,1,696.5819
2013,03,30,2,696.72044
2013,03,30,3,696.77302
2013,03,30,4,695.95948
2013,03,30,5,694.7183
2013,03,30,6,694.21688
2013,03,30,7,693.48912
2013,03,1,0,692.85712
2013,03,1,1,692.31703
2013,03,1,2,692.26955
2013,03,1,3,692.09136
2013,03,1,4,691.62682
2013,03,1,5,691.40691
2013,03,1,6,692.24083
2013,03,1,7,692.94078
2013,03,2,0,692.76896
2013,03,2,1,692.52479
2013,03,2,2,693.21272
2013,03,2,3,693.22057
2013,03,2,4,692.69755
2013,03,2,5,692.36002
2013,03,2,6,692.94317
2013,03,2,7,693.34495
2013,03,3,0,693.34652
2013,03,3,1,693.10476
2013,03,3,2,693.44948
2013,03,3,3,693.28693
2013,03,3,4,692.83395
2013,03,3,5,692.13696
2013,03,3,6,692.08574
2013,03,3,7,692.02319
2013,03,4,0,691.24278
2013,03,4,1,690.58749
2013,03,4,2,690.38073
2013,03,4,3,689.92302
2013,03,4,4,689.33234
2013,03,4,5,688.6483
2013,03,4,6,688.45703
2013,03,4,7,688.33602
2013,03,5,0,688.03805
2013,03,5,1,687.87107
2013,03,5,2,688.40557
2013,03,5,3,688.83185
2013,03,5,4,689.73792
2013,03,5,5,690.66661
2013,03,5,6,691.74479
2013,03,5,7,692.88438
2013,03,6,0,693.66813
2013,03,6,1,693.25021
2013,03,6,2,693.15561
2013,03,6,3,693.25353
2013,03,6,4,692.72786
2013,03,6,5,691.69684
2013,03,6,6,691.45494
2013,03,6,7,691.20427
2013,03,7,0,690.71837
2013,03,7,1,690.32712
2013,03,7,2,690.43222
2013,03,7,3,690.3983
2013,03,7,4,690.12066
2013,03,7,5,690.12156
2013,03,7,6,691.29255
2013,03,7,7,692.39512
2013,03,8,0,694.05275
2013,03,8,1,695.40916
2013,03,8,2,696.5428
2013,03,8,3,697.5064
2013,03,8,4,698.15807
2013,03,8,5,698.43007
2013,03,8,6,698.63318
2013,03,8,7,699.01732
2013,03,9,0,698.9606
2013,03,9,1,698.56017
2013,03,9,2,698.49732
2013,03,9,3,698.38684
2013,03,9,4,698.10049
2013,03,9,5,697.55699
2013,03,9,6,697.36045
2013,03,9,7,697.09414
2013,03,10,0,696.42875
2013,03,10,1,695.78864
2013,03,10,2,695.68896
2013,03,10,3,695.71106
2013,03,10,4,695.08038
2013,03,10,5,694.83006
2013,03,10,6,695.22854
2013,03,10,7,695.46816
2013,03,11,0,695.16531
2013,03,11,1,694.75081
2013,03,11,2,694.89418
2013,03,11,3,695.36056
2013,03,11,4,695.83294
2013,03,11,5,695.80748
2013,03,11,6,695.67226
2013,03,11,7,695.83162
2013,03,12,0,695.91665
2013,03,12,1,695.9829
2013,03,12,2,696.70256
2013,03,12,3,697.07751
2013,03,12,4,697.23029
2013,03,12,5,697.17176
2013,03,12,6,697.19201
2013,03,12,7,697.42286
2013,03,13,0,697.05818
2013,03,13,1,696.34434
2013,03,13,2,695.94031
2013,03,13,3,695.46406
2013,03,13,4,694.77465
2013,03,13,5,693.91836
2013,03,13,6,693.83556
2013,03,13,7,693.72204
2013,03,14,0,693.24808
2013,03,14,1,692.70747
2013,03,14,2,692.51534
2013,03,14,3,692.70088
2013,03,14,4,692.67934
2013,03,14,5,692.30296
2013,03,14,6,692.81499
2013,03,14,7,693.50627
2013,03,15,0,694.31436
2013,03,15,1,694.73363
2013,03,15,2,695.1825
2013,03,15,3,695.53467
2013,03,15,4,695.71374
2013,03,15,5,696.07735
2013,03,15,6,696.61707
2013,03,15,7,697.01943
2013,03,16,0,697.34517
2013,03,16,1,697.45298
2013,03,16,2,697.79088
2013,03,16,3,697.90318
2013,03,16,4,698.11014
2013,03,16,5,697.93554
2013,03,16,6,697.79207
2013,03,16,7,697.75749
2013,03,17,0,698.07503
2013,03,17,1,698.06556
2013,03,17,2,697.38136
2013,03,17,3,696.61648
2013,03,17,4,696.11581
2013,03,17,5,695.5674
2013,03,17,6,695.77159
2013,03,17,7,695.79743
2013,03,18,0,695.60364
2013,03,18,1,695.2606
2013,03,18,2,695.55965
2013,03,18,3,695.75133
2013,03,18,4,695.31218
2013,03,18,5,694.97641
2013,03,18,6,695.1328
2013,03,18,7,695.26823
2013,03,19,0,695.81153
2013,03,19,1,696.03623
2013,03,19,2,696.19827
2013,03,19,3,696.3777
2013,03,19,4,696.82993
2013,03,19,5,697.00749
2013,03,19,6,697.47086
2013,03,19,7,697.83442
2013,03,20,0,697.60187
2013,03,20,1,697.41086
2013,03,20,2,697.61574
2013,03,20,3,697.57564
2013,03,20,4,697.26107
2013,03,20,5,696.94143
2013,03,20,6,696.7095
2013,03,20,7,696.35749
2013,03,21,0,695.65015
2013,03,21,1,694.71648
2013,03,21,2,694.08357
2013,03,21,3,693.53012
2013,03,21,4,692.90545
2013,03,21,5,692.15146
2013,03,21,6,691.79479
2013,03,21,7,691.58994
2013,03,22,0,691.85659
2013,03,22,1,691.97075
2013,03,22,2,692.10499
2013,03,22,3,692.30862
2013,03,22,4,692.53035
2013,03,22,5,692.54518
2013,03,22,6,692.67452
2013,03,22,7,692.60325
2013,03,23,0,692.61834
2013,03,23,1,692.45251
2013,03,23,2,692.29989
2013,03,23,3,692.33451
2013,03,23,4,692.91589
2013,03,23,5,693.4623
2013,03,23,6,694.20065
2013,03,23,7,695.22109
2013,03,24,0,695.72756
2013,03,24,1,695.92837
2013,03,24,2,696.4203
2013,03,24,3,697.02034
2013,03,24,4,697.66675
2013,03,24,5,697.74862
2013,03,24,6,697.92584
2013,03,24,7,698.18918
2013,03,25,0,698.38735
2013,03,25,1,698.22928
2013,03,25,2,698.05464
2013,03,25,3,697.75432
2013,03,25,4,697.32016
2013,03,25,5,696.66918
2013,03,25,6,696.6695
2013,03,25,7,696.79246
2013,03,26,0,696.62222
2013,03,26,1,695.91573
2013,03,26,2,695.33481
2013,03,26,3,694.74678
2013,03,26,4,694.39879
2013,03,26,5,694.22068
2013,03,26,6,693.89381
2013,03,26,7,693.83402
2013,03,27,0,693.48113
2013,03,27,1,693.05772
2013,03,27,2,693.37209
2013,03,27,3,693.77394
2013,03,27,4,694.28741
2013,03,27,5,694.86784
2013,03,27,6,695.96021
2013,03,27,7,697.11437
2013,03,28,0,697.76215
2013,03,28,1,698.12776
2013,03,28,2,698.67174
2013,03,28,3,698.88461
2013,03,28,4,698.75889
2013,03,28,5,698.67242
2013,03,28,6,698.91656
2013,03,28,7,699.15207
2013,03,29,0,698.9995
2013,03,29,1,698.79
2013,03,29,2,698.80504
2013,03,29,3,698.74296
2013,03,29,4,698.74554
2013,03,29,5,698.85052
2013,03,29,6,699.16551
2013,03,29,7,699.36886
2013,03,30,0,699.42807
2013,03,30,1,699.42245
2013,03,30,2,698.98691
2013,03,30,3,698.77591
2013,03,30,4,699.02803
2013,03,30,5,699.15835
2013,03,30,6,699.56239
2013,03,30,7,699.9146
2013,03,31,0,700.24831
2013,03,31,1,700.28512
2013,03,31,2,700.75812
2013,03,31,3,701.26054
2013,03,31,4,701.1974
2013,03,31,5,701.17217
2013,03,31,6,701.93086
2013,03,31,7,702.58736
2014,03,1,0,702.87525
2014,03,1,1,702.69869
2014,03,1,2,702.61106
2014,03,1,3,702.03819
2014,03,1,4,701.58677
2014,03,1,5,701.2126
2014,03,1,6,701.47445
2014,03,1,7,701.9189
2014,03,2,0,702.38521
2014,03,2,1,702.28948
2014,03,2,2,702.65504
2014,03,2,3,702.77334
2014,03,2,4,702.4084
2014,03,2,5,702.13441
2014,03,2,6,701.60433
2014,03,2,7,700.84159
2014,03,3,0,700.02589
2014,03,3,1,699.09205
2014,03,3,2,698.70508
2014,03,3,3,698.12182
2014,03,3,4,697.66539
2014,03,3,5,697.52119
2014,03,3,6,698.33786
2014,03,3,7,699.10331
2014,03,4,0,699.81428
2014,03,4,1,700.51327
2014,03,4,2,701.29283
2014,03,4,3,702.00105
2014,03,4,4,702.74806
2014,03,4,5,703.13629
2014,03,4,6,703.89475
2014,03,4,7,704.47187
2014,03,5,0,705.01425
2014,03,5,1,705.0402
2014,03,5,2,705.06076
2014,03,5,3,704.93877
2014,03,5,4,704.12086
2014,03,5,5,703.33397
2014,03,5,6,703.24402
2014,03,5,7,703.05475
2014,03,6,0,702.57165
2014,03,6,1,702.23343
2014,03,6,2,702.44105
2014,03,6,3,702.69221
2014,03,6,4,702.67107
2014,03,6,5,702.79307
2014,03,6,6,703.45769
2014,03,6,7,703.92534
2014,03,7,0,703.6099
2014,03,7,1,703.34893
2014,03,7,2,703.62451
2014,03,7,3,703.80232
2014,03,7,4,703.40885
2014,03,7,5,702.83279
2014,03,7,6,702.62972
2014,03,7,7,702.58175
2014,03,8,0,702.11223
2014,03,8,1,701.55395
2014,03,8,2,701.11628
2014,03,8,3,700.91885
2014,03,8,4,700.20632
2014,03,8,5,699.57387
2014,03,8,6,700.11481
2014,03,8,7,700.87065
2014,03,9,0,701.0844
2014,03,9,1,700.94303
2014,03,9,2,701.49172
2014,03,9,3,701.7508
2014,03,9,4,701.91301
2014,03,9,5,702.01069
2014,03,9,6,701.54287
2014,03,9,7,701.48766
2014,03,10,0,701.76219
2014,03,10,1,701.39404
2014,03,10,2,701.158
2014,03,10,3,701.3772
2014,03,10,4,701.28787
2014,03,10,5,701.09225
2014,03,10,6,701.03747
2014,03,10,7,701.24653
2014,03,11,0,700.98252
2014,03,11,1,700.353
2014,03,11,2,700.00719
2014,03,11,3,699.68726
2014,03,11,4,699.29786
2014,03,11,5,698.88302
2014,03,11,6,699.19889
2014,03,11,7,699.63989
2014,03,12,0,699.72803
2014,03,12,1,699.57411
2014,03,12,2,700.21214
2014,03,12,3,701.07862
2014,03,12,4,701.72194
2014,03,12,5,701.81831
2014,03,12,6,702.17249
2014,03,12,7,702.43545
2014,03,13,0,702.42904
2014,03,13,1,702.50724
2014,03,13,2,702.53263
2014,03,13,3,702.52041
2014,03,13,4,702.50139
2014,03,13,5,702.50562
2014,03,13,6,702.83203
2014,03,13,7,703.16491
2014,03,14,0,702.76521
2014,03,14,1,702.3212
2014,03,14,2,702.9624
2014,03,14,3,703.47656
2014,03,14,4,702.99724
2014,03,14,5,702.50256
2014,03,14,6,702.76591
2014,03,14,7,702.9372
2014,03,15,0,703.08325
2014,03,15,1,702.79692
2014,03,15,2,702.99559
2014,03,15,3,702.66884
2014,03,15,4,701.85566
2014,03,15,5,701.14389
2014,03,15,6,701.43674
2014,03,15,7,701.54944
2014,03,16,0,701.29217
2014,03,16,1,701.1407
2014,03,16,2,701.19431
2014,03,16,3,701.58678
2014,03,16,4,701.61631
2014,03,16,5,701.74987
2014,03,16,6,702.64814
2014,03,16,7,703.27062
2014,03,17,0,703.91848
2014,03,17,1,704.31579
2014,03,17,2,704.44048
2014,03,17,3,704.54527
2014,03,17,4,704.37282
2014,03,17,5,703.86806
2014,03,17,6,703.17059
2014,03,17,7,702.6715
2014,03,18,0,702.30008
2014,03,18,1,701.54672
2014,03,18,2,700.52769
2014,03,18,3,699.29326
2014,03,18,4,698.39259
2014,03,18,5,697.2159
2014,03,18,6,696.61665
2014,03,18,7,696.27539
2014,03,19,0,695.12097
2014,03,19,1,694.06916
2014,03,19,2,693.24697
2014,03,19,3,693.10409
2014,03,19,4,693.3198
2014,03,19,5,693.48142
2014,03,19,6,694.49048
2014,03,19,7,695.95537
2014,03,20,0,696.39184
2014,03,20,1,696.5318
2014,03,20,2,697.73758
2014,03,20,3,698.91817
2014,03,20,4,699.30629
2014,03,20,5,699.88915
2014,03,20,6,701.19052
2014,03,20,7,702.33585
2014,03,21,0,702.90547
2014,03,21,1,702.78123
2014,03,21,2,702.51481
2014,03,21,3,702.04658
2014,03,21,4,701.00664
2014,03,21,5,699.92134
2014,03,21,6,699.87684
2014,03,21,7,699.32519
2014,03,22,0,698.03292
2014,03,22,1,696.63031
2014,03,22,2,696.4739
2014,03,22,3,696.19082
2014,03,22,4,695.16018
2014,03,22,5,694.47682
2014,03,22,6,694.77118
2014,03,22,7,695.07002
2014,03,23,0,695.48233
2014,03,23,1,695.54142
2014,03,23,2,695.87339
2014,03,23,3,696.26659
2014,03,23,4,696.5188
2014,03,23,5,696.61322
2014,03,23,6,697.35232
2014,03,23,7,698.05349
2014,03,24,0,698.47486
2014,03,24,1,698.99163
2014,03,24,2,699.59558
2014,03,24,3,699.90915
2014,03,24,4,699.99811
2014,03,24,5,699.97213
2014,03,24,6,700.24605
2014,03,24,7,700.60646
2014,03,25,0,700.17449
2014,03,25,1,699.66528
2014,03,25,2,700.02925
2014,03,25,3,700.26562
2014,03,25,4,699.6649
2014,03,25,5,699.09035
2014,03,25,6,699.09404
2014,03,25,7,699.00877
2014,03,26,0,698.69263
2014,03,26,1,698.15506
2014,03,26,2,697.54314
2014,03,26,3,697.03262
2014,03,26,4,696.06811
2014,03,26,5,695.16059
2014,03,26,6,695.06702
2014,03,26,7,694.88984
2014,03,27,0,694.55474
2014,03,27,1,693.9164
2014,03,27,2,694.0335
2014,03,27,3,694.15519
2014,03,27,4,693.25499
2014,03,27,5,692.28232
2014,03,27,6,691.97429
2014,03,27,7,691.58753
2014,03,28,0,691.23321
2014,03,28,1,690.69428
2014,03,28,2,690.45343
2014,03,28,3,690.24355
2014,03,28,4,690.00246
2014,03,28,5,689.91137
2014,03,28,6,690.48093
2014,03,28,7,690.87759
2014,03,29,0,691.17802
2014,03,29,1,691.13848
2014,03,29,2,691.4568
2014,03,29,3,691.64473
2014,03,29,4,691.49854
2014,03,29,5,691.35278
2014,03,29,6,691.75829
2014,03,29,7,692.054
2014,03,30,0,691.98336
2014,03,30,1,691.87986
2014,03,30,2,692.27329
2014,03,30,3,692.48326
2014,03,30,4,692.31723
2014,03,30,5,692.06437
2014,03,30,6,692.52368
2014,03,30,7,692.75171
2014,03,31,0,692.82304
2014,03,31,1,692.8548
2014,03,31,2,692.92905
2014,03,31,3,692.85088
2014,03,31,4,692.65377
2014,03,31,5,692.31943
2014,03,31,6,692.36511
2014,03,31,7,692.663
2014,03,1,0,692.89731
2014,03,1,1,692.55399
2014,03,1,2,692.92257
2014,03,1,3,693.18216
2014,03,1,4,693.02602
2014,03,1,5,693.02378
2014,03,1,6,693.27383
2014,03,1,7,693.48818
2014,03,2,0,693.68506
2014,03,2,1,693.38526
2014,03,2,2,693.74176
2014,03,2,3,694.14312
2014,03,2,4,694.31102
2014,03,2,5,694.5038
2014,03,2,6,694.73157
2014,03,2,7,694.91423
2014,03,3,0,695.85436
2014,03,3,1,696.30662
2014,03,3,2,696.59438
2014,03,3,3,696.96013
2014,03,3,4,697.05934
2014,03,3,5,696.87113
2014,03,3,6,696.99524
2014,03,3,7,696.93052
2014,03,4,0,696.43217
2014,03,4,1,695.65961
2014,03,4,2,694.71922
2014,03,4,3,693.81046
2014,03,4,4,692.94417
2014,03,4,5,692.24135
2014,03,4,6,691.78076
2014,03,4,7,691.43185
2014,03,5,0,691.24152
2014,03,5,1,690.57117
2014,03,5,2,690.26057
2014,03,5,3,690.18048
2014,03,5,4,690.40195
2014,03,5,5,690.70947
2014,03,5,6,691.66567
2014,03,5,7,692.81805
2014,03,6,0,693.65012
2014,03,6,1,694.07916
2014,03,6,2,694.88454
2014,03,6,3,695.61702
2014,03,6,4,695.7667
2014,03,6,5,695.79546
2014,03,6,6,696.13418
2014,03,6,7,696.60557
2014,03,7,0,696.70384
2014,03,7,1,696.51951
2014,03,7,2,696.76829
2014,03,7,3,696.9014
2014,03,7,4,697.15755
2014,03,7,5,697.22578
2014,03,7,6,697.15506
2014,03,7,7,697.52468
2014,03,8,0,697.7543
2014,03,8,1,697.55979
2014,03,8,2,697.56969
2014,03,8,3,697.40891
2014,03,8,4,697.63703
2014,03,8,5,697.94401
2014,03,8,6,698.48994
2014,03,8,7,699.21897
2014,03,9,0,699.10375
2014,03,9,1,698.22268
2014,03,9,2,698.87293
2014,03,9,3,699.73639
2014,03,9,4,699.71077
2014,03,9,5,699.79829
2014,03,9,6,700.03483
2014,03,9,7,700.61011
2014,03,10,0,700.48019
2014,03,10,1,699.84466
2014,03,10,2,700.74681
2014,03,10,3,701.48474
2014,03,10,4,701.46207
2014,03,10,5,701.37034
2014,03,10,6,701.86451
2014,03,10,7,702.33212
2014,03,11,0,702.5348
2014,03,11,1,702.32789
2014,03,11,2,702.2476
2014,03,11,3,702.27152
2014,03,11,4,702.40592
2014,03,11,5,702.42963
2014,03,11,6,702.78583
2014,03,11,7,703.1579
2014,03,12,0,703.36613
2014,03,12,1,702.85313
2014,03,12,2,702.44642
2014,03,12,3,701.65346
2014,03,12,4,700.92262
2014,03,12,5,699.80272
2014,03,12,6,698.63892
2014,03,12,7,697.74251
2014,03,13,0,696.7446
2014,03,13,1,695.60442
2014,03,13,2,694.82832
2014,03,13,3,694.03013
2014,03,13,4,693.45299
2014,03,13,5,693.08648
2014,03,13,6,693.40359
2014,03,13,7,693.49917
2014,03,14,0,694.0594
2014,03,14,1,694.32026
2014,03,14,2,694.67535
2014,03,14,3,694.9488
2014,03,14,4,695.23398
2014,03,14,5,695.56105
2014,03,14,6,696.12126
2014,03,14,7,696.58869
2014,03,15,0,696.94205
2014,03,15,1,696.92754
2014,03,15,2,696.8275
2014,03,15,3,696.35521
2014,03,15,4,696.24444
2014,03,15,5,695.79058
2014,03,15,6,695.50566
2014,03,15,7,695.07427
2014,03,16,0,694.58314
2014,03,16,1,693.76414
2014,03,16,2,692.90187
2014,03,16,3,692.0875
2014,03,16,4,691.16936
2014,03,16,5,690.08516
2014,03,16,6,689.44427
2014,03,16,7,688.86058
2014,03,17,0,688.46842
2014,03,17,1,687.79828
2014,03,17,2,687.2425
2014,03,17,3,686.73643
2014,03,17,4,686.48714
2014,03,17,5,686.02913
2014,03,17,6,686.40553
2014,03,17,7,686.90355
2014,03,18,0,687.19089
2014,03,18,1,687.52633
2014,03,18,2,688.52546
2014,03,18,3,689.31392
2014,03,18,4,689.5454
2014,03,18,5,689.57387
2014,03,18,6,690.30119
2014,03,18,7,691.00552
2014,03,19,0,691.07221
2014,03,19,1,691.04259
2014,03,19,2,691.90245
2014,03,19,3,692.0831
2014,03,19,4,691.47522
2014,03,19,5,690.65852
2014,03,19,6,690.59305
2014,03,19,7,690.07662
2014,03,20,0,688.99953
2014,03,20,1,687.96389
2014,03,20,2,687.43101
2014,03,20,3,686.33078
2014,03,20,4,685.14858
2014,03,20,5,684.21426
2014,03,20,6,683.75614
2014,03,20,7,683.22144
2014,03,21,0,682.48469
2014,03,21,1,681.82351
2014,03,21,2,682.27517
2014,03,21,3,682.95222
2014,03,21,4,683.91897
2014,03,21,5,684.63537
2014,03,21,6,685.65809
2014,03,21,7,686.64956
2014,03,22,0,687.97789
2014,03,22,1,688.56214
2014,03,22,2,689.01275
2014,03,22,3,689.51679
2014,03,22,4,689.81779
2014,03,22,5,689.56688
2014,03,22,6,689.30454
2014,03,22,7,688.84593
2014,03,23,0,687.90826
2014,03,23,1,686.76748
2014,03,23,2,686.29444
2014,03,23,3,685.99363
2014,03,23,4,685.57095
2014,03,23,5,685.24325
2014,03,23,6,685.81581
2014,03,23,7,686.36198
2014,03,24,0,686.36579
2014,03,24,1,686.02545
2014,03,24,2,686.3287
2014,03,24,3,686.679
2014,03,24,4,686.51757
2014,03,24,5,686.26952
2014,03,24,6,686.50657
2014,03,24,7,686.76454
2014,03,25,0,686.77331
2014,03,25,1,686.46341
2014,03,25,2,687.00962
2014,03,25,3,687.85364
2014,03,25,4,687.88289
2014,03,25,5,687.73104
2014,03,25,6,687.99458
2014,03,25,7,688.30103
2014,03,26,0,688.63308
2014,03,26,1,688.35574
2014,03,26,2,688.40206
2014,03,26,3,688.41309
2014,03,26,4,688.07386
2014,03,26,5,687.55976
2014,03,26,6,687.41531
2014,03,26,7,687.26953
2014,03,27,0,686.88737
2014,03,27,1,686.38915
2014,03,27,2,686.52951
2014,03,27,3,686.66138
2014,03,27,4,686.77564
2014,03,27,5,686.68458
2014,03,27,6,686.58451
2014,03,27,7,686.09471
2014,03,28,0,685.85635
2014,03,28,1,685.49565
2014,03,28,2,684.96997
2014,03,28,3,684.40146
2014,03,28,4,683.86128
2014,03,28,5,683.65166
2014,03,28,6,683.76462
2014,03,28,7,683.97033
2014,03,1,0,684.00138
2014,03,1,1,683.966
2014,03,1,2,684.80309
2014,03,1,3,685.50587
2014,03,1,4,686.44359
2014,03,1,5,687.38015
2014,03,1,6,688.62741
2014,03,1,7,689.84605
2014,03,2,0,690.57503
2014,03,2,1,691.13429
2014,03,2,2,692.37797
2014,03,2,3,693.62173
2014,03,2,4,693.94405
2014,03,2,5,693.56422
2014,03,2,6,693.83681
2014,03,2,7,694.4262
2014,03,3,0,694.3926
2014,03,3,1,694.04757
2014,03,3,2,694.13058
2014,03,3,3,694.00555
2014,03,3,4,694.55199
2014,03,3,5,695.22158
2014,03,3,6,694.96234
2014,03,3,7,694.63095
2014,03,4,0,693.91037
2014,03,4,1,693.26778
2014,03,4,2,692.77447
2014,03,4,3,692.19866
2014,03,4,4,692.06066
2014,03,4,5,691.78502
2014,03,4,6,691.75652
2014,03,4,7,691.82239
2014,03,5,0,691.40689
2014,03,5,1,691.11932
2014,03,5,2,691.4525
2014,03,5,3,691.75916
2014,03,5,4,691.78303
2014,03,5,5,691.61641
2014,03,5,6,691.91499
2014,03,5,7,692.43553
2014,03,6,0,692.31402
2014,03,6,1,692.11152
2014,03,6,2,692.47005
2014,03,6,3,692.37972
2014,03,6,4,691.98862
2014,03,6,5,691.55063
2014,03,6,6,690.48355
2014,03,6,7,689.56675
2014,03,7,0,689.17893
2014,03,7,1,688.32226
2014,03,7,2,687.83948
2014,03,7,3,687.20117
2014,03,7,4,686.42566
2014,03,7,5,685.79027
2014,03,7,6,685.38119
2014,03,7,7,685.27998
2014,03,8,0,685.33497
2014,03,8,1,685.2899
2014,03,8,2,685.42512
2014,03,8,3,685.67826
2014,03,8,4,686.59836
2014,03,8,5,687.5066
2014,03,8,6,688.05609
2014,03,8,7,688.59741
2014,03,9,0,689.20186
2014,03,9,1,689.55126
2014,03,9,2,690.30341
2014,03,9,3,691.05293
2014,03,9,4,691.28331
2014,03,9,5,691.25071
2014,03,9,6,691.77582
2014,03,9,7,692.33027
2014,03,10,0,692.28612
2014,03,10,1,692.32557
2014,03,10,2,692.86649
2014,03,10,3,693.26091
2014,03,10,4,693.29625
2014,03,10,5,693.61533
2014,03,10,6,693.71122
2014,03,10,7,693.94361
2014,03,11,0,695.13266
2014,03,11,1,695.8475
2014,03,11,2,696.03743
2014,03,11,3,696.34477
2014,03,11,4,696.21
2014,03,11,5,695.84302
2014,03,11,6,695.78846
2014,03,11,7,695.9521
2014,03,12,0,695.85138
2014,03,12,1,695.5409
2014,03,12,2,695.18718
2014,03,12,3,694.76703
2014,03,12,4,694.70132
2014,03,12,5,694.47803
2014,03,12,6,694.32766
2014,03,12,7,694.27661
2014,03,13,0,694.2662
2014,03,13,1,693.89598
2014,03,13,2,693.78258
2014,03,13,3,693.56917
2014,03,13,4,693.0621
2014,03,13,5,692.14219
2014,03,13,6,691.3608
2014,03,13,7,690.66421
2014,03,14,0,689.7328
2014,03,14,1,688.094
2014,03,14,2,687.44105
2014,03,14,3,687.12327
2014,03,14,4,686.36295
2014,03,14,5,686.11993
2014,03,14,6,686.86278
2014,03,14,7,687.88031
2014,03,15,0,688.27532
2014,03,15,1,688.67892
2014,03,15,2,689.22895
2014,03,15,3,689.76234
2014,03,15,4,690.33286
2014,03,15,5,690.55523
2014,03,15,6,690.84129
2014,03,15,7,691.14523
2014,03,16,0,691.45326
2014,03,16,1,691.51215
2014,03,16,2,692.1737
2014,03,16,3,692.77942
2014,03,16,4,692.8485
2014,03,16,5,692.72219
2014,03,16,6,693.12904
2014,03,16,7,693.67498
2014,03,17,0,694.34617
2014,03,17,1,694.53172
2014,03,17,2,694.83066
2014,03,17,3,695.02621
2014,03,17,4,694.68544
2014,03,17,5,694.30201
2014,03,17,6,694.34539
2014,03,17,7,694.2817
2014,03,18,0,693.37666
2014,03,18,1,692.32208
2014,03,18,2,691.67452
2014,03,18,3,691.03138
2014,03,18,4,690.34901
2014,03,18,5,689.58935
2014,03,18,6,688.67301
2014,03,18,7,688.26729
2014,03,19,0,688.01003
2014,03,19,1,687.67344
2014,03,19,2,687.66564
2014,03,19,3,687.71678
2014,03,19,4,687.62724
2014,03,19,5,687.51107
2014,03,19,6,687.43838
2014,03,19,7,687.61179
2014,03,20,0,687.75991
2014,03,20,1,687.54935
2014,03,20,2,687.59552
2014,03,20,3,687.82742
2014,03,20,4,687.59345
2014,03,20,5,687.32041
2014,03,20,6,687.31075
2014,03,20,7,687.33208
2014,03,21,0,687.02256
2014,03,21,1,686.40246
2014,03,21,2,686.2603
2014,03,21,3,685.80808
2014,03,21,4,685.68219
2014,03,21,5,685.5099
2014,03,21,6,685.42308
2014,03,21,7,685.1492
2014,03,22,0,684.6134
2014,03,22,1,684.02201
2014,03,22,2,683.36997
2014,03,22,3,682.7253
2014,03,22,4,682.59674
2014,03,22,5,682.72276
2014,03,22,6,682.79451
2014,03,22,7,682.74585
2014,03,23,0,682.82934
2014,03,23,1,682.76168
2014,03,23,2,682.91479
2014,03,23,3,682.65405
2014,03,23,4,682.40962
2014,03,23,5,681.85637
2014,03,23,6,681.6898
2014,03,23,7,681.6604
2014,03,24,0,681.7065
2014,03,24,1,681.55482
2014,03,24,2,681.23589
2014,03,24,3,680.86225
2014,03,24,4,680.37158
2014,03,24,5,679.50865
2014,03,24,6,678.8379
2014,03,24,7,678.17893
2014,03,25,0,678.00818
2014,03,25,1,677.42525
2014,03,25,2,677.06847
2014,03,25,3,677.18609
2014,03,25,4,677.18971
2014,03,25,5,677.06072
2014,03,25,6,677.5133
2014,03,25,7,678.23535
2014,03,26,0,678.86149
2014,03,26,1,679.14113
2014,03,26,2,680.05205
2014,03,26,3,680.76389
2014,03,26,4,681.43321
2014,03,26,5,681.83895
2014,03,26,6,682.21857
2014,03,26,7,682.68656
2014,03,27,0,683.40616
2014,03,27,1,683.9927
2014,03,27,2,684.07656
2014,03,27,3,684.66273
2014,03,27,4,685.33678
2014,03,27,5,685.49859
2014,03,27,6,685.54105
2014,03,27,7,685.50012
2014,03,28,0,685.55286
2014,03,28,1,684.96538
2014,03,28,2,684.45783
2014,03,28,3,684.2235
2014,03,28,4,683.84288
2014,03,28,5,683.21216
2014,03,28,6,682.83702
2014,03,28,7,683.27629
2014,03,29,0,683.82696
2014,03,29,1,684.24343
2014,03,29,2,685.49229
2014,03,29,3,686.90503
2014,03,29,4,688.0636
2014,03,29,5,688.81986
2014,03,29,6,688.88967
2014,03,29,7,689.04982
2014,03,30,0,688.92912
2014,03,30,1,688.18621
2014,03,30,2,687.98096
2014,03,30,3,687.79915
2014,03,30,4,686.8088
2014,03,30,5,686.0031
2014,03,30,6,685.10392
2014,03,30,7,684.22564
2014,03,31,0,683.05994
2014,03,31,1,681.55064
2014,03,31,2,680.97302
2014,03,31,3,680.37586
2014,03,31,4,679.53232
2014,03,31,5,679.08611
2014,03,31,6,679.12392
2014,03,31,7,680.01749
2014,03,1,0,680.10163
2014,03,1,1,680.05323
2014,03,1,2,681.071
2014,03,1,3,681.73583
2014,03,1,4,681.89246
2014,03,1,5,682.45047
2014,03,1,6,683.1151
2014,03,1,7,683.61127
2014,03,2,0,684.23653
2014,03,2,1,684.73614
2014,03,2,2,685.01909
2014,03,2,3,685.1367
2014,03,2,4,685.76883
2014,03,2,5,686.52951
2014,03,2,6,686.20425
2014,03,2,7,686.14381
2014,03,3,0,686.98391
2014,03,3,1,687.27575
2014,03,3,2,687.4108
2014,03,3,3,687.63926
2014,03,3,4,687.87971
2014,03,3,5,687.83958
2014,03,3,6,687.71073
2014,03,3,7,687.37322
2014,03,4,0,686.81628
2014,03,4,1,686.54502
2014,03,4,2,686.83947
2014,03,4,3,687.53353
2014,03,4,4,687.50705
2014,03,4,5,687.49415
2014,03,4,6,687.37629
2014,03,4,7,687.00108
2014,03,5,0,687.67024
2014,03,5,1,687.88689
2014,03,5,2,688.16378
2014,03,5,3,688.64693
2014,03,5,4,689.45139
2014,03,5,5,690.00433
2014,03,5,6,690.95139
2014,03,5,7,691.20982
2014,03,6,0,690.92212
2014,03,6,1,690.29016
2014,03,6,2,690.2032
2014,03,6,3,689.9623
2014,03,6,4,689.70796
2014,03,6,5,689.33585
2014,03,6,6,688.44504
2014,03,6,7,687.79826
2014,03,7,0,687.56365
2014,03,7,1,687.02423
2014,03,7,2,686.33748
2014,03,7,3,685.93298
2014,03,7,4,685.62683
2014,03,7,5,685.46761
2014,03,7,6,685.24933
2014,03,7,7,685.17145
2014,03,8,0,684.91195
2014,03,8,1,684.6402
2014,03,8,2,684.56711
2014,03,8,3,684.38897
2014,03,8,4,684.58139
2014,03,8,5,684.44816
2014,03,8,6,683.66365
2014,03,8,7,683.19968
2014,03,9,0,683.66106
2014,03,9,1,683.4311
2014,03,9,2,683.43286
2014,03,9,3,683.58174
2014,03,9,4,683.44576
2014,03,9,5,683.31941
2014,03,9,6,683.41323
2014,03,9,7,683.77797
2014,03,10,0,683.95955
2014,03,10,1,683.71993
2014,03,10,2,684.02189
2014,03,10,3,684.47418
2014,03,10,4,684.35555
2014,03,10,5,684.1042
2014,03,10,6,684.41456
2014,03,10,7,684.67082
2014,03,11,0,684.89577
2014,03,11,1,684.94467
2014,03,11,2,685.18212
2014,03,11,3,685.84033
2014,03,11,4,686.20704
2014,03,11,5,686.59315
2014,03,11,6,687.21164
2014,03,11,7,687.55106
2014,03,12,0,687.65374
2014,03,12,1,687.81933
2014,03,12,2,688.64179
2014,03,12,3,689.75155
2014,03,12,4,690.34592
2014,03,12,5,690.70031
2014,03,12,6,690.40777
2014,03,12,7,690.40417
2014,03,13,0,690.75387
2014,03,13,1,689.8395
2014,03,13,2,688.91921
2014,03,13,3,688.285
2014,03,13,4,686.4041
2014,03,13,5,685.32526
2014,03,13,6,685.78242
2014,03,13,7,686.37619
2014,03,14,0,686.3272
2014,03,14,1,685.98476
2014,03,14,2,687.23318
2014,03,14,3,689.18566
2014,03,14,4,690.73608
2014,03,14,5,692.28451
2014,03,14,6,693.82574
2014,03,14,7,694.95926
2014,03,15,0,696.30196
2014,03,15,1,696.59761
2014,03,15,2,696.33505
2014,03,15,3,696.49235
2014,03,15,4,696.28133
2014,03,15,5,696.3639
2014,03,15,6,697.06084
2014,03,15,7,697.96078
2014,03,16,0,698.45339
2014,03,16,1,698.51675
2014,03,16,2,699.07834
2014,03,16,3,699.49163
2014,03,16,4,699.60865
2014,03,16,5,699.93056
2014,03,16,6,700.56627
2014,03,16,7,700.90432
2014,03,17,0,701.59262
2014,03,17,1,701.66785
2014,03,17,2,701.88247
2014,03,17,3,702.1365
2014,03,17,4,702.13422
2014,03,17,5,702.16444
2014,03,17,6,701.39591
2014,03,17,7,700.33672
2014,03,18,0,697.93486
2014,03,18,1,695.67487
2014,03,18,2,693.96734
2014,03,18,3,692.02239
2014,03,18,4,689.37943
2014,03,18,5,687.16394
2014,03,18,6,685.76975
2014,03,18,7,685.14794
2014,03,19,0,685.01134
2014,03,19,1,684.60679
2014,03,19,2,684.25109
2014,03,19,3,683.83749
2014,03,19,4,683.6971
2014,03,19,5,684.54469
2014,03,19,6,685.34845
2014,03,19,7,686.14773
2014,03,20,0,686.36966
2014,03,20,1,686.3123
2014,03,20,2,687.62961
2014,03,20,3,688.63555
2014,03,20,4,689.19023
2014,03,20,5,689.96237
2014,03,20,6,690.38148
2014,03,20,7,691.34987
2014,03,21,0,691.95177
2014,03,21,1,692.0591
2014,03,21,2,692.11647
2014,03,21,3,692.29536
2014,03,21,4,691.84118
2014,03,21,5,691.41258
2014,03,21,6,691.61612
2014,03,21,7,691.87082
2014,03,22,0,691.21751
2014,03,22,1,690.40212
2014,03,22,2,690.53461
2014,03,22,3,690.47599
2014,03,22,4,689.50019
2014,03,22,5,688.66975
2014,03,22,6,687.74497
2014,03,22,7,686.90837
2014,03,23,0,686.85215
2014,03,23,1,687.12692
2014,03,23,2,687.67561
2014,03,23,3,687.76807
2014,03,23,4,687.72527
2014,03,23,5,687.7078
2014,03,23,6,688.17079
2014,03,23,7,687.977
2014,03,24,0,687.55972
2014,03,24,1,687.24146
2014,03,24,2,687.01436
2014,03,24,3,686.82178
2014,03,24,4,686.97035
2014,03,24,5,687.21797
2014,03,24,6,687.17092
2014,03,24,7,686.98578
2014,03,25,0,686.27028
2014,03,25,1,685.14667
2014,03,25,2,684.21493
2014,03,25,3,683.55804
2014,03,25,4,683.60666
2014,03,25,5,683.54176
2014,03,25,6,683.26392
2014,03,25,7,683.04081
2014,03,26,0,682.6224
2014,03,26,1,682.23074
2014,03,26,2,682.26482
2014,03,26,3,681.9991
2014,03,26,4,681.57378
2014,03,26,5,681.25899
2014,03,26,6,681.09273
2014,03,26,7,680.93456
2014,03,27,0,680.88427
2014,03,27,1,680.30904
2014,03,27,2,679.65477
2014,03,27,3,679.49638
2014,03,27,4,679.77354
2014,03,27,5,680.04649
2014,03,27,6,680.11717
2014,03,27,7,680.22694
2014,03,28,0,680.4331
2014,03,28,1,680.78563
2014,03,28,2,681.54421
2014,03,28,3,681.99788
2014,03,28,4,681.57876
2014,03,28,5,681.16006
2014,03,28,6,680.8776
2014,03,28,7,680.85837
2014,03,29,0,681.03529
2014,03,29,1,680.98831
2014,03,29,2,681.67135
2014,03,29,3,682.40617
2014,03,29,4,683.00649
2014,03,29,5,683.78255
2014,03,29,6,684.36816
2014,03,29,7,684.85629
2014,03,30,0,685.4922
2014,03,30,1,685.54199
2014,03,30,2,685.64811
2014,03,30,3,686.45767
2014,03,30,4,687.42531
2014,03,30,5,688.33806
2014,03,30,6,688.76914
2014,03,30,7,688.87886
2014,03,1,0,689.42625
2014,03,1,1,689.8474
2014,03,1,2,690.80028
2014,03,1,3,691.66738
2014,03,1,4,691.4419
2014,03,1,5,691.29128
2014,03,1,6,691.94359
2014,03,1,7,692.65632
2014,03,2,0,692.67808
2014,03,2,1,692.38611
2014,03,2,2,693.24647
2014,03,2,3,694.25054
2014,03,2,4,694.95912
2014,03,2,5,695.71892
2014,03,2,6,696.84139
2014,03,2,7,697.71109
2014,03,3,0,698.09141
2014,03,3,1,698.16474
2014,03,3,2,698.59153
2014,03,3,3,699.04566
2014,03,3,4,699.61791
2014,03,3,5,699.79794
2014,03,3,6,699.61574
2014,03,3,7,699.41599
2014,03,4,0,700.78206
2014,03,4,1,701.70041
2014,03,4,2,702.04784
2014,03,4,3,702.08195
2014,03,4,4,701.76807
2014,03,4,5,701.72583
2014,03,4,6,701.52891
2014,03,4,7,701.67212
2014,03,5,0,701.26992
2014,03,5,1,700.39115
2014,03,5,2,700.53222
2014,03,5,3,700.3592
2014,03,5,4,699.36461
2014,03,5,5,698.34143
2014,03,5,6,697.29238
2014,03,5,7,696.35289
2014,03,6,0,695.52801
2014,03,6,1,694.88907
2014,03,6,2,693.8279
2014,03,6,3,693.0336
2014,03,6,4,692.45242
2014,03,6,5,692.14619
2014,03,6,6,692.01655
2014,03,6,7,692.01808
2014,03,7,0,692.48578
2014,03,7,1,692.71071
2014,03,7,2,693.09141
2014,03,7,3,693.56923
2014,03,7,4,693.72071
2014,03,7,5,693.6501
2014,03,7,6,693.6569
2014,03,7,7,693.56236
2014,03,8,0,692.80415
2014,03,8,1,692.05858
2014,03,8,2,692.3834
2014,03,8,3,693.324
2014,03,8,4,694.35739
2014,03,8,5,695.05755
2014,03,8,6,695.25429
2014,03,8,7,695.51906
2014,03,9,0,696.6733
2014,03,9,1,697.48893
2014,03,9,2,698.39348
2014,03,9,3,699.47065
2014,03,9,4,700.04885
2014,03,9,5,700.76293
2014,03,9,6,700.98905
2014,03,9,7,701.46802
2014,03,10,0,701.90124
2014,03,10,1,701.81926
2014,03,10,2,701.32989
2014,03,10,3,701.43071
2014,03,10,4,702.08174
2014,03,10,5,703.49376
2014,03,10,6,703.76014
2014,03,10,7,704.20292
2014,03,11,0,705.0546
2014,03,11,1,705.34401
2014,03,11,2,704.98731
2014,03,11,3,704.7622
2014,03,11,4,704.39172
2014,03,11,5,703.99215
2014,03,11,6,703.90689
2014,03,11,7,703.64802
2014,03,12,0,702.9733
2014,03,12,1,702.34719
2014,03,12,2,702.29568
2014,03,12,3,703.47751
2014,03,12,4,703.83482
2014,03,12,5,704.16478
2014,03,12,6,704.76705
2014,03,12,7,705.35136
2014,03,13,0,705.11592
2014,03,13,1,704.21186
2014,03,13,2,703.50557
2014,03,13,3,701.82109
2014,03,13,4,700.45884
2014,03,13,5,699.24006
2014,03,13,6,698.38162
2014,03,13,7,697.73692
2014,03,14,0,696.6562
2014,03,14,1,695.52807
2014,03,14,2,693.95855
2014,03,14,3,692.43947
2014,03,14,4,690.93261
2014,03,14,5,689.52139
2014,03,14,6,688.78081
2014,03,14,7,687.99122
2014,03,15,0,687.54254
2014,03,15,1,687.06786
2014,03,15,2,687.40568
2014,03,15,3,687.45199
2014,03,15,4,687.54169
2014,03,15,5,688.36344
2014,03,15,6,689.26603
2014,03,15,7,689.4926
2014,03,16,0,688.99911
2014,03,16,1,688.24326
2014,03,16,2,687.95046
2014,03,16,3,687.54335
2014,03,16,4,686.87859
2014,03,16,5,685.9361
2014,03,16,6,684.80814
2014,03,16,7,684.05957
2014,03,17,0,683.07968
2014,03,17,1,682.08224
2014,03,17,2,681.7692
2014,03,17,3,681.4225
2014,03,17,4,680.81232
2014,03,17,5,680.54088
2014,03,17,6,680.675
2014,03,17,7,681.10561
2014,03,18,0,681.70816
2014,03,18,1,682.10562
2014,03,18,2,682.49379
2014,03,18,3,683.06704
2014,03,18,4,683.30923
2014,03,18,5,683.77158
2014,03,18,6,684.29937
2014,03,18,7,684.78565
2014,03,19,0,685.36045
2014,03,19,1,685.43765
2014,03,19,2,685.36237
2014,03,19,3,685.45743
2014,03,19,4,685.21363
2014,03,19,5,685.23185
2014,03,19,6,685.12276
2014,03,19,7,684.8815
2014,03,20,0,684.96913
2014,03,20,1,685.34141
2014,03,20,2,685.47175
2014,03,20,3,685.93749
2014,03,20,4,686.51213
2014,03,20,5,687.10715
2014,03,20,6,687.89044
2014,03,20,7,689.02422
2014,03,21,0,689.84143
2014,03,21,1,690.30193
2014,03,21,2,691.11888
2014,03,21,3,692.12563
2014,03,21,4,692.38853
2014,03,21,5,692.25737
2014,03,21,6,692.65201
2014,03,21,7,692.92063
2014,03,22,0,692.30429
2014,03,22,1,691.45168
2014,03,22,2,691.05838
2014,03,22,3,690.66234
2014,03,22,4,689.99174
2014,03,22,5,689.25
2014,03,22,6,689.2283
2014,03,22,7,689.66543
2014,03,23,0,690.0429
2014,03,23,1,690.3526
2014,03,23,2,691.10678
2014,03,23,3,691.8801
2014,03,23,4,691.89788
2014,03,23,5,691.37833
2014,03,23,6,691.43394
2014,03,23,7,691.46291
2014,03,24,0,691.41339
2014,03,24,1,691.10615
2014,03,24,2,690.85696
2014,03,24,3,691.25113
2014,03,24,4,691.37174
2014,03,24,5,691.38852
2014,03,24,6,691.86201
2014,03,24,7,692.27624
2014,03,25,0,693.01189
2014,03,25,1,693.58506
2014,03,25,2,694.02624
2014,03,25,3,694.53733
2014,03,25,4,694.46092
2014,03,25,5,694.24659
2014,03,25,6,693.59791
2014,03,25,7,692.71671
2014,03,26,0,691.71906
2014,03,26,1,690.67297
2014,03,26,2,690.89925
2014,03,26,3,691.51328
2014,03,26,4,692.84818
2014,03,26,5,694.50648
2014,03,26,6,695.94447
2014,03,26,7,697.38536
2014,03,27,0,699.63884
2014,03,27,1,701.2122
2014,03,27,2,702.13281
2014,03,27,3,703.26125
2014,03,27,4,704.38981
2014,03,27,5,704.71837
2014,03,27,6,705.49152
2014,03,27,7,706.03614
2014,03,28,0,706.27862
2014,03,28,1,706.20424
2014,03,28,2,705.8744
2014,03,28,3,705.9915
2014,03,28,4,705.72132
2014,03,28,5,705.12267
2014,03,28,6,704.80182
2014,03,28,7,704.57413
2014,03,29,0,703.82338
2014,03,29,1,702.53017
2014,03,29,2,702.02207
2014,03,29,3,701.36835
2014,03,29,4,700.18442
2014,03,29,5,699.09418
2014,03,29,6,698.18154
2014,03,29,7,697.31154
2014,03,30,0,696.20887
2014,03,30,1,695.43958
2014,03,30,2,695.06942
2014,03,30,3,695.13003
2014,03,30,4,694.95107
2014,03,30,5,694.83867
2014,03,30,6,694.74537
2014,03,30,7,694.55946
2014,03,31,0,694.7242
2014,03,31,1,694.99782
2014,03,31,2,695.70418
2014,03,31,3,696.20223
2014,03,31,4,696.86021
2014,03,31,5,696.65296
2014,03,31,6,695.43234
2014,03,31,7,694.36055
2014,03,1,0,693.49281
2014,03,1,1,691.82882
2014,03,1,2,690.35812
2014,03,1,3,690.04891
2014,03,1,4,688.91226
2014,03,1,5,687.96729
2014,03,1,6,687.23179
2014,03,1,7,686.73693
2014,03,2,0,686.60232
2014,03,2,1,686.32602
2014,03,2,2,686.80976
2014,03,2,3,687.88559
2014,03,2,4,688.76102
2014,03,2,5,689.86817
2014,03,2,6,691.74858
2014,03,2,7,692.79922
2014,03,3,0,693.7108
2014,03,3,1,694.47025
2014,03,3,2,695.6763
2014,03,3,3,696.5404
2014,03,3,4,696.10627
2014,03,3,5,695.65388
2014,03,3,6,695.18458
2014,03,3,7,694.27495
2014,03,4,0,694.03553
2014,03,4,1,693.23817
2014,03,4,2,693.05422
2014,03,4,3,692.63711
2014,03,4,4,691.4955
2014,03,4,5,690.16919
2014,03,4,6,689.74265
2014,03,4,7,689.70505
2014,03,5,0,689.00692
2014,03,5,1,688.76088
2014,03,5,2,689.02626
2014,03,5,3,689.17434
2014,03,5,4,689.86267
2014,03,5,5,690.79758
2014,03,5,6,691.62243
2014,03,5,7,692.17077
2014,03,6,0,692.18681
2014,03,6,1,690.81829
2014,03,6,2,690.39394
2014,03,6,3,690.58178
2014,03,6,4,690.78133
2014,03,6,5,691.04734
2014,03,6,6,691.22435
2014,03,6,7,691.32094
2014,03,7,0,691.57012
2014,03,7,1,691.49212
2014,03,7,2,691.94773
2014,03,7,3,692.44757
2014,03,7,4,692.77363
2014,03,7,5,692.49525
2014,03,7,6,691.8734
2014,03,7,7,691.07141
2014,03,8,0,688.79916
2014,03,8,1,686.13996
2014,03,8,2,685.41421
2014,03,8,3,684.71211
2014,03,8,4,683.42807
2014,03,8,5,682.51656
2014,03,8,6,681.8169
2014,03,8,7,681.0933
2014,03,9,0,680.32853
2014,03,9,1,679.66904
2014,03,9,2,679.39911
2014,03,9,3,679.28983
2014,03,9,4,679.44481
2014,03,9,5,679.37257
2014,03,9,6,679.06901
2014,03,9,7,679.18341
2014,03,10,0,678.74501
2014,03,10,1,678.0134
2014,03,10,2,678.36321
2014,03,10,3,678.80675
2014,03,10,4,678.6064
2014,03,10,5,678.39081
2014,03,10,6,678.22272
2014,03,10,7,677.57571
2014,03,11,0,677.4422
2014,03,11,1,677.25777
2014,03,11,2,677.43183
2014,03,11,3,677.81571
2014,03,11,4,678.18047
2014,03,11,5,678.73414
2014,03,11,6,678.79957
2014,03,11,7,679.1841
2014,03,12,0,679.98361
2014,03,12,1,680.62934
2014,03,12,2,681.41483
2014,03,12,3,682.0754
2014,03,12,4,682.5309
2014,03,12,5,683.17366
2014,03,12,6,684.39624
2014,03,12,7,685.60355
2014,03,13,0,686.86676
2014,03,13,1,687.78328
2014,03,13,2,689.2412
2014,03,13,3,690.4308
2014,03,13,4,690.97819
2014,03,13,5,692.17028
2014,03,13,6,693.11034
2014,03,13,7,693.89063
2014,03,14,0,694.6066
2014,03,14,1,694.86667
2014,03,14,2,696.16991
2014,03,14,3,697.33953
2014,03,14,4,698.0759
2014,03,14,5,698.97486
2014,03,14,6,699.58789
2014,03,14,7,699.49242
2014,03,15,0,699.55702
2014,03,15,1,698.89423
2014,03,15,2,698.67724
2014,03,15,3,697.7387
2014,03,15,4,696.89424
2014,03,15,5,695.64676
2014,03,15,6,695.14625
2014,03,15,7,695.22113
2014,03,16,0,695.67329
2014,03,16,1,696.55096
2014,03,16,2,698.43408
2014,03,16,3,699.71915
2014,03,16,4,699.91753
2014,03,16,5,699.6867
2014,03,16,6,699.19381
2014,03,16,7,699.03559
2014,03,17,0,698.02737
2014,03,17,1,696.90492
2014,03,17,2,697.49405
2014,03,17,3,697.59932
2014,03,17,4,697.62076
2014,03,17,5,698.05574
2014,03,17,6,697.47494
2014,03,17,7,696.49287
2014,03,18,0,694.55305
2014,03,18,1,692.94961
2014,03,18,2,692.06731
2014,03,18,3,692.24833
2014,03,18,4,692.46441
2014,03,18,5,692.02005
2014,03,18,6,690.60944
2014,03,18,7,688.87478
2014,03,19,0,687.30023
2014,03,19,1,686.70087
2014,03,19,2,686.03316
2014,03,19,3,684.84124
2014,03,19,4,684.80659
2014,03,19,5,684.54123
2014,03,19,6,684.05146
2014,03,19,7,683.97867
2014,03,20,0,683.98638
2014,03,20,1,684.42875
2014,03,20,2,685.63464
2014,03,20,3,687.05722
2014,03,20,4,687.78142
2014,03,20,5,688.35996
2014,03,20,6,688.77122
2014,03,20,7,689.19452
2014,03,21,0,689.93608
2014,03,21,1,690.19912
2014,03,21,2,690.47663
2014,03,21,3,690.21518
2014,03,21,4,689.74077
2014,03,21,5,689.50379
2014,03,21,6,689.51047
2014,03,21,7,689.67924
2014,03,22,0,690.24217
2014,03,22,1,690.73223
2014,03,22,2,690.953
2014,03,22,3,691.21816
2014,03,22,4,691.75652
2014,03,22,5,691.81743
2014,03,22,6,691.89103
2014,03,22,7,691.40361
2014,03,23,0,691.44863
2014,03,23,1,691.49317
2014,03,23,2,691.19895
2014,03,23,3,691.36641
2014,03,23,4,691.73999
2014,03,23,5,692.33871
2014,03,23,6,693.33252
2014,03,23,7,694.58128
2014,03,24,0,695.4206
2014,03,24,1,695.94659
2014,03,24,2,696.00463
2014,03,24,3,696.09601
2014,03,24,4,696.64739
2014,03,24,5,697.08357
2014,03,24,6,697.05093
2014,03,24,7,697.23863
2014,03,25,0,696.69573
2014,03,25,1,695.84568
2014,03,25,2,695.35677
2014,03,25,3,695.14786
2014,03,25,4,695.77764
2014,03,25,5,696.4483
2014,03,25,6,696.49214
2014,03,25,7,695.93955
2014,03,26,0,694.90784
2014,03,26,1,694.19578
2014,03,26,2,693.84382
2014,03,26,3,693.7222
2014,03,26,4,693.33344
2014,03,26,5,692.60024
2014,03,26,6,692.0938
2014,03,26,7,691.93705
2014,03,27,0,691.1316
2014,03,27,1,690.38259
2014,03,27,2,690.05757
2014,03,27,3,689.79834
2014,03,27,4,689.23698
2014,03,27,5,688.43074
2014,03,27,6,687.81382
2014,03,27,7,687.29036
2014,03,28,0,686.69973
2014,03,28,1,686.30734
2014,03,28,2,687.22007
2014,03,28,3,688.43718
2014,03,28,4,688.68885
2014,03,28,5,688.7077
2014,03,28,6,687.41459
2014,03,28,7,685.60311
2014,03,29,0,684.57801
2014,03,29,1,684.12218
2014,03,29,2,684.99487
2014,03,29,3,685.66315
2014,03,29,4,685.89921
2014,03,29,5,686.96387
2014,03,29,6,687.09454
2014,03,29,7,686.89538
2014,03,30,0,687.43604
2014,03,30,1,688.15995
2014,03,30,2,689.05256
2014,03,30,3,689.83675
2014,03,30,4,690.32546
2014,03,30,5,691.24258
2014,03,30,6,691.65735
2014,03,30,7,692.0188
2014,03,1,0,692.71914
2014,03,1,1,693.174
2014,03,1,2,693.35405
2014,03,1,3,693.81946
2014,03,1,4,693.75008
2014,03,1,5,693.50095
2014,03,1,6,693.729
2014,03,1,7,693.74331
2014,03,2,0,693.8575
2014,03,2,1,693.48525
2014,03,2,2,692.8999
2014,03,2,3,692.19416
2014,03,2,4,691.40688
2014,03,2,5,690.84622
2014,03,2,6,689.96818
2014,03,2,7,689.23405
2014,03,3,0,688.18619
2014,03,3,1,687.15953
2014,03,3,2,686.22553
2014,03,3,3,685.14077
2014,03,3,4,684.32552
2014,03,3,5,683.44098
2014,03,3,6,682.4
2014,03,3,7,681.55213
2014,03,4,0,680.66578
2014,03,4,1,680.10099
2014,03,4,2,679.69664
2014,03,4,3,679.36018
2014,03,4,4,678.7241
2014,03,4,5,678.32858
2014,03,4,6,678.34541
2014,03,4,7,678.48012
2014,03,5,0,678.61562
2014,03,5,1,678.71055
2014,03,5,2,679.09195
2014,03,5,3,679.32976
2014,03,5,4,679.10567
2014,03,5,5,678.97681
2014,03,5,6,678.86169
2014,03,5,7,678.86686
2014,03,6,0,679.26142
2014,03,6,1,679.49015
2014,03,6,2,679.75049
2014,03,6,3,680.14777
2014,03,6,4,680.30812
2014,03,6,5,680.44355
2014,03,6,6,680.28411
2014,03,6,7,680.14505
2014,03,7,0,679.65949
2014,03,7,1,679.05392
2014,03,7,2,679.52046
2014,03,7,3,679.79394
2014,03,7,4,679.09141
2014,03,7,5,678.14903
2014,03,7,6,678.38927
2014,03,7,7,678.36451
2014,03,8,0,678.12425
2014,03,8,1,676.84317
2014,03,8,2,676.20402
2014,03,8,3,676.01084
2014,03,8,4,676.02026
2014,03,8,5,676.04158
2014,03,8,6,676.47808
2014,03,8,7,676.22649
2014,03,9,0,674.76296
2014,03,9,1,673.79632
2014,03,9,2,673.88988
2014,03,9,3,674.6729
2014,03,9,4,674.75579
2014,03,9,5,674.31348
2014,03,9,6,674.19472
2014,03,9,7,674.199
2014,03,10,0,673.89691
2014,03,10,1,673.25486
2014,03,10,2,672.91759
2014,03,10,3,672.64126
2014,03,10,4,672.18447
2014,03,10,5,671.71733
2014,03,10,6,671.76839
2014,03,10,7,672.37343
2014,03,11,0,672.98386
2014,03,11,1,673.12956
2014,03,11,2,674.34742
2014,03,11,3,675.55666
2014,03,11,4,676.51099
2014,03,11,5,677.66302
2014,03,11,6,678.89481
2014,03,11,7,679.59826
2014,03,12,0,680.18122
2014,03,12,1,680.27628
2014,03,12,2,680.29224
2014,03,12,3,680.36351
2014,03,12,4,679.21243
2014,03,12,5,678.72593
2014,03,12,6,678.3179
2014,03,12,7,677.88966
2014,03,13,0,677.95507
2014,03,13,1,678.24954
2014,03,13,2,679.01929
2014,03,13,3,679.69112
2014,03,13,4,681.11787
2014,03,13,5,682.43042
2014,03,13,6,682.75848
2014,03,13,7,682.63964
2014,03,14,0,683.16528
2014,03,14,1,683.46739
2014,03,14,2,683.55962
2014,03,14,3,683.55328
2014,03,14,4,682.87168
2014,03,14,5,682.5285
2014,03,14,6,683.11856
2014,03,14,7,683.47434
2014,03,15,0,683.93005
2014,03,15,1,684.10452
2014,03,15,2,684.48526
2014,03,15,3,683.81466
2014,03,15,4,682.22634
2014,03,15,5,680.76605
2014,03,15,6,679.83595
2014,03,15,7,679.44243
2014,03,16,0,679.24186
2014,03,16,1,679.50932
2014,03,16,2,679.95036
2014,03,16,3,680.74436
2014,03,16,4,681.72312
2014,03,16,5,682.41341
2014,03,16,6,683.72579
2014,03,16,7,684.78838
2014,03,17,0,684.37477
2014,03,17,1,683.49613
2014,03,17,2,683.2773
2014,03,17,3,682.96922
2014,03,17,4,683.30672
2014,03,17,5,683.8911
2014,03,17,6,684.86678
2014,03,17,7,686.31471
2014,03,18,0,687.45871
2014,03,18,1,688.29702
2014,03,18,2,689.62297
2014,03,18,3,690.7942
2014,03,18,4,691.47333
2014,03,18,5,692.28071
2014,03,18,6,693.46157
2014,03,18,7,693.9404
2014,03,19,0,694.83487
2014,03,19,1,695.48895
2014,03,19,2,695.85812
2014,03,19,3,696.48202
2014,03,19,4,696.66241
2014,03,19,5,696.97756
2014,03,19,6,697.63642
2014,03,19,7,697.84415
2014,03,20,0,698.77299
2014,03,20,1,699.58623
2014,03,20,2,699.85046
2014,03,20,3,700.18487
2014,03,20,4,700.12308
2014,03,20,5,700.16567
2014,03,20,6,699.96173
2014,03,20,7,699.8567
2014,03,21,0,699.79027
2014,03,21,1,699.33142
2014,03,21,2,698.92193
2014,03,21,3,698.91989
2014,03,21,4,698.63662
2014,03,21,5,697.92187
2014,03,21,6,697.58999
2014,03,21,7,696.57475
2014,03,22,0,695.55039
2014,03,22,1,695.17992
2014,03,22,2,695.01831
2014,03,22,3,694.50265
2014,03,22,4,693.47884
2014,03,22,5,691.6005
2014,03,22,6,687.89665
2014,03,22,7,685.02562
2014,03,23,0,683.73519
2014,03,23,1,682.75067
2014,03,23,2,682.4165
2014,03,23,3,682.00188
2014,03,23,4,681.68395
2014,03,23,5,681.65139
2014,03,23,6,681.87087
2014,03,23,7,682.20956
2014,03,24,0,682.22421
2014,03,24,1,681.85473
2014,03,24,2,681.79272
2014,03,24,3,681.8188
2014,03,24,4,681.507
2014,03,24,5,681.23279
2014,03,24,6,680.25189
2014,03,24,7,679.83677
2014,03,25,0,679.56084
2014,03,25,1,679.5381
2014,03,25,2,680.1621
2014,03,25,3,681.48462
2014,03,25,4,681.92141
2014,03,25,5,682.76373
2014,03,25,6,683.46223
2014,03,25,7,683.78002
2014,03,26,0,684.10449
2014,03,26,1,684.02048
2014,03,26,2,683.74299
2014,03,26,3,683.20704
2014,03,26,4,682.55267
2014,03,26,5,681.59071
2014,03,26,6,680.27881
2014,03,26,7,679.23354
2014,03,27,0,678.48587
2014,03,27,1,677.63687
2014,03,27,2,677.15812
2014,03,27,3,676.67106
2014,03,27,4,675.86629
2014,03,27,5,675.26833
2014,03,27,6,675.6413
2014,03,27,7,676.30238
2014,03,28,0,677.62944
2014,03,28,1,678.66167
2014,03,28,2,679.48115
2014,03,28,3,680.38168
2014,03,28,4,681.21287
2014,03,28,5,682.26733
2014,03,28,6,682.52058
2014,03,28,7,682.67806
2014,03,29,0,683.30304
2014,03,29,1,683.83242
2014,03,29,2,683.59213
2014,03,29,3,683.24731
2014,03,29,4,682.81543
2014,03,29,5,682.73648
2014,03,29,6,683.29122
2014,03,29,7,684.08963
2014,03,30,0,684.68903
2014,03,30,1,685.47027
2014,03,30,2,685.96111
2014,03,30,3,686.65143
2014,03,30,4,687.53908
2014,03,30,5,688.27596
2014,03,30,6,688.64761
2014,03,30,7,688.68713
2014,03,31,0,689.31925
2014,03,31,1,689.88148
2014,03,31,2,690.15837
2014,03,31,3,690.40857
2014,03,31,4,690.18226
2014,03,31,5,689.85946
2014,03,31,6,689.41117
2014,03,31,7,689.16
2014,03,1,0,689.24852
2014,03,1,1,688.91468
2014,03,1,2,688.34956
2014,03,1,3,687.52035
2014,03,1,4,686.716
2014,03,1,5,686.16926
2014,03,1,6,685.46037
2014,03,1,7,684.69217
2014,03,2,0,683.57493
2014,03,2,1,682.68969
2014,03,2,2,682.41415
2014,03,2,3,682.42016
2014,03,2,4,681.71988
2014,03,2,5,681.81191
2014,03,2,6,681.86208
2014,03,2,7,682.04827
2014,03,3,0,682.69317
2014,03,3,1,683.49551
2014,03,3,2,683.97522
2014,03,3,3,684.54771
2014,03,3,4,685.2705
2014,03,3,5,685.94374
2014,03,3,6,686.39626
2014,03,3,7,687.05944
2014,03,4,0,687.10323
2014,03,4,1,686.84838
2014,03,4,2,687.06704
2014,03,4,3,686.97548
2014,03,4,4,685.96889
2014,03,4,5,685.06472
2014,03,4,6,684.54165
2014,03,4,7,683.95135
2014,03,5,0,683.83985
2014,03,5,1,683.86709
2014,03,5,2,683.66498
2014,03,5,3,683.6486
2014,03,5,4,683.71235
2014,03,5,5,683.78886
2014,03,5,6,683.91147
2014,03,5,7,684.42058
2014,03,6,0,685.22617
2014,03,6,1,685.73608
2014,03,6,2,685.82476
2014,03,6,3,686.16793
2014,03,6,4,686.29162
2014,03,6,5,686.5423
2014,03,6,6,686.80818
2014,03,6,7,686.61655
2014,03,7,0,686.79948
2014,03,7,1,687.64708
2014,03,7,2,687.94492
2014,03,7,3,687.93374
2014,03,7,4,688.1228
2014,03,7,5,688.50701
2014,03,7,6,688.24164
2014,03,7,7,688.05934
2014,03,8,0,688.23453
2014,03,8,1,688.61362
2014,03,8,2,688.74169
2014,03,8,3,688.82034
2014,03,8,4,688.77718
2014,03,8,5,688.55914
2014,03,8,6,688.78715
2014,03,8,7,689.3912
2014,03,9,0,689.40869
2014,03,9,1,688.94736
2014,03,9,2,688.83783
2014,03,9,3,688.90116
2014,03,9,4,688.36361
2014,03,9,5,687.54336
2014,03,9,6,686.34404
2014,03,9,7,685.56703
2014,03,10,0,685.18207
2014,03,10,1,684.88836
2014,03,10,2,684.88037
2014,03,10,3,685.02204
2014,03,10,4,684.21367
2014,03,10,5,683.47151
2014,03,10,6,682.81568
2014,03,10,7,682.25241
2014,03,11,0,681.78078
2014,03,11,1,681.32399
2014,03,11,2,681.12831
2014,03,11,3,680.98421
2014,03,11,4,680.92522
2014,03,11,5,680.97609
2014,03,11,6,681.07785
2014,03,11,7,681.27542
2014,03,12,0,681.54128
2014,03,12,1,681.62393
2014,03,12,2,681.68245
2014,03,12,3,681.83056
2014,03,12,4,681.24462
2014,03,12,5,681.58554
2014,03,12,6,682.09122
2014,03,12,7,682.40247
2014,03,13,0,683.0155
2014,03,13,1,683.89365
2014,03,13,2,684.2634
2014,03,13,3,684.60364
2014,03,13,4,685.00905
2014,03,13,5,685.17824
2014,03,13,6,685.29105
2014,03,13,7,685.2702
2014,03,14,0,685.57696
2014,03,14,1,685.7685
2014,03,14,2,685.7287
2014,03,14,3,685.85966
2014,03,14,4,685.78048
2014,03,14,5,685.5173
2014,03,14,6,685.34088
2014,03,14,7,685.69698
2014,03,15,0,686.31046
2014,03,15,1,686.65817
2014,03,15,2,686.46672
2014,03,15,3,686.4056
2014,03,15,4,685.62926
2014,03,15,5,684.82516
2014,03,15,6,683.99584
2014,03,15,7,683.35826
2014,03,16,0,682.2913
2014,03,16,1,681.65343
2014,03,16,2,681.67363
2014,03,16,3,681.78273
2014,03,16,4,681.71107
2014,03,16,5,681.32206
2014,03,16,6,680.97385
2014,03,16,7,680.69715
2014,03,17,0,680.21178
2014,03,17,1,679.367
2014,03,17,2,678.18349
2014,03,17,3,677.22742
2014,03,17,4,675.98228
2014,03,17,5,675.17761
2014,03,17,6,674.43073
2014,03,17,7,673.84983
2014,03,18,0,673.39535
2014,03,18,1,673.05034
2014,03,18,2,672.91744
2014,03,18,3,672.73291
2014,03,18,4,672.53589
2014,03,18,5,672.83526
2014,03,18,6,673.24145
2014,03,18,7,674.39276
2014,03,19,0,675.15768
2014,03,19,1,676.20586
2014,03,19,2,677.1924
2014,03,19,3,678.46624
2014,03,19,4,679.75912
2014,03,19,5,680.95891
2014,03,19,6,681.84229
2014,03,19,7,682.78077
2014,03,20,0,683.84105
2014,03,20,1,684.83667
2014,03,20,2,685.01535
2014,03,20,3,685.39302
2014,03,20,4,685.66511
2014,03,20,5,685.6025
2014,03,20,6,685.72356
2014,03,20,7,685.88602
2014,03,21,0,686.0739
2014,03,21,1,686.39817
2014,03,21,2,686.74818
2014,03,21,3,687.48004
2014,03,21,4,688.09534
2014,03,21,5,688.65721
2014,03,21,6,689.28809
2014,03,21,7,690.02684
2014,03,22,0,690.20752
2014,03,22,1,690.01256
2014,03,22,2,689.24278
2014,03,22,3,688.45725
2014,03,22,4,687.13454
2014,03,22,5,686.21547
2014,03,22,6,685.76487
2014,03,22,7,685.41021
2014,03,23,0,685.111
2014,03,23,1,684.49862
2014,03,23,2,683.51511
2014,03,23,3,682.37282
2014,03,23,4,681.87691
2014,03,23,5,682.47239
2014,03,23,6,683.124
2014,03,23,7,685.21255
2014,03,24,0,687.9434
2014,03,24,1,691.12867
2014,03,24,2,692.91603
2014,03,24,3,693.19037
2014,03,24,4,694.05819
2014,03,24,5,694.80017
2014,03,24,6,694.89403
2014,03,24,7,695.24116
2014,03,25,0,695.95541
2014,03,25,1,696.80076
2014,03,25,2,696.51004
2014,03,25,3,695.46224
2014,03,25,4,694.4898
2014,03,25,5,692.76231
2014,03,25,6,691.51838
2014,03,25,7,692.41918
2014,03,26,0,694.41336
2014,03,26,1,696.7033
2014,03,26,2,698.41922
2014,03,26,3,698.33496
2014,03,26,4,697.12855
2014,03,26,5,696.38588
2014,03,26,6,697.78841
2014,03,26,7,700.1305
2014,03,27,0,701.72836
2014,03,27,1,703.39299
2014,03,27,2,705.15487
2014,03,27,3,706.7336
2014,03,27,4,706.4851
2014,03,27,5,705.87389
2014,03,27,6,705.77514
2014,03,27,7,706.11487
2014,03,28,0,705.79175
2014,03,28,1,705.33833
2014,03,28,2,705.10647
2014,03,28,3,704.36071
2014,03,28,4,704.48576
2014,03,28,5,704.86981
2014,03,28,6,705.93961
2014,03,28,7,705.92938
2014,03,29,0,704.84981
2014,03,29,1,704.53043
2014,03,29,2,704.34784
2014,03,29,3,703.45113
2014,03,29,4,702.82268
2014,03,29,5,702.12993
2014,03,29,6,701.80049
2014,03,29,7,701.91117
2014,03,30,0,701.61902
2014,03,30,1,701.23151
2014,03,30,2,701.69633
2014,03,30,3,702.00194
2014,03,30,4,701.13818
2014,03,30,5,700.42733
2014,03,30,6,700.10627
2014,03,30,7,699.86892
2014,03,31,0,699.12315
2014,03,31,1,698.41279
2014,03,31,2,698.52527
2014,03,31,3,698.0447
2014,03,31,4,697.75559
2014,03,31,5,697.21093
2014,03,31,6,696.79757
2014,03,31,7,696.50672
2014,03,1,0,695.69518
2014,03,1,1,694.69581
2014,03,1,2,693.67516
2014,03,1,3,692.78034
2014,03,1,4,692.42248
2014,03,1,5,691.96208
2014,03,1,6,691.86621
2014,03,1,7,692.08808
2014,03,2,0,692.28693
2014,03,2,1,692.52634
2014,03,2,2,692.7329
2014,03,2,3,693.0254
2014,03,2,4,692.46102
2014,03,2,5,691.77725
2014,03,2,6,691.78159
2014,03,2,7,691.45599
2014,03,3,0,691.32655
2014,03,3,1,691.13014
2014,03,3,2,690.2999
2014,03,3,3,689.80622
2014,03,3,4,689.78353
2014,03,3,5,689.30092
2014,03,3,6,689.13773
2014,03,3,7,689.39809
2014,03,4,0,689.39055
2014,03,4,1,689.13251
2014,03,4,2,688.74732
2014,03,4,3,687.97571
2014,03,4,4,687.46033
2014,03,4,5,686.71685
2014,03,4,6,685.95462
2014,03,4,7,685.52007
2014,03,5,0,685.40901
2014,03,5,1,685.04391
2014,03,5,2,684.84892
2014,03,5,3,684.97128
2014,03,5,4,685.35446
2014,03,5,5,685.96246
2014,03,5,6,686.59348
2014,03,5,7,686.94459
2014,03,6,0,686.94344
2014,03,6,1,686.28776
2014,03,6,2,685.77887
2014,03,6,3,685.44442
2014,03,6,4,684.43357
2014,03,6,5,683.46208
2014,03,6,6,682.9472
2014,03,6,7,682.48986
2014,03,7,0,682.60759
2014,03,7,1,682.82453
2014,03,7,2,682.9749
2014,03,7,3,683.87093
2014,03,7,4,684.8368
2014,03,7,5,685.53811
2014,03,7,6,686.73726
2014,03,7,7,687.93038
2014,03,8,0,688.73744
2014,03,8,1,689.34264
2014,03,8,2,690.30643
2014,03,8,3,691.16999
2014,03,8,4,691.51087
2014,03,8,5,691.92359
2014,03,8,6,692.62853
2014,03,8,7,693.46161
2014,03,9,0,694.39725
2014,03,9,1,695.36011
2014,03,9,2,696.3132
2014,03,9,3,696.90822
2014,03,9,4,697.00897
2014,03,9,5,697.48361
2014,03,9,6,697.40596
2014,03,9,7,697.39828
2014,03,10,0,697.67261
2014,03,10,1,697.17727
2014,03,10,2,696.90073
2014,03,10,3,696.68333
2014,03,10,4,695.83115
2014,03,10,5,695.42568
2014,03,10,6,696.09612
2014,03,10,7,696.96855
2014,03,11,0,697.48184
2014,03,11,1,698.15391
2014,03,11,2,698.39048
2014,03,11,3,698.49436
2014,03,11,4,698.88775
2014,03,11,5,699.42155
2014,03,11,6,700.1821
2014,03,11,7,700.36631
2014,03,12,0,700.996
2014,03,12,1,701.55383
2014,03,12,2,700.97226
2014,03,12,3,700.50855
2014,03,12,4,700.24399
2014,03,12,5,699.15928
2014,03,12,6,698.73509
2014,03,12,7,697.99782
2014,03,13,0,697.24871
2014,03,13,1,696.69484
2014,03,13,2,696.12789
2014,03,13,3,695.87154
2014,03,13,4,696.39336
2014,03,13,5,696.46237
2014,03,13,6,695.71334
2014,03,13,7,694.82217
2014,03,14,0,694.17267
2014,03,14,1,693.15086
2014,03,14,2,693.1762
2014,03,14,3,692.81277
2014,03,14,4,691.88362
2014,03,14,5,691.21857
2014,03,14,6,690.55132
2014,03,14,7,689.96132
2014,03,15,0,689.26311
2014,03,15,1,688.90672
2014,03,15,2,689.17554
2014,03,15,3,689.72977
2014,03,15,4,689.59085
2014,03,15,5,689.84639
2014,03,15,6,690.77689
2014,03,15,7,691.24839
2014,03,16,0,691.47032
2014,03,16,1,691.28462
2014,03,16,2,691.23765
2014,03,16,3,691.42062
2014,03,16,4,691.66766
2014,03,16,5,691.89717
2014,03,16,6,692.19311
2014,03,16,7,692.71252
2014,03,17,0,693.63154
2014,03,17,1,694.38019
2014,03,17,2,695.25763
2014,03,17,3,696.31682
2014,03,17,4,697.24283
2014,03,17,5,697.79686
2014,03,17,6,698.84735
2014,03,17,7,699.73923
2014,03,18,0,700.01469
2014,03,18,1,700.02372
2014,03,18,2,699.9816
2014,03,18,3,699.68211
2014,03,18,4,698.71762
2014,03,18,5,697.63335
2014,03,18,6,697.4617
2014,03,18,7,697.30576
2014,03,19,0,696.46263
2014,03,19,1,696.11353
2014,03,19,2,696.45892
2014,03,19,3,696.2402
2014,03,19,4,694.75346
2014,03,19,5,693.69641
2014,03,19,6,693.85155
2014,03,19,7,694.11291
2014,03,20,0,693.83579
2014,03,20,1,694.2037
2014,03,20,2,695.35672
2014,03,20,3,696.43047
2014,03,20,4,696.78552
2014,03,20,5,697.11135
2014,03,20,6,697.42646
2014,03,20,7,697.28947
2014,03,21,0,697.30597
2014,03,21,1,697.08298
2014,03,21,2,697.60351
2014,03,21,3,698.28443
2014,03,21,4,698.56159
2014,03,21,5,698.61619
2014,03,21,6,698.71332
2014,03,21,7,699.01126
2014,03,22,0,698.67795
2014,03,22,1,697.74835
2014,03,22,2,697.24427
2014,03,22,3,696.58564
2014,03,22,4,695.69325
2014,03,22,5,695.0837
2014,03,22,6,694.2488
2014,03,22,7,693.81915
2014,03,23,0,692.64879
2014,03,23,1,691.88589
2014,03,23,2,692.06616
2014,03,23,3,691.95699
2014,03,23,4,691.91124
2014,03,23,5,691.65146
2014,03,23,6,691.90258
2014,03,23,7,692.69799
2014,03,24,0,693.03744
2014,03,24,1,693.05315
2014,03,24,2,693.95622
2014,03,24,3,694.98952
2014,03,24,4,695.15463
2014,03,24,5,695.31177
2014,03,24,6,695.18695
2014,03,24,7,694.59597
2014,03,25,0,694.32489
2014,03,25,1,693.48676
2014,03,25,2,692.36468
2014,03,25,3,691.28615
2014,03,25,4,690.12184
2014,03,25,5,689.1986
2014,03,25,6,689.01444
2014,03,25,7,689.06949
2014,03,26,0,688.20945
2014,03,26,1,687.73938
2014,03,26,2,687.92944
2014,03,26,3,688.34619
2014,03,26,4,688.44087
2014,03,26,5,688.94112
2014,03,26,6,689.91288
2014,03,26,7,690.70779
2014,03,27,0,691.38372
2014,03,27,1,691.6199
2014,03,27,2,692.13638
2014,03,27,3,692.27071
2014,03,27,4,692.69198
2014,03,27,5,693.47474
2014,03,27,6,694.2504
2014,03,27,7,694.98254
2014,03,28,0,695.9401
2014,03,28,1,696.57681
2014,03,28,2,696.62593
2014,03,28,3,697.14476
2014,03,28,4,698.36828
2014,03,28,5,699.6036
2014,03,28,6,700.8882
2014,03,28,7,702.31982
2014,03,29,0,703.10819
2014,03,29,1,703.7165
2014,03,29,2,705.9195
2014,03,29,3,707.79274
2014,03,29,4,706.94063
2014,03,29,5,706.15525
2014,03,29,6,706.2572
2014,03,29,7,706.10928
2014,03,30,0,705.11177
2014,03,30,1,704.0321
2014,03,30,2,703.75534
2014,03,30,3,703.5298
2014,03,30,4,702.63875
2014,03,30,5,701.64306
2014,03,30,6,701.2183
2014,03,30,7,700.47121
2014,03,1,0,699.22252
2014,03,1,1,697.8807
2014,03,1,2,696.62323
2014,03,1,3,695.48565
2014,03,1,4,695.21003
2014,03,1,5,695.32561
2014,03,1,6,694.72971
2014,03,1,7,693.16476
2014,03,2,0,691.07472
2014,03,2,1,689.39478
2014,03,2,2,688.07541
2014,03,2,3,686.55716
2014,03,2,4,685.87115
2014,03,2,5,685.71763
2014,03,2,6,685.11894
2014,03,2,7,684.23453
2014,03,3,0,684.4198
2014,03,3,1,684.36218
2014,03,3,2,685.22986
2014,03,3,3,686.54813
2014,03,3,4,686.43486
2014,03,3,5,686.37007
2014,03,3,6,686.65223
2014,03,3,7,687.10791
2014,03,4,0,687.36016
2014,03,4,1,687.13482
2014,03,4,2,687.38932
2014,03,4,3,687.53607
2014,03,4,4,687.06259
2014,03,4,5,686.48997
2014,03,4,6,685.72201
2014,03,4,7,684.90987
2014,03,5,0,684.57653
2014,03,5,1,684.00438
2014,03,5,2,683.62516
2014,03,5,3,683.17844
2014,03,5,4,682.82084
2014,03,5,5,682.50773
2014,03,5,6,682.54093
2014,03,5,7,682.62485
2014,03,6,0,682.45111
2014,03,6,1,682.43791
2014,03,6,2,682.49123
2014,03,6,3,682.27671
2014,03,6,4,681.4754
2014,03,6,5,680.33418
2014,03,6,6,679.82124
2014,03,6,7,679.2281
2014,03,7,0,678.20215
2014,03,7,1,677.20134
2014,03,7,2,676.8972
2014,03,7,3,676.55228
2014,03,7,4,675.33343
2014,03,7,5,674.68188
2014,03,7,6,674.88795
2014,03,7,7,675.03923
2014,03,8,0,675.42162
2014,03,8,1,675.89206
2014,03,8,2,676.02935
2014,03,8,3,675.6648
2014,03,8,4,675.55667
2014,03,8,5,676.01765
2014,03,8,6,676.61606
2014,03,8,7,676.74349
2014,03,9,0,677.52594
2014,03,9,1,678.52523
2014,03,9,2,678.62424
2014,03,9,3,678.91766
2014,03,9,4,679.07729
2014,03,9,5,678.92162
2014,03,9,6,678.51044
2014,03,9,7,677.89134
2014,03,10,0,677.62697
2014,03,10,1,677.08742
2014,03,10,2,676.7048
2014,03,10,3,676.52786
2014,03,10,4,676.36897
2014,03,10,5,676.03125
2014,03,10,6,676.46295
2014,03,10,7,676.76149
2014,03,11,0,676.88576
2014,03,11,1,676.95061
2014,03,11,2,677.62566
2014,03,11,3,678.24852
2014,03,11,4,678.50118
2014,03,11,5,678.30333
2014,03,11,6,678.59485
2014,03,11,7,678.91706
2014,03,12,0,678.56983
2014,03,12,1,677.91898
2014,03,12,2,677.34407
2014,03,12,3,677.18125
2014,03,12,4,677.23294
2014,03,12,5,677.43969
2014,03,12,6,677.56817
2014,03,12,7,677.50527
2014,03,13,0,677.49357
2014,03,13,1,677.60856
2014,03,13,2,677.6248
2014,03,13,3,677.59032
2014,03,13,4,677.63431
2014,03,13,5,677.68943
2014,03,13,6,677.86761
2014,03,13,7,678.20421
2014,03,14,0,678.72263
2014,03,14,1,678.77262
2014,03,14,2,679.80997
2014,03,14,3,680.864
2014,03,14,4,680.60467
2014,03,14,5,680.05039
2014,03,14,6,680.1275
2014,03,14,7,680.36037
2014,03,15,0,680.46709
2014,03,15,1,680.2822
2014,03,15,2,680.65945
2014,03,15,3,681.282
2014,03,15,4,681.52558
2014,03,15,5,681.68701
2014,03,15,6,682.3096
2014,03,15,7,682.76802
2014,03,16,0,683.24695
2014,03,16,1,683.44366
2014,03,16,2,683.51505
2014,03,16,3,683.74999
2014,03,16,4,683.43632
2014,03,16,5,683.07728
2014,03,16,6,683.96213
2014,03,16,7,684.69685
2014,03,17,0,684.39455
2014,03,17,1,683.91199
2014,03,17,2,684.07985
2014,03,17,3,684.16442
2014,03,17,4,684.38822
2014,03,17,5,684.11353
2014,03,17,6,684.03925
2014,03,17,7,684.22516
2014,03,18,0,684.15951
2014,03,18,1,684.02281
2014,03,18,2,684.52641
2014,03,18,3,685.10816
2014,03,18,4,685.44886
2014,03,18,5,685.9794
2014,03,18,6,687.0203
2014,03,18,7,687.51812
2014,03,19,0,688.62164
2014,03,19,1,689.52704
2014,03,19,2,690.01991
2014,03,19,3,690.45678
2014,03,19,4,691.29535
2014,03,19,5,692.14953
2014,03,19,6,693.59494
2014,03,19,7,694.58245
2014,03,20,0,695.22761
2014,03,20,1,695.68414
2014,03,20,2,695.91539
2014,03,20,3,696.11516
2014,03,20,4,695.67644
2014,03,20,5,695.10272
2014,03,20,6,695.17694
2014,03,20,7,694.35847
2014,03,21,0,693.02721
2014,03,21,1,692.59471
2014,03,21,2,692.29756
2014,03,21,3,691.96302
2014,03,21,4,690.99162
2014,03,21,5,689.96187
2014,03,21,6,690.53599
2014,03,21,7,691.02303
2014,03,22,0,689.34239
2014,03,22,1,688.4472
2014,03,22,2,689.73517
2014,03,22,3,690.7485
2014,03,22,4,690.83608
2014,03,22,5,690.56007
2014,03,22,6,691.92429
2014,03,22,7,693.2654
2014,03,23,0,693.99397
2014,03,23,1,694.57634
2014,03,23,2,694.87496
2014,03,23,3,694.64783
2014,03,23,4,694.21684
2014,03,23,5,693.96683
2014,03,23,6,694.73487
2014,03,23,7,695.80968
2014,03,24,0,695.95109
2014,03,24,1,696.42829
2014,03,24,2,697.58577
2014,03,24,3,697.98704
2014,03,24,4,697.62743
2014,03,24,5,697.79329
2014,03,24,6,699.66979
2014,03,24,7,701.02127
2014,03,25,0,701.17684
2014,03,25,1,701.27567
2014,03,25,2,702.11607
2014,03,25,3,702.89496
2014,03,25,4,703.31381
2014,03,25,5,703.34491
2014,03,25,6,703.97715
2014,03,25,7,704.52549
2014,03,26,0,704.83299
2014,03,26,1,704.5428
2014,03,26,2,704.23457
2014,03,26,3,703.88365
2014,03,26,4,702.96031
2014,03,26,5,701.3712
2014,03,26,6,699.6416
2014,03,26,7,698.8371
2014,03,27,0,698.31219
2014,03,27,1,697.63091
2014,03,27,2,697.79621
2014,03,27,3,698.15573
2014,03,27,4,697.48194
2014,03,27,5,696.62757
2014,03,27,6,696.81596
2014,03,27,7,697.18631
2014,03,28,0,695.70955
2014,03,28,1,694.27437
2014,03,28,2,695.05469
2014,03,28,3,695.7724
2014,03,28,4,695.94014
2014,03,28,5,696.36739
2014,03,28,6,697.06942
2014,03,28,7,697.35574
2014,03,29,0,697.15726
2014,03,29,1,696.68069
2014,03,29,2,695.96849
2014,03,29,3,695.20718
2014,03,29,4,694.48095
2014,03,29,5,694.11902
2014,03,29,6,694.61339
2014,03,29,7,694.6048
2014,03,30,0,693.20564
2014,03,30,1,692.27802
2014,03,30,2,692.43342
2014,03,30,3,692.67143
2014,03,30,4,692.06137
2014,03,30,5,691.12808
2014,03,30,6,691.10217
2014,03,30,7,691.75658
2014,03,31,0,691.9736
2014,03,31,1,692.4105
2014,03,31,2,693.01121
2014,03,31,3,692.57009
2014,03,31,4,691.33057
2014,03,31,5,690.19462
2014,03,31,6,690.08045
2014,03,31,7,689.99768
2014,03,1,0,689.61418
2014,03,1,1,689.29244
2014,03,1,2,690.42305
2014,03,1,3,691.26253
2014,03,1,4,689.52797
2014,03,1,5,688.08255
2014,03,1,6,688.4324
2014,03,1,7,688.7254
2014,03,2,0,689.87136
2014,03,2,1,690.41332
2014,03,2,2,690.54913
2014,03,2,3,690.96404
2014,03,2,4,690.67594
2014,03,2,5,690.19845
2014,03,2,6,690.00665
2014,03,2,7,689.79745
2014,03,3,0,689.77506
2014,03,3,1,690.06388
2014,03,3,2,690.89964
2014,03,3,3,691.74503
2014,03,3,4,691.83652
2014,03,3,5,691.56414
2014,03,3,6,691.61177
2014,03,3,7,692.11389
2014,03,4,0,692.06666
2014,03,4,1,691.2128
2014,03,4,2,691.58896
2014,03,4,3,692.05053
2014,03,4,4,692.28783
2014,03,4,5,692.06947
2014,03,4,6,691.73994
2014,03,4,7,691.64357
2014,03,5,0,691.33703
2014,03,5,1,690.85298
2014,03,5,2,690.69423
2014,03,5,3,690.32255
2014,03,5,4,690.66336
2014,03,5,5,691.07465
2014,03,5,6,691.90025
2014,03,5,7,692.81514
2014,03,6,0,693.96591
2014,03,6,1,694.68371
2014,03,6,2,694.50222
2014,03,6,3,694.63414
2014,03,6,4,694.90018
2014,03,6,5,695.12247
2014,03,6,6,695.37124
2014,03,6,7,695.71003
2014,03,7,0,695.74469
2014,03,7,1,695.86201
2014,03,7,2,696.45487
2014,03,7,3,696.83829
2014,03,7,4,696.53181
2014,03,7,5,696.30133
2014,03,7,6,696.22161
2014,03,7,7,695.69187
2014,03,8,0,695.34335
2014,03,8,1,695.08682
2014,03,8,2,694.96516
2014,03,8,3,694.68342
2014,03,8,4,694.24247
2014,03,8,5,694.16191
2014,03,8,6,694.01606
2014,03,8,7,693.86203
2014,03,9,0,693.97171
2014,03,9,1,693.64016
2014,03,9,2,694.25087
2014,03,9,3,694.67723
2014,03,9,4,694.44863
2014,03,9,5,694.14456
2014,03,9,6,694.61288
2014,03,9,7,694.97142
2014,03,10,0,694.83263
2014,03,10,1,694.97566
2014,03,10,2,695.12814
2014,03,10,3,694.85784
2014,03,10,4,694.25882
2014,03,10,5,693.9399
2014,03,10,6,694.21018
2014,03,10,7,694.16444
2014,03,11,0,693.97929
2014,03,11,1,693.67066
2014,03,11,2,693.83746
2014,03,11,3,693.91611
2014,03,11,4,693.37043
2014,03,11,5,692.69064
2014,03,11,6,693.04339
2014,03,11,7,693.3093
2014,03,12,0,692.94106
2014,03,12,1,692.67824
2014,03,12,2,692.83477
2014,03,12,3,692.72853
2014,03,12,4,692.72741
2014,03,12,5,692.59476
2014,03,12,6,692.26884
2014,03,12,7,692.12347
2014,03,13,0,691.68238
2014,03,13,1,691.01809
2014,03,13,2,691.37532
2014,03,13,3,691.70167
2014,03,13,4,692.01077
2014,03,13,5,692.06386
2014,03,13,6,691.72172
2014,03,13,7,691.1456
2014,03,14,0,690.7166
2014,03,14,1,690.14335
2014,03,14,2,688.88205
2014,03,14,3,686.99384
2014,03,14,4,685.38057
2014,03,14,5,683.946
2014,03,14,6,683.08933
2014,03,14,7,682.18895
2014,03,15,0,681.60233
2014,03,15,1,681.09244
2014,03,15,2,680.37922
2014,03,15,3,680.25528
2014,03,15,4,680.72574
2014,03,15,5,681.57486
2014,03,15,6,682.6078
2014,03,15,7,683.49529
2014,03,16,0,683.6786
2014,03,16,1,683.85533
2014,03,16,2,685.33321
2014,03,16,3,686.73389
2014,03,16,4,688.31036
2014,03,16,5,689.66641
2014,03,16,6,690.70918
2014,03,16,7,691.22285
2014,03,17,0,691.57607
2014,03,17,1,691.6023
2014,03,17,2,691.49353
2014,03,17,3,690.86026
2014,03,17,4,689.76363
2014,03,17,5,688.44252
2014,03,17,6,687.61098
2014,03,17,7,687.29317
2014,03,18,0,686.71181
2014,03,18,1,685.95662
2014,03,18,2,685.54283
2014,03,18,3,685.4457
2014,03,18,4,685.2126
2014,03,18,5,685.14767
2014,03,18,6,686.18018
2014,03,18,7,687.35267
2014,03,19,0,688.23556
2014,03,19,1,688.87925
2014,03,19,2,689.96931
2014,03,19,3,690.94359
2014,03,19,4,691.67558
2014,03,19,5,692.24375
2014,03,19,6,693.09934
2014,03,19,7,693.92164
2014,03,20,0,694.2901
2014,03,20,1,694.15689
2014,03,20,2,694.42585
2014,03,20,3,694.27598
2014,03,20,4,693.58025
2014,03,20,5,692.88983
2014,03,20,6,692.81816
2014,03,20,7,692.44755
2014,03,21,0,692.48442
2014,03,21,1,692.49605
2014,03,21,2,692.56022
2014,03,21,3,692.63637
2014,03,21,4,692.52287
2014,03,21,5,692.34069
2014,03,21,6,692.05406
2014,03,21,7,692.06188
2014,03,22,0,692.178
2014,03,22,1,692.18749
2014,03,22,2,692.63595
2014,03,22,3,693.05337
2014,03,22,4,693.00687
2014,03,22,5,692.83561
2014,03,22,6,693.04947
2014,03,22,7,693.33697
2014,03,23,0,693.33679
2014,03,23,1,693.3629
2014,03,23,2,693.4726
2014,03,23,3,693.31088
2014,03,23,4,693.42805
2014,03,23,5,693.29415
2014,03,23,6,693.42214
2014,03,23,7,693.53882
2014,03,24,0,693.78646
2014,03,24,1,693.94258
2014,03,24,2,693.87033
2014,03,24,3,693.42905
2014,03,24,4,693.40576
2014,03,24,5,693.37934
2014,03,24,6,692.737
2014,03,24,7,692.23825
2014,03,25,0,692.31508
2014,03,25,1,691.82047
2014,03,25,2,691.80523
2014,03,25,3,692.06738
2014,03,25,4,691.81755
2014,03,25,5,691.54267
2014,03,25,6,691.61138
2014,03,25,7,691.71242
2014,03,26,0,691.92584
2014,03,26,1,691.90878
2014,03,26,2,692.39585
2014,03,26,3,693.18047
2014,03,26,4,692.97218
2014,03,26,5,692.83309
2014,03,26,6,693.82947
2014,03,26,7,694.82599
2014,03,27,0,695.16888
2014,03,27,1,695.29367
2014,03,27,2,695.78601
2014,03,27,3,696.39657
2014,03,27,4,696.60701
2014,03,27,5,696.73334
2014,03,27,6,697.19667
2014,03,27,7,697.77066
2014,03,28,0,698.13839
2014,03,28,1,698.2257
2014,03,28,2,698.91688
2014,03,28,3,699.22188
2014,03,28,4,698.94511
2014,03,28,5,698.76338
2014,03,28,6,698.75057
2014,03,28,7,698.66078
2014,03,29,0,698.2778
2014,03,29,1,697.58066
2014,03,29,2,697.42071
2014,03,29,3,697.40145
2014,03,29,4,696.73479
2014,03,29,5,696.31071
2014,03,29,6,696.05741
2014,03,29,7,695.52547
2014,03,30,0,694.68451
2014,03,30,1,693.55088
2014,03,30,2,692.64642
2014,03,30,3,691.71818
2014,03,30,4,690.71126
2014,03,30,5,690.23434
2014,03,30,6,690.20315
2014,03,30,7,690.01726
2014,03,1,0,690.3152
2014,03,1,1,690.5601
2014,03,1,2,690.68479
2014,03,1,3,690.61749
2014,03,1,4,690.14116
2014,03,1,5,689.7467
2014,03,1,6,689.89881
2014,03,1,7,689.76493
2014,03,2,0,689.26978
2014,03,2,1,688.02563
2014,03,2,2,686.59135
2014,03,2,3,685.557
2014,03,2,4,684.53173
2014,03,2,5,684.04935
2014,03,2,6,684.28776
2014,03,2,7,685.05741
2014,03,3,0,686.39807
2014,03,3,1,687.52563
2014,03,3,2,687.64304
2014,03,3,3,687.40046
2014,03,3,4,687.93013
2014,03,3,5,688.69018
2014,03,3,6,689.66239
2014,03,3,7,690.6446
2014,03,4,0,691.01672
2014,03,4,1,690.52149
2014,03,4,2,690.38043
2014,03,4,3,690.22958
2014,03,4,4,689.72396
2014,03,4,5,689.16409
2014,03,4,6,688.92978
2014,03,4,7,688.7106
2014,03,5,0,688.89831
2014,03,5,1,688.40259
2014,03,5,2,687.582
2014,03,5,3,687.09209
2014,03,5,4,686.77796
2014,03,5,5,686.49571
2014,03,5,6,686.68703
2014,03,5,7,687.20942
2014,03,6,0,687.85186
2014,03,6,1,687.82597
2014,03,6,2,688.30468
2014,03,6,3,688.97615
2014,03,6,4,688.58353
2014,03,6,5,688.0336
2014,03,6,6,687.93111
2014,03,6,7,687.83447
2014,03,7,0,688.12181
2014,03,7,1,687.99675
2014,03,7,2,688.44638
2014,03,7,3,689.53976
2014,03,7,4,689.47807
2014,03,7,5,688.61509
2014,03,7,6,690.17324
2014,03,7,7,691.88285
2014,03,8,0,691.92478
2014,03,8,1,691.83984
2014,03,8,2,692.68705
2014,03,8,3,692.76482
2014,03,8,4,692.69414
2014,03,8,5,692.2655
2014,03,8,6,692.48359
2014,03,8,7,692.63148
2014,03,9,0,691.89575
2014,03,9,1,691.15317
2014,03,9,2,690.86861
2014,03,9,3,690.85815
2014,03,9,4,690.99552
2014,03,9,5,690.58611
2014,03,9,6,691.30116
2014,03,9,7,691.91485
2014,03,10,0,692.02477
2014,03,10,1,691.67553
2014,03,10,2,691.60017
2014,03,10,3,691.76115
2014,03,10,4,691.24908
2014,03,10,5,690.35603
2014,03,10,6,690.99967
2014,03,10,7,692.29583
2014,03,11,0,691.90232
2014,03,11,1,691.20973
2014,03,11,2,691.83243
2014,03,11,3,692.25337
2014,03,11,4,691.74256
2014,03,11,5,691.39514
2014,03,11,6,692.11277
2014,03,11,7,692.87585
2014,03,12,0,692.45896
2014,03,12,1,692.28018
2014,03,12,2,693.06066
2014,03,12,3,693.577
2014,03,12,4,693.22011
2014,03,12,5,693.05158
2014,03,12,6,693.91269
2014,03,12,7,694.45775
2014,03,13,0,694.82005
2014,03,13,1,695.05932
2014,03,13,2,695.35213
2014,03,13,3,695.60926
2014,03,13,4,695.7284
2014,03,13,5,695.94574
2014,03,13,6,696.62003
2014,03,13,7,697.15637
2014,03,14,0,697.03443
2014,03,14,1,696.95995
2014,03,14,2,697.73778
2014,03,14,3,697.91925
2014,03,14,4,697.51542
2014,03,14,5,696.83029
2014,03,14,6,697.01526
2014,03,14,7,696.89816
2014,03,15,0,695.97088
2014,03,15,1,695.29853
2014,03,15,2,694.72353
2014,03,15,3,693.60048
2014,03,15,4,692.10139
2014,03,15,5,690.78931
2014,03,15,6,690.22567
2014,03,15,7,689.81012
2014,03,16,0,689.4323
2014,03,16,1,688.8796
2014,03,16,2,689.09747
2014,03,16,3,689.29062
2014,03,16,4,689.5343
2014,03,16,5,690.02034
2014,03,16,6,690.50078
2014,03,16,7,690.90412
2014,03,17,0,691.24007
2014,03,17,1,691.43445
2014,03,17,2,692.09504
2014,03,17,3,692.53798
2014,03,17,4,693.14079
2014,03,17,5,693.59186
2014,03,17,6,693.98725
2014,03,17,7,694.3131
2014,03,18,0,694.69288
2014,03,18,1,694.65189
2014,03,18,2,694.8678
2014,03,18,3,694.95694
2014,03,18,4,695.02919
2014,03,18,5,694.76357
2014,03,18,6,694.52567
2014,03,18,7,694.36394
2014,03,19,0,694.15892
2014,03,19,1,693.68638
2014,03,19,2,693.32436
2014,03,19,3,692.99676
2014,03,19,4,692.73853
2014,03,19,5,692.5305
2014,03,19,6,692.73398
2014,03,19,7,692.82356
2014,03,20,0,693.00296
2014,03,20,1,692.66776
2014,03,20,2,692.8418
2014,03,20,3,693.04559
2014,03,20,4,693.2656
2014,03,20,5,693.40382
2014,03,20,6,693.95495
2014,03,20,7,694.59043
2014,03,21,0,694.57322
2014,03,21,1,694.07069
2014,03,21,2,694.16391
2014,03,21,3,694.03404
2014,03,21,4,693.95891
2014,03,21,5,693.52301
2014,03,21,6,693.91579
2014,03,21,7,694.52909
2014,03,22,0,695.37806
2014,03,22,1,695.7927
2014,03,22,2,696.51498
2014,03,22,3,697.32281
2014,03,22,4,697.78225
2014,03,22,5,697.90188
2014,03,22,6,698.08652
2014,03,22,7,698.42272
2014,03,23,0,698.34715
2014,03,23,1,697.85447
2014,03,23,2,698.20336
2014,03,23,3,698.58164
2014,03,23,4,698.17159
2014,03,23,5,697.5496
2014,03,23,6,697.47267
2014,03,23,7,697.63479
2014,03,24,0,697.4089
2014,03,24,1,696.94636
2014,03,24,2,696.78607
2014,03,24,3,696.61679
2014,03,24,4,695.94429
2014,03,24,5,695.15701
2014,03,24,6,694.67188
2014,03,24,7,694.68367
2014,03,25,0,694.17507
2014,03,25,1,693.57577
2014,03,25,2,693.926
2014,03,25,3,694.15372
2014,03,25,4,693.90293
2014,03,25,5,693.5462
2014,03,25,6,693.94137
2014,03,25,7,694.49866
2014,03,26,0,694.94569
2014,03,26,1,695.19703
2014,03,26,2,695.52543
2014,03,26,3,695.97376
2014,03,26,4,695.66339
2014,03,26,5,695.15272
2014,03,26,6,695.30817
2014,03,26,7,695.33817
2014,03,27,0,694.89242
2014,03,27,1,694.23659
2014,03,27,2,694.2024
2014,03,27,3,694.00394
2014,03,27,4,694.08615
2014,03,27,5,694.00195
2014,03,27,6,694.31661
2014,03,27,7,694.55811
2014,03,28,0,694.7066
2014,03,28,1,694.59011
2014,03,28,2,694.3888
2014,03,28,3,694.10607
2014,03,28,4,693.86304
2014,03,28,5,693.4512
2014,03,28,6,693.56528
2014,03,28,7,693.82964
2014,03,29,0,693.16967
2014,03,29,1,692.83351
2014,03,29,2,693.35773
2014,03,29,3,693.57511
2014,03,29,4,693.47476
2014,03,29,5,693.40798
2014,03,29,6,693.9206
2014,03,29,7,694.6554
2014,03,30,0,694.65921
2014,03,30,1,694.75263
2014,03,30,2,694.98871
2014,03,30,3,695.16238
2014,03,30,4,695.25243
2014,03,30,5,695.24623
2014,03,30,6,695.69369
2014,03,30,7,696.06961
2014,03,31,0,695.97984
2014,03,31,1,695.90519
2014,03,31,2,696.54907
2014,03,31,3,697.40458
2014,03,31,4,697.63642
2014,03,31,5,697.83138
2014,03,31,6,698.37608
2014,03,31,7,698.91465
2015,03,1,0,699.19846
2015,03,1,1,699.84769
2015,03,1,2,700.47049
2015,03,1,3,700.8049
2015,03,1,4,700.57361
2015,03,1,5,700.30818
2015,03,1,6,700.68223
2015,03,1,7,700.85702
2015,03,2,0,700.80068
2015,03,2,1,700.6341
2015,03,2,2,700.41145
2015,03,2,3,700.12191
2015,03,2,4,700.05953
2015,03,2,5,699.81225
2015,03,2,6,700.08934
2015,03,2,7,700.56008
2015,03,3,0,700.24329
2015,03,3,1,700.08829
2015,03,3,2,699.73928
2015,03,3,3,699.45433
2015,03,3,4,699.28028
2015,03,3,5,699.10532
2015,03,3,6,699.11104
2015,03,3,7,699.25155
2015,03,4,0,699.47166
2015,03,4,1,699.32209
2015,03,4,2,699.64827
2015,03,4,3,700.11305
2015,03,4,4,700.0623
2015,03,4,5,700.02367
2015,03,4,6,700.60971
2015,03,4,7,701.06838
2015,03,5,0,701.36039
2015,03,5,1,701.61259
2015,03,5,2,701.66339
2015,03,5,3,701.73012
2015,03,5,4,701.75705
2015,03,5,5,701.2854
2015,03,5,6,701.51504
2015,03,5,7,701.47826
2015,03,6,0,701.10279
2015,03,6,1,700.83977
2015,03,6,2,700.31812
2015,03,6,3,700.00931
2015,03,6,4,699.52049
2015,03,6,5,698.93051
2015,03,6,6,699.08512
2015,03,6,7,699.57309
2015,03,7,0,699.21577
2015,03,7,1,698.37368
2015,03,7,2,698.29203
2015,03,7,3,698.15737
2015,03,7,4,697.76124
2015,03,7,5,697.40459
2015,03,7,6,697.66087
2015,03,7,7,697.76037
2015,03,8,0,697.38272
2015,03,8,1,696.92799
2015,03,8,2,696.87831
2015,03,8,3,696.75123
2015,03,8,4,696.48795
2015,03,8,5,696.10969
2015,03,8,6,696.03265
2015,03,8,7,695.94369
2015,03,9,0,695.39886
2015,03,9,1,694.83283
2015,03,9,2,694.34617
2015,03,9,3,693.64884
2015,03,9,4,692.86672
2015,03,9,5,692.24506
2015,03,9,6,692.28978
2015,03,9,7,692.67791
2015,03,10,0,692.86927
2015,03,10,1,693.10197
2015,03,10,2,693.27439
2015,03,10,3,693.28364
2015,03,10,4,693.4891
2015,03,10,5,693.4273
2015,03,10,6,693.86413
2015,03,10,7,694.36354
2015,03,11,0,694.41935
2015,03,11,1,694.24127
2015,03,11,2,694.35098
2015,03,11,3,694.12033
2015,03,11,4,693.73428
2015,03,11,5,693.70167
2015,03,11,6,693.90639
2015,03,11,7,694.0552
2015,03,12,0,694.76152
2015,03,12,1,695.26185
2015,03,12,2,695.8483
2015,03,12,3,696.36927
2015,03,12,4,696.65605
2015,03,12,5,696.70553
2015,03,12,6,697.50916
2015,03,12,7,698.16773
2015,03,13,0,698.25695
2015,03,13,1,698.19897
2015,03,13,2,698.39698
2015,03,13,3,698.51642
2015,03,13,4,698.59997
2015,03,13,5,698.56723
2015,03,13,6,698.77772
2015,03,13,7,699.1217
2015,03,14,0,699.31082
2015,03,14,1,698.97352
2015,03,14,2,699.03976
2015,03,14,3,699.13735
2015,03,14,4,698.89821
2015,03,14,5,698.40403
2015,03,14,6,698.34268
2015,03,14,7,698.5911
2015,03,15,0,698.01915
2015,03,15,1,697.25
2015,03,15,2,697.31348
2015,03,15,3,697.32022
2015,03,15,4,697.28499
2015,03,15,5,697.29567
2015,03,15,6,697.58683
2015,03,15,7,698.03559
2015,03,16,0,698.52622
2015,03,16,1,698.6388
2015,03,16,2,698.32716
2015,03,16,3,698.3549
2015,03,16,4,698.96891
2015,03,16,5,699.30857
2015,03,16,6,700.12338
2015,03,16,7,700.83593
2015,03,17,0,700.85188
2015,03,17,1,700.21907
2015,03,17,2,699.94575
2015,03,17,3,699.4168
2015,03,17,4,698.07591
2015,03,17,5,696.28516
2015,03,17,6,694.91054
2015,03,17,7,693.3697
2015,03,18,0,691.36851
2015,03,18,1,689.07929
2015,03,18,2,687.36806
2015,03,18,3,686.01707
2015,03,18,4,685.27728
2015,03,18,5,685.06721
2015,03,18,6,685.62321
2015,03,18,7,686.8189
2015,03,19,0,688.60022
2015,03,19,1,690.03805
2015,03,19,2,691.68208
2015,03,19,3,693.3214
2015,03,19,4,695.32894
2015,03,19,5,696.55422
2015,03,19,6,696.78169
2015,03,19,7,696.85656
2015,03,20,0,696.66579
2015,03,20,1,696.35671
2015,03,20,2,695.84801
2015,03,20,3,695.1898
2015,03,20,4,694.56089
2015,03,20,5,693.72987
2015,03,20,6,693.47172
2015,03,20,7,692.98772
2015,03,21,0,693.11824
2015,03,21,1,692.67322
2015,03,21,2,692.34706
2015,03,21,3,692.50077
2015,03,21,4,692.30162
2015,03,21,5,691.74255
2015,03,21,6,692.01818
2015,03,21,7,692.94357
2015,03,22,0,693.48026
2015,03,22,1,693.5565
2015,03,22,2,694.24873
2015,03,22,3,695.19946
2015,03,22,4,696.07766
2015,03,22,5,696.51545
2015,03,22,6,697.24122
2015,03,22,7,697.67957
2015,03,23,0,698.03902
2015,03,23,1,697.50706
2015,03,23,2,697.37899
2015,03,23,3,697.27154
2015,03,23,4,696.88938
2015,03,23,5,696.42036
2015,03,23,6,695.51304
2015,03,23,7,694.68619
2015,03,24,0,694.36731
2015,03,24,1,693.97329
2015,03,24,2,693.88732
2015,03,24,3,693.75959
2015,03,24,4,693.76649
2015,03,24,5,693.89362
2015,03,24,6,694.16996
2015,03,24,7,694.61352
2015,03,25,0,694.57751
2015,03,25,1,694.52221
2015,03,25,2,694.75985
2015,03,25,3,694.86062
2015,03,25,4,694.67545
2015,03,25,5,694.37879
2015,03,25,6,694.71232
2015,03,25,7,694.87287
2015,03,26,0,695.28816
2015,03,26,1,695.62245
2015,03,26,2,695.98582
2015,03,26,3,696.30848
2015,03,26,4,696.65614
2015,03,26,5,696.68557
2015,03,26,6,696.75977
2015,03,26,7,697.05141
2015,03,27,0,697.22652
2015,03,27,1,696.91542
2015,03,27,2,696.41116
2015,03,27,3,695.63676
2015,03,27,4,695.38559
2015,03,27,5,695.07151
2015,03,27,6,695.19531
2015,03,27,7,695.11162
2015,03,28,0,695.27842
2015,03,28,1,695.17438
2015,03,28,2,695.47175
2015,03,28,3,696.11622
2015,03,28,4,695.89357
2015,03,28,5,695.12997
2015,03,28,6,695.34293
2015,03,28,7,695.38176
2015,03,29,0,694.82071
2015,03,29,1,694.32048
2015,03,29,2,694.29321
2015,03,29,3,693.63318
2015,03,29,4,693.28799
2015,03,29,5,693.21363
2015,03,29,6,693.44055
2015,03,29,7,693.85433
2015,03,30,0,693.94931
2015,03,30,1,694.02465
2015,03,30,2,694.95651
2015,03,30,3,695.85045
2015,03,30,4,696.94347
2015,03,30,5,696.96541
2015,03,30,6,697.20602
2015,03,30,7,697.69276
2015,03,31,0,697.65399
2015,03,31,1,697.15753
2015,03,31,2,696.92417
2015,03,31,3,696.60363
2015,03,31,4,696.09405
2015,03,31,5,695.71653
2015,03,31,6,695.09944
2015,03,31,7,694.62195
2015,03,1,0,694.37967
2015,03,1,1,693.80466
2015,03,1,2,693.50188
2015,03,1,3,693.23274
2015,03,1,4,693.00663
2015,03,1,5,692.76769
2015,03,1,6,692.68095
2015,03,1,7,692.7735
2015,03,2,0,692.88943
2015,03,2,1,692.59129
2015,03,2,2,692.51299
2015,03,2,3,692.42051
2015,03,2,4,691.85437
2015,03,2,5,691.43395
2015,03,2,6,691.62758
2015,03,2,7,691.69734
2015,03,3,0,691.43996
2015,03,3,1,691.07362
2015,03,3,2,691.53272
2015,03,3,3,691.80161
2015,03,3,4,692.19011
2015,03,3,5,692.66716
2015,03,3,6,693.21139
2015,03,3,7,693.86221
2015,03,4,0,693.88699
2015,03,4,1,693.68959
2015,03,4,2,694.44617
2015,03,4,3,694.97176
2015,03,4,4,695.5996
2015,03,4,5,696.22571
2015,03,4,6,696.56236
2015,03,4,7,696.73952
2015,03,5,0,696.87986
2015,03,5,1,696.85696
2015,03,5,2,696.92248
2015,03,5,3,696.81248
2015,03,5,4,696.80789
2015,03,5,5,696.53058
2015,03,5,6,696.61964
2015,03,5,7,696.91353
2015,03,6,0,697.04846
2015,03,6,1,696.95184
2015,03,6,2,696.72906
2015,03,6,3,696.40818
2015,03,6,4,696.74759
2015,03,6,5,696.80656
2015,03,6,6,696.36868
2015,03,6,7,696.27552
2015,03,7,0,695.88665
2015,03,7,1,694.91432
2015,03,7,2,694.7065
2015,03,7,3,694.64019
2015,03,7,4,694.46587
2015,03,7,5,694.34486
2015,03,7,6,694.27565
2015,03,7,7,694.18686
2015,03,8,0,694.33333
2015,03,8,1,694.2143
2015,03,8,2,694.30016
2015,03,8,3,694.43793
2015,03,8,4,694.41517
2015,03,8,5,694.41378
2015,03,8,6,694.87917
2015,03,8,7,695.27826
2015,03,9,0,696.32979
2015,03,9,1,696.99168
2015,03,9,2,696.13607
2015,03,9,3,695.67687
2015,03,9,4,695.95559
2015,03,9,5,695.70382
2015,03,9,6,695.71757
2015,03,9,7,695.86554
2015,03,10,0,695.41432
2015,03,10,1,694.48062
2015,03,10,2,694.09232
2015,03,10,3,693.95539
2015,03,10,4,693.65014
2015,03,10,5,693.14037
2015,03,10,6,692.78535
2015,03,10,7,692.75396
2015,03,11,0,691.99809
2015,03,11,1,691.16706
2015,03,11,2,690.54746
2015,03,11,3,689.92262
2015,03,11,4,689.83541
2015,03,11,5,689.626
2015,03,11,6,689.67759
2015,03,11,7,690.02108
2015,03,12,0,689.77721
2015,03,12,1,689.10781
2015,03,12,2,688.82523
2015,03,12,3,688.42844
2015,03,12,4,688.4298
2015,03,12,5,688.29903
2015,03,12,6,688.06558
2015,03,12,7,687.80702
2015,03,13,0,687.50715
2015,03,13,1,687.08087
2015,03,13,2,687.27631
2015,03,13,3,687.47009
2015,03,13,4,687.64845
2015,03,13,5,687.78235
2015,03,13,6,688.34703
2015,03,13,7,689.06379
2015,03,14,0,689.4148
2015,03,14,1,689.66767
2015,03,14,2,690.03145
2015,03,14,3,690.21151
2015,03,14,4,690.54039
2015,03,14,5,690.81591
2015,03,14,6,691.38107
2015,03,14,7,691.86053
2015,03,15,0,691.91674
2015,03,15,1,691.88533
2015,03,15,2,691.89989
2015,03,15,3,691.82952
2015,03,15,4,692.05245
2015,03,15,5,692.43749
2015,03,15,6,692.89046
2015,03,15,7,693.09666
2015,03,16,0,693.27766
2015,03,16,1,693.06948
2015,03,16,2,693.04346
2015,03,16,3,692.99044
2015,03,16,4,693.16049
2015,03,16,5,693.10384
2015,03,16,6,692.46669
2015,03,16,7,692.12532
2015,03,17,0,692.31266
2015,03,17,1,692.00975
2015,03,17,2,691.6238
2015,03,17,3,691.51623
2015,03,17,4,692.10145
2015,03,17,5,692.22378
2015,03,17,6,692.4869
2015,03,17,7,692.80249
2015,03,18,0,692.50333
2015,03,18,1,691.95899
2015,03,18,2,691.48882
2015,03,18,3,691.00243
2015,03,18,4,690.77804
2015,03,18,5,690.17155
2015,03,18,6,689.77604
2015,03,18,7,689.59882
2015,03,19,0,689.14648
2015,03,19,1,688.44055
2015,03,19,2,688.34578
2015,03,19,3,688.00334
2015,03,19,4,688.02598
2015,03,19,5,687.90337
2015,03,19,6,687.56912
2015,03,19,7,687.66735
2015,03,20,0,687.85667
2015,03,20,1,687.62546
2015,03,20,2,687.67222
2015,03,20,3,687.33255
2015,03,20,4,687.6542
2015,03,20,5,687.86284
2015,03,20,6,687.85888
2015,03,20,7,688.38675
2015,03,21,0,688.47631
2015,03,21,1,688.24363
2015,03,21,2,688.90787
2015,03,21,3,689.59239
2015,03,21,4,689.61617
2015,03,21,5,689.27219
2015,03,21,6,689.02244
2015,03,21,7,688.7722
2015,03,22,0,688.77862
2015,03,22,1,688.27112
2015,03,22,2,688.12014
2015,03,22,3,687.84193
2015,03,22,4,687.47588
2015,03,22,5,687.20826
2015,03,22,6,687.22967
2015,03,22,7,687.10219
2015,03,23,0,687.04435
2015,03,23,1,686.628
2015,03,23,2,686.08623
2015,03,23,3,685.51983
2015,03,23,4,685.34291
2015,03,23,5,684.56021
2015,03,23,6,683.85177
2015,03,23,7,683.31805
2015,03,24,0,682.90916
2015,03,24,1,682.0073
2015,03,24,2,681.81526
2015,03,24,3,681.52858
2015,03,24,4,681.58604
2015,03,24,5,681.58249
2015,03,24,6,681.5206
2015,03,24,7,681.73358
2015,03,25,0,681.48246
2015,03,25,1,681.29943
2015,03,25,2,682.28712
2015,03,25,3,683.50319
2015,03,25,4,684.73021
2015,03,25,5,685.60907
2015,03,25,6,686.93627
2015,03,25,7,688.42913
2015,03,26,0,689.2989
2015,03,26,1,689.48047
2015,03,26,2,690.28412
2015,03,26,3,691.17404
2015,03,26,4,691.59811
2015,03,26,5,691.80386
2015,03,26,6,691.93461
2015,03,26,7,692.01337
2015,03,27,0,691.75875
2015,03,27,1,690.95104
2015,03,27,2,690.42026
2015,03,27,3,689.68903
2015,03,27,4,689.64446
2015,03,27,5,689.33135
2015,03,27,6,688.62145
2015,03,27,7,688.22993
2015,03,28,0,688.44703
2015,03,28,1,688.45681
2015,03,28,2,688.87904
2015,03,28,3,689.29491
2015,03,28,4,689.45527
2015,03,28,5,689.61603
2015,03,28,6,690.00883
2015,03,28,7,690.17304
2015,03,1,0,690.22662
2015,03,1,1,689.82354
2015,03,1,2,689.88002
2015,03,1,3,689.78042
2015,03,1,4,689.65185
2015,03,1,5,689.49216
2015,03,1,6,689.17401
2015,03,1,7,689.09447
2015,03,2,0,689.27181
2015,03,2,1,688.93915
2015,03,2,2,688.81029
2015,03,2,3,688.63634
2015,03,2,4,688.95559
2015,03,2,5,689.17279
2015,03,2,6,688.78496
2015,03,2,7,688.82453
2015,03,3,0,688.98375
2015,03,3,1,688.83824
2015,03,3,2,689.2361
2015,03,3,3,690.0088
2015,03,3,4,690.49391
2015,03,3,5,690.94555
2015,03,3,6,691.51337
2015,03,3,7,692.26904
2015,03,4,0,692.98822
2015,03,4,1,693.13277
2015,03,4,2,693.95728
2015,03,4,3,694.5545
2015,03,4,4,694.84961
2015,03,4,5,695.08119
2015,03,4,6,694.50577
2015,03,4,7,694.13093
2015,03,5,0,693.45694
2015,03,5,1,692.52261
2015,03,5,2,691.75911
2015,03,5,3,690.79961
2015,03,5,4,690.04529
2015,03,5,5,689.35029
2015,03,5,6,688.77303
2015,03,5,7,688.15131
2015,03,6,0,687.69452
2015,03,6,1,687.05418
2015,03,6,2,686.35636
2015,03,6,3,685.81861
2015,03,6,4,685.96562
2015,03,6,5,686.05611
2015,03,6,6,686.04038
2015,03,6,7,686.11009
2015,03,7,0,686.64613
2015,03,7,1,687.02474
2015,03,7,2,687.08609
2015,03,7,3,687.32334
2015,03,7,4,687.47457
2015,03,7,5,687.29309
2015,03,7,6,687.4638
2015,03,7,7,687.6222
2015,03,8,0,687.49272
2015,03,8,1,687.25198
2015,03,8,2,687.4183
2015,03,8,3,687.37537
2015,03,8,4,687.9986
2015,03,8,5,688.77164
2015,03,8,6,689.36981
2015,03,8,7,690.01783
2015,03,9,0,690.57478
2015,03,9,1,691.15187
2015,03,9,2,691.6957
2015,03,9,3,692.14258
2015,03,9,4,693.27537
2015,03,9,5,693.78832
2015,03,9,6,694.00459
2015,03,9,7,694.03395
2015,03,10,0,693.41455
2015,03,10,1,692.33518
2015,03,10,2,690.85242
2015,03,10,3,688.83534
2015,03,10,4,686.87073
2015,03,10,5,686.14596
2015,03,10,6,686.15993
2015,03,10,7,686.48575
2015,03,11,0,686.83643
2015,03,11,1,687.26842
2015,03,11,2,688.19975
2015,03,11,3,689.4425
2015,03,11,4,690.5277
2015,03,11,5,691.04322
2015,03,11,6,691.06914
2015,03,11,7,690.66183
2015,03,12,0,690.6508
2015,03,12,1,690.22141
2015,03,12,2,689.75981
2015,03,12,3,689.11444
2015,03,12,4,688.48645
2015,03,12,5,687.89036
2015,03,12,6,687.61904
2015,03,12,7,687.69546
2015,03,13,0,687.87222
2015,03,13,1,687.85111
2015,03,13,2,687.48389
2015,03,13,3,687.1272
2015,03,13,4,687.33659
2015,03,13,5,687.98896
2015,03,13,6,688.41766
2015,03,13,7,688.77669
2015,03,14,0,689.16352
2015,03,14,1,688.89789
2015,03,14,2,688.66344
2015,03,14,3,688.63688
2015,03,14,4,688.66546
2015,03,14,5,688.52551
2015,03,14,6,688.28334
2015,03,14,7,687.85214
2015,03,15,0,687.46617
2015,03,15,1,686.73958
2015,03,15,2,686.41201
2015,03,15,3,686.13553
2015,03,15,4,685.52982
2015,03,15,5,684.79468
2015,03,15,6,684.65192
2015,03,15,7,684.39001
2015,03,16,0,684.18652
2015,03,16,1,683.97148
2015,03,16,2,684.24919
2015,03,16,3,684.77233
2015,03,16,4,685.31634
2015,03,16,5,686.08372
2015,03,16,6,687.25279
2015,03,16,7,688.17904
2015,03,17,0,688.88974
2015,03,17,1,689.43938
2015,03,17,2,690.11363
2015,03,17,3,690.52188
2015,03,17,4,690.66643
2015,03,17,5,690.6002
2015,03,17,6,690.37639
2015,03,17,7,689.81168
2015,03,18,0,689.90714
2015,03,18,1,689.88339
2015,03,18,2,690.24253
2015,03,18,3,690.78513
2015,03,18,4,691.09228
2015,03,18,5,691.16808
2015,03,18,6,691.05936
2015,03,18,7,690.97107
2015,03,19,0,690.98486
2015,03,19,1,690.49032
2015,03,19,2,690.90836
2015,03,19,3,691.27388
2015,03,19,4,691.22561
2015,03,19,5,691.23154
2015,03,19,6,691.51876
2015,03,19,7,691.7907
2015,03,20,0,692.5182
2015,03,20,1,693.12318
2015,03,20,2,693.58243
2015,03,20,3,693.98443
2015,03,20,4,693.81748
2015,03,20,5,693.62355
2015,03,20,6,693.22102
2015,03,20,7,692.63929
2015,03,21,0,692.1881
2015,03,21,1,691.19982
2015,03,21,2,690.13386
2015,03,21,3,689.27094
2015,03,21,4,688.32705
2015,03,21,5,687.34953
2015,03,21,6,686.14512
2015,03,21,7,685.45193
2015,03,22,0,684.88187
2015,03,22,1,684.22249
2015,03,22,2,683.81417
2015,03,22,3,683.30211
2015,03,22,4,682.97194
2015,03,22,5,682.69344
2015,03,22,6,682.73566
2015,03,22,7,682.83518
2015,03,23,0,683.13591
2015,03,23,1,683.26412
2015,03,23,2,683.31413
2015,03,23,3,683.29238
2015,03,23,4,683.32066
2015,03,23,5,683.10729
2015,03,23,6,682.97202
2015,03,23,7,682.82108
2015,03,24,0,682.34549
2015,03,24,1,682.11592
2015,03,24,2,682.17488
2015,03,24,3,682.55796
2015,03,24,4,682.61431
2015,03,24,5,682.97657
2015,03,24,6,683.20004
2015,03,24,7,683.21319
2015,03,25,0,683.03749
2015,03,25,1,682.72177
2015,03,25,2,683.40381
2015,03,25,3,683.88934
2015,03,25,4,683.60852
2015,03,25,5,683.21015
2015,03,25,6,683.30785
2015,03,25,7,683.19355
2015,03,26,0,682.73459
2015,03,26,1,682.23643
2015,03,26,2,682.19412
2015,03,26,3,681.79202
2015,03,26,4,681.41218
2015,03,26,5,681.21985
2015,03,26,6,680.71792
2015,03,26,7,680.43756
2015,03,27,0,680.58763
2015,03,27,1,680.70946
2015,03,27,2,681.02682
2015,03,27,3,681.45163
2015,03,27,4,682.06591
2015,03,27,5,682.4976
2015,03,27,6,682.46279
2015,03,27,7,682.66069
2015,03,28,0,683.43396
2015,03,28,1,683.63566
2015,03,28,2,683.62548
2015,03,28,3,683.71392
2015,03,28,4,683.81507
2015,03,28,5,683.61955
2015,03,28,6,684.021
2015,03,28,7,684.30943
2015,03,29,0,684.0867
2015,03,29,1,683.39699
2015,03,29,2,683.19396
2015,03,29,3,683.13782
2015,03,29,4,682.95967
2015,03,29,5,682.52425
2015,03,29,6,682.81364
2015,03,29,7,683.02931
2015,03,30,0,683.03188
2015,03,30,1,682.65557
2015,03,30,2,682.73531
2015,03,30,3,682.788
2015,03,30,4,682.6215
2015,03,30,5,682.24164
2015,03,30,6,682.44833
2015,03,30,7,682.85563
2015,03,31,0,682.45773
2015,03,31,1,682.15227
2015,03,31,2,683.11309
2015,03,31,3,683.77341
2015,03,31,4,684.62825
2015,03,31,5,685.41458
2015,03,31,6,686.25443
2015,03,31,7,687.03186
2015,03,1,0,687.35478
2015,03,1,1,687.51706
2015,03,1,2,687.9026
2015,03,1,3,688.15532
2015,03,1,4,688.40622
2015,03,1,5,688.11416
2015,03,1,6,687.67338
2015,03,1,7,687.09833
2015,03,2,0,686.60839
2015,03,2,1,685.8355
2015,03,2,2,685.36659
2015,03,2,3,685.08443
2015,03,2,4,684.41222
2015,03,2,5,683.51596
2015,03,2,6,683.00507
2015,03,2,7,682.8433
2015,03,3,0,682.99124
2015,03,3,1,682.958
2015,03,3,2,683.97422
2015,03,3,3,684.92647
2015,03,3,4,685.21353
2015,03,3,5,685.0406
2015,03,3,6,684.84782
2015,03,3,7,685.35102
2015,03,4,0,685.99013
2015,03,4,1,685.71361
2015,03,4,2,685.32374
2015,03,4,3,685.21032
2015,03,4,4,685.57351
2015,03,4,5,685.45555
2015,03,4,6,684.70254
2015,03,4,7,684.01551
2015,03,5,0,684.21522
2015,03,5,1,684.17718
2015,03,5,2,684.57006
2015,03,5,3,684.85545
2015,03,5,4,684.9974
2015,03,5,5,685.16419
2015,03,5,6,685.63304
2015,03,5,7,685.91111
2015,03,6,0,686.18033
2015,03,6,1,686.49626
2015,03,6,2,686.27101
2015,03,6,3,686.16493
2015,03,6,4,686.78649
2015,03,6,5,687.19623
2015,03,6,6,687.67145
2015,03,6,7,687.86897
2015,03,7,0,687.97764
2015,03,7,1,688.08538
2015,03,7,2,688.28621
2015,03,7,3,688.33296
2015,03,7,4,688.18142
2015,03,7,5,687.85914
2015,03,7,6,687.48645
2015,03,7,7,686.93927
2015,03,8,0,686.48098
2015,03,8,1,685.79614
2015,03,8,2,685.55492
2015,03,8,3,685.28917
2015,03,8,4,684.66696
2015,03,8,5,684.29612
2015,03,8,6,683.92573
2015,03,8,7,683.59239
2015,03,9,0,683.18288
2015,03,9,1,682.79138
2015,03,9,2,682.33925
2015,03,9,3,681.71285
2015,03,9,4,681.23744
2015,03,9,5,681.04637
2015,03,9,6,680.93453
2015,03,9,7,680.82029
2015,03,10,0,680.79043
2015,03,10,1,680.56346
2015,03,10,2,680.9139
2015,03,10,3,681.29019
2015,03,10,4,681.29643
2015,03,10,5,681.62037
2015,03,10,6,682.10456
2015,03,10,7,682.56506
2015,03,11,0,682.88237
2015,03,11,1,683.03808
2015,03,11,2,683.49777
2015,03,11,3,684.03689
2015,03,11,4,684.55883
2015,03,11,5,685.18994
2015,03,11,6,685.36067
2015,03,11,7,685.2878
2015,03,12,0,685.77632
2015,03,12,1,685.21388
2015,03,12,2,683.78687
2015,03,12,3,682.40114
2015,03,12,4,680.75691
2015,03,12,5,679.66895
2015,03,12,6,679.35066
2015,03,12,7,679.49578
2015,03,13,0,680.31635
2015,03,13,1,680.65276
2015,03,13,2,681.13907
2015,03,13,3,681.88301
2015,03,13,4,682.7109
2015,03,13,5,683.09402
2015,03,13,6,684.35125
2015,03,13,7,685.84904
2015,03,14,0,685.96085
2015,03,14,1,685.57956
2015,03,14,2,685.41396
2015,03,14,3,685.26507
2015,03,14,4,684.4759
2015,03,14,5,683.24843
2015,03,14,6,682.89712
2015,03,14,7,682.75919
2015,03,15,0,682.37998
2015,03,15,1,681.71718
2015,03,15,2,682.09854
2015,03,15,3,683.01096
2015,03,15,4,683.07368
2015,03,15,5,682.53513
2015,03,15,6,681.81621
2015,03,15,7,681.58659
2015,03,16,0,681.49949
2015,03,16,1,680.76852
2015,03,16,2,680.85659
2015,03,16,3,680.79224
2015,03,16,4,680.44684
2015,03,16,5,679.96634
2015,03,16,6,679.87807
2015,03,16,7,679.60108
2015,03,17,0,679.1595
2015,03,17,1,678.65205
2015,03,17,2,678.55297
2015,03,17,3,678.69882
2015,03,17,4,678.32554
2015,03,17,5,677.96503
2015,03,17,6,678.10706
2015,03,17,7,678.0203
2015,03,18,0,678.27301
2015,03,18,1,677.78653
2015,03,18,2,677.65014
2015,03,18,3,677.77611
2015,03,18,4,677.29398
2015,03,18,5,676.70307
2015,03,18,6,676.73906
2015,03,18,7,676.78874
2015,03,19,0,676.86963
2015,03,19,1,676.40081
2015,03,19,2,676.39159
2015,03,19,3,676.11249
2015,03,19,4,676.64639
2015,03,19,5,677.4702
2015,03,19,6,678.06626
2015,03,19,7,679.22196
2015,03,20,0,680.54556
2015,03,20,1,681.62154
2015,03,20,2,682.73404
2015,03,20,3,684.26406
2015,03,20,4,685.44589
2015,03,20,5,686.2496
2015,03,20,6,686.84971
2015,03,20,7,687.41835
2015,03,21,0,688.51363
2015,03,21,1,688.7759
2015,03,21,2,689.25407
2015,03,21,3,689.67037
2015,03,21,4,689.63837
2015,03,21,5,690.25519
2015,03,21,6,691.10353
2015,03,21,7,692.35606
2015,03,22,0,694.03192
2015,03,22,1,695.33412
2015,03,22,2,697.02404
2015,03,22,3,698.70158
2015,03,22,4,700.03102
2015,03,22,5,700.27034
2015,03,22,6,699.63481
2015,03,22,7,698.59386
2015,03,23,0,697.53346
2015,03,23,1,697.12427
2015,03,23,2,697.30031
2015,03,23,3,697.53781
2015,03,23,4,697.28698
2015,03,23,5,697.23711
2015,03,23,6,697.12796
2015,03,23,7,697.40711
2015,03,24,0,698.08263
2015,03,24,1,697.27706
2015,03,24,2,696.48121
2015,03,24,3,696.29571
2015,03,24,4,695.41906
2015,03,24,5,694.01444
2015,03,24,6,693.12515
2015,03,24,7,693.01618
2015,03,25,0,692.21893
2015,03,25,1,691.68701
2015,03,25,2,691.90153
2015,03,25,3,692.01684
2015,03,25,4,691.75349
2015,03,25,5,691.09184
2015,03,25,6,691.06305
2015,03,25,7,690.91241
2015,03,26,0,690.53172
2015,03,26,1,689.94527
2015,03,26,2,689.20511
2015,03,26,3,688.65859
2015,03,26,4,688.32905
2015,03,26,5,687.97208
2015,03,26,6,687.92778
2015,03,26,7,687.7921
2015,03,27,0,687.6489
2015,03,27,1,687.3318
2015,03,27,2,687.07874
2015,03,27,3,686.85642
2015,03,27,4,686.64587
2015,03,27,5,686.3944
2015,03,27,6,686.19316
2015,03,27,7,685.96668
2015,03,28,0,685.75339
2015,03,28,1,685.30947
2015,03,28,2,685.23406
2015,03,28,3,685.38518
2015,03,28,4,685.14852
2015,03,28,5,685.0756
2015,03,28,6,685.09913
2015,03,28,7,685.02977
2015,03,29,0,685.07385
2015,03,29,1,685.11232
2015,03,29,2,685.05519
2015,03,29,3,684.68664
2015,03,29,4,684.60192
2015,03,29,5,684.38629
2015,03,29,6,684.21297
2015,03,29,7,684.12972
2015,03,30,0,684.22823
2015,03,30,1,684.13019
2015,03,30,2,684.11416
2015,03,30,3,684.17527
2015,03,30,4,684.36159
2015,03,30,5,684.35758
2015,03,30,6,684.33357
2015,03,30,7,684.40728
2015,03,1,0,684.38607
2015,03,1,1,684.2555
2015,03,1,2,684.7149
2015,03,1,3,685.34717
2015,03,1,4,685.72437
2015,03,1,5,685.78523
2015,03,1,6,686.39531
2015,03,1,7,686.6276
2015,03,2,0,686.50204
2015,03,2,1,685.708
2015,03,2,2,685.47729
2015,03,2,3,685.75148
2015,03,2,4,686.40692
2015,03,2,5,686.88141
2015,03,2,6,687.72264
2015,03,2,7,688.12311
2015,03,3,0,688.42567
2015,03,3,1,688.44605
2015,03,3,2,688.25392
2015,03,3,3,687.50847
2015,03,3,4,686.5597
2015,03,3,5,685.54594
2015,03,3,6,684.80599
2015,03,3,7,684.22998
2015,03,4,0,683.30906
2015,03,4,1,682.74082
2015,03,4,2,682.79397
2015,03,4,3,682.71575
2015,03,4,4,682.58507
2015,03,4,5,682.67477
2015,03,4,6,683.11128
2015,03,4,7,683.97612
2015,03,5,0,684.8434
2015,03,5,1,685.73726
2015,03,5,2,687.06018
2015,03,5,3,688.68319
2015,03,5,4,690.15807
2015,03,5,5,691.42798
2015,03,5,6,692.93289
2015,03,5,7,694.15846
2015,03,6,0,695.52315
2015,03,6,1,696.30001
2015,03,6,2,696.73816
2015,03,6,3,697.26337
2015,03,6,4,697.34096
2015,03,6,5,697.24677
2015,03,6,6,696.69731
2015,03,6,7,696.07402
2015,03,7,0,695.66257
2015,03,7,1,694.88862
2015,03,7,2,694.00209
2015,03,7,3,693.14397
2015,03,7,4,692.66148
2015,03,7,5,691.95675
2015,03,7,6,691.37952
2015,03,7,7,691.02833
2015,03,8,0,690.73703
2015,03,8,1,690.56266
2015,03,8,2,691.16134
2015,03,8,3,691.72356
2015,03,8,4,692.41874
2015,03,8,5,693.04726
2015,03,8,6,693.94057
2015,03,8,7,694.3932
2015,03,9,0,694.04783
2015,03,9,1,693.8206
2015,03,9,2,694.44185
2015,03,9,3,694.45291
2015,03,9,4,694.56236
2015,03,9,5,694.973
2015,03,9,6,695.45248
2015,03,9,7,695.52997
2015,03,10,0,695.26672
2015,03,10,1,694.83334
2015,03,10,2,695.13273
2015,03,10,3,695.09515
2015,03,10,4,694.9751
2015,03,10,5,694.6884
2015,03,10,6,693.97043
2015,03,10,7,693.5578
2015,03,11,0,693.08428
2015,03,11,1,692.42415
2015,03,11,2,692.08992
2015,03,11,3,691.83603
2015,03,11,4,691.43479
2015,03,11,5,690.8208
2015,03,11,6,690.1478
2015,03,11,7,689.52922
2015,03,12,0,689.8342
2015,03,12,1,689.78227
2015,03,12,2,689.68784
2015,03,12,3,690.00108
2015,03,12,4,690.13372
2015,03,12,5,689.76858
2015,03,12,6,689.04917
2015,03,12,7,688.9256
2015,03,13,0,688.64976
2015,03,13,1,687.83793
2015,03,13,2,687.55734
2015,03,13,3,687.56308
2015,03,13,4,686.97541
2015,03,13,5,686.0947
2015,03,13,6,685.44353
2015,03,13,7,684.79456
2015,03,14,0,684.31699
2015,03,14,1,683.75423
2015,03,14,2,682.59905
2015,03,14,3,681.99167
2015,03,14,4,681.64064
2015,03,14,5,681.16051
2015,03,14,6,680.5148
2015,03,14,7,679.95432
2015,03,15,0,679.72913
2015,03,15,1,678.72709
2015,03,15,2,678.19682
2015,03,15,3,678.14566
2015,03,15,4,678.3488
2015,03,15,5,678.92458
2015,03,15,6,679.05825
2015,03,15,7,679.44409
2015,03,16,0,679.64634
2015,03,16,1,679.16289
2015,03,16,2,679.74905
2015,03,16,3,680.84525
2015,03,16,4,681.60127
2015,03,16,5,682.48016
2015,03,16,6,682.70932
2015,03,16,7,682.97993
2015,03,17,0,683.42323
2015,03,17,1,683.53516
2015,03,17,2,683.44954
2015,03,17,3,683.50765
2015,03,17,4,683.2298
2015,03,17,5,682.70585
2015,03,17,6,682.23883
2015,03,17,7,682.17623
2015,03,18,0,681.47863
2015,03,18,1,680.52442
2015,03,18,2,680.33484
2015,03,18,3,680.46827
2015,03,18,4,680.25473
2015,03,18,5,680.14754
2015,03,18,6,680.46233
2015,03,18,7,681.0661
2015,03,19,0,681.92191
2015,03,19,1,682.77532
2015,03,19,2,683.8214
2015,03,19,3,685.41416
2015,03,19,4,686.34955
2015,03,19,5,687.33079
2015,03,19,6,688.5588
2015,03,19,7,689.73443
2015,03,20,0,690.44043
2015,03,20,1,690.06695
2015,03,20,2,689.75586
2015,03,20,3,689.29404
2015,03,20,4,688.51724
2015,03,20,5,687.25961
2015,03,20,6,685.6268
2015,03,20,7,683.48304
2015,03,21,0,681.06019
2015,03,21,1,679.21488
2015,03,21,2,678.35213
2015,03,21,3,678.2694
2015,03,21,4,678.245
2015,03,21,5,678.5187
2015,03,21,6,679.6684
2015,03,21,7,680.54052
2015,03,22,0,681.27409
2015,03,22,1,681.63552
2015,03,22,2,682.11084
2015,03,22,3,682.63881
2015,03,22,4,682.78852
2015,03,22,5,683.04176
2015,03,22,6,683.20762
2015,03,22,7,683.45365
2015,03,23,0,683.82991
2015,03,23,1,683.75884
2015,03,23,2,684.34873
2015,03,23,3,685.10207
2015,03,23,4,685.81836
2015,03,23,5,686.72586
2015,03,23,6,686.90937
2015,03,23,7,686.8401
2015,03,24,0,686.62752
2015,03,24,1,686.30184
2015,03,24,2,686.02013
2015,03,24,3,686.24684
2015,03,24,4,686.28745
2015,03,24,5,686.23756
2015,03,24,6,686.27666
2015,03,24,7,686.22433
2015,03,25,0,685.63023
2015,03,25,1,684.56663
2015,03,25,2,683.81089
2015,03,25,3,683.06582
2015,03,25,4,682.20407
2015,03,25,5,680.71877
2015,03,25,6,678.97636
2015,03,25,7,678.07798
2015,03,26,0,677.37921
2015,03,26,1,676.76968
2015,03,26,2,676.69194
2015,03,26,3,676.91889
2015,03,26,4,676.44221
2015,03,26,5,675.9804
2015,03,26,6,676.51401
2015,03,26,7,677.52992
2015,03,27,0,678.46641
2015,03,27,1,680.21564
2015,03,27,2,682.10734
2015,03,27,3,684.24354
2015,03,27,4,685.83034
2015,03,27,5,686.88411
2015,03,27,6,688.42411
2015,03,27,7,689.75126
2015,03,28,0,690.12881
2015,03,28,1,690.23058
2015,03,28,2,690.78527
2015,03,28,3,691.17021
2015,03,28,4,691.40446
2015,03,28,5,691.47736
2015,03,28,6,691.25227
2015,03,28,7,691.39676
2015,03,29,0,691.09506
2015,03,29,1,690.39158
2015,03,29,2,689.64458
2015,03,29,3,689.28885
2015,03,29,4,688.27265
2015,03,29,5,687.07949
2015,03,29,6,686.26563
2015,03,29,7,685.45207
2015,03,30,0,685.72362
2015,03,30,1,686.32634
2015,03,30,2,686.69657
2015,03,30,3,686.95336
2015,03,30,4,687.33853
2015,03,30,5,687.48806
2015,03,30,6,687.53826
2015,03,30,7,687.57427
2015,03,31,0,687.0803
2015,03,31,1,686.76475
2015,03,31,2,687.09435
2015,03,31,3,687.24009
2015,03,31,4,687.1794
2015,03,31,5,687.19234
2015,03,31,6,687.19978
2015,03,31,7,686.9164
2015,03,1,0,687.13156
2015,03,1,1,686.94966
2015,03,1,2,686.42604
2015,03,1,3,686.03059
2015,03,1,4,685.44778
2015,03,1,5,685.244
2015,03,1,6,685.69826
2015,03,1,7,685.78129
2015,03,2,0,685.68693
2015,03,2,1,685.6724
2015,03,2,2,685.61153
2015,03,2,3,685.22085
2015,03,2,4,684.71053
2015,03,2,5,685.23456
2015,03,2,6,685.82516
2015,03,2,7,686.13734
2015,03,3,0,686.67036
2015,03,3,1,686.95778
2015,03,3,2,687.31413
2015,03,3,3,687.54928
2015,03,3,4,687.59156
2015,03,3,5,687.81277
2015,03,3,6,687.79757
2015,03,3,7,688.03177
2015,03,4,0,688.27268
2015,03,4,1,688.3069
2015,03,4,2,688.89322
2015,03,4,3,689.40282
2015,03,4,4,689.75601
2015,03,4,5,690.17065
2015,03,4,6,690.69538
2015,03,4,7,691.25973
2015,03,5,0,691.51486
2015,03,5,1,691.59639
2015,03,5,2,691.73604
2015,03,5,3,691.40159
2015,03,5,4,691.16121
2015,03,5,5,690.6337
2015,03,5,6,690.18523
2015,03,5,7,689.90713
2015,03,6,0,689.00992
2015,03,6,1,688.37241
2015,03,6,2,688.68033
2015,03,6,3,688.40906
2015,03,6,4,687.67212
2015,03,6,5,686.3634
2015,03,6,6,684.20393
2015,03,6,7,682.82762
2015,03,7,0,682.11291
2015,03,7,1,682.09735
2015,03,7,2,682.9462
2015,03,7,3,683.57527
2015,03,7,4,684.55405
2015,03,7,5,685.99629
2015,03,7,6,686.23581
2015,03,7,7,687.37495
2015,03,8,0,688.72586
2015,03,8,1,689.36706
2015,03,8,2,689.52511
2015,03,8,3,688.82331
2015,03,8,4,689.38144
2015,03,8,5,689.03184
2015,03,8,6,688.24948
2015,03,8,7,688.30539
2015,03,9,0,687.82701
2015,03,9,1,686.81861
2015,03,9,2,686.68562
2015,03,9,3,686.72161
2015,03,9,4,687.17166
2015,03,9,5,687.4864
2015,03,9,6,687.80521
2015,03,9,7,688.19494
2015,03,10,0,688.1155
2015,03,10,1,687.1092
2015,03,10,2,687.40832
2015,03,10,3,687.78357
2015,03,10,4,686.84774
2015,03,10,5,685.51969
2015,03,10,6,684.32842
2015,03,10,7,683.64094
2015,03,11,0,683.0916
2015,03,11,1,682.49721
2015,03,11,2,682.20942
2015,03,11,3,682.03778
2015,03,11,4,681.89898
2015,03,11,5,681.48448
2015,03,11,6,681.38902
2015,03,11,7,681.43573
2015,03,12,0,681.78605
2015,03,12,1,682.44131
2015,03,12,2,683.69162
2015,03,12,3,684.76997
2015,03,12,4,685.96465
2015,03,12,5,687.11498
2015,03,12,6,688.3391
2015,03,12,7,689.74619
2015,03,13,0,691.38839
2015,03,13,1,692.3668
2015,03,13,2,692.9239
2015,03,13,3,693.22402
2015,03,13,4,692.86221
2015,03,13,5,693.27323
2015,03,13,6,693.72548
2015,03,13,7,694.54471
2015,03,14,0,695.14591
2015,03,14,1,695.46981
2015,03,14,2,696.67781
2015,03,14,3,697.77635
2015,03,14,4,698.51305
2015,03,14,5,698.46986
2015,03,14,6,698.21308
2015,03,14,7,698.11921
2015,03,15,0,698.26927
2015,03,15,1,697.71945
2015,03,15,2,697.21649
2015,03,15,3,696.90435
2015,03,15,4,696.77158
2015,03,15,5,696.45609
2015,03,15,6,696.48816
2015,03,15,7,696.95465
2015,03,16,0,697.11918
2015,03,16,1,696.94761
2015,03,16,2,697.6413
2015,03,16,3,698.14912
2015,03,16,4,698.94529
2015,03,16,5,699.77507
2015,03,16,6,699.24754
2015,03,16,7,698.69436
2015,03,17,0,698.59924
2015,03,17,1,697.70945
2015,03,17,2,697.4419
2015,03,17,3,697.74286
2015,03,17,4,697.49747
2015,03,17,5,697.30169
2015,03,17,6,697.04547
2015,03,17,7,696.17154
2015,03,18,0,695.79406
2015,03,18,1,695.23809
2015,03,18,2,695.20364
2015,03,18,3,695.42273
2015,03,18,4,695.15112
2015,03,18,5,694.86937
2015,03,18,6,694.83217
2015,03,18,7,694.59384
2015,03,19,0,694.88437
2015,03,19,1,694.96634
2015,03,19,2,694.26004
2015,03,19,3,693.50314
2015,03,19,4,693.23375
2015,03,19,5,692.84635
2015,03,19,6,692.58304
2015,03,19,7,692.31574
2015,03,20,0,691.97708
2015,03,20,1,691.59142
2015,03,20,2,691.81348
2015,03,20,3,692.34989
2015,03,20,4,691.5006
2015,03,20,5,690.48962
2015,03,20,6,689.52474
2015,03,20,7,688.76711
2015,03,21,0,688.18875
2015,03,21,1,687.3977
2015,03,21,2,687.02459
2015,03,21,3,686.70787
2015,03,21,4,686.24679
2015,03,21,5,685.50516
2015,03,21,6,685.83971
2015,03,21,7,686.6946
2015,03,22,0,686.30568
2015,03,22,1,685.3342
2015,03,22,2,685.42974
2015,03,22,3,685.64324
2015,03,22,4,685.0965
2015,03,22,5,685.03736
2015,03,22,6,684.58052
2015,03,22,7,684.80774
2015,03,23,0,685.74977
2015,03,23,1,686.59061
2015,03,23,2,687.26547
2015,03,23,3,687.47134
2015,03,23,4,687.7661
2015,03,23,5,688.12958
2015,03,23,6,688.01278
2015,03,23,7,687.92062
2015,03,24,0,687.5348
2015,03,24,1,687.20222
2015,03,24,2,686.55276
2015,03,24,3,685.85708
2015,03,24,4,684.73267
2015,03,24,5,683.4788
2015,03,24,6,682.74286
2015,03,24,7,682.32914
2015,03,25,0,681.94807
2015,03,25,1,681.60404
2015,03,25,2,681.89665
2015,03,25,3,682.63358
2015,03,25,4,682.73763
2015,03,25,5,682.95607
2015,03,25,6,683.28681
2015,03,25,7,683.98981
2015,03,26,0,684.4663
2015,03,26,1,684.7309
2015,03,26,2,685.261
2015,03,26,3,685.86319
2015,03,26,4,686.43912
2015,03,26,5,686.6893
2015,03,26,6,686.78863
2015,03,26,7,686.89279
2015,03,27,0,686.51656
2015,03,27,1,685.88699
2015,03,27,2,685.7193
2015,03,27,3,685.76354
2015,03,27,4,685.39202
2015,03,27,5,684.9756
2015,03,27,6,684.34747
2015,03,27,7,683.43054
2015,03,28,0,682.84139
2015,03,28,1,682.24218
2015,03,28,2,682.06092
2015,03,28,3,682.41241
2015,03,28,4,682.08721
2015,03,28,5,681.9084
2015,03,28,6,681.63302
2015,03,28,7,681.90012
2015,03,29,0,682.15155
2015,03,29,1,682.25422
2015,03,29,2,682.9117
2015,03,29,3,683.92076
2015,03,29,4,684.82605
2015,03,29,5,685.77077
2015,03,29,6,686.74403
2015,03,29,7,687.91666
2015,03,30,0,688.74001
2015,03,30,1,689.2555
2015,03,30,2,689.96557
2015,03,30,3,690.51179
2015,03,30,4,690.65729
2015,03,30,5,690.43284
2015,03,30,6,690.12993
2015,03,30,7,689.72333
2015,03,1,0,689.66288
2015,03,1,1,689.30463
2015,03,1,2,688.37934
2015,03,1,3,687.32156
2015,03,1,4,686.37156
2015,03,1,5,685.43697
2015,03,1,6,684.43478
2015,03,1,7,683.70505
2015,03,2,0,683.75531
2015,03,2,1,683.84259
2015,03,2,2,683.86523
2015,03,2,3,683.86253
2015,03,2,4,684.34767
2015,03,2,5,684.67584
2015,03,2,6,684.89025
2015,03,2,7,684.90888
2015,03,3,0,684.36628
2015,03,3,1,684.04772
2015,03,3,2,684.50493
2015,03,3,3,685.04112
2015,03,3,4,685.49597
2015,03,3,5,685.7673
2015,03,3,6,686.25305
2015,03,3,7,686.99634
2015,03,4,0,687.68044
2015,03,4,1,687.97268
2015,03,4,2,688.39324
2015,03,4,3,689.00588
2015,03,4,4,688.87444
2015,03,4,5,688.43257
2015,03,4,6,687.64035
2015,03,4,7,686.6119
2015,03,5,0,686.48345
2015,03,5,1,686.8547
2015,03,5,2,686.45528
2015,03,5,3,685.86881
2015,03,5,4,684.83251
2015,03,5,5,683.45962
2015,03,5,6,682.18134
2015,03,5,7,680.40635
2015,03,6,0,678.43117
2015,03,6,1,677.21681
2015,03,6,2,675.82509
2015,03,6,3,674.81948
2015,03,6,4,674.08575
2015,03,6,5,672.73568
2015,03,6,6,671.61453
2015,03,6,7,670.55255
2015,03,7,0,669.86541
2015,03,7,1,669.37478
2015,03,7,2,669.01233
2015,03,7,3,668.58965
2015,03,7,4,668.73858
2015,03,7,5,668.90561
2015,03,7,6,668.34333
2015,03,7,7,660.31128
2015,03,8,0,659.58483
2015,03,8,1,659.03962
2015,03,8,2,658.77453
2015,03,8,3,658.63109
2015,03,8,4,659.0566
2015,03,8,5,659.74239
2015,03,8,6,669.16183
2015,03,8,7,670.09719
2015,03,9,0,671.68147
2015,03,9,1,673.25415
2015,03,9,2,674.40197
2015,03,9,3,675.81329
2015,03,9,4,676.94053
2015,03,9,5,677.55535
2015,03,9,6,678.00084
2015,03,9,7,678.66017
2015,03,10,0,678.54582
2015,03,10,1,678.67451
2015,03,10,2,679.28564
2015,03,10,3,679.80066
2015,03,10,4,680.35923
2015,03,10,5,680.54155
2015,03,10,6,680.742
2015,03,10,7,680.6773
2015,03,11,0,680.78984
2015,03,11,1,680.81501
2015,03,11,2,680.9085
2015,03,11,3,681.20248
2015,03,11,4,680.97961
2015,03,11,5,680.75865
2015,03,11,6,680.28254
2015,03,11,7,680.10007
2015,03,12,0,681.09992
2015,03,12,1,682.15216
2015,03,12,2,683.66749
2015,03,12,3,685.18229
2015,03,12,4,686.65861
2015,03,12,5,687.6333
2015,03,12,6,687.43982
2015,03,12,7,687.18225
2015,03,13,0,685.61751
2015,03,13,1,683.50312
2015,03,13,2,683.27125
2015,03,13,3,682.8451
2015,03,13,4,682.50616
2015,03,13,5,682.78302
2015,03,13,6,683.43187
2015,03,13,7,683.6329
2015,03,14,0,682.53763
2015,03,14,1,681.43789
2015,03,14,2,681.70972
2015,03,14,3,681.97573
2015,03,14,4,682.50813
2015,03,14,5,682.98833
2015,03,14,6,683.51459
2015,03,14,7,683.83353
2015,03,15,0,684.08786
2015,03,15,1,684.6476
2015,03,15,2,685.26477
2015,03,15,3,685.9314
2015,03,15,4,687.35416
2015,03,15,5,687.72502
2015,03,15,6,688.79251
2015,03,15,7,690.44741
2015,03,16,0,691.16716
2015,03,16,1,691.07386
2015,03,16,2,691.4801
2015,03,16,3,692.39171
2015,03,16,4,692.83547
2015,03,16,5,692.4714
2015,03,16,6,692.66179
2015,03,16,7,692.50882
2015,03,17,0,691.30946
2015,03,17,1,689.20643
2015,03,17,2,688.00872
2015,03,17,3,686.20219
2015,03,17,4,683.40365
2015,03,17,5,682.19978
2015,03,17,6,681.01812
2015,03,17,7,679.7496
2015,03,18,0,679.64526
2015,03,18,1,679.74808
2015,03,18,2,679.43871
2015,03,18,3,679.3715
2015,03,18,4,679.29002
2015,03,18,5,679.14006
2015,03,18,6,679.86743
2015,03,18,7,680.58998
2015,03,19,0,681.0019
2015,03,19,1,681.10123
2015,03,19,2,681.85705
2015,03,19,3,682.21863
2015,03,19,4,681.05083
2015,03,19,5,680.57724
2015,03,19,6,680.98665
2015,03,19,7,680.83846
2015,03,20,0,680.72302
2015,03,20,1,680.72035
2015,03,20,2,680.66224
2015,03,20,3,681.48528
2015,03,20,4,682.24374
2015,03,20,5,682.60769
2015,03,20,6,683.53459
2015,03,20,7,684.26487
2015,03,21,0,684.50212
2015,03,21,1,683.99949
2015,03,21,2,683.58976
2015,03,21,3,682.75761
2015,03,21,4,681.55175
2015,03,21,5,680.62847
2015,03,21,6,679.60576
2015,03,21,7,679.091
2015,03,22,0,678.65387
2015,03,22,1,678.23021
2015,03,22,2,678.54664
2015,03,22,3,678.42656
2015,03,22,4,677.9171
2015,03,22,5,677.49118
2015,03,22,6,677.05602
2015,03,22,7,676.67886
2015,03,23,0,678.28272
2015,03,23,1,679.25663
2015,03,23,2,678.71656
2015,03,23,3,678.60509
2015,03,23,4,678.70682
2015,03,23,5,678.38496
2015,03,23,6,678.85549
2015,03,23,7,679.32171
2015,03,24,0,679.799
2015,03,24,1,680.26398
2015,03,24,2,680.73343
2015,03,24,3,680.98065
2015,03,24,4,681.12806
2015,03,24,5,681.64481
2015,03,24,6,681.03598
2015,03,24,7,680.35482
2015,03,25,0,680.72254
2015,03,25,1,680.89736
2015,03,25,2,681.75999
2015,03,25,3,682.61498
2015,03,25,4,683.8441
2015,03,25,5,684.93852
2015,03,25,6,684.71935
2015,03,25,7,684.45589
2015,03,26,0,684.89691
2015,03,26,1,685.26607
2015,03,26,2,686.12188
2015,03,26,3,686.59444
2015,03,26,4,686.84235
2015,03,26,5,686.68381
2015,03,26,6,687.2132
2015,03,26,7,687.22723
2015,03,27,0,686.36891
2015,03,27,1,685.25621
2015,03,27,2,683.99317
2015,03,27,3,682.89859
2015,03,27,4,681.45822
2015,03,27,5,681.03943
2015,03,27,6,680.8814
2015,03,27,7,680.34
2015,03,28,0,680.7269
2015,03,28,1,680.84776
2015,03,28,2,681.55784
2015,03,28,3,682.84997
2015,03,28,4,684.92305
2015,03,28,5,686.63087
2015,03,28,6,686.69768
2015,03,28,7,685.37086
2015,03,29,0,682.56213
2015,03,29,1,680.86801
2015,03,29,2,679.72745
2015,03,29,3,678.97513
2015,03,29,4,679.25783
2015,03,29,5,680.14765
2015,03,29,6,680.1543
2015,03,29,7,680.14646
2015,03,30,0,679.39892
2015,03,30,1,679.11941
2015,03,30,2,680.86358
2015,03,30,3,682.56668
2015,03,30,4,682.55077
2015,03,30,5,682.66314
2015,03,30,6,683.10512
2015,03,30,7,683.40334
2015,03,31,0,683.99853
2015,03,31,1,684.49948
2015,03,31,2,684.45925
2015,03,31,3,684.56106
2015,03,31,4,685.57592
2015,03,31,5,686.89072
2015,03,31,6,687.81626
2015,03,31,7,688.75708
2015,03,1,0,689.90529
2015,03,1,1,690.57085
2015,03,1,2,691.80234
2015,03,1,3,692.68807
2015,03,1,4,693.09408
2015,03,1,5,693.3711
2015,03,1,6,692.8733
2015,03,1,7,692.22178
2015,03,2,0,692.64828
2015,03,2,1,693.45393
2015,03,2,2,694.51127
2015,03,2,3,696.17851
2015,03,2,4,696.81008
2015,03,2,5,697.19538
2015,03,2,6,698.55609
2015,03,2,7,699.80272
2015,03,3,0,699.90786
2015,03,3,1,699.34769
2015,03,3,2,700.11123
2015,03,3,3,700.07211
2015,03,3,4,699.68166
2015,03,3,5,698.90496
2015,03,3,6,696.62915
2015,03,3,7,695.02472
2015,03,4,0,693.97788
2015,03,4,1,692.15046
2015,03,4,2,691.47672
2015,03,4,3,690.81801
2015,03,4,4,690.75042
2015,03,4,5,690.83289
2015,03,4,6,690.47638
2015,03,4,7,690.01014
2015,03,5,0,690.03138
2015,03,5,1,690.19981
2015,03,5,2,690.09248
2015,03,5,3,690.02356
2015,03,5,4,690.58956
2015,03,5,5,691.00674
2015,03,5,6,691.57916
2015,03,5,7,692.08017
2015,03,6,0,692.20338
2015,03,6,1,692.11001
2015,03,6,2,692.52527
2015,03,6,3,693.0183
2015,03,6,4,693.09972
2015,03,6,5,693.26568
2015,03,6,6,693.26027
2015,03,6,7,692.81953
2015,03,7,0,691.60069
2015,03,7,1,689.91827
2015,03,7,2,688.96797
2015,03,7,3,687.39991
2015,03,7,4,686.13132
2015,03,7,5,684.78102
2015,03,7,6,682.88464
2015,03,7,7,680.87729
2015,03,8,0,679.42
2015,03,8,1,678.49733
2015,03,8,2,678.15794
2015,03,8,3,677.88421
2015,03,8,4,678.05373
2015,03,8,5,678.17986
2015,03,8,6,678.45907
2015,03,8,7,679.04669
2015,03,9,0,679.93
2015,03,9,1,680.47437
2015,03,9,2,681.44194
2015,03,9,3,682.75419
2015,03,9,4,683.56676
2015,03,9,5,684.23289
2015,03,9,6,684.1612
2015,03,9,7,683.78982
2015,03,10,0,682.74985
2015,03,10,1,681.66976
2015,03,10,2,681.44838
2015,03,10,3,681.24295
2015,03,10,4,681.78054
2015,03,10,5,682.41923
2015,03,10,6,682.38837
2015,03,10,7,682.46699
2015,03,11,0,682.39936
2015,03,11,1,681.89608
2015,03,11,2,682.46442
2015,03,11,3,682.29364
2015,03,11,4,681.83847
2015,03,11,5,681.71543
2015,03,11,6,681.78926
2015,03,11,7,681.5921
2015,03,12,0,681.50955
2015,03,12,1,681.4134
2015,03,12,2,682.00926
2015,03,12,3,682.48253
2015,03,12,4,682.79134
2015,03,12,5,683.17195
2015,03,12,6,683.4373
2015,03,12,7,683.38997
2015,03,13,0,682.87266
2015,03,13,1,682.52081
2015,03,13,2,682.26784
2015,03,13,3,681.55447
2015,03,13,4,680.41657
2015,03,13,5,679.5254
2015,03,13,6,678.881
2015,03,13,7,678.69533
2015,03,14,0,678.52906
2015,03,14,1,678.95799
2015,03,14,2,679.45834
2015,03,14,3,679.40567
2015,03,14,4,679.58807
2015,03,14,5,679.58395
2015,03,14,6,679.3501
2015,03,14,7,679.06966
2015,03,15,0,678.97429
2015,03,15,1,678.28843
2015,03,15,2,677.45167
2015,03,15,3,676.8887
2015,03,15,4,676.4365
2015,03,15,5,675.73255
2015,03,15,6,675.07221
2015,03,15,7,674.35332
2015,03,16,0,673.38147
2015,03,16,1,672.14226
2015,03,16,2,672.78905
2015,03,16,3,673.44766
2015,03,16,4,673.66147
2015,03,16,5,673.08768
2015,03,16,6,673.3942
2015,03,16,7,674.00275
2015,03,17,0,674.94214
2015,03,17,1,675.47159
2015,03,17,2,676.17414
2015,03,17,3,677.33654
2015,03,17,4,677.83692
2015,03,17,5,678.07539
2015,03,17,6,678.11991
2015,03,17,7,678.12739
2015,03,18,0,677.92145
2015,03,18,1,677.57121
2015,03,18,2,677.81833
2015,03,18,3,678.03612
2015,03,18,4,677.55476
2015,03,18,5,676.97131
2015,03,18,6,676.61059
2015,03,18,7,676.33695
2015,03,19,0,676.66541
2015,03,19,1,676.43377
2015,03,19,2,675.92452
2015,03,19,3,676.63554
2015,03,19,4,677.36122
2015,03,19,5,678.00804
2015,03,19,6,678.79347
2015,03,19,7,680.25052
2015,03,20,0,681.11302
2015,03,20,1,681.37086
2015,03,20,2,681.86314
2015,03,20,3,682.59883
2015,03,20,4,683.03079
2015,03,20,5,683.23379
2015,03,20,6,683.5007
2015,03,20,7,683.53322
2015,03,21,0,682.32624
2015,03,21,1,681.19042
2015,03,21,2,680.13033
2015,03,21,3,678.80028
2015,03,21,4,677.03815
2015,03,21,5,676.01629
2015,03,21,6,675.30757
2015,03,21,7,675.11065
2015,03,22,0,675.35422
2015,03,22,1,675.67104
2015,03,22,2,676.23578
2015,03,22,3,676.25808
2015,03,22,4,675.51492
2015,03,22,5,674.75008
2015,03,22,6,673.92105
2015,03,22,7,673.18013
2015,03,23,0,672.97214
2015,03,23,1,672.80882
2015,03,23,2,672.58927
2015,03,23,3,672.49245
2015,03,23,4,672.7199
2015,03,23,5,672.4824
2015,03,23,6,671.79373
2015,03,23,7,671.20683
2015,03,24,0,670.53097
2015,03,24,1,670.07294
2015,03,24,2,670.46353
2015,03,24,3,671.46726
2015,03,24,4,671.65713
2015,03,24,5,671.32956
2015,03,24,6,672.18554
2015,03,24,7,673.08208
2015,03,25,0,673.78699
2015,03,25,1,673.86228
2015,03,25,2,674.24346
2015,03,25,3,674.53858
2015,03,25,4,674.88729
2015,03,25,5,675.16821
2015,03,25,6,675.5459
2015,03,25,7,676.41359
2015,03,26,0,677.05825
2015,03,26,1,677.62585
2015,03,26,2,678.4241
2015,03,26,3,679.48274
2015,03,26,4,680.3374
2015,03,26,5,680.77515
2015,03,26,6,681.49553
2015,03,26,7,681.82896
2015,03,27,0,682.20312
2015,03,27,1,682.55236
2015,03,27,2,682.36356
2015,03,27,3,681.99768
2015,03,27,4,682.85663
2015,03,27,5,682.70927
2015,03,27,6,682.577
2015,03,27,7,682.83204
2015,03,28,0,683.92439
2015,03,28,1,684.11571
2015,03,28,2,685.24258
2015,03,28,3,685.97365
2015,03,28,4,686.73611
2015,03,28,5,687.4703
2015,03,28,6,688.7107
2015,03,28,7,689.57351
2015,03,29,0,689.80261
2015,03,29,1,689.79741
2015,03,29,2,690.58738
2015,03,29,3,690.34531
2015,03,29,4,689.96378
2015,03,29,5,690.23691
2015,03,29,6,690.09084
2015,03,29,7,690.3001
2015,03,30,0,690.09347
2015,03,30,1,689.48998
2015,03,30,2,689.27669
2015,03,30,3,688.64494
2015,03,30,4,687.60163
2015,03,30,5,686.24091
2015,03,30,6,684.64983
2015,03,30,7,682.90782
2015,03,31,0,680.04967
2015,03,31,1,677.89211
2015,03,31,2,676.56753
2015,03,31,3,675.99991
2015,03,31,4,676.12029
2015,03,31,5,676.98549
2015,03,31,6,678.34309
2015,03,31,7,678.77434
2015,03,1,0,678.69994
2015,03,1,1,679.29852
2015,03,1,2,679.75219
2015,03,1,3,679.49209
2015,03,1,4,679.32279
2015,03,1,5,679.85797
2015,03,1,6,680.55569
2015,03,1,7,681.2396
2015,03,2,0,681.70918
2015,03,2,1,682.34453
2015,03,2,2,683.26663
2015,03,2,3,684.10872
2015,03,2,4,684.969
2015,03,2,5,685.6662
2015,03,2,6,686.91071
2015,03,2,7,687.7538
2015,03,3,0,688.85517
2015,03,3,1,689.83191
2015,03,3,2,690.26272
2015,03,3,3,690.84622
2015,03,3,4,691.4764
2015,03,3,5,691.77721
2015,03,3,6,691.95694
2015,03,3,7,692.03499
2015,03,4,0,692.51497
2015,03,4,1,692.67395
2015,03,4,2,693.07465
2015,03,4,3,693.39724
2015,03,4,4,693.76756
2015,03,4,5,693.87358
2015,03,4,6,694.34148
2015,03,4,7,694.47475
2015,03,5,0,694.81799
2015,03,5,1,694.6737
2015,03,5,2,694.54782
2015,03,5,3,694.13722
2015,03,5,4,692.96725
2015,03,5,5,691.18253
2015,03,5,6,689.00248
2015,03,5,7,688.00246
2015,03,6,0,687.48239
2015,03,6,1,686.92118
2015,03,6,2,684.96433
2015,03,6,3,682.99914
2015,03,6,4,681.04966
2015,03,6,5,678.92792
2015,03,6,6,677.08043
2015,03,6,7,676.10096
2015,03,7,0,675.10112
2015,03,7,1,674.8544
2015,03,7,2,674.84894
2015,03,7,3,674.97427
2015,03,7,4,675.34599
2015,03,7,5,675.66573
2015,03,7,6,675.72787
2015,03,7,7,676.02363
2015,03,8,0,676.4341
2015,03,8,1,676.41877
2015,03,8,2,676.69348
2015,03,8,3,676.93802
2015,03,8,4,677.57402
2015,03,8,5,677.82882
2015,03,8,6,677.11594
2015,03,8,7,677.01958
2015,03,9,0,676.75736
2015,03,9,1,675.73382
2015,03,9,2,675.30667
2015,03,9,3,674.77959
2015,03,9,4,674.02198
2015,03,9,5,673.1726
2015,03,9,6,672.27662
2015,03,9,7,671.06791
2015,03,10,0,670.37745
2015,03,10,1,669.51184
2015,03,10,2,669.17448
2015,03,10,3,669.20996
2015,03,10,4,669.4351
2015,03,10,5,669.43608
2015,03,10,6,669.54781
2015,03,10,7,669.47466
2015,03,11,0,669.537
2015,03,11,1,669.28659
2015,03,11,2,669.01376
2015,03,11,3,668.59274
2015,03,11,4,660.91535
2015,03,11,5,660.50095
2015,03,11,6,660.11438
2015,03,11,7,659.79934
2015,03,12,0,660.0645
2015,03,12,1,660.12365
2015,03,12,2,660.16592
2015,03,12,3,660.21254
2015,03,12,4,668.61568
2015,03,12,5,668.75087
2015,03,12,6,669.83759
2015,03,12,7,670.47016
2015,03,13,0,670.62334
2015,03,13,1,670.33274
2015,03,13,2,669.90542
2015,03,13,3,669.12748
2015,03,13,4,660.17888
2015,03,13,5,658.31819
2015,03,13,6,656.56526
2015,03,13,7,655.0773
2015,03,14,0,654.39292
2015,03,14,1,654.09576
2015,03,14,2,654.52838
2015,03,14,3,655.98607
2015,03,14,4,658.75177
2015,03,14,5,669.39907
2015,03,14,6,671.3285
2015,03,14,7,672.8252
2015,03,15,0,673.97475
2015,03,15,1,675.01188
2015,03,15,2,675.29165
2015,03,15,3,675.43645
2015,03,15,4,675.49534
2015,03,15,5,674.97969
2015,03,15,6,674.75658
2015,03,15,7,674.47854
2015,03,16,0,674.82212
2015,03,16,1,674.62126
2015,03,16,2,675.40969
2015,03,16,3,675.93401
2015,03,16,4,676.51269
2015,03,16,5,677.03001
2015,03,16,6,678.00311
2015,03,16,7,678.98125
2015,03,17,0,680.51284
2015,03,17,1,681.41181
2015,03,17,2,682.13704
2015,03,17,3,682.52199
2015,03,17,4,682.41842
2015,03,17,5,681.62068
2015,03,17,6,681.34909
2015,03,17,7,681.14681
2015,03,18,0,681.45185
2015,03,18,1,681.39339
2015,03,18,2,681.39956
2015,03,18,3,681.55684
2015,03,18,4,680.64311
2015,03,18,5,679.40925
2015,03,18,6,678.64225
2015,03,18,7,677.36268
2015,03,19,0,675.60913
2015,03,19,1,673.64966
2015,03,19,2,672.67883
2015,03,19,3,672.00958
2015,03,19,4,671.9418
2015,03,19,5,671.45519
2015,03,19,6,671.15867
2015,03,19,7,670.91305
2015,03,20,0,670.69479
2015,03,20,1,670.62695
2015,03,20,2,671.2817
2015,03,20,3,672.73783
2015,03,20,4,674.51361
2015,03,20,5,675.94577
2015,03,20,6,676.98083
2015,03,20,7,678.00384
2015,03,21,0,679.59604
2015,03,21,1,680.56117
2015,03,21,2,680.94551
2015,03,21,3,681.65871
2015,03,21,4,682.04507
2015,03,21,5,682.23383
2015,03,21,6,682.76932
2015,03,21,7,683.45462
2015,03,22,0,683.93998
2015,03,22,1,684.29844
2015,03,22,2,684.95659
2015,03,22,3,685.35736
2015,03,22,4,685.41055
2015,03,22,5,685.1182
2015,03,22,6,684.60258
2015,03,22,7,684.29833
2015,03,23,0,684.60546
2015,03,23,1,684.25147
2015,03,23,2,684.49513
2015,03,23,3,684.51424
2015,03,23,4,684.40107
2015,03,23,5,684.39032
2015,03,23,6,684.58662
2015,03,23,7,685.06603
2015,03,24,0,686.60896
2015,03,24,1,687.87928
2015,03,24,2,688.71557
2015,03,24,3,689.14332
2015,03,24,4,689.76335
2015,03,24,5,690.12967
2015,03,24,6,690.26959
2015,03,24,7,689.97624
2015,03,25,0,690.13832
2015,03,25,1,689.97118
2015,03,25,2,689.54908
2015,03,25,3,689.03035
2015,03,25,4,688.68197
2015,03,25,5,688.44897
2015,03,25,6,688.92054
2015,03,25,7,689.43373
2015,03,26,0,689.9959
2015,03,26,1,690.10284
2015,03,26,2,690.79626
2015,03,26,3,690.6635
2015,03,26,4,689.4887
2015,03,26,5,688.37185
2015,03,26,6,687.23266
2015,03,26,7,686.51558
2015,03,27,0,685.77321
2015,03,27,1,684.90107
2015,03,27,2,684.93377
2015,03,27,3,685.00316
2015,03,27,4,684.61746
2015,03,27,5,684.54145
2015,03,27,6,684.38329
2015,03,27,7,684.08391
2015,03,28,0,684.28255
2015,03,28,1,684.73478
2015,03,28,2,685.10412
2015,03,28,3,685.33438
2015,03,28,4,685.56604
2015,03,28,5,686.11285
2015,03,28,6,687.98947
2015,03,28,7,689.76069
2015,03,29,0,691.85142
2015,03,29,1,693.97297
2015,03,29,2,695.49297
2015,03,29,3,696.0374
2015,03,29,4,695.52785
2015,03,29,5,693.86466
2015,03,29,6,692.71863
2015,03,29,7,691.99693
2015,03,30,0,691.67946
2015,03,30,1,691.92736
2015,03,30,2,693.18725
2015,03,30,3,694.49097
2015,03,30,4,695.49692
2015,03,30,5,696.11889
2015,03,30,6,697.21755
2015,03,30,7,697.48399
2015,03,1,0,698.514
2015,03,1,1,699.67716
2015,03,1,2,700.10222
2015,03,1,3,701.01456
2015,03,1,4,700.83238
2015,03,1,5,700.51251
2015,03,1,6,701.40142
2015,03,1,7,702.35115
2015,03,2,0,703.30787
2015,03,2,1,703.87226
2015,03,2,2,704.51403
2015,03,2,3,704.51456
2015,03,2,4,704.16412
2015,03,2,5,702.86408
2015,03,2,6,701.18599
2015,03,2,7,699.68665
2015,03,3,0,698.04221
2015,03,3,1,697.13744
2015,03,3,2,696.85257
2015,03,3,3,697.29297
2015,03,3,4,697.69978
2015,03,3,5,698.17771
2015,03,3,6,698.79503
2015,03,3,7,699.82437
2015,03,4,0,701.1987
2015,03,4,1,701.35984
2015,03,4,2,701.24546
2015,03,4,3,701.2057
2015,03,4,4,700.51015
2015,03,4,5,699.59386
2015,03,4,6,698.61443
2015,03,4,7,696.74128
2015,03,5,0,695.49262
2015,03,5,1,694.05978
2015,03,5,2,692.95414
2015,03,5,3,691.85605
2015,03,5,4,692.01595
2015,03,5,5,692.72587
2015,03,5,6,694.06605
2015,03,5,7,695.38196
2015,03,6,0,696.15069
2015,03,6,1,696.36281
2015,03,6,2,696.03445
2015,03,6,3,695.57404
2015,03,6,4,694.91127
2015,03,6,5,694.021
2015,03,6,6,693.91352
2015,03,6,7,694.06136
2015,03,7,0,693.77931
2015,03,7,1,693.71269
2015,03,7,2,693.36799
2015,03,7,3,693.39468
2015,03,7,4,693.20058
2015,03,7,5,692.7821
2015,03,7,6,692.75695
2015,03,7,7,692.87163
2015,03,8,0,693.59358
2015,03,8,1,693.74708
2015,03,8,2,694.1901
2015,03,8,3,694.93937
2015,03,8,4,695.52715
2015,03,8,5,695.63823
2015,03,8,6,695.6759
2015,03,8,7,695.59248
2015,03,9,0,695.38405
2015,03,9,1,694.71169
2015,03,9,2,694.58493
2015,03,9,3,693.52806
2015,03,9,4,693.14679
2015,03,9,5,692.88646
2015,03,9,6,692.48276
2015,03,9,7,691.22969
2015,03,10,0,689.5626
2015,03,10,1,688.87462
2015,03,10,2,688.72852
2015,03,10,3,688.23861
2015,03,10,4,688.16707
2015,03,10,5,687.86885
2015,03,10,6,688.04885
2015,03,10,7,688.17059
2015,03,11,0,688.26755
2015,03,11,1,687.94479
2015,03,11,2,688.63916
2015,03,11,3,689.11996
2015,03,11,4,689.24291
2015,03,11,5,689.0341
2015,03,11,6,689.62896
2015,03,11,7,690.1071
2015,03,12,0,689.80211
2015,03,12,1,689.38858
2015,03,12,2,689.15472
2015,03,12,3,688.70095
2015,03,12,4,687.88776
2015,03,12,5,687.09442
2015,03,12,6,686.07145
2015,03,12,7,684.85651
2015,03,13,0,683.66359
2015,03,13,1,682.70853
2015,03,13,2,682.28292
2015,03,13,3,681.85195
2015,03,13,4,681.45477
2015,03,13,5,681.18469
2015,03,13,6,681.57852
2015,03,13,7,681.54568
2015,03,14,0,681.24266
2015,03,14,1,681.15169
2015,03,14,2,681.0616
2015,03,14,3,681.38552
2015,03,14,4,682.13931
2015,03,14,5,682.53866
2015,03,14,6,683.15634
2015,03,14,7,683.66655
2015,03,15,0,683.93236
2015,03,15,1,683.8762
2015,03,15,2,683.95355
2015,03,15,3,684.20942
2015,03,15,4,683.99776
2015,03,15,5,683.67819
2015,03,15,6,684.04082
2015,03,15,7,684.45323
2015,03,16,0,684.52204
2015,03,16,1,684.39474
2015,03,16,2,684.85926
2015,03,16,3,685.35145
2015,03,16,4,686.23373
2015,03,16,5,686.50958
2015,03,16,6,686.86309
2015,03,16,7,687.16043
2015,03,17,0,687.15609
2015,03,17,1,687.01565
2015,03,17,2,687.34566
2015,03,17,3,687.55635
2015,03,17,4,687.48566
2015,03,17,5,687.3996
2015,03,17,6,687.89904
2015,03,17,7,688.40158
2015,03,18,0,688.94671
2015,03,18,1,689.48278
2015,03,18,2,689.82791
2015,03,18,3,690.35722
2015,03,18,4,690.68777
2015,03,18,5,690.83467
2015,03,18,6,691.1638
2015,03,18,7,691.21986
2015,03,19,0,691.07103
2015,03,19,1,690.78622
2015,03,19,2,691.00834
2015,03,19,3,691.10648
2015,03,19,4,690.79361
2015,03,19,5,690.73753
2015,03,19,6,691.08726
2015,03,19,7,691.44641
2015,03,20,0,692.51745
2015,03,20,1,693.10416
2015,03,20,2,693.94894
2015,03,20,3,695.32453
2015,03,20,4,695.76445
2015,03,20,5,695.72543
2015,03,20,6,695.54928
2015,03,20,7,695.05083
2015,03,21,0,694.91138
2015,03,21,1,694.14171
2015,03,21,2,693.10705
2015,03,21,3,692.11153
2015,03,21,4,690.751
2015,03,21,5,689.38666
2015,03,21,6,688.51943
2015,03,21,7,688.01528
2015,03,22,0,687.77925
2015,03,22,1,687.85257
2015,03,22,2,688.47474
2015,03,22,3,688.94738
2015,03,22,4,688.75942
2015,03,22,5,688.12019
2015,03,22,6,687.79248
2015,03,22,7,688.05198
2015,03,23,0,689.35047
2015,03,23,1,690.30849
2015,03,23,2,690.763
2015,03,23,3,691.28475
2015,03,23,4,692.61597
2015,03,23,5,693.38293
2015,03,23,6,694.32366
2015,03,23,7,694.58868
2015,03,24,0,694.44672
2015,03,24,1,694.30197
2015,03,24,2,693.79842
2015,03,24,3,693.35862
2015,03,24,4,693.57877
2015,03,24,5,693.07293
2015,03,24,6,692.79424
2015,03,24,7,692.48854
2015,03,25,0,691.89051
2015,03,25,1,691.03724
2015,03,25,2,690.69644
2015,03,25,3,689.90679
2015,03,25,4,688.57534
2015,03,25,5,687.49965
2015,03,25,6,687.03315
2015,03,25,7,686.3378
2015,03,26,0,686.20517
2015,03,26,1,686.17256
2015,03,26,2,686.29773
2015,03,26,3,686.4435
2015,03,26,4,685.74609
2015,03,26,5,684.74199
2015,03,26,6,685.09251
2015,03,26,7,685.53497
2015,03,27,0,685.55428
2015,03,27,1,685.67803
2015,03,27,2,685.80767
2015,03,27,3,685.92938
2015,03,27,4,686.12232
2015,03,27,5,686.12238
2015,03,27,6,686.03902
2015,03,27,7,686.00239
2015,03,28,0,685.83141
2015,03,28,1,685.43313
2015,03,28,2,685.75251
2015,03,28,3,686.16943
2015,03,28,4,686.68406
2015,03,28,5,687.08566
2015,03,28,6,687.20791
2015,03,28,7,687.32959
2015,03,29,0,687.00097
2015,03,29,1,686.49848
2015,03,29,2,686.57458
2015,03,29,3,686.20772
2015,03,29,4,685.35897
2015,03,29,5,684.53136
2015,03,29,6,684.71783
2015,03,29,7,684.75547
2015,03,30,0,684.01526
2015,03,30,1,683.39512
2015,03,30,2,683.51534
2015,03,30,3,683.64371
2015,03,30,4,683.58564
2015,03,30,5,683.58422
2015,03,30,6,684.04767
2015,03,30,7,684.2561
2015,03,31,0,683.72193
2015,03,31,1,683.0301
2015,03,31,2,683.03803
2015,03,31,3,682.87348
2015,03,31,4,682.22705
2015,03,31,5,681.72297
2015,03,31,6,681.87528
2015,03,31,7,682.08433
2015,03,1,0,681.85902
2015,03,1,1,681.66622
2015,03,1,2,682.17689
2015,03,1,3,682.16805
2015,03,1,4,681.89046
2015,03,1,5,681.58748
2015,03,1,6,681.60933
2015,03,1,7,681.60409
2015,03,2,0,681.89507
2015,03,2,1,682.13874
2015,03,2,2,682.25793
2015,03,2,3,682.30575
2015,03,2,4,681.93683
2015,03,2,5,681.68287
2015,03,2,6,682.0651
2015,03,2,7,682.64675
2015,03,3,0,682.95607
2015,03,3,1,683.17411
2015,03,3,2,683.93921
2015,03,3,3,684.90713
2015,03,3,4,685.06153
2015,03,3,5,685.02839
2015,03,3,6,685.95408
2015,03,3,7,686.76718
2015,03,4,0,687.23512
2015,03,4,1,687.54404
2015,03,4,2,688.24768
2015,03,4,3,688.78627
2015,03,4,4,688.2069
2015,03,4,5,687.27805
2015,03,4,6,686.50632
2015,03,4,7,685.44849
2015,03,5,0,685.0317
2015,03,5,1,684.38793
2015,03,5,2,683.33849
2015,03,5,3,682.67562
2015,03,5,4,681.88664
2015,03,5,5,681.25852
2015,03,5,6,681.53519
2015,03,5,7,681.97465
2015,03,6,0,683.33502
2015,03,6,1,684.51307
2015,03,6,2,685.41518
2015,03,6,3,686.91574
2015,03,6,4,687.62839
2015,03,6,5,687.73518
2015,03,6,6,688.73364
2015,03,6,7,690.05576
2015,03,7,0,690.69336
2015,03,7,1,691.17021
2015,03,7,2,692.15471
2015,03,7,3,693.26778
2015,03,7,4,693.70628
2015,03,7,5,693.77428
2015,03,7,6,694.1111
2015,03,7,7,694.82562
2015,03,8,0,694.98896
2015,03,8,1,694.66035
2015,03,8,2,694.64667
2015,03,8,3,693.84856
2015,03,8,4,692.69315
2015,03,8,5,691.12333
2015,03,8,6,689.65086
2015,03,8,7,688.37049
2015,03,9,0,685.8423
2015,03,9,1,683.91763
2015,03,9,2,684.42316
2015,03,9,3,685.74933
2015,03,9,4,685.73971
2015,03,9,5,685.65242
2015,03,9,6,687.21238
2015,03,9,7,688.7133
2015,03,10,0,690.13428
2015,03,10,1,691.26575
2015,03,10,2,693.74876
2015,03,10,3,696.62222
2015,03,10,4,697.89465
2015,03,10,5,698.88853
2015,03,10,6,699.69218
2015,03,10,7,699.57274
2015,03,11,0,699.40628
2015,03,11,1,698.46324
2015,03,11,2,697.81223
2015,03,11,3,697.11561
2015,03,11,4,695.99169
2015,03,11,5,695.31898
2015,03,11,6,695.79066
2015,03,11,7,696.35635
2015,03,12,0,696.44958
2015,03,12,1,696.4599
2015,03,12,2,695.69115
2015,03,12,3,695.06265
2015,03,12,4,695.25596
2015,03,12,5,694.69873
2015,03,12,6,693.64001
2015,03,12,7,692.65475
2015,03,13,0,692.74317
2015,03,13,1,693.52392
2015,03,13,2,694.05709
2015,03,13,3,694.82699
2015,03,13,4,694.64245
2015,03,13,5,694.42083
2015,03,13,6,695.92152
2015,03,13,7,697.04405
2015,03,14,0,697.1889
2015,03,14,1,696.95448
2015,03,14,2,697.25142
2015,03,14,3,697.49922
2015,03,14,4,697.2572
2015,03,14,5,697.08168
2015,03,14,6,698.4268
2015,03,14,7,699.60599
2015,03,15,0,700.25061
2015,03,15,1,700.44684
2015,03,15,2,700.27561
2015,03,15,3,699.89495
2015,03,15,4,699.32504
2015,03,15,5,698.40197
2015,03,15,6,697.27722
2015,03,15,7,696.50281
2015,03,16,0,695.75418
2015,03,16,1,694.98438
2015,03,16,2,694.32634
2015,03,16,3,693.84872
2015,03,16,4,693.36083
2015,03,16,5,693.21686
2015,03,16,6,694.4475
2015,03,16,7,695.83172
2015,03,17,0,697.85485
2015,03,17,1,698.74578
2015,03,17,2,699.59296
2015,03,17,3,700.62512
2015,03,17,4,700.59981
2015,03,17,5,699.57917
2015,03,17,6,698.88367
2015,03,17,7,699.10489
2015,03,18,0,698.54361
2015,03,18,1,697.77226
2015,03,18,2,697.97341
2015,03,18,3,697.7677
2015,03,18,4,697.13166
2015,03,18,5,695.85003
2015,03,18,6,694.79607
2015,03,18,7,693.62964
2015,03,19,0,692.13373
2015,03,19,1,690.1459
2015,03,19,2,688.8392
2015,03,19,3,688.33242
2015,03,19,4,687.67865
2015,03,19,5,686.92649
2015,03,19,6,687.73867
2015,03,19,7,688.75796
2015,03,20,0,689.25458
2015,03,20,1,689.36151
2015,03,20,2,689.79832
2015,03,20,3,689.96913
2015,03,20,4,689.18976
2015,03,20,5,688.40118
2015,03,20,6,687.75464
2015,03,20,7,687.16193
2015,03,21,0,686.92138
2015,03,21,1,686.43342
2015,03,21,2,686.11268
2015,03,21,3,685.79797
2015,03,21,4,685.08009
2015,03,21,5,684.43886
2015,03,21,6,684.38663
2015,03,21,7,684.53688
2015,03,22,0,685.17926
2015,03,22,1,685.8276
2015,03,22,2,686.8498
2015,03,22,3,687.79614
2015,03,22,4,689.09629
2015,03,22,5,690.31683
2015,03,22,6,691.49773
2015,03,22,7,693.12263
2015,03,23,0,694.95443
2015,03,23,1,695.75935
2015,03,23,2,696.67554
2015,03,23,3,697.27502
2015,03,23,4,697.51146
2015,03,23,5,697.77191
2015,03,23,6,697.70486
2015,03,23,7,697.8615
2015,03,24,0,698.76826
2015,03,24,1,699.20028
2015,03,24,2,699.85095
2015,03,24,3,699.88945
2015,03,24,4,698.80266
2015,03,24,5,697.89529
2015,03,24,6,697.51135
2015,03,24,7,697.10844
2015,03,25,0,696.71838
2015,03,25,1,696.45395
2015,03,25,2,696.60955
2015,03,25,3,696.0131
2015,03,25,4,695.079
2015,03,25,5,694.47165
2015,03,25,6,694.1411
2015,03,25,7,693.42102
2015,03,26,0,691.31872
2015,03,26,1,689.67096
2015,03,26,2,688.87374
2015,03,26,3,688.35576
2015,03,26,4,688.52902
2015,03,26,5,688.4667
2015,03,26,6,688.75851
2015,03,26,7,689.58586
2015,03,27,0,690.11316
2015,03,27,1,690.09944
2015,03,27,2,690.13491
2015,03,27,3,690.35727
2015,03,27,4,690.51201
2015,03,27,5,690.45069
2015,03,27,6,690.58077
2015,03,27,7,690.42856
2015,03,28,0,690.22783
2015,03,28,1,689.59655
2015,03,28,2,688.86045
2015,03,28,3,688.00372
2015,03,28,4,687.06142
2015,03,28,5,685.78742
2015,03,28,6,685.49501
2015,03,28,7,685.52235
2015,03,29,0,685.10329
2015,03,29,1,685.07997
2015,03,29,2,685.43963
2015,03,29,3,685.59594
2015,03,29,4,685.32522
2015,03,29,5,685.41132
2015,03,29,6,686.40644
2015,03,29,7,687.29169
2015,03,30,0,687.23851
2015,03,30,1,686.81644
2015,03,30,2,687.85295
2015,03,30,3,688.33224
2015,03,30,4,688.4129
2015,03,30,5,688.77306
2015,03,30,6,689.39225
2015,03,30,7,689.98882
2015,03,1,0,690.16254
2015,03,1,1,690.05428
2015,03,1,2,689.88629
2015,03,1,3,689.9593
2015,03,1,4,690.21705
2015,03,1,5,690.32235
2015,03,1,6,690.91088
2015,03,1,7,691.36354
2015,03,2,0,691.65994
2015,03,2,1,691.92809
2015,03,2,2,693.05814
2015,03,2,3,694.19584
2015,03,2,4,694.17152
2015,03,2,5,694.45112
2015,03,2,6,695.54013
2015,03,2,7,696.46286
2015,03,3,0,696.88065
2015,03,3,1,697.02653
2015,03,3,2,698.11159
2015,03,3,3,698.39438
2015,03,3,4,698.73814
2015,03,3,5,698.66341
2015,03,3,6,698.27408
2015,03,3,7,697.96463
2015,03,4,0,697.41752
2015,03,4,1,696.99056
2015,03,4,2,696.54801
2015,03,4,3,696.02137
2015,03,4,4,695.63023
2015,03,4,5,695.03982
2015,03,4,6,695.16346
2015,03,4,7,695.558
2015,03,5,0,694.95288
2015,03,5,1,694.12199
2015,03,5,2,695.1113
2015,03,5,3,695.5469
2015,03,5,4,696.17657
2015,03,5,5,696.91238
2015,03,5,6,697.82991
2015,03,5,7,699.05961
2015,03,6,0,699.90668
2015,03,6,1,699.91472
2015,03,6,2,699.41469
2015,03,6,3,698.88181
2015,03,6,4,698.16771
2015,03,6,5,697.36301
2015,03,6,6,697.67998
2015,03,6,7,698.46367
2015,03,7,0,699.01994
2015,03,7,1,698.6985
2015,03,7,2,698.25368
2015,03,7,3,697.87327
2015,03,7,4,697.74303
2015,03,7,5,697.48457
2015,03,7,6,697.84474
2015,03,7,7,698.5911
2015,03,8,0,699.30909
2015,03,8,1,699.52151
2015,03,8,2,700.16954
2015,03,8,3,701.09312
2015,03,8,4,701.71778
2015,03,8,5,701.72169
2015,03,8,6,702.2803
2015,03,8,7,702.66634
2015,03,9,0,703.06047
2015,03,9,1,703.06493
2015,03,9,2,702.84534
2015,03,9,3,702.71806
2015,03,9,4,702.61702
2015,03,9,5,702.4411
2015,03,9,6,702.23711
2015,03,9,7,702.27402
2015,03,10,0,702.77624
2015,03,10,1,702.97689
2015,03,10,2,702.81666
2015,03,10,3,702.53327
2015,03,10,4,702.63614
2015,03,10,5,702.65712
2015,03,10,6,702.53076
2015,03,10,7,702.46328
2015,03,11,0,702.5345
2015,03,11,1,702.51387
2015,03,11,2,702.24169
2015,03,11,3,701.6807
2015,03,11,4,700.65336
2015,03,11,5,699.3305
2015,03,11,6,699.15628
2015,03,11,7,699.34828
2015,03,12,0,699.56776
2015,03,12,1,699.90868
2015,03,12,2,699.63116
2015,03,12,3,699.29219
2015,03,12,4,699.18897
2015,03,12,5,698.87364
2015,03,12,6,698.52249
2015,03,12,7,698.27872
2015,03,13,0,698.25359
2015,03,13,1,698.46031
2015,03,13,2,698.8341
2015,03,13,3,699.05744
2015,03,13,4,699.19929
2015,03,13,5,699.27329
2015,03,13,6,699.2059
2015,03,13,7,699.14141
2015,03,14,0,699.38183
2015,03,14,1,699.47388
2015,03,14,2,699.34616
2015,03,14,3,698.77076
2015,03,14,4,698.5815
2015,03,14,5,698.32014
2015,03,14,6,698.03996
2015,03,14,7,697.83095
2015,03,15,0,698.06585
2015,03,15,1,698.18064
2015,03,15,2,698.64746
2015,03,15,3,698.71126
2015,03,15,4,698.38214
2015,03,15,5,697.7676
2015,03,15,6,697.60348
2015,03,15,7,697.40627
2015,03,16,0,697.11232
2015,03,16,1,696.447
2015,03,16,2,695.81161
2015,03,16,3,694.97722
2015,03,16,4,694.07013
2015,03,16,5,693.20022
2015,03,16,6,693.09368
2015,03,16,7,693.0733
2015,03,17,0,693.23277
2015,03,17,1,693.00768
2015,03,17,2,693.42402
2015,03,17,3,693.96621
2015,03,17,4,694.37164
2015,03,17,5,694.24507
2015,03,17,6,694.12516
2015,03,17,7,693.95365
2015,03,18,0,693.56568
2015,03,18,1,692.66284
2015,03,18,2,692.33978
2015,03,18,3,692.10486
2015,03,18,4,690.8069
2015,03,18,5,689.4455
2015,03,18,6,689.31486
2015,03,18,7,689.43956
2015,03,19,0,689.04628
2015,03,19,1,688.43741
2015,03,19,2,688.9217
2015,03,19,3,689.47004
2015,03,19,4,689.2855
2015,03,19,5,689.07739
2015,03,19,6,689.90902
2015,03,19,7,690.83819
2015,03,20,0,691.59042
2015,03,20,1,691.96425
2015,03,20,2,692.65487
2015,03,20,3,693.43885
2015,03,20,4,694.02973
2015,03,20,5,694.21983
2015,03,20,6,694.8327
2015,03,20,7,695.40906
2015,03,21,0,696.09991
2015,03,21,1,696.31434
2015,03,21,2,695.90816
2015,03,21,3,695.20176
2015,03,21,4,694.94989
2015,03,21,5,694.54355
2015,03,21,6,695.03347
2015,03,21,7,695.70116
2015,03,22,0,696.2367
2015,03,22,1,696.29469
2015,03,22,2,696.60379
2015,03,22,3,697.03813
2015,03,22,4,697.37047
2015,03,22,5,698.00951
2015,03,22,6,699.11218
2015,03,22,7,700.21449
2015,03,23,0,701.00411
2015,03,23,1,701.5428
2015,03,23,2,702.51141
2015,03,23,3,702.94993
2015,03,23,4,703.0936
2015,03,23,5,702.93552
2015,03,23,6,702.81834
2015,03,23,7,702.46079
2015,03,24,0,702.14107
2015,03,24,1,701.21947
2015,03,24,2,700.16932
2015,03,24,3,698.78147
2015,03,24,4,697.34088
2015,03,24,5,695.74862
2015,03,24,6,694.66896
2015,03,24,7,693.8802
2015,03,25,0,693.50948
2015,03,25,1,693.24985
2015,03,25,2,693.69885
2015,03,25,3,694.23991
2015,03,25,4,694.87428
2015,03,25,5,695.24558
2015,03,25,6,695.86116
2015,03,25,7,696.3443
2015,03,26,0,697.11633
2015,03,26,1,697.50833
2015,03,26,2,697.51121
2015,03,26,3,697.39235
2015,03,26,4,697.78109
2015,03,26,5,697.86499
2015,03,26,6,697.88888
2015,03,26,7,697.86113
2015,03,27,0,697.97584
2015,03,27,1,697.46124
2015,03,27,2,696.7661
2015,03,27,3,696.10322
2015,03,27,4,695.49519
2015,03,27,5,694.84062
2015,03,27,6,693.99953
2015,03,27,7,693.4618
2015,03,28,0,692.67975
2015,03,28,1,691.62297
2015,03,28,2,691.22729
2015,03,28,3,690.71153
2015,03,28,4,690.22704
2015,03,28,5,689.67165
2015,03,28,6,689.38203
2015,03,28,7,689.48585
2015,03,29,0,689.51979
2015,03,29,1,689.25411
2015,03,29,2,689.69968
2015,03,29,3,690.41376
2015,03,29,4,690.79034
2015,03,29,5,691.08474
2015,03,29,6,691.78545
2015,03,29,7,692.70047
2015,03,30,0,693.60431
2015,03,30,1,694.08175
2015,03,30,2,694.92983
2015,03,30,3,695.30728
2015,03,30,4,695.50346
2015,03,30,5,695.4208
2015,03,30,6,695.21422
2015,03,30,7,695.01139
2015,03,31,0,694.57123
2015,03,31,1,693.82102
2015,03,31,2,693.19874
2015,03,31,3,692.58633
2015,03,31,4,691.84803
2015,03,31,5,691.11539
2015,03,31,6,690.81832
2015,03,31,7,690.43349
2016,03,1,0,689.6654
2016,03,1,1,688.78338
2016,03,1,2,688.92737
2016,03,1,3,689.53117
2016,03,1,4,689.57151
2016,03,1,5,689.61502
2016,03,1,6,690.86754
2016,03,1,7,692.1781
2016,03,5,0,688.95349
2016,03,5,1,688.27364
2016,03,5,2,687.77719
2016,03,5,3,687.36253
2016,03,5,4,687.19876
2016,03,5,5,687.04456
2016,03,5,6,687.27686
2016,03,5,7,687.82008
2016,03,6,0,688.09076
2016,03,6,1,688.25268
2016,03,6,2,688.80384
2016,03,6,3,689.24908
2016,03,6,4,689.62965
2016,03,6,5,690.00333
2016,03,6,6,690.53145
2016,03,6,7,690.87513
2016,03,7,0,690.93023
2016,03,7,1,690.68296
2016,03,7,2,690.7177
2016,03,7,3,690.77515
2016,03,7,4,690.83109
2016,03,7,5,690.82651
2016,03,7,6,690.77548
2016,03,7,7,690.77554
2016,03,8,0,690.73293
2016,03,8,1,690.55819
2016,03,8,2,690.8282
2016,03,8,3,691.00397
2016,03,8,4,691.0816
2016,03,8,5,691.21375
2016,03,8,6,691.38187
2016,03,8,7,691.83402
2016,03,9,0,692.2788
2016,03,9,1,692.44466
2016,03,9,2,692.82233
2016,03,9,3,693.36836
2016,03,9,4,694.25076
2016,03,9,5,695.04814
2016,03,9,6,695.89687
2016,03,9,7,697.11731
2016,03,10,0,698.67464
2016,03,10,1,699.5607
2016,03,10,2,699.92439
2016,03,10,3,700.64686
2016,03,10,4,701.61524
2016,03,10,5,702.4275
2016,03,10,6,702.63397
2016,03,10,7,702.64089
2016,03,11,0,702.91032
2016,03,11,1,702.47222
2016,03,11,2,702.16599
2016,03,11,3,701.76848
2016,03,11,4,701.6141
2016,03,11,5,701.34684
2016,03,11,6,701.36507
2016,03,11,7,701.47653
2016,03,12,0,701.85556
2016,03,12,1,701.93845
2016,03,12,2,701.43638
2016,03,12,3,700.80649
2016,03,12,4,700.87217
2016,03,12,5,701.04531
2016,03,12,6,700.66844
2016,03,12,7,700.45283
2016,03,13,0,700.29741
2016,03,13,1,699.81299
2016,03,13,2,699.49336
2016,03,13,3,699.20145
2016,03,13,4,698.44289
2016,03,13,5,697.25618
2016,03,13,6,696.71682
2016,03,13,7,696.34836
2016,03,14,0,696.23217
2016,03,14,1,696.15666
2016,03,14,2,696.06433
2016,03,14,3,696.19265
2016,03,14,4,695.72266
2016,03,14,5,695.29455
2016,03,14,6,695.48423
2016,03,14,7,695.6181
2016,03,15,0,695.26967
2016,03,15,1,694.74388
2016,03,15,2,694.77826
2016,03,15,3,694.76479
2016,03,15,4,694.31073
2016,03,15,5,693.86051
2016,03,15,6,693.64956
2016,03,15,7,693.62116
2016,03,16,0,693.11795
2016,03,16,1,692.44374
2016,03,16,2,691.92994
2016,03,16,3,691.58792
2016,03,16,4,691.90726
2016,03,16,5,692.01029
2016,03,16,6,692.01105
2016,03,16,7,691.71013
2016,03,17,0,692.09845
2016,03,17,1,692.48241
2016,03,17,2,692.37833
2016,03,17,3,692.14202
2016,03,17,4,692.21973
2016,03,17,5,692.33589
2016,03,17,6,692.19618
2016,03,17,7,692.13612
2016,03,18,0,692.22323
2016,03,18,1,691.71713
2016,03,18,2,691.5061
2016,03,18,3,691.51111
2016,03,18,4,691.64171
2016,03,18,5,691.69221
2016,03,18,6,691.74746
2016,03,18,7,692.07262
2016,03,19,0,692.36641
2016,03,19,1,692.23435
2016,03,19,2,692.28679
2016,03,19,3,692.61886
2016,03,19,4,693.06938
2016,03,19,5,693.35292
2016,03,19,6,693.78624
2016,03,19,7,694.31376
2016,03,20,0,694.24713
2016,03,20,1,693.94559
2016,03,20,2,694.02307
2016,03,20,3,694.01161
2016,03,20,4,693.93019
2016,03,20,5,693.97726
2016,03,20,6,694.04458
2016,03,20,7,693.9609
2016,03,21,0,694.19775
2016,03,21,1,694.32369
2016,03,21,2,693.56766
2016,03,21,3,692.59
2016,03,21,4,692.6701
2016,03,21,5,692.61499
2016,03,21,6,692.1479
2016,03,21,7,691.68099
2016,03,22,0,691.0681
2016,03,22,1,690.11166
2016,03,22,2,689.55777
2016,03,22,3,689.0651
2016,03,22,4,688.20553
2016,03,22,5,687.3515
2016,03,22,6,687.44209
2016,03,22,7,687.30954
2016,03,23,0,687.38901
2016,03,23,1,687.2041
2016,03,23,2,686.83879
2016,03,23,3,686.57666
2016,03,23,4,686.70429
2016,03,23,5,686.88407
2016,03,23,6,687.27071
2016,03,23,7,687.6358
2016,03,24,0,688.59483
2016,03,24,1,689.3528
2016,03,24,2,690.08804
2016,03,24,3,690.62209
2016,03,24,4,691.35714
2016,03,24,5,691.76873
2016,03,24,6,692.6222
2016,03,24,7,693.4045
2016,03,25,0,694.05057
2016,03,25,1,694.30511
2016,03,25,2,694.60741
2016,03,25,3,694.64786
2016,03,25,4,694.67297
2016,03,25,5,694.61558
2016,03,25,6,694.92238
2016,03,25,7,694.85752
2016,03,26,0,694.60593
2016,03,26,1,694.12475
2016,03,26,2,693.94048
2016,03,26,3,693.54816
2016,03,26,4,693.26615
2016,03,26,5,692.85173
2016,03,26,6,692.39409
2016,03,26,7,692.1683
2016,03,27,0,692.03229
2016,03,27,1,691.41747
2016,03,27,2,691.15774
2016,03,27,3,690.64704
2016,03,27,4,690.4122
2016,03,27,5,690.37036
2016,03,27,6,690.51898
2016,03,27,7,691.0339
2016,03,28,0,691.39232
2016,03,28,1,691.46325
2016,03,28,2,691.96027
2016,03,28,3,692.30481
2016,03,28,4,692.87829
2016,03,28,5,693.26643
2016,03,28,6,693.62947
2016,03,28,7,694.0032
2016,03,29,0,694.5988
2016,03,29,1,694.48635
2016,03,29,2,694.34858
2016,03,29,3,693.887
2016,03,29,4,693.35641
2016,03,29,5,692.73875
2016,03,29,6,691.72775
2016,03,29,7,690.70127
2016,03,30,0,689.94134
2016,03,30,1,688.72504
2016,03,30,2,687.61402
2016,03,30,3,686.74321
2016,03,30,4,686.31782
2016,03,30,5,685.98427
2016,03,30,6,685.71477
2016,03,30,7,685.60647
2016,03,31,0,685.89456
2016,03,31,1,685.55723
2016,03,31,2,684.74881
2016,03,31,3,683.73402
2016,03,31,4,684.22716
2016,03,31,5,684.7387
2016,03,31,6,684.58597
2016,03,31,7,684.42751
2016,03,1,0,684.24194
2016,03,1,1,684.00145
2016,03,1,2,684.40296
2016,03,1,3,684.85763
2016,03,1,4,684.86603
2016,03,1,5,684.86561
2016,03,1,6,686.03962
2016,03,1,7,687.25339
2016,03,2,0,687.94998
2016,03,2,1,688.31786
2016,03,2,2,689.3768
2016,03,2,3,690.33673
2016,03,2,4,691.45581
2016,03,2,5,692.24911
2016,03,2,6,692.97913
2016,03,2,7,694.02127
2016,03,3,0,694.97544
2016,03,3,1,695.52266
2016,03,3,2,696.00309
2016,03,3,3,696.00795
2016,03,3,4,695.8815
2016,03,3,5,695.33584
2016,03,3,6,694.71343
2016,03,3,7,694.1096
2016,03,4,0,693.88706
2016,03,4,1,693.58898
2016,03,4,2,693.29406
2016,03,4,3,693.10043
2016,03,4,4,692.8257
2016,03,4,5,692.33437
2016,03,4,6,692.2608
2016,03,4,7,692.45827
2016,03,5,0,692.70379
2016,03,5,1,692.60877
2016,03,5,2,692.50235
2016,03,5,3,692.46303
2016,03,5,4,692.2175
2016,03,5,5,691.67817
2016,03,5,6,691.66227
2016,03,5,7,692.07033
2016,03,6,0,692.32188
2016,03,6,1,692.22075
2016,03,6,2,692.21604
2016,03,6,3,692.57509
2016,03,6,4,692.83786
2016,03,6,5,692.9561
2016,03,6,6,693.241
2016,03,6,7,693.54281
2016,03,7,0,693.29597
2016,03,7,1,692.77352
2016,03,7,2,692.54637
2016,03,7,3,692.52144
2016,03,7,4,692.3513
2016,03,7,5,691.77006
2016,03,7,6,691.51703
2016,03,7,7,691.42552
2016,03,8,0,690.80583
2016,03,8,1,690.12549
2016,03,8,2,690.20545
2016,03,8,3,690.15815
2016,03,8,4,690.05599
2016,03,8,5,689.8728
2016,03,8,6,690.04379
2016,03,8,7,690.31899
2016,03,9,0,690.24968
2016,03,9,1,690.07346
2016,03,9,2,690.2076
2016,03,9,3,690.17967
2016,03,9,4,690.16188
2016,03,9,5,690.1744
2016,03,9,6,690.54799
2016,03,9,7,691.06409
2016,03,10,0,691.42818
2016,03,10,1,691.59464
2016,03,10,2,691.9682
2016,03,10,3,692.03183
2016,03,10,4,692.22862
2016,03,10,5,692.05662
2016,03,10,6,691.5475
2016,03,10,7,691.23544
2016,03,11,0,691.0176
2016,03,11,1,690.57169
2016,03,11,2,690.26756
2016,03,11,3,689.95629
2016,03,11,4,689.8094
2016,03,11,5,689.70977
2016,03,11,6,689.90888
2016,03,11,7,690.3056
2016,03,12,0,691.15264
2016,03,12,1,691.91608
2016,03,12,2,693.00394
2016,03,12,3,693.90962
2016,03,12,4,694.73379
2016,03,12,5,695.37334
2016,03,12,6,695.62557
2016,03,12,7,695.77257
2016,03,13,0,695.90241
2016,03,13,1,695.45536
2016,03,13,2,695.05507
2016,03,13,3,694.57858
2016,03,13,4,694.36948
2016,03,13,5,694.37865
2016,03,13,6,694.11013
2016,03,13,7,693.764
2016,03,14,0,694.00161
2016,03,14,1,693.82728
2016,03,14,2,694.00018
2016,03,14,3,694.26099
2016,03,14,4,693.93076
2016,03,14,5,693.5627
2016,03,14,6,693.68701
2016,03,14,7,693.74486
2016,03,15,0,693.55664
2016,03,15,1,692.755
2016,03,15,2,692.17047
2016,03,15,3,691.69973
2016,03,15,4,691.30574
2016,03,15,5,690.65765
2016,03,15,6,690.16432
2016,03,15,7,689.76729
2016,03,16,0,689.41531
2016,03,16,1,688.85014
2016,03,16,2,688.7537
2016,03,16,3,688.38981
2016,03,16,4,687.82088
2016,03,16,5,687.21191
2016,03,16,6,686.78868
2016,03,16,7,686.37607
2016,03,17,0,685.83707
2016,03,17,1,685.15333
2016,03,17,2,685.13964
2016,03,17,3,684.97008
2016,03,17,4,684.66036
2016,03,17,5,684.06445
2016,03,17,6,683.80033
2016,03,17,7,683.56558
2016,03,18,0,683.7468
2016,03,18,1,683.56126
2016,03,18,2,683.34493
2016,03,18,3,683.20526
2016,03,18,4,682.51913
2016,03,18,5,681.75007
2016,03,18,6,681.61755
2016,03,18,7,681.39919
2016,03,19,0,681.03585
2016,03,19,1,680.56891
2016,03,19,2,680.80562
2016,03,19,3,681.01245
2016,03,19,4,681.4106
2016,03,19,5,681.86201
2016,03,19,6,682.24312
2016,03,19,7,683.01986
2016,03,20,0,684.04533
2016,03,20,1,685.01341
2016,03,20,2,686.45065
2016,03,20,3,687.92423
2016,03,20,4,689.29077
2016,03,20,5,690.59474
2016,03,20,6,691.88095
2016,03,20,7,693.09853
2016,03,21,0,694.12166
2016,03,21,1,694.77125
2016,03,21,2,695.82218
2016,03,21,3,696.97587
2016,03,21,4,697.94919
2016,03,21,5,698.42343
2016,03,21,6,698.98311
2016,03,21,7,699.4414
2016,03,22,0,699.8367
2016,03,22,1,699.66591
2016,03,22,2,699.37161
2016,03,22,3,699.03116
2016,03,22,4,698.26491
2016,03,22,5,697.20804
2016,03,22,6,696.82231
2016,03,22,7,696.30283
2016,03,23,0,696.12792
2016,03,23,1,696.42368
2016,03,23,2,696.89148
2016,03,23,3,697.22342
2016,03,23,4,697.54368
2016,03,23,5,697.75587
2016,03,23,6,698.17139
2016,03,23,7,698.57613
2016,03,24,0,698.5765
2016,03,24,1,697.94383
2016,03,24,2,698.02298
2016,03,24,3,698.65158
2016,03,24,4,698.69932
2016,03,24,5,698.04418
2016,03,24,6,697.95601
2016,03,24,7,697.95883
2016,03,25,0,697.41574
2016,03,25,1,695.82153
2016,03,25,2,695.52081
2016,03,25,3,695.81129
2016,03,25,4,695.51673
2016,03,25,5,695.07765
2016,03,25,6,695.4805
2016,03,25,7,695.97588
2016,03,26,0,696.33072
2016,03,26,1,696.44066
2016,03,26,2,697.07389
2016,03,26,3,697.86942
2016,03,26,4,698.17593
2016,03,26,5,698.34968
2016,03,26,6,699.49206
2016,03,26,7,700.41351
2016,03,27,0,700.59075
2016,03,27,1,700.61873
2016,03,27,2,700.83056
2016,03,27,3,700.97227
2016,03,27,4,701.34524
2016,03,27,5,701.1628
2016,03,27,6,701.03137
2016,03,27,7,700.73908
2016,03,28,0,700.16861
2016,03,28,1,699.29072
2016,03,28,2,698.59015
2016,03,28,3,697.72714
2016,03,28,4,696.94233
2016,03,28,5,696.38739
2016,03,28,6,695.59134
2016,03,28,7,694.7313
2016,03,29,0,694.15479
2016,03,29,1,693.56867
2016,03,29,2,693.71152
2016,03,29,3,693.65714
2016,03,29,4,693.77728
2016,03,29,5,694.05108
2016,03,29,6,694.50308
2016,03,29,7,694.80339
2016,03,1,0,694.58229
2016,03,1,1,693.94623
2016,03,1,2,693.93302
2016,03,1,3,693.62776
2016,03,1,4,692.96681
2016,03,1,5,692.65516
2016,03,1,6,692.84668
2016,03,1,7,692.68153
2016,03,2,0,692.30072
2016,03,2,1,691.49392
2016,03,2,2,691.08336
2016,03,2,3,690.41907
2016,03,2,4,689.53835
2016,03,2,5,688.65166
2016,03,2,6,687.74137
2016,03,2,7,687.08116
2016,03,3,0,686.23478
2016,03,3,1,684.96242
2016,03,3,2,684.23666
2016,03,3,3,683.45113
2016,03,3,4,682.27116
2016,03,3,5,681.31976
2016,03,3,6,681.08414
2016,03,3,7,680.95488
2016,03,4,0,680.5181
2016,03,4,1,680.15709
2016,03,4,2,680.37345
2016,03,4,3,680.443
2016,03,4,4,681.01062
2016,03,4,5,681.50575
2016,03,4,6,682.01292
2016,03,4,7,682.43511
2016,03,5,0,683.65298
2016,03,5,1,684.55253
2016,03,5,2,685.19279
2016,03,5,3,685.80454
2016,03,5,4,685.79302
2016,03,5,5,685.71847
2016,03,5,6,685.4645
2016,03,5,7,685.20128
2016,03,6,0,685.32433
2016,03,6,1,684.84778
2016,03,6,2,684.59868
2016,03,6,3,684.36987
2016,03,6,4,684.35522
2016,03,6,5,684.31404
2016,03,6,6,683.94751
2016,03,6,7,683.74193
2016,03,7,0,683.39577
2016,03,7,1,682.91662
2016,03,7,2,682.87494
2016,03,7,3,682.7669
2016,03,7,4,682.96836
2016,03,7,5,682.98581
2016,03,7,6,683.30288
2016,03,7,7,683.62433
2016,03,8,0,684.03887
2016,03,8,1,684.1221
2016,03,8,2,684.49671
2016,03,8,3,685.14721
2016,03,8,4,685.72478
2016,03,8,5,686.23787
2016,03,8,6,686.84809
2016,03,8,7,687.46882
2016,03,9,0,688.05017
2016,03,9,1,688.38799
2016,03,9,2,688.70289
2016,03,9,3,688.66363
2016,03,9,4,689.13611
2016,03,9,5,689.47781
2016,03,9,6,689.52973
2016,03,9,7,689.78727
2016,03,10,0,689.89435
2016,03,10,1,689.70832
2016,03,10,2,689.43558
2016,03,10,3,688.96259
2016,03,10,4,688.33933
2016,03,10,5,687.43233
2016,03,10,6,686.29312
2016,03,10,7,685.12103
2016,03,11,0,684.02712
2016,03,11,1,682.94333
2016,03,11,2,682.42606
2016,03,11,3,682.32792
2016,03,11,4,682.67014
2016,03,11,5,683.01655
2016,03,11,6,683.51056
2016,03,11,7,684.01542
2016,03,12,0,684.59928
2016,03,12,1,684.68041
2016,03,12,2,685.14556
2016,03,12,3,685.74379
2016,03,12,4,686.32395
2016,03,12,5,686.29515
2016,03,12,6,686.07732
2016,03,12,7,685.97033
2016,03,13,0,686.38795
2016,03,13,1,686.05423
2016,03,13,2,685.52875
2016,03,13,3,684.9149
2016,03,13,4,684.57194
2016,03,13,5,684.05547
2016,03,13,6,683.75849
2016,03,13,7,683.58082
2016,03,14,0,683.78755
2016,03,14,1,683.6781
2016,03,14,2,683.94141
2016,03,14,3,684.36892
2016,03,14,4,684.95403
2016,03,14,5,685.33896
2016,03,14,6,685.84749
2016,03,14,7,686.29666
2016,03,15,0,686.53379
2016,03,15,1,686.49043
2016,03,15,2,686.54544
2016,03,15,3,686.8536
2016,03,15,4,687.01777
2016,03,15,5,686.80123
2016,03,15,6,686.5409
2016,03,15,7,686.10428
2016,03,16,0,685.83953
2016,03,16,1,685.24817
2016,03,16,2,684.66512
2016,03,16,3,684.25698
2016,03,16,4,684.18562
2016,03,16,5,684.22283
2016,03,16,6,684.09698
2016,03,16,7,684.20209
2016,03,17,0,684.40405
2016,03,17,1,684.58335
2016,03,17,2,685.15944
2016,03,17,3,685.87595
2016,03,17,4,686.80304
2016,03,17,5,687.45089
2016,03,17,6,688.09365
2016,03,17,7,688.60814
2016,03,18,0,689.14026
2016,03,18,1,689.30272
2016,03,18,2,689.53725
2016,03,18,3,689.77695
2016,03,18,4,689.7564
2016,03,18,5,689.52805
2016,03,18,6,689.3131
2016,03,18,7,689.10715
2016,03,19,0,688.52522
2016,03,19,1,687.49218
2016,03,19,2,686.54258
2016,03,19,3,685.55334
2016,03,19,4,684.03672
2016,03,19,5,682.49646
2016,03,19,6,681.74392
2016,03,19,7,681.28192
2016,03,20,0,680.1858
2016,03,20,1,678.98014
2016,03,20,2,678.47215
2016,03,20,3,677.79214
2016,03,20,4,677.09781
2016,03,20,5,676.2163
2016,03,20,6,675.07124
2016,03,20,7,674.40528
2016,03,21,0,674.41571
2016,03,21,1,674.33969
2016,03,21,2,674.48952
2016,03,21,3,674.93684
2016,03,21,4,675.1164
2016,03,21,5,675.48637
2016,03,21,6,676.74225
2016,03,21,7,677.34013
2016,03,22,0,678.40355
2016,03,22,1,679.62052
2016,03,22,2,680.86649
2016,03,22,3,681.93628
2016,03,22,4,683.02506
2016,03,22,5,683.74937
2016,03,22,6,684.62369
2016,03,22,7,685.21416
2016,03,23,0,685.89173
2016,03,23,1,685.85073
2016,03,23,2,686.02711
2016,03,23,3,686.20156
2016,03,23,4,686.39747
2016,03,23,5,686.64955
2016,03,23,6,686.96414
2016,03,23,7,687.38842
2016,03,24,0,687.594
2016,03,24,1,687.8154
2016,03,24,2,688.11861
2016,03,24,3,688.23786
2016,03,24,4,688.84923
2016,03,24,5,689.01857
2016,03,24,6,688.90195
2016,03,24,7,689.04631
2016,03,25,0,689.15931
2016,03,25,1,688.82352
2016,03,25,2,688.49452
2016,03,25,3,687.98564
2016,03,25,4,687.55384
2016,03,25,5,687.02031
2016,03,25,6,686.2339
2016,03,25,7,685.34019
2016,03,26,0,684.41906
2016,03,26,1,683.27208
2016,03,26,2,682.74014
2016,03,26,3,682.24904
2016,03,26,4,681.86272
2016,03,26,5,681.63969
2016,03,26,6,681.26277
2016,03,26,7,681.22282
2016,03,27,0,681.48189
2016,03,27,1,681.97331
2016,03,27,2,682.22957
2016,03,27,3,682.4248
2016,03,27,4,683.10368
2016,03,27,5,683.82666
2016,03,27,6,684.72255
2016,03,27,7,685.49419
2016,03,28,0,686.24266
2016,03,28,1,686.75474
2016,03,28,2,687.3023
2016,03,28,3,687.65601
2016,03,28,4,688.27451
2016,03,28,5,688.72845
2016,03,28,6,688.75231
2016,03,28,7,689.21246
2016,03,29,0,689.67441
2016,03,29,1,689.93277
2016,03,29,2,690.62889
2016,03,29,3,691.2654
2016,03,29,4,691.72014
2016,03,29,5,691.43262
2016,03,29,6,690.92318
2016,03,29,7,690.90159
2016,03,30,0,689.57597
2016,03,30,1,687.447
2016,03,30,2,685.90964
2016,03,30,3,684.29903
2016,03,30,4,683.0757
2016,03,30,5,682.22455
2016,03,30,6,681.73624
2016,03,30,7,681.62971
2016,03,31,0,681.74147
2016,03,31,1,681.43841
2016,03,31,2,681.15448
2016,03,31,3,681.46404
2016,03,31,4,682.94868
2016,03,31,5,684.422
2016,03,31,6,685.73498
2016,03,31,7,687.18418
2016,03,1,0,688.11804
2016,03,1,1,688.00061
2016,03,1,2,688.68764
2016,03,1,3,689.25903
2016,03,1,4,689.47879
2016,03,1,5,689.44569
2016,03,1,6,689.00261
2016,03,1,7,688.51497
2016,03,2,0,688.33542
2016,03,2,1,687.7782
2016,03,2,2,686.96144
2016,03,2,3,685.97421
2016,03,2,4,685.02682
2016,03,2,5,683.94887
2016,03,2,6,682.72418
2016,03,2,7,681.69964
2016,03,3,0,681.41315
2016,03,3,1,681.01972
2016,03,3,2,681.04444
2016,03,3,3,681.44576
2016,03,3,4,682.42409
2016,03,3,5,683.44523
2016,03,3,6,684.44412
2016,03,3,7,685.57816
2016,03,4,0,686.62692
2016,03,4,1,686.82629
2016,03,4,2,687.1131
2016,03,4,3,687.4161
2016,03,4,4,687.251
2016,03,4,5,686.58091
2016,03,4,6,686.33589
2016,03,4,7,686.19777
2016,03,5,0,685.45508
2016,03,5,1,684.41977
2016,03,5,2,684.23505
2016,03,5,3,684.4141
2016,03,5,4,684.39095
2016,03,5,5,684.20677
2016,03,5,6,684.2461
2016,03,5,7,684.49268
2016,03,6,0,684.39068
2016,03,6,1,683.44876
2016,03,6,2,683.17439
2016,03,6,3,682.91947
2016,03,6,4,681.81113
2016,03,6,5,680.03158
2016,03,6,6,678.82941
2016,03,6,7,677.61486
2016,03,7,0,676.53309
2016,03,7,1,675.31817
2016,03,7,2,674.65652
2016,03,7,3,674.24083
2016,03,7,4,673.44693
2016,03,7,5,672.95032
2016,03,7,6,673.01685
2016,03,7,7,673.3608
2016,03,8,0,673.5329
2016,03,8,1,673.37938
2016,03,8,2,673.72872
2016,03,8,3,674.40642
2016,03,8,4,674.76229
2016,03,8,5,675.06455
2016,03,8,6,675.73807
2016,03,8,7,676.83062
2016,03,9,0,677.5659
2016,03,9,1,677.59017
2016,03,9,2,678.08342
2016,03,9,3,679.10498
2016,03,9,4,680.00009
2016,03,9,5,680.27907
2016,03,9,6,680.30329
2016,03,9,7,680.61481
2016,03,10,0,680.45677
2016,03,10,1,679.78907
2016,03,10,2,679.55962
2016,03,10,3,679.33619
2016,03,10,4,678.42924
2016,03,10,5,677.47471
2016,03,10,6,676.68663
2016,03,10,7,675.61173
2016,03,11,0,675.485
2016,03,11,1,675.1972
2016,03,11,2,674.74791
2016,03,11,3,674.61705
2016,03,11,4,673.96858
2016,03,11,5,673.31607
2016,03,11,6,673.61245
2016,03,11,7,674.37033
2016,03,12,0,674.75216
2016,03,12,1,674.87931
2016,03,12,2,676.0045
2016,03,12,3,677.35728
2016,03,12,4,677.98244
2016,03,12,5,678.62584
2016,03,12,6,679.64628
2016,03,12,7,680.5493
2016,03,13,0,680.74847
2016,03,13,1,680.52239
2016,03,13,2,681.1302
2016,03,13,3,682.12778
2016,03,13,4,682.55085
2016,03,13,5,682.73239
2016,03,13,6,682.77822
2016,03,13,7,683.13791
2016,03,14,0,683.6065
2016,03,14,1,684.08067
2016,03,14,2,685.70966
2016,03,14,3,687.07424
2016,03,14,4,687.85263
2016,03,14,5,688.38436
2016,03,14,6,688.76885
2016,03,14,7,689.27171
2016,03,15,0,689.8089
2016,03,15,1,689.72296
2016,03,15,2,690.13582
2016,03,15,3,690.4705
2016,03,15,4,690.47832
2016,03,15,5,690.8689
2016,03,15,6,691.36638
2016,03,15,7,691.56202
2016,03,16,0,691.65648
2016,03,16,1,691.17083
2016,03,16,2,691.18331
2016,03,16,3,691.07285
2016,03,16,4,690.52757
2016,03,16,5,689.79284
2016,03,16,6,689.32299
2016,03,16,7,688.87075
2016,03,17,0,688.32102
2016,03,17,1,687.57002
2016,03,17,2,686.98427
2016,03,17,3,686.78326
2016,03,17,4,686.45003
2016,03,17,5,686.3011
2016,03,17,6,686.60984
2016,03,17,7,686.859
2016,03,18,0,687.19021
2016,03,18,1,687.58171
2016,03,18,2,687.96272
2016,03,18,3,688.73937
2016,03,18,4,689.96153
2016,03,18,5,691.19548
2016,03,18,6,692.48528
2016,03,18,7,693.94451
2016,03,19,0,695.56767
2016,03,19,1,696.77438
2016,03,19,2,698.03312
2016,03,19,3,699.15455
2016,03,19,4,700.33041
2016,03,19,5,700.80955
2016,03,19,6,701.19161
2016,03,19,7,702.01216
2016,03,20,0,702.11883
2016,03,20,1,701.96529
2016,03,20,2,702.76886
2016,03,20,3,703.35115
2016,03,20,4,703.2586
2016,03,20,5,702.99332
2016,03,20,6,702.80531
2016,03,20,7,702.26447
2016,03,21,0,702.80531
2016,03,21,1,702.86593
2016,03,21,2,702.4196
2016,03,21,3,702.29729
2016,03,21,4,702.0374
2016,03,21,5,701.57986
2016,03,21,6,701.23646
2016,03,21,7,701.32132
2016,03,22,0,701.28058
2016,03,22,1,700.48849
2016,03,22,2,700.38319
2016,03,22,3,700.37019
2016,03,22,4,699.82315
2016,03,22,5,698.94165
2016,03,22,6,698.40931
2016,03,22,7,697.82574
2016,03,23,0,697.65925
2016,03,23,1,697.3134
2016,03,23,2,697.1708
2016,03,23,3,697.24716
2016,03,23,4,697.17152
2016,03,23,5,696.93245
2016,03,23,6,696.74308
2016,03,23,7,696.96465
2016,03,24,0,697.34702
2016,03,24,1,697.39128
2016,03,24,2,697.93393
2016,03,24,3,698.7778
2016,03,24,4,699.30557
2016,03,24,5,699.42688
2016,03,24,6,699.97957
2016,03,24,7,700.49975
2016,03,25,0,699.87722
2016,03,25,1,698.88612
2016,03,25,2,698.50457
2016,03,25,3,698.03422
2016,03,25,4,697.14273
2016,03,25,5,696.10173
2016,03,25,6,695.23608
2016,03,25,7,694.10215
2016,03,26,0,692.39704
2016,03,26,1,690.8116
2016,03,26,2,690.44193
2016,03,26,3,690.21798
2016,03,26,4,689.32991
2016,03,26,5,688.5093
2016,03,26,6,687.65546
2016,03,26,7,687.08356
2016,03,27,0,686.74604
2016,03,27,1,686.00628
2016,03,27,2,685.6402
2016,03,27,3,685.25454
2016,03,27,4,684.37327
2016,03,27,5,683.27961
2016,03,27,6,682.391
2016,03,27,7,681.79392
2016,03,28,0,681.057
2016,03,28,1,680.43388
2016,03,28,2,680.32165
2016,03,28,3,680.27068
2016,03,28,4,680.43536
2016,03,28,5,680.41459
2016,03,28,6,680.46669
2016,03,28,7,680.71147
2016,03,29,0,680.93887
2016,03,29,1,680.88994
2016,03,29,2,681.48006
2016,03,29,3,682.09598
2016,03,29,4,682.4173
2016,03,29,5,682.55619
2016,03,29,6,682.71021
2016,03,29,7,683.25397
2016,03,30,0,683.70238
2016,03,30,1,684.21302
2016,03,30,2,685.11406
2016,03,30,3,686.10782
2016,03,30,4,686.55515
2016,03,30,5,686.72903
2016,03,30,6,687.08425
2016,03,30,7,687.26754
2016,03,1,0,687.33321
2016,03,1,1,686.79155
2016,03,1,2,686.60382
2016,03,1,3,686.68366
2016,03,1,4,686.50497
2016,03,1,5,686.12911
2016,03,1,6,686.00179
2016,03,1,7,686.08559
2016,03,2,0,686.6594
2016,03,2,1,686.90124
2016,03,2,2,686.93627
2016,03,2,3,686.75522
2016,03,2,4,686.60227
2016,03,2,5,686.80193
2016,03,2,6,687.53611
2016,03,2,7,688.50142
2016,03,3,0,689.52051
2016,03,3,1,690.32028
2016,03,3,2,691.5685
2016,03,3,3,693.26072
2016,03,3,4,694.83764
2016,03,3,5,695.82872
2016,03,3,6,696.79154
2016,03,3,7,697.42753
2016,03,4,0,696.70075
2016,03,4,1,695.92712
2016,03,4,2,695.38238
2016,03,4,3,694.68832
2016,03,4,4,694.3723
2016,03,4,5,694.51878
2016,03,4,6,695.08512
2016,03,4,7,695.65955
2016,03,5,0,694.87482
2016,03,5,1,693.5512
2016,03,5,2,692.65142
2016,03,5,3,691.87167
2016,03,5,4,690.85612
2016,03,5,5,689.99704
2016,03,5,6,689.77962
2016,03,5,7,689.79624
2016,03,6,0,689.30226
2016,03,6,1,688.57456
2016,03,6,2,689.23408
2016,03,6,3,690.19663
2016,03,6,4,690.90753
2016,03,6,5,691.48693
2016,03,6,6,692.87586
2016,03,6,7,694.45988
2016,03,7,0,695.5849
2016,03,7,1,695.88992
2016,03,7,2,695.74171
2016,03,7,3,695.89417
2016,03,7,4,695.41844
2016,03,7,5,695.26482
2016,03,7,6,694.85996
2016,03,7,7,694.81123
2016,03,8,0,694.94915
2016,03,8,1,694.9711
2016,03,8,2,695.32307
2016,03,8,3,695.15257
2016,03,8,4,695.14201
2016,03,8,5,695.30554
2016,03,8,6,695.63548
2016,03,8,7,695.18378
2016,03,9,0,693.519
2016,03,9,1,692.78216
2016,03,9,2,693.82818
2016,03,9,3,694.92263
2016,03,9,4,695.53589
2016,03,9,5,695.66853
2016,03,9,6,694.9911
2016,03,9,7,693.79979
2016,03,10,0,692.59029
2016,03,10,1,691.8436
2016,03,10,2,691.9155
2016,03,10,3,691.79031
2016,03,10,4,691.27647
2016,03,10,5,690.67033
2016,03,10,6,689.80613
2016,03,10,7,689.21152
2016,03,11,0,688.85328
2016,03,11,1,688.56859
2016,03,11,2,688.53493
2016,03,11,3,688.11576
2016,03,11,4,687.90466
2016,03,11,5,687.71764
2016,03,11,6,687.66176
2016,03,11,7,687.87455
2016,03,12,0,688.5372
2016,03,12,1,689.51684
2016,03,12,2,691.00124
2016,03,12,3,692.10159
2016,03,12,4,692.45163
2016,03,12,5,692.17968
2016,03,12,6,692.07368
2016,03,12,7,691.77097
2016,03,13,0,691.46879
2016,03,13,1,690.8735
2016,03,13,2,689.35825
2016,03,13,3,688.30042
2016,03,13,4,687.52272
2016,03,13,5,686.17949
2016,03,13,6,685.18015
2016,03,13,7,683.77638
2016,03,14,0,682.32232
2016,03,14,1,681.02986
2016,03,14,2,680.57022
2016,03,14,3,680.43349
2016,03,14,4,679.6002
2016,03,14,5,678.71777
2016,03,14,6,678.00562
2016,03,14,7,677.83161
2016,03,15,0,677.26975
2016,03,15,1,677.31406
2016,03,15,2,677.99854
2016,03,15,3,678.53422
2016,03,15,4,679.22179
2016,03,15,5,679.70804
2016,03,15,6,679.80793
2016,03,15,7,679.85638
2016,03,16,0,680.13095
2016,03,16,1,679.956
2016,03,16,2,680.20014
2016,03,16,3,680.91459
2016,03,16,4,681.45555
2016,03,16,5,682.08821
2016,03,16,6,682.88778
2016,03,16,7,683.72767
2016,03,17,0,684.49748
2016,03,17,1,685.07265
2016,03,17,2,685.97668
2016,03,17,3,687.00191
2016,03,17,4,687.98532
2016,03,17,5,688.77268
2016,03,17,6,689.56862
2016,03,17,7,690.44542
2016,03,18,0,691.36533
2016,03,18,1,691.99802
2016,03,18,2,692.76004
2016,03,18,3,693.43113
2016,03,18,4,693.56451
2016,03,18,5,693.61403
2016,03,18,6,693.98169
2016,03,18,7,694.10735
2016,03,19,0,693.5028
2016,03,19,1,693.00294
2016,03,19,2,693.32323
2016,03,19,3,693.40963
2016,03,19,4,692.8461
2016,03,19,5,692.21389
2016,03,19,6,691.83829
2016,03,19,7,691.4598
2016,03,20,0,690.37263
2016,03,20,1,689.53502
2016,03,20,2,689.75616
2016,03,20,3,689.50767
2016,03,20,4,689.13432
2016,03,20,5,688.98687
2016,03,20,6,688.67875
2016,03,20,7,688.55787
2016,03,21,0,688.0766
2016,03,21,1,687.57581
2016,03,21,2,687.77826
2016,03,21,3,688.12519
2016,03,21,4,688.78549
2016,03,21,5,689.56166
2016,03,21,6,689.75344
2016,03,21,7,689.9091
2016,03,22,0,689.51673
2016,03,22,1,688.9129
2016,03,22,2,688.67101
2016,03,22,3,687.80526
2016,03,22,4,685.87211
2016,03,22,5,684.05166
2016,03,22,6,682.20282
2016,03,22,7,680.72503
2016,03,23,0,679.73986
2016,03,23,1,679.25039
2016,03,23,2,679.26112
2016,03,23,3,680.24145
2016,03,23,4,681.47351
2016,03,23,5,682.97849
2016,03,23,6,684.2109
2016,03,23,7,685.23714
2016,03,24,0,686.08665
2016,03,24,1,686.17173
2016,03,24,2,687.42343
2016,03,24,3,688.47558
2016,03,24,4,688.37603
2016,03,24,5,688.6001
2016,03,24,6,688.5486
2016,03,24,7,688.45795
2016,03,25,0,688.40764
2016,03,25,1,688.27705
2016,03,25,2,688.38011
2016,03,25,3,688.75379
2016,03,25,4,689.19189
2016,03,25,5,689.93016
2016,03,25,6,690.31789
2016,03,25,7,689.93461
2016,03,26,0,689.39751
2016,03,26,1,689.00605
2016,03,26,2,688.88518
2016,03,26,3,688.71638
2016,03,26,4,687.35042
2016,03,26,5,686.09198
2016,03,26,6,684.34088
2016,03,26,7,682.96368
2016,03,27,0,682.12479
2016,03,27,1,681.32401
2016,03,27,2,680.60058
2016,03,27,3,680.71799
2016,03,27,4,680.75679
2016,03,27,5,680.79864
2016,03,27,6,681.5041
2016,03,27,7,681.98404
2016,03,28,0,682.40756
2016,03,28,1,682.77918
2016,03,28,2,683.05209
2016,03,28,3,683.42884
2016,03,28,4,684.53892
2016,03,28,5,685.66973
2016,03,28,6,686.34449
2016,03,28,7,686.95044
2016,03,29,0,687.64922
2016,03,29,1,688.47749
2016,03,29,2,688.85039
2016,03,29,3,689.08036
2016,03,29,4,689.60415
2016,03,29,5,689.50201
2016,03,29,6,688.96809
2016,03,29,7,688.36594
2016,03,30,0,687.60329
2016,03,30,1,686.63931
2016,03,30,2,685.91666
2016,03,30,3,685.2714
2016,03,30,4,684.96175
2016,03,30,5,684.76702
2016,03,30,6,684.44528
2016,03,30,7,683.99636
2016,03,31,0,683.54279
2016,03,31,1,682.65294
2016,03,31,2,681.55914
2016,03,31,3,681.21843
2016,03,31,4,680.28426
2016,03,31,5,679.67195
2016,03,31,6,679.29748
2016,03,31,7,679.41288
2016,03,1,0,679.66227
2016,03,1,1,679.69248
2016,03,1,2,679.97702
2016,03,1,3,681.00415
2016,03,1,4,682.03328
2016,03,1,5,682.53978
2016,03,1,6,682.61806
2016,03,1,7,682.71319
2016,03,2,0,682.90474
2016,03,2,1,682.95006
2016,03,2,2,683.14817
2016,03,2,3,683.50427
2016,03,2,4,683.34057
2016,03,2,5,683.05989
2016,03,2,6,682.63384
2016,03,2,7,682.18308
2016,03,3,0,681.02396
2016,03,3,1,680.19611
2016,03,3,2,679.92725
2016,03,3,3,680.07408
2016,03,3,4,680.65488
2016,03,3,5,681.36479
2016,03,3,6,681.60279
2016,03,3,7,681.88852
2016,03,4,0,681.88411
2016,03,4,1,681.1691
2016,03,4,2,680.43626
2016,03,4,3,679.99346
2016,03,4,4,679.79666
2016,03,4,5,680.03942
2016,03,4,6,680.49546
2016,03,4,7,680.72062
2016,03,5,0,681.13713
2016,03,5,1,681.521
2016,03,5,2,682.15937
2016,03,5,3,682.70197
2016,03,5,4,683.44179
2016,03,5,5,683.73777
2016,03,5,6,683.15714
2016,03,5,7,682.34315
2016,03,6,0,682.27064
2016,03,6,1,682.01214
2016,03,6,2,682.05581
2016,03,6,3,681.478
2016,03,6,4,680.56754
2016,03,6,5,679.55663
2016,03,6,6,678.57604
2016,03,6,7,677.48835
2016,03,7,0,676.3517
2016,03,7,1,675.97606
2016,03,7,2,676.05331
2016,03,7,3,676.10774
2016,03,7,4,676.36341
2016,03,7,5,676.24855
2016,03,7,6,675.90744
2016,03,7,7,675.67322
2016,03,8,0,675.83404
2016,03,8,1,676.11516
2016,03,8,2,676.72181
2016,03,8,3,677.30163
2016,03,8,4,678.08375
2016,03,8,5,678.65338
2016,03,8,6,678.89449
2016,03,8,7,679.29949
2016,03,9,0,679.3263
2016,03,9,1,679.14689
2016,03,9,2,679.53364
2016,03,9,3,679.86386
2016,03,9,4,680.0045
2016,03,9,5,680.01953
2016,03,9,6,680.16806
2016,03,9,7,680.44872
2016,03,10,0,680.50219
2016,03,10,1,680.48947
2016,03,10,2,680.95429
2016,03,10,3,680.88488
2016,03,10,4,680.47175
2016,03,10,5,679.6271
2016,03,10,6,679.36451
2016,03,10,7,679.16725
2016,03,11,0,678.85527
2016,03,11,1,678.64405
2016,03,11,2,678.94242
2016,03,11,3,678.86113
2016,03,11,4,679.15032
2016,03,11,5,679.36668
2016,03,11,6,679.21939
2016,03,11,7,679.17022
2016,03,12,0,679.28034
2016,03,12,1,679.58082
2016,03,12,2,679.9318
2016,03,12,3,680.46659
2016,03,12,4,680.78624
2016,03,12,5,680.652
2016,03,12,6,681.6637
2016,03,12,7,682.44716
2016,03,13,0,682.19625
2016,03,13,1,681.41626
2016,03,13,2,681.88618
2016,03,13,3,682.41908
2016,03,13,4,682.31108
2016,03,13,5,682.02086
2016,03,13,6,682.14514
2016,03,13,7,682.68373
2016,03,14,0,682.30009
2016,03,14,1,681.75671
2016,03,14,2,681.43773
2016,03,14,3,680.76638
2016,03,14,4,680.07052
2016,03,14,5,679.37469
2016,03,14,6,679.01533
2016,03,14,7,678.93955
2016,03,15,0,678.92722
2016,03,15,1,678.83806
2016,03,15,2,679.28921
2016,03,15,3,680.00041
2016,03,15,4,680.79109
2016,03,15,5,681.73701
2016,03,15,6,682.68019
2016,03,15,7,683.5056
2016,03,16,0,684.2783
2016,03,16,1,684.94404
2016,03,16,2,685.83832
2016,03,16,3,686.77784
2016,03,16,4,687.03992
2016,03,16,5,687.67881
2016,03,16,6,688.72886
2016,03,16,7,689.71627
2016,03,17,0,690.48135
2016,03,17,1,691.00209
2016,03,17,2,691.03913
2016,03,17,3,691.31993
2016,03,17,4,691.61675
2016,03,17,5,691.69198
2016,03,17,6,691.23056
2016,03,17,7,690.88493
2016,03,18,0,690.80583
2016,03,18,1,690.53264
2016,03,18,2,690.78136
2016,03,18,3,690.65653
2016,03,18,4,689.83251
2016,03,18,5,689.60204
2016,03,18,6,689.26845
2016,03,18,7,688.51525
2016,03,19,0,688.24419
2016,03,19,1,688.11018
2016,03,19,2,688.58948
2016,03,19,3,689.21657
2016,03,19,4,689.07334
2016,03,19,5,689.22309
2016,03,19,6,689.53198
2016,03,19,7,689.53849
2016,03,20,0,689.81323
2016,03,20,1,689.78317
2016,03,20,2,690.22319
2016,03,20,3,690.75832
2016,03,20,4,690.85703
2016,03,20,5,691.18102
2016,03,20,6,691.05991
2016,03,20,7,690.95118
2016,03,21,0,691.34005
2016,03,21,1,691.4974
2016,03,21,2,691.89224
2016,03,21,3,692.35694
2016,03,21,4,692.38158
2016,03,21,5,691.961
2016,03,21,6,691.78512
2016,03,21,7,691.71761
2016,03,22,0,691.0414
2016,03,22,1,690.6849
2016,03,22,2,690.63497
2016,03,22,3,690.75906
2016,03,22,4,690.80335
2016,03,22,5,690.53482
2016,03,22,6,690.31427
2016,03,22,7,690.11378
2016,03,23,0,689.971
2016,03,23,1,689.93937
2016,03,23,2,689.35987
2016,03,23,3,688.44395
2016,03,23,4,687.27552
2016,03,23,5,686.17337
2016,03,23,6,684.66093
2016,03,23,7,683.37088
2016,03,24,0,683.83806
2016,03,24,1,684.72019
2016,03,24,2,684.2752
2016,03,24,3,683.75294
2016,03,24,4,682.88874
2016,03,24,5,682.30197
2016,03,24,6,682.07421
2016,03,24,7,681.86048
2016,03,25,0,681.10707
2016,03,25,1,680.42673
2016,03,25,2,679.42689
2016,03,25,3,678.85425
2016,03,25,4,678.12043
2016,03,25,5,677.62318
2016,03,25,6,676.54917
2016,03,25,7,675.47771
2016,03,26,0,675.04481
2016,03,26,1,674.81601
2016,03,26,2,675.10352
2016,03,26,3,675.48144
2016,03,26,4,675.57113
2016,03,26,5,675.88239
2016,03,26,6,675.87979
2016,03,26,7,675.66864
2016,03,27,0,676.20105
2016,03,27,1,676.65634
2016,03,27,2,677.34527
2016,03,27,3,678.72601
2016,03,27,4,679.71196
2016,03,27,5,680.46286
2016,03,27,6,680.79093
2016,03,27,7,681.25206
2016,03,28,0,681.95161
2016,03,28,1,682.22887
2016,03,28,2,682.56037
2016,03,28,3,682.91664
2016,03,28,4,683.41274
2016,03,28,5,683.79878
2016,03,28,6,683.42865
2016,03,28,7,683.3314
2016,03,29,0,684.04912
2016,03,29,1,684.19926
2016,03,29,2,684.15843
2016,03,29,3,684.12956
2016,03,29,4,684.25732
2016,03,29,5,684.45025
2016,03,29,6,684.65796
2016,03,29,7,684.59738
2016,03,30,0,683.88356
2016,03,30,1,683.46129
2016,03,30,2,683.18329
2016,03,30,3,683.27057
2016,03,30,4,683.37459
2016,03,30,5,683.63717
2016,03,30,6,683.36436
2016,03,30,7,683.10282
2016,03,1,0,682.92766
2016,03,1,1,682.43313
2016,03,1,2,682.44217
2016,03,1,3,682.40111
2016,03,1,4,681.85626
2016,03,1,5,680.9203
2016,03,1,6,679.48522
2016,03,1,7,678.13258
2016,03,2,0,677.00591
2016,03,2,1,676.04069
2016,03,2,2,676.04599
2016,03,2,3,676.23267
2016,03,2,4,675.68521
2016,03,2,5,675.59151
2016,03,2,6,675.33706
2016,03,2,7,674.93423
2016,03,3,0,674.61001
2016,03,3,1,674.21399
2016,03,3,2,673.76403
2016,03,3,3,673.81697
2016,03,3,4,673.93316
2016,03,3,5,673.95531
2016,03,3,6,674.08875
2016,03,3,7,674.07225
2016,03,4,0,674.13405
2016,03,4,1,674.64162
2016,03,4,2,675.64664
2016,03,4,3,676.51077
2016,03,4,4,677.41998
2016,03,4,5,678.10118
2016,03,4,6,677.96527
2016,03,4,7,677.97999
2016,03,5,0,678.27508
2016,03,5,1,678.52903
2016,03,5,2,679.54123
2016,03,5,3,680.80838
2016,03,5,4,681.74707
2016,03,5,5,682.50203
2016,03,5,6,683.37626
2016,03,5,7,684.5389
2016,03,6,0,685.31821
2016,03,6,1,685.91212
2016,03,6,2,686.66159
2016,03,6,3,687.35861
2016,03,6,4,687.03253
2016,03,6,5,686.33469
2016,03,6,6,685.96283
2016,03,6,7,686.07227
2016,03,7,0,686.31055
2016,03,7,1,685.63355
2016,03,7,2,684.88899
2016,03,7,3,684.58385
2016,03,7,4,684.91052
2016,03,7,5,685.21119
2016,03,7,6,685.3855
2016,03,7,7,685.59266
2016,03,8,0,685.14846
2016,03,8,1,684.24666
2016,03,8,2,684.0241
2016,03,8,3,683.63573
2016,03,8,4,683.18111
2016,03,8,5,682.91712
2016,03,8,6,682.93883
2016,03,8,7,683.17392
2016,03,9,0,683.39057
2016,03,9,1,684.29309
2016,03,9,2,685.25264
2016,03,9,3,686.62867
2016,03,9,4,687.97082
2016,03,9,5,689.16631
2016,03,9,6,690.62424
2016,03,9,7,692.03818
2016,03,10,0,692.82936
2016,03,10,1,693.12428
2016,03,10,2,694.375
2016,03,10,3,695.78252
2016,03,10,4,696.1473
2016,03,10,5,696.50418
2016,03,10,6,696.5027
2016,03,10,7,697.17871
2016,03,11,0,697.22114
2016,03,11,1,696.69732
2016,03,11,2,697.10728
2016,03,11,3,696.95307
2016,03,11,4,696.14961
2016,03,11,5,695.35765
2016,03,11,6,694.84018
2016,03,11,7,694.32686
2016,03,12,0,693.26444
2016,03,12,1,691.81513
2016,03,12,2,690.07234
2016,03,12,3,688.59499
2016,03,12,4,687.21613
2016,03,12,5,686.13825
2016,03,12,6,685.2354
2016,03,12,7,685.02563
2016,03,13,0,685.34651
2016,03,13,1,685.72565
2016,03,13,2,685.84184
2016,03,13,3,686.84707
2016,03,13,4,687.32329
2016,03,13,5,687.66705
2016,03,13,6,688.45581
2016,03,13,7,689.30624
2016,03,14,0,689.45533
2016,03,14,1,689.61621
2016,03,14,2,690.59942
2016,03,14,3,691.61896
2016,03,14,4,691.91808
2016,03,14,5,692.85662
2016,03,14,6,693.95975
2016,03,14,7,694.74773
2016,03,15,0,695.38547
2016,03,15,1,695.32661
2016,03,15,2,695.47757
2016,03,15,3,695.50126
2016,03,15,4,694.97169
2016,03,15,5,694.34049
2016,03,15,6,693.46687
2016,03,15,7,692.89566
2016,03,16,0,692.3691
2016,03,16,1,691.42548
2016,03,16,2,691.06432
2016,03,16,3,691.14585
2016,03,16,4,690.81748
2016,03,16,5,690.5857
2016,03,16,6,690.66573
2016,03,16,7,690.61995
2016,03,17,0,690.39252
2016,03,17,1,689.85354
2016,03,17,2,689.00775
2016,03,17,3,688.211
2016,03,17,4,688.19744
2016,03,17,5,687.78244
2016,03,17,6,687.41742
2016,03,17,7,686.7664
2016,03,18,0,686.97071
2016,03,18,1,687.21573
2016,03,18,2,687.10587
2016,03,18,3,686.76262
2016,03,18,4,686.43291
2016,03,18,5,685.9726
2016,03,18,6,685.23232
2016,03,18,7,684.61399
2016,03,19,0,683.86103
2016,03,19,1,683.29146
2016,03,19,2,682.80777
2016,03,19,3,681.97303
2016,03,19,4,681.38338
2016,03,19,5,681.27189
2016,03,19,6,681.33524
2016,03,19,7,681.75651
2016,03,20,0,681.8704
2016,03,20,1,681.80146
2016,03,20,2,682.40156
2016,03,20,3,682.71996
2016,03,20,4,682.33771
2016,03,20,5,682.01204
2016,03,20,6,681.58844
2016,03,20,7,680.74579
2016,03,21,0,679.89913
2016,03,21,1,679.30286
2016,03,21,2,679.50698
2016,03,21,3,679.66528
2016,03,21,4,679.55683
2016,03,21,5,679.54501
2016,03,21,6,679.74435
2016,03,21,7,679.70217
2016,03,22,0,679.43318
2016,03,22,1,679.35761
2016,03,22,2,679.57682
2016,03,22,3,680.02394
2016,03,22,4,680.17859
2016,03,22,5,680.13801
2016,03,22,6,680.21788
2016,03,22,7,680.36576
2016,03,23,0,679.99774
2016,03,23,1,679.41949
2016,03,23,2,679.35515
2016,03,23,3,679.18957
2016,03,23,4,679.38898
2016,03,23,5,679.75434
2016,03,23,6,679.94059
2016,03,23,7,680.10756
2016,03,24,0,680.38887
2016,03,24,1,680.48823
2016,03,24,2,680.64084
2016,03,24,3,680.76462
2016,03,24,4,681.52954
2016,03,24,5,682.23807
2016,03,24,6,682.3254
2016,03,24,7,682.39924
2016,03,25,0,682.49496
2016,03,25,1,682.42881
2016,03,25,2,682.86157
2016,03,25,3,683.11582
2016,03,25,4,683.26856
2016,03,25,5,683.15395
2016,03,25,6,683.23866
2016,03,25,7,683.19398
2016,03,26,0,683.20899
2016,03,26,1,682.94859
2016,03,26,2,682.04718
2016,03,26,3,681.03205
2016,03,26,4,680.54146
2016,03,26,5,681.20643
2016,03,26,6,682.19446
2016,03,26,7,683.13088
2016,03,27,0,683.67879
2016,03,27,1,683.89895
2016,03,27,2,684.27323
2016,03,27,3,684.17203
2016,03,27,4,683.38319
2016,03,27,5,682.33905
2016,03,27,6,682.04584
2016,03,27,7,681.72912
2016,03,28,0,681.94905
2016,03,28,1,682.0352
2016,03,28,2,682.29077
2016,03,28,3,682.54574
2016,03,28,4,683.78929
2016,03,28,5,685.25652
2016,03,28,6,686.2019
2016,03,28,7,687.04822
2016,03,29,0,687.83703
2016,03,29,1,688.11195
2016,03,29,2,688.93307
2016,03,29,3,689.48188
2016,03,29,4,689.58624
2016,03,29,5,689.85266
2016,03,29,6,689.44044
2016,03,29,7,688.63575
2016,03,30,0,688.30364
2016,03,30,1,687.87092
2016,03,30,2,688.22265
2016,03,30,3,688.62595
2016,03,30,4,689.20558
2016,03,30,5,689.99096
2016,03,30,6,690.31423
2016,03,30,7,690.6063
2016,03,31,0,690.80923
2016,03,31,1,690.69036
2016,03,31,2,691.31808
2016,03,31,3,692.03166
2016,03,31,4,691.9347
2016,03,31,5,690.82257
2016,03,31,6,688.57972
2016,03,31,7,686.3107
2016,03,1,0,684.75546
2016,03,1,1,684.66597
2016,03,1,2,684.70748
2016,03,1,3,684.94365
2016,03,1,4,684.94656
2016,03,1,5,684.60975
2016,03,1,6,683.6708
2016,03,1,7,683.54965
2016,03,2,0,684.38031
2016,03,2,1,685.2449
2016,03,2,2,685.93521
2016,03,2,3,687.94064
2016,03,2,4,690.04631
2016,03,2,5,692.26595
2016,03,2,6,694.84211
2016,03,2,7,696.70053
2016,03,3,0,697.39474
2016,03,3,1,697.56121
2016,03,3,2,698.05344
2016,03,3,3,699.30254
2016,03,3,4,700.6148
2016,03,3,5,701.13278
2016,03,3,6,700.49979
2016,03,3,7,699.12885
2016,03,4,0,697.75215
2016,03,4,1,696.87831
2016,03,4,2,696.2958
2016,03,4,3,695.89769
2016,03,4,4,697.38942
2016,03,4,5,698.9484
2016,03,4,6,698.73632
2016,03,4,7,697.91144
2016,03,5,0,694.76081
2016,03,5,1,692.31395
2016,03,5,2,693.07427
2016,03,5,3,692.92527
2016,03,5,4,692.74106
2016,03,5,5,692.31855
2016,03,5,6,692.09627
2016,03,5,7,692.55802
2016,03,6,0,693.3476
2016,03,6,1,693.56073
2016,03,6,2,694.14634
2016,03,6,3,695.07641
2016,03,6,4,695.95841
2016,03,6,5,696.21271
2016,03,6,6,695.91865
2016,03,6,7,695.56259
2016,03,7,0,696.28301
2016,03,7,1,697.64108
2016,03,7,2,698.94217
2016,03,7,3,700.28066
2016,03,7,4,700.50724
2016,03,7,5,699.49928
2016,03,7,6,699.64487
2016,03,7,7,699.66392
2016,03,8,0,697.92852
2016,03,8,1,696.21898
2016,03,8,2,695.99219
2016,03,8,3,696.46798
2016,03,8,4,698.22337
2016,03,8,5,697.88662
2016,03,8,6,697.31741
2016,03,8,7,696.28778
2016,03,9,0,694.27935
2016,03,9,1,693.06713
2016,03,9,2,693.97023
2016,03,9,3,694.38436
2016,03,9,4,696.33711
2016,03,9,5,697.96281
2016,03,9,6,699.72196
2016,03,9,7,700.27919
2016,03,10,0,698.87906
2016,03,10,1,697.20113
2016,03,10,2,695.92143
2016,03,10,3,694.67131
2016,03,10,4,694.14963
2016,03,10,5,693.61016
2016,03,10,6,693.11069
2016,03,10,7,693.09413
2016,03,11,0,693.82835
2016,03,11,1,694.11909
2016,03,11,2,694.43802
2016,03,11,3,695.46311
2016,03,11,4,697.00926
2016,03,11,5,698.85267
2016,03,11,6,700.587
2016,03,11,7,701.80381
2016,03,12,0,703.51085
2016,03,12,1,704.93616
2016,03,12,2,705.66199
2016,03,12,3,706.6271
2016,03,12,4,706.93217
2016,03,12,5,707.67306
2016,03,12,6,709.06247
2016,03,12,7,709.93277
2016,03,13,0,710.64818
2016,03,13,1,710.69104
2016,03,13,2,710.37631
2016,03,13,3,710.67289
2016,03,13,4,710.44637
2016,03,13,5,710.44277
2016,03,13,6,710.77568
2016,03,13,7,710.64625
2016,03,14,0,710.01304
2016,03,14,1,708.85428
2016,03,14,2,708.64563
2016,03,14,3,708.83217
2016,03,14,4,708.36968
2016,03,14,5,707.90538
2016,03,14,6,707.48429
2016,03,14,7,707.11286
2016,03,15,0,706.48369
2016,03,15,1,705.99311
2016,03,15,2,705.59069
2016,03,15,3,705.6792
2016,03,15,4,705.5153
2016,03,15,5,704.27855
2016,03,15,6,702.7959
2016,03,15,7,701.88854
2016,03,16,0,700.19132
2016,03,16,1,698.0819
2016,03,16,2,697.11637
2016,03,16,3,695.49482
2016,03,16,4,693.01602
2016,03,16,5,690.30829
2016,03,16,6,688.18855
2016,03,16,7,686.34085
2016,03,17,0,684.93743
2016,03,17,1,684.1178
2016,03,17,2,684.30256
2016,03,17,3,684.85652
2016,03,17,4,686.00344
2016,03,17,5,687.30757
2016,03,17,6,688.73806
2016,03,17,7,690.23166
2016,03,18,0,691.68206
2016,03,18,1,692.28268
2016,03,18,2,693.27557
2016,03,18,3,694.5029
2016,03,18,4,695.34145
2016,03,18,5,695.71413
2016,03,18,6,696.45492
2016,03,18,7,697.17749
2016,03,19,0,696.62488
2016,03,19,1,696.19166
2016,03,19,2,696.41318
2016,03,19,3,696.59657
2016,03,19,4,695.94399
2016,03,19,5,695.11019
2016,03,19,6,694.59803
2016,03,19,7,693.76158
2016,03,20,0,692.73933
2016,03,20,1,692.4344
2016,03,20,2,692.53983
2016,03,20,3,692.67491
2016,03,20,4,692.82383
2016,03,20,5,692.90029
2016,03,20,6,693.04225
2016,03,20,7,692.74403
2016,03,21,0,692.81522
2016,03,21,1,692.47737
2016,03,21,2,692.16836
2016,03,21,3,692.09978
2016,03,21,4,692.00109
2016,03,21,5,691.85162
2016,03,21,6,691.62626
2016,03,21,7,691.72509
2016,03,22,0,691.29787
2016,03,22,1,691.04004
2016,03,22,2,691.20376
2016,03,22,3,691.1052
2016,03,22,4,690.83255
2016,03,22,5,690.77088
2016,03,22,6,690.78936
2016,03,22,7,690.67179
2016,03,23,0,691.05415
2016,03,23,1,691.51016
2016,03,23,2,691.70816
2016,03,23,3,692.18045
2016,03,23,4,692.01408
2016,03,23,5,691.78982
2016,03,23,6,691.82319
2016,03,23,7,691.61459
2016,03,24,0,690.91107
2016,03,24,1,690.14729
2016,03,24,2,689.42391
2016,03,24,3,688.79182
2016,03,24,4,688.17862
2016,03,24,5,687.74034
2016,03,24,6,687.24049
2016,03,24,7,686.40909
2016,03,25,0,685.77799
2016,03,25,1,685.40062
2016,03,25,2,685.4416
2016,03,25,3,685.58492
2016,03,25,4,685.43513
2016,03,25,5,684.73133
2016,03,25,6,684.93211
2016,03,25,7,685.04859
2016,03,26,0,684.58882
2016,03,26,1,683.75334
2016,03,26,2,683.37551
2016,03,26,3,682.99308
2016,03,26,4,682.01302
2016,03,26,5,681.30221
2016,03,26,6,680.78721
2016,03,26,7,680.3106
2016,03,27,0,680.11014
2016,03,27,1,679.94373
2016,03,27,2,680.1499
2016,03,27,3,680.39943
2016,03,27,4,680.8446
2016,03,27,5,681.13752
2016,03,27,6,680.8508
2016,03,27,7,680.61217
2016,03,28,0,680.36634
2016,03,28,1,680.04637
2016,03,28,2,679.16176
2016,03,28,3,679.26596
2016,03,28,4,679.34082
2016,03,28,5,679.31558
2016,03,28,6,679.70866
2016,03,28,7,680.40402
2016,03,29,0,680.73599
2016,03,29,1,680.84338
2016,03,29,2,680.90103
2016,03,29,3,681.85115
2016,03,29,4,682.7652
2016,03,29,5,683.50515
2016,03,29,6,684.63557
2016,03,29,7,685.66627
2016,03,30,0,686.49576
2016,03,30,1,687.20363
2016,03,30,2,687.46809
2016,03,30,3,687.71813
2016,03,30,4,687.51432
2016,03,30,5,686.64659
2016,03,30,6,686.23803
2016,03,30,7,685.88257
2016,03,31,0,684.7402
2016,03,31,1,683.18312
2016,03,31,2,682.01769
2016,03,31,3,681.09614
2016,03,31,4,679.82239
2016,03,31,5,678.57574
2016,03,31,6,677.70273
2016,03,31,7,677.09285
2016,03,1,0,675.35389
2016,03,1,1,673.88539
2016,03,1,2,673.50363
2016,03,1,3,673.31129
2016,03,1,4,673.42128
2016,03,1,5,673.73525
2016,03,1,6,673.81606
2016,03,1,7,673.78361
2016,03,2,0,673.67703
2016,03,2,1,673.39545
2016,03,2,2,673.73425
2016,03,2,3,673.99256
2016,03,2,4,673.49451
2016,03,2,5,673.32194
2016,03,2,6,673.02404
2016,03,2,7,672.77774
2016,03,3,0,673.05222
2016,03,3,1,673.48091
2016,03,3,2,673.73135
2016,03,3,3,673.86939
2016,03,3,4,673.39751
2016,03,3,5,673.13765
2016,03,3,6,672.33323
2016,03,3,7,671.66849
2016,03,4,0,671.76157
2016,03,4,1,672.00173
2016,03,4,2,671.88488
2016,03,4,3,671.77594
2016,03,4,4,671.8156
2016,03,4,5,672.08491
2016,03,4,6,672.33087
2016,03,4,7,672.52005
2016,03,5,0,672.58639
2016,03,5,1,672.91118
2016,03,5,2,672.17498
2016,03,5,3,672.3029
2016,03,5,4,672.74377
2016,03,5,5,673.26401
2016,03,5,6,673.58469
2016,03,5,7,673.6647
2016,03,6,0,673.69644
2016,03,6,1,673.73953
2016,03,6,2,673.48498
2016,03,6,3,672.97076
2016,03,6,4,672.58684
2016,03,6,5,672.47539
2016,03,6,6,672.10022
2016,03,6,7,671.89731
2016,03,7,0,671.55481
2016,03,7,1,671.33878
2016,03,7,2,671.3003
2016,03,7,3,671.41916
2016,03,7,4,671.38
2016,03,7,5,671.58482
2016,03,7,6,671.92579
2016,03,7,7,672.1127
2016,03,8,0,671.96547
2016,03,8,1,672.11897
2016,03,8,2,672.20774
2016,03,8,3,672.07829
2016,03,8,4,671.34616
2016,03,8,5,670.74976
2016,03,8,6,669.28039
2016,03,8,7,659.14895
2016,03,9,0,658.45513
2016,03,9,1,657.48405
2016,03,9,2,656.68998
2016,03,9,3,655.99772
2016,03,9,4,655.65265
2016,03,9,5,655.42096
2016,03,9,6,655.00334
2016,03,9,7,654.8005
2016,03,10,0,655.04664
2016,03,10,1,655.36328
2016,03,10,2,655.68244
2016,03,10,3,656.2471
2016,03,10,4,656.24938
2016,03,10,5,656.57778
2016,03,10,6,658.28311
2016,03,10,7,669.00789
2016,03,11,0,670.06051
2016,03,11,1,670.8833
2016,03,11,2,671.80486
2016,03,11,3,671.91871
2016,03,11,4,671.61698
2016,03,11,5,671.48925
2016,03,11,6,671.59155
2016,03,11,7,671.52868
2016,03,12,0,671.14478
2016,03,12,1,670.37222
2016,03,12,2,670.67258
2016,03,12,3,671.2031
2016,03,12,4,670.77454
2016,03,12,5,670.82252
2016,03,12,6,671.41743
2016,03,12,7,672.2584
2016,03,13,0,672.74619
2016,03,13,1,673.42173
2016,03,13,2,674.88045
2016,03,13,3,676.29064
2016,03,13,4,677.0335
2016,03,13,5,678.01463
2016,03,13,6,679.08189
2016,03,13,7,679.96321
2016,03,14,0,681.04223
2016,03,14,1,682.42237
2016,03,14,2,683.85504
2016,03,14,3,686.08779
2016,03,14,4,687.3606
2016,03,14,5,688.16181
2016,03,14,6,689.57741
2016,03,14,7,690.75253
2016,03,15,0,691.51345
2016,03,15,1,691.97926
2016,03,15,2,693.02876
2016,03,15,3,693.81116
2016,03,15,4,694.96608
2016,03,15,5,695.13244
2016,03,15,6,694.76506
2016,03,15,7,694.2811
2016,03,16,0,693.54165
2016,03,16,1,691.89801
2016,03,16,2,691.11689
2016,03,16,3,690.79818
2016,03,16,4,690.23195
2016,03,16,5,689.53336
2016,03,16,6,689.19182
2016,03,16,7,688.8158
2016,03,17,0,688.26783
2016,03,17,1,688.28444
2016,03,17,2,688.46209
2016,03,17,3,688.59771
2016,03,17,4,689.20885
2016,03,17,5,689.63423
2016,03,17,6,690.33948
2016,03,17,7,690.71775
2016,03,18,0,690.51466
2016,03,18,1,689.69328
2016,03,18,2,689.65932
2016,03,18,3,689.1306
2016,03,18,4,687.73345
2016,03,18,5,686.00729
2016,03,18,6,684.68211
2016,03,18,7,683.60992
2016,03,19,0,683.24907
2016,03,19,1,682.9891
2016,03,19,2,683.04745
2016,03,19,3,683.54245
2016,03,19,4,684.37118
2016,03,19,5,685.2626
2016,03,19,6,685.8924
2016,03,19,7,686.49764
2016,03,20,0,687.12245
2016,03,20,1,687.31256
2016,03,20,2,687.71568
2016,03,20,3,688.1955
2016,03,20,4,688.64362
2016,03,20,5,688.9817
2016,03,20,6,688.74325
2016,03,20,7,688.60154
2016,03,21,0,688.29335
2016,03,21,1,687.72929
2016,03,21,2,687.67824
2016,03,21,3,687.55859
2016,03,21,4,686.56572
2016,03,21,5,685.69397
2016,03,21,6,685.13418
2016,03,21,7,684.70059
2016,03,22,0,684.1984
2016,03,22,1,683.67512
2016,03,22,2,683.46508
2016,03,22,3,683.63673
2016,03,22,4,683.41935
2016,03,22,5,683.43921
2016,03,22,6,683.93498
2016,03,22,7,684.54091
2016,03,23,0,684.302
2016,03,23,1,684.04664
2016,03,23,2,684.94739
2016,03,23,3,685.52729
2016,03,23,4,684.96768
2016,03,23,5,684.44898
2016,03,23,6,684.28235
2016,03,23,7,683.88784
2016,03,24,0,683.02008
2016,03,24,1,682.28691
2016,03,24,2,683.40293
2016,03,24,3,684.33765
2016,03,24,4,685.15034
2016,03,24,5,685.72423
2016,03,24,6,686.44725
2016,03,24,7,687.25173
2016,03,25,0,687.82489
2016,03,25,1,688.18764
2016,03,25,2,688.87152
2016,03,25,3,689.56829
2016,03,25,4,690.30964
2016,03,25,5,690.4314
2016,03,25,6,690.39069
2016,03,25,7,690.38108
2016,03,26,0,690.3051
2016,03,26,1,690.50594
2016,03,26,2,691.37858
2016,03,26,3,691.8011
2016,03,26,4,691.84109
2016,03,26,5,692.13389
2016,03,26,6,692.63573
2016,03,26,7,693.10283
2016,03,27,0,693.42347
2016,03,27,1,693.54852
2016,03,27,2,694.71532
2016,03,27,3,695.69847
2016,03,27,4,695.80789
2016,03,27,5,696.07362
2016,03,27,6,696.54426
2016,03,27,7,696.79813
2016,03,28,0,697.08159
2016,03,28,1,697.06011
2016,03,28,2,697.31685
2016,03,28,3,697.33581
2016,03,28,4,697.42688
2016,03,28,5,697.17556
2016,03,28,6,696.76416
2016,03,28,7,696.12805
2016,03,29,0,695.03209
2016,03,29,1,693.73996
2016,03,29,2,693.21893
2016,03,29,3,692.3995
2016,03,29,4,691.23116
2016,03,29,5,690.15226
2016,03,29,6,688.99038
2016,03,29,7,688.12897
2016,03,30,0,687.514
2016,03,30,1,686.55111
2016,03,30,2,686.19658
2016,03,30,3,685.96674
2016,03,30,4,685.6201
2016,03,30,5,685.68324
2016,03,30,6,686.6981
2016,03,30,7,687.29426
2016,03,1,0,687.69202
2016,03,1,1,688.31259
2016,03,1,2,689.04441
2016,03,1,3,689.46241
2016,03,1,4,689.7106
2016,03,1,5,689.95084
2016,03,1,6,690.41418
2016,03,1,7,690.86482
2016,03,2,0,691.42891
2016,03,2,1,691.55298
2016,03,2,2,691.90524
2016,03,2,3,692.31078
2016,03,2,4,692.41419
2016,03,2,5,692.50884
2016,03,2,6,692.80569
2016,03,2,7,692.70316
2016,03,3,0,692.57917
2016,03,3,1,692.49172
2016,03,3,2,692.28942
2016,03,3,3,691.77205
2016,03,3,4,690.84495
2016,03,3,5,689.80927
2016,03,3,6,689.26447
2016,03,3,7,688.61734
2016,03,4,0,687.17364
2016,03,4,1,685.89318
2016,03,4,2,685.22971
2016,03,4,3,684.30736
2016,03,4,4,683.93993
2016,03,4,5,684.14661
2016,03,4,6,684.65695
2016,03,4,7,685.11482
2016,03,5,0,686.19685
2016,03,5,1,687.6187
2016,03,5,2,688.49257
2016,03,5,3,689.12338
2016,03,5,4,689.93453
2016,03,5,5,690.77276
2016,03,5,6,690.73809
2016,03,5,7,690.4345
2016,03,6,0,690.74405
2016,03,6,1,690.48516
2016,03,6,2,690.78248
2016,03,6,3,691.16928
2016,03,6,4,690.99105
2016,03,6,5,690.6775
2016,03,6,6,690.40027
2016,03,6,7,690.28519
2016,03,7,0,690.40864
2016,03,7,1,690.61924
2016,03,7,2,690.84554
2016,03,7,3,691.65076
2016,03,7,4,692.20487
2016,03,7,5,692.75515
2016,03,7,6,693.5144
2016,03,7,7,693.99736
2016,03,8,0,694.76576
2016,03,8,1,694.89053
2016,03,8,2,695.295
2016,03,8,3,695.82394
2016,03,8,4,694.56719
2016,03,8,5,693.85081
2016,03,8,6,694.67066
2016,03,8,7,695.26631
2016,03,9,0,695.89303
2016,03,9,1,695.92226
2016,03,9,2,696.29367
2016,03,9,3,696.67734
2016,03,9,4,696.39745
2016,03,9,5,695.94992
2016,03,9,6,695.33642
2016,03,9,7,694.49128
2016,03,10,0,693.77502
2016,03,10,1,692.86505
2016,03,10,2,692.16236
2016,03,10,3,691.8994
2016,03,10,4,691.59712
2016,03,10,5,690.94555
2016,03,10,6,690.95797
2016,03,10,7,691.24471
2016,03,11,0,690.67744
2016,03,11,1,690.55297
2016,03,11,2,691.55171
2016,03,11,3,692.16637
2016,03,11,4,692.0836
2016,03,11,5,692.01901
2016,03,11,6,691.65604
2016,03,11,7,691.17989
2016,03,12,0,690.10354
2016,03,12,1,689.34393
2016,03,12,2,688.76262
2016,03,12,3,688.34923
2016,03,12,4,687.95876
2016,03,12,5,687.66797
2016,03,12,6,687.658
2016,03,12,7,687.50826
2016,03,13,0,687.18588
2016,03,13,1,686.82184
2016,03,13,2,686.02429
2016,03,13,3,685.75961
2016,03,13,4,685.29894
2016,03,13,5,684.60392
2016,03,13,6,684.12022
2016,03,13,7,683.72804
2016,03,14,0,683.68024
2016,03,14,1,684.01291
2016,03,14,2,685.06257
2016,03,14,3,685.99458
2016,03,14,4,686.25375
2016,03,14,5,686.35998
2016,03,14,6,686.85462
2016,03,14,7,686.9477
2016,03,15,0,687.20974
2016,03,15,1,687.16016
2016,03,15,2,686.6993
2016,03,15,3,686.20068
2016,03,15,4,685.82507
2016,03,15,5,685.46956
2016,03,15,6,685.23515
2016,03,15,7,685.00522
2016,03,16,0,685.31126
2016,03,16,1,685.57218
2016,03,16,2,685.79408
2016,03,16,3,685.69727
2016,03,16,4,685.52644
2016,03,16,5,685.09466
2016,03,16,6,684.82603
2016,03,16,7,684.76524
2016,03,17,0,685.26224
2016,03,17,1,685.1412
2016,03,17,2,684.54551
2016,03,17,3,684.1552
2016,03,17,4,683.04912
2016,03,17,5,681.78566
2016,03,17,6,681.27339
2016,03,17,7,681.20598
2016,03,18,0,681.64026
2016,03,18,1,681.81607
2016,03,18,2,681.71271
2016,03,18,3,681.59387
2016,03,18,4,680.98053
2016,03,18,5,680.28408
2016,03,18,6,679.31513
2016,03,18,7,678.54719
2016,03,19,0,677.8313
2016,03,19,1,677.07059
2016,03,19,2,676.93647
2016,03,19,3,677.10433
2016,03,19,4,676.83466
2016,03,19,5,676.58896
2016,03,19,6,677.17049
2016,03,19,7,677.73251
2016,03,20,0,678.14879
2016,03,20,1,679.03277
2016,03,20,2,680.25617
2016,03,20,3,681.23844
2016,03,20,4,681.52062
2016,03,20,5,681.77668
2016,03,20,6,682.30669
2016,03,20,7,682.77896
2016,03,21,0,682.54363
2016,03,21,1,681.88199
2016,03,21,2,682.11661
2016,03,21,3,682.14819
2016,03,21,4,681.64406
2016,03,21,5,681.008
2016,03,21,6,681.23024
2016,03,21,7,681.59637
2016,03,22,0,681.81359
2016,03,22,1,681.75144
2016,03,22,2,681.95863
2016,03,22,3,682.02524
2016,03,22,4,681.02129
2016,03,22,5,679.88419
2016,03,22,6,680.24708
2016,03,22,7,680.73383
2016,03,23,0,680.78599
2016,03,23,1,680.97481
2016,03,23,2,681.37155
2016,03,23,3,681.74876
2016,03,23,4,681.4564
2016,03,23,5,681.21582
2016,03,23,6,681.82098
2016,03,23,7,682.5353
2016,03,24,0,683.05372
2016,03,24,1,683.25692
2016,03,24,2,683.55747
2016,03,24,3,683.63789
2016,03,24,4,683.87307
2016,03,24,5,684.32655
2016,03,24,6,685.51805
2016,03,24,7,686.38843
2016,03,25,0,686.45916
2016,03,25,1,686.03898
2016,03,25,2,686.8326
2016,03,25,3,687.69271
2016,03,25,4,687.51579
2016,03,25,5,687.73885
2016,03,25,6,688.52263
2016,03,25,7,689.44009
2016,03,26,0,689.49589
2016,03,26,1,688.92523
2016,03,26,2,689.30952
2016,03,26,3,689.31768
2016,03,26,4,688.3311
2016,03,26,5,687.45873
2016,03,26,6,687.39876
2016,03,26,7,687.25677
2016,03,27,0,687.08328
2016,03,27,1,686.43094
2016,03,27,2,686.15933
2016,03,27,3,685.72993
2016,03,27,4,685.17508
2016,03,27,5,684.94572
2016,03,27,6,684.853
2016,03,27,7,684.18382
2016,03,28,0,683.86288
2016,03,28,1,683.32955
2016,03,28,2,682.87029
2016,03,28,3,682.31325
2016,03,28,4,681.58867
2016,03,28,5,681.00978
2016,03,28,6,681.03445
2016,03,28,7,681.40545
2016,03,29,0,681.79009
2016,03,29,1,682.00906
2016,03,29,2,682.62966
2016,03,29,3,683.29646
2016,03,29,4,683.27384
2016,03,29,5,683.18132
2016,03,29,6,683.74815
2016,03,29,7,684.51577
2016,03,30,0,684.97277
2016,03,30,1,685.13953
2016,03,30,2,685.25836
2016,03,30,3,685.98633
2016,03,30,4,686.54132
2016,03,30,5,686.81614
2016,03,30,6,687.38497
2016,03,30,7,687.9884
2016,03,31,0,689.11767
2016,03,31,1,689.90385
2016,03,31,2,690.18912
2016,03,31,3,690.48489
2016,03,31,4,690.40204
2016,03,31,5,689.14447
2016,03,31,6,688.91725
2016,03,31,7,689.41164
2016,03,1,0,688.99061
2016,03,1,1,689.55848
2016,03,1,2,690.94871
2016,03,1,3,691.94718
2016,03,1,4,692.52635
2016,03,1,5,693.69418
2016,03,1,6,695.82662
2016,03,1,7,698.11786
2016,03,2,0,699.25453
2016,03,2,1,700.28867
2016,03,2,2,702.04013
2016,03,2,3,703.14568
2016,03,2,4,703.86392
2016,03,2,5,704.44871
2016,03,2,6,711.47668
2016,03,2,7,711.3664
2016,03,3,0,704.68347
2016,03,3,1,703.36722
2016,03,3,2,702.21036
2016,03,3,3,700.65186
2016,03,3,4,699.05665
2016,03,3,5,697.98752
2016,03,3,6,696.50712
2016,03,3,7,695.59171
2016,03,4,0,695.27522
2016,03,4,1,695.57554
2016,03,4,2,697.27937
2016,03,4,3,698.22492
2016,03,4,4,697.79327
2016,03,4,5,697.44933
2016,03,4,6,697.39975
2016,03,4,7,697.81559
2016,03,5,0,698.78441
2016,03,5,1,699.77396
2016,03,5,2,700.74723
2016,03,5,3,701.3174
2016,03,5,4,701.59012
2016,03,5,5,701.50006
2016,03,5,6,702.13208
2016,03,5,7,702.68695
2016,03,6,0,702.98061
2016,03,6,1,702.82902
2016,03,6,2,702.36305
2016,03,6,3,702.11621
2016,03,6,4,702.39422
2016,03,6,5,701.97374
2016,03,6,6,701.84761
2016,03,6,7,701.85818
2016,03,7,0,701.6129
2016,03,7,1,701.30781
2016,03,7,2,701.29351
2016,03,7,3,700.71985
2016,03,7,4,699.56608
2016,03,7,5,698.40617
2016,03,7,6,697.28891
2016,03,7,7,696.44345
2016,03,8,0,695.58594
2016,03,8,1,694.58761
2016,03,8,2,693.69783
2016,03,8,3,693.04207
2016,03,8,4,692.36916
2016,03,8,5,692.02699
2016,03,8,6,692.2178
2016,03,8,7,692.52103
2016,03,9,0,692.23993
2016,03,9,1,691.83519
2016,03,9,2,691.9805
2016,03,9,3,692.01631
2016,03,9,4,691.37384
2016,03,9,5,690.86441
2016,03,9,6,691.24422
2016,03,9,7,691.75567
2016,03,10,0,692.48865
2016,03,10,1,692.99474
2016,03,10,2,693.74418
2016,03,10,3,694.58443
2016,03,10,4,695.97429
2016,03,10,5,697.31041
2016,03,10,6,698.21318
2016,03,10,7,698.83468
2016,03,11,0,699.39188
2016,03,11,1,700.16592
2016,03,11,2,701.09236
2016,03,11,3,701.20778
2016,03,11,4,700.74743
2016,03,11,5,700.08209
2016,03,11,6,699.48606
2016,03,11,7,699.22572
2016,03,12,0,699.33433
2016,03,12,1,699.40255
2016,03,12,2,699.53751
2016,03,12,3,699.77227
2016,03,12,4,700.46871
2016,03,12,5,701.38088
2016,03,12,6,702.65937
2016,03,12,7,703.80067
2016,03,13,0,704.76444
2016,03,13,1,705.12046
2016,03,13,2,705.50271
2016,03,13,3,704.98601
2016,03,13,4,703.95358
2016,03,13,5,702.83146
2016,03,13,6,702.31316
2016,03,13,7,702.07635
2016,03,14,0,701.73613
2016,03,14,1,701.21363
2016,03,14,2,700.79759
2016,03,14,3,700.4991
2016,03,14,4,700.38668
2016,03,14,5,700.7958
2016,03,14,6,701.18384
2016,03,14,7,701.5859
2016,03,15,0,702.292
2016,03,15,1,702.71111
2016,03,15,2,702.9012
2016,03,15,3,703.26831
2016,03,15,4,704.1439
2016,03,15,5,704.56641
2016,03,15,6,704.10364
2016,03,15,7,704.00885
2016,03,16,0,703.80222
2016,03,16,1,703.43
2016,03,16,2,703.48721
2016,03,16,3,703.54087
2016,03,16,4,703.33367
2016,03,16,5,703.27914
2016,03,16,6,702.6523
2016,03,16,7,702.41947
2016,03,17,0,702.61858
2016,03,17,1,702.45901
2016,03,17,2,702.71593
2016,03,17,3,702.91497
2016,03,17,4,702.30622
2016,03,17,5,701.45692
2016,03,17,6,700.95258
2016,03,17,7,700.30737
2016,03,18,0,700.13932
2016,03,18,1,699.71971
2016,03,18,2,699.85707
2016,03,18,3,699.63009
2016,03,18,4,698.98653
2016,03,18,5,698.824
2016,03,18,6,698.81754
2016,03,18,7,699.08306
2016,03,19,0,698.97136
2016,03,19,1,698.67111
2016,03,19,2,698.45638
2016,03,19,3,698.21321
2016,03,19,4,698.04855
2016,03,19,5,697.84639
2016,03,19,6,698.14965
2016,03,19,7,698.41988
2016,03,20,0,698.3289
2016,03,20,1,697.9401
2016,03,20,2,698.02275
2016,03,20,3,697.85418
2016,03,20,4,697.62253
2016,03,20,5,697.47367
2016,03,20,6,696.84491
2016,03,20,7,696.20749
2016,03,21,0,695.79679
2016,03,21,1,695.48947
2016,03,21,2,695.79191
2016,03,21,3,695.73043
2016,03,21,4,695.5198
2016,03,21,5,695.55357
2016,03,21,6,695.70627
2016,03,21,7,695.69811
2016,03,22,0,695.56459
2016,03,22,1,695.04777
2016,03,22,2,694.46167
2016,03,22,3,694.17985
2016,03,22,4,693.97153
2016,03,22,5,694.11671
2016,03,22,6,694.07127
2016,03,22,7,693.97498
2016,03,23,0,694.2766
2016,03,23,1,694.56573
2016,03,23,2,694.45252
2016,03,23,3,694.0771
2016,03,23,4,693.87067
2016,03,23,5,693.36194
2016,03,23,6,693.08918
2016,03,23,7,693.12381
2016,03,24,0,692.86805
2016,03,24,1,692.61893
2016,03,24,2,692.8402
2016,03,24,3,692.98292
2016,03,24,4,692.71285
2016,03,24,5,692.51057
2016,03,24,6,692.06252
2016,03,24,7,691.80526
2016,03,25,0,692.24814
2016,03,25,1,692.5914
2016,03,25,2,693.00497
2016,03,25,3,693.55247
2016,03,25,4,693.67083
2016,03,25,5,694.00673
2016,03,25,6,694.21074
2016,03,25,7,694.68117
2016,03,26,0,694.9657
2016,03,26,1,694.86361
2016,03,26,2,694.93266
2016,03,26,3,695.10086
2016,03,26,4,695.17479
2016,03,26,5,695.13989
2016,03,26,6,695.06186
2016,03,26,7,695.17284
2016,03,27,0,695.20828
2016,03,27,1,695.0258
2016,03,27,2,694.85724
2016,03,27,3,694.84562
2016,03,27,4,694.51868
2016,03,27,5,694.19387
2016,03,27,6,693.90486
2016,03,27,7,693.79889
2016,03,28,0,694.20895
2016,03,28,1,694.15114
2016,03,28,2,694.24197
2016,03,28,3,694.40595
2016,03,28,4,694.17639
2016,03,28,5,694.03236
2016,03,28,6,694.24922
2016,03,28,7,694.47434
2016,03,29,0,694.15303
2016,03,29,1,693.47265
2016,03,29,2,693.24585
2016,03,29,3,692.88471
2016,03,29,4,692.37636
2016,03,29,5,692.19309
2016,03,29,6,692.01899
2016,03,29,7,691.96435
2016,03,30,0,691.92476
2016,03,30,1,691.83807
2016,03,30,2,691.7775
2016,03,30,3,691.94396
2016,03,30,4,691.87795
2016,03,30,5,691.7583
2016,03,30,6,692.63585
2016,03,30,7,693.64058
2016,03,1,0,694.53622
2016,03,1,1,694.94858
2016,03,1,2,696.30585
2016,03,1,3,697.95226
2016,03,1,4,698.50955
2016,03,1,5,698.68001
2016,03,1,6,699.62723
2016,03,1,7,700.586
2016,03,2,0,701.1214
2016,03,2,1,701.37384
2016,03,2,2,701.3301
2016,03,2,3,701.08932
2016,03,2,4,700.78325
2016,03,2,5,700.37704
2016,03,2,6,700.32968
2016,03,2,7,700.26687
2016,03,3,0,700.05478
2016,03,3,1,699.7526
2016,03,3,2,699.88014
2016,03,3,3,700.00267
2016,03,3,4,700.00028
2016,03,3,5,699.96971
2016,03,3,6,699.89371
2016,03,3,7,699.70781
2016,03,4,0,700.08828
2016,03,4,1,699.97575
2016,03,4,2,700.00233
2016,03,4,3,699.74029
2016,03,4,4,699.40526
2016,03,4,5,698.96495
2016,03,4,6,698.83125
2016,03,4,7,699.05843
2016,03,5,0,699.22291
2016,03,5,1,699.15834
2016,03,5,2,699.32504
2016,03,5,3,699.48307
2016,03,5,4,699.66548
2016,03,5,5,699.70485
2016,03,5,6,699.74449
2016,03,5,7,699.63321
2016,03,6,0,699.65173
2016,03,6,1,699.77204
2016,03,6,2,699.91488
2016,03,6,3,699.78604
2016,03,6,4,699.6098
2016,03,6,5,699.64743
2016,03,6,6,699.45972
2016,03,6,7,699.29074
2016,03,7,0,698.8789
2016,03,7,1,698.26365
2016,03,7,2,698.3021
2016,03,7,3,697.8853
2016,03,7,4,697.16322
2016,03,7,5,696.50315
2016,03,7,6,696.46985
2016,03,7,7,696.59954
2016,03,8,0,696.2509
2016,03,8,1,696.01296
2016,03,8,2,696.09553
2016,03,8,3,696.21935
2016,03,8,4,696.08068
2016,03,8,5,695.88039
2016,03,8,6,696.0724
2016,03,8,7,696.28989
2016,03,9,0,696.54726
2016,03,9,1,696.43327
2016,03,9,2,696.7826
2016,03,9,3,697.35053
2016,03,9,4,697.30794
2016,03,9,5,697.17354
2016,03,9,6,697.18297
2016,03,9,7,697.40299
2016,03,10,0,697.29254
2016,03,10,1,697.02493
2016,03,10,2,696.94928
2016,03,10,3,696.73177
2016,03,10,4,696.97145
2016,03,10,5,697.00904
2016,03,10,6,696.94437
2016,03,10,7,697.03759
2016,03,11,0,696.9879
2016,03,11,1,696.43524
2016,03,11,2,696.05372
2016,03,11,3,695.78424
2016,03,11,4,695.51569
2016,03,11,5,695.28006
2016,03,11,6,695.29643
2016,03,11,7,695.49472
2016,03,12,0,695.71512
2016,03,12,1,695.54209
2016,03,12,2,695.79462
2016,03,12,3,696.25602
2016,03,12,4,696.57294
2016,03,12,5,696.95877
2016,03,12,6,697.91512
2016,03,12,7,698.92986
2016,03,13,0,699.5219
2016,03,13,1,699.84321
2016,03,13,2,700.64793
2016,03,13,3,701.25953
2016,03,13,4,701.61745
2016,03,13,5,701.37614
2016,03,13,6,701.63236
2016,03,13,7,702.012
2016,03,14,0,701.82983
2016,03,14,1,701.6028
2016,03,14,2,701.30329
2016,03,14,3,700.94639
2016,03,14,4,700.20914
2016,03,14,5,699.67049
2016,03,14,6,699.26511
2016,03,14,7,699.11248
2016,03,15,0,698.78324
2016,03,15,1,698.21643
2016,03,15,2,698.21181
2016,03,15,3,698.3249
2016,03,15,4,698.47395
2016,03,15,5,698.6272
2016,03,15,6,699.26872
2016,03,15,7,700.16495
2016,03,16,0,701.01105
2016,03,16,1,701.65231
2016,03,16,2,702.53986
2016,03,16,3,703.37159
2016,03,16,4,703.62418
2016,03,16,5,703.91184
2016,03,16,6,704.42809
2016,03,16,7,704.86579
2016,03,17,0,705.3909
2016,03,17,1,705.7132
2016,03,17,2,705.85249
2016,03,17,3,705.98712
2016,03,17,4,705.86108
2016,03,17,5,705.39571
2016,03,17,6,705.51053
2016,03,17,7,705.63339
2016,03,18,0,705.61628
2016,03,18,1,705.33441
2016,03,18,2,705.20291
2016,03,18,3,704.68896
2016,03,18,4,704.59163
2016,03,18,5,704.65141
2016,03,18,6,704.53272
2016,03,18,7,704.43213
2016,03,19,0,704.05783
2016,03,19,1,703.6
2016,03,19,2,703.61344
2016,03,19,3,703.57025
2016,03,19,4,703.3238
2016,03,19,5,703.10026
2016,03,19,6,703.24175
2016,03,19,7,703.35852
2016,03,20,0,703.08556
2016,03,20,1,702.97256
2016,03,20,2,703.64114
2016,03,20,3,704.32124
2016,03,20,4,704.23334
2016,03,20,5,703.54807
2016,03,20,6,703.49437
2016,03,20,7,703.5401
2016,03,21,0,703.64268
2016,03,21,1,703.46005
2016,03,21,2,703.46117
2016,03,21,3,703.01801
2016,03,21,4,702.40109
2016,03,21,5,701.82916
2016,03,21,6,701.41271
2016,03,21,7,701.36595
2016,03,22,0,701.57315
2016,03,22,1,701.47281
2016,03,22,2,701.48757
2016,03,22,3,702.10522
2016,03,22,4,702.87232
2016,03,22,5,703.5082
2016,03,22,6,703.67926
2016,03,22,7,703.84325
2016,03,23,0,704.44385
2016,03,23,1,704.42325
2016,03,23,2,704.48445
2016,03,23,3,704.70717
2016,03,23,4,704.49393
2016,03,23,5,703.90579
2016,03,23,6,703.51558
2016,03,23,7,702.99272
2016,03,24,0,702.42995
2016,03,24,1,701.98221
2016,03,24,2,701.56761
2016,03,24,3,701.34964
2016,03,24,4,701.29394
2016,03,24,5,701.01544
2016,03,24,6,701.2948
2016,03,24,7,701.59512
2016,03,25,0,701.41476
2016,03,25,1,701.2419
2016,03,25,2,701.11654
2016,03,25,3,700.64419
2016,03,25,4,700.35099
2016,03,25,5,699.95894
2016,03,25,6,700.02058
2016,03,25,7,700.23405
2016,03,26,0,700.24602
2016,03,26,1,700.03298
2016,03,26,2,699.75168
2016,03,26,3,699.51966
2016,03,26,4,699.72648
2016,03,26,5,699.75269
2016,03,26,6,699.95501
2016,03,26,7,699.99467
2016,03,27,0,700.05571
2016,03,27,1,699.68347
2016,03,27,2,699.21207
2016,03,27,3,698.6081
2016,03,27,4,698.37959
2016,03,27,5,698.29233
2016,03,27,6,698.24884
2016,03,27,7,698.14129
2016,03,28,0,697.64145
2016,03,28,1,696.89112
2016,03,28,2,696.90124
2016,03,28,3,696.91115
2016,03,28,4,696.8146
2016,03,28,5,696.56166
2016,03,28,6,696.5677
2016,03,28,7,696.3599
2016,03,29,0,696.8031
2016,03,29,1,697.05362
2016,03,29,2,696.92499
2016,03,29,3,696.83807
2016,03,29,4,697.27973
2016,03,29,5,697.21134
2016,03,29,6,697.1333
2016,03,29,7,696.99155
2016,03,30,0,697.05972
2016,03,30,1,696.98239
2016,03,30,2,697.18452
2016,03,30,3,697.4094
2016,03,30,4,697.55425
2016,03,30,5,697.64358
2016,03,30,6,697.82068
2016,03,30,7,697.97065
2016,03,31,0,698.36525
2016,03,31,1,698.34867
2016,03,31,2,698.48184
2016,03,31,3,698.383
2016,03,31,4,698.53262
2016,03,31,5,698.55322
2016,03,31,6,698.7892
2016,03,31,7,699.15865
2017,03,1,0,699.58759
2017,03,1,1,699.33736
2017,03,1,2,699.47425
2017,03,1,3,699.719
2017,03,1,4,700.13623
2017,03,1,5,700.46997
2017,03,1,6,700.87179
2017,03,1,7,701.36882
2017,03,2,0,701.98754
2017,03,2,1,702.13766
2017,03,2,2,702.03186
2017,03,2,3,702.35641
2017,03,2,4,702.50529
2017,03,2,5,702.38336
2017,03,2,6,702.49549
2017,03,2,7,702.65014
2017,03,3,0,702.32785
2017,03,3,1,701.71109
2017,03,3,2,701.54874
2017,03,3,3,701.71278
2017,03,3,4,701.63226
2017,03,3,5,701.31583
2017,03,3,6,701.49615
2017,03,3,7,702.17397
2017,03,4,0,702.74435
2017,03,4,1,702.78141
2017,03,4,2,703.33132
2017,03,4,3,704.33047
2017,03,4,4,704.64017
2017,03,4,5,704.59257
2017,03,4,6,704.4707
2017,03,4,7,704.42345
2017,03,5,0,704.37759
2017,03,5,1,703.9528
2017,03,5,2,703.20732
2017,03,5,3,702.26098
2017,03,5,4,701.42382
2017,03,5,5,700.67953
2017,03,5,6,699.23551
2017,03,5,7,698.15819
2017,03,6,0,697.8339
2017,03,6,1,697.06135
2017,03,6,2,696.14244
2017,03,6,3,695.64555
2017,03,6,4,695.6398
2017,03,6,5,695.91874
2017,03,6,6,696.35556
2017,03,6,7,696.91788
2017,03,7,0,697.54893
2017,03,7,1,697.9345
2017,03,7,2,698.64486
2017,03,7,3,699.35089
2017,03,7,4,699.77616
2017,03,7,5,699.8894
2017,03,7,6,700.33393
2017,03,7,7,700.88217
2017,03,8,0,700.88134
2017,03,8,1,700.52249
2017,03,8,2,700.33355
2017,03,8,3,700.38813
2017,03,8,4,700.59533
2017,03,8,5,700.64892
2017,03,8,6,701.42354
2017,03,8,7,702.25315
2017,03,9,0,702.53275
2017,03,9,1,702.59422
2017,03,9,2,702.78445
2017,03,9,3,703.17525
2017,03,9,4,703.76938
2017,03,9,5,703.96361
2017,03,9,6,704.16414
2017,03,9,7,704.60574
2017,03,10,0,704.10609
2017,03,10,1,703.5039
2017,03,10,2,703.72842
2017,03,10,3,703.54853
2017,03,10,4,703.51047
2017,03,10,5,703.30445
2017,03,10,6,703.63349
2017,03,10,7,704.25726
2017,03,11,0,704.3704
2017,03,11,1,704.35485
2017,03,11,2,704.80061
2017,03,11,3,705.21813
2017,03,11,4,705.81426
2017,03,11,5,705.93621
2017,03,11,6,705.63012
2017,03,11,7,705.44446
2017,03,12,0,705.44157
2017,03,12,1,705.1823
2017,03,12,2,705.03295
2017,03,12,3,704.73453
2017,03,12,4,704.65329
2017,03,12,5,704.48437
2017,03,12,6,704.71643
2017,03,12,7,704.81598
2017,03,13,0,705.13124
2017,03,13,1,705.60493
2017,03,13,2,705.8211
2017,03,13,3,706.15424
2017,03,13,4,711.40286
2017,03,13,5,711.66368
2017,03,13,6,711.6896
2017,03,13,7,711.52307
2017,03,14,0,711.67096
2017,03,14,1,711.94301
2017,03,14,2,711.60338
2017,03,14,3,711.43529
2017,03,14,4,711.69987
2017,03,14,5,711.3219
2017,03,14,6,706.96168
2017,03,14,7,706.87533
2017,03,15,0,706.51567
2017,03,15,1,705.54652
2017,03,15,2,704.78572
2017,03,15,3,703.91404
2017,03,15,4,703.48913
2017,03,15,5,702.81867
2017,03,15,6,701.80933
2017,03,15,7,701.13913
2017,03,16,0,701.30495
2017,03,16,1,701.34087
2017,03,16,2,701.47887
2017,03,16,3,701.77444
2017,03,16,4,702.73643
2017,03,16,5,703.29057
2017,03,16,6,703.96582
2017,03,16,7,704.80577
2017,03,17,0,705.48486
2017,03,17,1,705.25718
2017,03,17,2,704.8745
2017,03,17,3,704.73636
2017,03,17,4,705.21991
2017,03,17,5,705.20689
2017,03,17,6,704.76748
2017,03,17,7,704.47029
2017,03,18,0,704.21858
2017,03,18,1,703.59016
2017,03,18,2,703.21126
2017,03,18,3,703.14062
2017,03,18,4,703.55302
2017,03,18,5,703.52837
2017,03,18,6,703.73588
2017,03,18,7,704.2454
2017,03,19,0,704.36735
2017,03,19,1,704.17475
2017,03,19,2,704.45201
2017,03,19,3,704.88712
2017,03,19,4,710.59306
2017,03,19,5,710.65545
2017,03,19,6,710.89086
2017,03,19,7,711.25835
2017,03,20,0,711.3343
2017,03,20,1,710.74963
2017,03,20,2,710.90279
2017,03,20,3,711.19597
2017,03,20,4,711.13961
2017,03,20,5,710.81463
2017,03,20,6,704.88927
2017,03,20,7,704.47286
2017,03,21,0,703.64116
2017,03,21,1,702.60195
2017,03,21,2,701.54683
2017,03,21,3,700.551
2017,03,21,4,699.59831
2017,03,21,5,698.57321
2017,03,21,6,697.68103
2017,03,21,7,696.83945
2017,03,22,0,696.15178
2017,03,22,1,695.62515
2017,03,22,2,695.43207
2017,03,22,3,695.67415
2017,03,22,4,696.3109
2017,03,22,5,696.88339
2017,03,22,6,697.53839
2017,03,22,7,698.5745
2017,03,23,0,699.61425
2017,03,23,1,700.39481
2017,03,23,2,701.4622
2017,03,23,3,702.27063
2017,03,23,4,702.88579
2017,03,23,5,703.18775
2017,03,23,6,703.06356
2017,03,23,7,703.12623
2017,03,24,0,703.63123
2017,03,24,1,703.77278
2017,03,24,2,703.20367
2017,03,24,3,702.78284
2017,03,24,4,702.35407
2017,03,24,5,701.74309
2017,03,24,6,701.18649
2017,03,24,7,700.72953
2017,03,25,0,700.10229
2017,03,25,1,699.11437
2017,03,25,2,698.6504
2017,03,25,3,698.29271
2017,03,25,4,698.13439
2017,03,25,5,697.97088
2017,03,25,6,697.69038
2017,03,25,7,697.28777
2017,03,26,0,697.1561
2017,03,26,1,696.93542
2017,03,26,2,696.99672
2017,03,26,3,697.15345
2017,03,26,4,697.46272
2017,03,26,5,697.64405
2017,03,26,6,697.71027
2017,03,26,7,698.16028
2017,03,27,0,698.95154
2017,03,27,1,699.45734
2017,03,27,2,699.85498
2017,03,27,3,700.12808
2017,03,27,4,700.29928
2017,03,27,5,700.16402
2017,03,27,6,699.70053
2017,03,27,7,699.34147
2017,03,28,0,698.91772
2017,03,28,1,698.15999
2017,03,28,2,697.66233
2017,03,28,3,696.80983
2017,03,28,4,695.52757
2017,03,28,5,694.34322
2017,03,28,6,693.57775
2017,03,28,7,693.04718
2017,03,29,0,692.89337
2017,03,29,1,692.58093
2017,03,29,2,692.20707
2017,03,29,3,691.61648
2017,03,29,4,691.33892
2017,03,29,5,690.84139
2017,03,29,6,691.16111
2017,03,29,7,691.73142
2017,03,30,0,692.12707
2017,03,30,1,692.5641
2017,03,30,2,693.49661
2017,03,30,3,694.25518
2017,03,30,4,694.77614
2017,03,30,5,695.29958
2017,03,30,6,696.09456
2017,03,30,7,696.85923
2017,03,31,0,697.63714
2017,03,31,1,697.85117
2017,03,31,2,698.35525
2017,03,31,3,698.8197
2017,03,31,4,698.84868
2017,03,31,5,698.83995
2017,03,31,6,698.79625
2017,03,31,7,698.96976
2017,03,1,0,698.56386
2017,03,1,1,698.01181
2017,03,1,2,698.09533
2017,03,1,3,698.02602
2017,03,1,4,697.57571
2017,03,1,5,697.39624
2017,03,1,6,697.57272
2017,03,1,7,697.83127
2017,03,2,0,697.82593
2017,03,2,1,697.71307
2017,03,2,2,698.15174
2017,03,2,3,698.55408
2017,03,2,4,698.67155
2017,03,2,5,698.66677
2017,03,2,6,699.08226
2017,03,2,7,699.46941
2017,03,3,0,699.5602
2017,03,3,1,699.48797
2017,03,3,2,700.02687
2017,03,3,3,700.27458
2017,03,3,4,700.40385
2017,03,3,5,700.94406
2017,03,3,6,701.50978
2017,03,3,7,702.11041
2017,03,4,0,702.70574
2017,03,4,1,703.14899
2017,03,4,2,703.74447
2017,03,4,3,704.12413
2017,03,4,4,704.06252
2017,03,4,5,703.70963
2017,03,4,6,703.49731
2017,03,4,7,703.40593
2017,03,5,0,703.2267
2017,03,5,1,702.76647
2017,03,5,2,701.85828
2017,03,5,3,701.02808
2017,03,5,4,699.95279
2017,03,5,5,698.51329
2017,03,5,6,697.53937
2017,03,5,7,696.91445
2017,03,6,0,696.76756
2017,03,6,1,696.73615
2017,03,6,2,696.56812
2017,03,6,3,696.57179
2017,03,6,4,696.80447
2017,03,6,5,696.98569
2017,03,6,6,697.16066
2017,03,6,7,697.48399
2017,03,7,0,698.49556
2017,03,7,1,699.14877
2017,03,7,2,698.85897
2017,03,7,3,698.29025
2017,03,7,4,698.38152
2017,03,7,5,698.33972
2017,03,7,6,697.4517
2017,03,7,7,696.15041
2017,03,8,0,695.19425
2017,03,8,1,694.1685
2017,03,8,2,693.03885
2017,03,8,3,692.69749
2017,03,8,4,692.6105
2017,03,8,5,692.09719
2017,03,8,6,691.90581
2017,03,8,7,692.10235
2017,03,9,0,692.7924
2017,03,9,1,693.43664
2017,03,9,2,693.99144
2017,03,9,3,694.43553
2017,03,9,4,695.05725
2017,03,9,5,695.75819
2017,03,9,6,696.38297
2017,03,9,7,697.03813
2017,03,10,0,697.21828
2017,03,10,1,696.66623
2017,03,10,2,696.73818
2017,03,10,3,696.58786
2017,03,10,4,696.16161
2017,03,10,5,695.38521
2017,03,10,6,695.27947
2017,03,10,7,695.5497
2017,03,11,0,695.07331
2017,03,11,1,694.2999
2017,03,11,2,693.93956
2017,03,11,3,693.62749
2017,03,11,4,693.23433
2017,03,11,5,692.96537
2017,03,11,6,692.98257
2017,03,11,7,693.04302
2017,03,12,0,692.93724
2017,03,12,1,692.67948
2017,03,12,2,692.98384
2017,03,12,3,693.3974
2017,03,12,4,693.42486
2017,03,12,5,693.22048
2017,03,12,6,693.86135
2017,03,12,7,694.53429
2017,03,13,0,694.87863
2017,03,13,1,695.1679
2017,03,13,2,695.80926
2017,03,13,3,696.37094
2017,03,13,4,696.53023
2017,03,13,5,696.30731
2017,03,13,6,695.99625
2017,03,13,7,695.56057
2017,03,14,0,695.69993
2017,03,14,1,695.3736
2017,03,14,2,694.82292
2017,03,14,3,694.04186
2017,03,14,4,693.49245
2017,03,14,5,692.57658
2017,03,14,6,691.2541
2017,03,14,7,690.25489
2017,03,15,0,689.33299
2017,03,15,1,688.82538
2017,03,15,2,688.94294
2017,03,15,3,688.91212
2017,03,15,4,689.25418
2017,03,15,5,689.59845
2017,03,15,6,690.16754
2017,03,15,7,691.1549
2017,03,16,0,692.34567
2017,03,16,1,692.48657
2017,03,16,2,693.48027
2017,03,16,3,694.51596
2017,03,16,4,695.18799
2017,03,16,5,695.1187
2017,03,16,6,695.17916
2017,03,16,7,695.16814
2017,03,17,0,694.73352
2017,03,17,1,693.9312
2017,03,17,2,693.52985
2017,03,17,3,693.13033
2017,03,17,4,692.28128
2017,03,17,5,691.77874
2017,03,17,6,691.80165
2017,03,17,7,691.59558
2017,03,18,0,691.40814
2017,03,18,1,691.04712
2017,03,18,2,691.61258
2017,03,18,3,692.05713
2017,03,18,4,691.59257
2017,03,18,5,691.30125
2017,03,18,6,691.30391
2017,03,18,7,690.97161
2017,03,19,0,690.55711
2017,03,19,1,690.05738
2017,03,19,2,689.28831
2017,03,19,3,688.4107
2017,03,19,4,688.03193
2017,03,19,5,687.76127
2017,03,19,6,687.76969
2017,03,19,7,687.8735
2017,03,20,0,687.75371
2017,03,20,1,687.66264
2017,03,20,2,688.03545
2017,03,20,3,688.5444
2017,03,20,4,689.13653
2017,03,20,5,689.58195
2017,03,20,6,690.07435
2017,03,20,7,690.75123
2017,03,21,0,692.05939
2017,03,21,1,693.01566
2017,03,21,2,693.7835
2017,03,21,3,694.79576
2017,03,21,4,696.18244
2017,03,21,5,697.45447
2017,03,21,6,698.5786
2017,03,21,7,699.8971
2017,03,22,0,701.32355
2017,03,22,1,702.15667
2017,03,22,2,702.93023
2017,03,22,3,703.55363
2017,03,22,4,703.81726
2017,03,22,5,703.79969
2017,03,22,6,703.88248
2017,03,22,7,704.03875
2017,03,23,0,703.31668
2017,03,23,1,702.30583
2017,03,23,2,701.28017
2017,03,23,3,700.25467
2017,03,23,4,699.29434
2017,03,23,5,698.41653
2017,03,23,6,697.75815
2017,03,23,7,697.0301
2017,03,24,0,696.44837
2017,03,24,1,695.53209
2017,03,24,2,694.79191
2017,03,24,3,694.22468
2017,03,24,4,693.69483
2017,03,24,5,692.89057
2017,03,24,6,692.16755
2017,03,24,7,691.43517
2017,03,25,0,690.65038
2017,03,25,1,689.88823
2017,03,25,2,689.92805
2017,03,25,3,689.80034
2017,03,25,4,689.77669
2017,03,25,5,689.98562
2017,03,25,6,690.44197
2017,03,25,7,690.79104
2017,03,26,0,691.55236
2017,03,26,1,692.13368
2017,03,26,2,692.42408
2017,03,26,3,692.54322
2017,03,26,4,693.08824
2017,03,26,5,693.485
2017,03,26,6,693.9499
2017,03,26,7,694.48365
2017,03,27,0,695.29041
2017,03,27,1,695.60568
2017,03,27,2,695.41253
2017,03,27,3,695.47015
2017,03,27,4,696.71498
2017,03,27,5,697.29251
2017,03,27,6,697.34826
2017,03,27,7,698.00344
2017,03,28,0,699.16281
2017,03,28,1,699.58618
2017,03,28,2,700.4386
2017,03,28,3,701.18574
2017,03,28,4,701.46395
2017,03,28,5,701.37609
2017,03,28,6,701.47213
2017,03,28,7,701.51167
2017,03,1,0,701.78356
2017,03,1,1,701.87488
2017,03,1,2,702.28917
2017,03,1,3,702.63229
2017,03,1,4,702.13526
2017,03,1,5,701.21824
2017,03,1,6,700.1342
2017,03,1,7,698.72162
2017,03,2,0,698.25336
2017,03,2,1,697.93484
2017,03,2,2,698.35821
2017,03,2,3,699.07929
2017,03,2,4,699.4591
2017,03,2,5,700.311
2017,03,2,6,701.50815
2017,03,2,7,702.85261
2017,03,3,0,704.00596
2017,03,3,1,704.50083
2017,03,3,2,705.31265
2017,03,3,3,711.74445
2017,03,3,4,712.44201
2017,03,3,5,713.05846
2017,03,3,6,713.64634
2017,03,3,7,714.09145
2017,03,4,0,714.23035
2017,03,4,1,714.03603
2017,03,4,2,714.18419
2017,03,4,3,714.30967
2017,03,4,4,714.69783
2017,03,4,5,714.89837
2017,03,4,6,715.04484
2017,03,4,7,715.35676
2017,03,5,0,715.47038
2017,03,5,1,714.79926
2017,03,5,2,714.45011
2017,03,5,3,713.85718
2017,03,5,4,713.48396
2017,03,5,5,712.85446
2017,03,5,6,711.8839
2017,03,5,7,711.20136
2017,03,6,0,705.42863
2017,03,6,1,704.88738
2017,03,6,2,704.19838
2017,03,6,3,703.53955
2017,03,6,4,702.98861
2017,03,6,5,702.45614
2017,03,6,6,701.75964
2017,03,6,7,700.82753
2017,03,7,0,700.28417
2017,03,7,1,699.88096
2017,03,7,2,698.67546
2017,03,7,3,697.5707
2017,03,7,4,696.81835
2017,03,7,5,696.03383
2017,03,7,6,694.61309
2017,03,7,7,693.67533
2017,03,8,0,692.99694
2017,03,8,1,692.25854
2017,03,8,2,692.10565
2017,03,8,3,691.80129
2017,03,8,4,690.99784
2017,03,8,5,690.29699
2017,03,8,6,689.41071
2017,03,8,7,688.84383
2017,03,9,0,688.46788
2017,03,9,1,687.95999
2017,03,9,2,687.15242
2017,03,9,3,686.71695
2017,03,9,4,686.60532
2017,03,9,5,686.52186
2017,03,9,6,686.3362
2017,03,9,7,686.33309
2017,03,10,0,686.2725
2017,03,10,1,685.94936
2017,03,10,2,685.91906
2017,03,10,3,686.26735
2017,03,10,4,686.44168
2017,03,10,5,686.56632
2017,03,10,6,686.37795
2017,03,10,7,686.25251
2017,03,11,0,686.61862
2017,03,11,1,686.64793
2017,03,11,2,686.76856
2017,03,11,3,686.81975
2017,03,11,4,686.68547
2017,03,11,5,686.49011
2017,03,11,6,686.7718
2017,03,11,7,687.48395
2017,03,12,0,687.66314
2017,03,12,1,687.37977
2017,03,12,2,687.71188
2017,03,12,3,688.02847
2017,03,12,4,688.03197
2017,03,12,5,687.95443
2017,03,12,6,688.29312
2017,03,12,7,688.66141
2017,03,13,0,689.30834
2017,03,13,1,689.78261
2017,03,13,2,690.26198
2017,03,13,3,690.79349
2017,03,13,4,691.09516
2017,03,13,5,691.14209
2017,03,13,6,691.47356
2017,03,13,7,691.60349
2017,03,14,0,691.89893
2017,03,14,1,692.0117
2017,03,14,2,691.94838
2017,03,14,3,691.65665
2017,03,14,4,691.792
2017,03,14,5,691.72189
2017,03,14,6,691.34814
2017,03,14,7,691.06884
2017,03,15,0,691.21741
2017,03,15,1,690.917
2017,03,15,2,690.65931
2017,03,15,3,690.36032
2017,03,15,4,690.36981
2017,03,15,5,690.32673
2017,03,15,6,690.50161
2017,03,15,7,690.35143
2017,03,16,0,690.04756
2017,03,16,1,689.81597
2017,03,16,2,689.51481
2017,03,16,3,689.52521
2017,03,16,4,689.65966
2017,03,16,5,689.39384
2017,03,16,6,688.44148
2017,03,16,7,688.1853
2017,03,17,0,689.07066
2017,03,17,1,688.89142
2017,03,17,2,688.43633
2017,03,17,3,688.33282
2017,03,17,4,688.13415
2017,03,17,5,687.97293
2017,03,17,6,688.13512
2017,03,17,7,688.05442
2017,03,18,0,688.70346
2017,03,18,1,688.69321
2017,03,18,2,688.45555
2017,03,18,3,688.47399
2017,03,18,4,688.73685
2017,03,18,5,688.60579
2017,03,18,6,688.9558
2017,03,18,7,689.37074
2017,03,19,0,689.8638
2017,03,19,1,689.84459
2017,03,19,2,690.55343
2017,03,19,3,691.37993
2017,03,19,4,691.988
2017,03,19,5,692.7133
2017,03,19,6,693.22703
2017,03,19,7,694.05436
2017,03,20,0,695.02107
2017,03,20,1,695.58855
2017,03,20,2,695.90207
2017,03,20,3,696.15496
2017,03,20,4,695.90571
2017,03,20,5,695.76908
2017,03,20,6,695.89585
2017,03,20,7,695.79736
2017,03,21,0,696.01738
2017,03,21,1,695.80221
2017,03,21,2,695.63406
2017,03,21,3,695.71302
2017,03,21,4,695.94744
2017,03,21,5,695.929
2017,03,21,6,695.80544
2017,03,21,7,696.07823
2017,03,22,0,696.25322
2017,03,22,1,696.4268
2017,03,22,2,696.49977
2017,03,22,3,696.45299
2017,03,22,4,696.28596
2017,03,22,5,695.88988
2017,03,22,6,695.56969
2017,03,22,7,695.19038
2017,03,23,0,694.33036
2017,03,23,1,693.60184
2017,03,23,2,693.7006
2017,03,23,3,693.71857
2017,03,23,4,693.49701
2017,03,23,5,693.344
2017,03,23,6,692.97324
2017,03,23,7,692.87737
2017,03,24,0,692.0785
2017,03,24,1,691.41521
2017,03,24,2,691.77377
2017,03,24,3,691.68672
2017,03,24,4,691.39797
2017,03,24,5,691.16082
2017,03,24,6,691.09486
2017,03,24,7,691.05335
2017,03,25,0,691.03833
2017,03,25,1,691.26514
2017,03,25,2,691.3354
2017,03,25,3,691.30435
2017,03,25,4,690.68851
2017,03,25,5,690.20855
2017,03,25,6,690.00136
2017,03,25,7,689.85915
2017,03,26,0,689.56234
2017,03,26,1,689.24928
2017,03,26,2,689.73267
2017,03,26,3,689.74919
2017,03,26,4,689.7154
2017,03,26,5,689.51379
2017,03,26,6,689.32699
2017,03,26,7,689.30282
2017,03,27,0,689.34609
2017,03,27,1,689.16234
2017,03,27,2,689.44152
2017,03,27,3,689.5172
2017,03,27,4,689.59557
2017,03,27,5,689.70839
2017,03,27,6,689.24375
2017,03,27,7,689.18119
2017,03,28,0,689.50149
2017,03,28,1,689.43701
2017,03,28,2,689.52376
2017,03,28,3,689.54589
2017,03,28,4,689.61939
2017,03,28,5,689.80324
2017,03,28,6,689.77557
2017,03,28,7,689.62849
2017,03,29,0,689.96367
2017,03,29,1,689.76635
2017,03,29,2,689.40043
2017,03,29,3,688.98158
2017,03,29,4,688.47782
2017,03,29,5,687.9207
2017,03,29,6,687.22627
2017,03,29,7,686.57072
2017,03,30,0,685.7494
2017,03,30,1,684.46758
2017,03,30,2,683.96857
2017,03,30,3,683.49639
2017,03,30,4,683.05724
2017,03,30,5,682.89365
2017,03,30,6,682.40996
2017,03,30,7,682.01071
2017,03,31,0,682.00145
2017,03,31,1,681.52184
2017,03,31,2,681.36785
2017,03,31,3,681.42137
2017,03,31,4,681.02582
2017,03,31,5,680.52561
2017,03,31,6,680.69164
2017,03,31,7,680.90252
2017,03,1,0,681.14709
2017,03,1,1,681.36959
2017,03,1,2,682.13039
2017,03,1,3,683.3154
2017,03,1,4,684.27906
2017,03,1,5,684.95202
2017,03,1,6,685.30151
2017,03,1,7,685.56783
2017,03,2,0,686.49698
2017,03,2,1,686.84789
2017,03,2,2,687.21876
2017,03,2,3,687.70979
2017,03,2,4,687.78303
2017,03,2,5,687.85255
2017,03,2,6,687.16836
2017,03,2,7,686.61239
2017,03,3,0,687.03989
2017,03,3,1,686.81983
2017,03,3,2,686.59621
2017,03,3,3,687.07876
2017,03,3,4,686.61718
2017,03,3,5,686.24396
2017,03,3,6,686.72733
2017,03,3,7,686.79183
2017,03,4,0,687.83051
2017,03,4,1,688.27001
2017,03,4,2,687.86191
2017,03,4,3,687.5174
2017,03,4,4,687.46181
2017,03,4,5,686.74285
2017,03,4,6,686.17032
2017,03,4,7,685.13508
2017,03,5,0,685.70388
2017,03,5,1,686.52276
2017,03,5,2,687.32996
2017,03,5,3,688.00887
2017,03,5,4,687.88748
2017,03,5,5,686.77534
2017,03,5,6,686.4379
2017,03,5,7,686.84481
2017,03,6,0,687.29402
2017,03,6,1,687.70651
2017,03,6,2,688.36249
2017,03,6,3,689.02729
2017,03,6,4,689.2283
2017,03,6,5,689.02209
2017,03,6,6,689.67556
2017,03,6,7,690.2068
2017,03,7,0,690.34787
2017,03,7,1,690.20766
2017,03,7,2,690.55366
2017,03,7,3,690.82077
2017,03,7,4,690.70679
2017,03,7,5,690.34494
2017,03,7,6,689.79944
2017,03,7,7,689.58988
2017,03,8,0,689.69144
2017,03,8,1,689.42078
2017,03,8,2,688.92394
2017,03,8,3,688.57343
2017,03,8,4,688.35223
2017,03,8,5,688.15486
2017,03,8,6,687.77892
2017,03,8,7,687.38895
2017,03,9,0,686.99195
2017,03,9,1,686.40992
2017,03,9,2,686.09523
2017,03,9,3,685.973
2017,03,9,4,685.25881
2017,03,9,5,684.69914
2017,03,9,6,684.50715
2017,03,9,7,684.04292
2017,03,10,0,683.44438
2017,03,10,1,682.80163
2017,03,10,2,682.05866
2017,03,10,3,681.37453
2017,03,10,4,680.24031
2017,03,10,5,679.33166
2017,03,10,6,679.29253
2017,03,10,7,679.40659
2017,03,11,0,679.43863
2017,03,11,1,679.60115
2017,03,11,2,679.84875
2017,03,11,3,680.45712
2017,03,11,4,681.1645
2017,03,11,5,681.4875
2017,03,11,6,682.26077
2017,03,11,7,682.97427
2017,03,12,0,683.37665
2017,03,12,1,683.54485
2017,03,12,2,683.9603
2017,03,12,3,684.31489
2017,03,12,4,684.80216
2017,03,12,5,685.40685
2017,03,12,6,685.68246
2017,03,12,7,685.95682
2017,03,13,0,686.27968
2017,03,13,1,686.63461
2017,03,13,2,686.9215
2017,03,13,3,686.81484
2017,03,13,4,687.47158
2017,03,13,5,688.03332
2017,03,13,6,688.51699
2017,03,13,7,688.7038
2017,03,14,0,688.80598
2017,03,14,1,688.392
2017,03,14,2,687.53177
2017,03,14,3,686.88632
2017,03,14,4,686.1342
2017,03,14,5,685.26554
2017,03,14,6,684.56644
2017,03,14,7,683.88901
2017,03,15,0,683.45329
2017,03,15,1,682.94166
2017,03,15,2,682.78987
2017,03,15,3,682.45457
2017,03,15,4,682.37012
2017,03,15,5,682.61174
2017,03,15,6,682.89698
2017,03,15,7,682.97542
2017,03,16,0,683.0464
2017,03,16,1,682.70141
2017,03,16,2,682.62607
2017,03,16,3,682.18612
2017,03,16,4,681.98026
2017,03,16,5,681.91444
2017,03,16,6,681.69532
2017,03,16,7,681.92104
2017,03,17,0,682.9124
2017,03,17,1,683.87921
2017,03,17,2,684.86389
2017,03,17,3,685.75182
2017,03,17,4,686.32526
2017,03,17,5,686.69754
2017,03,17,6,687.49245
2017,03,17,7,688.25957
2017,03,18,0,688.53658
2017,03,18,1,688.37497
2017,03,18,2,688.78743
2017,03,18,3,688.92177
2017,03,18,4,688.93742
2017,03,18,5,688.81752
2017,03,18,6,689.15737
2017,03,18,7,689.59132
2017,03,19,0,690.22789
2017,03,19,1,690.55675
2017,03,19,2,690.84602
2017,03,19,3,691.19289
2017,03,19,4,691.03597
2017,03,19,5,690.67393
2017,03,19,6,690.33269
2017,03,19,7,690.06779
2017,03,20,0,690.08549
2017,03,20,1,689.53161
2017,03,20,2,689.30605
2017,03,20,3,689.53781
2017,03,20,4,688.86608
2017,03,20,5,688.36101
2017,03,20,6,688.15983
2017,03,20,7,688.62779
2017,03,21,0,688.81839
2017,03,21,1,688.81404
2017,03,21,2,689.7008
2017,03,21,3,690.8435
2017,03,21,4,690.86138
2017,03,21,5,690.42277
2017,03,21,6,690.2835
2017,03,21,7,690.01577
2017,03,22,0,689.6904
2017,03,22,1,688.86705
2017,03,22,2,688.19093
2017,03,22,3,687.5026
2017,03,22,4,686.57354
2017,03,22,5,685.58502
2017,03,22,6,685.02541
2017,03,22,7,684.72452
2017,03,23,0,684.22836
2017,03,23,1,683.71331
2017,03,23,2,683.5192
2017,03,23,3,683.80521
2017,03,23,4,684.21347
2017,03,23,5,684.62445
2017,03,23,6,685.26284
2017,03,23,7,686.21863
2017,03,24,0,687.17116
2017,03,24,1,687.89776
2017,03,24,2,689.02694
2017,03,24,3,690.70331
2017,03,24,4,691.37153
2017,03,24,5,692.07101
2017,03,24,6,693.17544
2017,03,24,7,694.2554
2017,03,25,0,694.97765
2017,03,25,1,695.44134
2017,03,25,2,696.37096
2017,03,25,3,697.16497
2017,03,25,4,697.33924
2017,03,25,5,697.61869
2017,03,25,6,697.78091
2017,03,25,7,697.6226
2017,03,26,0,698.15263
2017,03,26,1,698.43615
2017,03,26,2,698.38848
2017,03,26,3,698.1104
2017,03,26,4,698.76661
2017,03,26,5,699.56613
2017,03,26,6,699.19865
2017,03,26,7,698.48889
2017,03,27,0,697.23012
2017,03,27,1,695.85726
2017,03,27,2,694.21847
2017,03,27,3,693.39588
2017,03,27,4,693.66271
2017,03,27,5,694.1877
2017,03,27,6,695.03923
2017,03,27,7,696.03271
2017,03,28,0,697.22269
2017,03,28,1,697.62148
2017,03,28,2,697.51651
2017,03,28,3,697.44929
2017,03,28,4,697.21096
2017,03,28,5,697.35756
2017,03,28,6,696.58408
2017,03,28,7,695.72408
2017,03,29,0,695.50542
2017,03,29,1,695.27594
2017,03,29,2,694.66503
2017,03,29,3,694.11751
2017,03,29,4,694.01721
2017,03,29,5,694.04982
2017,03,29,6,693.67873
2017,03,29,7,693.39925
2017,03,30,0,693.05378
2017,03,30,1,692.2911
2017,03,30,2,691.57638
2017,03,30,3,691.09071
2017,03,30,4,689.89621
2017,03,30,5,688.42449
2017,03,30,6,687.57485
2017,03,30,7,687.13096
2017,03,1,0,687.22016
2017,03,1,1,686.98754
2017,03,1,2,686.91979
2017,03,1,3,687.36392
2017,03,1,4,687.29768
2017,03,1,5,687.06263
2017,03,1,6,687.2344
2017,03,1,7,687.20468
2017,03,2,0,686.89883
2017,03,2,1,686.76977
2017,03,2,2,686.29486
2017,03,2,3,685.90154
2017,03,2,4,685.63392
2017,03,2,5,685.35635
2017,03,2,6,685.3285
2017,03,2,7,685.66277
2017,03,3,0,686.24587
2017,03,3,1,686.57611
2017,03,3,2,686.7433
2017,03,3,3,687.45109
2017,03,3,4,687.63819
2017,03,3,5,687.34816
2017,03,3,6,687.72279
2017,03,3,7,687.84319
2017,03,4,0,687.16451
2017,03,4,1,686.20548
2017,03,4,2,685.68975
2017,03,4,3,685.07424
2017,03,4,4,684.21188
2017,03,4,5,683.17113
2017,03,4,6,682.50647
2017,03,4,7,681.80741
2017,03,5,0,681.26338
2017,03,5,1,680.85036
2017,03,5,2,680.52019
2017,03,5,3,680.55052
2017,03,5,4,680.65787
2017,03,5,5,680.73077
2017,03,5,6,680.81313
2017,03,5,7,680.81945
2017,03,6,0,681.02927
2017,03,6,1,680.98038
2017,03,6,2,681.31714
2017,03,6,3,681.72757
2017,03,6,4,681.81219
2017,03,6,5,682.01598
2017,03,6,6,682.30369
2017,03,6,7,682.88749
2017,03,7,0,683.59219
2017,03,7,1,683.35214
2017,03,7,2,683.21147
2017,03,7,3,683.34633
2017,03,7,4,683.37513
2017,03,7,5,683.26215
2017,03,7,6,682.91737
2017,03,7,7,682.55501
2017,03,8,0,682.06213
2017,03,8,1,680.75864
2017,03,8,2,679.65384
2017,03,8,3,677.99104
2017,03,8,4,675.68141
2017,03,8,5,673.58063
2017,03,8,6,672.68204
2017,03,8,7,672.23527
2017,03,9,0,672.64034
2017,03,9,1,673.25042
2017,03,9,2,674.23126
2017,03,9,3,675.58984
2017,03,9,4,677.1539
2017,03,9,5,678.83823
2017,03,9,6,679.99962
2017,03,9,7,681.31855
2017,03,10,0,682.73666
2017,03,10,1,683.6598
2017,03,10,2,684.25302
2017,03,10,3,684.86948
2017,03,10,4,685.11378
2017,03,10,5,685.25585
2017,03,10,6,685.82456
2017,03,10,7,686.50663
2017,03,11,0,686.94316
2017,03,11,1,686.91048
2017,03,11,2,686.68007
2017,03,11,3,686.16918
2017,03,11,4,685.50235
2017,03,11,5,684.59932
2017,03,11,6,683.94473
2017,03,11,7,684.06981
2017,03,12,0,683.9968
2017,03,12,1,683.68309
2017,03,12,2,683.36165
2017,03,12,3,683.85956
2017,03,12,4,684.56859
2017,03,12,5,685.10898
2017,03,12,6,686.00667
2017,03,12,7,687.11988
2017,03,13,0,687.41279
2017,03,13,1,687.09804
2017,03,13,2,687.57982
2017,03,13,3,687.95394
2017,03,13,4,687.50266
2017,03,13,5,687.10589
2017,03,13,6,686.75063
2017,03,13,7,686.59336
2017,03,14,0,687.19081
2017,03,14,1,687.48598
2017,03,14,2,688.37673
2017,03,14,3,689.56686
2017,03,14,4,690.96672
2017,03,14,5,692.29495
2017,03,14,6,693.95521
2017,03,14,7,695.36527
2017,03,15,0,695.55357
2017,03,15,1,695.56132
2017,03,15,2,695.69278
2017,03,15,3,695.67376
2017,03,15,4,695.71723
2017,03,15,5,695.70867
2017,03,15,6,695.56947
2017,03,15,7,696.31763
2017,03,16,0,696.71366
2017,03,16,1,697.13063
2017,03,16,2,697.45384
2017,03,16,3,697.67506
2017,03,16,4,698.16221
2017,03,16,5,698.48618
2017,03,16,6,699.11951
2017,03,16,7,699.61398
2017,03,17,0,699.67718
2017,03,17,1,699.14867
2017,03,17,2,699.06297
2017,03,17,3,699.21747
2017,03,17,4,698.39103
2017,03,17,5,697.57438
2017,03,17,6,697.23611
2017,03,17,7,696.63719
2017,03,18,0,696.20134
2017,03,18,1,695.82068
2017,03,18,2,695.73086
2017,03,18,3,695.36646
2017,03,18,4,695.33149
2017,03,18,5,695.16599
2017,03,18,6,694.78463
2017,03,18,7,694.12404
2017,03,19,0,692.82773
2017,03,19,1,691.27386
2017,03,19,2,689.82325
2017,03,19,3,688.31936
2017,03,19,4,686.21108
2017,03,19,5,684.90321
2017,03,19,6,684.88138
2017,03,19,7,684.86673
2017,03,20,0,684.44275
2017,03,20,1,683.74985
2017,03,20,2,683.81022
2017,03,20,3,684.14454
2017,03,20,4,684.35062
2017,03,20,5,684.67871
2017,03,20,6,685.02596
2017,03,20,7,685.56453
2017,03,21,0,686.25
2017,03,21,1,686.39827
2017,03,21,2,686.03129
2017,03,21,3,685.77682
2017,03,21,4,685.72039
2017,03,21,5,685.78818
2017,03,21,6,686.12978
2017,03,21,7,686.78565
2017,03,22,0,687.49337
2017,03,22,1,687.72326
2017,03,22,2,687.85456
2017,03,22,3,687.85151
2017,03,22,4,687.98424
2017,03,22,5,688.33292
2017,03,22,6,688.8111
2017,03,22,7,689.17006
2017,03,23,0,689.45122
2017,03,23,1,689.62944
2017,03,23,2,690.12098
2017,03,23,3,690.57073
2017,03,23,4,690.88943
2017,03,23,5,691.6715
2017,03,23,6,692.29439
2017,03,23,7,692.94046
2017,03,24,0,693.28448
2017,03,24,1,693.38654
2017,03,24,2,694.16613
2017,03,24,3,694.76478
2017,03,24,4,695.23106
2017,03,24,5,695.50775
2017,03,24,6,695.84819
2017,03,24,7,696.14455
2017,03,25,0,696.14018
2017,03,25,1,696.26506
2017,03,25,2,696.52452
2017,03,25,3,696.90312
2017,03,25,4,697.20691
2017,03,25,5,697.38089
2017,03,25,6,697.29511
2017,03,25,7,697.01983
2017,03,26,0,696.42506
2017,03,26,1,695.50092
2017,03,26,2,695.75009
2017,03,26,3,695.77873
2017,03,26,4,694.8423
2017,03,26,5,693.95413
2017,03,26,6,693.51677
2017,03,26,7,693.50933
2017,03,27,0,693.85585
2017,03,27,1,693.92118
2017,03,27,2,693.71505
2017,03,27,3,693.88019
2017,03,27,4,693.8251
2017,03,27,5,693.73557
2017,03,27,6,693.96206
2017,03,27,7,694.47998
2017,03,28,0,695.18015
2017,03,28,1,695.25298
2017,03,28,2,695.33137
2017,03,28,3,695.46166
2017,03,28,4,694.5755
2017,03,28,5,694.03083
2017,03,28,6,693.25216
2017,03,28,7,692.96422
2017,03,29,0,693.27059
2017,03,29,1,693.30323
2017,03,29,2,693.64261
2017,03,29,3,693.95184
2017,03,29,4,693.96877
2017,03,29,5,693.91082
2017,03,29,6,693.89669
2017,03,29,7,693.5756
2017,03,30,0,693.04383
2017,03,30,1,692.34716
2017,03,30,2,691.77651
2017,03,30,3,691.18853
2017,03,30,4,689.84454
2017,03,30,5,688.84402
2017,03,30,6,688.3788
2017,03,30,7,687.7897
2017,03,31,0,687.62294
2017,03,31,1,687.40599
2017,03,31,2,687.22
2017,03,31,3,687.37734
2017,03,31,4,687.69052
2017,03,31,5,687.88952
2017,03,31,6,688.49304
2017,03,31,7,689.1973
2017,03,1,0,689.26304
2017,03,1,1,689.24995
2017,03,1,2,689.78678
2017,03,1,3,690.22995
2017,03,1,4,690.41055
2017,03,1,5,690.7312
2017,03,1,6,690.79963
2017,03,1,7,690.80811
2017,03,2,0,691.37873
2017,03,2,1,691.61178
2017,03,2,2,691.5559
2017,03,2,3,691.39084
2017,03,2,4,691.07029
2017,03,2,5,690.95326
2017,03,2,6,690.97383
2017,03,2,7,690.99837
2017,03,3,0,691.4139
2017,03,3,1,691.89957
2017,03,3,2,692.0397
2017,03,3,3,691.95056
2017,03,3,4,692.54624
2017,03,3,5,693.09499
2017,03,3,6,692.83115
2017,03,3,7,692.392
2017,03,4,0,691.99241
2017,03,4,1,691.55482
2017,03,4,2,691.67089
2017,03,4,3,691.61583
2017,03,4,4,691.34302
2017,03,4,5,691.45425
2017,03,4,6,691.38779
2017,03,4,7,691.30815
2017,03,5,0,691.29158
2017,03,5,1,691.16578
2017,03,5,2,691.32066
2017,03,5,3,691.48128
2017,03,5,4,691.43991
2017,03,5,5,691.39249
2017,03,5,6,691.27334
2017,03,5,7,691.19796
2017,03,6,0,691.10331
2017,03,6,1,690.78942
2017,03,6,2,690.92395
2017,03,6,3,691.17025
2017,03,6,4,691.68053
2017,03,6,5,692.21163
2017,03,6,6,692.29334
2017,03,6,7,692.47587
2017,03,7,0,692.79641
2017,03,7,1,692.97801
2017,03,7,2,693.77172
2017,03,7,3,694.47082
2017,03,7,4,694.46632
2017,03,7,5,694.25569
2017,03,7,6,693.67248
2017,03,7,7,693.21207
2017,03,8,0,692.88028
2017,03,8,1,692.61404
2017,03,8,2,692.59868
2017,03,8,3,692.34816
2017,03,8,4,692.18395
2017,03,8,5,692.26563
2017,03,8,6,691.97199
2017,03,8,7,691.52902
2017,03,9,0,691.37797
2017,03,9,1,691.17504
2017,03,9,2,690.91519
2017,03,9,3,690.73148
2017,03,9,4,690.41397
2017,03,9,5,690.33728
2017,03,9,6,689.965
2017,03,9,7,689.98568
2017,03,10,0,690.31441
2017,03,10,1,690.35807
2017,03,10,2,691.10992
2017,03,10,3,691.71072
2017,03,10,4,692.03105
2017,03,10,5,692.55441
2017,03,10,6,692.67366
2017,03,10,7,692.94091
2017,03,11,0,693.1962
2017,03,11,1,693.4602
2017,03,11,2,694.1158
2017,03,11,3,694.33477
2017,03,11,4,694.40989
2017,03,11,5,694.47547
2017,03,11,6,694.30418
2017,03,11,7,694.44281
2017,03,12,0,694.72847
2017,03,12,1,694.43766
2017,03,12,2,694.71764
2017,03,12,3,694.95825
2017,03,12,4,695.12475
2017,03,12,5,695.15073
2017,03,12,6,695.02356
2017,03,12,7,694.95957
2017,03,13,0,694.62764
2017,03,13,1,693.90245
2017,03,13,2,693.33992
2017,03,13,3,692.57471
2017,03,13,4,691.52781
2017,03,13,5,690.75653
2017,03,13,6,690.0325
2017,03,13,7,689.46963
2017,03,14,0,689.44252
2017,03,14,1,689.4786
2017,03,14,2,689.34374
2017,03,14,3,689.15998
2017,03,14,4,689.76505
2017,03,14,5,689.95505
2017,03,14,6,689.57203
2017,03,14,7,689.14772
2017,03,15,0,688.16009
2017,03,15,1,687.59362
2017,03,15,2,687.48552
2017,03,15,3,688.15228
2017,03,15,4,688.63572
2017,03,15,5,688.93227
2017,03,15,6,688.49962
2017,03,15,7,687.8022
2017,03,16,0,687.39406
2017,03,16,1,686.55111
2017,03,16,2,686.16703
2017,03,16,3,685.1567
2017,03,16,4,683.17261
2017,03,16,5,681.40412
2017,03,16,6,679.2851
2017,03,16,7,677.27118
2017,03,17,0,675.59076
2017,03,17,1,674.15185
2017,03,17,2,673.72814
2017,03,17,3,674.59857
2017,03,17,4,674.43049
2017,03,17,5,673.42203
2017,03,17,6,673.23542
2017,03,17,7,673.17253
2017,03,18,0,673.13707
2017,03,18,1,673.33937
2017,03,18,2,673.58633
2017,03,18,3,674.31883
2017,03,18,4,674.92001
2017,03,18,5,675.91275
2017,03,18,6,676.66609
2017,03,18,7,678.02916
2017,03,19,0,678.98463
2017,03,19,1,679.6778
2017,03,19,2,680.91243
2017,03,19,3,681.948
2017,03,19,4,681.85752
2017,03,19,5,682.13698
2017,03,19,6,682.13623
2017,03,19,7,682.49926
2017,03,20,0,683.40327
2017,03,20,1,684.24059
2017,03,20,2,686.15268
2017,03,20,3,688.53803
2017,03,20,4,689.96017
2017,03,20,5,691.42622
2017,03,20,6,693.18111
2017,03,20,7,694.71373
2017,03,21,0,695.71819
2017,03,21,1,695.69147
2017,03,21,2,695.86564
2017,03,21,3,696.10245
2017,03,21,4,695.91757
2017,03,21,5,694.80623
2017,03,21,6,693.60146
2017,03,21,7,692.29204
2017,03,22,0,690.41378
2017,03,22,1,688.70871
2017,03,22,2,687.7189
2017,03,22,3,686.78995
2017,03,22,4,685.65541
2017,03,22,5,684.71073
2017,03,22,6,684.00073
2017,03,22,7,683.63497
2017,03,23,0,683.73569
2017,03,23,1,683.72742
2017,03,23,2,683.92647
2017,03,23,3,684.03366
2017,03,23,4,684.10522
2017,03,23,5,684.33133
2017,03,23,6,683.89346
2017,03,23,7,683.79158
2017,03,24,0,683.48447
2017,03,24,1,682.81948
2017,03,24,2,682.86579
2017,03,24,3,683.13406
2017,03,24,4,682.67672
2017,03,24,5,682.40622
2017,03,24,6,682.13569
2017,03,24,7,681.58164
2017,03,25,0,681.3795
2017,03,25,1,680.41612
2017,03,25,2,679.94013
2017,03,25,3,679.73292
2017,03,25,4,678.72029
2017,03,25,5,678.0313
2017,03,25,6,677.51362
2017,03,25,7,677.16064
2017,03,26,0,677.39179
2017,03,26,1,677.65789
2017,03,26,2,678.30519
2017,03,26,3,678.68288
2017,03,26,4,678.91115
2017,03,26,5,679.03959
2017,03,26,6,679.24696
2017,03,26,7,679.6981
2017,03,27,0,679.94243
2017,03,27,1,680.23576
2017,03,27,2,680.89703
2017,03,27,3,682.05947
2017,03,27,4,682.92917
2017,03,27,5,683.53797
2017,03,27,6,683.73739
2017,03,27,7,683.98234
2017,03,28,0,684.73825
2017,03,28,1,685.18743
2017,03,28,2,685.68731
2017,03,28,3,686.71991
2017,03,28,4,687.04516
2017,03,28,5,687.40094
2017,03,28,6,688.03161
2017,03,28,7,688.65538
2017,03,29,0,689.8746
2017,03,29,1,691.09465
2017,03,29,2,692.16063
2017,03,29,3,693.36547
2017,03,29,4,693.7188
2017,03,29,5,693.89208
2017,03,29,6,694.80254
2017,03,29,7,695.58482
2017,03,30,0,697.075
2017,03,30,1,698.3162
2017,03,30,2,698.61943
2017,03,30,3,699.05919
2017,03,30,4,698.45635
2017,03,30,5,697.7758
2017,03,30,6,696.9258
2017,03,30,7,695.88017
2017,03,1,0,694.10997
2017,03,1,1,692.47058
2017,03,1,2,691.19914
2017,03,1,3,689.91137
2017,03,1,4,688.79507
2017,03,1,5,686.62798
2017,03,1,6,685.09105
2017,03,1,7,684.75864
2017,03,2,0,684.822
2017,03,2,1,684.42099
2017,03,2,2,684.89596
2017,03,2,3,685.60812
2017,03,2,4,686.20012
2017,03,2,5,686.65775
2017,03,2,6,686.90651
2017,03,2,7,687.05522
2017,03,3,0,687.23646
2017,03,3,1,687.22203
2017,03,3,2,686.95695
2017,03,3,3,686.65736
2017,03,3,4,686.08582
2017,03,3,5,685.76936
2017,03,3,6,685.35475
2017,03,3,7,684.98941
2017,03,4,0,685.25923
2017,03,4,1,685.35159
2017,03,4,2,684.786
2017,03,4,3,684.23703
2017,03,4,4,684.34525
2017,03,4,5,684.08064
2017,03,4,6,684.06671
2017,03,4,7,683.8158
2017,03,5,0,684.05973
2017,03,5,1,684.34523
2017,03,5,2,684.38785
2017,03,5,3,684.13874
2017,03,5,4,684.08592
2017,03,5,5,684.00563
2017,03,5,6,683.68671
2017,03,5,7,684.07737
2017,03,6,0,684.33938
2017,03,6,1,684.84289
2017,03,6,2,685.01993
2017,03,6,3,685.57275
2017,03,6,4,685.8792
2017,03,6,5,686.20375
2017,03,6,6,686.61636
2017,03,6,7,686.41608
2017,03,7,0,687.05105
2017,03,7,1,687.2021
2017,03,7,2,687.07757
2017,03,7,3,687.22519
2017,03,7,4,686.43511
2017,03,7,5,685.00451
2017,03,7,6,684.13291
2017,03,7,7,683.46953
2017,03,8,0,682.79136
2017,03,8,1,682.09671
2017,03,8,2,681.86708
2017,03,8,3,681.91156
2017,03,8,4,681.78487
2017,03,8,5,681.48026
2017,03,8,6,680.42218
2017,03,8,7,679.56124
2017,03,9,0,678.4681
2017,03,9,1,677.62154
2017,03,9,2,677.48244
2017,03,9,3,677.17427
2017,03,9,4,676.68208
2017,03,9,5,676.60657
2017,03,9,6,678.05601
2017,03,9,7,679.41549
2017,03,10,0,679.64503
2017,03,10,1,679.93532
2017,03,10,2,680.74498
2017,03,10,3,681.42854
2017,03,10,4,681.93072
2017,03,10,5,682.35541
2017,03,10,6,682.1066
2017,03,10,7,681.37965
2017,03,11,0,680.82906
2017,03,11,1,680.46105
2017,03,11,2,679.82397
2017,03,11,3,678.91155
2017,03,11,4,678.75755
2017,03,11,5,678.56014
2017,03,11,6,677.37805
2017,03,11,7,676.9554
2017,03,12,0,676.77632
2017,03,12,1,676.09068
2017,03,12,2,675.10074
2017,03,12,3,674.70941
2017,03,12,4,673.78906
2017,03,12,5,673.87868
2017,03,12,6,674.51749
2017,03,12,7,675.43073
2017,03,13,0,676.39358
2017,03,13,1,676.87237
2017,03,13,2,677.55878
2017,03,13,3,678.34281
2017,03,13,4,679.02141
2017,03,13,5,679.40893
2017,03,13,6,679.93448
2017,03,13,7,680.37821
2017,03,14,0,680.82546
2017,03,14,1,681.17612
2017,03,14,2,681.44758
2017,03,14,3,682.23279
2017,03,14,4,682.46157
2017,03,14,5,682.31832
2017,03,14,6,683.31953
2017,03,14,7,684.37495
2017,03,15,0,684.51275
2017,03,15,1,684.59079
2017,03,15,2,685.33302
2017,03,15,3,685.75586
2017,03,15,4,685.92007
2017,03,15,5,685.81586
2017,03,15,6,685.84645
2017,03,15,7,685.96924
2017,03,16,0,685.86794
2017,03,16,1,685.82334
2017,03,16,2,685.81381
2017,03,16,3,686.77523
2017,03,16,4,687.96829
2017,03,16,5,688.6667
2017,03,16,6,689.79741
2017,03,16,7,689.76449
2017,03,17,0,687.86792
2017,03,17,1,686.45724
2017,03,17,2,687.02304
2017,03,17,3,688.00985
2017,03,17,4,687.63452
2017,03,17,5,686.88613
2017,03,17,6,686.75074
2017,03,17,7,686.15942
2017,03,18,0,684.61528
2017,03,18,1,682.97503
2017,03,18,2,682.81576
2017,03,18,3,682.31882
2017,03,18,4,681.67085
2017,03,18,5,681.30274
2017,03,18,6,681.33796
2017,03,18,7,681.75094
2017,03,19,0,680.9311
2017,03,19,1,679.96372
2017,03,19,2,680.94382
2017,03,19,3,681.55264
2017,03,19,4,681.62321
2017,03,19,5,682.08115
2017,03,19,6,682.78074
2017,03,19,7,683.55754
2017,03,20,0,685.40836
2017,03,20,1,687.08831
2017,03,20,2,690.11687
2017,03,20,3,692.85817
2017,03,20,4,694.30437
2017,03,20,5,695.41199
2017,03,20,6,696.62822
2017,03,20,7,697.13051
2017,03,21,0,696.389
2017,03,21,1,695.6941
2017,03,21,2,695.43153
2017,03,21,3,695.62321
2017,03,21,4,695.66225
2017,03,21,5,695.99521
2017,03,21,6,696.75977
2017,03,21,7,697.83225
2017,03,22,0,698.7979
2017,03,22,1,699.18017
2017,03,22,2,699.8288
2017,03,22,3,700.76918
2017,03,22,4,701.45797
2017,03,22,5,701.93349
2017,03,22,6,702.3227
2017,03,22,7,702.68085
2017,03,23,0,702.51081
2017,03,23,1,701.8054
2017,03,23,2,701.6308
2017,03,23,3,700.97662
2017,03,23,4,699.48721
2017,03,23,5,697.54535
2017,03,23,6,695.56057
2017,03,23,7,693.69695
2017,03,24,0,692.60592
2017,03,24,1,692.1174
2017,03,24,2,691.62036
2017,03,24,3,691.0919
2017,03,24,4,690.80557
2017,03,24,5,690.62385
2017,03,24,6,690.10168
2017,03,24,7,690.11495
2017,03,25,0,689.67141
2017,03,25,1,688.98805
2017,03,25,2,689.94085
2017,03,25,3,691.67165
2017,03,25,4,693.27075
2017,03,25,5,694.35991
2017,03,25,6,695.64732
2017,03,25,7,696.59387
2017,03,26,0,696.80648
2017,03,26,1,696.26234
2017,03,26,2,695.84433
2017,03,26,3,695.17868
2017,03,26,4,693.39983
2017,03,26,5,692.89983
2017,03,26,6,694.26871
2017,03,26,7,694.84658
2017,03,27,0,694.04282
2017,03,27,1,693.58769
2017,03,27,2,694.87391
2017,03,27,3,695.29737
2017,03,27,4,695.49
2017,03,27,5,694.66393
2017,03,27,6,693.13813
2017,03,27,7,691.36515
2017,03,28,0,689.2132
2017,03,28,1,687.05957
2017,03,28,2,685.14436
2017,03,28,3,683.45071
2017,03,28,4,681.7012
2017,03,28,5,680.17273
2017,03,28,6,679.00209
2017,03,28,7,678.14791
2017,03,29,0,676.49341
2017,03,29,1,674.90389
2017,03,29,2,674.69371
2017,03,29,3,673.89996
2017,03,29,4,674.65353
2017,03,29,5,675.9815
2017,03,29,6,676.90097
2017,03,29,7,677.97617
2017,03,30,0,679.18401
2017,03,30,1,679.48518
2017,03,30,2,680.19169
2017,03,30,3,681.40401
2017,03,30,4,681.74735
2017,03,30,5,681.5244
2017,03,30,6,680.82641
2017,03,30,7,679.68202
2017,03,31,0,679.81892
2017,03,31,1,680.52897
2017,03,31,2,681.62709
2017,03,31,3,682.79062
2017,03,31,4,684.60756
2017,03,31,5,686.21393
2017,03,31,6,686.25587
2017,03,31,7,685.733
2017,03,1,0,683.72434
2017,03,1,1,682.51761
2017,03,1,2,682.07311
2017,03,1,3,681.56222
2017,03,1,4,681.31317
2017,03,1,5,681.16664
2017,03,1,6,681.56848
2017,03,1,7,681.77116
2017,03,2,0,681.07502
2017,03,2,1,680.52823
2017,03,2,2,680.89601
2017,03,2,3,681.51757
2017,03,2,4,681.81951
2017,03,2,5,682.51659
2017,03,2,6,682.68996
2017,03,2,7,682.99328
2017,03,3,0,683.35084
2017,03,3,1,683.58413
2017,03,3,2,684.36428
2017,03,3,3,684.98479
2017,03,3,4,686.11578
2017,03,3,5,687.24066
2017,03,3,6,687.99918
2017,03,3,7,688.41153
2017,03,4,0,687.91959
2017,03,4,1,687.50557
2017,03,4,2,688.6321
2017,03,4,3,689.69799
2017,03,4,4,690.19212
2017,03,4,5,691.21953
2017,03,4,6,692.91815
2017,03,4,7,693.63848
2017,03,5,0,691.60818
2017,03,5,1,690.26374
2017,03,5,2,691.40521
2017,03,5,3,692.38213
2017,03,5,4,692.7791
2017,03,5,5,693.07434
2017,03,5,6,691.62811
2017,03,5,7,690.26432
2017,03,6,0,689.80095
2017,03,6,1,689.16891
2017,03,6,2,689.05693
2017,03,6,3,689.26278
2017,03,6,4,689.23524
2017,03,6,5,689.51746
2017,03,6,6,689.01346
2017,03,6,7,688.35603
2017,03,7,0,688.44585
2017,03,7,1,688.34072
2017,03,7,2,688.34351
2017,03,7,3,688.18444
2017,03,7,4,687.93479
2017,03,7,5,687.72702
2017,03,7,6,687.04782
2017,03,7,7,685.6076
2017,03,8,0,684.20904
2017,03,8,1,682.7753
2017,03,8,2,681.91745
2017,03,8,3,681.06283
2017,03,8,4,680.30359
2017,03,8,5,679.49623
2017,03,8,6,678.71999
2017,03,8,7,678.48822
2017,03,9,0,678.33302
2017,03,9,1,678.07468
2017,03,9,2,678.16421
2017,03,9,3,679.05798
2017,03,9,4,679.82596
2017,03,9,5,680.27925
2017,03,9,6,681.01384
2017,03,9,7,681.32723
2017,03,10,0,681.36958
2017,03,10,1,681.01021
2017,03,10,2,681.13667
2017,03,10,3,681.41374
2017,03,10,4,681.23947
2017,03,10,5,681.10259
2017,03,10,6,680.8001
2017,03,10,7,679.87719
2017,03,11,0,679.79385
2017,03,11,1,679.55568
2017,03,11,2,679.0901
2017,03,11,3,679.36218
2017,03,11,4,679.58753
2017,03,11,5,679.63391
2017,03,11,6,679.84183
2017,03,11,7,680.37574
2017,03,12,0,681.2117
2017,03,12,1,681.44475
2017,03,12,2,681.16765
2017,03,12,3,680.87149
2017,03,12,4,680.55648
2017,03,12,5,680.32101
2017,03,12,6,680.6443
2017,03,12,7,681.15548
2017,03,13,0,681.73374
2017,03,13,1,682.01073
2017,03,13,2,682.16155
2017,03,13,3,682.41583
2017,03,13,4,682.23803
2017,03,13,5,682.11562
2017,03,13,6,682.38767
2017,03,13,7,682.66038
2017,03,14,0,683.06856
2017,03,14,1,683.42301
2017,03,14,2,684.30969
2017,03,14,3,685.27555
2017,03,14,4,685.67432
2017,03,14,5,686.57418
2017,03,14,6,687.00879
2017,03,14,7,687.63198
2017,03,15,0,688.18939
2017,03,15,1,689.32016
2017,03,15,2,690.48541
2017,03,15,3,691.32702
2017,03,15,4,692.65938
2017,03,15,5,693.24093
2017,03,15,6,693.77868
2017,03,15,7,694.39995
2017,03,16,0,694.31305
2017,03,16,1,694.24377
2017,03,16,2,694.484
2017,03,16,3,694.27469
2017,03,16,4,693.84312
2017,03,16,5,693.56614
2017,03,16,6,693.67735
2017,03,16,7,693.98551
2017,03,17,0,694.25494
2017,03,17,1,694.73051
2017,03,17,2,695.02015
2017,03,17,3,694.97942
2017,03,17,4,694.8225
2017,03,17,5,695.16612
2017,03,17,6,694.98858
2017,03,17,7,694.74025
2017,03,18,0,695.02258
2017,03,18,1,695.09583
2017,03,18,2,695.85949
2017,03,18,3,696.25952
2017,03,18,4,696.36292
2017,03,18,5,695.99315
2017,03,18,6,696.10656
2017,03,18,7,696.38561
2017,03,19,0,696.69517
2017,03,19,1,696.80631
2017,03,19,2,696.60385
2017,03,19,3,696.27864
2017,03,19,4,695.78004
2017,03,19,5,695.3395
2017,03,19,6,694.7725
2017,03,19,7,694.81163
2017,03,20,0,695.39306
2017,03,20,1,695.73734
2017,03,20,2,695.8444
2017,03,20,3,695.21429
2017,03,20,4,693.91593
2017,03,20,5,693.14064
2017,03,20,6,692.46053
2017,03,20,7,691.85692
2017,03,21,0,690.61629
2017,03,21,1,689.47207
2017,03,21,2,689.43131
2017,03,21,3,689.18361
2017,03,21,4,688.99743
2017,03,21,5,688.78363
2017,03,21,6,688.57742
2017,03,21,7,688.85877
2017,03,22,0,688.68148
2017,03,22,1,688.32777
2017,03,22,2,687.76288
2017,03,22,3,687.86615
2017,03,22,4,688.35702
2017,03,22,5,688.77779
2017,03,22,6,688.28204
2017,03,22,7,688.0488
2017,03,23,0,687.87609
2017,03,23,1,687.54212
2017,03,23,2,687.40658
2017,03,23,3,687.4781
2017,03,23,4,687.17547
2017,03,23,5,686.60212
2017,03,23,6,686.60611
2017,03,23,7,686.61243
2017,03,24,0,687.00323
2017,03,24,1,687.39648
2017,03,24,2,686.74327
2017,03,24,3,685.75044
2017,03,24,4,685.20664
2017,03,24,5,684.34437
2017,03,24,6,683.09661
2017,03,24,7,682.1377
2017,03,25,0,681.28371
2017,03,25,1,680.64071
2017,03,25,2,680.01866
2017,03,25,3,679.68815
2017,03,25,4,678.88643
2017,03,25,5,677.84806
2017,03,25,6,677.1781
2017,03,25,7,676.30397
2017,03,26,0,675.60389
2017,03,26,1,674.93212
2017,03,26,2,674.3541
2017,03,26,3,673.5969
2017,03,26,4,672.58117
2017,03,26,5,672.18394
2017,03,26,6,671.4027
2017,03,26,7,670.66967
2017,03,27,0,669.97545
2017,03,27,1,669.21422
2017,03,27,2,668.76301
2017,03,27,3,668.43119
2017,03,27,4,668.2519
2017,03,27,5,668.6674
2017,03,27,6,668.7799
2017,03,27,7,669.04507
2017,03,28,0,669.69572
2017,03,28,1,669.83128
2017,03,28,2,670.95011
2017,03,28,3,672.25054
2017,03,28,4,673.19311
2017,03,28,5,674.22196
2017,03,28,6,674.73419
2017,03,28,7,674.935
2017,03,29,0,674.7298
2017,03,29,1,674.51585
2017,03,29,2,674.72801
2017,03,29,3,674.62195
2017,03,29,4,674.13905
2017,03,29,5,673.80266
2017,03,29,6,673.78413
2017,03,29,7,673.92587
2017,03,30,0,674.22819
2017,03,30,1,674.46295
2017,03,30,2,675.54329
2017,03,30,3,676.69971
2017,03,30,4,677.68988
2017,03,30,5,678.35542
2017,03,30,6,679.21634
2017,03,30,7,680.02116
2017,03,31,0,680.21033
2017,03,31,1,679.59812
2017,03,31,2,679.29647
2017,03,31,3,679.30602
2017,03,31,4,679.12127
2017,03,31,5,678.57967
2017,03,31,6,678.51321
2017,03,31,7,678.50911
2017,03,1,0,678.15043
2017,03,1,1,677.61723
2017,03,1,2,677.89547
2017,03,1,3,678.48178
2017,03,1,4,679.18311
2017,03,1,5,679.76316
2017,03,1,6,680.31799
2017,03,1,7,681.06712
2017,03,2,0,681.27485
2017,03,2,1,680.6428
2017,03,2,2,680.68821
2017,03,2,3,681.02971
2017,03,2,4,681.08044
2017,03,2,5,680.89869
2017,03,2,6,681.30816
2017,03,2,7,682.04237
2017,03,3,0,683.02769
2017,03,3,1,683.88548
2017,03,3,2,684.85862
2017,03,3,3,685.47438
2017,03,3,4,686.08032
2017,03,3,5,686.48683
2017,03,3,6,686.86432
2017,03,3,7,686.75998
2017,03,4,0,686.34136
2017,03,4,1,685.54428
2017,03,4,2,684.79551
2017,03,4,3,684.00402
2017,03,4,4,683.2013
2017,03,4,5,682.41238
2017,03,4,6,682.55404
2017,03,4,7,682.69239
2017,03,5,0,682.18346
2017,03,5,1,681.95491
2017,03,5,2,682.58458
2017,03,5,3,683.23803
2017,03,5,4,683.94753
2017,03,5,5,685.35918
2017,03,5,6,686.79224
2017,03,5,7,688.52796
2017,03,6,0,689.79593
2017,03,6,1,691.03232
2017,03,6,2,692.1488
2017,03,6,3,693.22063
2017,03,6,4,694.13088
2017,03,6,5,694.51959
2017,03,6,6,693.7713
2017,03,6,7,694.08335
2017,03,7,0,694.61231
2017,03,7,1,694.52644
2017,03,7,2,694.58937
2017,03,7,3,694.61386
2017,03,7,4,695.24772
2017,03,7,5,695.84919
2017,03,7,6,696.06397
2017,03,7,7,696.25412
2017,03,8,0,696.2143
2017,03,8,1,696.56181
2017,03,8,2,696.42163
2017,03,8,3,696.25132
2017,03,8,4,696.2797
2017,03,8,5,695.35816
2017,03,8,6,694.29131
2017,03,8,7,693.31501
2017,03,9,0,693.01263
2017,03,9,1,692.13795
2017,03,9,2,691.97492
2017,03,9,3,691.21273
2017,03,9,4,690.43226
2017,03,9,5,689.39435
2017,03,9,6,688.19188
2017,03,9,7,686.61667
2017,03,10,0,684.50189
2017,03,10,1,682.9317
2017,03,10,2,682.28549
2017,03,10,3,681.57786
2017,03,10,4,681.57446
2017,03,10,5,681.76674
2017,03,10,6,681.54772
2017,03,10,7,681.40031
2017,03,11,0,681.37082
2017,03,11,1,681.36914
2017,03,11,2,681.8483
2017,03,11,3,682.49107
2017,03,11,4,682.84453
2017,03,11,5,683.44842
2017,03,11,6,683.65152
2017,03,11,7,684.01967
2017,03,12,0,684.85526
2017,03,12,1,684.96591
2017,03,12,2,685.50768
2017,03,12,3,685.84031
2017,03,12,4,685.76767
2017,03,12,5,685.62466
2017,03,12,6,685.00161
2017,03,12,7,684.39193
2017,03,13,0,684.26764
2017,03,13,1,683.5689
2017,03,13,2,683.02971
2017,03,13,3,682.70374
2017,03,13,4,682.1257
2017,03,13,5,681.12107
2017,03,13,6,680.61582
2017,03,13,7,680.36785
2017,03,14,0,679.69066
2017,03,14,1,679.24073
2017,03,14,2,679.65688
2017,03,14,3,680.01503
2017,03,14,4,680.99948
2017,03,14,5,681.92394
2017,03,14,6,682.52797
2017,03,14,7,682.97339
2017,03,15,0,683.23263
2017,03,15,1,683.13417
2017,03,15,2,682.92552
2017,03,15,3,683.12453
2017,03,15,4,682.61908
2017,03,15,5,682.29839
2017,03,15,6,682.22602
2017,03,15,7,682.53528
2017,03,16,0,682.90861
2017,03,16,1,682.8526
2017,03,16,2,683.49155
2017,03,16,3,683.86398
2017,03,16,4,683.8959
2017,03,16,5,683.90374
2017,03,16,6,684.26071
2017,03,16,7,684.63422
2017,03,17,0,684.52878
2017,03,17,1,684.37368
2017,03,17,2,684.96588
2017,03,17,3,685.56898
2017,03,17,4,685.54175
2017,03,17,5,685.64333
2017,03,17,6,685.2297
2017,03,17,7,684.47335
2017,03,18,0,684.05466
2017,03,18,1,683.69094
2017,03,18,2,683.858
2017,03,18,3,683.60689
2017,03,18,4,682.97321
2017,03,18,5,682.49297
2017,03,18,6,682.42798
2017,03,18,7,682.07868
2017,03,19,0,681.1906
2017,03,19,1,680.56994
2017,03,19,2,680.07849
2017,03,19,3,679.44099
2017,03,19,4,678.77893
2017,03,19,5,678.28285
2017,03,19,6,677.52065
2017,03,19,7,676.75793
2017,03,20,0,676.1973
2017,03,20,1,675.89276
2017,03,20,2,675.27502
2017,03,20,3,674.48983
2017,03,20,4,674.41211
2017,03,20,5,674.72783
2017,03,20,6,674.49801
2017,03,20,7,674.23542
2017,03,21,0,674.21921
2017,03,21,1,674.33763
2017,03,21,2,674.78733
2017,03,21,3,675.0741
2017,03,21,4,675.21276
2017,03,21,5,675.62022
2017,03,21,6,675.75222
2017,03,21,7,675.74348
2017,03,22,0,675.78953
2017,03,22,1,675.54486
2017,03,22,2,676.10013
2017,03,22,3,676.14919
2017,03,22,4,675.76045
2017,03,22,5,675.26724
2017,03,22,6,674.56602
2017,03,22,7,674.06776
2017,03,23,0,674.21171
2017,03,23,1,674.1825
2017,03,23,2,674.09548
2017,03,23,3,674.02668
2017,03,23,4,673.83426
2017,03,23,5,674.32215
2017,03,23,6,674.32724
2017,03,23,7,674.12588
2017,03,24,0,674.3681
2017,03,24,1,674.16955
2017,03,24,2,674.03101
2017,03,24,3,674.48071
2017,03,24,4,674.38236
2017,03,24,5,673.85115
2017,03,24,6,673.98997
2017,03,24,7,674.1148
2017,03,25,0,674.35523
2017,03,25,1,674.80277
2017,03,25,2,675.92637
2017,03,25,3,677.60699
2017,03,25,4,679.37297
2017,03,25,5,680.59963
2017,03,25,6,681.83097
2017,03,25,7,682.37917
2017,03,26,0,683.43706
2017,03,26,1,684.13923
2017,03,26,2,684.10371
2017,03,26,3,684.25226
2017,03,26,4,683.87301
2017,03,26,5,683.33074
2017,03,26,6,683.04401
2017,03,26,7,682.78183
2017,03,27,0,682.52416
2017,03,27,1,682.24289
2017,03,27,2,682.41532
2017,03,27,3,682.43929
2017,03,27,4,682.25304
2017,03,27,5,682.0371
2017,03,27,6,682.23278
2017,03,27,7,682.1947
2017,03,28,0,681.64825
2017,03,28,1,681.29086
2017,03,28,2,681.99898
2017,03,28,3,683.02059
2017,03,28,4,683.83354
2017,03,28,5,685.08373
2017,03,28,6,686.82703
2017,03,28,7,688.09551
2017,03,29,0,689.14633
2017,03,29,1,689.7864
2017,03,29,2,690.51417
2017,03,29,3,691.22218
2017,03,29,4,691.3038
2017,03,29,5,691.58996
2017,03,29,6,691.99486
2017,03,29,7,692.19238
2017,03,30,0,692.17236
2017,03,30,1,691.77856
2017,03,30,2,691.72859
2017,03,30,3,691.40988
2017,03,30,4,690.85021
2017,03,30,5,690.08218
2017,03,30,6,689.35326
2017,03,30,7,688.74661
2017,03,1,0,688.67381
2017,03,1,1,688.82933
2017,03,1,2,689.52454
2017,03,1,3,689.90132
2017,03,1,4,690.54884
2017,03,1,5,691.27034
2017,03,1,6,691.59195
2017,03,1,7,692.26252
2017,03,2,0,693.00152
2017,03,2,1,693.22506
2017,03,2,2,692.91921
2017,03,2,3,693.36375
2017,03,2,4,695.02073
2017,03,2,5,696.56339
2017,03,2,6,696.47287
2017,03,2,7,696.59121
2017,03,3,0,697.37618
2017,03,3,1,697.94675
2017,03,3,2,699.0458
2017,03,3,3,700.08145
2017,03,3,4,701.15886
2017,03,3,5,702.16588
2017,03,3,6,703.03956
2017,03,3,7,703.96858
2017,03,4,0,704.02482
2017,03,4,1,703.99012
2017,03,4,2,703.35032
2017,03,4,3,702.36876
2017,03,4,4,701.45258
2017,03,4,5,699.50267
2017,03,4,6,698.1128
2017,03,4,7,697.81509
2017,03,5,0,697.55971
2017,03,5,1,697.51332
2017,03,5,2,697.79556
2017,03,5,3,698.58871
2017,03,5,4,698.91676
2017,03,5,5,699.48788
2017,03,5,6,699.49499
2017,03,5,7,699.18359
2017,03,6,0,698.50823
2017,03,6,1,698.67189
2017,03,6,2,698.56579
2017,03,6,3,698.94363
2017,03,6,4,699.3384
2017,03,6,5,699.78408
2017,03,6,6,700.06171
2017,03,6,7,699.05412
2017,03,7,0,698.61067
2017,03,7,1,698.6772
2017,03,7,2,699.86539
2017,03,7,3,699.10741
2017,03,7,4,697.65792
2017,03,7,5,696.3572
2017,03,7,6,694.80863
2017,03,7,7,693.66096
2017,03,8,0,692.51327
2017,03,8,1,691.68808
2017,03,8,2,691.79465
2017,03,8,3,691.80207
2017,03,8,4,691.55325
2017,03,8,5,691.76571
2017,03,8,6,691.90484
2017,03,8,7,692.36849
2017,03,9,0,692.46274
2017,03,9,1,692.38941
2017,03,9,2,693.06656
2017,03,9,3,693.64635
2017,03,9,4,693.12947
2017,03,9,5,692.4296
2017,03,9,6,692.76452
2017,03,9,7,693.28318
2017,03,10,0,692.23192
2017,03,10,1,691.27514
2017,03,10,2,691.93591
2017,03,10,3,692.39133
2017,03,10,4,691.76167
2017,03,10,5,691.55277
2017,03,10,6,692.01236
2017,03,10,7,692.22187
2017,03,11,0,692.25466
2017,03,11,1,692.21313
2017,03,11,2,692.22302
2017,03,11,3,692.09685
2017,03,11,4,691.63665
2017,03,11,5,691.28802
2017,03,11,6,691.10235
2017,03,11,7,690.88873
2017,03,12,0,690.07277
2017,03,12,1,689.32547
2017,03,12,2,688.5593
2017,03,12,3,687.71815
2017,03,12,4,686.91167
2017,03,12,5,686.43201
2017,03,12,6,685.83519
2017,03,12,7,685.36469
2017,03,13,0,684.8254
2017,03,13,1,684.29611
2017,03,13,2,683.85973
2017,03,13,3,683.58413
2017,03,13,4,683.7507
2017,03,13,5,684.03948
2017,03,13,6,684.14115
2017,03,13,7,684.15188
2017,03,14,0,683.9341
2017,03,14,1,683.2144
2017,03,14,2,683.11739
2017,03,14,3,682.98571
2017,03,14,4,682.57274
2017,03,14,5,682.31723
2017,03,14,6,682.24299
2017,03,14,7,682.48178
2017,03,15,0,682.66622
2017,03,15,1,682.70085
2017,03,15,2,682.97312
2017,03,15,3,683.27457
2017,03,15,4,683.72926
2017,03,15,5,684.34414
2017,03,15,6,684.79164
2017,03,15,7,685.09043
2017,03,16,0,685.60804
2017,03,16,1,686.41945
2017,03,16,2,687.48761
2017,03,16,3,688.67494
2017,03,16,4,689.61393
2017,03,16,5,690.36279
2017,03,16,6,691.18836
2017,03,16,7,692.06101
2017,03,17,0,692.44115
2017,03,17,1,692.6873
2017,03,17,2,692.74493
2017,03,17,3,692.64651
2017,03,17,4,692.00804
2017,03,17,5,690.96978
2017,03,17,6,690.43765
2017,03,17,7,690.96521
2017,03,18,0,692.02168
2017,03,18,1,693.49921
2017,03,18,2,694.47294
2017,03,18,3,695.52688
2017,03,18,4,697.62713
2017,03,18,5,699.34565
2017,03,18,6,700.95007
2017,03,18,7,702.3382
2017,03,19,0,702.48932
2017,03,19,1,702.09302
2017,03,19,2,702.80882
2017,03,19,3,703.09372
2017,03,19,4,703.09761
2017,03,19,5,702.68798
2017,03,19,6,702.43733
2017,03,19,7,701.78983
2017,03,20,0,701.70256
2017,03,20,1,702.15719
2017,03,20,2,702.26931
2017,03,20,3,701.75706
2017,03,20,4,701.02131
2017,03,20,5,700.58654
2017,03,20,6,699.99205
2017,03,20,7,699.08862
2017,03,21,0,698.46373
2017,03,21,1,697.74212
2017,03,21,2,697.41244
2017,03,21,3,696.90486
2017,03,21,4,695.71596
2017,03,21,5,694.85373
2017,03,21,6,694.12298
2017,03,21,7,693.65615
2017,03,22,0,694.50507
2017,03,22,1,695.26487
2017,03,22,2,695.36014
2017,03,22,3,695.16259
2017,03,22,4,695.12168
2017,03,22,5,694.87197
2017,03,22,6,694.88138
2017,03,22,7,694.87367
2017,03,23,0,694.60546
2017,03,23,1,694.16041
2017,03,23,2,693.89706
2017,03,23,3,693.64673
2017,03,23,4,693.43601
2017,03,23,5,693.01055
2017,03,23,6,692.94164
2017,03,23,7,692.98488
2017,03,24,0,692.82664
2017,03,24,1,692.61971
2017,03,24,2,693.08381
2017,03,24,3,693.48763
2017,03,24,4,693.71252
2017,03,24,5,694.13953
2017,03,24,6,694.40077
2017,03,24,7,694.45175
2017,03,25,0,694.39902
2017,03,25,1,694.19698
2017,03,25,2,693.89676
2017,03,25,3,693.74947
2017,03,25,4,694.52454
2017,03,25,5,694.99612
2017,03,25,6,695.4871
2017,03,25,7,695.79112
2017,03,26,0,695.79468
2017,03,26,1,695.69201
2017,03,26,2,695.1729
2017,03,26,3,694.70959
2017,03,26,4,694.31945
2017,03,26,5,693.87462
2017,03,26,6,693.04325
2017,03,26,7,692.19069
2017,03,27,0,692.20799
2017,03,27,1,691.92931
2017,03,27,2,691.86325
2017,03,27,3,691.60556
2017,03,27,4,690.74105
2017,03,27,5,689.8968
2017,03,27,6,689.52595
2017,03,27,7,689.44329
2017,03,28,0,689.73178
2017,03,28,1,689.59728
2017,03,28,2,689.77958
2017,03,28,3,690.1159
2017,03,28,4,690.15578
2017,03,28,5,690.24035
2017,03,28,6,690.32303
2017,03,28,7,690.17878
2017,03,29,0,690.24012
2017,03,29,1,690.37675
2017,03,29,2,690.09293
2017,03,29,3,689.65602
2017,03,29,4,689.49499
2017,03,29,5,689.42921
2017,03,29,6,689.70915
2017,03,29,7,690.04235
2017,03,30,0,689.77777
2017,03,30,1,689.26193
2017,03,30,2,689.70282
2017,03,30,3,689.63911
2017,03,30,4,689.46443
2017,03,30,5,689.73599
2017,03,30,6,690.13577
2017,03,30,7,690.39542
2017,03,31,0,690.97702
2017,03,31,1,691.57244
2017,03,31,2,691.98041
2017,03,31,3,692.14589
2017,03,31,4,692.22091
2017,03,31,5,691.96878
2017,03,31,6,691.95722
2017,03,31,7,691.59667
2017,03,1,0,691.30635
2017,03,1,1,690.79452
2017,03,1,2,689.99193
2017,03,1,3,689.13183
2017,03,1,4,688.57539
2017,03,1,5,688.63619
2017,03,1,6,688.81216
2017,03,1,7,688.87773
2017,03,2,0,688.86544
2017,03,2,1,688.83514
2017,03,2,2,689.04373
2017,03,2,3,688.91622
2017,03,2,4,689.12725
2017,03,2,5,689.81659
2017,03,2,6,690.39161
2017,03,2,7,691.19285
2017,03,3,0,691.67828
2017,03,3,1,691.95928
2017,03,3,2,692.50303
2017,03,3,3,692.91762
2017,03,3,4,693.20738
2017,03,3,5,693.64459
2017,03,3,6,694.58292
2017,03,3,7,694.97282
2017,03,4,0,694.91957
2017,03,4,1,694.814
2017,03,4,2,695.19004
2017,03,4,3,695.37996
2017,03,4,4,694.57994
2017,03,4,5,693.62369
2017,03,4,6,692.52684
2017,03,4,7,691.84627
2017,03,5,0,691.47145
2017,03,5,1,691.0407
2017,03,5,2,691.06184
2017,03,5,3,691.65216
2017,03,5,4,692.61939
2017,03,5,5,693.40319
2017,03,5,6,694.70731
2017,03,5,7,696.46623
2017,03,6,0,697.13212
2017,03,6,1,697.2838
2017,03,6,2,698.15664
2017,03,6,3,698.85156
2017,03,6,4,699.01952
2017,03,6,5,698.5545
2017,03,6,6,697.80858
2017,03,6,7,696.8139
2017,03,7,0,696.18512
2017,03,7,1,695.42545
2017,03,7,2,694.26856
2017,03,7,3,693.05374
2017,03,7,4,692.00088
2017,03,7,5,690.61732
2017,03,7,6,689.60934
2017,03,7,7,688.93202
2017,03,8,0,688.50279
2017,03,8,1,687.81251
2017,03,8,2,687.67542
2017,03,8,3,687.59975
2017,03,8,4,687.16888
2017,03,8,5,687.08441
2017,03,8,6,687.71782
2017,03,8,7,688.21516
2017,03,9,0,688.81021
2017,03,9,1,688.83291
2017,03,9,2,689.51808
2017,03,9,3,690.22508
2017,03,9,4,689.32464
2017,03,9,5,688.81479
2017,03,9,6,688.77063
2017,03,9,7,688.89539
2017,03,10,0,689.20118
2017,03,10,1,689.25875
2017,03,10,2,689.76468
2017,03,10,3,689.85553
2017,03,10,4,688.9137
2017,03,10,5,688.2401
2017,03,10,6,688.62654
2017,03,10,7,688.7099
2017,03,11,0,688.42992
2017,03,11,1,688.00225
2017,03,11,2,687.96983
2017,03,11,3,687.62652
2017,03,11,4,687.17502
2017,03,11,5,686.93455
2017,03,11,6,686.46967
2017,03,11,7,686.16076
2017,03,12,0,686.29877
2017,03,12,1,686.19601
2017,03,12,2,685.95499
2017,03,12,3,685.42636
2017,03,12,4,684.6436
2017,03,12,5,683.99181
2017,03,12,6,684.39978
2017,03,12,7,685.13038
2017,03,13,0,684.66783
2017,03,13,1,684.15067
2017,03,13,2,684.63642
2017,03,13,3,685.13747
2017,03,13,4,684.83879
2017,03,13,5,684.8862
2017,03,13,6,685.8974
2017,03,13,7,686.94043
2017,03,14,0,687.57263
2017,03,14,1,688.44036
2017,03,14,2,689.70398
2017,03,14,3,690.55627
2017,03,14,4,691.11566
2017,03,14,5,691.53768
2017,03,14,6,692.21415
2017,03,14,7,692.6015
2017,03,15,0,692.15399
2017,03,15,1,691.66021
2017,03,15,2,691.31101
2017,03,15,3,690.763
2017,03,15,4,690.51117
2017,03,15,5,690.40598
2017,03,15,6,690.09626
2017,03,15,7,689.80949
2017,03,16,0,689.52985
2017,03,16,1,688.89521
2017,03,16,2,688.12319
2017,03,16,3,687.5433
2017,03,16,4,687.44939
2017,03,16,5,687.37006
2017,03,16,6,687.52853
2017,03,16,7,687.78452
2017,03,17,0,687.72729
2017,03,17,1,687.61879
2017,03,17,2,687.79946
2017,03,17,3,688.04834
2017,03,17,4,688.19823
2017,03,17,5,688.11546
2017,03,17,6,688.22848
2017,03,17,7,688.41287
2017,03,18,0,688.66285
2017,03,18,1,688.48237
2017,03,18,2,688.70129
2017,03,18,3,688.91613
2017,03,18,4,689.43773
2017,03,18,5,689.68925
2017,03,18,6,689.84543
2017,03,18,7,690.29042
2017,03,19,0,690.52697
2017,03,19,1,690.35863
2017,03,19,2,690.40715
2017,03,19,3,690.19044
2017,03,19,4,690.05393
2017,03,19,5,689.77054
2017,03,19,6,689.94942
2017,03,19,7,690.22543
2017,03,20,0,690.08859
2017,03,20,1,689.81708
2017,03,20,2,689.49512
2017,03,20,3,689.18287
2017,03,20,4,688.90329
2017,03,20,5,688.29907
2017,03,20,6,688.11774
2017,03,20,7,688.04853
2017,03,21,0,688.01222
2017,03,21,1,687.67964
2017,03,21,2,687.41962
2017,03,21,3,687.21366
2017,03,21,4,687.4651
2017,03,21,5,687.73239
2017,03,21,6,688.13038
2017,03,21,7,688.51626
2017,03,22,0,688.90287
2017,03,22,1,688.93095
2017,03,22,2,688.9515
2017,03,22,3,688.88842
2017,03,22,4,689.44169
2017,03,22,5,689.72677
2017,03,22,6,689.77377
2017,03,22,7,689.85916
2017,03,23,0,689.91043
2017,03,23,1,689.923
2017,03,23,2,690.34404
2017,03,23,3,690.54265
2017,03,23,4,690.8071
2017,03,23,5,691.10714
2017,03,23,6,691.28344
2017,03,23,7,691.37453
2017,03,24,0,691.76216
2017,03,24,1,691.97525
2017,03,24,2,691.77036
2017,03,24,3,691.37123
2017,03,24,4,690.98103
2017,03,24,5,690.10871
2017,03,24,6,690.0623
2017,03,24,7,690.14262
2017,03,25,0,689.8381
2017,03,25,1,689.55746
2017,03,25,2,689.00193
2017,03,25,3,688.47347
2017,03,25,4,688.72464
2017,03,25,5,688.59915
2017,03,25,6,688.28746
2017,03,25,7,688.02902
2017,03,26,0,688.21908
2017,03,26,1,687.97342
2017,03,26,2,688.15167
2017,03,26,3,688.09765
2017,03,26,4,688.14716
2017,03,26,5,688.41348
2017,03,26,6,688.82589
2017,03,26,7,689.25244
2017,03,27,0,689.65727
2017,03,27,1,690.00978
2017,03,27,2,690.2937
2017,03,27,3,690.22289
2017,03,27,4,690.219
2017,03,27,5,690.32377
2017,03,27,6,690.28951
2017,03,27,7,690.00108
2017,03,28,0,689.79102
2017,03,28,1,689.53202
2017,03,28,2,689.37783
2017,03,28,3,689.21393
2017,03,28,4,689.44514
2017,03,28,5,689.31719
2017,03,28,6,689.67931
2017,03,28,7,689.79227
2017,03,29,0,689.8909
2017,03,29,1,690.28502
2017,03,29,2,690.94259
2017,03,29,3,691.42134
2017,03,29,4,691.83551
2017,03,29,5,692.01462
2017,03,29,6,692.48458
2017,03,29,7,693.08182
2017,03,30,0,693.873
2017,03,30,1,694.43542
2017,03,30,2,694.78045
2017,03,30,3,694.95538
2017,03,30,4,695.11781
2017,03,30,5,695.09426
2017,03,30,6,695.09765
2017,03,30,7,695.16559
2017,03,1,0,695.0618
2017,03,1,1,694.40044
2017,03,1,2,693.9404
2017,03,1,3,693.38549
2017,03,1,4,692.41733
2017,03,1,5,691.39764
2017,03,1,6,690.84665
2017,03,1,7,690.32944
2017,03,2,0,689.67264
2017,03,2,1,689.00489
2017,03,2,2,688.38852
2017,03,2,3,687.69283
2017,03,2,4,687.13061
2017,03,2,5,686.47532
2017,03,2,6,686.44291
2017,03,2,7,686.43791
2017,03,3,0,686.2191
2017,03,3,1,686.08686
2017,03,3,2,685.93066
2017,03,3,3,685.73903
2017,03,3,4,685.7894
2017,03,3,5,685.7816
2017,03,3,6,685.68019
2017,03,3,7,685.69138
2017,03,4,0,685.84697
2017,03,4,1,685.75451
2017,03,4,2,685.93012
2017,03,4,3,686.10032
2017,03,4,4,686.29636
2017,03,4,5,686.66873
2017,03,4,6,687.04191
2017,03,4,7,687.6444
2017,03,5,0,688.32348
2017,03,5,1,688.67702
2017,03,5,2,688.81032
2017,03,5,3,688.72946
2017,03,5,4,688.75211
2017,03,5,5,688.72289
2017,03,5,6,689.00314
2017,03,5,7,689.37372
2017,03,6,0,689.53849
2017,03,6,1,689.64847
2017,03,6,2,690.01401
2017,03,6,3,690.24122
2017,03,6,4,690.56124
2017,03,6,5,690.44558
2017,03,6,6,690.67607
2017,03,6,7,690.91884
2017,03,7,0,691.30172
2017,03,7,1,691.33315
2017,03,7,2,691.11288
2017,03,7,3,691.15058
2017,03,7,4,691.46088
2017,03,7,5,691.56281
2017,03,7,6,691.32741
2017,03,7,7,691.37887
2017,03,8,0,691.71269
2017,03,8,1,691.66229
2017,03,8,2,691.26522
2017,03,8,3,690.90396
2017,03,8,4,690.95116
2017,03,8,5,691.13337
2017,03,8,6,691.36278
2017,03,8,7,691.8104
2017,03,9,0,692.01365
2017,03,9,1,692.25409
2017,03,9,2,692.35207
2017,03,9,3,692.37224
2017,03,9,4,692.77472
2017,03,9,5,693.22378
2017,03,9,6,693.93051
2017,03,9,7,694.5276
2017,03,10,0,695.03638
2017,03,10,1,695.38757
2017,03,10,2,695.92251
2017,03,10,3,696.27498
2017,03,10,4,696.62914
2017,03,10,5,696.99457
2017,03,10,6,697.34511
2017,03,10,7,697.64258
2017,03,11,0,697.66744
2017,03,11,1,697.50685
2017,03,11,2,697.74706
2017,03,11,3,697.72977
2017,03,11,4,697.82925
2017,03,11,5,698.05415
2017,03,11,6,698.29942
2017,03,11,7,698.82033
2017,03,12,0,699.1665
2017,03,12,1,699.65952
2017,03,12,2,700.22428
2017,03,12,3,700.43157
2017,03,12,4,700.8028
2017,03,12,5,701.03149
2017,03,12,6,701.76296
2017,03,12,7,702.52403
2017,03,13,0,702.79296
2017,03,13,1,702.94793
2017,03,13,2,703.03779
2017,03,13,3,702.76239
2017,03,13,4,702.85621
2017,03,13,5,702.91855
2017,03,13,6,702.52682
2017,03,13,7,702.0425
2017,03,14,0,701.52346
2017,03,14,1,701.10482
2017,03,14,2,700.81314
2017,03,14,3,700.41047
2017,03,14,4,700.0924
2017,03,14,5,699.97462
2017,03,14,6,700.21232
2017,03,14,7,700.4791
2017,03,15,0,700.56166
2017,03,15,1,700.51342
2017,03,15,2,700.87485
2017,03,15,3,701.01992
2017,03,15,4,700.93499
2017,03,15,5,700.76212
2017,03,15,6,700.83919
2017,03,15,7,700.76083
2017,03,16,0,700.23293
2017,03,16,1,699.36058
2017,03,16,2,698.67534
2017,03,16,3,697.99034
2017,03,16,4,697.1651
2017,03,16,5,696.15022
2017,03,16,6,695.0024
2017,03,16,7,694.05102
2017,03,17,0,692.72185
2017,03,17,1,691.18131
2017,03,17,2,690.17215
2017,03,17,3,689.17118
2017,03,17,4,688.51044
2017,03,17,5,688.24518
2017,03,17,6,688.25918
2017,03,17,7,688.7105
2017,03,18,0,689.2669
2017,03,18,1,689.62653
2017,03,18,2,689.90028
2017,03,18,3,690.15272
2017,03,18,4,690.68728
2017,03,18,5,691.00241
2017,03,18,6,691.05574
2017,03,18,7,690.99604
2017,03,19,0,691.16774
2017,03,19,1,691.00845
2017,03,19,2,690.95886
2017,03,19,3,691.25448
2017,03,19,4,691.61703
2017,03,19,5,692.15495
2017,03,19,6,693.00651
2017,03,19,7,693.86902
2017,03,20,0,694.79641
2017,03,20,1,695.43501
2017,03,20,2,696.1036
2017,03,20,3,696.47281
2017,03,20,4,696.61235
2017,03,20,5,696.38768
2017,03,20,6,696.49068
2017,03,20,7,696.6723
2017,03,21,0,696.5199
2017,03,21,1,696.05026
2017,03,21,2,695.79086
2017,03,21,3,695.62874
2017,03,21,4,695.61784
2017,03,21,5,695.6052
2017,03,21,6,695.73647
2017,03,21,7,696.06748
2017,03,22,0,696.60846
2017,03,22,1,697.10677
2017,03,22,2,698.10768
2017,03,22,3,698.9663
2017,03,22,4,698.72314
2017,03,22,5,698.5776
2017,03,22,6,699.3075
2017,03,22,7,699.83527
2017,03,23,0,700.79418
2017,03,23,1,700.82985
2017,03,23,2,700.54464
2017,03,23,3,700.3628
2017,03,23,4,699.45728
2017,03,23,5,698.92169
2017,03,23,6,698.6572
2017,03,23,7,698.49428
2017,03,24,0,698.44993
2017,03,24,1,698.02926
2017,03,24,2,697.52404
2017,03,24,3,697.36422
2017,03,24,4,697.4841
2017,03,24,5,697.38446
2017,03,24,6,697.42629
2017,03,24,7,697.70683
2017,03,25,0,697.71204
2017,03,25,1,697.68906
2017,03,25,2,697.33803
2017,03,25,3,697.01495
2017,03,25,4,696.99292
2017,03,25,5,696.99853
2017,03,25,6,696.71056
2017,03,25,7,696.40999
2017,03,26,0,695.95694
2017,03,26,1,695.29447
2017,03,26,2,695.01343
2017,03,26,3,695.02592
2017,03,26,4,694.96294
2017,03,26,5,694.98201
2017,03,26,6,695.21557
2017,03,26,7,695.70196
2017,03,27,0,695.85534
2017,03,27,1,695.84937
2017,03,27,2,695.92704
2017,03,27,3,696.0246
2017,03,27,4,696.0819
2017,03,27,5,695.97084
2017,03,27,6,695.9952
2017,03,27,7,696.01181
2017,03,28,0,695.9768
2017,03,28,1,695.76144
2017,03,28,2,695.32407
2017,03,28,3,694.89863
2017,03,28,4,694.63453
2017,03,28,5,694.25523
2017,03,28,6,694.53701
2017,03,28,7,695.22586
2017,03,29,0,695.76265
2017,03,29,1,696.03805
2017,03,29,2,696.28468
2017,03,29,3,696.54487
2017,03,29,4,696.98842
2017,03,29,5,697.37465
2017,03,29,6,697.68247
2017,03,29,7,698.35102
2017,03,30,0,698.83253
2017,03,30,1,699.08937
2017,03,30,2,699.53387
2017,03,30,3,699.96759
2017,03,30,4,699.9122
2017,03,30,5,699.51442
2017,03,30,6,699.30371
2017,03,30,7,699.18645
2017,03,31,0,698.76594
2017,03,31,1,697.99369
2017,03,31,2,696.8579
2017,03,31,3,696.34498
2017,03,31,4,696.07146
2017,03,31,5,695.95402
2017,03,31,6,695.70531
2017,03,31,7,695.68343
2018,03,1,0,696.11732
2018,03,1,1,696.16326
2018,03,1,2,696.23513
2018,03,1,3,696.50125
2018,03,1,4,696.84352
2018,03,1,5,697.03284
2018,03,1,6,697.41627
2018,03,1,7,698.02137
2018,03,2,0,698.44664
2018,03,2,1,698.6214
2018,03,2,2,698.7381
2018,03,2,3,698.95166
2018,03,2,4,699.07272
2018,03,2,5,698.82236
2018,03,2,6,698.95986
2018,03,2,7,699.3739
2018,03,3,0,699.42461
2018,03,3,1,699.31027
2018,03,3,2,699.63441
2018,03,3,3,699.50332
2018,03,3,4,699.4938
2018,03,3,5,698.88807
2018,03,3,6,697.7918
2018,03,3,7,696.93216
2018,03,4,0,695.76243
2018,03,4,1,694.35485
2018,03,4,2,693.7335
2018,03,4,3,693.75418
2018,03,4,4,693.60873
2018,03,4,5,693.92653
2018,03,4,6,695.45249
2018,03,4,7,696.9486
2018,03,5,0,698.06697
2018,03,5,1,698.67103
2018,03,5,2,698.88346
2018,03,5,3,699.13442
2018,03,5,4,699.1593
2018,03,5,5,698.93198
2018,03,5,6,698.85832
2018,03,5,7,699.37745
2018,03,6,0,699.61862
2018,03,6,1,698.91455
2018,03,6,2,698.41813
2018,03,6,3,698.03865
2018,03,6,4,697.667
2018,03,6,5,697.19865
2018,03,6,6,696.78494
2018,03,6,7,696.56164
2018,03,7,0,696.28216
2018,03,7,1,696.27701
2018,03,7,2,696.70535
2018,03,7,3,697.30725
2018,03,7,4,698.11977
2018,03,7,5,699.04321
2018,03,7,6,700.23458
2018,03,7,7,701.44686
2018,03,8,0,702.53667
2018,03,8,1,703.2018
2018,03,8,2,703.81641
2018,03,8,3,704.24134
2018,03,8,4,704.41275
2018,03,8,5,704.36278
2018,03,8,6,704.37701
2018,03,8,7,704.47712
2018,03,9,0,704.37178
2018,03,9,1,704.00997
2018,03,9,2,703.66836
2018,03,9,3,703.07595
2018,03,9,4,702.36574
2018,03,9,5,701.79921
2018,03,9,6,701.52641
2018,03,9,7,701.26297
2018,03,10,0,700.88116
2018,03,10,1,700.13516
2018,03,10,2,699.5417
2018,03,10,3,698.87656
2018,03,10,4,698.31728
2018,03,10,5,697.7657
2018,03,10,6,697.14553
2018,03,10,7,696.64032
2018,03,11,0,696.58558
2018,03,11,1,696.23164
2018,03,11,2,696.09577
2018,03,11,3,696.18868
2018,03,11,4,696.45846
2018,03,11,5,696.74805
2018,03,11,6,697.03915
2018,03,11,7,697.71749
2018,03,12,0,698.36614
2018,03,12,1,698.50909
2018,03,12,2,698.91707
2018,03,12,3,699.00206
2018,03,12,4,699.14581
2018,03,12,5,699.11093
2018,03,12,6,698.88773
2018,03,12,7,698.80338
2018,03,13,0,698.93837
2018,03,13,1,698.69075
2018,03,13,2,698.487
2018,03,13,3,698.20949
2018,03,13,4,697.21682
2018,03,13,5,695.74434
2018,03,13,6,694.77719
2018,03,13,7,693.71066
2018,03,14,0,692.68348
2018,03,14,1,691.75902
2018,03,14,2,691.36099
2018,03,14,3,691.41186
2018,03,14,4,691.15128
2018,03,14,5,690.37814
2018,03,14,6,690.13941
2018,03,14,7,690.17072
2018,03,15,0,689.53976
2018,03,15,1,688.4568
2018,03,15,2,687.80232
2018,03,15,3,687.05362
2018,03,15,4,686.51589
2018,03,15,5,685.95742
2018,03,15,6,685.64246
2018,03,15,7,686.09078
2018,03,16,0,686.63096
2018,03,16,1,687.01739
2018,03,16,2,687.62714
2018,03,16,3,688.28069
2018,03,16,4,688.52495
2018,03,16,5,688.74353
2018,03,16,6,689.2661
2018,03,16,7,689.80393
2018,03,17,0,690.09893
2018,03,17,1,690.02195
2018,03,17,2,690.0623
2018,03,17,3,689.90596
2018,03,17,4,689.50826
2018,03,17,5,689.32494
2018,03,17,6,689.09194
2018,03,17,7,688.85431
2018,03,18,0,689.09809
2018,03,18,1,689.28507
2018,03,18,2,689.2621
2018,03,18,3,689.33789
2018,03,18,4,689.23205
2018,03,18,5,688.93493
2018,03,18,6,689.52698
2018,03,18,7,690.41751
2018,03,19,0,690.50855
2018,03,19,1,690.8484
2018,03,19,2,691.45586
2018,03,19,3,691.89042
2018,03,19,4,692.30603
2018,03,19,5,692.56225
2018,03,19,6,693.17031
2018,03,19,7,693.73081
2018,03,20,0,693.62767
2018,03,20,1,693.4183
2018,03,20,2,693.18425
2018,03,20,3,692.8004
2018,03,20,4,692.84247
2018,03,20,5,692.91453
2018,03,20,6,692.81869
2018,03,20,7,692.72515
2018,03,21,0,692.98677
2018,03,21,1,693.18351
2018,03,21,2,693.34395
2018,03,21,3,693.39461
2018,03,21,4,693.61117
2018,03,21,5,694.33579
2018,03,21,6,695.01931
2018,03,21,7,695.63041
2018,03,22,0,695.98546
2018,03,22,1,696.12867
2018,03,22,2,696.3817
2018,03,22,3,696.19648
2018,03,22,4,695.72442
2018,03,22,5,695.24624
2018,03,22,6,695.1458
2018,03,22,7,695.29168
2018,03,23,0,695.17122
2018,03,23,1,694.6795
2018,03,23,2,694.43154
2018,03,23,3,694.08458
2018,03,23,4,693.82009
2018,03,23,5,693.90057
2018,03,23,6,693.71321
2018,03,23,7,693.37068
2018,03,24,0,693.32445
2018,03,24,1,693.15472
2018,03,24,2,693.28941
2018,03,24,3,693.61734
2018,03,24,4,693.86409
2018,03,24,5,694.15137
2018,03,24,6,694.55614
2018,03,24,7,695.14674
2018,03,25,0,695.88408
2018,03,25,1,696.19325
2018,03,25,2,696.71064
2018,03,25,3,697.25184
2018,03,25,4,697.57852
2018,03,25,5,697.66567
2018,03,25,6,697.67434
2018,03,25,7,697.73231
2018,03,26,0,697.66021
2018,03,26,1,697.10764
2018,03,26,2,696.58617
2018,03,26,3,696.17059
2018,03,26,4,695.69665
2018,03,26,5,695.14831
2018,03,26,6,695.13848
2018,03,26,7,695.42581
2018,03,27,0,696.12005
2018,03,27,1,696.4435
2018,03,27,2,696.94202
2018,03,27,3,697.48916
2018,03,27,4,698.33832
2018,03,27,5,698.84294
2018,03,27,6,699.351
2018,03,27,7,699.85943
2018,03,28,0,700.40001
2018,03,28,1,700.48336
2018,03,28,2,700.42195
2018,03,28,3,700.26608
2018,03,28,4,699.89615
2018,03,28,5,699.06087
2018,03,28,6,698.6242
2018,03,28,7,698.2357
2018,03,29,0,697.52427
2018,03,29,1,696.27231
2018,03,29,2,695.50121
2018,03,29,3,694.77481
2018,03,29,4,694.4282
2018,03,29,5,693.93746
2018,03,29,6,693.45344
2018,03,29,7,693.38379
2018,03,30,0,693.52459
2018,03,30,1,693.18134
2018,03,30,2,693.26982
2018,03,30,3,693.34006
2018,03,30,4,693.49245
2018,03,30,5,693.42641
2018,03,30,6,693.78093
2018,03,30,7,694.28655
2018,03,31,0,694.6072
2018,03,31,1,694.61794
2018,03,31,2,695.20704
2018,03,31,3,695.49414
2018,03,31,4,695.48302
2018,03,31,5,695.4032
2018,03,31,6,695.6289
2018,03,31,7,695.83493
2018,03,1,0,696.02798
2018,03,1,1,695.92357
2018,03,1,2,696.04721
2018,03,1,3,696.12807
2018,03,1,4,696.15232
2018,03,1,5,696.14482
2018,03,1,6,696.05376
2018,03,1,7,696.06017
2018,03,2,0,695.95208
2018,03,2,1,695.78394
2018,03,2,2,695.89526
2018,03,2,3,695.96184
2018,03,2,4,695.87899
2018,03,2,5,695.61266
2018,03,2,6,695.73571
2018,03,2,7,695.72009
2018,03,3,0,695.69053
2018,03,3,1,695.81568
2018,03,3,2,695.83875
2018,03,3,3,695.68677
2018,03,3,4,695.65153
2018,03,3,5,695.51479
2018,03,3,6,695.47122
2018,03,3,7,695.58469
2018,03,4,0,695.57679
2018,03,4,1,695.50152
2018,03,4,2,695.72022
2018,03,4,3,695.68095
2018,03,4,4,696.03277
2018,03,4,5,696.32639
2018,03,4,6,696.60882
2018,03,4,7,696.99288
2018,03,5,0,697.12771
2018,03,5,1,696.85454
2018,03,5,2,696.51266
2018,03,5,3,695.86725
2018,03,5,4,695.13113
2018,03,5,5,694.28962
2018,03,5,6,693.4853
2018,03,5,7,692.49779
2018,03,6,0,692.41908
2018,03,6,1,692.04473
2018,03,6,2,691.91393
2018,03,6,3,692.04642
2018,03,6,4,692.15769
2018,03,6,5,692.34028
2018,03,6,6,693.23693
2018,03,6,7,694.20813
2018,03,7,0,694.74242
2018,03,7,1,694.62678
2018,03,7,2,694.74168
2018,03,7,3,694.72684
2018,03,7,4,695.14759
2018,03,7,5,694.57007
2018,03,7,6,693.71613
2018,03,7,7,692.93325
2018,03,8,0,692.36656
2018,03,8,1,691.11468
2018,03,8,2,689.55929
2018,03,8,3,688.42009
2018,03,8,4,687.43307
2018,03,8,5,686.5482
2018,03,8,6,685.65936
2018,03,8,7,685.09144
2018,03,9,0,684.78808
2018,03,9,1,684.3604
2018,03,9,2,684.49376
2018,03,9,3,684.94171
2018,03,9,4,685.54921
2018,03,9,5,685.81336
2018,03,9,6,686.30491
2018,03,9,7,686.96791
2018,03,10,0,687.73227
2018,03,10,1,688.24897
2018,03,10,2,688.76817
2018,03,10,3,689.39739
2018,03,10,4,690.14463
2018,03,10,5,690.52543
2018,03,10,6,691.34298
2018,03,10,7,692.08018
2018,03,11,0,692.82829
2018,03,11,1,692.99775
2018,03,11,2,693.16782
2018,03,11,3,693.32475
2018,03,11,4,693.0018
2018,03,11,5,692.24214
2018,03,11,6,691.85546
2018,03,11,7,691.27046
2018,03,12,0,690.37296
2018,03,12,1,689.28219
2018,03,12,2,688.51473
2018,03,12,3,687.36202
2018,03,12,4,686.08341
2018,03,12,5,685.00097
2018,03,12,6,684.75611
2018,03,12,7,684.18871
2018,03,13,0,683.65079
2018,03,13,1,683.17256
2018,03,13,2,683.52451
2018,03,13,3,683.76052
2018,03,13,4,683.83688
2018,03,13,5,684.20496
2018,03,13,6,684.85786
2018,03,13,7,685.7607
2018,03,14,0,686.44334
2018,03,14,1,687.02552
2018,03,14,2,688.19862
2018,03,14,3,689.18051
2018,03,14,4,689.03281
2018,03,14,5,688.43521
2018,03,14,6,688.59958
2018,03,14,7,688.49156
2018,03,15,0,688.73761
2018,03,15,1,688.86766
2018,03,15,2,689.27967
2018,03,15,3,689.14733
2018,03,15,4,688.15852
2018,03,15,5,687.08122
2018,03,15,6,686.4732
2018,03,15,7,686.25447
2018,03,16,0,686.2169
2018,03,16,1,686.0596
2018,03,16,2,686.44356
2018,03,16,3,687.15488
2018,03,16,4,687.37198
2018,03,16,5,687.82962
2018,03,16,6,689.1031
2018,03,16,7,690.64874
2018,03,17,0,691.25411
2018,03,17,1,691.71613
2018,03,17,2,692.18498
2018,03,17,3,692.30528
2018,03,17,4,692.56019
2018,03,17,5,692.59423
2018,03,17,6,692.46802
2018,03,17,7,692.24706
2018,03,18,0,692.19032
2018,03,18,1,692.16095
2018,03,18,2,691.20929
2018,03,18,3,690.2647
2018,03,18,4,689.6204
2018,03,18,5,688.87626
2018,03,18,6,688.24958
2018,03,18,7,687.82101
2018,03,19,0,687.45489
2018,03,19,1,687.11361
2018,03,19,2,686.35042
2018,03,19,3,685.44656
2018,03,19,4,684.54623
2018,03,19,5,683.86798
2018,03,19,6,683.75433
2018,03,19,7,683.93072
2018,03,20,0,684.52349
2018,03,20,1,684.80227
2018,03,20,2,685.70791
2018,03,20,3,686.77894
2018,03,20,4,687.56372
2018,03,20,5,688.16897
2018,03,20,6,688.5555
2018,03,20,7,689.01502
2018,03,21,0,689.35159
2018,03,21,1,689.29727
2018,03,21,2,689.49019
2018,03,21,3,689.77528
2018,03,21,4,689.81103
2018,03,21,5,689.7507
2018,03,21,6,689.85567
2018,03,21,7,690.23679
2018,03,22,0,690.59042
2018,03,22,1,690.98938
2018,03,22,2,691.84458
2018,03,22,3,692.75627
2018,03,22,4,693.65265
2018,03,22,5,694.41127
2018,03,22,6,694.77432
2018,03,22,7,695.37003
2018,03,23,0,695.44774
2018,03,23,1,695.12336
2018,03,23,2,695.10853
2018,03,23,3,695.04889
2018,03,23,4,694.3717
2018,03,23,5,693.52006
2018,03,23,6,693.12395
2018,03,23,7,692.59745
2018,03,24,0,691.34558
2018,03,24,1,690.16705
2018,03,24,2,689.38266
2018,03,24,3,687.99872
2018,03,24,4,687.22368
2018,03,24,5,686.75133
2018,03,24,6,686.08588
2018,03,24,7,685.62351
2018,03,25,0,685.42592
2018,03,25,1,685.02538
2018,03,25,2,684.9362
2018,03,25,3,684.96083
2018,03,25,4,684.98894
2018,03,25,5,685.19472
2018,03,25,6,685.07144
2018,03,25,7,685.37689
2018,03,26,0,685.68557
2018,03,26,1,685.61741
2018,03,26,2,686.16835
2018,03,26,3,686.68142
2018,03,26,4,686.78959
2018,03,26,5,687.07186
2018,03,26,6,687.43549
2018,03,26,7,687.87733
2018,03,27,0,688.48035
2018,03,27,1,688.68572
2018,03,27,2,688.73116
2018,03,27,3,688.98269
2018,03,27,4,689.0951
2018,03,27,5,688.88467
2018,03,27,6,689.19928
2018,03,27,7,689.5754
2018,03,28,0,689.34672
2018,03,28,1,688.63045
2018,03,28,2,688.49913
2018,03,28,3,688.46826
2018,03,28,4,688.03839
2018,03,28,5,687.50234
2018,03,28,6,686.90878
2018,03,28,7,686.65934
2018,03,1,0,686.6298
2018,03,1,1,686.15455
2018,03,1,2,685.80978
2018,03,1,3,685.62902
2018,03,1,4,686.01169
2018,03,1,5,686.27244
2018,03,1,6,686.36857
2018,03,1,7,686.47411
2018,03,2,0,686.59487
2018,03,2,1,686.44088
2018,03,2,2,686.54791
2018,03,2,3,686.84713
2018,03,2,4,687.38476
2018,03,2,5,687.9283
2018,03,2,6,688.32506
2018,03,2,7,688.8102
2018,03,3,0,689.28404
2018,03,3,1,689.45225
2018,03,3,2,690.14154
2018,03,3,3,690.71866
2018,03,3,4,691.02329
2018,03,3,5,691.34473
2018,03,3,6,691.7121
2018,03,3,7,692.12796
2018,03,4,0,692.91255
2018,03,4,1,693.02064
2018,03,4,2,693.04891
2018,03,4,3,693.10528
2018,03,4,4,693.12018
2018,03,4,5,692.78652
2018,03,4,6,692.26742
2018,03,4,7,691.91222
2018,03,5,0,691.41634
2018,03,5,1,690.59986
2018,03,5,2,689.84402
2018,03,5,3,689.18681
2018,03,5,4,688.08753
2018,03,5,5,686.74168
2018,03,5,6,685.84068
2018,03,5,7,684.93657
2018,03,6,0,684.205
2018,03,6,1,683.18247
2018,03,6,2,682.94261
2018,03,6,3,682.85758
2018,03,6,4,682.76096
2018,03,6,5,682.69696
2018,03,6,6,682.52968
2018,03,6,7,682.94113
2018,03,7,0,682.9132
2018,03,7,1,682.86453
2018,03,7,2,683.64663
2018,03,7,3,684.54665
2018,03,7,4,685.32582
2018,03,7,5,685.535
2018,03,7,6,685.72109
2018,03,7,7,686.0912
2018,03,8,0,686.77702
2018,03,8,1,686.88588
2018,03,8,2,686.93076
2018,03,8,3,687.36994
2018,03,8,4,688.14786
2018,03,8,5,688.78885
2018,03,8,6,689.1867
2018,03,8,7,689.58993
2018,03,9,0,690.05783
2018,03,9,1,690.17216
2018,03,9,2,690.40625
2018,03,9,3,690.51551
2018,03,9,4,690.32057
2018,03,9,5,690.18701
2018,03,9,6,690.1661
2018,03,9,7,690.44537
2018,03,10,0,690.96762
2018,03,10,1,691.57066
2018,03,10,2,692.10415
2018,03,10,3,692.72922
2018,03,10,4,693.61658
2018,03,10,5,694.59617
2018,03,10,6,695.4587
2018,03,10,7,696.46885
2018,03,11,0,697.90528
2018,03,11,1,698.87775
2018,03,11,2,699.92982
2018,03,11,3,700.85675
2018,03,11,4,701.20742
2018,03,11,5,701.68306
2018,03,11,6,701.8593
2018,03,11,7,701.79519
2018,03,12,0,702.29167
2018,03,12,1,702.31539
2018,03,12,2,701.87102
2018,03,12,3,701.35843
2018,03,12,4,700.73183
2018,03,12,5,700.17216
2018,03,12,6,699.70935
2018,03,12,7,699.27475
2018,03,13,0,699.01211
2018,03,13,1,698.48066
2018,03,13,2,698.19793
2018,03,13,3,697.77231
2018,03,13,4,697.02436
2018,03,13,5,696.18839
2018,03,13,6,695.74364
2018,03,13,7,695.2295
2018,03,14,0,694.62065
2018,03,14,1,693.97524
2018,03,14,2,693.63889
2018,03,14,3,693.34008
2018,03,14,4,693.03846
2018,03,14,5,692.66635
2018,03,14,6,692.35718
2018,03,14,7,692.09712
2018,03,15,0,692.02458
2018,03,15,1,691.62745
2018,03,15,2,690.85277
2018,03,15,3,689.91672
2018,03,15,4,689.32836
2018,03,15,5,688.67539
2018,03,15,6,687.90444
2018,03,15,7,687.40579
2018,03,16,0,687.09821
2018,03,16,1,686.73153
2018,03,16,2,687.11623
2018,03,16,3,687.6368
2018,03,16,4,688.22055
2018,03,16,5,688.84657
2018,03,16,6,689.51529
2018,03,16,7,690.14789
2018,03,17,0,690.3935
2018,03,17,1,690.10214
2018,03,17,2,689.45531
2018,03,17,3,689.5085
2018,03,17,4,688.78155
2018,03,17,5,688.39698
2018,03,17,6,687.44156
2018,03,17,7,686.90894
2018,03,18,0,687.09321
2018,03,18,1,687.13541
2018,03,18,2,687.9903
2018,03,18,3,688.84059
2018,03,18,4,689.37613
2018,03,18,5,689.93423
2018,03,18,6,690.73747
2018,03,18,7,691.32399
2018,03,19,0,692.32577
2018,03,19,1,693.23753
2018,03,19,2,693.81454
2018,03,19,3,693.99584
2018,03,19,4,694.52796
2018,03,19,5,694.26328
2018,03,19,6,693.72088
2018,03,19,7,693.07049
2018,03,20,0,692.794
2018,03,20,1,692.14149
2018,03,20,2,691.34635
2018,03,20,3,690.56779
2018,03,20,4,689.68041
2018,03,20,5,688.60213
2018,03,20,6,687.50026
2018,03,20,7,686.49341
2018,03,21,0,686.0934
2018,03,21,1,685.76435
2018,03,21,2,686.51951
2018,03,21,3,687.21469
2018,03,21,4,687.86538
2018,03,21,5,688.66512
2018,03,21,6,689.65806
2018,03,21,7,690.5857
2018,03,22,0,691.41975
2018,03,22,1,691.47586
2018,03,22,2,691.50413
2018,03,22,3,691.76604
2018,03,22,4,691.76831
2018,03,22,5,691.66918
2018,03,22,6,691.56551
2018,03,22,7,691.80904
2018,03,23,0,693.26562
2018,03,23,1,694.92267
2018,03,23,2,697.11439
2018,03,23,3,699.17324
2018,03,23,4,701.07043
2018,03,23,5,701.65098
2018,03,23,6,702.06762
2018,03,23,7,701.59345
2018,03,24,0,701.74759
2018,03,24,1,702.20826
2018,03,24,2,702.64733
2018,03,24,3,703.15022
2018,03,24,4,703.55635
2018,03,24,5,703.61585
2018,03,24,6,703.04117
2018,03,24,7,701.8975
2018,03,25,0,700.48134
2018,03,25,1,697.94332
2018,03,25,2,696.55157
2018,03,25,3,696.24302
2018,03,25,4,695.89606
2018,03,25,5,695.26339
2018,03,25,6,695.07515
2018,03,25,7,695.37824
2018,03,26,0,695.7359
2018,03,26,1,696.20595
2018,03,26,2,696.45768
2018,03,26,3,696.75549
2018,03,26,4,697.3124
2018,03,26,5,697.94807
2018,03,26,6,698.36802
2018,03,26,7,698.85649
2018,03,27,0,699.33869
2018,03,27,1,699.29153
2018,03,27,2,699.48248
2018,03,27,3,700.17065
2018,03,27,4,700.5187
2018,03,27,5,700.9791
2018,03,27,6,701.40367
2018,03,27,7,701.88971
2018,03,28,0,702.38585
2018,03,28,1,702.24504
2018,03,28,2,702.41643
2018,03,28,3,702.63153
2018,03,28,4,702.72252
2018,03,28,5,702.91267
2018,03,28,6,703.55298
2018,03,28,7,703.81084
2018,03,29,0,704.28999
2018,03,29,1,704.55776
2018,03,29,2,704.58616
2018,03,29,3,704.44422
2018,03,29,4,704.50667
2018,03,29,5,704.46779
2018,03,29,6,704.51368
2018,03,29,7,704.68001
2018,03,30,0,704.51945
2018,03,30,1,704.25589
2018,03,30,2,704.27592
2018,03,30,3,704.1432
2018,03,30,4,704.23694
2018,03,30,5,712.02894
2018,03,30,6,712.11615
2018,03,30,7,712.19023
2018,03,31,0,712.3826
2018,03,31,1,712.03665
2018,03,31,2,703.9831
2018,03,31,3,704.06883
2018,03,31,4,703.49017
2018,03,31,5,702.92374
2018,03,31,6,702.49651
2018,03,31,7,701.99719
2018,03,1,0,701.91437
2018,03,1,1,701.46905
2018,03,1,2,701.02505
2018,03,1,3,700.95063
2018,03,1,4,700.9683
2018,03,1,5,700.88409
2018,03,1,6,700.84774
2018,03,1,7,700.94512
2018,03,2,0,700.96394
2018,03,2,1,700.7556
2018,03,2,2,700.53125
2018,03,2,3,700.35096
2018,03,2,4,700.23929
2018,03,2,5,699.95516
2018,03,2,6,699.3098
2018,03,2,7,698.86715
2018,03,3,0,698.36715
2018,03,3,1,697.63407
2018,03,3,2,696.9655
2018,03,3,3,696.65008
2018,03,3,4,696.00023
2018,03,3,5,695.68573
2018,03,3,6,695.60131
2018,03,3,7,695.53715
2018,03,4,0,695.29142
2018,03,4,1,694.85921
2018,03,4,2,695.28623
2018,03,4,3,695.75541
2018,03,4,4,696.04254
2018,03,4,5,696.43528
2018,03,4,6,696.6441
2018,03,4,7,696.86582
2018,03,5,0,697.27616
2018,03,5,1,697.08028
2018,03,5,2,697.16982
2018,03,5,3,697.41873
2018,03,5,4,697.55958
2018,03,5,5,697.58194
2018,03,5,6,697.34867
2018,03,5,7,697.06257
2018,03,6,0,696.83376
2018,03,6,1,696.43218
2018,03,6,2,696.23994
2018,03,6,3,696.22669
2018,03,6,4,696.32599
2018,03,6,5,696.35542
2018,03,6,6,696.7077
2018,03,6,7,697.21669
2018,03,7,0,697.43638
2018,03,7,1,697.37615
2018,03,7,2,697.90048
2018,03,7,3,698.56646
2018,03,7,4,698.64729
2018,03,7,5,698.42778
2018,03,7,6,698.48457
2018,03,7,7,698.53947
2018,03,8,0,697.93291
2018,03,8,1,697.18869
2018,03,8,2,696.95668
2018,03,8,3,696.66525
2018,03,8,4,695.92541
2018,03,8,5,695.25457
2018,03,8,6,694.77588
2018,03,8,7,694.49578
2018,03,9,0,693.82205
2018,03,9,1,693.21193
2018,03,9,2,693.25136
2018,03,9,3,693.21113
2018,03,9,4,692.88597
2018,03,9,5,692.59477
2018,03,9,6,692.15549
2018,03,9,7,691.76581
2018,03,10,0,691.33646
2018,03,10,1,690.87457
2018,03,10,2,690.89251
2018,03,10,3,690.94973
2018,03,10,4,690.79097
2018,03,10,5,690.99843
2018,03,10,6,690.83853
2018,03,10,7,690.696
2018,03,11,0,690.5337
2018,03,11,1,689.9463
2018,03,11,2,690.01963
2018,03,11,3,690.05754
2018,03,11,4,689.74609
2018,03,11,5,689.68798
2018,03,11,6,689.13181
2018,03,11,7,688.64117
2018,03,12,0,688.07592
2018,03,12,1,687.21618
2018,03,12,2,686.60132
2018,03,12,3,685.9881
2018,03,12,4,684.73014
2018,03,12,5,683.22716
2018,03,12,6,682.42595
2018,03,12,7,681.97221
2018,03,13,0,681.60987
2018,03,13,1,681.27978
2018,03,13,2,681.39449
2018,03,13,3,681.8626
2018,03,13,4,682.15737
2018,03,13,5,682.53812
2018,03,13,6,682.81969
2018,03,13,7,683.38648
2018,03,14,0,684.4522
2018,03,14,1,685.20921
2018,03,14,2,686.19997
2018,03,14,3,686.88428
2018,03,14,4,687.76954
2018,03,14,5,687.96104
2018,03,14,6,688.28727
2018,03,14,7,688.76003
2018,03,15,0,689.36604
2018,03,15,1,690.07836
2018,03,15,2,690.33609
2018,03,15,3,690.43785
2018,03,15,4,691.24369
2018,03,15,5,691.9043
2018,03,15,6,692.31161
2018,03,15,7,692.67124
2018,03,16,0,693.4067
2018,03,16,1,693.8166
2018,03,16,2,694.1682
2018,03,16,3,694.62037
2018,03,16,4,694.6745
2018,03,16,5,694.74309
2018,03,16,6,694.21165
2018,03,16,7,693.83631
2018,03,17,0,693.3301
2018,03,17,1,692.84004
2018,03,17,2,692.54638
2018,03,17,3,692.1243
2018,03,17,4,690.94588
2018,03,17,5,689.28726
2018,03,17,6,688.10022
2018,03,17,7,687.2077
2018,03,18,0,686.6352
2018,03,18,1,686.65417
2018,03,18,2,686.88527
2018,03,18,3,687.80814
2018,03,18,4,688.9613
2018,03,18,5,690.21918
2018,03,18,6,691.47233
2018,03,18,7,692.74198
2018,03,19,0,694.06323
2018,03,19,1,694.83781
2018,03,19,2,695.50429
2018,03,19,3,695.81671
2018,03,19,4,695.75824
2018,03,19,5,695.52122
2018,03,19,6,694.84226
2018,03,19,7,694.419
2018,03,20,0,694.2405
2018,03,20,1,693.68443
2018,03,20,2,693.22667
2018,03,20,3,692.78935
2018,03,20,4,692.06214
2018,03,20,5,691.45036
2018,03,20,6,690.97992
2018,03,20,7,690.77548
2018,03,21,0,690.40858
2018,03,21,1,690.02713
2018,03,21,2,689.96483
2018,03,21,3,689.81246
2018,03,21,4,689.34975
2018,03,21,5,688.87673
2018,03,21,6,688.53008
2018,03,21,7,688.43758
2018,03,22,0,688.84526
2018,03,22,1,688.97059
2018,03,22,2,689.00839
2018,03,22,3,689.34071
2018,03,22,4,689.78372
2018,03,22,5,690.12168
2018,03,22,6,690.12164
2018,03,22,7,690.06005
2018,03,23,0,690.40573
2018,03,23,1,690.22627
2018,03,23,2,690.0415
2018,03,23,3,689.99715
2018,03,23,4,689.70725
2018,03,23,5,689.47639
2018,03,23,6,689.32326
2018,03,23,7,689.49872
2018,03,24,0,689.43912
2018,03,24,1,689.12675
2018,03,24,2,689.20557
2018,03,24,3,689.16525
2018,03,24,4,688.91587
2018,03,24,5,688.69433
2018,03,24,6,687.87248
2018,03,24,7,687.34483
2018,03,25,0,687.01133
2018,03,25,1,686.49289
2018,03,25,2,686.76109
2018,03,25,3,687.40806
2018,03,25,4,687.76375
2018,03,25,5,688.2367
2018,03,25,6,688.53272
2018,03,25,7,688.74739
2018,03,26,0,689.26904
2018,03,26,1,689.05998
2018,03,26,2,688.89814
2018,03,26,3,689.10195
2018,03,26,4,688.73711
2018,03,26,5,687.9778
2018,03,26,6,687.05746
2018,03,26,7,686.64694
2018,03,27,0,686.79419
2018,03,27,1,686.57619
2018,03,27,2,686.59115
2018,03,27,3,686.61009
2018,03,27,4,686.1376
2018,03,27,5,685.79642
2018,03,27,6,685.5672
2018,03,27,7,685.40667
2018,03,28,0,685.4855
2018,03,28,1,685.15063
2018,03,28,2,684.82984
2018,03,28,3,684.65049
2018,03,28,4,684.23604
2018,03,28,5,683.78532
2018,03,28,6,683.56965
2018,03,28,7,683.68619
2018,03,29,0,683.28493
2018,03,29,1,683.03277
2018,03,29,2,683.63607
2018,03,29,3,683.98488
2018,03,29,4,684.34097
2018,03,29,5,684.86589
2018,03,29,6,685.19088
2018,03,29,7,685.20311
2018,03,30,0,685.80167
2018,03,30,1,686.09914
2018,03,30,2,686.47501
2018,03,30,3,686.63698
2018,03,30,4,686.63717
2018,03,30,5,686.34882
2018,03,30,6,685.82415
2018,03,30,7,685.37375
2018,03,1,0,685.10055
2018,03,1,1,684.42587
2018,03,1,2,683.35788
2018,03,1,3,682.49789
2018,03,1,4,681.57328
2018,03,1,5,680.66466
2018,03,1,6,679.85656
2018,03,1,7,679.39922
2018,03,2,0,679.63366
2018,03,2,1,679.65101
2018,03,2,2,679.90461
2018,03,2,3,680.57361
2018,03,2,4,681.37332
2018,03,2,5,682.3853
2018,03,2,6,683.42645
2018,03,2,7,684.34846
2018,03,3,0,685.21629
2018,03,3,1,685.81398
2018,03,3,2,686.15704
2018,03,3,3,686.44744
2018,03,3,4,687.25902
2018,03,3,5,687.91476
2018,03,3,6,688.50147
2018,03,3,7,688.8478
2018,03,4,0,688.99671
2018,03,4,1,688.7252
2018,03,4,2,688.68377
2018,03,4,3,688.38657
2018,03,4,4,688.1456
2018,03,4,5,687.95265
2018,03,4,6,687.56135
2018,03,4,7,687.40658
2018,03,5,0,687.28233
2018,03,5,1,687.15906
2018,03,5,2,687.27472
2018,03,5,3,687.26994
2018,03,5,4,686.9923
2018,03,5,5,686.30662
2018,03,5,6,685.67364
2018,03,5,7,685.67546
2018,03,6,0,685.31311
2018,03,6,1,684.27266
2018,03,6,2,683.91866
2018,03,6,3,684.21837
2018,03,6,4,683.75516
2018,03,6,5,682.54175
2018,03,6,6,681.44184
2018,03,6,7,680.72905
2018,03,7,0,680.66852
2018,03,7,1,680.65411
2018,03,7,2,680.80957
2018,03,7,3,681.82309
2018,03,7,4,683.43651
2018,03,7,5,684.88934
2018,03,7,6,686.96397
2018,03,7,7,688.52414
2018,03,8,0,688.91363
2018,03,8,1,688.30395
2018,03,8,2,688.25582
2018,03,8,3,688.74348
2018,03,8,4,688.80556
2018,03,8,5,688.55895
2018,03,8,6,688.74038
2018,03,8,7,688.99256
2018,03,9,0,689.17185
2018,03,9,1,688.39162
2018,03,9,2,686.48823
2018,03,9,3,683.86709
2018,03,9,4,681.21619
2018,03,9,5,680.00248
2018,03,9,6,680.47246
2018,03,9,7,681.73797
2018,03,10,0,683.32456
2018,03,10,1,684.63124
2018,03,10,2,685.89175
2018,03,10,3,686.71103
2018,03,10,4,686.69156
2018,03,10,5,686.81165
2018,03,10,6,687.35714
2018,03,10,7,688.13776
2018,03,11,0,688.98051
2018,03,11,1,690.04619
2018,03,11,2,691.80336
2018,03,11,3,693.55836
2018,03,11,4,694.76218
2018,03,11,5,695.36547
2018,03,11,6,695.63748
2018,03,11,7,696.12279
2018,03,12,0,696.89057
2018,03,12,1,696.7068
2018,03,12,2,696.73668
2018,03,12,3,696.93109
2018,03,12,4,697.22541
2018,03,12,5,697.24659
2018,03,12,6,697.27609
2018,03,12,7,697.43777
2018,03,13,0,697.38091
2018,03,13,1,696.7613
2018,03,13,2,696.96318
2018,03,13,3,697.1392
2018,03,13,4,697.46165
2018,03,13,5,697.45907
2018,03,13,6,697.09542
2018,03,13,7,696.51899
2018,03,14,0,695.40952
2018,03,14,1,693.87755
2018,03,14,2,693.29569
2018,03,14,3,693.88822
2018,03,14,4,694.00996
2018,03,14,5,693.84402
2018,03,14,6,693.52542
2018,03,14,7,693.06293
2018,03,15,0,692.80177
2018,03,15,1,692.31679
2018,03,15,2,692.42259
2018,03,15,3,693.39648
2018,03,15,4,694.16886
2018,03,15,5,695.06426
2018,03,15,6,696.03044
2018,03,15,7,696.89489
2018,03,16,0,697.02511
2018,03,16,1,696.11687
2018,03,16,2,695.62332
2018,03,16,3,695.25698
2018,03,16,4,694.96684
2018,03,16,5,694.33926
2018,03,16,6,693.56912
2018,03,16,7,692.73975
2018,03,17,0,692.67153
2018,03,17,1,692.83211
2018,03,17,2,692.97953
2018,03,17,3,692.94298
2018,03,17,4,693.18527
2018,03,17,5,692.8175
2018,03,17,6,692.17094
2018,03,17,7,691.43308
2018,03,18,0,691.72345
2018,03,18,1,691.58221
2018,03,18,2,690.96787
2018,03,18,3,690.67666
2018,03,18,4,690.50542
2018,03,18,5,689.8536
2018,03,18,6,689.27605
2018,03,18,7,688.88045
2018,03,19,0,688.57453
2018,03,19,1,688.20977
2018,03,19,2,688.08667
2018,03,19,3,688.2
2018,03,19,4,688.02416
2018,03,19,5,688.28783
2018,03,19,6,689.22228
2018,03,19,7,689.71965
2018,03,20,0,690.54505
2018,03,20,1,690.52717
2018,03,20,2,690.86904
2018,03,20,3,692.02638
2018,03,20,4,693.04546
2018,03,20,5,693.84112
2018,03,20,6,694.69785
2018,03,20,7,694.86695
2018,03,21,0,695.25231
2018,03,21,1,695.01511
2018,03,21,2,695.57256
2018,03,21,3,696.29724
2018,03,21,4,696.36442
2018,03,21,5,696.09844
2018,03,21,6,696.26169
2018,03,21,7,696.10834
2018,03,22,0,696.23544
2018,03,22,1,696.49478
2018,03,22,2,696.77521
2018,03,22,3,697.17853
2018,03,22,4,697.72909
2018,03,22,5,698.05087
2018,03,22,6,697.53897
2018,03,22,7,696.73512
2018,03,23,0,696.53134
2018,03,23,1,695.30278
2018,03,23,2,694.32845
2018,03,23,3,693.39563
2018,03,23,4,692.50647
2018,03,23,5,691.29986
2018,03,23,6,690.33528
2018,03,23,7,690.12056
2018,03,24,0,689.21178
2018,03,24,1,688.71856
2018,03,24,2,689.31139
2018,03,24,3,689.80804
2018,03,24,4,689.59907
2018,03,24,5,689.43534
2018,03,24,6,689.26953
2018,03,24,7,688.60733
2018,03,25,0,687.84211
2018,03,25,1,687.16834
2018,03,25,2,686.75669
2018,03,25,3,686.48854
2018,03,25,4,685.82729
2018,03,25,5,685.14628
2018,03,25,6,684.57929
2018,03,25,7,684.29964
2018,03,26,0,684.18056
2018,03,26,1,683.8805
2018,03,26,2,684.02356
2018,03,26,3,684.38504
2018,03,26,4,684.93275
2018,03,26,5,685.7709
2018,03,26,6,686.74357
2018,03,26,7,687.35547
2018,03,27,0,688.48092
2018,03,27,1,689.05574
2018,03,27,2,689.35102
2018,03,27,3,689.90132
2018,03,27,4,690.01231
2018,03,27,5,689.89023
2018,03,27,6,689.68501
2018,03,27,7,689.93857
2018,03,28,0,690.533
2018,03,28,1,690.34078
2018,03,28,2,690.47323
2018,03,28,3,690.80439
2018,03,28,4,691.20635
2018,03,28,5,691.33308
2018,03,28,6,690.91835
2018,03,28,7,690.14118
2018,03,29,0,689.73729
2018,03,29,1,689.37889
2018,03,29,2,689.02415
2018,03,29,3,689.51927
2018,03,29,4,690.85881
2018,03,29,5,692.22348
2018,03,29,6,693.64083
2018,03,29,7,694.32166
2018,03,30,0,694.01331
2018,03,30,1,693.38974
2018,03,30,2,693.61603
2018,03,30,3,693.7103
2018,03,30,4,693.79808
2018,03,30,5,694.07154
2018,03,30,6,694.59322
2018,03,30,7,694.92656
2018,03,31,0,695.81373
2018,03,31,1,696.54932
2018,03,31,2,697.39701
2018,03,31,3,698.29459
2018,03,31,4,699.48456
2018,03,31,5,700.28137
2018,03,31,6,700.0995
2018,03,31,7,699.51707
2018,03,1,0,700.37319
2018,03,1,1,701.16681
2018,03,1,2,702.38088
2018,03,1,3,703.13889
2018,03,1,4,702.89072
2018,03,1,5,704.12223
2018,03,1,6,705.68754
2018,03,1,7,705.09713
2018,03,2,0,703.49853
2018,03,2,1,702.61585
2018,03,2,2,702.14318
2018,03,2,3,701.60135
2018,03,2,4,700.53269
2018,03,2,5,698.24071
2018,03,2,6,694.79002
2018,03,2,7,689.51137
2018,03,3,0,685.14866
2018,03,3,1,682.90007
2018,03,3,2,681.72079
2018,03,3,3,681.62985
2018,03,3,4,683.00368
2018,03,3,5,683.65701
2018,03,3,6,685.06122
2018,03,3,7,686.22943
2018,03,4,0,687.032
2018,03,4,1,687.95286
2018,03,4,2,689.09608
2018,03,4,3,690.14084
2018,03,4,4,691.26245
2018,03,4,5,692.50071
2018,03,4,6,693.03712
2018,03,4,7,693.17225
2018,03,5,0,692.51159
2018,03,5,1,691.76379
2018,03,5,2,691.41648
2018,03,5,3,690.84666
2018,03,5,4,689.87482
2018,03,5,5,689.03583
2018,03,5,6,687.44275
2018,03,5,7,685.98259
2018,03,6,0,685.13481
2018,03,6,1,684.83141
2018,03,6,2,685.23961
2018,03,6,3,686.18845
2018,03,6,4,686.466
2018,03,6,5,686.41765
2018,03,6,6,686.63462
2018,03,6,7,686.38192
2018,03,7,0,687.21599
2018,03,7,1,687.73365
2018,03,7,2,686.81676
2018,03,7,3,686.50781
2018,03,7,4,686.14211
2018,03,7,5,685.93601
2018,03,7,6,686.138
2018,03,7,7,686.11481
2018,03,8,0,686.16874
2018,03,8,1,686.47977
2018,03,8,2,687.2869
2018,03,8,3,687.95986
2018,03,8,4,688.44127
2018,03,8,5,688.22153
2018,03,8,6,687.09336
2018,03,8,7,686.09467
2018,03,9,0,685.88347
2018,03,9,1,686.11354
2018,03,9,2,686.5191
2018,03,9,3,687.36197
2018,03,9,4,687.82958
2018,03,9,5,688.28765
2018,03,9,6,687.66644
2018,03,9,7,686.60034
2018,03,10,0,686.6636
2018,03,10,1,686.5901
2018,03,10,2,686.76783
2018,03,10,3,686.94102
2018,03,10,4,686.70462
2018,03,10,5,686.38374
2018,03,10,6,685.65753
2018,03,10,7,685.1967
2018,03,11,0,684.82284
2018,03,11,1,684.73559
2018,03,11,2,684.24956
2018,03,11,3,684.08321
2018,03,11,4,683.98091
2018,03,11,5,683.80109
2018,03,11,6,684.01493
2018,03,11,7,683.77819
2018,03,12,0,683.21117
2018,03,12,1,682.90988
2018,03,12,2,682.80853
2018,03,12,3,682.76335
2018,03,12,4,682.70652
2018,03,12,5,683.27364
2018,03,12,6,684.1795
2018,03,12,7,685.27078
2018,03,13,0,685.55588
2018,03,13,1,685.64429
2018,03,13,2,688.15162
2018,03,13,3,690.58215
2018,03,13,4,692.08756
2018,03,13,5,692.6886
2018,03,13,6,692.51481
2018,03,13,7,692.41998
2018,03,14,0,692.63426
2018,03,14,1,692.50759
2018,03,14,2,692.2774
2018,03,14,3,692.6477
2018,03,14,4,693.28621
2018,03,14,5,693.57928
2018,03,14,6,693.55014
2018,03,14,7,693.61074
2018,03,15,0,694.82425
2018,03,15,1,696.18311
2018,03,15,2,697.79005
2018,03,15,3,700.23044
2018,03,15,4,702.69993
2018,03,15,5,703.46868
2018,03,15,6,702.7615
2018,03,15,7,702.69645
2018,03,16,0,702.5661
2018,03,16,1,702.6546
2018,03,16,2,702.80938
2018,03,16,3,702.20795
2018,03,16,4,701.8066
2018,03,16,5,701.40761
2018,03,16,6,701.57178
2018,03,16,7,702.38542
2018,03,17,0,703.82955
2018,03,17,1,705.01912
2018,03,17,2,711.63309
2018,03,17,3,712.09415
2018,03,17,4,712.45213
2018,03,17,5,712.40036
2018,03,17,6,711.76259
2018,03,17,7,704.13369
2018,03,18,0,704.38804
2018,03,18,1,711.7494
2018,03,18,2,711.90262
2018,03,18,3,711.68909
2018,03,18,4,711.69891
2018,03,18,5,705.6952
2018,03,18,6,711.99533
2018,03,18,7,712.82512
2018,03,19,0,712.72714
2018,03,19,1,711.92382
2018,03,19,2,712.18204
2018,03,19,3,712.83471
2018,03,19,4,712.58226
2018,03,19,5,712.50199
2018,03,19,6,705.67373
2018,03,19,7,704.976
2018,03,20,0,704.08503
2018,03,20,1,702.26828
2018,03,20,2,702.66483
2018,03,20,3,702.92941
2018,03,20,4,702.99464
2018,03,20,5,703.19997
2018,03,20,6,702.44472
2018,03,20,7,701.5193
2018,03,21,0,700.4905
2018,03,21,1,699.25669
2018,03,21,2,699.08346
2018,03,21,3,699.21738
2018,03,21,4,699.05897
2018,03,21,5,698.97821
2018,03,21,6,698.8673
2018,03,21,7,698.89026
2018,03,22,0,699.20614
2018,03,22,1,699.31398
2018,03,22,2,699.77072
2018,03,22,3,700.0602
2018,03,22,4,700.12171
2018,03,22,5,700.52095
2018,03,22,6,700.50418
2018,03,22,7,700.49541
2018,03,23,0,700.26924
2018,03,23,1,699.71014
2018,03,23,2,700.01003
2018,03,23,3,700.02602
2018,03,23,4,699.64835
2018,03,23,5,699.46282
2018,03,23,6,698.95444
2018,03,23,7,698.20435
2018,03,24,0,696.82042
2018,03,24,1,695.33938
2018,03,24,2,694.95971
2018,03,24,3,694.06185
2018,03,24,4,692.67568
2018,03,24,5,691.69282
2018,03,24,6,690.51545
2018,03,24,7,689.69217
2018,03,25,0,689.33569
2018,03,25,1,688.71267
2018,03,25,2,688.34509
2018,03,25,3,688.28411
2018,03,25,4,688.47133
2018,03,25,5,689.08672
2018,03,25,6,689.15423
2018,03,25,7,689.68751
2018,03,26,0,690.12772
2018,03,26,1,690.22763
2018,03,26,2,691.48132
2018,03,26,3,693.11895
2018,03,26,4,693.97905
2018,03,26,5,693.97371
2018,03,26,6,693.64689
2018,03,26,7,693.28284
2018,03,27,0,693.04077
2018,03,27,1,693.02642
2018,03,27,2,692.71507
2018,03,27,3,692.8109
2018,03,27,4,693.17503
2018,03,27,5,694.304
2018,03,27,6,694.85918
2018,03,27,7,695.0298
2018,03,28,0,694.79191
2018,03,28,1,694.50096
2018,03,28,2,694.82113
2018,03,28,3,694.90026
2018,03,28,4,694.59438
2018,03,28,5,694.07384
2018,03,28,6,693.5853
2018,03,28,7,693.08962
2018,03,29,0,692.68254
2018,03,29,1,692.23925
2018,03,29,2,691.62035
2018,03,29,3,691.33542
2018,03,29,4,690.9949
2018,03,29,5,690.73775
2018,03,29,6,691.11057
2018,03,29,7,691.41712
2018,03,30,0,691.91843
2018,03,30,1,691.89916
2018,03,30,2,691.67306
2018,03,30,3,691.36276
2018,03,30,4,690.29973
2018,03,30,5,688.71257
2018,03,30,6,687.91293
2018,03,30,7,687.46169
2018,03,1,0,686.35484
2018,03,1,1,685.02798
2018,03,1,2,684.44371
2018,03,1,3,684.35861
2018,03,1,4,684.71246
2018,03,1,5,685.16326
2018,03,1,6,686.33051
2018,03,1,7,688.00396
2018,03,2,0,689.16251
2018,03,2,1,690.22969
2018,03,2,2,692.19683
2018,03,2,3,694.04549
2018,03,2,4,695.24868
2018,03,2,5,695.72922
2018,03,2,6,695.70477
2018,03,2,7,695.31692
2018,03,3,0,694.01477
2018,03,3,1,692.82069
2018,03,3,2,692.58085
2018,03,3,3,692.97251
2018,03,3,4,692.65447
2018,03,3,5,692.61924
2018,03,3,6,692.55782
2018,03,3,7,692.32649
2018,03,4,0,691.90581
2018,03,4,1,691.29459
2018,03,4,2,690.60558
2018,03,4,3,690.63931
2018,03,4,4,690.71097
2018,03,4,5,690.46923
2018,03,4,6,689.74374
2018,03,4,7,688.7408
2018,03,5,0,687.96182
2018,03,5,1,687.00208
2018,03,5,2,685.77881
2018,03,5,3,684.52769
2018,03,5,4,683.7532
2018,03,5,5,682.9167
2018,03,5,6,681.41507
2018,03,5,7,680.09746
2018,03,6,0,679.40845
2018,03,6,1,678.73218
2018,03,6,2,677.98482
2018,03,6,3,677.18203
2018,03,6,4,676.14635
2018,03,6,5,675.26245
2018,03,6,6,674.81806
2018,03,6,7,674.91043
2018,03,7,0,675.29673
2018,03,7,1,675.63303
2018,03,7,2,675.97073
2018,03,7,3,676.28205
2018,03,7,4,676.61317
2018,03,7,5,677.44593
2018,03,7,6,677.55597
2018,03,7,7,677.80836
2018,03,8,0,678.74839
2018,03,8,1,679.22785
2018,03,8,2,679.28301
2018,03,8,3,679.51208
2018,03,8,4,679.32752
2018,03,8,5,678.97875
2018,03,8,6,678.59389
2018,03,8,7,678.04033
2018,03,9,0,677.96509
2018,03,9,1,677.9643
2018,03,9,2,678.13186
2018,03,9,3,678.10338
2018,03,9,4,677.63322
2018,03,9,5,677.34771
2018,03,9,6,677.12866
2018,03,9,7,677.05967
2018,03,10,0,677.45505
2018,03,10,1,677.44942
2018,03,10,2,678.14718
2018,03,10,3,678.62757
2018,03,10,4,678.87056
2018,03,10,5,679.16685
2018,03,10,6,678.99045
2018,03,10,7,678.60154
2018,03,11,0,678.09583
2018,03,11,1,677.44292
2018,03,11,2,677.06754
2018,03,11,3,676.82017
2018,03,11,4,676.38876
2018,03,11,5,676.25725
2018,03,11,6,675.78513
2018,03,11,7,675.55893
2018,03,12,0,676.13608
2018,03,12,1,676.57652
2018,03,12,2,676.90259
2018,03,12,3,677.5382
2018,03,12,4,677.58683
2018,03,12,5,677.57369
2018,03,12,6,678.14285
2018,03,12,7,679.16567
2018,03,13,0,680.67844
2018,03,13,1,681.84088
2018,03,13,2,682.78913
2018,03,13,3,683.9409
2018,03,13,4,684.56408
2018,03,13,5,684.70643
2018,03,13,6,684.46001
2018,03,13,7,683.76553
2018,03,14,0,683.71832
2018,03,14,1,683.6381
2018,03,14,2,683.77942
2018,03,14,3,684.32926
2018,03,14,4,684.80726
2018,03,14,5,685.39674
2018,03,14,6,685.71231
2018,03,14,7,686.05865
2018,03,15,0,686.51468
2018,03,15,1,686.43317
2018,03,15,2,686.48346
2018,03,15,3,686.78599
2018,03,15,4,686.70587
2018,03,15,5,686.84091
2018,03,15,6,685.46206
2018,03,15,7,684.38576
2018,03,16,0,683.42686
2018,03,16,1,683.48668
2018,03,16,2,683.81901
2018,03,16,3,684.04203
2018,03,16,4,684.41285
2018,03,16,5,684.71244
2018,03,16,6,685.27373
2018,03,16,7,686.35794
2018,03,17,0,687.53444
2018,03,17,1,688.33635
2018,03,17,2,688.20897
2018,03,17,3,688.22864
2018,03,17,4,689.02257
2018,03,17,5,688.85793
2018,03,17,6,688.2502
2018,03,17,7,688.15983
2018,03,18,0,688.6402
2018,03,18,1,688.31812
2018,03,18,2,687.23214
2018,03,18,3,686.44233
2018,03,18,4,685.1901
2018,03,18,5,683.48093
2018,03,18,6,682.48415
2018,03,18,7,681.57324
2018,03,19,0,681.10908
2018,03,19,1,680.83802
2018,03,19,2,680.79925
2018,03,19,3,681.54386
2018,03,19,4,682.48819
2018,03,19,5,683.47762
2018,03,19,6,684.8239
2018,03,19,7,686.09936
2018,03,20,0,687.57133
2018,03,20,1,688.85144
2018,03,20,2,688.90352
2018,03,20,3,688.90012
2018,03,20,4,689.26424
2018,03,20,5,689.33422
2018,03,20,6,689.78433
2018,03,20,7,690.00653
2018,03,21,0,689.89807
2018,03,21,1,689.44534
2018,03,21,2,688.8373
2018,03,21,3,687.93609
2018,03,21,4,686.80046
2018,03,21,5,685.59333
2018,03,21,6,683.62694
2018,03,21,7,682.66799
2018,03,22,0,682.4308
2018,03,22,1,682.33074
2018,03,22,2,682.33098
2018,03,22,3,683.10122
2018,03,22,4,684.02324
2018,03,22,5,684.99598
2018,03,22,6,686.0518
2018,03,22,7,686.68795
2018,03,23,0,686.62531
2018,03,23,1,686.82281
2018,03,23,2,687.50804
2018,03,23,3,687.86972
2018,03,23,4,687.43606
2018,03,23,5,686.65711
2018,03,23,6,685.24541
2018,03,23,7,683.90794
2018,03,24,0,683.79673
2018,03,24,1,685.3878
2018,03,24,2,686.71905
2018,03,24,3,689.20669
2018,03,24,4,692.1457
2018,03,24,5,694.38007
2018,03,24,6,695.41794
2018,03,24,7,695.34285
2018,03,25,0,694.47248
2018,03,25,1,693.65252
2018,03,25,2,693.48137
2018,03,25,3,694.11736
2018,03,25,4,694.74788
2018,03,25,5,695.91112
2018,03,25,6,696.89096
2018,03,25,7,697.65737
2018,03,26,0,697.00893
2018,03,26,1,696.2634
2018,03,26,2,697.92534
2018,03,26,3,699.79151
2018,03,26,4,702.46728
2018,03,26,5,704.53888
2018,03,26,6,702.24561
2018,03,26,7,699.42728
2018,03,27,0,697.11261
2018,03,27,1,695.06168
2018,03,27,2,692.66078
2018,03,27,3,692.59653
2018,03,27,4,692.85123
2018,03,27,5,693.99839
2018,03,27,6,694.41514
2018,03,27,7,694.33838
2018,03,28,0,692.67788
2018,03,28,1,692.2358
2018,03,28,2,693.47949
2018,03,28,3,693.93552
2018,03,28,4,695.46553
2018,03,28,5,696.71691
2018,03,28,6,697.22339
2018,03,28,7,697.26523
2018,03,29,0,696.27478
2018,03,29,1,695.34529
2018,03,29,2,694.75078
2018,03,29,3,695.12047
2018,03,29,4,695.84694
2018,03,29,5,696.71064
2018,03,29,6,696.70443
2018,03,29,7,696.33606
2018,03,30,0,695.39607
2018,03,30,1,694.53747
2018,03,30,2,694.99661
2018,03,30,3,695.69099
2018,03,30,4,696.30352
2018,03,30,5,696.64989
2018,03,30,6,696.65569
2018,03,30,7,696.88771
2018,03,31,0,697.49989
2018,03,31,1,697.74604
2018,03,31,2,697.95613
2018,03,31,3,697.95592
2018,03,31,4,697.72561
2018,03,31,5,697.19562
2018,03,31,6,696.79825
2018,03,31,7,696.17123
2018,03,1,0,695.4321
2018,03,1,1,694.35364
2018,03,1,2,693.34153
2018,03,1,3,692.81082
2018,03,1,4,692.86371
2018,03,1,5,694.02038
2018,03,1,6,694.87939
2018,03,1,7,694.70431
2018,03,2,0,694.65147
2018,03,2,1,693.9068
2018,03,2,2,693.62949
2018,03,2,3,693.13028
2018,03,2,4,692.2598
2018,03,2,5,691.85627
2018,03,2,6,692.03027
2018,03,2,7,692.71815
2018,03,3,0,693.41486
2018,03,3,1,694.11801
2018,03,3,2,695.69434
2018,03,3,3,697.49943
2018,03,3,4,699.40767
2018,03,3,5,700.52592
2018,03,3,6,699.65916
2018,03,3,7,697.9985
2018,03,4,0,697.50496
2018,03,4,1,697.56628
2018,03,4,2,697.35708
2018,03,4,3,697.05395
2018,03,4,4,696.85673
2018,03,4,5,696.28961
2018,03,4,6,695.03541
2018,03,4,7,692.87769
2018,03,5,0,690.41357
2018,03,5,1,687.65116
2018,03,5,2,686.66721
2018,03,5,3,686.05936
2018,03,5,4,685.95275
2018,03,5,5,686.87803
2018,03,5,6,687.98866
2018,03,5,7,688.69911
2018,03,6,0,688.85442
2018,03,6,1,689.55007
2018,03,6,2,691.61671
2018,03,6,3,693.87604
2018,03,6,4,695.12237
2018,03,6,5,695.84495
2018,03,6,6,695.82395
2018,03,6,7,695.03745
2018,03,7,0,695.75408
2018,03,7,1,696.51856
2018,03,7,2,696.81298
2018,03,7,3,697.85051
2018,03,7,4,699.38051
2018,03,7,5,701.09377
2018,03,7,6,701.14205
2018,03,7,7,701.5538
2018,03,8,0,701.72305
2018,03,8,1,703.18525
2018,03,8,2,705.00197
2018,03,8,3,712.52779
2018,03,8,4,712.45852
2018,03,8,5,712.39946
2018,03,8,6,705.1999
2018,03,8,7,702.86045
2018,03,9,0,703.98573
2018,03,9,1,704.76059
2018,03,9,2,704.99789
2018,03,9,3,712.19586
2018,03,9,4,712.22136
2018,03,9,5,712.00816
2018,03,9,6,704.25779
2018,03,9,7,702.17237
2018,03,10,0,702.46361
2018,03,10,1,702.66221
2018,03,10,2,702.75899
2018,03,10,3,703.49352
2018,03,10,4,703.61616
2018,03,10,5,703.72454
2018,03,10,6,703.61566
2018,03,10,7,703.47227
2018,03,11,0,702.67463
2018,03,11,1,701.4274
2018,03,11,2,700.69597
2018,03,11,3,699.21016
2018,03,11,4,697.18704
2018,03,11,5,695.49999
2018,03,11,6,694.58497
2018,03,11,7,694.04322
2018,03,12,0,693.97853
2018,03,12,1,694.33242
2018,03,12,2,694.35858
2018,03,12,3,694.18674
2018,03,12,4,694.16002
2018,03,12,5,694.54261
2018,03,12,6,695.11713
2018,03,12,7,695.88803
2018,03,13,0,696.75628
2018,03,13,1,697.70728
2018,03,13,2,698.94012
2018,03,13,3,700.31333
2018,03,13,4,701.31123
2018,03,13,5,702.1214
2018,03,13,6,702.67746
2018,03,13,7,702.94971
2018,03,14,0,703.50011
2018,03,14,1,704.4247
2018,03,14,2,703.60278
2018,03,14,3,703.3201
2018,03,14,4,703.9991
2018,03,14,5,704.60697
2018,03,14,6,704.93215
2018,03,14,7,705.24451
2018,03,15,0,705.12511
2018,03,15,1,704.708
2018,03,15,2,704.75843
2018,03,15,3,704.01055
2018,03,15,4,703.66729
2018,03,15,5,703.25958
2018,03,15,6,702.43083
2018,03,15,7,701.7109
2018,03,16,0,701.18614
2018,03,16,1,700.67864
2018,03,16,2,700.53657
2018,03,16,3,700.70974
2018,03,16,4,700.91947
2018,03,16,5,700.77288
2018,03,16,6,699.36939
2018,03,16,7,698.00761
2018,03,17,0,696.98079
2018,03,17,1,696.43343
2018,03,17,2,696.34608
2018,03,17,3,696.17005
2018,03,17,4,695.60892
2018,03,17,5,694.9037
2018,03,17,6,694.24072
2018,03,17,7,693.73224
2018,03,18,0,693.82773
2018,03,18,1,693.96815
2018,03,18,2,694.08482
2018,03,18,3,694.05264
2018,03,18,4,693.92947
2018,03,18,5,693.66189
2018,03,18,6,692.50355
2018,03,18,7,691.01401
2018,03,19,0,690.11394
2018,03,19,1,688.82412
2018,03,19,2,687.83705
2018,03,19,3,687.09441
2018,03,19,4,686.60273
2018,03,19,5,686.50206
2018,03,19,6,686.4981
2018,03,19,7,686.87777
2018,03,20,0,686.68708
2018,03,20,1,686.36522
2018,03,20,2,686.22423
2018,03,20,3,685.92072
2018,03,20,4,685.45038
2018,03,20,5,684.9349
2018,03,20,6,684.77186
2018,03,20,7,684.92235
2018,03,21,0,684.57823
2018,03,21,1,684.14025
2018,03,21,2,684.51036
2018,03,21,3,685.2118
2018,03,21,4,685.72099
2018,03,21,5,686.30215
2018,03,21,6,686.99406
2018,03,21,7,687.76175
2018,03,22,0,688.40765
2018,03,22,1,688.97111
2018,03,22,2,689.45499
2018,03,22,3,689.82183
2018,03,22,4,690.18009
2018,03,22,5,690.38062
2018,03,22,6,690.6094
2018,03,22,7,691.17178
2018,03,23,0,691.11632
2018,03,23,1,690.81886
2018,03,23,2,690.87221
2018,03,23,3,691.02885
2018,03,23,4,691.17264
2018,03,23,5,691.29902
2018,03,23,6,691.52456
2018,03,23,7,692.03076
2018,03,24,0,692.45695
2018,03,24,1,692.85357
2018,03,24,2,692.55147
2018,03,24,3,692.3248
2018,03,24,4,692.47963
2018,03,24,5,692.72154
2018,03,24,6,692.31729
2018,03,24,7,691.91033
2018,03,25,0,692.13256
2018,03,25,1,692.25021
2018,03,25,2,692.21808
2018,03,25,3,692.41904
2018,03,25,4,692.61328
2018,03,25,5,692.66624
2018,03,25,6,692.98546
2018,03,25,7,693.59837
2018,03,26,0,693.3208
2018,03,26,1,692.78411
2018,03,26,2,692.84672
2018,03,26,3,692.58194
2018,03,26,4,691.99433
2018,03,26,5,691.0459
2018,03,26,6,690.15836
2018,03,26,7,689.574
2018,03,27,0,688.9114
2018,03,27,1,687.84791
2018,03,27,2,686.7034
2018,03,27,3,685.18424
2018,03,27,4,683.30907
2018,03,27,5,681.29369
2018,03,27,6,679.38802
2018,03,27,7,677.85863
2018,03,28,0,676.59756
2018,03,28,1,675.09206
2018,03,28,2,674.18116
2018,03,28,3,673.87691
2018,03,28,4,674.42048
2018,03,28,5,675.08634
2018,03,28,6,675.69765
2018,03,28,7,676.53699
2018,03,29,0,677.24567
2018,03,29,1,678.00301
2018,03,29,2,679.17234
2018,03,29,3,680.17142
2018,03,29,4,681.02692
2018,03,29,5,682.01642
2018,03,29,6,682.67791
2018,03,29,7,683.18026
2018,03,30,0,683.44064
2018,03,30,1,683.54408
2018,03,30,2,684.00877
2018,03,30,3,684.19857
2018,03,30,4,684.81242
2018,03,30,5,684.77736
2018,03,30,6,684.42173
2018,03,30,7,683.61337
2018,03,31,0,682.45783
2018,03,31,1,681.31839
2018,03,31,2,680.56636
2018,03,31,3,679.47039
2018,03,31,4,676.97336
2018,03,31,5,675.49331
2018,03,31,6,674.2795
2018,03,31,7,673.69185
2018,03,1,0,673.76648
2018,03,1,1,673.84718
2018,03,1,2,674.20045
2018,03,1,3,675.21327
2018,03,1,4,676.08684
2018,03,1,5,677.07497
2018,03,1,6,677.70172
2018,03,1,7,678.63625
2018,03,2,0,679.16248
2018,03,2,1,678.79477
2018,03,2,2,678.92578
2018,03,2,3,679.25666
2018,03,2,4,678.92206
2018,03,2,5,678.43058
2018,03,2,6,677.8781
2018,03,2,7,677.34049
2018,03,3,0,676.40052
2018,03,3,1,675.82725
2018,03,3,2,675.95363
2018,03,3,3,676.62125
2018,03,3,4,676.26219
2018,03,3,5,675.66415
2018,03,3,6,675.50988
2018,03,3,7,675.43666
2018,03,4,0,674.90836
2018,03,4,1,673.61593
2018,03,4,2,673.68998
2018,03,4,3,673.68739
2018,03,4,4,672.74235
2018,03,4,5,671.86233
2018,03,4,6,671.07003
2018,03,4,7,670.33054
2018,03,5,0,670.4577
2018,03,5,1,670.58037
2018,03,5,2,671.42091
2018,03,5,3,672.23333
2018,03,5,4,672.73705
2018,03,5,5,673.60728
2018,03,5,6,674.63498
2018,03,5,7,675.66937
2018,03,6,0,676.52349
2018,03,6,1,676.78114
2018,03,6,2,677.03502
2018,03,6,3,677.37669
2018,03,6,4,677.85679
2018,03,6,5,678.48351
2018,03,6,6,678.84904
2018,03,6,7,678.73148
2018,03,7,0,678.37561
2018,03,7,1,677.74107
2018,03,7,2,677.56468
2018,03,7,3,677.59406
2018,03,7,4,677.71209
2018,03,7,5,677.7932
2018,03,7,6,677.68006
2018,03,7,7,677.93222
2018,03,8,0,677.62511
2018,03,8,1,677.34238
2018,03,8,2,678.45815
2018,03,8,3,679.24303
2018,03,8,4,679.82989
2018,03,8,5,680.44157
2018,03,8,6,680.70174
2018,03,8,7,680.95933
2018,03,9,0,681.04561
2018,03,9,1,681.01774
2018,03,9,2,681.53565
2018,03,9,3,681.80876
2018,03,9,4,682.27449
2018,03,9,5,682.83581
2018,03,9,6,683.31737
2018,03,9,7,683.67423
2018,03,10,0,683.71656
2018,03,10,1,683.94908
2018,03,10,2,684.34249
2018,03,10,3,684.21971
2018,03,10,4,683.83386
2018,03,10,5,683.61182
2018,03,10,6,683.68106
2018,03,10,7,683.23663
2018,03,11,0,682.82553
2018,03,11,1,683.30762
2018,03,11,2,683.48181
2018,03,11,3,683.56452
2018,03,11,4,684.00003
2018,03,11,5,684.32353
2018,03,11,6,684.38276
2018,03,11,7,683.35544
2018,03,12,0,682.58232
2018,03,12,1,682.4594
2018,03,12,2,681.896
2018,03,12,3,681.0996
2018,03,12,4,681.83813
2018,03,12,5,682.59142
2018,03,12,6,683.40417
2018,03,12,7,684.3967
2018,03,13,0,684.61016
2018,03,13,1,684.67891
2018,03,13,2,685.46288
2018,03,13,3,685.97579
2018,03,13,4,685.93671
2018,03,13,5,685.62906
2018,03,13,6,685.08145
2018,03,13,7,684.69303
2018,03,14,0,684.25557
2018,03,14,1,683.56879
2018,03,14,2,683.41307
2018,03,14,3,683.24652
2018,03,14,4,682.96992
2018,03,14,5,682.44785
2018,03,14,6,682.30309
2018,03,14,7,682.28712
2018,03,15,0,681.5938
2018,03,15,1,681.10523
2018,03,15,2,681.1903
2018,03,15,3,681.14774
2018,03,15,4,681.34715
2018,03,15,5,681.64035
2018,03,15,6,681.86927
2018,03,15,7,682.27046
2018,03,16,0,682.86391
2018,03,16,1,683.83183
2018,03,16,2,684.70265
2018,03,16,3,685.1175
2018,03,16,4,685.83631
2018,03,16,5,686.15784
2018,03,16,6,686.37393
2018,03,16,7,686.27904
2018,03,17,0,686.95796
2018,03,17,1,687.22649
2018,03,17,2,687.49249
2018,03,17,3,687.45182
2018,03,17,4,687.11953
2018,03,17,5,686.72566
2018,03,17,6,686.06089
2018,03,17,7,685.52539
2018,03,18,0,685.08314
2018,03,18,1,684.31776
2018,03,18,2,683.82066
2018,03,18,3,683.49774
2018,03,18,4,683.14816
2018,03,18,5,682.94817
2018,03,18,6,682.86626
2018,03,18,7,682.72148
2018,03,19,0,682.49006
2018,03,19,1,682.6401
2018,03,19,2,683.14548
2018,03,19,3,683.03884
2018,03,19,4,683.65019
2018,03,19,5,684.05865
2018,03,19,6,684.30058
2018,03,19,7,684.53833
2018,03,20,0,685.35346
2018,03,20,1,686.32018
2018,03,20,2,687.09927
2018,03,20,3,687.91336
2018,03,20,4,688.60222
2018,03,20,5,688.97079
2018,03,20,6,688.74099
2018,03,20,7,688.64866
2018,03,21,0,688.52277
2018,03,21,1,688.34695
2018,03,21,2,688.23214
2018,03,21,3,688.03462
2018,03,21,4,687.49812
2018,03,21,5,686.86396
2018,03,21,6,685.89582
2018,03,21,7,684.83054
2018,03,22,0,684.68517
2018,03,22,1,684.20072
2018,03,22,2,683.56079
2018,03,22,3,683.12374
2018,03,22,4,682.81611
2018,03,22,5,682.70013
2018,03,22,6,682.23321
2018,03,22,7,681.79953
2018,03,23,0,681.70084
2018,03,23,1,681.43745
2018,03,23,2,681.3444
2018,03,23,3,681.69892
2018,03,23,4,681.82453
2018,03,23,5,681.85682
2018,03,23,6,681.99771
2018,03,23,7,682.23794
2018,03,24,0,682.43922
2018,03,24,1,682.07232
2018,03,24,2,682.1832
2018,03,24,3,682.28952
2018,03,24,4,682.01952
2018,03,24,5,681.67534
2018,03,24,6,681.66159
2018,03,24,7,681.65175
2018,03,25,0,681.76454
2018,03,25,1,681.87243
2018,03,25,2,681.92319
2018,03,25,3,681.99009
2018,03,25,4,682.27358
2018,03,25,5,682.28584
2018,03,25,6,682.47151
2018,03,25,7,682.84808
2018,03,26,0,683.65082
2018,03,26,1,683.97073
2018,03,26,2,684.38979
2018,03,26,3,685.1352
2018,03,26,4,685.46616
2018,03,26,5,685.41833
2018,03,26,6,685.66768
2018,03,26,7,686.18011
2018,03,27,0,686.71529
2018,03,27,1,686.73982
2018,03,27,2,686.92477
2018,03,27,3,687.40815
2018,03,27,4,687.08531
2018,03,27,5,686.65028
2018,03,27,6,686.63797
2018,03,27,7,686.46302
2018,03,28,0,686.50109
2018,03,28,1,685.96878
2018,03,28,2,685.80771
2018,03,28,3,685.8734
2018,03,28,4,686.00988
2018,03,28,5,685.63087
2018,03,28,6,685.22518
2018,03,28,7,684.76144
2018,03,29,0,684.52226
2018,03,29,1,684.10806
2018,03,29,2,683.84883
2018,03,29,3,683.79499
2018,03,29,4,683.26004
2018,03,29,5,683.14462
2018,03,29,6,683.45305
2018,03,29,7,683.61463
2018,03,30,0,683.93521
2018,03,30,1,684.18716
2018,03,30,2,684.37258
2018,03,30,3,684.61909
2018,03,30,4,684.81486
2018,03,30,5,684.78612
2018,03,30,6,684.77919
2018,03,30,7,684.47593
2018,03,1,0,684.49073
2018,03,1,1,684.68076
2018,03,1,2,684.7617
2018,03,1,3,684.42059
2018,03,1,4,683.45472
2018,03,1,5,682.73027
2018,03,1,6,682.27863
2018,03,1,7,681.9739
2018,03,2,0,682.15726
2018,03,2,1,682.69216
2018,03,2,2,682.82893
2018,03,2,3,682.72772
2018,03,2,4,682.37168
2018,03,2,5,681.78063
2018,03,2,6,681.38972
2018,03,2,7,680.82493
2018,03,3,0,680.55853
2018,03,3,1,680.29936
2018,03,3,2,680.54137
2018,03,3,3,680.81724
2018,03,3,4,680.25452
2018,03,3,5,680.68867
2018,03,3,6,680.96334
2018,03,3,7,680.94107
2018,03,4,0,681.68825
2018,03,4,1,682.55443
2018,03,4,2,683.3272
2018,03,4,3,684.28975
2018,03,4,4,684.36909
2018,03,4,5,684.50406
2018,03,4,6,684.85042
2018,03,4,7,685.15653
2018,03,5,0,684.858
2018,03,5,1,684.61231
2018,03,5,2,684.64619
2018,03,5,3,684.83486
2018,03,5,4,684.90672
2018,03,5,5,685.12257
2018,03,5,6,685.72678
2018,03,5,7,686.30349
2018,03,6,0,686.88441
2018,03,6,1,687.21661
2018,03,6,2,687.80529
2018,03,6,3,688.81421
2018,03,6,4,689.16015
2018,03,6,5,689.24577
2018,03,6,6,689.81172
2018,03,6,7,690.64519
2018,03,7,0,691.04752
2018,03,7,1,691.47646
2018,03,7,2,692.45913
2018,03,7,3,693.05321
2018,03,7,4,693.72713
2018,03,7,5,694.23681
2018,03,7,6,694.7645
2018,03,7,7,695.37303
2018,03,8,0,695.55719
2018,03,8,1,695.31349
2018,03,8,2,695.24299
2018,03,8,3,695.31367
2018,03,8,4,695.03126
2018,03,8,5,694.97446
2018,03,8,6,694.97091
2018,03,8,7,694.73509
2018,03,9,0,694.22089
2018,03,9,1,693.74513
2018,03,9,2,694.04507
2018,03,9,3,694.36268
2018,03,9,4,694.27342
2018,03,9,5,693.8025
2018,03,9,6,693.81425
2018,03,9,7,693.64614
2018,03,10,0,692.81141
2018,03,10,1,691.82457
2018,03,10,2,691.98936
2018,03,10,3,692.51983
2018,03,10,4,692.49943
2018,03,10,5,692.08954
2018,03,10,6,692.4091
2018,03,10,7,692.79741
2018,03,11,0,691.87852
2018,03,11,1,691.14432
2018,03,11,2,691.50747
2018,03,11,3,692.40377
2018,03,11,4,692.92658
2018,03,11,5,693.4826
2018,03,11,6,694.7936
2018,03,11,7,695.77977
2018,03,12,0,695.24049
2018,03,12,1,694.57947
2018,03,12,2,694.52302
2018,03,12,3,694.25338
2018,03,12,4,693.94896
2018,03,12,5,693.68165
2018,03,12,6,692.69896
2018,03,12,7,692.34653
2018,03,13,0,691.73662
2018,03,13,1,691.20694
2018,03,13,2,690.92885
2018,03,13,3,690.63024
2018,03,13,4,690.93001
2018,03,13,5,691.30376
2018,03,13,6,691.07991
2018,03,13,7,690.84855
2018,03,14,0,690.72163
2018,03,14,1,690.71606
2018,03,14,2,690.63244
2018,03,14,3,690.35682
2018,03,14,4,690.13091
2018,03,14,5,689.89713
2018,03,14,6,689.59686
2018,03,14,7,689.49461
2018,03,15,0,689.12001
2018,03,15,1,688.32769
2018,03,15,2,688.08372
2018,03,15,3,687.97497
2018,03,15,4,687.15319
2018,03,15,5,686.16075
2018,03,15,6,685.404
2018,03,15,7,684.9449
2018,03,16,0,684.83628
2018,03,16,1,685.20652
2018,03,16,2,685.34415
2018,03,16,3,685.56059
2018,03,16,4,685.37416
2018,03,16,5,685.08559
2018,03,16,6,684.94944
2018,03,16,7,684.79751
2018,03,17,0,685.31444
2018,03,17,1,685.86898
2018,03,17,2,686.53483
2018,03,17,3,687.36572
2018,03,17,4,688.06174
2018,03,17,5,688.35
2018,03,17,6,688.75934
2018,03,17,7,688.8118
2018,03,18,0,688.62092
2018,03,18,1,688.26347
2018,03,18,2,688.23695
2018,03,18,3,688.24001
2018,03,18,4,689.52952
2018,03,18,5,690.93867
2018,03,18,6,691.33033
2018,03,18,7,691.6563
2018,03,19,0,691.95538
2018,03,19,1,691.13152
2018,03,19,2,689.47208
2018,03,19,3,688.90464
2018,03,19,4,688.26923
2018,03,19,5,687.08059
2018,03,19,6,686.6841
2018,03,19,7,686.25166
2018,03,20,0,685.68135
2018,03,20,1,685.62222
2018,03,20,2,685.88004
2018,03,20,3,686.39384
2018,03,20,4,686.61932
2018,03,20,5,686.03329
2018,03,20,6,685.97193
2018,03,20,7,685.87283
2018,03,21,0,685.50159
2018,03,21,1,685.09108
2018,03,21,2,684.62824
2018,03,21,3,684.78822
2018,03,21,4,684.75473
2018,03,21,5,684.3827
2018,03,21,6,684.54138
2018,03,21,7,685.2147
2018,03,22,0,685.69643
2018,03,22,1,685.53211
2018,03,22,2,685.20331
2018,03,22,3,684.9225
2018,03,22,4,684.98328
2018,03,22,5,685.22743
2018,03,22,6,685.26552
2018,03,22,7,684.84834
2018,03,23,0,684.6041
2018,03,23,1,684.0489
2018,03,23,2,683.61247
2018,03,23,3,683.71465
2018,03,23,4,684.37389
2018,03,23,5,685.08027
2018,03,23,6,685.31339
2018,03,23,7,685.43654
2018,03,24,0,686.00929
2018,03,24,1,686.22554
2018,03,24,2,687.46939
2018,03,24,3,688.33372
2018,03,24,4,688.63017
2018,03,24,5,689.03473
2018,03,24,6,689.76632
2018,03,24,7,690.60614
2018,03,25,0,691.35876
2018,03,25,1,692.00879
2018,03,25,2,692.89596
2018,03,25,3,693.54299
2018,03,25,4,694.5371
2018,03,25,5,695.08062
2018,03,25,6,695.29926
2018,03,25,7,695.62006
2018,03,26,0,696.23755
2018,03,26,1,696.68742
2018,03,26,2,696.4228
2018,03,26,3,696.42663
2018,03,26,4,696.72505
2018,03,26,5,696.50741
2018,03,26,6,696.7489
2018,03,26,7,696.40972
2018,03,27,0,696.03745
2018,03,27,1,695.96017
2018,03,27,2,695.24699
2018,03,27,3,694.41699
2018,03,27,4,694.22129
2018,03,27,5,694.56478
2018,03,27,6,694.83175
2018,03,27,7,695.12108
2018,03,28,0,695.2215
2018,03,28,1,695.10918
2018,03,28,2,695.35516
2018,03,28,3,695.19288
2018,03,28,4,695.32932
2018,03,28,5,695.24506
2018,03,28,6,695.13802
2018,03,28,7,695.04027
2018,03,29,0,694.53465
2018,03,29,1,693.84586
2018,03,29,2,693.34543
2018,03,29,3,692.87327
2018,03,29,4,692.5953
2018,03,29,5,691.83867
2018,03,29,6,690.70507
2018,03,29,7,689.45205
2018,03,30,0,688.1927
2018,03,30,1,687.00693
2018,03,30,2,686.04999
2018,03,30,3,685.72267
2018,03,30,4,685.54564
2018,03,30,5,685.01059
2018,03,30,6,684.509
2018,03,30,7,684.29533
2018,03,31,0,684.06448
2018,03,31,1,683.78217
2018,03,31,2,683.43343
2018,03,31,3,683.21126
2018,03,31,4,682.77468
2018,03,31,5,682.84825
2018,03,31,6,683.66444
2018,03,31,7,684.18139
2018,03,1,0,684.75393
2018,03,1,1,685.07503
2018,03,1,2,685.2619
2018,03,1,3,685.37817
2018,03,1,4,685.34471
2018,03,1,5,685.28677
2018,03,1,6,685.36091
2018,03,1,7,685.04458
2018,03,2,0,684.97883
2018,03,2,1,684.8543
2018,03,2,2,685.02745
2018,03,2,3,684.97695
2018,03,2,4,685.0348
2018,03,2,5,685.18376
2018,03,2,6,685.286
2018,03,2,7,685.41715
2018,03,3,0,685.41462
2018,03,3,1,685.43355
2018,03,3,2,685.63552
2018,03,3,3,685.60467
2018,03,3,4,685.88625
2018,03,3,5,685.98081
2018,03,3,6,685.73837
2018,03,3,7,685.58618
2018,03,4,0,685.75532
2018,03,4,1,685.82748
2018,03,4,2,686.13286
2018,03,4,3,686.33581
2018,03,4,4,686.62036
2018,03,4,5,687.10126
2018,03,4,6,687.84826
2018,03,4,7,688.61813
2018,03,5,0,689.34547
2018,03,5,1,689.70633
2018,03,5,2,690.28676
2018,03,5,3,690.74208
2018,03,5,4,691.09486
2018,03,5,5,691.35596
2018,03,5,6,691.68072
2018,03,5,7,691.99023
2018,03,6,0,692.29431
2018,03,6,1,692.09082
2018,03,6,2,692.4672
2018,03,6,3,692.80278
2018,03,6,4,692.95898
2018,03,6,5,692.90899
2018,03,6,6,693.34887
2018,03,6,7,694.03074
2018,03,7,0,694.37218
2018,03,7,1,694.19884
2018,03,7,2,694.38591
2018,03,7,3,694.8
2018,03,7,4,694.75908
2018,03,7,5,694.28407
2018,03,7,6,693.95097
2018,03,7,7,693.90819
2018,03,8,0,693.90618
2018,03,8,1,693.67594
2018,03,8,2,693.24446
2018,03,8,3,692.91786
2018,03,8,4,692.66952
2018,03,8,5,692.46456
2018,03,8,6,692.20726
2018,03,8,7,692.15474
2018,03,9,0,692.3893
2018,03,9,1,692.25526
2018,03,9,2,692.51464
2018,03,9,3,692.96675
2018,03,9,4,693.24082
2018,03,9,5,693.42683
2018,03,9,6,693.72674
2018,03,9,7,693.77186
2018,03,10,0,693.45717
2018,03,10,1,693.05508
2018,03,10,2,692.90478
2018,03,10,3,692.52191
2018,03,10,4,691.89424
2018,03,10,5,691.72699
2018,03,10,6,691.52879
2018,03,10,7,690.95989
2018,03,11,0,689.95885
2018,03,11,1,688.72821
2018,03,11,2,688.50026
2018,03,11,3,687.97117
2018,03,11,4,686.85636
2018,03,11,5,685.97254
2018,03,11,6,685.71832
2018,03,11,7,685.27547
2018,03,12,0,684.10794
2018,03,12,1,683.36832
2018,03,12,2,683.33223
2018,03,12,3,682.92219
2018,03,12,4,681.95559
2018,03,12,5,681.52264
2018,03,12,6,682.56034
2018,03,12,7,683.37803
2018,03,13,0,683.1838
2018,03,13,1,683.32736
2018,03,13,2,684.34452
2018,03,13,3,684.531
2018,03,13,4,683.86845
2018,03,13,5,683.86951
2018,03,13,6,684.70041
2018,03,13,7,685.18626
2018,03,14,0,685.09426
2018,03,14,1,684.90388
2018,03,14,2,685.3554
2018,03,14,3,685.49178
2018,03,14,4,685.49109
2018,03,14,5,685.36434
2018,03,14,6,685.58659
2018,03,14,7,685.65671
2018,03,15,0,685.45577
2018,03,15,1,685.21447
2018,03,15,2,684.92157
2018,03,15,3,684.6917
2018,03,15,4,684.73455
2018,03,15,5,684.61012
2018,03,15,6,685.12653
2018,03,15,7,685.63904
2018,03,16,0,685.47288
2018,03,16,1,685.437
2018,03,16,2,685.83325
2018,03,16,3,686.10039
2018,03,16,4,686.61805
2018,03,16,5,687.32131
2018,03,16,6,688.11315
2018,03,16,7,689.0308
2018,03,17,0,689.95663
2018,03,17,1,690.47204
2018,03,17,2,691.07911
2018,03,17,3,691.50705
2018,03,17,4,691.86525
2018,03,17,5,692.10454
2018,03,17,6,692.74709
2018,03,17,7,693.23161
2018,03,18,0,693.2225
2018,03,18,1,692.90548
2018,03,18,2,692.69914
2018,03,18,3,692.26027
2018,03,18,4,691.32254
2018,03,18,5,690.04347
2018,03,18,6,688.81932
2018,03,18,7,687.36556
2018,03,19,0,685.87654
2018,03,19,1,684.67627
2018,03,19,2,683.83966
2018,03,19,3,683.61309
2018,03,19,4,682.97082
2018,03,19,5,682.39765
2018,03,19,6,683.10846
2018,03,19,7,683.95634
2018,03,20,0,683.96959
2018,03,20,1,683.51403
2018,03,20,2,683.63017
2018,03,20,3,684.238
2018,03,20,4,685.1262
2018,03,20,5,685.59921
2018,03,20,6,687.27819
2018,03,20,7,689.4079
2018,03,21,0,691.19521
2018,03,21,1,691.84914
2018,03,21,2,692.05734
2018,03,21,3,692.77009
2018,03,21,4,693.327
2018,03,21,5,693.35137
2018,03,21,6,693.70361
2018,03,21,7,694.32608
2018,03,22,0,694.57755
2018,03,22,1,694.5254
2018,03,22,2,695.59117
2018,03,22,3,696.6349
2018,03,22,4,696.98645
2018,03,22,5,697.09334
2018,03,22,6,696.80752
2018,03,22,7,696.23802
2018,03,23,0,696.01375
2018,03,23,1,695.79275
2018,03,23,2,696.64328
2018,03,23,3,698.00486
2018,03,23,4,697.44215
2018,03,23,5,696.62662
2018,03,23,6,696.76255
2018,03,23,7,696.62469
2018,03,24,0,696.27197
2018,03,24,1,695.62207
2018,03,24,2,695.50669
2018,03,24,3,695.39464
2018,03,24,4,694.64518
2018,03,24,5,693.79597
2018,03,24,6,693.79884
2018,03,24,7,694.13119
2018,03,25,0,694.54227
2018,03,25,1,694.49977
2018,03,25,2,695.13168
2018,03,25,3,695.43822
2018,03,25,4,695.36703
2018,03,25,5,694.6238
2018,03,25,6,694.14835
2018,03,25,7,693.51901
2018,03,26,0,692.22941
2018,03,26,1,691.62308
2018,03,26,2,691.65329
2018,03,26,3,692.0628
2018,03,26,4,691.88851
2018,03,26,5,691.85845
2018,03,26,6,692.94891
2018,03,26,7,693.85347
2018,03,27,0,694.27246
2018,03,27,1,693.73345
2018,03,27,2,693.41164
2018,03,27,3,692.89798
2018,03,27,4,692.02538
2018,03,27,5,691.61236
2018,03,27,6,691.39943
2018,03,27,7,691.06393
2018,03,28,0,690.90578
2018,03,28,1,690.83428
2018,03,28,2,690.93213
2018,03,28,3,691.15658
2018,03,28,4,691.62465
2018,03,28,5,692.2518
2018,03,28,6,693.06672
2018,03,28,7,693.59896
2018,03,29,0,693.68779
2018,03,29,1,693.85033
2018,03,29,2,694.54376
2018,03,29,3,694.96398
2018,03,29,4,695.38347
2018,03,29,5,695.71325
2018,03,29,6,696.43697
2018,03,29,7,696.75523
2018,03,30,0,696.03108
2018,03,30,1,695.63216
2018,03,30,2,695.81615
2018,03,30,3,695.42002
2018,03,30,4,694.90012
2018,03,30,5,694.42401
2018,03,30,6,694.22979
2018,03,30,7,694.23263
2018,03,1,0,694.04906
2018,03,1,1,693.35752
2018,03,1,2,693.06092
2018,03,1,3,691.97438
2018,03,1,4,690.97206
2018,03,1,5,690.21117
2018,03,1,6,689.98383
2018,03,1,7,689.93864
2018,03,2,0,689.94426
2018,03,2,1,690.42974
2018,03,2,2,691.01393
2018,03,2,3,691.79536
2018,03,2,4,693.11394
2018,03,2,5,694.33316
2018,03,2,6,695.38323
2018,03,2,7,696.33506
2018,03,3,0,697.54321
2018,03,3,1,698.13496
2018,03,3,2,698.42835
2018,03,3,3,698.87594
2018,03,3,4,699.52614
2018,03,3,5,699.8517
2018,03,3,6,700.06365
2018,03,3,7,700.26755
2018,03,4,0,700.65742
2018,03,4,1,700.53982
2018,03,4,2,699.82045
2018,03,4,3,699.07996
2018,03,4,4,698.18899
2018,03,4,5,696.60855
2018,03,4,6,695.13785
2018,03,4,7,693.51076
2018,03,5,0,692.19086
2018,03,5,1,690.90829
2018,03,5,2,689.91753
2018,03,5,3,689.28034
2018,03,5,4,688.51856
2018,03,5,5,687.86776
2018,03,5,6,688.03128
2018,03,5,7,688.441
2018,03,6,0,688.63333
2018,03,6,1,688.30909
2018,03,6,2,688.53919
2018,03,6,3,689.17897
2018,03,6,4,690.24199
2018,03,6,5,690.99716
2018,03,6,6,691.40212
2018,03,6,7,692.08498
2018,03,7,0,692.76676
2018,03,7,1,692.7229
2018,03,7,2,692.93534
2018,03,7,3,692.93421
2018,03,7,4,693.18234
2018,03,7,5,693.13041
2018,03,7,6,692.80209
2018,03,7,7,692.64979
2018,03,8,0,692.10738
2018,03,8,1,691.56732
2018,03,8,2,691.86407
2018,03,8,3,692.11545
2018,03,8,4,692.2004
2018,03,8,5,692.08443
2018,03,8,6,692.08666
2018,03,8,7,692.22874
2018,03,9,0,691.71886
2018,03,9,1,691.21378
2018,03,9,2,691.38553
2018,03,9,3,691.56406
2018,03,9,4,691.85374
2018,03,9,5,692.08981
2018,03,9,6,691.94197
2018,03,9,7,691.85304
2018,03,10,0,692.65852
2018,03,10,1,693.23163
2018,03,10,2,694.42704
2018,03,10,3,695.70354
2018,03,10,4,696.55128
2018,03,10,5,697.53405
2018,03,10,6,697.77377
2018,03,10,7,697.71572
2018,03,11,0,697.47299
2018,03,11,1,697.15045
2018,03,11,2,696.97667
2018,03,11,3,696.55198
2018,03,11,4,696.64157
2018,03,11,5,696.39638
2018,03,11,6,696.10531
2018,03,11,7,696.54339
2018,03,12,0,696.78598
2018,03,12,1,697.21646
2018,03,12,2,697.84434
2018,03,12,3,698.57029
2018,03,12,4,699.8312
2018,03,12,5,700.00202
2018,03,12,6,699.482
2018,03,12,7,699.21274
2018,03,13,0,699.39708
2018,03,13,1,698.84023
2018,03,13,2,698.45292
2018,03,13,3,698.22629
2018,03,13,4,698.0895
2018,03,13,5,697.61279
2018,03,13,6,696.22423
2018,03,13,7,695.09442
2018,03,14,0,694.99055
2018,03,14,1,694.50226
2018,03,14,2,693.99794
2018,03,14,3,693.45805
2018,03,14,4,693.04221
2018,03,14,5,692.57023
2018,03,14,6,692.53676
2018,03,14,7,692.8271
2018,03,15,0,693.00425
2018,03,15,1,692.91017
2018,03,15,2,693.07277
2018,03,15,3,693.62153
2018,03,15,4,694.15521
2018,03,15,5,694.77637
2018,03,15,6,695.79448
2018,03,15,7,697.22436
2018,03,16,0,698.05652
2018,03,16,1,697.56863
2018,03,16,2,697.61947
2018,03,16,3,697.93409
2018,03,16,4,697.92296
2018,03,16,5,697.51346
2018,03,16,6,697.63137
2018,03,16,7,697.71957
2018,03,17,0,697.31205
2018,03,17,1,696.92646
2018,03,17,2,697.59103
2018,03,17,3,698.17981
2018,03,17,4,698.18171
2018,03,17,5,697.97355
2018,03,17,6,697.67903
2018,03,17,7,697.57946
2018,03,18,0,697.57371
2018,03,18,1,697.09288
2018,03,18,2,697.40563
2018,03,18,3,697.43584
2018,03,18,4,698.0714
2018,03,18,5,698.73782
2018,03,18,6,699.92727
2018,03,18,7,701.30781
2018,03,19,0,703.04491
2018,03,19,1,704.40512
2018,03,19,2,710.56034
2018,03,19,3,711.70457
2018,03,19,4,712.40267
2018,03,19,5,712.76154
2018,03,19,6,714.77564
2018,03,19,7,717.04455
2018,03,20,0,718.01483
2018,03,20,1,718.6829
2018,03,20,2,719.08002
2018,03,20,3,718.89715
2018,03,20,4,718.10504
2018,03,20,5,717.32966
2018,03,20,6,716.84137
2018,03,20,7,716.67764
2018,03,21,0,714.98269
2018,03,21,1,713.53402
2018,03,21,2,712.67068
2018,03,21,3,711.41143
2018,03,21,4,705.06396
2018,03,21,5,705.00233
2018,03,21,6,704.78331
2018,03,21,7,704.63343
2018,03,22,0,704.80197
2018,03,22,1,705.09167
2018,03,22,2,705.05462
2018,03,22,3,704.69826
2018,03,22,4,704.64379
2018,03,22,5,704.33025
2018,03,22,6,703.52289
2018,03,22,7,702.60173
2018,03,23,0,702.43688
2018,03,23,1,701.93707
2018,03,23,2,701.39438
2018,03,23,3,701.13313
2018,03,23,4,700.48614
2018,03,23,5,699.93569
2018,03,23,6,699.40169
2018,03,23,7,699.2813
2018,03,24,0,699.35413
2018,03,24,1,699.09679
2018,03,24,2,698.81507
2018,03,24,3,698.83361
2018,03,24,4,698.45978
2018,03,24,5,697.38412
2018,03,24,6,697.69504
2018,03,24,7,698.28844
2018,03,25,0,698.36054
2018,03,25,1,698.38765
2018,03,25,2,698.31749
2018,03,25,3,697.76091
2018,03,25,4,697.19826
2018,03,25,5,696.86821
2018,03,25,6,696.64682
2018,03,25,7,696.52782
2018,03,26,0,696.40245
2018,03,26,1,696.41014
2018,03,26,2,696.62575
2018,03,26,3,696.87119
2018,03,26,4,696.98848
2018,03,26,5,697.0197
2018,03,26,6,697.0462
2018,03,26,7,697.15671
2018,03,27,0,697.35683
2018,03,27,1,697.16324
2018,03,27,2,697.06724
2018,03,27,3,696.59055
2018,03,27,4,696.40102
2018,03,27,5,695.99561
2018,03,27,6,695.21141
2018,03,27,7,694.54832
2018,03,28,0,693.57386
2018,03,28,1,692.83831
2018,03,28,2,692.36545
2018,03,28,3,692.31949
2018,03,28,4,692.27601
2018,03,28,5,692.168
2018,03,28,6,692.61378
2018,03,28,7,693.31678
2018,03,29,0,693.93897
2018,03,29,1,694.54765
2018,03,29,2,694.87444
2018,03,29,3,695.29127
2018,03,29,4,695.9287
2018,03,29,5,696.16649
2018,03,29,6,696.45087
2018,03,29,7,696.94833
2018,03,30,0,697.36111
2018,03,30,1,697.66446
2018,03,30,2,697.65584
2018,03,30,3,697.75411
2018,03,30,4,698.18731
2018,03,30,5,698.21153
2018,03,30,6,698.35405
2018,03,30,7,698.49064
2018,03,31,0,698.67191
2018,03,31,1,698.63292
2018,03,31,2,698.49336
2018,03,31,3,698.39683
2018,03,31,4,698.42961
2018,03,31,5,697.98508
2018,03,31,6,697.4761
2018,03,31,7,696.86185
2019,03,1,0,696.10858
2019,03,1,1,695.16901
2019,03,1,2,694.26526
2019,03,1,3,693.44992
2019,03,1,4,692.73026
2019,03,1,5,692.00006
2019,03,1,6,691.54701
2019,03,1,7,691.26351
