####################################################################################################
# Month: 02Feb                                                                                     #
# Station: /n/holyscratch01/doeleman_lab/freemanmd/am_output/WF                                    #
# Columns are: year    month   day     segment         Pbase (mbar)                                #
####################################################################################################
year,month,day,segment,Pbase
2009,02,1,0,914.28622
2009,02,1,1,913.36826
2009,02,1,2,912.53718
2009,02,1,3,911.10408
2009,02,1,4,910.0204
2009,02,1,5,910.00894
2009,02,1,6,909.86033
2009,02,1,7,910.31084
2009,02,2,0,910.86903
2009,02,2,1,911.4655
2009,02,2,2,911.16311
2009,02,2,3,910.58165
2009,02,2,4,909.95985
2009,02,2,5,909.68766
2009,02,2,6,910.31812
2009,02,2,7,911.12834
2009,02,3,0,911.83958
2009,02,3,1,912.17992
2009,02,3,2,912.63128
2009,02,3,3,913.51019
2009,02,3,4,914.53335
2009,02,3,5,914.55895
2009,02,3,6,914.88207
2009,02,3,7,915.98362
2009,02,4,0,917.1354
2009,02,4,1,917.19295
2009,02,4,2,916.94481
2009,02,4,3,916.79672
2009,02,4,4,916.61809
2009,02,4,5,915.38958
2009,02,4,6,913.94477
2009,02,4,7,913.3475
2009,02,5,0,913.41207
2009,02,5,1,913.62399
2009,02,5,2,913.16566
2009,02,5,3,912.71757
2009,02,5,4,912.83303
2009,02,5,5,912.91897
2009,02,5,6,913.20693
2009,02,5,7,913.19835
2009,02,6,0,912.8264
2009,02,6,1,912.36233
2009,02,6,2,912.51963
2009,02,6,3,912.51549
2009,02,6,4,912.53401
2009,02,6,5,912.44685
2009,02,6,6,912.62351
2009,02,6,7,912.8712
2009,02,7,0,913.22047
2009,02,7,1,913.42933
2009,02,7,2,913.22591
2009,02,7,3,912.72169
2009,02,7,4,912.71665
2009,02,7,5,912.69057
2009,02,7,6,912.7431
2009,02,7,7,912.50184
2009,02,8,0,911.59683
2009,02,8,1,910.28571
2009,02,8,2,909.57626
2009,02,8,3,909.23741
2009,02,8,4,908.40729
2009,02,8,5,907.73183
2009,02,8,6,908.22744
2009,02,8,7,908.1604
2009,02,9,0,907.0235
2009,02,9,1,906.55836
2009,02,9,2,907.51797
2009,02,9,3,908.61842
2009,02,9,4,909.13449
2009,02,9,5,909.75112
2009,02,9,6,912.32006
2009,02,9,7,914.44412
2009,02,10,0,914.74896
2009,02,10,1,914.35906
2009,02,10,2,914.89272
2009,02,10,3,915.26849
2009,02,10,4,915.93475
2009,02,10,5,916.06337
2009,02,10,6,915.45462
2009,02,10,7,915.16382
2009,02,11,0,914.77214
2009,02,11,1,913.36752
2009,02,11,2,912.28262
2009,02,11,3,911.40757
2009,02,11,4,910.93913
2009,02,11,5,910.31905
2009,02,11,6,909.29584
2009,02,11,7,908.73493
2009,02,12,0,908.00343
2009,02,12,1,907.3041
2009,02,12,2,907.12474
2009,02,12,3,907.20132
2009,02,12,4,907.12765
2009,02,12,5,907.01407
2009,02,12,6,907.37768
2009,02,12,7,907.95084
2009,02,13,0,908.47741
2009,02,13,1,908.87007
2009,02,13,2,909.42465
2009,02,13,3,909.70313
2009,02,13,4,909.62364
2009,02,13,5,908.772
2009,02,13,6,908.8677
2009,02,13,7,909.18975
2009,02,14,0,908.78032
2009,02,14,1,907.8099
2009,02,14,2,908.30357
2009,02,14,3,908.96425
2009,02,14,4,908.88768
2009,02,14,5,908.90387
2009,02,14,6,910.30483
2009,02,14,7,910.85572
2009,02,15,0,911.01854
2009,02,15,1,911.31021
2009,02,15,2,911.74008
2009,02,15,3,911.65152
2009,02,15,4,911.5921
2009,02,15,5,912.04692
2009,02,15,6,913.00051
2009,02,15,7,913.28791
2009,02,16,0,913.53924
2009,02,16,1,913.31
2009,02,16,2,913.037
2009,02,16,3,912.81871
2009,02,16,4,912.88191
2009,02,16,5,912.58887
2009,02,16,6,912.13153
2009,02,16,7,911.68168
2009,02,17,0,910.58011
2009,02,17,1,909.30819
2009,02,17,2,908.38514
2009,02,17,3,907.08811
2009,02,17,4,906.89264
2009,02,17,5,906.84066
2009,02,17,6,906.40842
2009,02,17,7,905.75827
2009,02,18,0,904.56926
2009,02,18,1,903.67156
2009,02,18,2,903.86785
2009,02,18,3,904.31404
2009,02,18,4,905.0759
2009,02,18,5,905.20851
2009,02,18,6,904.93139
2009,02,18,7,904.63426
2009,02,19,0,904.88168
2009,02,19,1,905.15756
2009,02,19,2,904.60061
2009,02,19,3,904.74587
2009,02,19,4,905.21937
2009,02,19,5,905.68508
2009,02,19,6,906.81544
2009,02,19,7,907.74028
2009,02,20,0,908.34104
2009,02,20,1,908.70954
2009,02,20,2,909.91924
2009,02,20,3,911.1104
2009,02,20,4,912.10602
2009,02,20,5,912.34652
2009,02,20,6,912.58707
2009,02,20,7,912.54029
2009,02,21,0,912.74511
2009,02,21,1,912.46179
2009,02,21,2,911.29677
2009,02,21,3,909.54407
2009,02,21,4,908.02871
2009,02,21,5,906.86085
2009,02,21,6,905.4531
2009,02,21,7,904.75647
2009,02,22,0,904.74506
2009,02,22,1,904.49228
2009,02,22,2,905.15079
2009,02,22,3,906.36625
2009,02,22,4,907.25383
2009,02,22,5,908.35889
2009,02,22,6,910.04328
2009,02,22,7,911.45354
2009,02,23,0,911.91516
2009,02,23,1,912.38708
2009,02,23,2,913.07721
2009,02,23,3,913.39719
2009,02,23,4,912.97132
2009,02,23,5,912.36744
2009,02,23,6,912.59709
2009,02,23,7,912.66461
2009,02,24,0,911.2321
2009,02,24,1,909.03749
2009,02,24,2,907.40819
2009,02,24,3,906.20262
2009,02,24,4,905.54712
2009,02,24,5,905.61886
2009,02,24,6,905.87159
2009,02,24,7,906.20553
2009,02,25,0,906.4883
2009,02,25,1,906.80552
2009,02,25,2,906.6347
2009,02,25,3,906.49918
2009,02,25,4,906.94137
2009,02,25,5,907.45498
2009,02,25,6,907.27585
2009,02,25,7,907.38998
2009,02,26,0,908.12655
2009,02,26,1,908.93928
2009,02,26,2,909.24383
2009,02,26,3,909.41061
2009,02,26,4,909.27255
2009,02,26,5,909.22993
2009,02,26,6,909.77984
2009,02,26,7,910.16826
2009,02,27,0,909.45199
2009,02,27,1,908.70695
2009,02,27,2,909.06712
2009,02,27,3,909.33339
2009,02,27,4,909.44357
2009,02,27,5,908.98044
2009,02,27,6,909.04934
2009,02,27,7,909.51695
2009,02,28,0,908.11389
2009,02,28,1,906.17015
2009,02,28,2,905.97352
2009,02,28,3,905.55334
2009,02,28,4,904.02202
2009,02,28,5,903.30957
2009,02,28,6,902.8342
2009,02,28,7,903.27502
2009,02,29,0,905.62203
2009,02,29,1,906.85835
2009,02,29,2,906.80022
2009,02,29,3,905.33042
2009,02,29,4,903.05937
2009,02,29,5,901.69546
2009,02,29,6,902.56791
2009,02,29,7,903.6591
2009,02,30,0,904.95628
2009,02,30,1,906.41904
2009,02,30,2,909.26392
2009,02,30,3,912.40463
2009,02,30,4,913.37727
2009,02,30,5,913.05213
2009,02,30,6,913.28808
2009,02,30,7,913.57541
2009,02,31,0,912.13924
2009,02,31,1,910.76261
2009,02,31,2,911.30119
2009,02,31,3,911.85695
2009,02,31,4,911.73741
2009,02,31,5,911.91886
2009,02,31,6,912.6941
2009,02,31,7,913.16322
2009,02,1,0,914.03825
2009,02,1,1,914.43212
2009,02,1,2,913.93753
2009,02,1,3,913.07482
2009,02,1,4,913.13312
2009,02,1,5,913.44662
2009,02,1,6,915.18078
2009,02,1,7,917.24844
2009,02,2,0,919.53448
2009,02,2,1,921.5928
2009,02,2,2,923.01789
2009,02,2,3,924.51901
2009,02,2,4,925.70496
2009,02,2,5,926.32231
2009,02,2,6,926.21861
2009,02,2,7,925.89748
2009,02,3,0,925.62009
2009,02,3,1,924.37984
2009,02,3,2,923.58645
2009,02,3,3,922.61472
2009,02,3,4,921.16735
2009,02,3,5,919.93049
2009,02,3,6,917.69929
2009,02,3,7,916.06529
2009,02,4,0,915.87926
2009,02,4,1,915.3477
2009,02,4,2,914.73346
2009,02,4,3,914.6915
2009,02,4,4,914.56077
2009,02,4,5,914.14345
2009,02,4,6,913.14411
2009,02,4,7,912.19932
2009,02,5,0,911.85511
2009,02,5,1,911.02323
2009,02,5,2,910.97495
2009,02,5,3,910.31199
2009,02,5,4,908.97815
2009,02,5,5,908.5713
2009,02,5,6,908.1087
2009,02,5,7,907.08996
2009,02,6,0,905.53271
2009,02,6,1,904.41315
2009,02,6,2,904.66851
2009,02,6,3,904.81246
2009,02,6,4,905.28112
2009,02,6,5,905.67702
2009,02,6,6,906.36113
2009,02,6,7,907.0214
2009,02,7,0,907.61399
2009,02,7,1,908.06572
2009,02,7,2,908.50882
2009,02,7,3,908.97513
2009,02,7,4,909.35297
2009,02,7,5,909.73796
2009,02,7,6,909.78027
2009,02,7,7,910.19948
2009,02,8,0,910.87651
2009,02,8,1,911.35105
2009,02,8,2,911.97
2009,02,8,3,911.97769
2009,02,8,4,911.61575
2009,02,8,5,911.24582
2009,02,8,6,911.6641
2009,02,8,7,911.81809
2009,02,9,0,911.62331
2009,02,9,1,911.36459
2009,02,9,2,911.38804
2009,02,9,3,911.23395
2009,02,9,4,910.91868
2009,02,9,5,910.80698
2009,02,9,6,911.07964
2009,02,9,7,910.92851
2009,02,10,0,910.96474
2009,02,10,1,910.95299
2009,02,10,2,910.77248
2009,02,10,3,910.62971
2009,02,10,4,910.21196
2009,02,10,5,910.39274
2009,02,10,6,911.14127
2009,02,10,7,911.30518
2009,02,11,0,911.19624
2009,02,11,1,911.13974
2009,02,11,2,910.8028
2009,02,11,3,910.50312
2009,02,11,4,911.07598
2009,02,11,5,911.40346
2009,02,11,6,912.17292
2009,02,11,7,913.22531
2009,02,12,0,913.66013
2009,02,12,1,913.70216
2009,02,12,2,914.73074
2009,02,12,3,915.64202
2009,02,12,4,915.25643
2009,02,12,5,915.12409
2009,02,12,6,916.71927
2009,02,12,7,917.82213
2009,02,13,0,916.54985
2009,02,13,1,914.80923
2009,02,13,2,914.75082
2009,02,13,3,914.65574
2009,02,13,4,913.75038
2009,02,13,5,912.53072
2009,02,13,6,912.11001
2009,02,13,7,911.74329
2009,02,14,0,911.43222
2009,02,14,1,910.5185
2009,02,14,2,910.41867
2009,02,14,3,910.29867
2009,02,14,4,908.01447
2009,02,14,5,905.64113
2009,02,14,6,905.45388
2009,02,14,7,905.5257
2009,02,15,0,904.81622
2009,02,15,1,904.41513
2009,02,15,2,904.31624
2009,02,15,3,904.71551
2009,02,15,4,905.53995
2009,02,15,5,906.53789
2009,02,15,6,907.13757
2009,02,15,7,907.43906
2009,02,16,0,907.54594
2009,02,16,1,907.43582
2009,02,16,2,907.83224
2009,02,16,3,908.3794
2009,02,16,4,908.28592
2009,02,16,5,908.37303
2009,02,16,6,909.12726
2009,02,16,7,909.37315
2009,02,17,0,908.8672
2009,02,17,1,908.39975
2009,02,17,2,909.00151
2009,02,17,3,909.37768
2009,02,17,4,909.03716
2009,02,17,5,909.32868
2009,02,17,6,909.99055
2009,02,17,7,910.37944
2009,02,18,0,909.4941
2009,02,18,1,908.3718
2009,02,18,2,909.03527
2009,02,18,3,910.56006
2009,02,18,4,911.24094
2009,02,18,5,911.66098
2009,02,18,6,912.76022
2009,02,18,7,914.42668
2009,02,19,0,915.25618
2009,02,19,1,915.58795
2009,02,19,2,917.03792
2009,02,19,3,917.97177
2009,02,19,4,919.41077
2009,02,19,5,920.88338
2009,02,19,6,921.26987
2009,02,19,7,921.64021
2009,02,20,0,921.42315
2009,02,20,1,920.71168
2009,02,20,2,920.68282
2009,02,20,3,919.93733
2009,02,20,4,918.68009
2009,02,20,5,916.87054
2009,02,20,6,915.39069
2009,02,20,7,914.38086
2009,02,21,0,912.74667
2009,02,21,1,911.27494
2009,02,21,2,910.29645
2009,02,21,3,909.12946
2009,02,21,4,907.25626
2009,02,21,5,905.98203
2009,02,21,6,904.42
2009,02,21,7,903.56531
2009,02,22,0,904.29814
2009,02,22,1,904.91813
2009,02,22,2,906.67652
2009,02,22,3,908.87734
2009,02,22,4,909.54419
2009,02,22,5,910.26424
2009,02,22,6,913.10229
2009,02,22,7,915.8432
2009,02,23,0,916.41644
2009,02,23,1,915.5577
2009,02,23,2,915.69199
2009,02,23,3,915.35661
2009,02,23,4,914.36964
2009,02,23,5,913.05307
2009,02,23,6,911.08042
2009,02,23,7,908.96444
2009,02,24,0,906.88331
2009,02,24,1,904.3768
2009,02,24,2,902.40303
2009,02,24,3,900.94232
2009,02,24,4,900.66933
2009,02,24,5,899.79543
2009,02,24,6,898.89736
2009,02,24,7,898.53612
2009,02,25,0,898.28929
2009,02,25,1,898.14606
2009,02,25,2,900.49421
2009,02,25,3,903.04164
2009,02,25,4,905.22265
2009,02,25,5,906.98504
2009,02,25,6,907.8476
2009,02,25,7,908.42114
2009,02,26,0,908.17567
2009,02,26,1,907.81281
2009,02,26,2,909.38993
2009,02,26,3,909.86308
2009,02,26,4,909.89039
2009,02,26,5,910.10949
2009,02,26,6,910.61632
2009,02,26,7,910.70425
2009,02,27,0,909.65351
2009,02,27,1,908.72541
2009,02,27,2,908.22882
2009,02,27,3,907.01163
2009,02,27,4,906.47727
2009,02,27,5,906.27906
2009,02,27,6,905.4315
2009,02,27,7,904.53324
2009,02,28,0,904.05572
2009,02,28,1,904.02726
2009,02,28,2,904.63407
2009,02,28,3,905.26924
2009,02,28,4,905.9617
2009,02,28,5,906.73305
2009,02,28,6,907.23219
2009,02,28,7,908.22505
2009,02,1,0,909.85179
2009,02,1,1,910.9468
2009,02,1,2,911.21946
2009,02,1,3,911.10164
2009,02,1,4,911.69123
2009,02,1,5,912.09026
2009,02,1,6,911.82949
2009,02,1,7,911.62203
2009,02,2,0,910.67194
2009,02,2,1,909.34085
2009,02,2,2,909.00694
2009,02,2,3,909.04889
2009,02,2,4,908.92673
2009,02,2,5,909.05584
2009,02,2,6,908.65065
2009,02,2,7,908.87319
2009,02,3,0,909.66126
2009,02,3,1,910.22624
2009,02,3,2,910.96938
2009,02,3,3,911.54942
2009,02,3,4,911.82189
2009,02,3,5,911.69714
2009,02,3,6,911.50311
2009,02,3,7,911.04803
2009,02,4,0,909.45347
2009,02,4,1,908.25752
2009,02,4,2,908.20506
2009,02,4,3,907.55018
2009,02,4,4,907.78695
2009,02,4,5,908.36401
2009,02,4,6,909.01283
2009,02,4,7,909.39875
2009,02,5,0,907.90411
2009,02,5,1,905.76319
2009,02,5,2,906.13216
2009,02,5,3,907.05449
2009,02,5,4,909.21504
2009,02,5,5,910.67867
2009,02,5,6,909.77832
2009,02,5,7,908.8013
2009,02,6,0,907.54772
2009,02,6,1,906.39685
2009,02,6,2,905.68642
2009,02,6,3,905.56601
2009,02,6,4,906.59349
2009,02,6,5,907.59449
2009,02,6,6,907.97127
2009,02,6,7,908.41348
2009,02,7,0,907.99798
2009,02,7,1,907.22874
2009,02,7,2,908.25404
2009,02,7,3,909.69689
2009,02,7,4,909.94493
2009,02,7,5,909.96459
2009,02,7,6,910.5584
2009,02,7,7,910.89177
2009,02,8,0,910.84164
2009,02,8,1,910.09229
2009,02,8,2,909.17415
2009,02,8,3,908.01416
2009,02,8,4,907.90269
2009,02,8,5,907.63469
2009,02,8,6,907.38262
2009,02,8,7,907.66389
2009,02,9,0,906.04851
2009,02,9,1,904.07238
2009,02,9,2,904.35893
2009,02,9,3,904.74766
2009,02,9,4,903.76652
2009,02,9,5,902.39355
2009,02,9,6,902.0386
2009,02,9,7,902.22307
2009,02,10,0,901.8672
2009,02,10,1,901.68741
2009,02,10,2,901.32113
2009,02,10,3,900.39688
2009,02,10,4,902.55214
2009,02,10,5,905.25386
2009,02,10,6,906.92225
2009,02,10,7,907.07757
2009,02,11,0,906.49877
2009,02,11,1,905.65687
2009,02,11,2,904.74653
2009,02,11,3,904.05598
2009,02,11,4,903.46128
2009,02,11,5,903.37374
2009,02,11,6,905.12364
2009,02,11,7,906.39806
2009,02,12,0,907.17149
2009,02,12,1,907.65873
2009,02,12,2,907.15159
2009,02,12,3,907.468
2009,02,12,4,906.89798
2009,02,12,5,906.06272
2009,02,12,6,905.96179
2009,02,12,7,905.89431
2009,02,13,0,905.2427
2009,02,13,1,904.3317
2009,02,13,2,903.30637
2009,02,13,3,902.15037
2009,02,13,4,902.25518
2009,02,13,5,902.33489
2009,02,13,6,902.88312
2009,02,13,7,903.80078
2009,02,14,0,905.90678
2009,02,14,1,907.15353
2009,02,14,2,907.13549
2009,02,14,3,907.33496
2009,02,14,4,908.02553
2009,02,14,5,908.09329
2009,02,14,6,907.67087
2009,02,14,7,907.27152
2009,02,15,0,906.87186
2009,02,15,1,906.45397
2009,02,15,2,905.72661
2009,02,15,3,904.64442
2009,02,15,4,903.65111
2009,02,15,5,902.20077
2009,02,15,6,901.69107
2009,02,15,7,901.87652
2009,02,16,0,900.77768
2009,02,16,1,900.77687
2009,02,16,2,901.59617
2009,02,16,3,902.13276
2009,02,16,4,900.27082
2009,02,16,5,897.89646
2009,02,16,6,896.78778
2009,02,16,7,895.90335
2009,02,17,0,896.07803
2009,02,17,1,896.9492
2009,02,17,2,899.17142
2009,02,17,3,900.99369
2009,02,17,4,902.17851
2009,02,17,5,903.33972
2009,02,17,6,904.53728
2009,02,17,7,905.66612
2009,02,18,0,906.84755
2009,02,18,1,907.61431
2009,02,18,2,908.75948
2009,02,18,3,910.73419
2009,02,18,4,912.70304
2009,02,18,5,914.95581
2009,02,18,6,918.10309
2009,02,18,7,920.49898
2009,02,19,0,922.18829
2009,02,19,1,923.42566
2009,02,19,2,924.87797
2009,02,19,3,926.1136
2009,02,19,4,927.32094
2009,02,19,5,928.089
2009,02,19,6,928.07906
2009,02,19,7,927.88059
2009,02,20,0,928.00737
2009,02,20,1,927.60416
2009,02,20,2,927.50307
2009,02,20,3,927.42749
2009,02,20,4,927.43233
2009,02,20,5,926.61283
2009,02,20,6,923.7755
2009,02,20,7,921.13228
2009,02,21,0,918.77726
2009,02,21,1,916.63178
2009,02,21,2,915.21211
2009,02,21,3,914.32813
2009,02,21,4,913.16279
2009,02,21,5,912.29751
2009,02,21,6,913.09345
2009,02,21,7,913.33203
2009,02,22,0,911.68429
2009,02,22,1,910.28646
2009,02,22,2,909.8936
2009,02,22,3,909.87851
2009,02,22,4,910.44406
2009,02,22,5,911.71219
2009,02,22,6,912.23704
2009,02,22,7,912.55212
2009,02,23,0,913.15364
2009,02,23,1,913.37378
2009,02,23,2,914.01867
2009,02,23,3,914.57732
2009,02,23,4,915.51882
2009,02,23,5,915.9094
2009,02,23,6,916.1936
2009,02,23,7,916.54071
2009,02,24,0,916.5276
2009,02,24,1,916.32265
2009,02,24,2,916.39814
2009,02,24,3,916.57286
2009,02,24,4,916.5145
2009,02,24,5,915.85942
2009,02,24,6,915.66525
2009,02,24,7,915.91757
2009,02,25,0,915.19599
2009,02,25,1,914.48911
2009,02,25,2,915.08527
2009,02,25,3,915.30822
2009,02,25,4,915.71303
2009,02,25,5,915.86809
2009,02,25,6,915.80081
2009,02,25,7,915.77302
2009,02,26,0,915.68363
2009,02,26,1,915.27544
2009,02,26,2,915.61011
2009,02,26,3,915.64129
2009,02,26,4,915.0457
2009,02,26,5,914.97022
2009,02,26,6,914.40756
2009,02,26,7,913.37608
2009,02,27,0,912.08792
2009,02,27,1,911.37206
2009,02,27,2,911.42013
2009,02,27,3,911.86894
2009,02,27,4,912.74524
2009,02,27,5,913.20639
2009,02,27,6,913.58405
2009,02,27,7,914.18532
2009,02,28,0,913.69886
2009,02,28,1,913.02145
2009,02,28,2,913.65486
2009,02,28,3,914.26176
2009,02,28,4,914.16907
2009,02,28,5,914.2118
2009,02,28,6,914.93049
2009,02,28,7,915.17593
2009,02,29,0,914.19158
2009,02,29,1,913.37811
2009,02,29,2,912.79678
2009,02,29,3,911.96788
2009,02,29,4,911.28402
2009,02,29,5,910.48629
2009,02,29,6,910.42659
2009,02,29,7,910.58816
2009,02,30,0,909.92292
2009,02,30,1,909.37415
2009,02,30,2,909.75256
2009,02,30,3,910.24877
2009,02,30,4,910.31535
2009,02,30,5,910.44139
2009,02,30,6,910.49098
2009,02,30,7,910.47913
2009,02,31,0,910.05531
2009,02,31,1,909.99033
2009,02,31,2,910.97956
2009,02,31,3,911.6099
2009,02,31,4,912.30722
2009,02,31,5,912.78045
2009,02,31,6,912.65122
2009,02,31,7,912.9029
2009,02,1,0,912.33419
2009,02,1,1,911.58876
2009,02,1,2,911.31562
2009,02,1,3,911.01815
2009,02,1,4,911.09804
2009,02,1,5,910.8099
2009,02,1,6,909.46398
2009,02,1,7,909.41501
2009,02,2,0,907.9663
2009,02,2,1,907.45757
2009,02,2,2,908.14369
2009,02,2,3,907.38553
2009,02,2,4,907.22875
2009,02,2,5,908.33742
2009,02,2,6,908.6855
2009,02,2,7,908.88411
2009,02,3,0,910.55573
2009,02,3,1,911.39206
2009,02,3,2,912.48272
2009,02,3,3,913.10912
2009,02,3,4,912.00839
2009,02,3,5,910.57822
2009,02,3,6,910.75524
2009,02,3,7,910.95806
2009,02,4,0,911.0696
2009,02,4,1,911.06667
2009,02,4,2,911.14644
2009,02,4,3,911.0355
2009,02,4,4,911.31835
2009,02,4,5,911.40355
2009,02,4,6,911.74048
2009,02,4,7,912.33956
2009,02,5,0,913.74994
2009,02,5,1,914.24569
2009,02,5,2,913.94477
2009,02,5,3,914.9115
2009,02,5,4,916.2786
2009,02,5,5,918.02248
2009,02,5,6,919.45745
2009,02,5,7,919.16569
2009,02,6,0,918.25735
2009,02,6,1,918.21582
2009,02,6,2,918.32146
2009,02,6,3,917.81263
2009,02,6,4,916.36818
2009,02,6,5,915.37714
2009,02,6,6,915.7188
2009,02,6,7,916.34207
2009,02,7,0,914.83952
2009,02,7,1,912.92344
2009,02,7,2,912.85235
2009,02,7,3,912.65501
2009,02,7,4,912.37342
2009,02,7,5,912.58406
2009,02,7,6,912.81892
2009,02,7,7,912.78795
2009,02,8,0,911.785
2009,02,8,1,911.07232
2009,02,8,2,912.14125
2009,02,8,3,912.825
2009,02,8,4,912.94803
2009,02,8,5,913.35642
2009,02,8,6,913.0886
2009,02,8,7,912.8274
2009,02,9,0,913.10539
2009,02,9,1,913.63419
2009,02,9,2,913.60835
2009,02,9,3,913.34447
2009,02,9,4,912.64163
2009,02,9,5,912.52003
2009,02,9,6,912.3461
2009,02,9,7,911.33483
2009,02,10,0,912.24961
2009,02,10,1,913.08466
2009,02,10,2,911.83659
2009,02,10,3,909.17378
2009,02,10,4,907.46103
2009,02,10,5,905.96078
2009,02,10,6,903.96327
2009,02,10,7,902.42754
2009,02,11,0,903.34093
2009,02,11,1,905.37307
2009,02,11,2,905.78102
2009,02,11,3,905.39833
2009,02,11,4,906.29724
2009,02,11,5,907.34379
2009,02,11,6,908.05544
2009,02,11,7,909.20204
2009,02,12,0,909.92368
2009,02,12,1,910.26028
2009,02,12,2,911.45265
2009,02,12,3,913.65642
2009,02,12,4,915.57788
2009,02,12,5,917.35105
2009,02,12,6,918.49949
2009,02,12,7,919.49896
2009,02,13,0,920.94865
2009,02,13,1,921.78264
2009,02,13,2,923.0345
2009,02,13,3,923.74547
2009,02,13,4,924.25332
2009,02,13,5,924.70037
2009,02,13,6,924.94271
2009,02,13,7,924.64071
2009,02,14,0,923.82901
2009,02,14,1,923.38176
2009,02,14,2,922.49317
2009,02,14,3,920.81233
2009,02,14,4,919.39264
2009,02,14,5,917.62574
2009,02,14,6,915.72204
2009,02,14,7,914.03345
2009,02,15,0,912.95539
2009,02,15,1,912.15328
2009,02,15,2,911.50712
2009,02,15,3,910.7334
2009,02,15,4,909.91996
2009,02,15,5,909.47399
2009,02,15,6,910.0812
2009,02,15,7,910.95665
2009,02,16,0,910.29451
2009,02,16,1,909.27948
2009,02,16,2,910.33947
2009,02,16,3,911.33954
2009,02,16,4,911.89099
2009,02,16,5,912.67531
2009,02,16,6,913.3778
2009,02,16,7,913.61267
2009,02,17,0,913.24762
2009,02,17,1,912.61009
2009,02,17,2,912.86598
2009,02,17,3,913.33586
2009,02,17,4,913.05542
2009,02,17,5,912.88449
2009,02,17,6,913.29574
2009,02,17,7,913.77945
2009,02,18,0,913.28904
2009,02,18,1,912.68459
2009,02,18,2,913.22049
2009,02,18,3,913.84249
2009,02,18,4,914.61088
2009,02,18,5,915.51792
2009,02,18,6,917.28155
2009,02,18,7,918.95245
2009,02,19,0,919.50109
2009,02,19,1,919.5955
2009,02,19,2,919.69011
2009,02,19,3,920.32781
2009,02,19,4,921.42723
2009,02,19,5,922.45917
2009,02,19,6,923.10999
2009,02,19,7,923.34205
2009,02,20,0,922.94999
2009,02,20,1,922.42099
2009,02,20,2,921.75512
2009,02,20,3,921.35309
2009,02,20,4,922.14273
2009,02,20,5,922.89408
2009,02,20,6,922.05346
2009,02,20,7,921.2649
2009,02,21,0,920.22916
2009,02,21,1,918.788
2009,02,21,2,915.95981
2009,02,21,3,914.46912
2009,02,21,4,916.29844
2009,02,21,5,918.16819
2009,02,21,6,918.5245
2009,02,21,7,918.00292
2009,02,22,0,916.40168
2009,02,22,1,913.99716
2009,02,22,2,914.74046
2009,02,22,3,915.41903
2009,02,22,4,914.47699
2009,02,22,5,914.44746
2009,02,22,6,915.01851
2009,02,22,7,916.25211
2009,02,23,0,917.38722
2009,02,23,1,918.29621
2009,02,23,2,919.67747
2009,02,23,3,920.41635
2009,02,23,4,920.02928
2009,02,23,5,919.42518
2009,02,23,6,918.92968
2009,02,23,7,918.67991
2009,02,24,0,919.47937
2009,02,24,1,920.31264
2009,02,24,2,921.51359
2009,02,24,3,922.33793
2009,02,24,4,922.31021
2009,02,24,5,921.83613
2009,02,24,6,920.99278
2009,02,24,7,920.29357
2009,02,25,0,919.48764
2009,02,25,1,919.0991
2009,02,25,2,918.44982
2009,02,25,3,917.74803
2009,02,25,4,917.66097
2009,02,25,5,916.99752
2009,02,25,6,916.65523
2009,02,25,7,917.06494
2009,02,26,0,916.37248
2009,02,26,1,915.26789
2009,02,26,2,914.63477
2009,02,26,3,913.96941
2009,02,26,4,913.56686
2009,02,26,5,913.3757
2009,02,26,6,912.97848
2009,02,26,7,912.64963
2009,02,27,0,912.62332
2009,02,27,1,912.84235
2009,02,27,2,912.9057
2009,02,27,3,913.27761
2009,02,27,4,914.63338
2009,02,27,5,915.32594
2009,02,27,6,915.95129
2009,02,27,7,916.44091
2009,02,28,0,916.43265
2009,02,28,1,916.51506
2009,02,28,2,917.01729
2009,02,28,3,917.19273
2009,02,28,4,917.29478
2009,02,28,5,916.71765
2009,02,28,6,915.74651
2009,02,28,7,916.21735
2009,02,29,0,916.61338
2009,02,29,1,916.70078
2009,02,29,2,917.5094
2009,02,29,3,915.77884
2009,02,29,4,912.21986
2009,02,29,5,913.71511
2009,02,29,6,917.49119
2009,02,29,7,920.6925
2009,02,30,0,924.318
2009,02,30,1,925.15893
2009,02,30,2,923.79263
2009,02,30,3,922.95623
2009,02,30,4,923.08368
2009,02,30,5,922.06027
2009,02,30,6,921.45332
2009,02,30,7,921.61766
2009,02,1,0,920.94796
2009,02,1,1,919.65664
2009,02,1,2,918.78255
2009,02,1,3,919.69467
2009,02,1,4,919.63661
2009,02,1,5,919.87791
2009,02,1,6,918.97918
2009,02,1,7,917.97314
2009,02,2,0,917.12485
2009,02,2,1,916.05977
2009,02,2,2,916.32443
2009,02,2,3,916.94696
2009,02,2,4,917.11855
2009,02,2,5,917.64242
2009,02,2,6,917.70931
2009,02,2,7,917.9788
2009,02,3,0,916.96946
2009,02,3,1,916.0127
2009,02,3,2,916.84664
2009,02,3,3,917.68065
2009,02,3,4,917.65765
2009,02,3,5,917.72447
2009,02,3,6,917.33785
2009,02,3,7,917.154
2009,02,4,0,916.15863
2009,02,4,1,914.3262
2009,02,4,2,913.79425
2009,02,4,3,913.48627
2009,02,4,4,913.00766
2009,02,4,5,912.37345
2009,02,4,6,911.76006
2009,02,4,7,911.23799
2009,02,5,0,911.71517
2009,02,5,1,912.17619
2009,02,5,2,914.20437
2009,02,5,3,916.58433
2009,02,5,4,916.61776
2009,02,5,5,916.93977
2009,02,5,6,918.38588
2009,02,5,7,919.23212
2009,02,6,0,918.85915
2009,02,6,1,918.47909
2009,02,6,2,919.17806
2009,02,6,3,919.79233
2009,02,6,4,919.79875
2009,02,6,5,919.88977
2009,02,6,6,920.71781
2009,02,6,7,920.92995
2009,02,7,0,920.1395
2009,02,7,1,918.87139
2009,02,7,2,918.82345
2009,02,7,3,918.18798
2009,02,7,4,916.57285
2009,02,7,5,915.13275
2009,02,7,6,914.37471
2009,02,7,7,912.5782
2009,02,8,0,908.88704
2009,02,8,1,905.62207
2009,02,8,2,905.75169
2009,02,8,3,908.0615
2009,02,8,4,907.12282
2009,02,8,5,906.44654
2009,02,8,6,907.33038
2009,02,8,7,908.8764
2009,02,9,0,909.71846
2009,02,9,1,909.60576
2009,02,9,2,911.49164
2009,02,9,3,914.50312
2009,02,9,4,916.41119
2009,02,9,5,915.81823
2009,02,9,6,914.72097
2009,02,9,7,914.30753
2009,02,10,0,914.38084
2009,02,10,1,912.37879
2009,02,10,2,913.46111
2009,02,10,3,914.4651
2009,02,10,4,915.4498
2009,02,10,5,916.25503
2009,02,10,6,916.43941
2009,02,10,7,916.58561
2009,02,11,0,915.58076
2009,02,11,1,914.03671
2009,02,11,2,913.50452
2009,02,11,3,912.40545
2009,02,11,4,910.32369
2009,02,11,5,908.69358
2009,02,11,6,907.76285
2009,02,11,7,906.93452
2009,02,12,0,906.58118
2009,02,12,1,906.61683
2009,02,12,2,906.16084
2009,02,12,3,905.4229
2009,02,12,4,906.34986
2009,02,12,5,907.35314
2009,02,12,6,908.76243
2009,02,12,7,909.53819
2009,02,13,0,909.37068
2009,02,13,1,908.96404
2009,02,13,2,908.86898
2009,02,13,3,908.64489
2009,02,13,4,907.77032
2009,02,13,5,907.36215
2009,02,13,6,908.3067
2009,02,13,7,909.34796
2009,02,14,0,910.03673
2009,02,14,1,910.36269
2009,02,14,2,911.93676
2009,02,14,3,913.35241
2009,02,14,4,913.24124
2009,02,14,5,913.57174
2009,02,14,6,914.87834
2009,02,14,7,915.52154
2009,02,15,0,917.01425
2009,02,15,1,917.88821
2009,02,15,2,918.06496
2009,02,15,3,918.6978
2009,02,15,4,919.16806
2009,02,15,5,919.66281
2009,02,15,6,920.67733
2009,02,15,7,921.4701
2009,02,16,0,922.46202
2009,02,16,1,923.04178
2009,02,16,2,923.26177
2009,02,16,3,923.10161
2009,02,16,4,922.26864
2009,02,16,5,920.89513
2009,02,16,6,920.39509
2009,02,16,7,919.89536
2009,02,17,0,919.26462
2009,02,17,1,918.96671
2009,02,17,2,919.37108
2009,02,17,3,920.18207
2009,02,17,4,919.22825
2009,02,17,5,917.89734
2009,02,17,6,917.28302
2009,02,17,7,917.16108
2009,02,18,0,918.42976
2009,02,18,1,918.57568
2009,02,18,2,917.65256
2009,02,18,3,917.38056
2009,02,18,4,916.32784
2009,02,18,5,916.4152
2009,02,18,6,916.13851
2009,02,18,7,915.35377
2009,02,19,0,914.509
2009,02,19,1,913.35677
2009,02,19,2,911.72514
2009,02,19,3,909.89018
2009,02,19,4,908.35884
2009,02,19,5,906.87109
2009,02,19,6,906.1144
2009,02,19,7,904.54657
2009,02,20,0,903.02674
2009,02,20,1,902.56864
2009,02,20,2,902.81979
2009,02,20,3,904.03106
2009,02,20,4,907.02095
2009,02,20,5,909.95194
2009,02,20,6,911.31304
2009,02,20,7,912.69405
2009,02,21,0,913.70901
2009,02,21,1,914.2285
2009,02,21,2,915.29699
2009,02,21,3,915.50115
2009,02,21,4,915.49509
2009,02,21,5,915.84436
2009,02,21,6,914.83086
2009,02,21,7,911.97461
2009,02,22,0,909.47355
2009,02,22,1,907.82679
2009,02,22,2,907.89574
2009,02,22,3,908.45207
2009,02,22,4,907.82937
2009,02,22,5,907.13677
2009,02,22,6,907.74451
2009,02,22,7,909.39733
2009,02,23,0,911.21423
2009,02,23,1,912.36578
2009,02,23,2,912.52032
2009,02,23,3,913.50456
2009,02,23,4,916.12057
2009,02,23,5,919.61262
2009,02,23,6,920.2233
2009,02,23,7,920.16848
2009,02,24,0,921.22752
2009,02,24,1,923.18818
2009,02,24,2,923.82031
2009,02,24,3,923.06172
2009,02,24,4,923.67337
2009,02,24,5,925.11965
2009,02,24,6,927.43218
2009,02,24,7,928.31078
2009,02,25,0,927.13962
2009,02,25,1,924.77424
2009,02,25,2,923.94346
2009,02,25,3,923.26398
2009,02,25,4,922.40487
2009,02,25,5,921.26641
2009,02,25,6,917.46163
2009,02,25,7,913.25357
2009,02,26,0,910.58903
2009,02,26,1,910.17344
2009,02,26,2,911.08228
2009,02,26,3,913.23482
2009,02,26,4,916.46071
2009,02,26,5,919.01097
2009,02,26,6,920.35976
2009,02,26,7,921.17923
2009,02,27,0,924.23244
2009,02,27,1,927.4873
2009,02,27,2,927.94132
2009,02,27,3,926.9115
2009,02,27,4,926.69556
2009,02,27,5,923.61468
2009,02,27,6,918.47879
2009,02,27,7,911.43415
2009,02,28,0,906.94318
2009,02,28,1,907.11305
2009,02,28,2,910.25483
2009,02,28,3,912.92297
2009,02,28,4,915.46912
2009,02,28,5,916.15458
2009,02,28,6,915.32153
2009,02,28,7,915.87627
2009,02,29,0,917.43512
2009,02,29,1,918.12475
2009,02,29,2,919.27574
2009,02,29,3,920.91671
2009,02,29,4,922.97162
2009,02,29,5,923.99209
2009,02,29,6,923.67907
2009,02,29,7,923.37396
2009,02,30,0,923.45062
2009,02,30,1,922.88926
2009,02,30,2,921.85861
2009,02,30,3,921.1252
2009,02,30,4,920.78531
2009,02,30,5,921.57739
2009,02,30,6,922.17304
2009,02,30,7,923.62351
2009,02,31,0,925.84586
2009,02,31,1,926.65
2009,02,31,2,926.85776
2009,02,31,3,926.2375
2009,02,31,4,924.44954
2009,02,31,5,923.47346
2009,02,31,6,923.79555
2009,02,31,7,924.28436
2009,02,1,0,923.79474
2009,02,1,1,922.51978
2009,02,1,2,921.65088
2009,02,1,3,920.77866
2009,02,1,4,920.22564
2009,02,1,5,919.74107
2009,02,1,6,918.73926
2009,02,1,7,917.96792
2009,02,2,0,918.11343
2009,02,2,1,918.2021
2009,02,2,2,918.8035
2009,02,2,3,918.65021
2009,02,2,4,917.70273
2009,02,2,5,916.26718
2009,02,2,6,915.63711
2009,02,2,7,916.28402
2009,02,3,0,916.81358
2009,02,3,1,916.77297
2009,02,3,2,917.25703
2009,02,3,3,917.47691
2009,02,3,4,917.66006
2009,02,3,5,917.92486
2009,02,3,6,919.08123
2009,02,3,7,919.60471
2009,02,4,0,918.60043
2009,02,4,1,917.5955
2009,02,4,2,917.74072
2009,02,4,3,917.94106
2009,02,4,4,917.3403
2009,02,4,5,916.55192
2009,02,4,6,916.44962
2009,02,4,7,916.25748
2009,02,5,0,915.38763
2009,02,5,1,913.95679
2009,02,5,2,912.54067
2009,02,5,3,911.18663
2009,02,5,4,909.55017
2009,02,5,5,908.25443
2009,02,5,6,908.12172
2009,02,5,7,907.92152
2009,02,6,0,906.97917
2009,02,6,1,907.41744
2009,02,6,2,908.57781
2009,02,6,3,908.94283
2009,02,6,4,908.97081
2009,02,6,5,909.22367
2009,02,6,6,909.76389
2009,02,6,7,910.09053
2009,02,7,0,909.20421
2009,02,7,1,908.71718
2009,02,7,2,908.98759
2009,02,7,3,909.33119
2009,02,7,4,910.07956
2009,02,7,5,910.89412
2009,02,7,6,911.39336
2009,02,7,7,911.98728
2009,02,8,0,911.25168
2009,02,8,1,910.30389
2009,02,8,2,911.53797
2009,02,8,3,912.46591
2009,02,8,4,912.54343
2009,02,8,5,912.28567
2009,02,8,6,912.0839
2009,02,8,7,912.81545
2009,02,9,0,911.62327
2009,02,9,1,910.391
2009,02,9,2,911.19469
2009,02,9,3,911.56372
2009,02,9,4,911.53537
2009,02,9,5,911.40582
2009,02,9,6,911.45808
2009,02,9,7,911.40233
2009,02,10,0,909.68878
2009,02,10,1,908.01819
2009,02,10,2,907.1955
2009,02,10,3,907.14705
2009,02,10,4,908.27243
2009,02,10,5,908.33172
2009,02,10,6,908.34615
2009,02,10,7,909.26481
2009,02,11,0,910.141
2009,02,11,1,910.64738
2009,02,11,2,910.79212
2009,02,11,3,911.66635
2009,02,11,4,912.78646
2009,02,11,5,914.28112
2009,02,11,6,914.10454
2009,02,11,7,912.66561
2009,02,12,0,912.56727
2009,02,12,1,912.90854
2009,02,12,2,913.8302
2009,02,12,3,914.16068
2009,02,12,4,914.82102
2009,02,12,5,915.16373
2009,02,12,6,914.89515
2009,02,12,7,915.27286
2009,02,13,0,916.24533
2009,02,13,1,915.82051
2009,02,13,2,914.08867
2009,02,13,3,913.64848
2009,02,13,4,913.21985
2009,02,13,5,911.90683
2009,02,13,6,910.93196
2009,02,13,7,910.09963
2009,02,14,0,909.47162
2009,02,14,1,909.0399
2009,02,14,2,908.56942
2009,02,14,3,908.08156
2009,02,14,4,908.32636
2009,02,14,5,908.84273
2009,02,14,6,910.03819
2009,02,14,7,911.70316
2009,02,15,0,910.96084
2009,02,15,1,910.59686
2009,02,15,2,914.15307
2009,02,15,3,916.39848
2009,02,15,4,917.83148
2009,02,15,5,919.3376
2009,02,15,6,921.69275
2009,02,15,7,922.74407
2009,02,16,0,923.34096
2009,02,16,1,922.53985
2009,02,16,2,921.57726
2009,02,16,3,919.10743
2009,02,16,4,915.46618
2009,02,16,5,913.05956
2009,02,16,6,909.86167
2009,02,16,7,906.33386
2009,02,17,0,903.8795
2009,02,17,1,903.4973
2009,02,17,2,905.35844
2009,02,17,3,909.67586
2009,02,17,4,912.33287
2009,02,17,5,913.49846
2009,02,17,6,916.03543
2009,02,17,7,918.04139
2009,02,18,0,918.5649
2009,02,18,1,919.16622
2009,02,18,2,920.15486
2009,02,18,3,921.30382
2009,02,18,4,922.29452
2009,02,18,5,922.88943
2009,02,18,6,921.53838
2009,02,18,7,920.53275
2009,02,19,0,920.88842
2009,02,19,1,921.24426
2009,02,19,2,920.89386
2009,02,19,3,919.18622
2009,02,19,4,916.99699
2009,02,19,5,914.22846
2009,02,19,6,913.0825
2009,02,19,7,912.53356
2009,02,20,0,911.76783
2009,02,20,1,910.87357
2009,02,20,2,910.75366
2009,02,20,3,910.90454
2009,02,20,4,911.62175
2009,02,20,5,913.34431
2009,02,20,6,914.49823
2009,02,20,7,914.87051
2009,02,21,0,913.62984
2009,02,21,1,911.43985
2009,02,21,2,911.30671
2009,02,21,3,912.29424
2009,02,21,4,911.62637
2009,02,21,5,910.71416
2009,02,21,6,910.91662
2009,02,21,7,911.37848
2009,02,22,0,912.69579
2009,02,22,1,913.89843
2009,02,22,2,915.19327
2009,02,22,3,915.8284
2009,02,22,4,915.44667
2009,02,22,5,916.13382
2009,02,22,6,918.42244
2009,02,22,7,920.64574
2009,02,23,0,920.03308
2009,02,23,1,918.89877
2009,02,23,2,921.43412
2009,02,23,3,924.46539
2009,02,23,4,925.8708
2009,02,23,5,926.5771
2009,02,23,6,926.56608
2009,02,23,7,926.00233
2009,02,24,0,925.66737
2009,02,24,1,924.92168
2009,02,24,2,923.79704
2009,02,24,3,923.0382
2009,02,24,4,922.68827
2009,02,24,5,922.16751
2009,02,24,6,922.74582
2009,02,24,7,924.32846
2009,02,25,0,926.5564
2009,02,25,1,929.05783
2009,02,25,2,929.84542
2009,02,25,3,929.99822
2009,02,25,4,931.22666
2009,02,25,5,932.26423
2009,02,25,6,932.54933
2009,02,25,7,931.60487
2009,02,26,0,929.94303
2009,02,26,1,928.27274
2009,02,26,2,926.49355
2009,02,26,3,923.54265
2009,02,26,4,918.96834
2009,02,26,5,915.12641
2009,02,26,6,914.74072
2009,02,26,7,913.33258
2009,02,27,0,914.17084
2009,02,27,1,915.5671
2009,02,27,2,917.03436
2009,02,27,3,918.65465
2009,02,27,4,919.76726
2009,02,27,5,920.2606
2009,02,27,6,922.50889
2009,02,27,7,925.77637
2009,02,28,0,929.43889
2009,02,28,1,932.86389
2009,02,28,2,935.89896
2009,02,28,3,938.03892
2009,02,28,4,938.62675
2009,02,28,5,965.90119
2009,02,28,6,964.65954
2009,02,28,7,963.3262
2009,02,29,0,961.53823
2009,02,29,1,959.95983
2009,02,29,2,959.1059
2009,02,29,3,931.77595
2009,02,29,4,930.59931
2009,02,29,5,930.52673
2009,02,29,6,929.17035
2009,02,29,7,927.43177
2009,02,30,0,926.46564
2009,02,30,1,925.29615
2009,02,30,2,925.84437
2009,02,30,3,926.62814
2009,02,30,4,926.45509
2009,02,30,5,925.48296
2009,02,30,6,924.87226
2009,02,30,7,923.96522
2009,02,1,0,923.38603
2009,02,1,1,922.9027
2009,02,1,2,922.11648
2009,02,1,3,920.69436
2009,02,1,4,919.39398
2009,02,1,5,918.42225
2009,02,1,6,917.69376
2009,02,1,7,917.3578
2009,02,2,0,915.05473
2009,02,2,1,912.63115
2009,02,2,2,912.43361
2009,02,2,3,912.22631
2009,02,2,4,911.93589
2009,02,2,5,911.23468
2009,02,2,6,909.21244
2009,02,2,7,909.14813
2009,02,3,0,910.7117
2009,02,3,1,913.8503
2009,02,3,2,916.32293
2009,02,3,3,918.63001
2009,02,3,4,918.93691
2009,02,3,5,916.43254
2009,02,3,6,913.21939
2009,02,3,7,911.38525
2009,02,4,0,910.67362
2009,02,4,1,910.10156
2009,02,4,2,908.12148
2009,02,4,3,907.72877
2009,02,4,4,908.58681
2009,02,4,5,908.66716
2009,02,4,6,909.16492
2009,02,4,7,910.11388
2009,02,5,0,911.33233
2009,02,5,1,911.74063
2009,02,5,2,913.20977
2009,02,5,3,916.09135
2009,02,5,4,918.74537
2009,02,5,5,919.52485
2009,02,5,6,919.6972
2009,02,5,7,920.10835
2009,02,6,0,919.41731
2009,02,6,1,918.22135
2009,02,6,2,917.46659
2009,02,6,3,917.13272
2009,02,6,4,916.27523
2009,02,6,5,914.97244
2009,02,6,6,913.72614
2009,02,6,7,912.62216
2009,02,7,0,912.94226
2009,02,7,1,913.90188
2009,02,7,2,912.19695
2009,02,7,3,910.34295
2009,02,7,4,911.56302
2009,02,7,5,912.76842
2009,02,7,6,914.97733
2009,02,7,7,915.41151
2009,02,8,0,915.20487
2009,02,8,1,914.24562
2009,02,8,2,913.42956
2009,02,8,3,913.52969
2009,02,8,4,912.66186
2009,02,8,5,912.48515
2009,02,8,6,915.8848
2009,02,8,7,918.34675
2009,02,9,0,920.28012
2009,02,9,1,922.71932
2009,02,9,2,926.00067
2009,02,9,3,927.85383
2009,02,9,4,926.59993
2009,02,9,5,924.01687
2009,02,9,6,917.6994
2009,02,9,7,914.25893
2009,02,10,0,916.13266
2009,02,10,1,917.20852
2009,02,10,2,916.98174
2009,02,10,3,916.91746
2009,02,10,4,914.70193
2009,02,10,5,910.9927
2009,02,10,6,909.76808
2009,02,10,7,909.07008
2009,02,11,0,908.49502
2009,02,11,1,907.23525
2009,02,11,2,907.34086
2009,02,11,3,908.82957
2009,02,11,4,910.38171
2009,02,11,5,911.38546
2009,02,11,6,911.3007
2009,02,11,7,912.12445
2009,02,12,0,914.12579
2009,02,12,1,915.6877
2009,02,12,2,917.50722
2009,02,12,3,918.97398
2009,02,12,4,918.92472
2009,02,12,5,917.83833
2009,02,12,6,917.95105
2009,02,12,7,917.80879
2009,02,13,0,917.92438
2009,02,13,1,917.69464
2009,02,13,2,917.49563
2009,02,13,3,918.11402
2009,02,13,4,917.8851
2009,02,13,5,917.4775
2009,02,13,6,917.83395
2009,02,13,7,917.83908
2009,02,14,0,917.8906
2009,02,14,1,917.88707
2009,02,14,2,918.87621
2009,02,14,3,919.16027
2009,02,14,4,919.17724
2009,02,14,5,919.5591
2009,02,14,6,919.49235
2009,02,14,7,919.14129
2009,02,15,0,918.7266
2009,02,15,1,917.93283
2009,02,15,2,916.92345
2009,02,15,3,916.10032
2009,02,15,4,916.19938
2009,02,15,5,916.07386
2009,02,15,6,915.08497
2009,02,15,7,913.84352
2009,02,16,0,913.36462
2009,02,16,1,912.95728
2009,02,16,2,912.52116
2009,02,16,3,912.06776
2009,02,16,4,911.09368
2009,02,16,5,910.07801
2009,02,16,6,910.35941
2009,02,16,7,911.06566
2009,02,17,0,910.81189
2009,02,17,1,910.34234
2009,02,17,2,910.80979
2009,02,17,3,910.94718
2009,02,17,4,910.98064
2009,02,17,5,910.86324
2009,02,17,6,911.40326
2009,02,17,7,911.78795
2009,02,18,0,911.04968
2009,02,18,1,909.62827
2009,02,18,2,908.40915
2009,02,18,3,906.30693
2009,02,18,4,904.00062
2009,02,18,5,903.24515
2009,02,18,6,902.83377
2009,02,18,7,901.93384
2009,02,19,0,901.02457
2009,02,19,1,900.70151
2009,02,19,2,901.3596
2009,02,19,3,901.6635
2009,02,19,4,900.81011
2009,02,19,5,900.30344
2009,02,19,6,901.07314
2009,02,19,7,902.65684
2009,02,20,0,904.20491
2009,02,20,1,905.38777
2009,02,20,2,906.51893
2009,02,20,3,908.57472
2009,02,20,4,909.29913
2009,02,20,5,908.84836
2009,02,20,6,909.1994
2009,02,20,7,909.99624
2009,02,21,0,909.71717
2009,02,21,1,909.39264
2009,02,21,2,910.37625
2009,02,21,3,911.18412
2009,02,21,4,910.71749
2009,02,21,5,909.83949
2009,02,21,6,909.54353
2009,02,21,7,909.63785
2009,02,22,0,909.58836
2009,02,22,1,909.99584
2009,02,22,2,910.61499
2009,02,22,3,911.3483
2009,02,22,4,912.73309
2009,02,22,5,913.42893
2009,02,22,6,912.58357
2009,02,22,7,911.98997
2009,02,23,0,911.97049
2009,02,23,1,911.96327
2009,02,23,2,912.10907
2009,02,23,3,911.2359
2009,02,23,4,909.12102
2009,02,23,5,907.00878
2009,02,23,6,905.31247
2009,02,23,7,904.93312
2009,02,24,0,905.25337
2009,02,24,1,905.76896
2009,02,24,2,905.11371
2009,02,24,3,904.01109
2009,02,24,4,904.94406
2009,02,24,5,906.25094
2009,02,24,6,907.76938
2009,02,24,7,909.01014
2009,02,25,0,910.21436
2009,02,25,1,911.76577
2009,02,25,2,914.10672
2009,02,25,3,915.14148
2009,02,25,4,914.30345
2009,02,25,5,914.03697
2009,02,25,6,914.01232
2009,02,25,7,914.41722
2009,02,26,0,915.46755
2009,02,26,1,915.86685
2009,02,26,2,916.83296
2009,02,26,3,917.43586
2009,02,26,4,917.2481
2009,02,26,5,917.59669
2009,02,26,6,917.62975
2009,02,26,7,918.32957
2009,02,27,0,918.78215
2009,02,27,1,918.476
2009,02,27,2,919.4656
2009,02,27,3,919.9531
2009,02,27,4,920.06605
2009,02,27,5,920.22685
2009,02,27,6,919.95053
2009,02,27,7,920.08293
2009,02,28,0,920.3851
2009,02,28,1,920.25785
2009,02,28,2,920.29722
2009,02,28,3,919.6667
2009,02,28,4,920.01424
2009,02,28,5,919.94008
2009,02,28,6,918.60867
2009,02,28,7,917.10944
2009,02,29,0,915.88254
2009,02,29,1,914.86976
2009,02,29,2,914.3941
2009,02,29,3,914.92001
2009,02,29,4,914.60424
2009,02,29,5,915.62091
2009,02,29,6,916.84958
2009,02,29,7,917.67934
2009,02,30,0,918.32269
2009,02,30,1,918.61561
2009,02,30,2,919.28475
2009,02,30,3,920.13629
2009,02,30,4,920.79449
2009,02,30,5,921.2527
2009,02,30,6,921.0262
2009,02,30,7,920.51907
2009,02,31,0,919.60846
2009,02,31,1,919.59328
2009,02,31,2,918.49753
2009,02,31,3,916.72824
2009,02,31,4,916.43047
2009,02,31,5,916.30917
2009,02,31,6,917.3144
2009,02,31,7,917.79064
2009,02,1,0,917.69956
2009,02,1,1,916.98881
2009,02,1,2,916.72858
2009,02,1,3,916.74197
2009,02,1,4,917.54223
2009,02,1,5,918.13772
2009,02,1,6,917.92296
2009,02,1,7,918.10091
2009,02,2,0,919.11653
2009,02,2,1,920.11911
2009,02,2,2,920.42112
2009,02,2,3,920.49298
2009,02,2,4,920.57485
2009,02,2,5,920.33368
2009,02,2,6,919.22842
2009,02,2,7,918.03647
2009,02,3,0,917.77374
2009,02,3,1,917.58918
2009,02,3,2,917.5965
2009,02,3,3,917.78216
2009,02,3,4,917.90599
2009,02,3,5,918.12231
2009,02,3,6,919.38936
2009,02,3,7,920.17711
2009,02,4,0,920.45509
2009,02,4,1,920.52964
2009,02,4,2,921.02828
2009,02,4,3,921.50399
2009,02,4,4,922.21689
2009,02,4,5,922.59704
2009,02,4,6,920.96499
2009,02,4,7,920.04387
2009,02,5,0,918.83512
2009,02,5,1,916.93604
2009,02,5,2,915.16243
2009,02,5,3,914.62756
2009,02,5,4,914.58357
2009,02,5,5,914.48339
2009,02,5,6,914.68531
2009,02,5,7,916.00104
2009,02,6,0,917.04456
2009,02,6,1,916.6896
2009,02,6,2,915.22915
2009,02,6,3,913.44106
2009,02,6,4,911.77821
2009,02,6,5,910.70379
2009,02,6,6,909.2397
2009,02,6,7,908.38705
2009,02,7,0,910.77684
2009,02,7,1,913.42689
2009,02,7,2,912.60981
2009,02,7,3,912.2036
2009,02,7,4,912.4754
2009,02,7,5,913.37078
2009,02,7,6,911.80074
2009,02,7,7,910.39849
2009,02,8,0,908.97554
2009,02,8,1,908.15912
2009,02,8,2,908.9942
2009,02,8,3,910.22771
2009,02,8,4,911.23357
2009,02,8,5,911.9134
2009,02,8,6,913.39793
2009,02,8,7,915.24448
2009,02,9,0,915.82448
2009,02,9,1,915.42151
2009,02,9,2,914.83971
2009,02,9,3,913.62907
2009,02,9,4,913.19799
2009,02,9,5,912.92349
2009,02,9,6,912.29523
2009,02,9,7,911.10545
2009,02,10,0,910.16002
2009,02,10,1,909.70538
2009,02,10,2,908.92771
2009,02,10,3,908.47825
2009,02,10,4,908.31244
2009,02,10,5,908.69533
2009,02,10,6,910.32083
2009,02,10,7,911.76521
2009,02,11,0,912.49891
2009,02,11,1,913.12292
2009,02,11,2,913.79408
2009,02,11,3,915.21055
2009,02,11,4,917.04529
2009,02,11,5,918.96015
2009,02,11,6,920.41283
2009,02,11,7,921.77708
2009,02,12,0,922.83555
2009,02,12,1,923.1049
2009,02,12,2,924.12468
2009,02,12,3,925.73906
2009,02,12,4,926.50967
2009,02,12,5,926.7349
2009,02,12,6,927.95125
2009,02,12,7,928.58568
2009,02,13,0,928.70113
2009,02,13,1,929.16163
2009,02,13,2,929.26139
2009,02,13,3,929.74195
2009,02,13,4,930.40563
2009,02,13,5,930.23812
2009,02,13,6,929.58472
2009,02,13,7,928.78763
2009,02,14,0,927.80493
2009,02,14,1,927.40286
2009,02,14,2,926.12936
2009,02,14,3,923.42571
2009,02,14,4,920.56054
2009,02,14,5,919.0987
2009,02,14,6,919.44533
2009,02,14,7,919.62226
2009,02,15,0,920.20961
2009,02,15,1,921.31687
2009,02,15,2,923.21813
2009,02,15,3,925.03238
2009,02,15,4,925.49371
2009,02,15,5,925.69545
2009,02,15,6,924.68012
2009,02,15,7,923.9597
2009,02,16,0,923.13928
2009,02,16,1,921.84519
2009,02,16,2,921.53519
2009,02,16,3,921.5853
2009,02,16,4,922.02846
2009,02,16,5,922.61629
2009,02,16,6,922.16517
2009,02,16,7,921.90549
2009,02,17,0,921.55013
2009,02,17,1,921.3814
2009,02,17,2,922.88657
2009,02,17,3,923.95735
2009,02,17,4,923.45686
2009,02,17,5,922.73741
2009,02,17,6,922.47806
2009,02,17,7,922.28165
2009,02,18,0,920.94177
2009,02,18,1,919.28716
2009,02,18,2,918.72635
2009,02,18,3,917.64313
2009,02,18,4,915.75833
2009,02,18,5,913.96646
2009,02,18,6,912.05059
2009,02,18,7,910.51739
2009,02,19,0,909.13502
2009,02,19,1,907.63898
2009,02,19,2,906.5611
2009,02,19,3,904.10212
2009,02,19,4,903.09311
2009,02,19,5,903.20904
2009,02,19,6,902.44722
2009,02,19,7,901.67238
2009,02,20,0,902.34139
2009,02,20,1,903.02942
2009,02,20,2,903.5607
2009,02,20,3,904.31745
2009,02,20,4,905.67972
2009,02,20,5,907.0199
2009,02,20,6,908.21004
2009,02,20,7,909.84238
2009,02,21,0,911.14596
2009,02,21,1,911.66333
2009,02,21,2,914.44221
2009,02,21,3,916.69751
2009,02,21,4,914.26569
2009,02,21,5,911.20102
2009,02,21,6,911.02718
2009,02,21,7,911.54779
2009,02,22,0,911.37844
2009,02,22,1,911.50395
2009,02,22,2,912.5489
2009,02,22,3,912.94439
2009,02,22,4,912.4387
2009,02,22,5,912.09457
2009,02,22,6,911.57865
2009,02,22,7,910.54194
2009,02,23,0,910.31878
2009,02,23,1,909.96144
2009,02,23,2,910.7295
2009,02,23,3,912.05539
2009,02,23,4,912.48457
2009,02,23,5,912.74394
2009,02,23,6,913.28897
2009,02,23,7,913.75777
2009,02,24,0,914.29523
2009,02,24,1,914.6576
2009,02,24,2,914.45277
2009,02,24,3,914.50311
2009,02,24,4,916.15982
2009,02,24,5,917.06733
2009,02,24,6,917.05006
2009,02,24,7,916.57483
2009,02,25,0,916.01909
2009,02,25,1,916.60329
2009,02,25,2,916.79556
2009,02,25,3,916.69284
2009,02,25,4,918.11755
2009,02,25,5,919.17616
2009,02,25,6,919.60367
2009,02,25,7,917.1029
2009,02,26,0,917.32021
2009,02,26,1,917.98357
2009,02,26,2,916.9151
2009,02,26,3,916.24926
2009,02,26,4,916.55163
2009,02,26,5,915.9359
2009,02,26,6,915.71205
2009,02,26,7,915.59894
2009,02,27,0,914.74629
2009,02,27,1,913.88825
2009,02,27,2,914.22932
2009,02,27,3,914.88785
2009,02,27,4,913.12257
2009,02,27,5,911.81123
2009,02,27,6,912.06545
2009,02,27,7,912.04183
2009,02,28,0,910.85051
2009,02,28,1,909.9259
2009,02,28,2,909.97497
2009,02,28,3,909.58086
2009,02,28,4,908.90215
2009,02,28,5,908.09064
2009,02,28,6,908.963
2009,02,28,7,910.2689
2009,02,29,0,911.41751
2009,02,29,1,911.49421
2009,02,29,2,912.19052
2009,02,29,3,911.97455
2009,02,29,4,911.38035
2009,02,29,5,913.01969
2009,02,29,6,912.4743
2009,02,29,7,911.58699
2009,02,30,0,912.12148
2009,02,30,1,913.03904
2009,02,30,2,913.42086
2009,02,30,3,913.49067
2009,02,30,4,912.5481
2009,02,30,5,911.99532
2009,02,30,6,912.66117
2009,02,30,7,913.30909
2009,02,31,0,912.72213
2009,02,31,1,912.64047
2009,02,31,2,913.89487
2009,02,31,3,913.98343
2009,02,31,4,913.09375
2009,02,31,5,912.52012
2009,02,31,6,913.51309
2009,02,31,7,914.25651
2009,02,1,0,913.44243
2009,02,1,1,912.91929
2009,02,1,2,913.30289
2009,02,1,3,913.5418
2009,02,1,4,914.00799
2009,02,1,5,914.43762
2009,02,1,6,914.72699
2009,02,1,7,915.56828
2009,02,2,0,915.5126
2009,02,2,1,915.1761
2009,02,2,2,916.45135
2009,02,2,3,917.28316
2009,02,2,4,918.12062
2009,02,2,5,919.02978
2009,02,2,6,918.78215
2009,02,2,7,918.67444
2009,02,3,0,918.52891
2009,02,3,1,918.62977
2009,02,3,2,919.05892
2009,02,3,3,919.19798
2009,02,3,4,918.24734
2009,02,3,5,917.02364
2009,02,3,6,916.74249
2009,02,3,7,915.93016
2009,02,4,0,914.38993
2009,02,4,1,912.89448
2009,02,4,2,912.13475
2009,02,4,3,910.83048
2009,02,4,4,910.16357
2009,02,4,5,909.28522
2009,02,4,6,908.36832
2009,02,4,7,908.48859
2009,02,5,0,908.67623
2009,02,5,1,908.64497
2009,02,5,2,909.32821
2009,02,5,3,910.04729
2009,02,5,4,910.59793
2009,02,5,5,911.18894
2009,02,5,6,912.24041
2009,02,5,7,912.48884
2009,02,6,0,912.50725
2009,02,6,1,914.24507
2009,02,6,2,915.65317
2009,02,6,3,915.93305
2009,02,6,4,916.54033
2009,02,6,5,916.92256
2009,02,6,6,916.9026
2009,02,6,7,916.64108
2009,02,7,0,916.58506
2009,02,7,1,917.84002
2009,02,7,2,917.16411
2009,02,7,3,915.22848
2009,02,7,4,915.24817
2009,02,7,5,914.42889
2009,02,7,6,913.77267
2009,02,7,7,912.78452
2009,02,8,0,911.73771
2009,02,8,1,909.57254
2009,02,8,2,909.41699
2009,02,8,3,908.54166
2009,02,8,4,907.5559
2009,02,8,5,907.34575
2009,02,8,6,906.13303
2009,02,8,7,904.70098
2009,02,9,0,904.4179
2009,02,9,1,905.34114
2009,02,9,2,906.14843
2009,02,9,3,906.08685
2009,02,9,4,906.53954
2009,02,9,5,908.02694
2009,02,9,6,908.55755
2009,02,9,7,908.93893
2009,02,10,0,909.21652
2009,02,10,1,909.43879
2009,02,10,2,909.71615
2009,02,10,3,910.16674
2009,02,10,4,910.48075
2009,02,10,5,910.77248
2009,02,10,6,910.30022
2009,02,10,7,909.54723
2009,02,11,0,908.1414
2009,02,11,1,908.70119
2009,02,11,2,909.41106
2009,02,11,3,910.5121
2009,02,11,4,911.96489
2009,02,11,5,913.51711
2009,02,11,6,914.32689
2009,02,11,7,915.1022
2009,02,12,0,916.85273
2009,02,12,1,918.66838
2009,02,12,2,919.35979
2009,02,12,3,915.72206
2009,02,12,4,913.57494
2009,02,12,5,914.50474
2009,02,12,6,915.62342
2009,02,12,7,915.83917
2009,02,13,0,914.3188
2009,02,13,1,912.52546
2009,02,13,2,912.8549
2009,02,13,3,912.61075
2009,02,13,4,912.04661
2009,02,13,5,913.80944
2009,02,13,6,914.39388
2009,02,13,7,914.60245
2009,02,14,0,916.70847
2009,02,14,1,917.9889
2009,02,14,2,917.56082
2009,02,14,3,916.70503
2009,02,14,4,914.59584
2009,02,14,5,913.08456
2009,02,14,6,913.34541
2009,02,14,7,913.01262
2009,02,15,0,912.98434
2009,02,15,1,912.77734
2009,02,15,2,913.03566
2009,02,15,3,913.52619
2009,02,15,4,914.36758
2009,02,15,5,914.9959
2009,02,15,6,914.56072
2009,02,15,7,914.48336
2009,02,16,0,914.70892
2009,02,16,1,914.97253
2009,02,16,2,915.90752
2009,02,16,3,916.50945
2009,02,16,4,915.46779
2009,02,16,5,914.5004
2009,02,16,6,914.85063
2009,02,16,7,915.78942
2009,02,17,0,914.86832
2009,02,17,1,913.76794
2009,02,17,2,914.61983
2009,02,17,3,915.54804
2009,02,17,4,915.66152
2009,02,17,5,915.69245
2009,02,17,6,917.79328
2009,02,17,7,919.22018
2009,02,18,0,920.48235
2009,02,18,1,921.4574
2009,02,18,2,919.94674
2009,02,18,3,916.9693
2009,02,18,4,915.78103
2009,02,18,5,915.8065
2009,02,18,6,914.59444
2009,02,18,7,913.70891
2009,02,19,0,915.31135
2009,02,19,1,916.0924
2009,02,19,2,917.60921
2009,02,19,3,918.14448
2009,02,19,4,916.95877
2009,02,19,5,915.57453
2009,02,19,6,915.43186
2009,02,19,7,916.88211
2009,02,20,0,918.17436
2009,02,20,1,916.89704
2009,02,20,2,915.8731
2009,02,20,3,914.69692
2009,02,20,4,913.8179
2009,02,20,5,913.17407
2009,02,20,6,912.4687
2009,02,20,7,911.79529
2009,02,21,0,911.79312
2009,02,21,1,911.93483
2009,02,21,2,912.48928
2009,02,21,3,912.94231
2009,02,21,4,913.60026
2009,02,21,5,913.9894
2009,02,21,6,914.99156
2009,02,21,7,915.45554
2009,02,22,0,915.40463
2009,02,22,1,915.68903
2009,02,22,2,917.02725
2009,02,22,3,917.41498
2009,02,22,4,917.51483
2009,02,22,5,916.91742
2009,02,22,6,916.30275
2009,02,22,7,915.43907
2009,02,23,0,914.77676
2009,02,23,1,914.34187
2009,02,23,2,914.56572
2009,02,23,3,914.27081
2009,02,23,4,913.84088
2009,02,23,5,913.4725
2009,02,23,6,914.16225
2009,02,23,7,914.62122
2009,02,24,0,915.24157
2009,02,24,1,914.71628
2009,02,24,2,915.02571
2009,02,24,3,915.33865
2009,02,24,4,915.87814
2009,02,24,5,915.84887
2009,02,24,6,915.04529
2009,02,24,7,914.08494
2009,02,25,0,913.56681
2009,02,25,1,913.14474
2009,02,25,2,912.47159
2009,02,25,3,911.80652
2009,02,25,4,911.51938
2009,02,25,5,911.02419
2009,02,25,6,911.24939
2009,02,25,7,911.61372
2009,02,26,0,912.18774
2009,02,26,1,913.19897
2009,02,26,2,913.00646
2009,02,26,3,912.64964
2009,02,26,4,912.37418
2009,02,26,5,911.99655
2009,02,26,6,911.75504
2009,02,26,7,910.71887
2009,02,27,0,909.59481
2009,02,27,1,909.10203
2009,02,27,2,908.35908
2009,02,27,3,907.39076
2009,02,27,4,906.56944
2009,02,27,5,905.15849
2009,02,27,6,902.94053
2009,02,27,7,901.35648
2009,02,28,0,901.09383
2009,02,28,1,900.42444
2009,02,28,2,899.30808
2009,02,28,3,898.00684
2009,02,28,4,896.42843
2009,02,28,5,893.66856
2009,02,28,6,893.01334
2009,02,28,7,894.85342
2009,02,29,0,894.96202
2009,02,29,1,895.47374
2009,02,29,2,897.4459
2009,02,29,3,898.68218
2009,02,29,4,900.58571
2009,02,29,5,902.31736
2009,02,29,6,902.92113
2009,02,29,7,903.70296
2009,02,30,0,903.52435
2009,02,30,1,903.89129
2009,02,30,2,905.37567
2009,02,30,3,906.19704
2009,02,30,4,907.22194
2009,02,30,5,908.40239
2009,02,30,6,909.61037
2009,02,30,7,910.68365
2009,02,1,0,911.17712
2009,02,1,1,911.51236
2009,02,1,2,911.1585
2009,02,1,3,910.63828
2009,02,1,4,910.43062
2009,02,1,5,910.33144
2009,02,1,6,910.79005
2009,02,1,7,911.10655
2009,02,2,0,910.37689
2009,02,2,1,909.55714
2009,02,2,2,909.96033
2009,02,2,3,910.47832
2009,02,2,4,909.9902
2009,02,2,5,909.35723
2009,02,2,6,909.21574
2009,02,2,7,908.96689
2009,02,3,0,908.84568
2009,02,3,1,908.71338
2009,02,3,2,909.38327
2009,02,3,3,909.82458
2009,02,3,4,909.5732
2009,02,3,5,909.7914
2009,02,3,6,909.64803
2009,02,3,7,908.90046
2009,02,4,0,908.96644
2009,02,4,1,909.68596
2009,02,4,2,910.71733
2009,02,4,3,912.3364
2009,02,4,4,912.77778
2009,02,4,5,912.44146
2009,02,4,6,913.60772
2009,02,4,7,913.94083
2009,02,5,0,914.38628
2009,02,5,1,915.26733
2009,02,5,2,914.47846
2009,02,5,3,912.21618
2009,02,5,4,910.66831
2009,02,5,5,910.51822
2009,02,5,6,910.3813
2009,02,5,7,909.90168
2009,02,6,0,909.87979
2009,02,6,1,909.54171
2009,02,6,2,908.30071
2009,02,6,3,907.17033
2009,02,6,4,907.20745
2009,02,6,5,906.72749
2009,02,6,6,906.09257
2009,02,6,7,906.95588
2009,02,7,0,906.62116
2009,02,7,1,905.1337
2009,02,7,2,905.34327
2009,02,7,3,906.22246
2009,02,7,4,907.88157
2009,02,7,5,909.26135
2009,02,7,6,910.04354
2009,02,7,7,910.7495
2009,02,8,0,909.0793
2009,02,8,1,908.05465
2009,02,8,2,907.83346
2009,02,8,3,907.38703
2009,02,8,4,907.61365
2009,02,8,5,908.22613
2009,02,8,6,909.02175
2009,02,8,7,910.00679
2009,02,9,0,910.80491
2009,02,9,1,911.2311
2009,02,9,2,911.25854
2009,02,9,3,912.02844
2009,02,9,4,912.55407
2009,02,9,5,913.34757
2009,02,9,6,914.41261
2009,02,9,7,915.17718
2009,02,10,0,915.92457
2009,02,10,1,916.09273
2009,02,10,2,916.95232
2009,02,10,3,917.48721
2009,02,10,4,916.73517
2009,02,10,5,916.30899
2009,02,10,6,916.93865
2009,02,10,7,917.16368
2009,02,11,0,916.85929
2009,02,11,1,915.92796
2009,02,11,2,916.58423
2009,02,11,3,916.52525
2009,02,11,4,916.31774
2009,02,11,5,917.39007
2009,02,11,6,918.58449
2009,02,11,7,918.90424
2009,02,12,0,918.00945
2009,02,12,1,916.83099
2009,02,12,2,916.9249
2009,02,12,3,917.11402
2009,02,12,4,915.78187
2009,02,12,5,914.77084
2009,02,12,6,915.22364
2009,02,12,7,914.99675
2009,02,13,0,914.40427
2009,02,13,1,914.25057
2009,02,13,2,914.15642
2009,02,13,3,912.96309
2009,02,13,4,912.11971
2009,02,13,5,912.16463
2009,02,13,6,912.93044
2009,02,13,7,912.57798
2009,02,14,0,910.66833
2009,02,14,1,909.03503
2009,02,14,2,908.6934
2009,02,14,3,908.12446
2009,02,14,4,908.2008
2009,02,14,5,907.65344
2009,02,14,6,906.99808
2009,02,14,7,906.59732
2009,02,15,0,906.52681
2009,02,15,1,904.84466
2009,02,15,2,901.40949
2009,02,15,3,898.89122
2009,02,15,4,898.9225
2009,02,15,5,899.38428
2009,02,15,6,901.03727
2009,02,15,7,903.24929
2009,02,16,0,903.52012
2009,02,16,1,903.13116
2009,02,16,2,905.25671
2009,02,16,3,908.03999
2009,02,16,4,909.05071
2009,02,16,5,908.7467
2009,02,16,6,908.91437
2009,02,16,7,909.16373
2009,02,17,0,908.0896
2009,02,17,1,906.39726
2009,02,17,2,906.7321
2009,02,17,3,908.11278
2009,02,17,4,907.44569
2009,02,17,5,906.27502
2009,02,17,6,907.43473
2009,02,17,7,909.20056
2009,02,18,0,909.02269
2009,02,18,1,907.92937
2009,02,18,2,907.49832
2009,02,18,3,907.39197
2009,02,18,4,908.4681
2009,02,18,5,908.91473
2009,02,18,6,908.25073
2009,02,18,7,906.60951
2009,02,19,0,904.7637
2009,02,19,1,903.5743
2009,02,19,2,904.02949
2009,02,19,3,905.39602
2009,02,19,4,905.80172
2009,02,19,5,905.11804
2009,02,19,6,904.4811
2009,02,19,7,905.24462
2009,02,20,0,908.198
2009,02,20,1,910.23059
2009,02,20,2,911.94632
2009,02,20,3,913.27752
2009,02,20,4,914.65648
2009,02,20,5,915.52803
2009,02,20,6,915.635
2009,02,20,7,914.41317
2009,02,21,0,911.89599
2009,02,21,1,908.69741
2009,02,21,2,907.16265
2009,02,21,3,906.756
2009,02,21,4,905.06969
2009,02,21,5,903.22613
2009,02,21,6,904.59942
2009,02,21,7,906.60687
2009,02,22,0,905.95794
2009,02,22,1,904.72932
2009,02,22,2,907.15862
2009,02,22,3,909.33491
2009,02,22,4,906.06515
2009,02,22,5,902.74471
2009,02,22,6,903.8601
2009,02,22,7,906.24359
2009,02,23,0,907.48354
2009,02,23,1,908.04029
2009,02,23,2,909.54514
2009,02,23,3,910.3255
2009,02,23,4,910.20795
2009,02,23,5,910.75213
2009,02,23,6,912.38488
2009,02,23,7,913.09719
2009,02,24,0,910.36604
2009,02,24,1,907.92677
2009,02,24,2,908.87893
2009,02,24,3,910.37995
2009,02,24,4,911.73182
2009,02,24,5,912.24746
2009,02,24,6,912.08423
2009,02,24,7,912.25521
2009,02,25,0,913.47264
2009,02,25,1,913.88421
2009,02,25,2,913.62674
2009,02,25,3,913.04732
2009,02,25,4,912.06828
2009,02,25,5,911.56038
2009,02,25,6,910.71491
2009,02,25,7,910.23694
2009,02,26,0,909.06733
2009,02,26,1,907.55579
2009,02,26,2,908.51411
2009,02,26,3,907.64814
2009,02,26,4,902.77299
2009,02,26,5,902.07237
2009,02,26,6,903.47293
2009,02,26,7,904.34354
2009,02,27,0,902.173
2009,02,27,1,900.76582
2009,02,27,2,902.38173
2009,02,27,3,904.02305
2009,02,27,4,902.96784
2009,02,27,5,903.05507
2009,02,27,6,905.33597
2009,02,27,7,908.22578
2009,02,28,0,908.80361
2009,02,28,1,908.11311
2009,02,28,2,908.54324
2009,02,28,3,908.79985
2009,02,28,4,908.47988
2009,02,28,5,907.91281
2009,02,28,6,910.39312
2009,02,28,7,913.60503
2009,02,29,0,912.40439
2009,02,29,1,910.75733
2009,02,29,2,911.28581
2009,02,29,3,911.91957
2009,02,29,4,912.12189
2009,02,29,5,912.13157
2009,02,29,6,912.28956
2009,02,29,7,912.03233
2009,02,30,0,910.29405
2009,02,30,1,909.40753
2009,02,30,2,910.32311
2009,02,30,3,911.61215
2009,02,30,4,912.46483
2009,02,30,5,913.09526
2009,02,30,6,912.74157
2009,02,30,7,912.10863
2009,02,31,0,909.07957
2009,02,31,1,904.87366
2009,02,31,2,901.87377
2009,02,31,3,901.08571
2009,02,31,4,900.86074
2009,02,31,5,901.20266
2009,02,31,6,902.43496
2009,02,31,7,903.15981
2009,02,1,0,903.42401
2009,02,1,1,903.87723
2009,02,1,2,904.75366
2009,02,1,3,906.04953
2009,02,1,4,908.10001
2009,02,1,5,909.3266
2009,02,1,6,910.9177
2009,02,1,7,913.28353
2009,02,2,0,912.70394
2009,02,2,1,912.04941
2009,02,2,2,914.54938
2009,02,2,3,916.34628
2009,02,2,4,915.71868
2009,02,2,5,914.88113
2009,02,2,6,916.00093
2009,02,2,7,917.71324
2009,02,3,0,917.09338
2009,02,3,1,916.44106
2009,02,3,2,916.17079
2009,02,3,3,915.51578
2009,02,3,4,914.56122
2009,02,3,5,913.24409
2009,02,3,6,912.74061
2009,02,3,7,912.08929
2009,02,4,0,911.03233
2009,02,4,1,909.78682
2009,02,4,2,908.98788
2009,02,4,3,908.47322
2009,02,4,4,906.95806
2009,02,4,5,905.99342
2009,02,4,6,906.31369
2009,02,4,7,906.35398
2009,02,5,0,906.10417
2009,02,5,1,906.42639
2009,02,5,2,907.56597
2009,02,5,3,908.77223
2009,02,5,4,909.78024
2009,02,5,5,910.77271
2009,02,5,6,911.51106
2009,02,5,7,912.00084
2009,02,6,0,911.79725
2009,02,6,1,911.6512
2009,02,6,2,912.31142
2009,02,6,3,912.72913
2009,02,6,4,911.96058
2009,02,6,5,911.26206
2009,02,6,6,912.37118
2009,02,6,7,913.60984
2009,02,7,0,914.06947
2009,02,7,1,914.0702
2009,02,7,2,915.3336
2009,02,7,3,916.1174
2009,02,7,4,915.65233
2009,02,7,5,915.95751
2009,02,7,6,915.45731
2009,02,7,7,914.90462
2009,02,8,0,916.10417
2009,02,8,1,916.99212
2009,02,8,2,917.43298
2009,02,8,3,918.01313
2009,02,8,4,917.44836
2009,02,8,5,917.36369
2009,02,8,6,918.14704
2009,02,8,7,918.60199
2009,02,9,0,918.12208
2009,02,9,1,917.0795
2009,02,9,2,917.8738
2009,02,9,3,918.98083
2009,02,9,4,919.4118
2009,02,9,5,919.64412
2009,02,9,6,920.03681
2009,02,9,7,921.11692
2009,02,10,0,922.52439
2009,02,10,1,923.92894
2009,02,10,2,925.26364
2009,02,10,3,926.34031
2009,02,10,4,925.79473
2009,02,10,5,924.74722
2009,02,10,6,925.00435
2009,02,10,7,925.80559
2009,02,11,0,926.67255
2009,02,11,1,926.00044
2009,02,11,2,925.74212
2009,02,11,3,926.70369
2009,02,11,4,926.40072
2009,02,11,5,925.87792
2009,02,11,6,926.98063
2009,02,11,7,927.97104
2009,02,12,0,926.79
2009,02,12,1,925.54544
2009,02,12,2,927.42493
2009,02,12,3,928.85486
2009,02,12,4,928.24474
2009,02,12,5,927.40069
2009,02,12,6,927.37021
2009,02,12,7,926.29454
2009,02,13,0,925.67663
2009,02,13,1,925.26915
2009,02,13,2,925.21487
2009,02,13,3,926.30354
2009,02,13,4,925.08874
2009,02,13,5,923.0439
2009,02,13,6,922.81204
2009,02,13,7,922.17216
2009,02,14,0,922.72415
2009,02,14,1,924.38178
2009,02,14,2,946.91473
2009,02,14,3,926.37211
2009,02,14,4,925.68052
2009,02,14,5,926.10656
2009,02,14,6,925.12988
2009,02,14,7,923.2518
2009,02,15,0,921.27264
2009,02,15,1,919.42539
2009,02,15,2,918.80052
2009,02,15,3,917.92076
2009,02,15,4,917.85175
2009,02,15,5,918.71563
2009,02,15,6,917.53221
2009,02,15,7,915.85906
2009,02,16,0,915.34669
2009,02,16,1,914.44328
2009,02,16,2,914.65441
2009,02,16,3,914.46525
2009,02,16,4,913.21321
2009,02,16,5,912.37404
2009,02,16,6,911.58941
2009,02,16,7,911.17173
2009,02,17,0,910.80578
2009,02,17,1,910.9145
2009,02,17,2,912.24781
2009,02,17,3,913.59014
2009,02,17,4,914.92997
2009,02,17,5,916.88162
2009,02,17,6,919.10891
2009,02,17,7,921.06769
2009,02,18,0,921.57187
2009,02,18,1,921.03232
2009,02,18,2,922.42473
2009,02,18,3,924.02638
2009,02,18,4,924.3234
2009,02,18,5,924.69548
2009,02,18,6,924.80744
2009,02,18,7,924.32636
2009,02,19,0,924.26143
2009,02,19,1,923.49862
2009,02,19,2,922.55259
2009,02,19,3,921.34264
2009,02,19,4,920.51931
2009,02,19,5,918.80093
2009,02,19,6,916.76155
2009,02,19,7,915.00378
2009,02,20,0,912.58031
2009,02,20,1,910.70297
2009,02,20,2,910.55957
2009,02,20,3,910.58758
2009,02,20,4,910.43422
2009,02,20,5,910.61464
2009,02,20,6,910.95387
2009,02,20,7,911.25268
2009,02,21,0,911.60771
2009,02,21,1,911.56611
2009,02,21,2,912.01912
2009,02,21,3,911.65974
2009,02,21,4,911.06821
2009,02,21,5,910.57116
2009,02,21,6,909.0899
2009,02,21,7,908.37859
2009,02,22,0,907.10908
2009,02,22,1,905.38997
2009,02,22,2,904.91533
2009,02,22,3,904.37736
2009,02,22,4,904.0353
2009,02,22,5,904.75392
2009,02,22,6,905.98427
2009,02,22,7,906.85982
2009,02,23,0,908.32273
2009,02,23,1,909.51168
2009,02,23,2,909.43243
2009,02,23,3,909.26944
2009,02,23,4,910.45305
2009,02,23,5,910.8407
2009,02,23,6,911.16642
2009,02,23,7,912.19693
2009,02,24,0,912.55544
2009,02,24,1,912.09131
2009,02,24,2,912.59874
2009,02,24,3,913.22509
2009,02,24,4,913.33328
2009,02,24,5,912.81779
2009,02,24,6,912.75274
2009,02,24,7,912.4957
2009,02,25,0,911.80562
2009,02,25,1,910.86686
2009,02,25,2,910.68795
2009,02,25,3,910.17992
2009,02,25,4,909.5443
2009,02,25,5,909.15989
2009,02,25,6,908.72307
2009,02,25,7,908.81333
2009,02,26,0,908.48762
2009,02,26,1,908.22782
2009,02,26,2,908.44447
2009,02,26,3,908.74152
2009,02,26,4,909.6359
2009,02,26,5,910.16587
2009,02,26,6,910.97915
2009,02,26,7,911.88955
2009,02,27,0,912.48853
2009,02,27,1,912.88712
2009,02,27,2,913.61186
2009,02,27,3,914.18239
2009,02,27,4,913.83015
2009,02,27,5,913.47062
2009,02,27,6,913.20431
2009,02,27,7,912.75717
2009,02,28,0,912.85434
2009,02,28,1,912.82717
2009,02,28,2,912.81791
2009,02,28,3,912.77301
2009,02,28,4,912.50593
2009,02,28,5,912.10767
2009,02,28,6,912.2277
2009,02,28,7,912.32106
2009,02,29,0,911.99533
2009,02,29,1,911.6513
2009,02,29,2,912.3783
2009,02,29,3,913.35683
2009,02,29,4,913.51273
2009,02,29,5,913.71359
2009,02,29,6,914.03229
2009,02,29,7,914.32843
2009,02,30,0,914.97461
2009,02,30,1,915.43076
2009,02,30,2,915.57089
2009,02,30,3,915.44773
2009,02,30,4,915.4817
2009,02,30,5,915.4274
2009,02,30,6,915.12217
2009,02,30,7,914.88025
2009,02,1,0,914.37621
2009,02,1,1,913.97484
2009,02,1,2,913.45534
2009,02,1,3,912.81829
2009,02,1,4,912.43267
2009,02,1,5,911.79913
2009,02,1,6,912.64515
2009,02,1,7,912.98769
2009,02,2,0,911.83418
2009,02,2,1,911.05325
2009,02,2,2,910.98164
2009,02,2,3,910.57709
2009,02,2,4,910.20654
2009,02,2,5,910.17669
2009,02,2,6,910.48081
2009,02,2,7,910.56104
2009,02,3,0,909.48716
2009,02,3,1,908.44409
2009,02,3,2,909.5775
2009,02,3,3,910.92778
2009,02,3,4,911.42289
2009,02,3,5,911.01332
2009,02,3,6,910.97027
2009,02,3,7,911.06924
2009,02,4,0,909.19572
2009,02,4,1,907.68782
2009,02,4,2,906.824
2009,02,4,3,905.77241
2009,02,4,4,906.62865
2009,02,4,5,907.59163
2009,02,4,6,908.54808
2009,02,4,7,908.87557
2009,02,5,0,908.60081
2009,02,5,1,908.06955
2009,02,5,2,908.90287
2009,02,5,3,909.52102
2009,02,5,4,909.4545
2009,02,5,5,909.67394
2009,02,5,6,910.99793
2009,02,5,7,912.61837
2009,02,6,0,913.96836
2009,02,6,1,914.53223
2009,02,6,2,915.07763
2009,02,6,3,915.95002
2009,02,6,4,916.56576
2009,02,6,5,916.16643
2009,02,6,6,915.48854
2009,02,6,7,914.97282
2009,02,7,0,913.95634
2009,02,7,1,912.932
2009,02,7,2,913.12782
2009,02,7,3,913.65669
2009,02,7,4,912.45905
2009,02,7,5,911.40084
2009,02,7,6,912.36833
2009,02,7,7,913.2678
2009,02,8,0,912.76388
2009,02,8,1,912.56872
2009,02,8,2,912.60643
2009,02,8,3,912.15276
2009,02,8,4,911.8857
2009,02,8,5,911.53296
2009,02,8,6,912.72116
2009,02,8,7,914.31558
2009,02,9,0,914.94613
2009,02,9,1,915.38148
2009,02,9,2,915.38915
2009,02,9,3,915.05805
2009,02,9,4,915.44414
2009,02,9,5,915.51829
2009,02,9,6,915.52182
2009,02,9,7,915.98256
2009,02,10,0,915.85253
2009,02,10,1,914.9558
2009,02,10,2,913.47677
2009,02,10,3,912.82403
2009,02,10,4,912.71702
2009,02,10,5,911.93826
2009,02,10,6,911.32659
2009,02,10,7,911.06675
2009,02,11,0,909.91311
2009,02,11,1,908.58541
2009,02,11,2,907.42222
2009,02,11,3,906.28183
2009,02,11,4,906.25731
2009,02,11,5,906.46757
2009,02,11,6,907.12531
2009,02,11,7,908.17358
2009,02,12,0,909.02519
2009,02,12,1,909.20691
2009,02,12,2,910.06662
2009,02,12,3,911.186
2009,02,12,4,911.5927
2009,02,12,5,911.3428
2009,02,12,6,912.5307
2009,02,12,7,913.75959
2009,02,13,0,912.36804
2009,02,13,1,910.42438
2009,02,13,2,910.61607
2009,02,13,3,911.30638
2009,02,13,4,910.5347
2009,02,13,5,909.27723
2009,02,13,6,909.85176
2009,02,13,7,910.4471
2009,02,14,0,909.44197
2009,02,14,1,909.34538
2009,02,14,2,909.47464
2009,02,14,3,909.1299
2009,02,14,4,909.54781
2009,02,14,5,910.00235
2009,02,14,6,909.63742
2009,02,14,7,909.4615
2009,02,15,0,909.66301
2009,02,15,1,909.74784
2009,02,15,2,910.31904
2009,02,15,3,911.22636
2009,02,15,4,912.36914
2009,02,15,5,913.55732
2009,02,15,6,913.51598
2009,02,15,7,913.22609
2009,02,16,0,913.06028
2009,02,16,1,912.74779
2009,02,16,2,912.37119
2009,02,16,3,911.86791
2009,02,16,4,911.85529
2009,02,16,5,911.52364
2009,02,16,6,911.83192
2009,02,16,7,911.81652
2009,02,17,0,910.65776
2009,02,17,1,909.15082
2009,02,17,2,908.57126
2009,02,17,3,907.95614
2009,02,17,4,907.09893
2009,02,17,5,906.09328
2009,02,17,6,905.33981
2009,02,17,7,904.9091
2009,02,18,0,904.46109
2009,02,18,1,903.92712
2009,02,18,2,903.78075
2009,02,18,3,903.63341
2009,02,18,4,902.89348
2009,02,18,5,902.14109
2009,02,18,6,902.31284
2009,02,18,7,902.58482
2009,02,19,0,902.59507
2009,02,19,1,902.61313
2009,02,19,2,902.07831
2009,02,19,3,901.57877
2009,02,19,4,902.56883
2009,02,19,5,903.40174
2009,02,19,6,903.49752
2009,02,19,7,903.96124
2009,02,20,0,904.33685
2009,02,20,1,904.77665
2009,02,20,2,905.74453
2009,02,20,3,906.737
2009,02,20,4,907.14999
2009,02,20,5,907.40872
2009,02,20,6,907.6254
2009,02,20,7,907.86875
2009,02,21,0,907.91164
2009,02,21,1,908.21709
2009,02,21,2,907.90292
2009,02,21,3,907.60254
2009,02,21,4,907.54527
2009,02,21,5,907.48097
2009,02,21,6,907.6804
2009,02,21,7,908.07032
2009,02,22,0,908.10293
2009,02,22,1,907.94024
2009,02,22,2,907.86242
2009,02,22,3,907.79348
2009,02,22,4,907.78436
2009,02,22,5,908.03847
2009,02,22,6,908.52546
2009,02,22,7,909.0332
2009,02,23,0,908.86202
2009,02,23,1,908.71687
2009,02,23,2,908.07923
2009,02,23,3,907.45837
2009,02,23,4,908.14681
2009,02,23,5,908.87331
2009,02,23,6,909.27084
2009,02,23,7,910.12361
2009,02,24,0,911.17687
2009,02,24,1,911.81472
2009,02,24,2,912.9013
2009,02,24,3,913.72272
2009,02,24,4,914.37636
2009,02,24,5,914.777
2009,02,24,6,915.34513
2009,02,24,7,915.84713
2009,02,25,0,915.46953
2009,02,25,1,914.78845
2009,02,25,2,914.85212
2009,02,25,3,914.60871
2009,02,25,4,913.89589
2009,02,25,5,913.31064
2009,02,25,6,913.47159
2009,02,25,7,913.82917
2009,02,26,0,914.35243
2009,02,26,1,914.37411
2009,02,26,2,914.3867
2009,02,26,3,914.62412
2009,02,26,4,914.82472
2009,02,26,5,914.78235
2009,02,26,6,914.68836
2009,02,26,7,914.58552
2009,02,27,0,913.99272
2009,02,27,1,913.07596
2009,02,27,2,912.62709
2009,02,27,3,912.11501
2009,02,27,4,911.95323
2009,02,27,5,911.82228
2009,02,27,6,911.71757
2009,02,27,7,911.94306
2009,02,28,0,912.03071
2009,02,28,1,911.78253
2009,02,28,2,911.59283
2009,02,28,3,912.01922
2009,02,28,4,911.93516
2009,02,28,5,911.73813
2009,02,28,6,913.0451
2009,02,28,7,914.32216
2009,02,29,0,914.94017
2009,02,29,1,915.0368
2009,02,29,2,914.80719
2009,02,29,3,914.63216
2009,02,29,4,914.51904
2009,02,29,5,914.34163
2009,02,29,6,915.30789
2009,02,29,7,916.24187
2009,02,30,0,916.26933
2009,02,30,1,916.20915
2009,02,30,2,916.37147
2009,02,30,3,916.48312
2009,02,30,4,917.1548
2009,02,30,5,917.4754
2009,02,30,6,916.94824
2009,02,30,7,916.9333
2009,02,31,0,917.49599
2009,02,31,1,917.58872
2009,02,31,2,918.25492
2009,02,31,3,918.62944
2009,02,31,4,918.52423
2009,02,31,5,918.63741
2009,02,31,6,918.30017
2009,02,31,7,917.52179
2010,02,1,0,917.00824
2010,02,1,1,917.05658
2010,02,1,2,917.5986
2010,02,1,3,917.68051
2010,02,1,4,917.55436
2010,02,1,5,917.99503
2010,02,1,6,919.23026
2010,02,1,7,920.77255
2010,02,2,0,921.68776
2010,02,2,1,922.26664
2010,02,2,2,923.86162
2010,02,2,3,925.4518
2010,02,2,4,925.18947
2010,02,2,5,924.22487
2010,02,2,6,923.05768
2010,02,2,7,921.69626
2010,02,3,0,920.85661
2010,02,3,1,920.30548
2010,02,3,2,920.05517
2010,02,3,3,919.776
2010,02,3,4,919.82096
2010,02,3,5,920.32452
2010,02,3,6,921.35242
2010,02,3,7,921.97552
2010,02,4,0,921.51426
2010,02,4,1,920.78048
2010,02,4,2,920.75039
2010,02,4,3,920.89292
2010,02,4,4,921.53553
2010,02,4,5,921.74088
2010,02,4,6,921.73493
2010,02,4,7,922.29631
2010,02,5,0,921.80636
2010,02,5,1,921.02665
2010,02,5,2,920.65432
2010,02,5,3,920.44406
2010,02,5,4,920.37941
2010,02,5,5,919.93118
2010,02,5,6,920.4324
2010,02,5,7,920.91394
2010,02,6,0,919.67063
2010,02,6,1,918.28792
2010,02,6,2,917.81242
2010,02,6,3,917.38045
2010,02,6,4,917.35124
2010,02,6,5,917.69311
2010,02,6,6,917.79665
2010,02,6,7,918.17534
2010,02,7,0,918.45101
2010,02,7,1,918.29028
2010,02,7,2,918.07086
2010,02,7,3,918.25259
2010,02,7,4,918.68241
2010,02,7,5,918.27828
2010,02,7,6,918.1187
2010,02,7,7,918.88353
2010,02,8,0,918.40582
2010,02,8,1,918.27199
2010,02,8,2,919.65515
2010,02,8,3,920.69939
2010,02,8,4,921.63534
2010,02,8,5,922.28706
2010,02,8,6,923.09205
2010,02,8,7,923.67735
2010,02,9,0,923.99399
2010,02,9,1,923.58538
2010,02,9,2,922.73993
2010,02,9,3,921.96041
2010,02,9,4,920.9873
2010,02,9,5,919.89867
2010,02,9,6,919.55238
2010,02,9,7,919.35479
2010,02,10,0,918.40514
2010,02,10,1,917.17163
2010,02,10,2,916.45372
2010,02,10,3,915.87117
2010,02,10,4,915.33682
2010,02,10,5,914.56858
2010,02,10,6,913.98632
2010,02,10,7,913.95198
2010,02,11,0,913.38013
2010,02,11,1,912.86459
2010,02,11,2,913.38717
2010,02,11,3,914.17083
2010,02,11,4,914.60405
2010,02,11,5,914.93553
2010,02,11,6,915.37261
2010,02,11,7,915.62678
2010,02,12,0,914.17277
2010,02,12,1,912.76698
2010,02,12,2,914.02308
2010,02,12,3,914.90974
2010,02,12,4,913.15079
2010,02,12,5,911.80778
2010,02,12,6,911.6478
2010,02,12,7,911.39473
2010,02,13,0,911.56964
2010,02,13,1,911.37384
2010,02,13,2,910.70118
2010,02,13,3,910.26473
2010,02,13,4,910.41433
2010,02,13,5,910.47535
2010,02,13,6,910.91989
2010,02,13,7,911.93489
2010,02,14,0,912.93646
2010,02,14,1,913.42256
2010,02,14,2,913.42639
2010,02,14,3,913.58383
2010,02,14,4,914.22401
2010,02,14,5,914.63974
2010,02,14,6,914.87468
2010,02,14,7,914.65082
2010,02,15,0,914.89887
2010,02,15,1,915.37024
2010,02,15,2,914.96281
2010,02,15,3,913.6217
2010,02,15,4,913.02069
2010,02,15,5,912.72805
2010,02,15,6,912.97228
2010,02,15,7,913.4225
2010,02,16,0,913.11844
2010,02,16,1,912.2556
2010,02,16,2,912.48253
2010,02,16,3,912.20641
2010,02,16,4,910.97135
2010,02,16,5,909.71995
2010,02,16,6,909.52072
2010,02,16,7,909.61073
2010,02,17,0,909.13442
2010,02,17,1,908.61108
2010,02,17,2,909.91575
2010,02,17,3,910.37149
2010,02,17,4,910.16554
2010,02,17,5,910.42007
2010,02,17,6,910.92881
2010,02,17,7,912.53696
2010,02,18,0,914.11613
2010,02,18,1,915.0341
2010,02,18,2,916.74663
2010,02,18,3,917.227
2010,02,18,4,916.98979
2010,02,18,5,916.57264
2010,02,18,6,917.70931
2010,02,18,7,918.5977
2010,02,19,0,918.51403
2010,02,19,1,917.97064
2010,02,19,2,916.80378
2010,02,19,3,915.69144
2010,02,19,4,915.43407
2010,02,19,5,914.85468
2010,02,19,6,914.34445
2010,02,19,7,914.05686
2010,02,20,0,913.56112
2010,02,20,1,912.99554
2010,02,20,2,912.91818
2010,02,20,3,912.1161
2010,02,20,4,912.32042
2010,02,20,5,913.18549
2010,02,20,6,913.49878
2010,02,20,7,913.96935
2010,02,21,0,914.46898
2010,02,21,1,914.59008
2010,02,21,2,915.39399
2010,02,21,3,916.30369
2010,02,21,4,917.25548
2010,02,21,5,917.54616
2010,02,21,6,917.98754
2010,02,21,7,919.04114
2010,02,22,0,918.90542
2010,02,22,1,918.55271
2010,02,22,2,919.3977
2010,02,22,3,920.29922
2010,02,22,4,920.79054
2010,02,22,5,920.58366
2010,02,22,6,919.96939
2010,02,22,7,919.2619
2010,02,23,0,918.89603
2010,02,23,1,918.02652
2010,02,23,2,917.46055
2010,02,23,3,916.29508
2010,02,23,4,915.58648
2010,02,23,5,915.09531
2010,02,23,6,913.90158
2010,02,23,7,913.00799
2010,02,24,0,912.18225
2010,02,24,1,911.27138
2010,02,24,2,911.2742
2010,02,24,3,911.50197
2010,02,24,4,912.32525
2010,02,24,5,913.12572
2010,02,24,6,913.86566
2010,02,24,7,914.61686
2010,02,25,0,915.86198
2010,02,25,1,916.6535
2010,02,25,2,916.50748
2010,02,25,3,916.36804
2010,02,25,4,916.73831
2010,02,25,5,916.56382
2010,02,25,6,916.32491
2010,02,25,7,915.96048
2010,02,26,0,915.36484
2010,02,26,1,914.3564
2010,02,26,2,913.55086
2010,02,26,3,913.5033
2010,02,26,4,913.60901
2010,02,26,5,913.5467
2010,02,26,6,913.35713
2010,02,26,7,913.81728
2010,02,27,0,914.41987
2010,02,27,1,914.87383
2010,02,27,2,915.3278
2010,02,27,3,915.71984
2010,02,27,4,916.32447
2010,02,27,5,917.20926
2010,02,27,6,917.16394
2010,02,27,7,917.07874
2010,02,28,0,917.46579
2010,02,28,1,917.70633
2010,02,28,2,917.79944
2010,02,28,3,917.41748
2010,02,28,4,918.17989
2010,02,28,5,918.79976
2010,02,28,6,918.61621
2010,02,28,7,918.19449
2010,02,29,0,917.51819
2010,02,29,1,916.4365
2010,02,29,2,915.66918
2010,02,29,3,914.89398
2010,02,29,4,914.35292
2010,02,29,5,913.7522
2010,02,29,6,913.84138
2010,02,29,7,913.98737
2010,02,30,0,913.11989
2010,02,30,1,912.43937
2010,02,30,2,912.71681
2010,02,30,3,912.8267
2010,02,30,4,912.47156
2010,02,30,5,912.24164
2010,02,30,6,911.94321
2010,02,30,7,911.93492
2010,02,31,0,911.4048
2010,02,31,1,911.26657
2010,02,31,2,911.64255
2010,02,31,3,911.86408
2010,02,31,4,911.47134
2010,02,31,5,911.31868
2010,02,31,6,912.32039
2010,02,31,7,913.01008
2010,02,1,0,913.77151
2010,02,1,1,914.50244
2010,02,1,2,915.19013
2010,02,1,3,916.00006
2010,02,1,4,914.66408
2010,02,1,5,913.2052
2010,02,1,6,914.16988
2010,02,1,7,915.63759
2010,02,2,0,916.17913
2010,02,2,1,915.9965
2010,02,2,2,916.40381
2010,02,2,3,916.9129
2010,02,2,4,916.45265
2010,02,2,5,915.64342
2010,02,2,6,915.0733
2010,02,2,7,914.28721
2010,02,3,0,913.59585
2010,02,3,1,913.08534
2010,02,3,2,912.44178
2010,02,3,3,911.59206
2010,02,3,4,911.57933
2010,02,3,5,911.78216
2010,02,3,6,912.14762
2010,02,3,7,912.77997
2010,02,4,0,911.4976
2010,02,4,1,910.33019
2010,02,4,2,910.45629
2010,02,4,3,910.50164
2010,02,4,4,911.10066
2010,02,4,5,911.70605
2010,02,4,6,913.76966
2010,02,4,7,916.59409
2010,02,5,0,917.81567
2010,02,5,1,917.89135
2010,02,5,2,919.06414
2010,02,5,3,920.20612
2010,02,5,4,920.12155
2010,02,5,5,919.71862
2010,02,5,6,919.84104
2010,02,5,7,919.56542
2010,02,6,0,919.14784
2010,02,6,1,918.09025
2010,02,6,2,918.30224
2010,02,6,3,919.04953
2010,02,6,4,918.35742
2010,02,6,5,917.31172
2010,02,6,6,916.40854
2010,02,6,7,915.26584
2010,02,7,0,914.72631
2010,02,7,1,914.48885
2010,02,7,2,915.62614
2010,02,7,3,916.70082
2010,02,7,4,915.61244
2010,02,7,5,914.53162
2010,02,7,6,913.98439
2010,02,7,7,913.77469
2010,02,8,0,913.28379
2010,02,8,1,912.4783
2010,02,8,2,911.91119
2010,02,8,3,911.51769
2010,02,8,4,913.43647
2010,02,8,5,915.65939
2010,02,8,6,915.8037
2010,02,8,7,916.16288
2010,02,9,0,917.34766
2010,02,9,1,918.38848
2010,02,9,2,919.88299
2010,02,9,3,921.71371
2010,02,9,4,922.48376
2010,02,9,5,922.25996
2010,02,9,6,923.41158
2010,02,9,7,924.88527
2010,02,10,0,925.6351
2010,02,10,1,925.27944
2010,02,10,2,924.58413
2010,02,10,3,923.97491
2010,02,10,4,923.13884
2010,02,10,5,922.38703
2010,02,10,6,922.36873
2010,02,10,7,922.73435
2010,02,11,0,922.43363
2010,02,11,1,922.35902
2010,02,11,2,922.3871
2010,02,11,3,922.24248
2010,02,11,4,923.09459
2010,02,11,5,923.69235
2010,02,11,6,924.45889
2010,02,11,7,924.95213
2010,02,12,0,923.59971
2010,02,12,1,922.04816
2010,02,12,2,921.76747
2010,02,12,3,921.22367
2010,02,12,4,919.8613
2010,02,12,5,918.5532
2010,02,12,6,917.70617
2010,02,12,7,916.82949
2010,02,13,0,915.35624
2010,02,13,1,913.94288
2010,02,13,2,912.87465
2010,02,13,3,911.66255
2010,02,13,4,910.75444
2010,02,13,5,909.92421
2010,02,13,6,908.93982
2010,02,13,7,908.3594
2010,02,14,0,908.29622
2010,02,14,1,908.36334
2010,02,14,2,908.72497
2010,02,14,3,909.03461
2010,02,14,4,908.66548
2010,02,14,5,908.24255
2010,02,14,6,908.97576
2010,02,14,7,909.99509
2010,02,15,0,910.36503
2010,02,15,1,910.51172
2010,02,15,2,910.8471
2010,02,15,3,911.16602
2010,02,15,4,911.51651
2010,02,15,5,912.14706
2010,02,15,6,912.43097
2010,02,15,7,912.73515
2010,02,16,0,912.87016
2010,02,16,1,912.84878
2010,02,16,2,913.79526
2010,02,16,3,915.20163
2010,02,16,4,915.53789
2010,02,16,5,915.51671
2010,02,16,6,916.73765
2010,02,16,7,918.02354
2010,02,17,0,918.17376
2010,02,17,1,918.07347
2010,02,17,2,918.40696
2010,02,17,3,918.65341
2010,02,17,4,918.27197
2010,02,17,5,917.7928
2010,02,17,6,917.87655
2010,02,17,7,917.68604
2010,02,18,0,917.47682
2010,02,18,1,917.08522
2010,02,18,2,916.40098
2010,02,18,3,915.6072
2010,02,18,4,914.39806
2010,02,18,5,913.25649
2010,02,18,6,913.39563
2010,02,18,7,913.57773
2010,02,19,0,913.42516
2010,02,19,1,913.48289
2010,02,19,2,914.26148
2010,02,19,3,915.37923
2010,02,19,4,914.39581
2010,02,19,5,913.01797
2010,02,19,6,913.43908
2010,02,19,7,914.1258
2010,02,20,0,914.59574
2010,02,20,1,914.44752
2010,02,20,2,915.22513
2010,02,20,3,916.19699
2010,02,20,4,916.86147
2010,02,20,5,917.13916
2010,02,20,6,915.84536
2010,02,20,7,914.85589
2010,02,21,0,915.66771
2010,02,21,1,915.87122
2010,02,21,2,916.10037
2010,02,21,3,915.89426
2010,02,21,4,915.84218
2010,02,21,5,915.25972
2010,02,21,6,915.09962
2010,02,21,7,914.69503
2010,02,22,0,914.75557
2010,02,22,1,915.26797
2010,02,22,2,915.12495
2010,02,22,3,915.31418
2010,02,22,4,915.53206
2010,02,22,5,915.08629
2010,02,22,6,914.45588
2010,02,22,7,913.33558
2010,02,23,0,911.76219
2010,02,23,1,910.89623
2010,02,23,2,911.76876
2010,02,23,3,912.11403
2010,02,23,4,912.31526
2010,02,23,5,912.27409
2010,02,23,6,913.1149
2010,02,23,7,913.60724
2010,02,24,0,913.28732
2010,02,24,1,913.83731
2010,02,24,2,914.18667
2010,02,24,3,913.26775
2010,02,24,4,913.31784
2010,02,24,5,913.25554
2010,02,24,6,912.48134
2010,02,24,7,912.10729
2010,02,25,0,911.50487
2010,02,25,1,910.47834
2010,02,25,2,910.14206
2010,02,25,3,909.88064
2010,02,25,4,908.79482
2010,02,25,5,907.82233
2010,02,25,6,908.60477
2010,02,25,7,909.08511
2010,02,26,0,907.77462
2010,02,26,1,906.67925
2010,02,26,2,907.4036
2010,02,26,3,907.38977
2010,02,26,4,906.86774
2010,02,26,5,906.06907
2010,02,26,6,905.27846
2010,02,26,7,904.9098
2010,02,27,0,904.53745
2010,02,27,1,904.66606
2010,02,27,2,906.15795
2010,02,27,3,907.26209
2010,02,27,4,906.65705
2010,02,27,5,906.32923
2010,02,27,6,907.28763
2010,02,27,7,908.16893
2010,02,28,0,908.87729
2010,02,28,1,909.07834
2010,02,28,2,910.38683
2010,02,28,3,911.23787
2010,02,28,4,911.2377
2010,02,28,5,911.21037
2010,02,28,6,912.14286
2010,02,28,7,912.60316
2010,02,1,0,913.23684
2010,02,1,1,913.6985
2010,02,1,2,913.57193
2010,02,1,3,912.97963
2010,02,1,4,912.67232
2010,02,1,5,912.51548
2010,02,1,6,912.8507
2010,02,1,7,913.04035
2010,02,2,0,912.1377
2010,02,2,1,911.42531
2010,02,2,2,912.24094
2010,02,2,3,912.89424
2010,02,2,4,913.04708
2010,02,2,5,913.06435
2010,02,2,6,913.49479
2010,02,2,7,914.29854
2010,02,3,0,913.87466
2010,02,3,1,913.6573
2010,02,3,2,914.34188
2010,02,3,3,915.03081
2010,02,3,4,914.50607
2010,02,3,5,914.25773
2010,02,3,6,916.00656
2010,02,3,7,916.99855
2010,02,4,0,915.7449
2010,02,4,1,914.84888
2010,02,4,2,915.44488
2010,02,4,3,915.36578
2010,02,4,4,913.94819
2010,02,4,5,912.68523
2010,02,4,6,912.40932
2010,02,4,7,911.98448
2010,02,5,0,910.17592
2010,02,5,1,908.10242
2010,02,5,2,908.33268
2010,02,5,3,908.41669
2010,02,5,4,907.75015
2010,02,5,5,906.97631
2010,02,5,6,906.25799
2010,02,5,7,905.62886
2010,02,6,0,904.28137
2010,02,6,1,903.23043
2010,02,6,2,903.15235
2010,02,6,3,902.88211
2010,02,6,4,902.36907
2010,02,6,5,901.53744
2010,02,6,6,901.57174
2010,02,6,7,901.99527
2010,02,7,0,901.54841
2010,02,7,1,901.29435
2010,02,7,2,901.90617
2010,02,7,3,902.37951
2010,02,7,4,903.17517
2010,02,7,5,903.2541
2010,02,7,6,903.23625
2010,02,7,7,903.53347
2010,02,8,0,903.5749
2010,02,8,1,902.94714
2010,02,8,2,902.94137
2010,02,8,3,903.09428
2010,02,8,4,903.8687
2010,02,8,5,904.1404
2010,02,8,6,905.15535
2010,02,8,7,905.96419
2010,02,9,0,906.37441
2010,02,9,1,906.73694
2010,02,9,2,908.44921
2010,02,9,3,909.0498
2010,02,9,4,910.38856
2010,02,9,5,911.82823
2010,02,9,6,912.9912
2010,02,9,7,914.2181
2010,02,10,0,914.75341
2010,02,10,1,914.90446
2010,02,10,2,915.80191
2010,02,10,3,916.56967
2010,02,10,4,916.6554
2010,02,10,5,916.35972
2010,02,10,6,916.78028
2010,02,10,7,917.25732
2010,02,11,0,916.3143
2010,02,11,1,915.46686
2010,02,11,2,915.842
2010,02,11,3,915.76889
2010,02,11,4,915.01183
2010,02,11,5,914.39277
2010,02,11,6,915.07873
2010,02,11,7,915.3191
2010,02,12,0,914.99844
2010,02,12,1,914.81315
2010,02,12,2,914.32198
2010,02,12,3,913.49543
2010,02,12,4,912.90233
2010,02,12,5,912.48693
2010,02,12,6,913.5646
2010,02,12,7,914.07771
2010,02,13,0,914.45117
2010,02,13,1,915.01159
2010,02,13,2,914.88573
2010,02,13,3,914.4823
2010,02,13,4,914.84047
2010,02,13,5,914.80407
2010,02,13,6,915.18159
2010,02,13,7,915.20355
2010,02,14,0,914.34281
2010,02,14,1,913.74755
2010,02,14,2,914.55778
2010,02,14,3,914.86301
2010,02,14,4,914.67147
2010,02,14,5,914.39454
2010,02,14,6,914.80932
2010,02,14,7,914.93843
2010,02,15,0,914.82265
2010,02,15,1,915.28085
2010,02,15,2,915.12306
2010,02,15,3,915.06608
2010,02,15,4,915.67984
2010,02,15,5,915.93644
2010,02,15,6,916.70656
2010,02,15,7,917.72425
2010,02,16,0,917.98901
2010,02,16,1,917.82223
2010,02,16,2,918.34029
2010,02,16,3,918.62735
2010,02,16,4,918.8612
2010,02,16,5,919.17404
2010,02,16,6,919.51342
2010,02,16,7,920.24242
2010,02,17,0,921.55233
2010,02,17,1,922.3049
2010,02,17,2,923.45584
2010,02,17,3,924.43165
2010,02,17,4,924.43646
2010,02,17,5,924.17839
2010,02,17,6,924.2016
2010,02,17,7,924.41148
2010,02,18,0,923.43229
2010,02,18,1,921.83268
2010,02,18,2,921.09801
2010,02,18,3,920.26389
2010,02,18,4,918.26593
2010,02,18,5,916.23995
2010,02,18,6,915.81268
2010,02,18,7,916.09322
2010,02,19,0,915.30945
2010,02,19,1,914.97437
2010,02,19,2,916.92574
2010,02,19,3,917.15676
2010,02,19,4,915.65191
2010,02,19,5,915.50095
2010,02,19,6,916.00382
2010,02,19,7,916.21101
2010,02,20,0,915.85186
2010,02,20,1,916.20087
2010,02,20,2,917.29709
2010,02,20,3,916.36495
2010,02,20,4,914.61397
2010,02,20,5,914.12524
2010,02,20,6,914.3009
2010,02,20,7,913.60351
2010,02,21,0,912.01439
2010,02,21,1,911.27306
2010,02,21,2,911.36283
2010,02,21,3,910.56307
2010,02,21,4,909.62627
2010,02,21,5,909.63214
2010,02,21,6,909.05915
2010,02,21,7,908.50542
2010,02,22,0,909.29026
2010,02,22,1,910.2824
2010,02,22,2,911.49359
2010,02,22,3,912.43004
2010,02,22,4,912.67859
2010,02,22,5,912.50917
2010,02,22,6,913.15255
2010,02,22,7,913.6433
2010,02,23,0,914.05048
2010,02,23,1,913.90828
2010,02,23,2,913.98784
2010,02,23,3,914.62118
2010,02,23,4,914.58532
2010,02,23,5,914.27023
2010,02,23,6,914.27259
2010,02,23,7,914.32684
2010,02,24,0,913.52728
2010,02,24,1,912.5723
2010,02,24,2,913.10048
2010,02,24,3,913.99244
2010,02,24,4,913.99651
2010,02,24,5,913.34759
2010,02,24,6,913.30911
2010,02,24,7,913.36889
2010,02,25,0,912.51926
2010,02,25,1,911.26653
2010,02,25,2,910.78144
2010,02,25,3,909.84747
2010,02,25,4,909.51571
2010,02,25,5,908.99232
2010,02,25,6,908.59119
2010,02,25,7,909.03383
2010,02,26,0,908.90145
2010,02,26,1,909.01427
2010,02,26,2,910.05874
2010,02,26,3,910.9802
2010,02,26,4,909.72442
2010,02,26,5,908.1139
2010,02,26,6,908.50301
2010,02,26,7,909.01243
2010,02,27,0,906.57984
2010,02,27,1,904.6126
2010,02,27,2,905.8879
2010,02,27,3,906.33518
2010,02,27,4,906.53497
2010,02,27,5,907.0568
2010,02,27,6,906.59078
2010,02,27,7,906.91749
2010,02,28,0,907.01803
2010,02,28,1,907.06129
2010,02,28,2,909.13172
2010,02,28,3,910.55809
2010,02,28,4,911.57224
2010,02,28,5,913.25552
2010,02,28,6,915.84337
2010,02,28,7,917.11195
2010,02,29,0,916.04384
2010,02,29,1,915.62202
2010,02,29,2,916.24641
2010,02,29,3,915.65484
2010,02,29,4,913.76757
2010,02,29,5,911.50242
2010,02,29,6,909.42405
2010,02,29,7,908.15302
2010,02,30,0,907.68897
2010,02,30,1,907.30726
2010,02,30,2,907.80363
2010,02,30,3,908.12977
2010,02,30,4,908.12198
2010,02,30,5,908.04196
2010,02,30,6,908.33724
2010,02,30,7,910.82504
2010,02,31,0,912.60256
2010,02,31,1,912.88145
2010,02,31,2,912.97737
2010,02,31,3,914.22573
2010,02,31,4,915.48188
2010,02,31,5,915.39413
2010,02,31,6,915.8822
2010,02,31,7,916.74791
2010,02,1,0,914.83957
2010,02,1,1,913.32673
2010,02,1,2,914.52051
2010,02,1,3,915.11523
2010,02,1,4,914.42974
2010,02,1,5,913.75242
2010,02,1,6,913.49114
2010,02,1,7,913.67923
2010,02,2,0,913.75814
2010,02,2,1,913.42689
2010,02,2,2,913.62955
2010,02,2,3,913.97526
2010,02,2,4,914.05585
2010,02,2,5,914.56134
2010,02,2,6,915.20984
2010,02,2,7,915.59529
2010,02,3,0,915.8247
2010,02,3,1,916.02916
2010,02,3,2,916.81881
2010,02,3,3,917.79798
2010,02,3,4,918.91087
2010,02,3,5,919.84514
2010,02,3,6,920.37375
2010,02,3,7,919.89006
2010,02,4,0,918.19275
2010,02,4,1,915.96686
2010,02,4,2,915.22149
2010,02,4,3,915.26812
2010,02,4,4,915.14248
2010,02,4,5,914.28721
2010,02,4,6,913.58706
2010,02,4,7,913.65098
2010,02,5,0,912.77541
2010,02,5,1,912.48403
2010,02,5,2,913.59948
2010,02,5,3,914.84822
2010,02,5,4,915.56951
2010,02,5,5,916.57392
2010,02,5,6,917.52089
2010,02,5,7,918.12457
2010,02,6,0,917.1825
2010,02,6,1,916.1174
2010,02,6,2,917.20526
2010,02,6,3,917.665
2010,02,6,4,917.93673
2010,02,6,5,918.9321
2010,02,6,6,917.67131
2010,02,6,7,916.05504
2010,02,7,0,915.35644
2010,02,7,1,914.37231
2010,02,7,2,913.56134
2010,02,7,3,912.62882
2010,02,7,4,911.29811
2010,02,7,5,910.59416
2010,02,7,6,909.74201
2010,02,7,7,908.86983
2010,02,8,0,908.1815
2010,02,8,1,907.43523
2010,02,8,2,908.00565
2010,02,8,3,908.75632
2010,02,8,4,909.16459
2010,02,8,5,909.64557
2010,02,8,6,909.93291
2010,02,8,7,910.03171
2010,02,9,0,909.25513
2010,02,9,1,908.23053
2010,02,9,2,909.02259
2010,02,9,3,909.68953
2010,02,9,4,909.60112
2010,02,9,5,909.73604
2010,02,9,6,909.82384
2010,02,9,7,909.765
2010,02,10,0,909.85096
2010,02,10,1,910.04429
2010,02,10,2,911.06858
2010,02,10,3,912.09758
2010,02,10,4,912.846
2010,02,10,5,913.10631
2010,02,10,6,913.37641
2010,02,10,7,914.0793
2010,02,11,0,913.56019
2010,02,11,1,912.75861
2010,02,11,2,912.82854
2010,02,11,3,912.54593
2010,02,11,4,911.8159
2010,02,11,5,911.2018
2010,02,11,6,910.85668
2010,02,11,7,910.435
2010,02,12,0,908.81785
2010,02,12,1,907.05272
2010,02,12,2,906.95325
2010,02,12,3,907.23295
2010,02,12,4,907.88888
2010,02,12,5,908.67297
2010,02,12,6,909.17772
2010,02,12,7,910.02776
2010,02,13,0,908.94864
2010,02,13,1,907.92585
2010,02,13,2,908.56632
2010,02,13,3,909.03233
2010,02,13,4,909.74438
2010,02,13,5,910.94718
2010,02,13,6,911.20254
2010,02,13,7,911.65538
2010,02,14,0,909.89245
2010,02,14,1,908.63867
2010,02,14,2,908.77904
2010,02,14,3,907.74359
2010,02,14,4,906.87735
2010,02,14,5,907.46622
2010,02,14,6,907.38936
2010,02,14,7,907.61542
2010,02,15,0,906.44504
2010,02,15,1,906.01207
2010,02,15,2,906.85184
2010,02,15,3,907.02306
2010,02,15,4,907.32322
2010,02,15,5,907.5954
2010,02,15,6,907.43219
2010,02,15,7,907.42704
2010,02,16,0,906.67855
2010,02,16,1,905.98768
2010,02,16,2,907.20475
2010,02,16,3,908.55683
2010,02,16,4,909.87142
2010,02,16,5,911.21643
2010,02,16,6,912.37997
2010,02,16,7,913.92065
2010,02,17,0,913.70352
2010,02,17,1,913.25262
2010,02,17,2,913.59197
2010,02,17,3,913.54197
2010,02,17,4,914.21877
2010,02,17,5,914.53146
2010,02,17,6,914.23705
2010,02,17,7,913.94127
2010,02,18,0,912.81731
2010,02,18,1,911.38751
2010,02,18,2,910.52596
2010,02,18,3,910.08715
2010,02,18,4,910.08435
2010,02,18,5,910.19225
2010,02,18,6,910.53935
2010,02,18,7,911.31314
2010,02,19,0,910.45896
2010,02,19,1,909.72132
2010,02,19,2,910.21649
2010,02,19,3,910.66615
2010,02,19,4,911.36143
2010,02,19,5,911.20193
2010,02,19,6,910.12133
2010,02,19,7,909.55026
2010,02,20,0,909.41833
2010,02,20,1,908.82147
2010,02,20,2,908.67273
2010,02,20,3,909.17184
2010,02,20,4,910.3844
2010,02,20,5,911.45053
2010,02,20,6,912.5356
2010,02,20,7,913.87578
2010,02,21,0,914.35946
2010,02,21,1,914.30062
2010,02,21,2,914.98314
2010,02,21,3,915.50534
2010,02,21,4,915.83084
2010,02,21,5,916.05718
2010,02,21,6,916.32438
2010,02,21,7,916.78287
2010,02,22,0,915.94938
2010,02,22,1,914.84721
2010,02,22,2,915.66274
2010,02,22,3,916.91429
2010,02,22,4,915.74782
2010,02,22,5,914.48686
2010,02,22,6,913.61504
2010,02,22,7,912.33062
2010,02,23,0,911.32726
2010,02,23,1,910.19846
2010,02,23,2,909.99401
2010,02,23,3,909.84659
2010,02,23,4,909.43652
2010,02,23,5,908.1867
2010,02,23,6,906.77428
2010,02,23,7,906.26562
2010,02,24,0,904.19136
2010,02,24,1,901.95204
2010,02,24,2,902.42392
2010,02,24,3,903.09181
2010,02,24,4,903.76641
2010,02,24,5,904.23968
2010,02,24,6,904.71136
2010,02,24,7,905.22954
2010,02,25,0,905.50994
2010,02,25,1,906.47585
2010,02,25,2,907.38236
2010,02,25,3,907.67962
2010,02,25,4,907.58543
2010,02,25,5,907.81972
2010,02,25,6,908.39908
2010,02,25,7,908.67648
2010,02,26,0,908.49542
2010,02,26,1,909.13231
2010,02,26,2,910.52242
2010,02,26,3,911.72884
2010,02,26,4,912.21394
2010,02,26,5,912.48913
2010,02,26,6,912.07055
2010,02,26,7,910.97783
2010,02,27,0,910.66814
2010,02,27,1,909.78946
2010,02,27,2,909.02099
2010,02,27,3,908.39642
2010,02,27,4,907.65586
2010,02,27,5,906.95852
2010,02,27,6,907.3372
2010,02,27,7,908.63993
2010,02,28,0,910.29893
2010,02,28,1,911.2505
2010,02,28,2,912.20104
2010,02,28,3,913.10671
2010,02,28,4,915.04119
2010,02,28,5,916.06214
2010,02,28,6,916.21334
2010,02,28,7,916.09467
2010,02,29,0,917.01861
2010,02,29,1,918.01167
2010,02,29,2,917.37202
2010,02,29,3,915.2425
2010,02,29,4,914.46845
2010,02,29,5,914.47123
2010,02,29,6,915.7023
2010,02,29,7,916.19595
2010,02,30,0,915.55531
2010,02,30,1,914.42662
2010,02,30,2,913.58775
2010,02,30,3,912.70066
2010,02,30,4,911.10472
2010,02,30,5,909.63973
2010,02,30,6,909.09399
2010,02,30,7,909.62296
2010,02,1,0,909.30984
2010,02,1,1,910.35398
2010,02,1,2,913.46452
2010,02,1,3,915.22716
2010,02,1,4,916.1857
2010,02,1,5,917.8062
2010,02,1,6,917.57095
2010,02,1,7,914.07584
2010,02,2,0,910.44518
2010,02,2,1,910.11798
2010,02,2,2,913.43906
2010,02,2,3,918.2474
2010,02,2,4,920.68077
2010,02,2,5,920.90081
2010,02,2,6,918.98377
2010,02,2,7,915.92867
2010,02,3,0,912.79467
2010,02,3,1,910.71966
2010,02,3,2,909.95717
2010,02,3,3,909.78159
2010,02,3,4,910.70178
2010,02,3,5,912.09431
2010,02,3,6,912.33859
2010,02,3,7,912.76868
2010,02,4,0,911.87044
2010,02,4,1,912.23636
2010,02,4,2,914.54263
2010,02,4,3,915.7488
2010,02,4,4,917.92159
2010,02,4,5,919.66321
2010,02,4,6,920.43003
2010,02,4,7,921.24787
2010,02,5,0,921.33788
2010,02,5,1,920.6261
2010,02,5,2,920.85739
2010,02,5,3,921.6675
2010,02,5,4,922.3556
2010,02,5,5,922.34573
2010,02,5,6,922.29324
2010,02,5,7,922.67464
2010,02,6,0,921.98678
2010,02,6,1,921.43011
2010,02,6,2,921.32912
2010,02,6,3,921.46191
2010,02,6,4,921.88275
2010,02,6,5,922.32397
2010,02,6,6,921.65933
2010,02,6,7,921.36239
2010,02,7,0,922.49371
2010,02,7,1,922.89833
2010,02,7,2,922.82142
2010,02,7,3,922.68415
2010,02,7,4,923.80773
2010,02,7,5,924.2322
2010,02,7,6,922.84479
2010,02,7,7,921.03017
2010,02,8,0,920.64514
2010,02,8,1,920.64909
2010,02,8,2,921.20158
2010,02,8,3,921.79913
2010,02,8,4,921.04621
2010,02,8,5,920.09842
2010,02,8,6,920.36617
2010,02,8,7,921.12005
2010,02,9,0,919.7501
2010,02,9,1,916.84651
2010,02,9,2,914.04268
2010,02,9,3,912.40182
2010,02,9,4,913.55224
2010,02,9,5,915.42008
2010,02,9,6,916.7251
2010,02,9,7,917.03426
2010,02,10,0,917.83947
2010,02,10,1,918.71325
2010,02,10,2,921.48448
2010,02,10,3,922.35155
2010,02,10,4,920.6418
2010,02,10,5,919.44391
2010,02,10,6,919.69924
2010,02,10,7,919.59149
2010,02,11,0,918.51454
2010,02,11,1,916.43851
2010,02,11,2,914.94485
2010,02,11,3,913.98732
2010,02,11,4,914.25982
2010,02,11,5,914.61935
2010,02,11,6,915.52309
2010,02,11,7,916.02849
2010,02,12,0,914.67813
2010,02,12,1,912.81896
2010,02,12,2,912.36479
2010,02,12,3,912.76773
2010,02,12,4,912.11336
2010,02,12,5,911.09208
2010,02,12,6,911.96629
2010,02,12,7,912.35268
2010,02,13,0,911.53573
2010,02,13,1,911.202
2010,02,13,2,912.002
2010,02,13,3,912.4162
2010,02,13,4,911.94353
2010,02,13,5,911.22983
2010,02,13,6,910.83448
2010,02,13,7,910.89992
2010,02,14,0,910.53982
2010,02,14,1,910.31351
2010,02,14,2,911.06523
2010,02,14,3,912.24024
2010,02,14,4,912.89114
2010,02,14,5,913.17028
2010,02,14,6,912.44624
2010,02,14,7,911.86829
2010,02,15,0,911.21256
2010,02,15,1,910.84897
2010,02,15,2,910.43866
2010,02,15,3,910.10615
2010,02,15,4,910.23356
2010,02,15,5,910.52439
2010,02,15,6,909.62002
2010,02,15,7,907.65558
2010,02,16,0,905.4486
2010,02,16,1,904.13862
2010,02,16,2,903.5142
2010,02,16,3,902.33603
2010,02,16,4,900.69051
2010,02,16,5,899.57308
2010,02,16,6,899.94895
2010,02,16,7,902.64947
2010,02,17,0,903.59862
2010,02,17,1,904.32418
2010,02,17,2,905.72435
2010,02,17,3,906.11072
2010,02,17,4,906.43619
2010,02,17,5,907.90502
2010,02,17,6,909.6303
2010,02,17,7,912.93998
2010,02,18,0,916.06224
2010,02,18,1,917.26646
2010,02,18,2,916.16782
2010,02,18,3,915.00208
2010,02,18,4,914.85172
2010,02,18,5,914.19253
2010,02,18,6,913.2317
2010,02,18,7,912.94198
2010,02,19,0,912.67142
2010,02,19,1,912.00196
2010,02,19,2,911.70157
2010,02,19,3,911.32104
2010,02,19,4,910.87538
2010,02,19,5,910.13652
2010,02,19,6,909.84748
2010,02,19,7,909.43612
2010,02,20,0,907.02447
2010,02,20,1,904.39028
2010,02,20,2,903.85872
2010,02,20,3,903.59633
2010,02,20,4,903.91448
2010,02,20,5,905.11187
2010,02,20,6,904.96076
2010,02,20,7,905.48066
2010,02,21,0,905.21435
2010,02,21,1,905.13716
2010,02,21,2,906.39731
2010,02,21,3,906.81267
2010,02,21,4,908.39101
2010,02,21,5,908.9395
2010,02,21,6,908.37852
2010,02,21,7,909.07718
2010,02,22,0,908.23504
2010,02,22,1,907.70843
2010,02,22,2,909.37623
2010,02,22,3,910.27986
2010,02,22,4,912.36139
2010,02,22,5,913.54568
2010,02,22,6,913.64683
2010,02,22,7,913.09754
2010,02,23,0,912.17707
2010,02,23,1,910.91102
2010,02,23,2,910.59165
2010,02,23,3,910.52399
2010,02,23,4,911.09887
2010,02,23,5,911.67751
2010,02,23,6,909.53361
2010,02,23,7,908.17594
2010,02,24,0,907.44503
2010,02,24,1,906.16566
2010,02,24,2,905.55043
2010,02,24,3,905.1803
2010,02,24,4,906.81553
2010,02,24,5,908.73748
2010,02,24,6,910.31547
2010,02,24,7,911.77965
2010,02,25,0,911.53897
2010,02,25,1,910.86449
2010,02,25,2,912.74152
2010,02,25,3,914.10282
2010,02,25,4,915.55827
2010,02,25,5,917.03826
2010,02,25,6,916.37232
2010,02,25,7,916.53535
2010,02,26,0,915.889
2010,02,26,1,915.18048
2010,02,26,2,915.73306
2010,02,26,3,914.45934
2010,02,26,4,911.63579
2010,02,26,5,910.28516
2010,02,26,6,911.42312
2010,02,26,7,911.31257
2010,02,27,0,910.38687
2010,02,27,1,909.97496
2010,02,27,2,910.33002
2010,02,27,3,909.43938
2010,02,27,4,910.90894
2010,02,27,5,909.96291
2010,02,27,6,907.53463
2010,02,27,7,905.2255
2010,02,28,0,906.6478
2010,02,28,1,909.80072
2010,02,28,2,910.25183
2010,02,28,3,911.12661
2010,02,28,4,912.71291
2010,02,28,5,913.09679
2010,02,28,6,914.14447
2010,02,28,7,915.08564
2010,02,29,0,916.14608
2010,02,29,1,917.93646
2010,02,29,2,917.5825
2010,02,29,3,915.80881
2010,02,29,4,914.1671
2010,02,29,5,913.54256
2010,02,29,6,913.90045
2010,02,29,7,913.07158
2010,02,30,0,911.34076
2010,02,30,1,909.5974
2010,02,30,2,909.66503
2010,02,30,3,909.77098
2010,02,30,4,909.52528
2010,02,30,5,908.9881
2010,02,30,6,908.33183
2010,02,30,7,907.63582
2010,02,31,0,906.87978
2010,02,31,1,906.21279
2010,02,31,2,906.2549
2010,02,31,3,906.81361
2010,02,31,4,907.67345
2010,02,31,5,908.85958
2010,02,31,6,910.18535
2010,02,31,7,911.34135
2010,02,1,0,911.93292
2010,02,1,1,912.66568
2010,02,1,2,912.81085
2010,02,1,3,912.72589
2010,02,1,4,913.03866
2010,02,1,5,913.8271
2010,02,1,6,914.48005
2010,02,1,7,914.16243
2010,02,2,0,914.41142
2010,02,2,1,914.33456
2010,02,2,2,913.94344
2010,02,2,3,914.00118
2010,02,2,4,913.64361
2010,02,2,5,913.27221
2010,02,2,6,912.84768
2010,02,2,7,912.75311
2010,02,3,0,912.36807
2010,02,3,1,911.97733
2010,02,3,2,912.49637
2010,02,3,3,913.00119
2010,02,3,4,913.65708
2010,02,3,5,914.34653
2010,02,3,6,913.61056
2010,02,3,7,912.27429
2010,02,4,0,912.03
2010,02,4,1,911.9556
2010,02,4,2,911.95028
2010,02,4,3,912.51767
2010,02,4,4,914.00544
2010,02,4,5,915.06074
2010,02,4,6,914.30862
2010,02,4,7,913.80092
2010,02,5,0,913.75616
2010,02,5,1,914.09356
2010,02,5,2,915.15905
2010,02,5,3,915.34814
2010,02,5,4,915.63394
2010,02,5,5,915.81777
2010,02,5,6,917.6919
2010,02,5,7,919.414
2010,02,6,0,919.60309
2010,02,6,1,919.53501
2010,02,6,2,918.9831
2010,02,6,3,917.22779
2010,02,6,4,914.30352
2010,02,6,5,911.66464
2010,02,6,6,910.16305
2010,02,6,7,913.7586
2010,02,7,0,913.73867
2010,02,7,1,912.44987
2010,02,7,2,912.19209
2010,02,7,3,911.10426
2010,02,7,4,910.49365
2010,02,7,5,910.16012
2010,02,7,6,909.31423
2010,02,7,7,908.66472
2010,02,8,0,909.22357
2010,02,8,1,909.82229
2010,02,8,2,910.18273
2010,02,8,3,910.84891
2010,02,8,4,910.96885
2010,02,8,5,910.65959
2010,02,8,6,912.36897
2010,02,8,7,913.14244
2010,02,9,0,912.26942
2010,02,9,1,911.84461
2010,02,9,2,912.1089
2010,02,9,3,912.6921
2010,02,9,4,914.2921
2010,02,9,5,914.44769
2010,02,9,6,912.68444
2010,02,9,7,910.84898
2010,02,10,0,906.99652
2010,02,10,1,904.29693
2010,02,10,2,903.64999
2010,02,10,3,903.27548
2010,02,10,4,902.2639
2010,02,10,5,903.28344
2010,02,10,6,904.03544
2010,02,10,7,905.56492
2010,02,11,0,906.22824
2010,02,11,1,906.11461
2010,02,11,2,907.35951
2010,02,11,3,908.6966
2010,02,11,4,909.62415
2010,02,11,5,910.45183
2010,02,11,6,911.8503
2010,02,11,7,912.73398
2010,02,12,0,911.93804
2010,02,12,1,911.58666
2010,02,12,2,913.0727
2010,02,12,3,913.90243
2010,02,12,4,913.46922
2010,02,12,5,913.45575
2010,02,12,6,913.85986
2010,02,12,7,913.76615
2010,02,13,0,913.9042
2010,02,13,1,913.66823
2010,02,13,2,913.52978
2010,02,13,3,913.54462
2010,02,13,4,913.34673
2010,02,13,5,912.89658
2010,02,13,6,912.28759
2010,02,13,7,911.71365
2010,02,14,0,910.79853
2010,02,14,1,909.26737
2010,02,14,2,907.83421
2010,02,14,3,904.77886
2010,02,14,4,901.40208
2010,02,14,5,900.7527
2010,02,14,6,901.34783
2010,02,14,7,902.07647
2010,02,15,0,902.82378
2010,02,15,1,903.27002
2010,02,15,2,903.62275
2010,02,15,3,904.35877
2010,02,15,4,906.40454
2010,02,15,5,907.42261
2010,02,15,6,907.39997
2010,02,15,7,908.36468
2010,02,16,0,908.66758
2010,02,16,1,909.03664
2010,02,16,2,911.16356
2010,02,16,3,913.22016
2010,02,16,4,913.88241
2010,02,16,5,914.00168
2010,02,16,6,915.8319
2010,02,16,7,917.00617
2010,02,17,0,916.9351
2010,02,17,1,916.70225
2010,02,17,2,916.78192
2010,02,17,3,917.0468
2010,02,17,4,917.52321
2010,02,17,5,917.38018
2010,02,17,6,917.73327
2010,02,17,7,918.40901
2010,02,18,0,916.68435
2010,02,18,1,914.8334
2010,02,18,2,915.12156
2010,02,18,3,915.21706
2010,02,18,4,915.15609
2010,02,18,5,915.57739
2010,02,18,6,914.69618
2010,02,18,7,913.55509
2010,02,19,0,914.24447
2010,02,19,1,915.145
2010,02,19,2,913.96211
2010,02,19,3,912.70838
2010,02,19,4,911.34566
2010,02,19,5,909.95776
2010,02,19,6,910.04484
2010,02,19,7,909.54361
2010,02,20,0,908.98373
2010,02,20,1,907.62431
2010,02,20,2,906.13236
2010,02,20,3,905.70976
2010,02,20,4,904.8582
2010,02,20,5,904.00627
2010,02,20,6,903.53024
2010,02,20,7,903.523
2010,02,21,0,903.61953
2010,02,21,1,903.59996
2010,02,21,2,903.73641
2010,02,21,3,904.86803
2010,02,21,4,906.48628
2010,02,21,5,907.81046
2010,02,21,6,908.77461
2010,02,21,7,908.74761
2010,02,22,0,906.67916
2010,02,22,1,904.59963
2010,02,22,2,905.77862
2010,02,22,3,907.05454
2010,02,22,4,908.0084
2010,02,22,5,908.72454
2010,02,22,6,908.99971
2010,02,22,7,909.56965
2010,02,23,0,909.12434
2010,02,23,1,907.90605
2010,02,23,2,908.41256
2010,02,23,3,909.62033
2010,02,23,4,909.94251
2010,02,23,5,910.09392
2010,02,23,6,910.81979
2010,02,23,7,912.07281
2010,02,24,0,912.05453
2010,02,24,1,912.10738
2010,02,24,2,913.76391
2010,02,24,3,914.59527
2010,02,24,4,916.29262
2010,02,24,5,917.65769
2010,02,24,6,917.7602
2010,02,24,7,917.22267
2010,02,25,0,918.33832
2010,02,25,1,919.76399
2010,02,25,2,920.58197
2010,02,25,3,920.76326
2010,02,25,4,920.08932
2010,02,25,5,919.98833
2010,02,25,6,922.67504
2010,02,25,7,924.47173
2010,02,26,0,922.36008
2010,02,26,1,920.78213
2010,02,26,2,919.71651
2010,02,26,3,919.05408
2010,02,26,4,919.4479
2010,02,26,5,919.75563
2010,02,26,6,919.1729
2010,02,26,7,918.49953
2010,02,27,0,916.67484
2010,02,27,1,914.23592
2010,02,27,2,914.59296
2010,02,27,3,914.49377
2010,02,27,4,912.52685
2010,02,27,5,910.51463
2010,02,27,6,909.40601
2010,02,27,7,910.1547
2010,02,28,0,910.26531
2010,02,28,1,910.20377
2010,02,28,2,910.48791
2010,02,28,3,910.83108
2010,02,28,4,910.9778
2010,02,28,5,910.5541
2010,02,28,6,910.22792
2010,02,28,7,910.22117
2010,02,29,0,909.20176
2010,02,29,1,908.65534
2010,02,29,2,909.00386
2010,02,29,3,908.92086
2010,02,29,4,907.77648
2010,02,29,5,906.53107
2010,02,29,6,906.43737
2010,02,29,7,907.56273
2010,02,30,0,908.51219
2010,02,30,1,908.71307
2010,02,30,2,909.12873
2010,02,30,3,909.41334
2010,02,30,4,909.33183
2010,02,30,5,909.78957
2010,02,30,6,909.5839
2010,02,30,7,909.47829
2010,02,1,0,909.41317
2010,02,1,1,909.20358
2010,02,1,2,909.13143
2010,02,1,3,909.4729
2010,02,1,4,910.0022
2010,02,1,5,909.81
2010,02,1,6,909.08281
2010,02,1,7,908.74783
2010,02,2,0,909.44303
2010,02,2,1,909.91512
2010,02,2,2,910.10895
2010,02,2,3,910.63509
2010,02,2,4,911.33693
2010,02,2,5,911.7703
2010,02,2,6,911.86385
2010,02,2,7,912.57511
2010,02,3,0,911.76253
2010,02,3,1,910.89596
2010,02,3,2,911.43862
2010,02,3,3,911.75613
2010,02,3,4,911.43758
2010,02,3,5,911.16154
2010,02,3,6,911.4113
2010,02,3,7,911.24549
2010,02,4,0,910.61915
2010,02,4,1,910.19151
2010,02,4,2,910.87196
2010,02,4,3,911.24196
2010,02,4,4,910.24148
2010,02,4,5,909.50449
2010,02,4,6,908.99298
2010,02,4,7,908.41555
2010,02,5,0,908.85307
2010,02,5,1,909.90759
2010,02,5,2,909.13898
2010,02,5,3,908.33638
2010,02,5,4,907.08403
2010,02,5,5,906.2296
2010,02,5,6,906.08478
2010,02,5,7,905.72175
2010,02,6,0,904.61414
2010,02,6,1,903.48306
2010,02,6,2,904.39307
2010,02,6,3,905.05627
2010,02,6,4,905.68825
2010,02,6,5,905.90173
2010,02,6,6,905.0887
2010,02,6,7,904.38115
2010,02,7,0,904.2236
2010,02,7,1,903.62072
2010,02,7,2,903.63505
2010,02,7,3,902.59482
2010,02,7,4,901.76434
2010,02,7,5,902.03509
2010,02,7,6,902.9296
2010,02,7,7,903.70125
2010,02,8,0,904.28888
2010,02,8,1,904.98593
2010,02,8,2,905.75194
2010,02,8,3,905.88308
2010,02,8,4,905.59939
2010,02,8,5,905.90113
2010,02,8,6,906.6714
2010,02,8,7,906.93747
2010,02,9,0,907.09795
2010,02,9,1,907.10567
2010,02,9,2,909.03045
2010,02,9,3,911.84346
2010,02,9,4,914.67227
2010,02,9,5,914.79968
2010,02,9,6,915.35141
2010,02,9,7,915.95775
2010,02,10,0,915.47567
2010,02,10,1,915.8785
2010,02,10,2,915.59742
2010,02,10,3,914.75516
2010,02,10,4,916.17357
2010,02,10,5,917.07046
2010,02,10,6,917.96798
2010,02,10,7,918.573
2010,02,11,0,917.68091
2010,02,11,1,916.34462
2010,02,11,2,916.80166
2010,02,11,3,917.14643
2010,02,11,4,917.04382
2010,02,11,5,916.98699
2010,02,11,6,917.99385
2010,02,11,7,918.13381
2010,02,12,0,917.35406
2010,02,12,1,916.9684
2010,02,12,2,917.8976
2010,02,12,3,918.52804
2010,02,12,4,916.84185
2010,02,12,5,915.08529
2010,02,12,6,914.29133
2010,02,12,7,913.9089
2010,02,13,0,913.16089
2010,02,13,1,912.55936
2010,02,13,2,912.56537
2010,02,13,3,912.53703
2010,02,13,4,912.82206
2010,02,13,5,912.24932
2010,02,13,6,911.00908
2010,02,13,7,911.11391
2010,02,14,0,910.92761
2010,02,14,1,909.75695
2010,02,14,2,908.62229
2010,02,14,3,907.88159
2010,02,14,4,908.0537
2010,02,14,5,908.5226
2010,02,14,6,908.46119
2010,02,14,7,908.21414
2010,02,15,0,906.65137
2010,02,15,1,904.78451
2010,02,15,2,903.50447
2010,02,15,3,902.37093
2010,02,15,4,900.21523
2010,02,15,5,867.81638
2010,02,15,6,864.79202
2010,02,15,7,865.1591
2010,02,16,0,865.56599
2010,02,16,1,868.31894
2010,02,16,2,870.196
2010,02,16,3,872.05309
2010,02,16,4,872.11951
2010,02,16,5,871.65956
2010,02,16,6,869.32364
2010,02,16,7,867.15373
2010,02,17,0,867.77344
2010,02,17,1,870.10889
2010,02,17,2,872.60828
2010,02,17,3,873.59423
2010,02,17,4,875.32187
2010,02,17,5,878.80069
2010,02,17,6,907.72685
2010,02,17,7,909.09055
2010,02,18,0,909.61493
2010,02,18,1,909.59967
2010,02,18,2,910.11336
2010,02,18,3,910.81418
2010,02,18,4,911.28491
2010,02,18,5,911.50228
2010,02,18,6,909.5095
2010,02,18,7,907.44609
2010,02,19,0,907.41968
2010,02,19,1,908.37169
2010,02,19,2,909.98858
2010,02,19,3,910.3363
2010,02,19,4,909.67495
2010,02,19,5,909.14194
2010,02,19,6,906.89988
2010,02,19,7,904.95092
2010,02,20,0,902.95761
2010,02,20,1,900.55409
2010,02,20,2,899.4096
2010,02,20,3,899.43864
2010,02,20,4,899.62678
2010,02,20,5,900.18819
2010,02,20,6,899.87337
2010,02,20,7,898.01575
2010,02,21,0,899.02081
2010,02,21,1,899.00825
2010,02,21,2,900.4213
2010,02,21,3,902.20514
2010,02,21,4,902.83382
2010,02,21,5,903.79186
2010,02,21,6,904.69686
2010,02,21,7,904.01945
2010,02,22,0,901.78806
2010,02,22,1,901.35617
2010,02,22,2,901.33018
2010,02,22,3,902.29851
2010,02,22,4,902.74806
2010,02,22,5,902.39868
2010,02,22,6,901.25601
2010,02,22,7,900.16028
2010,02,23,0,899.02109
2010,02,23,1,899.48292
2010,02,23,2,900.02449
2010,02,23,3,900.00973
2010,02,23,4,899.84592
2010,02,23,5,899.60666
2010,02,23,6,899.75459
2010,02,23,7,900.23636
2010,02,24,0,900.49136
2010,02,24,1,901.10952
2010,02,24,2,903.24661
2010,02,24,3,904.59366
2010,02,24,4,903.74653
2010,02,24,5,902.68125
2010,02,24,6,902.36575
2010,02,24,7,902.20993
2010,02,25,0,903.8621
2010,02,25,1,905.61278
2010,02,25,2,906.50284
2010,02,25,3,907.52007
2010,02,25,4,908.6048
2010,02,25,5,909.09006
2010,02,25,6,910.08286
2010,02,25,7,910.28373
2010,02,26,0,910.57207
2010,02,26,1,910.77288
2010,02,26,2,910.70238
2010,02,26,3,910.42403
2010,02,26,4,910.62456
2010,02,26,5,910.92935
2010,02,26,6,911.34642
2010,02,26,7,910.76541
2010,02,27,0,907.46595
2010,02,27,1,904.76827
2010,02,27,2,904.72136
2010,02,27,3,906.00841
2010,02,27,4,908.33758
2010,02,27,5,910.9867
2010,02,27,6,911.9482
2010,02,27,7,911.79397
2010,02,28,0,911.54987
2010,02,28,1,911.54251
2010,02,28,2,912.31847
2010,02,28,3,913.41117
2010,02,28,4,912.14139
2010,02,28,5,910.20976
2010,02,28,6,910.65384
2010,02,28,7,912.11878
2010,02,29,0,913.99598
2010,02,29,1,913.82308
2010,02,29,2,910.96187
2010,02,29,3,908.72258
2010,02,29,4,908.07405
2010,02,29,5,907.34884
2010,02,29,6,906.33882
2010,02,29,7,905.19068
2010,02,30,0,902.97795
2010,02,30,1,901.73729
2010,02,30,2,905.00825
2010,02,30,3,908.26178
2010,02,30,4,911.71837
2010,02,30,5,914.97514
2010,02,30,6,916.97944
2010,02,30,7,916.58455
2010,02,31,0,914.40179
2010,02,31,1,913.70262
2010,02,31,2,915.75355
2010,02,31,3,917.24999
2010,02,31,4,917.58884
2010,02,31,5,918.09737
2010,02,31,6,916.94362
2010,02,31,7,914.83168
2010,02,1,0,914.19224
2010,02,1,1,913.67298
2010,02,1,2,912.67071
2010,02,1,3,911.93931
2010,02,1,4,912.6277
2010,02,1,5,913.42963
2010,02,1,6,912.87747
2010,02,1,7,912.24108
2010,02,2,0,910.81606
2010,02,2,1,910.12268
2010,02,2,2,910.11329
2010,02,2,3,909.07793
2010,02,2,4,908.13912
2010,02,2,5,909.47812
2010,02,2,6,909.0398
2010,02,2,7,909.25645
2010,02,3,0,908.10254
2010,02,3,1,907.53666
2010,02,3,2,907.98456
2010,02,3,3,905.64456
2010,02,3,4,906.96396
2010,02,3,5,908.9977
2010,02,3,6,908.50468
2010,02,3,7,908.06235
2010,02,4,0,908.99678
2010,02,4,1,910.73157
2010,02,4,2,912.15607
2010,02,4,3,912.94911
2010,02,4,4,912.01611
2010,02,4,5,912.09232
2010,02,4,6,911.7154
2010,02,4,7,910.82813
2010,02,5,0,911.68766
2010,02,5,1,913.27147
2010,02,5,2,913.28183
2010,02,5,3,912.46358
2010,02,5,4,912.25642
2010,02,5,5,912.61796
2010,02,5,6,912.3027
2010,02,5,7,911.84378
2010,02,6,0,910.99189
2010,02,6,1,911.29365
2010,02,6,2,911.32462
2010,02,6,3,910.54799
2010,02,6,4,910.51479
2010,02,6,5,910.50762
2010,02,6,6,910.46534
2010,02,6,7,909.94844
2010,02,7,0,909.644
2010,02,7,1,909.95935
2010,02,7,2,910.04725
2010,02,7,3,910.94416
2010,02,7,4,912.50474
2010,02,7,5,913.27936
2010,02,7,6,912.28298
2010,02,7,7,911.2654
2010,02,8,0,909.33714
2010,02,8,1,908.22316
2010,02,8,2,908.81391
2010,02,8,3,908.5867
2010,02,8,4,908.06613
2010,02,8,5,907.99099
2010,02,8,6,908.66136
2010,02,8,7,909.26124
2010,02,9,0,908.45983
2010,02,9,1,908.28958
2010,02,9,2,909.73812
2010,02,9,3,911.08786
2010,02,9,4,911.15335
2010,02,9,5,911.3878
2010,02,9,6,911.30308
2010,02,9,7,910.71887
2010,02,10,0,910.12778
2010,02,10,1,909.72217
2010,02,10,2,909.79577
2010,02,10,3,909.38148
2010,02,10,4,909.85423
2010,02,10,5,910.79705
2010,02,10,6,910.9588
2010,02,10,7,910.86204
2010,02,11,0,909.92072
2010,02,11,1,909.29739
2010,02,11,2,909.89781
2010,02,11,3,910.06091
2010,02,11,4,909.42187
2010,02,11,5,909.55995
2010,02,11,6,910.1165
2010,02,11,7,909.68659
2010,02,12,0,910.39222
2010,02,12,1,912.9011
2010,02,12,2,912.22646
2010,02,12,3,910.62374
2010,02,12,4,907.38222
2010,02,12,5,905.69819
2010,02,12,6,907.15611
2010,02,12,7,908.14061
2010,02,13,0,901.46981
2010,02,13,1,902.63889
2010,02,13,2,907.35633
2010,02,13,3,910.43434
2010,02,13,4,913.28296
2010,02,13,5,913.24421
2010,02,13,6,913.76492
2010,02,13,7,914.42251
2010,02,14,0,913.87517
2010,02,14,1,914.4999
2010,02,14,2,913.16902
2010,02,14,3,911.44602
2010,02,14,4,912.52144
2010,02,14,5,912.33381
2010,02,14,6,911.62452
2010,02,14,7,910.86272
2010,02,15,0,910.6748
2010,02,15,1,910.76206
2010,02,15,2,909.27916
2010,02,15,3,908.9834
2010,02,15,4,908.90733
2010,02,15,5,908.60607
2010,02,15,6,909.26552
2010,02,15,7,909.38493
2010,02,16,0,910.60089
2010,02,16,1,911.49093
2010,02,16,2,910.8072
2010,02,16,3,909.07803
2010,02,16,4,906.82108
2010,02,16,5,905.28167
2010,02,16,6,904.33495
2010,02,16,7,904.32036
2010,02,17,0,903.82347
2010,02,17,1,903.87875
2010,02,17,2,903.22851
2010,02,17,3,902.28638
2010,02,17,4,901.65545
2010,02,17,5,902.22924
2010,02,17,6,904.08915
2010,02,17,7,904.11935
2010,02,18,0,904.52943
2010,02,18,1,904.35678
2010,02,18,2,905.68199
2010,02,18,3,908.18299
2010,02,18,4,907.39879
2010,02,18,5,907.00304
2010,02,18,6,908.84283
2010,02,18,7,909.43233
2010,02,19,0,907.20217
2010,02,19,1,905.94811
2010,02,19,2,906.38179
2010,02,19,3,906.93199
2010,02,19,4,907.17202
2010,02,19,5,908.46793
2010,02,19,6,909.25088
2010,02,19,7,908.98642
2010,02,20,0,908.30756
2010,02,20,1,906.9495
2010,02,20,2,906.26315
2010,02,20,3,905.30825
2010,02,20,4,906.64803
2010,02,20,5,907.39738
2010,02,20,6,909.0599
2010,02,20,7,909.61095
2010,02,21,0,909.87386
2010,02,21,1,909.70442
2010,02,21,2,908.15121
2010,02,21,3,907.63893
2010,02,21,4,906.33833
2010,02,21,5,904.726
2010,02,21,6,904.46094
2010,02,21,7,905.04013
2010,02,22,0,906.61924
2010,02,22,1,908.63458
2010,02,22,2,910.58759
2010,02,22,3,910.86345
2010,02,22,4,910.03446
2010,02,22,5,909.00132
2010,02,22,6,909.57433
2010,02,22,7,909.62992
2010,02,23,0,909.60483
2010,02,23,1,909.65733
2010,02,23,2,909.7514
2010,02,23,3,910.15412
2010,02,23,4,909.81485
2010,02,23,5,909.4875
2010,02,23,6,910.64705
2010,02,23,7,911.63824
2010,02,24,0,911.29674
2010,02,24,1,910.88475
2010,02,24,2,911.04605
2010,02,24,3,911.43594
2010,02,24,4,912.11477
2010,02,24,5,911.69941
2010,02,24,6,911.84102
2010,02,24,7,912.59959
2010,02,25,0,913.22528
2010,02,25,1,913.65596
2010,02,25,2,913.84421
2010,02,25,3,914.0378
2010,02,25,4,913.0789
2010,02,25,5,912.23581
2010,02,25,6,911.90216
2010,02,25,7,911.56755
2010,02,26,0,911.73193
2010,02,26,1,912.20686
2010,02,26,2,913.85133
2010,02,26,3,915.12103
2010,02,26,4,914.14442
2010,02,26,5,913.83498
2010,02,26,6,914.09997
2010,02,26,7,914.00166
2010,02,27,0,914.43664
2010,02,27,1,914.65374
2010,02,27,2,914.71525
2010,02,27,3,914.52869
2010,02,27,4,914.65827
2010,02,27,5,914.66796
2010,02,27,6,915.20691
2010,02,27,7,914.90842
2010,02,28,0,913.70573
2010,02,28,1,912.72502
2010,02,28,2,912.04274
2010,02,28,3,911.52811
2010,02,28,4,910.03641
2010,02,28,5,908.9175
2010,02,28,6,908.76147
2010,02,28,7,909.15676
2010,02,29,0,908.61679
2010,02,29,1,908.13929
2010,02,29,2,908.05677
2010,02,29,3,908.38804
2010,02,29,4,909.20344
2010,02,29,5,909.44493
2010,02,29,6,910.60538
2010,02,29,7,911.12428
2010,02,30,0,910.62819
2010,02,30,1,910.11972
2010,02,30,2,910.95297
2010,02,30,3,911.2803
2010,02,30,4,910.96517
2010,02,30,5,911.41356
2010,02,30,6,911.57027
2010,02,30,7,911.16986
2010,02,31,0,910.39147
2010,02,31,1,910.09746
2010,02,31,2,910.89327
2010,02,31,3,911.25022
2010,02,31,4,910.436
2010,02,31,5,910.02678
2010,02,31,6,911.29551
2010,02,31,7,912.62675
2010,02,1,0,912.82094
2010,02,1,1,912.85954
2010,02,1,2,913.56776
2010,02,1,3,913.8434
2010,02,1,4,913.40888
2010,02,1,5,913.5698
2010,02,1,6,913.68456
2010,02,1,7,913.6873
2010,02,2,0,913.45428
2010,02,2,1,913.3552
2010,02,2,2,914.77546
2010,02,2,3,915.65107
2010,02,2,4,915.6862
2010,02,2,5,915.4926
2010,02,2,6,914.69931
2010,02,2,7,914.09713
2010,02,3,0,912.9885
2010,02,3,1,912.47268
2010,02,3,2,912.70076
2010,02,3,3,912.6485
2010,02,3,4,913.15854
2010,02,3,5,913.55114
2010,02,3,6,913.86601
2010,02,3,7,913.91378
2010,02,4,0,913.94507
2010,02,4,1,913.6419
2010,02,4,2,913.87621
2010,02,4,3,914.67618
2010,02,4,4,913.77821
2010,02,4,5,912.0436
2010,02,4,6,911.06924
2010,02,4,7,909.85647
2010,02,5,0,909.30547
2010,02,5,1,908.24518
2010,02,5,2,906.8399
2010,02,5,3,905.44346
2010,02,5,4,903.60381
2010,02,5,5,901.81551
2010,02,5,6,901.82614
2010,02,5,7,902.72149
2010,02,6,0,901.52288
2010,02,6,1,900.27085
2010,02,6,2,900.317
2010,02,6,3,868.8921
2010,02,6,4,869.99799
2010,02,6,5,901.45862
2010,02,6,6,904.46534
2010,02,6,7,907.99379
2010,02,7,0,910.0959
2010,02,7,1,912.69204
2010,02,7,2,914.93553
2010,02,7,3,914.68016
2010,02,7,4,914.61833
2010,02,7,5,914.68125
2010,02,7,6,914.64131
2010,02,7,7,914.4601
2010,02,8,0,914.2825
2010,02,8,1,913.66609
2010,02,8,2,913.43819
2010,02,8,3,912.97014
2010,02,8,4,912.33557
2010,02,8,5,912.13884
2010,02,8,6,910.52319
2010,02,8,7,908.22231
2010,02,9,0,907.21774
2010,02,9,1,906.98491
2010,02,9,2,905.88317
2010,02,9,3,906.26299
2010,02,9,4,909.62242
2010,02,9,5,910.70689
2010,02,9,6,911.82416
2010,02,9,7,912.03814
2010,02,10,0,910.48344
2010,02,10,1,909.56815
2010,02,10,2,909.92127
2010,02,10,3,909.43482
2010,02,10,4,909.19204
2010,02,10,5,908.94827
2010,02,10,6,909.02913
2010,02,10,7,909.27633
2010,02,11,0,907.55745
2010,02,11,1,905.03207
2010,02,11,2,904.22304
2010,02,11,3,903.93601
2010,02,11,4,903.10182
2010,02,11,5,902.73026
2010,02,11,6,901.51054
2010,02,11,7,899.16166
2010,02,12,0,903.63785
2010,02,12,1,907.3942
2010,02,12,2,904.70455
2010,02,12,3,904.93351
2010,02,12,4,908.50086
2010,02,12,5,909.54308
2010,02,12,6,910.2805
2010,02,12,7,910.69259
2010,02,13,0,910.42681
2010,02,13,1,910.02807
2010,02,13,2,910.00131
2010,02,13,3,909.71326
2010,02,13,4,909.63301
2010,02,13,5,909.90084
2010,02,13,6,910.55744
2010,02,13,7,911.81044
2010,02,14,0,913.21467
2010,02,14,1,914.11818
2010,02,14,2,914.21415
2010,02,14,3,914.63464
2010,02,14,4,917.47814
2010,02,14,5,920.10112
2010,02,14,6,920.74881
2010,02,14,7,921.15412
2010,02,15,0,920.42526
2010,02,15,1,918.98459
2010,02,15,2,919.51418
2010,02,15,3,919.70795
2010,02,15,4,919.84925
2010,02,15,5,920.28321
2010,02,15,6,919.76476
2010,02,15,7,919.36756
2010,02,16,0,918.35939
2010,02,16,1,916.90179
2010,02,16,2,916.8258
2010,02,16,3,916.35395
2010,02,16,4,915.208
2010,02,16,5,914.71428
2010,02,16,6,914.71558
2010,02,16,7,914.65401
2010,02,17,0,913.10379
2010,02,17,1,911.59725
2010,02,17,2,911.72383
2010,02,17,3,911.76876
2010,02,17,4,911.20241
2010,02,17,5,910.13306
2010,02,17,6,910.29261
2010,02,17,7,912.11519
2010,02,18,0,913.01681
2010,02,18,1,912.7179
2010,02,18,2,913.04844
2010,02,18,3,913.91072
2010,02,18,4,914.7526
2010,02,18,5,913.85403
2010,02,18,6,911.08832
2010,02,18,7,909.1828
2010,02,19,0,908.10567
2010,02,19,1,907.062
2010,02,19,2,907.66316
2010,02,19,3,908.85164
2010,02,19,4,910.33373
2010,02,19,5,911.32308
2010,02,19,6,911.65905
2010,02,19,7,912.29257
2010,02,20,0,912.3561
2010,02,20,1,912.43091
2010,02,20,2,914.24006
2010,02,20,3,915.66707
2010,02,20,4,915.20996
2010,02,20,5,914.54413
2010,02,20,6,914.90201
2010,02,20,7,915.03383
2010,02,21,0,912.53047
2010,02,21,1,910.7066
2010,02,21,2,911.16821
2010,02,21,3,910.33961
2010,02,21,4,911.20108
2010,02,21,5,913.486
2010,02,21,6,914.72336
2010,02,21,7,915.66158
2010,02,22,0,916.40444
2010,02,22,1,917.11878
2010,02,22,2,917.66725
2010,02,22,3,917.69635
2010,02,22,4,918.35402
2010,02,22,5,918.99591
2010,02,22,6,918.36302
2010,02,22,7,917.88273
2010,02,23,0,919.0011
2010,02,23,1,919.43425
2010,02,23,2,918.74594
2010,02,23,3,917.69373
2010,02,23,4,915.96505
2010,02,23,5,915.03458
2010,02,23,6,915.18212
2010,02,23,7,915.229
2010,02,24,0,913.84294
2010,02,24,1,912.14757
2010,02,24,2,911.39004
2010,02,24,3,911.02946
2010,02,24,4,911.52526
2010,02,24,5,912.11137
2010,02,24,6,913.75032
2010,02,24,7,914.54218
2010,02,25,0,914.40757
2010,02,25,1,914.65768
2010,02,25,2,914.26698
2010,02,25,3,915.10045
2010,02,25,4,915.91093
2010,02,25,5,916.66773
2010,02,25,6,917.98538
2010,02,25,7,919.04179
2010,02,26,0,918.69091
2010,02,26,1,918.26583
2010,02,26,2,919.44983
2010,02,26,3,920.32956
2010,02,26,4,920.45227
2010,02,26,5,920.76824
2010,02,26,6,921.52959
2010,02,26,7,921.15596
2010,02,27,0,922.00496
2010,02,27,1,923.1608
2010,02,27,2,923.77729
2010,02,27,3,924.12818
2010,02,27,4,923.71687
2010,02,27,5,922.86945
2010,02,27,6,922.71492
2010,02,27,7,921.89778
2010,02,28,0,921.25877
2010,02,28,1,921.38568
2010,02,28,2,920.68195
2010,02,28,3,918.93343
2010,02,28,4,917.71045
2010,02,28,5,916.25668
2010,02,28,6,915.4942
2010,02,28,7,914.19073
2010,02,29,0,912.85354
2010,02,29,1,910.89602
2010,02,29,2,908.56528
2010,02,29,3,906.33475
2010,02,29,4,906.09472
2010,02,29,5,906.29112
2010,02,29,6,905.3221
2010,02,29,7,904.01308
2010,02,30,0,903.84971
2010,02,30,1,904.11425
2010,02,30,2,903.81
2010,02,30,3,904.51612
2010,02,30,4,905.45019
2010,02,30,5,905.9678
2010,02,30,6,906.04491
2010,02,30,7,906.02609
2010,02,1,0,906.69332
2010,02,1,1,907.76243
2010,02,1,2,909.10456
2010,02,1,3,909.61234
2010,02,1,4,910.95167
2010,02,1,5,912.58407
2010,02,1,6,913.67774
2010,02,1,7,913.83489
2010,02,2,0,913.43548
2010,02,2,1,913.27406
2010,02,2,2,912.85569
2010,02,2,3,911.69759
2010,02,2,4,911.52888
2010,02,2,5,910.98199
2010,02,2,6,911.92407
2010,02,2,7,912.34535
2010,02,3,0,911.39696
2010,02,3,1,910.03169
2010,02,3,2,909.97381
2010,02,3,3,909.50956
2010,02,3,4,907.81936
2010,02,3,5,906.83618
2010,02,3,6,906.19953
2010,02,3,7,905.797
2010,02,4,0,906.02558
2010,02,4,1,906.759
2010,02,4,2,907.88939
2010,02,4,3,909.19036
2010,02,4,4,909.87641
2010,02,4,5,910.45498
2010,02,4,6,911.68373
2010,02,4,7,913.30737
2010,02,5,0,914.79515
2010,02,5,1,916.27584
2010,02,5,2,916.92144
2010,02,5,3,918.10344
2010,02,5,4,920.10589
2010,02,5,5,920.72542
2010,02,5,6,920.94911
2010,02,5,7,921.77246
2010,02,6,0,921.31142
2010,02,6,1,920.41824
2010,02,6,2,919.05262
2010,02,6,3,917.63296
2010,02,6,4,917.6241
2010,02,6,5,916.98622
2010,02,6,6,916.88668
2010,02,6,7,917.25883
2010,02,7,0,917.29622
2010,02,7,1,917.54679
2010,02,7,2,917.89058
2010,02,7,3,917.9497
2010,02,7,4,917.66735
2010,02,7,5,917.2236
2010,02,7,6,917.45475
2010,02,7,7,917.12597
2010,02,8,0,916.74755
2010,02,8,1,916.2982
2010,02,8,2,915.95188
2010,02,8,3,915.79163
2010,02,8,4,915.14287
2010,02,8,5,914.65686
2010,02,8,6,913.7276
2010,02,8,7,912.62957
2010,02,9,0,911.13068
2010,02,9,1,909.65924
2010,02,9,2,910.0189
2010,02,9,3,909.86982
2010,02,9,4,909.75564
2010,02,9,5,910.18952
2010,02,9,6,910.64376
2010,02,9,7,911.08561
2010,02,10,0,910.79371
2010,02,10,1,910.46316
2010,02,10,2,909.74735
2010,02,10,3,909.1146
2010,02,10,4,909.70276
2010,02,10,5,910.21144
2010,02,10,6,910.76996
2010,02,10,7,910.63433
2010,02,11,0,909.02529
2010,02,11,1,907.32128
2010,02,11,2,906.55582
2010,02,11,3,905.69023
2010,02,11,4,903.8812
2010,02,11,5,902.60321
2010,02,11,6,902.59955
2010,02,11,7,903.5091
2010,02,12,0,902.3183
2010,02,12,1,901.12881
2010,02,12,2,902.77602
2010,02,12,3,905.45071
2010,02,12,4,907.48312
2010,02,12,5,909.4656
2010,02,12,6,914.02864
2010,02,12,7,918.46113
2010,02,13,0,918.97803
2010,02,13,1,918.45666
2010,02,13,2,918.09763
2010,02,13,3,916.92181
2010,02,13,4,913.83689
2010,02,13,5,911.66416
2010,02,13,6,910.54594
2010,02,13,7,908.70177
2010,02,14,0,907.70652
2010,02,14,1,906.77443
2010,02,14,2,906.99699
2010,02,14,3,908.43502
2010,02,14,4,908.2734
2010,02,14,5,907.63509
2010,02,14,6,908.92856
2010,02,14,7,909.01843
2010,02,15,0,907.57752
2010,02,15,1,906.6453
2010,02,15,2,907.1202
2010,02,15,3,906.9081
2010,02,15,4,906.57616
2010,02,15,5,905.6839
2010,02,15,6,905.92711
2010,02,15,7,907.05122
2010,02,16,0,905.36677
2010,02,16,1,903.16403
2010,02,16,2,903.94393
2010,02,16,3,904.9796
2010,02,16,4,905.352
2010,02,16,5,904.89323
2010,02,16,6,906.03027
2010,02,16,7,907.17851
2010,02,17,0,906.21158
2010,02,17,1,905.42547
2010,02,17,2,906.90104
2010,02,17,3,908.82384
2010,02,17,4,909.24329
2010,02,17,5,908.72244
2010,02,17,6,908.99725
2010,02,17,7,909.27666
2010,02,18,0,908.54314
2010,02,18,1,907.4476
2010,02,18,2,908.38133
2010,02,18,3,908.38034
2010,02,18,4,906.56184
2010,02,18,5,905.55736
2010,02,18,6,906.3618
2010,02,18,7,906.90757
2010,02,19,0,906.13349
2010,02,19,1,905.49567
2010,02,19,2,906.49621
2010,02,19,3,907.30537
2010,02,19,4,907.87463
2010,02,19,5,908.51772
2010,02,19,6,909.79982
2010,02,19,7,911.28288
2010,02,20,0,911.422
2010,02,20,1,910.81212
2010,02,20,2,912.04237
2010,02,20,3,913.11128
2010,02,20,4,912.36156
2010,02,20,5,911.57838
2010,02,20,6,911.91142
2010,02,20,7,911.86595
2010,02,21,0,910.99935
2010,02,21,1,910.25881
2010,02,21,2,909.30186
2010,02,21,3,908.76111
2010,02,21,4,908.07091
2010,02,21,5,907.23306
2010,02,21,6,907.21475
2010,02,21,7,906.90167
2010,02,22,0,905.61502
2010,02,22,1,905.10257
2010,02,22,2,906.24023
2010,02,22,3,905.98932
2010,02,22,4,904.3286
2010,02,22,5,904.35212
2010,02,22,6,905.36246
2010,02,22,7,905.15052
2010,02,23,0,902.37896
2010,02,23,1,900.24122
2010,02,23,2,900.6733
2010,02,23,3,900.29839
2010,02,23,4,899.70303
2010,02,23,5,900.32484
2010,02,23,6,900.8768
2010,02,23,7,901.18275
2010,02,24,0,902.21567
2010,02,24,1,902.81436
2010,02,24,2,904.91243
2010,02,24,3,906.38055
2010,02,24,4,904.87848
2010,02,24,5,904.35083
2010,02,24,6,905.02629
2010,02,24,7,904.95309
2010,02,25,0,904.13848
2010,02,25,1,903.42062
2010,02,25,2,904.08747
2010,02,25,3,904.49065
2010,02,25,4,903.85564
2010,02,25,5,903.56039
2010,02,25,6,903.86234
2010,02,25,7,903.30824
2010,02,26,0,903.12095
2010,02,26,1,903.23963
2010,02,26,2,903.85475
2010,02,26,3,903.91074
2010,02,26,4,903.6296
2010,02,26,5,904.24968
2010,02,26,6,905.52229
2010,02,26,7,906.20616
2010,02,27,0,905.01643
2010,02,27,1,904.09922
2010,02,27,2,904.73772
2010,02,27,3,905.3689
2010,02,27,4,905.03507
2010,02,27,5,905.58878
2010,02,27,6,906.36909
2010,02,27,7,906.30415
2010,02,28,0,905.87838
2010,02,28,1,906.13627
2010,02,28,2,907.7261
2010,02,28,3,908.15489
2010,02,28,4,907.76299
2010,02,28,5,907.19296
2010,02,28,6,909.76359
2010,02,28,7,911.57577
2010,02,29,0,910.28676
2010,02,29,1,909.26162
2010,02,29,2,909.47727
2010,02,29,3,909.81104
2010,02,29,4,908.7387
2010,02,29,5,907.87482
2010,02,29,6,909.23927
2010,02,29,7,910.56397
2010,02,30,0,908.09608
2010,02,30,1,905.59031
2010,02,30,2,905.36586
2010,02,30,3,904.31821
2010,02,30,4,903.39822
2010,02,30,5,903.78852
2010,02,30,6,904.6095
2010,02,30,7,904.53849
2010,02,31,0,901.84128
2010,02,31,1,898.83544
2010,02,31,2,900.79761
2010,02,31,3,901.01449
2010,02,31,4,897.67438
2010,02,31,5,896.97406
2010,02,31,6,898.10526
2010,02,31,7,899.67585
2010,02,1,0,900.70973
2010,02,1,1,902.27941
2010,02,1,2,905.42654
2010,02,1,3,907.82579
2010,02,1,4,910.27585
2010,02,1,5,911.39742
2010,02,1,6,913.92671
2010,02,1,7,916.09775
2010,02,2,0,915.17918
2010,02,2,1,913.89926
2010,02,2,2,914.88386
2010,02,2,3,916.15984
2010,02,2,4,915.42744
2010,02,2,5,914.26468
2010,02,2,6,915.81032
2010,02,2,7,917.54101
2010,02,3,0,916.92898
2010,02,3,1,916.18491
2010,02,3,2,917.63245
2010,02,3,3,918.53568
2010,02,3,4,917.76054
2010,02,3,5,916.47469
2010,02,3,6,917.35128
2010,02,3,7,918.99519
2010,02,4,0,918.20365
2010,02,4,1,917.41639
2010,02,4,2,918.7739
2010,02,4,3,919.65396
2010,02,4,4,919.0236
2010,02,4,5,918.73135
2010,02,4,6,919.81469
2010,02,4,7,920.85081
2010,02,5,0,920.77082
2010,02,5,1,920.31983
2010,02,5,2,921.73825
2010,02,5,3,922.64132
2010,02,5,4,921.73473
2010,02,5,5,920.53862
2010,02,5,6,920.37223
2010,02,5,7,920.29467
2010,02,6,0,918.51031
2010,02,6,1,916.24651
2010,02,6,2,916.90644
2010,02,6,3,916.86942
2010,02,6,4,914.19923
2010,02,6,5,911.35992
2010,02,6,6,912.4458
2010,02,6,7,913.13977
2010,02,7,0,911.76967
2010,02,7,1,911.11364
2010,02,7,2,912.49412
2010,02,7,3,913.13773
2010,02,7,4,912.1838
2010,02,7,5,911.85761
2010,02,7,6,913.38851
2010,02,7,7,914.59001
2010,02,8,0,914.77387
2010,02,8,1,914.27936
2010,02,8,2,914.67188
2010,02,8,3,915.87967
2010,02,8,4,917.40091
2010,02,8,5,918.34187
2010,02,8,6,919.10316
2010,02,8,7,919.19074
2010,02,9,0,918.09019
2010,02,9,1,916.9445
2010,02,9,2,917.17324
2010,02,9,3,918.83829
2010,02,9,4,917.92889
2010,02,9,5,915.12849
2010,02,9,6,915.66379
2010,02,9,7,915.1007
2010,02,10,0,913.70337
2010,02,10,1,911.36825
2010,02,10,2,912.03314
2010,02,10,3,912.86988
2010,02,10,4,911.08544
2010,02,10,5,908.18025
2010,02,10,6,907.08429
2010,02,10,7,906.5656
2010,02,11,0,904.59866
2010,02,11,1,902.92697
2010,02,11,2,904.88227
2010,02,11,3,906.92788
2010,02,11,4,905.61186
2010,02,11,5,904.74117
2010,02,11,6,906.47769
2010,02,11,7,907.94755
2010,02,12,0,906.23953
2010,02,12,1,904.86328
2010,02,12,2,906.07572
2010,02,12,3,906.41118
2010,02,12,4,905.01003
2010,02,12,5,903.96774
2010,02,12,6,905.04091
2010,02,12,7,905.51604
2010,02,13,0,906.08124
2010,02,13,1,906.17971
2010,02,13,2,906.03158
2010,02,13,3,905.57053
2010,02,13,4,906.10366
2010,02,13,5,907.00375
2010,02,13,6,907.74927
2010,02,13,7,908.17846
2010,02,14,0,907.54472
2010,02,14,1,906.81117
2010,02,14,2,906.56138
2010,02,14,3,906.01374
2010,02,14,4,905.46957
2010,02,14,5,905.24755
2010,02,14,6,905.40086
2010,02,14,7,905.97798
2010,02,15,0,905.58814
2010,02,15,1,905.0679
2010,02,15,2,905.86959
2010,02,15,3,906.79767
2010,02,15,4,907.49287
2010,02,15,5,908.57569
2010,02,15,6,909.74803
2010,02,15,7,911.08906
2010,02,16,0,912.60847
2010,02,16,1,913.68632
2010,02,16,2,913.41024
2010,02,16,3,912.01147
2010,02,16,4,911.68071
2010,02,16,5,911.57802
2010,02,16,6,912.06769
2010,02,16,7,912.48724
2010,02,17,0,911.63318
2010,02,17,1,909.75534
2010,02,17,2,909.88221
2010,02,17,3,909.95934
2010,02,17,4,909.13836
2010,02,17,5,908.64955
2010,02,17,6,907.21504
2010,02,17,7,905.71952
2010,02,18,0,905.7707
2010,02,18,1,905.37797
2010,02,18,2,905.38093
2010,02,18,3,905.64992
2010,02,18,4,904.86994
2010,02,18,5,904.53773
2010,02,18,6,905.99704
2010,02,18,7,907.43168
2010,02,19,0,905.93412
2010,02,19,1,904.45057
2010,02,19,2,906.36966
2010,02,19,3,907.12628
2010,02,19,4,908.04619
2010,02,19,5,908.40356
2010,02,19,6,907.82967
2010,02,19,7,907.94015
2010,02,20,0,907.01251
2010,02,20,1,905.98644
2010,02,20,2,906.53042
2010,02,20,3,906.78849
2010,02,20,4,906.70964
2010,02,20,5,906.75733
2010,02,20,6,907.38016
2010,02,20,7,908.11837
2010,02,21,0,907.57102
2010,02,21,1,906.91631
2010,02,21,2,907.66522
2010,02,21,3,908.51385
2010,02,21,4,907.82119
2010,02,21,5,906.89955
2010,02,21,6,907.34883
2010,02,21,7,907.10528
2010,02,22,0,906.73678
2010,02,22,1,906.41928
2010,02,22,2,906.17346
2010,02,22,3,905.42646
2010,02,22,4,905.60758
2010,02,22,5,905.5845
2010,02,22,6,905.62147
2010,02,22,7,905.41353
2010,02,23,0,904.42741
2010,02,23,1,903.86529
2010,02,23,2,903.80039
2010,02,23,3,902.94483
2010,02,23,4,901.95794
2010,02,23,5,901.79113
2010,02,23,6,902.41592
2010,02,23,7,902.43217
2010,02,24,0,902.57193
2010,02,24,1,902.8007
2010,02,24,2,903.07439
2010,02,24,3,902.97632
2010,02,24,4,903.08605
2010,02,24,5,903.18215
2010,02,24,6,903.29953
2010,02,24,7,903.75531
2010,02,25,0,903.33452
2010,02,25,1,902.49166
2010,02,25,2,902.78484
2010,02,25,3,903.0181
2010,02,25,4,903.10173
2010,02,25,5,903.2689
2010,02,25,6,903.80431
2010,02,25,7,904.04482
2010,02,26,0,903.88237
2010,02,26,1,903.30278
2010,02,26,2,902.93993
2010,02,26,3,902.92379
2010,02,26,4,902.93715
2010,02,26,5,902.79488
2010,02,26,6,902.76214
2010,02,26,7,902.81448
2010,02,27,0,902.94447
2010,02,27,1,902.75784
2010,02,27,2,903.34822
2010,02,27,3,903.81958
2010,02,27,4,904.32346
2010,02,27,5,905.19544
2010,02,27,6,904.98529
2010,02,27,7,904.61615
2010,02,28,0,904.62204
2010,02,28,1,904.2219
2010,02,28,2,904.63048
2010,02,28,3,904.95579
2010,02,28,4,904.98719
2010,02,28,5,905.11229
2010,02,28,6,905.97707
2010,02,28,7,907.01516
2010,02,29,0,907.30054
2010,02,29,1,907.34317
2010,02,29,2,907.94761
2010,02,29,3,908.57774
2010,02,29,4,908.27247
2010,02,29,5,907.91252
2010,02,29,6,908.50238
2010,02,29,7,908.62032
2010,02,30,0,907.95449
2010,02,30,1,907.00219
2010,02,30,2,907.47446
2010,02,30,3,908.05998
2010,02,30,4,907.76355
2010,02,30,5,907.99147
2010,02,30,6,909.39291
2010,02,30,7,910.36069
2010,02,1,0,911.36433
2010,02,1,1,912.68138
2010,02,1,2,912.93473
2010,02,1,3,912.48346
2010,02,1,4,912.5102
2010,02,1,5,912.10664
2010,02,1,6,911.73304
2010,02,1,7,911.75636
2010,02,2,0,912.22371
2010,02,2,1,912.34335
2010,02,2,2,912.74485
2010,02,2,3,913.25755
2010,02,2,4,913.60191
2010,02,2,5,913.74684
2010,02,2,6,914.96241
2010,02,2,7,915.90787
2010,02,3,0,915.6437
2010,02,3,1,915.22345
2010,02,3,2,915.23638
2010,02,3,3,914.2419
2010,02,3,4,913.97123
2010,02,3,5,914.79438
2010,02,3,6,915.33022
2010,02,3,7,915.48809
2010,02,4,0,915.05277
2010,02,4,1,914.5986
2010,02,4,2,914.72176
2010,02,4,3,914.4092
2010,02,4,4,913.05215
2010,02,4,5,911.99503
2010,02,4,6,912.05262
2010,02,4,7,912.038
2010,02,5,0,912.26082
2010,02,5,1,912.53487
2010,02,5,2,913.38006
2010,02,5,3,914.64151
2010,02,5,4,916.36336
2010,02,5,5,918.2491
2010,02,5,6,920.62638
2010,02,5,7,922.55988
2010,02,6,0,922.86996
2010,02,6,1,923.47842
2010,02,6,2,924.44894
2010,02,6,3,924.74482
2010,02,6,4,924.69534
2010,02,6,5,925.30543
2010,02,6,6,925.99569
2010,02,6,7,926.30918
2010,02,7,0,927.97781
2010,02,7,1,930.68156
2010,02,7,2,931.38604
2010,02,7,3,930.694
2010,02,7,4,931.44861
2010,02,7,5,932.35909
2010,02,7,6,956.8091
2010,02,7,7,955.71672
2010,02,8,0,953.0097
2010,02,8,1,951.9204
2010,02,8,2,953.09043
2010,02,8,3,953.83659
2010,02,8,4,953.67077
2010,02,8,5,952.75019
2010,02,8,6,952.72699
2010,02,8,7,951.79436
2010,02,9,0,949.9362
2010,02,9,1,926.09302
2010,02,9,2,924.90726
2010,02,9,3,923.49117
2010,02,9,4,920.77751
2010,02,9,5,920.20623
2010,02,9,6,921.23833
2010,02,9,7,922.11419
2010,02,10,0,920.5351
2010,02,10,1,918.74857
2010,02,10,2,918.27727
2010,02,10,3,916.96888
2010,02,10,4,915.95116
2010,02,10,5,915.36179
2010,02,10,6,916.10533
2010,02,10,7,917.36879
2010,02,11,0,916.83351
2010,02,11,1,916.07014
2010,02,11,2,914.71849
2010,02,11,3,914.08717
2010,02,11,4,916.22345
2010,02,11,5,917.52632
2010,02,11,6,916.98535
2010,02,11,7,916.71584
2010,02,12,0,917.02195
2010,02,12,1,917.51907
2010,02,12,2,917.46982
2010,02,12,3,917.42141
2010,02,12,4,917.45555
2010,02,12,5,916.67111
2010,02,12,6,916.56682
2010,02,12,7,917.07775
2010,02,13,0,916.20098
2010,02,13,1,914.83914
2010,02,13,2,915.41565
2010,02,13,3,915.41676
2010,02,13,4,914.47638
2010,02,13,5,913.96201
2010,02,13,6,913.39596
2010,02,13,7,913.11441
2010,02,14,0,912.64228
2010,02,14,1,912.09746
2010,02,14,2,912.70965
2010,02,14,3,913.33983
2010,02,14,4,913.24078
2010,02,14,5,913.37478
2010,02,14,6,914.73447
2010,02,14,7,916.46147
2010,02,15,0,916.07377
2010,02,15,1,914.89529
2010,02,15,2,915.1061
2010,02,15,3,915.01646
2010,02,15,4,914.703
2010,02,15,5,914.22349
2010,02,15,6,913.46381
2010,02,15,7,912.19108
2010,02,16,0,910.34002
2010,02,16,1,908.85688
2010,02,16,2,907.43894
2010,02,16,3,906.47069
2010,02,16,4,908.73716
2010,02,16,5,911.64105
2010,02,16,6,913.88037
2010,02,16,7,915.00822
2010,02,17,0,913.74893
2010,02,17,1,913.06906
2010,02,17,2,913.30636
2010,02,17,3,912.71156
2010,02,17,4,913.5399
2010,02,17,5,914.2087
2010,02,17,6,913.81948
2010,02,17,7,913.24866
2010,02,18,0,913.50747
2010,02,18,1,913.79426
2010,02,18,2,912.17162
2010,02,18,3,911.34918
2010,02,18,4,911.2053
2010,02,18,5,910.27335
2010,02,18,6,910.2794
2010,02,18,7,910.49742
2010,02,19,0,909.41127
2010,02,19,1,909.06589
2010,02,19,2,909.03836
2010,02,19,3,908.43709
2010,02,19,4,908.42224
2010,02,19,5,908.23099
2010,02,19,6,908.34913
2010,02,19,7,908.59626
2010,02,20,0,907.95623
2010,02,20,1,907.24869
2010,02,20,2,906.92317
2010,02,20,3,906.29519
2010,02,20,4,906.17067
2010,02,20,5,906.14532
2010,02,20,6,906.31252
2010,02,20,7,907.14197
2010,02,21,0,907.73103
2010,02,21,1,907.76251
2010,02,21,2,908.89454
2010,02,21,3,910.1305
2010,02,21,4,911.58841
2010,02,21,5,912.89885
2010,02,21,6,913.063
2010,02,21,7,913.18795
2010,02,22,0,912.23492
2010,02,22,1,911.18829
2010,02,22,2,912.01596
2010,02,22,3,912.34212
2010,02,22,4,912.0585
2010,02,22,5,912.04479
2010,02,22,6,913.01714
2010,02,22,7,913.65981
2010,02,23,0,913.61087
2010,02,23,1,913.63832
2010,02,23,2,913.66034
2010,02,23,3,913.84454
2010,02,23,4,913.85816
2010,02,23,5,913.53457
2010,02,23,6,914.38921
2010,02,23,7,914.97818
2010,02,24,0,915.73812
2010,02,24,1,916.32588
2010,02,24,2,916.99024
2010,02,24,3,917.3201
2010,02,24,4,918.21988
2010,02,24,5,919.08659
2010,02,24,6,920.32409
2010,02,24,7,921.10758
2010,02,25,0,921.59131
2010,02,25,1,922.04669
2010,02,25,2,922.87135
2010,02,25,3,923.52452
2010,02,25,4,923.13274
2010,02,25,5,922.4396
2010,02,25,6,922.70749
2010,02,25,7,922.74385
2010,02,26,0,923.23524
2010,02,26,1,923.13516
2010,02,26,2,922.12762
2010,02,26,3,921.48983
2010,02,26,4,921.38532
2010,02,26,5,920.83603
2010,02,26,6,920.36744
2010,02,26,7,920.16515
2010,02,27,0,920.27376
2010,02,27,1,919.54058
2010,02,27,2,918.60098
2010,02,27,3,917.30714
2010,02,27,4,916.18498
2010,02,27,5,915.20854
2010,02,27,6,914.47434
2010,02,27,7,913.91163
2010,02,28,0,913.72012
2010,02,28,1,913.55416
2010,02,28,2,914.0755
2010,02,28,3,914.48974
2010,02,28,4,915.30892
2010,02,28,5,916.00073
2010,02,28,6,916.15949
2010,02,28,7,917.01064
2010,02,29,0,917.07907
2010,02,29,1,916.74178
2010,02,29,2,917.04257
2010,02,29,3,917.14664
2010,02,29,4,917.26562
2010,02,29,5,917.65924
2010,02,29,6,917.79491
2010,02,29,7,918.04746
2010,02,30,0,918.53292
2010,02,30,1,918.68109
2010,02,30,2,918.47671
2010,02,30,3,918.403
2010,02,30,4,919.14309
2010,02,30,5,919.61689
2010,02,30,6,919.3728
2010,02,30,7,919.02692
2010,02,31,0,919.46963
2010,02,31,1,919.58651
2010,02,31,2,918.8866
2010,02,31,3,918.3171
2010,02,31,4,917.51063
2010,02,31,5,916.66327
2010,02,31,6,915.55937
2010,02,31,7,914.56058
2011,02,1,0,913.72578
2011,02,1,1,913.05562
2011,02,1,2,913.34213
2011,02,1,3,913.9055
2011,02,1,4,913.83265
2011,02,1,5,912.93991
2011,02,1,6,911.7013
2011,02,1,7,910.96639
2011,02,2,0,910.29043
2011,02,2,1,909.52921
2011,02,2,2,909.91388
2011,02,2,3,910.96507
2011,02,2,4,911.77381
2011,02,2,5,912.34876
2011,02,2,6,913.93355
2011,02,2,7,915.53187
2011,02,3,0,915.6802
2011,02,3,1,915.67376
2011,02,3,2,915.97094
2011,02,3,3,915.85072
2011,02,3,4,915.69025
2011,02,3,5,915.56324
2011,02,3,6,915.25768
2011,02,3,7,914.8265
2011,02,4,0,914.87791
2011,02,4,1,914.23355
2011,02,4,2,914.23518
2011,02,4,3,914.29405
2011,02,4,4,913.64189
2011,02,4,5,912.76471
2011,02,4,6,911.87085
2011,02,4,7,911.21993
2011,02,5,0,909.62314
2011,02,5,1,907.93134
2011,02,5,2,906.91756
2011,02,5,3,906.00866
2011,02,5,4,905.52067
2011,02,5,5,906.03534
2011,02,5,6,906.56056
2011,02,5,7,907.12608
2011,02,6,0,907.42135
2011,02,6,1,907.7883
2011,02,6,2,909.33696
2011,02,6,3,910.36481
2011,02,6,4,910.78887
2011,02,6,5,910.72993
2011,02,6,6,910.45922
2011,02,6,7,910.51641
2011,02,7,0,910.02094
2011,02,7,1,909.5035
2011,02,7,2,909.80238
2011,02,7,3,910.12564
2011,02,7,4,909.74666
2011,02,7,5,909.3573
2011,02,7,6,910.88911
2011,02,7,7,912.33204
2011,02,8,0,912.65965
2011,02,8,1,913.0497
2011,02,8,2,913.25996
2011,02,8,3,913.13542
2011,02,8,4,912.86393
2011,02,8,5,912.71592
2011,02,8,6,914.35752
2011,02,8,7,915.97222
2011,02,9,0,916.80032
2011,02,9,1,916.92399
2011,02,9,2,917.17697
2011,02,9,3,917.23539
2011,02,9,4,916.25423
2011,02,9,5,914.89331
2011,02,9,6,914.63012
2011,02,9,7,914.75908
2011,02,10,0,914.94775
2011,02,10,1,915.21168
2011,02,10,2,915.67184
2011,02,10,3,915.71531
2011,02,10,4,916.27135
2011,02,10,5,916.89231
2011,02,10,6,918.06701
2011,02,10,7,919.4697
2011,02,11,0,918.76457
2011,02,11,1,917.64556
2011,02,11,2,918.8651
2011,02,11,3,919.75728
2011,02,11,4,919.35103
2011,02,11,5,918.54531
2011,02,11,6,917.82091
2011,02,11,7,917.06264
2011,02,12,0,916.67579
2011,02,12,1,916.33065
2011,02,12,2,914.73906
2011,02,12,3,913.34962
2011,02,12,4,913.05219
2011,02,12,5,912.7105
2011,02,12,6,912.57776
2011,02,12,7,912.98908
2011,02,13,0,913.62999
2011,02,13,1,913.93169
2011,02,13,2,913.90877
2011,02,13,3,914.05879
2011,02,13,4,913.80812
2011,02,13,5,913.65983
2011,02,13,6,914.9049
2011,02,13,7,916.46465
2011,02,14,0,917.56496
2011,02,14,1,918.61136
2011,02,14,2,919.46881
2011,02,14,3,920.09235
2011,02,14,4,921.06201
2011,02,14,5,921.56744
2011,02,14,6,922.05036
2011,02,14,7,922.58238
2011,02,15,0,922.10194
2011,02,15,1,921.79183
2011,02,15,2,921.25689
2011,02,15,3,920.40835
2011,02,15,4,920.82855
2011,02,15,5,920.87603
2011,02,15,6,919.8622
2011,02,15,7,919.69119
2011,02,16,0,919.37145
2011,02,16,1,918.43845
2011,02,16,2,918.19993
2011,02,16,3,918.34449
2011,02,16,4,918.31478
2011,02,16,5,918.30386
2011,02,16,6,919.04151
2011,02,16,7,919.44434
2011,02,17,0,919.47067
2011,02,17,1,919.54995
2011,02,17,2,919.8921
2011,02,17,3,920.21005
2011,02,17,4,920.51374
2011,02,17,5,920.52696
2011,02,17,6,920.58523
2011,02,17,7,920.75434
2011,02,18,0,920.19788
2011,02,18,1,919.38002
2011,02,18,2,918.67227
2011,02,18,3,918.44425
2011,02,18,4,918.33607
2011,02,18,5,918.03518
2011,02,18,6,918.45095
2011,02,18,7,918.75883
2011,02,19,0,919.01803
2011,02,19,1,918.84428
2011,02,19,2,918.51422
2011,02,19,3,917.88134
2011,02,19,4,918.4118
2011,02,19,5,918.91802
2011,02,19,6,917.75062
2011,02,19,7,916.70569
2011,02,20,0,915.93594
2011,02,20,1,914.97858
2011,02,20,2,914.58496
2011,02,20,3,914.02654
2011,02,20,4,913.36667
2011,02,20,5,912.40119
2011,02,20,6,912.66082
2011,02,20,7,912.90379
2011,02,21,0,912.13876
2011,02,21,1,911.37815
2011,02,21,2,911.46575
2011,02,21,3,911.33047
2011,02,21,4,910.76178
2011,02,21,5,909.90185
2011,02,21,6,910.23596
2011,02,21,7,910.717
2011,02,22,0,909.79972
2011,02,22,1,908.4599
2011,02,22,2,908.75839
2011,02,22,3,909.02892
2011,02,22,4,909.0858
2011,02,22,5,909.04203
2011,02,22,6,909.97902
2011,02,22,7,911.03999
2011,02,23,0,911.48263
2011,02,23,1,910.97367
2011,02,23,2,910.66884
2011,02,23,3,910.16242
2011,02,23,4,909.01173
2011,02,23,5,908.22591
2011,02,23,6,908.49777
2011,02,23,7,908.94517
2011,02,24,0,908.96963
2011,02,24,1,908.7023
2011,02,24,2,908.64981
2011,02,24,3,907.95934
2011,02,24,4,906.66574
2011,02,24,5,905.3649
2011,02,24,6,905.84839
2011,02,24,7,907.4503
2011,02,25,0,907.11814
2011,02,25,1,906.31602
2011,02,25,2,907.29695
2011,02,25,3,908.73756
2011,02,25,4,910.10502
2011,02,25,5,910.35999
2011,02,25,6,911.37715
2011,02,25,7,912.91437
2011,02,26,0,913.74795
2011,02,26,1,912.46857
2011,02,26,2,911.76364
2011,02,26,3,912.05016
2011,02,26,4,911.88079
2011,02,26,5,911.76058
2011,02,26,6,911.38051
2011,02,26,7,911.23456
2011,02,27,0,911.3541
2011,02,27,1,910.54608
2011,02,27,2,910.87604
2011,02,27,3,911.0029
2011,02,27,4,910.47014
2011,02,27,5,909.59576
2011,02,27,6,908.97999
2011,02,27,7,908.37309
2011,02,28,0,907.82206
2011,02,28,1,906.76845
2011,02,28,2,906.00886
2011,02,28,3,906.31147
2011,02,28,4,908.02072
2011,02,28,5,909.46998
2011,02,28,6,910.54004
2011,02,28,7,911.42063
2011,02,29,0,911.29499
2011,02,29,1,910.51077
2011,02,29,2,910.95891
2011,02,29,3,910.76679
2011,02,29,4,910.82958
2011,02,29,5,910.98653
2011,02,29,6,910.20256
2011,02,29,7,909.63325
2011,02,30,0,910.33593
2011,02,30,1,910.86961
2011,02,30,2,910.74078
2011,02,30,3,910.28115
2011,02,30,4,910.62288
2011,02,30,5,910.76191
2011,02,30,6,910.94887
2011,02,30,7,911.20927
2011,02,31,0,910.84933
2011,02,31,1,910.35305
2011,02,31,2,910.5654
2011,02,31,3,910.00307
2011,02,31,4,909.96972
2011,02,31,5,910.30445
2011,02,31,6,910.73095
2011,02,31,7,911.62902
2011,02,1,0,911.33848
2011,02,1,1,910.56537
2011,02,1,2,911.34428
2011,02,1,3,911.54964
2011,02,1,4,911.00904
2011,02,1,5,910.4456
2011,02,1,6,910.70717
2011,02,1,7,910.91847
2011,02,2,0,911.22894
2011,02,2,1,911.06546
2011,02,2,2,911.9843
2011,02,2,3,913.20507
2011,02,2,4,912.68667
2011,02,2,5,912.70364
2011,02,2,6,914.0001
2011,02,2,7,914.82444
2011,02,3,0,914.93911
2011,02,3,1,915.19011
2011,02,3,2,916.7883
2011,02,3,3,917.53431
2011,02,3,4,915.83401
2011,02,3,5,914.13186
2011,02,3,6,915.06183
2011,02,3,7,915.62166
2011,02,4,0,914.02914
2011,02,4,1,912.44015
2011,02,4,2,913.34257
2011,02,4,3,914.28249
2011,02,4,4,915.02771
2011,02,4,5,915.26778
2011,02,4,6,915.50636
2011,02,4,7,916.24013
2011,02,5,0,916.07028
2011,02,5,1,915.24819
2011,02,5,2,916.08179
2011,02,5,3,916.29577
2011,02,5,4,916.45246
2011,02,5,5,916.72202
2011,02,5,6,916.22119
2011,02,5,7,915.54482
2011,02,6,0,915.55038
2011,02,6,1,915.23936
2011,02,6,2,912.85968
2011,02,6,3,910.05179
2011,02,6,4,909.62782
2011,02,6,5,909.78371
2011,02,6,6,909.62308
2011,02,6,7,909.36368
2011,02,7,0,909.1791
2011,02,7,1,908.77579
2011,02,7,2,909.39827
2011,02,7,3,909.93963
2011,02,7,4,910.06627
2011,02,7,5,910.12855
2011,02,7,6,909.75408
2011,02,7,7,909.37918
2011,02,8,0,910.151
2011,02,8,1,910.88694
2011,02,8,2,912.12571
2011,02,8,3,913.87113
2011,02,8,4,914.96115
2011,02,8,5,915.11554
2011,02,8,6,915.77719
2011,02,8,7,916.07116
2011,02,9,0,915.80304
2011,02,9,1,914.80226
2011,02,9,2,915.06943
2011,02,9,3,915.86835
2011,02,9,4,913.29574
2011,02,9,5,909.62449
2011,02,9,6,907.40918
2011,02,9,7,905.30652
2011,02,10,0,905.95044
2011,02,10,1,907.2912
2011,02,10,2,909.27403
2011,02,10,3,911.22274
2011,02,10,4,911.94506
2011,02,10,5,912.02237
2011,02,10,6,912.8864
2011,02,10,7,913.9115
2011,02,11,0,915.10792
2011,02,11,1,915.8119
2011,02,11,2,916.47601
2011,02,11,3,916.91153
2011,02,11,4,916.95501
2011,02,11,5,916.18821
2011,02,11,6,915.05568
2011,02,11,7,914.37307
2011,02,12,0,915.06767
2011,02,12,1,914.8071
2011,02,12,2,915.13367
2011,02,12,3,916.07453
2011,02,12,4,916.15163
2011,02,12,5,915.91131
2011,02,12,6,917.20959
2011,02,12,7,918.17346
2011,02,13,0,917.04486
2011,02,13,1,915.32588
2011,02,13,2,915.70213
2011,02,13,3,915.45888
2011,02,13,4,914.55857
2011,02,13,5,913.45649
2011,02,13,6,913.59203
2011,02,13,7,913.7593
2011,02,14,0,911.66573
2011,02,14,1,909.7032
2011,02,14,2,909.90254
2011,02,14,3,910.42938
2011,02,14,4,911.53792
2011,02,14,5,912.70451
2011,02,14,6,914.34674
2011,02,14,7,915.91395
2011,02,15,0,916.97695
2011,02,15,1,917.92487
2011,02,15,2,918.78172
2011,02,15,3,919.19564
2011,02,15,4,919.60553
2011,02,15,5,918.8739
2011,02,15,6,917.2482
2011,02,15,7,915.18634
2011,02,16,0,913.5719
2011,02,16,1,911.92129
2011,02,16,2,910.12997
2011,02,16,3,907.86531
2011,02,16,4,906.59698
2011,02,16,5,906.31305
2011,02,16,6,905.65035
2011,02,16,7,905.50474
2011,02,17,0,904.95203
2011,02,17,1,903.99572
2011,02,17,2,904.59446
2011,02,17,3,904.96713
2011,02,17,4,903.90406
2011,02,17,5,903.27315
2011,02,17,6,904.53811
2011,02,17,7,905.38551
2011,02,18,0,905.01299
2011,02,18,1,904.40729
2011,02,18,2,904.81636
2011,02,18,3,905.05164
2011,02,18,4,904.9374
2011,02,18,5,904.78095
2011,02,18,6,905.91065
2011,02,18,7,907.65254
2011,02,19,0,907.97391
2011,02,19,1,908.45355
2011,02,19,2,909.94797
2011,02,19,3,910.78117
2011,02,19,4,910.68445
2011,02,19,5,911.73747
2011,02,19,6,914.06805
2011,02,19,7,914.04516
2011,02,20,0,914.05726
2011,02,20,1,913.83581
2011,02,20,2,913.25162
2011,02,20,3,912.56615
2011,02,20,4,910.90795
2011,02,20,5,908.96137
2011,02,20,6,908.92364
2011,02,20,7,909.67346
2011,02,21,0,909.04899
2011,02,21,1,908.87547
2011,02,21,2,910.55268
2011,02,21,3,911.5357
2011,02,21,4,912.20331
2011,02,21,5,913.29173
2011,02,21,6,914.28044
2011,02,21,7,914.46904
2011,02,22,0,915.28874
2011,02,22,1,915.70674
2011,02,22,2,915.60188
2011,02,22,3,915.53554
2011,02,22,4,915.86608
2011,02,22,5,915.51998
2011,02,22,6,916.01069
2011,02,22,7,916.33056
2011,02,23,0,915.22184
2011,02,23,1,914.15434
2011,02,23,2,912.16
2011,02,23,3,908.82377
2011,02,23,4,906.386
2011,02,23,5,905.15273
2011,02,23,6,903.6896
2011,02,23,7,901.83806
2011,02,24,0,901.57133
2011,02,24,1,901.88574
2011,02,24,2,901.99835
2011,02,24,3,901.79665
2011,02,24,4,901.57874
2011,02,24,5,901.3013
2011,02,24,6,903.40174
2011,02,24,7,904.89525
2011,02,25,0,904.39243
2011,02,25,1,904.23569
2011,02,25,2,906.31972
2011,02,25,3,907.76143
2011,02,25,4,907.40003
2011,02,25,5,907.09471
2011,02,25,6,907.99113
2011,02,25,7,908.35833
2011,02,26,0,907.611
2011,02,26,1,907.22517
2011,02,26,2,907.99244
2011,02,26,3,908.10058
2011,02,26,4,907.60792
2011,02,26,5,906.98473
2011,02,26,6,906.54168
2011,02,26,7,906.05454
2011,02,27,0,904.82343
2011,02,27,1,903.33119
2011,02,27,2,903.26256
2011,02,27,3,904.06522
2011,02,27,4,904.95526
2011,02,27,5,906.08003
2011,02,27,6,908.31929
2011,02,27,7,910.36656
2011,02,28,0,911.72184
2011,02,28,1,912.64014
2011,02,28,2,914.43503
2011,02,28,3,915.77289
2011,02,28,4,915.97622
2011,02,28,5,916.35659
2011,02,28,6,917.03868
2011,02,28,7,917.25608
2011,02,1,0,917.28031
2011,02,1,1,917.45302
2011,02,1,2,918.15698
2011,02,1,3,918.38836
2011,02,1,4,917.95317
2011,02,1,5,917.2199
2011,02,1,6,917.15725
2011,02,1,7,916.75852
2011,02,2,0,916.08006
2011,02,2,1,915.73287
2011,02,2,2,916.15314
2011,02,2,3,916.11749
2011,02,2,4,914.56854
2011,02,2,5,913.89683
2011,02,2,6,913.70413
2011,02,2,7,912.48421
2011,02,3,0,912.22801
2011,02,3,1,911.43361
2011,02,3,2,911.18886
2011,02,3,3,911.28033
2011,02,3,4,911.19793
2011,02,3,5,910.64636
2011,02,3,6,911.5092
2011,02,3,7,912.21381
2011,02,4,0,911.90714
2011,02,4,1,910.48484
2011,02,4,2,909.5363
2011,02,4,3,909.14823
2011,02,4,4,909.00928
2011,02,4,5,908.57987
2011,02,4,6,908.26076
2011,02,4,7,908.03069
2011,02,5,0,907.01287
2011,02,5,1,905.96325
2011,02,5,2,905.81051
2011,02,5,3,905.85066
2011,02,5,4,906.56529
2011,02,5,5,907.5285
2011,02,5,6,908.55771
2011,02,5,7,909.84184
2011,02,6,0,909.82448
2011,02,6,1,909.49118
2011,02,6,2,909.78756
2011,02,6,3,909.97119
2011,02,6,4,910.8036
2011,02,6,5,911.34602
2011,02,6,6,911.43018
2011,02,6,7,910.89053
2011,02,7,0,909.26422
2011,02,7,1,908.44003
2011,02,7,2,908.89012
2011,02,7,3,909.37639
2011,02,7,4,909.11281
2011,02,7,5,908.86221
2011,02,7,6,910.22606
2011,02,7,7,911.88314
2011,02,8,0,912.60708
2011,02,8,1,912.9607
2011,02,8,2,914.1987
2011,02,8,3,915.37567
2011,02,8,4,915.84391
2011,02,8,5,916.07205
2011,02,8,6,916.0566
2011,02,8,7,915.99084
2011,02,9,0,914.69194
2011,02,9,1,913.27313
2011,02,9,2,913.43595
2011,02,9,3,913.47747
2011,02,9,4,912.92314
2011,02,9,5,912.2898
2011,02,9,6,911.96004
2011,02,9,7,911.93427
2011,02,10,0,910.95473
2011,02,10,1,910.11554
2011,02,10,2,910.39938
2011,02,10,3,910.77711
2011,02,10,4,911.65166
2011,02,10,5,912.29036
2011,02,10,6,912.54367
2011,02,10,7,912.86811
2011,02,11,0,912.56824
2011,02,11,1,912.14273
2011,02,11,2,911.95343
2011,02,11,3,911.84918
2011,02,11,4,911.33829
2011,02,11,5,911.01362
2011,02,11,6,911.75362
2011,02,11,7,912.36717
2011,02,12,0,912.36385
2011,02,12,1,912.31796
2011,02,12,2,912.84001
2011,02,12,3,913.21087
2011,02,12,4,912.72731
2011,02,12,5,911.97856
2011,02,12,6,910.68095
2011,02,12,7,909.02994
2011,02,13,0,908.97652
2011,02,13,1,909.31892
2011,02,13,2,909.19826
2011,02,13,3,908.67956
2011,02,13,4,910.16613
2011,02,13,5,911.02156
2011,02,13,6,910.1339
2011,02,13,7,909.97366
2011,02,14,0,908.87009
2011,02,14,1,908.36917
2011,02,14,2,908.75323
2011,02,14,3,908.72862
2011,02,14,4,909.87362
2011,02,14,5,910.77342
2011,02,14,6,910.36345
2011,02,14,7,909.79018
2011,02,15,0,909.9372
2011,02,15,1,910.45348
2011,02,15,2,909.93951
2011,02,15,3,909.36823
2011,02,15,4,908.97182
2011,02,15,5,908.92983
2011,02,15,6,909.94341
2011,02,15,7,910.99937
2011,02,16,0,911.04949
2011,02,16,1,911.36091
2011,02,16,2,911.94725
2011,02,16,3,912.10957
2011,02,16,4,912.50922
2011,02,16,5,912.26333
2011,02,16,6,911.45268
2011,02,16,7,910.48599
2011,02,17,0,908.82144
2011,02,17,1,907.14307
2011,02,17,2,906.1193
2011,02,17,3,905.804
2011,02,17,4,905.13446
2011,02,17,5,904.3128
2011,02,17,6,903.00829
2011,02,17,7,902.29988
2011,02,18,0,904.02204
2011,02,18,1,905.53277
2011,02,18,2,905.0348
2011,02,18,3,904.7192
2011,02,18,4,905.52525
2011,02,18,5,907.64463
2011,02,18,6,910.05219
2011,02,18,7,911.26089
2011,02,19,0,912.99899
2011,02,19,1,914.02252
2011,02,19,2,915.48715
2011,02,19,3,916.24414
2011,02,19,4,917.41768
2011,02,19,5,918.73686
2011,02,19,6,919.26506
2011,02,19,7,918.9185
2011,02,20,0,917.78978
2011,02,20,1,916.94096
2011,02,20,2,916.41611
2011,02,20,3,914.87173
2011,02,20,4,913.26708
2011,02,20,5,912.07173
2011,02,20,6,911.48378
2011,02,20,7,911.19481
2011,02,21,0,911.64515
2011,02,21,1,911.89068
2011,02,21,2,912.057
2011,02,21,3,912.07089
2011,02,21,4,912.244
2011,02,21,5,912.73203
2011,02,21,6,913.55713
2011,02,21,7,914.61379
2011,02,22,0,915.12272
2011,02,22,1,915.96354
2011,02,22,2,917.51761
2011,02,22,3,918.40714
2011,02,22,4,919.39548
2011,02,22,5,920.3679
2011,02,22,6,920.75312
2011,02,22,7,920.13695
2011,02,23,0,918.55628
2011,02,23,1,917.52907
2011,02,23,2,917.41781
2011,02,23,3,917.37475
2011,02,23,4,917.68372
2011,02,23,5,917.96098
2011,02,23,6,917.71583
2011,02,23,7,918.01424
2011,02,24,0,919.251
2011,02,24,1,921.29042
2011,02,24,2,923.57841
2011,02,24,3,924.58432
2011,02,24,4,924.55479
2011,02,24,5,924.66615
2011,02,24,6,925.11153
2011,02,24,7,925.68051
2011,02,25,0,925.57953
2011,02,25,1,925.29701
2011,02,25,2,925.54591
2011,02,25,3,925.52863
2011,02,25,4,924.69804
2011,02,25,5,923.78488
2011,02,25,6,923.21292
2011,02,25,7,922.51213
2011,02,26,0,922.15996
2011,02,26,1,922.1344
2011,02,26,2,922.38861
2011,02,26,3,923.03241
2011,02,26,4,923.5915
2011,02,26,5,924.45715
2011,02,26,6,924.82018
2011,02,26,7,923.7548
2011,02,27,0,923.01774
2011,02,27,1,923.74481
2011,02,27,2,923.40546
2011,02,27,3,923.11254
2011,02,27,4,923.02088
2011,02,27,5,922.63799
2011,02,27,6,921.41939
2011,02,27,7,919.99197
2011,02,28,0,919.64163
2011,02,28,1,918.77562
2011,02,28,2,918.66384
2011,02,28,3,918.62875
2011,02,28,4,917.50289
2011,02,28,5,916.64215
2011,02,28,6,916.06859
2011,02,28,7,915.4054
2011,02,29,0,915.29793
2011,02,29,1,915.31374
2011,02,29,2,916.49834
2011,02,29,3,917.54965
2011,02,29,4,917.90316
2011,02,29,5,918.35945
2011,02,29,6,918.4141
2011,02,29,7,918.57615
2011,02,30,0,918.90569
2011,02,30,1,919.03394
2011,02,30,2,919.03754
2011,02,30,3,919.21653
2011,02,30,4,919.67497
2011,02,30,5,919.69232
2011,02,30,6,919.5123
2011,02,30,7,918.86503
2011,02,31,0,918.87908
2011,02,31,1,919.39074
2011,02,31,2,919.39675
2011,02,31,3,919.22861
2011,02,31,4,918.78421
2011,02,31,5,918.54762
2011,02,31,6,917.60147
2011,02,31,7,916.12295
2011,02,1,0,915.20218
2011,02,1,1,915.51319
2011,02,1,2,915.24471
2011,02,1,3,915.09785
2011,02,1,4,914.87943
2011,02,1,5,915.33396
2011,02,1,6,915.61382
2011,02,1,7,916.14743
2011,02,2,0,915.87329
2011,02,2,1,916.2772
2011,02,2,2,915.67584
2011,02,2,3,914.94385
2011,02,2,4,914.79926
2011,02,2,5,914.75401
2011,02,2,6,915.74184
2011,02,2,7,916.57646
2011,02,3,0,916.61559
2011,02,3,1,916.44042
2011,02,3,2,916.00869
2011,02,3,3,915.15259
2011,02,3,4,914.40568
2011,02,3,5,913.46515
2011,02,3,6,913.16583
2011,02,3,7,912.96781
2011,02,4,0,911.77829
2011,02,4,1,910.01873
2011,02,4,2,909.97824
2011,02,4,3,910.34644
2011,02,4,4,910.60809
2011,02,4,5,911.35429
2011,02,4,6,912.59761
2011,02,4,7,914.067
2011,02,5,0,914.71353
2011,02,5,1,915.17804
2011,02,5,2,915.75598
2011,02,5,3,915.88575
2011,02,5,4,915.42636
2011,02,5,5,914.94209
2011,02,5,6,914.51996
2011,02,5,7,914.42955
2011,02,6,0,915.22551
2011,02,6,1,915.63453
2011,02,6,2,916.91971
2011,02,6,3,918.53945
2011,02,6,4,919.27354
2011,02,6,5,919.83668
2011,02,6,6,920.89549
2011,02,6,7,921.68786
2011,02,7,0,922.18492
2011,02,7,1,922.01097
2011,02,7,2,922.03226
2011,02,7,3,921.89426
2011,02,7,4,921.67461
2011,02,7,5,920.64313
2011,02,7,6,919.01751
2011,02,7,7,917.02499
2011,02,8,0,914.87566
2011,02,8,1,913.38943
2011,02,8,2,912.23914
2011,02,8,3,910.7012
2011,02,8,4,908.77661
2011,02,8,5,907.77664
2011,02,8,6,907.59599
2011,02,8,7,907.43463
2011,02,9,0,907.92083
2011,02,9,1,908.50549
2011,02,9,2,910.28879
2011,02,9,3,912.06891
2011,02,9,4,912.45905
2011,02,9,5,913.34032
2011,02,9,6,913.85708
2011,02,9,7,914.18095
2011,02,10,0,914.60529
2011,02,10,1,914.92426
2011,02,10,2,914.61167
2011,02,10,3,914.40307
2011,02,10,4,915.13532
2011,02,10,5,915.1122
2011,02,10,6,914.61275
2011,02,10,7,914.21253
2011,02,11,0,912.74539
2011,02,11,1,911.24916
2011,02,11,2,909.87764
2011,02,11,3,909.44164
2011,02,11,4,909.56001
2011,02,11,5,909.56791
2011,02,11,6,909.59613
2011,02,11,7,909.66089
2011,02,12,0,909.45601
2011,02,12,1,909.57467
2011,02,12,2,909.82531
2011,02,12,3,909.67158
2011,02,12,4,910.50118
2011,02,12,5,911.70104
2011,02,12,6,912.47791
2011,02,12,7,913.67832
2011,02,13,0,914.72612
2011,02,13,1,915.95582
2011,02,13,2,916.83154
2011,02,13,3,917.23294
2011,02,13,4,917.2809
2011,02,13,5,917.03112
2011,02,13,6,917.08326
2011,02,13,7,917.50798
2011,02,14,0,917.6033
2011,02,14,1,917.60626
2011,02,14,2,917.71289
2011,02,14,3,917.32925
2011,02,14,4,916.73714
2011,02,14,5,916.78749
2011,02,14,6,917.23974
2011,02,14,7,918.02276
2011,02,15,0,920.37735
2011,02,15,1,921.69093
2011,02,15,2,921.85009
2011,02,15,3,921.28309
2011,02,15,4,920.09563
2011,02,15,5,918.9211
2011,02,15,6,917.36477
2011,02,15,7,915.77093
2011,02,16,0,914.78431
2011,02,16,1,913.88095
2011,02,16,2,913.06733
2011,02,16,3,911.33067
2011,02,16,4,910.18997
2011,02,16,5,909.09578
2011,02,16,6,908.09035
2011,02,16,7,907.69566
2011,02,17,0,906.87574
2011,02,17,1,906.41757
2011,02,17,2,906.61518
2011,02,17,3,907.06477
2011,02,17,4,907.6996
2011,02,17,5,908.94587
2011,02,17,6,908.77603
2011,02,17,7,908.36241
2011,02,18,0,909.1618
2011,02,18,1,909.67858
2011,02,18,2,909.8347
2011,02,18,3,910.08106
2011,02,18,4,910.77017
2011,02,18,5,911.32263
2011,02,18,6,910.90602
2011,02,18,7,910.87384
2011,02,19,0,910.80435
2011,02,19,1,910.79243
2011,02,19,2,911.02991
2011,02,19,3,910.77851
2011,02,19,4,909.70709
2011,02,19,5,908.89833
2011,02,19,6,908.96015
2011,02,19,7,909.15275
2011,02,20,0,909.59103
2011,02,20,1,909.83351
2011,02,20,2,910.68853
2011,02,20,3,910.93638
2011,02,20,4,911.17156
2011,02,20,5,911.40004
2011,02,20,6,910.57066
2011,02,20,7,909.97201
2011,02,21,0,909.4208
2011,02,21,1,908.84818
2011,02,21,2,910.17931
2011,02,21,3,911.75907
2011,02,21,4,912.10735
2011,02,21,5,912.14202
2011,02,21,6,912.49797
2011,02,21,7,913.24431
2011,02,22,0,914.22903
2011,02,22,1,915.27717
2011,02,22,2,915.65308
2011,02,22,3,915.59209
2011,02,22,4,915.07485
2011,02,22,5,914.01696
2011,02,22,6,913.74491
2011,02,22,7,913.95495
2011,02,23,0,914.95087
2011,02,23,1,914.66092
2011,02,23,2,914.0378
2011,02,23,3,914.17834
2011,02,23,4,914.88383
2011,02,23,5,915.60539
2011,02,23,6,915.75204
2011,02,23,7,914.94274
2011,02,24,0,914.4879
2011,02,24,1,914.48864
2011,02,24,2,915.14078
2011,02,24,3,916.25787
2011,02,24,4,917.76378
2011,02,24,5,919.30028
2011,02,24,6,920.63785
2011,02,24,7,921.29663
2011,02,25,0,920.54126
2011,02,25,1,919.54962
2011,02,25,2,919.49767
2011,02,25,3,919.62203
2011,02,25,4,918.8461
2011,02,25,5,917.88988
2011,02,25,6,916.98418
2011,02,25,7,916.03585
2011,02,26,0,915.37955
2011,02,26,1,914.41201
2011,02,26,2,913.41054
2011,02,26,3,912.34168
2011,02,26,4,910.93623
2011,02,26,5,910.10751
2011,02,26,6,910.00379
2011,02,26,7,909.842
2011,02,27,0,909.95343
2011,02,27,1,909.98757
2011,02,27,2,909.8514
2011,02,27,3,910.06492
2011,02,27,4,910.93935
2011,02,27,5,911.75759
2011,02,27,6,912.97937
2011,02,27,7,914.08102
2011,02,28,0,913.7009
2011,02,28,1,913.23075
2011,02,28,2,914.02557
2011,02,28,3,915.09984
2011,02,28,4,915.46346
2011,02,28,5,915.24019
2011,02,28,6,915.24866
2011,02,28,7,915.5197
2011,02,29,0,915.06961
2011,02,29,1,914.61859
2011,02,29,2,914.57282
2011,02,29,3,914.15358
2011,02,29,4,913.74237
2011,02,29,5,914.05253
2011,02,29,6,914.82504
2011,02,29,7,915.04156
2011,02,30,0,914.39909
2011,02,30,1,914.08673
2011,02,30,2,913.68215
2011,02,30,3,912.97998
2011,02,30,4,911.3378
2011,02,30,5,909.83398
2011,02,30,6,909.77296
2011,02,30,7,909.93713
2011,02,1,0,909.60219
2011,02,1,1,908.99431
2011,02,1,2,908.86659
2011,02,1,3,908.45817
2011,02,1,4,907.93782
2011,02,1,5,907.86481
2011,02,1,6,908.19405
2011,02,1,7,908.6742
2011,02,2,0,909.20913
2011,02,2,1,910.11842
2011,02,2,2,910.06038
2011,02,2,3,909.70951
2011,02,2,4,909.78167
2011,02,2,5,909.88231
2011,02,2,6,909.65289
2011,02,2,7,909.47484
2011,02,3,0,909.28614
2011,02,3,1,908.88772
2011,02,3,2,908.84749
2011,02,3,3,908.45296
2011,02,3,4,908.36724
2011,02,3,5,908.5842
2011,02,3,6,908.6159
2011,02,3,7,909.2274
2011,02,4,0,909.38933
2011,02,4,1,909.31049
2011,02,4,2,909.90757
2011,02,4,3,910.21747
2011,02,4,4,910.34532
2011,02,4,5,911.0496
2011,02,4,6,911.21249
2011,02,4,7,911.66741
2011,02,5,0,912.41742
2011,02,5,1,912.91224
2011,02,5,2,913.02539
2011,02,5,3,912.65775
2011,02,5,4,912.27258
2011,02,5,5,911.71395
2011,02,5,6,910.85301
2011,02,5,7,909.97733
2011,02,6,0,908.87859
2011,02,6,1,907.78533
2011,02,6,2,907.94831
2011,02,6,3,907.97936
2011,02,6,4,907.03927
2011,02,6,5,906.40176
2011,02,6,6,906.01476
2011,02,6,7,906.61415
2011,02,7,0,906.77517
2011,02,7,1,906.49961
2011,02,7,2,908.14926
2011,02,7,3,910.08419
2011,02,7,4,912.03657
2011,02,7,5,913.5021
2011,02,7,6,914.23666
2011,02,7,7,914.14851
2011,02,8,0,913.75588
2011,02,8,1,913.52652
2011,02,8,2,913.64751
2011,02,8,3,913.30635
2011,02,8,4,912.89094
2011,02,8,5,912.97136
2011,02,8,6,913.31436
2011,02,8,7,913.45563
2011,02,9,0,913.27242
2011,02,9,1,913.5268
2011,02,9,2,913.50726
2011,02,9,3,913.29931
2011,02,9,4,915.62224
2011,02,9,5,917.81191
2011,02,9,6,918.22239
2011,02,9,7,918.5596
2011,02,10,0,918.84987
2011,02,10,1,919.06721
2011,02,10,2,918.12494
2011,02,10,3,917.51924
2011,02,10,4,918.3017
2011,02,10,5,918.3685
2011,02,10,6,916.19113
2011,02,10,7,913.64539
2011,02,11,0,912.81114
2011,02,11,1,912.06808
2011,02,11,2,911.60433
2011,02,11,3,911.06441
2011,02,11,4,910.73835
2011,02,11,5,910.4392
2011,02,11,6,909.61223
2011,02,11,7,909.02869
2011,02,12,0,908.76238
2011,02,12,1,908.42553
2011,02,12,2,909.1252
2011,02,12,3,909.52446
2011,02,12,4,909.77038
2011,02,12,5,909.63384
2011,02,12,6,908.97085
2011,02,12,7,908.55962
2011,02,13,0,909.57079
2011,02,13,1,910.78552
2011,02,13,2,911.52992
2011,02,13,3,911.57886
2011,02,13,4,912.72284
2011,02,13,5,913.53172
2011,02,13,6,913.07092
2011,02,13,7,912.76556
2011,02,14,0,912.11327
2011,02,14,1,911.32621
2011,02,14,2,911.14177
2011,02,14,3,911.43583
2011,02,14,4,912.17024
2011,02,14,5,911.90953
2011,02,14,6,911.25917
2011,02,14,7,910.63783
2011,02,15,0,909.30572
2011,02,15,1,909.2663
2011,02,15,2,909.45469
2011,02,15,3,909.50988
2011,02,15,4,910.62118
2011,02,15,5,910.68566
2011,02,15,6,911.207
2011,02,15,7,910.60507
2011,02,16,0,909.52534
2011,02,16,1,908.56737
2011,02,16,2,908.74322
2011,02,16,3,909.15441
2011,02,16,4,909.05214
2011,02,16,5,908.92974
2011,02,16,6,908.94039
2011,02,16,7,908.80368
2011,02,17,0,908.5271
2011,02,17,1,907.87339
2011,02,17,2,908.27808
2011,02,17,3,908.76144
2011,02,17,4,908.41704
2011,02,17,5,907.72208
2011,02,17,6,907.44389
2011,02,17,7,907.30494
2011,02,18,0,906.53369
2011,02,18,1,905.15458
2011,02,18,2,904.93773
2011,02,18,3,905.0135
2011,02,18,4,905.0777
2011,02,18,5,905.44236
2011,02,18,6,905.84163
2011,02,18,7,905.66063
2011,02,19,0,905.33036
2011,02,19,1,905.09168
2011,02,19,2,904.88536
2011,02,19,3,904.68363
2011,02,19,4,904.36119
2011,02,19,5,904.05469
2011,02,19,6,904.34886
2011,02,19,7,903.96593
2011,02,20,0,902.10823
2011,02,20,1,901.75961
2011,02,20,2,903.87163
2011,02,20,3,905.9657
2011,02,20,4,908.72172
2011,02,20,5,910.90309
2011,02,20,6,912.57826
2011,02,20,7,913.24814
2011,02,21,0,912.02044
2011,02,21,1,910.51045
2011,02,21,2,909.18506
2011,02,21,3,907.92318
2011,02,21,4,906.52632
2011,02,21,5,905.4086
2011,02,21,6,903.30324
2011,02,21,7,902.49956
2011,02,22,0,903.83849
2011,02,22,1,904.82352
2011,02,22,2,906.74563
2011,02,22,3,908.8701
2011,02,22,4,909.7574
2011,02,22,5,910.13428
2011,02,22,6,910.33938
2011,02,22,7,909.82481
2011,02,23,0,910.00795
2011,02,23,1,910.61413
2011,02,23,2,909.98634
2011,02,23,3,909.52369
2011,02,23,4,909.07422
2011,02,23,5,908.57261
2011,02,23,6,908.63625
2011,02,23,7,908.7379
2011,02,24,0,909.02155
2011,02,24,1,909.79475
2011,02,24,2,909.39891
2011,02,24,3,908.66361
2011,02,24,4,910.01555
2011,02,24,5,911.08913
2011,02,24,6,911.14839
2011,02,24,7,911.00885
2011,02,25,0,910.80073
2011,02,25,1,910.57156
2011,02,25,2,910.11875
2011,02,25,3,909.26948
2011,02,25,4,908.97411
2011,02,25,5,908.9231
2011,02,25,6,907.93341
2011,02,25,7,906.24882
2011,02,26,0,904.77477
2011,02,26,1,903.23918
2011,02,26,2,901.72876
2011,02,26,3,901.20305
2011,02,26,4,903.14624
2011,02,26,5,907.18016
2011,02,26,6,911.84145
2011,02,26,7,914.55128
2011,02,27,0,915.04182
2011,02,27,1,914.11994
2011,02,27,2,913.01136
2011,02,27,3,910.45241
2011,02,27,4,908.00022
2011,02,27,5,907.4486
2011,02,27,6,908.13715
2011,02,27,7,909.49687
2011,02,28,0,910.35664
2011,02,28,1,910.63871
2011,02,28,2,911.25255
2011,02,28,3,911.59724
2011,02,28,4,911.2322
2011,02,28,5,910.48962
2011,02,28,6,911.05221
2011,02,28,7,911.31894
2011,02,29,0,910.9132
2011,02,29,1,910.12517
2011,02,29,2,910.04808
2011,02,29,3,910.16327
2011,02,29,4,910.2572
2011,02,29,5,910.32087
2011,02,29,6,909.87782
2011,02,29,7,909.83307
2011,02,30,0,911.07897
2011,02,30,1,911.41706
2011,02,30,2,912.21989
2011,02,30,3,913.84592
2011,02,30,4,913.76883
2011,02,30,5,914.05163
2011,02,30,6,915.25463
2011,02,30,7,916.68359
2011,02,31,0,917.18461
2011,02,31,1,917.78413
2011,02,31,2,918.17072
2011,02,31,3,918.92062
2011,02,31,4,919.70692
2011,02,31,5,920.18623
2011,02,31,6,919.64139
2011,02,31,7,919.24487
2011,02,1,0,919.19432
2011,02,1,1,919.01867
2011,02,1,2,918.89915
2011,02,1,3,917.89298
2011,02,1,4,916.86915
2011,02,1,5,916.43025
2011,02,1,6,915.2671
2011,02,1,7,914.24085
2011,02,2,0,913.45414
2011,02,2,1,913.51917
2011,02,2,2,913.84057
2011,02,2,3,913.26086
2011,02,2,4,912.08499
2011,02,2,5,912.17131
2011,02,2,6,913.50739
2011,02,2,7,914.70947
2011,02,3,0,915.16447
2011,02,3,1,915.34175
2011,02,3,2,915.76169
2011,02,3,3,915.70963
2011,02,3,4,914.45293
2011,02,3,5,913.76101
2011,02,3,6,913.64493
2011,02,3,7,913.76494
2011,02,4,0,914.25609
2011,02,4,1,914.59134
2011,02,4,2,915.76156
2011,02,4,3,916.5258
2011,02,4,4,917.31204
2011,02,4,5,917.62263
2011,02,4,6,917.12829
2011,02,4,7,917.22416
2011,02,5,0,916.83048
2011,02,5,1,915.61231
2011,02,5,2,915.1571
2011,02,5,3,914.9728
2011,02,5,4,915.50596
2011,02,5,5,915.26747
2011,02,5,6,914.03688
2011,02,5,7,912.94457
2011,02,6,0,912.77079
2011,02,6,1,912.36798
2011,02,6,2,912.01875
2011,02,6,3,911.96645
2011,02,6,4,913.06457
2011,02,6,5,913.08678
2011,02,6,6,911.28282
2011,02,6,7,909.57181
2011,02,7,0,908.77205
2011,02,7,1,907.30577
2011,02,7,2,905.15313
2011,02,7,3,904.39235
2011,02,7,4,907.664
2011,02,7,5,908.03876
2011,02,7,6,908.6842
2011,02,7,7,909.43062
2011,02,8,0,909.12322
2011,02,8,1,909.20169
2011,02,8,2,910.51175
2011,02,8,3,911.40506
2011,02,8,4,911.08752
2011,02,8,5,911.09968
2011,02,8,6,911.32112
2011,02,8,7,911.45364
2011,02,9,0,911.6846
2011,02,9,1,911.8471
2011,02,9,2,912.24594
2011,02,9,3,912.60067
2011,02,9,4,913.38392
2011,02,9,5,915.20818
2011,02,9,6,917.25227
2011,02,9,7,919.04907
2011,02,10,0,919.90744
2011,02,10,1,920.26978
2011,02,10,2,921.53067
2011,02,10,3,922.4905
2011,02,10,4,923.12334
2011,02,10,5,923.9006
2011,02,10,6,923.43832
2011,02,10,7,922.34651
2011,02,11,0,921.12964
2011,02,11,1,920.08613
2011,02,11,2,920.6283
2011,02,11,3,921.03602
2011,02,11,4,920.53232
2011,02,11,5,919.9187
2011,02,11,6,919.19413
2011,02,11,7,918.04423
2011,02,12,0,915.84401
2011,02,12,1,913.72891
2011,02,12,2,913.09147
2011,02,12,3,912.98955
2011,02,12,4,912.98787
2011,02,12,5,912.81693
2011,02,12,6,912.41201
2011,02,12,7,912.33072
2011,02,13,0,912.4853
2011,02,13,1,912.5108
2011,02,13,2,913.44008
2011,02,13,3,914.93781
2011,02,13,4,915.97609
2011,02,13,5,915.72279
2011,02,13,6,914.67899
2011,02,13,7,914.70461
2011,02,14,0,914.43789
2011,02,14,1,915.60017
2011,02,14,2,917.07159
2011,02,14,3,917.31519
2011,02,14,4,917.80638
2011,02,14,5,919.15085
2011,02,14,6,920.2417
2011,02,14,7,921.11955
2011,02,15,0,919.74847
2011,02,15,1,918.5747
2011,02,15,2,919.3938
2011,02,15,3,920.86732
2011,02,15,4,922.38944
2011,02,15,5,922.38147
2011,02,15,6,923.13519
2011,02,15,7,923.60041
2011,02,16,0,924.34165
2011,02,16,1,924.96558
2011,02,16,2,923.34656
2011,02,16,3,921.43452
2011,02,16,4,922.26808
2011,02,16,5,922.47991
2011,02,16,6,922.78286
2011,02,16,7,922.35476
2011,02,17,0,920.86373
2011,02,17,1,919.21745
2011,02,17,2,918.0528
2011,02,17,3,917.73966
2011,02,17,4,917.29508
2011,02,17,5,917.00281
2011,02,17,6,916.38836
2011,02,17,7,915.94956
2011,02,18,0,916.1331
2011,02,18,1,916.75429
2011,02,18,2,917.2816
2011,02,18,3,918.14393
2011,02,18,4,919.12002
2011,02,18,5,919.36749
2011,02,18,6,920.18182
2011,02,18,7,921.3954
2011,02,19,0,922.33628
2011,02,19,1,923.25544
2011,02,19,2,924.33637
2011,02,19,3,925.29737
2011,02,19,4,925.44407
2011,02,19,5,925.57296
2011,02,19,6,925.86622
2011,02,19,7,925.79083
2011,02,20,0,925.69305
2011,02,20,1,925.45089
2011,02,20,2,924.33439
2011,02,20,3,923.37354
2011,02,20,4,922.66138
2011,02,20,5,921.91444
2011,02,20,6,920.5274
2011,02,20,7,919.04977
2011,02,21,0,916.14316
2011,02,21,1,912.60055
2011,02,21,2,910.17885
2011,02,21,3,908.36902
2011,02,21,4,907.69417
2011,02,21,5,908.04077
2011,02,21,6,907.99454
2011,02,21,7,908.14595
2011,02,22,0,907.58047
2011,02,22,1,907.65983
2011,02,22,2,909.40358
2011,02,22,3,911.35124
2011,02,22,4,913.80189
2011,02,22,5,916.65618
2011,02,22,6,918.69115
2011,02,22,7,919.49419
2011,02,23,0,918.77153
2011,02,23,1,917.41295
2011,02,23,2,917.77187
2011,02,23,3,917.93625
2011,02,23,4,918.1624
2011,02,23,5,918.51309
2011,02,23,6,919.2245
2011,02,23,7,920.09551
2011,02,24,0,920.23041
2011,02,24,1,919.91877
2011,02,24,2,920.66109
2011,02,24,3,921.3577
2011,02,24,4,921.47007
2011,02,24,5,920.76513
2011,02,24,6,918.73804
2011,02,24,7,915.70434
2011,02,25,0,911.7872
2011,02,25,1,908.26335
2011,02,25,2,905.0902
2011,02,25,3,902.1313
2011,02,25,4,902.4036
2011,02,25,5,906.28878
2011,02,25,6,909.53114
2011,02,25,7,912.44846
2011,02,26,0,915.95202
2011,02,26,1,918.41829
2011,02,26,2,919.34492
2011,02,26,3,918.34529
2011,02,26,4,918.70039
2011,02,26,5,917.89106
2011,02,26,6,914.0887
2011,02,26,7,910.72249
2011,02,27,0,908.43194
2011,02,27,1,906.3384
2011,02,27,2,905.78729
2011,02,27,3,906.18395
2011,02,27,4,907.15381
2011,02,27,5,908.29331
2011,02,27,6,910.29497
2011,02,27,7,911.48521
2011,02,28,0,911.29261
2011,02,28,1,909.87445
2011,02,28,2,909.85563
2011,02,28,3,910.50924
2011,02,28,4,910.79629
2011,02,28,5,910.81451
2011,02,28,6,910.58651
2011,02,28,7,909.9521
2011,02,29,0,909.16254
2011,02,29,1,908.25253
2011,02,29,2,907.92785
2011,02,29,3,907.37057
2011,02,29,4,907.26768
2011,02,29,5,907.57756
2011,02,29,6,906.80011
2011,02,29,7,906.6916
2011,02,30,0,907.58869
2011,02,30,1,907.66844
2011,02,30,2,908.56513
2011,02,30,3,910.27508
2011,02,30,4,910.14753
2011,02,30,5,910.26017
2011,02,30,6,910.84407
2011,02,30,7,911.89645
2011,02,1,0,912.20139
2011,02,1,1,912.05125
2011,02,1,2,912.4082
2011,02,1,3,912.73651
2011,02,1,4,913.34989
2011,02,1,5,914.00606
2011,02,1,6,913.84419
2011,02,1,7,913.58408
2011,02,2,0,913.56871
2011,02,2,1,913.38911
2011,02,2,2,912.64403
2011,02,2,3,911.48269
2011,02,2,4,911.19841
2011,02,2,5,910.85753
2011,02,2,6,910.70564
2011,02,2,7,910.40553
2011,02,3,0,910.03734
2011,02,3,1,909.60869
2011,02,3,2,910.35836
2011,02,3,3,910.32536
2011,02,3,4,910.77856
2011,02,3,5,911.83958
2011,02,3,6,911.30306
2011,02,3,7,910.56064
2011,02,4,0,910.93876
2011,02,4,1,910.36343
2011,02,4,2,911.4885
2011,02,4,3,911.94769
2011,02,4,4,911.37689
2011,02,4,5,910.66286
2011,02,4,6,910.15776
2011,02,4,7,908.48124
2011,02,5,0,906.21311
2011,02,5,1,907.19114
2011,02,5,2,909.00083
2011,02,5,3,909.77412
2011,02,5,4,909.30176
2011,02,5,5,908.17491
2011,02,5,6,907.30063
2011,02,5,7,907.11696
2011,02,6,0,906.19659
2011,02,6,1,906.08034
2011,02,6,2,905.45603
2011,02,6,3,905.70476
2011,02,6,4,907.78628
2011,02,6,5,910.04882
2011,02,6,6,909.43062
2011,02,6,7,908.90002
2011,02,7,0,912.26744
2011,02,7,1,914.11469
2011,02,7,2,914.87609
2011,02,7,3,914.69386
2011,02,7,4,915.22227
2011,02,7,5,916.36298
2011,02,7,6,916.81469
2011,02,7,7,918.17192
2011,02,8,0,918.33325
2011,02,8,1,918.15298
2011,02,8,2,917.51315
2011,02,8,3,917.05994
2011,02,8,4,916.58163
2011,02,8,5,915.30225
2011,02,8,6,915.09396
2011,02,8,7,914.96669
2011,02,9,0,915.53668
2011,02,9,1,917.18837
2011,02,9,2,916.86095
2011,02,9,3,915.50892
2011,02,9,4,915.21656
2011,02,9,5,914.95565
2011,02,9,6,914.35678
2011,02,9,7,914.41393
2011,02,10,0,914.43705
2011,02,10,1,914.72941
2011,02,10,2,914.95869
2011,02,10,3,914.68337
2011,02,10,4,915.29509
2011,02,10,5,915.50644
2011,02,10,6,915.91676
2011,02,10,7,916.54427
2011,02,11,0,915.82838
2011,02,11,1,914.5467
2011,02,11,2,912.71001
2011,02,11,3,910.384
2011,02,11,4,907.67149
2011,02,11,5,907.54348
2011,02,11,6,908.29223
2011,02,11,7,908.52269
2011,02,12,0,908.32468
2011,02,12,1,909.13191
2011,02,12,2,909.58837
2011,02,12,3,911.60216
2011,02,12,4,913.72097
2011,02,12,5,914.12045
2011,02,12,6,914.65709
2011,02,12,7,916.54331
2011,02,13,0,916.98733
2011,02,13,1,917.20103
2011,02,13,2,919.06963
2011,02,13,3,920.88815
2011,02,13,4,921.81081
2011,02,13,5,921.46396
2011,02,13,6,921.0138
2011,02,13,7,919.8056
2011,02,14,0,917.07971
2011,02,14,1,914.63146
2011,02,14,2,912.91622
2011,02,14,3,910.61706
2011,02,14,4,909.08887
2011,02,14,5,907.88824
2011,02,14,6,907.1543
2011,02,14,7,906.37398
2011,02,15,0,905.45608
2011,02,15,1,904.37322
2011,02,15,2,904.38175
2011,02,15,3,904.82607
2011,02,15,4,904.98324
2011,02,15,5,906.087
2011,02,15,6,907.55938
2011,02,15,7,908.70722
2011,02,16,0,908.83873
2011,02,16,1,909.40701
2011,02,16,2,910.91369
2011,02,16,3,913.01579
2011,02,16,4,914.54592
2011,02,16,5,915.87212
2011,02,16,6,918.17402
2011,02,16,7,919.97631
2011,02,17,0,920.60621
2011,02,17,1,920.26351
2011,02,17,2,920.63772
2011,02,17,3,920.55882
2011,02,17,4,919.70219
2011,02,17,5,918.50823
2011,02,17,6,917.84693
2011,02,17,7,917.48018
2011,02,18,0,915.65141
2011,02,18,1,914.69634
2011,02,18,2,916.54729
2011,02,18,3,918.46537
2011,02,18,4,918.43342
2011,02,18,5,917.74066
2011,02,18,6,916.58593
2011,02,18,7,915.17471
2011,02,19,0,913.975
2011,02,19,1,913.62817
2011,02,19,2,914.36876
2011,02,19,3,914.59204
2011,02,19,4,914.76907
2011,02,19,5,915.2665
2011,02,19,6,915.45247
2011,02,19,7,916.03217
2011,02,20,0,916.4454
2011,02,20,1,917.06713
2011,02,20,2,918.18258
2011,02,20,3,919.41832
2011,02,20,4,919.92248
2011,02,20,5,919.71728
2011,02,20,6,919.99695
2011,02,20,7,920.45914
2011,02,21,0,921.04553
2011,02,21,1,922.18466
2011,02,21,2,923.99693
2011,02,21,3,925.93889
2011,02,21,4,926.94595
2011,02,21,5,927.22717
2011,02,21,6,926.24561
2011,02,21,7,925.02854
2011,02,22,0,923.96241
2011,02,22,1,922.17714
2011,02,22,2,920.10818
2011,02,22,3,916.84075
2011,02,22,4,913.61537
2011,02,22,5,912.44602
2011,02,22,6,911.36733
2011,02,22,7,909.98192
2011,02,23,0,909.01832
2011,02,23,1,909.24174
2011,02,23,2,910.43561
2011,02,23,3,911.35457
2011,02,23,4,912.57418
2011,02,23,5,913.85243
2011,02,23,6,915.03003
2011,02,23,7,915.50546
2011,02,24,0,915.93845
2011,02,24,1,916.54119
2011,02,24,2,917.28103
2011,02,24,3,918.25858
2011,02,24,4,919.32492
2011,02,24,5,920.49572
2011,02,24,6,921.38891
2011,02,24,7,922.62639
2011,02,25,0,922.28823
2011,02,25,1,922.13257
2011,02,25,2,923.69614
2011,02,25,3,924.48758
2011,02,25,4,924.14201
2011,02,25,5,923.27927
2011,02,25,6,921.90163
2011,02,25,7,920.1592
2011,02,26,0,918.81997
2011,02,26,1,917.89256
2011,02,26,2,917.29056
2011,02,26,3,916.49854
2011,02,26,4,917.67407
2011,02,26,5,920.07949
2011,02,26,6,923.52174
2011,02,26,7,927.52829
2011,02,27,0,929.1188
2011,02,27,1,929.24421
2011,02,27,2,929.97927
2011,02,27,3,933.18552
2011,02,27,4,933.88888
2011,02,27,5,934.45457
2011,02,27,6,933.97277
2011,02,27,7,933.16753
2011,02,28,0,934.02663
2011,02,28,1,934.39023
2011,02,28,2,934.52188
2011,02,28,3,934.27722
2011,02,28,4,934.73643
2011,02,28,5,934.83642
2011,02,28,6,933.99166
2011,02,28,7,932.86089
2011,02,29,0,932.48321
2011,02,29,1,932.02361
2011,02,29,2,929.9554
2011,02,29,3,926.9057
2011,02,29,4,924.94274
2011,02,29,5,924.14396
2011,02,29,6,924.96381
2011,02,29,7,926.6037
2011,02,30,0,925.74985
2011,02,30,1,925.00886
2011,02,30,2,926.21054
2011,02,30,3,926.73526
2011,02,30,4,926.32855
2011,02,30,5,926.37265
2011,02,30,6,927.68715
2011,02,30,7,928.91286
2011,02,31,0,929.12438
2011,02,31,1,929.13716
2011,02,31,2,929.8221
2011,02,31,3,931.26738
2011,02,31,4,932.17687
2011,02,31,5,932.66254
2011,02,31,6,933.39733
2011,02,31,7,963.15932
2011,02,1,0,964.08241
2011,02,1,1,964.03955
2011,02,1,2,963.59725
2011,02,1,3,963.84961
2011,02,1,4,963.90905
2011,02,1,5,963.50217
2011,02,1,6,964.36245
2011,02,1,7,964.76648
2011,02,2,0,964.83307
2011,02,2,1,964.21456
2011,02,2,2,962.69175
2011,02,2,3,961.12322
2011,02,2,4,962.00715
2011,02,2,5,963.76585
2011,02,2,6,961.98737
2011,02,2,7,960.41046
2011,02,3,0,961.00504
2011,02,3,1,961.36322
2011,02,3,2,961.399
2011,02,3,3,934.7849
2011,02,3,4,932.41651
2011,02,3,5,929.69291
2011,02,3,6,928.61198
2011,02,3,7,927.24343
2011,02,4,0,925.2145
2011,02,4,1,923.66419
2011,02,4,2,923.08214
2011,02,4,3,922.26116
2011,02,4,4,920.58265
2011,02,4,5,919.33339
2011,02,4,6,919.73377
2011,02,4,7,919.91674
2011,02,5,0,919.75238
2011,02,5,1,919.42722
2011,02,5,2,918.9987
2011,02,5,3,917.60378
2011,02,5,4,913.67552
2011,02,5,5,909.53846
2011,02,5,6,909.44366
2011,02,5,7,910.93518
2011,02,6,0,911.85926
2011,02,6,1,912.39021
2011,02,6,2,912.31868
2011,02,6,3,913.52376
2011,02,6,4,916.01936
2011,02,6,5,917.71913
2011,02,6,6,918.94323
2011,02,6,7,919.20229
2011,02,7,0,918.20466
2011,02,7,1,917.54927
2011,02,7,2,919.73258
2011,02,7,3,921.11761
2011,02,7,4,919.51311
2011,02,7,5,918.19486
2011,02,7,6,916.74669
2011,02,7,7,916.0822
2011,02,8,0,916.6568
2011,02,8,1,917.32651
2011,02,8,2,918.76339
2011,02,8,3,919.63645
2011,02,8,4,919.66831
2011,02,8,5,919.2881
2011,02,8,6,918.77659
2011,02,8,7,918.40455
2011,02,9,0,917.90846
2011,02,9,1,918.12123
2011,02,9,2,917.99937
2011,02,9,3,918.23424
2011,02,9,4,918.51566
2011,02,9,5,919.08029
2011,02,9,6,920.26311
2011,02,9,7,920.85615
2011,02,10,0,920.35261
2011,02,10,1,919.72711
2011,02,10,2,919.74505
2011,02,10,3,919.18729
2011,02,10,4,918.66377
2011,02,10,5,917.52328
2011,02,10,6,917.2183
2011,02,10,7,917.03772
2011,02,11,0,915.81471
2011,02,11,1,914.34809
2011,02,11,2,911.92636
2011,02,11,3,911.4374
2011,02,11,4,911.96783
2011,02,11,5,911.14379
2011,02,11,6,910.52103
2011,02,11,7,910.0224
2011,02,12,0,910.02395
2011,02,12,1,909.77439
2011,02,12,2,909.99023
2011,02,12,3,911.89894
2011,02,12,4,913.81214
2011,02,12,5,916.52068
2011,02,12,6,919.62544
2011,02,12,7,921.90912
2011,02,13,0,922.8822
2011,02,13,1,923.90657
2011,02,13,2,925.68814
2011,02,13,3,926.50928
2011,02,13,4,927.33459
2011,02,13,5,928.16252
2011,02,13,6,927.3943
2011,02,13,7,926.25612
2011,02,14,0,926.64549
2011,02,14,1,926.75239
2011,02,14,2,925.11982
2011,02,14,3,922.99509
2011,02,14,4,920.93654
2011,02,14,5,918.75058
2011,02,14,6,917.79448
2011,02,14,7,917.13637
2011,02,15,0,916.53095
2011,02,15,1,915.97683
2011,02,15,2,916.07305
2011,02,15,3,916.03878
2011,02,15,4,915.05857
2011,02,15,5,914.16653
2011,02,15,6,914.20729
2011,02,15,7,914.0726
2011,02,16,0,914.13992
2011,02,16,1,914.1649
2011,02,16,2,913.98378
2011,02,16,3,913.17236
2011,02,16,4,912.35575
2011,02,16,5,911.66283
2011,02,16,6,911.33129
2011,02,16,7,910.83401
2011,02,17,0,909.83384
2011,02,17,1,908.22434
2011,02,17,2,907.12484
2011,02,17,3,906.52433
2011,02,17,4,906.59429
2011,02,17,5,906.83338
2011,02,17,6,907.98739
2011,02,17,7,908.45824
2011,02,18,0,908.67057
2011,02,18,1,908.83111
2011,02,18,2,908.88778
2011,02,18,3,908.99628
2011,02,18,4,908.57436
2011,02,18,5,908.67964
2011,02,18,6,910.03198
2011,02,18,7,911.40554
2011,02,19,0,911.73388
2011,02,19,1,912.34938
2011,02,19,2,913.80669
2011,02,19,3,914.75501
2011,02,19,4,914.95531
2011,02,19,5,914.9188
2011,02,19,6,914.95414
2011,02,19,7,915.00444
2011,02,20,0,913.39413
2011,02,20,1,912.34271
2011,02,20,2,913.08827
2011,02,20,3,914.59995
2011,02,20,4,917.75156
2011,02,20,5,917.83655
2011,02,20,6,913.84995
2011,02,20,7,910.90452
2011,02,21,0,909.40587
2011,02,21,1,909.77172
2011,02,21,2,909.04485
2011,02,21,3,908.31827
2011,02,21,4,909.65589
2011,02,21,5,909.83894
2011,02,21,6,909.23183
2011,02,21,7,908.15579
2011,02,22,0,908.47496
2011,02,22,1,909.22529
2011,02,22,2,909.0323
2011,02,22,3,907.48038
2011,02,22,4,906.57557
2011,02,22,5,908.40792
2011,02,22,6,909.94684
2011,02,22,7,909.59865
2011,02,23,0,908.52135
2011,02,23,1,908.06846
2011,02,23,2,908.92494
2011,02,23,3,909.19926
2011,02,23,4,909.52021
2011,02,23,5,910.56026
2011,02,23,6,911.44765
2011,02,23,7,912.48279
2011,02,24,0,912.33705
2011,02,24,1,912.84691
2011,02,24,2,914.27092
2011,02,24,3,914.31783
2011,02,24,4,914.40544
2011,02,24,5,914.4149
2011,02,24,6,914.98096
2011,02,24,7,915.97193
2011,02,25,0,915.04576
2011,02,25,1,914.27408
2011,02,25,2,915.12392
2011,02,25,3,915.88961
2011,02,25,4,915.22013
2011,02,25,5,914.45682
2011,02,25,6,915.14262
2011,02,25,7,915.77406
2011,02,26,0,915.26861
2011,02,26,1,915.44184
2011,02,26,2,915.52603
2011,02,26,3,915.62704
2011,02,26,4,917.33842
2011,02,26,5,918.8736
2011,02,26,6,918.77526
2011,02,26,7,918.33909
2011,02,27,0,918.20167
2011,02,27,1,918.20788
2011,02,27,2,917.53772
2011,02,27,3,916.83136
2011,02,27,4,917.83894
2011,02,27,5,919.43795
2011,02,27,6,920.26573
2011,02,27,7,920.82292
2011,02,28,0,924.94764
2011,02,28,1,927.51089
2011,02,28,2,926.12221
2011,02,28,3,925.29846
2011,02,28,4,923.15934
2011,02,28,5,920.74361
2011,02,28,6,920.93352
2011,02,28,7,922.42766
2011,02,29,0,920.92193
2011,02,29,1,918.63782
2011,02,29,2,917.46069
2011,02,29,3,917.00284
2011,02,29,4,912.85665
2011,02,29,5,910.0425
2011,02,29,6,911.14862
2011,02,29,7,911.61785
2011,02,30,0,910.95923
2011,02,30,1,909.9428
2011,02,30,2,910.62946
2011,02,30,3,911.80774
2011,02,30,4,911.81365
2011,02,30,5,912.03367
2011,02,30,6,914.2249
2011,02,30,7,915.83797
2011,02,31,0,916.23518
2011,02,31,1,916.8226
2011,02,31,2,918.45652
2011,02,31,3,919.0468
2011,02,31,4,917.50829
2011,02,31,5,916.27359
2011,02,31,6,917.50638
2011,02,31,7,917.65808
2011,02,1,0,915.4269
2011,02,1,1,914.52818
2011,02,1,2,915.02226
2011,02,1,3,916.18982
2011,02,1,4,917.87285
2011,02,1,5,917.95409
2011,02,1,6,918.54847
2011,02,1,7,918.97011
2011,02,2,0,918.3799
2011,02,2,1,917.44436
2011,02,2,2,917.63852
2011,02,2,3,917.82199
2011,02,2,4,916.87231
2011,02,2,5,916.23243
2011,02,2,6,916.87461
2011,02,2,7,916.92686
2011,02,3,0,916.189
2011,02,3,1,916.05161
2011,02,3,2,917.5207
2011,02,3,3,918.28846
2011,02,3,4,918.48367
2011,02,3,5,918.77181
2011,02,3,6,917.94456
2011,02,3,7,917.49889
2011,02,4,0,916.7543
2011,02,4,1,915.92526
2011,02,4,2,915.98187
2011,02,4,3,916.39304
2011,02,4,4,916.30045
2011,02,4,5,916.87231
2011,02,4,6,918.50035
2011,02,4,7,918.19487
2011,02,5,0,917.9043
2011,02,5,1,918.21311
2011,02,5,2,916.95111
2011,02,5,3,915.09926
2011,02,5,4,914.10276
2011,02,5,5,913.87765
2011,02,5,6,913.43389
2011,02,5,7,912.06231
2011,02,6,0,910.82353
2011,02,6,1,909.2352
2011,02,6,2,908.07162
2011,02,6,3,907.23041
2011,02,6,4,906.37589
2011,02,6,5,906.56001
2011,02,6,6,906.81814
2011,02,6,7,906.5968
2011,02,7,0,909.40632
2011,02,7,1,910.85983
2011,02,7,2,908.97636
2011,02,7,3,908.7822
2011,02,7,4,909.95578
2011,02,7,5,910.47832
2011,02,7,6,910.26174
2011,02,7,7,910.49303
2011,02,8,0,912.65981
2011,02,8,1,913.60161
2011,02,8,2,914.29474
2011,02,8,3,915.16181
2011,02,8,4,916.817
2011,02,8,5,918.8267
2011,02,8,6,920.66047
2011,02,8,7,922.1703
2011,02,9,0,923.56323
2011,02,9,1,923.53474
2011,02,9,2,922.8566
2011,02,9,3,922.70948
2011,02,9,4,922.2865
2011,02,9,5,921.34655
2011,02,9,6,922.05612
2011,02,9,7,922.7272
2011,02,10,0,922.81448
2011,02,10,1,922.38436
2011,02,10,2,920.72672
2011,02,10,3,919.94283
2011,02,10,4,920.44105
2011,02,10,5,920.33512
2011,02,10,6,921.21878
2011,02,10,7,921.66691
2011,02,11,0,921.50071
2011,02,11,1,921.17416
2011,02,11,2,921.17273
2011,02,11,3,920.80727
2011,02,11,4,920.36764
2011,02,11,5,919.28569
2011,02,11,6,917.65143
2011,02,11,7,916.59231
2011,02,12,0,916.96526
2011,02,12,1,917.32318
2011,02,12,2,917.34761
2011,02,12,3,916.62041
2011,02,12,4,915.7103
2011,02,12,5,915.18794
2011,02,12,6,915.37054
2011,02,12,7,915.62434
2011,02,13,0,913.95876
2011,02,13,1,912.70647
2011,02,13,2,912.6971
2011,02,13,3,912.4067
2011,02,13,4,910.79785
2011,02,13,5,909.54162
2011,02,13,6,909.56533
2011,02,13,7,909.67113
2011,02,14,0,908.31024
2011,02,14,1,907.71966
2011,02,14,2,908.95957
2011,02,14,3,909.32271
2011,02,14,4,909.6769
2011,02,14,5,910.6253
2011,02,14,6,910.93471
2011,02,14,7,911.04873
2011,02,15,0,911.8009
2011,02,15,1,912.75325
2011,02,15,2,914.32836
2011,02,15,3,915.02154
2011,02,15,4,915.2071
2011,02,15,5,915.93205
2011,02,15,6,916.32128
2011,02,15,7,916.51026
2011,02,16,0,916.58737
2011,02,16,1,916.72238
2011,02,16,2,917.082
2011,02,16,3,917.13829
2011,02,16,4,916.80171
2011,02,16,5,915.81472
2011,02,16,6,914.77754
2011,02,16,7,915.45161
2011,02,17,0,917.71875
2011,02,17,1,919.17152
2011,02,17,2,916.06334
2011,02,17,3,911.29567
2011,02,17,4,909.05792
2011,02,17,5,909.42776
2011,02,17,6,911.40664
2011,02,17,7,913.0461
2011,02,18,0,918.21021
2011,02,18,1,920.5832
2011,02,18,2,918.35339
2011,02,18,3,918.48213
2011,02,18,4,920.33575
2011,02,18,5,921.80503
2011,02,18,6,922.36595
2011,02,18,7,922.79162
2011,02,19,0,923.17767
2011,02,19,1,922.38522
2011,02,19,2,919.8402
2011,02,19,3,919.58121
2011,02,19,4,921.2462
2011,02,19,5,921.33581
2011,02,19,6,919.34309
2011,02,19,7,917.8806
2011,02,20,0,917.16986
2011,02,20,1,916.16109
2011,02,20,2,915.19985
2011,02,20,3,914.97209
2011,02,20,4,915.3449
2011,02,20,5,915.50146
2011,02,20,6,915.2973
2011,02,20,7,914.76358
2011,02,21,0,913.74835
2011,02,21,1,912.57104
2011,02,21,2,910.39992
2011,02,21,3,908.42018
2011,02,21,4,906.95687
2011,02,21,5,906.42772
2011,02,21,6,906.16605
2011,02,21,7,905.78882
2011,02,22,0,905.20334
2011,02,22,1,904.25718
2011,02,22,2,904.78997
2011,02,22,3,905.34576
2011,02,22,4,904.34649
2011,02,22,5,905.44941
2011,02,22,6,906.73953
2011,02,22,7,907.57489
2011,02,23,0,912.24109
2011,02,23,1,916.57233
2011,02,23,2,918.83613
2011,02,23,3,919.40811
2011,02,23,4,920.18415
2011,02,23,5,921.75314
2011,02,23,6,923.85756
2011,02,23,7,924.87636
2011,02,24,0,925.28907
2011,02,24,1,923.75851
2011,02,24,2,922.36488
2011,02,24,3,921.37715
2011,02,24,4,918.19143
2011,02,24,5,915.16067
2011,02,24,6,914.55873
2011,02,24,7,913.77207
2011,02,25,0,912.46956
2011,02,25,1,911.75431
2011,02,25,2,909.88576
2011,02,25,3,908.6851
2011,02,25,4,908.04357
2011,02,25,5,908.41744
2011,02,25,6,909.71899
2011,02,25,7,909.801
2011,02,26,0,911.37803
2011,02,26,1,910.66892
2011,02,26,2,908.63799
2011,02,26,3,908.96408
2011,02,26,4,911.46694
2011,02,26,5,913.29679
2011,02,26,6,914.11534
2011,02,26,7,913.7592
2011,02,27,0,914.15304
2011,02,27,1,914.07466
2011,02,27,2,913.16764
2011,02,27,3,911.48388
2011,02,27,4,908.95156
2011,02,27,5,909.1023
2011,02,27,6,911.91368
2011,02,27,7,914.53757
2011,02,28,0,914.92688
2011,02,28,1,915.22712
2011,02,28,2,916.88842
2011,02,28,3,918.27195
2011,02,28,4,917.14403
2011,02,28,5,915.41608
2011,02,28,6,914.97999
2011,02,28,7,914.63796
2011,02,29,0,915.36374
2011,02,29,1,915.37541
2011,02,29,2,915.72258
2011,02,29,3,916.41417
2011,02,29,4,916.95081
2011,02,29,5,917.47826
2011,02,29,6,917.74717
2011,02,29,7,917.13574
2011,02,30,0,917.57118
2011,02,30,1,918.13029
2011,02,30,2,917.95827
2011,02,30,3,916.84165
2011,02,30,4,917.18748
2011,02,30,5,916.70066
2011,02,30,6,916.15293
2011,02,30,7,916.29508
2011,02,1,0,916.09194
2011,02,1,1,915.26317
2011,02,1,2,916.34188
2011,02,1,3,916.81986
2011,02,1,4,915.63003
2011,02,1,5,914.18373
2011,02,1,6,913.60425
2011,02,1,7,912.69919
2011,02,2,0,912.51597
2011,02,2,1,913.25185
2011,02,2,2,913.44501
2011,02,2,3,912.85311
2011,02,2,4,913.29191
2011,02,2,5,913.74374
2011,02,2,6,913.74478
2011,02,2,7,914.62692
2011,02,3,0,916.52179
2011,02,3,1,917.69491
2011,02,3,2,918.35992
2011,02,3,3,919.11486
2011,02,3,4,919.72045
2011,02,3,5,919.65722
2011,02,3,6,920.28349
2011,02,3,7,920.35374
2011,02,4,0,920.79028
2011,02,4,1,921.09899
2011,02,4,2,920.71151
2011,02,4,3,920.6849
2011,02,4,4,921.02526
2011,02,4,5,921.26099
2011,02,4,6,920.89464
2011,02,4,7,920.55797
2011,02,5,0,920.11572
2011,02,5,1,920.44838
2011,02,5,2,920.74502
2011,02,5,3,920.58517
2011,02,5,4,919.4279
2011,02,5,5,918.47738
2011,02,5,6,919.75562
2011,02,5,7,919.88251
2011,02,6,0,919.53627
2011,02,6,1,919.47728
2011,02,6,2,919.01588
2011,02,6,3,917.62703
2011,02,6,4,916.42955
2011,02,6,5,915.14054
2011,02,6,6,913.93323
2011,02,6,7,913.40439
2011,02,7,0,912.45989
2011,02,7,1,911.57126
2011,02,7,2,912.29881
2011,02,7,3,912.35582
2011,02,7,4,911.92091
2011,02,7,5,911.83994
2011,02,7,6,912.42296
2011,02,7,7,912.24461
2011,02,8,0,911.36733
2011,02,8,1,910.93369
2011,02,8,2,911.14863
2011,02,8,3,910.68029
2011,02,8,4,909.82081
2011,02,8,5,909.46312
2011,02,8,6,909.58519
2011,02,8,7,909.95672
2011,02,9,0,909.42867
2011,02,9,1,908.75676
2011,02,9,2,909.05269
2011,02,9,3,908.89603
2011,02,9,4,908.18786
2011,02,9,5,907.67227
2011,02,9,6,907.10732
2011,02,9,7,906.47366
2011,02,10,0,906.23474
2011,02,10,1,906.36925
2011,02,10,2,906.85781
2011,02,10,3,907.31034
2011,02,10,4,907.57549
2011,02,10,5,907.60226
2011,02,10,6,907.68124
2011,02,10,7,907.71512
2011,02,11,0,907.20558
2011,02,11,1,906.62798
2011,02,11,2,907.88612
2011,02,11,3,908.86673
2011,02,11,4,908.97684
2011,02,11,5,909.5691
2011,02,11,6,909.27036
2011,02,11,7,908.3479
2011,02,12,0,907.97139
2011,02,12,1,907.87457
2011,02,12,2,907.54324
2011,02,12,3,906.66711
2011,02,12,4,904.72472
2011,02,12,5,903.17703
2011,02,12,6,903.05677
2011,02,12,7,902.20814
2011,02,13,0,901.56565
2011,02,13,1,902.03863
2011,02,13,2,901.97406
2011,02,13,3,901.26186
2011,02,13,4,901.83411
2011,02,13,5,903.22445
2011,02,13,6,904.06922
2011,02,13,7,904.97241
2011,02,14,0,904.7292
2011,02,14,1,904.551
2011,02,14,2,905.64863
2011,02,14,3,906.85528
2011,02,14,4,908.79326
2011,02,14,5,909.57458
2011,02,14,6,909.64891
2011,02,14,7,909.52884
2011,02,15,0,908.14881
2011,02,15,1,907.03118
2011,02,15,2,906.9058
2011,02,15,3,906.95587
2011,02,15,4,907.54599
2011,02,15,5,907.73733
2011,02,15,6,908.62563
2011,02,15,7,909.07966
2011,02,16,0,908.28084
2011,02,16,1,907.97387
2011,02,16,2,907.91903
2011,02,16,3,907.61828
2011,02,16,4,907.37683
2011,02,16,5,907.28905
2011,02,16,6,908.16297
2011,02,16,7,908.62593
2011,02,17,0,908.56902
2011,02,17,1,908.55478
2011,02,17,2,908.41638
2011,02,17,3,907.98717
2011,02,17,4,907.3966
2011,02,17,5,907.30278
2011,02,17,6,907.22034
2011,02,17,7,906.98983
2011,02,18,0,906.90894
2011,02,18,1,906.82844
2011,02,18,2,906.75009
2011,02,18,3,906.46381
2011,02,18,4,906.40461
2011,02,18,5,906.53437
2011,02,18,6,906.32123
2011,02,18,7,905.89731
2011,02,19,0,905.23302
2011,02,19,1,905.0628
2011,02,19,2,906.32938
2011,02,19,3,907.37215
2011,02,19,4,906.80479
2011,02,19,5,906.33952
2011,02,19,6,908.60777
2011,02,19,7,910.51329
2011,02,20,0,911.51657
2011,02,20,1,912.9706
2011,02,20,2,912.94047
2011,02,20,3,912.52604
2011,02,20,4,913.6062
2011,02,20,5,915.34573
2011,02,20,6,916.1941
2011,02,20,7,914.91258
2011,02,21,0,913.20027
2011,02,21,1,912.62159
2011,02,21,2,912.54816
2011,02,21,3,911.11633
2011,02,21,4,910.63165
2011,02,21,5,911.00861
2011,02,21,6,912.94226
2011,02,21,7,912.75599
2011,02,22,0,910.09426
2011,02,22,1,908.77931
2011,02,22,2,909.12471
2011,02,22,3,907.77291
2011,02,22,4,905.52742
2011,02,22,5,903.08617
2011,02,22,6,903.89649
2011,02,22,7,905.01916
2011,02,23,0,903.81668
2011,02,23,1,902.8351
2011,02,23,2,903.71592
2011,02,23,3,903.99766
2011,02,23,4,902.96069
2011,02,23,5,903.30305
2011,02,23,6,905.02339
2011,02,23,7,906.20127
2011,02,24,0,906.59991
2011,02,24,1,906.30986
2011,02,24,2,908.02029
2011,02,24,3,910.09121
2011,02,24,4,909.60403
2011,02,24,5,909.91229
2011,02,24,6,911.44801
2011,02,24,7,912.46699
2011,02,25,0,912.88601
2011,02,25,1,912.69763
2011,02,25,2,913.63316
2011,02,25,3,915.58999
2011,02,25,4,915.14588
2011,02,25,5,914.10355
2011,02,25,6,914.95948
2011,02,25,7,915.00546
2011,02,26,0,913.07915
2011,02,26,1,911.80322
2011,02,26,2,912.95345
2011,02,26,3,913.52337
2011,02,26,4,912.30114
2011,02,26,5,911.60624
2011,02,26,6,911.77791
2011,02,26,7,911.68561
2011,02,27,0,911.56471
2011,02,27,1,911.43324
2011,02,27,2,912.99114
2011,02,27,3,914.70977
2011,02,27,4,912.51506
2011,02,27,5,910.38279
2011,02,27,6,911.61551
2011,02,27,7,912.05494
2011,02,28,0,911.1137
2011,02,28,1,910.04919
2011,02,28,2,911.01132
2011,02,28,3,912.24629
2011,02,28,4,912.19557
2011,02,28,5,911.97123
2011,02,28,6,912.9245
2011,02,28,7,913.95071
2011,02,29,0,914.74309
2011,02,29,1,915.18487
2011,02,29,2,915.78641
2011,02,29,3,915.14298
2011,02,29,4,915.77423
2011,02,29,5,916.90023
2011,02,29,6,916.96461
2011,02,29,7,916.75592
2011,02,30,0,915.56307
2011,02,30,1,915.39722
2011,02,30,2,917.06282
2011,02,30,3,917.94895
2011,02,30,4,917.42785
2011,02,30,5,916.70887
2011,02,30,6,917.35677
2011,02,30,7,917.16638
2011,02,31,0,916.85041
2011,02,31,1,916.70039
2011,02,31,2,917.17537
2011,02,31,3,917.64988
2011,02,31,4,917.79071
2011,02,31,5,916.90843
2011,02,31,6,916.59382
2011,02,31,7,915.94045
2011,02,1,0,914.329
2011,02,1,1,913.80055
2011,02,1,2,915.18481
2011,02,1,3,916.54893
2011,02,1,4,917.03243
2011,02,1,5,917.74093
2011,02,1,6,919.86106
2011,02,1,7,921.41808
2011,02,2,0,921.00581
2011,02,2,1,920.32075
2011,02,2,2,921.65187
2011,02,2,3,922.77019
2011,02,2,4,921.70081
2011,02,2,5,920.77695
2011,02,2,6,921.95689
2011,02,2,7,923.71276
2011,02,3,0,924.81172
2011,02,3,1,924.17671
2011,02,3,2,924.59667
2011,02,3,3,925.1701
2011,02,3,4,925.85596
2011,02,3,5,926.54017
2011,02,3,6,926.41065
2011,02,3,7,926.67242
2011,02,4,0,925.97454
2011,02,4,1,924.43761
2011,02,4,2,923.9901
2011,02,4,3,923.65115
2011,02,4,4,922.29615
2011,02,4,5,921.53833
2011,02,4,6,923.05162
2011,02,4,7,924.64424
2011,02,5,0,925.92418
2011,02,5,1,926.36779
2011,02,5,2,927.78142
2011,02,5,3,928.51534
2011,02,5,4,927.12907
2011,02,5,5,926.3788
2011,02,5,6,925.07004
2011,02,5,7,923.85722
2011,02,6,0,922.32361
2011,02,6,1,921.06989
2011,02,6,2,921.25721
2011,02,6,3,920.53472
2011,02,6,4,919.21733
2011,02,6,5,918.4915
2011,02,6,6,919.00121
2011,02,6,7,919.08221
2011,02,7,0,919.15851
2011,02,7,1,919.2884
2011,02,7,2,919.99311
2011,02,7,3,920.70418
2011,02,7,4,920.15634
2011,02,7,5,918.97408
2011,02,7,6,919.61802
2011,02,7,7,919.95091
2011,02,8,0,917.88345
2011,02,8,1,916.90755
2011,02,8,2,917.94747
2011,02,8,3,918.64332
2011,02,8,4,917.00849
2011,02,8,5,915.31401
2011,02,8,6,916.5805
2011,02,8,7,918.08741
2011,02,9,0,915.64838
2011,02,9,1,912.92704
2011,02,9,2,913.80996
2011,02,9,3,914.62514
2011,02,9,4,914.57599
2011,02,9,5,914.47
2011,02,9,6,916.06059
2011,02,9,7,917.82303
2011,02,10,0,917.28436
2011,02,10,1,916.25828
2011,02,10,2,917.2156
2011,02,10,3,917.22801
2011,02,10,4,916.1929
2011,02,10,5,915.85364
2011,02,10,6,916.07486
2011,02,10,7,916.32771
2011,02,11,0,915.84869
2011,02,11,1,914.26955
2011,02,11,2,912.2678
2011,02,11,3,910.66563
2011,02,11,4,909.39598
2011,02,11,5,908.29719
2011,02,11,6,909.16095
2011,02,11,7,909.99305
2011,02,12,0,908.98873
2011,02,12,1,909.34532
2011,02,12,2,911.20796
2011,02,12,3,913.29089
2011,02,12,4,914.22573
2011,02,12,5,914.61473
2011,02,12,6,916.35772
2011,02,12,7,917.42584
2011,02,13,0,917.87702
2011,02,13,1,917.57767
2011,02,13,2,918.08377
2011,02,13,3,918.21551
2011,02,13,4,917.01981
2011,02,13,5,915.81303
2011,02,13,6,916.46408
2011,02,13,7,917.51072
2011,02,14,0,917.32482
2011,02,14,1,917.21691
2011,02,14,2,917.87244
2011,02,14,3,917.10816
2011,02,14,4,915.5084
2011,02,14,5,915.36218
2011,02,14,6,915.92559
2011,02,14,7,916.32702
2011,02,15,0,915.29028
2011,02,15,1,914.75435
2011,02,15,2,915.60668
2011,02,15,3,915.74176
2011,02,15,4,914.19323
2011,02,15,5,913.00768
2011,02,15,6,913.99351
2011,02,15,7,914.76757
2011,02,16,0,913.12625
2011,02,16,1,912.39336
2011,02,16,2,913.37021
2011,02,16,3,913.3744
2011,02,16,4,913.34687
2011,02,16,5,914.13404
2011,02,16,6,914.20282
2011,02,16,7,914.32106
2011,02,17,0,914.63719
2011,02,17,1,914.87146
2011,02,17,2,915.39412
2011,02,17,3,915.99073
2011,02,17,4,915.68319
2011,02,17,5,915.07709
2011,02,17,6,915.4936
2011,02,17,7,915.77793
2011,02,18,0,915.1878
2011,02,18,1,914.66529
2011,02,18,2,915.05445
2011,02,18,3,915.21335
2011,02,18,4,915.08023
2011,02,18,5,915.02484
2011,02,18,6,915.57051
2011,02,18,7,916.13087
2011,02,19,0,915.18686
2011,02,19,1,914.00466
2011,02,19,2,914.92006
2011,02,19,3,915.58584
2011,02,19,4,915.92954
2011,02,19,5,915.94828
2011,02,19,6,916.69019
2011,02,19,7,917.57541
2011,02,20,0,917.09696
2011,02,20,1,916.30814
2011,02,20,2,917.04997
2011,02,20,3,917.52628
2011,02,20,4,916.65725
2011,02,20,5,915.71733
2011,02,20,6,915.97055
2011,02,20,7,916.09928
2011,02,21,0,914.7912
2011,02,21,1,913.80782
2011,02,21,2,913.89445
2011,02,21,3,913.91859
2011,02,21,4,912.73825
2011,02,21,5,911.29651
2011,02,21,6,911.35813
2011,02,21,7,911.92479
2011,02,22,0,910.94392
2011,02,22,1,909.53349
2011,02,22,2,909.57234
2011,02,22,3,909.4268
2011,02,22,4,909.02074
2011,02,22,5,908.43889
2011,02,22,6,908.25158
2011,02,22,7,908.49695
2011,02,23,0,907.62996
2011,02,23,1,905.85741
2011,02,23,2,907.35819
2011,02,23,3,909.56269
2011,02,23,4,907.9664
2011,02,23,5,905.59513
2011,02,23,6,906.68783
2011,02,23,7,907.17171
2011,02,24,0,903.91305
2011,02,24,1,902.57064
2011,02,24,2,903.62014
2011,02,24,3,905.11056
2011,02,24,4,906.50582
2011,02,24,5,907.84666
2011,02,24,6,909.8004
2011,02,24,7,911.08351
2011,02,25,0,911.95329
2011,02,25,1,912.37062
2011,02,25,2,913.13323
2011,02,25,3,912.72838
2011,02,25,4,911.86589
2011,02,25,5,911.15961
2011,02,25,6,909.20402
2011,02,25,7,907.8591
2011,02,26,0,909.32325
2011,02,26,1,910.26357
2011,02,26,2,911.69486
2011,02,26,3,912.85798
2011,02,26,4,912.42679
2011,02,26,5,912.03143
2011,02,26,6,912.85609
2011,02,26,7,914.18499
2011,02,27,0,914.13339
2011,02,27,1,912.29059
2011,02,27,2,911.8805
2011,02,27,3,911.91831
2011,02,27,4,911.56153
2011,02,27,5,910.73487
2011,02,27,6,910.12559
2011,02,27,7,909.6196
2011,02,28,0,908.5072
2011,02,28,1,907.3851
2011,02,28,2,907.17169
2011,02,28,3,906.81477
2011,02,28,4,905.75487
2011,02,28,5,904.94509
2011,02,28,6,906.66221
2011,02,28,7,908.06385
2011,02,29,0,907.09975
2011,02,29,1,906.86238
2011,02,29,2,908.44822
2011,02,29,3,909.33882
2011,02,29,4,909.23947
2011,02,29,5,908.73153
2011,02,29,6,908.84931
2011,02,29,7,908.74416
2011,02,30,0,908.44792
2011,02,30,1,907.7909
2011,02,30,2,907.15314
2011,02,30,3,906.30204
2011,02,30,4,904.98908
2011,02,30,5,903.08113
2011,02,30,6,902.67882
2011,02,30,7,902.24714
2011,02,1,0,901.02915
2011,02,1,1,899.77333
2011,02,1,2,898.70979
2011,02,1,3,897.17048
2011,02,1,4,897.27479
2011,02,1,5,899.08758
2011,02,1,6,900.3661
2011,02,1,7,901.29987
2011,02,2,0,902.43218
2011,02,2,1,903.05043
2011,02,2,2,903.18868
2011,02,2,3,903.69383
2011,02,2,4,904.62933
2011,02,2,5,905.57465
2011,02,2,6,906.58693
2011,02,2,7,907.38951
2011,02,3,0,907.93909
2011,02,3,1,908.22196
2011,02,3,2,908.94896
2011,02,3,3,909.54222
2011,02,3,4,909.21871
2011,02,3,5,908.84332
2011,02,3,6,908.74675
2011,02,3,7,908.54806
2011,02,4,0,908.65757
2011,02,4,1,908.85047
2011,02,4,2,909.3165
2011,02,4,3,909.37094
2011,02,4,4,909.0466
2011,02,4,5,908.69174
2011,02,4,6,908.76579
2011,02,4,7,909.09926
2011,02,5,0,909.27589
2011,02,5,1,908.92802
2011,02,5,2,909.20909
2011,02,5,3,909.2161
2011,02,5,4,908.84699
2011,02,5,5,908.20223
2011,02,5,6,908.1447
2011,02,5,7,907.9039
2011,02,6,0,906.84548
2011,02,6,1,905.5097
2011,02,6,2,904.86194
2011,02,6,3,904.25821
2011,02,6,4,903.85982
2011,02,6,5,903.7257
2011,02,6,6,904.08733
2011,02,6,7,904.1711
2011,02,7,0,903.65795
2011,02,7,1,903.30953
2011,02,7,2,903.66496
2011,02,7,3,903.33293
2011,02,7,4,902.72887
2011,02,7,5,902.3334
2011,02,7,6,902.54145
2011,02,7,7,902.92884
2011,02,8,0,901.83594
2011,02,8,1,900.68726
2011,02,8,2,901.15061
2011,02,8,3,901.15559
2011,02,8,4,901.25583
2011,02,8,5,901.79087
2011,02,8,6,902.08818
2011,02,8,7,902.0662
2011,02,9,0,901.73523
2011,02,9,1,901.28864
2011,02,9,2,900.71628
2011,02,9,3,900.0352
2011,02,9,4,898.62397
2011,02,9,5,897.44799
2011,02,9,6,898.06141
2011,02,9,7,899.46688
2011,02,10,0,900.16242
2011,02,10,1,900.33393
2011,02,10,2,901.1967
2011,02,10,3,902.04291
2011,02,10,4,902.00395
2011,02,10,5,901.97349
2011,02,10,6,902.34436
2011,02,10,7,902.83562
2011,02,11,0,903.45369
2011,02,11,1,903.84252
2011,02,11,2,903.76658
2011,02,11,3,904.05373
2011,02,11,4,905.02275
2011,02,11,5,905.89883
2011,02,11,6,907.37857
2011,02,11,7,908.81289
2011,02,12,0,908.92355
2011,02,12,1,908.7165
2011,02,12,2,909.48052
2011,02,12,3,909.43865
2011,02,12,4,909.33798
2011,02,12,5,909.09021
2011,02,12,6,908.53955
2011,02,12,7,908.06827
2011,02,13,0,907.76497
2011,02,13,1,906.92397
2011,02,13,2,906.35614
2011,02,13,3,905.81173
2011,02,13,4,905.0516
2011,02,13,5,904.58562
2011,02,13,6,904.66615
2011,02,13,7,904.5586
2011,02,14,0,903.91557
2011,02,14,1,903.1879
2011,02,14,2,903.41122
2011,02,14,3,903.50816
2011,02,14,4,903.84122
2011,02,14,5,904.14376
2011,02,14,6,904.89691
2011,02,14,7,905.93295
2011,02,15,0,906.53183
2011,02,15,1,907.27407
2011,02,15,2,908.58377
2011,02,15,3,909.66846
2011,02,15,4,910.10202
2011,02,15,5,910.45763
2011,02,15,6,911.65028
2011,02,15,7,912.51127
2011,02,16,0,912.47728
2011,02,16,1,911.99209
2011,02,16,2,913.00474
2011,02,16,3,913.38913
2011,02,16,4,911.85757
2011,02,16,5,910.67263
2011,02,16,6,909.46312
2011,02,16,7,908.72666
2011,02,17,0,908.79841
2011,02,17,1,908.91628
2011,02,17,2,909.81951
2011,02,17,3,910.37351
2011,02,17,4,911.18299
2011,02,17,5,911.68609
2011,02,17,6,911.93412
2011,02,17,7,912.12388
2011,02,18,0,911.23422
2011,02,18,1,909.59894
2011,02,18,2,908.05903
2011,02,18,3,905.89927
2011,02,18,4,903.6458
2011,02,18,5,902.64267
2011,02,18,6,902.55725
2011,02,18,7,903.16278
2011,02,19,0,904.90801
2011,02,19,1,906.50159
2011,02,19,2,908.62053
2011,02,19,3,910.58067
2011,02,19,4,910.44958
2011,02,19,5,908.71892
2011,02,19,6,906.72338
2011,02,19,7,905.64289
2011,02,20,0,905.12956
2011,02,20,1,904.77574
2011,02,20,2,905.82149
2011,02,20,3,907.85483
2011,02,20,4,909.74717
2011,02,20,5,911.00222
2011,02,20,6,911.48112
2011,02,20,7,911.91187
2011,02,21,0,912.58531
2011,02,21,1,912.49214
2011,02,21,2,911.2968
2011,02,21,3,910.42953
2011,02,21,4,908.48709
2011,02,21,5,906.48145
2011,02,21,6,906.75125
2011,02,21,7,907.60334
2011,02,22,0,907.56325
2011,02,22,1,907.10206
2011,02,22,2,906.52922
2011,02,22,3,905.71329
2011,02,22,4,905.89479
2011,02,22,5,905.71648
2011,02,22,6,904.53811
2011,02,22,7,904.23834
2011,02,23,0,904.65904
2011,02,23,1,905.18106
2011,02,23,2,907.12078
2011,02,23,3,908.21889
2011,02,23,4,907.50451
2011,02,23,5,908.04838
2011,02,23,6,908.9883
2011,02,23,7,909.74021
2011,02,24,0,908.12011
2011,02,24,1,906.35174
2011,02,24,2,906.43636
2011,02,24,3,906.09411
2011,02,24,4,905.08628
2011,02,24,5,904.02006
2011,02,24,6,904.46005
2011,02,24,7,904.53437
2011,02,25,0,904.471
2011,02,25,1,904.2539
2011,02,25,2,904.21284
2011,02,25,3,903.85254
2011,02,25,4,902.27731
2011,02,25,5,901.02812
2011,02,25,6,901.02553
2011,02,25,7,901.53896
2011,02,26,0,902.6336
2011,02,26,1,904.11298
2011,02,26,2,905.52911
2011,02,26,3,906.93287
2011,02,26,4,908.32941
2011,02,26,5,909.16024
2011,02,26,6,909.58997
2011,02,26,7,909.30146
2011,02,27,0,909.30574
2011,02,27,1,909.44843
2011,02,27,2,908.75992
2011,02,27,3,907.45993
2011,02,27,4,907.67313
2011,02,27,5,908.08519
2011,02,27,6,908.14193
2011,02,27,7,908.49282
2011,02,28,0,909.32633
2011,02,28,1,909.76833
2011,02,28,2,910.15563
2011,02,28,3,910.24598
2011,02,28,4,909.659
2011,02,28,5,908.51175
2011,02,28,6,907.62048
2011,02,28,7,906.63171
2011,02,29,0,905.88105
2011,02,29,1,905.68937
2011,02,29,2,906.28688
2011,02,29,3,907.24004
2011,02,29,4,907.25161
2011,02,29,5,907.45916
2011,02,29,6,908.98022
2011,02,29,7,910.63336
2011,02,30,0,911.88974
2011,02,30,1,912.49146
2011,02,30,2,912.47777
2011,02,30,3,911.95358
2011,02,30,4,910.86649
2011,02,30,5,908.64774
2011,02,30,6,907.9397
2011,02,30,7,907.35807
2011,02,31,0,907.58092
2011,02,31,1,907.9458
2011,02,31,2,908.40949
2011,02,31,3,908.89637
2011,02,31,4,909.00909
2011,02,31,5,909.10216
2011,02,31,6,908.81854
2011,02,31,7,908.86293
2012,02,1,0,908.77676
2012,02,1,1,908.73457
2012,02,1,2,910.42363
2012,02,1,3,912.16316
2012,02,1,4,913.85533
2012,02,1,5,915.47533
2012,02,1,6,917.11511
2012,02,1,7,918.44484
2012,02,2,0,919.41943
2012,02,2,1,919.78857
2012,02,2,2,920.10547
2012,02,2,3,919.92607
2012,02,2,4,919.09932
2012,02,2,5,918.32951
2012,02,2,6,917.143
2012,02,2,7,915.92572
2012,02,3,0,915.05306
2012,02,3,1,914.04323
2012,02,3,2,912.66012
2012,02,3,3,911.204
2012,02,3,4,910.00115
2012,02,3,5,909.10745
2012,02,3,6,909.10641
2012,02,3,7,909.3184
2012,02,4,0,909.663
2012,02,4,1,909.77722
2012,02,4,2,909.60222
2012,02,4,3,909.39233
2012,02,4,4,909.20664
2012,02,4,5,909.06151
2012,02,4,6,908.52404
2012,02,4,7,907.79902
2012,02,5,0,907.2952
2012,02,5,1,906.70437
2012,02,5,2,907.0702
2012,02,5,3,907.56311
2012,02,5,4,907.10287
2012,02,5,5,906.7311
2012,02,5,6,906.93318
2012,02,5,7,906.92532
2012,02,6,0,906.10155
2012,02,6,1,904.75662
2012,02,6,2,904.1971
2012,02,6,3,903.91579
2012,02,6,4,903.30836
2012,02,6,5,902.69515
2012,02,6,6,903.20887
2012,02,6,7,903.88269
2012,02,7,0,903.85935
2012,02,7,1,903.67158
2012,02,7,2,904.60025
2012,02,7,3,905.87133
2012,02,7,4,906.07222
2012,02,7,5,906.58098
2012,02,7,6,906.83035
2012,02,7,7,906.96687
2012,02,8,0,907.22812
2012,02,8,1,907.10642
2012,02,8,2,907.21579
2012,02,8,3,907.27398
2012,02,8,4,907.74878
2012,02,8,5,907.85367
2012,02,8,6,906.42727
2012,02,8,7,905.90945
2012,02,9,0,906.81837
2012,02,9,1,906.87617
2012,02,9,2,905.36639
2012,02,9,3,903.92921
2012,02,9,4,902.95717
2012,02,9,5,902.43301
2012,02,9,6,902.57347
2012,02,9,7,902.57315
2012,02,10,0,902.37208
2012,02,10,1,902.62893
2012,02,10,2,904.22903
2012,02,10,3,906.34218
2012,02,10,4,907.17253
2012,02,10,5,907.91999
2012,02,10,6,909.10305
2012,02,10,7,909.81909
2012,02,11,0,910.61124
2012,02,11,1,911.01997
2012,02,11,2,911.17984
2012,02,11,3,911.42976
2012,02,11,4,911.13837
2012,02,11,5,910.24606
2012,02,11,6,908.5612
2012,02,11,7,907.60555
2012,02,12,0,908.26432
2012,02,12,1,909.2875
2012,02,12,2,908.54945
2012,02,12,3,907.771
2012,02,12,4,907.91569
2012,02,12,5,908.80326
2012,02,12,6,909.52715
2012,02,12,7,910.18563
2012,02,13,0,910.84748
2012,02,13,1,910.50802
2012,02,13,2,909.87795
2012,02,13,3,909.04167
2012,02,13,4,908.17753
2012,02,13,5,907.70293
2012,02,13,6,906.72795
2012,02,13,7,906.93343
2012,02,14,0,908.25764
2012,02,14,1,908.82075
2012,02,14,2,908.92234
2012,02,14,3,908.98389
2012,02,14,4,908.48753
2012,02,14,5,907.74952
2012,02,14,6,907.41797
2012,02,14,7,907.3906
2012,02,15,0,907.44345
2012,02,15,1,907.23166
2012,02,15,2,907.65335
2012,02,15,3,908.54043
2012,02,15,4,908.07252
2012,02,15,5,907.15692
2012,02,15,6,907.72287
2012,02,15,7,908.20409
2012,02,16,0,906.52654
2012,02,16,1,904.68307
2012,02,16,2,904.17987
2012,02,16,3,903.65517
2012,02,16,4,903.78624
2012,02,16,5,903.91688
2012,02,16,6,904.2901
2012,02,16,7,904.69707
2012,02,17,0,904.04449
2012,02,17,1,903.30895
2012,02,17,2,903.66922
2012,02,17,3,904.01143
2012,02,17,4,903.83987
2012,02,17,5,903.86368
2012,02,17,6,904.57451
2012,02,17,7,905.34361
2012,02,18,0,906.13884
2012,02,18,1,906.84659
2012,02,18,2,907.58446
2012,02,18,3,908.25179
2012,02,18,4,908.82483
2012,02,18,5,909.24573
2012,02,18,6,909.8399
2012,02,18,7,910.12986
2012,02,19,0,909.70206
2012,02,19,1,909.28643
2012,02,19,2,910.29136
2012,02,19,3,910.86383
2012,02,19,4,909.88319
2012,02,19,5,908.96225
2012,02,19,6,909.70669
2012,02,19,7,910.44623
2012,02,20,0,909.54963
2012,02,20,1,908.52645
2012,02,20,2,908.40877
2012,02,20,3,908.13152
2012,02,20,4,907.71422
2012,02,20,5,906.88866
2012,02,20,6,906.17071
2012,02,20,7,905.65917
2012,02,21,0,904.88965
2012,02,21,1,904.11111
2012,02,21,2,904.4689
2012,02,21,3,904.76567
2012,02,21,4,904.6602
2012,02,21,5,905.28216
2012,02,21,6,905.89019
2012,02,21,7,906.60156
2012,02,22,0,906.82907
2012,02,22,1,906.35784
2012,02,22,2,905.81767
2012,02,22,3,904.86613
2012,02,22,4,904.12092
2012,02,22,5,903.7114
2012,02,22,6,903.62041
2012,02,22,7,903.69809
2012,02,23,0,902.79328
2012,02,23,1,901.73366
2012,02,23,2,901.00222
2012,02,23,3,900.26941
2012,02,23,4,900.45875
2012,02,23,5,900.61909
2012,02,23,6,901.73798
2012,02,23,7,903.92124
2012,02,24,0,905.03538
2012,02,24,1,905.26906
2012,02,24,2,905.62292
2012,02,24,3,906.61262
2012,02,24,4,907.35803
2012,02,24,5,907.19199
2012,02,24,6,907.31713
2012,02,24,7,908.09916
2012,02,25,0,908.37247
2012,02,25,1,907.70338
2012,02,25,2,907.98997
2012,02,25,3,908.67469
2012,02,25,4,909.01181
2012,02,25,5,909.00059
2012,02,25,6,909.98236
2012,02,25,7,911.34961
2012,02,26,0,910.7981
2012,02,26,1,909.65175
2012,02,26,2,909.57146
2012,02,26,3,909.27969
2012,02,26,4,908.42712
2012,02,26,5,907.32453
2012,02,26,6,907.28611
2012,02,26,7,907.35121
2012,02,27,0,906.66672
2012,02,27,1,905.86942
2012,02,27,2,905.82206
2012,02,27,3,905.85815
2012,02,27,4,906.29591
2012,02,27,5,906.86418
2012,02,27,6,906.88773
2012,02,27,7,906.80918
2012,02,28,0,906.3096
2012,02,28,1,905.45213
2012,02,28,2,905.38676
2012,02,28,3,905.30281
2012,02,28,4,905.18998
2012,02,28,5,904.81239
2012,02,28,6,904.40813
2012,02,28,7,903.82726
2012,02,29,0,903.19904
2012,02,29,1,902.12438
2012,02,29,2,901.56663
2012,02,29,3,901.54004
2012,02,29,4,901.47502
2012,02,29,5,901.42856
2012,02,29,6,901.52469
2012,02,29,7,901.49398
2012,02,30,0,901.60374
2012,02,30,1,901.57675
2012,02,30,2,902.12432
2012,02,30,3,902.47339
2012,02,30,4,902.58238
2012,02,30,5,902.35948
2012,02,30,6,902.08223
2012,02,30,7,901.84056
2012,02,31,0,901.42964
2012,02,31,1,901.32305
2012,02,31,2,901.00828
2012,02,31,3,900.52314
2012,02,31,4,900.87577
2012,02,31,5,901.36174
2012,02,31,6,902.08835
2012,02,31,7,903.03988
2012,02,1,0,903.28374
2012,02,1,1,903.80548
2012,02,1,2,905.20114
2012,02,1,3,906.19522
2012,02,1,4,906.36699
2012,02,1,5,906.77325
2012,02,1,6,907.11796
2012,02,1,7,907.18387
2012,02,2,0,907.32267
2012,02,2,1,907.13905
2012,02,2,2,906.03411
2012,02,2,3,905.30406
2012,02,2,4,905.30219
2012,02,2,5,905.31347
2012,02,2,6,905.47642
2012,02,2,7,905.56109
2012,02,3,0,906.29121
2012,02,3,1,906.51713
2012,02,3,2,906.38428
2012,02,3,3,906.50954
2012,02,3,4,905.85064
2012,02,3,5,905.19689
2012,02,3,6,905.48598
2012,02,3,7,905.53969
2012,02,4,0,905.43585
2012,02,4,1,905.42244
2012,02,4,2,905.45552
2012,02,4,3,905.93528
2012,02,4,4,907.2987
2012,02,4,5,907.97796
2012,02,4,6,908.32867
2012,02,4,7,908.60725
2012,02,5,0,908.39418
2012,02,5,1,907.71978
2012,02,5,2,907.41688
2012,02,5,3,907.7927
2012,02,5,4,908.11009
2012,02,5,5,908.19788
2012,02,5,6,909.26167
2012,02,5,7,910.85532
2012,02,6,0,911.50248
2012,02,6,1,911.43548
2012,02,6,2,912.62833
2012,02,6,3,913.69072
2012,02,6,4,913.59715
2012,02,6,5,912.91119
2012,02,6,6,913.78574
2012,02,6,7,915.13486
2012,02,7,0,915.6327
2012,02,7,1,915.99414
2012,02,7,2,916.49323
2012,02,7,3,916.95366
2012,02,7,4,916.30732
2012,02,7,5,915.73178
2012,02,7,6,916.09783
2012,02,7,7,916.897
2012,02,8,0,916.61916
2012,02,8,1,916.29923
2012,02,8,2,917.32985
2012,02,8,3,917.41579
2012,02,8,4,917.26979
2012,02,8,5,917.17958
2012,02,8,6,917.54509
2012,02,8,7,917.86427
2012,02,9,0,916.70081
2012,02,9,1,916.00441
2012,02,9,2,917.19205
2012,02,9,3,918.30822
2012,02,9,4,917.69339
2012,02,9,5,916.42093
2012,02,9,6,915.93882
2012,02,9,7,915.06692
2012,02,10,0,913.83511
2012,02,10,1,912.47331
2012,02,10,2,911.59015
2012,02,10,3,909.99686
2012,02,10,4,908.24819
2012,02,10,5,906.53218
2012,02,10,6,904.95327
2012,02,10,7,903.59169
2012,02,11,0,902.99757
2012,02,11,1,902.37428
2012,02,11,2,902.78042
2012,02,11,3,904.27296
2012,02,11,4,904.99272
2012,02,11,5,905.67478
2012,02,11,6,907.07653
2012,02,11,7,907.98656
2012,02,12,0,908.23335
2012,02,12,1,908.78846
2012,02,12,2,910.10444
2012,02,12,3,911.13336
2012,02,12,4,912.26138
2012,02,12,5,913.36876
2012,02,12,6,913.9799
2012,02,12,7,914.12772
2012,02,13,0,915.21509
2012,02,13,1,915.51272
2012,02,13,2,915.41035
2012,02,13,3,915.48952
2012,02,13,4,914.38413
2012,02,13,5,913.00484
2012,02,13,6,913.04196
2012,02,13,7,913.2955
2012,02,14,0,913.88631
2012,02,14,1,914.6169
2012,02,14,2,915.35948
2012,02,14,3,915.8702
2012,02,14,4,915.7229
2012,02,14,5,915.07389
2012,02,14,6,914.99589
2012,02,14,7,914.90262
2012,02,15,0,915.03033
2012,02,15,1,914.99756
2012,02,15,2,914.37547
2012,02,15,3,913.76085
2012,02,15,4,913.00693
2012,02,15,5,912.22319
2012,02,15,6,911.91054
2012,02,15,7,911.97911
2012,02,16,0,912.50335
2012,02,16,1,913.24071
2012,02,16,2,913.83621
2012,02,16,3,914.26742
2012,02,16,4,914.58497
2012,02,16,5,914.6214
2012,02,16,6,915.32572
2012,02,16,7,916.21674
2012,02,17,0,916.96394
2012,02,17,1,917.90531
2012,02,17,2,918.6542
2012,02,17,3,919.19109
2012,02,17,4,920.21793
2012,02,17,5,921.1654
2012,02,17,6,921.23085
2012,02,17,7,920.7238
2012,02,18,0,919.2709
2012,02,18,1,917.71407
2012,02,18,2,917.10899
2012,02,18,3,916.92546
2012,02,18,4,916.16671
2012,02,18,5,915.59843
2012,02,18,6,916.40055
2012,02,18,7,917.2986
2012,02,19,0,917.14089
2012,02,19,1,917.33318
2012,02,19,2,917.2658
2012,02,19,3,916.71955
2012,02,19,4,917.41853
2012,02,19,5,918.45146
2012,02,19,6,919.77358
2012,02,19,7,919.83935
2012,02,20,0,919.32405
2012,02,20,1,919.84799
2012,02,20,2,917.51975
2012,02,20,3,915.03928
2012,02,20,4,914.7148
2012,02,20,5,914.23074
2012,02,20,6,912.66854
2012,02,20,7,910.98187
2012,02,21,0,911.01226
2012,02,21,1,911.2622
2012,02,21,2,911.4997
2012,02,21,3,911.90721
2012,02,21,4,912.66476
2012,02,21,5,913.15734
2012,02,21,6,913.75397
2012,02,21,7,914.24597
2012,02,22,0,914.17399
2012,02,22,1,913.82054
2012,02,22,2,912.78932
2012,02,22,3,911.85368
2012,02,22,4,911.44642
2012,02,22,5,911.356
2012,02,22,6,911.03644
2012,02,22,7,910.67368
2012,02,23,0,911.30765
2012,02,23,1,911.36853
2012,02,23,2,910.21553
2012,02,23,3,908.92269
2012,02,23,4,906.89966
2012,02,23,5,905.25699
2012,02,23,6,904.72631
2012,02,23,7,904.87007
2012,02,24,0,904.37091
2012,02,24,1,904.16967
2012,02,24,2,904.12506
2012,02,24,3,904.74687
2012,02,24,4,906.77507
2012,02,24,5,908.86973
2012,02,24,6,909.77097
2012,02,24,7,910.45945
2012,02,25,0,909.08049
2012,02,25,1,907.21684
2012,02,25,2,907.3145
2012,02,25,3,907.78762
2012,02,25,4,908.61357
2012,02,25,5,909.49136
2012,02,25,6,910.42155
2012,02,25,7,911.19499
2012,02,26,0,911.12642
2012,02,26,1,911.10816
2012,02,26,2,911.23851
2012,02,26,3,910.85713
2012,02,26,4,911.18381
2012,02,26,5,911.76932
2012,02,26,6,910.53614
2012,02,26,7,908.94877
2012,02,27,0,908.11575
2012,02,27,1,908.06848
2012,02,27,2,910.46415
2012,02,27,3,912.66409
2012,02,27,4,913.83218
2012,02,27,5,914.50796
2012,02,27,6,916.95612
2012,02,27,7,918.93813
2012,02,28,0,917.77935
2012,02,28,1,915.79778
2012,02,28,2,915.23226
2012,02,28,3,915.0296
2012,02,28,4,912.20956
2012,02,28,5,909.91324
2012,02,28,6,910.72731
2012,02,28,7,911.19934
2012,02,29,0,911.41973
2012,02,29,1,912.1635
2012,02,29,2,912.80137
2012,02,29,3,912.84621
2012,02,29,4,913.18468
2012,02,29,5,913.42332
2012,02,29,6,913.45073
2012,02,29,7,913.91445
2012,02,1,0,915.56805
2012,02,1,1,917.12051
2012,02,1,2,918.22161
2012,02,1,3,918.9383
2012,02,1,4,917.64755
2012,02,1,5,916.16155
2012,02,1,6,915.20291
2012,02,1,7,914.31404
2012,02,2,0,913.92001
2012,02,2,1,912.6423
2012,02,2,2,912.28049
2012,02,2,3,912.44807
2012,02,2,4,911.33665
2012,02,2,5,910.22945
2012,02,2,6,909.51173
2012,02,2,7,908.9271
2012,02,3,0,909.35117
2012,02,3,1,909.97894
2012,02,3,2,910.60678
2012,02,3,3,912.06002
2012,02,3,4,912.21404
2012,02,3,5,911.79784
2012,02,3,6,913.96681
2012,02,3,7,916.24641
2012,02,4,0,915.51132
2012,02,4,1,915.03017
2012,02,4,2,916.53119
2012,02,4,3,917.86729
2012,02,4,4,918.98772
2012,02,4,5,919.3331
2012,02,4,6,919.19756
2012,02,4,7,919.08003
2012,02,5,0,919.16359
2012,02,5,1,919.10433
2012,02,5,2,918.83763
2012,02,5,3,919.01251
2012,02,5,4,918.82789
2012,02,5,5,918.22752
2012,02,5,6,918.20577
2012,02,5,7,918.0189
2012,02,6,0,917.25746
2012,02,6,1,916.26778
2012,02,6,2,914.40063
2012,02,6,3,912.86495
2012,02,6,4,911.38262
2012,02,6,5,909.23611
2012,02,6,6,907.94037
2012,02,6,7,907.12673
2012,02,7,0,907.04149
2012,02,7,1,906.87318
2012,02,7,2,905.68804
2012,02,7,3,904.69482
2012,02,7,4,905.60312
2012,02,7,5,906.923
2012,02,7,6,906.59296
2012,02,7,7,906.316
2012,02,8,0,905.52671
2012,02,8,1,905.07242
2012,02,8,2,906.91158
2012,02,8,3,908.31339
2012,02,8,4,909.27548
2012,02,8,5,910.10991
2012,02,8,6,910.91198
2012,02,8,7,911.19178
2012,02,9,0,911.09775
2012,02,9,1,911.29548
2012,02,9,2,911.33272
2012,02,9,3,910.92256
2012,02,9,4,910.69063
2012,02,9,5,910.63663
2012,02,9,6,911.10489
2012,02,9,7,911.54394
2012,02,10,0,911.24281
2012,02,10,1,910.8747
2012,02,10,2,911.30228
2012,02,10,3,911.69961
2012,02,10,4,912.66123
2012,02,10,5,913.5979
2012,02,10,6,913.42908
2012,02,10,7,913.30953
2012,02,11,0,913.24989
2012,02,11,1,913.19917
2012,02,11,2,913.55249
2012,02,11,3,913.76157
2012,02,11,4,912.9692
2012,02,11,5,912.36319
2012,02,11,6,911.07202
2012,02,11,7,909.63354
2012,02,12,0,908.63905
2012,02,12,1,908.04169
2012,02,12,2,907.83022
2012,02,12,3,907.60594
2012,02,12,4,907.9287
2012,02,12,5,908.5212
2012,02,12,6,909.51778
2012,02,12,7,909.62629
2012,02,13,0,909.29214
2012,02,13,1,908.96524
2012,02,13,2,908.06792
2012,02,13,3,907.16006
2012,02,13,4,906.69446
2012,02,13,5,906.15801
2012,02,13,6,906.0666
2012,02,13,7,906.4746
2012,02,14,0,907.17447
2012,02,14,1,907.33044
2012,02,14,2,907.89344
2012,02,14,3,908.79282
2012,02,14,4,909.05095
2012,02,14,5,908.65983
2012,02,14,6,907.90451
2012,02,14,7,907.10185
2012,02,15,0,905.94875
2012,02,15,1,904.82103
2012,02,15,2,903.10316
2012,02,15,3,902.49753
2012,02,15,4,904.35004
2012,02,15,5,906.64779
2012,02,15,6,908.61536
2012,02,15,7,910.10436
2012,02,16,0,911.52596
2012,02,16,1,912.33672
2012,02,16,2,914.3282
2012,02,16,3,915.74662
2012,02,16,4,916.4988
2012,02,16,5,916.79404
2012,02,16,6,915.79007
2012,02,16,7,915.04841
2012,02,17,0,915.37723
2012,02,17,1,915.12993
2012,02,17,2,914.84635
2012,02,17,3,914.86997
2012,02,17,4,914.54097
2012,02,17,5,913.88946
2012,02,17,6,914.19294
2012,02,17,7,915.13696
2012,02,18,0,914.58787
2012,02,18,1,914.44464
2012,02,18,2,914.35446
2012,02,18,3,913.76344
2012,02,18,4,912.90243
2012,02,18,5,912.00704
2012,02,18,6,910.841
2012,02,18,7,909.79025
2012,02,19,0,910.37632
2012,02,19,1,910.66725
2012,02,19,2,909.79558
2012,02,19,3,909.04083
2012,02,19,4,907.98648
2012,02,19,5,906.88645
2012,02,19,6,905.48922
2012,02,19,7,903.70802
2012,02,20,0,901.52602
2012,02,20,1,901.10116
2012,02,20,2,902.46105
2012,02,20,3,903.64474
2012,02,20,4,908.25246
2012,02,20,5,912.31159
2012,02,20,6,913.58007
2012,02,20,7,914.78304
2012,02,21,0,914.74046
2012,02,21,1,914.25195
2012,02,21,2,914.83223
2012,02,21,3,914.88223
2012,02,21,4,916.55938
2012,02,21,5,919.63426
2012,02,21,6,921.41986
2012,02,21,7,921.63257
2012,02,22,0,920.92238
2012,02,22,1,919.95984
2012,02,22,2,919.8352
2012,02,22,3,920.45983
2012,02,22,4,921.58801
2012,02,22,5,921.81283
2012,02,22,6,921.09657
2012,02,22,7,919.61473
2012,02,23,0,918.30834
2012,02,23,1,916.63446
2012,02,23,2,914.36702
2012,02,23,3,912.78274
2012,02,23,4,912.2542
2012,02,23,5,911.66392
2012,02,23,6,912.67959
2012,02,23,7,913.66829
2012,02,24,0,911.63353
2012,02,24,1,908.98431
2012,02,24,2,909.01039
2012,02,24,3,909.52834
2012,02,24,4,909.98519
2012,02,24,5,909.96854
2012,02,24,6,909.51467
2012,02,24,7,908.9008
2012,02,25,0,908.29838
2012,02,25,1,908.26656
2012,02,25,2,909.08455
2012,02,25,3,909.15301
2012,02,25,4,909.48595
2012,02,25,5,909.92247
2012,02,25,6,909.96799
2012,02,25,7,909.86651
2012,02,26,0,909.16112
2012,02,26,1,908.5129
2012,02,26,2,909.30602
2012,02,26,3,910.00792
2012,02,26,4,910.03134
2012,02,26,5,909.74906
2012,02,26,6,909.20266
2012,02,26,7,909.30521
2012,02,27,0,909.00408
2012,02,27,1,908.6998
2012,02,27,2,908.9938
2012,02,27,3,909.38844
2012,02,27,4,908.9831
2012,02,27,5,909.05945
2012,02,27,6,909.92903
2012,02,27,7,911.22946
2012,02,28,0,910.65141
2012,02,28,1,909.78375
2012,02,28,2,910.6676
2012,02,28,3,911.4906
2012,02,28,4,911.62508
2012,02,28,5,911.78991
2012,02,28,6,911.7266
2012,02,28,7,912.3565
2012,02,29,0,911.88744
2012,02,29,1,911.21747
2012,02,29,2,911.60154
2012,02,29,3,912.65704
2012,02,29,4,913.00361
2012,02,29,5,912.95034
2012,02,29,6,913.36397
2012,02,29,7,913.05118
2012,02,30,0,912.05707
2012,02,30,1,911.97616
2012,02,30,2,912.50653
2012,02,30,3,912.88185
2012,02,30,4,912.88956
2012,02,30,5,913.45627
2012,02,30,6,914.90803
2012,02,30,7,915.9194
2012,02,31,0,916.23424
2012,02,31,1,916.97444
2012,02,31,2,917.75519
2012,02,31,3,918.39482
2012,02,31,4,918.92323
2012,02,31,5,918.91869
2012,02,31,6,919.06738
2012,02,31,7,919.58418
2012,02,1,0,919.49688
2012,02,1,1,918.22371
2012,02,1,2,916.78449
2012,02,1,3,916.00069
2012,02,1,4,915.46861
2012,02,1,5,915.57539
2012,02,1,6,916.39793
2012,02,1,7,916.95069
2012,02,2,0,917.66649
2012,02,2,1,918.16378
2012,02,2,2,919.15929
2012,02,2,3,919.73459
2012,02,2,4,919.23633
2012,02,2,5,918.85866
2012,02,2,6,919.3837
2012,02,2,7,919.97624
2012,02,3,0,920.45635
2012,02,3,1,920.4645
2012,02,3,2,921.13789
2012,02,3,3,921.69384
2012,02,3,4,921.6952
2012,02,3,5,921.12012
2012,02,3,6,920.75462
2012,02,3,7,920.48934
2012,02,4,0,918.89703
2012,02,4,1,917.34987
2012,02,4,2,915.95827
2012,02,4,3,914.78782
2012,02,4,4,914.37844
2012,02,4,5,914.6487
2012,02,4,6,914.646
2012,02,4,7,914.9264
2012,02,5,0,915.19596
2012,02,5,1,915.17809
2012,02,5,2,915.77955
2012,02,5,3,916.43701
2012,02,5,4,916.17191
2012,02,5,5,915.56708
2012,02,5,6,915.30156
2012,02,5,7,914.73815
2012,02,6,0,913.29446
2012,02,6,1,912.59833
2012,02,6,2,912.88145
2012,02,6,3,913.70172
2012,02,6,4,914.84972
2012,02,6,5,915.71006
2012,02,6,6,916.00482
2012,02,6,7,915.94263
2012,02,7,0,916.30008
2012,02,7,1,916.56704
2012,02,7,2,917.45966
2012,02,7,3,918.48318
2012,02,7,4,918.10931
2012,02,7,5,917.5207
2012,02,7,6,917.89297
2012,02,7,7,918.2683
2012,02,8,0,917.99848
2012,02,8,1,917.60376
2012,02,8,2,918.01701
2012,02,8,3,918.48762
2012,02,8,4,918.47525
2012,02,8,5,918.66466
2012,02,8,6,919.20233
2012,02,8,7,919.26573
2012,02,9,0,918.3822
2012,02,9,1,917.25294
2012,02,9,2,916.92084
2012,02,9,3,916.09057
2012,02,9,4,914.50946
2012,02,9,5,913.25319
2012,02,9,6,912.30847
2012,02,9,7,911.88868
2012,02,10,0,911.06771
2012,02,10,1,909.82192
2012,02,10,2,909.81125
2012,02,10,3,910.51659
2012,02,10,4,911.04838
2012,02,10,5,911.46431
2012,02,10,6,911.45377
2012,02,10,7,910.61834
2012,02,11,0,910.23301
2012,02,11,1,910.53284
2012,02,11,2,910.40812
2012,02,11,3,910.39353
2012,02,11,4,911.06428
2012,02,11,5,911.7882
2012,02,11,6,912.01107
2012,02,11,7,912.15911
2012,02,12,0,911.83445
2012,02,12,1,910.96579
2012,02,12,2,910.88477
2012,02,12,3,911.27331
2012,02,12,4,911.01265
2012,02,12,5,910.48641
2012,02,12,6,910.58758
2012,02,12,7,910.80762
2012,02,13,0,910.24298
2012,02,13,1,909.53135
2012,02,13,2,909.73966
2012,02,13,3,910.18678
2012,02,13,4,909.64381
2012,02,13,5,909.01663
2012,02,13,6,909.35673
2012,02,13,7,908.75746
2012,02,14,0,906.39108
2012,02,14,1,905.03819
2012,02,14,2,905.21181
2012,02,14,3,905.43158
2012,02,14,4,906.29297
2012,02,14,5,907.58039
2012,02,14,6,907.64694
2012,02,14,7,908.41616
2012,02,15,0,909.86938
2012,02,15,1,911.36906
2012,02,15,2,912.30926
2012,02,15,3,913.17467
2012,02,15,4,913.70009
2012,02,15,5,914.49975
2012,02,15,6,915.98562
2012,02,15,7,916.58234
2012,02,16,0,916.82887
2012,02,16,1,916.73671
2012,02,16,2,915.94926
2012,02,16,3,915.14206
2012,02,16,4,915.6792
2012,02,16,5,915.66447
2012,02,16,6,915.72347
2012,02,16,7,916.01273
2012,02,17,0,915.68739
2012,02,17,1,914.64897
2012,02,17,2,914.21503
2012,02,17,3,914.04611
2012,02,17,4,913.05327
2012,02,17,5,911.80537
2012,02,17,6,911.37794
2012,02,17,7,911.19711
2012,02,18,0,909.71529
2012,02,18,1,908.10891
2012,02,18,2,907.93907
2012,02,18,3,908.02864
2012,02,18,4,907.69987
2012,02,18,5,907.67512
2012,02,18,6,907.30909
2012,02,18,7,906.89373
2012,02,19,0,906.18378
2012,02,19,1,904.77081
2012,02,19,2,905.75729
2012,02,19,3,907.29336
2012,02,19,4,908.6412
2012,02,19,5,909.05646
2012,02,19,6,909.19042
2012,02,19,7,909.45131
2012,02,20,0,909.59936
2012,02,20,1,909.93425
2012,02,20,2,909.7122
2012,02,20,3,909.49705
2012,02,20,4,910.18281
2012,02,20,5,910.48103
2012,02,20,6,910.79233
2012,02,20,7,911.17123
2012,02,21,0,909.98159
2012,02,21,1,909.04623
2012,02,21,2,909.85371
2012,02,21,3,910.65274
2012,02,21,4,910.80196
2012,02,21,5,910.56506
2012,02,21,6,909.90198
2012,02,21,7,909.04141
2012,02,22,0,907.96647
2012,02,22,1,907.70287
2012,02,22,2,907.8985
2012,02,22,3,908.64998
2012,02,22,4,910.16082
2012,02,22,5,910.64789
2012,02,22,6,911.94767
2012,02,22,7,913.16937
2012,02,23,0,913.54433
2012,02,23,1,912.64876
2012,02,23,2,912.91053
2012,02,23,3,912.52465
2012,02,23,4,911.32506
2012,02,23,5,909.80901
2012,02,23,6,908.75077
2012,02,23,7,907.75088
2012,02,24,0,906.80109
2012,02,24,1,906.54486
2012,02,24,2,908.47305
2012,02,24,3,909.63964
2012,02,24,4,910.28692
2012,02,24,5,910.68843
2012,02,24,6,910.76966
2012,02,24,7,911.41879
2012,02,25,0,910.26434
2012,02,25,1,908.59153
2012,02,25,2,908.78547
2012,02,25,3,908.86118
2012,02,25,4,909.66504
2012,02,25,5,909.81449
2012,02,25,6,909.79428
2012,02,25,7,909.98221
2012,02,26,0,909.93076
2012,02,26,1,910.01078
2012,02,26,2,910.88139
2012,02,26,3,912.63563
2012,02,26,4,913.42259
2012,02,26,5,914.27659
2012,02,26,6,914.45499
2012,02,26,7,913.83123
2012,02,27,0,912.79275
2012,02,27,1,911.74562
2012,02,27,2,911.66243
2012,02,27,3,912.01304
2012,02,27,4,912.03283
2012,02,27,5,912.1719
2012,02,27,6,911.80853
2012,02,27,7,911.56064
2012,02,28,0,911.54062
2012,02,28,1,911.62667
2012,02,28,2,911.78985
2012,02,28,3,911.58976
2012,02,28,4,910.71113
2012,02,28,5,909.85926
2012,02,28,6,909.01919
2012,02,28,7,909.43778
2012,02,29,0,908.4672
2012,02,29,1,907.34627
2012,02,29,2,908.48506
2012,02,29,3,909.31169
2012,02,29,4,911.2014
2012,02,29,5,912.56484
2012,02,29,6,912.39282
2012,02,29,7,912.81174
2012,02,30,0,912.51467
2012,02,30,1,912.26983
2012,02,30,2,912.90685
2012,02,30,3,913.355
2012,02,30,4,913.47778
2012,02,30,5,913.28489
2012,02,30,6,913.01887
2012,02,30,7,912.82734
2012,02,1,0,912.48916
2012,02,1,1,912.16687
2012,02,1,2,912.65703
2012,02,1,3,913.05826
2012,02,1,4,913.2821
2012,02,1,5,913.2915
2012,02,1,6,912.73496
2012,02,1,7,912.46427
2012,02,2,0,911.2118
2012,02,2,1,910.09987
2012,02,2,2,910.29291
2012,02,2,3,910.46223
2012,02,2,4,909.98441
2012,02,2,5,909.55982
2012,02,2,6,909.34123
2012,02,2,7,909.4061
2012,02,3,0,908.87762
2012,02,3,1,908.44502
2012,02,3,2,908.64477
2012,02,3,3,908.70062
2012,02,3,4,909.16412
2012,02,3,5,909.06222
2012,02,3,6,909.36191
2012,02,3,7,910.37734
2012,02,4,0,910.86148
2012,02,4,1,910.51834
2012,02,4,2,910.0268
2012,02,4,3,910.07452
2012,02,4,4,910.41443
2012,02,4,5,910.94215
2012,02,4,6,911.11333
2012,02,4,7,911.02206
2012,02,5,0,911.43606
2012,02,5,1,913.24133
2012,02,5,2,914.91311
2012,02,5,3,915.19622
2012,02,5,4,914.38428
2012,02,5,5,913.28141
2012,02,5,6,912.58547
2012,02,5,7,912.1913
2012,02,6,0,912.11976
2012,02,6,1,911.46042
2012,02,6,2,910.67736
2012,02,6,3,910.32339
2012,02,6,4,909.55789
2012,02,6,5,911.12324
2012,02,6,6,911.06857
2012,02,6,7,910.63196
2012,02,7,0,910.42752
2012,02,7,1,910.87742
2012,02,7,2,912.79683
2012,02,7,3,913.9662
2012,02,7,4,914.73714
2012,02,7,5,916.3976
2012,02,7,6,918.18876
2012,02,7,7,919.23451
2012,02,8,0,919.37545
2012,02,8,1,919.57471
2012,02,8,2,921.00305
2012,02,8,3,921.81999
2012,02,8,4,922.28629
2012,02,8,5,922.59277
2012,02,8,6,922.52207
2012,02,8,7,922.6939
2012,02,9,0,922.94577
2012,02,9,1,923.2587
2012,02,9,2,923.22363
2012,02,9,3,923.2349
2012,02,9,4,922.24547
2012,02,9,5,921.32852
2012,02,9,6,918.96093
2012,02,9,7,918.34044
2012,02,10,0,917.01355
2012,02,10,1,917.07657
2012,02,10,2,918.32599
2012,02,10,3,918.24858
2012,02,10,4,920.08283
2012,02,10,5,921.93347
2012,02,10,6,922.48931
2012,02,10,7,921.59011
2012,02,11,0,920.52449
2012,02,11,1,920.96175
2012,02,11,2,921.35149
2012,02,11,3,920.89359
2012,02,11,4,918.82076
2012,02,11,5,915.70757
2012,02,11,6,913.53937
2012,02,11,7,913.81684
2012,02,12,0,915.50192
2012,02,12,1,915.71938
2012,02,12,2,916.59986
2012,02,12,3,918.06808
2012,02,12,4,918.2645
2012,02,12,5,918.56802
2012,02,12,6,919.13801
2012,02,12,7,919.772
2012,02,13,0,915.92371
2012,02,13,1,913.66832
2012,02,13,2,912.73321
2012,02,13,3,912.55941
2012,02,13,4,914.02928
2012,02,13,5,915.40781
2012,02,13,6,916.71926
2012,02,13,7,917.68517
2012,02,14,0,919.30244
2012,02,14,1,920.18843
2012,02,14,2,921.41404
2012,02,14,3,922.14079
2012,02,14,4,921.51524
2012,02,14,5,921.03839
2012,02,14,6,920.5088
2012,02,14,7,919.53413
2012,02,15,0,918.18537
2012,02,15,1,916.78541
2012,02,15,2,915.92353
2012,02,15,3,915.29543
2012,02,15,4,914.62331
2012,02,15,5,913.44304
2012,02,15,6,912.2039
2012,02,15,7,911.67237
2012,02,16,0,911.51338
2012,02,16,1,911.37393
2012,02,16,2,911.60145
2012,02,16,3,911.72995
2012,02,16,4,911.80669
2012,02,16,5,913.91129
2012,02,16,6,915.11113
2012,02,16,7,914.96487
2012,02,17,0,913.68949
2012,02,17,1,912.23342
2012,02,17,2,912.03545
2012,02,17,3,911.60477
2012,02,17,4,910.22575
2012,02,17,5,908.97892
2012,02,17,6,908.529
2012,02,17,7,908.44505
2012,02,18,0,907.36571
2012,02,18,1,906.61098
2012,02,18,2,905.77306
2012,02,18,3,905.0362
2012,02,18,4,904.7288
2012,02,18,5,904.54839
2012,02,18,6,904.6113
2012,02,18,7,904.43801
2012,02,19,0,904.98308
2012,02,19,1,905.90999
2012,02,19,2,906.56156
2012,02,19,3,906.91578
2012,02,19,4,907.6059
2012,02,19,5,908.7342
2012,02,19,6,910.51866
2012,02,19,7,912.60459
2012,02,20,0,914.39858
2012,02,20,1,915.90538
2012,02,20,2,916.68036
2012,02,20,3,916.92368
2012,02,20,4,915.20747
2012,02,20,5,914.98105
2012,02,20,6,915.60982
2012,02,20,7,914.68324
2012,02,21,0,916.05377
2012,02,21,1,917.37479
2012,02,21,2,916.90215
2012,02,21,3,916.62936
2012,02,21,4,917.57825
2012,02,21,5,917.59818
2012,02,21,6,916.71662
2012,02,21,7,915.37908
2012,02,22,0,914.46767
2012,02,22,1,914.08811
2012,02,22,2,912.36168
2012,02,22,3,910.57738
2012,02,22,4,909.31765
2012,02,22,5,908.08732
2012,02,22,6,906.46792
2012,02,22,7,905.29137
2012,02,23,0,905.41645
2012,02,23,1,904.99878
2012,02,23,2,903.93027
2012,02,23,3,903.13102
2012,02,23,4,901.36059
2012,02,23,5,899.75501
2012,02,23,6,899.58818
2012,02,23,7,899.88879
2012,02,24,0,900.73521
2012,02,24,1,900.83523
2012,02,24,2,900.59094
2012,02,24,3,900.47955
2012,02,24,4,900.60713
2012,02,24,5,902.00443
2012,02,24,6,902.81637
2012,02,24,7,903.3678
2012,02,25,0,903.35615
2012,02,25,1,903.79384
2012,02,25,2,906.08414
2012,02,25,3,908.1782
2012,02,25,4,908.7196
2012,02,25,5,909.6698
2012,02,25,6,911.08131
2012,02,25,7,912.12849
2012,02,26,0,912.76558
2012,02,26,1,912.53891
2012,02,26,2,913.48776
2012,02,26,3,913.30447
2012,02,26,4,911.60874
2012,02,26,5,912.99234
2012,02,26,6,912.85787
2012,02,26,7,911.35713
2012,02,27,0,909.80838
2012,02,27,1,909.85705
2012,02,27,2,909.99634
2012,02,27,3,909.97171
2012,02,27,4,910.35617
2012,02,27,5,911.26609
2012,02,27,6,911.90877
2012,02,27,7,912.89298
2012,02,28,0,913.45297
2012,02,28,1,913.43054
2012,02,28,2,913.55955
2012,02,28,3,913.65994
2012,02,28,4,913.11355
2012,02,28,5,911.92274
2012,02,28,6,911.40148
2012,02,28,7,911.75938
2012,02,29,0,912.65358
2012,02,29,1,912.84357
2012,02,29,2,912.98149
2012,02,29,3,913.30294
2012,02,29,4,913.18526
2012,02,29,5,912.75644
2012,02,29,6,912.18877
2012,02,29,7,910.85715
2012,02,30,0,909.59954
2012,02,30,1,908.97094
2012,02,30,2,909.22322
2012,02,30,3,909.9495
2012,02,30,4,909.55562
2012,02,30,5,909.00655
2012,02,30,6,908.94823
2012,02,30,7,909.37361
2012,02,31,0,909.12789
2012,02,31,1,908.84004
2012,02,31,2,909.01668
2012,02,31,3,909.03861
2012,02,31,4,909.69696
2012,02,31,5,910.3448
2012,02,31,6,910.30527
2012,02,31,7,910.51261
2012,02,1,0,909.75099
2012,02,1,1,908.44442
2012,02,1,2,907.869
2012,02,1,3,906.76542
2012,02,1,4,905.70868
2012,02,1,5,905.44352
2012,02,1,6,904.87567
2012,02,1,7,903.73107
2012,02,2,0,903.05687
2012,02,2,1,902.91423
2012,02,2,2,903.51636
2012,02,2,3,904.19467
2012,02,2,4,904.82236
2012,02,2,5,905.41295
2012,02,2,6,906.63438
2012,02,2,7,907.65838
2012,02,3,0,907.94011
2012,02,3,1,908.56832
2012,02,3,2,910.33166
2012,02,3,3,912.18809
2012,02,3,4,914.75634
2012,02,3,5,917.5094
2012,02,3,6,918.60587
2012,02,3,7,918.94171
2012,02,4,0,918.03188
2012,02,4,1,915.85835
2012,02,4,2,915.03197
2012,02,4,3,914.89051
2012,02,4,4,915.06909
2012,02,4,5,915.54663
2012,02,4,6,915.94558
2012,02,4,7,915.13278
2012,02,5,0,913.54341
2012,02,5,1,911.19352
2012,02,5,2,908.46173
2012,02,5,3,908.99157
2012,02,5,4,910.03358
2012,02,5,5,909.24089
2012,02,5,6,908.08024
2012,02,5,7,908.17918
2012,02,6,0,908.98701
2012,02,6,1,910.44262
2012,02,6,2,912.25381
2012,02,6,3,913.71277
2012,02,6,4,915.09579
2012,02,6,5,916.28913
2012,02,6,6,917.81209
2012,02,6,7,919.09714
2012,02,7,0,919.43434
2012,02,7,1,919.33993
2012,02,7,2,919.57163
2012,02,7,3,919.55702
2012,02,7,4,918.83893
2012,02,7,5,918.03597
2012,02,7,6,916.89871
2012,02,7,7,916.39149
2012,02,8,0,916.45031
2012,02,8,1,916.13747
2012,02,8,2,917.44671
2012,02,8,3,918.24417
2012,02,8,4,918.60818
2012,02,8,5,918.59015
2012,02,8,6,918.46395
2012,02,8,7,918.51907
2012,02,9,0,918.90725
2012,02,9,1,919.41679
2012,02,9,2,919.71801
2012,02,9,3,920.26462
2012,02,9,4,920.89512
2012,02,9,5,921.38192
2012,02,9,6,921.75965
2012,02,9,7,922.19778
2012,02,10,0,922.01775
2012,02,10,1,921.50991
2012,02,10,2,921.54941
2012,02,10,3,921.46088
2012,02,10,4,922.3614
2012,02,10,5,923.53437
2012,02,10,6,924.08154
2012,02,10,7,924.8127
2012,02,11,0,924.35334
2012,02,11,1,923.06273
2012,02,11,2,921.16885
2012,02,11,3,918.7395
2012,02,11,4,918.6959
2012,02,11,5,919.28715
2012,02,11,6,919.04479
2012,02,11,7,919.54144
2012,02,12,0,921.53075
2012,02,12,1,922.91771
2012,02,12,2,922.30615
2012,02,12,3,921.69127
2012,02,12,4,920.83325
2012,02,12,5,919.57862
2012,02,12,6,918.84354
2012,02,12,7,919.20419
2012,02,13,0,919.44233
2012,02,13,1,918.90813
2012,02,13,2,917.77076
2012,02,13,3,917.27009
2012,02,13,4,918.61097
2012,02,13,5,919.40923
2012,02,13,6,919.67973
2012,02,13,7,919.06336
2012,02,14,0,917.37772
2012,02,14,1,916.31524
2012,02,14,2,915.08751
2012,02,14,3,914.49016
2012,02,14,4,915.12889
2012,02,14,5,916.60346
2012,02,14,6,916.95222
2012,02,14,7,916.97233
2012,02,15,0,917.75305
2012,02,15,1,918.10002
2012,02,15,2,918.8349
2012,02,15,3,919.60241
2012,02,15,4,919.05817
2012,02,15,5,918.18328
2012,02,15,6,917.72853
2012,02,15,7,917.91395
2012,02,16,0,918.98445
2012,02,16,1,920.11771
2012,02,16,2,920.2075
2012,02,16,3,919.60888
2012,02,16,4,919.06019
2012,02,16,5,918.50904
2012,02,16,6,918.30563
2012,02,16,7,918.48235
2012,02,17,0,919.48888
2012,02,17,1,921.61399
2012,02,17,2,922.6331
2012,02,17,3,922.80623
2012,02,17,4,921.53832
2012,02,17,5,919.90785
2012,02,17,6,917.91915
2012,02,17,7,915.57233
2012,02,18,0,913.31063
2012,02,18,1,911.97635
2012,02,18,2,910.19314
2012,02,18,3,908.62043
2012,02,18,4,908.15562
2012,02,18,5,908.52544
2012,02,18,6,909.24204
2012,02,18,7,909.77597
2012,02,19,0,909.04567
2012,02,19,1,908.05275
2012,02,19,2,908.45953
2012,02,19,3,908.21307
2012,02,19,4,907.76132
2012,02,19,5,906.01098
2012,02,19,6,903.43155
2012,02,19,7,902.8279
2012,02,20,0,902.73203
2012,02,20,1,903.1472
2012,02,20,2,904.0471
2012,02,20,3,904.50613
2012,02,20,4,904.24099
2012,02,20,5,904.07745
2012,02,20,6,904.21362
2012,02,20,7,905.38474
2012,02,21,0,905.88934
2012,02,21,1,905.75307
2012,02,21,2,906.26582
2012,02,21,3,906.96317
2012,02,21,4,908.11808
2012,02,21,5,908.95943
2012,02,21,6,909.49537
2012,02,21,7,909.98068
2012,02,22,0,910.15935
2012,02,22,1,910.04572
2012,02,22,2,910.1231
2012,02,22,3,910.76751
2012,02,22,4,911.53645
2012,02,22,5,912.91066
2012,02,22,6,913.86461
2012,02,22,7,914.59467
2012,02,23,0,915.36101
2012,02,23,1,916.06459
2012,02,23,2,917.93205
2012,02,23,3,919.99789
2012,02,23,4,920.21176
2012,02,23,5,920.12318
2012,02,23,6,919.24842
2012,02,23,7,918.52139
2012,02,24,0,919.07231
2012,02,24,1,919.62956
2012,02,24,2,919.01305
2012,02,24,3,918.23443
2012,02,24,4,918.21015
2012,02,24,5,918.28215
2012,02,24,6,918.74335
2012,02,24,7,919.62643
2012,02,25,0,920.37742
2012,02,25,1,920.91806
2012,02,25,2,921.52667
2012,02,25,3,921.36291
2012,02,25,4,921.20315
2012,02,25,5,921.51644
2012,02,25,6,922.25736
2012,02,25,7,922.76439
2012,02,26,0,922.20444
2012,02,26,1,921.24526
2012,02,26,2,921.43253
2012,02,26,3,921.54688
2012,02,26,4,921.44607
2012,02,26,5,921.15377
2012,02,26,6,920.43634
2012,02,26,7,919.84616
2012,02,27,0,919.47503
2012,02,27,1,921.43019
2012,02,27,2,923.83286
2012,02,27,3,923.61157
2012,02,27,4,922.3739
2012,02,27,5,921.90055
2012,02,27,6,922.38251
2012,02,27,7,923.37417
2012,02,28,0,923.97294
2012,02,28,1,924.99593
2012,02,28,2,926.81607
2012,02,28,3,928.63546
2012,02,28,4,930.13005
2012,02,28,5,931.65106
2012,02,28,6,932.21565
2012,02,28,7,932.8784
2012,02,29,0,933.85238
2012,02,29,1,933.83786
2012,02,29,2,932.92309
2012,02,29,3,932.38769
2012,02,29,4,931.00518
2012,02,29,5,929.37375
2012,02,29,6,929.45976
2012,02,29,7,928.74292
2012,02,30,0,928.25571
2012,02,30,1,928.02217
2012,02,30,2,928.06761
2012,02,30,3,928.3202
2012,02,30,4,927.44179
2012,02,30,5,926.74064
2012,02,30,6,926.55176
2012,02,30,7,925.39499
2012,02,1,0,922.72674
2012,02,1,1,920.47599
2012,02,1,2,919.78379
2012,02,1,3,918.74371
2012,02,1,4,918.28836
2012,02,1,5,919.02527
2012,02,1,6,919.50563
2012,02,1,7,920.02173
2012,02,2,0,920.00547
2012,02,2,1,919.89975
2012,02,2,2,921.05878
2012,02,2,3,921.40787
2012,02,2,4,921.90827
2012,02,2,5,923.15088
2012,02,2,6,922.69855
2012,02,2,7,922.07513
2012,02,3,0,921.12804
2012,02,3,1,920.19492
2012,02,3,2,921.1937
2012,02,3,3,922.38831
2012,02,3,4,923.75395
2012,02,3,5,924.80718
2012,02,3,6,924.81958
2012,02,3,7,924.6211
2012,02,4,0,924.39584
2012,02,4,1,923.21853
2012,02,4,2,921.91777
2012,02,4,3,921.93915
2012,02,4,4,922.14298
2012,02,4,5,921.91582
2012,02,4,6,920.90074
2012,02,4,7,919.54831
2012,02,5,0,918.1956
2012,02,5,1,916.13684
2012,02,5,2,915.09564
2012,02,5,3,914.2529
2012,02,5,4,913.76327
2012,02,5,5,913.09409
2012,02,5,6,911.57133
2012,02,5,7,910.11535
2012,02,6,0,909.46558
2012,02,6,1,908.76843
2012,02,6,2,908.99642
2012,02,6,3,909.00707
2012,02,6,4,909.14237
2012,02,6,5,909.56013
2012,02,6,6,909.97426
2012,02,6,7,910.25352
2012,02,7,0,910.47181
2012,02,7,1,910.90848
2012,02,7,2,911.5918
2012,02,7,3,911.75104
2012,02,7,4,912.44102
2012,02,7,5,913.28234
2012,02,7,6,913.80383
2012,02,7,7,914.63436
2012,02,8,0,914.38302
2012,02,8,1,914.1388
2012,02,8,2,914.61064
2012,02,8,3,915.21897
2012,02,8,4,915.35568
2012,02,8,5,915.53503
2012,02,8,6,915.78618
2012,02,8,7,915.00507
2012,02,9,0,913.81993
2012,02,9,1,913.10126
2012,02,9,2,913.42069
2012,02,9,3,913.7895
2012,02,9,4,913.50402
2012,02,9,5,913.49648
2012,02,9,6,913.84596
2012,02,9,7,913.87308
2012,02,10,0,911.71653
2012,02,10,1,910.23464
2012,02,10,2,910.80734
2012,02,10,3,910.72802
2012,02,10,4,910.12303
2012,02,10,5,909.97975
2012,02,10,6,909.58053
2012,02,10,7,909.20364
2012,02,11,0,908.91436
2012,02,11,1,908.33933
2012,02,11,2,908.3387
2012,02,11,3,908.28444
2012,02,11,4,907.01156
2012,02,11,5,906.03759
2012,02,11,6,906.20288
2012,02,11,7,906.21409
2012,02,12,0,905.74372
2012,02,12,1,905.45067
2012,02,12,2,906.27418
2012,02,12,3,907.25709
2012,02,12,4,906.26605
2012,02,12,5,905.46906
2012,02,12,6,905.63317
2012,02,12,7,905.3212
2012,02,13,0,905.07728
2012,02,13,1,904.85586
2012,02,13,2,906.10698
2012,02,13,3,907.58802
2012,02,13,4,908.72618
2012,02,13,5,909.7337
2012,02,13,6,910.41443
2012,02,13,7,910.66649
2012,02,14,0,909.25801
2012,02,14,1,908.41039
2012,02,14,2,910.11229
2012,02,14,3,911.70121
2012,02,14,4,912.35497
2012,02,14,5,912.89035
2012,02,14,6,913.7977
2012,02,14,7,913.80454
2012,02,15,0,912.79963
2012,02,15,1,911.44772
2012,02,15,2,910.74325
2012,02,15,3,910.04662
2012,02,15,4,909.53626
2012,02,15,5,909.51332
2012,02,15,6,909.60531
2012,02,15,7,909.18553
2012,02,16,0,909.39695
2012,02,16,1,909.8767
2012,02,16,2,909.73312
2012,02,16,3,909.22946
2012,02,16,4,907.73495
2012,02,16,5,906.40379
2012,02,16,6,907.02149
2012,02,16,7,907.23395
2012,02,17,0,907.78615
2012,02,17,1,908.39732
2012,02,17,2,909.05832
2012,02,17,3,909.04135
2012,02,17,4,909.17132
2012,02,17,5,909.29405
2012,02,17,6,908.77871
2012,02,17,7,906.75749
2012,02,18,0,905.0481
2012,02,18,1,903.21489
2012,02,18,2,903.22989
2012,02,18,3,904.29171
2012,02,18,4,904.64449
2012,02,18,5,904.07279
2012,02,18,6,903.11675
2012,02,18,7,902.0483
2012,02,19,0,902.19024
2012,02,19,1,902.73726
2012,02,19,2,904.85531
2012,02,19,3,906.32878
2012,02,19,4,906.50474
2012,02,19,5,906.76142
2012,02,19,6,907.76784
2012,02,19,7,909.05815
2012,02,20,0,908.44889
2012,02,20,1,907.58267
2012,02,20,2,908.57987
2012,02,20,3,909.17498
2012,02,20,4,909.09467
2012,02,20,5,909.53633
2012,02,20,6,909.8392
2012,02,20,7,909.84776
2012,02,21,0,909.06597
2012,02,21,1,908.54805
2012,02,21,2,909.42456
2012,02,21,3,910.15642
2012,02,21,4,909.43413
2012,02,21,5,909.72953
2012,02,21,6,910.25411
2012,02,21,7,910.57529
2012,02,22,0,910.71701
2012,02,22,1,911.29404
2012,02,22,2,912.08517
2012,02,22,3,912.48701
2012,02,22,4,912.4906
2012,02,22,5,912.60973
2012,02,22,6,912.01094
2012,02,22,7,912.46117
2012,02,23,0,913.53754
2012,02,23,1,913.91403
2012,02,23,2,913.59016
2012,02,23,3,913.88188
2012,02,23,4,915.04197
2012,02,23,5,916.39074
2012,02,23,6,916.77873
2012,02,23,7,916.87734
2012,02,24,0,916.82301
2012,02,24,1,917.00923
2012,02,24,2,918.60499
2012,02,24,3,919.18696
2012,02,24,4,917.31646
2012,02,24,5,916.75206
2012,02,24,6,917.92241
2012,02,24,7,918.52532
2012,02,25,0,918.20265
2012,02,25,1,917.71935
2012,02,25,2,917.95004
2012,02,25,3,918.73964
2012,02,25,4,917.69875
2012,02,25,5,916.78769
2012,02,25,6,917.18903
2012,02,25,7,918.17551
2012,02,26,0,917.77288
2012,02,26,1,917.59563
2012,02,26,2,917.7963
2012,02,26,3,917.8789
2012,02,26,4,917.45408
2012,02,26,5,916.63748
2012,02,26,6,916.05626
2012,02,26,7,916.06818
2012,02,27,0,916.64183
2012,02,27,1,916.72071
2012,02,27,2,916.18472
2012,02,27,3,915.86347
2012,02,27,4,917.07605
2012,02,27,5,917.69571
2012,02,27,6,917.02729
2012,02,27,7,916.26848
2012,02,28,0,914.62456
2012,02,28,1,912.74984
2012,02,28,2,912.13088
2012,02,28,3,911.16941
2012,02,28,4,909.35811
2012,02,28,5,907.82989
2012,02,28,6,907.47277
2012,02,28,7,907.20994
2012,02,29,0,906.6529
2012,02,29,1,905.41529
2012,02,29,2,904.46967
2012,02,29,3,904.00009
2012,02,29,4,904.18749
2012,02,29,5,905.33259
2012,02,29,6,907.27446
2012,02,29,7,908.66951
2012,02,30,0,906.32176
2012,02,30,1,904.75332
2012,02,30,2,906.66211
2012,02,30,3,907.66616
2012,02,30,4,908.10566
2012,02,30,5,908.90163
2012,02,30,6,909.81577
2012,02,30,7,910.59487
2012,02,31,0,911.53973
2012,02,31,1,912.52099
2012,02,31,2,913.69739
2012,02,31,3,914.13415
2012,02,31,4,914.96369
2012,02,31,5,916.1603
2012,02,31,6,917.10128
2012,02,31,7,917.91821
2012,02,1,0,917.83092
2012,02,1,1,917.73618
2012,02,1,2,918.75123
2012,02,1,3,919.8096
2012,02,1,4,920.20759
2012,02,1,5,920.4297
2012,02,1,6,920.57456
2012,02,1,7,920.11973
2012,02,2,0,917.58806
2012,02,2,1,915.03388
2012,02,2,2,914.38769
2012,02,2,3,913.81104
2012,02,2,4,913.5404
2012,02,2,5,913.44979
2012,02,2,6,912.22262
2012,02,2,7,911.54328
2012,02,3,0,912.21566
2012,02,3,1,912.67364
2012,02,3,2,912.34435
2012,02,3,3,911.32732
2012,02,3,4,909.90914
2012,02,3,5,910.62995
2012,02,3,6,912.44133
2012,02,3,7,913.53039
2012,02,4,0,911.49603
2012,02,4,1,909.27188
2012,02,4,2,909.69573
2012,02,4,3,910.17367
2012,02,4,4,909.91284
2012,02,4,5,910.0042
2012,02,4,6,911.04907
2012,02,4,7,911.7497
2012,02,5,0,911.88951
2012,02,5,1,912.35312
2012,02,5,2,913.63481
2012,02,5,3,914.73585
2012,02,5,4,914.46456
2012,02,5,5,914.18744
2012,02,5,6,914.47714
2012,02,5,7,914.8993
2012,02,6,0,914.25525
2012,02,6,1,913.99658
2012,02,6,2,915.40102
2012,02,6,3,916.14768
2012,02,6,4,917.22612
2012,02,6,5,918.80273
2012,02,6,6,920.39809
2012,02,6,7,920.60519
2012,02,7,0,918.78153
2012,02,7,1,916.99864
2012,02,7,2,915.66016
2012,02,7,3,914.61975
2012,02,7,4,913.75169
2012,02,7,5,913.32235
2012,02,7,6,913.99527
2012,02,7,7,913.59348
2012,02,8,0,910.81145
2012,02,8,1,908.69624
2012,02,8,2,908.19824
2012,02,8,3,908.91543
2012,02,8,4,909.19809
2012,02,8,5,909.25625
2012,02,8,6,909.75186
2012,02,8,7,911.49706
2012,02,9,0,912.49628
2012,02,9,1,913.27056
2012,02,9,2,915.4784
2012,02,9,3,917.89444
2012,02,9,4,919.41698
2012,02,9,5,919.33126
2012,02,9,6,918.31076
2012,02,9,7,917.26157
2012,02,10,0,916.52856
2012,02,10,1,915.61146
2012,02,10,2,915.59064
2012,02,10,3,915.20471
2012,02,10,4,913.9832
2012,02,10,5,912.6534
2012,02,10,6,911.65294
2012,02,10,7,910.37148
2012,02,11,0,909.50023
2012,02,11,1,910.43727
2012,02,11,2,912.72439
2012,02,11,3,912.91242
2012,02,11,4,911.60697
2012,02,11,5,910.75441
2012,02,11,6,909.82895
2012,02,11,7,908.46382
2012,02,12,0,906.64705
2012,02,12,1,905.61617
2012,02,12,2,906.26801
2012,02,12,3,908.06848
2012,02,12,4,909.32845
2012,02,12,5,910.3102
2012,02,12,6,911.65468
2012,02,12,7,911.70606
2012,02,13,0,911.68262
2012,02,13,1,912.32807
2012,02,13,2,914.14993
2012,02,13,3,915.27207
2012,02,13,4,914.43264
2012,02,13,5,913.23629
2012,02,13,6,912.38122
2012,02,13,7,911.46346
2012,02,14,0,909.66068
2012,02,14,1,908.30591
2012,02,14,2,908.20397
2012,02,14,3,907.36453
2012,02,14,4,905.97297
2012,02,14,5,905.35065
2012,02,14,6,905.37677
2012,02,14,7,905.71883
2012,02,15,0,905.71885
2012,02,15,1,905.89775
2012,02,15,2,906.74449
2012,02,15,3,907.52434
2012,02,15,4,908.14126
2012,02,15,5,908.32785
2012,02,15,6,908.44093
2012,02,15,7,908.89532
2012,02,16,0,909.31047
2012,02,16,1,910.37539
2012,02,16,2,911.36217
2012,02,16,3,911.97833
2012,02,16,4,913.03761
2012,02,16,5,914.19348
2012,02,16,6,914.45404
2012,02,16,7,913.81065
2012,02,17,0,914.90336
2012,02,17,1,915.5325
2012,02,17,2,913.3274
2012,02,17,3,911.28508
2012,02,17,4,911.67381
2012,02,17,5,911.57417
2012,02,17,6,910.24514
2012,02,17,7,909.6982
2012,02,18,0,908.91941
2012,02,18,1,908.11572
2012,02,18,2,908.31638
2012,02,18,3,908.50213
2012,02,18,4,907.70406
2012,02,18,5,906.91651
2012,02,18,6,906.93396
2012,02,18,7,906.90702
2012,02,19,0,906.91007
2012,02,19,1,908.3579
2012,02,19,2,908.80586
2012,02,19,3,908.19472
2012,02,19,4,908.14155
2012,02,19,5,908.04736
2012,02,19,6,909.0821
2012,02,19,7,910.68782
2012,02,20,0,911.31656
2012,02,20,1,911.22133
2012,02,20,2,910.78158
2012,02,20,3,909.63181
2012,02,20,4,908.55034
2012,02,20,5,907.70445
2012,02,20,6,908.70012
2012,02,20,7,909.72292
2012,02,21,0,909.10426
2012,02,21,1,909.25509
2012,02,21,2,909.95483
2012,02,21,3,909.33232
2012,02,21,4,908.56037
2012,02,21,5,908.35497
2012,02,21,6,908.79352
2012,02,21,7,908.35436
2012,02,22,0,908.03578
2012,02,22,1,908.39599
2012,02,22,2,908.32315
2012,02,22,3,908.9638
2012,02,22,4,909.30667
2012,02,22,5,910.12445
2012,02,22,6,911.59549
2012,02,22,7,912.8281
2012,02,23,0,911.88705
2012,02,23,1,911.59025
2012,02,23,2,912.57214
2012,02,23,3,913.14955
2012,02,23,4,913.48434
2012,02,23,5,913.23055
2012,02,23,6,912.81064
2012,02,23,7,912.13178
2012,02,24,0,911.73836
2012,02,24,1,911.84772
2012,02,24,2,911.87866
2012,02,24,3,912.09861
2012,02,24,4,912.49427
2012,02,24,5,912.40643
2012,02,24,6,913.5332
2012,02,24,7,915.09811
2012,02,25,0,914.50178
2012,02,25,1,914.07583
2012,02,25,2,914.6821
2012,02,25,3,915.4747
2012,02,25,4,916.10255
2012,02,25,5,916.6007
2012,02,25,6,913.51901
2012,02,25,7,911.50343
2012,02,26,0,912.10811
2012,02,26,1,912.35731
2012,02,26,2,913.04482
2012,02,26,3,914.05559
2012,02,26,4,915.35081
2012,02,26,5,917.52203
2012,02,26,6,919.68075
2012,02,26,7,921.17046
2012,02,27,0,919.6838
2012,02,27,1,917.99938
2012,02,27,2,919.34701
2012,02,27,3,920.10799
2012,02,27,4,919.74242
2012,02,27,5,920.33508
2012,02,27,6,920.57739
2012,02,27,7,921.1506
2012,02,28,0,920.89468
2012,02,28,1,919.98334
2012,02,28,2,920.20632
2012,02,28,3,920.0668
2012,02,28,4,919.96084
2012,02,28,5,920.08836
2012,02,28,6,919.52624
2012,02,28,7,919.28471
2012,02,29,0,919.47371
2012,02,29,1,920.59384
2012,02,29,2,921.72038
2012,02,29,3,921.8508
2012,02,29,4,920.30517
2012,02,29,5,918.46267
2012,02,29,6,918.34603
2012,02,29,7,917.16043
2012,02,30,0,915.8122
2012,02,30,1,916.4384
2012,02,30,2,917.18294
2012,02,30,3,917.14637
2012,02,30,4,916.45617
2012,02,30,5,916.04989
2012,02,30,6,915.55522
2012,02,30,7,914.98221
2012,02,31,0,915.38648
2012,02,31,1,916.16228
2012,02,31,2,916.28187
2012,02,31,3,916.12799
2012,02,31,4,915.88873
2012,02,31,5,915.29703
2012,02,31,6,914.96082
2012,02,31,7,914.70177
2012,02,1,0,914.14313
2012,02,1,1,913.30242
2012,02,1,2,913.57471
2012,02,1,3,913.30641
2012,02,1,4,912.50427
2012,02,1,5,912.36396
2012,02,1,6,912.41067
2012,02,1,7,912.5049
2012,02,2,0,912.11197
2012,02,2,1,911.25039
2012,02,2,2,911.40851
2012,02,2,3,911.63497
2012,02,2,4,911.10754
2012,02,2,5,910.59919
2012,02,2,6,910.70591
2012,02,2,7,911.06293
2012,02,3,0,911.79493
2012,02,3,1,911.83518
2012,02,3,2,911.81071
2012,02,3,3,911.34528
2012,02,3,4,911.81555
2012,02,3,5,911.95024
2012,02,3,6,911.92266
2012,02,3,7,912.63889
2012,02,4,0,913.37918
2012,02,4,1,913.69566
2012,02,4,2,913.02222
2012,02,4,3,912.04966
2012,02,4,4,911.81097
2012,02,4,5,911.05458
2012,02,4,6,909.66549
2012,02,4,7,909.24208
2012,02,5,0,908.96118
2012,02,5,1,907.7632
2012,02,5,2,907.16689
2012,02,5,3,907.11462
2012,02,5,4,908.0541
2012,02,5,5,908.41956
2012,02,5,6,907.55028
2012,02,5,7,907.64843
2012,02,6,0,909.48127
2012,02,6,1,911.45726
2012,02,6,2,913.25424
2012,02,6,3,914.93077
2012,02,6,4,916.16588
2012,02,6,5,916.30501
2012,02,6,6,916.61418
2012,02,6,7,916.80042
2012,02,7,0,916.44821
2012,02,7,1,916.22721
2012,02,7,2,916.58886
2012,02,7,3,916.47629
2012,02,7,4,916.36072
2012,02,7,5,916.61051
2012,02,7,6,916.65965
2012,02,7,7,916.44743
2012,02,8,0,915.9852
2012,02,8,1,915.11845
2012,02,8,2,913.91635
2012,02,8,3,912.90018
2012,02,8,4,911.81235
2012,02,8,5,910.39671
2012,02,8,6,909.59352
2012,02,8,7,909.40266
2012,02,9,0,909.28582
2012,02,9,1,909.35889
2012,02,9,2,909.73424
2012,02,9,3,910.1745
2012,02,9,4,910.30139
2012,02,9,5,910.78716
2012,02,9,6,912.70203
2012,02,9,7,914.20513
2012,02,10,0,914.15016
2012,02,10,1,913.49711
2012,02,10,2,914.25423
2012,02,10,3,914.56626
2012,02,10,4,914.61996
2012,02,10,5,914.60616
2012,02,10,6,914.96932
2012,02,10,7,915.06357
2012,02,11,0,913.64467
2012,02,11,1,912.80594
2012,02,11,2,914.30279
2012,02,11,3,916.20044
2012,02,11,4,916.58392
2012,02,11,5,916.56128
2012,02,11,6,916.24363
2012,02,11,7,915.11819
2012,02,12,0,913.09652
2012,02,12,1,911.71528
2012,02,12,2,910.06866
2012,02,12,3,908.0098
2012,02,12,4,907.87029
2012,02,12,5,907.6504
2012,02,12,6,907.04541
2012,02,12,7,907.42471
2012,02,13,0,908.37199
2012,02,13,1,909.45728
2012,02,13,2,909.51638
2012,02,13,3,910.62119
2012,02,13,4,911.00234
2012,02,13,5,910.50693
2012,02,13,6,910.93554
2012,02,13,7,911.14137
2012,02,14,0,911.71145
2012,02,14,1,911.84129
2012,02,14,2,911.64509
2012,02,14,3,911.62818
2012,02,14,4,911.9841
2012,02,14,5,912.39718
2012,02,14,6,912.0322
2012,02,14,7,911.44904
2012,02,15,0,912.24931
2012,02,15,1,912.43718
2012,02,15,2,911.96743
2012,02,15,3,912.19037
2012,02,15,4,913.27504
2012,02,15,5,914.27475
2012,02,15,6,913.15103
2012,02,15,7,912.13649
2012,02,16,0,911.19547
2012,02,16,1,909.87905
2012,02,16,2,910.16168
2012,02,16,3,910.01396
2012,02,16,4,909.21612
2012,02,16,5,908.64561
2012,02,16,6,908.36514
2012,02,16,7,908.02826
2012,02,17,0,907.52588
2012,02,17,1,907.21308
2012,02,17,2,907.8139
2012,02,17,3,907.61972
2012,02,17,4,907.68535
2012,02,17,5,908.40148
2012,02,17,6,908.55652
2012,02,17,7,908.26988
2012,02,18,0,907.30299
2012,02,18,1,906.74745
2012,02,18,2,907.48323
2012,02,18,3,907.48782
2012,02,18,4,906.76543
2012,02,18,5,906.96621
2012,02,18,6,908.18106
2012,02,18,7,909.13499
2012,02,19,0,908.39012
2012,02,19,1,908.44223
2012,02,19,2,910.07934
2012,02,19,3,911.58638
2012,02,19,4,913.11539
2012,02,19,5,914.43878
2012,02,19,6,915.41218
2012,02,19,7,916.08667
2012,02,20,0,916.25274
2012,02,20,1,916.22432
2012,02,20,2,916.47212
2012,02,20,3,917.54331
2012,02,20,4,919.88062
2012,02,20,5,921.93641
2012,02,20,6,924.25229
2012,02,20,7,925.48325
2012,02,21,0,925.80131
2012,02,21,1,925.25278
2012,02,21,2,925.27021
2012,02,21,3,925.3263
2012,02,21,4,925.3053
2012,02,21,5,925.12741
2012,02,21,6,923.62227
2012,02,21,7,923.3072
2012,02,22,0,925.49513
2012,02,22,1,926.51718
2012,02,22,2,927.42585
2012,02,22,3,928.32178
2012,02,22,4,925.84061
2012,02,22,5,924.4954
2012,02,22,6,922.74962
2012,02,22,7,920.07335
2012,02,23,0,918.89536
2012,02,23,1,917.50945
2012,02,23,2,915.36228
2012,02,23,3,914.10443
2012,02,23,4,914.18212
2012,02,23,5,913.75778
2012,02,23,6,912.60245
2012,02,23,7,911.82049
2012,02,24,0,911.05321
2012,02,24,1,909.99149
2012,02,24,2,910.08644
2012,02,24,3,910.59064
2012,02,24,4,910.20024
2012,02,24,5,910.49271
2012,02,24,6,910.41845
2012,02,24,7,909.8138
2012,02,25,0,910.83182
2012,02,25,1,911.6202
2012,02,25,2,911.94314
2012,02,25,3,912.15136
2012,02,25,4,911.86177
2012,02,25,5,911.75957
2012,02,25,6,912.0717
2012,02,25,7,912.84374
2012,02,26,0,913.15701
2012,02,26,1,912.65034
2012,02,26,2,914.13766
2012,02,26,3,915.61859
2012,02,26,4,914.78147
2012,02,26,5,913.85704
2012,02,26,6,912.61205
2012,02,26,7,911.55315
2012,02,27,0,911.35041
2012,02,27,1,910.38724
2012,02,27,2,910.12524
2012,02,27,3,910.34229
2012,02,27,4,909.88769
2012,02,27,5,910.02241
2012,02,27,6,911.2445
2012,02,27,7,912.1212
2012,02,28,0,911.22036
2012,02,28,1,910.25569
2012,02,28,2,909.09863
2012,02,28,3,907.45207
2012,02,28,4,906.4321
2012,02,28,5,905.0181
2012,02,28,6,904.88772
2012,02,28,7,905.19058
2012,02,29,0,904.01699
2012,02,29,1,902.06776
2012,02,29,2,903.04521
2012,02,29,3,903.00119
2012,02,29,4,902.01565
2012,02,29,5,902.03496
2012,02,29,6,903.98979
2012,02,29,7,904.74333
2012,02,30,0,904.40747
2012,02,30,1,904.39522
2012,02,30,2,906.45152
2012,02,30,3,907.82892
2012,02,30,4,906.8758
2012,02,30,5,905.60993
2012,02,30,6,906.59849
2012,02,30,7,906.9028
2012,02,1,0,907.94566
2012,02,1,1,908.71353
2012,02,1,2,909.0517
2012,02,1,3,909.89948
2012,02,1,4,910.29062
2012,02,1,5,909.9872
2012,02,1,6,909.67588
2012,02,1,7,909.50848
2012,02,2,0,910.01197
2012,02,2,1,910.31346
2012,02,2,2,910.67662
2012,02,2,3,910.95682
2012,02,2,4,910.44351
2012,02,2,5,909.70363
2012,02,2,6,909.01948
2012,02,2,7,908.73236
2012,02,3,0,907.17202
2012,02,3,1,905.35483
2012,02,3,2,905.85322
2012,02,3,3,906.28989
2012,02,3,4,906.51832
2012,02,3,5,906.16618
2012,02,3,6,905.96072
2012,02,3,7,905.97656
2012,02,4,0,905.48611
2012,02,4,1,905.48278
2012,02,4,2,906.22267
2012,02,4,3,907.25966
2012,02,4,4,907.2023
2012,02,4,5,907.39232
2012,02,4,6,907.09362
2012,02,4,7,906.32577
2012,02,5,0,906.81703
2012,02,5,1,907.61617
2012,02,5,2,907.87161
2012,02,5,3,908.48116
2012,02,5,4,909.20315
2012,02,5,5,909.16809
2012,02,5,6,909.45957
2012,02,5,7,909.53713
2012,02,6,0,909.71384
2012,02,6,1,909.48957
2012,02,6,2,909.42025
2012,02,6,3,909.75071
2012,02,6,4,909.54089
2012,02,6,5,908.99554
2012,02,6,6,907.97339
2012,02,6,7,907.1971
2012,02,7,0,906.31999
2012,02,7,1,904.98583
2012,02,7,2,903.68224
2012,02,7,3,903.13217
2012,02,7,4,902.69227
2012,02,7,5,902.51729
2012,02,7,6,901.57045
2012,02,7,7,900.71898
2012,02,8,0,899.64874
2012,02,8,1,899.69985
2012,02,8,2,899.03554
2012,02,8,3,897.83164
2012,02,8,4,900.23762
2012,02,8,5,902.86625
2012,02,8,6,902.63588
2012,02,8,7,902.24129
2012,02,9,0,901.18188
2012,02,9,1,901.60536
2012,02,9,2,903.23676
2012,02,9,3,903.42591
2012,02,9,4,903.45914
2012,02,9,5,904.35512
2012,02,9,6,905.07738
2012,02,9,7,905.69611
2012,02,10,0,906.44219
2012,02,10,1,906.76348
2012,02,10,2,907.14265
2012,02,10,3,907.42114
2012,02,10,4,908.15824
2012,02,10,5,908.84027
2012,02,10,6,909.2284
2012,02,10,7,909.56977
2012,02,11,0,908.69973
2012,02,11,1,907.3178
2012,02,11,2,906.79701
2012,02,11,3,906.87755
2012,02,11,4,907.51744
2012,02,11,5,908.21027
2012,02,11,6,908.43988
2012,02,11,7,908.31685
2012,02,12,0,908.81427
2012,02,12,1,908.99997
2012,02,12,2,909.12329
2012,02,12,3,909.0321
2012,02,12,4,907.78439
2012,02,12,5,906.43411
2012,02,12,6,905.79077
2012,02,12,7,905.64701
2012,02,13,0,904.62686
2012,02,13,1,903.29747
2012,02,13,2,904.54893
2012,02,13,3,906.41807
2012,02,13,4,906.67347
2012,02,13,5,906.85333
2012,02,13,6,908.2179
2012,02,13,7,909.23276
2012,02,14,0,908.13377
2012,02,14,1,907.71591
2012,02,14,2,908.84018
2012,02,14,3,908.66208
2012,02,14,4,907.33254
2012,02,14,5,906.77435
2012,02,14,6,907.84054
2012,02,14,7,908.92703
2012,02,15,0,908.12602
2012,02,15,1,906.66716
2012,02,15,2,906.1103
2012,02,15,3,905.30038
2012,02,15,4,905.55019
2012,02,15,5,906.43418
2012,02,15,6,907.3322
2012,02,15,7,907.9473
2012,02,16,0,906.97932
2012,02,16,1,906.06691
2012,02,16,2,907.01715
2012,02,16,3,908.06356
2012,02,16,4,908.29695
2012,02,16,5,908.07384
2012,02,16,6,908.96514
2012,02,16,7,909.66072
2012,02,17,0,908.6258
2012,02,17,1,906.93945
2012,02,17,2,908.31173
2012,02,17,3,910.82757
2012,02,17,4,910.44726
2012,02,17,5,909.33059
2012,02,17,6,910.5631
2012,02,17,7,912.60583
2012,02,18,0,913.04044
2012,02,18,1,912.68837
2012,02,18,2,915.44221
2012,02,18,3,917.56786
2012,02,18,4,916.15223
2012,02,18,5,914.34035
2012,02,18,6,916.72768
2012,02,18,7,917.39982
2012,02,19,0,913.27269
2012,02,19,1,908.88859
2012,02,19,2,909.17338
2012,02,19,3,909.93337
2012,02,19,4,907.73392
2012,02,19,5,905.76046
2012,02,19,6,905.319
2012,02,19,7,905.1358
2012,02,20,0,905.23398
2012,02,20,1,903.98637
2012,02,20,2,905.64096
2012,02,20,3,907.94789
2012,02,20,4,907.53904
2012,02,20,5,907.10829
2012,02,20,6,909.65392
2012,02,20,7,911.22542
2012,02,21,0,911.86875
2012,02,21,1,912.90089
2012,02,21,2,914.75096
2012,02,21,3,914.90989
2012,02,21,4,912.53532
2012,02,21,5,911.28571
2012,02,21,6,910.97101
2012,02,21,7,910.27261
2012,02,22,0,910.70788
2012,02,22,1,911.28318
2012,02,22,2,910.99512
2012,02,22,3,910.54397
2012,02,22,4,911.72525
2012,02,22,5,912.90483
2012,02,22,6,911.66176
2012,02,22,7,910.72083
2012,02,23,0,910.52376
2012,02,23,1,909.09428
2012,02,23,2,909.39756
2012,02,23,3,910.37179
2012,02,23,4,911.37995
2012,02,23,5,912.62099
2012,02,23,6,912.76014
2012,02,23,7,913.64614
2012,02,24,0,914.41745
2012,02,24,1,915.33369
2012,02,24,2,916.79545
2012,02,24,3,917.42082
2012,02,24,4,917.3056
2012,02,24,5,916.91781
2012,02,24,6,915.19456
2012,02,24,7,912.44855
2012,02,25,0,910.46818
2012,02,25,1,909.05351
2012,02,25,2,909.48386
2012,02,25,3,910.53529
2012,02,25,4,910.4375
2012,02,25,5,910.70672
2012,02,25,6,912.36447
2012,02,25,7,913.34492
2012,02,26,0,912.91229
2012,02,26,1,912.15447
2012,02,26,2,912.1091
2012,02,26,3,912.8
2012,02,26,4,913.55606
2012,02,26,5,913.32551
2012,02,26,6,914.24906
2012,02,26,7,916.24772
2012,02,27,0,915.49258
2012,02,27,1,913.65175
2012,02,27,2,914.44623
2012,02,27,3,914.96071
2012,02,27,4,914.65579
2012,02,27,5,913.28591
2012,02,27,6,913.37232
2012,02,27,7,914.40682
2012,02,28,0,912.04166
2012,02,28,1,908.75088
2012,02,28,2,907.97463
2012,02,28,3,907.72077
2012,02,28,4,907.42674
2012,02,28,5,907.1821
2012,02,28,6,908.15638
2012,02,28,7,908.81041
2012,02,29,0,908.48106
2012,02,29,1,907.85766
2012,02,29,2,907.81258
2012,02,29,3,908.59139
2012,02,29,4,908.97343
2012,02,29,5,909.47535
2012,02,29,6,910.08018
2012,02,29,7,911.27149
2012,02,30,0,912.38293
2012,02,30,1,911.5252
2012,02,30,2,912.51835
2012,02,30,3,914.10384
2012,02,30,4,914.04401
2012,02,30,5,913.58133
2012,02,30,6,915.06985
2012,02,30,7,916.48226
2012,02,31,0,916.39254
2012,02,31,1,915.78847
2012,02,31,2,916.46323
2012,02,31,3,917.02414
2012,02,31,4,916.04957
2012,02,31,5,915.1441
2012,02,31,6,916.24293
2012,02,31,7,916.91052
2012,02,1,0,916.7271
2012,02,1,1,916.1687
2012,02,1,2,915.7894
2012,02,1,3,915.82983
2012,02,1,4,915.90342
2012,02,1,5,916.1039
2012,02,1,6,916.60288
2012,02,1,7,916.72209
2012,02,2,0,916.8578
2012,02,2,1,916.76504
2012,02,2,2,917.5181
2012,02,2,3,917.78431
2012,02,2,4,916.66997
2012,02,2,5,915.92828
2012,02,2,6,916.47193
2012,02,2,7,916.42703
2012,02,3,0,915.89733
2012,02,3,1,915.53739
2012,02,3,2,916.19828
2012,02,3,3,917.24212
2012,02,3,4,917.64628
2012,02,3,5,917.54572
2012,02,3,6,917.54114
2012,02,3,7,917.13594
2012,02,4,0,916.56077
2012,02,4,1,915.37122
2012,02,4,2,915.78471
2012,02,4,3,916.42499
2012,02,4,4,915.62199
2012,02,4,5,914.89286
2012,02,4,6,915.71438
2012,02,4,7,916.74517
2012,02,5,0,916.31774
2012,02,5,1,916.33926
2012,02,5,2,919.37162
2012,02,5,3,922.57958
2012,02,5,4,921.19766
2012,02,5,5,919.1967
2012,02,5,6,919.55986
2012,02,5,7,919.99825
2012,02,6,0,920.62052
2012,02,6,1,920.67888
2012,02,6,2,919.41455
2012,02,6,3,917.29989
2012,02,6,4,914.91786
2012,02,6,5,912.85705
2012,02,6,6,911.68049
2012,02,6,7,910.54693
2012,02,7,0,908.9651
2012,02,7,1,908.60528
2012,02,7,2,912.48625
2012,02,7,3,916.17864
2012,02,7,4,918.59712
2012,02,7,5,920.97153
2012,02,7,6,921.29496
2012,02,7,7,921.19066
2012,02,8,0,923.00307
2012,02,8,1,923.75239
2012,02,8,2,923.99252
2012,02,8,3,924.07539
2012,02,8,4,923.95382
2012,02,8,5,923.46121
2012,02,8,6,922.80924
2012,02,8,7,921.73105
2012,02,9,0,920.18373
2012,02,9,1,918.17959
2012,02,9,2,917.29677
2012,02,9,3,916.33572
2012,02,9,4,914.54355
2012,02,9,5,913.46528
2012,02,9,6,914.60725
2012,02,9,7,916.57044
2012,02,10,0,918.07628
2012,02,10,1,919.15118
2012,02,10,2,920.11994
2012,02,10,3,920.52437
2012,02,10,4,919.7899
2012,02,10,5,918.813
2012,02,10,6,918.32691
2012,02,10,7,918.13477
2012,02,11,0,917.96146
2012,02,11,1,917.89121
2012,02,11,2,918.52446
2012,02,11,3,919.28209
2012,02,11,4,919.31601
2012,02,11,5,919.37345
2012,02,11,6,918.83112
2012,02,11,7,918.04223
2012,02,12,0,918.48391
2012,02,12,1,918.49968
2012,02,12,2,918.52044
2012,02,12,3,918.28958
2012,02,12,4,917.63195
2012,02,12,5,916.53569
2012,02,12,6,915.81095
2012,02,12,7,915.55752
2012,02,13,0,914.91991
2012,02,13,1,913.66665
2012,02,13,2,913.14956
2012,02,13,3,913.1642
2012,02,13,4,912.98412
2012,02,13,5,912.79407
2012,02,13,6,913.31329
2012,02,13,7,913.54792
2012,02,14,0,912.8103
2012,02,14,1,912.6013
2012,02,14,2,913.37166
2012,02,14,3,914.17532
2012,02,14,4,914.34351
2012,02,14,5,914.31827
2012,02,14,6,915.28125
2012,02,14,7,915.68478
2012,02,15,0,914.983
2012,02,15,1,915.21228
2012,02,15,2,917.19422
2012,02,15,3,918.06945
2012,02,15,4,917.45644
2012,02,15,5,916.81193
2012,02,15,6,916.66244
2012,02,15,7,915.82599
2012,02,16,0,913.90941
2012,02,16,1,912.91479
2012,02,16,2,912.55481
2012,02,16,3,911.34317
2012,02,16,4,911.03247
2012,02,16,5,913.43792
2012,02,16,6,914.99578
2012,02,16,7,915.14714
2012,02,17,0,914.79114
2012,02,17,1,914.73046
2012,02,17,2,914.80461
2012,02,17,3,914.89282
2012,02,17,4,914.59633
2012,02,17,5,914.39136
2012,02,17,6,915.13189
2012,02,17,7,916.10619
2012,02,18,0,916.02697
2012,02,18,1,915.53626
2012,02,18,2,915.4204
2012,02,18,3,914.62691
2012,02,18,4,914.19302
2012,02,18,5,914.17749
2012,02,18,6,914.28214
2012,02,18,7,914.76429
2012,02,19,0,915.56176
2012,02,19,1,915.6966
2012,02,19,2,915.74638
2012,02,19,3,915.82094
2012,02,19,4,916.36104
2012,02,19,5,916.19038
2012,02,19,6,917.41999
2012,02,19,7,919.22697
2012,02,20,0,919.94495
2012,02,20,1,920.61616
2012,02,20,2,920.81802
2012,02,20,3,920.08484
2012,02,20,4,919.18557
2012,02,20,5,918.15891
2012,02,20,6,918.12639
2012,02,20,7,917.85763
2012,02,21,0,916.51427
2012,02,21,1,914.18014
2012,02,21,2,913.25459
2012,02,21,3,913.38828
2012,02,21,4,913.26836
2012,02,21,5,913.86131
2012,02,21,6,914.76574
2012,02,21,7,916.48691
2012,02,22,0,917.17264
2012,02,22,1,916.88217
2012,02,22,2,917.97644
2012,02,22,3,918.42189
2012,02,22,4,918.7473
2012,02,22,5,918.48729
2012,02,22,6,918.64941
2012,02,22,7,919.18635
2012,02,23,0,917.36978
2012,02,23,1,914.89095
2012,02,23,2,913.44178
2012,02,23,3,912.02993
2012,02,23,4,909.4481
2012,02,23,5,908.07268
2012,02,23,6,908.76418
2012,02,23,7,910.45756
2012,02,24,0,912.63108
2012,02,24,1,914.35947
2012,02,24,2,914.83358
2012,02,24,3,914.55588
2012,02,24,4,913.58647
2012,02,24,5,911.40433
2012,02,24,6,908.99278
2012,02,24,7,907.92615
2012,02,25,0,906.79667
2012,02,25,1,905.63122
2012,02,25,2,905.91997
2012,02,25,3,906.81752
2012,02,25,4,907.61961
2012,02,25,5,908.66608
2012,02,25,6,909.60171
2012,02,25,7,910.61403
2012,02,26,0,909.51118
2012,02,26,1,908.05792
2012,02,26,2,909.14448
2012,02,26,3,909.53942
2012,02,26,4,909.87104
2012,02,26,5,910.79655
2012,02,26,6,911.09726
2012,02,26,7,912.14263
2012,02,27,0,913.57905
2012,02,27,1,915.11525
2012,02,27,2,915.68222
2012,02,27,3,914.2894
2012,02,27,4,913.28709
2012,02,27,5,912.84848
2012,02,27,6,911.7318
2012,02,27,7,910.67835
2012,02,28,0,910.52868
2012,02,28,1,910.92887
2012,02,28,2,910.53837
2012,02,28,3,910.40086
2012,02,28,4,910.47349
2012,02,28,5,910.96026
2012,02,28,6,911.80918
2012,02,28,7,911.9526
2012,02,29,0,911.10581
2012,02,29,1,910.56334
2012,02,29,2,911.2896
2012,02,29,3,911.7148
2012,02,29,4,911.709
2012,02,29,5,911.86314
2012,02,29,6,912.23044
2012,02,29,7,912.31207
2012,02,30,0,912.20295
2012,02,30,1,911.91996
2012,02,30,2,912.20019
2012,02,30,3,911.89505
2012,02,30,4,911.09891
2012,02,30,5,910.23034
2012,02,30,6,910.77777
2012,02,30,7,911.03434
2012,02,1,0,910.47214
2012,02,1,1,909.43461
2012,02,1,2,910.21273
2012,02,1,3,911.13634
2012,02,1,4,910.90459
2012,02,1,5,910.3165
2012,02,1,6,911.08254
2012,02,1,7,911.56623
2012,02,2,0,911.19929
2012,02,2,1,910.31748
2012,02,2,2,910.05955
2012,02,2,3,909.51903
2012,02,2,4,908.80239
2012,02,2,5,907.88353
2012,02,2,6,907.55758
2012,02,2,7,907.77472
2012,02,3,0,907.8791
2012,02,3,1,908.08179
2012,02,3,2,908.07456
2012,02,3,3,908.17204
2012,02,3,4,910.27552
2012,02,3,5,911.93023
2012,02,3,6,912.86047
2012,02,3,7,913.62494
2012,02,4,0,913.22245
2012,02,4,1,911.92597
2012,02,4,2,911.75434
2012,02,4,3,911.43457
2012,02,4,4,910.67554
2012,02,4,5,909.89119
2012,02,4,6,910.34921
2012,02,4,7,910.89525
2012,02,5,0,910.02642
2012,02,5,1,909.14667
2012,02,5,2,909.82791
2012,02,5,3,910.03141
2012,02,5,4,908.84647
2012,02,5,5,907.87547
2012,02,5,6,908.71851
2012,02,5,7,909.53214
2012,02,6,0,908.74535
2012,02,6,1,908.02594
2012,02,6,2,908.14362
2012,02,6,3,908.61279
2012,02,6,4,908.61884
2012,02,6,5,908.8231
2012,02,6,6,909.32589
2012,02,6,7,909.74569
2012,02,7,0,909.22017
2012,02,7,1,908.53736
2012,02,7,2,909.17246
2012,02,7,3,909.61349
2012,02,7,4,910.35453
2012,02,7,5,911.3294
2012,02,7,6,912.47296
2012,02,7,7,913.23806
2012,02,8,0,912.66817
2012,02,8,1,912.11384
2012,02,8,2,912.16946
2012,02,8,3,912.48464
2012,02,8,4,912.06796
2012,02,8,5,911.24228
2012,02,8,6,911.90478
2012,02,8,7,912.69607
2012,02,9,0,912.27302
2012,02,9,1,912.2742
2012,02,9,2,912.71772
2012,02,9,3,912.93393
2012,02,9,4,912.37932
2012,02,9,5,911.58926
2012,02,9,6,912.97812
2012,02,9,7,914.9684
2012,02,10,0,914.67438
2012,02,10,1,914.26058
2012,02,10,2,915.36092
2012,02,10,3,915.971
2012,02,10,4,915.57668
2012,02,10,5,914.97078
2012,02,10,6,915.50875
2012,02,10,7,915.81811
2012,02,11,0,914.80763
2012,02,11,1,913.61148
2012,02,11,2,913.67484
2012,02,11,3,913.93124
2012,02,11,4,911.97851
2012,02,11,5,909.86346
2012,02,11,6,910.05473
2012,02,11,7,910.46955
2012,02,12,0,910.10782
2012,02,12,1,909.65411
2012,02,12,2,909.8807
2012,02,12,3,909.7138
2012,02,12,4,909.74306
2012,02,12,5,910.22836
2012,02,12,6,910.43528
2012,02,12,7,910.87211
2012,02,13,0,911.23329
2012,02,13,1,911.02963
2012,02,13,2,910.837
2012,02,13,3,910.74421
2012,02,13,4,910.94714
2012,02,13,5,911.17984
2012,02,13,6,912.13983
2012,02,13,7,913.41036
2012,02,14,0,913.7348
2012,02,14,1,913.59551
2012,02,14,2,913.50709
2012,02,14,3,913.22811
2012,02,14,4,912.17712
2012,02,14,5,911.56101
2012,02,14,6,912.14088
2012,02,14,7,912.47983
2012,02,15,0,911.93836
2012,02,15,1,911.2653
2012,02,15,2,910.8721
2012,02,15,3,910.67027
2012,02,15,4,911.23567
2012,02,15,5,912.1726
2012,02,15,6,913.47048
2012,02,15,7,914.0731
2012,02,16,0,914.00605
2012,02,16,1,913.72083
2012,02,16,2,913.657
2012,02,16,3,913.50675
2012,02,16,4,913.29269
2012,02,16,5,912.95269
2012,02,16,6,913.12673
2012,02,16,7,913.55103
2012,02,17,0,913.51498
2012,02,17,1,913.33535
2012,02,17,2,913.71451
2012,02,17,3,913.82301
2012,02,17,4,915.18226
2012,02,17,5,916.20567
2012,02,17,6,916.84905
2012,02,17,7,916.62072
2012,02,18,0,915.57019
2012,02,18,1,914.12356
2012,02,18,2,912.6451
2012,02,18,3,912.61613
2012,02,18,4,912.42358
2012,02,18,5,912.50062
2012,02,18,6,913.08878
2012,02,18,7,913.90801
2012,02,19,0,915.20047
2012,02,19,1,916.01759
2012,02,19,2,917.20035
2012,02,19,3,918.38469
2012,02,19,4,919.13109
2012,02,19,5,919.22506
2012,02,19,6,919.20654
2012,02,19,7,918.97757
2012,02,20,0,918.64509
2012,02,20,1,917.77946
2012,02,20,2,916.03656
2012,02,20,3,915.18164
2012,02,20,4,916.15818
2012,02,20,5,916.24776
2012,02,20,6,915.31464
2012,02,20,7,915.12927
2012,02,21,0,914.92926
2012,02,21,1,914.67701
2012,02,21,2,914.72681
2012,02,21,3,915.06864
2012,02,21,4,915.90987
2012,02,21,5,916.6036
2012,02,21,6,917.07375
2012,02,21,7,917.49641
2012,02,22,0,917.24958
2012,02,22,1,915.8239
2012,02,22,2,916.35647
2012,02,22,3,917.53765
2012,02,22,4,917.95303
2012,02,22,5,918.22033
2012,02,22,6,919.21112
2012,02,22,7,920.00924
2012,02,23,0,919.76536
2012,02,23,1,918.78205
2012,02,23,2,918.69171
2012,02,23,3,919.1632
2012,02,23,4,918.89568
2012,02,23,5,918.69206
2012,02,23,6,918.51666
2012,02,23,7,918.44386
2012,02,24,0,917.57058
2012,02,24,1,916.45677
2012,02,24,2,916.83464
2012,02,24,3,917.32417
2012,02,24,4,917.4454
2012,02,24,5,917.52816
2012,02,24,6,917.98487
2012,02,24,7,918.2823
2012,02,25,0,917.60461
2012,02,25,1,916.9672
2012,02,25,2,917.2025
2012,02,25,3,917.49879
2012,02,25,4,917.70081
2012,02,25,5,918.3194
2012,02,25,6,919.65054
2012,02,25,7,920.95396
2012,02,26,0,922.3083
2012,02,26,1,923.5459
2012,02,26,2,924.38107
2012,02,26,3,924.92702
2012,02,26,4,924.18119
2012,02,26,5,923.68421
2012,02,26,6,922.94528
2012,02,26,7,921.99858
2012,02,27,0,922.65045
2012,02,27,1,922.97977
2012,02,27,2,921.50618
2012,02,27,3,920.35247
2012,02,27,4,920.41544
2012,02,27,5,920.10563
2012,02,27,6,919.4897
2012,02,27,7,919.0509
2012,02,28,0,918.88565
2012,02,28,1,918.23944
2012,02,28,2,916.01727
2012,02,28,3,914.31246
2012,02,28,4,913.58442
2012,02,28,5,912.82987
2012,02,28,6,912.34651
2012,02,28,7,912.75798
2012,02,29,0,913.03595
2012,02,29,1,913.08385
2012,02,29,2,913.32069
2012,02,29,3,913.51698
2012,02,29,4,913.27183
2012,02,29,5,912.72193
2012,02,29,6,913.46125
2012,02,29,7,914.38593
2012,02,30,0,913.85413
2012,02,30,1,913.07972
2012,02,30,2,912.9971
2012,02,30,3,912.51112
2012,02,30,4,912.48977
2012,02,30,5,912.91734
2012,02,30,6,913.09197
2012,02,30,7,913.45383
2012,02,31,0,913.86836
2012,02,31,1,913.73942
2012,02,31,2,912.7748
2012,02,31,3,911.82486
2012,02,31,4,912.50715
2012,02,31,5,912.97837
2012,02,31,6,912.92535
2012,02,31,7,913.76014
2013,02,1,0,914.23541
2013,02,1,1,914.27931
2013,02,1,2,915.17381
2013,02,1,3,916.55426
2013,02,1,4,916.56612
2013,02,1,5,917.07843
2013,02,1,6,918.33376
2013,02,1,7,918.97705
2013,02,2,0,919.16604
2013,02,2,1,918.81589
2013,02,2,2,919.53713
2013,02,2,3,920.20396
2013,02,2,4,920.14114
2013,02,2,5,919.9761
2013,02,2,6,919.99514
2013,02,2,7,919.7812
2013,02,3,0,918.40403
2013,02,3,1,917.59752
2013,02,3,2,918.05494
2013,02,3,3,918.01012
2013,02,3,4,916.74173
2013,02,3,5,915.74266
2013,02,3,6,916.32274
2013,02,3,7,916.52802
2013,02,4,0,916.97337
2013,02,4,1,917.79914
2013,02,4,2,918.56257
2013,02,4,3,919.02706
2013,02,4,4,918.80277
2013,02,4,5,918.42876
2013,02,4,6,918.16162
2013,02,4,7,917.60084
2013,02,5,0,917.15023
2013,02,5,1,916.18678
2013,02,5,2,915.13998
2013,02,5,3,914.57513
2013,02,5,4,914.43967
2013,02,5,5,914.37147
2013,02,5,6,914.54804
2013,02,5,7,914.70444
2013,02,6,0,914.81475
2013,02,6,1,914.32898
2013,02,6,2,914.1293
2013,02,6,3,914.37522
2013,02,6,4,915.03864
2013,02,6,5,915.23363
2013,02,6,6,915.6418
2013,02,6,7,915.98407
2013,02,7,0,915.94515
2013,02,7,1,916.2619
2013,02,7,2,916.75999
2013,02,7,3,917.19246
2013,02,7,4,917.25287
2013,02,7,5,916.92716
2013,02,7,6,916.32765
2013,02,7,7,916.01944
2013,02,8,0,915.92321
2013,02,8,1,915.48565
2013,02,8,2,915.33804
2013,02,8,3,915.19973
2013,02,8,4,915.55819
2013,02,8,5,915.95848
2013,02,8,6,916.82212
2013,02,8,7,917.93283
2013,02,9,0,917.88414
2013,02,9,1,917.50959
2013,02,9,2,917.01941
2013,02,9,3,916.5588
2013,02,9,4,916.76478
2013,02,9,5,916.42319
2013,02,9,6,916.09211
2013,02,9,7,915.42357
2013,02,10,0,914.48034
2013,02,10,1,913.2555
2013,02,10,2,912.37391
2013,02,10,3,911.40467
2013,02,10,4,910.9676
2013,02,10,5,910.55426
2013,02,10,6,910.83456
2013,02,10,7,911.32111
2013,02,11,0,911.19709
2013,02,11,1,910.82975
2013,02,11,2,909.61528
2013,02,11,3,908.65387
2013,02,11,4,908.71984
2013,02,11,5,908.2306
2013,02,11,6,908.19648
2013,02,11,7,909.1179
2013,02,12,0,909.61855
2013,02,12,1,909.86888
2013,02,12,2,909.84939
2013,02,12,3,909.85044
2013,02,12,4,910.9498
2013,02,12,5,911.07615
2013,02,12,6,911.94409
2013,02,12,7,913.35321
2013,02,13,0,912.99041
2013,02,13,1,912.00202
2013,02,13,2,911.13346
2013,02,13,3,911.02629
2013,02,13,4,912.32606
2013,02,13,5,913.34291
2013,02,13,6,913.42303
2013,02,13,7,913.47969
2013,02,14,0,914.63912
2013,02,14,1,915.40722
2013,02,14,2,915.69882
2013,02,14,3,916.17238
2013,02,14,4,916.33458
2013,02,14,5,916.29676
2013,02,14,6,916.60584
2013,02,14,7,916.52607
2013,02,15,0,915.66469
2013,02,15,1,914.58211
2013,02,15,2,914.2039
2013,02,15,3,913.48536
2013,02,15,4,912.25503
2013,02,15,5,910.9625
2013,02,15,6,909.69049
2013,02,15,7,908.84973
2013,02,16,0,908.5727
2013,02,16,1,908.60266
2013,02,16,2,907.75465
2013,02,16,3,906.99245
2013,02,16,4,907.59946
2013,02,16,5,908.30901
2013,02,16,6,908.22161
2013,02,16,7,908.73731
2013,02,17,0,908.72382
2013,02,17,1,908.44767
2013,02,17,2,909.05483
2013,02,17,3,909.47406
2013,02,17,4,909.6569
2013,02,17,5,909.97962
2013,02,17,6,910.52894
2013,02,17,7,911.08445
2013,02,18,0,911.94926
2013,02,18,1,912.19089
2013,02,18,2,912.53158
2013,02,18,3,913.26949
2013,02,18,4,913.16759
2013,02,18,5,912.8104
2013,02,18,6,912.34696
2013,02,18,7,911.4694
2013,02,19,0,910.10068
2013,02,19,1,909.01993
2013,02,19,2,909.28233
2013,02,19,3,909.01575
2013,02,19,4,909.58542
2013,02,19,5,910.49119
2013,02,19,6,911.67673
2013,02,19,7,912.97975
2013,02,20,0,912.44868
2013,02,20,1,910.9082
2013,02,20,2,910.28879
2013,02,20,3,910.22988
2013,02,20,4,911.76174
2013,02,20,5,913.32181
2013,02,20,6,913.65807
2013,02,20,7,913.61665
2013,02,21,0,913.66767
2013,02,21,1,913.98248
2013,02,21,2,913.92282
2013,02,21,3,913.94177
2013,02,21,4,914.13271
2013,02,21,5,913.91754
2013,02,21,6,915.86017
2013,02,21,7,917.71026
2013,02,22,0,917.07444
2013,02,22,1,916.47027
2013,02,22,2,916.32537
2013,02,22,3,915.76484
2013,02,22,4,913.89242
2013,02,22,5,911.89932
2013,02,22,6,911.92244
2013,02,22,7,912.35065
2013,02,23,0,909.80393
2013,02,23,1,907.51226
2013,02,23,2,907.59503
2013,02,23,3,907.76614
2013,02,23,4,907.04052
2013,02,23,5,906.42822
2013,02,23,6,906.94751
2013,02,23,7,907.42935
2013,02,24,0,908.02298
2013,02,24,1,908.41485
2013,02,24,2,908.66362
2013,02,24,3,908.9756
2013,02,24,4,909.06816
2013,02,24,5,909.47439
2013,02,24,6,909.98875
2013,02,24,7,910.47267
2013,02,25,0,910.21607
2013,02,25,1,909.98131
2013,02,25,2,910.32459
2013,02,25,3,910.16482
2013,02,25,4,910.18647
2013,02,25,5,910.70926
2013,02,25,6,910.65571
2013,02,25,7,910.21315
2013,02,26,0,909.96563
2013,02,26,1,909.45068
2013,02,26,2,909.19855
2013,02,26,3,909.32372
2013,02,26,4,908.74072
2013,02,26,5,908.25252
2013,02,26,6,908.64986
2013,02,26,7,908.75266
2013,02,27,0,908.37577
2013,02,27,1,907.7078
2013,02,27,2,907.02277
2013,02,27,3,906.05197
2013,02,27,4,905.88937
2013,02,27,5,906.60229
2013,02,27,6,907.60486
2013,02,27,7,907.75364
2013,02,28,0,907.38467
2013,02,28,1,907.33998
2013,02,28,2,907.44817
2013,02,28,3,907.80251
2013,02,28,4,907.1783
2013,02,28,5,906.61759
2013,02,28,6,906.78765
2013,02,28,7,906.98562
2013,02,29,0,906.45267
2013,02,29,1,906.24147
2013,02,29,2,906.20054
2013,02,29,3,905.8356
2013,02,29,4,905.51737
2013,02,29,5,905.84422
2013,02,29,6,907.5433
2013,02,29,7,908.72427
2013,02,30,0,909.70154
2013,02,30,1,910.36397
2013,02,30,2,910.68027
2013,02,30,3,911.13499
2013,02,30,4,911.23099
2013,02,30,5,911.34194
2013,02,30,6,911.71206
2013,02,30,7,911.7842
2013,02,31,0,911.28502
2013,02,31,1,910.21066
2013,02,31,2,910.07765
2013,02,31,3,909.96606
2013,02,31,4,908.80487
2013,02,31,5,907.43048
2013,02,31,6,906.65899
2013,02,31,7,906.03681
2013,02,1,0,905.48606
2013,02,1,1,905.53227
2013,02,1,2,906.04704
2013,02,1,3,906.45464
2013,02,1,4,905.52716
2013,02,1,5,904.91646
2013,02,1,6,905.25722
2013,02,1,7,905.59936
2013,02,2,0,905.5414
2013,02,2,1,905.22095
2013,02,2,2,905.40448
2013,02,2,3,905.58523
2013,02,2,4,904.8346
2013,02,2,5,904.34761
2013,02,2,6,904.70617
2013,02,2,7,904.7479
2013,02,3,0,904.6325
2013,02,3,1,904.52141
2013,02,3,2,904.81586
2013,02,3,3,905.13048
2013,02,3,4,905.06336
2013,02,3,5,905.11209
2013,02,3,6,905.9375
2013,02,3,7,906.54899
2013,02,4,0,906.57827
2013,02,4,1,906.73582
2013,02,4,2,907.30767
2013,02,4,3,907.94994
2013,02,4,4,907.74256
2013,02,4,5,907.12342
2013,02,4,6,907.1375
2013,02,4,7,906.88253
2013,02,5,0,906.29589
2013,02,5,1,905.91893
2013,02,5,2,905.63584
2013,02,5,3,905.3269
2013,02,5,4,905.23774
2013,02,5,5,905.1064
2013,02,5,6,905.45134
2013,02,5,7,905.91515
2013,02,6,0,905.66743
2013,02,6,1,905.48833
2013,02,6,2,906.08792
2013,02,6,3,906.32432
2013,02,6,4,906.24989
2013,02,6,5,906.33254
2013,02,6,6,906.41516
2013,02,6,7,906.30645
2013,02,7,0,906.26124
2013,02,7,1,905.96793
2013,02,7,2,905.55125
2013,02,7,3,904.93748
2013,02,7,4,904.1737
2013,02,7,5,903.53564
2013,02,7,6,904.14139
2013,02,7,7,904.73645
2013,02,8,0,904.51305
2013,02,8,1,904.654
2013,02,8,2,905.22145
2013,02,8,3,905.72252
2013,02,8,4,906.50709
2013,02,8,5,907.35861
2013,02,8,6,907.98659
2013,02,8,7,908.55242
2013,02,9,0,908.00048
2013,02,9,1,907.53659
2013,02,9,2,908.4588
2013,02,9,3,909.21815
2013,02,9,4,908.43118
2013,02,9,5,907.61843
2013,02,9,6,908.05258
2013,02,9,7,908.42548
2013,02,10,0,907.94402
2013,02,10,1,907.66754
2013,02,10,2,907.77612
2013,02,10,3,907.65572
2013,02,10,4,907.92554
2013,02,10,5,907.9729
2013,02,10,6,908.64896
2013,02,10,7,909.15754
2013,02,11,0,908.45632
2013,02,11,1,908.06934
2013,02,11,2,908.59518
2013,02,11,3,909.03717
2013,02,11,4,909.2643
2013,02,11,5,909.2179
2013,02,11,6,910.12846
2013,02,11,7,911.26558
2013,02,12,0,911.06314
2013,02,12,1,910.98838
2013,02,12,2,911.62543
2013,02,12,3,911.72955
2013,02,12,4,911.92581
2013,02,12,5,912.08577
2013,02,12,6,912.89698
2013,02,12,7,913.50835
2013,02,13,0,913.5191
2013,02,13,1,913.48548
2013,02,13,2,913.77292
2013,02,13,3,914.26024
2013,02,13,4,914.65295
2013,02,13,5,915.28692
2013,02,13,6,916.31075
2013,02,13,7,917.05409
2013,02,14,0,917.09122
2013,02,14,1,916.95276
2013,02,14,2,917.35734
2013,02,14,3,917.82325
2013,02,14,4,918.26751
2013,02,14,5,918.1636
2013,02,14,6,918.60164
2013,02,14,7,919.00893
2013,02,15,0,917.96385
2013,02,15,1,916.78049
2013,02,15,2,915.84325
2013,02,15,3,914.78554
2013,02,15,4,913.34474
2013,02,15,5,911.89757
2013,02,15,6,911.50078
2013,02,15,7,910.98668
2013,02,16,0,910.27841
2013,02,16,1,909.00269
2013,02,16,2,907.72234
2013,02,16,3,907.1497
2013,02,16,4,906.71448
2013,02,16,5,906.47209
2013,02,16,6,906.44089
2013,02,16,7,905.95905
2013,02,17,0,905.69316
2013,02,17,1,905.46074
2013,02,17,2,904.98307
2013,02,17,3,904.83831
2013,02,17,4,905.9256
2013,02,17,5,906.86507
2013,02,17,6,907.29239
2013,02,17,7,908.28785
2013,02,18,0,908.09341
2013,02,18,1,907.51998
2013,02,18,2,908.08949
2013,02,18,3,909.09819
2013,02,18,4,909.40879
2013,02,18,5,909.45129
2013,02,18,6,910.60472
2013,02,18,7,911.63116
2013,02,19,0,911.82602
2013,02,19,1,912.02912
2013,02,19,2,912.78286
2013,02,19,3,913.53054
2013,02,19,4,913.76691
2013,02,19,5,913.96961
2013,02,19,6,913.71323
2013,02,19,7,913.7013
2013,02,20,0,915.51057
2013,02,20,1,916.61027
2013,02,20,2,917.03168
2013,02,20,3,917.39815
2013,02,20,4,916.98565
2013,02,20,5,915.82499
2013,02,20,6,914.13753
2013,02,20,7,912.08283
2013,02,21,0,911.9339
2013,02,21,1,913.97522
2013,02,21,2,914.97111
2013,02,21,3,912.26468
2013,02,21,4,910.42422
2013,02,21,5,908.52004
2013,02,21,6,907.9432
2013,02,21,7,907.5983
2013,02,22,0,908.51654
2013,02,22,1,908.84742
2013,02,22,2,908.25504
2013,02,22,3,907.50951
2013,02,22,4,907.46099
2013,02,22,5,907.36898
2013,02,22,6,907.22828
2013,02,22,7,906.99801
2013,02,23,0,907.23082
2013,02,23,1,907.71155
2013,02,23,2,907.9244
2013,02,23,3,908.78938
2013,02,23,4,909.49394
2013,02,23,5,909.87343
2013,02,23,6,910.47003
2013,02,23,7,910.8318
2013,02,24,0,911.516
2013,02,24,1,912.05512
2013,02,24,2,912.45473
2013,02,24,3,912.75972
2013,02,24,4,912.30937
2013,02,24,5,911.76131
2013,02,24,6,910.99421
2013,02,24,7,910.57683
2013,02,25,0,910.18775
2013,02,25,1,909.44844
2013,02,25,2,909.51361
2013,02,25,3,909.79178
2013,02,25,4,909.25378
2013,02,25,5,909.1011
2013,02,25,6,908.98007
2013,02,25,7,909.05268
2013,02,26,0,907.9153
2013,02,26,1,906.04716
2013,02,26,2,905.40065
2013,02,26,3,906.45532
2013,02,26,4,907.26039
2013,02,26,5,908.77807
2013,02,26,6,911.01379
2013,02,26,7,912.3112
2013,02,27,0,912.16851
2013,02,27,1,911.51307
2013,02,27,2,910.94073
2013,02,27,3,910.8761
2013,02,27,4,911.34944
2013,02,27,5,911.78064
2013,02,27,6,913.35519
2013,02,27,7,914.7742
2013,02,28,0,914.45804
2013,02,28,1,913.21295
2013,02,28,2,913.79952
2013,02,28,3,914.66961
2013,02,28,4,913.52986
2013,02,28,5,912.13692
2013,02,28,6,912.5121
2013,02,28,7,912.72109
2013,02,1,0,911.41507
2013,02,1,1,909.78156
2013,02,1,2,909.28208
2013,02,1,3,908.86876
2013,02,1,4,907.55879
2013,02,1,5,906.21025
2013,02,1,6,906.15991
2013,02,1,7,906.38519
2013,02,2,0,905.66532
2013,02,2,1,904.73375
2013,02,2,2,905.00232
2013,02,2,3,905.28176
2013,02,2,4,904.89039
2013,02,2,5,904.65095
2013,02,2,6,904.97607
2013,02,2,7,905.36388
2013,02,3,0,906.03739
2013,02,3,1,906.61402
2013,02,3,2,907.30706
2013,02,3,3,907.65194
2013,02,3,4,908.90126
2013,02,3,5,910.06749
2013,02,3,6,910.41537
2013,02,3,7,910.31904
2013,02,4,0,909.96359
2013,02,4,1,909.43617
2013,02,4,2,908.98891
2013,02,4,3,908.45823
2013,02,4,4,908.03942
2013,02,4,5,907.4143
2013,02,4,6,906.60785
2013,02,4,7,905.8121
2013,02,5,0,905.6737
2013,02,5,1,905.20843
2013,02,5,2,903.95427
2013,02,5,3,903.11697
2013,02,5,4,903.44941
2013,02,5,5,903.70864
2013,02,5,6,904.36523
2013,02,5,7,905.35001
2013,02,6,0,904.97691
2013,02,6,1,904.01872
2013,02,6,2,904.24511
2013,02,6,3,905.10756
2013,02,6,4,906.42553
2013,02,6,5,907.54488
2013,02,6,6,908.61418
2013,02,6,7,909.08291
2013,02,7,0,908.47239
2013,02,7,1,908.18655
2013,02,7,2,909.61922
2013,02,7,3,910.90248
2013,02,7,4,910.4919
2013,02,7,5,910.28627
2013,02,7,6,911.39887
2013,02,7,7,912.04199
2013,02,8,0,911.28308
2013,02,8,1,910.25135
2013,02,8,2,910.09251
2013,02,8,3,909.78355
2013,02,8,4,909.81611
2013,02,8,5,910.15805
2013,02,8,6,910.66648
2013,02,8,7,910.8765
2013,02,9,0,911.14394
2013,02,9,1,911.69554
2013,02,9,2,912.04829
2013,02,9,3,911.37088
2013,02,9,4,911.12906
2013,02,9,5,911.00561
2013,02,9,6,911.55181
2013,02,9,7,911.6481
2013,02,10,0,912.13799
2013,02,10,1,912.95791
2013,02,10,2,912.23691
2013,02,10,3,910.69089
2013,02,10,4,909.14089
2013,02,10,5,908.70895
2013,02,10,6,909.4763
2013,02,10,7,910.01425
2013,02,11,0,910.14658
2013,02,11,1,910.27115
2013,02,11,2,911.83812
2013,02,11,3,912.65766
2013,02,11,4,912.50604
2013,02,11,5,912.32709
2013,02,11,6,910.87448
2013,02,11,7,910.67017
2013,02,12,0,911.14906
2013,02,12,1,910.23582
2013,02,12,2,910.3404
2013,02,12,3,910.35772
2013,02,12,4,909.88132
2013,02,12,5,910.24673
2013,02,12,6,910.67834
2013,02,12,7,910.42858
2013,02,13,0,909.46925
2013,02,13,1,907.25298
2013,02,13,2,906.83754
2013,02,13,3,907.1326
2013,02,13,4,906.69921
2013,02,13,5,906.41528
2013,02,13,6,906.64376
2013,02,13,7,907.74866
2013,02,14,0,908.26854
2013,02,14,1,908.24896
2013,02,14,2,909.17602
2013,02,14,3,909.41534
2013,02,14,4,910.33117
2013,02,14,5,910.53168
2013,02,14,6,909.42282
2013,02,14,7,908.55531
2013,02,15,0,907.4167
2013,02,15,1,906.56251
2013,02,15,2,907.87676
2013,02,15,3,908.03368
2013,02,15,4,907.02002
2013,02,15,5,906.76959
2013,02,15,6,907.73482
2013,02,15,7,908.9339
2013,02,16,0,909.71825
2013,02,16,1,910.00802
2013,02,16,2,910.34214
2013,02,16,3,910.09187
2013,02,16,4,910.0545
2013,02,16,5,909.8088
2013,02,16,6,911.11608
2013,02,16,7,912.1388
2013,02,17,0,911.50116
2013,02,17,1,911.29352
2013,02,17,2,911.70112
2013,02,17,3,911.68555
2013,02,17,4,911.62687
2013,02,17,5,910.95988
2013,02,17,6,910.69366
2013,02,17,7,910.81125
2013,02,18,0,911.30919
2013,02,18,1,911.36215
2013,02,18,2,910.84641
2013,02,18,3,910.50499
2013,02,18,4,911.64049
2013,02,18,5,911.49678
2013,02,18,6,910.0341
2013,02,18,7,908.73998
2013,02,19,0,906.19345
2013,02,19,1,903.71637
2013,02,19,2,902.72274
2013,02,19,3,901.80697
2013,02,19,4,902.0556
2013,02,19,5,901.86698
2013,02,19,6,901.51984
2013,02,19,7,901.41429
2013,02,20,0,900.33553
2013,02,20,1,899.43759
2013,02,20,2,899.21779
2013,02,20,3,899.28399
2013,02,20,4,900.06896
2013,02,20,5,900.60933
2013,02,20,6,899.87452
2013,02,20,7,899.32328
2013,02,21,0,900.34228
2013,02,21,1,901.18725
2013,02,21,2,902.06847
2013,02,21,3,902.76619
2013,02,21,4,903.51695
2013,02,21,5,904.18933
2013,02,21,6,904.63767
2013,02,21,7,905.22919
2013,02,22,0,904.96629
2013,02,22,1,904.50036
2013,02,22,2,905.53252
2013,02,22,3,906.08287
2013,02,22,4,906.87494
2013,02,22,5,908.01089
2013,02,22,6,908.37233
2013,02,22,7,908.29051
2013,02,23,0,909.11393
2013,02,23,1,909.68125
2013,02,23,2,909.28622
2013,02,23,3,908.133
2013,02,23,4,908.47721
2013,02,23,5,909.06994
2013,02,23,6,908.61725
2013,02,23,7,908.47058
2013,02,24,0,907.74033
2013,02,24,1,906.30431
2013,02,24,2,906.37522
2013,02,24,3,906.6077
2013,02,24,4,906.5275
2013,02,24,5,906.45661
2013,02,24,6,907.33131
2013,02,24,7,907.95477
2013,02,25,0,906.88244
2013,02,25,1,905.81303
2013,02,25,2,905.70041
2013,02,25,3,905.639
2013,02,25,4,906.25726
2013,02,25,5,905.96254
2013,02,25,6,906.97327
2013,02,25,7,907.8979
2013,02,26,0,907.70353
2013,02,26,1,907.49399
2013,02,26,2,907.12066
2013,02,26,3,906.33049
2013,02,26,4,906.86716
2013,02,26,5,906.86138
2013,02,26,6,907.58749
2013,02,26,7,908.21895
2013,02,27,0,906.40819
2013,02,27,1,904.5766
2013,02,27,2,904.66657
2013,02,27,3,903.71724
2013,02,27,4,903.98259
2013,02,27,5,904.93902
2013,02,27,6,906.00944
2013,02,27,7,906.50963
2013,02,28,0,905.68226
2013,02,28,1,903.69631
2013,02,28,2,903.61536
2013,02,28,3,903.79081
2013,02,28,4,903.32954
2013,02,28,5,902.60963
2013,02,28,6,902.16131
2013,02,28,7,902.67822
2013,02,29,0,902.7563
2013,02,29,1,902.49035
2013,02,29,2,903.34065
2013,02,29,3,903.95353
2013,02,29,4,903.06948
2013,02,29,5,902.0541
2013,02,29,6,901.86248
2013,02,29,7,902.85932
2013,02,30,0,902.58711
2013,02,30,1,901.65125
2013,02,30,2,902.93423
2013,02,30,3,904.1678
2013,02,30,4,904.37619
2013,02,30,5,904.30721
2013,02,30,6,904.3138
2013,02,30,7,904.50119
2013,02,31,0,902.91527
2013,02,31,1,903.39442
2013,02,31,2,906.20386
2013,02,31,3,906.8538
2013,02,31,4,907.3881
2013,02,31,5,907.74151
2013,02,31,6,907.09026
2013,02,31,7,906.76
2013,02,1,0,907.04159
2013,02,1,1,906.88898
2013,02,1,2,907.24274
2013,02,1,3,907.32276
2013,02,1,4,907.78608
2013,02,1,5,908.45458
2013,02,1,6,908.34372
2013,02,1,7,908.12892
2013,02,2,0,908.17816
2013,02,2,1,907.67932
2013,02,2,2,906.44449
2013,02,2,3,906.01058
2013,02,2,4,905.74667
2013,02,2,5,905.06097
2013,02,2,6,904.70664
2013,02,2,7,904.58176
2013,02,3,0,903.83734
2013,02,3,1,904.16284
2013,02,3,2,904.3169
2013,02,3,3,905.39623
2013,02,3,4,906.04848
2013,02,3,5,906.63227
2013,02,3,6,906.78916
2013,02,3,7,907.5323
2013,02,4,0,908.20647
2013,02,4,1,908.24552
2013,02,4,2,908.69129
2013,02,4,3,908.99345
2013,02,4,4,908.89871
2013,02,4,5,908.50457
2013,02,4,6,908.0692
2013,02,4,7,907.38615
2013,02,5,0,905.92151
2013,02,5,1,904.22866
2013,02,5,2,903.46481
2013,02,5,3,903.09125
2013,02,5,4,902.57945
2013,02,5,5,902.67648
2013,02,5,6,903.08522
2013,02,5,7,903.76995
2013,02,6,0,904.39084
2013,02,6,1,905.48409
2013,02,6,2,907.8177
2013,02,6,3,910.15601
2013,02,6,4,910.76031
2013,02,6,5,911.07532
2013,02,6,6,911.51619
2013,02,6,7,913.11359
2013,02,7,0,915.10865
2013,02,7,1,915.9999
2013,02,7,2,916.18261
2013,02,7,3,916.71649
2013,02,7,4,916.66042
2013,02,7,5,917.0735
2013,02,7,6,918.54289
2013,02,7,7,919.32626
2013,02,8,0,918.89971
2013,02,8,1,917.77399
2013,02,8,2,917.63869
2013,02,8,3,917.43245
2013,02,8,4,917.83148
2013,02,8,5,918.60074
2013,02,8,6,917.56065
2013,02,8,7,915.89861
2013,02,9,0,912.44338
2013,02,9,1,909.54043
2013,02,9,2,906.68888
2013,02,9,3,904.87541
2013,02,9,4,905.81422
2013,02,9,5,905.97093
2013,02,9,6,907.54163
2013,02,9,7,908.50588
2013,02,10,0,908.01306
2013,02,10,1,908.03602
2013,02,10,2,910.15363
2013,02,10,3,912.17827
2013,02,10,4,914.56977
2013,02,10,5,916.08016
2013,02,10,6,914.91315
2013,02,10,7,913.61065
2013,02,11,0,910.93255
2013,02,11,1,908.65902
2013,02,11,2,908.03532
2013,02,11,3,907.92867
2013,02,11,4,908.79958
2013,02,11,5,908.98745
2013,02,11,6,909.64727
2013,02,11,7,910.33481
2013,02,12,0,910.29782
2013,02,12,1,910.8145
2013,02,12,2,910.46619
2013,02,12,3,908.74988
2013,02,12,4,907.77108
2013,02,12,5,906.80744
2013,02,12,6,906.33688
2013,02,12,7,905.72531
2013,02,13,0,904.46323
2013,02,13,1,903.94072
2013,02,13,2,904.45175
2013,02,13,3,904.47738
2013,02,13,4,905.30031
2013,02,13,5,906.03398
2013,02,13,6,907.31098
2013,02,13,7,908.09671
2013,02,14,0,906.89075
2013,02,14,1,905.88318
2013,02,14,2,907.51221
2013,02,14,3,908.72542
2013,02,14,4,909.13981
2013,02,14,5,910.18131
2013,02,14,6,910.58405
2013,02,14,7,911.02253
2013,02,15,0,911.49867
2013,02,15,1,911.54296
2013,02,15,2,912.89401
2013,02,15,3,914.30221
2013,02,15,4,914.79843
2013,02,15,5,915.61243
2013,02,15,6,917.77582
2013,02,15,7,918.41088
2013,02,16,0,917.96133
2013,02,16,1,917.06893
2013,02,16,2,915.67568
2013,02,16,3,913.28851
2013,02,16,4,911.48713
2013,02,16,5,909.82499
2013,02,16,6,907.73748
2013,02,16,7,906.47577
2013,02,17,0,905.82264
2013,02,17,1,907.30977
2013,02,17,2,908.34309
2013,02,17,3,909.75419
2013,02,17,4,911.03395
2013,02,17,5,912.567
2013,02,17,6,915.4357
2013,02,17,7,917.35086
2013,02,18,0,915.07204
2013,02,18,1,913.01904
2013,02,18,2,914.00182
2013,02,18,3,914.58377
2013,02,18,4,915.20616
2013,02,18,5,914.44119
2013,02,18,6,913.83821
2013,02,18,7,913.64406
2013,02,19,0,912.34078
2013,02,19,1,911.14237
2013,02,19,2,910.75488
2013,02,19,3,910.0506
2013,02,19,4,908.28961
2013,02,19,5,907.30243
2013,02,19,6,908.16606
2013,02,19,7,909.92472
2013,02,20,0,908.93556
2013,02,20,1,908.72352
2013,02,20,2,910.53305
2013,02,20,3,910.87169
2013,02,20,4,910.99978
2013,02,20,5,911.04188
2013,02,20,6,912.20158
2013,02,20,7,913.73616
2013,02,21,0,913.46031
2013,02,21,1,913.04671
2013,02,21,2,913.63959
2013,02,21,3,913.90842
2013,02,21,4,914.25529
2013,02,21,5,914.16655
2013,02,21,6,912.83359
2013,02,21,7,911.97011
2013,02,22,0,910.65374
2013,02,22,1,909.51045
2013,02,22,2,909.76998
2013,02,22,3,910.17158
2013,02,22,4,910.04133
2013,02,22,5,909.84854
2013,02,22,6,910.45876
2013,02,22,7,911.00161
2013,02,23,0,910.70672
2013,02,23,1,909.92691
2013,02,23,2,909.72755
2013,02,23,3,910.16956
2013,02,23,4,909.90625
2013,02,23,5,910.1703
2013,02,23,6,910.49631
2013,02,23,7,910.88645
2013,02,24,0,911.34802
2013,02,24,1,911.98268
2013,02,24,2,912.94969
2013,02,24,3,913.73244
2013,02,24,4,913.80409
2013,02,24,5,913.75469
2013,02,24,6,913.46299
2013,02,24,7,913.38563
2013,02,25,0,913.41046
2013,02,25,1,912.77989
2013,02,25,2,913.19607
2013,02,25,3,913.38738
2013,02,25,4,912.13229
2013,02,25,5,911.059
2013,02,25,6,910.42188
2013,02,25,7,910.0878
2013,02,26,0,909.93993
2013,02,26,1,910.20425
2013,02,26,2,910.94456
2013,02,26,3,911.85934
2013,02,26,4,910.89595
2013,02,26,5,909.98582
2013,02,26,6,910.03407
2013,02,26,7,910.13281
2013,02,27,0,908.91871
2013,02,27,1,907.60922
2013,02,27,2,908.55851
2013,02,27,3,910.18749
2013,02,27,4,911.64443
2013,02,27,5,912.69371
2013,02,27,6,912.90122
2013,02,27,7,912.77325
2013,02,28,0,911.82804
2013,02,28,1,910.83071
2013,02,28,2,911.79736
2013,02,28,3,913.73926
2013,02,28,4,914.20782
2013,02,28,5,914.72009
2013,02,28,6,915.62558
2013,02,28,7,916.26214
2013,02,29,0,916.80915
2013,02,29,1,916.69063
2013,02,29,2,917.22194
2013,02,29,3,917.61496
2013,02,29,4,917.8333
2013,02,29,5,918.54351
2013,02,29,6,919.08074
2013,02,29,7,919.93424
2013,02,30,0,919.5612
2013,02,30,1,918.70444
2013,02,30,2,918.6047
2013,02,30,3,918.34909
2013,02,30,4,917.81004
2013,02,30,5,917.47959
2013,02,30,6,916.76347
2013,02,30,7,916.7287
2013,02,1,0,916.39922
2013,02,1,1,915.2997
2013,02,1,2,915.47612
2013,02,1,3,915.19342
2013,02,1,4,913.8242
2013,02,1,5,913.12052
2013,02,1,6,913.67313
2013,02,1,7,913.61508
2013,02,2,0,913.03368
2013,02,2,1,912.13181
2013,02,2,2,912.29138
2013,02,2,3,912.66907
2013,02,2,4,912.06882
2013,02,2,5,911.82326
2013,02,2,6,911.61998
2013,02,2,7,911.86157
2013,02,3,0,911.50812
2013,02,3,1,911.54492
2013,02,3,2,911.9274
2013,02,3,3,911.91985
2013,02,3,4,911.5695
2013,02,3,5,911.2878
2013,02,3,6,911.61669
2013,02,3,7,912.00534
2013,02,4,0,911.80041
2013,02,4,1,911.0182
2013,02,4,2,911.04632
2013,02,4,3,910.83851
2013,02,4,4,909.9229
2013,02,4,5,909.61035
2013,02,4,6,910.81771
2013,02,4,7,912.13656
2013,02,5,0,911.85832
2013,02,5,1,911.6279
2013,02,5,2,912.37289
2013,02,5,3,912.88991
2013,02,5,4,912.45816
2013,02,5,5,912.20868
2013,02,5,6,912.15901
2013,02,5,7,912.88645
2013,02,6,0,911.54771
2013,02,6,1,910.32003
2013,02,6,2,911.14233
2013,02,6,3,911.91342
2013,02,6,4,912.72098
2013,02,6,5,912.98749
2013,02,6,6,914.08383
2013,02,6,7,914.67857
2013,02,7,0,914.34539
2013,02,7,1,913.61137
2013,02,7,2,912.56663
2013,02,7,3,912.04858
2013,02,7,4,911.36746
2013,02,7,5,910.65385
2013,02,7,6,908.95041
2013,02,7,7,909.00361
2013,02,8,0,908.90063
2013,02,8,1,909.22767
2013,02,8,2,908.96335
2013,02,8,3,908.93985
2013,02,8,4,909.152
2013,02,8,5,909.34035
2013,02,8,6,909.86627
2013,02,8,7,910.49575
2013,02,9,0,910.4362
2013,02,9,1,909.19173
2013,02,9,2,908.30567
2013,02,9,3,908.02761
2013,02,9,4,908.23545
2013,02,9,5,908.94529
2013,02,9,6,907.99312
2013,02,9,7,906.53018
2013,02,10,0,906.86126
2013,02,10,1,906.70374
2013,02,10,2,906.93517
2013,02,10,3,907.7613
2013,02,10,4,908.4009
2013,02,10,5,909.13346
2013,02,10,6,910.14092
2013,02,10,7,911.08608
2013,02,11,0,910.86689
2013,02,11,1,910.7786
2013,02,11,2,911.82158
2013,02,11,3,912.66185
2013,02,11,4,913.52934
2013,02,11,5,914.1969
2013,02,11,6,913.44115
2013,02,11,7,913.08432
2013,02,12,0,912.9191
2013,02,12,1,911.93264
2013,02,12,2,912.74276
2013,02,12,3,913.11816
2013,02,12,4,910.51073
2013,02,12,5,907.18503
2013,02,12,6,906.15996
2013,02,12,7,907.39196
2013,02,13,0,908.20842
2013,02,13,1,907.93549
2013,02,13,2,909.55047
2013,02,13,3,911.41882
2013,02,13,4,913.54084
2013,02,13,5,914.98375
2013,02,13,6,915.96837
2013,02,13,7,916.06627
2013,02,14,0,914.91431
2013,02,14,1,913.9471
2013,02,14,2,914.06597
2013,02,14,3,913.96917
2013,02,14,4,912.84712
2013,02,14,5,912.50487
2013,02,14,6,911.94548
2013,02,14,7,910.90629
2013,02,15,0,910.5761
2013,02,15,1,910.33376
2013,02,15,2,910.95479
2013,02,15,3,911.11887
2013,02,15,4,911.47102
2013,02,15,5,912.10398
2013,02,15,6,912.83805
2013,02,15,7,913.04522
2013,02,16,0,911.95978
2013,02,16,1,911.34002
2013,02,16,2,909.02929
2013,02,16,3,906.68807
2013,02,16,4,905.42433
2013,02,16,5,904.59646
2013,02,16,6,904.59103
2013,02,16,7,904.91586
2013,02,17,0,905.80352
2013,02,17,1,907.12374
2013,02,17,2,909.10472
2013,02,17,3,909.82496
2013,02,17,4,909.46981
2013,02,17,5,909.01359
2013,02,17,6,909.12609
2013,02,17,7,908.84923
2013,02,18,0,908.13852
2013,02,18,1,907.80297
2013,02,18,2,907.96569
2013,02,18,3,908.09151
2013,02,18,4,908.41155
2013,02,18,5,908.58912
2013,02,18,6,908.27412
2013,02,18,7,908.17793
2013,02,19,0,908.7625
2013,02,19,1,910.06449
2013,02,19,2,911.28156
2013,02,19,3,911.96162
2013,02,19,4,912.70399
2013,02,19,5,914.31898
2013,02,19,6,916.79664
2013,02,19,7,918.14986
2013,02,20,0,917.64942
2013,02,20,1,916.79036
2013,02,20,2,914.89908
2013,02,20,3,912.87113
2013,02,20,4,911.8025
2013,02,20,5,910.46748
2013,02,20,6,910.41012
2013,02,20,7,911.66529
2013,02,21,0,911.77162
2013,02,21,1,911.13233
2013,02,21,2,911.1643
2013,02,21,3,911.17911
2013,02,21,4,911.37855
2013,02,21,5,911.76082
2013,02,21,6,911.92761
2013,02,21,7,912.16345
2013,02,22,0,912.32388
2013,02,22,1,912.56121
2013,02,22,2,911.92855
2013,02,22,3,911.30719
2013,02,22,4,910.32314
2013,02,22,5,909.83557
2013,02,22,6,910.57622
2013,02,22,7,910.94119
2013,02,23,0,911.54346
2013,02,23,1,912.78971
2013,02,23,2,913.64651
2013,02,23,3,914.0152
2013,02,23,4,913.01636
2013,02,23,5,912.9565
2013,02,23,6,913.49628
2013,02,23,7,913.15587
2013,02,24,0,912.34235
2013,02,24,1,912.61842
2013,02,24,2,912.42148
2013,02,24,3,912.06967
2013,02,24,4,910.98876
2013,02,24,5,910.07546
2013,02,24,6,910.06114
2013,02,24,7,909.95146
2013,02,25,0,908.64435
2013,02,25,1,907.32461
2013,02,25,2,907.85702
2013,02,25,3,907.60592
2013,02,25,4,906.47691
2013,02,25,5,908.17965
2013,02,25,6,909.21389
2013,02,25,7,909.23832
2013,02,26,0,908.48431
2013,02,26,1,908.41923
2013,02,26,2,910.12181
2013,02,26,3,911.11767
2013,02,26,4,911.08923
2013,02,26,5,911.08963
2013,02,26,6,911.21331
2013,02,26,7,911.03476
2013,02,27,0,911.16755
2013,02,27,1,911.84976
2013,02,27,2,912.9839
2013,02,27,3,913.82344
2013,02,27,4,914.89612
2013,02,27,5,915.40239
2013,02,27,6,915.80534
2013,02,27,7,916.05802
2013,02,28,0,914.8878
2013,02,28,1,913.78316
2013,02,28,2,912.87004
2013,02,28,3,911.94177
2013,02,28,4,911.98852
2013,02,28,5,914.04441
2013,02,28,6,915.63093
2013,02,28,7,916.74356
2013,02,29,0,917.93417
2013,02,29,1,918.82765
2013,02,29,2,918.60369
2013,02,29,3,917.76882
2013,02,29,4,916.36363
2013,02,29,5,915.9646
2013,02,29,6,916.11708
2013,02,29,7,915.86675
2013,02,30,0,915.68548
2013,02,30,1,915.60038
2013,02,30,2,915.5446
2013,02,30,3,915.3731
2013,02,30,4,913.98696
2013,02,30,5,913.03015
2013,02,30,6,914.87764
2013,02,30,7,916.20262
2013,02,31,0,913.47957
2013,02,31,1,911.28347
2013,02,31,2,910.99306
2013,02,31,3,911.2352
2013,02,31,4,911.76503
2013,02,31,5,912.97724
2013,02,31,6,915.52185
2013,02,31,7,917.46275
2013,02,1,0,916.91497
2013,02,1,1,914.72645
2013,02,1,2,914.58012
2013,02,1,3,914.40743
2013,02,1,4,913.86557
2013,02,1,5,914.87833
2013,02,1,6,915.18727
2013,02,1,7,913.37571
2013,02,2,0,909.43967
2013,02,2,1,907.61523
2013,02,2,2,904.85579
2013,02,2,3,902.92459
2013,02,2,4,903.33832
2013,02,2,5,903.13157
2013,02,2,6,903.46741
2013,02,2,7,905.2827
2013,02,3,0,909.1894
2013,02,3,1,912.72848
2013,02,3,2,916.99786
2013,02,3,3,919.59038
2013,02,3,4,919.66505
2013,02,3,5,919.30734
2013,02,3,6,918.14557
2013,02,3,7,917.12779
2013,02,4,0,916.49098
2013,02,4,1,915.81966
2013,02,4,2,915.40859
2013,02,4,3,915.04471
2013,02,4,4,915.84682
2013,02,4,5,916.87469
2013,02,4,6,917.17207
2013,02,4,7,917.48464
2013,02,5,0,917.66624
2013,02,5,1,917.26692
2013,02,5,2,917.03461
2013,02,5,3,916.51733
2013,02,5,4,916.6985
2013,02,5,5,916.70683
2013,02,5,6,916.01837
2013,02,5,7,915.77437
2013,02,6,0,914.53584
2013,02,6,1,912.81314
2013,02,6,2,912.0189
2013,02,6,3,911.49426
2013,02,6,4,912.11476
2013,02,6,5,913.16245
2013,02,6,6,914.58605
2013,02,6,7,916.05814
2013,02,7,0,916.30399
2013,02,7,1,916.2173
2013,02,7,2,916.68125
2013,02,7,3,917.25424
2013,02,7,4,918.00715
2013,02,7,5,919.29266
2013,02,7,6,920.32824
2013,02,7,7,921.17906
2013,02,8,0,920.98372
2013,02,8,1,920.69097
2013,02,8,2,920.59184
2013,02,8,3,920.59032
2013,02,8,4,921.04682
2013,02,8,5,921.58494
2013,02,8,6,921.87108
2013,02,8,7,921.62718
2013,02,9,0,921.32236
2013,02,9,1,920.9293
2013,02,9,2,920.43122
2013,02,9,3,919.23662
2013,02,9,4,918.00904
2013,02,9,5,917.914
2013,02,9,6,917.66371
2013,02,9,7,917.10994
2013,02,10,0,915.91606
2013,02,10,1,914.70484
2013,02,10,2,915.50439
2013,02,10,3,916.58866
2013,02,10,4,916.97691
2013,02,10,5,916.61692
2013,02,10,6,916.65658
2013,02,10,7,917.0917
2013,02,11,0,916.67337
2013,02,11,1,916.4997
2013,02,11,2,915.526
2013,02,11,3,914.09524
2013,02,11,4,915.13251
2013,02,11,5,916.14521
2013,02,11,6,916.55054
2013,02,11,7,916.86841
2013,02,12,0,916.0173
2013,02,12,1,914.98434
2013,02,12,2,916.03014
2013,02,12,3,917.49663
2013,02,12,4,917.52452
2013,02,12,5,918.44749
2013,02,12,6,919.54541
2013,02,12,7,919.56602
2013,02,13,0,918.81896
2013,02,13,1,920.33244
2013,02,13,2,922.08969
2013,02,13,3,923.40508
2013,02,13,4,925.17485
2013,02,13,5,925.8795
2013,02,13,6,924.64064
2013,02,13,7,924.08525
2013,02,14,0,922.69082
2013,02,14,1,920.5493
2013,02,14,2,919.35144
2013,02,14,3,918.6588
2013,02,14,4,917.79997
2013,02,14,5,918.05814
2013,02,14,6,919.55429
2013,02,14,7,919.71522
2013,02,15,0,919.06823
2013,02,15,1,917.36101
2013,02,15,2,916.19641
2013,02,15,3,915.09986
2013,02,15,4,911.75162
2013,02,15,5,909.2258
2013,02,15,6,909.9395
2013,02,15,7,912.97193
2013,02,16,0,913.24953
2013,02,16,1,912.59303
2013,02,16,2,915.25043
2013,02,16,3,917.33851
2013,02,16,4,916.68095
2013,02,16,5,916.03095
2013,02,16,6,916.22612
2013,02,16,7,917.35499
2013,02,17,0,919.33216
2013,02,17,1,920.60509
2013,02,17,2,921.58238
2013,02,17,3,920.90774
2013,02,17,4,920.07482
2013,02,17,5,917.8747
2013,02,17,6,923.64976
2013,02,17,7,928.00622
2013,02,18,0,929.79306
2013,02,18,1,930.62672
2013,02,18,2,931.31482
2013,02,18,3,932.05166
2013,02,18,4,930.89626
2013,02,18,5,929.41769
2013,02,18,6,927.34756
2013,02,18,7,925.56786
2013,02,19,0,925.50108
2013,02,19,1,924.35731
2013,02,19,2,923.18856
2013,02,19,3,923.12027
2013,02,19,4,923.60248
2013,02,19,5,924.20745
2013,02,19,6,924.679
2013,02,19,7,925.61229
2013,02,20,0,927.69158
2013,02,20,1,929.14519
2013,02,20,2,929.66184
2013,02,20,3,929.91026
2013,02,20,4,928.06799
2013,02,20,5,925.87863
2013,02,20,6,925.14531
2013,02,20,7,925.47056
2013,02,21,0,924.72419
2013,02,21,1,923.02116
2013,02,21,2,923.7433
2013,02,21,3,923.00567
2013,02,21,4,922.12641
2013,02,21,5,922.38248
2013,02,21,6,921.01575
2013,02,21,7,921.06246
2013,02,22,0,921.92672
2013,02,22,1,922.89518
2013,02,22,2,924.08066
2013,02,22,3,925.94051
2013,02,22,4,926.32539
2013,02,22,5,925.02574
2013,02,22,6,922.06332
2013,02,22,7,920.4779
2013,02,23,0,920.02677
2013,02,23,1,922.08476
2013,02,23,2,922.16431
2013,02,23,3,921.42026
2013,02,23,4,922.97805
2013,02,23,5,924.11521
2013,02,23,6,925.23876
2013,02,23,7,926.09936
2013,02,24,0,926.3884
2013,02,24,1,927.73988
2013,02,24,2,927.03333
2013,02,24,3,926.13377
2013,02,24,4,926.01633
2013,02,24,5,926.02704
2013,02,24,6,925.78266
2013,02,24,7,925.22937
2013,02,25,0,924.74793
2013,02,25,1,924.47627
2013,02,25,2,924.33683
2013,02,25,3,923.80844
2013,02,25,4,923.84833
2013,02,25,5,923.56743
2013,02,25,6,922.68946
2013,02,25,7,922.02873
2013,02,26,0,919.33322
2013,02,26,1,917.26218
2013,02,26,2,916.63919
2013,02,26,3,916.593
2013,02,26,4,917.5997
2013,02,26,5,918.48623
2013,02,26,6,918.0718
2013,02,26,7,917.71361
2013,02,27,0,917.93457
2013,02,27,1,917.97568
2013,02,27,2,917.99195
2013,02,27,3,917.00751
2013,02,27,4,915.83577
2013,02,27,5,914.37317
2013,02,27,6,912.92246
2013,02,27,7,912.96444
2013,02,28,0,914.41891
2013,02,28,1,915.60454
2013,02,28,2,915.9829
2013,02,28,3,915.96334
2013,02,28,4,915.87591
2013,02,28,5,916.02751
2013,02,28,6,917.12396
2013,02,28,7,918.31952
2013,02,29,0,919.10793
2013,02,29,1,919.43637
2013,02,29,2,919.27372
2013,02,29,3,919.57379
2013,02,29,4,919.93759
2013,02,29,5,919.06036
2013,02,29,6,917.65277
2013,02,29,7,915.79812
2013,02,30,0,913.11367
2013,02,30,1,910.21773
2013,02,30,2,909.78506
2013,02,30,3,909.88483
2013,02,30,4,910.717
2013,02,30,5,910.47411
2013,02,30,6,911.41803
2013,02,30,7,914.13782
2013,02,1,0,914.93942
2013,02,1,1,915.93223
2013,02,1,2,917.68965
2013,02,1,3,917.25537
2013,02,1,4,917.58744
2013,02,1,5,919.34773
2013,02,1,6,919.18008
2013,02,1,7,918.40166
2013,02,2,0,918.80737
2013,02,2,1,918.38902
2013,02,2,2,918.64671
2013,02,2,3,918.87307
2013,02,2,4,918.2011
2013,02,2,5,917.49381
2013,02,2,6,917.49449
2013,02,2,7,916.86388
2013,02,3,0,916.15504
2013,02,3,1,916.03989
2013,02,3,2,916.40598
2013,02,3,3,915.96754
2013,02,3,4,915.89467
2013,02,3,5,915.67496
2013,02,3,6,914.71473
2013,02,3,7,914.29968
2013,02,4,0,913.86549
2013,02,4,1,913.7383
2013,02,4,2,913.79402
2013,02,4,3,913.00259
2013,02,4,4,912.75213
2013,02,4,5,912.9441
2013,02,4,6,913.23296
2013,02,4,7,914.77596
2013,02,5,0,915.66699
2013,02,5,1,914.45672
2013,02,5,2,915.42928
2013,02,5,3,916.50599
2013,02,5,4,917.28417
2013,02,5,5,917.83365
2013,02,5,6,917.34157
2013,02,5,7,917.0117
2013,02,6,0,916.8902
2013,02,6,1,916.43191
2013,02,6,2,916.35625
2013,02,6,3,916.86209
2013,02,6,4,916.01153
2013,02,6,5,915.61514
2013,02,6,6,915.52309
2013,02,6,7,915.06257
2013,02,7,0,915.84421
2013,02,7,1,918.05717
2013,02,7,2,918.97635
2013,02,7,3,919.28731
2013,02,7,4,919.62288
2013,02,7,5,919.40354
2013,02,7,6,918.41193
2013,02,7,7,917.22141
2013,02,8,0,914.01928
2013,02,8,1,909.94287
2013,02,8,2,907.70118
2013,02,8,3,904.9922
2013,02,8,4,903.81319
2013,02,8,5,904.26124
2013,02,8,6,904.65722
2013,02,8,7,905.30407
2013,02,9,0,907.62106
2013,02,9,1,911.13878
2013,02,9,2,914.74423
2013,02,9,3,917.41119
2013,02,9,4,918.55058
2013,02,9,5,919.00383
2013,02,9,6,919.94688
2013,02,9,7,920.75781
2013,02,10,0,920.08444
2013,02,10,1,920.00169
2013,02,10,2,921.05073
2013,02,10,3,922.2878
2013,02,10,4,923.72763
2013,02,10,5,923.49074
2013,02,10,6,919.59545
2013,02,10,7,915.26734
2013,02,11,0,911.94752
2013,02,11,1,910.79068
2013,02,11,2,912.34397
2013,02,11,3,914.69119
2013,02,11,4,915.82147
2013,02,11,5,917.35395
2013,02,11,6,917.61069
2013,02,11,7,917.22119
2013,02,12,0,914.87849
2013,02,12,1,913.04736
2013,02,12,2,913.63568
2013,02,12,3,914.4025
2013,02,12,4,913.97433
2013,02,12,5,913.42854
2013,02,12,6,913.9781
2013,02,12,7,914.47551
2013,02,13,0,914.45076
2013,02,13,1,914.20017
2013,02,13,2,915.03675
2013,02,13,3,915.8944
2013,02,13,4,916.32426
2013,02,13,5,916.42506
2013,02,13,6,916.00477
2013,02,13,7,915.49299
2013,02,14,0,914.50155
2013,02,14,1,912.99213
2013,02,14,2,912.34327
2013,02,14,3,911.70173
2013,02,14,4,911.80437
2013,02,14,5,911.68758
2013,02,14,6,911.92613
2013,02,14,7,912.19736
2013,02,15,0,911.1763
2013,02,15,1,910.74145
2013,02,15,2,910.96394
2013,02,15,3,911.43096
2013,02,15,4,911.77194
2013,02,15,5,911.98144
2013,02,15,6,912.1156
2013,02,15,7,912.12333
2013,02,16,0,911.69036
2013,02,16,1,911.17594
2013,02,16,2,911.63282
2013,02,16,3,911.97616
2013,02,16,4,911.80257
2013,02,16,5,911.27692
2013,02,16,6,910.83293
2013,02,16,7,910.373
2013,02,17,0,909.74178
2013,02,17,1,908.74532
2013,02,17,2,907.92026
2013,02,17,3,907.05162
2013,02,17,4,905.7505
2013,02,17,5,904.44986
2013,02,17,6,904.59836
2013,02,17,7,905.00552
2013,02,18,0,905.22059
2013,02,18,1,905.63408
2013,02,18,2,906.32243
2013,02,18,3,908.03576
2013,02,18,4,910.29164
2013,02,18,5,912.35844
2013,02,18,6,913.02872
2013,02,18,7,913.52709
2013,02,19,0,913.27309
2013,02,19,1,912.60626
2013,02,19,2,913.43289
2013,02,19,3,914.17076
2013,02,19,4,914.0037
2013,02,19,5,913.68344
2013,02,19,6,913.09867
2013,02,19,7,911.68323
2013,02,20,0,910.51734
2013,02,20,1,910.06485
2013,02,20,2,909.06239
2013,02,20,3,908.12421
2013,02,20,4,907.57448
2013,02,20,5,907.48263
2013,02,20,6,907.99369
2013,02,20,7,908.24418
2013,02,21,0,907.41899
2013,02,21,1,907.13235
2013,02,21,2,907.05558
2013,02,21,3,907.41304
2013,02,21,4,908.95097
2013,02,21,5,910.25966
2013,02,21,6,910.80881
2013,02,21,7,909.4453
2013,02,22,0,907.94317
2013,02,22,1,909.35197
2013,02,22,2,908.90946
2013,02,22,3,909.55284
2013,02,22,4,910.4857
2013,02,22,5,910.36115
2013,02,22,6,910.50381
2013,02,22,7,910.45453
2013,02,23,0,911.26375
2013,02,23,1,912.24768
2013,02,23,2,912.92263
2013,02,23,3,913.45727
2013,02,23,4,912.39635
2013,02,23,5,911.66549
2013,02,23,6,912.37427
2013,02,23,7,913.36124
2013,02,24,0,913.17968
2013,02,24,1,911.92419
2013,02,24,2,911.30327
2013,02,24,3,909.68059
2013,02,24,4,908.69287
2013,02,24,5,907.35731
2013,02,24,6,908.28406
2013,02,24,7,909.16777
2013,02,25,0,907.52894
2013,02,25,1,908.83427
2013,02,25,2,910.66312
2013,02,25,3,911.12055
2013,02,25,4,910.94504
2013,02,25,5,911.74036
2013,02,25,6,912.23332
2013,02,25,7,913.21252
2013,02,26,0,912.98988
2013,02,26,1,913.05741
2013,02,26,2,914.32127
2013,02,26,3,915.90496
2013,02,26,4,916.30094
2013,02,26,5,915.00178
2013,02,26,6,914.78594
2013,02,26,7,916.0587
2013,02,27,0,916.23014
2013,02,27,1,916.05742
2013,02,27,2,915.12092
2013,02,27,3,914.83055
2013,02,27,4,915.95388
2013,02,27,5,916.69621
2013,02,27,6,916.89929
2013,02,27,7,916.62767
2013,02,28,0,914.78826
2013,02,28,1,912.80489
2013,02,28,2,911.06202
2013,02,28,3,909.21975
2013,02,28,4,908.1746
2013,02,28,5,907.74623
2013,02,28,6,907.05279
2013,02,28,7,905.87138
2013,02,29,0,903.10966
2013,02,29,1,901.18716
2013,02,29,2,900.79493
2013,02,29,3,900.90033
2013,02,29,4,903.13541
2013,02,29,5,905.66299
2013,02,29,6,907.54522
2013,02,29,7,909.2479
2013,02,30,0,908.92894
2013,02,30,1,908.95292
2013,02,30,2,909.45547
2013,02,30,3,909.91944
2013,02,30,4,909.59869
2013,02,30,5,909.67237
2013,02,30,6,910.23567
2013,02,30,7,910.86702
2013,02,31,0,911.4986
2013,02,31,1,911.58441
2013,02,31,2,911.23897
2013,02,31,3,911.35084
2013,02,31,4,910.74134
2013,02,31,5,910.07091
2013,02,31,6,910.30928
2013,02,31,7,910.26281
2013,02,1,0,909.82401
2013,02,1,1,910.25852
2013,02,1,2,911.16195
2013,02,1,3,911.47129
2013,02,1,4,911.76215
2013,02,1,5,911.39221
2013,02,1,6,909.70629
2013,02,1,7,908.75326
2013,02,2,0,908.84907
2013,02,2,1,908.24827
2013,02,2,2,908.1429
2013,02,2,3,906.75361
2013,02,2,4,906.44176
2013,02,2,5,905.83419
2013,02,2,6,906.28164
2013,02,2,7,907.24061
2013,02,3,0,906.59158
2013,02,3,1,906.26749
2013,02,3,2,906.39705
2013,02,3,3,906.36972
2013,02,3,4,906.76692
2013,02,3,5,906.46445
2013,02,3,6,907.34511
2013,02,3,7,907.37835
2013,02,4,0,904.11353
2013,02,4,1,903.37004
2013,02,4,2,905.28777
2013,02,4,3,904.65443
2013,02,4,4,903.41206
2013,02,4,5,902.5686
2013,02,4,6,901.99692
2013,02,4,7,902.40308
2013,02,5,0,903.47855
2013,02,5,1,903.70323
2013,02,5,2,902.41428
2013,02,5,3,903.15263
2013,02,5,4,904.14365
2013,02,5,5,904.22427
2013,02,5,6,905.50919
2013,02,5,7,907.7222
2013,02,6,0,908.0186
2013,02,6,1,907.61851
2013,02,6,2,907.38516
2013,02,6,3,908.14992
2013,02,6,4,911.20014
2013,02,6,5,912.1489
2013,02,6,6,914.39363
2013,02,6,7,916.55494
2013,02,7,0,916.40016
2013,02,7,1,916.46211
2013,02,7,2,917.59142
2013,02,7,3,918.32649
2013,02,7,4,918.62815
2013,02,7,5,918.15276
2013,02,7,6,918.16592
2013,02,7,7,917.88124
2013,02,8,0,916.03986
2013,02,8,1,916.86703
2013,02,8,2,920.75435
2013,02,8,3,924.04352
2013,02,8,4,925.15084
2013,02,8,5,923.91397
2013,02,8,6,921.98473
2013,02,8,7,920.10184
2013,02,9,0,918.84537
2013,02,9,1,919.73386
2013,02,9,2,920.4368
2013,02,9,3,918.84825
2013,02,9,4,920.19866
2013,02,9,5,923.80111
2013,02,9,6,923.37289
2013,02,9,7,922.83398
2013,02,10,0,922.98759
2013,02,10,1,926.99556
2013,02,10,2,926.96353
2013,02,10,3,927.34202
2013,02,10,4,928.9334
2013,02,10,5,929.55827
2013,02,10,6,928.33161
2013,02,10,7,927.78889
2013,02,11,0,924.98128
2013,02,11,1,924.19634
2013,02,11,2,924.72722
2013,02,11,3,925.39542
2013,02,11,4,927.99506
2013,02,11,5,957.62993
2013,02,11,6,957.48463
2013,02,11,7,956.72047
2013,02,12,0,952.40426
2013,02,12,1,949.71034
2013,02,12,2,927.00152
2013,02,12,3,924.37307
2013,02,12,4,924.22436
2013,02,12,5,925.00794
2013,02,12,6,926.79776
2013,02,12,7,961.12418
2013,02,13,0,959.96001
2013,02,13,1,958.98251
2013,02,13,2,960.34094
2013,02,13,3,963.08426
2013,02,13,4,962.27553
2013,02,13,5,960.33281
2013,02,13,6,961.8986
2013,02,13,7,962.54766
2013,02,14,0,961.63619
2013,02,14,1,961.2751
2013,02,14,2,959.9962
2013,02,14,3,957.79034
2013,02,14,4,956.63371
2013,02,14,5,956.2064
2013,02,14,6,955.82343
2013,02,14,7,955.54319
2013,02,15,0,930.45499
2013,02,15,1,928.92194
2013,02,15,2,928.50498
2013,02,15,3,927.79123
2013,02,15,4,927.23618
2013,02,15,5,927.59997
2013,02,15,6,928.06555
2013,02,15,7,928.45059
2013,02,16,0,927.53821
2013,02,16,1,926.82489
2013,02,16,2,927.29815
2013,02,16,3,927.3436
2013,02,16,4,927.42586
2013,02,16,5,927.75957
2013,02,16,6,929.02118
2013,02,16,7,932.1543
2013,02,17,0,932.09215
2013,02,17,1,930.19172
2013,02,17,2,929.38322
2013,02,17,3,927.58295
2013,02,17,4,925.55625
2013,02,17,5,923.26022
2013,02,17,6,922.32453
2013,02,17,7,922.75641
2013,02,18,0,921.4741
2013,02,18,1,920.4363
2013,02,18,2,921.26982
2013,02,18,3,923.28485
2013,02,18,4,924.77748
2013,02,18,5,925.88682
2013,02,18,6,925.94248
2013,02,18,7,926.39985
2013,02,19,0,926.80817
2013,02,19,1,925.80523
2013,02,19,2,924.52767
2013,02,19,3,923.45367
2013,02,19,4,922.53243
2013,02,19,5,921.79483
2013,02,19,6,921.52514
2013,02,19,7,920.93586
2013,02,20,0,919.3994
2013,02,20,1,918.45418
2013,02,20,2,919.06788
2013,02,20,3,919.27464
2013,02,20,4,918.97945
2013,02,20,5,919.01492
2013,02,20,6,919.35601
2013,02,20,7,919.91386
2013,02,21,0,919.4725
2013,02,21,1,919.32803
2013,02,21,2,920.779
2013,02,21,3,922.25099
2013,02,21,4,922.19147
2013,02,21,5,921.45192
2013,02,21,6,920.70128
2013,02,21,7,919.43123
2013,02,22,0,919.04394
2013,02,22,1,918.71381
2013,02,22,2,917.69265
2013,02,22,3,916.44949
2013,02,22,4,914.82375
2013,02,22,5,914.72406
2013,02,22,6,915.53311
2013,02,22,7,915.92302
2013,02,23,0,915.04122
2013,02,23,1,913.91809
2013,02,23,2,913.40606
2013,02,23,3,912.4175
2013,02,23,4,912.58493
2013,02,23,5,913.29371
2013,02,23,6,912.91732
2013,02,23,7,912.54701
2013,02,24,0,911.72322
2013,02,24,1,911.4704
2013,02,24,2,909.87248
2013,02,24,3,908.67659
2013,02,24,4,907.72241
2013,02,24,5,906.45581
2013,02,24,6,906.5987
2013,02,24,7,907.03396
2013,02,25,0,906.98503
2013,02,25,1,907.83828
2013,02,25,2,908.27543
2013,02,25,3,907.90358
2013,02,25,4,908.2039
2013,02,25,5,908.25544
2013,02,25,6,908.55511
2013,02,25,7,909.13461
2013,02,26,0,909.69029
2013,02,26,1,909.91501
2013,02,26,2,910.99639
2013,02,26,3,911.54397
2013,02,26,4,909.82373
2013,02,26,5,908.98403
2013,02,26,6,908.96883
2013,02,26,7,908.86677
2013,02,27,0,907.88487
2013,02,27,1,906.14326
2013,02,27,2,905.08767
2013,02,27,3,904.55826
2013,02,27,4,904.23193
2013,02,27,5,903.8256
2013,02,27,6,904.34081
2013,02,27,7,905.04244
2013,02,28,0,905.74874
2013,02,28,1,906.37794
2013,02,28,2,906.51637
2013,02,28,3,906.13389
2013,02,28,4,904.03575
2013,02,28,5,903.10207
2013,02,28,6,904.54052
2013,02,28,7,906.28218
2013,02,29,0,906.07383
2013,02,29,1,905.91791
2013,02,29,2,906.22817
2013,02,29,3,905.99421
2013,02,29,4,905.84361
2013,02,29,5,906.40322
2013,02,29,6,908.25772
2013,02,29,7,910.09098
2013,02,30,0,908.88801
2013,02,30,1,909.0141
2013,02,30,2,910.64045
2013,02,30,3,911.88663
2013,02,30,4,914.84545
2013,02,30,5,917.98944
2013,02,30,6,921.59013
2013,02,30,7,923.96829
2013,02,31,0,921.15345
2013,02,31,1,920.32997
2013,02,31,2,919.7051
2013,02,31,3,918.28031
2013,02,31,4,916.57165
2013,02,31,5,914.74553
2013,02,31,6,913.61478
2013,02,31,7,914.1225
2013,02,1,0,915.65713
2013,02,1,1,917.61388
2013,02,1,2,918.28596
2013,02,1,3,918.79556
2013,02,1,4,918.56502
2013,02,1,5,917.36098
2013,02,1,6,918.0033
2013,02,1,7,918.89212
2013,02,2,0,918.14058
2013,02,2,1,917.19218
2013,02,2,2,916.98525
2013,02,2,3,916.62736
2013,02,2,4,915.98173
2013,02,2,5,915.35947
2013,02,2,6,915.03798
2013,02,2,7,914.18076
2013,02,3,0,913.17276
2013,02,3,1,911.62833
2013,02,3,2,910.56169
2013,02,3,3,909.42905
2013,02,3,4,910.51736
2013,02,3,5,913.4426
2013,02,3,6,914.56783
2013,02,3,7,915.00765
2013,02,4,0,914.91226
2013,02,4,1,912.2578
2013,02,4,2,908.38824
2013,02,4,3,908.27589
2013,02,4,4,906.68257
2013,02,4,5,904.41637
2013,02,4,6,903.69467
2013,02,4,7,904.13223
2013,02,5,0,902.97123
2013,02,5,1,901.28746
2013,02,5,2,902.06831
2013,02,5,3,905.03958
2013,02,5,4,905.7896
2013,02,5,5,906.46331
2013,02,5,6,909.42916
2013,02,5,7,911.52337
2013,02,6,0,913.33575
2013,02,6,1,914.63775
2013,02,6,2,915.34429
2013,02,6,3,913.944
2013,02,6,4,911.71503
2013,02,6,5,910.88809
2013,02,6,6,912.04699
2013,02,6,7,912.16935
2013,02,7,0,909.01531
2013,02,7,1,906.36681
2013,02,7,2,907.89195
2013,02,7,3,909.28609
2013,02,7,4,909.74678
2013,02,7,5,911.15691
2013,02,7,6,911.68497
2013,02,7,7,912.09765
2013,02,8,0,912.10069
2013,02,8,1,911.97211
2013,02,8,2,913.25959
2013,02,8,3,913.91473
2013,02,8,4,911.28171
2013,02,8,5,910.10765
2013,02,8,6,910.50601
2013,02,8,7,910.81879
2013,02,9,0,908.53152
2013,02,9,1,907.17405
2013,02,9,2,907.94036
2013,02,9,3,909.31716
2013,02,9,4,911.03718
2013,02,9,5,911.83054
2013,02,9,6,912.03059
2013,02,9,7,912.44316
2013,02,10,0,912.59071
2013,02,10,1,912.61612
2013,02,10,2,912.11028
2013,02,10,3,912.54225
2013,02,10,4,912.99772
2013,02,10,5,913.55167
2013,02,10,6,914.59334
2013,02,10,7,915.51476
2013,02,11,0,915.85393
2013,02,11,1,914.69861
2013,02,11,2,912.57917
2013,02,11,3,911.82479
2013,02,11,4,913.75567
2013,02,11,5,913.35844
2013,02,11,6,911.67482
2013,02,11,7,909.93269
2013,02,12,0,909.88658
2013,02,12,1,913.52207
2013,02,12,2,919.89796
2013,02,12,3,922.75083
2013,02,12,4,920.02428
2013,02,12,5,915.44411
2013,02,12,6,914.65673
2013,02,12,7,915.61038
2013,02,13,0,915.06061
2013,02,13,1,914.95361
2013,02,13,2,915.59614
2013,02,13,3,916.40649
2013,02,13,4,916.69489
2013,02,13,5,916.04929
2013,02,13,6,915.80573
2013,02,13,7,915.03983
2013,02,14,0,912.09428
2013,02,14,1,911.90032
2013,02,14,2,912.93502
2013,02,14,3,913.9313
2013,02,14,4,914.77097
2013,02,14,5,914.36073
2013,02,14,6,914.28992
2013,02,14,7,914.47313
2013,02,15,0,913.33884
2013,02,15,1,912.64872
2013,02,15,2,912.96103
2013,02,15,3,914.35169
2013,02,15,4,914.89996
2013,02,15,5,914.71464
2013,02,15,6,914.82456
2013,02,15,7,914.35398
2013,02,16,0,911.99323
2013,02,16,1,910.35954
2013,02,16,2,910.78092
2013,02,16,3,910.76325
2013,02,16,4,911.32613
2013,02,16,5,912.08667
2013,02,16,6,912.03657
2013,02,16,7,912.63939
2013,02,17,0,912.83445
2013,02,17,1,912.31534
2013,02,17,2,912.79604
2013,02,17,3,913.75003
2013,02,17,4,914.56179
2013,02,17,5,914.7873
2013,02,17,6,914.52764
2013,02,17,7,914.13536
2013,02,18,0,914.35258
2013,02,18,1,915.2081
2013,02,18,2,916.688
2013,02,18,3,917.35634
2013,02,18,4,916.9349
2013,02,18,5,916.64769
2013,02,18,6,917.61157
2013,02,18,7,918.43729
2013,02,19,0,918.11437
2013,02,19,1,917.90862
2013,02,19,2,918.55414
2013,02,19,3,918.47964
2013,02,19,4,918.64603
2013,02,19,5,919.49164
2013,02,19,6,920.22745
2013,02,19,7,920.71969
2013,02,20,0,921.71836
2013,02,20,1,922.00735
2013,02,20,2,922.1036
2013,02,20,3,921.63793
2013,02,20,4,921.81225
2013,02,20,5,921.84176
2013,02,20,6,921.27117
2013,02,20,7,920.87103
2013,02,21,0,920.27527
2013,02,21,1,918.83476
2013,02,21,2,919.30427
2013,02,21,3,919.48444
2013,02,21,4,917.45197
2013,02,21,5,915.46377
2013,02,21,6,915.73779
2013,02,21,7,917.11642
2013,02,22,0,915.93912
2013,02,22,1,914.91427
2013,02,22,2,914.76513
2013,02,22,3,915.14794
2013,02,22,4,914.14426
2013,02,22,5,912.57014
2013,02,22,6,914.07158
2013,02,22,7,916.67334
2013,02,23,0,916.4475
2013,02,23,1,916.20582
2013,02,23,2,916.96075
2013,02,23,3,917.89587
2013,02,23,4,917.92376
2013,02,23,5,917.14463
2013,02,23,6,918.74981
2013,02,23,7,923.28043
2013,02,24,0,923.26304
2013,02,24,1,921.65053
2013,02,24,2,921.39726
2013,02,24,3,921.46165
2013,02,24,4,920.97752
2013,02,24,5,920.45207
2013,02,24,6,920.65392
2013,02,24,7,921.08362
2013,02,25,0,922.1169
2013,02,25,1,921.89374
2013,02,25,2,921.03299
2013,02,25,3,920.76291
2013,02,25,4,921.37056
2013,02,25,5,921.40888
2013,02,25,6,921.77585
2013,02,25,7,922.40895
2013,02,26,0,923.20774
2013,02,26,1,923.80852
2013,02,26,2,924.04873
2013,02,26,3,924.41519
2013,02,26,4,924.23861
2013,02,26,5,924.47736
2013,02,26,6,924.9701
2013,02,26,7,925.04668
2013,02,27,0,924.85435
2013,02,27,1,924.7442
2013,02,27,2,925.45562
2013,02,27,3,924.91506
2013,02,27,4,923.81967
2013,02,27,5,923.72516
2013,02,27,6,923.66732
2013,02,27,7,923.3769
2013,02,28,0,922.96525
2013,02,28,1,924.20433
2013,02,28,2,927.83326
2013,02,28,3,928.49923
2013,02,28,4,926.5584
2013,02,28,5,925.91996
2013,02,28,6,925.09278
2013,02,28,7,923.88575
2013,02,29,0,923.09256
2013,02,29,1,922.55102
2013,02,29,2,922.89942
2013,02,29,3,923.23956
2013,02,29,4,922.78489
2013,02,29,5,922.20621
2013,02,29,6,921.98658
2013,02,29,7,920.91142
2013,02,30,0,920.83514
2013,02,30,1,920.58114
2013,02,30,2,919.08515
2013,02,30,3,917.89602
2013,02,30,4,917.84387
2013,02,30,5,917.3916
2013,02,30,6,918.09361
2013,02,30,7,919.19149
2013,02,1,0,918.40725
2013,02,1,1,917.36123
2013,02,1,2,918.50576
2013,02,1,3,919.58241
2013,02,1,4,919.5852
2013,02,1,5,918.85988
2013,02,1,6,917.59305
2013,02,1,7,915.80587
2013,02,2,0,912.71092
2013,02,2,1,910.44492
2013,02,2,2,910.60742
2013,02,2,3,910.2755
2013,02,2,4,910.27111
2013,02,2,5,909.62996
2013,02,2,6,910.04603
2013,02,2,7,910.58637
2013,02,3,0,909.15937
2013,02,3,1,908.11148
2013,02,3,2,909.5891
2013,02,3,3,911.06738
2013,02,3,4,910.9096
2013,02,3,5,911.05708
2013,02,3,6,912.32906
2013,02,3,7,913.29943
2013,02,4,0,913.84633
2013,02,4,1,915.13969
2013,02,4,2,917.0057
2013,02,4,3,918.6157
2013,02,4,4,918.32727
2013,02,4,5,918.46451
2013,02,4,6,918.5918
2013,02,4,7,918.27125
2013,02,5,0,917.10336
2013,02,5,1,916.3789
2013,02,5,2,916.93027
2013,02,5,3,916.51324
2013,02,5,4,914.38142
2013,02,5,5,913.22975
2013,02,5,6,912.4785
2013,02,5,7,912.52734
2013,02,6,0,912.80591
2013,02,6,1,911.72895
2013,02,6,2,911.30466
2013,02,6,3,911.36054
2013,02,6,4,912.59352
2013,02,6,5,913.20452
2013,02,6,6,911.99271
2013,02,6,7,910.91874
2013,02,7,0,911.73076
2013,02,7,1,912.75117
2013,02,7,2,913.06511
2013,02,7,3,913.56403
2013,02,7,4,914.61495
2013,02,7,5,914.6374
2013,02,7,6,915.52849
2013,02,7,7,916.75058
2013,02,8,0,915.99154
2013,02,8,1,915.08367
2013,02,8,2,915.80265
2013,02,8,3,915.84546
2013,02,8,4,915.09614
2013,02,8,5,914.65396
2013,02,8,6,914.21588
2013,02,8,7,913.56787
2013,02,9,0,913.41792
2013,02,9,1,913.23603
2013,02,9,2,913.25536
2013,02,9,3,913.20071
2013,02,9,4,912.91024
2013,02,9,5,912.77211
2013,02,9,6,913.16012
2013,02,9,7,913.03172
2013,02,10,0,911.83462
2013,02,10,1,910.8432
2013,02,10,2,911.94112
2013,02,10,3,912.68553
2013,02,10,4,911.78523
2013,02,10,5,911.46683
2013,02,10,6,913.07445
2013,02,10,7,914.12266
2013,02,11,0,913.20541
2013,02,11,1,912.29784
2013,02,11,2,912.6009
2013,02,11,3,912.9723
2013,02,11,4,912.20529
2013,02,11,5,911.6609
2013,02,11,6,912.6559
2013,02,11,7,912.94314
2013,02,12,0,911.94112
2013,02,12,1,911.95021
2013,02,12,2,912.87591
2013,02,12,3,913.49313
2013,02,12,4,913.92418
2013,02,12,5,914.45107
2013,02,12,6,914.68416
2013,02,12,7,914.6278
2013,02,13,0,914.65552
2013,02,13,1,914.82638
2013,02,13,2,915.57423
2013,02,13,3,915.51391
2013,02,13,4,914.28088
2013,02,13,5,913.65391
2013,02,13,6,913.41784
2013,02,13,7,912.99304
2013,02,14,0,913.63653
2013,02,14,1,914.4033
2013,02,14,2,915.06839
2013,02,14,3,915.13139
2013,02,14,4,913.62287
2013,02,14,5,912.77366
2013,02,14,6,913.6972
2013,02,14,7,913.48472
2013,02,15,0,913.04421
2013,02,15,1,912.32196
2013,02,15,2,911.54335
2013,02,15,3,911.0886
2013,02,15,4,911.17587
2013,02,15,5,911.3337
2013,02,15,6,913.1709
2013,02,15,7,914.34605
2013,02,16,0,913.55223
2013,02,16,1,912.22148
2013,02,16,2,911.50857
2013,02,16,3,910.34393
2013,02,16,4,909.81573
2013,02,16,5,910.06286
2013,02,16,6,910.89507
2013,02,16,7,911.64102
2013,02,17,0,910.01565
2013,02,17,1,909.02151
2013,02,17,2,909.84625
2013,02,17,3,910.99178
2013,02,17,4,909.70637
2013,02,17,5,908.85213
2013,02,17,6,909.31218
2013,02,17,7,908.86606
2013,02,18,0,907.65283
2013,02,18,1,905.42017
2013,02,18,2,903.51312
2013,02,18,3,903.68699
2013,02,18,4,903.60463
2013,02,18,5,902.78215
2013,02,18,6,903.70352
2013,02,18,7,905.77601
2013,02,19,0,906.23669
2013,02,19,1,905.40554
2013,02,19,2,905.7271
2013,02,19,3,906.41225
2013,02,19,4,906.12283
2013,02,19,5,905.28943
2013,02,19,6,904.9218
2013,02,19,7,904.18952
2013,02,20,0,903.01158
2013,02,20,1,902.5948
2013,02,20,2,903.2541
2013,02,20,3,904.38473
2013,02,20,4,904.51857
2013,02,20,5,904.45467
2013,02,20,6,905.30331
2013,02,20,7,906.68049
2013,02,21,0,906.37209
2013,02,21,1,906.30682
2013,02,21,2,908.49686
2013,02,21,3,910.64262
2013,02,21,4,911.48916
2013,02,21,5,912.17206
2013,02,21,6,913.0949
2013,02,21,7,913.71799
2013,02,22,0,912.80484
2013,02,22,1,911.26972
2013,02,22,2,910.93669
2013,02,22,3,910.93123
2013,02,22,4,910.96147
2013,02,22,5,910.29148
2013,02,22,6,909.38879
2013,02,22,7,909.04578
2013,02,23,0,908.90537
2013,02,23,1,908.47047
2013,02,23,2,907.99859
2013,02,23,3,906.70441
2013,02,23,4,904.5628
2013,02,23,5,904.15811
2013,02,23,6,905.54753
2013,02,23,7,907.12108
2013,02,24,0,908.10437
2013,02,24,1,909.23255
2013,02,24,2,910.87499
2013,02,24,3,911.89352
2013,02,24,4,912.98746
2013,02,24,5,913.97469
2013,02,24,6,914.75043
2013,02,24,7,914.93474
2013,02,25,0,913.95428
2013,02,25,1,913.39957
2013,02,25,2,914.65421
2013,02,25,3,915.18446
2013,02,25,4,912.38798
2013,02,25,5,909.14281
2013,02,25,6,909.8767
2013,02,25,7,912.83925
2013,02,26,0,913.65836
2013,02,26,1,913.4445
2013,02,26,2,913.00011
2013,02,26,3,912.28023
2013,02,26,4,912.88141
2013,02,26,5,913.96507
2013,02,26,6,914.27306
2013,02,26,7,914.00604
2013,02,27,0,913.35051
2013,02,27,1,913.0134
2013,02,27,2,914.36842
2013,02,27,3,915.16847
2013,02,27,4,914.65598
2013,02,27,5,913.90921
2013,02,27,6,913.77856
2013,02,27,7,913.83935
2013,02,28,0,913.54544
2013,02,28,1,912.96782
2013,02,28,2,913.30533
2013,02,28,3,914.45457
2013,02,28,4,915.33898
2013,02,28,5,915.71824
2013,02,28,6,916.9281
2013,02,28,7,918.62876
2013,02,29,0,917.98467
2013,02,29,1,917.21389
2013,02,29,2,918.03667
2013,02,29,3,918.39889
2013,02,29,4,919.12053
2013,02,29,5,919.74094
2013,02,29,6,920.37229
2013,02,29,7,921.17193
2013,02,30,0,922.51657
2013,02,30,1,923.59613
2013,02,30,2,923.97263
2013,02,30,3,924.23965
2013,02,30,4,925.67098
2013,02,30,5,926.3369
2013,02,30,6,925.52236
2013,02,30,7,925.20635
2013,02,31,0,924.36148
2013,02,31,1,923.73624
2013,02,31,2,923.4253
2013,02,31,3,922.2052
2013,02,31,4,921.25384
2013,02,31,5,920.02684
2013,02,31,6,919.16898
2013,02,31,7,918.40225
2013,02,1,0,918.09374
2013,02,1,1,917.26167
2013,02,1,2,916.10652
2013,02,1,3,914.52946
2013,02,1,4,913.24258
2013,02,1,5,912.58908
2013,02,1,6,913.31626
2013,02,1,7,912.1119
2013,02,2,0,909.78776
2013,02,2,1,907.62666
2013,02,2,2,908.02992
2013,02,2,3,910.18895
2013,02,2,4,909.74104
2013,02,2,5,909.74751
2013,02,2,6,912.51666
2013,02,2,7,913.99636
2013,02,3,0,912.83219
2013,02,3,1,911.0807
2013,02,3,2,911.38309
2013,02,3,3,911.75064
2013,02,3,4,909.9445
2013,02,3,5,908.06719
2013,02,3,6,908.51451
2013,02,3,7,908.75465
2013,02,4,0,907.55101
2013,02,4,1,906.22665
2013,02,4,2,906.15211
2013,02,4,3,905.49465
2013,02,4,4,902.82237
2013,02,4,5,901.01699
2013,02,4,6,901.82129
2013,02,4,7,902.25532
2013,02,5,0,901.55294
2013,02,5,1,901.37914
2013,02,5,2,902.66253
2013,02,5,3,904.24928
2013,02,5,4,902.76695
2013,02,5,5,901.29148
2013,02,5,6,901.32888
2013,02,5,7,900.81909
2013,02,6,0,900.83934
2013,02,6,1,901.07488
2013,02,6,2,903.35644
2013,02,6,3,905.5465
2013,02,6,4,904.14152
2013,02,6,5,902.56427
2013,02,6,6,902.75672
2013,02,6,7,902.76374
2013,02,7,0,903.70282
2013,02,7,1,904.3351
2013,02,7,2,905.5546
2013,02,7,3,906.30055
2013,02,7,4,905.26615
2013,02,7,5,903.84857
2013,02,7,6,904.83105
2013,02,7,7,905.80477
2013,02,8,0,905.79693
2013,02,8,1,905.44415
2013,02,8,2,906.32245
2013,02,8,3,907.01352
2013,02,8,4,906.89053
2013,02,8,5,906.90601
2013,02,8,6,907.63494
2013,02,8,7,908.95094
2013,02,9,0,909.75007
2013,02,9,1,907.73351
2013,02,9,2,907.01545
2013,02,9,3,906.534
2013,02,9,4,905.7797
2013,02,9,5,906.47337
2013,02,9,6,907.28921
2013,02,9,7,907.50241
2013,02,10,0,908.3711
2013,02,10,1,908.84578
2013,02,10,2,909.71026
2013,02,10,3,910.71477
2013,02,10,4,911.2343
2013,02,10,5,912.05537
2013,02,10,6,913.19554
2013,02,10,7,912.31217
2013,02,11,0,911.15022
2013,02,11,1,911.11408
2013,02,11,2,912.70386
2013,02,11,3,912.91625
2013,02,11,4,913.34449
2013,02,11,5,913.6425
2013,02,11,6,913.30716
2013,02,11,7,912.5925
2013,02,12,0,910.47798
2013,02,12,1,908.07281
2013,02,12,2,908.67707
2013,02,12,3,910.78518
2013,02,12,4,912.29061
2013,02,12,5,912.62028
2013,02,12,6,914.29098
2013,02,12,7,915.86596
2013,02,13,0,915.74167
2013,02,13,1,914.49258
2013,02,13,2,913.83188
2013,02,13,3,912.88017
2013,02,13,4,911.85104
2013,02,13,5,910.46988
2013,02,13,6,909.42939
2013,02,13,7,908.82398
2013,02,14,0,910.32803
2013,02,14,1,911.06953
2013,02,14,2,912.17763
2013,02,14,3,913.50144
2013,02,14,4,913.18087
2013,02,14,5,912.94448
2013,02,14,6,914.61725
2013,02,14,7,916.48124
2013,02,15,0,915.89541
2013,02,15,1,914.78548
2013,02,15,2,915.19344
2013,02,15,3,914.6631
2013,02,15,4,913.37562
2013,02,15,5,912.0651
2013,02,15,6,912.1281
2013,02,15,7,912.73534
2013,02,16,0,911.17297
2013,02,16,1,909.47471
2013,02,16,2,909.45822
2013,02,16,3,909.62126
2013,02,16,4,909.71564
2013,02,16,5,909.56147
2013,02,16,6,910.39663
2013,02,16,7,911.21087
2013,02,17,0,910.91111
2013,02,17,1,910.60459
2013,02,17,2,911.67499
2013,02,17,3,912.87452
2013,02,17,4,913.67468
2013,02,17,5,913.94367
2013,02,17,6,914.39456
2013,02,17,7,915.26103
2013,02,18,0,914.62063
2013,02,18,1,913.52137
2013,02,18,2,913.2294
2013,02,18,3,911.8563
2013,02,18,4,909.39202
2013,02,18,5,908.43196
2013,02,18,6,909.17573
2013,02,18,7,909.5928
2013,02,19,0,908.5957
2013,02,19,1,906.69545
2013,02,19,2,903.8692
2013,02,19,3,902.97339
2013,02,19,4,903.84057
2013,02,19,5,904.77661
2013,02,19,6,906.52073
2013,02,19,7,908.95129
2013,02,20,0,909.66807
2013,02,20,1,909.20576
2013,02,20,2,909.34317
2013,02,20,3,909.60672
2013,02,20,4,909.33622
2013,02,20,5,909.74763
2013,02,20,6,911.37828
2013,02,20,7,913.53761
2013,02,21,0,915.36944
2013,02,21,1,916.53667
2013,02,21,2,918.3497
2013,02,21,3,919.53142
2013,02,21,4,920.25765
2013,02,21,5,920.50216
2013,02,21,6,921.73795
2013,02,21,7,922.59708
2013,02,22,0,922.61926
2013,02,22,1,922.10221
2013,02,22,2,921.49394
2013,02,22,3,920.81999
2013,02,22,4,920.88056
2013,02,22,5,920.62473
2013,02,22,6,920.07831
2013,02,22,7,919.70461
2013,02,23,0,919.72253
2013,02,23,1,919.66156
2013,02,23,2,919.77972
2013,02,23,3,920.0976
2013,02,23,4,920.37571
2013,02,23,5,921.0427
2013,02,23,6,922.30011
2013,02,23,7,923.18246
2013,02,24,0,922.31719
2013,02,24,1,921.05451
2013,02,24,2,921.70254
2013,02,24,3,921.95938
2013,02,24,4,920.1707
2013,02,24,5,917.95064
2013,02,24,6,915.88442
2013,02,24,7,914.36501
2013,02,25,0,915.28792
2013,02,25,1,915.53141
2013,02,25,2,914.82562
2013,02,25,3,914.65442
2013,02,25,4,913.61887
2013,02,25,5,912.72861
2013,02,25,6,912.95035
2013,02,25,7,913.12298
2013,02,26,0,913.24188
2013,02,26,1,913.01594
2013,02,26,2,912.88898
2013,02,26,3,912.25259
2013,02,26,4,911.95131
2013,02,26,5,911.88637
2013,02,26,6,911.99814
2013,02,26,7,912.04418
2013,02,27,0,912.52096
2013,02,27,1,912.45601
2013,02,27,2,912.15825
2013,02,27,3,911.98391
2013,02,27,4,910.55575
2013,02,27,5,909.32671
2013,02,27,6,908.28372
2013,02,27,7,907.61577
2013,02,28,0,908.16868
2013,02,28,1,907.8882
2013,02,28,2,906.89495
2013,02,28,3,906.20439
2013,02,28,4,906.89608
2013,02,28,5,907.45286
2013,02,28,6,907.78581
2013,02,28,7,908.17864
2013,02,29,0,908.1683
2013,02,29,1,908.31433
2013,02,29,2,908.65506
2013,02,29,3,908.51443
2013,02,29,4,909.39816
2013,02,29,5,910.64669
2013,02,29,6,912.82474
2013,02,29,7,915.22648
2013,02,30,0,914.59923
2013,02,30,1,913.18991
2013,02,30,2,915.08314
2013,02,30,3,917.15365
2013,02,30,4,916.11264
2013,02,30,5,914.07116
2013,02,30,6,912.90982
2013,02,30,7,911.5274
2013,02,1,0,910.02639
2013,02,1,1,908.90597
2013,02,1,2,908.86168
2013,02,1,3,908.77428
2013,02,1,4,907.0801
2013,02,1,5,905.73627
2013,02,1,6,907.65406
2013,02,1,7,909.71504
2013,02,2,0,910.23368
2013,02,2,1,910.38941
2013,02,2,2,911.55718
2013,02,2,3,911.3274
2013,02,2,4,910.42715
2013,02,2,5,909.85004
2013,02,2,6,910.90968
2013,02,2,7,911.67577
2013,02,3,0,910.98465
2013,02,3,1,909.74912
2013,02,3,2,910.18838
2013,02,3,3,909.79108
2013,02,3,4,908.76083
2013,02,3,5,907.66013
2013,02,3,6,907.8766
2013,02,3,7,907.94057
2013,02,4,0,907.06852
2013,02,4,1,906.91285
2013,02,4,2,906.73363
2013,02,4,3,906.25885
2013,02,4,4,907.11574
2013,02,4,5,907.81748
2013,02,4,6,907.91453
2013,02,4,7,908.07397
2013,02,5,0,908.22767
2013,02,5,1,908.08495
2013,02,5,2,909.22538
2013,02,5,3,910.2705
2013,02,5,4,911.56119
2013,02,5,5,912.66137
2013,02,5,6,913.70328
2013,02,5,7,914.64784
2013,02,6,0,914.65411
2013,02,6,1,913.30809
2013,02,6,2,912.30363
2013,02,6,3,911.5052
2013,02,6,4,910.91425
2013,02,6,5,909.86435
2013,02,6,6,909.66562
2013,02,6,7,909.31385
2013,02,7,0,907.92054
2013,02,7,1,906.94896
2013,02,7,2,907.20567
2013,02,7,3,906.56004
2013,02,7,4,905.25877
2013,02,7,5,904.74636
2013,02,7,6,906.70927
2013,02,7,7,908.48779
2013,02,8,0,910.11493
2013,02,8,1,911.32039
2013,02,8,2,911.88424
2013,02,8,3,912.41585
2013,02,8,4,913.39743
2013,02,8,5,913.75503
2013,02,8,6,914.3169
2013,02,8,7,915.12084
2013,02,9,0,914.67829
2013,02,9,1,913.89801
2013,02,9,2,913.71887
2013,02,9,3,913.2496
2013,02,9,4,913.23221
2013,02,9,5,913.03221
2013,02,9,6,912.3294
2013,02,9,7,911.51801
2013,02,10,0,910.44832
2013,02,10,1,909.69517
2013,02,10,2,909.58883
2013,02,10,3,909.26665
2013,02,10,4,908.77143
2013,02,10,5,909.16307
2013,02,10,6,909.56222
2013,02,10,7,909.69532
2013,02,11,0,909.92668
2013,02,11,1,910.00254
2013,02,11,2,909.86054
2013,02,11,3,909.9006
2013,02,11,4,910.47716
2013,02,11,5,910.35391
2013,02,11,6,909.87862
2013,02,11,7,910.00931
2013,02,12,0,909.66937
2013,02,12,1,909.39593
2013,02,12,2,910.61676
2013,02,12,3,911.40004
2013,02,12,4,911.62489
2013,02,12,5,911.74065
2013,02,12,6,911.93017
2013,02,12,7,912.16146
2013,02,13,0,911.90546
2013,02,13,1,911.37967
2013,02,13,2,910.83491
2013,02,13,3,910.1395
2013,02,13,4,909.51911
2013,02,13,5,908.74938
2013,02,13,6,909.18165
2013,02,13,7,909.38388
2013,02,14,0,908.63764
2013,02,14,1,907.95684
2013,02,14,2,907.88276
2013,02,14,3,908.37474
2013,02,14,4,908.4536
2013,02,14,5,907.94481
2013,02,14,6,908.8176
2013,02,14,7,909.88974
2013,02,15,0,910.48131
2013,02,15,1,910.58508
2013,02,15,2,910.48202
2013,02,15,3,910.37641
2013,02,15,4,910.12684
2013,02,15,5,910.32486
2013,02,15,6,910.89019
2013,02,15,7,911.21369
2013,02,16,0,911.69274
2013,02,16,1,911.92331
2013,02,16,2,912.61617
2013,02,16,3,913.14258
2013,02,16,4,913.35633
2013,02,16,5,913.00529
2013,02,16,6,912.72097
2013,02,16,7,912.64121
2013,02,17,0,913.36281
2013,02,17,1,913.47459
2013,02,17,2,912.36777
2013,02,17,3,911.30537
2013,02,17,4,911.14836
2013,02,17,5,911.0401
2013,02,17,6,911.32306
2013,02,17,7,911.35748
2013,02,18,0,911.78451
2013,02,18,1,912.14944
2013,02,18,2,913.01941
2013,02,18,3,913.74509
2013,02,18,4,912.57768
2013,02,18,5,911.40562
2013,02,18,6,912.13564
2013,02,18,7,912.83537
2013,02,19,0,913.30113
2013,02,19,1,913.30148
2013,02,19,2,913.89257
2013,02,19,3,914.58228
2013,02,19,4,914.7665
2013,02,19,5,914.72211
2013,02,19,6,915.71854
2013,02,19,7,916.62918
2013,02,20,0,916.03613
2013,02,20,1,915.47224
2013,02,20,2,916.07494
2013,02,20,3,916.44722
2013,02,20,4,916.21879
2013,02,20,5,915.90448
2013,02,20,6,915.66863
2013,02,20,7,915.17064
2013,02,21,0,913.95757
2013,02,21,1,912.60485
2013,02,21,2,911.86564
2013,02,21,3,911.16135
2013,02,21,4,910.13137
2013,02,21,5,908.92206
2013,02,21,6,908.47815
2013,02,21,7,908.24456
2013,02,22,0,908.73079
2013,02,22,1,909.1195
2013,02,22,2,909.32931
2013,02,22,3,909.61403
2013,02,22,4,910.48538
2013,02,22,5,911.23148
2013,02,22,6,911.74712
2013,02,22,7,911.89322
2013,02,23,0,912.22151
2013,02,23,1,912.21013
2013,02,23,2,911.60238
2013,02,23,3,911.2255
2013,02,23,4,911.40946
2013,02,23,5,911.59508
2013,02,23,6,912.16039
2013,02,23,7,913.10437
2013,02,24,0,912.91904
2013,02,24,1,912.58959
2013,02,24,2,911.7119
2013,02,24,3,911.31831
2013,02,24,4,912.12944
2013,02,24,5,912.01757
2013,02,24,6,911.72492
2013,02,24,7,911.50694
2013,02,25,0,911.1556
2013,02,25,1,910.89411
2013,02,25,2,911.20544
2013,02,25,3,911.30243
2013,02,25,4,911.15974
2013,02,25,5,910.81361
2013,02,25,6,911.26992
2013,02,25,7,911.92523
2013,02,26,0,911.38364
2013,02,26,1,910.33805
2013,02,26,2,909.50702
2013,02,26,3,908.69347
2013,02,26,4,908.74088
2013,02,26,5,908.9204
2013,02,26,6,908.98243
2013,02,26,7,909.22361
2013,02,27,0,908.5055
2013,02,27,1,907.82569
2013,02,27,2,908.05535
2013,02,27,3,908.1904
2013,02,27,4,908.9113
2013,02,27,5,909.72995
2013,02,27,6,910.96854
2013,02,27,7,912.31967
2013,02,28,0,913.38929
2013,02,28,1,914.24779
2013,02,28,2,914.88984
2013,02,28,3,914.95922
2013,02,28,4,915.00242
2013,02,28,5,915.34106
2013,02,28,6,915.76557
2013,02,28,7,916.12691
2013,02,29,0,915.97105
2013,02,29,1,915.56297
2013,02,29,2,915.77649
2013,02,29,3,915.87215
2013,02,29,4,916.28678
2013,02,29,5,916.84588
2013,02,29,6,916.53699
2013,02,29,7,916.05538
2013,02,30,0,916.54449
2013,02,30,1,916.90644
2013,02,30,2,916.22674
2013,02,30,3,916.27789
2013,02,30,4,917.43801
2013,02,30,5,917.96217
2013,02,30,6,918.12855
2013,02,30,7,918.21997
2013,02,31,0,918.16429
2013,02,31,1,917.79238
2013,02,31,2,918.48367
2013,02,31,3,919.43162
2013,02,31,4,918.83262
2013,02,31,5,918.58855
2013,02,31,6,919.88122
2013,02,31,7,920.48985
2014,02,1,0,920.92903
2014,02,1,1,920.88695
2014,02,1,2,920.05925
2014,02,1,3,918.3466
2014,02,1,4,916.70372
2014,02,1,5,915.82741
2014,02,1,6,916.20891
2014,02,1,7,916.56152
2014,02,2,0,916.43871
2014,02,2,1,915.82021
2014,02,2,2,915.91056
2014,02,2,3,916.1854
2014,02,2,4,915.78834
2014,02,2,5,915.51491
2014,02,2,6,914.99576
2014,02,2,7,914.16588
2014,02,3,0,912.57443
2014,02,3,1,910.99873
2014,02,3,2,910.78382
2014,02,3,3,910.22173
2014,02,3,4,909.44239
2014,02,3,5,909.12595
2014,02,3,6,910.43162
2014,02,3,7,911.87955
2014,02,4,0,912.38565
2014,02,4,1,912.75048
2014,02,4,2,913.67798
2014,02,4,3,914.68125
2014,02,4,4,915.38819
2014,02,4,5,915.49069
2014,02,4,6,916.26879
2014,02,4,7,916.85381
2014,02,5,0,916.87265
2014,02,5,1,916.57813
2014,02,5,2,917.25231
2014,02,5,3,917.57537
2014,02,5,4,915.96593
2014,02,5,5,914.50898
2014,02,5,6,914.58614
2014,02,5,7,914.6026
2014,02,6,0,914.26034
2014,02,6,1,913.97953
2014,02,6,2,914.54512
2014,02,6,3,915.52553
2014,02,6,4,915.97979
2014,02,6,5,916.4548
2014,02,6,6,917.48592
2014,02,6,7,918.09462
2014,02,7,0,916.75456
2014,02,7,1,915.56443
2014,02,7,2,916.03739
2014,02,7,3,916.41687
2014,02,7,4,916.12889
2014,02,7,5,915.66656
2014,02,7,6,915.78123
2014,02,7,7,915.88469
2014,02,8,0,914.67733
2014,02,8,1,913.76481
2014,02,8,2,914.13736
2014,02,8,3,914.60654
2014,02,8,4,913.68559
2014,02,8,5,913.07884
2014,02,8,6,914.86421
2014,02,8,7,916.78345
2014,02,9,0,917.70413
2014,02,9,1,917.96428
2014,02,9,2,919.01488
2014,02,9,3,919.75743
2014,02,9,4,919.69301
2014,02,9,5,919.22343
2014,02,9,6,918.29501
2014,02,9,7,917.89852
2014,02,10,0,918.0806
2014,02,10,1,917.43537
2014,02,10,2,917.05768
2014,02,10,3,917.08092
2014,02,10,4,916.73127
2014,02,10,5,916.29767
2014,02,10,6,916.01282
2014,02,10,7,915.78856
2014,02,11,0,914.61286
2014,02,11,1,913.49103
2014,02,11,2,912.49065
2014,02,11,3,911.47768
2014,02,11,4,910.66439
2014,02,11,5,909.86966
2014,02,11,6,910.77426
2014,02,11,7,911.92622
2014,02,12,0,911.93406
2014,02,12,1,911.57019
2014,02,12,2,913.23879
2014,02,12,3,915.15038
2014,02,12,4,915.92722
2014,02,12,5,915.85401
2014,02,12,6,916.19866
2014,02,12,7,916.05103
2014,02,13,0,915.52064
2014,02,13,1,915.39715
2014,02,13,2,914.823
2014,02,13,3,914.28829
2014,02,13,4,914.30271
2014,02,13,5,914.4458
2014,02,13,6,915.0072
2014,02,13,7,915.69502
2014,02,14,0,914.9955
2014,02,14,1,914.63181
2014,02,14,2,916.54657
2014,02,14,3,918.21052
2014,02,14,4,917.15545
2014,02,14,5,915.9596
2014,02,14,6,916.8225
2014,02,14,7,917.3492
2014,02,15,0,917.50066
2014,02,15,1,917.11597
2014,02,15,2,917.70254
2014,02,15,3,917.31144
2014,02,15,4,915.76893
2014,02,15,5,914.85077
2014,02,15,6,915.88153
2014,02,15,7,916.9317
2014,02,16,0,916.49115
2014,02,16,1,916.02325
2014,02,16,2,916.49449
2014,02,16,3,917.07208
2014,02,16,4,916.93877
2014,02,16,5,917.03496
2014,02,16,6,918.33097
2014,02,16,7,919.18271
2014,02,17,0,920.04167
2014,02,17,1,920.63156
2014,02,17,2,920.98291
2014,02,17,3,921.32421
2014,02,17,4,921.38512
2014,02,17,5,920.9439
2014,02,17,6,919.59365
2014,02,17,7,918.45742
2014,02,18,0,917.63463
2014,02,18,1,916.20389
2014,02,18,2,914.96046
2014,02,18,3,913.67642
2014,02,18,4,912.30012
2014,02,18,5,910.53644
2014,02,18,6,909.87423
2014,02,18,7,910.11167
2014,02,19,0,909.35218
2014,02,19,1,908.37075
2014,02,19,2,907.68559
2014,02,19,3,908.51107
2014,02,19,4,909.53288
2014,02,19,5,909.65473
2014,02,19,6,911.03387
2014,02,19,7,913.10171
2014,02,20,0,913.7086
2014,02,20,1,913.89008
2014,02,20,2,915.14255
2014,02,20,3,916.22233
2014,02,20,4,916.40015
2014,02,20,5,916.7225
2014,02,20,6,917.9405
2014,02,20,7,918.89006
2014,02,21,0,919.16803
2014,02,21,1,918.73762
2014,02,21,2,918.25542
2014,02,21,3,917.74469
2014,02,21,4,916.53609
2014,02,21,5,915.48846
2014,02,21,6,915.35544
2014,02,21,7,914.64327
2014,02,22,0,913.32682
2014,02,22,1,911.7905
2014,02,22,2,911.76455
2014,02,22,3,911.71311
2014,02,22,4,910.47976
2014,02,22,5,909.86438
2014,02,22,6,910.74241
2014,02,22,7,911.68477
2014,02,23,0,912.74142
2014,02,23,1,913.11012
2014,02,23,2,913.57134
2014,02,23,3,914.09093
2014,02,23,4,914.81867
2014,02,23,5,915.5483
2014,02,23,6,916.21723
2014,02,23,7,916.55658
2014,02,24,0,916.55684
2014,02,24,1,916.93872
2014,02,24,2,917.99531
2014,02,24,3,918.79251
2014,02,24,4,919.08742
2014,02,24,5,919.04857
2014,02,24,6,919.50409
2014,02,24,7,919.96377
2014,02,25,0,919.16106
2014,02,25,1,918.56347
2014,02,25,2,919.38533
2014,02,25,3,919.93353
2014,02,25,4,918.73276
2014,02,25,5,917.64412
2014,02,25,6,917.84671
2014,02,25,7,917.67662
2014,02,26,0,916.3442
2014,02,26,1,914.95295
2014,02,26,2,914.17208
2014,02,26,3,913.25202
2014,02,26,4,912.23568
2014,02,26,5,911.49763
2014,02,26,6,911.3375
2014,02,26,7,911.12065
2014,02,27,0,911.1159
2014,02,27,1,910.92029
2014,02,27,2,911.77144
2014,02,27,3,912.74474
2014,02,27,4,911.62176
2014,02,27,5,910.4582
2014,02,27,6,910.21754
2014,02,27,7,909.66624
2014,02,28,0,909.18029
2014,02,28,1,908.70579
2014,02,28,2,908.68061
2014,02,28,3,908.63668
2014,02,28,4,908.5903
2014,02,28,5,908.70694
2014,02,28,6,910.17466
2014,02,28,7,911.27039
2014,02,29,0,911.25941
2014,02,29,1,910.90972
2014,02,29,2,911.55339
2014,02,29,3,911.85442
2014,02,29,4,910.93557
2014,02,29,5,910.39038
2014,02,29,6,911.3234
2014,02,29,7,912.22308
2014,02,30,0,912.29393
2014,02,30,1,912.17543
2014,02,30,2,913.0209
2014,02,30,3,913.60883
2014,02,30,4,913.43935
2014,02,30,5,913.2041
2014,02,30,6,913.72142
2014,02,30,7,913.77957
2014,02,31,0,913.67716
2014,02,31,1,913.7457
2014,02,31,2,914.25984
2014,02,31,3,914.5633
2014,02,31,4,913.97505
2014,02,31,5,913.57627
2014,02,31,6,914.10014
2014,02,31,7,914.61028
2014,02,1,0,914.76607
2014,02,1,1,914.40333
2014,02,1,2,914.877
2014,02,1,3,915.06547
2014,02,1,4,915.09403
2014,02,1,5,915.3145
2014,02,1,6,915.84575
2014,02,1,7,916.22591
2014,02,2,0,915.99074
2014,02,2,1,915.31305
2014,02,2,2,916.20063
2014,02,2,3,917.14375
2014,02,2,4,916.96317
2014,02,2,5,916.92864
2014,02,2,6,917.96312
2014,02,2,7,918.62353
2014,02,3,0,919.34937
2014,02,3,1,919.45391
2014,02,3,2,919.7094
2014,02,3,3,920.05056
2014,02,3,4,919.60265
2014,02,3,5,918.88476
2014,02,3,6,919.00428
2014,02,3,7,918.89575
2014,02,4,0,917.95458
2014,02,4,1,917.00312
2014,02,4,2,915.91681
2014,02,4,3,914.65644
2014,02,4,4,913.17187
2014,02,4,5,911.85144
2014,02,4,6,911.58713
2014,02,4,7,911.51462
2014,02,5,0,910.85753
2014,02,5,1,909.64805
2014,02,5,2,909.29352
2014,02,5,3,909.31803
2014,02,5,4,909.81813
2014,02,5,5,910.32436
2014,02,5,6,911.43122
2014,02,5,7,912.68804
2014,02,6,0,913.28941
2014,02,6,1,913.62267
2014,02,6,2,914.81965
2014,02,6,3,915.77692
2014,02,6,4,915.82309
2014,02,6,5,915.91069
2014,02,6,6,916.44333
2014,02,6,7,916.97031
2014,02,7,0,916.36777
2014,02,7,1,915.59061
2014,02,7,2,915.76864
2014,02,7,3,915.87806
2014,02,7,4,915.88909
2014,02,7,5,915.73212
2014,02,7,6,915.85605
2014,02,7,7,916.2013
2014,02,8,0,915.85762
2014,02,8,1,915.34125
2014,02,8,2,915.60554
2014,02,8,3,915.79277
2014,02,8,4,916.29757
2014,02,8,5,917.2897
2014,02,8,6,918.66695
2014,02,8,7,919.93803
2014,02,9,0,919.71934
2014,02,9,1,918.77772
2014,02,9,2,919.32226
2014,02,9,3,920.31351
2014,02,9,4,920.03385
2014,02,9,5,919.63269
2014,02,9,6,919.73706
2014,02,9,7,920.59261
2014,02,10,0,920.31551
2014,02,10,1,919.46407
2014,02,10,2,920.76335
2014,02,10,3,921.65962
2014,02,10,4,921.67098
2014,02,10,5,921.53388
2014,02,10,6,922.35339
2014,02,10,7,923.20653
2014,02,11,0,923.29349
2014,02,11,1,922.86301
2014,02,11,2,922.46762
2014,02,11,3,922.3257
2014,02,11,4,922.30292
2014,02,11,5,922.20122
2014,02,11,6,922.19175
2014,02,11,7,922.19723
2014,02,12,0,922.35866
2014,02,12,1,921.90452
2014,02,12,2,921.86569
2014,02,12,3,921.48452
2014,02,12,4,920.74814
2014,02,12,5,919.4782
2014,02,12,6,918.45782
2014,02,12,7,917.95568
2014,02,13,0,916.61706
2014,02,13,1,915.25205
2014,02,13,2,914.77294
2014,02,13,3,914.21998
2014,02,13,4,913.43397
2014,02,13,5,912.88568
2014,02,13,6,913.42255
2014,02,13,7,913.46534
2014,02,14,0,913.84926
2014,02,14,1,914.08108
2014,02,14,2,914.55722
2014,02,14,3,914.90107
2014,02,14,4,915.0771
2014,02,14,5,915.51012
2014,02,14,6,916.39733
2014,02,14,7,917.10293
2014,02,15,0,917.73896
2014,02,15,1,918.11453
2014,02,15,2,918.37919
2014,02,15,3,918.07993
2014,02,15,4,917.30541
2014,02,15,5,916.35736
2014,02,15,6,916.41064
2014,02,15,7,916.10281
2014,02,16,0,914.70135
2014,02,16,1,913.07726
2014,02,16,2,912.312
2014,02,16,3,911.49002
2014,02,16,4,910.10565
2014,02,16,5,908.82788
2014,02,16,6,908.62782
2014,02,16,7,908.5224
2014,02,17,0,908.19502
2014,02,17,1,907.5087
2014,02,17,2,907.61673
2014,02,17,3,907.73549
2014,02,17,4,907.46531
2014,02,17,5,906.8677
2014,02,17,6,907.25528
2014,02,17,7,907.63101
2014,02,18,0,907.6107
2014,02,18,1,907.89412
2014,02,18,2,909.37941
2014,02,18,3,910.26782
2014,02,18,4,909.89915
2014,02,18,5,909.53412
2014,02,18,6,910.83647
2014,02,18,7,912.10575
2014,02,19,0,911.66372
2014,02,19,1,911.11481
2014,02,19,2,912.46729
2014,02,19,3,913.03994
2014,02,19,4,912.16099
2014,02,19,5,911.16643
2014,02,19,6,911.65482
2014,02,19,7,911.60192
2014,02,20,0,910.16746
2014,02,20,1,908.97937
2014,02,20,2,907.92708
2014,02,20,3,905.89553
2014,02,20,4,904.62558
2014,02,20,5,903.63705
2014,02,20,6,902.65886
2014,02,20,7,901.34254
2014,02,21,0,901.22015
2014,02,21,1,901.26041
2014,02,21,2,901.65484
2014,02,21,3,902.81496
2014,02,21,4,903.90417
2014,02,21,5,905.03603
2014,02,21,6,906.55776
2014,02,21,7,908.16021
2014,02,22,0,909.42
2014,02,22,1,910.00787
2014,02,22,2,911.93827
2014,02,22,3,913.82958
2014,02,22,4,913.3926
2014,02,22,5,912.55063
2014,02,22,6,911.68564
2014,02,22,7,909.86716
2014,02,23,0,907.36936
2014,02,23,1,904.94116
2014,02,23,2,903.76673
2014,02,23,3,902.77372
2014,02,23,4,902.04819
2014,02,23,5,901.71665
2014,02,23,6,903.1567
2014,02,23,7,904.77665
2014,02,24,0,904.38948
2014,02,24,1,903.99787
2014,02,24,2,905.64318
2014,02,24,3,907.15046
2014,02,24,4,906.1706
2014,02,24,5,905.40103
2014,02,24,6,906.54591
2014,02,24,7,907.16165
2014,02,25,0,907.09759
2014,02,25,1,906.86909
2014,02,25,2,907.4266
2014,02,25,3,908.37285
2014,02,25,4,907.56915
2014,02,25,5,906.71783
2014,02,25,6,907.47938
2014,02,25,7,908.07399
2014,02,26,0,908.21211
2014,02,26,1,907.81008
2014,02,26,2,908.32047
2014,02,26,3,908.819
2014,02,26,4,908.15305
2014,02,26,5,907.33291
2014,02,26,6,907.4258
2014,02,26,7,907.40947
2014,02,27,0,906.88938
2014,02,27,1,906.31557
2014,02,27,2,906.68779
2014,02,27,3,906.93866
2014,02,27,4,906.93161
2014,02,27,5,906.80707
2014,02,27,6,907.05289
2014,02,27,7,906.58775
2014,02,28,0,905.72498
2014,02,28,1,904.89067
2014,02,28,2,904.24475
2014,02,28,3,903.43936
2014,02,28,4,903.23389
2014,02,28,5,903.46815
2014,02,28,6,903.42786
2014,02,28,7,903.62387
2014,02,1,0,903.75158
2014,02,1,1,904.1918
2014,02,1,2,905.88404
2014,02,1,3,907.02273
2014,02,1,4,907.77953
2014,02,1,5,908.50147
2014,02,1,6,910.67505
2014,02,1,7,912.73027
2014,02,2,0,912.16501
2014,02,2,1,911.8507
2014,02,2,2,913.41254
2014,02,2,3,914.70026
2014,02,2,4,914.48264
2014,02,2,5,913.45917
2014,02,2,6,913.86613
2014,02,2,7,914.72115
2014,02,3,0,914.62158
2014,02,3,1,914.07984
2014,02,3,2,913.93118
2014,02,3,3,913.37503
2014,02,3,4,914.65066
2014,02,3,5,916.23467
2014,02,3,6,915.74385
2014,02,3,7,914.95468
2014,02,4,0,913.71795
2014,02,4,1,913.09125
2014,02,4,2,913.17056
2014,02,4,3,913.00222
2014,02,4,4,912.56244
2014,02,4,5,911.927
2014,02,4,6,912.24515
2014,02,4,7,912.32331
2014,02,5,0,910.91617
2014,02,5,1,909.94039
2014,02,5,2,910.61962
2014,02,5,3,911.18379
2014,02,5,4,911.3993
2014,02,5,5,911.72351
2014,02,5,6,912.48858
2014,02,5,7,913.10827
2014,02,6,0,912.50584
2014,02,6,1,911.86633
2014,02,6,2,912.74541
2014,02,6,3,912.94328
2014,02,6,4,912.55574
2014,02,6,5,912.18572
2014,02,6,6,910.68897
2014,02,6,7,909.58938
2014,02,7,0,909.93876
2014,02,7,1,909.67031
2014,02,7,2,909.24469
2014,02,7,3,908.92604
2014,02,7,4,908.20593
2014,02,7,5,907.60661
2014,02,7,6,907.8935
2014,02,7,7,908.8809
2014,02,8,0,908.76065
2014,02,8,1,908.60987
2014,02,8,2,908.95136
2014,02,8,3,909.14541
2014,02,8,4,909.36267
2014,02,8,5,909.45556
2014,02,8,6,910.41056
2014,02,8,7,911.36675
2014,02,9,0,911.68341
2014,02,9,1,911.66658
2014,02,9,2,912.79631
2014,02,9,3,914.08242
2014,02,9,4,914.32226
2014,02,9,5,914.10182
2014,02,9,6,914.60413
2014,02,9,7,915.25777
2014,02,10,0,914.79787
2014,02,10,1,914.34607
2014,02,10,2,914.86237
2014,02,10,3,915.02176
2014,02,10,4,915.10796
2014,02,10,5,915.66199
2014,02,10,6,915.53625
2014,02,10,7,915.63015
2014,02,11,0,917.14428
2014,02,11,1,917.98814
2014,02,11,2,918.23089
2014,02,11,3,918.72772
2014,02,11,4,918.9263
2014,02,11,5,918.84687
2014,02,11,6,919.00062
2014,02,11,7,919.41498
2014,02,12,0,918.96974
2014,02,12,1,918.34828
2014,02,12,2,917.6569
2014,02,12,3,917.04598
2014,02,12,4,917.5382
2014,02,12,5,917.77393
2014,02,12,6,918.02788
2014,02,12,7,918.19857
2014,02,13,0,917.28995
2014,02,13,1,915.62187
2014,02,13,2,915.12972
2014,02,13,3,915.02197
2014,02,13,4,914.65189
2014,02,13,5,913.76309
2014,02,13,6,912.84032
2014,02,13,7,911.89802
2014,02,14,0,910.71712
2014,02,14,1,908.37836
2014,02,14,2,907.63882
2014,02,14,3,907.27522
2014,02,14,4,906.52023
2014,02,14,5,906.07267
2014,02,14,6,907.1122
2014,02,14,7,909.3974
2014,02,15,0,909.01957
2014,02,15,1,908.81826
2014,02,15,2,909.73068
2014,02,15,3,910.26939
2014,02,15,4,911.06679
2014,02,15,5,911.09854
2014,02,15,6,910.85511
2014,02,15,7,910.86954
2014,02,16,0,910.89518
2014,02,16,1,910.71051
2014,02,16,2,911.66115
2014,02,16,3,912.56402
2014,02,16,4,912.98029
2014,02,16,5,912.99097
2014,02,16,6,913.98636
2014,02,16,7,914.93662
2014,02,17,0,914.67252
2014,02,17,1,913.62655
2014,02,17,2,913.95557
2014,02,17,3,914.22567
2014,02,17,4,913.30892
2014,02,17,5,912.66655
2014,02,17,6,913.18191
2014,02,17,7,913.70592
2014,02,18,0,912.6667
2014,02,18,1,911.7575
2014,02,18,2,911.77114
2014,02,18,3,911.66309
2014,02,18,4,911.62857
2014,02,18,5,911.44202
2014,02,18,6,910.96464
2014,02,18,7,910.91893
2014,02,19,0,910.76783
2014,02,19,1,910.65944
2014,02,19,2,911.43097
2014,02,19,3,911.69281
2014,02,19,4,911.34209
2014,02,19,5,911.05084
2014,02,19,6,910.92671
2014,02,19,7,911.09947
2014,02,20,0,910.80139
2014,02,20,1,910.25302
2014,02,20,2,910.53466
2014,02,20,3,910.94985
2014,02,20,4,910.36753
2014,02,20,5,909.76273
2014,02,20,6,909.97507
2014,02,20,7,910.17115
2014,02,21,0,909.57691
2014,02,21,1,908.57282
2014,02,21,2,908.88909
2014,02,21,3,908.63664
2014,02,21,4,908.87822
2014,02,21,5,909.28116
2014,02,21,6,909.7034
2014,02,21,7,909.7048
2014,02,22,0,909.03935
2014,02,22,1,908.49992
2014,02,22,2,907.8177
2014,02,22,3,906.97232
2014,02,22,4,907.38136
2014,02,22,5,908.33785
2014,02,22,6,908.40364
2014,02,22,7,908.04674
2014,02,23,0,908.21691
2014,02,23,1,908.7132
2014,02,23,2,908.93505
2014,02,23,3,908.54703
2014,02,23,4,908.5372
2014,02,23,5,907.74289
2014,02,23,6,907.67838
2014,02,23,7,907.96771
2014,02,24,0,907.20452
2014,02,24,1,906.41412
2014,02,24,2,907.23269
2014,02,24,3,908.17663
2014,02,24,4,907.31445
2014,02,24,5,906.3737
2014,02,24,6,906.06006
2014,02,24,7,905.56627
2014,02,25,0,904.34534
2014,02,25,1,903.03466
2014,02,25,2,902.72346
2014,02,25,3,902.5857
2014,02,25,4,902.07469
2014,02,25,5,901.71174
2014,02,25,6,902.50329
2014,02,25,7,903.49078
2014,02,26,0,903.97047
2014,02,26,1,904.67224
2014,02,26,2,905.79502
2014,02,26,3,906.36971
2014,02,26,4,907.25137
2014,02,26,5,907.81589
2014,02,26,6,908.7305
2014,02,26,7,909.80919
2014,02,27,0,910.58748
2014,02,27,1,911.14542
2014,02,27,2,911.33669
2014,02,27,3,911.91205
2014,02,27,4,912.41425
2014,02,27,5,912.23285
2014,02,27,6,912.17269
2014,02,27,7,912.02396
2014,02,28,0,911.21422
2014,02,28,1,910.00812
2014,02,28,2,909.5017
2014,02,28,3,908.84686
2014,02,28,4,908.21703
2014,02,28,5,907.2393
2014,02,28,6,906.67211
2014,02,28,7,906.99065
2014,02,29,0,906.8621
2014,02,29,1,906.64586
2014,02,29,2,908.02149
2014,02,29,3,909.39517
2014,02,29,4,910.56863
2014,02,29,5,911.47196
2014,02,29,6,911.55294
2014,02,29,7,911.53401
2014,02,30,0,911.04411
2014,02,30,1,910.09992
2014,02,30,2,910.41238
2014,02,30,3,910.81346
2014,02,30,4,910.50234
2014,02,30,5,910.21035
2014,02,30,6,909.75157
2014,02,30,7,909.25351
2014,02,31,0,907.60034
2014,02,31,1,905.39283
2014,02,31,2,904.73621
2014,02,31,3,903.68365
2014,02,31,4,901.98719
2014,02,31,5,900.87027
2014,02,31,6,900.46478
2014,02,31,7,901.32561
2014,02,1,0,900.63902
2014,02,1,1,900.23686
2014,02,1,2,902.37543
2014,02,1,3,904.01375
2014,02,1,4,904.73366
2014,02,1,5,905.77482
2014,02,1,6,906.63031
2014,02,1,7,906.70988
2014,02,2,0,907.0435
2014,02,2,1,908.11223
2014,02,2,2,908.27992
2014,02,2,3,907.81823
2014,02,2,4,908.95502
2014,02,2,5,909.67977
2014,02,2,6,908.01375
2014,02,2,7,907.5599
2014,02,3,0,908.54087
2014,02,3,1,908.59966
2014,02,3,2,908.33144
2014,02,3,3,908.18497
2014,02,3,4,908.61178
2014,02,3,5,909.02505
2014,02,3,6,909.56729
2014,02,3,7,909.47964
2014,02,4,0,908.79507
2014,02,4,1,908.772
2014,02,4,2,909.86896
2014,02,4,3,910.9842
2014,02,4,4,910.87428
2014,02,4,5,910.84756
2014,02,4,6,911.08282
2014,02,4,7,910.97207
2014,02,5,0,911.36123
2014,02,5,1,911.62152
2014,02,5,2,911.77528
2014,02,5,3,911.77071
2014,02,5,4,913.01155
2014,02,5,5,913.99823
2014,02,5,6,915.24822
2014,02,5,7,915.55075
2014,02,6,0,914.97312
2014,02,6,1,914.66353
2014,02,6,2,914.54291
2014,02,6,3,914.1098
2014,02,6,4,914.41572
2014,02,6,5,914.28792
2014,02,6,6,913.06452
2014,02,6,7,912.54545
2014,02,7,0,911.91809
2014,02,7,1,910.70572
2014,02,7,2,910.39523
2014,02,7,3,910.28473
2014,02,7,4,910.06559
2014,02,7,5,910.07597
2014,02,7,6,910.18267
2014,02,7,7,910.32811
2014,02,8,0,909.46676
2014,02,8,1,908.83288
2014,02,8,2,909.44167
2014,02,8,3,909.72082
2014,02,8,4,910.13199
2014,02,8,5,910.27903
2014,02,8,6,909.04379
2014,02,8,7,908.16126
2014,02,9,0,908.71946
2014,02,9,1,908.57837
2014,02,9,2,909.21105
2014,02,9,3,909.79252
2014,02,9,4,909.95928
2014,02,9,5,910.19715
2014,02,9,6,910.51699
2014,02,9,7,911.15589
2014,02,10,0,910.63886
2014,02,10,1,909.92729
2014,02,10,2,910.84438
2014,02,10,3,911.36697
2014,02,10,4,911.36593
2014,02,10,5,911.39524
2014,02,10,6,911.83761
2014,02,10,7,912.3172
2014,02,11,0,912.58516
2014,02,11,1,912.75259
2014,02,11,2,913.38789
2014,02,11,3,913.39035
2014,02,11,4,912.02396
2014,02,11,5,911.18
2014,02,11,6,912.67586
2014,02,11,7,913.75709
2014,02,12,0,913.12777
2014,02,12,1,912.72613
2014,02,12,2,913.335
2014,02,12,3,915.06376
2014,02,12,4,916.20009
2014,02,12,5,917.34359
2014,02,12,6,914.97134
2014,02,12,7,913.40688
2014,02,13,0,913.84567
2014,02,13,1,912.26962
2014,02,13,2,912.43178
2014,02,13,3,912.38178
2014,02,13,4,909.33841
2014,02,13,5,908.04094
2014,02,13,6,910.43676
2014,02,13,7,912.23859
2014,02,14,0,910.09389
2014,02,14,1,906.71789
2014,02,14,2,907.45525
2014,02,14,3,909.43189
2014,02,14,4,911.07586
2014,02,14,5,912.78562
2014,02,14,6,914.52699
2014,02,14,7,915.95661
2014,02,15,0,917.48364
2014,02,15,1,917.10984
2014,02,15,2,916.11566
2014,02,15,3,915.57815
2014,02,15,4,915.18784
2014,02,15,5,916.22851
2014,02,15,6,917.83593
2014,02,15,7,919.02818
2014,02,16,0,918.46463
2014,02,16,1,918.63844
2014,02,16,2,919.71732
2014,02,16,3,918.63024
2014,02,16,4,916.64249
2014,02,16,5,915.58313
2014,02,16,6,915.9316
2014,02,16,7,917.04803
2014,02,17,0,916.50615
2014,02,17,1,915.5845
2014,02,17,2,915.25762
2014,02,17,3,914.91893
2014,02,17,4,915.00931
2014,02,17,5,915.38369
2014,02,17,6,915.02355
2014,02,17,7,914.05689
2014,02,18,0,909.81904
2014,02,18,1,906.66757
2014,02,18,2,906.16359
2014,02,18,3,905.16993
2014,02,18,4,902.84287
2014,02,18,5,901.20182
2014,02,18,6,901.37981
2014,02,18,7,904.75732
2014,02,19,0,905.85095
2014,02,19,1,906.06357
2014,02,19,2,907.41256
2014,02,19,3,908.44389
2014,02,19,4,909.27497
2014,02,19,5,911.62395
2014,02,19,6,913.23629
2014,02,19,7,913.81025
2014,02,20,0,914.27251
2014,02,20,1,914.63037
2014,02,20,2,916.08648
2014,02,20,3,917.40087
2014,02,20,4,918.34368
2014,02,20,5,920.06107
2014,02,20,6,920.06346
2014,02,20,7,920.57942
2014,02,21,0,920.71184
2014,02,21,1,920.46579
2014,02,21,2,920.76583
2014,02,21,3,920.72443
2014,02,21,4,919.73783
2014,02,21,5,919.20653
2014,02,21,6,919.58289
2014,02,21,7,919.4341
2014,02,22,0,918.73726
2014,02,22,1,918.03914
2014,02,22,2,917.80509
2014,02,22,3,916.78739
2014,02,22,4,914.4147
2014,02,22,5,912.07955
2014,02,22,6,909.85504
2014,02,22,7,908.47829
2014,02,23,0,909.46233
2014,02,23,1,910.18064
2014,02,23,2,910.64108
2014,02,23,3,910.94265
2014,02,23,4,911.45459
2014,02,23,5,912.07504
2014,02,23,6,913.14139
2014,02,23,7,913.46047
2014,02,24,0,913.05735
2014,02,24,1,913.28166
2014,02,24,2,913.63359
2014,02,24,3,914.29593
2014,02,24,4,915.39895
2014,02,24,5,917.3336
2014,02,24,6,918.91713
2014,02,24,7,919.4247
2014,02,25,0,918.50425
2014,02,25,1,917.37799
2014,02,25,2,916.5612
2014,02,25,3,915.59102
2014,02,25,4,915.1306
2014,02,25,5,914.51134
2014,02,25,6,914.33534
2014,02,25,7,914.42034
2014,02,26,0,914.69104
2014,02,26,1,914.53193
2014,02,26,2,913.63168
2014,02,26,3,911.51209
2014,02,26,4,911.17812
2014,02,26,5,911.18822
2014,02,26,6,910.91071
2014,02,26,7,910.13206
2014,02,27,0,909.96824
2014,02,27,1,909.42643
2014,02,27,2,907.53878
2014,02,27,3,905.49983
2014,02,27,4,904.37685
2014,02,27,5,904.06153
2014,02,27,6,904.38321
2014,02,27,7,904.97229
2014,02,28,0,904.6855
2014,02,28,1,904.63742
2014,02,28,2,906.64138
2014,02,28,3,908.35039
2014,02,28,4,907.57496
2014,02,28,5,906.39308
2014,02,28,6,905.83171
2014,02,28,7,905.9284
2014,02,29,0,906.4408
2014,02,29,1,906.29566
2014,02,29,2,908.07392
2014,02,29,3,909.52207
2014,02,29,4,911.07225
2014,02,29,5,912.6408
2014,02,29,6,914.00468
2014,02,29,7,914.25193
2014,02,30,0,913.27895
2014,02,30,1,911.59097
2014,02,30,2,909.49238
2014,02,30,3,909.37582
2014,02,30,4,909.62381
2014,02,30,5,911.45673
2014,02,30,6,912.86715
2014,02,30,7,912.90572
2014,02,1,0,913.95364
2014,02,1,1,914.28266
2014,02,1,2,914.57732
2014,02,1,3,914.76574
2014,02,1,4,914.07475
2014,02,1,5,913.52465
2014,02,1,6,914.26883
2014,02,1,7,915.12226
2014,02,2,0,914.40079
2014,02,2,1,913.81007
2014,02,2,2,914.84392
2014,02,2,3,916.6246
2014,02,2,4,918.34655
2014,02,2,5,919.33065
2014,02,2,6,920.72637
2014,02,2,7,921.46373
2014,02,3,0,920.47825
2014,02,3,1,919.91406
2014,02,3,2,920.58215
2014,02,3,3,920.89773
2014,02,3,4,921.04622
2014,02,3,5,920.62404
2014,02,3,6,919.25959
2014,02,3,7,918.2583
2014,02,4,0,920.04171
2014,02,4,1,921.39869
2014,02,4,2,921.75395
2014,02,4,3,921.78481
2014,02,4,4,921.41113
2014,02,4,5,921.27242
2014,02,4,6,921.15322
2014,02,4,7,921.55017
2014,02,5,0,920.68969
2014,02,5,1,919.06474
2014,02,5,2,919.1343
2014,02,5,3,919.10033
2014,02,5,4,918.51155
2014,02,5,5,918.09549
2014,02,5,6,917.35723
2014,02,5,7,916.70917
2014,02,6,0,916.32132
2014,02,6,1,916.09341
2014,02,6,2,915.02603
2014,02,6,3,914.57762
2014,02,6,4,914.58273
2014,02,6,5,914.77006
2014,02,6,6,915.17687
2014,02,6,7,915.53749
2014,02,7,0,915.74036
2014,02,7,1,915.80941
2014,02,7,2,915.88293
2014,02,7,3,915.92503
2014,02,7,4,915.93639
2014,02,7,5,915.42947
2014,02,7,6,914.56564
2014,02,7,7,913.41782
2014,02,8,0,911.63638
2014,02,8,1,909.26307
2014,02,8,2,909.21554
2014,02,8,3,911.63857
2014,02,8,4,914.59948
2014,02,8,5,916.24365
2014,02,8,6,916.35977
2014,02,8,7,917.27165
2014,02,9,0,919.03578
2014,02,9,1,919.7581
2014,02,9,2,921.76247
2014,02,9,3,923.83844
2014,02,9,4,924.58361
2014,02,9,5,925.40349
2014,02,9,6,925.10574
2014,02,9,7,925.64175
2014,02,10,0,925.29885
2014,02,10,1,924.46461
2014,02,10,2,922.23263
2014,02,10,3,920.93455
2014,02,10,4,920.56468
2014,02,10,5,922.50774
2014,02,10,6,923.34754
2014,02,10,7,924.40252
2014,02,11,0,924.89245
2014,02,11,1,925.04081
2014,02,11,2,924.16775
2014,02,11,3,922.966
2014,02,11,4,921.93674
2014,02,11,5,921.32373
2014,02,11,6,921.82892
2014,02,11,7,922.71931
2014,02,12,0,922.16803
2014,02,12,1,921.63181
2014,02,12,2,921.85544
2014,02,12,3,922.64727
2014,02,12,4,921.7131
2014,02,12,5,920.62282
2014,02,12,6,919.94751
2014,02,12,7,919.82349
2014,02,13,0,919.61496
2014,02,13,1,918.84866
2014,02,13,2,918.04552
2014,02,13,3,915.45598
2014,02,13,4,913.98023
2014,02,13,5,913.34329
2014,02,13,6,913.32763
2014,02,13,7,913.33929
2014,02,14,0,913.05554
2014,02,14,1,912.67517
2014,02,14,2,910.69357
2014,02,14,3,908.87166
2014,02,14,4,908.39174
2014,02,14,5,908.98657
2014,02,14,6,910.00619
2014,02,14,7,910.49896
2014,02,15,0,910.18235
2014,02,15,1,908.73152
2014,02,15,2,909.61164
2014,02,15,3,910.77186
2014,02,15,4,913.05773
2014,02,15,5,917.05211
2014,02,15,6,919.10447
2014,02,15,7,918.45262
2014,02,16,0,915.99386
2014,02,16,1,913.55888
2014,02,16,2,912.84156
2014,02,16,3,912.41086
2014,02,16,4,912.34694
2014,02,16,5,911.46235
2014,02,16,6,910.15791
2014,02,16,7,909.25256
2014,02,17,0,908.1852
2014,02,17,1,907.18113
2014,02,17,2,906.57615
2014,02,17,3,906.08345
2014,02,17,4,905.48048
2014,02,17,5,905.35579
2014,02,17,6,906.00156
2014,02,17,7,907.23217
2014,02,18,0,908.45346
2014,02,18,1,909.12129
2014,02,18,2,909.79871
2014,02,18,3,910.54439
2014,02,18,4,910.48723
2014,02,18,5,910.65924
2014,02,18,6,911.1868
2014,02,18,7,911.62718
2014,02,19,0,911.11441
2014,02,19,1,909.81884
2014,02,19,2,909.07677
2014,02,19,3,908.49348
2014,02,19,4,907.43452
2014,02,19,5,907.24487
2014,02,19,6,906.826
2014,02,19,7,906.11701
2014,02,20,0,906.36321
2014,02,20,1,907.32742
2014,02,20,2,908.30125
2014,02,20,3,909.65396
2014,02,20,4,911.21603
2014,02,20,5,912.77659
2014,02,20,6,913.34094
2014,02,20,7,914.36895
2014,02,21,0,915.38083
2014,02,21,1,915.99743
2014,02,21,2,917.96786
2014,02,21,3,920.22906
2014,02,21,4,921.37448
2014,02,21,5,922.0701
2014,02,21,6,924.04577
2014,02,21,7,926.0048
2014,02,22,0,923.92291
2014,02,22,1,921.10166
2014,02,22,2,920.37499
2014,02,22,3,919.29017
2014,02,22,4,917.7839
2014,02,22,5,916.03379
2014,02,22,6,915.39573
2014,02,22,7,915.31072
2014,02,23,0,913.94489
2014,02,23,1,912.80886
2014,02,23,2,913.41204
2014,02,23,3,914.07
2014,02,23,4,913.13084
2014,02,23,5,911.77562
2014,02,23,6,911.29636
2014,02,23,7,911.40544
2014,02,24,0,911.33254
2014,02,24,1,910.72297
2014,02,24,2,910.63668
2014,02,24,3,911.5669
2014,02,24,4,911.39582
2014,02,24,5,911.23662
2014,02,24,6,912.17566
2014,02,24,7,912.88187
2014,02,25,0,913.79486
2014,02,25,1,914.49395
2014,02,25,2,915.22203
2014,02,25,3,916.34333
2014,02,25,4,917.02312
2014,02,25,5,917.41676
2014,02,25,6,916.16122
2014,02,25,7,914.3853
2014,02,26,0,912.0264
2014,02,26,1,909.90255
2014,02,26,2,910.98763
2014,02,26,3,912.10091
2014,02,26,4,912.87102
2014,02,26,5,914.04663
2014,02,26,6,914.59456
2014,02,26,7,915.0292
2014,02,27,0,917.96505
2014,02,27,1,920.78839
2014,02,27,2,922.00728
2014,02,27,3,922.63644
2014,02,27,4,923.21663
2014,02,27,5,923.10951
2014,02,27,6,924.18295
2014,02,27,7,925.03103
2014,02,28,0,924.63364
2014,02,28,1,924.86455
2014,02,28,2,925.59562
2014,02,28,3,925.55358
2014,02,28,4,924.846
2014,02,28,5,924.03535
2014,02,28,6,923.84792
2014,02,28,7,923.57797
2014,02,29,0,923.00049
2014,02,29,1,921.50091
2014,02,29,2,920.64806
2014,02,29,3,920.34416
2014,02,29,4,919.62428
2014,02,29,5,919.19941
2014,02,29,6,919.02298
2014,02,29,7,918.19413
2014,02,30,0,916.76727
2014,02,30,1,915.97508
2014,02,30,2,916.05878
2014,02,30,3,916.67503
2014,02,30,4,916.27914
2014,02,30,5,915.73482
2014,02,30,6,915.40126
2014,02,30,7,914.5566
2014,02,31,0,913.82214
2014,02,31,1,914.07802
2014,02,31,2,915.70023
2014,02,31,3,916.98777
2014,02,31,4,918.41105
2014,02,31,5,918.50051
2014,02,31,6,916.60485
2014,02,31,7,914.56468
2014,02,1,0,913.51524
2014,02,1,1,912.50856
2014,02,1,2,912.55052
2014,02,1,3,912.91818
2014,02,1,4,911.2776
2014,02,1,5,910.8235
2014,02,1,6,910.40376
2014,02,1,7,910.04555
2014,02,2,0,910.27228
2014,02,2,1,910.36184
2014,02,2,2,910.89588
2014,02,2,3,912.9047
2014,02,2,4,914.85883
2014,02,2,5,916.38166
2014,02,2,6,919.88535
2014,02,2,7,921.77498
2014,02,3,0,922.36574
2014,02,3,1,923.79473
2014,02,3,2,926.05861
2014,02,3,3,927.39542
2014,02,3,4,926.77466
2014,02,3,5,926.17424
2014,02,3,6,924.92343
2014,02,3,7,923.02363
2014,02,4,0,920.19218
2014,02,4,1,917.89176
2014,02,4,2,919.20212
2014,02,4,3,919.1526
2014,02,4,4,917.83586
2014,02,4,5,915.79232
2014,02,4,6,915.6434
2014,02,4,7,915.81067
2014,02,5,0,913.1401
2014,02,5,1,911.65874
2014,02,5,2,912.53317
2014,02,5,3,912.76617
2014,02,5,4,914.10067
2014,02,5,5,915.63361
2014,02,5,6,916.63643
2014,02,5,7,918.00075
2014,02,6,0,916.45617
2014,02,6,1,913.33896
2014,02,6,2,913.60956
2014,02,6,3,913.66099
2014,02,6,4,912.94216
2014,02,6,5,912.73253
2014,02,6,6,912.80662
2014,02,6,7,912.76243
2014,02,7,0,912.66712
2014,02,7,1,912.6969
2014,02,7,2,914.01218
2014,02,7,3,915.05028
2014,02,7,4,915.38947
2014,02,7,5,915.03074
2014,02,7,6,914.71415
2014,02,7,7,914.25188
2014,02,8,0,911.07042
2014,02,8,1,908.5209
2014,02,8,2,909.28694
2014,02,8,3,909.1499
2014,02,8,4,908.51443
2014,02,8,5,908.59166
2014,02,8,6,908.9597
2014,02,8,7,908.0356
2014,02,9,0,906.073
2014,02,9,1,903.98758
2014,02,9,2,904.02173
2014,02,9,3,904.36057
2014,02,9,4,906.33869
2014,02,9,5,907.97341
2014,02,9,6,907.75887
2014,02,9,7,908.60877
2014,02,10,0,907.81023
2014,02,10,1,906.61748
2014,02,10,2,907.41944
2014,02,10,3,908.34649
2014,02,10,4,908.6191
2014,02,10,5,908.44264
2014,02,10,6,908.29065
2014,02,10,7,907.44909
2014,02,11,0,906.29249
2014,02,11,1,905.41062
2014,02,11,2,905.86102
2014,02,11,3,906.50505
2014,02,11,4,907.29302
2014,02,11,5,908.44478
2014,02,11,6,908.74647
2014,02,11,7,909.4049
2014,02,12,0,910.63932
2014,02,12,1,911.8498
2014,02,12,2,912.39971
2014,02,12,3,912.64506
2014,02,12,4,912.5041
2014,02,12,5,912.6426
2014,02,12,6,914.26314
2014,02,12,7,915.8455
2014,02,13,0,916.84446
2014,02,13,1,917.20281
2014,02,13,2,919.54462
2014,02,13,3,920.6984
2014,02,13,4,919.39414
2014,02,13,5,918.61853
2014,02,13,6,918.07871
2014,02,13,7,918.00905
2014,02,14,0,917.58683
2014,02,14,1,917.99475
2014,02,14,2,920.40953
2014,02,14,3,920.40383
2014,02,14,4,919.32878
2014,02,14,5,919.77845
2014,02,14,6,920.3785
2014,02,14,7,918.60415
2014,02,15,0,918.65671
2014,02,15,1,917.7863
2014,02,15,2,918.30268
2014,02,15,3,916.38805
2014,02,15,4,914.60243
2014,02,15,5,912.87047
2014,02,15,6,914.1469
2014,02,15,7,914.72407
2014,02,16,0,915.43278
2014,02,16,1,917.68167
2014,02,16,2,921.0091
2014,02,16,3,922.8847
2014,02,16,4,923.04443
2014,02,16,5,922.44203
2014,02,16,6,921.56302
2014,02,16,7,920.58547
2014,02,17,0,919.00066
2014,02,17,1,917.78592
2014,02,17,2,918.94286
2014,02,17,3,919.0564
2014,02,17,4,919.44917
2014,02,17,5,920.07319
2014,02,17,6,919.95676
2014,02,17,7,918.995
2014,02,18,0,916.42443
2014,02,18,1,914.80573
2014,02,18,2,915.93145
2014,02,18,3,919.79651
2014,02,18,4,920.91609
2014,02,18,5,920.67871
2014,02,18,6,918.24341
2014,02,18,7,915.7844
2014,02,19,0,914.27088
2014,02,19,1,915.07764
2014,02,19,2,916.38123
2014,02,19,3,917.25976
2014,02,19,4,918.65951
2014,02,19,5,918.2668
2014,02,19,6,917.89864
2014,02,19,7,917.57854
2014,02,20,0,915.5438
2014,02,20,1,914.91196
2014,02,20,2,915.95189
2014,02,20,3,916.27995
2014,02,20,4,915.3027
2014,02,20,5,914.67373
2014,02,20,6,915.74458
2014,02,20,7,916.7141
2014,02,21,0,917.84769
2014,02,21,1,918.22215
2014,02,21,2,918.41583
2014,02,21,3,917.74039
2014,02,21,4,916.09529
2014,02,21,5,914.97285
2014,02,21,6,914.72497
2014,02,21,7,914.39166
2014,02,22,0,915.15344
2014,02,22,1,915.94344
2014,02,22,2,915.95827
2014,02,22,3,916.04079
2014,02,22,4,916.78859
2014,02,22,5,916.49645
2014,02,22,6,916.49313
2014,02,22,7,916.05349
2014,02,23,0,916.47781
2014,02,23,1,917.13032
2014,02,23,2,916.40532
2014,02,23,3,914.97218
2014,02,23,4,914.79835
2014,02,23,5,915.42779
2014,02,23,6,916.985
2014,02,23,7,918.29517
2014,02,24,0,918.95265
2014,02,24,1,919.06546
2014,02,24,2,918.89064
2014,02,24,3,918.2162
2014,02,24,4,917.77338
2014,02,24,5,917.75485
2014,02,24,6,918.2029
2014,02,24,7,919.23196
2014,02,25,0,918.54394
2014,02,25,1,917.17007
2014,02,25,2,916.87579
2014,02,25,3,917.05905
2014,02,25,4,919.76126
2014,02,25,5,922.32813
2014,02,25,6,921.99822
2014,02,25,7,920.00501
2014,02,26,0,917.30535
2014,02,26,1,915.22717
2014,02,26,2,914.40213
2014,02,26,3,914.88639
2014,02,26,4,914.70787
2014,02,26,5,914.44138
2014,02,26,6,914.71396
2014,02,26,7,915.08957
2014,02,27,0,913.94725
2014,02,27,1,913.13724
2014,02,27,2,914.5444
2014,02,27,3,915.58917
2014,02,27,4,914.66267
2014,02,27,5,913.36863
2014,02,27,6,913.07851
2014,02,27,7,912.59087
2014,02,28,0,910.96684
2014,02,28,1,910.15088
2014,02,28,2,912.69615
2014,02,28,3,916.08576
2014,02,28,4,917.88214
2014,02,28,5,917.48118
2014,02,28,6,914.40246
2014,02,28,7,910.72749
2014,02,29,0,910.74273
2014,02,29,1,912.67982
2014,02,29,2,914.31818
2014,02,29,3,915.40892
2014,02,29,4,915.97882
2014,02,29,5,917.65625
2014,02,29,6,917.22568
2014,02,29,7,916.76407
2014,02,30,0,916.66142
2014,02,30,1,916.87117
2014,02,30,2,917.99884
2014,02,30,3,918.6577
2014,02,30,4,919.15666
2014,02,30,5,920.11521
2014,02,30,6,919.96523
2014,02,30,7,919.57996
2014,02,1,0,919.54279
2014,02,1,1,919.50872
2014,02,1,2,919.33759
2014,02,1,3,919.58591
2014,02,1,4,919.75973
2014,02,1,5,919.82026
2014,02,1,6,920.53986
2014,02,1,7,920.90208
2014,02,2,0,920.68385
2014,02,2,1,919.86221
2014,02,2,2,919.30019
2014,02,2,3,918.63196
2014,02,2,4,917.83201
2014,02,2,5,917.08564
2014,02,2,6,915.92465
2014,02,2,7,914.81528
2014,02,3,0,912.66062
2014,02,3,1,910.88164
2014,02,3,2,909.76932
2014,02,3,3,908.56599
2014,02,3,4,908.1847
2014,02,3,5,908.13428
2014,02,3,6,908.09952
2014,02,3,7,908.257
2014,02,4,0,907.39978
2014,02,4,1,906.7812
2014,02,4,2,906.9688
2014,02,4,3,907.25068
2014,02,4,4,907.34881
2014,02,4,5,907.77913
2014,02,4,6,908.33089
2014,02,4,7,909.05794
2014,02,5,0,908.66487
2014,02,5,1,908.30648
2014,02,5,2,908.62225
2014,02,5,3,908.71932
2014,02,5,4,907.93948
2014,02,5,5,907.63984
2014,02,5,6,907.8298
2014,02,5,7,908.03592
2014,02,6,0,908.04918
2014,02,6,1,907.99189
2014,02,6,2,908.81225
2014,02,6,3,909.82727
2014,02,6,4,910.18741
2014,02,6,5,910.67481
2014,02,6,6,910.9855
2014,02,6,7,910.95282
2014,02,7,0,909.85382
2014,02,7,1,908.8143
2014,02,7,2,910.43034
2014,02,7,3,911.34983
2014,02,7,4,910.31805
2014,02,7,5,908.61538
2014,02,7,6,908.35652
2014,02,7,7,907.43855
2014,02,8,0,906.97449
2014,02,8,1,905.15272
2014,02,8,2,904.59863
2014,02,8,3,903.6209
2014,02,8,4,902.39746
2014,02,8,5,902.29045
2014,02,8,6,904.60006
2014,02,8,7,904.99422
2014,02,9,0,901.38344
2014,02,9,1,899.6908
2014,02,9,2,901.42889
2014,02,9,3,903.72579
2014,02,9,4,904.33591
2014,02,9,5,904.21146
2014,02,9,6,904.64775
2014,02,9,7,905.11564
2014,02,10,0,903.94598
2014,02,10,1,902.739
2014,02,10,2,902.0096
2014,02,10,3,901.87112
2014,02,10,4,902.81237
2014,02,10,5,903.07643
2014,02,10,6,903.14226
2014,02,10,7,903.59685
2014,02,11,0,904.83924
2014,02,11,1,905.74023
2014,02,11,2,906.48185
2014,02,11,3,906.35052
2014,02,11,4,906.94918
2014,02,11,5,907.34964
2014,02,11,6,908.54767
2014,02,11,7,909.16618
2014,02,12,0,909.64102
2014,02,12,1,909.59172
2014,02,12,2,909.67412
2014,02,12,3,909.53594
2014,02,12,4,907.02915
2014,02,12,5,906.19589
2014,02,12,6,905.72781
2014,02,12,7,905.67976
2014,02,13,0,905.94644
2014,02,13,1,907.47525
2014,02,13,2,909.78801
2014,02,13,3,910.75182
2014,02,13,4,912.59175
2014,02,13,5,913.27035
2014,02,13,6,912.31097
2014,02,13,7,910.008
2014,02,14,0,908.66024
2014,02,14,1,908.48831
2014,02,14,2,908.42019
2014,02,14,3,907.59504
2014,02,14,4,905.59487
2014,02,14,5,904.4623
2014,02,14,6,904.39652
2014,02,14,7,904.23831
2014,02,15,0,904.93333
2014,02,15,1,906.22743
2014,02,15,2,908.63767
2014,02,15,3,909.46563
2014,02,15,4,909.05345
2014,02,15,5,907.78313
2014,02,15,6,908.24565
2014,02,15,7,908.65242
2014,02,16,0,907.78333
2014,02,16,1,908.10526
2014,02,16,2,908.49873
2014,02,16,3,909.50032
2014,02,16,4,912.1562
2014,02,16,5,913.82703
2014,02,16,6,915.3096
2014,02,16,7,915.84508
2014,02,17,0,913.4259
2014,02,17,1,910.10699
2014,02,17,2,908.58212
2014,02,17,3,907.34122
2014,02,17,4,909.69151
2014,02,17,5,911.41974
2014,02,17,6,913.49216
2014,02,17,7,916.63592
2014,02,18,0,917.98345
2014,02,18,1,918.43906
2014,02,18,2,920.29022
2014,02,18,3,921.6298
2014,02,18,4,921.27044
2014,02,18,5,921.12022
2014,02,18,6,922.137
2014,02,18,7,921.74881
2014,02,19,0,921.48242
2014,02,19,1,921.42999
2014,02,19,2,921.16637
2014,02,19,3,920.68137
2014,02,19,4,920.19659
2014,02,19,5,919.8502
2014,02,19,6,919.92244
2014,02,19,7,918.93967
2014,02,20,0,918.83103
2014,02,20,1,919.29873
2014,02,20,2,918.74372
2014,02,20,3,918.55055
2014,02,20,4,918.88394
2014,02,20,5,919.36158
2014,02,20,6,919.06176
2014,02,20,7,918.68682
2014,02,21,0,918.37922
2014,02,21,1,917.63637
2014,02,21,2,917.18703
2014,02,21,3,917.31257
2014,02,21,4,916.81016
2014,02,21,5,916.13757
2014,02,21,6,917.03877
2014,02,21,7,916.40816
2014,02,22,0,915.61181
2014,02,22,1,915.61436
2014,02,22,2,916.0315
2014,02,22,3,916.01174
2014,02,22,4,916.03991
2014,02,22,5,914.57232
2014,02,22,6,909.25829
2014,02,22,7,907.19489
2014,02,23,0,907.55189
2014,02,23,1,907.94403
2014,02,23,2,910.20299
2014,02,23,3,912.02011
2014,02,23,4,913.07319
2014,02,23,5,913.93763
2014,02,23,6,915.69736
2014,02,23,7,916.98358
2014,02,24,0,916.93996
2014,02,24,1,916.48995
2014,02,24,2,915.96294
2014,02,24,3,916.0881
2014,02,24,4,916.35099
2014,02,24,5,916.10788
2014,02,24,6,913.75246
2014,02,24,7,912.41336
2014,02,25,0,912.45109
2014,02,25,1,913.52791
2014,02,25,2,914.29801
2014,02,25,3,916.31598
2014,02,25,4,916.1505
2014,02,25,5,916.44264
2014,02,25,6,916.88153
2014,02,25,7,917.0496
2014,02,26,0,916.60768
2014,02,26,1,915.71797
2014,02,26,2,914.61792
2014,02,26,3,913.17021
2014,02,26,4,913.09023
2014,02,26,5,912.68578
2014,02,26,6,911.04977
2014,02,26,7,909.95559
2014,02,27,0,909.95776
2014,02,27,1,909.88352
2014,02,27,2,910.29257
2014,02,27,3,910.91433
2014,02,27,4,910.3658
2014,02,27,5,909.98183
2014,02,27,6,910.92846
2014,02,27,7,912.09324
2014,02,28,0,912.33707
2014,02,28,1,912.74485
2014,02,28,2,912.7718
2014,02,28,3,912.66187
2014,02,28,4,913.16066
2014,02,28,5,914.15845
2014,02,28,6,914.04507
2014,02,28,7,913.97334
2014,02,29,0,913.6987
2014,02,29,1,913.72169
2014,02,29,2,913.02074
2014,02,29,3,911.79526
2014,02,29,4,910.78642
2014,02,29,5,910.87736
2014,02,29,6,912.07772
2014,02,29,7,913.97941
2014,02,30,0,915.19498
2014,02,30,1,915.90941
2014,02,30,2,916.649
2014,02,30,3,917.16157
2014,02,30,4,917.60242
2014,02,30,5,917.95772
2014,02,30,6,918.52858
2014,02,30,7,918.6289
2014,02,31,0,919.0783
2014,02,31,1,919.39977
2014,02,31,2,919.01096
2014,02,31,3,918.60604
2014,02,31,4,917.34752
2014,02,31,5,916.12843
2014,02,31,6,915.43796
2014,02,31,7,915.155
2014,02,1,0,915.72117
2014,02,1,1,916.114
2014,02,1,2,915.88477
2014,02,1,3,915.25158
2014,02,1,4,914.93759
2014,02,1,5,915.53596
2014,02,1,6,916.46665
2014,02,1,7,916.53552
2014,02,2,0,913.41642
2014,02,2,1,910.44249
2014,02,2,2,909.72328
2014,02,2,3,909.89149
2014,02,2,4,908.90185
2014,02,2,5,908.99521
2014,02,2,6,909.8269
2014,02,2,7,910.53416
2014,02,3,0,911.31084
2014,02,3,1,912.07966
2014,02,3,2,911.27845
2014,02,3,3,910.25329
2014,02,3,4,910.83104
2014,02,3,5,911.81025
2014,02,3,6,911.92794
2014,02,3,7,912.88515
2014,02,4,0,912.64493
2014,02,4,1,911.55104
2014,02,4,2,911.87861
2014,02,4,3,911.92744
2014,02,4,4,910.70138
2014,02,4,5,909.81691
2014,02,4,6,909.51376
2014,02,4,7,908.83952
2014,02,5,0,908.5056
2014,02,5,1,908.24449
2014,02,5,2,907.59256
2014,02,5,3,907.32788
2014,02,5,4,907.98608
2014,02,5,5,908.30803
2014,02,5,6,908.13242
2014,02,5,7,908.30598
2014,02,6,0,909.13195
2014,02,6,1,909.42365
2014,02,6,2,908.95958
2014,02,6,3,908.58268
2014,02,6,4,908.12185
2014,02,6,5,908.26883
2014,02,6,6,907.96151
2014,02,6,7,907.29557
2014,02,7,0,909.38694
2014,02,7,1,913.2804
2014,02,7,2,914.67969
2014,02,7,3,914.62305
2014,02,7,4,913.9964
2014,02,7,5,913.31099
2014,02,7,6,912.04479
2014,02,7,7,911.17731
2014,02,8,0,912.54406
2014,02,8,1,913.73233
2014,02,8,2,913.71985
2014,02,8,3,912.79937
2014,02,8,4,911.54565
2014,02,8,5,910.57783
2014,02,8,6,910.99448
2014,02,8,7,911.69977
2014,02,9,0,910.93162
2014,02,9,1,909.39591
2014,02,9,2,909.13834
2014,02,9,3,909.30465
2014,02,9,4,908.8442
2014,02,9,5,907.69634
2014,02,9,6,906.70655
2014,02,9,7,906.48166
2014,02,10,0,906.20592
2014,02,10,1,905.44829
2014,02,10,2,905.20881
2014,02,10,3,905.26508
2014,02,10,4,904.78412
2014,02,10,5,904.51277
2014,02,10,6,904.42381
2014,02,10,7,904.05549
2014,02,11,0,904.21318
2014,02,11,1,904.6085
2014,02,11,2,905.02943
2014,02,11,3,905.13314
2014,02,11,4,905.57964
2014,02,11,5,906.16696
2014,02,11,6,906.89503
2014,02,11,7,908.05246
2014,02,12,0,908.76151
2014,02,12,1,909.00743
2014,02,12,2,908.66187
2014,02,12,3,908.32184
2014,02,12,4,908.06316
2014,02,12,5,909.17503
2014,02,12,6,909.85022
2014,02,12,7,909.74635
2014,02,13,0,909.77093
2014,02,13,1,910.8232
2014,02,13,2,911.11455
2014,02,13,3,911.61791
2014,02,13,4,912.34551
2014,02,13,5,912.62596
2014,02,13,6,912.40842
2014,02,13,7,912.24872
2014,02,14,0,912.36283
2014,02,14,1,912.34081
2014,02,14,2,912.24802
2014,02,14,3,912.15603
2014,02,14,4,912.16578
2014,02,14,5,911.84686
2014,02,14,6,911.33921
2014,02,14,7,911.41784
2014,02,15,0,913.09432
2014,02,15,1,914.25873
2014,02,15,2,914.15902
2014,02,15,3,914.14767
2014,02,15,4,913.47559
2014,02,15,5,912.44306
2014,02,15,6,911.32088
2014,02,15,7,910.33148
2014,02,16,0,908.99367
2014,02,16,1,908.43297
2014,02,16,2,908.47371
2014,02,16,3,908.58978
2014,02,16,4,909.04426
2014,02,16,5,909.01072
2014,02,16,6,908.45689
2014,02,16,7,908.12641
2014,02,17,0,907.55768
2014,02,17,1,906.4659
2014,02,17,2,905.14425
2014,02,17,3,904.12374
2014,02,17,4,903.97591
2014,02,17,5,905.56496
2014,02,17,6,906.21953
2014,02,17,7,906.22852
2014,02,18,0,906.96657
2014,02,18,1,907.23976
2014,02,18,2,907.31557
2014,02,18,3,907.45994
2014,02,18,4,906.38099
2014,02,18,5,905.90779
2014,02,18,6,907.37352
2014,02,18,7,909.35447
2014,02,19,0,909.17248
2014,02,19,1,909.14791
2014,02,19,2,909.86116
2014,02,19,3,910.8171
2014,02,19,4,912.19847
2014,02,19,5,913.50712
2014,02,19,6,914.30876
2014,02,19,7,915.42654
2014,02,20,0,916.03553
2014,02,20,1,916.86312
2014,02,20,2,916.40875
2014,02,20,3,916.40425
2014,02,20,4,917.21974
2014,02,20,5,917.3038
2014,02,20,6,917.65132
2014,02,20,7,917.89958
2014,02,21,0,917.8484
2014,02,21,1,917.80252
2014,02,21,2,917.62929
2014,02,21,3,917.64198
2014,02,21,4,917.66773
2014,02,21,5,917.91841
2014,02,21,6,918.41709
2014,02,21,7,919.48142
2014,02,22,0,919.20518
2014,02,22,1,918.46198
2014,02,22,2,917.96795
2014,02,22,3,917.31646
2014,02,22,4,915.70603
2014,02,22,5,914.6985
2014,02,22,6,914.0349
2014,02,22,7,912.81838
2014,02,23,0,911.45735
2014,02,23,1,909.84562
2014,02,23,2,907.83191
2014,02,23,3,905.33451
2014,02,23,4,905.55945
2014,02,23,5,907.00159
2014,02,23,6,908.53353
2014,02,23,7,912.88051
2014,02,24,0,917.26595
2014,02,24,1,921.81293
2014,02,24,2,923.52511
2014,02,24,3,923.29404
2014,02,24,4,922.62417
2014,02,24,5,922.57613
2014,02,24,6,921.24536
2014,02,24,7,920.43805
2014,02,25,0,920.34621
2014,02,25,1,921.0034
2014,02,25,2,919.27488
2014,02,25,3,916.23813
2014,02,25,4,914.21235
2014,02,25,5,910.43394
2014,02,25,6,910.64751
2014,02,25,7,913.55751
2014,02,26,0,918.09117
2014,02,26,1,923.22784
2014,02,26,2,925.66671
2014,02,26,3,922.97485
2014,02,26,4,919.89149
2014,02,26,5,918.66151
2014,02,26,6,921.87512
2014,02,26,7,925.10247
2014,02,27,0,926.43358
2014,02,27,1,927.76103
2014,02,27,2,929.80097
2014,02,27,3,931.33981
2014,02,27,4,929.56022
2014,02,27,5,927.40593
2014,02,27,6,925.75577
2014,02,27,7,924.84733
2014,02,28,0,924.03417
2014,02,28,1,923.35455
2014,02,28,2,923.26614
2014,02,28,3,923.15682
2014,02,28,4,923.97043
2014,02,28,5,924.61154
2014,02,28,6,925.34709
2014,02,28,7,925.64311
2014,02,29,0,922.75641
2014,02,29,1,921.32569
2014,02,29,2,921.67006
2014,02,29,3,920.56598
2014,02,29,4,919.07049
2014,02,29,5,918.10619
2014,02,29,6,918.12675
2014,02,29,7,918.81453
2014,02,30,0,919.1937
2014,02,30,1,919.60959
2014,02,30,2,921.10091
2014,02,30,3,921.75642
2014,02,30,4,919.95098
2014,02,30,5,918.75488
2014,02,30,6,918.0973
2014,02,30,7,917.75205
2014,02,31,0,916.48597
2014,02,31,1,915.24237
2014,02,31,2,915.30458
2014,02,31,3,914.64942
2014,02,31,4,914.7554
2014,02,31,5,914.99998
2014,02,31,6,915.46218
2014,02,31,7,916.40495
2014,02,1,0,916.2544
2014,02,1,1,915.63169
2014,02,1,2,915.42071
2014,02,1,3,915.47339
2014,02,1,4,916.23651
2014,02,1,5,916.50571
2014,02,1,6,916.62365
2014,02,1,7,917.01704
2014,02,2,0,917.1383
2014,02,2,1,917.0522
2014,02,2,2,917.53679
2014,02,2,3,918.65561
2014,02,2,4,918.26433
2014,02,2,5,918.02578
2014,02,2,6,918.08762
2014,02,2,7,917.78176
2014,02,3,0,917.16833
2014,02,3,1,916.81071
2014,02,3,2,915.38749
2014,02,3,3,914.32495
2014,02,3,4,914.58144
2014,02,3,5,913.96852
2014,02,3,6,912.60377
2014,02,3,7,912.13565
2014,02,4,0,911.41662
2014,02,4,1,910.87558
2014,02,4,2,910.30968
2014,02,4,3,908.82146
2014,02,4,4,909.18891
2014,02,4,5,909.36874
2014,02,4,6,908.71031
2014,02,4,7,908.86128
2014,02,5,0,908.42168
2014,02,5,1,907.77888
2014,02,5,2,907.93955
2014,02,5,3,907.98902
2014,02,5,4,908.95287
2014,02,5,5,910.29918
2014,02,5,6,911.03687
2014,02,5,7,911.01099
2014,02,6,0,910.64693
2014,02,6,1,909.49862
2014,02,6,2,908.08061
2014,02,6,3,907.11632
2014,02,6,4,907.01315
2014,02,6,5,907.03466
2014,02,6,6,906.70961
2014,02,6,7,906.37101
2014,02,7,0,908.46635
2014,02,7,1,910.63758
2014,02,7,2,910.56587
2014,02,7,3,911.77492
2014,02,7,4,914.05078
2014,02,7,5,914.9783
2014,02,7,6,916.51941
2014,02,7,7,917.54477
2014,02,8,0,917.22571
2014,02,8,1,916.97159
2014,02,8,2,917.5959
2014,02,8,3,917.80661
2014,02,8,4,917.07861
2014,02,8,5,916.47933
2014,02,8,6,916.59822
2014,02,8,7,916.86309
2014,02,9,0,917.91889
2014,02,9,1,919.40774
2014,02,9,2,920.32295
2014,02,9,3,920.64226
2014,02,9,4,920.75699
2014,02,9,5,921.48513
2014,02,9,6,921.6391
2014,02,9,7,921.32202
2014,02,10,0,921.36794
2014,02,10,1,920.8288
2014,02,10,2,920.3113
2014,02,10,3,919.84536
2014,02,10,4,918.5589
2014,02,10,5,917.5463
2014,02,10,6,918.8749
2014,02,10,7,920.35088
2014,02,11,0,920.49941
2014,02,11,1,920.98234
2014,02,11,2,920.34794
2014,02,11,3,919.01563
2014,02,11,4,918.64329
2014,02,11,5,918.58388
2014,02,11,6,919.49236
2014,02,11,7,919.38908
2014,02,12,0,919.51489
2014,02,12,1,919.51885
2014,02,12,2,918.40825
2014,02,12,3,917.66021
2014,02,12,4,916.89243
2014,02,12,5,915.1878
2014,02,12,6,915.0437
2014,02,12,7,914.36605
2014,02,13,0,913.12341
2014,02,13,1,912.76573
2014,02,13,2,912.88998
2014,02,13,3,913.73927
2014,02,13,4,916.88088
2014,02,13,5,918.48869
2014,02,13,6,917.00957
2014,02,13,7,915.37635
2014,02,14,0,914.66895
2014,02,14,1,913.53571
2014,02,14,2,914.59517
2014,02,14,3,915.70544
2014,02,14,4,915.49617
2014,02,14,5,916.24234
2014,02,14,6,918.14459
2014,02,14,7,919.7519
2014,02,15,0,918.60234
2014,02,15,1,917.0607
2014,02,15,2,917.93754
2014,02,15,3,919.14432
2014,02,15,4,919.2268
2014,02,15,5,919.70476
2014,02,15,6,921.1036
2014,02,15,7,921.86528
2014,02,16,0,922.10198
2014,02,16,1,921.73944
2014,02,16,2,922.17435
2014,02,16,3,922.66214
2014,02,16,4,922.64474
2014,02,16,5,922.74787
2014,02,16,6,922.58172
2014,02,16,7,922.51804
2014,02,17,0,923.19168
2014,02,17,1,923.78405
2014,02,17,2,924.34911
2014,02,17,3,924.97139
2014,02,17,4,925.65435
2014,02,17,5,925.94806
2014,02,17,6,926.75237
2014,02,17,7,927.21812
2014,02,18,0,926.95333
2014,02,18,1,926.40817
2014,02,18,2,926.18873
2014,02,18,3,925.85201
2014,02,18,4,924.67987
2014,02,18,5,924.00178
2014,02,18,6,924.36201
2014,02,18,7,923.42701
2014,02,19,0,922.06847
2014,02,19,1,921.54889
2014,02,19,2,921.7638
2014,02,19,3,921.3597
2014,02,19,4,918.66656
2014,02,19,5,917.07154
2014,02,19,6,918.64547
2014,02,19,7,920.24328
2014,02,20,0,919.40318
2014,02,20,1,919.35006
2014,02,20,2,920.98322
2014,02,20,3,922.76031
2014,02,20,4,923.09135
2014,02,20,5,923.32228
2014,02,20,6,923.41018
2014,02,20,7,922.68218
2014,02,21,0,921.46963
2014,02,21,1,920.19254
2014,02,21,2,920.41003
2014,02,21,3,921.45394
2014,02,21,4,921.58034
2014,02,21,5,921.33233
2014,02,21,6,921.45175
2014,02,21,7,921.81785
2014,02,22,0,920.28334
2014,02,22,1,917.74361
2014,02,22,2,916.46913
2014,02,22,3,915.64626
2014,02,22,4,915.78302
2014,02,22,5,916.8786
2014,02,22,6,916.45786
2014,02,22,7,915.99575
2014,02,23,0,914.75654
2014,02,23,1,913.8724
2014,02,23,2,915.53746
2014,02,23,3,916.6763
2014,02,23,4,916.29265
2014,02,23,5,915.47476
2014,02,23,6,915.48777
2014,02,23,7,916.23424
2014,02,24,0,915.66488
2014,02,24,1,914.78606
2014,02,24,2,916.02243
2014,02,24,3,917.44108
2014,02,24,4,917.07609
2014,02,24,5,916.85023
2014,02,24,6,916.1251
2014,02,24,7,914.43735
2014,02,25,0,914.29143
2014,02,25,1,913.97064
2014,02,25,2,913.29735
2014,02,25,3,912.60119
2014,02,25,4,911.3375
2014,02,25,5,910.44295
2014,02,25,6,910.48229
2014,02,25,7,910.7458
2014,02,26,0,909.45041
2014,02,26,1,908.94526
2014,02,26,2,909.83001
2014,02,26,3,910.39292
2014,02,26,4,911.1063
2014,02,26,5,912.09777
2014,02,26,6,913.54136
2014,02,26,7,913.68617
2014,02,27,0,913.17704
2014,02,27,1,912.68972
2014,02,27,2,913.24075
2014,02,27,3,912.91393
2014,02,27,4,911.79819
2014,02,27,5,911.3764
2014,02,27,6,911.95519
2014,02,27,7,912.24898
2014,02,28,0,912.90063
2014,02,28,1,913.35739
2014,02,28,2,912.14335
2014,02,28,3,910.9976
2014,02,28,4,911.94936
2014,02,28,5,913.38456
2014,02,28,6,915.42917
2014,02,28,7,917.33407
2014,02,29,0,917.83518
2014,02,29,1,917.55696
2014,02,29,2,920.77937
2014,02,29,3,923.78202
2014,02,29,4,921.84393
2014,02,29,5,920.36249
2014,02,29,6,921.04964
2014,02,29,7,921.16989
2014,02,30,0,920.22273
2014,02,30,1,919.50538
2014,02,30,2,919.07656
2014,02,30,3,918.84008
2014,02,30,4,918.51312
2014,02,30,5,917.43378
2014,02,30,6,916.83567
2014,02,30,7,915.26986
2014,02,1,0,912.82752
2014,02,1,1,910.69116
2014,02,1,2,907.57201
2014,02,1,3,905.12979
2014,02,1,4,906.22299
2014,02,1,5,909.03962
2014,02,1,6,909.76554
2014,02,1,7,908.10934
2014,02,2,0,905.6412
2014,02,2,1,904.03175
2014,02,2,2,904.14477
2014,02,2,3,904.31835
2014,02,2,4,905.93863
2014,02,2,5,907.91179
2014,02,2,6,907.82881
2014,02,2,7,907.82383
2014,02,3,0,908.68489
2014,02,3,1,908.73212
2014,02,3,2,911.27082
2014,02,3,3,914.2376
2014,02,3,4,914.16245
2014,02,3,5,914.38879
2014,02,3,6,915.54584
2014,02,3,7,916.76634
2014,02,4,0,916.99584
2014,02,4,1,916.29099
2014,02,4,2,916.7424
2014,02,4,3,917.24792
2014,02,4,4,916.27747
2014,02,4,5,915.34684
2014,02,4,6,914.55938
2014,02,4,7,913.7528
2014,02,5,0,913.81413
2014,02,5,1,913.53976
2014,02,5,2,913.08853
2014,02,5,3,912.26782
2014,02,5,4,911.262
2014,02,5,5,910.21204
2014,02,5,6,909.14904
2014,02,5,7,908.66785
2014,02,6,0,908.84337
2014,02,6,1,908.66932
2014,02,6,2,907.48677
2014,02,6,3,906.19141
2014,02,6,4,906.13498
2014,02,6,5,906.24813
2014,02,6,6,905.73763
2014,02,6,7,904.74355
2014,02,7,0,903.66515
2014,02,7,1,902.67306
2014,02,7,2,902.68355
2014,02,7,3,902.40086
2014,02,7,4,901.28724
2014,02,7,5,901.11499
2014,02,7,6,903.16935
2014,02,7,7,904.88977
2014,02,8,0,904.52334
2014,02,8,1,903.84241
2014,02,8,2,903.41657
2014,02,8,3,902.83293
2014,02,8,4,902.82882
2014,02,8,5,903.35774
2014,02,8,6,903.24234
2014,02,8,7,902.38359
2014,02,9,0,902.43815
2014,02,9,1,903.56617
2014,02,9,2,903.01051
2014,02,9,3,902.13418
2014,02,9,4,902.0213
2014,02,9,5,902.09111
2014,02,9,6,902.25522
2014,02,9,7,902.0317
2014,02,10,0,902.94359
2014,02,10,1,903.73579
2014,02,10,2,904.06393
2014,02,10,3,905.17247
2014,02,10,4,905.86325
2014,02,10,5,905.93459
2014,02,10,6,908.03931
2014,02,10,7,909.71891
2014,02,11,0,909.38494
2014,02,11,1,908.6151
2014,02,11,2,908.25313
2014,02,11,3,907.94134
2014,02,11,4,908.58374
2014,02,11,5,908.89278
2014,02,11,6,909.11148
2014,02,11,7,909.42679
2014,02,12,0,909.10858
2014,02,12,1,907.72736
2014,02,12,2,904.70999
2014,02,12,3,903.19292
2014,02,12,4,903.40453
2014,02,12,5,904.46952
2014,02,12,6,904.03229
2014,02,12,7,903.73367
2014,02,13,0,903.55653
2014,02,13,1,903.63009
2014,02,13,2,903.51347
2014,02,13,3,903.24937
2014,02,13,4,904.0317
2014,02,13,5,904.80472
2014,02,13,6,905.56526
2014,02,13,7,906.15238
2014,02,14,0,906.19841
2014,02,14,1,905.83678
2014,02,14,2,908.20982
2014,02,14,3,910.72522
2014,02,14,4,909.42147
2014,02,14,5,907.62511
2014,02,14,6,908.34197
2014,02,14,7,909.26111
2014,02,15,0,908.79049
2014,02,15,1,908.23805
2014,02,15,2,908.61809
2014,02,15,3,908.84065
2014,02,15,4,909.76621
2014,02,15,5,910.74261
2014,02,15,6,911.84718
2014,02,15,7,911.92989
2014,02,16,0,911.75052
2014,02,16,1,911.17727
2014,02,16,2,911.08211
2014,02,16,3,911.06815
2014,02,16,4,910.86242
2014,02,16,5,910.59212
2014,02,16,6,912.91031
2014,02,16,7,914.91305
2014,02,17,0,912.92793
2014,02,17,1,911.29299
2014,02,17,2,911.46991
2014,02,17,3,911.4333
2014,02,17,4,911.6942
2014,02,17,5,911.40765
2014,02,17,6,911.84451
2014,02,17,7,912.75431
2014,02,18,0,912.16499
2014,02,18,1,911.69612
2014,02,18,2,912.11638
2014,02,18,3,912.25239
2014,02,18,4,912.06866
2014,02,18,5,912.24507
2014,02,18,6,913.34365
2014,02,18,7,913.34927
2014,02,19,0,913.61496
2014,02,19,1,914.53861
2014,02,19,2,914.26667
2014,02,19,3,913.762
2014,02,19,4,914.21556
2014,02,19,5,915.72366
2014,02,19,6,917.11512
2014,02,19,7,917.17144
2014,02,20,0,917.86184
2014,02,20,1,918.66228
2014,02,20,2,919.38549
2014,02,20,3,919.43437
2014,02,20,4,918.72104
2014,02,20,5,917.8328
2014,02,20,6,918.07858
2014,02,20,7,917.1925
2014,02,21,0,915.21809
2014,02,21,1,914.70173
2014,02,21,2,916.12072
2014,02,21,3,916.87773
2014,02,21,4,915.08742
2014,02,21,5,913.88403
2014,02,21,6,916.55689
2014,02,21,7,918.34022
2014,02,22,0,915.37852
2014,02,22,1,913.5237
2014,02,22,2,916.15212
2014,02,22,3,917.40992
2014,02,22,4,916.43243
2014,02,22,5,915.0011
2014,02,22,6,915.93035
2014,02,22,7,916.51286
2014,02,23,0,916.43021
2014,02,23,1,916.10595
2014,02,23,2,915.14626
2014,02,23,3,913.60212
2014,02,23,4,912.72119
2014,02,23,5,913.05222
2014,02,23,6,914.09838
2014,02,23,7,915.6175
2014,02,24,0,915.40897
2014,02,24,1,917.16859
2014,02,24,2,918.51694
2014,02,24,3,917.09495
2014,02,24,4,915.78325
2014,02,24,5,915.98571
2014,02,24,6,919.71121
2014,02,24,7,921.9877
2014,02,25,0,920.99785
2014,02,25,1,919.88483
2014,02,25,2,921.06103
2014,02,25,3,922.72101
2014,02,25,4,922.80235
2014,02,25,5,921.72927
2014,02,25,6,923.23479
2014,02,25,7,924.80151
2014,02,26,0,924.75724
2014,02,26,1,923.60099
2014,02,26,2,923.0906
2014,02,26,3,922.92754
2014,02,26,4,921.39606
2014,02,26,5,918.55873
2014,02,26,6,915.39322
2014,02,26,7,914.25667
2014,02,27,0,915.21275
2014,02,27,1,915.90807
2014,02,27,2,917.70561
2014,02,27,3,919.55403
2014,02,27,4,918.87356
2014,02,27,5,917.73756
2014,02,27,6,918.92126
2014,02,27,7,919.8327
2014,02,28,0,917.9825
2014,02,28,1,916.07482
2014,02,28,2,916.64334
2014,02,28,3,917.63868
2014,02,28,4,918.08346
2014,02,28,5,918.49086
2014,02,28,6,919.22222
2014,02,28,7,919.74586
2014,02,29,0,919.57909
2014,02,29,1,918.89258
2014,02,29,2,917.47966
2014,02,29,3,916.53055
2014,02,29,4,916.0302
2014,02,29,5,915.67166
2014,02,29,6,917.87638
2014,02,29,7,919.2435
2014,02,30,0,916.86206
2014,02,30,1,915.23396
2014,02,30,2,916.02691
2014,02,30,3,916.85391
2014,02,30,4,915.95704
2014,02,30,5,914.95381
2014,02,30,6,915.36364
2014,02,30,7,916.41666
2014,02,31,0,916.25516
2014,02,31,1,916.43653
2014,02,31,2,917.0244
2014,02,31,3,915.36737
2014,02,31,4,911.58411
2014,02,31,5,909.64435
2014,02,31,6,910.16349
2014,02,31,7,910.78083
2014,02,1,0,908.61146
2014,02,1,1,907.89694
2014,02,1,2,912.02342
2014,02,1,3,915.04886
2014,02,1,4,912.20739
2014,02,1,5,909.33766
2014,02,1,6,910.08934
2014,02,1,7,910.21895
2014,02,2,0,911.89818
2014,02,2,1,912.74126
2014,02,2,2,912.63116
2014,02,2,3,912.97169
2014,02,2,4,911.90436
2014,02,2,5,910.13985
2014,02,2,6,909.68525
2014,02,2,7,909.2563
2014,02,3,0,908.51242
2014,02,3,1,908.17223
2014,02,3,2,910.13435
2014,02,3,3,912.15261
2014,02,3,4,910.48174
2014,02,3,5,909.01248
2014,02,3,6,909.61231
2014,02,3,7,911.01383
2014,02,4,0,909.75798
2014,02,4,1,907.20474
2014,02,4,2,907.83575
2014,02,4,3,908.69659
2014,02,4,4,909.02111
2014,02,4,5,908.23618
2014,02,4,6,907.94454
2014,02,4,7,907.93199
2014,02,5,0,906.34714
2014,02,5,1,904.9365
2014,02,5,2,904.51411
2014,02,5,3,903.73783
2014,02,5,4,904.52631
2014,02,5,5,905.10113
2014,02,5,6,906.98218
2014,02,5,7,908.88698
2014,02,6,0,909.88952
2014,02,6,1,910.05152
2014,02,6,2,909.60101
2014,02,6,3,909.71336
2014,02,6,4,909.82016
2014,02,6,5,909.56181
2014,02,6,6,910.25615
2014,02,6,7,911.31091
2014,02,7,0,910.82424
2014,02,7,1,910.52079
2014,02,7,2,911.83053
2014,02,7,3,912.98053
2014,02,7,4,912.40129
2014,02,7,5,911.95168
2014,02,7,6,912.47265
2014,02,7,7,912.53244
2014,02,8,0,911.9034
2014,02,8,1,911.53023
2014,02,8,2,912.2233
2014,02,8,3,912.75706
2014,02,8,4,912.35596
2014,02,8,5,912.2746
2014,02,8,6,912.31738
2014,02,8,7,912.3844
2014,02,9,0,912.89741
2014,02,9,1,912.58137
2014,02,9,2,913.30635
2014,02,9,3,914.09937
2014,02,9,4,913.41595
2014,02,9,5,912.5572
2014,02,9,6,913.55522
2014,02,9,7,914.50769
2014,02,10,0,913.99822
2014,02,10,1,913.90398
2014,02,10,2,914.54304
2014,02,10,3,914.47871
2014,02,10,4,913.59757
2014,02,10,5,913.10092
2014,02,10,6,914.02373
2014,02,10,7,914.58457
2014,02,11,0,914.21482
2014,02,11,1,913.40547
2014,02,11,2,913.6363
2014,02,11,3,913.94357
2014,02,11,4,913.46372
2014,02,11,5,912.75384
2014,02,11,6,913.54069
2014,02,11,7,914.39077
2014,02,12,0,913.85761
2014,02,12,1,913.35472
2014,02,12,2,913.80366
2014,02,12,3,914.10867
2014,02,12,4,914.8554
2014,02,12,5,915.23946
2014,02,12,6,915.29241
2014,02,12,7,915.54113
2014,02,13,0,914.15449
2014,02,13,1,912.56954
2014,02,13,2,913.34569
2014,02,13,3,914.15514
2014,02,13,4,915.03517
2014,02,13,5,915.43247
2014,02,13,6,914.52911
2014,02,13,7,913.20003
2014,02,14,0,912.108
2014,02,14,1,910.88624
2014,02,14,2,909.65278
2014,02,14,3,908.29034
2014,02,14,4,906.31343
2014,02,14,5,904.30329
2014,02,14,6,903.63427
2014,02,14,7,902.44493
2014,02,15,0,901.52842
2014,02,15,1,900.73286
2014,02,15,2,899.54329
2014,02,15,3,899.37318
2014,02,15,4,899.64759
2014,02,15,5,900.35921
2014,02,15,6,902.37196
2014,02,15,7,903.91056
2014,02,16,0,903.62126
2014,02,16,1,903.41085
2014,02,16,2,904.83526
2014,02,16,3,906.48733
2014,02,16,4,908.27292
2014,02,16,5,909.71446
2014,02,16,6,911.58678
2014,02,16,7,912.76627
2014,02,17,0,912.54777
2014,02,17,1,912.04089
2014,02,17,2,912.23592
2014,02,17,3,911.72362
2014,02,17,4,909.86468
2014,02,17,5,907.95874
2014,02,17,6,907.06217
2014,02,17,7,906.96573
2014,02,18,0,906.36586
2014,02,18,1,905.38715
2014,02,18,2,905.01898
2014,02,18,3,904.93001
2014,02,18,4,904.06791
2014,02,18,5,903.67369
2014,02,18,6,905.51168
2014,02,18,7,907.44477
2014,02,19,0,907.95472
2014,02,19,1,908.12605
2014,02,19,2,909.68252
2014,02,19,3,910.91047
2014,02,19,4,911.30203
2014,02,19,5,911.63814
2014,02,19,6,912.8489
2014,02,19,7,914.12952
2014,02,20,0,914.0232
2014,02,20,1,913.36205
2014,02,20,2,914.05775
2014,02,20,3,914.09863
2014,02,20,4,912.80499
2014,02,20,5,911.79496
2014,02,20,6,911.95489
2014,02,20,7,911.51309
2014,02,21,0,911.59077
2014,02,21,1,911.96504
2014,02,21,2,912.36755
2014,02,21,3,912.62589
2014,02,21,4,912.3327
2014,02,21,5,912.26464
2014,02,21,6,912.44787
2014,02,21,7,912.92503
2014,02,22,0,912.60414
2014,02,22,1,912.32585
2014,02,22,2,913.64453
2014,02,22,3,915.03948
2014,02,22,4,914.3794
2014,02,22,5,913.53295
2014,02,22,6,914.3852
2014,02,22,7,914.92227
2014,02,23,0,914.34409
2014,02,23,1,913.9896
2014,02,23,2,914.47009
2014,02,23,3,914.55712
2014,02,23,4,914.93113
2014,02,23,5,915.01873
2014,02,23,6,915.12724
2014,02,23,7,914.88233
2014,02,24,0,914.77858
2014,02,24,1,914.99916
2014,02,24,2,914.4072
2014,02,24,3,913.2223
2014,02,24,4,913.1559
2014,02,24,5,913.33186
2014,02,24,6,912.27918
2014,02,24,7,911.55375
2014,02,25,0,911.86863
2014,02,25,1,911.58727
2014,02,25,2,912.0981
2014,02,25,3,912.78016
2014,02,25,4,912.19131
2014,02,25,5,911.35888
2014,02,25,6,911.68266
2014,02,25,7,912.10595
2014,02,26,0,912.34756
2014,02,26,1,912.42391
2014,02,26,2,913.65483
2014,02,26,3,915.24843
2014,02,26,4,914.99765
2014,02,26,5,914.66971
2014,02,26,6,916.58515
2014,02,26,7,918.29201
2014,02,27,0,917.64233
2014,02,27,1,916.8597
2014,02,27,2,917.98823
2014,02,27,3,919.07109
2014,02,27,4,918.80183
2014,02,27,5,918.7466
2014,02,27,6,920.05944
2014,02,27,7,921.26548
2014,02,28,0,921.3134
2014,02,28,1,921.3085
2014,02,28,2,922.37611
2014,02,28,3,922.79713
2014,02,28,4,921.84332
2014,02,28,5,921.1154
2014,02,28,6,921.19039
2014,02,28,7,920.98455
2014,02,29,0,919.95027
2014,02,29,1,918.65601
2014,02,29,2,918.44291
2014,02,29,3,918.33673
2014,02,29,4,917.52567
2014,02,29,5,917.01959
2014,02,29,6,916.95264
2014,02,29,7,916.4302
2014,02,30,0,915.36266
2014,02,30,1,913.7932
2014,02,30,2,912.39205
2014,02,30,3,911.21023
2014,02,30,4,910.2614
2014,02,30,5,909.98844
2014,02,30,6,910.48389
2014,02,30,7,910.87139
2014,02,1,0,912.32339
2014,02,1,1,913.95464
2014,02,1,2,915.07218
2014,02,1,3,915.66825
2014,02,1,4,914.26448
2014,02,1,5,913.00903
2014,02,1,6,913.18088
2014,02,1,7,912.59749
2014,02,2,0,910.07005
2014,02,2,1,907.33455
2014,02,2,2,905.9336
2014,02,2,3,905.42527
2014,02,2,4,904.01562
2014,02,2,5,903.06288
2014,02,2,6,903.1979
2014,02,2,7,903.90747
2014,02,3,0,905.75636
2014,02,3,1,907.24162
2014,02,3,2,906.56437
2014,02,3,3,904.92833
2014,02,3,4,905.6586
2014,02,3,5,907.47095
2014,02,3,6,909.50828
2014,02,3,7,911.15054
2014,02,4,0,911.08877
2014,02,4,1,910.15727
2014,02,4,2,910.33181
2014,02,4,3,910.36247
2014,02,4,4,909.27004
2014,02,4,5,907.97319
2014,02,4,6,907.71256
2014,02,4,7,907.31939
2014,02,5,0,906.7922
2014,02,5,1,905.43627
2014,02,5,2,904.38648
2014,02,5,3,904.1519
2014,02,5,4,903.25055
2014,02,5,5,902.33599
2014,02,5,6,902.74167
2014,02,5,7,903.63835
2014,02,6,0,904.23725
2014,02,6,1,903.95247
2014,02,6,2,904.91995
2014,02,6,3,906.20264
2014,02,6,4,904.48406
2014,02,6,5,902.84427
2014,02,6,6,902.13461
2014,02,6,7,901.38381
2014,02,7,0,900.59446
2014,02,7,1,899.3836
2014,02,7,2,900.81489
2014,02,7,3,903.28862
2014,02,7,4,901.77306
2014,02,7,5,900.23005
2014,02,7,6,904.72465
2014,02,7,7,909.06247
2014,02,8,0,908.46479
2014,02,8,1,908.03519
2014,02,8,2,910.51668
2014,02,8,3,911.59509
2014,02,8,4,911.30066
2014,02,8,5,910.30393
2014,02,8,6,909.80961
2014,02,8,7,908.93032
2014,02,9,0,906.6491
2014,02,9,1,904.88975
2014,02,9,2,904.08471
2014,02,9,3,903.67224
2014,02,9,4,903.56228
2014,02,9,5,902.88612
2014,02,9,6,904.68006
2014,02,9,7,905.5883
2014,02,10,0,904.66318
2014,02,10,1,903.55786
2014,02,10,2,903.35251
2014,02,10,3,904.40952
2014,02,10,4,903.24735
2014,02,10,5,900.91658
2014,02,10,6,903.37762
2014,02,10,7,906.98746
2014,02,11,0,905.36659
2014,02,11,1,903.71032
2014,02,11,2,905.34079
2014,02,11,3,906.34485
2014,02,11,4,904.54816
2014,02,11,5,903.28962
2014,02,11,6,905.25909
2014,02,11,7,907.01478
2014,02,12,0,905.65876
2014,02,12,1,905.04639
2014,02,12,2,906.51552
2014,02,12,3,907.35364
2014,02,12,4,906.10896
2014,02,12,5,905.25559
2014,02,12,6,906.73774
2014,02,12,7,907.78787
2014,02,13,0,907.92639
2014,02,13,1,908.24878
2014,02,13,2,909.3784
2014,02,13,3,910.24754
2014,02,13,4,910.24869
2014,02,13,5,910.63201
2014,02,13,6,911.86608
2014,02,13,7,912.68868
2014,02,14,0,912.11082
2014,02,14,1,911.93313
2014,02,14,2,913.80783
2014,02,14,3,914.55888
2014,02,14,4,913.31464
2014,02,14,5,912.08457
2014,02,14,6,913.29637
2014,02,14,7,913.93671
2014,02,15,0,912.14007
2014,02,15,1,910.81225
2014,02,15,2,910.59792
2014,02,15,3,909.41084
2014,02,15,4,907.04469
2014,02,15,5,905.63364
2014,02,15,6,905.96171
2014,02,15,7,905.96119
2014,02,16,0,905.255
2014,02,16,1,904.46108
2014,02,16,2,905.24464
2014,02,16,3,905.93712
2014,02,16,4,906.08057
2014,02,16,5,906.66445
2014,02,16,6,907.63645
2014,02,16,7,908.32589
2014,02,17,0,908.8226
2014,02,17,1,909.13705
2014,02,17,2,910.1002
2014,02,17,3,910.93656
2014,02,17,4,911.55767
2014,02,17,5,912.15353
2014,02,17,6,913.03044
2014,02,17,7,913.74185
2014,02,18,0,913.86947
2014,02,18,1,913.5844
2014,02,18,2,914.02282
2014,02,18,3,914.13221
2014,02,18,4,913.51633
2014,02,18,5,912.67451
2014,02,18,6,912.18041
2014,02,18,7,911.59194
2014,02,19,0,910.795
2014,02,19,1,909.81799
2014,02,19,2,909.87443
2014,02,19,3,910.01878
2014,02,19,4,909.42874
2014,02,19,5,909.27443
2014,02,19,6,910.79004
2014,02,19,7,911.75502
2014,02,20,0,912.13741
2014,02,20,1,912.06649
2014,02,20,2,912.70285
2014,02,20,3,913.26755
2014,02,20,4,913.20619
2014,02,20,5,912.89549
2014,02,20,6,913.63347
2014,02,20,7,914.46732
2014,02,21,0,913.97125
2014,02,21,1,913.18822
2014,02,21,2,912.9659
2014,02,21,3,913.10264
2014,02,21,4,913.55171
2014,02,21,5,913.35929
2014,02,21,6,914.40383
2014,02,21,7,915.50993
2014,02,22,0,916.11692
2014,02,22,1,916.33557
2014,02,22,2,917.36183
2014,02,22,3,917.91346
2014,02,22,4,917.34387
2014,02,22,5,916.52031
2014,02,22,6,916.13993
2014,02,22,7,915.77092
2014,02,23,0,914.61823
2014,02,23,1,913.19683
2014,02,23,2,913.47235
2014,02,23,3,913.8525
2014,02,23,4,912.82269
2014,02,23,5,911.73971
2014,02,23,6,911.76371
2014,02,23,7,911.88297
2014,02,24,0,911.89666
2014,02,24,1,911.6023
2014,02,24,2,911.58096
2014,02,24,3,911.51918
2014,02,24,4,910.4443
2014,02,24,5,909.34925
2014,02,24,6,909.10298
2014,02,24,7,909.56107
2014,02,25,0,908.98155
2014,02,25,1,908.29604
2014,02,25,2,909.33939
2014,02,25,3,910.14674
2014,02,25,4,909.89603
2014,02,25,5,909.63602
2014,02,25,6,910.68418
2014,02,25,7,911.73066
2014,02,26,0,912.50598
2014,02,26,1,913.13494
2014,02,26,2,913.55301
2014,02,26,3,913.89813
2014,02,26,4,912.55047
2014,02,26,5,911.14454
2014,02,26,6,911.33244
2014,02,26,7,911.08057
2014,02,27,0,909.54402
2014,02,27,1,907.99742
2014,02,27,2,908.22237
2014,02,27,3,908.42945
2014,02,27,4,909.04932
2014,02,27,5,909.64927
2014,02,27,6,910.48608
2014,02,27,7,911.20689
2014,02,28,0,911.13879
2014,02,28,1,910.81766
2014,02,28,2,910.76112
2014,02,28,3,910.41377
2014,02,28,4,909.84825
2014,02,28,5,909.20378
2014,02,28,6,909.70144
2014,02,28,7,910.53147
2014,02,29,0,910.01637
2014,02,29,1,909.89407
2014,02,29,2,910.45336
2014,02,29,3,910.418
2014,02,29,4,909.84071
2014,02,29,5,909.43255
2014,02,29,6,910.15261
2014,02,29,7,910.89902
2014,02,30,0,910.80511
2014,02,30,1,910.87574
2014,02,30,2,910.93492
2014,02,30,3,910.91006
2014,02,30,4,911.4262
2014,02,30,5,911.98128
2014,02,30,6,912.21135
2014,02,30,7,912.11563
2014,02,31,0,911.5099
2014,02,31,1,911.23344
2014,02,31,2,912.53363
2014,02,31,3,913.82306
2014,02,31,4,913.70471
2014,02,31,5,913.4333
2014,02,31,6,913.83367
2014,02,31,7,913.91838
2015,02,1,0,913.40548
2015,02,1,1,913.55259
2015,02,1,2,914.05863
2015,02,1,3,914.35619
2015,02,1,4,914.11042
2015,02,1,5,913.95425
2015,02,1,6,914.46408
2015,02,1,7,914.79077
2015,02,2,0,914.30584
2015,02,2,1,913.76977
2015,02,2,2,913.53274
2015,02,2,3,913.25112
2015,02,2,4,913.27209
2015,02,2,5,913.04058
2015,02,2,6,913.48724
2015,02,2,7,914.01391
2015,02,3,0,913.67421
2015,02,3,1,913.56697
2015,02,3,2,912.66679
2015,02,3,3,911.98415
2015,02,3,4,912.16614
2015,02,3,5,912.27736
2015,02,3,6,912.74833
2015,02,3,7,913.30324
2015,02,4,0,913.16321
2015,02,4,1,912.61257
2015,02,4,2,913.09555
2015,02,4,3,913.84309
2015,02,4,4,913.66598
2015,02,4,5,913.62838
2015,02,4,6,914.73508
2015,02,4,7,915.4978
2015,02,5,0,915.75332
2015,02,5,1,916.07945
2015,02,5,2,916.27464
2015,02,5,3,916.4669
2015,02,5,4,916.38639
2015,02,5,5,915.86585
2015,02,5,6,916.35957
2015,02,5,7,916.37641
2015,02,6,0,915.86907
2015,02,6,1,915.70113
2015,02,6,2,914.88019
2015,02,6,3,914.44302
2015,02,6,4,913.95078
2015,02,6,5,913.03449
2015,02,6,6,913.20492
2015,02,6,7,913.92272
2015,02,7,0,913.6935
2015,02,7,1,912.99122
2015,02,7,2,913.17894
2015,02,7,3,913.12232
2015,02,7,4,912.25178
2015,02,7,5,911.46755
2015,02,7,6,911.82361
2015,02,7,7,912.04079
2015,02,8,0,911.61994
2015,02,8,1,911.37934
2015,02,8,2,911.52781
2015,02,8,3,911.44553
2015,02,8,4,911.27176
2015,02,8,5,911.16068
2015,02,8,6,911.56063
2015,02,8,7,911.77667
2015,02,9,0,911.45656
2015,02,9,1,911.05206
2015,02,9,2,910.62254
2015,02,9,3,909.98867
2015,02,9,4,908.79594
2015,02,9,5,907.97344
2015,02,9,6,908.7296
2015,02,9,7,909.76867
2015,02,10,0,909.65048
2015,02,10,1,909.47778
2015,02,10,2,909.81912
2015,02,10,3,910.39816
2015,02,10,4,911.22368
2015,02,10,5,911.46752
2015,02,10,6,912.30386
2015,02,10,7,913.19377
2015,02,11,0,913.40689
2015,02,11,1,913.33127
2015,02,11,2,913.40786
2015,02,11,3,912.85896
2015,02,11,4,911.57171
2015,02,11,5,910.96415
2015,02,11,6,911.29829
2015,02,11,7,911.50289
2015,02,12,0,912.35738
2015,02,12,1,913.15968
2015,02,12,2,914.06736
2015,02,12,3,914.98758
2015,02,12,4,915.64686
2015,02,12,5,916.14409
2015,02,12,6,917.20893
2015,02,12,7,917.68672
2015,02,13,0,917.51835
2015,02,13,1,917.36835
2015,02,13,2,917.8787
2015,02,13,3,918.0349
2015,02,13,4,917.89461
2015,02,13,5,917.73206
2015,02,13,6,917.33162
2015,02,13,7,917.47849
2015,02,14,0,917.69318
2015,02,14,1,917.08097
2015,02,14,2,916.92413
2015,02,14,3,916.83559
2015,02,14,4,915.35017
2015,02,14,5,913.50143
2015,02,14,6,913.55234
2015,02,14,7,914.20588
2015,02,15,0,913.17588
2015,02,15,1,911.95678
2015,02,15,2,912.18882
2015,02,15,3,912.15239
2015,02,15,4,911.92568
2015,02,15,5,911.745
2015,02,15,6,912.63273
2015,02,15,7,913.90326
2015,02,16,0,914.63146
2015,02,16,1,914.74922
2015,02,16,2,913.21054
2015,02,16,3,912.16636
2015,02,16,4,913.86349
2015,02,16,5,915.62283
2015,02,16,6,916.52627
2015,02,16,7,916.99048
2015,02,17,0,917.03
2015,02,17,1,916.08335
2015,02,17,2,915.50726
2015,02,17,3,914.99717
2015,02,17,4,913.9021
2015,02,17,5,912.32155
2015,02,17,6,911.25836
2015,02,17,7,909.92708
2015,02,18,0,907.17914
2015,02,18,1,903.87536
2015,02,18,2,901.30137
2015,02,18,3,899.07911
2015,02,18,4,898.12343
2015,02,18,5,897.89861
2015,02,18,6,899.29497
2015,02,18,7,901.41833
2015,02,19,0,903.69091
2015,02,19,1,905.98266
2015,02,19,2,909.2232
2015,02,19,3,912.28651
2015,02,19,4,914.76805
2015,02,19,5,915.76964
2015,02,19,6,915.39293
2015,02,19,7,914.98626
2015,02,20,0,914.24692
2015,02,20,1,913.91262
2015,02,20,2,913.22529
2015,02,20,3,912.4246
2015,02,20,4,911.95144
2015,02,20,5,911.31174
2015,02,20,6,911.0016
2015,02,20,7,910.12625
2015,02,21,0,909.73084
2015,02,21,1,908.84184
2015,02,21,2,908.42731
2015,02,21,3,908.18463
2015,02,21,4,906.85639
2015,02,21,5,905.34526
2015,02,21,6,906.01664
2015,02,21,7,907.86538
2015,02,22,0,908.14118
2015,02,22,1,907.85459
2015,02,22,2,909.20846
2015,02,22,3,911.17236
2015,02,22,4,912.57578
2015,02,22,5,913.39142
2015,02,22,6,914.11369
2015,02,22,7,913.87518
2015,02,23,0,913.78027
2015,02,23,1,912.41416
2015,02,23,2,911.31898
2015,02,23,3,910.58533
2015,02,23,4,909.85085
2015,02,23,5,909.32522
2015,02,23,6,908.08367
2015,02,23,7,907.16611
2015,02,24,0,906.98604
2015,02,24,1,906.72395
2015,02,24,2,906.64531
2015,02,24,3,906.4616
2015,02,24,4,906.68763
2015,02,24,5,906.9579
2015,02,24,6,907.25294
2015,02,24,7,907.77214
2015,02,25,0,907.54762
2015,02,25,1,907.52338
2015,02,25,2,908.24254
2015,02,25,3,908.57114
2015,02,25,4,907.93987
2015,02,25,5,907.44229
2015,02,25,6,907.55344
2015,02,25,7,907.34992
2015,02,26,0,907.83805
2015,02,26,1,908.34081
2015,02,26,2,908.85358
2015,02,26,3,909.1871
2015,02,26,4,909.4578
2015,02,26,5,909.35535
2015,02,26,6,909.09459
2015,02,26,7,909.0589
2015,02,27,0,909.03876
2015,02,27,1,908.8058
2015,02,27,2,908.90544
2015,02,27,3,908.35315
2015,02,27,4,907.76494
2015,02,27,5,907.46371
2015,02,27,6,908.56911
2015,02,27,7,909.69408
2015,02,28,0,910.71996
2015,02,28,1,911.02213
2015,02,28,2,912.46776
2015,02,28,3,914.54345
2015,02,28,4,914.04616
2015,02,28,5,912.59521
2015,02,28,6,912.40364
2015,02,28,7,912.40661
2015,02,29,0,911.78335
2015,02,29,1,911.2548
2015,02,29,2,912.11007
2015,02,29,3,911.83377
2015,02,29,4,910.34283
2015,02,29,5,910.02786
2015,02,29,6,911.33354
2015,02,29,7,912.55417
2015,02,30,0,913.48189
2015,02,30,1,914.3076
2015,02,30,2,915.69351
2015,02,30,3,917.17081
2015,02,30,4,917.92521
2015,02,30,5,917.07763
2015,02,30,6,916.97199
2015,02,30,7,916.96234
2015,02,31,0,915.68001
2015,02,31,1,914.10331
2015,02,31,2,913.36602
2015,02,31,3,912.52586
2015,02,31,4,911.29448
2015,02,31,5,910.58439
2015,02,31,6,909.78845
2015,02,31,7,908.98141
2015,02,1,0,908.16967
2015,02,1,1,907.14836
2015,02,1,2,907.10372
2015,02,1,3,907.13963
2015,02,1,4,907.09964
2015,02,1,5,907.13665
2015,02,1,6,907.42769
2015,02,1,7,907.84555
2015,02,2,0,907.85559
2015,02,2,1,907.63023
2015,02,2,2,907.98378
2015,02,2,3,908.42589
2015,02,2,4,907.80636
2015,02,2,5,907.25946
2015,02,2,6,907.98015
2015,02,2,7,908.39699
2015,02,3,0,907.73351
2015,02,3,1,906.95979
2015,02,3,2,907.39659
2015,02,3,3,907.59427
2015,02,3,4,907.97219
2015,02,3,5,908.44567
2015,02,3,6,909.2166
2015,02,3,7,910.12171
2015,02,4,0,910.11753
2015,02,4,1,909.99631
2015,02,4,2,910.92275
2015,02,4,3,911.57817
2015,02,4,4,912.61457
2015,02,4,5,913.71098
2015,02,4,6,914.27221
2015,02,4,7,914.65959
2015,02,5,0,914.84097
2015,02,5,1,914.94751
2015,02,5,2,914.95078
2015,02,5,3,914.75374
2015,02,5,4,915.11278
2015,02,5,5,915.10977
2015,02,5,6,915.54436
2015,02,5,7,915.97849
2015,02,6,0,915.47933
2015,02,6,1,914.75887
2015,02,6,2,914.306
2015,02,6,3,913.72453
2015,02,6,4,914.39309
2015,02,6,5,914.73706
2015,02,6,6,913.79301
2015,02,6,7,913.33617
2015,02,7,0,912.78192
2015,02,7,1,911.66004
2015,02,7,2,911.53918
2015,02,7,3,911.6499
2015,02,7,4,911.36317
2015,02,7,5,911.09525
2015,02,7,6,911.34551
2015,02,7,7,911.36572
2015,02,8,0,911.22643
2015,02,8,1,910.96464
2015,02,8,2,910.85368
2015,02,8,3,910.72398
2015,02,8,4,910.64268
2015,02,8,5,910.7485
2015,02,8,6,911.76852
2015,02,8,7,912.69005
2015,02,9,0,914.75187
2015,02,9,1,916.36512
2015,02,9,2,915.38976
2015,02,9,3,914.89724
2015,02,9,4,915.03269
2015,02,9,5,914.60717
2015,02,9,6,914.87996
2015,02,9,7,915.18628
2015,02,10,0,913.85537
2015,02,10,1,912.02156
2015,02,10,2,911.89481
2015,02,10,3,912.06004
2015,02,10,4,912.41354
2015,02,10,5,912.41622
2015,02,10,6,911.96508
2015,02,10,7,911.66794
2015,02,11,0,910.67008
2015,02,11,1,909.67182
2015,02,11,2,908.61477
2015,02,11,3,907.77806
2015,02,11,4,907.29837
2015,02,11,5,906.6988
2015,02,11,6,907.07186
2015,02,11,7,907.7869
2015,02,12,0,906.73401
2015,02,12,1,905.54264
2015,02,12,2,905.3828
2015,02,12,3,905.03919
2015,02,12,4,905.059
2015,02,12,5,904.93838
2015,02,12,6,904.924
2015,02,12,7,904.96937
2015,02,13,0,904.49174
2015,02,13,1,904.0514
2015,02,13,2,904.35305
2015,02,13,3,904.60813
2015,02,13,4,904.93749
2015,02,13,5,905.41025
2015,02,13,6,906.57932
2015,02,13,7,907.79643
2015,02,14,0,908.44953
2015,02,14,1,909.02939
2015,02,14,2,909.82398
2015,02,14,3,910.3547
2015,02,14,4,910.9184
2015,02,14,5,911.28916
2015,02,14,6,912.07766
2015,02,14,7,912.83577
2015,02,15,0,912.5199
2015,02,15,1,912.28455
2015,02,15,2,912.43102
2015,02,15,3,912.44411
2015,02,15,4,912.73736
2015,02,15,5,913.35816
2015,02,15,6,914.37317
2015,02,15,7,914.85844
2015,02,16,0,914.33461
2015,02,16,1,913.61865
2015,02,16,2,912.93825
2015,02,16,3,912.21537
2015,02,16,4,912.32688
2015,02,16,5,912.1371
2015,02,16,6,911.13821
2015,02,16,7,910.66918
2015,02,17,0,910.41167
2015,02,17,1,909.51034
2015,02,17,2,908.44241
2015,02,17,3,907.88921
2015,02,17,4,908.91003
2015,02,17,5,909.21069
2015,02,17,6,909.08261
2015,02,17,7,909.28865
2015,02,18,0,908.65146
2015,02,18,1,907.57731
2015,02,18,2,906.25694
2015,02,18,3,905.15511
2015,02,18,4,904.40357
2015,02,18,5,903.40882
2015,02,18,6,903.17602
2015,02,18,7,903.38495
2015,02,19,0,903.05293
2015,02,19,1,902.39382
2015,02,19,2,902.48857
2015,02,19,3,902.22906
2015,02,19,4,902.96161
2015,02,19,5,903.59438
2015,02,19,6,903.4867
2015,02,19,7,903.80982
2015,02,20,0,904.04179
2015,02,20,1,903.80262
2015,02,20,2,903.98266
2015,02,20,3,903.86092
2015,02,20,4,904.24833
2015,02,20,5,904.01179
2015,02,20,6,903.94481
2015,02,20,7,904.62145
2015,02,21,0,904.8054
2015,02,21,1,905.18438
2015,02,21,2,906.09402
2015,02,21,3,906.56282
2015,02,21,4,906.38432
2015,02,21,5,905.71828
2015,02,21,6,905.39016
2015,02,21,7,905.08805
2015,02,22,0,905.43876
2015,02,22,1,905.41828
2015,02,22,2,905.49132
2015,02,22,3,905.17787
2015,02,22,4,905.36695
2015,02,22,5,906.00608
2015,02,22,6,906.74288
2015,02,22,7,906.88902
2015,02,23,0,906.70781
2015,02,23,1,906.33699
2015,02,23,2,905.77576
2015,02,23,3,905.14065
2015,02,23,4,904.57403
2015,02,23,5,903.3639
2015,02,23,6,901.76189
2015,02,23,7,900.45354
2015,02,24,0,899.71914
2015,02,24,1,898.74525
2015,02,24,2,898.69087
2015,02,24,3,898.76127
2015,02,24,4,899.56925
2015,02,24,5,900.0368
2015,02,24,6,900.23959
2015,02,24,7,900.62841
2015,02,25,0,900.2046
2015,02,25,1,899.95456
2015,02,25,2,901.68427
2015,02,25,3,903.55236
2015,02,25,4,905.21756
2015,02,25,5,906.33963
2015,02,25,6,908.76583
2015,02,25,7,911.31237
2015,02,26,0,911.26962
2015,02,26,1,910.47728
2015,02,26,2,911.05929
2015,02,26,3,911.66464
2015,02,26,4,911.32267
2015,02,26,5,910.97136
2015,02,26,6,910.99746
2015,02,26,7,910.81026
2015,02,27,0,910.23897
2015,02,27,1,909.21902
2015,02,27,2,908.85278
2015,02,27,3,908.33778
2015,02,27,4,908.34884
2015,02,27,5,908.15854
2015,02,27,6,907.25974
2015,02,27,7,906.7857
2015,02,28,0,907.93657
2015,02,28,1,909.01985
2015,02,28,2,910.05524
2015,02,28,3,910.96396
2015,02,28,4,911.38312
2015,02,28,5,911.73706
2015,02,28,6,912.26075
2015,02,28,7,912.6097
2015,02,1,0,912.06384
2015,02,1,1,911.19386
2015,02,1,2,911.56846
2015,02,1,3,911.80594
2015,02,1,4,912.02288
2015,02,1,5,912.49669
2015,02,1,6,912.84274
2015,02,1,7,913.1367
2015,02,2,0,913.56919
2015,02,2,1,913.39325
2015,02,2,2,912.9701
2015,02,2,3,912.29574
2015,02,2,4,912.7973
2015,02,2,5,912.95071
2015,02,2,6,911.25605
2015,02,2,7,910.17023
2015,02,3,0,909.28944
2015,02,3,1,908.25455
2015,02,3,2,907.69322
2015,02,3,3,908.2305
2015,02,3,4,908.12361
2015,02,3,5,908.39139
2015,02,3,6,909.10055
2015,02,3,7,909.9983
2015,02,4,0,910.62753
2015,02,4,1,910.75315
2015,02,4,2,912.20024
2015,02,4,3,912.93644
2015,02,4,4,913.32677
2015,02,4,5,913.51441
2015,02,4,6,912.97256
2015,02,4,7,912.83454
2015,02,5,0,912.05257
2015,02,5,1,910.96175
2015,02,5,2,909.80909
2015,02,5,3,908.55078
2015,02,5,4,908.40735
2015,02,5,5,908.41925
2015,02,5,6,908.06086
2015,02,5,7,907.27988
2015,02,6,0,906.71273
2015,02,6,1,906.06944
2015,02,6,2,905.09391
2015,02,6,3,904.34202
2015,02,6,4,904.37871
2015,02,6,5,904.10839
2015,02,6,6,903.76385
2015,02,6,7,903.82985
2015,02,7,0,904.11195
2015,02,7,1,904.71822
2015,02,7,2,905.49142
2015,02,7,3,906.19725
2015,02,7,4,906.40859
2015,02,7,5,906.60288
2015,02,7,6,907.38782
2015,02,7,7,908.17676
2015,02,8,0,908.52545
2015,02,8,1,908.87028
2015,02,8,2,909.3449
2015,02,8,3,909.35999
2015,02,8,4,910.40704
2015,02,8,5,911.9079
2015,02,8,6,912.82092
2015,02,8,7,913.72466
2015,02,9,0,913.15416
2015,02,9,1,913.0768
2015,02,9,2,914.72046
2015,02,9,3,915.85126
2015,02,9,4,917.47791
2015,02,9,5,918.25255
2015,02,9,6,918.25947
2015,02,9,7,917.67406
2015,02,10,0,916.8894
2015,02,10,1,915.56349
2015,02,10,2,912.47192
2015,02,10,3,908.92987
2015,02,10,4,907.00163
2015,02,10,5,906.41148
2015,02,10,6,907.25133
2015,02,10,7,908.13103
2015,02,11,0,908.36149
2015,02,11,1,909.44441
2015,02,11,2,911.41346
2015,02,11,3,913.63338
2015,02,11,4,914.99441
2015,02,11,5,915.76474
2015,02,11,6,915.17165
2015,02,11,7,913.92912
2015,02,12,0,913.45597
2015,02,12,1,912.61492
2015,02,12,2,912.39973
2015,02,12,3,912.31108
2015,02,12,4,912.08799
2015,02,12,5,911.66555
2015,02,12,6,911.31618
2015,02,12,7,911.41037
2015,02,13,0,911.83703
2015,02,13,1,912.03038
2015,02,13,2,911.37813
2015,02,13,3,911.04161
2015,02,13,4,911.89929
2015,02,13,5,913.07799
2015,02,13,6,913.74309
2015,02,13,7,914.39935
2015,02,14,0,914.3886
2015,02,14,1,913.38641
2015,02,14,2,913.00082
2015,02,14,3,912.90696
2015,02,14,4,913.22573
2015,02,14,5,913.54749
2015,02,14,6,913.5367
2015,02,14,7,913.37783
2015,02,15,0,912.77067
2015,02,15,1,911.7156
2015,02,15,2,911.64992
2015,02,15,3,911.45417
2015,02,15,4,910.80242
2015,02,15,5,910.21631
2015,02,15,6,909.99882
2015,02,15,7,909.52959
2015,02,16,0,908.7453
2015,02,16,1,908.3531
2015,02,16,2,909.04771
2015,02,16,3,909.69878
2015,02,16,4,909.9862
2015,02,16,5,910.58989
2015,02,16,6,911.85806
2015,02,16,7,912.65638
2015,02,17,0,912.77283
2015,02,17,1,912.89397
2015,02,17,2,913.72176
2015,02,17,3,914.31703
2015,02,17,4,914.51314
2015,02,17,5,914.32032
2015,02,17,6,913.91546
2015,02,17,7,912.74701
2015,02,18,0,911.73204
2015,02,18,1,911.49938
2015,02,18,2,912.53161
2015,02,18,3,913.28444
2015,02,18,4,913.35831
2015,02,18,5,913.13319
2015,02,18,6,913.15061
2015,02,18,7,912.93818
2015,02,19,0,912.13999
2015,02,19,1,910.34698
2015,02,19,2,911.70451
2015,02,19,3,913.00252
2015,02,19,4,912.80073
2015,02,19,5,912.9674
2015,02,19,6,913.16983
2015,02,19,7,913.15669
2015,02,20,0,913.32769
2015,02,20,1,913.59677
2015,02,20,2,914.06939
2015,02,20,3,914.5631
2015,02,20,4,914.06111
2015,02,20,5,913.43388
2015,02,20,6,912.9411
2015,02,20,7,912.41376
2015,02,21,0,911.95698
2015,02,21,1,911.03463
2015,02,21,2,910.01916
2015,02,21,3,909.38454
2015,02,21,4,908.66031
2015,02,21,5,907.80145
2015,02,21,6,906.87518
2015,02,21,7,906.47043
2015,02,22,0,905.77343
2015,02,22,1,905.2691
2015,02,22,2,905.04081
2015,02,22,3,904.64008
2015,02,22,4,904.71327
2015,02,22,5,904.7133
2015,02,22,6,905.10268
2015,02,22,7,905.48772
2015,02,23,0,905.41282
2015,02,23,1,905.24822
2015,02,23,2,905.20195
2015,02,23,3,905.13093
2015,02,23,4,905.19821
2015,02,23,5,905.23673
2015,02,23,6,905.32667
2015,02,23,7,905.16965
2015,02,24,0,904.55806
2015,02,24,1,904.84109
2015,02,24,2,905.50459
2015,02,24,3,905.50719
2015,02,24,4,904.34663
2015,02,24,5,903.11436
2015,02,24,6,903.00337
2015,02,24,7,902.68722
2015,02,25,0,901.77202
2015,02,25,1,901.68608
2015,02,25,2,902.9774
2015,02,25,3,903.08204
2015,02,25,4,902.43632
2015,02,25,5,901.8013
2015,02,25,6,901.77124
2015,02,25,7,901.44152
2015,02,26,0,900.99366
2015,02,26,1,900.95022
2015,02,26,2,901.52922
2015,02,26,3,901.53719
2015,02,26,4,901.44496
2015,02,26,5,901.73332
2015,02,26,6,901.64877
2015,02,26,7,901.63569
2015,02,27,0,901.96055
2015,02,27,1,902.43198
2015,02,27,2,902.78286
2015,02,27,3,903.17204
2015,02,27,4,904.19039
2015,02,27,5,904.9725
2015,02,27,6,905.10568
2015,02,27,7,905.63651
2015,02,28,0,906.59483
2015,02,28,1,906.99524
2015,02,28,2,907.51288
2015,02,28,3,907.95814
2015,02,28,4,908.00225
2015,02,28,5,907.93543
2015,02,28,6,908.50546
2015,02,28,7,908.76923
2015,02,29,0,907.67429
2015,02,29,1,906.22193
2015,02,29,2,905.96691
2015,02,29,3,905.74932
2015,02,29,4,905.56649
2015,02,29,5,905.44156
2015,02,29,6,905.94907
2015,02,29,7,906.38565
2015,02,30,0,906.21378
2015,02,30,1,905.78119
2015,02,30,2,906.06236
2015,02,30,3,906.30036
2015,02,30,4,906.33103
2015,02,30,5,906.12668
2015,02,30,6,906.74054
2015,02,30,7,907.58692
2015,02,31,0,907.24007
2015,02,31,1,907.07133
2015,02,31,2,908.41113
2015,02,31,3,909.14854
2015,02,31,4,910.15887
2015,02,31,5,911.36664
2015,02,31,6,912.44384
2015,02,31,7,913.49821
2015,02,1,0,913.28783
2015,02,1,1,913.07205
2015,02,1,2,913.77811
2015,02,1,3,914.30496
2015,02,1,4,914.62455
2015,02,1,5,914.37991
2015,02,1,6,913.51303
2015,02,1,7,912.65591
2015,02,2,0,912.34814
2015,02,2,1,911.74396
2015,02,2,2,911.17743
2015,02,2,3,910.67438
2015,02,2,4,909.34359
2015,02,2,5,907.42351
2015,02,2,6,906.35598
2015,02,2,7,906.4008
2015,02,3,0,906.34619
2015,02,3,1,906.19982
2015,02,3,2,907.56284
2015,02,3,3,909.27561
2015,02,3,4,908.6052
2015,02,3,5,907.5125
2015,02,3,6,907.009
2015,02,3,7,908.19618
2015,02,4,0,908.96303
2015,02,4,1,908.45128
2015,02,4,2,908.10916
2015,02,4,3,908.34815
2015,02,4,4,909.19831
2015,02,4,5,909.2845
2015,02,4,6,909.01404
2015,02,4,7,908.70866
2015,02,5,0,908.21382
2015,02,5,1,907.4398
2015,02,5,2,908.13426
2015,02,5,3,909.02791
2015,02,5,4,909.76195
2015,02,5,5,910.37253
2015,02,5,6,911.13456
2015,02,5,7,911.44478
2015,02,6,0,911.34555
2015,02,6,1,911.07957
2015,02,6,2,910.91216
2015,02,6,3,910.73009
2015,02,6,4,910.66857
2015,02,6,5,910.21121
2015,02,6,6,909.67764
2015,02,6,7,909.08209
2015,02,7,0,908.68449
2015,02,7,1,908.48824
2015,02,7,2,908.92156
2015,02,7,3,908.69276
2015,02,7,4,908.88402
2015,02,7,5,909.20384
2015,02,7,6,909.77986
2015,02,7,7,909.85794
2015,02,8,0,908.7883
2015,02,8,1,907.62728
2015,02,8,2,907.58351
2015,02,8,3,907.41927
2015,02,8,4,906.71025
2015,02,8,5,906.5427
2015,02,8,6,907.14481
2015,02,8,7,908.04724
2015,02,9,0,907.26312
2015,02,9,1,906.47535
2015,02,9,2,906.64074
2015,02,9,3,906.6973
2015,02,9,4,907.33395
2015,02,9,5,908.48998
2015,02,9,6,910.11405
2015,02,9,7,911.22609
2015,02,10,0,912.59654
2015,02,10,1,912.70329
2015,02,10,2,912.0904
2015,02,10,3,912.01095
2015,02,10,4,911.72347
2015,02,10,5,912.4584
2015,02,10,6,913.0546
2015,02,10,7,913.31839
2015,02,11,0,912.77319
2015,02,11,1,912.48568
2015,02,11,2,913.69187
2015,02,11,3,914.48743
2015,02,11,4,914.54796
2015,02,11,5,914.39591
2015,02,11,6,913.94986
2015,02,11,7,913.16946
2015,02,12,0,912.76948
2015,02,12,1,911.36188
2015,02,12,2,909.57886
2015,02,12,3,907.541
2015,02,12,4,904.41218
2015,02,12,5,902.12768
2015,02,12,6,901.94402
2015,02,12,7,902.67537
2015,02,13,0,903.81945
2015,02,13,1,904.86508
2015,02,13,2,905.39916
2015,02,13,3,904.48705
2015,02,13,4,904.28293
2015,02,13,5,903.71071
2015,02,13,6,905.34552
2015,02,13,7,907.84929
2015,02,14,0,906.31291
2015,02,14,1,904.27139
2015,02,14,2,904.37303
2015,02,14,3,904.30549
2015,02,14,4,904.20537
2015,02,14,5,903.65617
2015,02,14,6,903.614
2015,02,14,7,903.3114
2015,02,15,0,902.8328
2015,02,15,1,901.87429
2015,02,15,2,903.38384
2015,02,15,3,906.57637
2015,02,15,4,906.06378
2015,02,15,5,903.91368
2015,02,15,6,903.32618
2015,02,15,7,904.10496
2015,02,16,0,904.78976
2015,02,16,1,904.89581
2015,02,16,2,905.61294
2015,02,16,3,905.36961
2015,02,16,4,904.52219
2015,02,16,5,903.51233
2015,02,16,6,903.82131
2015,02,16,7,903.93693
2015,02,17,0,902.94509
2015,02,17,1,902.56511
2015,02,17,2,903.41697
2015,02,17,3,904.6262
2015,02,17,4,903.87577
2015,02,17,5,903.17636
2015,02,17,6,903.5101
2015,02,17,7,903.29536
2015,02,18,0,903.75227
2015,02,18,1,903.86812
2015,02,18,2,903.86934
2015,02,18,3,904.20423
2015,02,18,4,903.7862
2015,02,18,5,903.58523
2015,02,18,6,904.85086
2015,02,18,7,905.59842
2015,02,19,0,905.52519
2015,02,19,1,904.85455
2015,02,19,2,905.4659
2015,02,19,3,906.02131
2015,02,19,4,907.52903
2015,02,19,5,908.3551
2015,02,19,6,908.65616
2015,02,19,7,908.94576
2015,02,20,0,908.00307
2015,02,20,1,907.25369
2015,02,20,2,907.28234
2015,02,20,3,908.88516
2015,02,20,4,910.06802
2015,02,20,5,910.18125
2015,02,20,6,909.15729
2015,02,20,7,909.60441
2015,02,21,0,910.20272
2015,02,21,1,909.5278
2015,02,21,2,910.04004
2015,02,21,3,911.04781
2015,02,21,4,911.46331
2015,02,21,5,912.03473
2015,02,21,6,912.33502
2015,02,21,7,912.78574
2015,02,22,0,913.28816
2015,02,22,1,914.38717
2015,02,22,2,917.18011
2015,02,22,3,919.51389
2015,02,22,4,920.36021
2015,02,22,5,920.37911
2015,02,22,6,918.97011
2015,02,22,7,916.69975
2015,02,23,0,914.9949
2015,02,23,1,915.55539
2015,02,23,2,917.53399
2015,02,23,3,917.81337
2015,02,23,4,917.07633
2015,02,23,5,916.37449
2015,02,23,6,915.42566
2015,02,23,7,915.00597
2015,02,24,0,915.27047
2015,02,24,1,913.46077
2015,02,24,2,912.85811
2015,02,24,3,914.2728
2015,02,24,4,913.79461
2015,02,24,5,912.5932
2015,02,24,6,912.18214
2015,02,24,7,912.94399
2015,02,25,0,912.20612
2015,02,25,1,913.32081
2015,02,25,2,916.78231
2015,02,25,3,919.23263
2015,02,25,4,920.54651
2015,02,25,5,920.34802
2015,02,25,6,920.0368
2015,02,25,7,918.98293
2015,02,26,0,917.21219
2015,02,26,1,916.42833
2015,02,26,2,915.42739
2015,02,26,3,914.03892
2015,02,26,4,913.58486
2015,02,26,5,912.80472
2015,02,26,6,912.77463
2015,02,26,7,912.51991
2015,02,27,0,912.02633
2015,02,27,1,911.65681
2015,02,27,2,911.58496
2015,02,27,3,911.53753
2015,02,27,4,911.58668
2015,02,27,5,911.59044
2015,02,27,6,911.31161
2015,02,27,7,910.94005
2015,02,28,0,909.97287
2015,02,28,1,908.73985
2015,02,28,2,908.70293
2015,02,28,3,909.06064
2015,02,28,4,908.52038
2015,02,28,5,908.45414
2015,02,28,6,909.21019
2015,02,28,7,909.51485
2015,02,29,0,909.77125
2015,02,29,1,910.19383
2015,02,29,2,910.16489
2015,02,29,3,909.78893
2015,02,29,4,909.91756
2015,02,29,5,909.89807
2015,02,29,6,910.29224
2015,02,29,7,910.62071
2015,02,30,0,910.73873
2015,02,30,1,910.73617
2015,02,30,2,910.78011
2015,02,30,3,910.56447
2015,02,30,4,910.77627
2015,02,30,5,910.71389
2015,02,30,6,910.23539
2015,02,30,7,910.13215
2015,02,1,0,908.87697
2015,02,1,1,908.04014
2015,02,1,2,909.12088
2015,02,1,3,910.59825
2015,02,1,4,911.28508
2015,02,1,5,911.18196
2015,02,1,6,911.63631
2015,02,1,7,911.36986
2015,02,2,0,910.37061
2015,02,2,1,908.75705
2015,02,2,2,908.2083
2015,02,2,3,908.1679
2015,02,2,4,908.43343
2015,02,2,5,908.43037
2015,02,2,6,909.01448
2015,02,2,7,909.08752
2015,02,3,0,909.42615
2015,02,3,1,909.67929
2015,02,3,2,909.28273
2015,02,3,3,908.3165
2015,02,3,4,907.384
2015,02,3,5,906.51689
2015,02,3,6,906.06677
2015,02,3,7,905.63
2015,02,4,0,904.55062
2015,02,4,1,904.44548
2015,02,4,2,904.23939
2015,02,4,3,903.24771
2015,02,4,4,902.61148
2015,02,4,5,903.01906
2015,02,4,6,903.59342
2015,02,4,7,904.76608
2015,02,5,0,906.29043
2015,02,5,1,907.62898
2015,02,5,2,909.82251
2015,02,5,3,912.24707
2015,02,5,4,914.03809
2015,02,5,5,915.26894
2015,02,5,6,916.21632
2015,02,5,7,916.6652
2015,02,6,0,917.5772
2015,02,6,1,917.82529
2015,02,6,2,917.7043
2015,02,6,3,918.01087
2015,02,6,4,917.9673
2015,02,6,5,917.91423
2015,02,6,6,917.6086
2015,02,6,7,917.48747
2015,02,7,0,916.7396
2015,02,7,1,915.51575
2015,02,7,2,915.11695
2015,02,7,3,914.59573
2015,02,7,4,914.20633
2015,02,7,5,913.73046
2015,02,7,6,913.66816
2015,02,7,7,913.53633
2015,02,8,0,912.75867
2015,02,8,1,912.16668
2015,02,8,2,913.18243
2015,02,8,3,914.18224
2015,02,8,4,915.09668
2015,02,8,5,915.8861
2015,02,8,6,917.27456
2015,02,8,7,918.00553
2015,02,9,0,916.98271
2015,02,9,1,916.75555
2015,02,9,2,917.45452
2015,02,9,3,917.17887
2015,02,9,4,917.35345
2015,02,9,5,918.0484
2015,02,9,6,918.78194
2015,02,9,7,918.83491
2015,02,10,0,918.18649
2015,02,10,1,917.6285
2015,02,10,2,918.0105
2015,02,10,3,917.81094
2015,02,10,4,918.16155
2015,02,10,5,918.44608
2015,02,10,6,917.70146
2015,02,10,7,917.04318
2015,02,11,0,915.75582
2015,02,11,1,914.25141
2015,02,11,2,914.04804
2015,02,11,3,914.09347
2015,02,11,4,913.1506
2015,02,11,5,911.49002
2015,02,11,6,909.51481
2015,02,11,7,907.63668
2015,02,12,0,908.38366
2015,02,12,1,909.68281
2015,02,12,2,909.44478
2015,02,12,3,908.79749
2015,02,12,4,909.00157
2015,02,12,5,910.14513
2015,02,12,6,910.13555
2015,02,12,7,910.89552
2015,02,13,0,912.16589
2015,02,13,1,912.2637
2015,02,13,2,911.5296
2015,02,13,3,910.42137
2015,02,13,4,908.58562
2015,02,13,5,906.85726
2015,02,13,6,906.23959
2015,02,13,7,905.82398
2015,02,14,0,905.33181
2015,02,14,1,904.93393
2015,02,14,2,903.86285
2015,02,14,3,903.04863
2015,02,14,4,902.63691
2015,02,14,5,902.64412
2015,02,14,6,902.33663
2015,02,14,7,902.24694
2015,02,15,0,901.8677
2015,02,15,1,900.43629
2015,02,15,2,901.39403
2015,02,15,3,903.10474
2015,02,15,4,903.97737
2015,02,15,5,905.26849
2015,02,15,6,904.62192
2015,02,15,7,904.7056
2015,02,16,0,904.48709
2015,02,16,1,903.48007
2015,02,16,2,905.12187
2015,02,16,3,907.08287
2015,02,16,4,908.18062
2015,02,16,5,909.37218
2015,02,16,6,910.28877
2015,02,16,7,910.68726
2015,02,17,0,911.30351
2015,02,17,1,911.63631
2015,02,17,2,911.8744
2015,02,17,3,912.15427
2015,02,17,4,912.06674
2015,02,17,5,911.53555
2015,02,17,6,910.99525
2015,02,17,7,910.83481
2015,02,18,0,909.2789
2015,02,18,1,907.37729
2015,02,18,2,907.02281
2015,02,18,3,907.1102
2015,02,18,4,906.16732
2015,02,18,5,905.68168
2015,02,18,6,906.28908
2015,02,18,7,906.76186
2015,02,19,0,906.51835
2015,02,19,1,907.08071
2015,02,19,2,907.84476
2015,02,19,3,909.14628
2015,02,19,4,910.81391
2015,02,19,5,912.51318
2015,02,19,6,913.90636
2015,02,19,7,915.01352
2015,02,20,0,916.07099
2015,02,20,1,915.81556
2015,02,20,2,915.83256
2015,02,20,3,915.36438
2015,02,20,4,915.01761
2015,02,20,5,913.81118
2015,02,20,6,911.16287
2015,02,20,7,907.63816
2015,02,21,0,905.04073
2015,02,21,1,903.49149
2015,02,21,2,903.06467
2015,02,21,3,904.03892
2015,02,21,4,904.54801
2015,02,21,5,905.58771
2015,02,21,6,907.73487
2015,02,21,7,908.67556
2015,02,22,0,908.56648
2015,02,22,1,908.35609
2015,02,22,2,908.92357
2015,02,22,3,909.52445
2015,02,22,4,909.83969
2015,02,22,5,910.16563
2015,02,22,6,910.54596
2015,02,22,7,910.98824
2015,02,23,0,911.70342
2015,02,23,1,911.93023
2015,02,23,2,912.737
2015,02,23,3,913.85985
2015,02,23,4,914.7148
2015,02,23,5,915.89165
2015,02,23,6,916.03216
2015,02,23,7,915.78223
2015,02,24,0,915.27824
2015,02,24,1,914.56419
2015,02,24,2,913.79087
2015,02,24,3,913.62939
2015,02,24,4,913.11866
2015,02,24,5,912.66628
2015,02,24,6,912.46329
2015,02,24,7,912.42994
2015,02,25,0,912.12947
2015,02,25,1,911.28165
2015,02,25,2,910.29551
2015,02,25,3,909.86749
2015,02,25,4,909.41953
2015,02,25,5,907.34315
2015,02,25,6,904.46022
2015,02,25,7,903.65187
2015,02,26,0,904.80537
2015,02,26,1,906.00971
2015,02,26,2,906.86517
2015,02,26,3,907.88998
2015,02,26,4,907.13894
2015,02,26,5,905.68519
2015,02,26,6,906.65032
2015,02,26,7,907.88406
2015,02,27,0,907.12693
2015,02,27,1,909.39296
2015,02,27,2,911.22012
2015,02,27,3,912.82729
2015,02,27,4,913.99344
2015,02,27,5,914.08684
2015,02,27,6,914.92511
2015,02,27,7,915.52452
2015,02,28,0,913.74683
2015,02,28,1,912.14347
2015,02,28,2,912.09397
2015,02,28,3,912.37863
2015,02,28,4,913.4104
2015,02,28,5,914.51512
2015,02,28,6,914.62287
2015,02,28,7,915.3469
2015,02,29,0,915.67504
2015,02,29,1,915.58586
2015,02,29,2,915.19252
2015,02,29,3,915.07779
2015,02,29,4,914.09328
2015,02,29,5,912.86223
2015,02,29,6,911.7883
2015,02,29,7,911.25937
2015,02,30,0,912.92688
2015,02,30,1,913.3995
2015,02,30,2,912.03106
2015,02,30,3,911.28283
2015,02,30,4,911.44928
2015,02,30,5,912.5436
2015,02,30,6,913.79576
2015,02,30,7,914.10116
2015,02,31,0,913.1979
2015,02,31,1,912.36326
2015,02,31,2,912.47858
2015,02,31,3,912.26445
2015,02,31,4,911.69222
2015,02,31,5,911.67886
2015,02,31,6,911.58664
2015,02,31,7,910.95235
2015,02,1,0,911.1515
2015,02,1,1,911.0409
2015,02,1,2,910.97936
2015,02,1,3,911.09761
2015,02,1,4,910.30388
2015,02,1,5,909.69122
2015,02,1,6,910.37165
2015,02,1,7,910.23536
2015,02,2,0,908.80781
2015,02,2,1,907.71405
2015,02,2,2,907.98176
2015,02,2,3,908.09055
2015,02,2,4,908.28835
2015,02,2,5,909.41164
2015,02,2,6,910.29218
2015,02,2,7,911.00629
2015,02,3,0,911.18122
2015,02,3,1,912.02009
2015,02,3,2,912.27155
2015,02,3,3,912.17054
2015,02,3,4,913.02749
2015,02,3,5,913.83278
2015,02,3,6,913.34347
2015,02,3,7,913.26435
2015,02,4,0,913.34573
2015,02,4,1,912.77381
2015,02,4,2,913.69535
2015,02,4,3,914.52152
2015,02,4,4,914.50781
2015,02,4,5,914.52087
2015,02,4,6,914.86175
2015,02,4,7,915.10568
2015,02,5,0,915.17223
2015,02,5,1,915.15261
2015,02,5,2,915.41949
2015,02,5,3,915.54568
2015,02,5,4,915.59112
2015,02,5,5,915.40119
2015,02,5,6,915.73613
2015,02,5,7,915.89216
2015,02,6,0,914.90035
2015,02,6,1,914.3438
2015,02,6,2,915.19977
2015,02,6,3,915.37085
2015,02,6,4,915.11365
2015,02,6,5,913.56096
2015,02,6,6,910.61224
2015,02,6,7,909.47706
2015,02,7,0,908.76447
2015,02,7,1,908.61176
2015,02,7,2,910.56447
2015,02,7,3,909.80119
2015,02,7,4,910.39581
2015,02,7,5,911.65508
2015,02,7,6,910.03603
2015,02,7,7,910.96662
2015,02,8,0,911.35897
2015,02,8,1,910.66072
2015,02,8,2,909.27186
2015,02,8,3,908.43499
2015,02,8,4,911.2949
2015,02,8,5,911.75432
2015,02,8,6,910.67296
2015,02,8,7,910.81204
2015,02,9,0,908.15231
2015,02,9,1,905.8637
2015,02,9,2,906.07284
2015,02,9,3,905.98978
2015,02,9,4,906.80873
2015,02,9,5,907.48826
2015,02,9,6,908.20322
2015,02,9,7,908.87954
2015,02,10,0,907.76421
2015,02,10,1,905.94141
2015,02,10,2,908.12452
2015,02,10,3,910.81596
2015,02,10,4,911.97167
2015,02,10,5,911.89099
2015,02,10,6,909.18803
2015,02,10,7,908.07994
2015,02,11,0,908.77298
2015,02,11,1,909.28548
2015,02,11,2,910.2065
2015,02,11,3,911.17296
2015,02,11,4,912.20038
2015,02,11,5,912.30941
2015,02,11,6,913.11607
2015,02,11,7,912.85186
2015,02,12,0,911.8614
2015,02,12,1,912.42078
2015,02,12,2,913.59941
2015,02,12,3,914.48737
2015,02,12,4,915.62059
2015,02,12,5,916.73046
2015,02,12,6,917.92069
2015,02,12,7,919.27749
2015,02,13,0,920.31011
2015,02,13,1,921.03123
2015,02,13,2,921.05576
2015,02,13,3,919.62289
2015,02,13,4,916.8413
2015,02,13,5,916.50414
2015,02,13,6,916.78867
2015,02,13,7,918.08629
2015,02,14,0,918.67329
2015,02,14,1,919.97711
2015,02,14,2,923.04233
2015,02,14,3,925.65188
2015,02,14,4,928.30783
2015,02,14,5,928.89459
2015,02,14,6,927.76204
2015,02,14,7,926.75896
2015,02,15,0,925.31948
2015,02,15,1,923.57886
2015,02,15,2,922.27336
2015,02,15,3,921.1
2015,02,15,4,920.86341
2015,02,15,5,920.60341
2015,02,15,6,920.99709
2015,02,15,7,921.62182
2015,02,16,0,921.36105
2015,02,16,1,921.02057
2015,02,16,2,922.55665
2015,02,16,3,923.31156
2015,02,16,4,924.79501
2015,02,16,5,926.57605
2015,02,16,6,925.78923
2015,02,16,7,924.98098
2015,02,17,0,924.35179
2015,02,17,1,923.16033
2015,02,17,2,923.59551
2015,02,17,3,924.9636
2015,02,17,4,924.93011
2015,02,17,5,925.04626
2015,02,17,6,925.26819
2015,02,17,7,924.48164
2015,02,18,0,923.79902
2015,02,18,1,922.95782
2015,02,18,2,922.9175
2015,02,18,3,922.88988
2015,02,18,4,922.01975
2015,02,18,5,921.23976
2015,02,18,6,921.94342
2015,02,18,7,922.42186
2015,02,19,0,922.27589
2015,02,19,1,922.01912
2015,02,19,2,921.39119
2015,02,19,3,920.59954
2015,02,19,4,920.40777
2015,02,19,5,919.71269
2015,02,19,6,919.45253
2015,02,19,7,919.50843
2015,02,20,0,919.44521
2015,02,20,1,919.2745
2015,02,20,2,920.46763
2015,02,20,3,922.14791
2015,02,20,4,921.42814
2015,02,20,5,920.48378
2015,02,20,6,919.63765
2015,02,20,7,918.69338
2015,02,21,0,917.70733
2015,02,21,1,916.49927
2015,02,21,2,916.29442
2015,02,21,3,915.73746
2015,02,21,4,915.06619
2015,02,21,5,913.64635
2015,02,21,6,913.37142
2015,02,21,7,914.0214
2015,02,22,0,913.35391
2015,02,22,1,911.67956
2015,02,22,2,911.31562
2015,02,22,3,910.67105
2015,02,22,4,910.26427
2015,02,22,5,910.0296
2015,02,22,6,909.75158
2015,02,22,7,910.86769
2015,02,23,0,912.49001
2015,02,23,1,913.73473
2015,02,23,2,913.70945
2015,02,23,3,913.69869
2015,02,23,4,914.75761
2015,02,23,5,915.51425
2015,02,23,6,916.49857
2015,02,23,7,917.2938
2015,02,24,0,917.81843
2015,02,24,1,918.07872
2015,02,24,2,916.86214
2015,02,24,3,915.68156
2015,02,24,4,913.95777
2015,02,24,5,912.46877
2015,02,24,6,911.77583
2015,02,24,7,911.46338
2015,02,25,0,910.66763
2015,02,25,1,910.18229
2015,02,25,2,910.68768
2015,02,25,3,911.33947
2015,02,25,4,911.72712
2015,02,25,5,911.97926
2015,02,25,6,912.0083
2015,02,25,7,912.38142
2015,02,26,0,911.46892
2015,02,26,1,910.90518
2015,02,26,2,911.77585
2015,02,26,3,912.33115
2015,02,26,4,912.43966
2015,02,26,5,912.67738
2015,02,26,6,912.55953
2015,02,26,7,911.89188
2015,02,27,0,910.8859
2015,02,27,1,909.98112
2015,02,27,2,909.87185
2015,02,27,3,910.20951
2015,02,27,4,909.47756
2015,02,27,5,908.48328
2015,02,27,6,907.91471
2015,02,27,7,907.13384
2015,02,28,0,907.54584
2015,02,28,1,907.79744
2015,02,28,2,907.8393
2015,02,28,3,908.45453
2015,02,28,4,908.31344
2015,02,28,5,908.08253
2015,02,28,6,907.89586
2015,02,28,7,908.27901
2015,02,29,0,908.69422
2015,02,29,1,908.94651
2015,02,29,2,909.45572
2015,02,29,3,910.09457
2015,02,29,4,911.19388
2015,02,29,5,912.15438
2015,02,29,6,913.44256
2015,02,29,7,914.87567
2015,02,30,0,915.709
2015,02,30,1,916.3427
2015,02,30,2,916.97201
2015,02,30,3,917.4438
2015,02,30,4,917.65726
2015,02,30,5,917.55404
2015,02,30,6,917.21212
2015,02,30,7,916.61511
2015,02,1,0,916.55112
2015,02,1,1,916.16031
2015,02,1,2,915.1603
2015,02,1,3,914.29758
2015,02,1,4,913.8489
2015,02,1,5,913.23899
2015,02,1,6,912.76173
2015,02,1,7,912.57007
2015,02,2,0,912.57159
2015,02,2,1,912.53056
2015,02,2,2,912.64391
2015,02,2,3,912.89745
2015,02,2,4,913.82844
2015,02,2,5,914.57792
2015,02,2,6,915.96925
2015,02,2,7,917.00173
2015,02,3,0,916.28898
2015,02,3,1,916.92543
2015,02,3,2,919.35791
2015,02,3,3,920.97433
2015,02,3,4,921.34493
2015,02,3,5,919.93466
2015,02,3,6,918.11811
2015,02,3,7,917.49182
2015,02,4,0,919.38358
2015,02,4,1,920.57973
2015,02,4,2,920.42159
2015,02,4,3,921.0086
2015,02,4,4,921.50126
2015,02,4,5,921.27143
2015,02,4,6,920.79414
2015,02,4,7,919.36278
2015,02,5,0,918.52279
2015,02,5,1,918.48838
2015,02,5,2,918.13787
2015,02,5,3,917.4416
2015,02,5,4,915.80274
2015,02,5,5,913.96431
2015,02,5,6,912.67824
2015,02,5,7,910.73886
2015,02,6,0,908.3739
2015,02,6,1,907.13283
2015,02,6,2,907.2854
2015,02,6,3,907.99589
2015,02,6,4,908.26436
2015,02,6,5,907.72025
2015,02,6,6,906.67076
2015,02,6,7,905.53714
2015,02,7,0,904.8657
2015,02,7,1,904.81998
2015,02,7,2,905.50854
2015,02,7,3,906.07133
2015,02,7,4,905.70131
2015,02,7,5,904.938
2015,02,7,6,904.55685
2015,02,7,7,873.68686
2015,02,8,0,872.61885
2015,02,8,1,872.01916
2015,02,8,2,871.38487
2015,02,8,3,870.83707
2015,02,8,4,871.37929
2015,02,8,5,872.41956
2015,02,8,6,906.93951
2015,02,8,7,907.44196
2015,02,9,0,908.1321
2015,02,9,1,907.94022
2015,02,9,2,907.13685
2015,02,9,3,907.80904
2015,02,9,4,909.71809
2015,02,9,5,910.59511
2015,02,9,6,911.3387
2015,02,9,7,912.46097
2015,02,10,0,911.52325
2015,02,10,1,911.07454
2015,02,10,2,911.81026
2015,02,10,3,912.25938
2015,02,10,4,912.48299
2015,02,10,5,912.25688
2015,02,10,6,912.30677
2015,02,10,7,911.96606
2015,02,11,0,911.26349
2015,02,11,1,911.07548
2015,02,11,2,911.24923
2015,02,11,3,911.19678
2015,02,11,4,910.78281
2015,02,11,5,910.41187
2015,02,11,6,908.98081
2015,02,11,7,907.88109
2015,02,12,0,908.23142
2015,02,12,1,909.00411
2015,02,12,2,911.70347
2015,02,12,3,914.66679
2015,02,12,4,917.71615
2015,02,12,5,919.96661
2015,02,12,6,920.24461
2015,02,12,7,920.31451
2015,02,13,0,916.07647
2015,02,13,1,911.33119
2015,02,13,2,910.67844
2015,02,13,3,908.24181
2015,02,13,4,908.46097
2015,02,13,5,910.14714
2015,02,13,6,911.05551
2015,02,13,7,912.17255
2015,02,14,0,908.50301
2015,02,14,1,906.50715
2015,02,14,2,908.0812
2015,02,14,3,907.77146
2015,02,14,4,907.34158
2015,02,14,5,907.08589
2015,02,14,6,907.43743
2015,02,14,7,907.36717
2015,02,15,0,906.2315
2015,02,15,1,905.54535
2015,02,15,2,906.21131
2015,02,15,3,907.20854
2015,02,15,4,909.63696
2015,02,15,5,911.36612
2015,02,15,6,913.49597
2015,02,15,7,915.91801
2015,02,16,0,915.7157
2015,02,16,1,914.81282
2015,02,16,2,915.28808
2015,02,16,3,916.57559
2015,02,16,4,916.80638
2015,02,16,5,915.26773
2015,02,16,6,915.11382
2015,02,16,7,914.89043
2015,02,17,0,913.83375
2015,02,17,1,912.00964
2015,02,17,2,911.60379
2015,02,17,3,909.27502
2015,02,17,4,907.38952
2015,02,17,5,909.1442
2015,02,17,6,910.32661
2015,02,17,7,911.07915
2015,02,18,0,911.53942
2015,02,18,1,910.76149
2015,02,18,2,910.26213
2015,02,18,3,910.27958
2015,02,18,4,909.18689
2015,02,18,5,908.56737
2015,02,18,6,908.48115
2015,02,18,7,907.83154
2015,02,19,0,907.56709
2015,02,19,1,907.507
2015,02,19,2,908.23974
2015,02,19,3,908.96705
2015,02,19,4,908.75789
2015,02,19,5,911.04984
2015,02,19,6,910.68809
2015,02,19,7,906.21209
2015,02,20,0,904.10067
2015,02,20,1,903.9752
2015,02,20,2,903.48582
2015,02,20,3,903.72027
2015,02,20,4,903.65842
2015,02,20,5,903.0219
2015,02,20,6,902.6462
2015,02,20,7,902.3504
2015,02,21,0,901.98577
2015,02,21,1,901.49755
2015,02,21,2,901.35256
2015,02,21,3,900.54578
2015,02,21,4,899.02735
2015,02,21,5,898.26666
2015,02,21,6,897.01294
2015,02,21,7,897.07196
2015,02,22,0,898.36939
2015,02,22,1,899.68952
2015,02,22,2,901.1331
2015,02,22,3,901.22547
2015,02,22,4,901.07583
2015,02,22,5,901.04287
2015,02,22,6,900.49604
2015,02,22,7,900.2324
2015,02,23,0,905.64818
2015,02,23,1,908.63564
2015,02,23,2,907.0051
2015,02,23,3,906.39072
2015,02,23,4,906.43608
2015,02,23,5,905.51069
2015,02,23,6,904.01973
2015,02,23,7,903.37793
2015,02,24,0,904.88333
2015,02,24,1,906.63871
2015,02,24,2,906.60229
2015,02,24,3,906.15602
2015,02,24,4,905.5076
2015,02,24,5,905.48003
2015,02,24,6,903.99525
2015,02,24,7,902.63346
2015,02,25,0,903.96515
2015,02,25,1,904.29834
2015,02,25,2,904.79004
2015,02,25,3,905.14051
2015,02,25,4,906.82926
2015,02,25,5,909.05439
2015,02,25,6,907.31276
2015,02,25,7,905.86145
2015,02,26,0,907.07518
2015,02,26,1,907.43845
2015,02,26,2,909.076
2015,02,26,3,909.836
2015,02,26,4,909.49156
2015,02,26,5,908.92425
2015,02,26,6,910.14675
2015,02,26,7,910.58053
2015,02,27,0,908.50514
2015,02,27,1,907.50865
2015,02,27,2,906.48679
2015,02,27,3,904.07274
2015,02,27,4,901.86246
2015,02,27,5,903.03014
2015,02,27,6,905.46629
2015,02,27,7,906.20517
2015,02,28,0,906.90766
2015,02,28,1,906.56415
2015,02,28,2,907.09193
2015,02,28,3,909.2573
2015,02,28,4,913.38906
2015,02,28,5,917.56039
2015,02,28,6,917.86456
2015,02,28,7,913.26187
2015,02,29,0,909.18209
2015,02,29,1,908.69249
2015,02,29,2,908.14877
2015,02,29,3,907.61553
2015,02,29,4,908.16053
2015,02,29,5,910.9539
2015,02,29,6,910.70266
2015,02,29,7,910.36077
2015,02,30,0,908.45779
2015,02,30,1,907.75638
2015,02,30,2,911.81175
2015,02,30,3,914.88573
2015,02,30,4,914.3021
2015,02,30,5,913.29006
2015,02,30,6,912.80031
2015,02,30,7,911.97697
2015,02,31,0,912.10336
2015,02,31,1,912.83518
2015,02,31,2,912.83491
2015,02,31,3,912.67581
2015,02,31,4,913.81589
2015,02,31,5,914.759
2015,02,31,6,915.37978
2015,02,31,7,915.88438
2015,02,1,0,915.83343
2015,02,1,1,915.52044
2015,02,1,2,916.23844
2015,02,1,3,916.30905
2015,02,1,4,915.65868
2015,02,1,5,914.97513
2015,02,1,6,913.69457
2015,02,1,7,912.03152
2015,02,2,0,911.70994
2015,02,2,1,913.145
2015,02,2,2,915.7308
2015,02,2,3,918.49579
2015,02,2,4,918.16063
2015,02,2,5,917.37088
2015,02,2,6,919.78999
2015,02,2,7,921.7105
2015,02,3,0,921.37916
2015,02,3,1,920.37488
2015,02,3,2,922.30127
2015,02,3,3,922.73192
2015,02,3,4,922.30067
2015,02,3,5,921.77989
2015,02,3,6,918.81532
2015,02,3,7,916.9724
2015,02,4,0,916.17046
2015,02,4,1,914.2683
2015,02,4,2,913.93387
2015,02,4,3,913.32834
2015,02,4,4,913.69183
2015,02,4,5,914.67495
2015,02,4,6,914.43546
2015,02,4,7,914.03053
2015,02,5,0,914.06544
2015,02,5,1,914.26578
2015,02,5,2,913.68318
2015,02,5,3,913.45315
2015,02,5,4,914.15145
2015,02,5,5,914.69129
2015,02,5,6,915.68884
2015,02,5,7,916.42379
2015,02,6,0,916.12357
2015,02,6,1,915.61425
2015,02,6,2,916.24876
2015,02,6,3,917.1854
2015,02,6,4,917.3756
2015,02,6,5,917.67393
2015,02,6,6,918.58481
2015,02,6,7,919.34603
2015,02,7,0,917.32972
2015,02,7,1,915.063
2015,02,7,2,915.21224
2015,02,7,3,914.77329
2015,02,7,4,915.17974
2015,02,7,5,914.47381
2015,02,7,6,912.25004
2015,02,7,7,908.66437
2015,02,8,0,906.34472
2015,02,8,1,905.15614
2015,02,8,2,905.00265
2015,02,8,3,905.52238
2015,02,8,4,907.09243
2015,02,8,5,908.49451
2015,02,8,6,908.8871
2015,02,8,7,909.09836
2015,02,9,0,908.73642
2015,02,9,1,909.2715
2015,02,9,2,912.29481
2015,02,9,3,914.14259
2015,02,9,4,913.92884
2015,02,9,5,914.89899
2015,02,9,6,914.04844
2015,02,9,7,911.98245
2015,02,10,0,908.30374
2015,02,10,1,905.20954
2015,02,10,2,904.57006
2015,02,10,3,904.25224
2015,02,10,4,905.60738
2015,02,10,5,907.14697
2015,02,10,6,907.47576
2015,02,10,7,908.08016
2015,02,11,0,907.43988
2015,02,11,1,906.44106
2015,02,11,2,907.51094
2015,02,11,3,907.72092
2015,02,11,4,906.79408
2015,02,11,5,906.61119
2015,02,11,6,907.10878
2015,02,11,7,906.72572
2015,02,12,0,905.92046
2015,02,12,1,905.09619
2015,02,12,2,905.51942
2015,02,12,3,906.21375
2015,02,12,4,906.33728
2015,02,12,5,906.64043
2015,02,12,6,907.04183
2015,02,12,7,906.95322
2015,02,13,0,906.45122
2015,02,13,1,906.43094
2015,02,13,2,906.26961
2015,02,13,3,904.88513
2015,02,13,4,903.68002
2015,02,13,5,904.81444
2015,02,13,6,906.50285
2015,02,13,7,908.35734
2015,02,14,0,908.46044
2015,02,14,1,908.76491
2015,02,14,2,909.73641
2015,02,14,3,909.95131
2015,02,14,4,910.49625
2015,02,14,5,910.49797
2015,02,14,6,909.41744
2015,02,14,7,908.49062
2015,02,15,0,907.09559
2015,02,15,1,905.62412
2015,02,15,2,904.12654
2015,02,15,3,903.8046
2015,02,15,4,904.12659
2015,02,15,5,904.67487
2015,02,15,6,904.47638
2015,02,15,7,903.62807
2015,02,16,0,900.10056
2015,02,16,1,897.16519
2015,02,16,2,899.66718
2015,02,16,3,901.17449
2015,02,16,4,902.25237
2015,02,16,5,901.13392
2015,02,16,6,901.17321
2015,02,16,7,902.05134
2015,02,17,0,901.51492
2015,02,17,1,901.61755
2015,02,17,2,903.8235
2015,02,17,3,905.20895
2015,02,17,4,905.50314
2015,02,17,5,905.52527
2015,02,17,6,905.88653
2015,02,17,7,906.16392
2015,02,18,0,904.56857
2015,02,18,1,903.20907
2015,02,18,2,903.98431
2015,02,18,3,904.72173
2015,02,18,4,903.67245
2015,02,18,5,902.56661
2015,02,18,6,903.16809
2015,02,18,7,903.81672
2015,02,19,0,903.77652
2015,02,19,1,902.76149
2015,02,19,2,902.05479
2015,02,19,3,902.574
2015,02,19,4,903.38573
2015,02,19,5,904.01397
2015,02,19,6,904.289
2015,02,19,7,905.48943
2015,02,20,0,907.37851
2015,02,20,1,908.40896
2015,02,20,2,908.38653
2015,02,20,3,908.73888
2015,02,20,4,909.31861
2015,02,20,5,909.80771
2015,02,20,6,909.98533
2015,02,20,7,909.85379
2015,02,21,0,908.49185
2015,02,21,1,907.299
2015,02,21,2,906.10641
2015,02,21,3,904.32355
2015,02,21,4,902.92171
2015,02,21,5,902.76971
2015,02,21,6,902.36684
2015,02,21,7,902.50037
2015,02,22,0,902.1581
2015,02,22,1,902.38303
2015,02,22,2,903.52658
2015,02,22,3,903.96671
2015,02,22,4,903.52479
2015,02,22,5,903.48014
2015,02,22,6,903.38271
2015,02,22,7,903.54747
2015,02,23,0,903.00463
2015,02,23,1,902.55427
2015,02,23,2,902.79485
2015,02,23,3,903.38138
2015,02,23,4,904.45059
2015,02,23,5,904.54082
2015,02,23,6,903.4618
2015,02,23,7,902.36985
2015,02,24,0,900.76653
2015,02,24,1,900.29752
2015,02,24,2,902.18672
2015,02,24,3,904.10577
2015,02,24,4,903.06082
2015,02,24,5,901.62768
2015,02,24,6,904.64727
2015,02,24,7,906.88857
2015,02,25,0,905.88147
2015,02,25,1,904.97865
2015,02,25,2,906.2993
2015,02,25,3,906.44479
2015,02,25,4,906.68989
2015,02,25,5,906.72167
2015,02,25,6,907.52985
2015,02,25,7,908.56088
2015,02,26,0,908.45664
2015,02,26,1,908.53866
2015,02,26,2,909.29849
2015,02,26,3,910.20089
2015,02,26,4,910.78354
2015,02,26,5,911.2912
2015,02,26,6,911.75847
2015,02,26,7,911.49655
2015,02,27,0,909.6168
2015,02,27,1,907.60918
2015,02,27,2,905.80128
2015,02,27,3,904.36812
2015,02,27,4,905.88602
2015,02,27,5,905.00564
2015,02,27,6,903.94495
2015,02,27,7,904.5332
2015,02,28,0,907.63339
2015,02,28,1,907.40247
2015,02,28,2,906.44164
2015,02,28,3,905.8027
2015,02,28,4,906.30094
2015,02,28,5,906.05858
2015,02,28,6,908.49231
2015,02,28,7,911.96686
2015,02,29,0,913.094
2015,02,29,1,913.22934
2015,02,29,2,914.26423
2015,02,29,3,914.20926
2015,02,29,4,914.30574
2015,02,29,5,913.21489
2015,02,29,6,912.40921
2015,02,29,7,914.84336
2015,02,30,0,915.61969
2015,02,30,1,915.00685
2015,02,30,2,914.30017
2015,02,30,3,913.43438
2015,02,30,4,911.80106
2015,02,30,5,909.75761
2015,02,30,6,908.55814
2015,02,30,7,907.17434
2015,02,31,0,903.99077
2015,02,31,1,902.09159
2015,02,31,2,902.17592
2015,02,31,3,902.64712
2015,02,31,4,902.23278
2015,02,31,5,902.31386
2015,02,31,6,903.76161
2015,02,31,7,905.05805
2015,02,1,0,905.49753
2015,02,1,1,905.58081
2015,02,1,2,905.52805
2015,02,1,3,904.15655
2015,02,1,4,904.70758
2015,02,1,5,906.24513
2015,02,1,6,906.75926
2015,02,1,7,907.82489
2015,02,2,0,907.63433
2015,02,2,1,908.02396
2015,02,2,2,909.43252
2015,02,2,3,910.84771
2015,02,2,4,911.49349
2015,02,2,5,912.02863
2015,02,2,6,913.63668
2015,02,2,7,914.38108
2015,02,3,0,915.66206
2015,02,3,1,917.09749
2015,02,3,2,917.44506
2015,02,3,3,917.56245
2015,02,3,4,918.10874
2015,02,3,5,918.47868
2015,02,3,6,918.59472
2015,02,3,7,918.3283
2015,02,4,0,918.01498
2015,02,4,1,917.42932
2015,02,4,2,917.67544
2015,02,4,3,917.83771
2015,02,4,4,918.34333
2015,02,4,5,918.51343
2015,02,4,6,918.63985
2015,02,4,7,918.58113
2015,02,5,0,918.82544
2015,02,5,1,918.97261
2015,02,5,2,919.29973
2015,02,5,3,919.00199
2015,02,5,4,918.01079
2015,02,5,5,916.04513
2015,02,5,6,913.6565
2015,02,5,7,910.90814
2015,02,6,0,909.94655
2015,02,6,1,909.43315
2015,02,6,2,906.08986
2015,02,6,3,903.45276
2015,02,6,4,902.91039
2015,02,6,5,902.02459
2015,02,6,6,901.35546
2015,02,6,7,902.93678
2015,02,7,0,902.54707
2015,02,7,1,902.22033
2015,02,7,2,903.30046
2015,02,7,3,904.40224
2015,02,7,4,905.77779
2015,02,7,5,906.64683
2015,02,7,6,906.91096
2015,02,7,7,907.5962
2015,02,8,0,907.546
2015,02,8,1,907.59505
2015,02,8,2,909.67241
2015,02,8,3,911.46216
2015,02,8,4,912.42829
2015,02,8,5,912.45396
2015,02,8,6,911.7269
2015,02,8,7,911.1314
2015,02,9,0,910.8968
2015,02,9,1,910.47478
2015,02,9,2,911.14657
2015,02,9,3,911.19591
2015,02,9,4,910.14518
2015,02,9,5,909.29217
2015,02,9,6,908.24967
2015,02,9,7,907.71737
2015,02,10,0,907.13917
2015,02,10,1,906.74902
2015,02,10,2,907.69844
2015,02,10,3,907.83739
2015,02,10,4,907.059
2015,02,10,5,905.82109
2015,02,10,6,904.5313
2015,02,10,7,903.6713
2015,02,11,0,903.47936
2015,02,11,1,903.28522
2015,02,11,2,903.62007
2015,02,11,3,903.10924
2015,02,11,4,875.23633
2015,02,11,5,874.95088
2015,02,11,6,874.80836
2015,02,11,7,874.73612
2015,02,12,0,874.74422
2015,02,12,1,874.39093
2015,02,12,2,874.30133
2015,02,12,3,873.72752
2015,02,12,4,903.27819
2015,02,12,5,903.19961
2015,02,12,6,903.86076
2015,02,12,7,904.16223
2015,02,13,0,903.08886
2015,02,13,1,902.73785
2015,02,13,2,903.10276
2015,02,13,3,902.73001
2015,02,13,4,873.3046
2015,02,13,5,872.29429
2015,02,13,6,870.19816
2015,02,13,7,868.02973
2015,02,14,0,867.85648
2015,02,14,1,868.10581
2015,02,14,2,867.52731
2015,02,14,3,867.54054
2015,02,14,4,869.60622
2015,02,14,5,904.73596
2015,02,14,6,906.17994
2015,02,14,7,907.06368
2015,02,15,0,908.80693
2015,02,15,1,910.7891
2015,02,15,2,910.04634
2015,02,15,3,909.27769
2015,02,15,4,910.04229
2015,02,15,5,910.31338
2015,02,15,6,909.78779
2015,02,15,7,909.15978
2015,02,16,0,908.7227
2015,02,16,1,908.39697
2015,02,16,2,909.90181
2015,02,16,3,909.98842
2015,02,16,4,910.83679
2015,02,16,5,911.44696
2015,02,16,6,911.41114
2015,02,16,7,911.2052
2015,02,17,0,911.70525
2015,02,17,1,911.27241
2015,02,17,2,911.32884
2015,02,17,3,912.03647
2015,02,17,4,911.44134
2015,02,17,5,909.75393
2015,02,17,6,909.24948
2015,02,17,7,908.79091
2015,02,18,0,908.60072
2015,02,18,1,908.83196
2015,02,18,2,908.97183
2015,02,18,3,909.66955
2015,02,18,4,908.94732
2015,02,18,5,907.87394
2015,02,18,6,908.01501
2015,02,18,7,906.74098
2015,02,19,0,904.70857
2015,02,19,1,902.8098
2015,02,19,2,903.67102
2015,02,19,3,905.0888
2015,02,19,4,906.01252
2015,02,19,5,906.27683
2015,02,19,6,906.87631
2015,02,19,7,907.17199
2015,02,20,0,906.27966
2015,02,20,1,905.99256
2015,02,20,2,906.9396
2015,02,20,3,908.38879
2015,02,20,4,908.81767
2015,02,20,5,909.33931
2015,02,20,6,909.34216
2015,02,20,7,909.03473
2015,02,21,0,910.47557
2015,02,21,1,912.05782
2015,02,21,2,912.6085
2015,02,21,3,913.07098
2015,02,21,4,913.46099
2015,02,21,5,913.7004
2015,02,21,6,914.4254
2015,02,21,7,914.96293
2015,02,22,0,914.50815
2015,02,22,1,914.42873
2015,02,22,2,915.02588
2015,02,22,3,914.99208
2015,02,22,4,914.79639
2015,02,22,5,914.28871
2015,02,22,6,913.10794
2015,02,22,7,912.30949
2015,02,23,0,912.80668
2015,02,23,1,913.06784
2015,02,23,2,913.68529
2015,02,23,3,913.16578
2015,02,23,4,912.30629
2015,02,23,5,911.97897
2015,02,23,6,911.41145
2015,02,23,7,911.497
2015,02,24,0,913.30792
2015,02,24,1,915.20053
2015,02,24,2,916.44092
2015,02,24,3,916.78085
2015,02,24,4,916.88978
2015,02,24,5,916.47414
2015,02,24,6,915.82263
2015,02,24,7,914.88635
2015,02,25,0,914.88971
2015,02,25,1,914.56041
2015,02,25,2,913.51469
2015,02,25,3,912.9865
2015,02,25,4,913.06056
2015,02,25,5,913.30534
2015,02,25,6,913.4859
2015,02,25,7,913.51116
2015,02,26,0,913.89188
2015,02,26,1,913.84484
2015,02,26,2,915.30125
2015,02,26,3,915.2596
2015,02,26,4,913.70359
2015,02,26,5,912.68681
2015,02,26,6,911.78927
2015,02,26,7,911.73357
2015,02,27,0,910.8961
2015,02,27,1,909.56586
2015,02,27,2,909.62566
2015,02,27,3,910.11639
2015,02,27,4,909.29205
2015,02,27,5,908.9515
2015,02,27,6,909.24848
2015,02,27,7,909.34954
2015,02,28,0,909.42213
2015,02,28,1,909.94078
2015,02,28,2,910.95926
2015,02,28,3,911.64474
2015,02,28,4,911.405
2015,02,28,5,911.12898
2015,02,28,6,913.22445
2015,02,28,7,915.26505
2015,02,29,0,917.79864
2015,02,29,1,920.38605
2015,02,29,2,921.46752
2015,02,29,3,920.76984
2015,02,29,4,918.6244
2015,02,29,5,915.15142
2015,02,29,6,914.36692
2015,02,29,7,914.71391
2015,02,30,0,913.32928
2015,02,30,1,912.04458
2015,02,30,2,913.78987
2015,02,30,3,915.85419
2015,02,30,4,915.62969
2015,02,30,5,915.67402
2015,02,30,6,916.3838
2015,02,30,7,915.25504
2015,02,1,0,916.10418
2015,02,1,1,917.60483
2015,02,1,2,918.58259
2015,02,1,3,921.78164
2015,02,1,4,921.11783
2015,02,1,5,920.7535
2015,02,1,6,922.32764
2015,02,1,7,922.25276
2015,02,2,0,922.28435
2015,02,2,1,922.46471
2015,02,2,2,923.28028
2015,02,2,3,923.24705
2015,02,2,4,921.39243
2015,02,2,5,919.01544
2015,02,2,6,917.22382
2015,02,2,7,915.43005
2015,02,3,0,913.78955
2015,02,3,1,912.90194
2015,02,3,2,912.95166
2015,02,3,3,913.73034
2015,02,3,4,913.5563
2015,02,3,5,913.30625
2015,02,3,6,914.60043
2015,02,3,7,916.54877
2015,02,4,0,918.17844
2015,02,4,1,918.15949
2015,02,4,2,917.97043
2015,02,4,3,918.22797
2015,02,4,4,917.85936
2015,02,4,5,917.26848
2015,02,4,6,915.51175
2015,02,4,7,911.53968
2015,02,5,0,910.84951
2015,02,5,1,909.71745
2015,02,5,2,910.03198
2015,02,5,3,910.92759
2015,02,5,4,912.57472
2015,02,5,5,914.66646
2015,02,5,6,918.10229
2015,02,5,7,920.84886
2015,02,6,0,921.92915
2015,02,6,1,922.14336
2015,02,6,2,922.01794
2015,02,6,3,921.61268
2015,02,6,4,919.16776
2015,02,6,5,916.19296
2015,02,6,6,915.60976
2015,02,6,7,915.00705
2015,02,7,0,913.31286
2015,02,7,1,912.74175
2015,02,7,2,912.10303
2015,02,7,3,912.24787
2015,02,7,4,912.02196
2015,02,7,5,911.95812
2015,02,7,6,910.80217
2015,02,7,7,909.66504
2015,02,8,0,909.58241
2015,02,8,1,909.07326
2015,02,8,2,909.0699
2015,02,8,3,910.10855
2015,02,8,4,910.92658
2015,02,8,5,911.54758
2015,02,8,6,911.10665
2015,02,8,7,910.50775
2015,02,9,0,911.8475
2015,02,9,1,913.19664
2015,02,9,2,911.88795
2015,02,9,3,909.12755
2015,02,9,4,910.52926
2015,02,9,5,913.00723
2015,02,9,6,913.91346
2015,02,9,7,912.8938
2015,02,10,0,911.5072
2015,02,10,1,911.41806
2015,02,10,2,911.57693
2015,02,10,3,911.07335
2015,02,10,4,910.46406
2015,02,10,5,909.69706
2015,02,10,6,910.3074
2015,02,10,7,910.58356
2015,02,11,0,910.54908
2015,02,11,1,909.98283
2015,02,11,2,911.31196
2015,02,11,3,912.42342
2015,02,11,4,912.90591
2015,02,11,5,912.54384
2015,02,11,6,913.80979
2015,02,11,7,914.80374
2015,02,12,0,914.18463
2015,02,12,1,913.77527
2015,02,12,2,913.27517
2015,02,12,3,912.25753
2015,02,12,4,911.2293
2015,02,12,5,910.26647
2015,02,12,6,909.18034
2015,02,12,7,907.85599
2015,02,13,0,906.11336
2015,02,13,1,905.19253
2015,02,13,2,906.45563
2015,02,13,3,908.20043
2015,02,13,4,909.18889
2015,02,13,5,909.65287
2015,02,13,6,911.53604
2015,02,13,7,911.65625
2015,02,14,0,910.67294
2015,02,14,1,910.84914
2015,02,14,2,910.57643
2015,02,14,3,910.3988
2015,02,14,4,911.38367
2015,02,14,5,911.5972
2015,02,14,6,911.8434
2015,02,14,7,911.77531
2015,02,15,0,910.65695
2015,02,15,1,909.4117
2015,02,15,2,909.32534
2015,02,15,3,909.3894
2015,02,15,4,908.78457
2015,02,15,5,907.16125
2015,02,15,6,906.69821
2015,02,15,7,906.03743
2015,02,16,0,904.49174
2015,02,16,1,903.57341
2015,02,16,2,903.5432
2015,02,16,3,903.07819
2015,02,16,4,904.67067
2015,02,16,5,905.40872
2015,02,16,6,906.62112
2015,02,16,7,907.6736
2015,02,17,0,907.71434
2015,02,17,1,908.03277
2015,02,17,2,909.6872
2015,02,17,3,910.93782
2015,02,17,4,910.72142
2015,02,17,5,911.19079
2015,02,17,6,912.34764
2015,02,17,7,912.77294
2015,02,18,0,912.92848
2015,02,18,1,913.47286
2015,02,18,2,913.90753
2015,02,18,3,914.4446
2015,02,18,4,914.66284
2015,02,18,5,914.79802
2015,02,18,6,914.93524
2015,02,18,7,914.96137
2015,02,19,0,914.54826
2015,02,19,1,914.17871
2015,02,19,2,914.91815
2015,02,19,3,915.38793
2015,02,19,4,914.30144
2015,02,19,5,913.43251
2015,02,19,6,913.37036
2015,02,19,7,913.63239
2015,02,20,0,914.51055
2015,02,20,1,914.72559
2015,02,20,2,916.88472
2015,02,20,3,919.87128
2015,02,20,4,920.52039
2015,02,20,5,920.26519
2015,02,20,6,919.55828
2015,02,20,7,918.22764
2015,02,21,0,916.83624
2015,02,21,1,914.91193
2015,02,21,2,913.5659
2015,02,21,3,912.77048
2015,02,21,4,910.86635
2015,02,21,5,909.1129
2015,02,21,6,908.55405
2015,02,21,7,908.90643
2015,02,22,0,909.95289
2015,02,22,1,911.22988
2015,02,22,2,913.4081
2015,02,22,3,915.57117
2015,02,22,4,915.37047
2015,02,22,5,914.44068
2015,02,22,6,914.74513
2015,02,22,7,915.68275
2015,02,23,0,916.94468
2015,02,23,1,916.86474
2015,02,23,2,916.19435
2015,02,23,3,916.36482
2015,02,23,4,917.70189
2015,02,23,5,918.44526
2015,02,23,6,919.60286
2015,02,23,7,919.49001
2015,02,24,0,918.53324
2015,02,24,1,918.12466
2015,02,24,2,917.00627
2015,02,24,3,916.11766
2015,02,24,4,916.02489
2015,02,24,5,915.71875
2015,02,24,6,915.26233
2015,02,24,7,914.29223
2015,02,25,0,912.62842
2015,02,25,1,911.5207
2015,02,25,2,911.15861
2015,02,25,3,910.07473
2015,02,25,4,909.25306
2015,02,25,5,908.53003
2015,02,25,6,908.0844
2015,02,25,7,906.69345
2015,02,26,0,906.28248
2015,02,26,1,906.89264
2015,02,26,2,908.28322
2015,02,26,3,908.83603
2015,02,26,4,908.0909
2015,02,26,5,906.83552
2015,02,26,6,907.31735
2015,02,26,7,907.39372
2015,02,27,0,906.85796
2015,02,27,1,906.64841
2015,02,27,2,907.0159
2015,02,27,3,907.43768
2015,02,27,4,907.72132
2015,02,27,5,907.78664
2015,02,27,6,907.49761
2015,02,27,7,907.12532
2015,02,28,0,906.49405
2015,02,28,1,906.31453
2015,02,28,2,907.43072
2015,02,28,3,908.11143
2015,02,28,4,908.00033
2015,02,28,5,908.13061
2015,02,28,6,909.03982
2015,02,28,7,910.00163
2015,02,29,0,908.86952
2015,02,29,1,907.72254
2015,02,29,2,908.81442
2015,02,29,3,909.40277
2015,02,29,4,908.14118
2015,02,29,5,907.55866
2015,02,29,6,908.97161
2015,02,29,7,909.28286
2015,02,30,0,907.1916
2015,02,30,1,905.61066
2015,02,30,2,907.08773
2015,02,30,3,908.3158
2015,02,30,4,907.46298
2015,02,30,5,906.89984
2015,02,30,6,908.07067
2015,02,30,7,908.63082
2015,02,31,0,907.26309
2015,02,31,1,905.97466
2015,02,31,2,906.31374
2015,02,31,3,906.14613
2015,02,31,4,905.31072
2015,02,31,5,904.94199
2015,02,31,6,905.9365
2015,02,31,7,907.21819
2015,02,1,0,906.99419
2015,02,1,1,906.80573
2015,02,1,2,908.53704
2015,02,1,3,909.51488
2015,02,1,4,907.68768
2015,02,1,5,906.12525
2015,02,1,6,906.59571
2015,02,1,7,906.71994
2015,02,2,0,906.69435
2015,02,2,1,906.8807
2015,02,2,2,907.21705
2015,02,2,3,907.32134
2015,02,2,4,907.05373
2015,02,2,5,907.41519
2015,02,2,6,908.05953
2015,02,2,7,909.2897
2015,02,3,0,909.79754
2015,02,3,1,909.3572
2015,02,3,2,910.38296
2015,02,3,3,912.09831
2015,02,3,4,911.66498
2015,02,3,5,911.04202
2015,02,3,6,912.34534
2015,02,3,7,913.28099
2015,02,4,0,913.01774
2015,02,4,1,912.82314
2015,02,4,2,913.93562
2015,02,4,3,915.09525
2015,02,4,4,913.6142
2015,02,4,5,911.87245
2015,02,4,6,912.01935
2015,02,4,7,911.76115
2015,02,5,0,911.86262
2015,02,5,1,911.44721
2015,02,5,2,909.60562
2015,02,5,3,908.2445
2015,02,5,4,906.97723
2015,02,5,5,906.13505
2015,02,5,6,907.0304
2015,02,5,7,907.43815
2015,02,6,0,908.59269
2015,02,6,1,909.44122
2015,02,6,2,909.62641
2015,02,6,3,910.61934
2015,02,6,4,909.86549
2015,02,6,5,908.13176
2015,02,6,6,908.80803
2015,02,6,7,910.15684
2015,02,7,0,910.6859
2015,02,7,1,911.18954
2015,02,7,2,912.76417
2015,02,7,3,914.56939
2015,02,7,4,914.28407
2015,02,7,5,913.79749
2015,02,7,6,915.56996
2015,02,7,7,917.57463
2015,02,8,0,916.9578
2015,02,8,1,915.46406
2015,02,8,2,915.57491
2015,02,8,3,914.90311
2015,02,8,4,913.58396
2015,02,8,5,912.66384
2015,02,8,6,912.48069
2015,02,8,7,910.85679
2015,02,9,0,903.89454
2015,02,9,1,899.70144
2015,02,9,2,902.07774
2015,02,9,3,904.7975
2015,02,9,4,903.32117
2015,02,9,5,901.9298
2015,02,9,6,904.19203
2015,02,9,7,906.52501
2015,02,10,0,907.77372
2015,02,10,1,908.64254
2015,02,10,2,913.38136
2015,02,10,3,918.63805
2015,02,10,4,919.5328
2015,02,10,5,920.25204
2015,02,10,6,920.94824
2015,02,10,7,920.07513
2015,02,11,0,920.20046
2015,02,11,1,919.22426
2015,02,11,2,918.9025
2015,02,11,3,918.49408
2015,02,11,4,916.13452
2015,02,11,5,914.46893
2015,02,11,6,915.76491
2015,02,11,7,916.95112
2015,02,12,0,916.32797
2015,02,12,1,915.51856
2015,02,12,2,914.9093
2015,02,12,3,914.96046
2015,02,12,4,915.72328
2015,02,12,5,914.24034
2015,02,12,6,911.65419
2015,02,12,7,909.5012
2015,02,13,0,909.00543
2015,02,13,1,911.04871
2015,02,13,2,914.58187
2015,02,13,3,917.56696
2015,02,13,4,914.02352
2015,02,13,5,911.51681
2015,02,13,6,914.81253
2015,02,13,7,916.99218
2015,02,14,0,916.08883
2015,02,14,1,914.90959
2015,02,14,2,916.81876
2015,02,14,3,918.56386
2015,02,14,4,916.87568
2015,02,14,5,915.59962
2015,02,14,6,918.05656
2015,02,14,7,920.0872
2015,02,15,0,920.64167
2015,02,15,1,920.75006
2015,02,15,2,921.12161
2015,02,15,3,921.2206
2015,02,15,4,920.13064
2015,02,15,5,918.45955
2015,02,15,6,917.06262
2015,02,15,7,915.33694
2015,02,16,0,913.14109
2015,02,16,1,911.124
2015,02,16,2,910.67029
2015,02,16,3,910.67291
2015,02,16,4,909.73812
2015,02,16,5,909.41085
2015,02,16,6,911.67156
2015,02,16,7,913.75304
2015,02,17,0,915.19799
2015,02,17,1,915.57889
2015,02,17,2,917.23076
2015,02,17,3,918.78983
2015,02,17,4,918.22735
2015,02,17,5,916.3596
2015,02,17,6,916.36086
2015,02,17,7,918.45346
2015,02,18,0,917.74945
2015,02,18,1,916.72338
2015,02,18,2,917.9838
2015,02,18,3,918.9807
2015,02,18,4,919.24272
2015,02,18,5,918.15685
2015,02,18,6,917.10437
2015,02,18,7,915.67723
2015,02,19,0,913.20594
2015,02,19,1,910.57343
2015,02,19,2,909.32194
2015,02,19,3,908.96948
2015,02,19,4,907.93303
2015,02,19,5,906.21606
2015,02,19,6,907.71217
2015,02,19,7,909.56692
2015,02,20,0,910.52723
2015,02,20,1,911.61156
2015,02,20,2,912.13925
2015,02,20,3,911.93866
2015,02,20,4,909.76896
2015,02,20,5,907.66535
2015,02,20,6,906.45697
2015,02,20,7,905.25436
2015,02,21,0,904.714
2015,02,21,1,903.82087
2015,02,21,2,903.42234
2015,02,21,3,903.48113
2015,02,21,4,901.94592
2015,02,21,5,900.70665
2015,02,21,6,901.30011
2015,02,21,7,902.07065
2015,02,22,0,902.25634
2015,02,22,1,902.61943
2015,02,22,2,904.1406
2015,02,22,3,905.11075
2015,02,22,4,906.85267
2015,02,22,5,908.59666
2015,02,22,6,909.77303
2015,02,22,7,911.63993
2015,02,23,0,913.68718
2015,02,23,1,914.50703
2015,02,23,2,914.9305
2015,02,23,3,914.57313
2015,02,23,4,913.79138
2015,02,23,5,913.75392
2015,02,23,6,913.24155
2015,02,23,7,913.30375
2015,02,24,0,915.05166
2015,02,24,1,916.38079
2015,02,24,2,917.87911
2015,02,24,3,917.60314
2015,02,24,4,915.33306
2015,02,24,5,913.79985
2015,02,24,6,914.05604
2015,02,24,7,914.7769
2015,02,25,0,914.05412
2015,02,25,1,913.64094
2015,02,25,2,914.0805
2015,02,25,3,912.44138
2015,02,25,4,910.94725
2015,02,25,5,911.0355
2015,02,25,6,911.77762
2015,02,25,7,911.36862
2015,02,26,0,908.5409
2015,02,26,1,907.85562
2015,02,26,2,908.8299
2015,02,26,3,908.84282
2015,02,26,4,909.35757
2015,02,26,5,909.13888
2015,02,26,6,909.19842
2015,02,26,7,909.62723
2015,02,27,0,909.50445
2015,02,27,1,908.88556
2015,02,27,2,908.27581
2015,02,27,3,908.52834
2015,02,27,4,908.08262
2015,02,27,5,907.28083
2015,02,27,6,907.67937
2015,02,27,7,907.77503
2015,02,28,0,906.71025
2015,02,28,1,905.20545
2015,02,28,2,904.86881
2015,02,28,3,904.47752
2015,02,28,4,903.19806
2015,02,28,5,901.45378
2015,02,28,6,901.38271
2015,02,28,7,901.94313
2015,02,29,0,902.09654
2015,02,29,1,902.48639
2015,02,29,2,903.36541
2015,02,29,3,903.54543
2015,02,29,4,902.93075
2015,02,29,5,903.42483
2015,02,29,6,905.72578
2015,02,29,7,907.33399
2015,02,30,0,906.6848
2015,02,30,1,905.57933
2015,02,30,2,907.82155
2015,02,30,3,909.41083
2015,02,30,4,908.26728
2015,02,30,5,907.30773
2015,02,30,6,907.9074
2015,02,30,7,908.4195
2015,02,1,0,907.94737
2015,02,1,1,907.00638
2015,02,1,2,906.45986
2015,02,1,3,906.32878
2015,02,1,4,906.48933
2015,02,1,5,906.54905
2015,02,1,6,907.54817
2015,02,1,7,908.33649
2015,02,2,0,907.57202
2015,02,2,1,906.76907
2015,02,2,2,908.82463
2015,02,2,3,910.63436
2015,02,2,4,909.98714
2015,02,2,5,909.7063
2015,02,2,6,910.87353
2015,02,2,7,911.58692
2015,02,3,0,910.91314
2015,02,3,1,911.42668
2015,02,3,2,914.09809
2015,02,3,3,914.34121
2015,02,3,4,914.32332
2015,02,3,5,914.51505
2015,02,3,6,914.64951
2015,02,3,7,914.32385
2015,02,4,0,913.16429
2015,02,4,1,912.39219
2015,02,4,2,912.06307
2015,02,4,3,911.77571
2015,02,4,4,911.87487
2015,02,4,5,912.14252
2015,02,4,6,913.28979
2015,02,4,7,914.36939
2015,02,5,0,912.94781
2015,02,5,1,911.15518
2015,02,5,2,912.73879
2015,02,5,3,913.80134
2015,02,5,4,914.65886
2015,02,5,5,916.08742
2015,02,5,6,918.18829
2015,02,5,7,920.55334
2015,02,6,0,920.70886
2015,02,6,1,919.10702
2015,02,6,2,917.39541
2015,02,6,3,916.32213
2015,02,6,4,913.81576
2015,02,6,5,910.97931
2015,02,6,6,911.63017
2015,02,6,7,913.06222
2015,02,7,0,912.91178
2015,02,7,1,911.65608
2015,02,7,2,910.99678
2015,02,7,3,910.92487
2015,02,7,4,911.47762
2015,02,7,5,911.94317
2015,02,7,6,913.47153
2015,02,7,7,915.06785
2015,02,8,0,916.09474
2015,02,8,1,916.41822
2015,02,8,2,917.08808
2015,02,8,3,918.08738
2015,02,8,4,918.52723
2015,02,8,5,918.35923
2015,02,8,6,918.74474
2015,02,8,7,918.78054
2015,02,9,0,919.4229
2015,02,9,1,919.55756
2015,02,9,2,919.05445
2015,02,9,3,918.64596
2015,02,9,4,918.26783
2015,02,9,5,917.84311
2015,02,9,6,917.83852
2015,02,9,7,917.88393
2015,02,10,0,918.23171
2015,02,10,1,917.98835
2015,02,10,2,916.54038
2015,02,10,3,915.11643
2015,02,10,4,914.76395
2015,02,10,5,914.50397
2015,02,10,6,914.25349
2015,02,10,7,914.35018
2015,02,11,0,914.51256
2015,02,11,1,914.71754
2015,02,11,2,915.36679
2015,02,11,3,915.50557
2015,02,11,4,914.15696
2015,02,11,5,912.54014
2015,02,11,6,912.71141
2015,02,11,7,913.18063
2015,02,12,0,913.63731
2015,02,12,1,914.36457
2015,02,12,2,913.53647
2015,02,12,3,912.82247
2015,02,12,4,912.94631
2015,02,12,5,913.35235
2015,02,12,6,913.61466
2015,02,12,7,913.98374
2015,02,13,0,914.2808
2015,02,13,1,914.90015
2015,02,13,2,916.4142
2015,02,13,3,917.724
2015,02,13,4,918.26275
2015,02,13,5,918.46012
2015,02,13,6,918.12916
2015,02,13,7,917.87354
2015,02,14,0,918.60542
2015,02,14,1,919.29989
2015,02,14,2,919.26913
2015,02,14,3,918.79684
2015,02,14,4,919.25509
2015,02,14,5,919.44329
2015,02,14,6,919.11586
2015,02,14,7,919.36036
2015,02,15,0,920.2727
2015,02,15,1,920.89264
2015,02,15,2,921.481
2015,02,15,3,921.14708
2015,02,15,4,919.47237
2015,02,15,5,917.83324
2015,02,15,6,917.76807
2015,02,15,7,917.81375
2015,02,16,0,916.80272
2015,02,16,1,915.33766
2015,02,16,2,914.80082
2015,02,16,3,914.27545
2015,02,16,4,913.05573
2015,02,16,5,911.69688
2015,02,16,6,911.48416
2015,02,16,7,911.12202
2015,02,17,0,910.67565
2015,02,17,1,910.31888
2015,02,17,2,911.48344
2015,02,17,3,912.23966
2015,02,17,4,912.13589
2015,02,17,5,911.54897
2015,02,17,6,911.48525
2015,02,17,7,911.00329
2015,02,18,0,909.80375
2015,02,18,1,908.3943
2015,02,18,2,908.01749
2015,02,18,3,907.53869
2015,02,18,4,905.36644
2015,02,18,5,903.50775
2015,02,18,6,904.01907
2015,02,18,7,904.78896
2015,02,19,0,903.86833
2015,02,19,1,902.68077
2015,02,19,2,903.65895
2015,02,19,3,904.49775
2015,02,19,4,903.51041
2015,02,19,5,902.6952
2015,02,19,6,904.14352
2015,02,19,7,905.51868
2015,02,20,0,905.85304
2015,02,20,1,906.00241
2015,02,20,2,907.44387
2015,02,20,3,909.46007
2015,02,20,4,910.74655
2015,02,20,5,911.53951
2015,02,20,6,912.92701
2015,02,20,7,914.298
2015,02,21,0,915.42748
2015,02,21,1,915.67288
2015,02,21,2,914.66419
2015,02,21,3,913.14437
2015,02,21,4,912.54259
2015,02,21,5,912.22603
2015,02,21,6,913.49016
2015,02,21,7,914.56158
2015,02,22,0,914.19366
2015,02,22,1,913.44362
2015,02,22,2,913.74901
2015,02,22,3,914.02305
2015,02,22,4,913.89499
2015,02,22,5,914.41747
2015,02,22,6,915.15786
2015,02,22,7,915.7043
2015,02,23,0,916.27877
2015,02,23,1,916.83594
2015,02,23,2,917.83078
2015,02,23,3,918.12886
2015,02,23,4,917.90534
2015,02,23,5,917.5863
2015,02,23,6,917.50471
2015,02,23,7,916.96069
2015,02,24,0,916.46723
2015,02,24,1,915.44554
2015,02,24,2,914.3164
2015,02,24,3,912.81511
2015,02,24,4,910.82243
2015,02,24,5,908.59334
2015,02,24,6,907.48601
2015,02,24,7,907.1376
2015,02,25,0,907.5628
2015,02,25,1,908.25311
2015,02,25,2,909.30083
2015,02,25,3,910.288
2015,02,25,4,911.30074
2015,02,25,5,912.00846
2015,02,25,6,912.39154
2015,02,25,7,912.62058
2015,02,26,0,914.23183
2015,02,26,1,915.40609
2015,02,26,2,915.4992
2015,02,26,3,915.62962
2015,02,26,4,916.48218
2015,02,26,5,917.08092
2015,02,26,6,917.32399
2015,02,26,7,917.57005
2015,02,27,0,918.16497
2015,02,27,1,918.11571
2015,02,27,2,917.39369
2015,02,27,3,916.63767
2015,02,27,4,916.00017
2015,02,27,5,915.20216
2015,02,27,6,914.10206
2015,02,27,7,913.36174
2015,02,28,0,912.85729
2015,02,28,1,911.99866
2015,02,28,2,911.54452
2015,02,28,3,910.88479
2015,02,28,4,910.41293
2015,02,28,5,909.74608
2015,02,28,6,909.08256
2015,02,28,7,909.1015
2015,02,29,0,909.07471
2015,02,29,1,908.59646
2015,02,29,2,909.77088
2015,02,29,3,911.00375
2015,02,29,4,910.87087
2015,02,29,5,910.57017
2015,02,29,6,911.27605
2015,02,29,7,912.33715
2015,02,30,0,912.85254
2015,02,30,1,912.84736
2015,02,30,2,913.49742
2015,02,30,3,913.66491
2015,02,30,4,913.47737
2015,02,30,5,913.09036
2015,02,30,6,912.34222
2015,02,30,7,911.50254
2015,02,31,0,910.88538
2015,02,31,1,909.93517
2015,02,31,2,909.02842
2015,02,31,3,908.56116
2015,02,31,4,907.90286
2015,02,31,5,907.2095
2015,02,31,6,907.47457
2015,02,31,7,907.58336
2016,02,1,0,906.6389
2016,02,1,1,905.83698
2016,02,1,2,906.48464
2016,02,1,3,907.56935
2016,02,1,4,907.36605
2016,02,1,5,907.06704
2016,02,1,6,908.87363
2016,02,1,7,910.45973
2016,02,5,0,902.79153
2016,02,5,1,902.15163
2016,02,5,2,901.3505
2016,02,5,3,900.77859
2016,02,5,4,901.03493
2016,02,5,5,901.32418
2016,02,5,6,902.17127
2016,02,5,7,903.44572
2016,02,6,0,903.80911
2016,02,6,1,904.00539
2016,02,6,2,904.55561
2016,02,6,3,905.08456
2016,02,6,4,905.57465
2016,02,6,5,906.10401
2016,02,6,6,907.02821
2016,02,6,7,907.76779
2016,02,7,0,908.20499
2016,02,7,1,908.23054
2016,02,7,2,908.35496
2016,02,7,3,908.633
2016,02,7,4,908.91412
2016,02,7,5,909.16161
2016,02,7,6,909.00828
2016,02,7,7,908.92503
2016,02,8,0,908.71954
2016,02,8,1,908.43673
2016,02,8,2,908.69363
2016,02,8,3,908.76744
2016,02,8,4,908.89576
2016,02,8,5,909.1371
2016,02,8,6,909.11163
2016,02,8,7,909.49548
2016,02,9,0,909.99801
2016,02,9,1,910.31894
2016,02,9,2,910.67467
2016,02,9,3,911.21109
2016,02,9,4,912.29367
2016,02,9,5,913.21171
2016,02,9,6,913.93177
2016,02,9,7,914.9233
2016,02,10,0,916.21027
2016,02,10,1,916.75236
2016,02,10,2,916.5744
2016,02,10,3,917.00924
2016,02,10,4,917.96394
2016,02,10,5,918.66617
2016,02,10,6,918.99263
2016,02,10,7,919.02615
2016,02,11,0,918.8423
2016,02,11,1,917.53892
2016,02,11,2,917.3441
2016,02,11,3,917.08597
2016,02,11,4,916.72525
2016,02,11,5,916.40853
2016,02,11,6,916.23758
2016,02,11,7,916.09968
2016,02,12,0,916.91548
2016,02,12,1,917.6073
2016,02,12,2,917.07373
2016,02,12,3,916.27963
2016,02,12,4,916.83144
2016,02,12,5,917.62439
2016,02,12,6,917.34976
2016,02,12,7,916.82643
2016,02,13,0,916.76082
2016,02,13,1,916.35119
2016,02,13,2,915.51777
2016,02,13,3,914.76757
2016,02,13,4,913.35706
2016,02,13,5,911.54324
2016,02,13,6,911.15569
2016,02,13,7,910.85211
2016,02,14,0,910.57493
2016,02,14,1,910.34563
2016,02,14,2,910.34775
2016,02,14,3,910.40766
2016,02,14,4,908.63774
2016,02,14,5,907.35155
2016,02,14,6,907.36192
2016,02,14,7,906.8006
2016,02,15,0,905.41307
2016,02,15,1,904.60693
2016,02,15,2,905.12733
2016,02,15,3,904.89324
2016,02,15,4,904.10993
2016,02,15,5,903.54348
2016,02,15,6,903.24412
2016,02,15,7,903.05122
2016,02,16,0,902.23581
2016,02,16,1,901.35305
2016,02,16,2,901.18937
2016,02,16,3,901.29588
2016,02,16,4,902.3188
2016,02,16,5,903.084
2016,02,16,6,903.35112
2016,02,16,7,903.035
2016,02,17,0,903.47582
2016,02,17,1,904.36321
2016,02,17,2,904.81404
2016,02,17,3,904.8015
2016,02,17,4,905.69689
2016,02,17,5,906.86703
2016,02,17,6,906.80473
2016,02,17,7,906.93803
2016,02,18,0,906.80229
2016,02,18,1,905.59773
2016,02,18,2,905.60495
2016,02,18,3,906.05208
2016,02,18,4,906.50651
2016,02,18,5,906.7256
2016,02,18,6,906.91313
2016,02,18,7,907.36991
2016,02,19,0,907.15089
2016,02,19,1,906.28689
2016,02,19,2,906.31359
2016,02,19,3,906.73176
2016,02,19,4,907.5888
2016,02,19,5,908.32379
2016,02,19,6,908.58926
2016,02,19,7,909.02028
2016,02,20,0,908.63851
2016,02,20,1,907.89557
2016,02,20,2,907.74868
2016,02,20,3,907.4922
2016,02,20,4,907.60689
2016,02,20,5,907.76067
2016,02,20,6,907.89977
2016,02,20,7,908.02445
2016,02,21,0,907.88699
2016,02,21,1,907.45729
2016,02,21,2,906.06629
2016,02,21,3,904.80316
2016,02,21,4,905.70881
2016,02,21,5,906.05872
2016,02,21,6,905.25364
2016,02,21,7,904.89608
2016,02,22,0,904.37252
2016,02,22,1,903.28533
2016,02,22,2,902.793
2016,02,22,3,902.57818
2016,02,22,4,902.24017
2016,02,22,5,902.0926
2016,02,22,6,902.45322
2016,02,22,7,902.19746
2016,02,23,0,902.39117
2016,02,23,1,902.19883
2016,02,23,2,902.05745
2016,02,23,3,902.28407
2016,02,23,4,902.46106
2016,02,23,5,902.64816
2016,02,23,6,903.38174
2016,02,23,7,904.0623
2016,02,24,0,905.24915
2016,02,24,1,906.15382
2016,02,24,2,906.79995
2016,02,24,3,906.96667
2016,02,24,4,907.85628
2016,02,24,5,908.39785
2016,02,24,6,909.02473
2016,02,24,7,909.90301
2016,02,25,0,910.69109
2016,02,25,1,910.97174
2016,02,25,2,911.05188
2016,02,25,3,910.86477
2016,02,25,4,910.16132
2016,02,25,5,909.58739
2016,02,25,6,910.1469
2016,02,25,7,910.23953
2016,02,26,0,909.60457
2016,02,26,1,908.91507
2016,02,26,2,909.23824
2016,02,26,3,909.24299
2016,02,26,4,908.67088
2016,02,26,5,907.8757
2016,02,26,6,907.50556
2016,02,26,7,907.47821
2016,02,27,0,907.45061
2016,02,27,1,907.03886
2016,02,27,2,906.90826
2016,02,27,3,906.46554
2016,02,27,4,906.34068
2016,02,27,5,906.53112
2016,02,27,6,906.49227
2016,02,27,7,906.76992
2016,02,28,0,907.53161
2016,02,28,1,907.73517
2016,02,28,2,908.19808
2016,02,28,3,908.64139
2016,02,28,4,909.31243
2016,02,28,5,909.7898
2016,02,28,6,910.25794
2016,02,28,7,910.7454
2016,02,29,0,911.28762
2016,02,29,1,911.161
2016,02,29,2,911.38739
2016,02,29,3,911.27489
2016,02,29,4,910.46766
2016,02,29,5,909.55661
2016,02,29,6,908.34854
2016,02,29,7,907.42879
2016,02,30,0,907.36902
2016,02,30,1,906.76105
2016,02,30,2,905.49806
2016,02,30,3,904.70956
2016,02,30,4,905.02826
2016,02,30,5,905.30132
2016,02,30,6,905.59996
2016,02,30,7,905.7219
2016,02,31,0,905.75707
2016,02,31,1,905.02467
2016,02,31,2,903.55308
2016,02,31,3,902.0175
2016,02,31,4,903.81566
2016,02,31,5,905.23856
2016,02,31,6,904.29266
2016,02,31,7,903.35739
2016,02,1,0,903.19658
2016,02,1,1,903.15702
2016,02,1,2,903.76253
2016,02,1,3,904.26553
2016,02,1,4,904.3984
2016,02,1,5,904.62572
2016,02,1,6,905.66424
2016,02,1,7,906.47965
2016,02,2,0,907.22371
2016,02,2,1,907.57364
2016,02,2,2,908.07933
2016,02,2,3,908.75151
2016,02,2,4,909.31527
2016,02,2,5,909.57996
2016,02,2,6,909.87916
2016,02,2,7,910.46007
2016,02,3,0,911.27098
2016,02,3,1,911.74534
2016,02,3,2,911.79387
2016,02,3,3,911.34394
2016,02,3,4,911.19307
2016,02,3,5,910.55358
2016,02,3,6,909.88286
2016,02,3,7,909.45447
2016,02,4,0,909.60241
2016,02,4,1,909.75852
2016,02,4,2,909.88217
2016,02,4,3,910.34634
2016,02,4,4,910.06073
2016,02,4,5,909.49289
2016,02,4,6,910.23795
2016,02,4,7,911.33941
2016,02,5,0,911.78949
2016,02,5,1,912.01608
2016,02,5,2,912.41566
2016,02,5,3,912.65486
2016,02,5,4,912.18423
2016,02,5,5,911.36026
2016,02,5,6,911.5323
2016,02,5,7,912.18753
2016,02,6,0,912.351
2016,02,6,1,912.08836
2016,02,6,2,912.31696
2016,02,6,3,912.75968
2016,02,6,4,912.74087
2016,02,6,5,912.65645
2016,02,6,6,912.58291
2016,02,6,7,912.5493
2016,02,7,0,912.04708
2016,02,7,1,911.38896
2016,02,7,2,910.84315
2016,02,7,3,910.45303
2016,02,7,4,910.55215
2016,02,7,5,910.19352
2016,02,7,6,910.30157
2016,02,7,7,910.62351
2016,02,8,0,909.58102
2016,02,8,1,908.6877
2016,02,8,2,909.03972
2016,02,8,3,909.17798
2016,02,8,4,909.02011
2016,02,8,5,909.0339
2016,02,8,6,909.33656
2016,02,8,7,909.52891
2016,02,9,0,908.89721
2016,02,9,1,908.13058
2016,02,9,2,908.39314
2016,02,9,3,908.45422
2016,02,9,4,907.94695
2016,02,9,5,907.51694
2016,02,9,6,907.79548
2016,02,9,7,908.13064
2016,02,10,0,908.67381
2016,02,10,1,909.075
2016,02,10,2,909.3833
2016,02,10,3,909.36532
2016,02,10,4,909.56944
2016,02,10,5,909.33363
2016,02,10,6,908.51356
2016,02,10,7,908.25894
2016,02,11,0,908.1789
2016,02,11,1,907.76372
2016,02,11,2,907.5708
2016,02,11,3,907.41105
2016,02,11,4,907.39403
2016,02,11,5,907.41902
2016,02,11,6,907.96141
2016,02,11,7,908.7841
2016,02,12,0,909.49742
2016,02,12,1,910.15388
2016,02,12,2,911.56157
2016,02,12,3,912.72839
2016,02,12,4,913.46817
2016,02,12,5,914.11828
2016,02,12,6,914.37212
2016,02,12,7,914.45871
2016,02,13,0,914.26382
2016,02,13,1,913.54188
2016,02,13,2,913.376
2016,02,13,3,913.0729
2016,02,13,4,912.56946
2016,02,13,5,912.26506
2016,02,13,6,911.96734
2016,02,13,7,911.49051
2016,02,14,0,911.76374
2016,02,14,1,911.65116
2016,02,14,2,911.82703
2016,02,14,3,912.22169
2016,02,14,4,911.94169
2016,02,14,5,911.85821
2016,02,14,6,912.86093
2016,02,14,7,914.07612
2016,02,15,0,913.17604
2016,02,15,1,911.57409
2016,02,15,2,911.15163
2016,02,15,3,910.87148
2016,02,15,4,910.08561
2016,02,15,5,909.06382
2016,02,15,6,908.91458
2016,02,15,7,908.8945
2016,02,16,0,909.01888
2016,02,16,1,908.75119
2016,02,16,2,908.8733
2016,02,16,3,908.92136
2016,02,16,4,907.89981
2016,02,16,5,906.84179
2016,02,16,6,906.62331
2016,02,16,7,906.26116
2016,02,17,0,905.94087
2016,02,17,1,905.5062
2016,02,17,2,905.84449
2016,02,17,3,905.99788
2016,02,17,4,905.87607
2016,02,17,5,905.53209
2016,02,17,6,904.83111
2016,02,17,7,904.29836
2016,02,18,0,904.68101
2016,02,18,1,904.66381
2016,02,18,2,904.32348
2016,02,18,3,903.99934
2016,02,18,4,902.45524
2016,02,18,5,900.9134
2016,02,18,6,900.67847
2016,02,18,7,900.40404
2016,02,19,0,899.38139
2016,02,19,1,898.69161
2016,02,19,2,899.44455
2016,02,19,3,900.29316
2016,02,19,4,901.49249
2016,02,19,5,902.52589
2016,02,19,6,902.9043
2016,02,19,7,903.52833
2016,02,20,0,904.0498
2016,02,20,1,904.74596
2016,02,20,2,906.12312
2016,02,20,3,907.55933
2016,02,20,4,908.56554
2016,02,20,5,909.79914
2016,02,20,6,911.56435
2016,02,20,7,913.21704
2016,02,21,0,913.78345
2016,02,21,1,913.95724
2016,02,21,2,915.39438
2016,02,21,3,916.85362
2016,02,21,4,917.88242
2016,02,21,5,918.21722
2016,02,21,6,917.84054
2016,02,21,7,917.2585
2016,02,22,0,917.80257
2016,02,22,1,917.54462
2016,02,22,2,916.90563
2016,02,22,3,916.22331
2016,02,22,4,914.49243
2016,02,22,5,912.95995
2016,02,22,6,913.19625
2016,02,22,7,912.53288
2016,02,23,0,911.60034
2016,02,23,1,912.11941
2016,02,23,2,913.33625
2016,02,23,3,913.78049
2016,02,23,4,913.59533
2016,02,23,5,913.60792
2016,02,23,6,914.42848
2016,02,23,7,914.60683
2016,02,24,0,913.77286
2016,02,24,1,912.73322
2016,02,24,2,912.99863
2016,02,24,3,913.71273
2016,02,24,4,913.34904
2016,02,24,5,913.03354
2016,02,24,6,912.94194
2016,02,24,7,912.6761
2016,02,25,0,912.47588
2016,02,25,1,911.50273
2016,02,25,2,912.27942
2016,02,25,3,912.73659
2016,02,25,4,912.05257
2016,02,25,5,911.24661
2016,02,25,6,912.07387
2016,02,25,7,912.22411
2016,02,26,0,910.83882
2016,02,26,1,909.95169
2016,02,26,2,911.14001
2016,02,26,3,912.74856
2016,02,26,4,912.96198
2016,02,26,5,913.1889
2016,02,26,6,914.90246
2016,02,26,7,916.05019
2016,02,27,0,915.95383
2016,02,27,1,915.85523
2016,02,27,2,916.02267
2016,02,27,3,916.09501
2016,02,27,4,917.3046
2016,02,27,5,917.43313
2016,02,27,6,916.65744
2016,02,27,7,916.11994
2016,02,28,0,915.10461
2016,02,28,1,914.17148
2016,02,28,2,913.24276
2016,02,28,3,911.93665
2016,02,28,4,911.0168
2016,02,28,5,910.55523
2016,02,28,6,910.06866
2016,02,28,7,909.49213
2016,02,29,0,908.7551
2016,02,29,1,908.0246
2016,02,29,2,908.79025
2016,02,29,3,908.34172
2016,02,29,4,908.36985
2016,02,29,5,908.90061
2016,02,29,6,909.48791
2016,02,29,7,910.16792
2016,02,1,0,909.59913
2016,02,1,1,908.47411
2016,02,1,2,909.49624
2016,02,1,3,910.08342
2016,02,1,4,909.16627
2016,02,1,5,908.27553
2016,02,1,6,909.19596
2016,02,1,7,909.70057
2016,02,2,0,908.51532
2016,02,2,1,906.73956
2016,02,2,2,906.07181
2016,02,2,3,905.33796
2016,02,2,4,904.74334
2016,02,2,5,903.86302
2016,02,2,6,902.72394
2016,02,2,7,902.08474
2016,02,3,0,901.14741
2016,02,3,1,899.721
2016,02,3,2,899.2259
2016,02,3,3,898.84688
2016,02,3,4,897.94793
2016,02,3,5,897.8358
2016,02,3,6,899.07244
2016,02,3,7,899.93495
2016,02,4,0,899.27224
2016,02,4,1,898.71725
2016,02,4,2,899.31501
2016,02,4,3,899.13183
2016,02,4,4,899.43656
2016,02,4,5,900.02592
2016,02,4,6,900.59492
2016,02,4,7,901.05506
2016,02,5,0,903.43755
2016,02,5,1,905.54988
2016,02,5,2,906.10557
2016,02,5,3,906.74052
2016,02,5,4,906.71948
2016,02,5,5,906.49024
2016,02,5,6,906.20646
2016,02,5,7,906.06832
2016,02,6,0,905.80539
2016,02,6,1,904.95645
2016,02,6,2,904.64504
2016,02,6,3,904.44787
2016,02,6,4,904.86789
2016,02,6,5,905.20419
2016,02,6,6,905.01853
2016,02,6,7,905.03787
2016,02,7,0,903.99858
2016,02,7,1,903.14108
2016,02,7,2,903.63895
2016,02,7,3,903.84981
2016,02,7,4,904.18738
2016,02,7,5,904.4106
2016,02,7,6,904.96206
2016,02,7,7,905.49042
2016,02,8,0,905.80958
2016,02,8,1,905.686
2016,02,8,2,906.24303
2016,02,8,3,907.18517
2016,02,8,4,907.93172
2016,02,8,5,908.44119
2016,02,8,6,909.50566
2016,02,8,7,910.46357
2016,02,9,0,910.34213
2016,02,9,1,910.16458
2016,02,9,2,910.27223
2016,02,9,3,909.84101
2016,02,9,4,911.07555
2016,02,9,5,912.06516
2016,02,9,6,911.7889
2016,02,9,7,911.97747
2016,02,10,0,912.2417
2016,02,10,1,912.06
2016,02,10,2,912.02162
2016,02,10,3,911.85289
2016,02,10,4,911.55049
2016,02,10,5,910.48239
2016,02,10,6,908.87818
2016,02,10,7,907.34843
2016,02,11,0,906.11754
2016,02,11,1,905.52949
2016,02,11,2,904.36237
2016,02,11,3,903.96217
2016,02,11,4,904.35319
2016,02,11,5,904.70188
2016,02,11,6,904.40241
2016,02,11,7,904.32607
2016,02,12,0,904.93611
2016,02,12,1,905.33246
2016,02,12,2,905.95464
2016,02,12,3,906.3665
2016,02,12,4,907.15032
2016,02,12,5,907.10373
2016,02,12,6,906.95788
2016,02,12,7,907.3929
2016,02,13,0,908.49159
2016,02,13,1,908.56007
2016,02,13,2,907.96581
2016,02,13,3,907.22888
2016,02,13,4,907.05807
2016,02,13,5,906.45429
2016,02,13,6,905.71074
2016,02,13,7,905.64432
2016,02,14,0,906.3975
2016,02,14,1,906.86377
2016,02,14,2,907.36803
2016,02,14,3,907.7742
2016,02,14,4,908.44672
2016,02,14,5,908.92223
2016,02,14,6,908.67767
2016,02,14,7,908.20494
2016,02,15,0,907.99218
2016,02,15,1,907.61067
2016,02,15,2,908.16791
2016,02,15,3,909.10382
2016,02,15,4,909.26004
2016,02,15,5,909.00959
2016,02,15,6,908.57652
2016,02,15,7,907.81321
2016,02,16,0,907.36791
2016,02,16,1,906.8811
2016,02,16,2,906.04734
2016,02,16,3,905.43973
2016,02,16,4,905.70524
2016,02,16,5,905.99784
2016,02,16,6,905.81332
2016,02,16,7,905.97645
2016,02,17,0,906.00975
2016,02,17,1,906.29386
2016,02,17,2,907.24833
2016,02,17,3,908.05412
2016,02,17,4,909.11727
2016,02,17,5,909.90941
2016,02,17,6,910.78008
2016,02,17,7,911.51777
2016,02,18,0,911.61336
2016,02,18,1,911.26812
2016,02,18,2,911.59316
2016,02,18,3,911.82664
2016,02,18,4,912.03448
2016,02,18,5,912.28499
2016,02,18,6,912.1859
2016,02,18,7,912.02114
2016,02,19,0,911.16867
2016,02,19,1,909.92275
2016,02,19,2,909.34842
2016,02,19,3,908.64777
2016,02,19,4,907.45932
2016,02,19,5,906.2638
2016,02,19,6,905.57442
2016,02,19,7,905.2873
2016,02,20,0,904.47759
2016,02,20,1,904.07311
2016,02,20,2,904.46349
2016,02,20,3,904.27401
2016,02,20,4,903.35948
2016,02,20,5,902.46218
2016,02,20,6,902.21264
2016,02,20,7,901.1733
2016,02,21,0,900.44723
2016,02,21,1,900.46591
2016,02,21,2,900.48827
2016,02,21,3,900.15695
2016,02,21,4,898.94279
2016,02,21,5,898.95643
2016,02,21,6,900.73862
2016,02,21,7,901.21423
2016,02,22,0,901.54266
2016,02,22,1,902.19795
2016,02,22,2,903.13266
2016,02,22,3,904.16921
2016,02,22,4,905.11433
2016,02,22,5,905.64206
2016,02,22,6,906.60442
2016,02,22,7,907.33517
2016,02,23,0,907.87682
2016,02,23,1,907.57413
2016,02,23,2,908.23331
2016,02,23,3,908.50128
2016,02,23,4,908.29592
2016,02,23,5,908.1472
2016,02,23,6,908.51902
2016,02,23,7,909.02265
2016,02,24,0,908.60541
2016,02,24,1,908.23102
2016,02,24,2,908.5256
2016,02,24,3,908.71375
2016,02,24,4,909.58101
2016,02,24,5,910.07516
2016,02,24,6,909.4809
2016,02,24,7,909.21226
2016,02,25,0,909.02733
2016,02,25,1,908.44351
2016,02,25,2,908.1653
2016,02,25,3,907.53791
2016,02,25,4,907.76028
2016,02,25,5,908.09335
2016,02,25,6,907.36337
2016,02,25,7,906.70289
2016,02,26,0,905.49867
2016,02,26,1,904.38177
2016,02,26,2,904.36055
2016,02,26,3,904.2131
2016,02,26,4,904.2468
2016,02,26,5,904.52258
2016,02,26,6,904.00578
2016,02,26,7,903.77382
2016,02,27,0,904.07123
2016,02,27,1,904.72456
2016,02,27,2,904.97026
2016,02,27,3,905.01482
2016,02,27,4,905.88577
2016,02,27,5,906.82977
2016,02,27,6,907.89603
2016,02,27,7,908.88069
2016,02,28,0,909.631
2016,02,28,1,910.13755
2016,02,28,2,910.78202
2016,02,28,3,910.93918
2016,02,28,4,911.26753
2016,02,28,5,911.37695
2016,02,28,6,911.57566
2016,02,28,7,912.40248
2016,02,29,0,912.00795
2016,02,29,1,911.75558
2016,02,29,2,911.99066
2016,02,29,3,912.10498
2016,02,29,4,912.46306
2016,02,29,5,911.84991
2016,02,29,6,911.09192
2016,02,29,7,910.89821
2016,02,30,0,908.89212
2016,02,30,1,906.00462
2016,02,30,2,903.79592
2016,02,30,3,902.6212
2016,02,30,4,901.77008
2016,02,30,5,900.89461
2016,02,30,6,902.33594
2016,02,30,7,903.72681
2016,02,31,0,903.95907
2016,02,31,1,903.48009
2016,02,31,2,904.94102
2016,02,31,3,906.98453
2016,02,31,4,909.72072
2016,02,31,5,911.37733
2016,02,31,6,913.46036
2016,02,31,7,915.2106
2016,02,1,0,915.24566
2016,02,1,1,914.55936
2016,02,1,2,915.74919
2016,02,1,3,916.2513
2016,02,1,4,916.89982
2016,02,1,5,917.27583
2016,02,1,6,915.32939
2016,02,1,7,913.4521
2016,02,2,0,913.09905
2016,02,2,1,912.57959
2016,02,2,2,910.84475
2016,02,2,3,908.62223
2016,02,2,4,907.65742
2016,02,2,5,907.16673
2016,02,2,6,905.49481
2016,02,2,7,904.64685
2016,02,3,0,905.98532
2016,02,3,1,906.16873
2016,02,3,2,906.04828
2016,02,3,3,906.98873
2016,02,3,4,908.7954
2016,02,3,5,910.07525
2016,02,3,6,910.22295
2016,02,3,7,910.91483
2016,02,4,0,911.45721
2016,02,4,1,910.98225
2016,02,4,2,910.39799
2016,02,4,3,910.12171
2016,02,4,4,909.61827
2016,02,4,5,908.47671
2016,02,4,6,909.06899
2016,02,4,7,909.09109
2016,02,5,0,906.5931
2016,02,5,1,904.28177
2016,02,5,2,904.35418
2016,02,5,3,904.86192
2016,02,5,4,905.42321
2016,02,5,5,905.90004
2016,02,5,6,906.29429
2016,02,5,7,906.79793
2016,02,6,0,905.96555
2016,02,6,1,904.61422
2016,02,6,2,905.63615
2016,02,6,3,906.69975
2016,02,6,4,905.90364
2016,02,6,5,903.85909
2016,02,6,6,903.57279
2016,02,6,7,903.08089
2016,02,7,0,902.31954
2016,02,7,1,901.34482
2016,02,7,2,900.34291
2016,02,7,3,899.75315
2016,02,7,4,899.00135
2016,02,7,5,899.01993
2016,02,7,6,900.13516
2016,02,7,7,901.0249
2016,02,8,0,900.99497
2016,02,8,1,901.53028
2016,02,8,2,902.70961
2016,02,8,3,902.72774
2016,02,8,4,901.1977
2016,02,8,5,900.24322
2016,02,8,6,900.74485
2016,02,8,7,901.34564
2016,02,9,0,901.2184
2016,02,9,1,900.79857
2016,02,9,2,902.05698
2016,02,9,3,904.18879
2016,02,9,4,904.77386
2016,02,9,5,905.14267
2016,02,9,6,906.86629
2016,02,9,7,908.64259
2016,02,10,0,907.64303
2016,02,10,1,905.83089
2016,02,10,2,906.17536
2016,02,10,3,906.228
2016,02,10,4,904.3336
2016,02,10,5,902.48735
2016,02,10,6,901.39232
2016,02,10,7,900.5948
2016,02,11,0,900.24278
2016,02,11,1,899.60783
2016,02,11,2,898.95703
2016,02,11,3,897.89274
2016,02,11,4,896.67936
2016,02,11,5,896.41196
2016,02,11,6,897.9587
2016,02,11,7,900.57701
2016,02,12,0,900.75134
2016,02,12,1,900.59826
2016,02,12,2,903.38729
2016,02,12,3,905.07342
2016,02,12,4,905.19536
2016,02,12,5,905.53756
2016,02,12,6,906.89136
2016,02,12,7,908.20199
2016,02,13,0,907.87606
2016,02,13,1,907.03448
2016,02,13,2,908.43643
2016,02,13,3,910.24913
2016,02,13,4,910.37079
2016,02,13,5,910.19811
2016,02,13,6,909.98691
2016,02,13,7,910.15274
2016,02,14,0,910.72074
2016,02,14,1,911.94935
2016,02,14,2,915.01745
2016,02,14,3,917.15067
2016,02,14,4,917.76638
2016,02,14,5,917.87701
2016,02,14,6,917.54483
2016,02,14,7,917.24103
2016,02,15,0,916.48243
2016,02,15,1,915.17975
2016,02,15,2,915.39453
2016,02,15,3,915.45709
2016,02,15,4,914.57268
2016,02,15,5,913.51434
2016,02,15,6,912.42645
2016,02,15,7,912.62233
2016,02,16,0,912.67531
2016,02,16,1,912.07551
2016,02,16,2,912.58464
2016,02,16,3,912.84081
2016,02,16,4,912.60885
2016,02,16,5,912.04357
2016,02,16,6,911.89656
2016,02,16,7,911.89911
2016,02,17,0,911.27306
2016,02,17,1,910.17576
2016,02,17,2,909.53171
2016,02,17,3,909.59976
2016,02,17,4,909.85637
2016,02,17,5,910.41731
2016,02,17,6,911.4232
2016,02,17,7,912.13216
2016,02,18,0,912.1668
2016,02,18,1,912.36877
2016,02,18,2,912.94251
2016,02,18,3,913.81825
2016,02,18,4,914.94862
2016,02,18,5,916.15072
2016,02,18,6,917.58781
2016,02,18,7,918.94496
2016,02,19,0,919.28352
2016,02,19,1,919.26283
2016,02,19,2,920.87441
2016,02,19,3,922.31678
2016,02,19,4,922.8234
2016,02,19,5,922.41311
2016,02,19,6,922.25698
2016,02,19,7,922.9467
2016,02,20,0,922.32553
2016,02,20,1,922.0062
2016,02,20,2,922.46698
2016,02,20,3,922.55825
2016,02,20,4,922.17503
2016,02,20,5,921.44874
2016,02,20,6,921.17713
2016,02,20,7,920.29364
2016,02,21,0,920.83018
2016,02,21,1,921.01114
2016,02,21,2,920.30351
2016,02,21,3,920.26869
2016,02,21,4,920.36618
2016,02,21,5,919.81735
2016,02,21,6,919.45382
2016,02,21,7,919.71816
2016,02,22,0,919.68091
2016,02,22,1,919.01934
2016,02,22,2,919.51504
2016,02,22,3,919.52797
2016,02,22,4,918.59677
2016,02,22,5,917.6818
2016,02,22,6,917.73909
2016,02,22,7,917.85797
2016,02,23,0,918.19336
2016,02,23,1,918.13012
2016,02,23,2,917.9563
2016,02,23,3,917.8287
2016,02,23,4,917.44949
2016,02,23,5,916.85718
2016,02,23,6,916.20528
2016,02,23,7,916.16147
2016,02,24,0,916.15855
2016,02,24,1,915.79831
2016,02,24,2,916.34757
2016,02,24,3,917.43479
2016,02,24,4,917.88313
2016,02,24,5,917.85759
2016,02,24,6,918.74727
2016,02,24,7,919.567
2016,02,25,0,918.33008
2016,02,25,1,916.79508
2016,02,25,2,916.64439
2016,02,25,3,916.30587
2016,02,25,4,915.40917
2016,02,25,5,914.76825
2016,02,25,6,914.50273
2016,02,25,7,913.9461
2016,02,26,0,912.01467
2016,02,26,1,910.38568
2016,02,26,2,910.64824
2016,02,26,3,911.01649
2016,02,26,4,910.95608
2016,02,26,5,910.37111
2016,02,26,6,909.24321
2016,02,26,7,908.42667
2016,02,27,0,908.0019
2016,02,27,1,907.27641
2016,02,27,2,907.02064
2016,02,27,3,907.02234
2016,02,27,4,906.66385
2016,02,27,5,906.10129
2016,02,27,6,905.47997
2016,02,27,7,905.49859
2016,02,28,0,906.71794
2016,02,28,1,907.27769
2016,02,28,2,907.77614
2016,02,28,3,907.92851
2016,02,28,4,907.99146
2016,02,28,5,907.68603
2016,02,28,6,907.58815
2016,02,28,7,908.11379
2016,02,29,0,908.85949
2016,02,29,1,909.20012
2016,02,29,2,909.94122
2016,02,29,3,911.06205
2016,02,29,4,911.43035
2016,02,29,5,911.05712
2016,02,29,6,910.04714
2016,02,29,7,909.64151
2016,02,30,0,910.04571
2016,02,30,1,910.44924
2016,02,30,2,910.80051
2016,02,30,3,910.94537
2016,02,30,4,910.28017
2016,02,30,5,909.56059
2016,02,30,6,909.68574
2016,02,30,7,909.47962
2016,02,1,0,909.02885
2016,02,1,1,908.09228
2016,02,1,2,907.86165
2016,02,1,3,907.66985
2016,02,1,4,907.04596
2016,02,1,5,906.27174
2016,02,1,6,906.08169
2016,02,1,7,905.84033
2016,02,2,0,907.1719
2016,02,2,1,908.16256
2016,02,2,2,908.14797
2016,02,2,3,907.36462
2016,02,2,4,906.65316
2016,02,2,5,907.20378
2016,02,2,6,907.72965
2016,02,2,7,908.13273
2016,02,3,0,908.32841
2016,02,3,1,908.58964
2016,02,3,2,909.76962
2016,02,3,3,911.85072
2016,02,3,4,914.13907
2016,02,3,5,915.23635
2016,02,3,6,916.01009
2016,02,3,7,916.48792
2016,02,4,0,915.58944
2016,02,4,1,914.55442
2016,02,4,2,914.48497
2016,02,4,3,914.36313
2016,02,4,4,915.38541
2016,02,4,5,916.70098
2016,02,4,6,917.74771
2016,02,4,7,918.56808
2016,02,5,0,917.65739
2016,02,5,1,916.1604
2016,02,5,2,915.39102
2016,02,5,3,914.65178
2016,02,5,4,913.00609
2016,02,5,5,911.08234
2016,02,5,6,910.16324
2016,02,5,7,909.44949
2016,02,6,0,908.48606
2016,02,6,1,908.98724
2016,02,6,2,911.89524
2016,02,6,3,913.89537
2016,02,6,4,914.8641
2016,02,6,5,915.63564
2016,02,6,6,917.65179
2016,02,6,7,920.07752
2016,02,7,0,920.06229
2016,02,7,1,917.73304
2016,02,7,2,915.74215
2016,02,7,3,914.97887
2016,02,7,4,913.55042
2016,02,7,5,913.37589
2016,02,7,6,912.51907
2016,02,7,7,911.9523
2016,02,8,0,912.21352
2016,02,8,1,911.54459
2016,02,8,2,911.24413
2016,02,8,3,910.29164
2016,02,8,4,909.66746
2016,02,8,5,909.54333
2016,02,8,6,910.25474
2016,02,8,7,909.56459
2016,02,9,0,906.44145
2016,02,9,1,904.85775
2016,02,9,2,907.44813
2016,02,9,3,910.21241
2016,02,9,4,912.27984
2016,02,9,5,912.80972
2016,02,9,6,910.69618
2016,02,9,7,908.00338
2016,02,10,0,906.76304
2016,02,10,1,907.31072
2016,02,10,2,908.78578
2016,02,10,3,909.69992
2016,02,10,4,909.82491
2016,02,10,5,909.82694
2016,02,10,6,908.6017
2016,02,10,7,907.46369
2016,02,11,0,906.46927
2016,02,11,1,905.60834
2016,02,11,2,905.82654
2016,02,11,3,906.18382
2016,02,11,4,906.18395
2016,02,11,5,906.34121
2016,02,11,6,906.71127
2016,02,11,7,907.31164
2016,02,12,0,908.55331
2016,02,12,1,910.87334
2016,02,12,2,914.18278
2016,02,12,3,915.66118
2016,02,12,4,915.46915
2016,02,12,5,914.76777
2016,02,12,6,914.17316
2016,02,12,7,912.79219
2016,02,13,0,910.83171
2016,02,13,1,908.8721
2016,02,13,2,906.79509
2016,02,13,3,905.54823
2016,02,13,4,904.16316
2016,02,13,5,902.00368
2016,02,13,6,902.13893
2016,02,13,7,901.92989
2016,02,14,0,901.32474
2016,02,14,1,901.64883
2016,02,14,2,903.65849
2016,02,14,3,906.58618
2016,02,14,4,908.32582
2016,02,14,5,908.87606
2016,02,14,6,908.61049
2016,02,14,7,908.86052
2016,02,15,0,908.01539
2016,02,15,1,908.66403
2016,02,15,2,910.97316
2016,02,15,3,913.06052
2016,02,15,4,913.20174
2016,02,15,5,912.6798
2016,02,15,6,913.06533
2016,02,15,7,912.65246
2016,02,16,0,911.84198
2016,02,16,1,910.81009
2016,02,16,2,911.01464
2016,02,16,3,911.50476
2016,02,16,4,911.62447
2016,02,16,5,911.63955
2016,02,16,6,912.54248
2016,02,16,7,913.86071
2016,02,17,0,913.97901
2016,02,17,1,914.15482
2016,02,17,2,914.8845
2016,02,17,3,915.29842
2016,02,17,4,915.36948
2016,02,17,5,914.92841
2016,02,17,6,915.20135
2016,02,17,7,915.7081
2016,02,18,0,915.71178
2016,02,18,1,915.73222
2016,02,18,2,916.266
2016,02,18,3,916.81185
2016,02,18,4,916.90326
2016,02,18,5,917.10815
2016,02,18,6,917.57332
2016,02,18,7,917.57365
2016,02,19,0,916.20638
2016,02,19,1,915.3015
2016,02,19,2,916.1492
2016,02,19,3,916.52798
2016,02,19,4,915.5114
2016,02,19,5,914.77475
2016,02,19,6,914.14818
2016,02,19,7,913.31323
2016,02,20,0,911.83709
2016,02,20,1,910.67997
2016,02,20,2,911.35048
2016,02,20,3,910.86618
2016,02,20,4,909.82215
2016,02,20,5,909.45639
2016,02,20,6,908.83735
2016,02,20,7,908.97664
2016,02,21,0,908.25286
2016,02,21,1,907.4645
2016,02,21,2,907.40293
2016,02,21,3,907.68831
2016,02,21,4,908.5817
2016,02,21,5,909.53173
2016,02,21,6,910.36341
2016,02,21,7,911.1239
2016,02,22,0,910.65684
2016,02,22,1,910.51953
2016,02,22,2,910.96843
2016,02,22,3,909.77774
2016,02,22,4,907.41345
2016,02,22,5,905.04982
2016,02,22,6,902.7758
2016,02,22,7,901.98243
2016,02,23,0,899.41225
2016,02,23,1,896.88392
2016,02,23,2,897.84668
2016,02,23,3,902.1759
2016,02,23,4,904.58406
2016,02,23,5,906.29885
2016,02,23,6,906.97643
2016,02,23,7,907.38033
2016,02,24,0,906.32526
2016,02,24,1,904.94952
2016,02,24,2,908.06337
2016,02,24,3,910.88218
2016,02,24,4,910.7824
2016,02,24,5,910.88496
2016,02,24,6,910.83123
2016,02,24,7,910.42873
2016,02,25,0,909.62236
2016,02,25,1,908.84636
2016,02,25,2,909.64106
2016,02,25,3,911.03561
2016,02,25,4,912.09237
2016,02,25,5,912.58009
2016,02,25,6,911.86539
2016,02,25,7,909.97607
2016,02,26,0,908.90713
2016,02,26,1,908.76268
2016,02,26,2,910.18686
2016,02,26,3,911.42188
2016,02,26,4,910.78835
2016,02,26,5,910.27903
2016,02,26,6,908.29505
2016,02,26,7,906.07542
2016,02,27,0,904.61909
2016,02,27,1,903.17392
2016,02,27,2,901.93571
2016,02,27,3,903.22846
2016,02,27,4,903.70228
2016,02,27,5,903.40739
2016,02,27,6,904.17641
2016,02,27,7,905.66587
2016,02,28,0,908.16955
2016,02,28,1,909.86392
2016,02,28,2,909.86402
2016,02,28,3,909.63196
2016,02,28,4,911.21368
2016,02,28,5,913.09531
2016,02,28,6,914.32753
2016,02,28,7,914.97704
2016,02,29,0,914.94007
2016,02,29,1,915.59952
2016,02,29,2,916.57143
2016,02,29,3,917.29046
2016,02,29,4,917.99242
2016,02,29,5,917.44098
2016,02,29,6,917.45667
2016,02,29,7,917.94763
2016,02,30,0,917.66703
2016,02,30,1,917.18852
2016,02,30,2,916.6537
2016,02,30,3,915.65631
2016,02,30,4,915.19226
2016,02,30,5,914.62819
2016,02,30,6,913.86972
2016,02,30,7,913.05586
2016,02,31,0,911.86742
2016,02,31,1,910.26688
2016,02,31,2,908.49525
2016,02,31,3,907.63279
2016,02,31,4,906.04554
2016,02,31,5,905.13951
2016,02,31,6,904.76529
2016,02,31,7,905.09166
2016,02,1,0,905.86459
2016,02,1,1,906.06522
2016,02,1,2,906.6056
2016,02,1,3,907.97385
2016,02,1,4,908.68585
2016,02,1,5,908.83597
2016,02,1,6,907.99888
2016,02,1,7,907.2491
2016,02,2,0,906.28705
2016,02,2,1,905.32007
2016,02,2,2,904.88369
2016,02,2,3,904.8362
2016,02,2,4,904.95837
2016,02,2,5,905.2708
2016,02,2,6,905.35788
2016,02,2,7,905.43176
2016,02,3,0,902.99453
2016,02,3,1,901.46835
2016,02,3,2,902.58923
2016,02,3,3,903.48919
2016,02,3,4,903.88593
2016,02,3,5,904.70375
2016,02,3,6,904.52057
2016,02,3,7,905.04933
2016,02,4,0,905.89744
2016,02,4,1,905.35677
2016,02,4,2,903.66079
2016,02,4,3,902.89536
2016,02,4,4,903.77703
2016,02,4,5,905.06882
2016,02,4,6,906.45174
2016,02,4,7,906.75363
2016,02,5,0,906.34915
2016,02,5,1,906.26477
2016,02,5,2,906.60515
2016,02,5,3,907.61602
2016,02,5,4,909.67176
2016,02,5,5,911.04646
2016,02,5,6,911.00645
2016,02,5,7,910.985
2016,02,6,0,911.02846
2016,02,6,1,910.78797
2016,02,6,2,911.24957
2016,02,6,3,910.99331
2016,02,6,4,909.43144
2016,02,6,5,908.10242
2016,02,6,6,907.10656
2016,02,6,7,905.59196
2016,02,7,0,904.30904
2016,02,7,1,903.982
2016,02,7,2,904.39899
2016,02,7,3,904.90012
2016,02,7,4,905.02962
2016,02,7,5,904.8899
2016,02,7,6,905.01632
2016,02,7,7,904.70738
2016,02,8,0,903.98873
2016,02,8,1,903.86692
2016,02,8,2,904.44571
2016,02,8,3,905.19784
2016,02,8,4,906.2061
2016,02,8,5,907.08746
2016,02,8,6,907.40994
2016,02,8,7,908.08918
2016,02,9,0,907.98551
2016,02,9,1,907.31357
2016,02,9,2,908.45941
2016,02,9,3,909.67549
2016,02,9,4,910.67687
2016,02,9,5,911.59225
2016,02,9,6,911.83705
2016,02,9,7,911.61408
2016,02,10,0,910.96567
2016,02,10,1,910.52957
2016,02,10,2,911.11757
2016,02,10,3,908.76645
2016,02,10,4,907.93681
2016,02,10,5,906.72647
2016,02,10,6,907.3903
2016,02,10,7,909.08155
2016,02,11,0,908.28571
2016,02,11,1,907.742
2016,02,11,2,909.24894
2016,02,11,3,909.01161
2016,02,11,4,907.31093
2016,02,11,5,906.94264
2016,02,11,6,906.01678
2016,02,11,7,905.15222
2016,02,12,0,905.97852
2016,02,12,1,906.25555
2016,02,12,2,907.10835
2016,02,12,3,907.68775
2016,02,12,4,907.56584
2016,02,12,5,906.6794
2016,02,12,6,908.12586
2016,02,12,7,909.16245
2016,02,13,0,908.81952
2016,02,13,1,908.20393
2016,02,13,2,908.54845
2016,02,13,3,908.54206
2016,02,13,4,908.56359
2016,02,13,5,908.84745
2016,02,13,6,910.10961
2016,02,13,7,911.91481
2016,02,14,0,911.3221
2016,02,14,1,910.9524
2016,02,14,2,911.09992
2016,02,14,3,910.08318
2016,02,14,4,908.93256
2016,02,14,5,908.23317
2016,02,14,6,907.51356
2016,02,14,7,906.64401
2016,02,15,0,905.80833
2016,02,15,1,905.26625
2016,02,15,2,906.2573
2016,02,15,3,907.42476
2016,02,15,4,908.46898
2016,02,15,5,909.36359
2016,02,15,6,909.79964
2016,02,15,7,909.86825
2016,02,16,0,909.52008
2016,02,16,1,909.43545
2016,02,16,2,909.9472
2016,02,16,3,910.3643
2016,02,16,4,909.93084
2016,02,16,5,911.55459
2016,02,16,6,913.91763
2016,02,16,7,916.18252
2016,02,17,0,917.77597
2016,02,17,1,918.97276
2016,02,17,2,919.61644
2016,02,17,3,919.52318
2016,02,17,4,919.2326
2016,02,17,5,918.41701
2016,02,17,6,917.42782
2016,02,17,7,917.18548
2016,02,18,0,916.65224
2016,02,18,1,915.67333
2016,02,18,2,915.54093
2016,02,18,3,914.48693
2016,02,18,4,913.03895
2016,02,18,5,913.15737
2016,02,18,6,913.54055
2016,02,18,7,912.73608
2016,02,19,0,910.8524
2016,02,19,1,910.11858
2016,02,19,2,911.78238
2016,02,19,3,913.15711
2016,02,19,4,912.26624
2016,02,19,5,912.68997
2016,02,19,6,913.53918
2016,02,19,7,913.26101
2016,02,20,0,912.67226
2016,02,20,1,911.94578
2016,02,20,2,912.28314
2016,02,20,3,912.6345
2016,02,20,4,913.13621
2016,02,20,5,914.16548
2016,02,20,6,914.29356
2016,02,20,7,914.63549
2016,02,21,0,914.60921
2016,02,21,1,914.42522
2016,02,21,2,914.68491
2016,02,21,3,914.64908
2016,02,21,4,914.49735
2016,02,21,5,914.02301
2016,02,21,6,914.08309
2016,02,21,7,913.93814
2016,02,22,0,913.06586
2016,02,22,1,912.71837
2016,02,22,2,912.77975
2016,02,22,3,913.46536
2016,02,22,4,913.9912
2016,02,22,5,913.85251
2016,02,22,6,913.72557
2016,02,22,7,913.63708
2016,02,23,0,914.04883
2016,02,23,1,914.43065
2016,02,23,2,913.5436
2016,02,23,3,912.25403
2016,02,23,4,911.48291
2016,02,23,5,910.99414
2016,02,23,6,908.70412
2016,02,23,7,907.57945
2016,02,24,0,911.52293
2016,02,24,1,915.0254
2016,02,24,2,914.31535
2016,02,24,3,913.5747
2016,02,24,4,912.69306
2016,02,24,5,911.13995
2016,02,24,6,910.2303
2016,02,24,7,909.40433
2016,02,25,0,908.2157
2016,02,25,1,907.42597
2016,02,25,2,906.36867
2016,02,25,3,906.40178
2016,02,25,4,905.98509
2016,02,25,5,905.737
2016,02,25,6,905.67609
2016,02,25,7,906.50655
2016,02,26,0,906.30983
2016,02,26,1,905.52691
2016,02,26,2,906.12647
2016,02,26,3,906.57723
2016,02,26,4,907.36543
2016,02,26,5,908.10826
2016,02,26,6,906.76365
2016,02,26,7,903.77519
2016,02,27,0,902.39176
2016,02,27,1,901.7067
2016,02,27,2,902.61734
2016,02,27,3,905.72898
2016,02,27,4,907.37343
2016,02,27,5,907.98317
2016,02,27,6,908.25757
2016,02,27,7,908.62066
2016,02,28,0,909.03702
2016,02,28,1,909.53053
2016,02,28,2,908.72259
2016,02,28,3,907.44602
2016,02,28,4,907.80728
2016,02,28,5,908.08805
2016,02,28,6,907.22151
2016,02,28,7,906.8276
2016,02,29,0,908.02149
2016,02,29,1,908.62395
2016,02,29,2,908.96718
2016,02,29,3,909.08428
2016,02,29,4,909.92774
2016,02,29,5,910.73769
2016,02,29,6,911.62796
2016,02,29,7,912.12054
2016,02,30,0,910.05371
2016,02,30,1,908.8415
2016,02,30,2,909.35542
2016,02,30,3,910.11737
2016,02,30,4,910.95677
2016,02,30,5,912.0933
2016,02,30,6,911.21971
2016,02,30,7,909.9417
2016,02,1,0,909.45977
2016,02,1,1,909.05828
2016,02,1,2,910.15139
2016,02,1,3,910.86154
2016,02,1,4,910.48792
2016,02,1,5,909.76588
2016,02,1,6,907.65397
2016,02,1,7,905.36438
2016,02,2,0,904.3092
2016,02,2,1,903.87309
2016,02,2,2,903.86568
2016,02,2,3,903.49535
2016,02,2,4,903.60475
2016,02,2,5,903.59533
2016,02,2,6,902.85649
2016,02,2,7,902.25748
2016,02,3,0,901.81423
2016,02,3,1,901.92234
2016,02,3,2,903.56647
2016,02,3,3,906.57697
2016,02,3,4,909.82202
2016,02,3,5,912.41336
2016,02,3,6,914.28294
2016,02,3,7,914.95501
2016,02,4,0,912.96122
2016,02,4,1,910.70621
2016,02,4,2,910.81583
2016,02,4,3,910.29808
2016,02,4,4,910.50766
2016,02,4,5,911.28354
2016,02,4,6,910.5223
2016,02,4,7,909.69147
2016,02,5,0,909.28824
2016,02,5,1,908.82694
2016,02,5,2,909.40722
2016,02,5,3,910.64795
2016,02,5,4,911.35346
2016,02,5,5,911.67545
2016,02,5,6,912.21775
2016,02,5,7,913.10062
2016,02,6,0,913.20835
2016,02,6,1,913.43354
2016,02,6,2,913.86027
2016,02,6,3,913.93249
2016,02,6,4,913.55704
2016,02,6,5,912.99838
2016,02,6,6,912.2038
2016,02,6,7,912.18505
2016,02,7,0,913.38527
2016,02,7,1,912.1032
2016,02,7,2,909.40014
2016,02,7,3,908.21919
2016,02,7,4,909.6284
2016,02,7,5,910.87779
2016,02,7,6,911.21281
2016,02,7,7,911.74135
2016,02,8,0,910.69334
2016,02,8,1,909.28911
2016,02,8,2,909.66908
2016,02,8,3,909.14588
2016,02,8,4,908.85071
2016,02,8,5,908.70942
2016,02,8,6,908.64078
2016,02,8,7,908.73275
2016,02,9,0,909.15934
2016,02,9,1,910.08677
2016,02,9,2,910.94033
2016,02,9,3,912.62928
2016,02,9,4,914.24653
2016,02,9,5,915.49884
2016,02,9,6,917.51272
2016,02,9,7,919.48189
2016,02,10,0,920.20975
2016,02,10,1,920.19821
2016,02,10,2,920.58763
2016,02,10,3,921.64816
2016,02,10,4,922.01224
2016,02,10,5,922.25717
2016,02,10,6,922.43715
2016,02,10,7,923.73507
2016,02,11,0,922.59165
2016,02,11,1,920.78928
2016,02,11,2,921.60173
2016,02,11,3,921.73616
2016,02,11,4,920.66145
2016,02,11,5,919.67091
2016,02,11,6,919.97965
2016,02,11,7,920.49855
2016,02,12,0,919.16272
2016,02,12,1,916.99837
2016,02,12,2,915.42485
2016,02,12,3,914.41596
2016,02,12,4,914.2815
2016,02,12,5,914.25095
2016,02,12,6,913.09932
2016,02,12,7,912.6585
2016,02,13,0,913.39511
2016,02,13,1,912.6213
2016,02,13,2,911.15451
2016,02,13,3,911.80902
2016,02,13,4,911.69364
2016,02,13,5,911.84337
2016,02,13,6,913.4936
2016,02,13,7,914.61462
2016,02,14,0,915.65871
2016,02,14,1,915.49725
2016,02,14,2,916.6731
2016,02,14,3,918.6136
2016,02,14,4,917.22707
2016,02,14,5,917.13501
2016,02,14,6,917.63726
2016,02,14,7,917.1101
2016,02,15,0,916.99865
2016,02,15,1,916.32368
2016,02,15,2,916.26399
2016,02,15,3,916.48708
2016,02,15,4,916.54408
2016,02,15,5,916.39849
2016,02,15,6,915.07722
2016,02,15,7,914.53612
2016,02,16,0,913.66502
2016,02,16,1,912.04445
2016,02,16,2,912.12511
2016,02,16,3,912.75651
2016,02,16,4,913.04894
2016,02,16,5,913.6096
2016,02,16,6,913.80491
2016,02,16,7,913.78808
2016,02,17,0,913.47267
2016,02,17,1,912.70579
2016,02,17,2,912.53998
2016,02,17,3,911.56853
2016,02,17,4,911.49125
2016,02,17,5,911.03615
2016,02,17,6,910.6219
2016,02,17,7,909.59367
2016,02,18,0,909.44531
2016,02,18,1,909.68005
2016,02,18,2,910.56174
2016,02,18,3,910.91614
2016,02,18,4,910.36076
2016,02,18,5,909.71527
2016,02,18,6,908.55058
2016,02,18,7,907.28046
2016,02,19,0,906.63681
2016,02,19,1,906.25826
2016,02,19,2,906.24208
2016,02,19,3,905.78162
2016,02,19,4,904.9266
2016,02,19,5,905.29196
2016,02,19,6,906.54929
2016,02,19,7,908.07328
2016,02,20,0,908.42369
2016,02,20,1,908.1618
2016,02,20,2,908.73739
2016,02,20,3,908.71066
2016,02,20,4,908.05676
2016,02,20,5,908.03054
2016,02,20,6,907.99928
2016,02,20,7,907.47254
2016,02,21,0,907.87647
2016,02,21,1,907.94743
2016,02,21,2,908.23501
2016,02,21,3,908.67799
2016,02,21,4,908.67809
2016,02,21,5,908.88617
2016,02,21,6,909.63496
2016,02,21,7,909.70832
2016,02,22,0,908.42418
2016,02,22,1,907.54674
2016,02,22,2,908.42918
2016,02,22,3,909.3874
2016,02,22,4,909.50779
2016,02,22,5,909.44416
2016,02,22,6,909.58605
2016,02,22,7,909.81369
2016,02,23,0,908.96631
2016,02,23,1,908.1139
2016,02,23,2,907.79325
2016,02,23,3,907.77369
2016,02,23,4,908.45705
2016,02,23,5,909.10807
2016,02,23,6,909.48625
2016,02,23,7,909.47676
2016,02,24,0,909.74621
2016,02,24,1,909.88355
2016,02,24,2,909.79884
2016,02,24,3,910.03317
2016,02,24,4,911.25441
2016,02,24,5,912.3339
2016,02,24,6,912.88122
2016,02,24,7,913.17159
2016,02,25,0,914.05699
2016,02,25,1,914.29901
2016,02,25,2,914.78101
2016,02,25,3,914.96709
2016,02,25,4,914.1682
2016,02,25,5,913.04092
2016,02,25,6,912.68072
2016,02,25,7,912.19813
2016,02,26,0,911.67603
2016,02,26,1,910.78512
2016,02,26,2,908.07374
2016,02,26,3,905.10449
2016,02,26,4,905.44463
2016,02,26,5,908.90326
2016,02,26,6,911.00958
2016,02,26,7,912.19778
2016,02,27,0,911.58572
2016,02,27,1,911.35534
2016,02,27,2,912.27013
2016,02,27,3,912.21261
2016,02,27,4,910.1315
2016,02,27,5,908.07798
2016,02,27,6,908.7195
2016,02,27,7,909.40176
2016,02,28,0,911.15646
2016,02,28,1,911.76897
2016,02,28,2,912.49375
2016,02,28,3,912.90258
2016,02,28,4,914.02067
2016,02,28,5,915.44309
2016,02,28,6,914.97813
2016,02,28,7,915.30462
2016,02,29,0,916.22737
2016,02,29,1,916.2752
2016,02,29,2,917.40739
2016,02,29,3,917.92773
2016,02,29,4,918.03931
2016,02,29,5,918.15643
2016,02,29,6,917.52916
2016,02,29,7,916.68589
2016,02,30,0,916.7486
2016,02,30,1,916.79874
2016,02,30,2,917.57722
2016,02,30,3,918.11764
2016,02,30,4,919.13868
2016,02,30,5,920.26208
2016,02,30,6,920.58214
2016,02,30,7,920.81845
2016,02,31,0,920.42031
2016,02,31,1,919.26437
2016,02,31,2,919.8668
2016,02,31,3,920.85026
2016,02,31,4,920.90448
2016,02,31,5,919.31535
2016,02,31,6,916.53627
2016,02,31,7,913.56425
2016,02,1,0,910.51932
2016,02,1,1,909.85241
2016,02,1,2,909.79035
2016,02,1,3,909.98654
2016,02,1,4,911.17928
2016,02,1,5,910.74903
2016,02,1,6,908.91095
2016,02,1,7,909.90225
2016,02,2,0,912.84416
2016,02,2,1,915.3487
2016,02,2,2,915.73813
2016,02,2,3,918.06344
2016,02,2,4,919.17406
2016,02,2,5,921.57691
2016,02,2,6,925.2613
2016,02,2,7,927.10917
2016,02,3,0,926.35299
2016,02,3,1,925.3139
2016,02,3,2,925.5412
2016,02,3,3,926.56723
2016,02,3,4,927.01262
2016,02,3,5,926.07956
2016,02,3,6,924.64984
2016,02,3,7,922.29616
2016,02,4,0,920.11312
2016,02,4,1,918.93362
2016,02,4,2,918.30877
2016,02,4,3,918.34406
2016,02,4,4,920.73965
2016,02,4,5,922.80994
2016,02,4,6,922.28015
2016,02,4,7,920.25874
2016,02,5,0,915.75759
2016,02,5,1,913.40045
2016,02,5,2,916.6967
2016,02,5,3,918.62104
2016,02,5,4,919.92567
2016,02,5,5,919.1423
2016,02,5,6,918.64641
2016,02,5,7,919.48384
2016,02,6,0,919.77558
2016,02,6,1,919.2766
2016,02,6,2,920.03473
2016,02,6,3,921.14722
2016,02,6,4,921.38603
2016,02,6,5,919.65217
2016,02,6,6,917.59107
2016,02,6,7,916.67085
2016,02,7,0,918.47574
2016,02,7,1,919.71551
2016,02,7,2,921.53626
2016,02,7,3,923.60178
2016,02,7,4,922.41085
2016,02,7,5,919.94951
2016,02,7,6,920.32406
2016,02,7,7,920.63326
2016,02,8,0,918.01551
2016,02,8,1,916.07946
2016,02,8,2,916.31426
2016,02,8,3,918.0992
2016,02,8,4,920.09228
2016,02,8,5,919.41827
2016,02,8,6,918.96854
2016,02,8,7,917.50396
2016,02,9,0,915.35297
2016,02,9,1,914.81005
2016,02,9,2,917.42178
2016,02,9,3,918.91115
2016,02,9,4,922.13721
2016,02,9,5,924.02338
2016,02,9,6,924.94344
2016,02,9,7,923.37131
2016,02,10,0,921.92339
2016,02,10,1,919.85014
2016,02,10,2,918.77011
2016,02,10,3,917.61651
2016,02,10,4,917.18323
2016,02,10,5,916.95547
2016,02,10,6,916.47461
2016,02,10,7,916.25338
2016,02,11,0,916.7484
2016,02,11,1,916.74325
2016,02,11,2,916.64497
2016,02,11,3,917.15678
2016,02,11,4,918.79238
2016,02,11,5,920.43886
2016,02,11,6,922.52522
2016,02,11,7,924.24814
2016,02,12,0,925.99773
2016,02,12,1,927.78976
2016,02,12,2,928.56718
2016,02,12,3,929.06647
2016,02,12,4,928.23075
2016,02,12,5,926.35882
2016,02,12,6,926.63205
2016,02,12,7,927.54415
2016,02,13,0,927.91673
2016,02,13,1,928.32522
2016,02,13,2,929.15452
2016,02,13,3,929.03739
2016,02,13,4,928.21649
2016,02,13,5,928.3073
2016,02,13,6,928.56498
2016,02,13,7,928.42377
2016,02,14,0,926.7493
2016,02,14,1,924.96134
2016,02,14,2,925.66361
2016,02,14,3,927.33582
2016,02,14,4,927.00813
2016,02,14,5,926.08688
2016,02,14,6,926.1362
2016,02,14,7,925.25975
2016,02,15,0,924.63457
2016,02,15,1,925.56804
2016,02,15,2,926.03301
2016,02,15,3,926.91732
2016,02,15,4,926.94295
2016,02,15,5,925.26097
2016,02,15,6,923.54701
2016,02,15,7,922.9915
2016,02,16,0,920.9069
2016,02,16,1,918.31094
2016,02,16,2,918.53555
2016,02,16,3,918.27411
2016,02,16,4,916.47928
2016,02,16,5,913.86226
2016,02,16,6,912.13845
2016,02,16,7,910.66097
2016,02,17,0,909.61554
2016,02,17,1,908.6704
2016,02,17,2,910.2492
2016,02,17,3,911.30038
2016,02,17,4,910.73352
2016,02,17,5,910.96018
2016,02,17,6,912.24809
2016,02,17,7,913.67938
2016,02,18,0,915.07394
2016,02,18,1,915.1291
2016,02,18,2,916.64955
2016,02,18,3,918.71678
2016,02,18,4,919.2003
2016,02,18,5,919.17601
2016,02,18,6,920.28249
2016,02,18,7,921.11097
2016,02,19,0,919.75245
2016,02,19,1,919.0165
2016,02,19,2,919.41871
2016,02,19,3,919.17724
2016,02,19,4,918.49226
2016,02,19,5,917.84926
2016,02,19,6,917.53424
2016,02,19,7,915.54263
2016,02,20,0,912.72703
2016,02,20,1,911.61097
2016,02,20,2,911.63441
2016,02,20,3,911.69849
2016,02,20,4,912.43464
2016,02,20,5,912.70307
2016,02,20,6,913.96111
2016,02,20,7,914.33205
2016,02,21,0,914.22182
2016,02,21,1,913.11252
2016,02,21,2,912.95131
2016,02,21,3,913.36748
2016,02,21,4,914.50427
2016,02,21,5,915.71666
2016,02,21,6,916.31497
2016,02,21,7,916.93596
2016,02,22,0,915.81755
2016,02,22,1,914.8142
2016,02,22,2,915.0205
2016,02,22,3,914.86787
2016,02,22,4,914.45791
2016,02,22,5,914.39008
2016,02,22,6,914.30864
2016,02,22,7,913.99504
2016,02,23,0,914.15687
2016,02,23,1,914.42822
2016,02,23,2,914.50645
2016,02,23,3,914.87037
2016,02,23,4,914.46386
2016,02,23,5,913.81076
2016,02,23,6,913.48657
2016,02,23,7,912.75976
2016,02,24,0,912.16585
2016,02,24,1,911.6326
2016,02,24,2,910.82348
2016,02,24,3,910.71515
2016,02,24,4,910.96846
2016,02,24,5,910.8968
2016,02,24,6,910.08312
2016,02,24,7,908.84598
2016,02,25,0,908.77939
2016,02,25,1,909.30446
2016,02,25,2,910.18974
2016,02,25,3,910.86824
2016,02,25,4,910.65226
2016,02,25,5,909.80333
2016,02,25,6,910.69649
2016,02,25,7,911.26921
2016,02,26,0,910.1452
2016,02,26,1,908.67329
2016,02,26,2,908.82009
2016,02,26,3,908.89023
2016,02,26,4,907.53829
2016,02,26,5,906.40077
2016,02,26,6,906.7849
2016,02,26,7,907.27159
2016,02,27,0,907.2404
2016,02,27,1,907.54866
2016,02,27,2,908.53409
2016,02,27,3,908.71545
2016,02,27,4,908.35193
2016,02,27,5,907.71609
2016,02,27,6,907.08643
2016,02,27,7,906.63776
2016,02,28,0,906.08973
2016,02,28,1,905.97796
2016,02,28,2,905.29638
2016,02,28,3,905.99226
2016,02,28,4,907.56842
2016,02,28,5,907.20733
2016,02,28,6,906.58814
2016,02,28,7,905.7228
2016,02,29,0,904.87291
2016,02,29,1,905.33702
2016,02,29,2,905.77325
2016,02,29,3,907.25263
2016,02,29,4,908.99697
2016,02,29,5,910.29991
2016,02,29,6,911.54679
2016,02,29,7,912.5348
2016,02,30,0,913.77918
2016,02,30,1,914.99548
2016,02,30,2,915.50585
2016,02,30,3,915.32385
2016,02,30,4,914.10531
2016,02,30,5,912.0703
2016,02,30,6,911.42029
2016,02,30,7,911.17012
2016,02,31,0,909.58114
2016,02,31,1,907.64235
2016,02,31,2,907.07926
2016,02,31,3,906.2883
2016,02,31,4,905.17405
2016,02,31,5,904.16145
2016,02,31,6,903.42224
2016,02,31,7,902.67771
2016,02,1,0,900.6104
2016,02,1,1,899.53738
2016,02,1,2,900.37308
2016,02,1,3,901.8171
2016,02,1,4,903.14981
2016,02,1,5,904.45393
2016,02,1,6,905.12581
2016,02,1,7,905.28675
2016,02,2,0,904.1852
2016,02,2,1,903.6578
2016,02,2,2,905.43176
2016,02,2,3,906.0704
2016,02,2,4,905.11778
2016,02,2,5,904.76386
2016,02,2,6,904.04117
2016,02,2,7,903.6072
2016,02,3,0,903.29147
2016,02,3,1,902.93561
2016,02,3,2,903.79281
2016,02,3,3,904.28838
2016,02,3,4,903.41656
2016,02,3,5,902.66634
2016,02,3,6,901.69337
2016,02,3,7,900.94644
2016,02,4,0,900.67136
2016,02,4,1,900.60701
2016,02,4,2,900.98782
2016,02,4,3,901.3716
2016,02,4,4,901.36018
2016,02,4,5,901.56186
2016,02,4,6,902.24804
2016,02,4,7,902.91709
2016,02,5,0,902.16196
2016,02,5,1,901.26554
2016,02,5,2,901.44118
2016,02,5,3,902.48589
2016,02,5,4,902.93223
2016,02,5,5,902.75999
2016,02,5,6,903.34371
2016,02,5,7,903.49164
2016,02,6,0,903.58872
2016,02,6,1,903.97833
2016,02,6,2,904.49293
2016,02,6,3,904.8833
2016,02,6,4,905.19644
2016,02,6,5,905.54149
2016,02,6,6,905.66552
2016,02,6,7,905.73864
2016,02,7,0,905.13636
2016,02,7,1,904.50427
2016,02,7,2,904.47198
2016,02,7,3,904.67929
2016,02,7,4,904.99802
2016,02,7,5,905.92918
2016,02,7,6,906.7157
2016,02,7,7,907.75687
2016,02,8,0,907.35148
2016,02,8,1,907.51446
2016,02,8,2,907.79417
2016,02,8,3,907.90359
2016,02,8,4,906.954
2016,02,8,5,906.04644
2016,02,8,6,905.06822
2016,02,8,7,870.32328
2016,02,9,0,869.63512
2016,02,9,1,869.02055
2016,02,9,2,868.9004
2016,02,9,3,868.46615
2016,02,9,4,868.3559
2016,02,9,5,868.00086
2016,02,9,6,867.38315
2016,02,9,7,866.80852
2016,02,10,0,866.80028
2016,02,10,1,866.94791
2016,02,10,2,866.88072
2016,02,10,3,867.1726
2016,02,10,4,865.54228
2016,02,10,5,865.89418
2016,02,10,6,869.44207
2016,02,10,7,903.77294
2016,02,11,0,902.21
2016,02,11,1,901.39517
2016,02,11,2,902.27497
2016,02,11,3,901.52804
2016,02,11,4,901.18547
2016,02,11,5,903.04216
2016,02,11,6,904.31824
2016,02,11,7,904.28821
2016,02,12,0,903.11971
2016,02,12,1,902.40771
2016,02,12,2,904.67114
2016,02,12,3,905.46126
2016,02,12,4,903.32242
2016,02,12,5,902.31838
2016,02,12,6,902.1054
2016,02,12,7,902.18588
2016,02,13,0,901.70283
2016,02,13,1,901.61261
2016,02,13,2,903.58215
2016,02,13,3,904.36158
2016,02,13,4,903.83107
2016,02,13,5,903.69389
2016,02,13,6,903.85558
2016,02,13,7,904.5923
2016,02,14,0,906.26177
2016,02,14,1,908.85482
2016,02,14,2,906.68624
2016,02,14,3,908.1458
2016,02,14,4,908.89906
2016,02,14,5,909.48906
2016,02,14,6,911.01166
2016,02,14,7,911.80945
2016,02,15,0,911.86824
2016,02,15,1,911.41068
2016,02,15,2,912.36266
2016,02,15,3,913.91467
2016,02,15,4,916.5129
2016,02,15,5,915.81605
2016,02,15,6,914.62563
2016,02,15,7,913.59403
2016,02,16,0,912.97156
2016,02,16,1,911.26672
2016,02,16,2,910.5881
2016,02,16,3,911.69769
2016,02,16,4,911.32616
2016,02,16,5,910.12532
2016,02,16,6,910.53861
2016,02,16,7,910.69458
2016,02,17,0,911.1618
2016,02,17,1,912.98537
2016,02,17,2,915.48923
2016,02,17,3,917.39304
2016,02,17,4,918.43942
2016,02,17,5,918.31413
2016,02,17,6,917.97679
2016,02,17,7,917.21734
2016,02,18,0,915.97287
2016,02,18,1,915.02148
2016,02,18,2,915.75254
2016,02,18,3,915.67097
2016,02,18,4,913.48867
2016,02,18,5,910.7413
2016,02,18,6,909.30437
2016,02,18,7,907.81148
2016,02,19,0,906.14141
2016,02,19,1,905.05996
2016,02,19,2,905.21915
2016,02,19,3,905.73369
2016,02,19,4,906.73148
2016,02,19,5,907.6795
2016,02,19,6,908.08361
2016,02,19,7,908.54622
2016,02,20,0,909.23444
2016,02,20,1,909.70395
2016,02,20,2,910.59398
2016,02,20,3,911.92197
2016,02,20,4,912.9758
2016,02,20,5,913.85041
2016,02,20,6,913.43604
2016,02,20,7,913.05216
2016,02,21,0,912.50793
2016,02,21,1,911.70639
2016,02,21,2,912.32374
2016,02,21,3,912.76979
2016,02,21,4,911.01112
2016,02,21,5,909.57975
2016,02,21,6,908.52563
2016,02,21,7,907.48167
2016,02,22,0,906.64083
2016,02,22,1,905.90834
2016,02,22,2,905.77396
2016,02,22,3,906.09325
2016,02,22,4,905.33106
2016,02,22,5,904.83335
2016,02,22,6,905.8377
2016,02,22,7,906.67145
2016,02,23,0,905.57105
2016,02,23,1,904.84871
2016,02,23,2,907.73908
2016,02,23,3,910.94057
2016,02,23,4,911.19551
2016,02,23,5,909.69467
2016,02,23,6,909.22881
2016,02,23,7,908.68034
2016,02,24,0,906.80394
2016,02,24,1,906.19961
2016,02,24,2,909.42749
2016,02,24,3,912.00925
2016,02,24,4,912.71958
2016,02,24,5,912.88391
2016,02,24,6,913.67297
2016,02,24,7,914.01824
2016,02,25,0,913.09347
2016,02,25,1,912.11657
2016,02,25,2,911.99623
2016,02,25,3,911.8178
2016,02,25,4,912.34566
2016,02,25,5,912.16409
2016,02,25,6,912.19506
2016,02,25,7,912.48127
2016,02,26,0,912.28918
2016,02,26,1,912.12471
2016,02,26,2,913.77122
2016,02,26,3,914.91474
2016,02,26,4,914.51219
2016,02,26,5,914.43839
2016,02,26,6,915.89643
2016,02,26,7,917.29628
2016,02,27,0,916.73137
2016,02,27,1,915.67598
2016,02,27,2,916.67068
2016,02,27,3,917.23262
2016,02,27,4,916.71539
2016,02,27,5,916.53747
2016,02,27,6,917.80129
2016,02,27,7,918.6183
2016,02,28,0,918.34593
2016,02,28,1,917.78932
2016,02,28,2,917.91427
2016,02,28,3,918.20013
2016,02,28,4,919.69381
2016,02,28,5,920.8333
2016,02,28,6,920.07102
2016,02,28,7,918.96198
2016,02,29,0,917.66053
2016,02,29,1,916.1597
2016,02,29,2,916.13131
2016,02,29,3,915.78443
2016,02,29,4,914.88381
2016,02,29,5,914.2464
2016,02,29,6,913.38049
2016,02,29,7,913.00385
2016,02,30,0,911.81085
2016,02,30,1,910.00569
2016,02,30,2,909.91383
2016,02,30,3,910.13341
2016,02,30,4,909.74893
2016,02,30,5,909.92197
2016,02,30,6,912.0471
2016,02,30,7,913.06559
2016,02,1,0,912.9125
2016,02,1,1,913.20709
2016,02,1,2,913.75938
2016,02,1,3,913.74319
2016,02,1,4,913.67423
2016,02,1,5,913.4346
2016,02,1,6,913.95902
2016,02,1,7,914.66564
2016,02,2,0,915.05241
2016,02,2,1,914.96733
2016,02,2,2,914.91577
2016,02,2,3,915.35632
2016,02,2,4,915.57884
2016,02,2,5,915.65226
2016,02,2,6,916.21085
2016,02,2,7,916.50069
2016,02,3,0,916.55108
2016,02,3,1,916.46817
2016,02,3,2,917.00393
2016,02,3,3,917.33608
2016,02,3,4,915.78612
2016,02,3,5,913.92289
2016,02,3,6,914.44365
2016,02,3,7,914.63114
2016,02,4,0,912.34885
2016,02,4,1,910.39145
2016,02,4,2,909.57538
2016,02,4,3,908.43902
2016,02,4,4,908.827
2016,02,4,5,909.85246
2016,02,4,6,910.93672
2016,02,4,7,911.46268
2016,02,5,0,912.08453
2016,02,5,1,913.24583
2016,02,5,2,913.95255
2016,02,5,3,914.14125
2016,02,5,4,914.33966
2016,02,5,5,914.66784
2016,02,5,6,914.1531
2016,02,5,7,913.27426
2016,02,6,0,913.35274
2016,02,6,1,913.01389
2016,02,6,2,913.18615
2016,02,6,3,913.27505
2016,02,6,4,912.81822
2016,02,6,5,912.31594
2016,02,6,6,912.14402
2016,02,6,7,911.54696
2016,02,7,0,911.09449
2016,02,7,1,910.81398
2016,02,7,2,910.65502
2016,02,7,3,911.11669
2016,02,7,4,911.54244
2016,02,7,5,912.12524
2016,02,7,6,913.03519
2016,02,7,7,913.57291
2016,02,8,0,913.83755
2016,02,8,1,913.57377
2016,02,8,2,914.25231
2016,02,8,3,915.39074
2016,02,8,4,913.22111
2016,02,8,5,911.69696
2016,02,8,6,913.04444
2016,02,8,7,913.77872
2016,02,9,0,914.8759
2016,02,9,1,915.58162
2016,02,9,2,917.01682
2016,02,9,3,919.15716
2016,02,9,4,918.90778
2016,02,9,5,918.90114
2016,02,9,6,918.02789
2016,02,9,7,916.32439
2016,02,10,0,915.18349
2016,02,10,1,914.26234
2016,02,10,2,913.29713
2016,02,10,3,912.11275
2016,02,10,4,912.04348
2016,02,10,5,911.69187
2016,02,10,6,911.70821
2016,02,10,7,912.08323
2016,02,11,0,910.66057
2016,02,11,1,909.86252
2016,02,11,2,911.50755
2016,02,11,3,912.30845
2016,02,11,4,911.62102
2016,02,11,5,911.18022
2016,02,11,6,910.95095
2016,02,11,7,910.75857
2016,02,12,0,909.63377
2016,02,12,1,908.90895
2016,02,12,2,907.85557
2016,02,12,3,906.81994
2016,02,12,4,906.65
2016,02,12,5,906.69717
2016,02,12,6,907.13569
2016,02,12,7,907.32137
2016,02,13,0,906.76198
2016,02,13,1,907.09121
2016,02,13,2,907.11358
2016,02,13,3,907.88346
2016,02,13,4,909.07399
2016,02,13,5,909.40337
2016,02,13,6,909.14543
2016,02,13,7,908.0359
2016,02,14,0,907.22755
2016,02,14,1,906.8843
2016,02,14,2,907.99051
2016,02,14,3,909.57376
2016,02,14,4,909.54174
2016,02,14,5,909.54646
2016,02,14,6,910.86206
2016,02,14,7,911.12275
2016,02,15,0,911.29639
2016,02,15,1,911.80035
2016,02,15,2,911.88842
2016,02,15,3,911.42671
2016,02,15,4,910.45318
2016,02,15,5,909.83473
2016,02,15,6,909.61326
2016,02,15,7,909.26313
2016,02,16,0,909.23733
2016,02,16,1,909.32416
2016,02,16,2,910.35884
2016,02,16,3,910.84277
2016,02,16,4,909.93741
2016,02,16,5,908.31903
2016,02,16,6,908.10176
2016,02,16,7,908.40927
2016,02,17,0,908.3275
2016,02,17,1,907.44803
2016,02,17,2,906.05751
2016,02,17,3,905.07821
2016,02,17,4,903.41466
2016,02,17,5,902.02891
2016,02,17,6,902.00568
2016,02,17,7,901.90665
2016,02,18,0,902.3175
2016,02,18,1,902.39453
2016,02,18,2,902.13844
2016,02,18,3,901.97364
2016,02,18,4,901.14856
2016,02,18,5,900.6271
2016,02,18,6,900.02845
2016,02,18,7,900.22634
2016,02,19,0,899.93219
2016,02,19,1,898.94794
2016,02,19,2,901.75408
2016,02,19,3,904.86231
2016,02,19,4,904.42706
2016,02,19,5,903.36358
2016,02,19,6,904.13013
2016,02,19,7,904.48124
2016,02,20,0,904.37308
2016,02,20,1,905.66911
2016,02,20,2,907.46784
2016,02,20,3,908.52166
2016,02,20,4,908.34862
2016,02,20,5,908.86922
2016,02,20,6,910.86063
2016,02,20,7,912.14743
2016,02,21,0,911.13534
2016,02,21,1,909.4792
2016,02,21,2,909.78457
2016,02,21,3,909.66309
2016,02,21,4,907.71892
2016,02,21,5,906.15487
2016,02,21,6,906.76183
2016,02,21,7,907.48036
2016,02,22,0,906.88509
2016,02,22,1,906.35451
2016,02,22,2,907.15269
2016,02,22,3,906.91087
2016,02,22,4,904.10069
2016,02,22,5,901.49013
2016,02,22,6,902.95887
2016,02,22,7,904.45246
2016,02,23,0,904.92584
2016,02,23,1,905.43731
2016,02,23,2,906.21985
2016,02,23,3,907.04241
2016,02,23,4,906.31861
2016,02,23,5,905.65314
2016,02,23,6,906.32597
2016,02,23,7,907.14309
2016,02,24,0,907.80421
2016,02,24,1,908.02874
2016,02,24,2,908.87432
2016,02,24,3,909.2543
2016,02,24,4,908.29373
2016,02,24,5,908.21301
2016,02,24,6,910.403
2016,02,24,7,911.57316
2016,02,25,0,908.84509
2016,02,25,1,906.04719
2016,02,25,2,908.0877
2016,02,25,3,909.80869
2016,02,25,4,908.65836
2016,02,25,5,908.6234
2016,02,25,6,911.13866
2016,02,25,7,913.20153
2016,02,26,0,912.50105
2016,02,26,1,910.91959
2016,02,26,2,911.53372
2016,02,26,3,911.38657
2016,02,26,4,908.96419
2016,02,26,5,907.26474
2016,02,26,6,907.80212
2016,02,26,7,908.38459
2016,02,27,0,908.74204
2016,02,27,1,908.43852
2016,02,27,2,907.95015
2016,02,27,3,907.40729
2016,02,27,4,907.13781
2016,02,27,5,907.3567
2016,02,27,6,907.36848
2016,02,27,7,906.95273
2016,02,28,0,906.50564
2016,02,28,1,905.7337
2016,02,28,2,906.09141
2016,02,28,3,906.33898
2016,02,28,4,905.36912
2016,02,28,5,904.55655
2016,02,28,6,905.14796
2016,02,28,7,905.854
2016,02,29,0,905.87336
2016,02,29,1,905.8089
2016,02,29,2,906.82461
2016,02,29,3,907.8517
2016,02,29,4,907.65342
2016,02,29,5,907.21164
2016,02,29,6,908.36343
2016,02,29,7,909.68828
2016,02,30,0,909.87803
2016,02,30,1,909.85932
2016,02,30,2,910.81502
2016,02,30,3,912.58621
2016,02,30,4,912.61503
2016,02,30,5,912.05829
2016,02,30,6,912.48247
2016,02,30,7,912.70619
2016,02,31,0,913.36169
2016,02,31,1,913.55298
2016,02,31,2,912.90917
2016,02,31,3,912.54316
2016,02,31,4,911.5122
2016,02,31,5,908.70185
2016,02,31,6,908.43401
2016,02,31,7,909.1008
2016,02,1,0,908.82591
2016,02,1,1,909.32993
2016,02,1,2,910.73547
2016,02,1,3,911.54231
2016,02,1,4,912.07853
2016,02,1,5,913.00981
2016,02,1,6,915.00924
2016,02,1,7,917.5884
2016,02,2,0,917.40099
2016,02,2,1,917.19302
2016,02,2,2,919.48204
2016,02,2,3,920.5166
2016,02,2,4,920.67403
2016,02,2,5,920.85262
2016,02,2,6,947.90648
2016,02,2,7,947.16917
2016,02,3,0,921.60971
2016,02,3,1,919.91511
2016,02,3,2,918.5671
2016,02,3,3,916.92765
2016,02,3,4,916.03944
2016,02,3,5,915.90194
2016,02,3,6,914.93331
2016,02,3,7,914.93673
2016,02,4,0,914.99018
2016,02,4,1,916.22551
2016,02,4,2,919.96454
2016,02,4,3,920.73381
2016,02,4,4,918.2318
2016,02,4,5,916.19587
2016,02,4,6,915.53385
2016,02,4,7,916.39724
2016,02,5,0,917.34661
2016,02,5,1,918.09264
2016,02,5,2,919.20678
2016,02,5,3,919.66803
2016,02,5,4,919.11649
2016,02,5,5,918.24823
2016,02,5,6,919.38847
2016,02,5,7,920.26226
2016,02,6,0,919.69932
2016,02,6,1,918.59613
2016,02,6,2,917.7579
2016,02,6,3,916.88406
2016,02,6,4,916.63327
2016,02,6,5,915.44389
2016,02,6,6,915.42891
2016,02,6,7,915.65316
2016,02,7,0,915.29604
2016,02,7,1,915.26946
2016,02,7,2,915.66038
2016,02,7,3,914.84938
2016,02,7,4,913.70256
2016,02,7,5,912.50485
2016,02,7,6,911.12257
2016,02,7,7,910.15916
2016,02,8,0,909.6137
2016,02,8,1,908.85959
2016,02,8,2,908.72223
2016,02,8,3,908.96334
2016,02,8,4,909.50589
2016,02,8,5,910.52392
2016,02,8,6,911.39637
2016,02,8,7,912.36894
2016,02,9,0,912.0607
2016,02,9,1,911.47158
2016,02,9,2,912.03552
2016,02,9,3,912.25712
2016,02,9,4,912.05849
2016,02,9,5,911.80304
2016,02,9,6,912.29895
2016,02,9,7,913.63658
2016,02,10,0,914.96345
2016,02,10,1,915.9024
2016,02,10,2,917.35396
2016,02,10,3,918.97137
2016,02,10,4,921.25161
2016,02,10,5,922.95388
2016,02,10,6,923.02377
2016,02,10,7,922.52187
2016,02,11,0,922.29128
2016,02,11,1,922.60111
2016,02,11,2,923.01725
2016,02,11,3,922.10453
2016,02,11,4,920.66141
2016,02,11,5,918.83315
2016,02,11,6,917.34733
2016,02,11,7,916.78084
2016,02,12,0,916.73202
2016,02,12,1,916.73604
2016,02,12,2,916.7668
2016,02,12,3,917.21783
2016,02,12,4,919.00584
2016,02,12,5,921.12464
2016,02,12,6,923.43313
2016,02,12,7,925.16032
2016,02,13,0,926.16012
2016,02,13,1,926.20255
2016,02,13,2,926.24928
2016,02,13,3,924.87073
2016,02,13,4,922.55057
2016,02,13,5,921.29149
2016,02,13,6,921.58897
2016,02,13,7,921.73464
2016,02,14,0,921.6044
2016,02,14,1,921.0523
2016,02,14,2,919.90176
2016,02,14,3,918.8898
2016,02,14,4,918.94021
2016,02,14,5,919.91092
2016,02,14,6,920.09729
2016,02,14,7,920.38863
2016,02,15,0,921.18038
2016,02,15,1,921.02423
2016,02,15,2,919.9828
2016,02,15,3,919.07868
2016,02,15,4,919.89648
2016,02,15,5,920.26853
2016,02,15,6,918.8837
2016,02,15,7,918.28845
2016,02,16,0,917.65867
2016,02,16,1,917.32052
2016,02,16,2,918.18083
2016,02,16,3,918.43702
2016,02,16,4,918.82631
2016,02,16,5,919.56423
2016,02,16,6,918.3582
2016,02,16,7,917.51127
2016,02,17,0,917.77083
2016,02,17,1,917.33161
2016,02,17,2,917.49507
2016,02,17,3,917.76817
2016,02,17,4,916.6921
2016,02,17,5,915.49492
2016,02,17,6,915.0408
2016,02,17,7,914.36435
2016,02,18,0,914.35345
2016,02,18,1,914.15251
2016,02,18,2,914.36738
2016,02,18,3,913.98984
2016,02,18,4,913.40776
2016,02,18,5,913.26583
2016,02,18,6,913.44072
2016,02,18,7,913.86147
2016,02,19,0,914.20933
2016,02,19,1,914.27776
2016,02,19,2,913.96649
2016,02,19,3,913.84954
2016,02,19,4,914.01164
2016,02,19,5,914.08614
2016,02,19,6,915.24961
2016,02,19,7,915.96616
2016,02,20,0,915.82551
2016,02,20,1,915.40939
2016,02,20,2,915.24287
2016,02,20,3,914.62698
2016,02,20,4,913.89525
2016,02,20,5,913.31368
2016,02,20,6,912.08969
2016,02,20,7,911.09924
2016,02,21,0,910.83711
2016,02,21,1,910.83131
2016,02,21,2,910.91249
2016,02,21,3,910.62645
2016,02,21,4,910.32484
2016,02,21,5,910.37345
2016,02,21,6,911.07585
2016,02,21,7,911.26277
2016,02,22,0,910.54776
2016,02,22,1,909.22615
2016,02,22,2,908.36686
2016,02,22,3,908.44805
2016,02,22,4,909.1718
2016,02,22,5,910.25368
2016,02,22,6,911.02786
2016,02,22,7,911.9292
2016,02,23,0,913.96329
2016,02,23,1,915.38551
2016,02,23,2,914.70181
2016,02,23,3,913.58459
2016,02,23,4,912.49048
2016,02,23,5,911.33933
2016,02,23,6,910.41781
2016,02,23,7,909.89564
2016,02,24,0,909.41495
2016,02,24,1,908.88737
2016,02,24,2,909.20377
2016,02,24,3,909.4329
2016,02,24,4,908.74623
2016,02,24,5,908.10451
2016,02,24,6,907.59673
2016,02,24,7,907.35702
2016,02,25,0,907.91126
2016,02,25,1,908.45968
2016,02,25,2,909.16665
2016,02,25,3,909.84004
2016,02,25,4,910.19035
2016,02,25,5,910.78349
2016,02,25,6,910.72975
2016,02,25,7,910.69987
2016,02,26,0,910.79856
2016,02,26,1,910.58982
2016,02,26,2,910.64341
2016,02,26,3,910.7781
2016,02,26,4,911.61142
2016,02,26,5,912.40115
2016,02,26,6,912.21878
2016,02,26,7,912.33295
2016,02,27,0,912.40277
2016,02,27,1,912.23637
2016,02,27,2,911.58026
2016,02,27,3,911.11792
2016,02,27,4,910.95076
2016,02,27,5,911.08002
2016,02,27,6,911.22643
2016,02,27,7,911.29613
2016,02,28,0,911.43153
2016,02,28,1,911.18928
2016,02,28,2,911.52841
2016,02,28,3,911.82108
2016,02,28,4,911.33411
2016,02,28,5,911.2632
2016,02,28,6,911.7665
2016,02,28,7,911.9884
2016,02,29,0,911.56749
2016,02,29,1,911.11248
2016,02,29,2,911.0838
2016,02,29,3,910.66551
2016,02,29,4,909.97663
2016,02,29,5,909.79926
2016,02,29,6,910.11378
2016,02,29,7,910.47507
2016,02,30,0,910.73487
2016,02,30,1,910.88341
2016,02,30,2,911.60225
2016,02,30,3,912.394
2016,02,30,4,911.75139
2016,02,30,5,911.11984
2016,02,30,6,912.67005
2016,02,30,7,913.83928
2016,02,1,0,913.9456
2016,02,1,1,913.91288
2016,02,1,2,916.3072
2016,02,1,3,918.71504
2016,02,1,4,918.43679
2016,02,1,5,917.91316
2016,02,1,6,918.91056
2016,02,1,7,919.34572
2016,02,2,0,919.57787
2016,02,2,1,919.67906
2016,02,2,2,918.4959
2016,02,2,3,917.35087
2016,02,2,4,916.97902
2016,02,2,5,916.4851
2016,02,2,6,916.44649
2016,02,2,7,916.40748
2016,02,3,0,915.77588
2016,02,3,1,915.25641
2016,02,3,2,916.14779
2016,02,3,3,917.19458
2016,02,3,4,917.70456
2016,02,3,5,917.99574
2016,02,3,6,917.94929
2016,02,3,7,917.64006
2016,02,4,0,918.10413
2016,02,4,1,918.01655
2016,02,4,2,917.65163
2016,02,4,3,916.82574
2016,02,4,4,916.03558
2016,02,4,5,915.23914
2016,02,4,6,914.69797
2016,02,4,7,914.66177
2016,02,5,0,914.33122
2016,02,5,1,913.54147
2016,02,5,2,913.27444
2016,02,5,3,913.01997
2016,02,5,4,913.18953
2016,02,5,5,913.29231
2016,02,5,6,913.41255
2016,02,5,7,913.36198
2016,02,6,0,912.88898
2016,02,6,1,912.68069
2016,02,6,2,912.71879
2016,02,6,3,912.58479
2016,02,6,4,912.29563
2016,02,6,5,912.44461
2016,02,6,6,913.20564
2016,02,6,7,913.83906
2016,02,7,0,913.74862
2016,02,7,1,913.50356
2016,02,7,2,913.72839
2016,02,7,3,913.08189
2016,02,7,4,911.81847
2016,02,7,5,910.6029
2016,02,7,6,910.35377
2016,02,7,7,910.2429
2016,02,8,0,910.14667
2016,02,8,1,910.34511
2016,02,8,2,910.75839
2016,02,8,3,911.02129
2016,02,8,4,911.26442
2016,02,8,5,911.65117
2016,02,8,6,911.94584
2016,02,8,7,911.95778
2016,02,9,0,911.70919
2016,02,9,1,911.28398
2016,02,9,2,912.12409
2016,02,9,3,913.06558
2016,02,9,4,913.02373
2016,02,9,5,912.81875
2016,02,9,6,912.69755
2016,02,9,7,912.91142
2016,02,10,0,912.72341
2016,02,10,1,912.31421
2016,02,10,2,911.92716
2016,02,10,3,911.29865
2016,02,10,4,911.81707
2016,02,10,5,912.01819
2016,02,10,6,911.92135
2016,02,10,7,912.04791
2016,02,11,0,912.05374
2016,02,11,1,911.44636
2016,02,11,2,910.53649
2016,02,11,3,909.85976
2016,02,11,4,909.66843
2016,02,11,5,909.68535
2016,02,11,6,909.86146
2016,02,11,7,910.47479
2016,02,12,0,911.28456
2016,02,12,1,911.41003
2016,02,12,2,911.64093
2016,02,12,3,912.1295
2016,02,12,4,912.68417
2016,02,12,5,913.28011
2016,02,12,6,914.30525
2016,02,12,7,915.4668
2016,02,13,0,916.86752
2016,02,13,1,917.72539
2016,02,13,2,918.44541
2016,02,13,3,918.82905
2016,02,13,4,919.09469
2016,02,13,5,918.47038
2016,02,13,6,918.07021
2016,02,13,7,917.91943
2016,02,14,0,917.9347
2016,02,14,1,918.08193
2016,02,14,2,916.96314
2016,02,14,3,915.85955
2016,02,14,4,914.56094
2016,02,14,5,913.6072
2016,02,14,6,913.04762
2016,02,14,7,912.78773
2016,02,15,0,912.61011
2016,02,15,1,912.1953
2016,02,15,2,912.39336
2016,02,15,3,912.85524
2016,02,15,4,913.05244
2016,02,15,5,913.10713
2016,02,15,6,914.40528
2016,02,15,7,916.26526
2016,02,16,0,917.52087
2016,02,16,1,918.21562
2016,02,16,2,918.9926
2016,02,16,3,919.11945
2016,02,16,4,918.47475
2016,02,16,5,918.17838
2016,02,16,6,918.50945
2016,02,16,7,918.84656
2016,02,17,0,918.74296
2016,02,17,1,918.49566
2016,02,17,2,918.49683
2016,02,17,3,918.44309
2016,02,17,4,917.99677
2016,02,17,5,917.13871
2016,02,17,6,916.92784
2016,02,17,7,916.91712
2016,02,18,0,916.98807
2016,02,18,1,916.6285
2016,02,18,2,916.4523
2016,02,18,3,915.71199
2016,02,18,4,916.02844
2016,02,18,5,916.34194
2016,02,18,6,916.36165
2016,02,18,7,916.6227
2016,02,19,0,915.80262
2016,02,19,1,914.91681
2016,02,19,2,915.37237
2016,02,19,3,915.81047
2016,02,19,4,915.63493
2016,02,19,5,915.75192
2016,02,19,6,916.62406
2016,02,19,7,917.30654
2016,02,20,0,917.95538
2016,02,20,1,918.95013
2016,02,20,2,921.13762
2016,02,20,3,923.30775
2016,02,20,4,923.21652
2016,02,20,5,922.27332
2016,02,20,6,922.03573
2016,02,20,7,921.60836
2016,02,21,0,921.92272
2016,02,21,1,922.08464
2016,02,21,2,921.81338
2016,02,21,3,920.54738
2016,02,21,4,919.38493
2016,02,21,5,918.52237
2016,02,21,6,917.82774
2016,02,21,7,917.70096
2016,02,22,0,918.04482
2016,02,22,1,918.03151
2016,02,22,2,918.25054
2016,02,22,3,919.15693
2016,02,22,4,920.05534
2016,02,22,5,920.9979
2016,02,22,6,921.21791
2016,02,22,7,921.17065
2016,02,23,0,922.30628
2016,02,23,1,922.62567
2016,02,23,2,922.18547
2016,02,23,3,921.85325
2016,02,23,4,921.4587
2016,02,23,5,920.32887
2016,02,23,6,918.47005
2016,02,23,7,916.74674
2016,02,24,0,916.07673
2016,02,24,1,915.86899
2016,02,24,2,915.47313
2016,02,24,3,915.24548
2016,02,24,4,915.39848
2016,02,24,5,915.29528
2016,02,24,6,915.9516
2016,02,24,7,916.80283
2016,02,25,0,916.41636
2016,02,25,1,915.94862
2016,02,25,2,915.41108
2016,02,25,3,914.58415
2016,02,25,4,913.90293
2016,02,25,5,913.17178
2016,02,25,6,913.32655
2016,02,25,7,913.69439
2016,02,26,0,913.79896
2016,02,26,1,913.59637
2016,02,26,2,912.89908
2016,02,26,3,912.48356
2016,02,26,4,913.22424
2016,02,26,5,913.65756
2016,02,26,6,914.07708
2016,02,26,7,914.32448
2016,02,27,0,914.70823
2016,02,27,1,914.55087
2016,02,27,2,914.01278
2016,02,27,3,913.62944
2016,02,27,4,913.9337
2016,02,27,5,914.12962
2016,02,27,6,913.97981
2016,02,27,7,913.81745
2016,02,28,0,913.78773
2016,02,28,1,913.493
2016,02,28,2,913.74002
2016,02,28,3,914.17454
2016,02,28,4,914.35774
2016,02,28,5,914.22026
2016,02,28,6,913.9868
2016,02,28,7,913.47996
2016,02,29,0,914.32037
2016,02,29,1,914.87493
2016,02,29,2,914.8317
2016,02,29,3,914.72228
2016,02,29,4,915.12684
2016,02,29,5,914.99091
2016,02,29,6,914.22013
2016,02,29,7,913.25108
2016,02,30,0,913.0191
2016,02,30,1,912.81318
2016,02,30,2,912.56821
2016,02,30,3,912.37633
2016,02,30,4,912.63775
2016,02,30,5,912.98066
2016,02,30,6,913.05692
2016,02,30,7,912.70033
2016,02,31,0,912.56714
2016,02,31,1,912.28369
2016,02,31,2,911.9131
2016,02,31,3,910.9425
2016,02,31,4,910.71848
2016,02,31,5,910.79568
2016,02,31,6,911.25201
2016,02,31,7,911.96065
2017,02,1,0,912.16032
2017,02,1,1,911.71935
2017,02,1,2,911.97248
2017,02,1,3,912.05439
2017,02,1,4,912.34918
2017,02,1,5,912.72914
2017,02,1,6,913.22907
2017,02,1,7,913.68185
2017,02,2,0,914.25307
2017,02,2,1,914.37998
2017,02,2,2,914.30438
2017,02,2,3,914.59867
2017,02,2,4,914.61388
2017,02,2,5,914.25947
2017,02,2,6,914.33985
2017,02,2,7,914.74505
2017,02,3,0,914.4059
2017,02,3,1,913.60667
2017,02,3,2,913.13312
2017,02,3,3,912.7689
2017,02,3,4,912.03023
2017,02,3,5,910.93342
2017,02,3,6,910.9071
2017,02,3,7,911.58521
2017,02,4,0,912.08699
2017,02,4,1,911.67534
2017,02,4,2,912.49562
2017,02,4,3,914.32674
2017,02,4,4,914.87779
2017,02,4,5,914.71722
2017,02,4,6,914.454
2017,02,4,7,914.34207
2017,02,5,0,914.81641
2017,02,5,1,914.72083
2017,02,5,2,914.10738
2017,02,5,3,913.16476
2017,02,5,4,912.22103
2017,02,5,5,911.59036
2017,02,5,6,909.92315
2017,02,5,7,908.66947
2017,02,6,0,908.25311
2017,02,6,1,906.85959
2017,02,6,2,905.48225
2017,02,6,3,905.21216
2017,02,6,4,905.78112
2017,02,6,5,906.41115
2017,02,6,6,906.97389
2017,02,6,7,907.70076
2017,02,7,0,908.40763
2017,02,7,1,908.83692
2017,02,7,2,909.71166
2017,02,7,3,910.65303
2017,02,7,4,911.24461
2017,02,7,5,911.45032
2017,02,7,6,911.89488
2017,02,7,7,912.54713
2017,02,8,0,912.66419
2017,02,8,1,912.4045
2017,02,8,2,912.33065
2017,02,8,3,912.64924
2017,02,8,4,913.26022
2017,02,8,5,913.61691
2017,02,8,6,914.99585
2017,02,8,7,916.43639
2017,02,9,0,916.49575
2017,02,9,1,916.29507
2017,02,9,2,916.6526
2017,02,9,3,917.39664
2017,02,9,4,918.33542
2017,02,9,5,918.60322
2017,02,9,6,919.28021
2017,02,9,7,920.36777
2017,02,10,0,919.77478
2017,02,10,1,918.99385
2017,02,10,2,919.27712
2017,02,10,3,919.2186
2017,02,10,4,919.47619
2017,02,10,5,919.59285
2017,02,10,6,920.22927
2017,02,10,7,921.39287
2017,02,11,0,922.29955
2017,02,11,1,922.82608
2017,02,11,2,923.12761
2017,02,11,3,923.46026
2017,02,11,4,924.28566
2017,02,11,5,924.38089
2017,02,11,6,923.41327
2017,02,11,7,922.39683
2017,02,12,0,922.05823
2017,02,12,1,921.50365
2017,02,12,2,920.64793
2017,02,12,3,919.90843
2017,02,12,4,919.93608
2017,02,12,5,919.93618
2017,02,12,6,920.194
2017,02,12,7,920.21075
2017,02,13,0,920.76653
2017,02,13,1,921.62358
2017,02,13,2,922.20034
2017,02,13,3,922.89545
2017,02,13,4,943.33444
2017,02,13,5,943.19434
2017,02,13,6,943.08695
2017,02,13,7,942.79499
2017,02,14,0,943.33751
2017,02,14,1,944.26112
2017,02,14,2,944.09489
2017,02,14,3,944.133
2017,02,14,4,944.33423
2017,02,14,5,943.94645
2017,02,14,6,927.04884
2017,02,14,7,927.51976
2017,02,15,0,926.68285
2017,02,15,1,925.32636
2017,02,15,2,924.39059
2017,02,15,3,922.82683
2017,02,15,4,921.31972
2017,02,15,5,919.79883
2017,02,15,6,917.89405
2017,02,15,7,916.7016
2017,02,16,0,916.95181
2017,02,16,1,916.98748
2017,02,16,2,917.11196
2017,02,16,3,917.6019
2017,02,16,4,918.65512
2017,02,16,5,919.26537
2017,02,16,6,920.2248
2017,02,16,7,921.30284
2017,02,17,0,921.50921
2017,02,17,1,920.54455
2017,02,17,2,919.57853
2017,02,17,3,918.69758
2017,02,17,4,919.38059
2017,02,17,5,919.37731
2017,02,17,6,918.21595
2017,02,17,7,917.17867
2017,02,18,0,916.50568
2017,02,18,1,915.83691
2017,02,18,2,915.3494
2017,02,18,3,915.11641
2017,02,18,4,915.61859
2017,02,18,5,915.91916
2017,02,18,6,916.59516
2017,02,18,7,917.20393
2017,02,19,0,916.41191
2017,02,19,1,915.64722
2017,02,19,2,915.86008
2017,02,19,3,916.15719
2017,02,19,4,939.06012
2017,02,19,5,938.35897
2017,02,19,6,938.97408
2017,02,19,7,939.62514
2017,02,20,0,939.09273
2017,02,20,1,938.02725
2017,02,20,2,938.89733
2017,02,20,3,939.78633
2017,02,20,4,940.2094
2017,02,20,5,940.14187
2017,02,20,6,916.04725
2017,02,20,7,915.78161
2017,02,21,0,915.13351
2017,02,21,1,914.29779
2017,02,21,2,913.67855
2017,02,21,3,913.2844
2017,02,21,4,912.54633
2017,02,21,5,911.74915
2017,02,21,6,911.51979
2017,02,21,7,911.48073
2017,02,22,0,911.37311
2017,02,22,1,911.22911
2017,02,22,2,911.66356
2017,02,22,3,912.62074
2017,02,22,4,913.71933
2017,02,22,5,914.79387
2017,02,22,6,915.91263
2017,02,22,7,917.18909
2017,02,23,0,918.06955
2017,02,23,1,918.73841
2017,02,23,2,919.89202
2017,02,23,3,920.62402
2017,02,23,4,921.14187
2017,02,23,5,921.40906
2017,02,23,6,921.17929
2017,02,23,7,920.91637
2017,02,24,0,921.0465
2017,02,24,1,920.74298
2017,02,24,2,919.41721
2017,02,24,3,918.54249
2017,02,24,4,917.74295
2017,02,24,5,916.66778
2017,02,24,6,915.65288
2017,02,24,7,915.01562
2017,02,25,0,915.01843
2017,02,25,1,914.54952
2017,02,25,2,913.91292
2017,02,25,3,913.38587
2017,02,25,4,914.00096
2017,02,25,5,914.63091
2017,02,25,6,914.25544
2017,02,25,7,913.54937
2017,02,26,0,913.36814
2017,02,26,1,913.27115
2017,02,26,2,912.94954
2017,02,26,3,912.69777
2017,02,26,4,913.32568
2017,02,26,5,913.89671
2017,02,26,6,914.06835
2017,02,26,7,914.94346
2017,02,27,0,916.35292
2017,02,27,1,917.24195
2017,02,27,2,917.23891
2017,02,27,3,917.19602
2017,02,27,4,917.67998
2017,02,27,5,917.87345
2017,02,27,6,916.99786
2017,02,27,7,916.17907
2017,02,28,0,916.32497
2017,02,28,1,916.09378
2017,02,28,2,914.52624
2017,02,28,3,912.196
2017,02,28,4,910.06408
2017,02,28,5,908.65988
2017,02,28,6,908.12664
2017,02,28,7,908.00389
2017,02,29,0,908.36702
2017,02,29,1,908.372
2017,02,29,2,907.84037
2017,02,29,3,907.06547
2017,02,29,4,906.73093
2017,02,29,5,906.36182
2017,02,29,6,907.01912
2017,02,29,7,907.59646
2017,02,30,0,907.88366
2017,02,30,1,908.23152
2017,02,30,2,909.36492
2017,02,30,3,909.99063
2017,02,30,4,910.4378
2017,02,30,5,911.01949
2017,02,30,6,911.48343
2017,02,30,7,912.04402
2017,02,31,0,912.90051
2017,02,31,1,913.10991
2017,02,31,2,913.34911
2017,02,31,3,913.57593
2017,02,31,4,913.36198
2017,02,31,5,913.11071
2017,02,31,6,912.66922
2017,02,31,7,912.59821
2017,02,1,0,912.37476
2017,02,1,1,911.89347
2017,02,1,2,912.59285
2017,02,1,3,912.88949
2017,02,1,4,911.98052
2017,02,1,5,911.54093
2017,02,1,6,911.92678
2017,02,1,7,912.42549
2017,02,2,0,912.57845
2017,02,2,1,912.57194
2017,02,2,2,913.30186
2017,02,2,3,913.82648
2017,02,2,4,913.41141
2017,02,2,5,912.93593
2017,02,2,6,913.61201
2017,02,2,7,914.01702
2017,02,3,0,913.54615
2017,02,3,1,912.9957
2017,02,3,2,913.61066
2017,02,3,3,913.74715
2017,02,3,4,913.49288
2017,02,3,5,913.9622
2017,02,3,6,914.95485
2017,02,3,7,915.86177
2017,02,4,0,916.37561
2017,02,4,1,917.04267
2017,02,4,2,918.15198
2017,02,4,3,919.10296
2017,02,4,4,919.00195
2017,02,4,5,918.5099
2017,02,4,6,918.31355
2017,02,4,7,918.08693
2017,02,5,0,918.46045
2017,02,5,1,918.43896
2017,02,5,2,917.23331
2017,02,5,3,916.15391
2017,02,5,4,914.83545
2017,02,5,5,913.1513
2017,02,5,6,912.2198
2017,02,5,7,911.75019
2017,02,6,0,911.71196
2017,02,6,1,911.84987
2017,02,6,2,911.73869
2017,02,6,3,911.83392
2017,02,6,4,912.60158
2017,02,6,5,913.17912
2017,02,6,6,912.96407
2017,02,6,7,912.88867
2017,02,7,0,914.88373
2017,02,7,1,916.18714
2017,02,7,2,915.12074
2017,02,7,3,913.92794
2017,02,7,4,914.19092
2017,02,7,5,914.5526
2017,02,7,6,913.52172
2017,02,7,7,911.94819
2017,02,8,0,911.12928
2017,02,8,1,910.82027
2017,02,8,2,912.02595
2017,02,8,3,914.50574
2017,02,8,4,914.55471
2017,02,8,5,912.91841
2017,02,8,6,912.42198
2017,02,8,7,913.94844
2017,02,9,0,916.785
2017,02,9,1,918.85947
2017,02,9,2,918.11845
2017,02,9,3,917.10781
2017,02,9,4,918.43978
2017,02,9,5,920.09362
2017,02,9,6,920.73708
2017,02,9,7,920.86704
2017,02,10,0,919.87462
2017,02,10,1,918.27543
2017,02,10,2,918.22014
2017,02,10,3,917.67506
2017,02,10,4,917.62411
2017,02,10,5,916.78848
2017,02,10,6,915.97373
2017,02,10,7,915.60781
2017,02,11,0,914.16178
2017,02,11,1,912.67965
2017,02,11,2,911.72018
2017,02,11,3,911.31578
2017,02,11,4,910.91881
2017,02,11,5,910.05127
2017,02,11,6,909.323
2017,02,11,7,908.90739
2017,02,12,0,908.15178
2017,02,12,1,907.39138
2017,02,12,2,907.26657
2017,02,12,3,907.47151
2017,02,12,4,907.55775
2017,02,12,5,907.61795
2017,02,12,6,908.95991
2017,02,12,7,910.08791
2017,02,13,0,910.74583
2017,02,13,1,911.39077
2017,02,13,2,912.93048
2017,02,13,3,914.11188
2017,02,13,4,914.69335
2017,02,13,5,915.19428
2017,02,13,6,915.14951
2017,02,13,7,915.03649
2017,02,14,0,916.02364
2017,02,14,1,916.45833
2017,02,14,2,915.67919
2017,02,14,3,914.42285
2017,02,14,4,914.32224
2017,02,14,5,913.48902
2017,02,14,6,910.48449
2017,02,14,7,908.22204
2017,02,15,0,907.33543
2017,02,15,1,907.39184
2017,02,15,2,907.03106
2017,02,15,3,906.36165
2017,02,15,4,906.52846
2017,02,15,5,907.46271
2017,02,15,6,909.26581
2017,02,15,7,911.96267
2017,02,16,0,914.10401
2017,02,16,1,914.6561
2017,02,16,2,915.87717
2017,02,16,3,916.93027
2017,02,16,4,916.80703
2017,02,16,5,916.10163
2017,02,16,6,916.59712
2017,02,16,7,916.70323
2017,02,17,0,915.67426
2017,02,17,1,914.63602
2017,02,17,2,914.73944
2017,02,17,3,914.52136
2017,02,17,4,912.968
2017,02,17,5,911.82095
2017,02,17,6,911.91279
2017,02,17,7,912.10338
2017,02,18,0,912.49721
2017,02,18,1,912.12071
2017,02,18,2,911.98722
2017,02,18,3,911.75902
2017,02,18,4,912.27296
2017,02,18,5,912.90654
2017,02,18,6,911.94903
2017,02,18,7,910.32927
2017,02,19,0,909.46635
2017,02,19,1,909.04833
2017,02,19,2,907.41255
2017,02,19,3,905.63988
2017,02,19,4,905.67161
2017,02,19,5,905.93242
2017,02,19,6,906.23194
2017,02,19,7,906.52872
2017,02,20,0,906.94672
2017,02,20,1,907.43151
2017,02,20,2,907.75135
2017,02,20,3,907.97626
2017,02,20,4,908.56787
2017,02,20,5,908.97562
2017,02,20,6,909.23222
2017,02,20,7,909.55061
2017,02,21,0,910.63934
2017,02,21,1,911.56319
2017,02,21,2,912.37441
2017,02,21,3,913.3351
2017,02,21,4,914.1259
2017,02,21,5,914.74839
2017,02,21,6,915.84127
2017,02,21,7,917.24377
2017,02,22,0,918.10881
2017,02,22,1,918.37783
2017,02,22,2,919.0605
2017,02,22,3,919.55786
2017,02,22,4,919.09536
2017,02,22,5,918.50105
2017,02,22,6,918.71748
2017,02,22,7,918.96759
2017,02,23,0,918.28584
2017,02,23,1,917.27738
2017,02,23,2,915.95289
2017,02,23,3,914.74576
2017,02,23,4,914.23194
2017,02,23,5,913.2142
2017,02,23,6,912.36469
2017,02,23,7,912.01605
2017,02,24,0,912.11493
2017,02,24,1,911.31888
2017,02,24,2,910.63929
2017,02,24,3,910.27033
2017,02,24,4,909.95256
2017,02,24,5,909.37499
2017,02,24,6,908.45772
2017,02,24,7,907.41754
2017,02,25,0,906.41086
2017,02,25,1,905.1948
2017,02,25,2,905.46266
2017,02,25,3,905.71808
2017,02,25,4,905.81654
2017,02,25,5,906.10572
2017,02,25,6,906.75604
2017,02,25,7,907.11746
2017,02,26,0,908.76495
2017,02,26,1,910.49393
2017,02,26,2,911.25519
2017,02,26,3,912.06611
2017,02,26,4,913.04377
2017,02,26,5,913.82392
2017,02,26,6,914.68002
2017,02,26,7,915.44721
2017,02,27,0,916.14316
2017,02,27,1,916.42518
2017,02,27,2,915.55379
2017,02,27,3,914.72769
2017,02,27,4,916.06822
2017,02,27,5,916.58057
2017,02,27,6,916.36862
2017,02,27,7,916.7141
2017,02,28,0,917.99959
2017,02,28,1,918.6651
2017,02,28,2,920.51712
2017,02,28,3,921.66487
2017,02,28,4,921.92691
2017,02,28,5,921.65726
2017,02,28,6,921.2887
2017,02,28,7,921.14814
2017,02,1,0,921.66756
2017,02,1,1,922.14789
2017,02,1,2,922.51816
2017,02,1,3,922.62267
2017,02,1,4,922.18469
2017,02,1,5,921.22657
2017,02,1,6,919.45512
2017,02,1,7,916.46182
2017,02,2,0,915.16829
2017,02,2,1,914.9414
2017,02,2,2,915.73279
2017,02,2,3,916.86332
2017,02,2,4,917.84884
2017,02,2,5,919.66144
2017,02,2,6,921.33376
2017,02,2,7,922.8301
2017,02,3,0,923.89949
2017,02,3,1,924.06873
2017,02,3,2,924.62073
2017,02,3,3,948.45359
2017,02,3,4,948.35373
2017,02,3,5,948.82298
2017,02,3,6,950.01614
2017,02,3,7,950.83272
2017,02,4,0,949.88665
2017,02,4,1,948.8532
2017,02,4,2,949.24347
2017,02,4,3,949.1583
2017,02,4,4,949.61906
2017,02,4,5,950.37658
2017,02,4,6,950.70819
2017,02,4,7,950.84534
2017,02,5,0,950.23221
2017,02,5,1,948.95341
2017,02,5,2,948.23838
2017,02,5,3,947.34652
2017,02,5,4,947.76973
2017,02,5,5,947.3353
2017,02,5,6,946.46137
2017,02,5,7,944.95293
2017,02,6,0,920.63585
2017,02,6,1,920.41583
2017,02,6,2,919.73004
2017,02,6,3,919.04728
2017,02,6,4,918.28205
2017,02,6,5,917.65139
2017,02,6,6,917.12239
2017,02,6,7,916.30755
2017,02,7,0,915.93659
2017,02,7,1,915.99227
2017,02,7,2,915.11198
2017,02,7,3,914.14337
2017,02,7,4,913.57169
2017,02,7,5,912.93748
2017,02,7,6,912.21742
2017,02,7,7,912.07659
2017,02,8,0,911.83909
2017,02,8,1,911.10025
2017,02,8,2,911.0721
2017,02,8,3,911.29844
2017,02,8,4,910.6817
2017,02,8,5,910.48957
2017,02,8,6,910.02551
2017,02,8,7,909.63107
2017,02,9,0,909.4868
2017,02,9,1,909.36966
2017,02,9,2,908.76433
2017,02,9,3,908.41627
2017,02,9,4,909.03772
2017,02,9,5,909.78307
2017,02,9,6,909.48541
2017,02,9,7,909.03853
2017,02,10,0,907.92969
2017,02,10,1,906.65682
2017,02,10,2,906.98893
2017,02,10,3,908.1063
2017,02,10,4,908.42034
2017,02,10,5,908.87954
2017,02,10,6,909.01855
2017,02,10,7,908.95626
2017,02,11,0,908.71424
2017,02,11,1,907.96678
2017,02,11,2,907.8595
2017,02,11,3,907.59465
2017,02,11,4,907.23553
2017,02,11,5,907.18733
2017,02,11,6,907.74054
2017,02,11,7,908.7609
2017,02,12,0,909.06146
2017,02,12,1,908.5164
2017,02,12,2,909.17165
2017,02,12,3,909.87754
2017,02,12,4,909.7866
2017,02,12,5,909.71946
2017,02,12,6,910.64727
2017,02,12,7,911.49141
2017,02,13,0,911.68162
2017,02,13,1,911.53529
2017,02,13,2,912.45447
2017,02,13,3,913.35538
2017,02,13,4,913.65391
2017,02,13,5,913.66568
2017,02,13,6,914.12637
2017,02,13,7,914.16247
2017,02,14,0,914.17403
2017,02,14,1,914.35587
2017,02,14,2,914.59039
2017,02,14,3,914.56608
2017,02,14,4,914.34893
2017,02,14,5,913.80982
2017,02,14,6,913.50705
2017,02,14,7,913.0733
2017,02,15,0,913.01452
2017,02,15,1,912.99797
2017,02,15,2,912.83274
2017,02,15,3,911.98458
2017,02,15,4,911.13974
2017,02,15,5,910.64453
2017,02,15,6,911.25667
2017,02,15,7,911.0338
2017,02,16,0,910.08006
2017,02,16,1,910.3324
2017,02,16,2,910.00805
2017,02,16,3,909.62431
2017,02,16,4,910.17958
2017,02,16,5,909.9958
2017,02,16,6,908.04523
2017,02,16,7,908.01384
2017,02,17,0,911.20501
2017,02,17,1,912.5949
2017,02,17,2,911.91373
2017,02,17,3,910.77197
2017,02,17,4,909.88641
2017,02,17,5,909.433
2017,02,17,6,910.54564
2017,02,17,7,910.87826
2017,02,18,0,912.08332
2017,02,18,1,911.54916
2017,02,18,2,910.77068
2017,02,18,3,909.96661
2017,02,18,4,909.31634
2017,02,18,5,908.2248
2017,02,18,6,907.3685
2017,02,18,7,907.00149
2017,02,19,0,907.20623
2017,02,19,1,907.24199
2017,02,19,2,908.44017
2017,02,19,3,909.37609
2017,02,19,4,910.1788
2017,02,19,5,911.15513
2017,02,19,6,911.8891
2017,02,19,7,912.74395
2017,02,20,0,913.74295
2017,02,20,1,914.45575
2017,02,20,2,915.02164
2017,02,20,3,915.46465
2017,02,20,4,915.35511
2017,02,20,5,915.2763
2017,02,20,6,915.54631
2017,02,20,7,915.37419
2017,02,21,0,915.57289
2017,02,21,1,915.20839
2017,02,21,2,914.85344
2017,02,21,3,915.02599
2017,02,21,4,915.4138
2017,02,21,5,915.26144
2017,02,21,6,915.15337
2017,02,21,7,915.7135
2017,02,22,0,915.31891
2017,02,22,1,914.9884
2017,02,22,2,915.49197
2017,02,22,3,915.42773
2017,02,22,4,914.52471
2017,02,22,5,913.36794
2017,02,22,6,912.98305
2017,02,22,7,912.48547
2017,02,23,0,911.84142
2017,02,23,1,911.18293
2017,02,23,2,910.84965
2017,02,23,3,910.44867
2017,02,23,4,910.44292
2017,02,23,5,910.61233
2017,02,23,6,910.92877
2017,02,23,7,911.73719
2017,02,24,0,911.11169
2017,02,24,1,910.61173
2017,02,24,2,911.09949
2017,02,24,3,910.95149
2017,02,24,4,911.45495
2017,02,24,5,913.13298
2017,02,24,6,914.99152
2017,02,24,7,916.0481
2017,02,25,0,916.61763
2017,02,25,1,917.89282
2017,02,25,2,918.31981
2017,02,25,3,917.75998
2017,02,25,4,915.74873
2017,02,25,5,914.61568
2017,02,25,6,915.40036
2017,02,25,7,916.24815
2017,02,26,0,915.88603
2017,02,26,1,915.4073
2017,02,26,2,915.71922
2017,02,26,3,915.08159
2017,02,26,4,914.96663
2017,02,26,5,914.6079
2017,02,26,6,914.32846
2017,02,26,7,913.99313
2017,02,27,0,914.05422
2017,02,27,1,913.87494
2017,02,27,2,914.05245
2017,02,27,3,913.93153
2017,02,27,4,914.26305
2017,02,27,5,914.62927
2017,02,27,6,913.19315
2017,02,27,7,912.2775
2017,02,28,0,911.97159
2017,02,28,1,911.40017
2017,02,28,2,911.57547
2017,02,28,3,911.61644
2017,02,28,4,911.50792
2017,02,28,5,911.62289
2017,02,28,6,910.79011
2017,02,28,7,910.19043
2017,02,29,0,910.94848
2017,02,29,1,911.23938
2017,02,29,2,910.90431
2017,02,29,3,910.24674
2017,02,29,4,909.84241
2017,02,29,5,909.40653
2017,02,29,6,908.88872
2017,02,29,7,908.41111
2017,02,30,0,907.16028
2017,02,30,1,905.76423
2017,02,30,2,905.31795
2017,02,30,3,904.89008
2017,02,30,4,904.55382
2017,02,30,5,904.60958
2017,02,30,6,904.57482
2017,02,30,7,904.63741
2017,02,31,0,905.21866
2017,02,31,1,905.44562
2017,02,31,2,905.56847
2017,02,31,3,905.62285
2017,02,31,4,904.96635
2017,02,31,5,904.41738
2017,02,31,6,904.63018
2017,02,31,7,904.92215
2017,02,1,0,905.31195
2017,02,1,1,906.13111
2017,02,1,2,908.63076
2017,02,1,3,910.8471
2017,02,1,4,912.81203
2017,02,1,5,914.06097
2017,02,1,6,914.39583
2017,02,1,7,914.63949
2017,02,2,0,915.22459
2017,02,2,1,915.20683
2017,02,2,2,915.67028
2017,02,2,3,916.4735
2017,02,2,4,916.08176
2017,02,2,5,915.61527
2017,02,2,6,914.38726
2017,02,2,7,913.44264
2017,02,3,0,913.26068
2017,02,3,1,912.44377
2017,02,3,2,912.60335
2017,02,3,3,912.44613
2017,02,3,4,910.40104
2017,02,3,5,909.50738
2017,02,3,6,909.71392
2017,02,3,7,909.63856
2017,02,4,0,910.45306
2017,02,4,1,910.95668
2017,02,4,2,908.7408
2017,02,4,3,905.89812
2017,02,4,4,905.61986
2017,02,4,5,905.86964
2017,02,4,6,907.717
2017,02,4,7,908.54194
2017,02,5,0,910.63854
2017,02,5,1,910.73973
2017,02,5,2,910.10477
2017,02,5,3,909.65396
2017,02,5,4,908.23612
2017,02,5,5,905.84301
2017,02,5,6,905.12254
2017,02,5,7,906.14636
2017,02,6,0,907.06977
2017,02,6,1,907.54158
2017,02,6,2,908.79964
2017,02,6,3,910.21618
2017,02,6,4,910.11656
2017,02,6,5,909.70845
2017,02,6,6,911.15098
2017,02,6,7,912.43574
2017,02,7,0,911.8257
2017,02,7,1,911.22271
2017,02,7,2,912.06501
2017,02,7,3,912.63304
2017,02,7,4,912.04863
2017,02,7,5,911.38527
2017,02,7,6,911.26579
2017,02,7,7,911.10722
2017,02,8,0,911.07302
2017,02,8,1,910.87419
2017,02,8,2,910.29503
2017,02,8,3,909.78718
2017,02,8,4,909.45821
2017,02,8,5,909.31631
2017,02,8,6,908.84534
2017,02,8,7,908.41086
2017,02,9,0,907.17515
2017,02,9,1,905.62561
2017,02,9,2,905.40255
2017,02,9,3,905.3847
2017,02,9,4,904.3082
2017,02,9,5,903.41547
2017,02,9,6,903.84543
2017,02,9,7,903.4801
2017,02,10,0,903.19836
2017,02,10,1,903.09716
2017,02,10,2,902.4151
2017,02,10,3,901.30004
2017,02,10,4,898.85538
2017,02,10,5,896.45943
2017,02,10,6,896.79313
2017,02,10,7,898.2801
2017,02,11,0,899.04591
2017,02,11,1,899.84475
2017,02,11,2,900.35077
2017,02,11,3,900.89425
2017,02,11,4,902.2477
2017,02,11,5,903.04258
2017,02,11,6,903.72097
2017,02,11,7,904.11097
2017,02,12,0,904.12778
2017,02,12,1,904.28665
2017,02,12,2,904.54908
2017,02,12,3,904.6694
2017,02,12,4,904.97226
2017,02,12,5,905.6204
2017,02,12,6,906.37522
2017,02,12,7,906.73069
2017,02,13,0,905.22525
2017,02,13,1,904.00345
2017,02,13,2,904.65594
2017,02,13,3,904.40368
2017,02,13,4,905.47028
2017,02,13,5,906.85902
2017,02,13,6,907.8049
2017,02,13,7,907.94485
2017,02,14,0,907.74391
2017,02,14,1,906.93196
2017,02,14,2,906.21443
2017,02,14,3,905.70675
2017,02,14,4,905.34484
2017,02,14,5,904.92791
2017,02,14,6,904.72074
2017,02,14,7,904.50009
2017,02,15,0,904.30417
2017,02,15,1,904.43191
2017,02,15,2,904.60144
2017,02,15,3,904.12921
2017,02,15,4,903.75477
2017,02,15,5,904.60023
2017,02,15,6,906.20684
2017,02,15,7,907.35117
2017,02,16,0,907.76022
2017,02,16,1,907.24222
2017,02,16,2,906.1842
2017,02,16,3,905.42863
2017,02,16,4,905.87451
2017,02,16,5,906.65352
2017,02,16,6,907.34543
2017,02,16,7,908.83519
2017,02,17,0,911.01264
2017,02,17,1,911.99984
2017,02,17,2,912.53315
2017,02,17,3,913.13133
2017,02,17,4,913.22366
2017,02,17,5,913.38652
2017,02,17,6,914.45995
2017,02,17,7,915.40665
2017,02,18,0,915.45575
2017,02,18,1,914.98358
2017,02,18,2,915.17926
2017,02,18,3,915.32871
2017,02,18,4,915.73392
2017,02,18,5,916.13967
2017,02,18,6,917.05962
2017,02,18,7,917.86771
2017,02,19,0,917.88963
2017,02,19,1,917.7728
2017,02,19,2,917.7842
2017,02,19,3,917.76094
2017,02,19,4,917.50293
2017,02,19,5,916.991
2017,02,19,6,916.33957
2017,02,19,7,915.83041
2017,02,20,0,915.49661
2017,02,20,1,914.51761
2017,02,20,2,913.44473
2017,02,20,3,913.24415
2017,02,20,4,912.56059
2017,02,20,5,912.34705
2017,02,20,6,912.53125
2017,02,20,7,913.64961
2017,02,21,0,913.94181
2017,02,21,1,913.89806
2017,02,21,2,915.01585
2017,02,21,3,916.1839
2017,02,21,4,916.28052
2017,02,21,5,915.87602
2017,02,21,6,915.44901
2017,02,21,7,914.63655
2017,02,22,0,913.46519
2017,02,22,1,911.69383
2017,02,22,2,909.69302
2017,02,22,3,907.88581
2017,02,22,4,906.6773
2017,02,22,5,906.03088
2017,02,22,6,906.18268
2017,02,22,7,906.93353
2017,02,23,0,907.41837
2017,02,23,1,908.14932
2017,02,23,2,908.81981
2017,02,23,3,910.05879
2017,02,23,4,911.35425
2017,02,23,5,912.13375
2017,02,23,6,912.7795
2017,02,23,7,913.28421
2017,02,24,0,913.42433
2017,02,24,1,913.00415
2017,02,24,2,912.73241
2017,02,24,3,913.89399
2017,02,24,4,913.70819
2017,02,24,5,914.1095
2017,02,24,6,915.70629
2017,02,24,7,917.39005
2017,02,25,0,917.545
2017,02,25,1,917.39682
2017,02,25,2,918.35936
2017,02,25,3,919.01218
2017,02,25,4,918.77905
2017,02,25,5,918.48959
2017,02,25,6,917.82388
2017,02,25,7,916.36364
2017,02,26,0,916.60397
2017,02,26,1,917.30031
2017,02,26,2,916.95858
2017,02,26,3,914.92411
2017,02,26,4,914.27118
2017,02,26,5,914.87683
2017,02,26,6,914.08228
2017,02,26,7,913.71919
2017,02,27,0,913.14158
2017,02,27,1,913.12098
2017,02,27,2,910.89922
2017,02,27,3,908.76192
2017,02,27,4,909.50844
2017,02,27,5,910.83506
2017,02,27,6,911.28364
2017,02,27,7,912.59561
2017,02,28,0,915.09304
2017,02,28,1,916.53902
2017,02,28,2,916.42419
2017,02,28,3,916.32241
2017,02,28,4,916.07817
2017,02,28,5,916.33179
2017,02,28,6,915.85121
2017,02,28,7,915.10622
2017,02,29,0,914.97843
2017,02,29,1,915.01716
2017,02,29,2,914.21889
2017,02,29,3,913.44107
2017,02,29,4,913.84476
2017,02,29,5,915.07986
2017,02,29,6,916.28626
2017,02,29,7,916.95591
2017,02,30,0,916.68533
2017,02,30,1,915.99229
2017,02,30,2,915.63376
2017,02,30,3,915.53774
2017,02,30,4,914.23367
2017,02,30,5,912.55133
2017,02,30,6,911.66477
2017,02,30,7,911.38673
2017,02,1,0,911.82872
2017,02,1,1,912.19901
2017,02,1,2,913.28976
2017,02,1,3,914.54356
2017,02,1,4,914.67938
2017,02,1,5,914.41146
2017,02,1,6,914.54643
2017,02,1,7,914.44162
2017,02,2,0,913.58893
2017,02,2,1,913.00817
2017,02,2,2,912.05853
2017,02,2,3,911.6608
2017,02,2,4,911.92698
2017,02,2,5,911.96664
2017,02,2,6,911.89176
2017,02,2,7,912.04867
2017,02,3,0,912.41442
2017,02,3,1,912.3535
2017,02,3,2,912.20091
2017,02,3,3,912.78075
2017,02,3,4,912.82041
2017,02,3,5,912.17513
2017,02,3,6,912.00708
2017,02,3,7,911.63906
2017,02,4,0,911.41788
2017,02,4,1,910.59463
2017,02,4,2,910.29739
2017,02,4,3,909.74244
2017,02,4,4,908.89517
2017,02,4,5,907.72514
2017,02,4,6,906.82286
2017,02,4,7,905.89443
2017,02,5,0,904.85402
2017,02,5,1,904.06027
2017,02,5,2,903.86689
2017,02,5,3,904.05063
2017,02,5,4,904.53177
2017,02,5,5,904.94816
2017,02,5,6,905.05914
2017,02,5,7,905.16868
2017,02,6,0,905.24471
2017,02,6,1,905.09823
2017,02,6,2,905.59155
2017,02,6,3,905.93011
2017,02,6,4,905.61391
2017,02,6,5,905.35781
2017,02,6,6,905.29003
2017,02,6,7,906.14305
2017,02,7,0,907.64117
2017,02,7,1,907.3328
2017,02,7,2,907.22052
2017,02,7,3,908.15638
2017,02,7,4,908.56265
2017,02,7,5,908.73301
2017,02,7,6,908.59319
2017,02,7,7,908.35491
2017,02,8,0,907.15853
2017,02,8,1,905.01084
2017,02,8,2,903.75332
2017,02,8,3,901.23912
2017,02,8,4,898.04627
2017,02,8,5,896.27687
2017,02,8,6,896.58654
2017,02,8,7,897.92874
2017,02,9,0,900.09557
2017,02,9,1,902.49092
2017,02,9,2,905.10198
2017,02,9,3,907.0038
2017,02,9,4,907.92441
2017,02,9,5,908.11727
2017,02,9,6,908.17049
2017,02,9,7,909.21272
2017,02,10,0,909.63167
2017,02,10,1,910.26666
2017,02,10,2,910.92165
2017,02,10,3,911.30728
2017,02,10,4,911.18513
2017,02,10,5,910.7409
2017,02,10,6,910.82572
2017,02,10,7,911.14175
2017,02,11,0,910.70394
2017,02,11,1,909.83646
2017,02,11,2,909.56324
2017,02,11,3,908.86494
2017,02,11,4,907.24383
2017,02,11,5,905.27396
2017,02,11,6,904.77097
2017,02,11,7,904.97457
2017,02,12,0,902.42196
2017,02,12,1,900.42429
2017,02,12,2,898.96873
2017,02,12,3,899.11707
2017,02,12,4,901.89509
2017,02,12,5,903.46889
2017,02,12,6,905.98415
2017,02,12,7,908.58576
2017,02,13,0,907.9615
2017,02,13,1,906.58276
2017,02,13,2,907.43658
2017,02,13,3,908.10085
2017,02,13,4,907.37213
2017,02,13,5,906.67838
2017,02,13,6,905.93018
2017,02,13,7,905.6515
2017,02,14,0,905.63104
2017,02,14,1,905.23389
2017,02,14,2,906.46349
2017,02,14,3,907.96398
2017,02,14,4,909.58061
2017,02,14,5,911.67291
2017,02,14,6,914.30656
2017,02,14,7,916.80806
2017,02,15,0,916.24726
2017,02,15,1,915.33976
2017,02,15,2,915.52717
2017,02,15,3,915.39979
2017,02,15,4,914.82593
2017,02,15,5,914.42991
2017,02,15,6,912.06117
2017,02,15,7,910.85919
2017,02,16,0,909.67905
2017,02,16,1,909.08791
2017,02,16,2,909.72554
2017,02,16,3,910.9145
2017,02,16,4,912.82225
2017,02,16,5,914.91855
2017,02,16,6,917.71933
2017,02,16,7,920.18281
2017,02,17,0,920.82049
2017,02,17,1,920.38668
2017,02,17,2,921.62636
2017,02,17,3,923.50688
2017,02,17,4,922.8999
2017,02,17,5,921.8891
2017,02,17,6,922.75867
2017,02,17,7,923.09387
2017,02,18,0,922.1614
2017,02,18,1,921.56597
2017,02,18,2,921.74009
2017,02,18,3,921.5233
2017,02,18,4,921.72312
2017,02,18,5,921.60524
2017,02,18,6,920.76986
2017,02,18,7,919.28015
2017,02,19,0,917.1383
2017,02,19,1,914.62058
2017,02,19,2,912.66188
2017,02,19,3,910.72042
2017,02,19,4,908.44075
2017,02,19,5,909.54328
2017,02,19,6,912.01076
2017,02,19,7,913.56144
2017,02,20,0,912.91172
2017,02,20,1,911.50216
2017,02,20,2,912.88745
2017,02,20,3,914.52989
2017,02,20,4,915.07424
2017,02,20,5,914.88694
2017,02,20,6,914.86914
2017,02,20,7,914.85717
2017,02,21,0,915.58725
2017,02,21,1,915.7837
2017,02,21,2,913.83471
2017,02,21,3,912.36234
2017,02,21,4,911.61237
2017,02,21,5,911.76361
2017,02,21,6,911.79616
2017,02,21,7,911.59256
2017,02,22,0,912.62465
2017,02,22,1,912.54546
2017,02,22,2,911.29875
2017,02,22,3,909.88987
2017,02,22,4,908.7725
2017,02,22,5,908.30584
2017,02,22,6,908.25998
2017,02,22,7,908.36896
2017,02,23,0,908.91446
2017,02,23,1,909.37441
2017,02,23,2,909.84466
2017,02,23,3,910.66186
2017,02,23,4,911.45151
2017,02,23,5,913.10454
2017,02,23,6,914.36747
2017,02,23,7,914.78968
2017,02,24,0,914.21431
2017,02,24,1,913.32809
2017,02,24,2,914.6504
2017,02,24,3,916.46597
2017,02,24,4,916.96432
2017,02,24,5,917.62121
2017,02,24,6,918.61127
2017,02,24,7,918.7976
2017,02,25,0,918.49537
2017,02,25,1,918.45492
2017,02,25,2,918.882
2017,02,25,3,919.57928
2017,02,25,4,920.47945
2017,02,25,5,921.5284
2017,02,25,6,921.7442
2017,02,25,7,921.14737
2017,02,26,0,920.06054
2017,02,26,1,918.62157
2017,02,26,2,918.7099
2017,02,26,3,918.3451
2017,02,26,4,916.96894
2017,02,26,5,915.90421
2017,02,26,6,916.98498
2017,02,26,7,917.80453
2017,02,27,0,917.89392
2017,02,27,1,916.95744
2017,02,27,2,915.87337
2017,02,27,3,915.52813
2017,02,27,4,915.17738
2017,02,27,5,914.65346
2017,02,27,6,914.3485
2017,02,27,7,914.45139
2017,02,28,0,914.78307
2017,02,28,1,914.56438
2017,02,28,2,914.62042
2017,02,28,3,914.53677
2017,02,28,4,912.57544
2017,02,28,5,911.28483
2017,02,28,6,910.33057
2017,02,28,7,910.11078
2017,02,29,0,910.64019
2017,02,29,1,910.99182
2017,02,29,2,911.80166
2017,02,29,3,913.11321
2017,02,29,4,913.65892
2017,02,29,5,914.04097
2017,02,29,6,914.58904
2017,02,29,7,914.63999
2017,02,30,0,914.0377
2017,02,30,1,913.15208
2017,02,30,2,912.61015
2017,02,30,3,911.87911
2017,02,30,4,909.39886
2017,02,30,5,907.32967
2017,02,30,6,906.46079
2017,02,30,7,905.35617
2017,02,31,0,905.84045
2017,02,31,1,906.39685
2017,02,31,2,906.04785
2017,02,31,3,905.89543
2017,02,31,4,905.83748
2017,02,31,5,905.73899
2017,02,31,6,906.38181
2017,02,31,7,907.34659
2017,02,1,0,906.92602
2017,02,1,1,906.81175
2017,02,1,2,908.37039
2017,02,1,3,909.53674
2017,02,1,4,909.925
2017,02,1,5,910.61761
2017,02,1,6,911.53084
2017,02,1,7,912.2468
2017,02,2,0,912.96209
2017,02,2,1,913.24234
2017,02,2,2,913.5658
2017,02,2,3,913.39647
2017,02,2,4,912.87853
2017,02,2,5,912.45577
2017,02,2,6,912.32697
2017,02,2,7,912.12527
2017,02,3,0,912.43659
2017,02,3,1,912.62902
2017,02,3,2,910.9089
2017,02,3,3,909.01529
2017,02,3,4,909.72886
2017,02,3,5,910.85424
2017,02,3,6,910.45261
2017,02,3,7,910.28947
2017,02,4,0,910.26496
2017,02,4,1,910.31813
2017,02,4,2,910.89111
2017,02,4,3,911.08336
2017,02,4,4,911.02104
2017,02,4,5,911.60252
2017,02,4,6,912.25793
2017,02,4,7,912.83254
2017,02,5,0,912.92445
2017,02,5,1,912.5424
2017,02,5,2,912.98904
2017,02,5,3,913.43161
2017,02,5,4,913.37679
2017,02,5,5,913.16152
2017,02,5,6,913.16622
2017,02,5,7,913.34505
2017,02,6,0,912.92845
2017,02,6,1,912.3751
2017,02,6,2,912.82675
2017,02,6,3,913.23632
2017,02,6,4,914.02553
2017,02,6,5,915.09793
2017,02,6,6,915.46557
2017,02,6,7,915.86816
2017,02,7,0,915.68489
2017,02,7,1,915.62686
2017,02,7,2,917.24516
2017,02,7,3,918.15777
2017,02,7,4,918.03762
2017,02,7,5,918.05792
2017,02,7,6,917.93205
2017,02,7,7,917.80255
2017,02,8,0,918.04795
2017,02,8,1,918.11373
2017,02,8,2,918.89302
2017,02,8,3,919.47078
2017,02,8,4,919.68846
2017,02,8,5,919.99195
2017,02,8,6,919.83262
2017,02,8,7,919.66215
2017,02,9,0,919.29299
2017,02,9,1,918.70047
2017,02,9,2,918.21291
2017,02,9,3,917.79931
2017,02,9,4,917.63052
2017,02,9,5,917.73949
2017,02,9,6,917.39139
2017,02,9,7,917.45636
2017,02,10,0,917.1746
2017,02,10,1,916.74976
2017,02,10,2,917.82748
2017,02,10,3,918.153
2017,02,10,4,917.89143
2017,02,10,5,918.16262
2017,02,10,6,918.2182
2017,02,10,7,918.7118
2017,02,11,0,918.34965
2017,02,11,1,918.6158
2017,02,11,2,920.30278
2017,02,11,3,920.70354
2017,02,11,4,920.37578
2017,02,11,5,919.90746
2017,02,11,6,920.1781
2017,02,11,7,920.92569
2017,02,12,0,920.37285
2017,02,12,1,919.02227
2017,02,12,2,919.49729
2017,02,12,3,919.89303
2017,02,12,4,919.92944
2017,02,12,5,919.75683
2017,02,12,6,919.73584
2017,02,12,7,919.67627
2017,02,13,0,919.24704
2017,02,13,1,918.48179
2017,02,13,2,918.05222
2017,02,13,3,917.37617
2017,02,13,4,916.79487
2017,02,13,5,916.59238
2017,02,13,6,916.11167
2017,02,13,7,915.9762
2017,02,14,0,915.92192
2017,02,14,1,915.90267
2017,02,14,2,915.28828
2017,02,14,3,914.28719
2017,02,14,4,914.8055
2017,02,14,5,914.89406
2017,02,14,6,914.30785
2017,02,14,7,913.91827
2017,02,15,0,913.01488
2017,02,15,1,913.71151
2017,02,15,2,914.09652
2017,02,15,3,915.53388
2017,02,15,4,916.8785
2017,02,15,5,917.84965
2017,02,15,6,917.55823
2017,02,15,7,916.55472
2017,02,16,0,915.8376
2017,02,16,1,914.63358
2017,02,16,2,914.70572
2017,02,16,3,914.02417
2017,02,16,4,912.50114
2017,02,16,5,911.50426
2017,02,16,6,909.75361
2017,02,16,7,907.79128
2017,02,17,0,906.15756
2017,02,17,1,904.94876
2017,02,17,2,906.44848
2017,02,17,3,909.87186
2017,02,17,4,910.31914
2017,02,17,5,909.48269
2017,02,17,6,908.97118
2017,02,17,7,909.21146
2017,02,18,0,909.19896
2017,02,18,1,909.93563
2017,02,18,2,910.17208
2017,02,18,3,910.18516
2017,02,18,4,910.39331
2017,02,18,5,911.18132
2017,02,18,6,911.04453
2017,02,18,7,911.5287
2017,02,19,0,911.98748
2017,02,19,1,911.7395
2017,02,19,2,911.92155
2017,02,19,3,911.04634
2017,02,19,4,909.12893
2017,02,19,5,908.96462
2017,02,19,6,907.74574
2017,02,19,7,908.44645
2017,02,20,0,910.2342
2017,02,20,1,911.45908
2017,02,20,2,914.57444
2017,02,20,3,918.00429
2017,02,20,4,919.11178
2017,02,20,5,919.9254
2017,02,20,6,920.95995
2017,02,20,7,921.91044
2017,02,21,0,921.95369
2017,02,21,1,920.84287
2017,02,21,2,919.55805
2017,02,21,3,919.11518
2017,02,21,4,919.11351
2017,02,21,5,917.921
2017,02,21,6,917.4383
2017,02,21,7,916.67136
2017,02,22,0,913.8849
2017,02,22,1,911.40563
2017,02,22,2,910.88956
2017,02,22,3,910.2298
2017,02,22,4,909.37802
2017,02,22,5,908.599
2017,02,22,6,907.58253
2017,02,22,7,906.54188
2017,02,23,0,907.2548
2017,02,23,1,908.18369
2017,02,23,2,908.45046
2017,02,23,3,908.49975
2017,02,23,4,908.57399
2017,02,23,5,908.52603
2017,02,23,6,907.99781
2017,02,23,7,907.94172
2017,02,24,0,908.87294
2017,02,24,1,909.14663
2017,02,24,2,909.40883
2017,02,24,3,909.89131
2017,02,24,4,909.68639
2017,02,24,5,909.66137
2017,02,24,6,909.11173
2017,02,24,7,908.49935
2017,02,25,0,908.7628
2017,02,25,1,908.32084
2017,02,25,2,908.31352
2017,02,25,3,908.981
2017,02,25,4,908.10637
2017,02,25,5,907.62393
2017,02,25,6,907.48594
2017,02,25,7,906.99078
2017,02,26,0,906.67005
2017,02,26,1,906.76972
2017,02,26,2,907.78822
2017,02,26,3,908.0352
2017,02,26,4,908.50762
2017,02,26,5,908.77512
2017,02,26,6,909.36673
2017,02,26,7,910.21137
2017,02,27,0,909.34764
2017,02,27,1,908.98724
2017,02,27,2,910.8263
2017,02,27,3,912.82454
2017,02,27,4,913.99476
2017,02,27,5,914.90523
2017,02,27,6,915.09984
2017,02,27,7,914.66702
2017,02,28,0,915.6058
2017,02,28,1,916.71528
2017,02,28,2,916.93368
2017,02,28,3,917.5565
2017,02,28,4,916.35362
2017,02,28,5,915.54819
2017,02,28,6,916.00173
2017,02,28,7,916.22686
2017,02,29,0,916.57183
2017,02,29,1,917.03412
2017,02,29,2,916.74694
2017,02,29,3,916.17138
2017,02,29,4,916.052
2017,02,29,5,916.18618
2017,02,29,6,916.84759
2017,02,29,7,917.94982
2017,02,30,0,920.76278
2017,02,30,1,922.70863
2017,02,30,2,922.60224
2017,02,30,3,922.95283
2017,02,30,4,922.29072
2017,02,30,5,921.53718
2017,02,30,6,920.53352
2017,02,30,7,919.41187
2017,02,1,0,916.63761
2017,02,1,1,914.39183
2017,02,1,2,913.10051
2017,02,1,3,912.48875
2017,02,1,4,915.03832
2017,02,1,5,918.39451
2017,02,1,6,919.48603
2017,02,1,7,917.36027
2017,02,2,0,917.12223
2017,02,2,1,916.59758
2017,02,2,2,918.21287
2017,02,2,3,919.97484
2017,02,2,4,921.03804
2017,02,2,5,921.50624
2017,02,2,6,921.50813
2017,02,2,7,920.86327
2017,02,3,0,920.13111
2017,02,3,1,920.02227
2017,02,3,2,921.26995
2017,02,3,3,921.63984
2017,02,3,4,920.51596
2017,02,3,5,919.57001
2017,02,3,6,918.14449
2017,02,3,7,916.75136
2017,02,4,0,916.90604
2017,02,4,1,916.78153
2017,02,4,2,913.76868
2017,02,4,3,910.40819
2017,02,4,4,909.20722
2017,02,4,5,908.60906
2017,02,4,6,909.37084
2017,02,4,7,909.79993
2017,02,5,0,911.76058
2017,02,5,1,914.23421
2017,02,5,2,914.22027
2017,02,5,3,912.65279
2017,02,5,4,911.68688
2017,02,5,5,910.93309
2017,02,5,6,910.28609
2017,02,5,7,910.70245
2017,02,6,0,910.89106
2017,02,6,1,911.72315
2017,02,6,2,911.07052
2017,02,6,3,910.13271
2017,02,6,4,909.39408
2017,02,6,5,908.71989
2017,02,6,6,909.13562
2017,02,6,7,907.37907
2017,02,7,0,908.67728
2017,02,7,1,909.94861
2017,02,7,2,910.03102
2017,02,7,3,911.19415
2017,02,7,4,911.4001
2017,02,7,5,909.54281
2017,02,7,6,908.40062
2017,02,7,7,907.60441
2017,02,8,0,907.76324
2017,02,8,1,907.80722
2017,02,8,2,907.39279
2017,02,8,3,906.92528
2017,02,8,4,906.52182
2017,02,8,5,906.29068
2017,02,8,6,905.06057
2017,02,8,7,904.33634
2017,02,9,0,904.68851
2017,02,9,1,906.13314
2017,02,9,2,905.98658
2017,02,9,3,905.00581
2017,02,9,4,903.98087
2017,02,9,5,904.88103
2017,02,9,6,907.79567
2017,02,9,7,910.31037
2017,02,10,0,910.10747
2017,02,10,1,910.42406
2017,02,10,2,911.3679
2017,02,10,3,911.64801
2017,02,10,4,911.62137
2017,02,10,5,911.37842
2017,02,10,6,910.57232
2017,02,10,7,909.28033
2017,02,11,0,908.42596
2017,02,11,1,909.19474
2017,02,11,2,909.66497
2017,02,11,3,909.70981
2017,02,11,4,909.61427
2017,02,11,5,908.78999
2017,02,11,6,907.71211
2017,02,11,7,908.20126
2017,02,12,0,907.98893
2017,02,12,1,906.95809
2017,02,12,2,906.37654
2017,02,12,3,906.34028
2017,02,12,4,905.64012
2017,02,12,5,906.77953
2017,02,12,6,907.75865
2017,02,12,7,908.6943
2017,02,13,0,910.11086
2017,02,13,1,910.18178
2017,02,13,2,909.99895
2017,02,13,3,909.91775
2017,02,13,4,910.44168
2017,02,13,5,911.1084
2017,02,13,6,912.20793
2017,02,13,7,913.11699
2017,02,14,0,912.87592
2017,02,14,1,912.92853
2017,02,14,2,912.8929
2017,02,14,3,912.6238
2017,02,14,4,911.70408
2017,02,14,5,911.1624
2017,02,14,6,913.03491
2017,02,14,7,914.26648
2017,02,15,0,913.31336
2017,02,15,1,912.51612
2017,02,15,2,912.54182
2017,02,15,3,912.11171
2017,02,15,4,911.26686
2017,02,15,5,909.6371
2017,02,15,6,909.23643
2017,02,15,7,909.12378
2017,02,16,0,908.71245
2017,02,16,1,908.89905
2017,02,16,2,908.92651
2017,02,16,3,910.33458
2017,02,16,4,913.09623
2017,02,16,5,914.54318
2017,02,16,6,915.72324
2017,02,16,7,915.63445
2017,02,17,0,912.23392
2017,02,17,1,910.26769
2017,02,17,2,911.12864
2017,02,17,3,912.64269
2017,02,17,4,912.1723
2017,02,17,5,910.95211
2017,02,17,6,910.93492
2017,02,17,7,908.96773
2017,02,18,0,906.36716
2017,02,18,1,904.65144
2017,02,18,2,904.75917
2017,02,18,3,905.26731
2017,02,18,4,906.27591
2017,02,18,5,906.00478
2017,02,18,6,906.02719
2017,02,18,7,906.22879
2017,02,19,0,904.06785
2017,02,19,1,902.46372
2017,02,19,2,904.89634
2017,02,19,3,906.45062
2017,02,19,4,906.99954
2017,02,19,5,908.28404
2017,02,19,6,909.62583
2017,02,19,7,910.39879
2017,02,20,0,912.85453
2017,02,20,1,915.41159
2017,02,20,2,919.37252
2017,02,20,3,923.49378
2017,02,20,4,924.96359
2017,02,20,5,925.9797
2017,02,20,6,927.41453
2017,02,20,7,927.92412
2017,02,21,0,925.78365
2017,02,21,1,924.16165
2017,02,21,2,922.68467
2017,02,21,3,921.57607
2017,02,21,4,921.29874
2017,02,21,5,921.03937
2017,02,21,6,921.56005
2017,02,21,7,922.65835
2017,02,22,0,922.66756
2017,02,22,1,921.88896
2017,02,22,2,922.81366
2017,02,22,3,924.14476
2017,02,22,4,924.21986
2017,02,22,5,923.85771
2017,02,22,6,924.91958
2017,02,22,7,926.1896
2017,02,23,0,925.26446
2017,02,23,1,923.55251
2017,02,23,2,924.44448
2017,02,23,3,925.90813
2017,02,23,4,925.18643
2017,02,23,5,923.26574
2017,02,23,6,921.63057
2017,02,23,7,917.53742
2017,02,24,0,915.50623
2017,02,24,1,914.8259
2017,02,24,2,913.89505
2017,02,24,3,913.14873
2017,02,24,4,913.39646
2017,02,24,5,913.84847
2017,02,24,6,914.06499
2017,02,24,7,915.58992
2017,02,25,0,916.26166
2017,02,25,1,917.28641
2017,02,25,2,919.63901
2017,02,25,3,922.28477
2017,02,25,4,922.43122
2017,02,25,5,921.74821
2017,02,25,6,922.5987
2017,02,25,7,923.97188
2017,02,26,0,924.97334
2017,02,26,1,924.3872
2017,02,26,2,922.93975
2017,02,26,3,920.38253
2017,02,26,4,916.95236
2017,02,26,5,915.81106
2017,02,26,6,917.23455
2017,02,26,7,917.04014
2017,02,27,0,916.13996
2017,02,27,1,917.99209
2017,02,27,2,921.81738
2017,02,27,3,923.5262
2017,02,27,4,924.38702
2017,02,27,5,923.19758
2017,02,27,6,920.4719
2017,02,27,7,917.25509
2017,02,28,0,914.22112
2017,02,28,1,911.34471
2017,02,28,2,909.30336
2017,02,28,3,907.7434
2017,02,28,4,906.31277
2017,02,28,5,906.1601
2017,02,28,6,906.51432
2017,02,28,7,906.97372
2017,02,29,0,905.22079
2017,02,29,1,903.82802
2017,02,29,2,904.45908
2017,02,29,3,904.14624
2017,02,29,4,906.10489
2017,02,29,5,908.9749
2017,02,29,6,910.77913
2017,02,29,7,911.6219
2017,02,30,0,911.11818
2017,02,30,1,909.56131
2017,02,30,2,910.32808
2017,02,30,3,910.85336
2017,02,30,4,909.26579
2017,02,30,5,907.5435
2017,02,30,6,904.4149
2017,02,30,7,899.45367
2017,02,31,0,899.03023
2017,02,31,1,901.27526
2017,02,31,2,904.47118
2017,02,31,3,907.4284
2017,02,31,4,910.6779
2017,02,31,5,913.76283
2017,02,31,6,913.59162
2017,02,31,7,911.51284
2017,02,1,0,907.93228
2017,02,1,1,906.80655
2017,02,1,2,906.57912
2017,02,1,3,906.15589
2017,02,1,4,905.61975
2017,02,1,5,904.91139
2017,02,1,6,905.51887
2017,02,1,7,905.33242
2017,02,2,0,903.53474
2017,02,2,1,902.55094
2017,02,2,2,903.86168
2017,02,2,3,906.83872
2017,02,2,4,908.11397
2017,02,2,5,909.39964
2017,02,2,6,909.13005
2017,02,2,7,909.30812
2017,02,3,0,909.85712
2017,02,3,1,909.78532
2017,02,3,2,910.12749
2017,02,3,3,910.22098
2017,02,3,4,911.01248
2017,02,3,5,911.57712
2017,02,3,6,911.3756
2017,02,3,7,910.46915
2017,02,4,0,909.4751
2017,02,4,1,909.61895
2017,02,4,2,911.40502
2017,02,4,3,912.01961
2017,02,4,4,912.00895
2017,02,4,5,913.36545
2017,02,4,6,916.5926
2017,02,4,7,918.3769
2017,02,5,0,915.01768
2017,02,5,1,913.85588
2017,02,5,2,916.03052
2017,02,5,3,917.12886
2017,02,5,4,918.99113
2017,02,5,5,920.43469
2017,02,5,6,916.80005
2017,02,5,7,913.38171
2017,02,6,0,912.36511
2017,02,6,1,911.73485
2017,02,6,2,912.80327
2017,02,6,3,913.62664
2017,02,6,4,913.37454
2017,02,6,5,913.61101
2017,02,6,6,912.83393
2017,02,6,7,911.84717
2017,02,7,0,912.03861
2017,02,7,1,912.04696
2017,02,7,2,912.16742
2017,02,7,3,912.12466
2017,02,7,4,911.8527
2017,02,7,5,911.88232
2017,02,7,6,911.90601
2017,02,7,7,910.89942
2017,02,8,0,908.59325
2017,02,8,1,906.29562
2017,02,8,2,905.5822
2017,02,8,3,904.92841
2017,02,8,4,904.92896
2017,02,8,5,905.06115
2017,02,8,6,904.84774
2017,02,8,7,905.55684
2017,02,9,0,906.32758
2017,02,9,1,906.57145
2017,02,9,2,907.03248
2017,02,9,3,908.80848
2017,02,9,4,910.13855
2017,02,9,5,910.78754
2017,02,9,6,912.03884
2017,02,9,7,912.4725
2017,02,10,0,911.90397
2017,02,10,1,910.99105
2017,02,10,2,911.64417
2017,02,10,3,912.62353
2017,02,10,4,912.96817
2017,02,10,5,913.12237
2017,02,10,6,913.42778
2017,02,10,7,912.53456
2017,02,11,0,911.21457
2017,02,11,1,910.36722
2017,02,11,2,910.75541
2017,02,11,3,911.33079
2017,02,11,4,911.65418
2017,02,11,5,911.42869
2017,02,11,6,910.6813
2017,02,11,7,911.21199
2017,02,12,0,911.88243
2017,02,12,1,912.33816
2017,02,12,2,912.83101
2017,02,12,3,912.63902
2017,02,12,4,912.24329
2017,02,12,5,911.75715
2017,02,12,6,911.5438
2017,02,12,7,911.60089
2017,02,13,0,911.3541
2017,02,13,1,911.07096
2017,02,13,2,911.40203
2017,02,13,3,911.83928
2017,02,13,4,912.01673
2017,02,13,5,912.32527
2017,02,13,6,913.38949
2017,02,13,7,914.14231
2017,02,14,0,912.92594
2017,02,14,1,911.55798
2017,02,14,2,911.65893
2017,02,14,3,911.94644
2017,02,14,4,911.9961
2017,02,14,5,913.17475
2017,02,14,6,912.90919
2017,02,14,7,913.7923
2017,02,15,0,914.43076
2017,02,15,1,915.58041
2017,02,15,2,916.10634
2017,02,15,3,916.02244
2017,02,15,4,917.09818
2017,02,15,5,917.60256
2017,02,15,6,919.07916
2017,02,15,7,920.68227
2017,02,16,0,919.61433
2017,02,16,1,919.14926
2017,02,16,2,920.75453
2017,02,16,3,921.1745
2017,02,16,4,920.2553
2017,02,16,5,919.9848
2017,02,16,6,919.8988
2017,02,16,7,919.82204
2017,02,17,0,919.49944
2017,02,17,1,919.46298
2017,02,17,2,918.99191
2017,02,17,3,918.06305
2017,02,17,4,917.03171
2017,02,17,5,917.33252
2017,02,17,6,917.15612
2017,02,17,7,916.51368
2017,02,18,0,916.39423
2017,02,18,1,916.56371
2017,02,18,2,918.08486
2017,02,18,3,918.8807
2017,02,18,4,919.12966
2017,02,18,5,918.4231
2017,02,18,6,918.67388
2017,02,18,7,920.094
2017,02,19,0,920.81236
2017,02,19,1,920.05499
2017,02,19,2,918.62071
2017,02,19,3,917.17786
2017,02,19,4,916.41909
2017,02,19,5,915.57343
2017,02,19,6,914.87688
2017,02,19,7,915.51429
2017,02,20,0,917.41553
2017,02,20,1,919.2022
2017,02,20,2,919.65621
2017,02,20,3,919.05358
2017,02,20,4,917.4955
2017,02,20,5,916.93035
2017,02,20,6,917.34261
2017,02,20,7,917.3581
2017,02,21,0,915.24077
2017,02,21,1,913.37866
2017,02,21,2,914.18687
2017,02,21,3,914.09416
2017,02,21,4,913.52799
2017,02,21,5,913.14657
2017,02,21,6,913.12057
2017,02,21,7,913.58434
2017,02,22,0,913.21065
2017,02,22,1,912.59599
2017,02,22,2,911.21433
2017,02,22,3,910.94441
2017,02,22,4,913.41591
2017,02,22,5,915.57422
2017,02,22,6,915.48982
2017,02,22,7,914.48677
2017,02,23,0,912.84834
2017,02,23,1,911.33872
2017,02,23,2,910.63198
2017,02,23,3,910.22459
2017,02,23,4,910.58601
2017,02,23,5,910.45962
2017,02,23,6,911.11646
2017,02,23,7,911.71911
2017,02,24,0,912.86008
2017,02,24,1,914.29984
2017,02,24,2,913.54113
2017,02,24,3,911.87143
2017,02,24,4,911.65899
2017,02,24,5,910.66751
2017,02,24,6,908.50492
2017,02,24,7,906.94289
2017,02,25,0,906.26095
2017,02,25,1,905.75103
2017,02,25,2,905.21993
2017,02,25,3,904.95772
2017,02,25,4,905.08778
2017,02,25,5,904.69582
2017,02,25,6,903.81533
2017,02,25,7,903.30448
2017,02,26,0,902.6803
2017,02,26,1,901.97794
2017,02,26,2,901.90142
2017,02,26,3,902.06013
2017,02,26,4,902.75577
2017,02,26,5,903.82613
2017,02,26,6,904.01704
2017,02,26,7,904.31996
2017,02,27,0,903.53482
2017,02,27,1,902.59479
2017,02,27,2,902.42005
2017,02,27,3,902.6462
2017,02,27,4,904.75032
2017,02,27,5,907.73506
2017,02,27,6,908.15935
2017,02,27,7,908.4671
2017,02,28,0,908.76402
2017,02,28,1,907.76042
2017,02,28,2,908.61977
2017,02,28,3,909.84948
2017,02,28,4,909.82701
2017,02,28,5,909.52031
2017,02,28,6,909.26157
2017,02,28,7,908.51481
2017,02,29,0,907.32749
2017,02,29,1,906.74338
2017,02,29,2,907.45454
2017,02,29,3,907.78474
2017,02,29,4,906.53035
2017,02,29,5,905.90873
2017,02,29,6,906.6837
2017,02,29,7,907.53987
2017,02,30,0,907.61056
2017,02,30,1,908.13982
2017,02,30,2,910.25255
2017,02,30,3,911.63573
2017,02,30,4,911.2691
2017,02,30,5,910.98512
2017,02,30,6,911.96139
2017,02,30,7,913.07459
2017,02,31,0,912.60946
2017,02,31,1,911.40904
2017,02,31,2,912.12342
2017,02,31,3,912.99606
2017,02,31,4,911.52213
2017,02,31,5,910.29271
2017,02,31,6,911.27449
2017,02,31,7,910.80486
2017,02,1,0,908.10963
2017,02,1,1,905.66198
2017,02,1,2,905.65555
2017,02,1,3,906.49593
2017,02,1,4,906.96757
2017,02,1,5,908.03448
2017,02,1,6,909.4968
2017,02,1,7,910.39176
2017,02,2,0,909.73691
2017,02,2,1,908.07497
2017,02,2,2,908.72997
2017,02,2,3,909.51306
2017,02,2,4,908.93204
2017,02,2,5,908.05556
2017,02,2,6,907.88756
2017,02,2,7,908.33855
2017,02,3,0,909.04287
2017,02,3,1,909.9782
2017,02,3,2,911.05094
2017,02,3,3,911.21993
2017,02,3,4,911.60966
2017,02,3,5,912.36549
2017,02,3,6,913.18472
2017,02,3,7,913.26046
2017,02,4,0,912.43364
2017,02,4,1,911.27341
2017,02,4,2,910.40498
2017,02,4,3,909.50297
2017,02,4,4,908.49955
2017,02,4,5,908.01272
2017,02,4,6,909.75944
2017,02,4,7,911.15677
2017,02,5,0,910.13382
2017,02,5,1,909.79165
2017,02,5,2,911.87668
2017,02,5,3,913.23839
2017,02,5,4,914.44461
2017,02,5,5,916.22953
2017,02,5,6,917.41908
2017,02,5,7,918.88597
2017,02,6,0,917.43302
2017,02,6,1,917.51579
2017,02,6,2,918.49554
2017,02,6,3,919.43804
2017,02,6,4,919.65428
2017,02,6,5,919.17857
2017,02,6,6,917.10346
2017,02,6,7,917.80446
2017,02,7,0,918.42834
2017,02,7,1,917.74018
2017,02,7,2,917.67858
2017,02,7,3,918.13665
2017,02,7,4,918.80538
2017,02,7,5,918.99972
2017,02,7,6,919.25633
2017,02,7,7,919.63249
2017,02,8,0,918.66424
2017,02,8,1,918.93939
2017,02,8,2,919.26136
2017,02,8,3,919.33559
2017,02,8,4,918.53948
2017,02,8,5,916.63978
2017,02,8,6,915.24734
2017,02,8,7,913.78917
2017,02,9,0,914.20317
2017,02,9,1,914.25896
2017,02,9,2,915.07979
2017,02,9,3,915.02817
2017,02,9,4,914.79628
2017,02,9,5,913.99116
2017,02,9,6,913.83494
2017,02,9,7,913.08256
2017,02,10,0,910.10239
2017,02,10,1,908.21393
2017,02,10,2,908.07964
2017,02,10,3,907.78143
2017,02,10,4,908.39243
2017,02,10,5,908.75721
2017,02,10,6,908.89708
2017,02,10,7,908.67039
2017,02,11,0,907.44727
2017,02,11,1,906.64453
2017,02,11,2,906.85974
2017,02,11,3,907.20153
2017,02,11,4,906.34224
2017,02,11,5,907.95285
2017,02,11,6,907.6737
2017,02,11,7,907.50745
2017,02,12,0,909.80037
2017,02,12,1,911.17412
2017,02,12,2,912.53976
2017,02,12,3,913.56827
2017,02,12,4,913.72333
2017,02,12,5,913.50281
2017,02,12,6,911.88333
2017,02,12,7,910.35596
2017,02,13,0,908.95993
2017,02,13,1,907.42611
2017,02,13,2,906.91002
2017,02,13,3,906.58872
2017,02,13,4,906.19159
2017,02,13,5,905.63993
2017,02,13,6,905.87618
2017,02,13,7,905.07553
2017,02,14,0,905.49466
2017,02,14,1,906.10773
2017,02,14,2,905.34029
2017,02,14,3,904.87489
2017,02,14,4,906.97939
2017,02,14,5,908.10668
2017,02,14,6,908.34002
2017,02,14,7,907.37309
2017,02,15,0,905.4541
2017,02,15,1,903.81418
2017,02,15,2,904.17816
2017,02,15,3,905.34752
2017,02,15,4,904.25705
2017,02,15,5,904.76279
2017,02,15,6,905.87866
2017,02,15,7,906.55896
2017,02,16,0,906.98138
2017,02,16,1,907.10353
2017,02,16,2,909.39685
2017,02,16,3,910.9594
2017,02,16,4,910.8175
2017,02,16,5,910.38045
2017,02,16,6,910.91244
2017,02,16,7,911.57444
2017,02,17,0,910.99833
2017,02,17,1,910.61555
2017,02,17,2,911.92832
2017,02,17,3,912.83661
2017,02,17,4,912.8273
2017,02,17,5,912.69961
2017,02,17,6,911.08384
2017,02,17,7,908.69745
2017,02,18,0,907.60728
2017,02,18,1,906.84641
2017,02,18,2,907.02996
2017,02,18,3,906.64985
2017,02,18,4,905.8484
2017,02,18,5,905.32153
2017,02,18,6,905.52372
2017,02,18,7,905.66719
2017,02,19,0,903.93666
2017,02,19,1,903.44809
2017,02,19,2,904.29167
2017,02,19,3,904.02908
2017,02,19,4,903.2323
2017,02,19,5,902.47685
2017,02,19,6,902.52913
2017,02,19,7,902.92109
2017,02,20,0,903.17455
2017,02,20,1,902.91917
2017,02,20,2,902.76553
2017,02,20,3,902.38097
2017,02,20,4,902.11377
2017,02,20,5,902.16824
2017,02,20,6,902.13162
2017,02,20,7,902.42785
2017,02,21,0,902.79062
2017,02,21,1,903.70973
2017,02,21,2,904.67882
2017,02,21,3,905.385
2017,02,21,4,906.26671
2017,02,21,5,907.39637
2017,02,21,6,908.61801
2017,02,21,7,909.63586
2017,02,22,0,909.22608
2017,02,22,1,908.04834
2017,02,22,2,909.5029
2017,02,22,3,910.42059
2017,02,22,4,909.50006
2017,02,22,5,907.89545
2017,02,22,6,906.32338
2017,02,22,7,904.96483
2017,02,23,0,904.75209
2017,02,23,1,904.46335
2017,02,23,2,904.10407
2017,02,23,3,902.43966
2017,02,23,4,901.14295
2017,02,23,5,902.61718
2017,02,23,6,902.48173
2017,02,23,7,901.87894
2017,02,24,0,901.72327
2017,02,24,1,901.65087
2017,02,24,2,902.42476
2017,02,24,3,904.66825
2017,02,24,4,906.34545
2017,02,24,5,906.95779
2017,02,24,6,907.34727
2017,02,24,7,906.9103
2017,02,25,0,906.06783
2017,02,25,1,905.6469
2017,02,25,2,907.36595
2017,02,25,3,910.55939
2017,02,25,4,914.52576
2017,02,25,5,916.37642
2017,02,25,6,916.47504
2017,02,25,7,915.24957
2017,02,26,0,915.81687
2017,02,26,1,916.39642
2017,02,26,2,915.56698
2017,02,26,3,915.32888
2017,02,26,4,914.26318
2017,02,26,5,912.75506
2017,02,26,6,911.51766
2017,02,26,7,910.04516
2017,02,27,0,908.91515
2017,02,27,1,908.59955
2017,02,27,2,908.59038
2017,02,27,3,908.61777
2017,02,27,4,908.39436
2017,02,27,5,907.32405
2017,02,27,6,907.09074
2017,02,27,7,906.00098
2017,02,28,0,904.4394
2017,02,28,1,904.08413
2017,02,28,2,905.25758
2017,02,28,3,907.62578
2017,02,28,4,908.5009
2017,02,28,5,909.92235
2017,02,28,6,911.88786
2017,02,28,7,913.29524
2017,02,29,0,913.62017
2017,02,29,1,913.57331
2017,02,29,2,913.95187
2017,02,29,3,914.56628
2017,02,29,4,915.28005
2017,02,29,5,916.13561
2017,02,29,6,916.81129
2017,02,29,7,917.07438
2017,02,30,0,916.76526
2017,02,30,1,915.88302
2017,02,30,2,915.78271
2017,02,30,3,915.7534
2017,02,30,4,915.15558
2017,02,30,5,914.06429
2017,02,30,6,912.86193
2017,02,30,7,911.80631
2017,02,1,0,910.92231
2017,02,1,1,910.8565
2017,02,1,2,911.5808
2017,02,1,3,911.85026
2017,02,1,4,912.45134
2017,02,1,5,913.15365
2017,02,1,6,912.84892
2017,02,1,7,912.9382
2017,02,2,0,912.66864
2017,02,2,1,911.69323
2017,02,2,2,910.45258
2017,02,2,3,910.53133
2017,02,2,4,913.22149
2017,02,2,5,915.54141
2017,02,2,6,914.8243
2017,02,2,7,914.55094
2017,02,3,0,915.82978
2017,02,3,1,916.51153
2017,02,3,2,918.23904
2017,02,3,3,919.82907
2017,02,3,4,921.31997
2017,02,3,5,922.51771
2017,02,3,6,924.13294
2017,02,3,7,925.82758
2017,02,4,0,925.05617
2017,02,4,1,924.42096
2017,02,4,2,924.11499
2017,02,4,3,923.29739
2017,02,4,4,923.17316
2017,02,4,5,921.30044
2017,02,4,6,919.95902
2017,02,4,7,919.90699
2017,02,5,0,918.85957
2017,02,5,1,918.27873
2017,02,5,2,919.84274
2017,02,5,3,921.66711
2017,02,5,4,922.7215
2017,02,5,5,923.82317
2017,02,5,6,922.71163
2017,02,5,7,920.98074
2017,02,6,0,918.66812
2017,02,6,1,918.33323
2017,02,6,2,918.586
2017,02,6,3,919.60581
2017,02,6,4,919.40061
2017,02,6,5,921.37868
2017,02,6,6,920.63341
2017,02,6,7,917.05145
2017,02,7,0,915.9055
2017,02,7,1,916.66462
2017,02,7,2,920.29925
2017,02,7,3,920.10564
2017,02,7,4,918.85626
2017,02,7,5,917.99906
2017,02,7,6,916.31155
2017,02,7,7,915.52235
2017,02,8,0,914.89195
2017,02,8,1,913.07782
2017,02,8,2,913.78654
2017,02,8,3,914.47896
2017,02,8,4,914.67053
2017,02,8,5,915.05243
2017,02,8,6,914.63615
2017,02,8,7,914.5255
2017,02,9,0,913.6088
2017,02,9,1,912.61787
2017,02,9,2,913.17518
2017,02,9,3,913.88477
2017,02,9,4,912.96247
2017,02,9,5,910.94445
2017,02,9,6,911.8411
2017,02,9,7,913.57635
2017,02,10,0,911.19214
2017,02,10,1,908.88693
2017,02,10,2,910.85121
2017,02,10,3,912.83504
2017,02,10,4,912.01036
2017,02,10,5,911.49424
2017,02,10,6,912.99461
2017,02,10,7,913.78777
2017,02,11,0,913.90105
2017,02,11,1,913.99078
2017,02,11,2,915.63641
2017,02,11,3,917.46488
2017,02,11,4,915.79329
2017,02,11,5,913.80383
2017,02,11,6,913.55941
2017,02,11,7,913.09145
2017,02,12,0,911.4197
2017,02,12,1,911.08626
2017,02,12,2,911.48641
2017,02,12,3,911.00515
2017,02,12,4,910.24367
2017,02,12,5,910.50801
2017,02,12,6,910.57881
2017,02,12,7,910.80493
2017,02,13,0,910.86624
2017,02,13,1,910.76276
2017,02,13,2,910.86785
2017,02,13,3,911.26089
2017,02,13,4,911.95416
2017,02,13,5,912.22707
2017,02,13,6,911.69952
2017,02,13,7,911.07335
2017,02,14,0,910.6828
2017,02,14,1,909.61935
2017,02,14,2,908.83084
2017,02,14,3,908.06095
2017,02,14,4,907.53142
2017,02,14,5,907.39906
2017,02,14,6,907.94617
2017,02,14,7,908.42902
2017,02,15,0,908.25071
2017,02,15,1,908.01943
2017,02,15,2,908.10131
2017,02,15,3,908.27969
2017,02,15,4,908.55853
2017,02,15,5,909.04188
2017,02,15,6,909.8278
2017,02,15,7,910.44132
2017,02,16,0,910.65643
2017,02,16,1,911.45355
2017,02,16,2,912.83206
2017,02,16,3,914.23886
2017,02,16,4,915.13304
2017,02,16,5,915.95942
2017,02,16,6,917.34452
2017,02,16,7,918.40821
2017,02,17,0,918.06059
2017,02,17,1,917.78555
2017,02,17,2,917.98173
2017,02,17,3,917.48852
2017,02,17,4,915.55755
2017,02,17,5,912.97945
2017,02,17,6,912.08058
2017,02,17,7,912.36698
2017,02,18,0,913.67483
2017,02,18,1,915.86936
2017,02,18,2,917.60556
2017,02,18,3,918.94051
2017,02,18,4,920.52091
2017,02,18,5,921.8174
2017,02,18,6,924.3025
2017,02,18,7,925.86815
2017,02,19,0,925.02686
2017,02,19,1,924.25011
2017,02,19,2,924.71351
2017,02,19,3,923.78205
2017,02,19,4,921.89717
2017,02,19,5,921.07569
2017,02,19,6,920.14436
2017,02,19,7,917.65676
2017,02,20,0,918.446
2017,02,20,1,920.18714
2017,02,20,2,921.12012
2017,02,20,3,921.26016
2017,02,20,4,919.83965
2017,02,20,5,919.22968
2017,02,20,6,919.09455
2017,02,20,7,918.45365
2017,02,21,0,917.30228
2017,02,21,1,916.03853
2017,02,21,2,916.32779
2017,02,21,3,916.88151
2017,02,21,4,915.33435
2017,02,21,5,914.18828
2017,02,21,6,913.12723
2017,02,21,7,912.37001
2017,02,22,0,913.93203
2017,02,22,1,915.39261
2017,02,22,2,914.9091
2017,02,22,3,914.01395
2017,02,22,4,914.14579
2017,02,22,5,914.21118
2017,02,22,6,915.34195
2017,02,22,7,916.30713
2017,02,23,0,915.41649
2017,02,23,1,914.15696
2017,02,23,2,913.91661
2017,02,23,3,914.32692
2017,02,23,4,914.14157
2017,02,23,5,913.56827
2017,02,23,6,913.79861
2017,02,23,7,914.16854
2017,02,24,0,913.98269
2017,02,24,1,913.80536
2017,02,24,2,914.44587
2017,02,24,3,915.25905
2017,02,24,4,916.40609
2017,02,24,5,917.38965
2017,02,24,6,917.63153
2017,02,24,7,917.50726
2017,02,25,0,916.2566
2017,02,25,1,914.9595
2017,02,25,2,914.98779
2017,02,25,3,914.77847
2017,02,25,4,915.08477
2017,02,25,5,915.42518
2017,02,25,6,914.58815
2017,02,25,7,913.57161
2017,02,26,0,913.90599
2017,02,26,1,914.13895
2017,02,26,2,913.49206
2017,02,26,3,912.39317
2017,02,26,4,911.76515
2017,02,26,5,911.3477
2017,02,26,6,910.03145
2017,02,26,7,908.99941
2017,02,27,0,910.31132
2017,02,27,1,911.39175
2017,02,27,2,911.23115
2017,02,27,3,910.9391
2017,02,27,4,909.77409
2017,02,27,5,908.98468
2017,02,27,6,909.97944
2017,02,27,7,911.09315
2017,02,28,0,910.34226
2017,02,28,1,909.31007
2017,02,28,2,909.25862
2017,02,28,3,909.3684
2017,02,28,4,909.13277
2017,02,28,5,909.12319
2017,02,28,6,909.36991
2017,02,28,7,909.36921
2017,02,29,0,909.15139
2017,02,29,1,908.96516
2017,02,29,2,908.52408
2017,02,29,3,908.09332
2017,02,29,4,907.97898
2017,02,29,5,908.11401
2017,02,29,6,909.4515
2017,02,29,7,910.50362
2017,02,30,0,909.57672
2017,02,30,1,908.25786
2017,02,30,2,908.95139
2017,02,30,3,909.4798
2017,02,30,4,909.02522
2017,02,30,5,909.04196
2017,02,30,6,909.85809
2017,02,30,7,910.77744
2017,02,31,0,912.94112
2017,02,31,1,915.67601
2017,02,31,2,917.57922
2017,02,31,3,917.98491
2017,02,31,4,917.97285
2017,02,31,5,917.60913
2017,02,31,6,916.20803
2017,02,31,7,914.47006
2017,02,1,0,914.19479
2017,02,1,1,913.71353
2017,02,1,2,912.05239
2017,02,1,3,910.38803
2017,02,1,4,909.9558
2017,02,1,5,910.32582
2017,02,1,6,910.7115
2017,02,1,7,910.85055
2017,02,2,0,910.88016
2017,02,2,1,910.78241
2017,02,2,2,910.7889
2017,02,2,3,910.35127
2017,02,2,4,910.53973
2017,02,2,5,911.45822
2017,02,2,6,912.26095
2017,02,2,7,913.29651
2017,02,3,0,913.1862
2017,02,3,1,912.59649
2017,02,3,2,912.26723
2017,02,3,3,912.16727
2017,02,3,4,912.68539
2017,02,3,5,913.42525
2017,02,3,6,914.85631
2017,02,3,7,916.1021
2017,02,4,0,916.59509
2017,02,4,1,917.03689
2017,02,4,2,919.52793
2017,02,4,3,921.33719
2017,02,4,4,919.55172
2017,02,4,5,917.50183
2017,02,4,6,916.18137
2017,02,4,7,915.47008
2017,02,5,0,914.59675
2017,02,5,1,913.42996
2017,02,5,2,912.40286
2017,02,5,3,911.76515
2017,02,5,4,911.77422
2017,02,5,5,912.04576
2017,02,5,6,914.54717
2017,02,5,7,917.8948
2017,02,6,0,918.70504
2017,02,6,1,918.25423
2017,02,6,2,919.15955
2017,02,6,3,919.78525
2017,02,6,4,919.93609
2017,02,6,5,919.32321
2017,02,6,6,918.93104
2017,02,6,7,917.54309
2017,02,7,0,916.32406
2017,02,7,1,914.97078
2017,02,7,2,912.7661
2017,02,7,3,911.25204
2017,02,7,4,909.98906
2017,02,7,5,908.08751
2017,02,7,6,906.86036
2017,02,7,7,906.37974
2017,02,8,0,906.02495
2017,02,8,1,905.2134
2017,02,8,2,904.43312
2017,02,8,3,903.74859
2017,02,8,4,902.97896
2017,02,8,5,903.12916
2017,02,8,6,904.86408
2017,02,8,7,905.79633
2017,02,9,0,906.23824
2017,02,9,1,906.05866
2017,02,9,2,907.25856
2017,02,9,3,908.17579
2017,02,9,4,905.50101
2017,02,9,5,904.27337
2017,02,9,6,905.24443
2017,02,9,7,905.95143
2017,02,10,0,905.67301
2017,02,10,1,905.31065
2017,02,10,2,906.99223
2017,02,10,3,907.84748
2017,02,10,4,905.54392
2017,02,10,5,903.92202
2017,02,10,6,905.14895
2017,02,10,7,905.66068
2017,02,11,0,904.61599
2017,02,11,1,903.58323
2017,02,11,2,903.67457
2017,02,11,3,903.41479
2017,02,11,4,902.8154
2017,02,11,5,902.56047
2017,02,11,6,902.10358
2017,02,11,7,902.04617
2017,02,12,0,902.31112
2017,02,12,1,902.2383
2017,02,12,2,902.19657
2017,02,12,3,901.74996
2017,02,12,4,900.21347
2017,02,12,5,898.95821
2017,02,12,6,900.66912
2017,02,12,7,903.15293
2017,02,13,0,902.29731
2017,02,13,1,901.26198
2017,02,13,2,902.48082
2017,02,13,3,904.09236
2017,02,13,4,903.99232
2017,02,13,5,904.2169
2017,02,13,6,905.95389
2017,02,13,7,907.32069
2017,02,14,0,909.03621
2017,02,14,1,910.74719
2017,02,14,2,912.90655
2017,02,14,3,914.52189
2017,02,14,4,914.2216
2017,02,14,5,914.17281
2017,02,14,6,914.92465
2017,02,14,7,914.97921
2017,02,15,0,913.87755
2017,02,15,1,912.85214
2017,02,15,2,912.30636
2017,02,15,3,911.65545
2017,02,15,4,911.42506
2017,02,15,5,911.65493
2017,02,15,6,911.39137
2017,02,15,7,911.00777
2017,02,16,0,910.82377
2017,02,16,1,910.1286
2017,02,16,2,909.12998
2017,02,16,3,908.54421
2017,02,16,4,908.28183
2017,02,16,5,908.02022
2017,02,16,6,908.27078
2017,02,16,7,908.7003
2017,02,17,0,908.15478
2017,02,17,1,907.52158
2017,02,17,2,907.56041
2017,02,17,3,907.64931
2017,02,17,4,907.43817
2017,02,17,5,907.08665
2017,02,17,6,906.97486
2017,02,17,7,907.12641
2017,02,18,0,907.23406
2017,02,18,1,906.96862
2017,02,18,2,906.65374
2017,02,18,3,906.34267
2017,02,18,4,906.9914
2017,02,18,5,907.46358
2017,02,18,6,907.99318
2017,02,18,7,908.97652
2017,02,19,0,908.73406
2017,02,19,1,908.23603
2017,02,19,2,908.65919
2017,02,19,3,908.63297
2017,02,19,4,908.22482
2017,02,19,5,907.94907
2017,02,19,6,908.80159
2017,02,19,7,909.62592
2017,02,20,0,909.38421
2017,02,20,1,908.93089
2017,02,20,2,908.13162
2017,02,20,3,907.61074
2017,02,20,4,907.66084
2017,02,20,5,907.13962
2017,02,20,6,906.97961
2017,02,20,7,906.97475
2017,02,21,0,907.15791
2017,02,21,1,907.01567
2017,02,21,2,906.92063
2017,02,21,3,906.97003
2017,02,21,4,907.58687
2017,02,21,5,908.25478
2017,02,21,6,909.44545
2017,02,21,7,910.14812
2017,02,22,0,909.40402
2017,02,22,1,908.40452
2017,02,22,2,908.64324
2017,02,22,3,908.68432
2017,02,22,4,909.32383
2017,02,22,5,909.83609
2017,02,22,6,910.29633
2017,02,22,7,910.47506
2017,02,23,0,909.68558
2017,02,23,1,908.95034
2017,02,23,2,909.47444
2017,02,23,3,909.66997
2017,02,23,4,909.74174
2017,02,23,5,910.11402
2017,02,23,6,910.31778
2017,02,23,7,910.41524
2017,02,24,0,911.05787
2017,02,24,1,911.68808
2017,02,24,2,911.94386
2017,02,24,3,911.51197
2017,02,24,4,909.58088
2017,02,24,5,907.54055
2017,02,24,6,908.11047
2017,02,24,7,908.30687
2017,02,25,0,907.70097
2017,02,25,1,907.32203
2017,02,25,2,906.76435
2017,02,25,3,906.00392
2017,02,25,4,905.93921
2017,02,25,5,905.51559
2017,02,25,6,905.09047
2017,02,25,7,904.71028
2017,02,26,0,904.46051
2017,02,26,1,904.02414
2017,02,26,2,904.27344
2017,02,26,3,904.22296
2017,02,26,4,903.99098
2017,02,26,5,904.16761
2017,02,26,6,904.61398
2017,02,26,7,904.77032
2017,02,27,0,904.79695
2017,02,27,1,905.06049
2017,02,27,2,905.45584
2017,02,27,3,905.41012
2017,02,27,4,905.31801
2017,02,27,5,905.57373
2017,02,27,6,906.01823
2017,02,27,7,906.21208
2017,02,28,0,906.02531
2017,02,28,1,905.88956
2017,02,28,2,906.08622
2017,02,28,3,906.47236
2017,02,28,4,906.89303
2017,02,28,5,906.95541
2017,02,28,6,908.23472
2017,02,28,7,909.19638
2017,02,29,0,909.31673
2017,02,29,1,909.62242
2017,02,29,2,910.79684
2017,02,29,3,911.77832
2017,02,29,4,910.94547
2017,02,29,5,909.8484
2017,02,29,6,910.67791
2017,02,29,7,911.43673
2017,02,30,0,911.81071
2017,02,30,1,912.08037
2017,02,30,2,912.89233
2017,02,30,3,913.63577
2017,02,30,4,913.58832
2017,02,30,5,913.32284
2017,02,30,6,913.57066
2017,02,30,7,913.9126
2017,02,1,0,913.77083
2017,02,1,1,912.97142
2017,02,1,2,912.50425
2017,02,1,3,912.13728
2017,02,1,4,910.78109
2017,02,1,5,909.30576
2017,02,1,6,908.8174
2017,02,1,7,908.24792
2017,02,2,0,906.39444
2017,02,2,1,904.72407
2017,02,2,2,904.29524
2017,02,2,3,903.92016
2017,02,2,4,903.13775
2017,02,2,5,902.32463
2017,02,2,6,902.43964
2017,02,2,7,902.45654
2017,02,3,0,902.53423
2017,02,3,1,902.83876
2017,02,3,2,903.0567
2017,02,3,3,903.29457
2017,02,3,4,903.38659
2017,02,3,5,903.44206
2017,02,3,6,903.46583
2017,02,3,7,903.64956
2017,02,4,0,903.89522
2017,02,4,1,903.97634
2017,02,4,2,904.48638
2017,02,4,3,905.13195
2017,02,4,4,906.00099
2017,02,4,5,906.84015
2017,02,4,6,907.90212
2017,02,4,7,908.95491
2017,02,5,0,909.30948
2017,02,5,1,909.24795
2017,02,5,2,909.14598
2017,02,5,3,908.83379
2017,02,5,4,908.70942
2017,02,5,5,908.5042
2017,02,5,6,908.87184
2017,02,5,7,909.19692
2017,02,6,0,908.76573
2017,02,6,1,908.37062
2017,02,6,2,908.94702
2017,02,6,3,909.3912
2017,02,6,4,909.616
2017,02,6,5,909.53782
2017,02,6,6,910.09685
2017,02,6,7,910.41382
2017,02,7,0,910.66157
2017,02,7,1,910.58631
2017,02,7,2,910.28907
2017,02,7,3,910.18001
2017,02,7,4,910.26852
2017,02,7,5,910.08137
2017,02,7,6,909.84798
2017,02,7,7,909.90574
2017,02,8,0,909.66805
2017,02,8,1,908.3806
2017,02,8,2,907.0702
2017,02,8,3,906.26593
2017,02,8,4,906.21277
2017,02,8,5,906.4924
2017,02,8,6,906.69065
2017,02,8,7,907.27031
2017,02,9,0,907.60112
2017,02,9,1,907.79643
2017,02,9,2,908.07459
2017,02,9,3,908.08782
2017,02,9,4,908.36686
2017,02,9,5,908.78291
2017,02,9,6,909.45495
2017,02,9,7,910.06169
2017,02,10,0,910.63421
2017,02,10,1,911.03111
2017,02,10,2,911.79945
2017,02,10,3,912.29918
2017,02,10,4,912.99328
2017,02,10,5,913.68546
2017,02,10,6,914.11571
2017,02,10,7,914.45385
2017,02,11,0,913.88986
2017,02,11,1,913.30696
2017,02,11,2,913.47822
2017,02,11,3,913.3728
2017,02,11,4,913.53334
2017,02,11,5,913.84946
2017,02,11,6,914.33054
2017,02,11,7,914.96652
2017,02,12,0,914.88358
2017,02,12,1,914.92257
2017,02,12,2,915.51696
2017,02,12,3,915.65414
2017,02,12,4,915.95625
2017,02,12,5,916.16662
2017,02,12,6,916.88699
2017,02,12,7,917.6517
2017,02,13,0,918.0131
2017,02,13,1,918.16474
2017,02,13,2,918.23235
2017,02,13,3,917.9479
2017,02,13,4,918.08614
2017,02,13,5,918.11645
2017,02,13,6,917.36525
2017,02,13,7,916.60272
2017,02,14,0,916.17804
2017,02,14,1,915.86589
2017,02,14,2,915.28562
2017,02,14,3,914.63528
2017,02,14,4,914.22278
2017,02,14,5,914.24338
2017,02,14,6,915.14297
2017,02,14,7,916.14179
2017,02,15,0,916.88339
2017,02,15,1,917.22013
2017,02,15,2,917.81085
2017,02,15,3,918.41456
2017,02,15,4,918.02252
2017,02,15,5,917.50557
2017,02,15,6,917.79559
2017,02,15,7,917.93342
2017,02,16,0,917.44339
2017,02,16,1,916.53384
2017,02,16,2,915.99375
2017,02,16,3,915.69962
2017,02,16,4,915.3464
2017,02,16,5,914.41431
2017,02,16,6,912.86528
2017,02,16,7,911.64844
2017,02,17,0,910.22329
2017,02,17,1,908.46253
2017,02,17,2,907.79051
2017,02,17,3,907.25281
2017,02,17,4,905.75227
2017,02,17,5,904.92257
2017,02,17,6,905.14418
2017,02,17,7,905.66039
2017,02,18,0,906.4158
2017,02,18,1,907.02144
2017,02,18,2,907.72262
2017,02,18,3,908.38379
2017,02,18,4,909.32579
2017,02,18,5,910.06515
2017,02,18,6,910.78046
2017,02,18,7,910.97427
2017,02,19,0,911.11044
2017,02,19,1,910.82392
2017,02,19,2,910.74966
2017,02,19,3,910.9315
2017,02,19,4,911.26695
2017,02,19,5,912.13788
2017,02,19,6,913.06302
2017,02,19,7,913.77216
2017,02,20,0,914.20357
2017,02,20,1,914.62771
2017,02,20,2,915.22202
2017,02,20,3,915.83898
2017,02,20,4,915.50217
2017,02,20,5,914.61945
2017,02,20,6,914.89797
2017,02,20,7,914.61546
2017,02,21,0,912.88526
2017,02,21,1,911.38114
2017,02,21,2,911.43714
2017,02,21,3,911.45318
2017,02,21,4,911.31222
2017,02,21,5,911.46011
2017,02,21,6,911.41904
2017,02,21,7,911.69655
2017,02,22,0,912.1038
2017,02,22,1,912.4751
2017,02,22,2,913.79471
2017,02,22,3,915.04458
2017,02,22,4,913.95727
2017,02,22,5,913.15703
2017,02,22,6,914.5367
2017,02,22,7,915.1295
2017,02,23,0,916.12533
2017,02,23,1,916.26365
2017,02,23,2,916.14532
2017,02,23,3,916.02598
2017,02,23,4,913.89572
2017,02,23,5,912.68116
2017,02,23,6,912.49129
2017,02,23,7,912.25852
2017,02,24,0,912.10551
2017,02,24,1,911.37606
2017,02,24,2,910.34165
2017,02,24,3,910.18559
2017,02,24,4,910.47896
2017,02,24,5,910.58905
2017,02,24,6,911.24168
2017,02,24,7,911.94387
2017,02,25,0,911.41
2017,02,25,1,910.98501
2017,02,25,2,910.18574
2017,02,25,3,909.24133
2017,02,25,4,909.27206
2017,02,25,5,909.32745
2017,02,25,6,908.62185
2017,02,25,7,908.22733
2017,02,26,0,907.87078
2017,02,26,1,907.15033
2017,02,26,2,907.18789
2017,02,26,3,907.67598
2017,02,26,4,907.79372
2017,02,26,5,907.95608
2017,02,26,6,908.48866
2017,02,26,7,909.23492
2017,02,27,0,909.43227
2017,02,27,1,909.42062
2017,02,27,2,909.27478
2017,02,27,3,909.1288
2017,02,27,4,908.95796
2017,02,27,5,908.73072
2017,02,27,6,908.80676
2017,02,27,7,908.8591
2017,02,28,0,908.45893
2017,02,28,1,907.82533
2017,02,28,2,907.59955
2017,02,28,3,907.20735
2017,02,28,4,905.98396
2017,02,28,5,905.14749
2017,02,28,6,905.87171
2017,02,28,7,906.81024
2017,02,29,0,907.203
2017,02,29,1,907.43324
2017,02,29,2,907.02948
2017,02,29,3,906.79968
2017,02,29,4,907.71639
2017,02,29,5,908.53901
2017,02,29,6,909.13348
2017,02,29,7,910.3113
2017,02,30,0,911.4147
2017,02,30,1,912.38741
2017,02,30,2,913.72419
2017,02,30,3,914.60173
2017,02,30,4,914.48425
2017,02,30,5,914.10684
2017,02,30,6,914.08728
2017,02,30,7,913.8122
2017,02,31,0,912.53167
2017,02,31,1,909.91581
2017,02,31,2,907.71667
2017,02,31,3,906.74514
2017,02,31,4,906.00568
2017,02,31,5,905.93
2017,02,31,6,905.47388
2017,02,31,7,905.27668
2018,02,1,0,905.64668
2018,02,1,1,905.90572
2018,02,1,2,906.74931
2018,02,1,3,907.61825
2018,02,1,4,907.70475
2018,02,1,5,907.78958
2018,02,1,6,908.85694
2018,02,1,7,909.98739
2018,02,2,0,910.30435
2018,02,2,1,910.35768
2018,02,2,2,910.30115
2018,02,2,3,910.50075
2018,02,2,4,910.47925
2018,02,2,5,909.94753
2018,02,2,6,910.4109
2018,02,2,7,911.4778
2018,02,3,0,911.29508
2018,02,3,1,910.84962
2018,02,3,2,912.15002
2018,02,3,3,912.60751
2018,02,3,4,911.41685
2018,02,3,5,910.15227
2018,02,3,6,908.95044
2018,02,3,7,908.03087
2018,02,4,0,906.79014
2018,02,4,1,905.49796
2018,02,4,2,904.99719
2018,02,4,3,905.73739
2018,02,4,4,906.58176
2018,02,4,5,908.11692
2018,02,4,6,910.57018
2018,02,4,7,912.2176
2018,02,5,0,912.57849
2018,02,5,1,912.64037
2018,02,5,2,912.23766
2018,02,5,3,912.02612
2018,02,5,4,911.84576
2018,02,5,5,911.39799
2018,02,5,6,911.35374
2018,02,5,7,911.97191
2018,02,6,0,912.20001
2018,02,6,1,911.04537
2018,02,6,2,909.97549
2018,02,6,3,909.36609
2018,02,6,4,908.93308
2018,02,6,5,908.41173
2018,02,6,6,907.34325
2018,02,6,7,906.8288
2018,02,7,0,906.72569
2018,02,7,1,906.89041
2018,02,7,2,907.98729
2018,02,7,3,908.93347
2018,02,7,4,910.25135
2018,02,7,5,911.98489
2018,02,7,6,914.03975
2018,02,7,7,915.92613
2018,02,8,0,917.1036
2018,02,8,1,917.77065
2018,02,8,2,918.53219
2018,02,8,3,919.06234
2018,02,8,4,918.8743
2018,02,8,5,918.55495
2018,02,8,6,919.28153
2018,02,8,7,920.03448
2018,02,9,0,919.79305
2018,02,9,1,919.16517
2018,02,9,2,918.74115
2018,02,9,3,918.01449
2018,02,9,4,917.33909
2018,02,9,5,916.97207
2018,02,9,6,916.79197
2018,02,9,7,916.434
2018,02,10,0,916.13107
2018,02,10,1,915.43472
2018,02,10,2,914.49761
2018,02,10,3,913.42119
2018,02,10,4,912.77143
2018,02,10,5,912.04298
2018,02,10,6,910.89558
2018,02,10,7,909.82683
2018,02,11,0,909.26048
2018,02,11,1,908.39471
2018,02,11,2,907.45112
2018,02,11,3,906.90955
2018,02,11,4,907.09655
2018,02,11,5,907.39825
2018,02,11,6,908.06671
2018,02,11,7,909.13838
2018,02,12,0,909.8677
2018,02,12,1,909.91133
2018,02,12,2,910.30606
2018,02,12,3,910.24217
2018,02,12,4,910.2452
2018,02,12,5,910.10233
2018,02,12,6,910.32981
2018,02,12,7,910.88769
2018,02,13,0,911.67356
2018,02,13,1,911.96294
2018,02,13,2,911.73042
2018,02,13,3,911.04193
2018,02,13,4,909.38547
2018,02,13,5,907.35062
2018,02,13,6,906.06154
2018,02,13,7,905.17443
2018,02,14,0,904.74607
2018,02,14,1,904.5304
2018,02,14,2,905.16318
2018,02,14,3,906.49768
2018,02,14,4,907.50297
2018,02,14,5,907.49024
2018,02,14,6,907.53036
2018,02,14,7,907.65258
2018,02,15,0,906.62326
2018,02,15,1,905.14545
2018,02,15,2,903.96043
2018,02,15,3,902.35326
2018,02,15,4,901.5672
2018,02,15,5,900.13453
2018,02,15,6,898.57447
2018,02,15,7,898.29053
2018,02,16,0,898.8269
2018,02,16,1,899.37621
2018,02,16,2,900.00309
2018,02,16,3,900.57314
2018,02,16,4,900.52878
2018,02,16,5,900.51486
2018,02,16,6,900.96731
2018,02,16,7,901.44963
2018,02,17,0,901.41745
2018,02,17,1,901.16722
2018,02,17,2,901.38013
2018,02,17,3,901.10217
2018,02,17,4,900.72472
2018,02,17,5,900.72632
2018,02,17,6,900.64638
2018,02,17,7,900.53975
2018,02,18,0,900.9093
2018,02,18,1,901.27336
2018,02,18,2,901.57621
2018,02,18,3,901.95263
2018,02,18,4,901.13491
2018,02,18,5,900.1194
2018,02,18,6,901.23532
2018,02,18,7,902.7836
2018,02,19,0,902.63741
2018,02,19,1,902.90411
2018,02,19,2,904.17331
2018,02,19,3,905.21937
2018,02,19,4,905.86625
2018,02,19,5,906.44564
2018,02,19,6,908.26433
2018,02,19,7,909.75232
2018,02,20,0,908.73306
2018,02,20,1,907.45563
2018,02,20,2,907.10173
2018,02,20,3,906.35892
2018,02,20,4,905.35019
2018,02,20,5,904.79651
2018,02,20,6,904.66466
2018,02,20,7,904.71874
2018,02,21,0,904.92921
2018,02,21,1,905.04547
2018,02,21,2,904.91732
2018,02,21,3,904.83559
2018,02,21,4,904.95549
2018,02,21,5,905.825
2018,02,21,6,906.54294
2018,02,21,7,907.0464
2018,02,22,0,907.79481
2018,02,22,1,908.38638
2018,02,22,2,908.74874
2018,02,22,3,908.4498
2018,02,22,4,907.71334
2018,02,22,5,907.07279
2018,02,22,6,907.07194
2018,02,22,7,907.34695
2018,02,23,0,907.47739
2018,02,23,1,907.30367
2018,02,23,2,907.245
2018,02,23,3,907.05701
2018,02,23,4,906.92316
2018,02,23,5,907.38435
2018,02,23,6,907.42215
2018,02,23,7,907.05725
2018,02,24,0,907.21013
2018,02,24,1,907.60771
2018,02,24,2,908.68839
2018,02,24,3,909.73284
2018,02,24,4,910.20195
2018,02,24,5,910.67913
2018,02,24,6,911.43256
2018,02,24,7,912.40149
2018,02,25,0,913.05789
2018,02,25,1,913.38915
2018,02,25,2,914.11142
2018,02,25,3,914.82815
2018,02,25,4,915.35799
2018,02,25,5,915.66826
2018,02,25,6,915.79308
2018,02,25,7,915.91688
2018,02,26,0,916.21687
2018,02,26,1,915.93858
2018,02,26,2,915.41795
2018,02,26,3,915.1517
2018,02,26,4,914.73566
2018,02,26,5,914.24901
2018,02,26,6,914.54314
2018,02,26,7,915.12393
2018,02,27,0,916.09427
2018,02,27,1,916.69932
2018,02,27,2,917.06445
2018,02,27,3,917.60115
2018,02,27,4,918.53956
2018,02,27,5,919.05244
2018,02,27,6,919.45653
2018,02,27,7,919.5212
2018,02,28,0,919.06976
2018,02,28,1,918.6202
2018,02,28,2,919.01565
2018,02,28,3,919.05371
2018,02,28,4,918.28926
2018,02,28,5,917.18152
2018,02,28,6,917.14735
2018,02,28,7,916.94934
2018,02,29,0,916.18682
2018,02,29,1,914.9419
2018,02,29,2,914.08281
2018,02,29,3,913.19186
2018,02,29,4,912.75583
2018,02,29,5,912.35161
2018,02,29,6,911.66466
2018,02,29,7,911.1306
2018,02,30,0,910.58193
2018,02,30,1,909.83071
2018,02,30,2,909.78574
2018,02,30,3,909.71119
2018,02,30,4,909.28516
2018,02,30,5,908.84697
2018,02,30,6,909.70946
2018,02,30,7,910.73114
2018,02,31,0,910.989
2018,02,31,1,910.98822
2018,02,31,2,912.80777
2018,02,31,3,913.76632
2018,02,31,4,914.09987
2018,02,31,5,914.38783
2018,02,31,6,914.43952
2018,02,31,7,914.47988
2018,02,1,0,914.64986
2018,02,1,1,914.49815
2018,02,1,2,914.58724
2018,02,1,3,914.44617
2018,02,1,4,914.23855
2018,02,1,5,914.23661
2018,02,1,6,914.13607
2018,02,1,7,914.21771
2018,02,2,0,913.68728
2018,02,2,1,913.18472
2018,02,2,2,913.62026
2018,02,2,3,914.12233
2018,02,2,4,914.13319
2018,02,2,5,913.99874
2018,02,2,6,914.43071
2018,02,2,7,914.54516
2018,02,3,0,914.4545
2018,02,3,1,914.56486
2018,02,3,2,914.46395
2018,02,3,3,914.20373
2018,02,3,4,914.26877
2018,02,3,5,914.29701
2018,02,3,6,914.28328
2018,02,3,7,914.42465
2018,02,4,0,914.47579
2018,02,4,1,914.62214
2018,02,4,2,914.98162
2018,02,4,3,915.17726
2018,02,4,4,916.03066
2018,02,4,5,916.7364
2018,02,4,6,917.46658
2018,02,4,7,918.07487
2018,02,5,0,917.40579
2018,02,5,1,916.18799
2018,02,5,2,914.84206
2018,02,5,3,912.83871
2018,02,5,4,911.08629
2018,02,5,5,910.03982
2018,02,5,6,907.95658
2018,02,5,7,906.54047
2018,02,6,0,906.37462
2018,02,6,1,905.97108
2018,02,6,2,905.96861
2018,02,6,3,906.12638
2018,02,6,4,906.41357
2018,02,6,5,908.17411
2018,02,6,6,910.77538
2018,02,6,7,911.90216
2018,02,7,0,912.97113
2018,02,7,1,913.3383
2018,02,7,2,913.18815
2018,02,7,3,912.70475
2018,02,7,4,912.79771
2018,02,7,5,911.93484
2018,02,7,6,910.58285
2018,02,7,7,909.08714
2018,02,8,0,908.02537
2018,02,8,1,906.23675
2018,02,8,2,903.96556
2018,02,8,3,902.19278
2018,02,8,4,901.41536
2018,02,8,5,901.15194
2018,02,8,6,900.62829
2018,02,8,7,900.2661
2018,02,9,0,899.81986
2018,02,9,1,899.4091
2018,02,9,2,899.61874
2018,02,9,3,900.05595
2018,02,9,4,900.26807
2018,02,9,5,900.12556
2018,02,9,6,900.75958
2018,02,9,7,901.50431
2018,02,10,0,902.28357
2018,02,10,1,903.04373
2018,02,10,2,903.80438
2018,02,10,3,904.54505
2018,02,10,4,905.71123
2018,02,10,5,906.1981
2018,02,10,6,906.51435
2018,02,10,7,906.95981
2018,02,11,0,908.20807
2018,02,11,1,908.99046
2018,02,11,2,909.24044
2018,02,11,3,909.52329
2018,02,11,4,909.42756
2018,02,11,5,908.62781
2018,02,11,6,908.19166
2018,02,11,7,907.51736
2018,02,12,0,905.87165
2018,02,12,1,904.29288
2018,02,12,2,903.65214
2018,02,12,3,902.57972
2018,02,12,4,901.4264
2018,02,12,5,900.88215
2018,02,12,6,901.02271
2018,02,12,7,901.0112
2018,02,13,0,901.46168
2018,02,13,1,901.78174
2018,02,13,2,902.61405
2018,02,13,3,903.04688
2018,02,13,4,903.72585
2018,02,13,5,904.98453
2018,02,13,6,905.34421
2018,02,13,7,905.78132
2018,02,14,0,906.11143
2018,02,14,1,906.48067
2018,02,14,2,908.0945
2018,02,14,3,909.81845
2018,02,14,4,908.51105
2018,02,14,5,906.44061
2018,02,14,6,905.66745
2018,02,14,7,904.89081
2018,02,15,0,905.01756
2018,02,15,1,905.02319
2018,02,15,2,905.72438
2018,02,15,3,905.57195
2018,02,15,4,903.77982
2018,02,15,5,902.13552
2018,02,15,6,901.7841
2018,02,15,7,902.13013
2018,02,16,0,902.45567
2018,02,16,1,902.62385
2018,02,16,2,903.60529
2018,02,16,3,905.17475
2018,02,16,4,906.01497
2018,02,16,5,907.07916
2018,02,16,6,909.43643
2018,02,16,7,911.92999
2018,02,17,0,911.81149
2018,02,17,1,911.61557
2018,02,17,2,911.72065
2018,02,17,3,911.11031
2018,02,17,4,910.92433
2018,02,17,5,910.81535
2018,02,17,6,910.71453
2018,02,17,7,910.74981
2018,02,18,0,911.25485
2018,02,18,1,911.4571
2018,02,18,2,910.36299
2018,02,18,3,909.69248
2018,02,18,4,909.76795
2018,02,18,5,909.38361
2018,02,18,6,908.53213
2018,02,18,7,907.83712
2018,02,19,0,908.0014
2018,02,19,1,908.13227
2018,02,19,2,906.74805
2018,02,19,3,905.1938
2018,02,19,4,903.71479
2018,02,19,5,902.73478
2018,02,19,6,902.33979
2018,02,19,7,902.57834
2018,02,20,0,904.92318
2018,02,20,1,906.68487
2018,02,20,2,908.30816
2018,02,20,3,910.32615
2018,02,20,4,910.97968
2018,02,20,5,911.13295
2018,02,20,6,911.07673
2018,02,20,7,910.99277
2018,02,21,0,910.81794
2018,02,21,1,910.00842
2018,02,21,2,909.46617
2018,02,21,3,909.27321
2018,02,21,4,909.18223
2018,02,21,5,909.1286
2018,02,21,6,908.85341
2018,02,21,7,908.77359
2018,02,22,0,909.49804
2018,02,22,1,910.33603
2018,02,22,2,911.51768
2018,02,22,3,912.78428
2018,02,22,4,913.68718
2018,02,22,5,914.72148
2018,02,22,6,915.22042
2018,02,22,7,915.95743
2018,02,23,0,916.56308
2018,02,23,1,916.05715
2018,02,23,2,915.60246
2018,02,23,3,915.53498
2018,02,23,4,914.82665
2018,02,23,5,913.51208
2018,02,23,6,912.51587
2018,02,23,7,911.64779
2018,02,24,0,910.26403
2018,02,24,1,908.89404
2018,02,24,2,907.54985
2018,02,24,3,905.7056
2018,02,24,4,905.99722
2018,02,24,5,906.33087
2018,02,24,6,905.62929
2018,02,24,7,905.37504
2018,02,25,0,905.95823
2018,02,25,1,906.20841
2018,02,25,2,906.36167
2018,02,25,3,906.7383
2018,02,25,4,907.17381
2018,02,25,5,907.81351
2018,02,25,6,908.0853
2018,02,25,7,908.57749
2018,02,26,0,908.86992
2018,02,26,1,908.39845
2018,02,26,2,908.80589
2018,02,26,3,909.12014
2018,02,26,4,908.9685
2018,02,26,5,909.35463
2018,02,26,6,910.45269
2018,02,26,7,911.33646
2018,02,27,0,911.43335
2018,02,27,1,910.87872
2018,02,27,2,909.97977
2018,02,27,3,909.4549
2018,02,27,4,909.68803
2018,02,27,5,909.66962
2018,02,27,6,909.89172
2018,02,27,7,910.4321
2018,02,28,0,910.53883
2018,02,28,1,909.75376
2018,02,28,2,909.22246
2018,02,28,3,908.69486
2018,02,28,4,907.6185
2018,02,28,5,906.32377
2018,02,28,6,904.90118
2018,02,28,7,904.31449
2018,02,1,0,904.06924
2018,02,1,1,903.27329
2018,02,1,2,903.42299
2018,02,1,3,903.96789
2018,02,1,4,904.88852
2018,02,1,5,905.68081
2018,02,1,6,905.97038
2018,02,1,7,905.97382
2018,02,2,0,906.24152
2018,02,2,1,906.34488
2018,02,2,2,906.75421
2018,02,2,3,907.3113
2018,02,2,4,908.36843
2018,02,2,5,909.3541
2018,02,2,6,909.73947
2018,02,2,7,910.19786
2018,02,3,0,910.74753
2018,02,3,1,911.03013
2018,02,3,2,911.76049
2018,02,3,3,912.44401
2018,02,3,4,912.42485
2018,02,3,5,912.42004
2018,02,3,6,912.66132
2018,02,3,7,912.51031
2018,02,4,0,912.45504
2018,02,4,1,911.81635
2018,02,4,2,911.59869
2018,02,4,3,911.74965
2018,02,4,4,911.9388
2018,02,4,5,911.72827
2018,02,4,6,911.48167
2018,02,4,7,911.16036
2018,02,5,0,910.27914
2018,02,5,1,909.82385
2018,02,5,2,910.20527
2018,02,5,3,910.28451
2018,02,5,4,909.87867
2018,02,5,5,909.32917
2018,02,5,6,908.80411
2018,02,5,7,907.92574
2018,02,6,0,907.18489
2018,02,6,1,906.26836
2018,02,6,2,905.83855
2018,02,6,3,905.33769
2018,02,6,4,905.22897
2018,02,6,5,904.9717
2018,02,6,6,905.09684
2018,02,6,7,906.33665
2018,02,7,0,906.27241
2018,02,7,1,906.51465
2018,02,7,2,908.76785
2018,02,7,3,910.4771
2018,02,7,4,911.02849
2018,02,7,5,911.3372
2018,02,7,6,911.60796
2018,02,7,7,911.9228
2018,02,8,0,912.08248
2018,02,8,1,912.15061
2018,02,8,2,912.17968
2018,02,8,3,912.25526
2018,02,8,4,913.01533
2018,02,8,5,913.45885
2018,02,8,6,913.61714
2018,02,8,7,913.4239
2018,02,9,0,913.18575
2018,02,9,1,913.34484
2018,02,9,2,913.62421
2018,02,9,3,912.95492
2018,02,9,4,912.23422
2018,02,9,5,911.96627
2018,02,9,6,911.95644
2018,02,9,7,912.36965
2018,02,10,0,913.01297
2018,02,10,1,913.69628
2018,02,10,2,914.25661
2018,02,10,3,914.80468
2018,02,10,4,915.87977
2018,02,10,5,916.85026
2018,02,10,6,917.39598
2018,02,10,7,918.15405
2018,02,11,0,919.21056
2018,02,11,1,920.09567
2018,02,11,2,921.72121
2018,02,11,3,923.02754
2018,02,11,4,923.05933
2018,02,11,5,923.43887
2018,02,11,6,923.10398
2018,02,11,7,922.48813
2018,02,12,0,922.82963
2018,02,12,1,922.64486
2018,02,12,2,922.19939
2018,02,12,3,921.67739
2018,02,12,4,921.18215
2018,02,12,5,920.73167
2018,02,12,6,920.14426
2018,02,12,7,919.65741
2018,02,13,0,919.19016
2018,02,13,1,918.59445
2018,02,13,2,918.61557
2018,02,13,3,918.2857
2018,02,13,4,917.46772
2018,02,13,5,916.66414
2018,02,13,6,916.18886
2018,02,13,7,915.75735
2018,02,14,0,914.8121
2018,02,14,1,913.77294
2018,02,14,2,913.79207
2018,02,14,3,913.78416
2018,02,14,4,913.87783
2018,02,14,5,914.11175
2018,02,14,6,914.14173
2018,02,14,7,914.38034
2018,02,15,0,914.56962
2018,02,15,1,914.44315
2018,02,15,2,913.89718
2018,02,15,3,913.29583
2018,02,15,4,912.98068
2018,02,15,5,912.24757
2018,02,15,6,911.71414
2018,02,15,7,911.62071
2018,02,16,0,910.85925
2018,02,16,1,910.44679
2018,02,16,2,911.1553
2018,02,16,3,911.61107
2018,02,16,4,911.36615
2018,02,16,5,911.43473
2018,02,16,6,912.07105
2018,02,16,7,912.09998
2018,02,17,0,911.8816
2018,02,17,1,911.18845
2018,02,17,2,909.89422
2018,02,17,3,909.42878
2018,02,17,4,908.92382
2018,02,17,5,909.00921
2018,02,17,6,908.59203
2018,02,17,7,908.68949
2018,02,18,0,909.94394
2018,02,18,1,911.01452
2018,02,18,2,911.75219
2018,02,18,3,912.04445
2018,02,18,4,912.44521
2018,02,18,5,912.75345
2018,02,18,6,913.11828
2018,02,18,7,913.44809
2018,02,19,0,914.32493
2018,02,19,1,915.27607
2018,02,19,2,916.13195
2018,02,19,3,916.35567
2018,02,19,4,916.65014
2018,02,19,5,915.92025
2018,02,19,6,914.68142
2018,02,19,7,913.2816
2018,02,20,0,912.24807
2018,02,20,1,911.33362
2018,02,20,2,910.83643
2018,02,20,3,910.10926
2018,02,20,4,909.09462
2018,02,20,5,908.32472
2018,02,20,6,907.43966
2018,02,20,7,906.81941
2018,02,21,0,907.24115
2018,02,21,1,907.4321
2018,02,21,2,908.21895
2018,02,21,3,908.96449
2018,02,21,4,908.7638
2018,02,21,5,908.38962
2018,02,21,6,909.37452
2018,02,21,7,910.50493
2018,02,22,0,910.66721
2018,02,22,1,910.06587
2018,02,22,2,909.93632
2018,02,22,3,909.17055
2018,02,22,4,908.23172
2018,02,22,5,906.64963
2018,02,22,6,905.56563
2018,02,22,7,904.80979
2018,02,23,0,906.20996
2018,02,23,1,907.8751
2018,02,23,2,910.43893
2018,02,23,3,913.03525
2018,02,23,4,915.80561
2018,02,23,5,916.38423
2018,02,23,6,916.54387
2018,02,23,7,915.16373
2018,02,24,0,915.12723
2018,02,24,1,915.66072
2018,02,24,2,916.99516
2018,02,24,3,918.57668
2018,02,24,4,920.38855
2018,02,24,5,921.6533
2018,02,24,6,920.34797
2018,02,24,7,917.95225
2018,02,25,0,914.74592
2018,02,25,1,911.46288
2018,02,25,2,912.26392
2018,02,25,3,917.16864
2018,02,25,4,918.09577
2018,02,25,5,918.25635
2018,02,25,6,918.32587
2018,02,25,7,918.29376
2018,02,26,0,917.59289
2018,02,26,1,917.78249
2018,02,26,2,918.14924
2018,02,26,3,918.42009
2018,02,26,4,918.13974
2018,02,26,5,918.22355
2018,02,26,6,918.40111
2018,02,26,7,918.63778
2018,02,27,0,918.45016
2018,02,27,1,918.03169
2018,02,27,2,918.21616
2018,02,27,3,919.10289
2018,02,27,4,919.7527
2018,02,27,5,920.6262
2018,02,27,6,921.62925
2018,02,27,7,922.37491
2018,02,28,0,922.76825
2018,02,28,1,922.02407
2018,02,28,2,921.90383
2018,02,28,3,921.89894
2018,02,28,4,921.44787
2018,02,28,5,921.335
2018,02,28,6,921.84919
2018,02,28,7,922.00911
2018,02,29,0,922.72165
2018,02,29,1,923.10892
2018,02,29,2,922.6385
2018,02,29,3,921.88234
2018,02,29,4,921.80648
2018,02,29,5,921.80103
2018,02,29,6,922.29157
2018,02,29,7,922.71694
2018,02,30,0,922.39478
2018,02,30,1,922.19085
2018,02,30,2,922.17003
2018,02,30,3,921.56208
2018,02,30,4,921.68428
2018,02,30,5,953.34138
2018,02,30,6,953.63706
2018,02,30,7,953.85886
2018,02,31,0,953.7629
2018,02,31,1,953.05559
2018,02,31,2,920.37187
2018,02,31,3,920.19638
2018,02,31,4,919.46375
2018,02,31,5,918.9174
2018,02,31,6,918.76809
2018,02,31,7,918.41171
2018,02,1,0,918.70764
2018,02,1,1,918.74189
2018,02,1,2,918.46249
2018,02,1,3,918.66735
2018,02,1,4,918.74092
2018,02,1,5,918.62511
2018,02,1,6,918.50467
2018,02,1,7,918.6802
2018,02,2,0,918.70269
2018,02,2,1,918.49001
2018,02,2,2,918.45545
2018,02,2,3,918.34741
2018,02,2,4,918.13412
2018,02,2,5,917.72101
2018,02,2,6,916.8083
2018,02,2,7,916.13038
2018,02,3,0,915.85495
2018,02,3,1,915.34626
2018,02,3,2,914.42122
2018,02,3,3,914.07915
2018,02,3,4,913.90202
2018,02,3,5,913.98462
2018,02,3,6,914.21059
2018,02,3,7,914.70828
2018,02,4,0,914.89813
2018,02,4,1,914.91731
2018,02,4,2,916.06888
2018,02,4,3,916.68847
2018,02,4,4,916.66268
2018,02,4,5,916.71525
2018,02,4,6,916.63749
2018,02,4,7,916.86414
2018,02,5,0,916.87085
2018,02,5,1,916.02809
2018,02,5,2,916.37258
2018,02,5,3,916.59145
2018,02,5,4,917.14808
2018,02,5,5,918.05378
2018,02,5,6,917.55054
2018,02,5,7,916.86719
2018,02,6,0,916.67512
2018,02,6,1,916.09524
2018,02,6,2,915.02875
2018,02,6,3,914.28887
2018,02,6,4,914.21054
2018,02,6,5,914.23832
2018,02,6,6,912.83534
2018,02,6,7,911.92294
2018,02,7,0,912.15612
2018,02,7,1,912.08178
2018,02,7,2,912.75846
2018,02,7,3,913.7549
2018,02,7,4,913.88113
2018,02,7,5,913.51893
2018,02,7,6,913.85474
2018,02,7,7,914.34075
2018,02,8,0,913.41902
2018,02,8,1,912.53501
2018,02,8,2,912.61657
2018,02,8,3,912.23453
2018,02,8,4,911.20445
2018,02,8,5,910.41663
2018,02,8,6,910.39924
2018,02,8,7,910.86531
2018,02,9,0,909.53942
2018,02,9,1,907.94636
2018,02,9,2,908.24481
2018,02,9,3,908.42716
2018,02,9,4,908.14458
2018,02,9,5,907.80134
2018,02,9,6,907.54919
2018,02,9,7,907.31797
2018,02,10,0,907.40751
2018,02,10,1,907.67571
2018,02,10,2,908.39943
2018,02,10,3,909.41441
2018,02,10,4,910.78793
2018,02,10,5,912.26269
2018,02,10,6,913.55711
2018,02,10,7,914.99656
2018,02,11,0,915.24966
2018,02,11,1,914.65696
2018,02,11,2,915.18243
2018,02,11,3,915.51787
2018,02,11,4,915.9252
2018,02,11,5,916.52507
2018,02,11,6,916.52638
2018,02,11,7,916.00839
2018,02,12,0,914.2709
2018,02,12,1,912.46281
2018,02,12,2,911.39945
2018,02,12,3,909.77437
2018,02,12,4,907.50161
2018,02,12,5,905.71242
2018,02,12,6,905.43421
2018,02,12,7,906.2749
2018,02,13,0,907.72894
2018,02,13,1,908.42452
2018,02,13,2,909.46372
2018,02,13,3,911.69097
2018,02,13,4,913.84022
2018,02,13,5,915.01467
2018,02,13,6,914.1635
2018,02,13,7,913.08605
2018,02,14,0,913.37268
2018,02,14,1,913.92854
2018,02,14,2,914.56926
2018,02,14,3,914.60724
2018,02,14,4,915.26851
2018,02,14,5,915.75602
2018,02,14,6,916.67154
2018,02,14,7,916.78934
2018,02,15,0,916.23045
2018,02,15,1,916.44441
2018,02,15,2,915.8199
2018,02,15,3,914.62175
2018,02,15,4,915.0043
2018,02,15,5,915.36287
2018,02,15,6,914.944
2018,02,15,7,914.56609
2018,02,16,0,914.8487
2018,02,16,1,915.0529
2018,02,16,2,915.51079
2018,02,16,3,916.24027
2018,02,16,4,916.38982
2018,02,16,5,916.62173
2018,02,16,6,916.75898
2018,02,16,7,917.17046
2018,02,17,0,916.83348
2018,02,17,1,915.60091
2018,02,17,2,914.16485
2018,02,17,3,913.19981
2018,02,17,4,911.20443
2018,02,17,5,909.22452
2018,02,17,6,908.26537
2018,02,17,7,907.6737
2018,02,18,0,907.10223
2018,02,18,1,907.0549
2018,02,18,2,907.65443
2018,02,18,3,909.22918
2018,02,18,4,910.83318
2018,02,18,5,912.41412
2018,02,18,6,913.71786
2018,02,18,7,914.86949
2018,02,19,0,915.66
2018,02,19,1,915.63616
2018,02,19,2,916.02861
2018,02,19,3,916.02831
2018,02,19,4,915.92256
2018,02,19,5,915.70643
2018,02,19,6,915.03349
2018,02,19,7,914.70779
2018,02,20,0,915.00476
2018,02,20,1,915.2283
2018,02,20,2,915.30127
2018,02,20,3,915.34443
2018,02,20,4,915.11472
2018,02,20,5,914.60296
2018,02,20,6,914.36748
2018,02,20,7,914.13269
2018,02,21,0,913.18883
2018,02,21,1,912.38046
2018,02,21,2,912.01987
2018,02,21,3,911.44859
2018,02,21,4,910.71028
2018,02,21,5,910.13506
2018,02,21,6,910.19676
2018,02,21,7,910.37977
2018,02,22,0,911.49753
2018,02,22,1,912.49191
2018,02,22,2,912.80882
2018,02,22,3,913.3527
2018,02,22,4,913.67669
2018,02,22,5,913.93873
2018,02,22,6,913.90796
2018,02,22,7,913.90164
2018,02,23,0,914.32203
2018,02,23,1,914.1726
2018,02,23,2,914.32876
2018,02,23,3,914.64478
2018,02,23,4,914.40079
2018,02,23,5,914.05904
2018,02,23,6,914.36022
2018,02,23,7,914.90013
2018,02,24,0,914.06575
2018,02,24,1,912.69293
2018,02,24,2,911.58585
2018,02,24,3,910.35135
2018,02,24,4,909.69501
2018,02,24,5,909.39746
2018,02,24,6,908.11628
2018,02,24,7,907.04524
2018,02,25,0,906.95828
2018,02,25,1,906.9754
2018,02,25,2,906.97036
2018,02,25,3,907.71498
2018,02,25,4,908.44561
2018,02,25,5,909.29259
2018,02,25,6,910.12943
2018,02,25,7,910.81543
2018,02,26,0,911.68246
2018,02,26,1,911.35393
2018,02,26,2,910.85548
2018,02,26,3,911.22119
2018,02,26,4,911.13916
2018,02,26,5,910.33617
2018,02,26,6,909.32023
2018,02,26,7,908.90197
2018,02,27,0,909.47805
2018,02,27,1,909.63468
2018,02,27,2,909.71576
2018,02,27,3,909.51325
2018,02,27,4,909.11633
2018,02,27,5,908.92587
2018,02,27,6,908.70146
2018,02,27,7,908.76762
2018,02,28,0,909.29465
2018,02,28,1,909.31675
2018,02,28,2,909.28782
2018,02,28,3,909.42285
2018,02,28,4,909.36578
2018,02,28,5,909.26385
2018,02,28,6,909.70543
2018,02,28,7,910.69163
2018,02,29,0,910.30177
2018,02,29,1,910.12877
2018,02,29,2,911.29088
2018,02,29,3,911.48759
2018,02,29,4,912.0532
2018,02,29,5,913.06829
2018,02,29,6,912.40831
2018,02,29,7,911.3026
2018,02,30,0,911.76116
2018,02,30,1,911.87638
2018,02,30,2,912.17848
2018,02,30,3,912.25696
2018,02,30,4,912.64799
2018,02,30,5,912.57955
2018,02,30,6,911.59359
2018,02,30,7,910.94699
2018,02,1,0,910.85957
2018,02,1,1,909.86512
2018,02,1,2,908.64301
2018,02,1,3,907.99824
2018,02,1,4,907.6557
2018,02,1,5,907.00682
2018,02,1,6,906.58617
2018,02,1,7,906.55011
2018,02,2,0,906.92968
2018,02,2,1,906.81249
2018,02,2,2,906.80644
2018,02,2,3,907.18076
2018,02,2,4,907.62135
2018,02,2,5,908.39233
2018,02,2,6,909.05397
2018,02,2,7,909.3579
2018,02,3,0,910.31985
2018,02,3,1,911.51708
2018,02,3,2,911.41252
2018,02,3,3,911.34732
2018,02,3,4,912.57627
2018,02,3,5,913.86435
2018,02,3,6,915.16672
2018,02,3,7,916.1256
2018,02,4,0,916.12671
2018,02,4,1,915.99371
2018,02,4,2,916.54684
2018,02,4,3,916.41354
2018,02,4,4,915.78867
2018,02,4,5,915.17232
2018,02,4,6,914.49685
2018,02,4,7,914.32757
2018,02,5,0,913.57336
2018,02,5,1,913.15814
2018,02,5,2,913.50723
2018,02,5,3,913.34601
2018,02,5,4,912.67536
2018,02,5,5,910.79898
2018,02,5,6,908.27171
2018,02,5,7,907.10397
2018,02,6,0,906.4663
2018,02,6,1,905.26695
2018,02,6,2,905.92791
2018,02,6,3,909.41821
2018,02,6,4,909.1659
2018,02,6,5,907.40298
2018,02,6,6,905.51473
2018,02,6,7,903.70561
2018,02,7,0,902.79789
2018,02,7,1,902.2086
2018,02,7,2,903.62139
2018,02,7,3,906.65848
2018,02,7,4,910.55369
2018,02,7,5,912.56014
2018,02,7,6,914.03808
2018,02,7,7,915.23285
2018,02,8,0,914.38981
2018,02,8,1,912.60319
2018,02,8,2,912.00599
2018,02,8,3,912.57215
2018,02,8,4,912.70352
2018,02,8,5,912.38472
2018,02,8,6,913.21944
2018,02,8,7,914.23021
2018,02,9,0,914.93752
2018,02,9,1,913.76978
2018,02,9,2,910.45197
2018,02,9,3,906.00603
2018,02,9,4,901.446
2018,02,9,5,900.23735
2018,02,9,6,902.4816
2018,02,9,7,904.8373
2018,02,10,0,906.34534
2018,02,10,1,907.17203
2018,02,10,2,910.05261
2018,02,10,3,911.75609
2018,02,10,4,911.74471
2018,02,10,5,911.30366
2018,02,10,6,910.53407
2018,02,10,7,910.40691
2018,02,11,0,910.47549
2018,02,11,1,911.17909
2018,02,11,2,913.83325
2018,02,11,3,916.01022
2018,02,11,4,916.6641
2018,02,11,5,916.94222
2018,02,11,6,915.94699
2018,02,11,7,914.61939
2018,02,12,0,914.03775
2018,02,12,1,913.91802
2018,02,12,2,913.18737
2018,02,12,3,911.90832
2018,02,12,4,911.64516
2018,02,12,5,911.25836
2018,02,12,6,912.11518
2018,02,12,7,913.13778
2018,02,13,0,912.74462
2018,02,13,1,911.79822
2018,02,13,2,912.76946
2018,02,13,3,913.51763
2018,02,13,4,914.3376
2018,02,13,5,915.09253
2018,02,13,6,914.9293
2018,02,13,7,914.72029
2018,02,14,0,912.74403
2018,02,14,1,910.48618
2018,02,14,2,910.95395
2018,02,14,3,913.1185
2018,02,14,4,913.83781
2018,02,14,5,913.20987
2018,02,14,6,911.91467
2018,02,14,7,910.41934
2018,02,15,0,909.01703
2018,02,15,1,908.07959
2018,02,15,2,909.13343
2018,02,15,3,911.36129
2018,02,15,4,913.39505
2018,02,15,5,915.13544
2018,02,15,6,916.25596
2018,02,15,7,917.82237
2018,02,16,0,917.88719
2018,02,16,1,916.66598
2018,02,16,2,917.1525
2018,02,16,3,917.80243
2018,02,16,4,917.92325
2018,02,16,5,917.3991
2018,02,16,6,915.88729
2018,02,16,7,914.54499
2018,02,17,0,914.93064
2018,02,17,1,915.50883
2018,02,17,2,915.10363
2018,02,17,3,914.31611
2018,02,17,4,914.64059
2018,02,17,5,914.16316
2018,02,17,6,912.60601
2018,02,17,7,911.00794
2018,02,18,0,910.75037
2018,02,18,1,909.7363
2018,02,18,2,908.82481
2018,02,18,3,908.98451
2018,02,18,4,909.42412
2018,02,18,5,909.14728
2018,02,18,6,909.42201
2018,02,18,7,909.98824
2018,02,19,0,910.23541
2018,02,19,1,910.39198
2018,02,19,2,911.67161
2018,02,19,3,913.4413
2018,02,19,4,914.21499
2018,02,19,5,914.93994
2018,02,19,6,917.35194
2018,02,19,7,918.04972
2018,02,20,0,918.45181
2018,02,20,1,918.08503
2018,02,20,2,918.84436
2018,02,20,3,920.50775
2018,02,20,4,921.32326
2018,02,20,5,921.67883
2018,02,20,6,922.04072
2018,02,20,7,921.74662
2018,02,21,0,921.53835
2018,02,21,1,920.51458
2018,02,21,2,920.97897
2018,02,21,3,922.10418
2018,02,21,4,922.05983
2018,02,21,5,921.49642
2018,02,21,6,920.77474
2018,02,21,7,918.51119
2018,02,22,0,917.1934
2018,02,22,1,916.614
2018,02,22,2,916.43682
2018,02,22,3,916.66602
2018,02,22,4,917.82362
2018,02,22,5,918.54081
2018,02,22,6,917.54725
2018,02,22,7,916.88579
2018,02,23,0,916.87062
2018,02,23,1,916.52659
2018,02,23,2,916.78715
2018,02,23,3,915.70524
2018,02,23,4,914.46941
2018,02,23,5,912.31905
2018,02,23,6,910.02725
2018,02,23,7,909.94286
2018,02,24,0,909.04174
2018,02,24,1,908.37585
2018,02,24,2,909.76115
2018,02,24,3,910.9063
2018,02,24,4,911.53032
2018,02,24,5,912.06722
2018,02,24,6,912.00379
2018,02,24,7,911.2683
2018,02,25,0,909.94793
2018,02,25,1,909.02652
2018,02,25,2,909.34556
2018,02,25,3,909.78569
2018,02,25,4,909.51375
2018,02,25,5,909.51953
2018,02,25,6,908.23655
2018,02,25,7,907.79905
2018,02,26,0,908.13159
2018,02,26,1,908.21578
2018,02,26,2,909.2951
2018,02,26,3,910.61691
2018,02,26,4,911.83039
2018,02,26,5,913.65151
2018,02,26,6,915.45125
2018,02,26,7,916.62134
2018,02,27,0,918.63585
2018,02,27,1,919.75025
2018,02,27,2,920.1649
2018,02,27,3,920.27453
2018,02,27,4,918.96211
2018,02,27,5,916.89021
2018,02,27,6,915.15473
2018,02,27,7,914.32851
2018,02,28,0,913.84701
2018,02,28,1,912.76396
2018,02,28,2,912.87736
2018,02,28,3,913.03389
2018,02,28,4,913.34496
2018,02,28,5,913.32909
2018,02,28,6,912.11788
2018,02,28,7,910.29354
2018,02,29,0,908.81703
2018,02,29,1,907.75877
2018,02,29,2,907.19219
2018,02,29,3,911.12063
2018,02,29,4,915.82783
2018,02,29,5,919.20883
2018,02,29,6,921.826
2018,02,29,7,922.63139
2018,02,30,0,921.48
2018,02,30,1,920.21574
2018,02,30,2,922.14419
2018,02,30,3,923.92752
2018,02,30,4,924.58334
2018,02,30,5,925.12061
2018,02,30,6,925.30235
2018,02,30,7,924.7533
2018,02,31,0,924.45837
2018,02,31,1,924.04278
2018,02,31,2,923.6975
2018,02,31,3,923.24324
2018,02,31,4,923.41907
2018,02,31,5,923.17842
2018,02,31,6,921.49076
2018,02,31,7,920.25252
2018,02,1,0,920.69481
2018,02,1,1,920.77253
2018,02,1,2,922.35981
2018,02,1,3,922.88421
2018,02,1,4,922.4787
2018,02,1,5,925.46595
2018,02,1,6,927.74226
2018,02,1,7,927.19952
2018,02,2,0,924.55107
2018,02,2,1,923.78762
2018,02,2,2,925.03796
2018,02,2,3,925.66676
2018,02,2,4,924.51217
2018,02,2,5,922.35268
2018,02,2,6,919.47591
2018,02,2,7,912.88365
2018,02,3,0,908.93253
2018,02,3,1,908.12352
2018,02,3,2,906.60793
2018,02,3,3,906.09737
2018,02,3,4,906.82778
2018,02,3,5,906.62656
2018,02,3,6,907.8843
2018,02,3,7,909.61759
2018,02,4,0,910.21457
2018,02,4,1,912.23843
2018,02,4,2,912.72384
2018,02,4,3,911.50155
2018,02,4,4,911.88365
2018,02,4,5,914.40013
2018,02,4,6,914.91257
2018,02,4,7,915.02094
2018,02,5,0,914.89049
2018,02,5,1,914.80064
2018,02,5,2,914.95827
2018,02,5,3,915.47815
2018,02,5,4,914.67842
2018,02,5,5,913.66922
2018,02,5,6,911.37403
2018,02,5,7,909.7574
2018,02,6,0,910.72565
2018,02,6,1,913.03341
2018,02,6,2,916.10953
2018,02,6,3,918.92957
2018,02,6,4,918.75143
2018,02,6,5,916.71671
2018,02,6,6,915.84555
2018,02,6,7,914.54746
2018,02,7,0,913.78258
2018,02,7,1,912.83544
2018,02,7,2,910.21544
2018,02,7,3,908.4667
2018,02,7,4,907.45545
2018,02,7,5,906.73485
2018,02,7,6,907.09002
2018,02,7,7,907.05109
2018,02,8,0,906.53172
2018,02,8,1,906.7684
2018,02,8,2,908.51821
2018,02,8,3,910.41245
2018,02,8,4,911.99951
2018,02,8,5,912.44565
2018,02,8,6,909.476
2018,02,8,7,906.56048
2018,02,9,0,906.43168
2018,02,9,1,907.48144
2018,02,9,2,908.39025
2018,02,9,3,909.76963
2018,02,9,4,910.49555
2018,02,9,5,911.8208
2018,02,9,6,910.3325
2018,02,9,7,908.2939
2018,02,10,0,908.15556
2018,02,10,1,908.00629
2018,02,10,2,908.8466
2018,02,10,3,909.83795
2018,02,10,4,910.25714
2018,02,10,5,909.9342
2018,02,10,6,908.88581
2018,02,10,7,908.40405
2018,02,11,0,908.35586
2018,02,11,1,908.99838
2018,02,11,2,908.5179
2018,02,11,3,909.59132
2018,02,11,4,911.3868
2018,02,11,5,912.49301
2018,02,11,6,913.95831
2018,02,11,7,913.3434
2018,02,12,0,910.95041
2018,02,12,1,909.65278
2018,02,12,2,909.03831
2018,02,12,3,908.27582
2018,02,12,4,908.71482
2018,02,12,5,910.55293
2018,02,12,6,911.98819
2018,02,12,7,914.1408
2018,02,13,0,914.04922
2018,02,13,1,914.73202
2018,02,13,2,920.49917
2018,02,13,3,924.7075
2018,02,13,4,926.67576
2018,02,13,5,926.79235
2018,02,13,6,925.32844
2018,02,13,7,923.85494
2018,02,14,0,922.55716
2018,02,14,1,921.10544
2018,02,14,2,921.39008
2018,02,14,3,922.38928
2018,02,14,4,922.87511
2018,02,14,5,921.67257
2018,02,14,6,920.1615
2018,02,14,7,918.69442
2018,02,15,0,919.81307
2018,02,15,1,921.74457
2018,02,15,2,924.42996
2018,02,15,3,928.53331
2018,02,15,4,932.23839
2018,02,15,5,931.29021
2018,02,15,6,928.94483
2018,02,15,7,927.9437
2018,02,16,0,925.39262
2018,02,16,1,924.41154
2018,02,16,2,924.43358
2018,02,16,3,923.51068
2018,02,16,4,921.987
2018,02,16,5,920.37916
2018,02,16,6,919.74501
2018,02,16,7,920.91907
2018,02,17,0,923.25924
2018,02,17,1,925.5014
2018,02,17,2,950.95649
2018,02,17,3,950.9926
2018,02,17,4,951.77545
2018,02,17,5,952.85123
2018,02,17,6,953.37894
2018,02,17,7,920.65428
2018,02,18,0,920.9588
2018,02,18,1,951.78623
2018,02,18,2,952.20405
2018,02,18,3,951.4353
2018,02,18,4,950.67606
2018,02,18,5,925.42814
2018,02,18,6,950.10264
2018,02,18,7,949.66482
2018,02,19,0,952.85361
2018,02,19,1,953.68139
2018,02,19,2,953.59897
2018,02,19,3,953.59041
2018,02,19,4,953.15942
2018,02,19,5,953.07245
2018,02,19,6,928.43103
2018,02,19,7,926.58926
2018,02,20,0,924.2026
2018,02,20,1,921.45653
2018,02,20,2,923.21807
2018,02,20,3,923.79795
2018,02,20,4,923.71264
2018,02,20,5,924.14405
2018,02,20,6,923.12296
2018,02,20,7,922.13811
2018,02,21,0,920.64121
2018,02,21,1,918.54041
2018,02,21,2,918.78487
2018,02,21,3,919.42117
2018,02,21,4,919.31259
2018,02,21,5,919.28539
2018,02,21,6,918.90551
2018,02,21,7,918.58183
2018,02,22,0,918.42248
2018,02,22,1,918.07683
2018,02,22,2,918.94548
2018,02,22,3,919.82102
2018,02,22,4,919.90532
2018,02,22,5,920.34748
2018,02,22,6,920.79569
2018,02,22,7,921.04356
2018,02,23,0,920.64816
2018,02,23,1,919.99337
2018,02,23,2,921.0251
2018,02,23,3,921.65443
2018,02,23,4,921.35137
2018,02,23,5,921.33059
2018,02,23,6,921.07215
2018,02,23,7,920.25022
2018,02,24,0,918.41953
2018,02,24,1,916.68323
2018,02,24,2,916.23171
2018,02,24,3,914.78155
2018,02,24,4,913.12366
2018,02,24,5,912.42003
2018,02,24,6,911.65142
2018,02,24,7,911.09406
2018,02,25,0,910.90287
2018,02,25,1,910.35709
2018,02,25,2,911.86818
2018,02,25,3,913.52251
2018,02,25,4,913.41466
2018,02,25,5,913.96448
2018,02,25,6,914.56183
2018,02,25,7,915.82934
2018,02,26,0,917.01408
2018,02,26,1,917.31123
2018,02,26,2,918.01593
2018,02,26,3,919.55176
2018,02,26,4,921.14533
2018,02,26,5,921.03158
2018,02,26,6,919.57032
2018,02,26,7,917.66278
2018,02,27,0,917.25016
2018,02,27,1,917.08229
2018,02,27,2,915.38474
2018,02,27,3,915.34193
2018,02,27,4,916.55273
2018,02,27,5,918.20927
2018,02,27,6,918.57862
2018,02,27,7,918.28728
2018,02,28,0,918.10261
2018,02,28,1,918.2317
2018,02,28,2,918.97514
2018,02,28,3,918.9175
2018,02,28,4,918.18183
2018,02,28,5,917.32612
2018,02,28,6,917.0277
2018,02,28,7,916.7058
2018,02,29,0,916.31135
2018,02,29,1,915.76317
2018,02,29,2,914.96932
2018,02,29,3,914.61156
2018,02,29,4,914.35698
2018,02,29,5,914.21176
2018,02,29,6,915.10311
2018,02,29,7,915.95109
2018,02,30,0,917.00008
2018,02,30,1,917.45583
2018,02,30,2,916.94461
2018,02,30,3,916.41216
2018,02,30,4,915.05065
2018,02,30,5,912.99516
2018,02,30,6,912.31078
2018,02,30,7,911.75407
2018,02,1,0,909.75578
2018,02,1,1,907.81206
2018,02,1,2,906.93601
2018,02,1,3,907.36452
2018,02,1,4,908.88352
2018,02,1,5,909.98043
2018,02,1,6,911.65124
2018,02,1,7,913.73704
2018,02,2,0,913.99425
2018,02,2,1,914.36525
2018,02,2,2,916.32562
2018,02,2,3,917.98711
2018,02,2,4,920.01601
2018,02,2,5,921.88066
2018,02,2,6,922.24073
2018,02,2,7,921.90933
2018,02,3,0,920.78429
2018,02,3,1,919.71221
2018,02,3,2,919.49263
2018,02,3,3,919.77385
2018,02,3,4,917.30948
2018,02,3,5,915.53259
2018,02,3,6,915.99332
2018,02,3,7,916.36606
2018,02,4,0,916.2979
2018,02,4,1,915.56149
2018,02,4,2,915.33088
2018,02,4,3,916.24733
2018,02,4,4,916.26656
2018,02,4,5,916.13964
2018,02,4,6,915.4809
2018,02,4,7,914.05917
2018,02,5,0,913.07726
2018,02,5,1,911.85821
2018,02,5,2,910.33018
2018,02,5,3,909.04959
2018,02,5,4,909.33386
2018,02,5,5,909.86306
2018,02,5,6,908.22202
2018,02,5,7,906.99513
2018,02,6,0,906.84626
2018,02,6,1,907.191
2018,02,6,2,906.90377
2018,02,6,3,906.95453
2018,02,6,4,907.54477
2018,02,6,5,907.67097
2018,02,6,6,908.44759
2018,02,6,7,909.81349
2018,02,7,0,910.6685
2018,02,7,1,911.21245
2018,02,7,2,911.62505
2018,02,7,3,911.72183
2018,02,7,4,911.79846
2018,02,7,5,912.12029
2018,02,7,6,911.91525
2018,02,7,7,911.98359
2018,02,8,0,912.14989
2018,02,8,1,911.14223
2018,02,8,2,909.75972
2018,02,8,3,909.30924
2018,02,8,4,908.92748
2018,02,8,5,908.21461
2018,02,8,6,907.04219
2018,02,8,7,905.7088
2018,02,9,0,905.25752
2018,02,9,1,905.54842
2018,02,9,2,906.41965
2018,02,9,3,906.8539
2018,02,9,4,906.3858
2018,02,9,5,905.91419
2018,02,9,6,906.21307
2018,02,9,7,906.92071
2018,02,10,0,907.5961
2018,02,10,1,908.08766
2018,02,10,2,909.12611
2018,02,10,3,909.89188
2018,02,10,4,910.3457
2018,02,10,5,911.06555
2018,02,10,6,911.12859
2018,02,10,7,910.71419
2018,02,11,0,909.60984
2018,02,11,1,908.86035
2018,02,11,2,909.80397
2018,02,11,3,910.60567
2018,02,11,4,911.31342
2018,02,11,5,912.33037
2018,02,11,6,911.87457
2018,02,11,7,911.46722
2018,02,12,0,911.31279
2018,02,12,1,911.23616
2018,02,12,2,911.70728
2018,02,12,3,912.0299
2018,02,12,4,911.42885
2018,02,12,5,910.7103
2018,02,12,6,909.78922
2018,02,12,7,909.15387
2018,02,13,0,910.55686
2018,02,13,1,912.01233
2018,02,13,2,912.05749
2018,02,13,3,912.55968
2018,02,13,4,913.4014
2018,02,13,5,914.31138
2018,02,13,6,913.7954
2018,02,13,7,912.44704
2018,02,14,0,912.26752
2018,02,14,1,911.79922
2018,02,14,2,911.30166
2018,02,14,3,911.62236
2018,02,14,4,911.44917
2018,02,14,5,911.25137
2018,02,14,6,911.13801
2018,02,14,7,911.18653
2018,02,15,0,911.65792
2018,02,15,1,911.00385
2018,02,15,2,909.02645
2018,02,15,3,908.25629
2018,02,15,4,908.1865
2018,02,15,5,908.82211
2018,02,15,6,907.39386
2018,02,15,7,908.00566
2018,02,16,0,907.15242
2018,02,16,1,907.26835
2018,02,16,2,909.01851
2018,02,16,3,911.22263
2018,02,16,4,913.60486
2018,02,16,5,914.81953
2018,02,16,6,916.57774
2018,02,16,7,918.55718
2018,02,17,0,919.83959
2018,02,17,1,920.84831
2018,02,17,2,919.34674
2018,02,17,3,918.34488
2018,02,17,4,919.50024
2018,02,17,5,918.249
2018,02,17,6,916.76882
2018,02,17,7,916.50189
2018,02,18,0,916.01786
2018,02,18,1,913.97295
2018,02,18,2,911.3493
2018,02,18,3,909.94379
2018,02,18,4,908.81461
2018,02,18,5,907.41958
2018,02,18,6,906.43279
2018,02,18,7,905.32619
2018,02,19,0,904.60272
2018,02,19,1,904.31387
2018,02,19,2,904.78652
2018,02,19,3,905.90825
2018,02,19,4,906.77037
2018,02,19,5,907.63355
2018,02,19,6,908.37795
2018,02,19,7,909.27493
2018,02,20,0,911.26731
2018,02,20,1,912.96655
2018,02,20,2,912.67572
2018,02,20,3,912.16297
2018,02,20,4,912.42135
2018,02,20,5,912.60784
2018,02,20,6,913.41976
2018,02,20,7,913.81215
2018,02,21,0,913.56334
2018,02,21,1,913.07131
2018,02,21,2,912.2577
2018,02,21,3,911.01963
2018,02,21,4,909.78446
2018,02,21,5,907.7325
2018,02,21,6,904.96648
2018,02,21,7,906.76065
2018,02,22,0,909.14349
2018,02,22,1,912.75863
2018,02,22,2,916.02522
2018,02,22,3,917.97289
2018,02,22,4,918.19161
2018,02,22,5,917.50478
2018,02,22,6,917.35819
2018,02,22,7,917.04477
2018,02,23,0,915.85937
2018,02,23,1,915.4035
2018,02,23,2,917.29087
2018,02,23,3,918.5737
2018,02,23,4,918.08046
2018,02,23,5,918.2801
2018,02,23,6,918.41295
2018,02,23,7,917.65553
2018,02,24,0,918.73236
2018,02,24,1,919.16778
2018,02,24,2,916.31381
2018,02,24,3,916.17754
2018,02,24,4,917.70265
2018,02,24,5,919.00869
2018,02,24,6,918.22977
2018,02,24,7,917.61631
2018,02,25,0,916.39076
2018,02,25,1,915.63053
2018,02,25,2,914.99348
2018,02,25,3,915.67471
2018,02,25,4,916.86091
2018,02,25,5,918.63873
2018,02,25,6,919.01111
2018,02,25,7,918.91024
2018,02,26,0,917.89444
2018,02,26,1,918.34356
2018,02,26,2,922.27178
2018,02,26,3,924.65755
2018,02,26,4,928.67699
2018,02,26,5,930.86684
2018,02,26,6,925.33559
2018,02,26,7,919.22715
2018,02,27,0,915.60181
2018,02,27,1,913.35051
2018,02,27,2,911.12389
2018,02,27,3,912.62733
2018,02,27,4,913.13587
2018,02,27,5,914.74083
2018,02,27,6,915.22493
2018,02,27,7,915.93622
2018,02,28,0,914.85776
2018,02,28,1,915.7202
2018,02,28,2,917.17192
2018,02,28,3,917.66033
2018,02,28,4,920.39917
2018,02,28,5,922.04684
2018,02,28,6,921.94239
2018,02,28,7,921.10756
2018,02,29,0,919.29
2018,02,29,1,917.73496
2018,02,29,2,916.75455
2018,02,29,3,917.07127
2018,02,29,4,917.82637
2018,02,29,5,920.08488
2018,02,29,6,919.65245
2018,02,29,7,918.96002
2018,02,30,0,917.77194
2018,02,30,1,917.13453
2018,02,30,2,917.83471
2018,02,30,3,919.13546
2018,02,30,4,920.01456
2018,02,30,5,920.21284
2018,02,30,6,919.99008
2018,02,30,7,920.11139
2018,02,31,0,920.72018
2018,02,31,1,920.90858
2018,02,31,2,921.36829
2018,02,31,3,921.91266
2018,02,31,4,921.79859
2018,02,31,5,921.27389
2018,02,31,6,921.09135
2018,02,31,7,920.90002
2018,02,1,0,919.62741
2018,02,1,1,918.21487
2018,02,1,2,917.79854
2018,02,1,3,917.78504
2018,02,1,4,919.0076
2018,02,1,5,922.98952
2018,02,1,6,923.31744
2018,02,1,7,921.09797
2018,02,2,0,920.68046
2018,02,2,1,918.9228
2018,02,2,2,918.03213
2018,02,2,3,916.58893
2018,02,2,4,914.84859
2018,02,2,5,913.46684
2018,02,2,6,913.39643
2018,02,2,7,914.38887
2018,02,3,0,914.43361
2018,02,3,1,915.61279
2018,02,3,2,919.54602
2018,02,3,3,923.18816
2018,02,3,4,926.35053
2018,02,3,5,928.38903
2018,02,3,6,925.70688
2018,02,3,7,920.56876
2018,02,4,0,920.34589
2018,02,4,1,921.48068
2018,02,4,2,921.27078
2018,02,4,3,921.66934
2018,02,4,4,921.68691
2018,02,4,5,920.48003
2018,02,4,6,918.29452
2018,02,4,7,915.53899
2018,02,5,0,912.63006
2018,02,5,1,909.66362
2018,02,5,2,909.87408
2018,02,5,3,910.84953
2018,02,5,4,912.72829
2018,02,5,5,915.92776
2018,02,5,6,917.85085
2018,02,5,7,916.45288
2018,02,6,0,911.83592
2018,02,6,1,909.39205
2018,02,6,2,911.67395
2018,02,6,3,914.88897
2018,02,6,4,917.08657
2018,02,6,5,918.0279
2018,02,6,6,916.69736
2018,02,6,7,915.39871
2018,02,7,0,917.02665
2018,02,7,1,918.12916
2018,02,7,2,918.77013
2018,02,7,3,920.61536
2018,02,7,4,923.22044
2018,02,7,5,925.89162
2018,02,7,6,925.19298
2018,02,7,7,923.78631
2018,02,8,0,923.83143
2018,02,8,1,927.00767
2018,02,8,2,929.95799
2018,02,8,3,955.64305
2018,02,8,4,955.20348
2018,02,8,5,953.79576
2018,02,8,6,928.62526
2018,02,8,7,923.09556
2018,02,9,0,924.57393
2018,02,9,1,925.74578
2018,02,9,2,925.3808
2018,02,9,3,952.37156
2018,02,9,4,951.00527
2018,02,9,5,949.67758
2018,02,9,6,924.00933
2018,02,9,7,920.97068
2018,02,10,0,920.96778
2018,02,10,1,921.22765
2018,02,10,2,921.26422
2018,02,10,3,921.73064
2018,02,10,4,921.64239
2018,02,10,5,921.94556
2018,02,10,6,921.59582
2018,02,10,7,921.61586
2018,02,11,0,921.22948
2018,02,11,1,920.13035
2018,02,11,2,918.54996
2018,02,11,3,916.47841
2018,02,11,4,914.47631
2018,02,11,5,913.13571
2018,02,11,6,912.48202
2018,02,11,7,912.11507
2018,02,12,0,913.18553
2018,02,12,1,915.91828
2018,02,12,2,917.03413
2018,02,12,3,916.70502
2018,02,12,4,916.8863
2018,02,12,5,917.92926
2018,02,12,6,919.39099
2018,02,12,7,920.63231
2018,02,13,0,920.77583
2018,02,13,1,921.42915
2018,02,13,2,923.00534
2018,02,13,3,924.13197
2018,02,13,4,924.478
2018,02,13,5,924.75351
2018,02,13,6,924.40471
2018,02,13,7,924.02267
2018,02,14,0,925.19512
2018,02,14,1,926.73953
2018,02,14,2,924.92181
2018,02,14,3,924.08892
2018,02,14,4,924.98502
2018,02,14,5,925.4636
2018,02,14,6,925.47323
2018,02,14,7,925.24471
2018,02,15,0,924.25091
2018,02,15,1,923.3086
2018,02,15,2,923.70242
2018,02,15,3,922.90911
2018,02,15,4,921.57493
2018,02,15,5,920.4145
2018,02,15,6,918.98549
2018,02,15,7,918.02649
2018,02,16,0,917.89417
2018,02,16,1,917.18447
2018,02,16,2,917.6011
2018,02,16,3,919.27519
2018,02,16,4,920.90072
2018,02,16,5,921.83526
2018,02,16,6,920.98902
2018,02,16,7,919.93593
2018,02,17,0,918.65173
2018,02,17,1,917.91519
2018,02,17,2,918.43129
2018,02,17,3,919.19856
2018,02,17,4,918.80365
2018,02,17,5,918.51761
2018,02,17,6,918.13608
2018,02,17,7,917.95003
2018,02,18,0,917.92585
2018,02,18,1,917.724
2018,02,18,2,917.20963
2018,02,18,3,916.59623
2018,02,18,4,915.57745
2018,02,18,5,914.58254
2018,02,18,6,913.57731
2018,02,18,7,912.32894
2018,02,19,0,911.53228
2018,02,19,1,910.64563
2018,02,19,2,909.52776
2018,02,19,3,908.47967
2018,02,19,4,908.16035
2018,02,19,5,908.17897
2018,02,19,6,908.86565
2018,02,19,7,909.47434
2018,02,20,0,908.75982
2018,02,20,1,908.22865
2018,02,20,2,908.37113
2018,02,20,3,908.46188
2018,02,20,4,907.99744
2018,02,20,5,907.65148
2018,02,20,6,908.38642
2018,02,20,7,909.08013
2018,02,21,0,907.69178
2018,02,21,1,905.70413
2018,02,21,2,906.20831
2018,02,21,3,907.0204
2018,02,21,4,907.87683
2018,02,21,5,909.00699
2018,02,21,6,910.4159
2018,02,21,7,911.68646
2018,02,22,0,911.94264
2018,02,22,1,912.35511
2018,02,22,2,912.64571
2018,02,22,3,912.69327
2018,02,22,4,913.4919
2018,02,22,5,913.90283
2018,02,22,6,914.53588
2018,02,22,7,915.33336
2018,02,23,0,914.62243
2018,02,23,1,913.66703
2018,02,23,2,913.62969
2018,02,23,3,913.70639
2018,02,23,4,914.00629
2018,02,23,5,914.09296
2018,02,23,6,914.42663
2018,02,23,7,915.2983
2018,02,24,0,916.02428
2018,02,24,1,916.94356
2018,02,24,2,916.86267
2018,02,24,3,916.58668
2018,02,24,4,917.43437
2018,02,24,5,918.04497
2018,02,24,6,916.93661
2018,02,24,7,915.66731
2018,02,25,0,915.7653
2018,02,25,1,915.81213
2018,02,25,2,915.69358
2018,02,25,3,915.82416
2018,02,25,4,916.55509
2018,02,25,5,916.86001
2018,02,25,6,917.21835
2018,02,25,7,917.74026
2018,02,26,0,916.74185
2018,02,26,1,915.64725
2018,02,26,2,915.68725
2018,02,26,3,915.07873
2018,02,26,4,914.09917
2018,02,26,5,912.98264
2018,02,26,6,913.34675
2018,02,26,7,913.46133
2018,02,27,0,912.51024
2018,02,27,1,911.89099
2018,02,27,2,911.46124
2018,02,27,3,911.05103
2018,02,27,4,910.53255
2018,02,27,5,908.70585
2018,02,27,6,907.42596
2018,02,27,7,906.30155
2018,02,28,0,904.25418
2018,02,28,1,902.85726
2018,02,28,2,902.64535
2018,02,28,3,902.89306
2018,02,28,4,903.9286
2018,02,28,5,904.98478
2018,02,28,6,905.1108
2018,02,28,7,904.72766
2018,02,29,0,904.52216
2018,02,29,1,904.63463
2018,02,29,2,905.04849
2018,02,29,3,905.43134
2018,02,29,4,906.39878
2018,02,29,5,907.53023
2018,02,29,6,908.94529
2018,02,29,7,910.75563
2018,02,30,0,911.05693
2018,02,30,1,910.48152
2018,02,30,2,910.58715
2018,02,30,3,910.60865
2018,02,30,4,911.85881
2018,02,30,5,912.4946
2018,02,30,6,912.3003
2018,02,30,7,911.9337
2018,02,31,0,910.41721
2018,02,31,1,908.61256
2018,02,31,2,908.42546
2018,02,31,3,907.1121
2018,02,31,4,903.57709
2018,02,31,5,905.1124
2018,02,31,6,904.25818
2018,02,31,7,904.10146
2018,02,1,0,905.09972
2018,02,1,1,905.2813
2018,02,1,2,906.01312
2018,02,1,3,907.10617
2018,02,1,4,907.21034
2018,02,1,5,907.63288
2018,02,1,6,907.41614
2018,02,1,7,907.5198
2018,02,2,0,907.457
2018,02,2,1,906.86735
2018,02,2,2,907.22933
2018,02,2,3,907.50871
2018,02,2,4,907.80998
2018,02,2,5,908.1348
2018,02,2,6,907.96988
2018,02,2,7,908.149
2018,02,3,0,907.84298
2018,02,3,1,907.45389
2018,02,3,2,908.52592
2018,02,3,3,910.21866
2018,02,3,4,910.09733
2018,02,3,5,909.98497
2018,02,3,6,910.04933
2018,02,3,7,909.3426
2018,02,4,0,907.95767
2018,02,4,1,906.37598
2018,02,4,2,907.75003
2018,02,4,3,908.78376
2018,02,4,4,908.08708
2018,02,4,5,907.48998
2018,02,4,6,906.06392
2018,02,4,7,905.07104
2018,02,5,0,905.52931
2018,02,5,1,905.89823
2018,02,5,2,906.731
2018,02,5,3,907.10265
2018,02,5,4,906.35712
2018,02,5,5,906.13426
2018,02,5,6,906.33043
2018,02,5,7,906.66399
2018,02,6,0,907.60247
2018,02,6,1,908.32537
2018,02,6,2,908.94348
2018,02,6,3,909.4481
2018,02,6,4,910.0744
2018,02,6,5,910.73539
2018,02,6,6,911.64706
2018,02,6,7,911.65458
2018,02,7,0,910.04662
2018,02,7,1,908.76259
2018,02,7,2,908.4527
2018,02,7,3,907.26333
2018,02,7,4,906.31209
2018,02,7,5,905.48387
2018,02,7,6,905.14117
2018,02,7,7,905.38668
2018,02,8,0,904.22891
2018,02,8,1,903.57234
2018,02,8,2,905.20524
2018,02,8,3,906.13791
2018,02,8,4,906.6611
2018,02,8,5,907.10875
2018,02,8,6,907.35621
2018,02,8,7,907.47005
2018,02,9,0,906.53345
2018,02,9,1,905.90272
2018,02,9,2,906.28457
2018,02,9,3,906.49926
2018,02,9,4,907.16362
2018,02,9,5,908.20473
2018,02,9,6,908.98578
2018,02,9,7,909.59992
2018,02,10,0,909.40061
2018,02,10,1,909.28994
2018,02,10,2,909.51513
2018,02,10,3,909.0148
2018,02,10,4,907.67769
2018,02,10,5,906.72433
2018,02,10,6,906.98158
2018,02,10,7,905.90902
2018,02,11,0,905.97774
2018,02,11,1,907.54041
2018,02,11,2,906.01734
2018,02,11,3,905.63826
2018,02,11,4,906.21088
2018,02,11,5,907.04786
2018,02,11,6,906.82757
2018,02,11,7,905.08942
2018,02,12,0,905.0108
2018,02,12,1,906.10337
2018,02,12,2,906.46978
2018,02,12,3,906.06855
2018,02,12,4,908.8679
2018,02,12,5,911.70785
2018,02,12,6,914.06277
2018,02,12,7,915.23802
2018,02,13,0,913.42561
2018,02,13,1,912.41096
2018,02,13,2,913.71365
2018,02,13,3,914.56163
2018,02,13,4,914.70321
2018,02,13,5,914.37714
2018,02,13,6,914.42138
2018,02,13,7,914.75482
2018,02,14,0,914.47363
2018,02,14,1,913.47703
2018,02,14,2,913.05287
2018,02,14,3,912.9821
2018,02,14,4,913.7622
2018,02,14,5,914.46065
2018,02,14,6,914.66974
2018,02,14,7,914.74639
2018,02,15,0,913.96273
2018,02,15,1,913.47841
2018,02,15,2,913.19804
2018,02,15,3,912.36062
2018,02,15,4,912.38828
2018,02,15,5,912.35748
2018,02,15,6,911.98663
2018,02,15,7,911.77541
2018,02,16,0,911.56505
2018,02,16,1,912.25916
2018,02,16,2,913.48148
2018,02,16,3,913.9591
2018,02,16,4,914.18727
2018,02,16,5,913.98655
2018,02,16,6,913.3299
2018,02,16,7,912.27878
2018,02,17,0,912.7513
2018,02,17,1,912.86288
2018,02,17,2,913.37272
2018,02,17,3,913.61314
2018,02,17,4,913.56709
2018,02,17,5,913.25395
2018,02,17,6,911.99041
2018,02,17,7,911.03184
2018,02,18,0,910.39729
2018,02,18,1,909.34805
2018,02,18,2,909.3296
2018,02,18,3,909.71459
2018,02,18,4,909.98979
2018,02,18,5,909.99203
2018,02,18,6,910.09663
2018,02,18,7,909.56541
2018,02,19,0,908.99843
2018,02,19,1,909.27278
2018,02,19,2,910.10309
2018,02,19,3,909.89648
2018,02,19,4,910.08384
2018,02,19,5,910.11072
2018,02,19,6,909.70447
2018,02,19,7,909.90072
2018,02,20,0,910.26815
2018,02,20,1,910.45282
2018,02,20,2,910.79537
2018,02,20,3,911.05278
2018,02,20,4,911.29049
2018,02,20,5,911.22192
2018,02,20,6,911.47626
2018,02,20,7,912.14752
2018,02,21,0,912.10819
2018,02,21,1,911.86072
2018,02,21,2,912.69881
2018,02,21,3,913.1627
2018,02,21,4,911.87609
2018,02,21,5,910.25837
2018,02,21,6,909.73634
2018,02,21,7,909.41025
2018,02,22,0,909.41476
2018,02,22,1,909.58168
2018,02,22,2,909.68067
2018,02,22,3,909.94037
2018,02,22,4,910.63153
2018,02,22,5,910.95971
2018,02,22,6,909.83227
2018,02,22,7,908.6594
2018,02,23,0,908.26213
2018,02,23,1,908.0953
2018,02,23,2,909.30144
2018,02,23,3,911.02069
2018,02,23,4,911.51149
2018,02,23,5,911.43668
2018,02,23,6,911.61475
2018,02,23,7,912.13882
2018,02,24,0,912.48525
2018,02,24,1,912.23301
2018,02,24,2,912.9456
2018,02,24,3,913.48636
2018,02,24,4,913.03031
2018,02,24,5,912.77264
2018,02,24,6,913.04431
2018,02,24,7,913.14963
2018,02,25,0,912.11028
2018,02,25,1,910.93654
2018,02,25,2,911.22916
2018,02,25,3,911.41644
2018,02,25,4,911.45905
2018,02,25,5,911.0967
2018,02,25,6,910.23049
2018,02,25,7,909.64502
2018,02,26,0,909.31961
2018,02,26,1,908.19576
2018,02,26,2,907.66776
2018,02,26,3,908.00302
2018,02,26,4,908.04886
2018,02,26,5,906.86564
2018,02,26,6,907.02096
2018,02,26,7,907.99313
2018,02,27,0,909.1814
2018,02,27,1,909.80646
2018,02,27,2,910.35969
2018,02,27,3,911.14735
2018,02,27,4,910.64657
2018,02,27,5,909.93099
2018,02,27,6,909.88354
2018,02,27,7,909.16204
2018,02,28,0,908.61028
2018,02,28,1,907.56816
2018,02,28,2,906.76564
2018,02,28,3,906.28123
2018,02,28,4,905.72054
2018,02,28,5,904.92562
2018,02,28,6,904.55342
2018,02,28,7,903.94015
2018,02,29,0,904.68809
2018,02,29,1,905.2288
2018,02,29,2,904.63672
2018,02,29,3,904.5052
2018,02,29,4,903.54724
2018,02,29,5,902.87485
2018,02,29,6,903.59944
2018,02,29,7,904.43035
2018,02,30,0,904.6099
2018,02,30,1,905.17467
2018,02,30,2,905.93609
2018,02,30,3,906.33171
2018,02,30,4,906.15209
2018,02,30,5,905.54229
2018,02,30,6,906.0378
2018,02,30,7,905.9597
2018,02,1,0,906.18342
2018,02,1,1,907.09253
2018,02,1,2,908.06667
2018,02,1,3,908.30733
2018,02,1,4,908.19841
2018,02,1,5,908.34389
2018,02,1,6,908.53256
2018,02,1,7,908.85301
2018,02,2,0,907.92391
2018,02,2,1,907.42854
2018,02,2,2,907.04004
2018,02,2,3,906.50365
2018,02,2,4,905.71947
2018,02,2,5,904.92558
2018,02,2,6,903.73555
2018,02,2,7,901.99333
2018,02,3,0,901.85889
2018,02,3,1,902.7942
2018,02,3,2,903.60625
2018,02,3,3,903.89439
2018,02,3,4,903.29546
2018,02,3,5,903.05411
2018,02,3,6,902.83711
2018,02,3,7,902.47111
2018,02,4,0,903.17852
2018,02,4,1,904.74155
2018,02,4,2,905.42883
2018,02,4,3,906.86586
2018,02,4,4,907.67294
2018,02,4,5,908.18233
2018,02,4,6,908.45895
2018,02,4,7,908.69783
2018,02,5,0,907.38573
2018,02,5,1,905.88369
2018,02,5,2,905.80955
2018,02,5,3,906.27713
2018,02,5,4,906.5752
2018,02,5,5,907.38956
2018,02,5,6,908.99958
2018,02,5,7,909.88176
2018,02,6,0,909.68733
2018,02,6,1,909.4858
2018,02,6,2,910.24124
2018,02,6,3,911.23436
2018,02,6,4,911.52796
2018,02,6,5,911.8062
2018,02,6,6,913.63672
2018,02,6,7,915.72124
2018,02,7,0,915.46002
2018,02,7,1,915.71511
2018,02,7,2,917.42898
2018,02,7,3,917.90429
2018,02,7,4,917.27388
2018,02,7,5,916.951
2018,02,7,6,918.10483
2018,02,7,7,919.0292
2018,02,8,0,918.68392
2018,02,8,1,918.33559
2018,02,8,2,918.87269
2018,02,8,3,919.0531
2018,02,8,4,917.82681
2018,02,8,5,917.04731
2018,02,8,6,916.94819
2018,02,8,7,916.58486
2018,02,9,0,915.72201
2018,02,9,1,915.45183
2018,02,9,2,916.69718
2018,02,9,3,917.73169
2018,02,9,4,916.7487
2018,02,9,5,915.16072
2018,02,9,6,916.37422
2018,02,9,7,917.11964
2018,02,10,0,915.42165
2018,02,10,1,913.68493
2018,02,10,2,913.89945
2018,02,10,3,915.24239
2018,02,10,4,915.78254
2018,02,10,5,915.5669
2018,02,10,6,916.83883
2018,02,10,7,916.92557
2018,02,11,0,913.78362
2018,02,11,1,911.69863
2018,02,11,2,909.20319
2018,02,11,3,908.73775
2018,02,11,4,910.4203
2018,02,11,5,912.40229
2018,02,11,6,913.94644
2018,02,11,7,914.38994
2018,02,12,0,913.77365
2018,02,12,1,912.9289
2018,02,12,2,913.10088
2018,02,12,3,912.62592
2018,02,12,4,913.10981
2018,02,12,5,913.95283
2018,02,12,6,913.54922
2018,02,12,7,912.51353
2018,02,13,0,910.85107
2018,02,13,1,910.26853
2018,02,13,2,910.79048
2018,02,13,3,910.83524
2018,02,13,4,911.73846
2018,02,13,5,912.15357
2018,02,13,6,912.01188
2018,02,13,7,912.05229
2018,02,14,0,912.54846
2018,02,14,1,913.29549
2018,02,14,2,913.56028
2018,02,14,3,913.23445
2018,02,14,4,912.79474
2018,02,14,5,912.2818
2018,02,14,6,912.60204
2018,02,14,7,913.08358
2018,02,15,0,912.37264
2018,02,15,1,911.42338
2018,02,15,2,911.7812
2018,02,15,3,912.07759
2018,02,15,4,911.06222
2018,02,15,5,909.82925
2018,02,15,6,909.27498
2018,02,15,7,909.80322
2018,02,16,0,910.27134
2018,02,16,1,910.78489
2018,02,16,2,911.51339
2018,02,16,3,912.53734
2018,02,16,4,912.22824
2018,02,16,5,911.90341
2018,02,16,6,911.78781
2018,02,16,7,911.06486
2018,02,17,0,911.10227
2018,02,17,1,910.95148
2018,02,17,2,911.43682
2018,02,17,3,912.38367
2018,02,17,4,913.34132
2018,02,17,5,913.32416
2018,02,17,6,913.79096
2018,02,17,7,913.53251
2018,02,18,0,912.29714
2018,02,18,1,910.60318
2018,02,18,2,910.28582
2018,02,18,3,910.12889
2018,02,18,4,911.69868
2018,02,18,5,913.3403
2018,02,18,6,913.10154
2018,02,18,7,912.49202
2018,02,19,0,912.6869
2018,02,19,1,911.41959
2018,02,19,2,909.75645
2018,02,19,3,909.88579
2018,02,19,4,910.297
2018,02,19,5,910.29954
2018,02,19,6,910.01498
2018,02,19,7,909.11468
2018,02,20,0,907.91585
2018,02,20,1,907.3738
2018,02,20,2,908.21494
2018,02,20,3,909.29379
2018,02,20,4,908.4036
2018,02,20,5,906.5789
2018,02,20,6,906.74389
2018,02,20,7,906.89155
2018,02,21,0,906.1308
2018,02,21,1,905.34891
2018,02,21,2,905.0608
2018,02,21,3,906.18969
2018,02,21,4,905.97434
2018,02,21,5,904.93046
2018,02,21,6,907.32841
2018,02,21,7,909.81585
2018,02,22,0,910.41679
2018,02,22,1,910.30177
2018,02,22,2,908.45498
2018,02,22,3,906.82962
2018,02,22,4,907.22184
2018,02,22,5,907.4507
2018,02,22,6,907.3148
2018,02,22,7,905.83086
2018,02,23,0,903.81702
2018,02,23,1,901.85009
2018,02,23,2,901.54503
2018,02,23,3,902.18323
2018,02,23,4,904.73282
2018,02,23,5,906.87323
2018,02,23,6,906.91787
2018,02,23,7,906.4203
2018,02,24,0,906.04632
2018,02,24,1,905.63041
2018,02,24,2,908.15567
2018,02,24,3,909.51393
2018,02,24,4,909.7427
2018,02,24,5,910.39527
2018,02,24,6,911.90841
2018,02,24,7,913.53783
2018,02,25,0,913.52353
2018,02,25,1,913.59988
2018,02,25,2,915.08114
2018,02,25,3,916.02695
2018,02,25,4,916.32727
2018,02,25,5,916.0935
2018,02,25,6,916.16336
2018,02,25,7,916.30188
2018,02,26,0,916.98999
2018,02,26,1,917.2832
2018,02,26,2,916.3181
2018,02,26,3,915.23643
2018,02,26,4,915.58692
2018,02,26,5,915.01822
2018,02,26,6,915.56507
2018,02,26,7,915.5232
2018,02,27,0,914.99052
2018,02,27,1,914.77021
2018,02,27,2,913.16829
2018,02,27,3,911.17852
2018,02,27,4,910.94295
2018,02,27,5,911.44452
2018,02,27,6,911.35157
2018,02,27,7,911.24273
2018,02,28,0,911.44789
2018,02,28,1,911.22838
2018,02,28,2,911.25178
2018,02,28,3,910.53013
2018,02,28,4,910.83328
2018,02,28,5,911.33077
2018,02,28,6,911.62789
2018,02,28,7,911.91792
2018,02,29,0,911.04812
2018,02,29,1,909.88587
2018,02,29,2,910.05124
2018,02,29,3,910.34952
2018,02,29,4,910.92193
2018,02,29,5,910.78156
2018,02,29,6,909.63376
2018,02,29,7,908.4364
2018,02,30,0,907.20896
2018,02,30,1,906.43093
2018,02,30,2,905.71663
2018,02,30,3,905.70557
2018,02,30,4,905.87554
2018,02,30,5,905.5898
2018,02,30,6,905.715
2018,02,30,7,906.34123
2018,02,31,0,907.2058
2018,02,31,1,907.83157
2018,02,31,2,907.6592
2018,02,31,3,907.49587
2018,02,31,4,906.0108
2018,02,31,5,905.47061
2018,02,31,6,907.72004
2018,02,31,7,909.33332
2018,02,1,0,910.48512
2018,02,1,1,911.21995
2018,02,1,2,911.35722
2018,02,1,3,911.53746
2018,02,1,4,911.46401
2018,02,1,5,911.60387
2018,02,1,6,911.80206
2018,02,1,7,910.9905
2018,02,2,0,911.0788
2018,02,2,1,911.37977
2018,02,2,2,912.13029
2018,02,2,3,912.51683
2018,02,2,4,912.50502
2018,02,2,5,912.71362
2018,02,2,6,913.0353
2018,02,2,7,913.24846
2018,02,3,0,912.70712
2018,02,3,1,912.32023
2018,02,3,2,912.85634
2018,02,3,3,913.20425
2018,02,3,4,913.31838
2018,02,3,5,913.27956
2018,02,3,6,912.99533
2018,02,3,7,912.82681
2018,02,4,0,912.48203
2018,02,4,1,912.19318
2018,02,4,2,911.81222
2018,02,4,3,911.47392
2018,02,4,4,911.90426
2018,02,4,5,912.54759
2018,02,4,6,912.98254
2018,02,4,7,913.30631
2018,02,5,0,913.11177
2018,02,5,1,912.57101
2018,02,5,2,913.12378
2018,02,5,3,913.71486
2018,02,5,4,914.31454
2018,02,5,5,914.4299
2018,02,5,6,914.70126
2018,02,5,7,915.23696
2018,02,6,0,915.01146
2018,02,6,1,914.31998
2018,02,6,2,914.76555
2018,02,6,3,915.01985
2018,02,6,4,915.04242
2018,02,6,5,914.9198
2018,02,6,6,915.22671
2018,02,6,7,915.88853
2018,02,7,0,915.45018
2018,02,7,1,914.33874
2018,02,7,2,914.55304
2018,02,7,3,915.1694
2018,02,7,4,915.21291
2018,02,7,5,915.05054
2018,02,7,6,915.04043
2018,02,7,7,914.84215
2018,02,8,0,914.50745
2018,02,8,1,914.2359
2018,02,8,2,914.27691
2018,02,8,3,914.18946
2018,02,8,4,913.20396
2018,02,8,5,912.89968
2018,02,8,6,913.39078
2018,02,8,7,913.40812
2018,02,9,0,912.13031
2018,02,9,1,910.99725
2018,02,9,2,911.19911
2018,02,9,3,911.5239
2018,02,9,4,911.62772
2018,02,9,5,911.6594
2018,02,9,6,912.34706
2018,02,9,7,912.42483
2018,02,10,0,911.47922
2018,02,10,1,910.95766
2018,02,10,2,911.86361
2018,02,10,3,912.17071
2018,02,10,4,910.63751
2018,02,10,5,910.6591
2018,02,10,6,911.80267
2018,02,10,7,911.64509
2018,02,11,0,909.44969
2018,02,11,1,907.33249
2018,02,11,2,907.98629
2018,02,11,3,908.04463
2018,02,11,4,906.48284
2018,02,11,5,905.59463
2018,02,11,6,906.25072
2018,02,11,7,905.89556
2018,02,12,0,903.83343
2018,02,12,1,902.76244
2018,02,12,2,903.32581
2018,02,12,3,903.57573
2018,02,12,4,901.63797
2018,02,12,5,900.73528
2018,02,12,6,903.60597
2018,02,12,7,905.54947
2018,02,13,0,903.62849
2018,02,13,1,902.5594
2018,02,13,2,905.3509
2018,02,13,3,906.74297
2018,02,13,4,904.60124
2018,02,13,5,903.74483
2018,02,13,6,906.14709
2018,02,13,7,907.5978
2018,02,14,0,906.06179
2018,02,14,1,905.04192
2018,02,14,2,906.39156
2018,02,14,3,906.94755
2018,02,14,4,906.60112
2018,02,14,5,906.25887
2018,02,14,6,907.0348
2018,02,14,7,907.46685
2018,02,15,0,906.27115
2018,02,15,1,905.03704
2018,02,15,2,905.03326
2018,02,15,3,905.26398
2018,02,15,4,905.52874
2018,02,15,5,905.82518
2018,02,15,6,907.10876
2018,02,15,7,908.58243
2018,02,16,0,907.50183
2018,02,16,1,906.81781
2018,02,16,2,907.88665
2018,02,16,3,908.51259
2018,02,16,4,909.08699
2018,02,16,5,910.1742
2018,02,16,6,911.1515
2018,02,16,7,911.9582
2018,02,17,0,912.86095
2018,02,17,1,913.35059
2018,02,17,2,914.65483
2018,02,17,3,915.82262
2018,02,17,4,915.74111
2018,02,17,5,915.73278
2018,02,17,6,916.72868
2018,02,17,7,917.42762
2018,02,18,0,917.11628
2018,02,18,1,916.49478
2018,02,18,2,917.26066
2018,02,18,3,917.71562
2018,02,18,4,916.13292
2018,02,18,5,913.80866
2018,02,18,6,912.23287
2018,02,18,7,910.53931
2018,02,19,0,907.19506
2018,02,19,1,904.93554
2018,02,19,2,904.74006
2018,02,19,3,905.33956
2018,02,19,4,903.45762
2018,02,19,5,901.63884
2018,02,19,6,903.62492
2018,02,19,7,905.79817
2018,02,20,0,904.72956
2018,02,20,1,903.05384
2018,02,20,2,903.19384
2018,02,20,3,903.99189
2018,02,20,4,903.97514
2018,02,20,5,903.44604
2018,02,20,6,905.50948
2018,02,20,7,908.15188
2018,02,21,0,909.5233
2018,02,21,1,908.95999
2018,02,21,2,907.89996
2018,02,21,3,907.83255
2018,02,21,4,907.1043
2018,02,21,5,907.1209
2018,02,21,6,908.31795
2018,02,21,7,909.1459
2018,02,22,0,907.76714
2018,02,22,1,906.58883
2018,02,22,2,908.6474
2018,02,22,3,911.43604
2018,02,22,4,912.8439
2018,02,22,5,913.40389
2018,02,22,6,912.42072
2018,02,22,7,910.6261
2018,02,23,0,909.57484
2018,02,23,1,909.11744
2018,02,23,2,912.14049
2018,02,23,3,915.22775
2018,02,23,4,912.3069
2018,02,23,5,909.41077
2018,02,23,6,910.32076
2018,02,23,7,911.49062
2018,02,24,0,910.88645
2018,02,24,1,909.83574
2018,02,24,2,910.27162
2018,02,24,3,910.57183
2018,02,24,4,909.2282
2018,02,24,5,908.2696
2018,02,24,6,908.95669
2018,02,24,7,909.80956
2018,02,25,0,910.89626
2018,02,25,1,911.37305
2018,02,25,2,912.46287
2018,02,25,3,913.0309
2018,02,25,4,912.25098
2018,02,25,5,911.29361
2018,02,25,6,911.06849
2018,02,25,7,909.93708
2018,02,26,0,909.47242
2018,02,26,1,910.81354
2018,02,26,2,912.16744
2018,02,26,3,914.10139
2018,02,26,4,913.70684
2018,02,26,5,913.1196
2018,02,26,6,913.70628
2018,02,26,7,913.95697
2018,02,27,0,913.28559
2018,02,27,1,911.23216
2018,02,27,2,910.47147
2018,02,27,3,909.22588
2018,02,27,4,908.27989
2018,02,27,5,908.48766
2018,02,27,6,908.27873
2018,02,27,7,907.96002
2018,02,28,0,907.42727
2018,02,28,1,907.1526
2018,02,28,2,907.27661
2018,02,28,3,907.55509
2018,02,28,4,907.29535
2018,02,28,5,907.51315
2018,02,28,6,908.80819
2018,02,28,7,909.40253
2018,02,29,0,908.98684
2018,02,29,1,909.25079
2018,02,29,2,910.61709
2018,02,29,3,911.44151
2018,02,29,4,911.30035
2018,02,29,5,911.25128
2018,02,29,6,913.16096
2018,02,29,7,914.42179
2018,02,30,0,912.32134
2018,02,30,1,910.78044
2018,02,30,2,911.89346
2018,02,30,3,912.26843
2018,02,30,4,911.12367
2018,02,30,5,910.13868
2018,02,30,6,910.48733
2018,02,30,7,911.18142
2018,02,1,0,911.52646
2018,02,1,1,911.28989
2018,02,1,2,911.59622
2018,02,1,3,910.72968
2018,02,1,4,909.22948
2018,02,1,5,907.95765
2018,02,1,6,907.37618
2018,02,1,7,906.74277
2018,02,2,0,906.48269
2018,02,2,1,907.4077
2018,02,2,2,908.63053
2018,02,2,3,909.43132
2018,02,2,4,910.65451
2018,02,2,5,912.06245
2018,02,2,6,912.7677
2018,02,2,7,912.63588
2018,02,3,0,912.75063
2018,02,3,1,912.82526
2018,02,3,2,913.6929
2018,02,3,3,914.90804
2018,02,3,4,915.22504
2018,02,3,5,914.77496
2018,02,3,6,915.56229
2018,02,3,7,916.28579
2018,02,4,0,916.55437
2018,02,4,1,916.46322
2018,02,4,2,916.08275
2018,02,4,3,915.87668
2018,02,4,4,914.22224
2018,02,4,5,911.84109
2018,02,4,6,910.61549
2018,02,4,7,908.87143
2018,02,5,0,907.2235
2018,02,5,1,905.92601
2018,02,5,2,904.97214
2018,02,5,3,904.38341
2018,02,5,4,903.12112
2018,02,5,5,901.83581
2018,02,5,6,902.19231
2018,02,5,7,903.05728
2018,02,6,0,902.60649
2018,02,6,1,901.27403
2018,02,6,2,901.74364
2018,02,6,3,902.9147
2018,02,6,4,903.82481
2018,02,6,5,904.1902
2018,02,6,6,904.62051
2018,02,6,7,905.76072
2018,02,7,0,906.37503
2018,02,7,1,905.8389
2018,02,7,2,906.03839
2018,02,7,3,906.03183
2018,02,7,4,906.63586
2018,02,7,5,906.9847
2018,02,7,6,906.83557
2018,02,7,7,906.26547
2018,02,8,0,905.50134
2018,02,8,1,905.08913
2018,02,8,2,906.26829
2018,02,8,3,907.27299
2018,02,8,4,906.88258
2018,02,8,5,906.17847
2018,02,8,6,905.99993
2018,02,8,7,906.15143
2018,02,9,0,905.44708
2018,02,9,1,904.65053
2018,02,9,2,905.21716
2018,02,9,3,906.15024
2018,02,9,4,907.25433
2018,02,9,5,907.83905
2018,02,9,6,907.50429
2018,02,9,7,908.33651
2018,02,10,0,910.60136
2018,02,10,1,911.71513
2018,02,10,2,913.05576
2018,02,10,3,914.44642
2018,02,10,4,915.58871
2018,02,10,5,916.92765
2018,02,10,6,916.8179
2018,02,10,7,915.95167
2018,02,11,0,913.12221
2018,02,11,1,910.95997
2018,02,11,2,910.02816
2018,02,11,3,908.93263
2018,02,11,4,908.34783
2018,02,11,5,907.23052
2018,02,11,6,906.78943
2018,02,11,7,908.42419
2018,02,12,0,908.97228
2018,02,12,1,910.0293
2018,02,12,2,911.15105
2018,02,12,3,912.12801
2018,02,12,4,913.92939
2018,02,12,5,913.79555
2018,02,12,6,913.00307
2018,02,12,7,912.55905
2018,02,13,0,912.30998
2018,02,13,1,910.90207
2018,02,13,2,910.18588
2018,02,13,3,910.26875
2018,02,13,4,910.46879
2018,02,13,5,910.16498
2018,02,13,6,908.45452
2018,02,13,7,906.89695
2018,02,14,0,906.80203
2018,02,14,1,905.72065
2018,02,14,2,903.9094
2018,02,14,3,902.67196
2018,02,14,4,901.97793
2018,02,14,5,901.33723
2018,02,14,6,901.94935
2018,02,14,7,902.81595
2018,02,15,0,902.23112
2018,02,15,1,901.0288
2018,02,15,2,901.59218
2018,02,15,3,902.6452
2018,02,15,4,902.3208
2018,02,15,5,902.28155
2018,02,15,6,904.21474
2018,02,15,7,906.75309
2018,02,16,0,906.92418
2018,02,16,1,905.24077
2018,02,16,2,906.42163
2018,02,16,3,908.05772
2018,02,16,4,907.71142
2018,02,16,5,907.0835
2018,02,16,6,907.63462
2018,02,16,7,907.85008
2018,02,17,0,907.30187
2018,02,17,1,906.5486
2018,02,17,2,907.94348
2018,02,17,3,909.07391
2018,02,17,4,908.85115
2018,02,17,5,908.31742
2018,02,17,6,908.14259
2018,02,17,7,908.17328
2018,02,18,0,907.95819
2018,02,18,1,907.35236
2018,02,18,2,907.6308
2018,02,18,3,907.98205
2018,02,18,4,909.32014
2018,02,18,5,910.29133
2018,02,18,6,911.44374
2018,02,18,7,912.49103
2018,02,19,0,914.26122
2018,02,19,1,915.64973
2018,02,19,2,938.88527
2018,02,19,3,939.81177
2018,02,19,4,938.87016
2018,02,19,5,938.09388
2018,02,19,6,940.51939
2018,02,19,7,943.07118
2018,02,20,0,944.40459
2018,02,20,1,945.89856
2018,02,20,2,947.39834
2018,02,20,3,947.26918
2018,02,20,4,945.12395
2018,02,20,5,943.62329
2018,02,20,6,943.35195
2018,02,20,7,943.12354
2018,02,21,0,939.46668
2018,02,21,1,937.95835
2018,02,21,2,940.47906
2018,02,21,3,941.57942
2018,02,21,4,914.74021
2018,02,21,5,915.849
2018,02,21,6,917.04977
2018,02,21,7,917.86844
2018,02,22,0,919.42019
2018,02,22,1,920.33348
2018,02,22,2,920.20883
2018,02,22,3,919.57176
2018,02,22,4,919.72203
2018,02,22,5,919.46256
2018,02,22,6,918.35035
2018,02,22,7,916.79505
2018,02,23,0,917.608
2018,02,23,1,917.90247
2018,02,23,2,917.52912
2018,02,23,3,917.50763
2018,02,23,4,915.74389
2018,02,23,5,914.27947
2018,02,23,6,913.81124
2018,02,23,7,913.88821
2018,02,24,0,913.8363
2018,02,24,1,913.20944
2018,02,24,2,913.01394
2018,02,24,3,913.31761
2018,02,24,4,912.72237
2018,02,24,5,911.32577
2018,02,24,6,912.00211
2018,02,24,7,912.93831
2018,02,25,0,913.36798
2018,02,25,1,913.83305
2018,02,25,2,914.20663
2018,02,25,3,913.31511
2018,02,25,4,912.1939
2018,02,25,5,911.71123
2018,02,25,6,911.14223
2018,02,25,7,910.56218
2018,02,26,0,910.35777
2018,02,26,1,910.41705
2018,02,26,2,910.64642
2018,02,26,3,910.79682
2018,02,26,4,910.63881
2018,02,26,5,910.42643
2018,02,26,6,910.52308
2018,02,26,7,910.67813
2018,02,27,0,910.8185
2018,02,27,1,910.69512
2018,02,27,2,910.5618
2018,02,27,3,909.90728
2018,02,27,4,909.9707
2018,02,27,5,909.61515
2018,02,27,6,908.31633
2018,02,27,7,907.20119
2018,02,28,0,906.05387
2018,02,28,1,905.35152
2018,02,28,2,904.90143
2018,02,28,3,905.76354
2018,02,28,4,906.58493
2018,02,28,5,907.08566
2018,02,28,6,908.53573
2018,02,28,7,909.69557
2018,02,29,0,910.93112
2018,02,29,1,912.16194
2018,02,29,2,912.63015
2018,02,29,3,913.1815
2018,02,29,4,913.85864
2018,02,29,5,914.21752
2018,02,29,6,914.59963
2018,02,29,7,914.81363
2018,02,30,0,915.1973
2018,02,30,1,915.60209
2018,02,30,2,915.47328
2018,02,30,3,915.38469
2018,02,30,4,915.72482
2018,02,30,5,915.60489
2018,02,30,6,915.4194
2018,02,30,7,915.24982
2018,02,31,0,915.33031
2018,02,31,1,915.16473
2018,02,31,2,914.88846
2018,02,31,3,914.7421
2018,02,31,4,915.1876
2018,02,31,5,915.01885
2018,02,31,6,913.90724
2018,02,31,7,912.59711
2019,02,1,0,912.10314
2019,02,1,1,911.46843
2019,02,1,2,909.91783
2019,02,1,3,908.73375
2019,02,1,4,908.10078
2019,02,1,5,907.4209
2019,02,1,6,907.02117
2019,02,1,7,906.94474
