####################################################################################################
# Month: 07Jul                                                                                     #
# Station: /n/holyscratch01/doeleman_lab/freemanmd/am_output/PAR                                   #
# Columns are: year    month   day     segment         Pbase (mbar)                                #
####################################################################################################
year,month,day,segment,Pbase
2009,07,1,0,698.92814
2009,07,1,1,697.95079
2009,07,1,2,696.67094
2009,07,1,3,695.0274
2009,07,1,4,694.41681
2009,07,1,5,694.17851
2009,07,1,6,693.82327
2009,07,1,7,693.5159
2009,07,2,0,694.02721
2009,07,2,1,694.67761
2009,07,2,2,694.93568
2009,07,2,3,695.26221
2009,07,2,4,695.29472
2009,07,2,5,695.19795
2009,07,2,6,695.08119
2009,07,2,7,695.08346
2009,07,3,0,695.62263
2009,07,3,1,695.9482
2009,07,3,2,695.9654
2009,07,3,3,696.43464
2009,07,3,4,697.41513
2009,07,3,5,697.70997
2009,07,3,6,698.13261
2009,07,3,7,698.84107
2009,07,4,0,699.4438
2009,07,4,1,699.42688
2009,07,4,2,699.15135
2009,07,4,3,698.90562
2009,07,4,4,698.70268
2009,07,4,5,697.86401
2009,07,4,6,697.00819
2009,07,4,7,696.6611
2009,07,5,0,696.40827
2009,07,5,1,696.08919
2009,07,5,2,696.09226
2009,07,5,3,696.25323
2009,07,5,4,696.57215
2009,07,5,5,696.90129
2009,07,5,6,697.61728
2009,07,5,7,698.24087
2009,07,6,0,698.75409
2009,07,6,1,698.96308
2009,07,6,2,699.36038
2009,07,6,3,699.76397
2009,07,6,4,700.13314
2009,07,6,5,700.31244
2009,07,6,6,700.54487
2009,07,6,7,700.77206
2009,07,7,0,700.96525
2009,07,7,1,700.97342
2009,07,7,2,700.80074
2009,07,7,3,700.55537
2009,07,7,4,700.31764
2009,07,7,5,699.88888
2009,07,7,6,699.94525
2009,07,7,7,699.76599
2009,07,8,0,699.05603
2009,07,8,1,698.09613
2009,07,8,2,697.27641
2009,07,8,3,696.5699
2009,07,8,4,695.52581
2009,07,8,5,694.58227
2009,07,8,6,694.30205
2009,07,8,7,693.78637
2009,07,9,0,693.04827
2009,07,9,1,692.33616
2009,07,9,2,692.37023
2009,07,9,3,692.49546
2009,07,9,4,692.46347
2009,07,9,5,692.67254
2009,07,9,6,693.56469
2009,07,9,7,694.34163
2009,07,10,0,694.85343
2009,07,10,1,694.74038
2009,07,10,2,695.20976
2009,07,10,3,695.54163
2009,07,10,4,695.77905
2009,07,10,5,695.609
2009,07,10,6,695.15142
2009,07,10,7,694.94205
2009,07,11,0,694.58156
2009,07,11,1,693.48873
2009,07,11,2,692.96348
2009,07,11,3,692.59221
2009,07,11,4,691.80605
2009,07,11,5,690.80055
2009,07,11,6,690.24531
2009,07,11,7,689.94714
2009,07,12,0,689.60413
2009,07,12,1,689.27547
2009,07,12,2,689.2204
2009,07,12,3,689.42277
2009,07,12,4,689.44719
2009,07,12,5,689.40686
2009,07,12,6,689.72351
2009,07,12,7,690.01709
2009,07,13,0,690.60959
2009,07,13,1,691.09518
2009,07,13,2,691.67253
2009,07,13,3,692.04304
2009,07,13,4,692.12553
2009,07,13,5,691.61173
2009,07,13,6,691.46374
2009,07,13,7,691.51517
2009,07,14,0,691.4603
2009,07,14,1,690.98338
2009,07,14,2,690.89833
2009,07,14,3,690.80749
2009,07,14,4,690.57637
2009,07,14,5,690.34364
2009,07,14,6,691.1026
2009,07,14,7,691.68751
2009,07,15,0,691.58593
2009,07,15,1,691.24468
2009,07,15,2,691.48581
2009,07,15,3,691.63545
2009,07,15,4,691.46648
2009,07,15,5,691.57994
2009,07,15,6,692.05306
2009,07,15,7,692.17257
2009,07,16,0,692.75315
2009,07,16,1,692.92277
2009,07,16,2,692.83907
2009,07,16,3,692.74733
2009,07,16,4,692.66811
2009,07,16,5,692.25884
2009,07,16,6,691.90524
2009,07,16,7,691.62705
2009,07,17,0,691.32295
2009,07,17,1,690.63129
2009,07,17,2,690.00742
2009,07,17,3,689.19257
2009,07,17,4,688.47599
2009,07,17,5,687.80821
2009,07,17,6,687.04057
2009,07,17,7,686.17693
2009,07,18,0,685.12935
2009,07,18,1,684.28986
2009,07,18,2,684.15955
2009,07,18,3,684.21275
2009,07,18,4,684.66538
2009,07,18,5,684.62271
2009,07,18,6,684.60482
2009,07,18,7,684.78324
2009,07,19,0,685.17064
2009,07,19,1,685.4739
2009,07,19,2,685.59915
2009,07,19,3,686.11472
2009,07,19,4,686.8095
2009,07,19,5,687.18068
2009,07,19,6,688.19352
2009,07,19,7,689.27251
2009,07,20,0,690.15164
2009,07,20,1,690.64034
2009,07,20,2,691.5335
2009,07,20,3,692.34682
2009,07,20,4,693.34923
2009,07,20,5,693.6393
2009,07,20,6,694.06839
2009,07,20,7,694.41974
2009,07,21,0,694.60561
2009,07,21,1,694.31325
2009,07,21,2,693.58081
2009,07,21,3,692.70005
2009,07,21,4,691.49884
2009,07,21,5,690.32558
2009,07,21,6,689.3342
2009,07,21,7,688.60076
2009,07,22,0,688.031
2009,07,22,1,687.33235
2009,07,22,2,687.54266
2009,07,22,3,688.45047
2009,07,22,4,689.25687
2009,07,22,5,689.8776
2009,07,22,6,690.89779
2009,07,22,7,692.27139
2009,07,23,0,693.46453
2009,07,23,1,694.18982
2009,07,23,2,694.79394
2009,07,23,3,695.37107
2009,07,23,4,695.30383
2009,07,23,5,694.86147
2009,07,23,6,694.70575
2009,07,23,7,694.52089
2009,07,24,0,693.47657
2009,07,24,1,691.92847
2009,07,24,2,691.0875
2009,07,24,3,690.38539
2009,07,24,4,689.34941
2009,07,24,5,688.62512
2009,07,24,6,688.52219
2009,07,24,7,688.74859
2009,07,25,0,688.4307
2009,07,25,1,688.19204
2009,07,25,2,688.39661
2009,07,25,3,688.52141
2009,07,25,4,688.56299
2009,07,25,5,688.96571
2009,07,25,6,688.87633
2009,07,25,7,688.78605
2009,07,26,0,689.09257
2009,07,26,1,689.39451
2009,07,26,2,689.66578
2009,07,26,3,690.0237
2009,07,26,4,690.47173
2009,07,26,5,690.9843
2009,07,26,6,691.60226
2009,07,26,7,692.0288
2009,07,27,0,692.02282
2009,07,27,1,691.81384
2009,07,27,2,691.96499
2009,07,27,3,692.14894
2009,07,27,4,692.23465
2009,07,27,5,691.76068
2009,07,27,6,691.44158
2009,07,27,7,691.27025
2009,07,28,0,690.57084
2009,07,28,1,689.68713
2009,07,28,2,689.28311
2009,07,28,3,688.87333
2009,07,28,4,688.45094
2009,07,28,5,688.52337
2009,07,28,6,688.42671
2009,07,28,7,688.63799
2009,07,29,0,689.38091
2009,07,29,1,689.21326
2009,07,29,2,688.5488
2009,07,29,3,687.43243
2009,07,29,4,686.01589
2009,07,29,5,685.35914
2009,07,29,6,685.59898
2009,07,29,7,686.29593
2009,07,30,0,687.51953
2009,07,30,1,688.9026
2009,07,30,2,690.9404
2009,07,30,3,693.26676
2009,07,30,4,694.50141
2009,07,30,5,694.6468
2009,07,30,6,694.35569
2009,07,30,7,693.53387
2009,07,31,0,692.65463
2009,07,31,1,692.12828
2009,07,31,2,692.39437
2009,07,31,3,692.82437
2009,07,31,4,693.14717
2009,07,31,5,693.61302
2009,07,31,6,694.08379
2009,07,31,7,694.40986
2009,07,1,0,694.6267
2009,07,1,1,694.46825
2009,07,1,2,694.61418
2009,07,1,3,694.32607
2009,07,1,4,694.22756
2009,07,1,5,694.32386
2009,07,1,6,695.19927
2009,07,1,7,696.35123
2009,07,2,0,697.83896
2009,07,2,1,699.09207
2009,07,2,2,700.06531
2009,07,2,3,701.14495
2009,07,2,4,701.98073
2009,07,2,5,702.27886
2009,07,2,6,702.29816
2009,07,2,7,702.06312
2009,07,3,0,701.82316
2009,07,3,1,700.80652
2009,07,3,2,700.16943
2009,07,3,3,699.52191
2009,07,3,4,698.41861
2009,07,3,5,697.50287
2009,07,3,6,696.15823
2009,07,3,7,695.28626
2009,07,4,0,695.08938
2009,07,4,1,694.58616
2009,07,4,2,694.09395
2009,07,4,3,693.85112
2009,07,4,4,693.71441
2009,07,4,5,693.21964
2009,07,4,6,692.9996
2009,07,4,7,692.89864
2009,07,5,0,692.42455
2009,07,5,1,691.76034
2009,07,5,2,691.60401
2009,07,5,3,691.10147
2009,07,5,4,689.9496
2009,07,5,5,689.33751
2009,07,5,6,688.85432
2009,07,5,7,687.83704
2009,07,6,0,686.58598
2009,07,6,1,685.5155
2009,07,6,2,685.48104
2009,07,6,3,685.46393
2009,07,6,4,685.84636
2009,07,6,5,686.31026
2009,07,6,6,686.82492
2009,07,6,7,687.26359
2009,07,7,0,687.49039
2009,07,7,1,687.70677
2009,07,7,2,688.04761
2009,07,7,3,688.31049
2009,07,7,4,688.60019
2009,07,7,5,688.98168
2009,07,7,6,689.43307
2009,07,7,7,690.1305
2009,07,8,0,690.7752
2009,07,8,1,691.10709
2009,07,8,2,691.55373
2009,07,8,3,691.60284
2009,07,8,4,691.49367
2009,07,8,5,691.32871
2009,07,8,6,691.53809
2009,07,8,7,691.67999
2009,07,9,0,691.86264
2009,07,9,1,691.83999
2009,07,9,2,691.63682
2009,07,9,3,691.46028
2009,07,9,4,691.3887
2009,07,9,5,691.27494
2009,07,9,6,691.21946
2009,07,9,7,691.09536
2009,07,10,0,691.25291
2009,07,10,1,691.26042
2009,07,10,2,691.02663
2009,07,10,3,690.82846
2009,07,10,4,690.88985
2009,07,10,5,691.14703
2009,07,10,6,691.15538
2009,07,10,7,690.89105
2009,07,11,0,691.00382
2009,07,11,1,690.87713
2009,07,11,2,690.47966
2009,07,11,3,690.19525
2009,07,11,4,690.01908
2009,07,11,5,689.57621
2009,07,11,6,689.73306
2009,07,11,7,690.20596
2009,07,12,0,690.35337
2009,07,12,1,690.10754
2009,07,12,2,690.63554
2009,07,12,3,691.21346
2009,07,12,4,691.22576
2009,07,12,5,691.29035
2009,07,12,6,692.03671
2009,07,12,7,692.75427
2009,07,13,0,693.15697
2009,07,13,1,692.76298
2009,07,13,2,692.65265
2009,07,13,3,692.60872
2009,07,13,4,692.34093
2009,07,13,5,691.59598
2009,07,13,6,691.38229
2009,07,13,7,691.28761
2009,07,14,0,691.09949
2009,07,14,1,690.40159
2009,07,14,2,690.05998
2009,07,14,3,689.94392
2009,07,14,4,688.96455
2009,07,14,5,687.86077
2009,07,14,6,687.47728
2009,07,14,7,687.25815
2009,07,15,0,686.59681
2009,07,15,1,685.93619
2009,07,15,2,685.27025
2009,07,15,3,684.94018
2009,07,15,4,684.95586
2009,07,15,5,685.02439
2009,07,15,6,685.12278
2009,07,15,7,685.24647
2009,07,16,0,685.45671
2009,07,16,1,685.47626
2009,07,16,2,685.61668
2009,07,16,3,685.86207
2009,07,16,4,685.61644
2009,07,16,5,685.51762
2009,07,16,6,685.94814
2009,07,16,7,686.29206
2009,07,17,0,686.29334
2009,07,17,1,686.28014
2009,07,17,2,686.45292
2009,07,17,3,686.62
2009,07,17,4,686.62981
2009,07,17,5,687.00757
2009,07,17,6,687.42388
2009,07,17,7,687.7226
2009,07,18,0,687.70154
2009,07,18,1,687.42862
2009,07,18,2,687.30669
2009,07,18,3,687.65576
2009,07,18,4,687.9742
2009,07,18,5,688.32248
2009,07,18,6,688.95756
2009,07,18,7,689.90123
2009,07,19,0,690.83639
2009,07,19,1,691.34201
2009,07,19,2,692.04447
2009,07,19,3,692.59285
2009,07,19,4,693.44778
2009,07,19,5,694.13185
2009,07,19,6,694.63084
2009,07,19,7,695.02058
2009,07,20,0,694.75573
2009,07,20,1,694.18155
2009,07,20,2,694.06011
2009,07,20,3,693.6682
2009,07,20,4,692.83518
2009,07,20,5,691.35696
2009,07,20,6,690.33692
2009,07,20,7,689.7912
2009,07,21,0,689.16156
2009,07,21,1,688.22263
2009,07,21,2,687.36176
2009,07,21,3,686.47877
2009,07,21,4,685.37269
2009,07,21,5,684.40668
2009,07,21,6,683.41653
2009,07,21,7,683.08731
2009,07,22,0,683.99063
2009,07,22,1,684.97924
2009,07,22,2,686.57609
2009,07,22,3,688.3791
2009,07,22,4,689.46419
2009,07,22,5,690.30611
2009,07,22,6,691.77593
2009,07,22,7,693.43245
2009,07,23,0,694.31859
2009,07,23,1,694.17604
2009,07,23,2,694.25797
2009,07,23,3,693.97554
2009,07,23,4,693.24968
2009,07,23,5,691.85472
2009,07,23,6,690.53119
2009,07,23,7,688.98069
2009,07,24,0,687.05063
2009,07,24,1,684.69657
2009,07,24,2,683.1139
2009,07,24,3,681.77181
2009,07,24,4,680.62593
2009,07,24,5,679.49266
2009,07,24,6,678.7623
2009,07,24,7,678.56339
2009,07,25,0,678.34924
2009,07,25,1,678.09904
2009,07,25,2,678.90723
2009,07,25,3,679.58094
2009,07,25,4,680.68224
2009,07,25,5,681.85324
2009,07,25,6,683.0251
2009,07,25,7,684.60665
2009,07,26,0,685.50811
2009,07,26,1,685.5505
2009,07,26,2,686.3598
2009,07,26,3,687.15906
2009,07,26,4,687.34706
2009,07,26,5,687.58991
2009,07,26,6,687.52626
2009,07,26,7,687.16523
2009,07,27,0,686.83187
2009,07,27,1,686.50599
2009,07,27,2,686.28975
2009,07,27,3,685.67707
2009,07,27,4,685.39372
2009,07,27,5,685.05367
2009,07,27,6,684.26374
2009,07,27,7,683.57083
2009,07,28,0,683.26802
2009,07,28,1,683.18779
2009,07,28,2,683.23315
2009,07,28,3,683.35699
2009,07,28,4,684.00236
2009,07,28,5,684.62638
2009,07,28,6,685.15675
2009,07,28,7,685.79562
2009,07,1,0,686.56826
2009,07,1,1,687.04504
2009,07,1,2,687.51772
2009,07,1,3,687.74754
2009,07,1,4,687.6715
2009,07,1,5,687.41225
2009,07,1,6,687.06029
2009,07,1,7,686.75659
2009,07,2,0,686.33454
2009,07,2,1,685.63032
2009,07,2,2,685.05415
2009,07,2,3,684.79093
2009,07,2,4,684.6346
2009,07,2,5,684.47203
2009,07,2,6,684.56875
2009,07,2,7,684.92839
2009,07,3,0,685.23188
2009,07,3,1,685.51438
2009,07,3,2,685.97348
2009,07,3,3,686.33151
2009,07,3,4,686.47708
2009,07,3,5,686.34671
2009,07,3,6,686.28394
2009,07,3,7,686.42257
2009,07,4,0,686.18273
2009,07,4,1,685.84993
2009,07,4,2,685.81551
2009,07,4,3,685.53267
2009,07,4,4,685.36078
2009,07,4,5,685.14644
2009,07,4,6,684.98536
2009,07,4,7,684.64996
2009,07,5,0,684.20315
2009,07,5,1,682.97303
2009,07,5,2,682.29117
2009,07,5,3,682.60615
2009,07,5,4,683.28232
2009,07,5,5,683.65487
2009,07,5,6,683.73893
2009,07,5,7,684.30624
2009,07,6,0,685.15756
2009,07,6,1,685.63642
2009,07,6,2,686.11223
2009,07,6,3,686.67166
2009,07,6,4,687.33312
2009,07,6,5,688.06319
2009,07,6,6,688.70363
2009,07,6,7,689.50913
2009,07,7,0,690.09131
2009,07,7,1,690.55347
2009,07,7,2,691.74971
2009,07,7,3,693.10408
2009,07,7,4,693.71392
2009,07,7,5,693.96207
2009,07,7,6,694.12337
2009,07,7,7,694.03464
2009,07,8,0,693.7219
2009,07,8,1,692.86028
2009,07,8,2,692.31712
2009,07,8,3,691.6461
2009,07,8,4,691.27363
2009,07,8,5,690.63356
2009,07,8,6,690.08852
2009,07,8,7,689.59406
2009,07,9,0,688.58705
2009,07,9,1,687.1628
2009,07,9,2,686.4386
2009,07,9,3,686.10768
2009,07,9,4,685.39656
2009,07,9,5,684.37263
2009,07,9,6,683.33036
2009,07,9,7,682.65333
2009,07,10,0,682.06415
2009,07,10,1,681.50658
2009,07,10,2,681.27408
2009,07,10,3,681.03011
2009,07,10,4,681.47692
2009,07,10,5,682.48265
2009,07,10,6,683.3408
2009,07,10,7,683.81475
2009,07,11,0,684.05761
2009,07,11,1,683.85644
2009,07,11,2,683.59871
2009,07,11,3,683.37037
2009,07,11,4,682.76177
2009,07,11,5,681.89251
2009,07,11,6,681.60972
2009,07,11,7,681.53036
2009,07,12,0,681.08524
2009,07,12,1,680.52268
2009,07,12,2,680.02822
2009,07,12,3,679.9119
2009,07,12,4,679.50081
2009,07,12,5,678.81157
2009,07,12,6,678.45286
2009,07,12,7,678.22941
2009,07,13,0,678.26761
2009,07,13,1,678.06503
2009,07,13,2,677.65619
2009,07,13,3,677.31621
2009,07,13,4,677.44948
2009,07,13,5,677.23742
2009,07,13,6,677.29998
2009,07,13,7,677.55917
2009,07,14,0,678.28166
2009,07,14,1,678.67928
2009,07,14,2,678.99184
2009,07,14,3,679.49685
2009,07,14,4,680.10117
2009,07,14,5,680.361
2009,07,14,6,680.42346
2009,07,14,7,680.46891
2009,07,15,0,680.64436
2009,07,15,1,680.34308
2009,07,15,2,680.05693
2009,07,15,3,679.58115
2009,07,15,4,678.81859
2009,07,15,5,677.99541
2009,07,15,6,677.67137
2009,07,15,7,677.34687
2009,07,16,0,676.66243
2009,07,16,1,676.32824
2009,07,16,2,676.24505
2009,07,16,3,676.30316
2009,07,16,4,675.6635
2009,07,16,5,674.7324
2009,07,16,6,674.42817
2009,07,16,7,674.48886
2009,07,17,0,674.97411
2009,07,17,1,675.48286
2009,07,17,2,676.96848
2009,07,17,3,678.19627
2009,07,17,4,678.93377
2009,07,17,5,679.66003
2009,07,17,6,680.56767
2009,07,17,7,681.54058
2009,07,18,0,682.56196
2009,07,18,1,683.12088
2009,07,18,2,684.09246
2009,07,18,3,685.40745
2009,07,18,4,686.69325
2009,07,18,5,688.38965
2009,07,18,6,690.46621
2009,07,18,7,692.27806
2009,07,19,0,693.65539
2009,07,19,1,694.65517
2009,07,19,2,695.809
2009,07,19,3,696.74903
2009,07,19,4,697.70041
2009,07,19,5,698.30282
2009,07,19,6,698.38508
2009,07,19,7,698.42015
2009,07,20,0,698.55465
2009,07,20,1,698.22153
2009,07,20,2,698.11932
2009,07,20,3,698.00669
2009,07,20,4,697.79995
2009,07,20,5,697.076
2009,07,20,6,695.45239
2009,07,20,7,693.97961
2009,07,21,0,692.23461
2009,07,21,1,690.61954
2009,07,21,2,689.89182
2009,07,21,3,689.49979
2009,07,21,4,688.80831
2009,07,21,5,688.24649
2009,07,21,6,688.46514
2009,07,21,7,688.68798
2009,07,22,0,688.62513
2009,07,22,1,688.53853
2009,07,22,2,688.8536
2009,07,22,3,689.3042
2009,07,22,4,689.99697
2009,07,22,5,690.83214
2009,07,22,6,691.52433
2009,07,22,7,692.21187
2009,07,23,0,692.99339
2009,07,23,1,693.14344
2009,07,23,2,693.58722
2009,07,23,3,694.23144
2009,07,23,4,695.12249
2009,07,23,5,695.62468
2009,07,23,6,695.74727
2009,07,23,7,695.98543
2009,07,24,0,695.84863
2009,07,24,1,695.51887
2009,07,24,2,695.44302
2009,07,24,3,695.05387
2009,07,24,4,694.83515
2009,07,24,5,694.36042
2009,07,24,6,694.11376
2009,07,24,7,694.04884
2009,07,25,0,693.93197
2009,07,25,1,693.80294
2009,07,25,2,693.79958
2009,07,25,3,693.90949
2009,07,25,4,694.12975
2009,07,25,5,694.29123
2009,07,25,6,694.38502
2009,07,25,7,694.43876
2009,07,26,0,694.48448
2009,07,26,1,694.08922
2009,07,26,2,693.92154
2009,07,26,3,693.80231
2009,07,26,4,693.22638
2009,07,26,5,692.9307
2009,07,26,6,692.6251
2009,07,26,7,692.17923
2009,07,27,0,691.39151
2009,07,27,1,690.59379
2009,07,27,2,690.62191
2009,07,27,3,690.85008
2009,07,27,4,690.86657
2009,07,27,5,690.75501
2009,07,27,6,690.65417
2009,07,27,7,690.76758
2009,07,28,0,690.80925
2009,07,28,1,690.5538
2009,07,28,2,690.62227
2009,07,28,3,690.91348
2009,07,28,4,691.05604
2009,07,28,5,691.11992
2009,07,28,6,691.3286
2009,07,28,7,691.43958
2009,07,29,0,691.11215
2009,07,29,1,690.60922
2009,07,29,2,689.92937
2009,07,29,3,689.29798
2009,07,29,4,688.77419
2009,07,29,5,688.01567
2009,07,29,6,687.43526
2009,07,29,7,687.04236
2009,07,30,0,686.4769
2009,07,30,1,685.78599
2009,07,30,2,685.38627
2009,07,30,3,685.44083
2009,07,30,4,685.14239
2009,07,30,5,684.82558
2009,07,30,6,684.59709
2009,07,30,7,684.38932
2009,07,31,0,684.20712
2009,07,31,1,684.011
2009,07,31,2,684.48748
2009,07,31,3,684.89285
2009,07,31,4,685.10846
2009,07,31,5,685.08196
2009,07,31,6,685.05424
2009,07,31,7,685.28008
2009,07,1,0,685.09072
2009,07,1,1,684.9258
2009,07,1,2,684.96167
2009,07,1,3,685.12474
2009,07,1,4,685.36908
2009,07,1,5,685.33926
2009,07,1,6,685.25473
2009,07,1,7,685.58855
2009,07,2,0,685.46254
2009,07,2,1,685.17547
2009,07,2,2,685.1304
2009,07,2,3,684.86378
2009,07,2,4,685.20078
2009,07,2,5,685.53333
2009,07,2,6,685.68449
2009,07,2,7,685.53362
2009,07,3,0,685.6536
2009,07,3,1,685.43412
2009,07,3,2,685.45384
2009,07,3,3,685.45762
2009,07,3,4,685.34473
2009,07,3,5,685.11028
2009,07,3,6,685.52902
2009,07,3,7,686.17063
2009,07,4,0,687.00548
2009,07,4,1,687.8101
2009,07,4,2,687.91658
2009,07,4,3,687.86415
2009,07,4,4,688.21241
2009,07,4,5,688.38683
2009,07,4,6,688.90039
2009,07,4,7,689.55766
2009,07,5,0,690.52828
2009,07,5,1,690.74322
2009,07,5,2,690.75185
2009,07,5,3,691.22588
2009,07,5,4,691.24211
2009,07,5,5,691.04512
2009,07,5,6,690.71717
2009,07,5,7,690.14141
2009,07,6,0,689.68617
2009,07,6,1,689.4689
2009,07,6,2,689.5149
2009,07,6,3,689.42585
2009,07,6,4,689.10843
2009,07,6,5,688.64462
2009,07,6,6,688.39836
2009,07,6,7,688.1691
2009,07,7,0,687.29266
2009,07,7,1,686.12032
2009,07,7,2,685.75387
2009,07,7,3,685.6353
2009,07,7,4,685.41008
2009,07,7,5,685.20765
2009,07,7,6,685.08443
2009,07,7,7,685.16321
2009,07,8,0,684.89706
2009,07,8,1,684.5436
2009,07,8,2,685.09103
2009,07,8,3,685.39211
2009,07,8,4,685.28275
2009,07,8,5,685.35198
2009,07,8,6,685.45137
2009,07,8,7,685.48495
2009,07,9,0,685.80169
2009,07,9,1,686.30102
2009,07,9,2,686.58978
2009,07,9,3,686.72358
2009,07,9,4,686.40884
2009,07,9,5,686.2447
2009,07,9,6,686.04048
2009,07,9,7,685.32356
2009,07,10,0,685.36888
2009,07,10,1,685.23753
2009,07,10,2,684.27532
2009,07,10,3,682.9108
2009,07,10,4,681.69392
2009,07,10,5,680.88818
2009,07,10,6,680.37626
2009,07,10,7,679.9325
2009,07,11,0,680.28056
2009,07,11,1,680.7263
2009,07,11,2,681.13055
2009,07,11,3,681.51579
2009,07,11,4,682.03904
2009,07,11,5,682.65035
2009,07,11,6,683.45636
2009,07,11,7,684.50433
2009,07,12,0,685.79081
2009,07,12,1,687.04723
2009,07,12,2,688.63422
2009,07,12,3,690.3609
2009,07,12,4,691.53647
2009,07,12,5,692.67874
2009,07,12,6,693.68386
2009,07,12,7,694.57559
2009,07,13,0,695.75487
2009,07,13,1,696.51789
2009,07,13,2,697.49602
2009,07,13,3,698.10726
2009,07,13,4,698.50357
2009,07,13,5,698.61246
2009,07,13,6,698.61176
2009,07,13,7,698.12263
2009,07,14,0,697.09589
2009,07,14,1,696.13541
2009,07,14,2,695.27544
2009,07,14,3,694.33875
2009,07,14,4,693.30421
2009,07,14,5,692.01615
2009,07,14,6,690.6185
2009,07,14,7,689.45399
2009,07,15,0,688.81863
2009,07,15,1,688.22295
2009,07,15,2,687.7461
2009,07,15,3,687.36658
2009,07,15,4,687.22945
2009,07,15,5,687.23062
2009,07,15,6,687.42939
2009,07,15,7,688.06199
2009,07,16,0,687.96534
2009,07,16,1,687.59412
2009,07,16,2,688.14678
2009,07,16,3,688.67409
2009,07,16,4,688.80122
2009,07,16,5,689.18536
2009,07,16,6,689.36946
2009,07,16,7,689.26723
2009,07,17,0,689.12333
2009,07,17,1,688.64448
2009,07,17,2,688.57582
2009,07,17,3,688.54915
2009,07,17,4,688.0648
2009,07,17,5,687.76877
2009,07,17,6,687.19057
2009,07,17,7,686.77584
2009,07,18,0,686.37916
2009,07,18,1,685.89484
2009,07,18,2,685.90888
2009,07,18,3,686.13982
2009,07,18,4,686.80472
2009,07,18,5,687.58478
2009,07,18,6,688.54211
2009,07,18,7,689.53527
2009,07,19,0,690.84467
2009,07,19,1,692.00278
2009,07,19,2,693.29879
2009,07,19,3,694.80777
2009,07,19,4,696.01884
2009,07,19,5,696.97309
2009,07,19,6,697.66289
2009,07,19,7,698.01199
2009,07,20,0,698.44623
2009,07,20,1,698.66807
2009,07,20,2,698.49568
2009,07,20,3,698.28354
2009,07,20,4,698.37624
2009,07,20,5,698.19712
2009,07,20,6,697.54003
2009,07,20,7,696.97438
2009,07,21,0,695.95293
2009,07,21,1,694.42781
2009,07,21,2,692.36055
2009,07,21,3,690.5832
2009,07,21,4,690.11572
2009,07,21,5,689.85748
2009,07,21,6,689.77527
2009,07,21,7,690.06324
2009,07,22,0,689.79477
2009,07,22,1,689.19242
2009,07,22,2,689.77509
2009,07,22,3,690.75144
2009,07,22,4,690.54779
2009,07,22,5,690.06635
2009,07,22,6,689.96632
2009,07,22,7,690.47045
2009,07,23,0,690.51927
2009,07,23,1,690.23429
2009,07,23,2,690.68213
2009,07,23,3,691.14621
2009,07,23,4,691.37209
2009,07,23,5,691.47166
2009,07,23,6,691.52653
2009,07,23,7,691.8563
2009,07,24,0,692.403
2009,07,24,1,692.69587
2009,07,24,2,693.43917
2009,07,24,3,694.0773
2009,07,24,4,694.32158
2009,07,24,5,694.39229
2009,07,24,6,694.31944
2009,07,24,7,694.29863
2009,07,25,0,694.20125
2009,07,25,1,694.05763
2009,07,25,2,693.59048
2009,07,25,3,693.14717
2009,07,25,4,693.00589
2009,07,25,5,692.545
2009,07,25,6,691.98722
2009,07,25,7,691.75078
2009,07,26,0,691.27047
2009,07,26,1,690.63077
2009,07,26,2,689.95902
2009,07,26,3,689.11666
2009,07,26,4,688.20801
2009,07,26,5,687.76888
2009,07,26,6,687.24404
2009,07,26,7,686.63743
2009,07,27,0,686.34525
2009,07,27,1,686.30137
2009,07,27,2,686.31268
2009,07,27,3,686.84034
2009,07,27,4,688.11414
2009,07,27,5,689.06665
2009,07,27,6,690.00346
2009,07,27,7,690.81449
2009,07,28,0,691.57524
2009,07,28,1,692.10036
2009,07,28,2,692.54771
2009,07,28,3,692.86715
2009,07,28,4,693.70248
2009,07,28,5,693.96221
2009,07,28,6,694.00003
2009,07,28,7,694.49421
2009,07,29,0,694.67087
2009,07,29,1,694.3969
2009,07,29,2,694.41149
2009,07,29,3,694.10309
2009,07,29,4,692.98049
2009,07,29,5,693.10231
2009,07,29,6,694.96796
2009,07,29,7,697.44636
2009,07,30,0,699.78968
2009,07,30,1,701.08786
2009,07,30,2,700.95344
2009,07,30,3,700.30816
2009,07,30,4,699.93906
2009,07,30,5,699.33485
2009,07,30,6,698.86133
2009,07,30,7,699.19121
2009,07,1,0,699.89744
2009,07,1,1,699.52984
2009,07,1,2,699.4531
2009,07,1,3,700.41866
2009,07,1,4,700.74099
2009,07,1,5,701.0907
2009,07,1,6,701.0918
2009,07,1,7,701.00014
2009,07,2,0,700.64831
2009,07,2,1,699.74482
2009,07,2,2,699.41514
2009,07,2,3,699.47481
2009,07,2,4,698.94143
2009,07,2,5,698.53238
2009,07,2,6,697.96996
2009,07,2,7,697.89078
2009,07,3,0,697.33465
2009,07,3,1,696.39172
2009,07,3,2,696.43027
2009,07,3,3,696.52365
2009,07,3,4,696.19437
2009,07,3,5,696.06102
2009,07,3,6,695.97904
2009,07,3,7,696.09959
2009,07,4,0,695.96471
2009,07,4,1,695.15879
2009,07,4,2,694.7829
2009,07,4,3,694.79119
2009,07,4,4,694.79692
2009,07,4,5,694.67658
2009,07,4,6,694.83805
2009,07,4,7,695.03452
2009,07,5,0,695.29655
2009,07,5,1,695.37941
2009,07,5,2,695.98411
2009,07,5,3,696.66631
2009,07,5,4,696.58818
2009,07,5,5,696.77577
2009,07,5,6,697.18994
2009,07,5,7,697.55662
2009,07,6,0,697.7719
2009,07,6,1,697.77787
2009,07,6,2,698.18813
2009,07,6,3,698.76219
2009,07,6,4,698.81231
2009,07,6,5,698.90085
2009,07,6,6,699.18846
2009,07,6,7,699.13743
2009,07,7,0,699.06598
2009,07,7,1,698.34175
2009,07,7,2,697.93287
2009,07,7,3,697.39549
2009,07,7,4,696.03059
2009,07,7,5,694.60533
2009,07,7,6,693.39269
2009,07,7,7,691.80533
2009,07,8,0,689.29595
2009,07,8,1,686.73299
2009,07,8,2,685.5474
2009,07,8,3,684.67166
2009,07,8,4,683.90299
2009,07,8,5,683.15808
2009,07,8,6,683.0588
2009,07,8,7,683.41556
2009,07,9,0,684.25693
2009,07,9,1,684.57011
2009,07,9,2,685.27783
2009,07,9,3,686.80116
2009,07,9,4,688.48407
2009,07,9,5,689.06777
2009,07,9,6,689.47899
2009,07,9,7,689.93753
2009,07,10,0,690.30016
2009,07,10,1,689.28975
2009,07,10,2,689.67584
2009,07,10,3,690.31449
2009,07,10,4,690.61317
2009,07,10,5,690.73822
2009,07,10,6,690.77634
2009,07,10,7,690.85529
2009,07,11,0,690.5749
2009,07,11,1,689.42884
2009,07,11,2,688.48675
2009,07,11,3,687.44975
2009,07,11,4,686.26395
2009,07,11,5,685.12257
2009,07,11,6,684.14549
2009,07,11,7,683.49364
2009,07,12,0,682.60843
2009,07,12,1,681.90416
2009,07,12,2,681.6624
2009,07,12,3,681.30826
2009,07,12,4,681.27388
2009,07,12,5,681.00938
2009,07,12,6,681.17952
2009,07,12,7,681.22349
2009,07,13,0,681.19863
2009,07,13,1,681.05995
2009,07,13,2,680.86111
2009,07,13,3,680.68237
2009,07,13,4,680.28019
2009,07,13,5,680.04761
2009,07,13,6,680.18327
2009,07,13,7,680.64253
2009,07,14,0,681.44384
2009,07,14,1,681.97593
2009,07,14,2,682.91561
2009,07,14,3,683.96276
2009,07,14,4,684.24949
2009,07,14,5,684.69827
2009,07,14,6,685.40926
2009,07,14,7,685.91684
2009,07,15,0,687.31703
2009,07,15,1,688.17291
2009,07,15,2,688.96964
2009,07,15,3,690.32345
2009,07,15,4,691.24725
2009,07,15,5,692.18804
2009,07,15,6,693.38323
2009,07,15,7,694.31259
2009,07,16,0,695.18241
2009,07,16,1,695.62462
2009,07,16,2,696.19813
2009,07,16,3,696.55466
2009,07,16,4,696.14323
2009,07,16,5,695.09686
2009,07,16,6,694.84164
2009,07,16,7,694.64281
2009,07,17,0,693.77562
2009,07,17,1,692.94651
2009,07,17,2,692.96593
2009,07,17,3,693.44151
2009,07,17,4,692.86576
2009,07,17,5,692.11239
2009,07,17,6,691.71611
2009,07,17,7,691.58684
2009,07,18,0,692.16563
2009,07,18,1,691.76866
2009,07,18,2,691.39086
2009,07,18,3,691.53355
2009,07,18,4,690.81176
2009,07,18,5,690.35323
2009,07,18,6,689.69426
2009,07,18,7,688.70788
2009,07,19,0,687.85425
2009,07,19,1,686.44444
2009,07,19,2,685.12855
2009,07,19,3,683.74147
2009,07,19,4,682.25931
2009,07,19,5,681.00227
2009,07,19,6,680.37802
2009,07,19,7,679.58286
2009,07,20,0,678.83802
2009,07,20,1,678.87441
2009,07,20,2,678.9411
2009,07,20,3,679.45267
2009,07,20,4,680.64056
2009,07,20,5,681.91705
2009,07,20,6,682.91019
2009,07,20,7,683.95434
2009,07,21,0,685.33537
2009,07,21,1,686.40761
2009,07,21,2,687.34762
2009,07,21,3,688.22954
2009,07,21,4,688.70675
2009,07,21,5,689.02176
2009,07,21,6,688.45964
2009,07,21,7,686.93696
2009,07,22,0,685.35859
2009,07,22,1,683.4013
2009,07,22,2,682.17391
2009,07,22,3,681.65225
2009,07,22,4,681.02143
2009,07,22,5,680.5952
2009,07,22,6,680.26064
2009,07,22,7,680.5676
2009,07,23,0,681.08772
2009,07,23,1,682.00136
2009,07,23,2,683.45524
2009,07,23,3,685.475
2009,07,23,4,687.38474
2009,07,23,5,689.56102
2009,07,23,6,690.89015
2009,07,23,7,691.95275
2009,07,24,0,693.39137
2009,07,24,1,694.66255
2009,07,24,2,696.17349
2009,07,24,3,697.5573
2009,07,24,4,699.27326
2009,07,24,5,700.99434
2009,07,24,6,702.7228
2009,07,24,7,704.00167
2009,07,25,0,703.4626
2009,07,25,1,701.77811
2009,07,25,2,700.99096
2009,07,25,3,699.78729
2009,07,25,4,697.99682
2009,07,25,5,695.53851
2009,07,25,6,692.42162
2009,07,25,7,689.673
2009,07,26,0,687.96506
2009,07,26,1,687.98591
2009,07,26,2,688.96743
2009,07,26,3,690.22463
2009,07,26,4,692.72244
2009,07,26,5,695.22475
2009,07,26,6,697.14586
2009,07,26,7,698.85134
2009,07,27,0,701.26325
2009,07,27,1,703.27922
2009,07,27,2,704.04662
2009,07,27,3,704.03849
2009,07,27,4,703.57765
2009,07,27,5,701.62003
2009,07,27,6,698.65483
2009,07,27,7,694.84394
2009,07,28,0,690.62727
2009,07,28,1,689.40301
2009,07,28,2,689.93901
2009,07,28,3,691.47327
2009,07,28,4,693.08219
2009,07,28,5,693.43051
2009,07,28,6,693.16246
2009,07,28,7,693.37215
2009,07,29,0,694.37296
2009,07,29,1,694.91967
2009,07,29,2,695.573
2009,07,29,3,696.76121
2009,07,29,4,698.06503
2009,07,29,5,698.80919
2009,07,29,6,698.92357
2009,07,29,7,698.9385
2009,07,30,0,698.95001
2009,07,30,1,698.3903
2009,07,30,2,697.7763
2009,07,30,3,697.35542
2009,07,30,4,697.28164
2009,07,30,5,697.49681
2009,07,30,6,697.56075
2009,07,30,7,698.22882
2009,07,31,0,699.49702
2009,07,31,1,700.06689
2009,07,31,2,700.19239
2009,07,31,3,700.03769
2009,07,31,4,699.2771
2009,07,31,5,698.8125
2009,07,31,6,698.84262
2009,07,31,7,698.9426
2009,07,1,0,698.96552
2009,07,1,1,698.16741
2009,07,1,2,697.45097
2009,07,1,3,697.14202
2009,07,1,4,696.95937
2009,07,1,5,696.76315
2009,07,1,6,696.15909
2009,07,1,7,695.69922
2009,07,2,0,695.81475
2009,07,2,1,695.61991
2009,07,2,2,695.43386
2009,07,2,3,695.19887
2009,07,2,4,694.65435
2009,07,2,5,693.97978
2009,07,2,6,693.49177
2009,07,2,7,693.66891
2009,07,3,0,693.83501
2009,07,3,1,693.70671
2009,07,3,2,693.94703
2009,07,3,3,694.14051
2009,07,3,4,694.45836
2009,07,3,5,694.58606
2009,07,3,6,695.02322
2009,07,3,7,695.13336
2009,07,4,0,694.70795
2009,07,4,1,694.18661
2009,07,4,2,694.10126
2009,07,4,3,693.87658
2009,07,4,4,693.2449
2009,07,4,5,692.55014
2009,07,4,6,692.38593
2009,07,4,7,692.13989
2009,07,5,0,691.72745
2009,07,5,1,690.93777
2009,07,5,2,689.5869
2009,07,5,3,687.95555
2009,07,5,4,686.42448
2009,07,5,5,685.11092
2009,07,5,6,683.93578
2009,07,5,7,682.82161
2009,07,6,0,681.72745
2009,07,6,1,681.2893
2009,07,6,2,680.97861
2009,07,6,3,680.44974
2009,07,6,4,680.26768
2009,07,6,5,680.18984
2009,07,6,6,680.04583
2009,07,6,7,680.0486
2009,07,7,0,679.86847
2009,07,7,1,679.7366
2009,07,7,2,679.78997
2009,07,7,3,680.09269
2009,07,7,4,680.52164
2009,07,7,5,680.93392
2009,07,7,6,681.32544
2009,07,7,7,681.86977
2009,07,8,0,681.93106
2009,07,8,1,681.64347
2009,07,8,2,681.75365
2009,07,8,3,682.04045
2009,07,8,4,681.98292
2009,07,8,5,681.82893
2009,07,8,6,681.62074
2009,07,8,7,681.70109
2009,07,9,0,681.29844
2009,07,9,1,680.77734
2009,07,9,2,680.8785
2009,07,9,3,680.85944
2009,07,9,4,680.83216
2009,07,9,5,680.84122
2009,07,9,6,681.03544
2009,07,9,7,681.1017
2009,07,10,0,680.34492
2009,07,10,1,679.58061
2009,07,10,2,679.01825
2009,07,10,3,678.76787
2009,07,10,4,678.97575
2009,07,10,5,678.83866
2009,07,10,6,678.7532
2009,07,10,7,679.24542
2009,07,11,0,679.63889
2009,07,11,1,680.15715
2009,07,11,2,681.03776
2009,07,11,3,682.12955
2009,07,11,4,682.84518
2009,07,11,5,683.82536
2009,07,11,6,684.13655
2009,07,11,7,683.49063
2009,07,12,0,682.96975
2009,07,12,1,682.99201
2009,07,12,2,683.37219
2009,07,12,3,684.07501
2009,07,12,4,684.66165
2009,07,12,5,685.31868
2009,07,12,6,685.8773
2009,07,12,7,686.56514
2009,07,13,0,687.68713
2009,07,13,1,688.37952
2009,07,13,2,688.36367
2009,07,13,3,688.41989
2009,07,13,4,688.46629
2009,07,13,5,688.07184
2009,07,13,6,687.49709
2009,07,13,7,686.87196
2009,07,14,0,686.47312
2009,07,14,1,686.05501
2009,07,14,2,686.07627
2009,07,14,3,686.08072
2009,07,14,4,686.04369
2009,07,14,5,685.96612
2009,07,14,6,686.40579
2009,07,14,7,686.96732
2009,07,15,0,686.78147
2009,07,15,1,686.73036
2009,07,15,2,688.70505
2009,07,15,3,690.14133
2009,07,15,4,691.46831
2009,07,15,5,692.89251
2009,07,15,6,694.72961
2009,07,15,7,695.91666
2009,07,16,0,696.55678
2009,07,16,1,696.69001
2009,07,16,2,696.1557
2009,07,16,3,694.67337
2009,07,16,4,692.19669
2009,07,16,5,689.96397
2009,07,16,6,687.93224
2009,07,16,7,686.42906
2009,07,17,0,685.08414
2009,07,17,1,684.29774
2009,07,17,2,684.00989
2009,07,17,3,685.00855
2009,07,17,4,686.11363
2009,07,17,5,686.45736
2009,07,17,6,686.73752
2009,07,17,7,687.5345
2009,07,18,0,688.79898
2009,07,18,1,690.30168
2009,07,18,2,692.7511
2009,07,18,3,695.29096
2009,07,18,4,696.92919
2009,07,18,5,697.95588
2009,07,18,6,698.29456
2009,07,18,7,698.50437
2009,07,19,0,699.08448
2009,07,19,1,699.10525
2009,07,19,2,699.22215
2009,07,19,3,698.84387
2009,07,19,4,697.298
2009,07,19,5,694.33345
2009,07,19,6,691.8986
2009,07,19,7,691.45239
2009,07,20,0,690.91574
2009,07,20,1,690.06789
2009,07,20,2,689.50526
2009,07,20,3,689.49788
2009,07,20,4,689.81197
2009,07,20,5,690.51701
2009,07,20,6,690.86116
2009,07,20,7,691.07306
2009,07,21,0,691.05053
2009,07,21,1,690.39785
2009,07,21,2,690.1665
2009,07,21,3,690.4107
2009,07,21,4,690.26131
2009,07,21,5,689.80259
2009,07,21,6,689.95713
2009,07,21,7,690.32917
2009,07,22,0,691.05341
2009,07,22,1,691.79238
2009,07,22,2,692.3911
2009,07,22,3,693.38788
2009,07,22,4,694.06748
2009,07,22,5,694.51847
2009,07,22,6,695.72638
2009,07,22,7,696.98982
2009,07,23,0,697.51183
2009,07,23,1,697.37214
2009,07,23,2,698.51817
2009,07,23,3,699.73301
2009,07,23,4,700.30481
2009,07,23,5,700.88227
2009,07,23,6,701.41767
2009,07,23,7,701.5519
2009,07,24,0,701.59123
2009,07,24,1,701.23752
2009,07,24,2,701.08738
2009,07,24,3,700.9735
2009,07,24,4,700.4841
2009,07,24,5,699.9575
2009,07,24,6,700.22075
2009,07,24,7,700.66124
2009,07,25,0,701.12378
2009,07,25,1,701.85936
2009,07,25,2,702.47077
2009,07,25,3,702.42356
2009,07,25,4,702.42731
2009,07,25,5,702.37548
2009,07,25,6,702.27127
2009,07,25,7,701.77363
2009,07,26,0,700.49969
2009,07,26,1,699.30824
2009,07,26,2,698.71986
2009,07,26,3,697.63343
2009,07,26,4,695.38144
2009,07,26,5,692.88193
2009,07,26,6,691.58371
2009,07,26,7,690.66895
2009,07,27,0,690.55141
2009,07,27,1,690.81255
2009,07,27,2,691.37929
2009,07,27,3,692.40414
2009,07,27,4,693.644
2009,07,27,5,694.71362
2009,07,27,6,696.62837
2009,07,27,7,698.88178
2009,07,28,0,701.58529
2009,07,28,1,704.3192
2009,07,28,2,706.5413
2009,07,28,3,708.38012
2009,07,28,4,709.57779
2009,07,28,5,717.74652
2009,07,28,6,717.73388
2009,07,28,7,717.40813
2009,07,29,0,717.40474
2009,07,29,1,717.38379
2009,07,29,2,717.00286
2009,07,29,3,709.38457
2009,07,29,4,708.7322
2009,07,29,5,708.73403
2009,07,29,6,708.1454
2009,07,29,7,707.51801
2009,07,30,0,707.75155
2009,07,30,1,707.40524
2009,07,30,2,707.65674
2009,07,30,3,707.81307
2009,07,30,4,707.72541
2009,07,30,5,707.33796
2009,07,30,6,706.8994
2009,07,30,7,706.05904
2009,07,1,0,705.16724
2009,07,1,1,704.18663
2009,07,1,2,702.80054
2009,07,1,3,701.19681
2009,07,1,4,699.74727
2009,07,1,5,698.18939
2009,07,1,6,696.45791
2009,07,1,7,694.79781
2009,07,2,0,692.74282
2009,07,2,1,690.84639
2009,07,2,2,689.71104
2009,07,2,3,688.33577
2009,07,2,4,687.32356
2009,07,2,5,686.39741
2009,07,2,6,684.88963
2009,07,2,7,684.06494
2009,07,3,0,683.84429
2009,07,3,1,683.97363
2009,07,3,2,684.2624
2009,07,3,3,684.72571
2009,07,3,4,684.6662
2009,07,3,5,683.96408
2009,07,3,6,682.90525
2009,07,3,7,682.4603
2009,07,4,0,682.59056
2009,07,4,1,682.377
2009,07,4,2,681.74535
2009,07,4,3,681.9419
2009,07,4,4,682.08752
2009,07,4,5,682.04614
2009,07,4,6,682.11908
2009,07,4,7,682.52833
2009,07,5,0,683.08136
2009,07,5,1,683.7273
2009,07,5,2,684.78735
2009,07,5,3,686.33115
2009,07,5,4,688.00869
2009,07,5,5,689.14979
2009,07,5,6,689.93741
2009,07,5,7,691.0501
2009,07,6,0,691.39816
2009,07,6,1,691.14847
2009,07,6,2,691.19934
2009,07,6,3,691.73723
2009,07,6,4,691.98207
2009,07,6,5,691.68165
2009,07,6,6,691.02862
2009,07,6,7,690.5618
2009,07,7,0,690.4398
2009,07,7,1,690.18727
2009,07,7,2,688.82026
2009,07,7,3,687.68897
2009,07,7,4,687.66241
2009,07,7,5,687.70621
2009,07,7,6,687.72485
2009,07,7,7,687.75157
2009,07,8,0,688.51907
2009,07,8,1,688.51619
2009,07,8,2,688.28976
2009,07,8,3,688.6138
2009,07,8,4,688.01459
2009,07,8,5,687.2882
2009,07,8,6,687.69046
2009,07,8,7,688.1986
2009,07,9,0,688.77128
2009,07,9,1,689.49748
2009,07,9,2,690.78915
2009,07,9,3,691.18758
2009,07,9,4,691.10482
2009,07,9,5,691.22176
2009,07,9,6,689.98716
2009,07,9,7,689.20898
2009,07,10,0,690.27906
2009,07,10,1,690.93634
2009,07,10,2,691.20142
2009,07,10,3,691.7543
2009,07,10,4,691.17894
2009,07,10,5,689.4232
2009,07,10,6,688.61981
2009,07,10,7,688.32497
2009,07,11,0,688.42542
2009,07,11,1,687.79094
2009,07,11,2,687.8375
2009,07,11,3,689.1508
2009,07,11,4,689.68402
2009,07,11,5,689.78871
2009,07,11,6,689.91364
2009,07,11,7,690.49072
2009,07,12,0,692.12319
2009,07,12,1,693.39458
2009,07,12,2,694.9066
2009,07,12,3,696.35198
2009,07,12,4,696.96139
2009,07,12,5,696.78228
2009,07,12,6,696.06522
2009,07,12,7,694.53641
2009,07,13,0,693.61073
2009,07,13,1,693.09268
2009,07,13,2,692.66443
2009,07,13,3,692.67833
2009,07,13,4,692.53081
2009,07,13,5,692.43411
2009,07,13,6,692.93119
2009,07,13,7,693.30213
2009,07,14,0,693.85793
2009,07,14,1,694.24039
2009,07,14,2,694.71104
2009,07,14,3,694.87246
2009,07,14,4,694.7914
2009,07,14,5,694.85859
2009,07,14,6,694.77874
2009,07,14,7,694.35099
2009,07,15,0,693.95805
2009,07,15,1,693.41584
2009,07,15,2,692.87503
2009,07,15,3,692.21921
2009,07,15,4,691.81731
2009,07,15,5,691.23223
2009,07,15,6,690.18213
2009,07,15,7,688.90717
2009,07,16,0,688.06195
2009,07,16,1,687.28627
2009,07,16,2,686.17181
2009,07,16,3,685.05366
2009,07,16,4,683.86065
2009,07,16,5,682.68411
2009,07,16,6,681.99071
2009,07,16,7,681.62105
2009,07,17,0,681.0334
2009,07,17,1,680.37195
2009,07,17,2,680.23457
2009,07,17,3,680.1103
2009,07,17,4,680.20729
2009,07,17,5,680.31051
2009,07,17,6,680.71869
2009,07,17,7,681.02393
2009,07,18,0,681.52279
2009,07,18,1,681.56867
2009,07,18,2,681.31569
2009,07,18,3,680.53135
2009,07,18,4,679.07069
2009,07,18,5,678.25881
2009,07,18,6,677.76535
2009,07,18,7,677.36101
2009,07,19,0,677.05616
2009,07,19,1,677.3986
2009,07,19,2,678.04902
2009,07,19,3,678.47898
2009,07,19,4,678.55624
2009,07,19,5,678.77412
2009,07,19,6,679.15823
2009,07,19,7,679.65901
2009,07,20,0,680.3923
2009,07,20,1,681.39569
2009,07,20,2,682.90295
2009,07,20,3,684.59609
2009,07,20,4,685.62826
2009,07,20,5,685.8162
2009,07,20,6,686.54705
2009,07,20,7,687.40957
2009,07,21,0,687.36215
2009,07,21,1,687.27978
2009,07,21,2,687.99215
2009,07,21,3,688.51533
2009,07,21,4,688.54541
2009,07,21,5,688.24801
2009,07,21,6,688.01781
2009,07,21,7,687.83042
2009,07,22,0,687.58054
2009,07,22,1,687.74403
2009,07,22,2,687.79196
2009,07,22,3,687.49771
2009,07,22,4,687.48543
2009,07,22,5,687.84327
2009,07,22,6,688.03115
2009,07,22,7,687.93767
2009,07,23,0,687.57445
2009,07,23,1,687.2337
2009,07,23,2,687.07284
2009,07,23,3,686.46573
2009,07,23,4,684.7969
2009,07,23,5,683.17179
2009,07,23,6,681.7939
2009,07,23,7,681.11383
2009,07,24,0,681.3276
2009,07,24,1,682.0876
2009,07,24,2,682.07472
2009,07,24,3,681.74381
2009,07,24,4,681.81893
2009,07,24,5,682.18364
2009,07,24,6,683.00918
2009,07,24,7,683.72414
2009,07,25,0,684.41247
2009,07,25,1,685.31473
2009,07,25,2,686.38499
2009,07,25,3,686.77982
2009,07,25,4,686.75298
2009,07,25,5,686.71937
2009,07,25,6,686.67925
2009,07,25,7,686.96046
2009,07,26,0,686.75759
2009,07,26,1,686.3654
2009,07,26,2,685.97484
2009,07,26,3,685.53989
2009,07,26,4,685.19323
2009,07,26,5,685.35893
2009,07,26,6,685.40096
2009,07,26,7,685.71099
2009,07,27,0,686.32385
2009,07,27,1,686.35656
2009,07,27,2,686.61922
2009,07,27,3,686.80889
2009,07,27,4,686.93997
2009,07,27,5,687.19688
2009,07,27,6,687.29239
2009,07,27,7,687.61578
2009,07,28,0,687.89409
2009,07,28,1,688.02128
2009,07,28,2,688.0378
2009,07,28,3,687.80112
2009,07,28,4,688.23773
2009,07,28,5,688.07336
2009,07,28,6,687.45469
2009,07,28,7,686.93656
2009,07,29,0,686.43928
2009,07,29,1,686.29584
2009,07,29,2,685.96705
2009,07,29,3,686.04009
2009,07,29,4,686.45114
2009,07,29,5,686.70989
2009,07,29,6,686.78802
2009,07,29,7,686.84972
2009,07,30,0,687.11994
2009,07,30,1,687.05607
2009,07,30,2,687.09875
2009,07,30,3,687.55527
2009,07,30,4,688.00947
2009,07,30,5,688.60995
2009,07,30,6,689.00419
2009,07,30,7,689.53575
2009,07,31,0,689.74236
2009,07,31,1,690.35985
2009,07,31,2,690.53227
2009,07,31,3,690.37779
2009,07,31,4,690.76354
2009,07,31,5,691.22828
2009,07,31,6,692.04324
2009,07,31,7,692.54149
2009,07,1,0,693.14344
2009,07,1,1,693.78117
2009,07,1,2,694.03093
2009,07,1,3,694.38546
2009,07,1,4,695.22875
2009,07,1,5,696.00516
2009,07,1,6,696.32802
2009,07,1,7,696.56612
2009,07,2,0,696.81254
2009,07,2,1,697.05979
2009,07,2,2,697.20325
2009,07,2,3,697.06732
2009,07,2,4,696.57609
2009,07,2,5,695.87344
2009,07,2,6,694.7988
2009,07,2,7,693.94641
2009,07,3,0,693.67482
2009,07,3,1,693.15109
2009,07,3,2,692.45437
2009,07,3,3,692.24036
2009,07,3,4,691.9864
2009,07,3,5,692.17838
2009,07,3,6,692.82948
2009,07,3,7,693.26951
2009,07,4,0,694.11621
2009,07,4,1,694.59614
2009,07,4,2,694.99954
2009,07,4,3,695.70109
2009,07,4,4,696.33012
2009,07,4,5,696.62477
2009,07,4,6,695.09814
2009,07,4,7,693.96174
2009,07,5,0,693.5546
2009,07,5,1,692.44697
2009,07,5,2,690.76727
2009,07,5,3,689.66829
2009,07,5,4,688.84466
2009,07,5,5,688.27274
2009,07,5,6,687.98063
2009,07,5,7,688.21825
2009,07,6,0,688.39084
2009,07,6,1,688.04505
2009,07,6,2,687.02083
2009,07,6,3,685.65786
2009,07,6,4,684.20067
2009,07,6,5,682.83283
2009,07,6,6,681.33068
2009,07,6,7,679.73727
2009,07,7,0,679.1876
2009,07,7,1,679.31142
2009,07,7,2,678.7182
2009,07,7,3,677.93448
2009,07,7,4,677.44652
2009,07,7,5,677.45146
2009,07,7,6,676.91491
2009,07,7,7,676.47288
2009,07,8,0,676.08037
2009,07,8,1,675.90827
2009,07,8,2,676.34237
2009,07,8,3,676.89503
2009,07,8,4,677.26835
2009,07,8,5,677.17427
2009,07,8,6,677.46984
2009,07,8,7,678.13573
2009,07,9,0,677.71693
2009,07,9,1,676.99768
2009,07,9,2,676.9638
2009,07,9,3,676.49442
2009,07,9,4,675.78797
2009,07,9,5,674.9961
2009,07,9,6,674.14074
2009,07,9,7,673.51552
2009,07,10,0,673.38041
2009,07,10,1,673.17656
2009,07,10,2,672.72652
2009,07,10,3,672.73684
2009,07,10,4,673.02155
2009,07,10,5,673.62615
2009,07,10,6,674.6534
2009,07,10,7,675.81731
2009,07,11,0,677.42757
2009,07,11,1,678.43153
2009,07,11,2,679.12012
2009,07,11,3,680.73786
2009,07,11,4,682.5773
2009,07,11,5,684.63383
2009,07,11,6,686.48231
2009,07,11,7,688.08892
2009,07,12,0,689.26004
2009,07,12,1,690.30765
2009,07,12,2,691.03702
2009,07,12,3,692.09671
2009,07,12,4,693.26548
2009,07,12,5,694.19326
2009,07,12,6,695.46393
2009,07,12,7,696.44123
2009,07,13,0,696.89129
2009,07,13,1,697.57661
2009,07,13,2,697.9909
2009,07,13,3,698.51167
2009,07,13,4,698.93854
2009,07,13,5,698.96776
2009,07,13,6,698.7504
2009,07,13,7,698.5723
2009,07,14,0,698.06235
2009,07,14,1,698.02574
2009,07,14,2,698.1775
2009,07,14,3,697.3961
2009,07,14,4,696.20058
2009,07,14,5,695.31178
2009,07,14,6,695.00942
2009,07,14,7,695.16678
2009,07,15,0,695.34887
2009,07,15,1,696.07867
2009,07,15,2,697.28785
2009,07,15,3,698.19663
2009,07,15,4,698.27525
2009,07,15,5,698.26373
2009,07,15,6,697.62006
2009,07,15,7,696.93809
2009,07,16,0,695.70316
2009,07,16,1,694.14853
2009,07,16,2,693.3347
2009,07,16,3,692.92392
2009,07,16,4,692.90579
2009,07,16,5,692.89331
2009,07,16,6,692.23026
2009,07,16,7,691.89528
2009,07,17,0,691.64127
2009,07,17,1,691.44132
2009,07,17,2,691.82265
2009,07,17,3,692.04341
2009,07,17,4,691.79373
2009,07,17,5,691.33797
2009,07,17,6,690.82828
2009,07,17,7,690.49562
2009,07,18,0,689.63306
2009,07,18,1,688.28529
2009,07,18,2,687.52214
2009,07,18,3,686.68441
2009,07,18,4,685.57824
2009,07,18,5,684.39218
2009,07,18,6,682.83793
2009,07,18,7,681.36735
2009,07,19,0,679.65789
2009,07,19,1,677.89587
2009,07,19,2,676.54167
2009,07,19,3,675.2051
2009,07,19,4,673.83947
2009,07,19,5,673.12703
2009,07,19,6,672.52926
2009,07,19,7,671.90275
2009,07,20,0,671.94931
2009,07,20,1,671.92515
2009,07,20,2,672.27924
2009,07,20,3,672.95157
2009,07,20,4,674.16129
2009,07,20,5,675.07133
2009,07,20,6,675.93784
2009,07,20,7,677.19931
2009,07,21,0,678.25573
2009,07,21,1,678.79702
2009,07,21,2,680.10731
2009,07,21,3,681.4748
2009,07,21,4,681.44517
2009,07,21,5,680.63907
2009,07,21,6,680.78405
2009,07,21,7,680.96398
2009,07,22,0,681.09251
2009,07,22,1,681.23251
2009,07,22,2,681.55262
2009,07,22,3,681.68151
2009,07,22,4,681.47617
2009,07,22,5,681.12689
2009,07,22,6,680.73231
2009,07,22,7,680.44536
2009,07,23,0,680.51157
2009,07,23,1,680.34948
2009,07,23,2,680.69356
2009,07,23,3,681.071
2009,07,23,4,681.41492
2009,07,23,5,681.4752
2009,07,23,6,681.60239
2009,07,23,7,681.77606
2009,07,24,0,681.72618
2009,07,24,1,681.9601
2009,07,24,2,681.85228
2009,07,24,3,681.64485
2009,07,24,4,682.02415
2009,07,24,5,682.31149
2009,07,24,6,682.87791
2009,07,24,7,683.2467
2009,07,25,0,684.00811
2009,07,25,1,685.52233
2009,07,25,2,686.49863
2009,07,25,3,687.41531
2009,07,25,4,689.14799
2009,07,25,5,690.73349
2009,07,25,6,691.37227
2009,07,25,7,691.68284
2009,07,26,0,692.91766
2009,07,26,1,693.61947
2009,07,26,2,693.12085
2009,07,26,3,692.59487
2009,07,26,4,692.77303
2009,07,26,5,692.48318
2009,07,26,6,691.69933
2009,07,26,7,691.01667
2009,07,27,0,690.56633
2009,07,27,1,689.89043
2009,07,27,2,689.60638
2009,07,27,3,689.62698
2009,07,27,4,688.74645
2009,07,27,5,688.16291
2009,07,27,6,688.04662
2009,07,27,7,687.53021
2009,07,28,0,686.66071
2009,07,28,1,685.94281
2009,07,28,2,685.57207
2009,07,28,3,684.92115
2009,07,28,4,684.2382
2009,07,28,5,683.20978
2009,07,28,6,683.27256
2009,07,28,7,683.20687
2009,07,29,0,682.45526
2009,07,29,1,681.98048
2009,07,29,2,682.50587
2009,07,29,3,682.56315
2009,07,29,4,682.06502
2009,07,29,5,682.20988
2009,07,29,6,682.29326
2009,07,29,7,682.36714
2009,07,30,0,682.95921
2009,07,30,1,683.70999
2009,07,30,2,684.5214
2009,07,30,3,685.39575
2009,07,30,4,685.3761
2009,07,30,5,685.50106
2009,07,30,6,685.81473
2009,07,30,7,685.86932
2009,07,31,0,685.73388
2009,07,31,1,685.84485
2009,07,31,2,686.25201
2009,07,31,3,686.00488
2009,07,31,4,685.81264
2009,07,31,5,685.67372
2009,07,31,6,685.91167
2009,07,31,7,686.13076
2009,07,1,0,685.74412
2009,07,1,1,685.41795
2009,07,1,2,685.17195
2009,07,1,3,685.07515
2009,07,1,4,684.97433
2009,07,1,5,684.83754
2009,07,1,6,684.46723
2009,07,1,7,684.58477
2009,07,2,0,684.56065
2009,07,2,1,684.3316
2009,07,2,2,684.85204
2009,07,2,3,685.32107
2009,07,2,4,685.77101
2009,07,2,5,686.20893
2009,07,2,6,686.1235
2009,07,2,7,686.33955
2009,07,3,0,686.44287
2009,07,3,1,686.57841
2009,07,3,2,686.8189
2009,07,3,3,687.03882
2009,07,3,4,686.69179
2009,07,3,5,686.26893
2009,07,3,6,685.96206
2009,07,3,7,685.16385
2009,07,4,0,684.00954
2009,07,4,1,682.70127
2009,07,4,2,681.82074
2009,07,4,3,680.4452
2009,07,4,4,679.11495
2009,07,4,5,677.9292
2009,07,4,6,676.76635
2009,07,4,7,676.13399
2009,07,5,0,675.67845
2009,07,5,1,675.67071
2009,07,5,2,676.23754
2009,07,5,3,676.62345
2009,07,5,4,676.83821
2009,07,5,5,677.26577
2009,07,5,6,677.91486
2009,07,5,7,678.45414
2009,07,6,0,679.36169
2009,07,6,1,680.82345
2009,07,6,2,681.72462
2009,07,6,3,682.64919
2009,07,6,4,683.7586
2009,07,6,5,684.83205
2009,07,6,6,685.62171
2009,07,6,7,685.83201
2009,07,7,0,686.569
2009,07,7,1,687.50586
2009,07,7,2,687.13919
2009,07,7,3,686.32988
2009,07,7,4,686.01117
2009,07,7,5,685.42956
2009,07,7,6,684.82355
2009,07,7,7,683.98837
2009,07,8,0,683.34146
2009,07,8,1,682.38552
2009,07,8,2,681.90975
2009,07,8,3,680.98489
2009,07,8,4,679.8367
2009,07,8,5,679.18348
2009,07,8,6,678.17678
2009,07,8,7,676.91317
2009,07,9,0,676.61809
2009,07,9,1,677.12319
2009,07,9,2,677.34502
2009,07,9,3,677.26923
2009,07,9,4,677.26319
2009,07,9,5,677.77493
2009,07,9,6,678.04644
2009,07,9,7,678.08672
2009,07,10,0,678.17027
2009,07,10,1,678.31145
2009,07,10,2,678.74397
2009,07,10,3,679.41874
2009,07,10,4,679.69672
2009,07,10,5,679.77269
2009,07,10,6,679.50422
2009,07,10,7,679.1857
2009,07,11,0,679.05144
2009,07,11,1,680.18799
2009,07,11,2,681.59851
2009,07,11,3,683.57273
2009,07,11,4,686.02601
2009,07,11,5,688.46639
2009,07,11,6,690.55262
2009,07,11,7,692.46783
2009,07,12,0,694.17325
2009,07,12,1,695.07357
2009,07,12,2,695.43966
2009,07,12,3,693.74595
2009,07,12,4,692.25384
2009,07,12,5,691.64858
2009,07,12,6,691.27508
2009,07,12,7,691.16495
2009,07,13,0,690.47466
2009,07,13,1,689.56122
2009,07,13,2,689.32968
2009,07,13,3,688.81766
2009,07,13,4,688.12242
2009,07,13,5,688.12606
2009,07,13,6,688.13987
2009,07,13,7,688.04715
2009,07,14,0,688.29482
2009,07,14,1,688.67666
2009,07,14,2,688.93508
2009,07,14,3,688.95966
2009,07,14,4,688.38393
2009,07,14,5,687.97961
2009,07,14,6,688.26924
2009,07,14,7,688.40675
2009,07,15,0,688.65983
2009,07,15,1,688.51964
2009,07,15,2,688.82313
2009,07,15,3,689.26792
2009,07,15,4,689.49388
2009,07,15,5,689.8126
2009,07,15,6,689.70277
2009,07,15,7,689.76985
2009,07,16,0,690.05544
2009,07,16,1,690.1766
2009,07,16,2,690.65177
2009,07,16,3,690.98363
2009,07,16,4,690.47216
2009,07,16,5,689.916
2009,07,16,6,689.87954
2009,07,16,7,689.81325
2009,07,17,0,689.08586
2009,07,17,1,688.46897
2009,07,17,2,688.89305
2009,07,17,3,689.42452
2009,07,17,4,689.78673
2009,07,17,5,690.24641
2009,07,17,6,691.44238
2009,07,17,7,692.36564
2009,07,18,0,693.32295
2009,07,18,1,693.85614
2009,07,18,2,693.6722
2009,07,18,3,692.98471
2009,07,18,4,692.93551
2009,07,18,5,693.62293
2009,07,18,6,693.9123
2009,07,18,7,694.10925
2009,07,19,0,695.03576
2009,07,19,1,695.08515
2009,07,19,2,695.2069
2009,07,19,3,694.88411
2009,07,19,4,694.74234
2009,07,19,5,694.55983
2009,07,19,6,693.99089
2009,07,19,7,693.47753
2009,07,20,0,693.32988
2009,07,20,1,692.37609
2009,07,20,2,691.5177
2009,07,20,3,690.58285
2009,07,20,4,689.5587
2009,07,20,5,688.85741
2009,07,20,6,688.46189
2009,07,20,7,687.96515
2009,07,21,0,688.04174
2009,07,21,1,687.92935
2009,07,21,2,687.98694
2009,07,21,3,688.17392
2009,07,21,4,688.463
2009,07,21,5,688.72042
2009,07,21,6,689.20745
2009,07,21,7,689.73653
2009,07,22,0,689.97946
2009,07,22,1,690.14597
2009,07,22,2,690.72776
2009,07,22,3,691.1209
2009,07,22,4,691.53698
2009,07,22,5,691.84712
2009,07,22,6,692.32597
2009,07,22,7,692.73031
2009,07,23,0,692.84395
2009,07,23,1,692.56991
2009,07,23,2,692.92926
2009,07,23,3,693.53706
2009,07,23,4,693.43365
2009,07,23,5,693.24011
2009,07,23,6,693.82108
2009,07,23,7,694.23287
2009,07,24,0,694.85024
2009,07,24,1,694.78275
2009,07,24,2,695.19305
2009,07,24,3,695.45178
2009,07,24,4,695.11667
2009,07,24,5,694.53375
2009,07,24,6,693.91349
2009,07,24,7,693.36778
2009,07,25,0,692.99611
2009,07,25,1,692.18186
2009,07,25,2,691.55267
2009,07,25,3,691.16588
2009,07,25,4,691.02602
2009,07,25,5,690.57008
2009,07,25,6,690.33069
2009,07,25,7,690.23624
2009,07,26,0,689.95393
2009,07,26,1,689.4721
2009,07,26,2,688.97238
2009,07,26,3,688.77182
2009,07,26,4,688.25868
2009,07,26,5,687.70343
2009,07,26,6,687.39299
2009,07,26,7,686.51257
2009,07,27,0,685.77762
2009,07,27,1,685.17418
2009,07,27,2,684.38827
2009,07,27,3,683.58301
2009,07,27,4,682.69476
2009,07,27,5,681.40162
2009,07,27,6,679.47272
2009,07,27,7,678.12193
2009,07,28,0,677.71016
2009,07,28,1,676.8211
2009,07,28,2,675.64792
2009,07,28,3,674.78554
2009,07,28,4,673.57316
2009,07,28,5,671.77739
2009,07,28,6,670.75286
2009,07,28,7,670.6395
2009,07,29,0,670.50235
2009,07,29,1,670.65559
2009,07,29,2,671.49916
2009,07,29,3,671.96981
2009,07,29,4,672.16334
2009,07,29,5,672.5731
2009,07,29,6,673.19541
2009,07,29,7,673.6686
2009,07,30,0,673.62127
2009,07,30,1,673.85821
2009,07,30,2,675.23512
2009,07,30,3,675.96366
2009,07,30,4,676.72575
2009,07,30,5,677.94399
2009,07,30,6,678.9186
2009,07,30,7,679.77438
2009,07,1,0,680.59115
2009,07,1,1,681.10107
2009,07,1,2,681.31067
2009,07,1,3,681.38977
2009,07,1,4,681.59865
2009,07,1,5,681.77402
2009,07,1,6,682.01372
2009,07,1,7,682.30757
2009,07,2,0,682.12924
2009,07,2,1,681.81585
2009,07,2,2,681.88534
2009,07,2,3,681.9364
2009,07,2,4,681.60476
2009,07,2,5,681.15524
2009,07,2,6,680.8207
2009,07,2,7,680.3813
2009,07,3,0,679.87413
2009,07,3,1,679.31751
2009,07,3,2,679.14768
2009,07,3,3,678.87233
2009,07,3,4,678.50709
2009,07,3,5,678.53932
2009,07,3,6,678.51893
2009,07,3,7,678.50523
2009,07,4,0,678.976
2009,07,4,1,679.17577
2009,07,4,2,679.46598
2009,07,4,3,680.12455
2009,07,4,4,680.92271
2009,07,4,5,681.057
2009,07,4,6,681.19296
2009,07,4,7,681.66613
2009,07,5,0,682.72147
2009,07,5,1,683.39554
2009,07,5,2,683.24571
2009,07,5,3,683.16437
2009,07,5,4,683.35698
2009,07,5,5,683.47223
2009,07,5,6,683.31951
2009,07,5,7,683.02725
2009,07,6,0,682.86878
2009,07,6,1,682.34713
2009,07,6,2,681.28971
2009,07,6,3,680.264
2009,07,6,4,679.78163
2009,07,6,5,679.2685
2009,07,6,6,678.1623
2009,07,6,7,677.60885
2009,07,7,0,677.20792
2009,07,7,1,676.63578
2009,07,7,2,676.45245
2009,07,7,3,676.55594
2009,07,7,4,676.57044
2009,07,7,5,676.87337
2009,07,7,6,677.11101
2009,07,7,7,677.16984
2009,07,8,0,677.16527
2009,07,8,1,677.63946
2009,07,8,2,678.31367
2009,07,8,3,679.01957
2009,07,8,4,679.74502
2009,07,8,5,680.51665
2009,07,8,6,681.15597
2009,07,8,7,681.78477
2009,07,9,0,682.56325
2009,07,9,1,683.09739
2009,07,9,2,683.19284
2009,07,9,3,683.61544
2009,07,9,4,684.1623
2009,07,9,5,684.91378
2009,07,9,6,685.44709
2009,07,9,7,686.13187
2009,07,10,0,687.15782
2009,07,10,1,687.62275
2009,07,10,2,688.26026
2009,07,10,3,688.97905
2009,07,10,4,689.30903
2009,07,10,5,689.7642
2009,07,10,6,690.17068
2009,07,10,7,690.52818
2009,07,11,0,690.7411
2009,07,11,1,690.58472
2009,07,11,2,691.01223
2009,07,11,3,690.7753
2009,07,11,4,690.53834
2009,07,11,5,691.14874
2009,07,11,6,691.94562
2009,07,11,7,692.52251
2009,07,12,0,692.64259
2009,07,12,1,692.1971
2009,07,12,2,692.12384
2009,07,12,3,692.01417
2009,07,12,4,691.50289
2009,07,12,5,691.07212
2009,07,12,6,691.13985
2009,07,12,7,690.84035
2009,07,13,0,690.46418
2009,07,13,1,690.19649
2009,07,13,2,689.62126
2009,07,13,3,688.12665
2009,07,13,4,687.03758
2009,07,13,5,686.17823
2009,07,13,6,686.00056
2009,07,13,7,685.74487
2009,07,14,0,684.83922
2009,07,14,1,684.26911
2009,07,14,2,683.97732
2009,07,14,3,683.39564
2009,07,14,4,683.2354
2009,07,14,5,682.78074
2009,07,14,6,682.09574
2009,07,14,7,681.19882
2009,07,15,0,681.0413
2009,07,15,1,679.95543
2009,07,15,2,678.23752
2009,07,15,3,676.83149
2009,07,15,4,676.37946
2009,07,15,5,676.16746
2009,07,15,6,676.70337
2009,07,15,7,677.77349
2009,07,16,0,678.79438
2009,07,16,1,679.31272
2009,07,16,2,680.25362
2009,07,16,3,681.80636
2009,07,16,4,682.9343
2009,07,16,5,683.17323
2009,07,16,6,683.51964
2009,07,16,7,684.42038
2009,07,17,0,685.13576
2009,07,17,1,685.1217
2009,07,17,2,685.34978
2009,07,17,3,686.22852
2009,07,17,4,686.37968
2009,07,17,5,686.09631
2009,07,17,6,686.78018
2009,07,17,7,687.49382
2009,07,18,0,687.73914
2009,07,18,1,687.3254
2009,07,18,2,686.82031
2009,07,18,3,686.49431
2009,07,18,4,686.64017
2009,07,18,5,686.53009
2009,07,18,6,686.0661
2009,07,18,7,685.37879
2009,07,19,0,684.52705
2009,07,19,1,683.97596
2009,07,19,2,683.96752
2009,07,19,3,684.28482
2009,07,19,4,684.40607
2009,07,19,5,684.18781
2009,07,19,6,684.23712
2009,07,19,7,684.85562
2009,07,20,0,686.13963
2009,07,20,1,686.94612
2009,07,20,2,687.79471
2009,07,20,3,688.7013
2009,07,20,4,689.41991
2009,07,20,5,689.74872
2009,07,20,6,690.08318
2009,07,20,7,690.09956
2009,07,21,0,689.48477
2009,07,21,1,688.21158
2009,07,21,2,687.45662
2009,07,21,3,686.96817
2009,07,21,4,686.09258
2009,07,21,5,685.12398
2009,07,21,6,685.35861
2009,07,21,7,685.87906
2009,07,22,0,685.58608
2009,07,22,1,684.7197
2009,07,22,2,684.85216
2009,07,22,3,685.1234
2009,07,22,4,684.10255
2009,07,22,5,682.87239
2009,07,22,6,682.94399
2009,07,22,7,683.6281
2009,07,23,0,684.38412
2009,07,23,1,684.68357
2009,07,23,2,685.28173
2009,07,23,3,685.37612
2009,07,23,4,684.84031
2009,07,23,5,684.17558
2009,07,23,6,684.46889
2009,07,23,7,685.18061
2009,07,24,0,684.65921
2009,07,24,1,684.12817
2009,07,24,2,684.6701
2009,07,24,3,685.58398
2009,07,24,4,686.65588
2009,07,24,5,687.26323
2009,07,24,6,687.71842
2009,07,24,7,688.30611
2009,07,25,0,689.29689
2009,07,25,1,689.57989
2009,07,25,2,689.31233
2009,07,25,3,689.11079
2009,07,25,4,688.48302
2009,07,25,5,687.80094
2009,07,25,6,687.13913
2009,07,25,7,686.69273
2009,07,26,0,686.24284
2009,07,26,1,685.07249
2009,07,26,2,684.39196
2009,07,26,3,683.54456
2009,07,26,4,681.42933
2009,07,26,5,679.71793
2009,07,26,6,678.84146
2009,07,26,7,678.01865
2009,07,27,0,677.12256
2009,07,27,1,676.48701
2009,07,27,2,676.95058
2009,07,27,3,677.73974
2009,07,27,4,677.80604
2009,07,27,5,678.37762
2009,07,27,6,679.92367
2009,07,27,7,681.85698
2009,07,28,0,683.09698
2009,07,28,1,683.45387
2009,07,28,2,684.20418
2009,07,28,3,685.05564
2009,07,28,4,685.01105
2009,07,28,5,684.32542
2009,07,28,6,685.36247
2009,07,28,7,686.6076
2009,07,29,0,686.08348
2009,07,29,1,685.31705
2009,07,29,2,685.42443
2009,07,29,3,685.56119
2009,07,29,4,685.30961
2009,07,29,5,685.20211
2009,07,29,6,685.23366
2009,07,29,7,685.26218
2009,07,30,0,684.47881
2009,07,30,1,683.8278
2009,07,30,2,683.82474
2009,07,30,3,683.91797
2009,07,30,4,684.3191
2009,07,30,5,684.54039
2009,07,30,6,684.65991
2009,07,30,7,684.60667
2009,07,31,0,683.49989
2009,07,31,1,681.58894
2009,07,31,2,679.72436
2009,07,31,3,678.39779
2009,07,31,4,677.42749
2009,07,31,5,676.84114
2009,07,31,6,677.31173
2009,07,31,7,678.11191
2009,07,1,0,678.78863
2009,07,1,1,679.48316
2009,07,1,2,680.26756
2009,07,1,3,681.72927
2009,07,1,4,683.56618
2009,07,1,5,684.66848
2009,07,1,6,685.75396
2009,07,1,7,687.20664
2009,07,2,0,687.60133
2009,07,2,1,687.99977
2009,07,2,2,689.45582
2009,07,2,3,690.55669
2009,07,2,4,690.78731
2009,07,2,5,690.92808
2009,07,2,6,691.7998
2009,07,2,7,692.91948
2009,07,3,0,693.46369
2009,07,3,1,693.70049
2009,07,3,2,693.51713
2009,07,3,3,693.19748
2009,07,3,4,692.48766
2009,07,3,5,691.31929
2009,07,3,6,690.24895
2009,07,3,7,689.27416
2009,07,4,0,688.11654
2009,07,4,1,686.53413
2009,07,4,2,685.35266
2009,07,4,3,684.59303
2009,07,4,4,684.04928
2009,07,4,5,683.93721
2009,07,4,6,684.316
2009,07,4,7,684.76185
2009,07,5,0,685.04966
2009,07,5,1,685.5879
2009,07,5,2,686.52076
2009,07,5,3,687.64643
2009,07,5,4,688.90007
2009,07,5,5,689.94116
2009,07,5,6,690.91803
2009,07,5,7,691.47446
2009,07,6,0,691.24174
2009,07,6,1,690.99198
2009,07,6,2,690.82055
2009,07,6,3,690.3541
2009,07,6,4,690.16445
2009,07,6,5,690.17124
2009,07,6,6,690.69145
2009,07,6,7,691.61624
2009,07,7,0,692.43316
2009,07,7,1,692.92448
2009,07,7,2,694.05889
2009,07,7,3,694.80922
2009,07,7,4,694.96034
2009,07,7,5,695.68693
2009,07,7,6,695.97256
2009,07,7,7,696.13279
2009,07,8,0,697.08702
2009,07,8,1,697.44639
2009,07,8,2,697.41739
2009,07,8,3,698.04285
2009,07,8,4,698.16192
2009,07,8,5,698.35626
2009,07,8,6,699.23377
2009,07,8,7,699.90202
2009,07,9,0,699.92211
2009,07,9,1,699.58606
2009,07,9,2,699.52196
2009,07,9,3,699.28193
2009,07,9,4,699.50907
2009,07,9,5,699.48758
2009,07,9,6,699.40833
2009,07,9,7,699.8994
2009,07,10,0,700.2405
2009,07,10,1,700.43488
2009,07,10,2,701.02758
2009,07,10,3,701.59532
2009,07,10,4,702.09636
2009,07,10,5,702.15981
2009,07,10,6,702.29307
2009,07,10,7,702.94022
2009,07,11,0,704.0245
2009,07,11,1,704.01483
2009,07,11,2,703.92029
2009,07,11,3,704.64253
2009,07,11,4,704.78014
2009,07,11,5,704.80282
2009,07,11,6,705.45739
2009,07,11,7,706.13644
2009,07,12,0,706.01083
2009,07,12,1,705.62396
2009,07,12,2,706.44073
2009,07,12,3,707.06967
2009,07,12,4,707.21733
2009,07,12,5,706.89857
2009,07,12,6,707.15488
2009,07,12,7,707.40226
2009,07,13,0,707.62323
2009,07,13,1,707.55113
2009,07,13,2,707.95313
2009,07,13,3,708.85661
2009,07,13,4,708.84477
2009,07,13,5,708.34113
2009,07,13,6,708.64757
2009,07,13,7,708.79503
2009,07,14,0,708.91356
2009,07,14,1,709.25422
2009,07,14,2,714.91234
2009,07,14,3,709.6337
2009,07,14,4,708.12744
2009,07,14,5,707.24059
2009,07,14,6,705.91682
2009,07,14,7,703.83657
2009,07,15,0,701.80072
2009,07,15,1,700.03975
2009,07,15,2,699.58054
2009,07,15,3,698.96609
2009,07,15,4,698.42145
2009,07,15,5,698.49726
2009,07,15,6,698.01011
2009,07,15,7,697.29791
2009,07,16,0,696.92914
2009,07,16,1,696.16114
2009,07,16,2,695.9323
2009,07,16,3,695.27901
2009,07,16,4,694.43297
2009,07,16,5,694.13873
2009,07,16,6,693.6737
2009,07,16,7,693.00548
2009,07,17,0,692.27936
2009,07,17,1,692.2951
2009,07,17,2,693.33296
2009,07,17,3,694.30302
2009,07,17,4,695.27685
2009,07,17,5,696.62027
2009,07,17,6,697.78528
2009,07,17,7,698.92657
2009,07,18,0,699.80924
2009,07,18,1,700.07205
2009,07,18,2,700.86288
2009,07,18,3,701.49492
2009,07,18,4,701.6723
2009,07,18,5,701.73816
2009,07,18,6,701.55889
2009,07,18,7,701.10202
2009,07,19,0,700.7368
2009,07,19,1,699.76351
2009,07,19,2,698.90225
2009,07,19,3,697.86087
2009,07,19,4,697.03653
2009,07,19,5,695.65212
2009,07,19,6,694.06819
2009,07,19,7,692.67084
2009,07,20,0,691.18112
2009,07,20,1,690.03097
2009,07,20,2,690.02675
2009,07,20,3,690.20451
2009,07,20,4,690.14496
2009,07,20,5,690.24465
2009,07,20,6,690.50658
2009,07,20,7,690.72801
2009,07,21,0,691.4059
2009,07,21,1,691.62592
2009,07,21,2,691.85523
2009,07,21,3,691.62296
2009,07,21,4,691.1381
2009,07,21,5,690.49386
2009,07,21,6,689.43486
2009,07,21,7,688.86607
2009,07,22,0,687.78025
2009,07,22,1,686.43596
2009,07,22,2,686.30148
2009,07,22,3,686.02615
2009,07,22,4,685.47988
2009,07,22,5,685.24345
2009,07,22,6,685.41067
2009,07,22,7,685.66925
2009,07,23,0,686.49913
2009,07,23,1,687.1042
2009,07,23,2,687.72896
2009,07,23,3,688.26295
2009,07,23,4,689.31519
2009,07,23,5,689.97099
2009,07,23,6,690.57903
2009,07,23,7,691.38769
2009,07,24,0,692.11388
2009,07,24,1,692.33837
2009,07,24,2,692.74085
2009,07,24,3,693.06527
2009,07,24,4,693.3859
2009,07,24,5,693.22774
2009,07,24,6,693.02814
2009,07,24,7,692.69435
2009,07,25,0,692.16129
2009,07,25,1,691.37614
2009,07,25,2,691.11476
2009,07,25,3,690.66203
2009,07,25,4,690.22241
2009,07,25,5,689.97986
2009,07,25,6,689.68696
2009,07,25,7,689.60749
2009,07,26,0,689.60446
2009,07,26,1,689.53763
2009,07,26,2,690.06144
2009,07,26,3,690.69977
2009,07,26,4,691.42218
2009,07,26,5,691.89982
2009,07,26,6,692.55869
2009,07,26,7,693.23464
2009,07,27,0,693.86336
2009,07,27,1,694.24236
2009,07,27,2,695.10636
2009,07,27,3,695.8617
2009,07,27,4,695.87998
2009,07,27,5,695.71972
2009,07,27,6,695.55582
2009,07,27,7,695.32744
2009,07,28,0,695.40682
2009,07,28,1,695.27249
2009,07,28,2,694.9541
2009,07,28,3,694.68584
2009,07,28,4,694.59916
2009,07,28,5,694.32961
2009,07,28,6,694.3923
2009,07,28,7,694.48201
2009,07,29,0,694.57074
2009,07,29,1,694.57169
2009,07,29,2,694.95144
2009,07,29,3,695.51173
2009,07,29,4,695.62719
2009,07,29,5,695.68786
2009,07,29,6,696.10058
2009,07,29,7,696.5795
2009,07,30,0,696.92121
2009,07,30,1,697.17023
2009,07,30,2,697.23784
2009,07,30,3,697.08384
2009,07,30,4,696.99375
2009,07,30,5,696.71766
2009,07,30,6,696.59076
2009,07,30,7,696.57485
2009,07,1,0,696.344
2009,07,1,1,696.096
2009,07,1,2,695.79537
2009,07,1,3,695.39955
2009,07,1,4,695.22531
2009,07,1,5,694.84877
2009,07,1,6,695.21043
2009,07,1,7,695.16198
2009,07,2,0,694.59459
2009,07,2,1,694.11456
2009,07,2,2,693.94435
2009,07,2,3,693.48543
2009,07,2,4,693.03356
2009,07,2,5,692.7484
2009,07,2,6,692.68701
2009,07,2,7,692.70119
2009,07,3,0,692.34986
2009,07,3,1,691.75898
2009,07,3,2,691.93741
2009,07,3,3,692.13566
2009,07,3,4,692.40645
2009,07,3,5,692.18614
2009,07,3,6,692.10436
2009,07,3,7,692.26104
2009,07,4,0,691.95652
2009,07,4,1,691.7331
2009,07,4,2,691.90359
2009,07,4,3,691.89615
2009,07,4,4,692.07554
2009,07,4,5,692.15558
2009,07,4,6,692.69506
2009,07,4,7,692.90616
2009,07,5,0,692.93533
2009,07,5,1,692.73656
2009,07,5,2,693.24009
2009,07,5,3,693.56612
2009,07,5,4,693.58945
2009,07,5,5,693.94089
2009,07,5,6,695.03624
2009,07,5,7,696.16344
2009,07,6,0,697.22514
2009,07,6,1,697.84037
2009,07,6,2,698.24671
2009,07,6,3,698.62457
2009,07,6,4,698.84488
2009,07,6,5,698.50742
2009,07,6,6,697.95947
2009,07,6,7,697.60636
2009,07,7,0,696.95329
2009,07,7,1,696.17064
2009,07,7,2,695.60582
2009,07,7,3,695.13231
2009,07,7,4,694.53354
2009,07,7,5,693.91411
2009,07,7,6,694.11549
2009,07,7,7,694.5329
2009,07,8,0,694.38314
2009,07,8,1,694.49467
2009,07,8,2,694.43234
2009,07,8,3,693.95178
2009,07,8,4,694.02057
2009,07,8,5,693.78018
2009,07,8,6,693.98556
2009,07,8,7,694.49202
2009,07,9,0,694.53348
2009,07,9,1,694.37108
2009,07,9,2,694.18969
2009,07,9,3,693.92734
2009,07,9,4,693.97587
2009,07,9,5,693.89872
2009,07,9,6,693.5675
2009,07,9,7,693.56491
2009,07,10,0,693.66028
2009,07,10,1,693.11637
2009,07,10,2,692.85048
2009,07,10,3,693.15097
2009,07,10,4,692.84509
2009,07,10,5,692.1362
2009,07,10,6,691.68548
2009,07,10,7,691.54851
2009,07,11,0,691.12944
2009,07,11,1,690.4074
2009,07,11,2,689.82689
2009,07,11,3,689.54479
2009,07,11,4,689.54977
2009,07,11,5,689.73667
2009,07,11,6,690.28887
2009,07,11,7,691.13399
2009,07,12,0,692.00082
2009,07,12,1,692.15694
2009,07,12,2,692.51647
2009,07,12,3,693.20692
2009,07,12,4,693.84829
2009,07,12,5,694.07011
2009,07,12,6,694.93326
2009,07,12,7,695.95459
2009,07,13,0,696.0559
2009,07,13,1,695.5702
2009,07,13,2,695.54232
2009,07,13,3,695.79842
2009,07,13,4,695.52264
2009,07,13,5,694.88342
2009,07,13,6,695.12971
2009,07,13,7,695.46407
2009,07,14,0,694.96844
2009,07,14,1,694.54809
2009,07,14,2,694.59737
2009,07,14,3,694.29819
2009,07,14,4,694.19442
2009,07,14,5,694.073
2009,07,14,6,693.83349
2009,07,14,7,693.67566
2009,07,15,0,693.86094
2009,07,15,1,693.98467
2009,07,15,2,694.40983
2009,07,15,3,695.03703
2009,07,15,4,695.49193
2009,07,15,5,696.01433
2009,07,15,6,696.33287
2009,07,15,7,696.51732
2009,07,16,0,696.88364
2009,07,16,1,697.12643
2009,07,16,2,696.85767
2009,07,16,3,696.41677
2009,07,16,4,696.15885
2009,07,16,5,695.58445
2009,07,16,6,695.35619
2009,07,16,7,694.98346
2009,07,17,0,694.18462
2009,07,17,1,693.18527
2009,07,17,2,692.55095
2009,07,17,3,691.96095
2009,07,17,4,691.14537
2009,07,17,5,690.08699
2009,07,17,6,689.26492
2009,07,17,7,688.63157
2009,07,18,0,687.88293
2009,07,18,1,687.1294
2009,07,18,2,686.83471
2009,07,18,3,686.58774
2009,07,18,4,686.1487
2009,07,18,5,685.68382
2009,07,18,6,685.59899
2009,07,18,7,685.70389
2009,07,19,0,685.53098
2009,07,19,1,685.35188
2009,07,19,2,685.1958
2009,07,19,3,685.05448
2009,07,19,4,685.31273
2009,07,19,5,685.39368
2009,07,19,6,685.31305
2009,07,19,7,685.57474
2009,07,20,0,685.73734
2009,07,20,1,685.83659
2009,07,20,2,686.18706
2009,07,20,3,686.49884
2009,07,20,4,686.93342
2009,07,20,5,687.24646
2009,07,20,6,687.42286
2009,07,20,7,687.86217
2009,07,21,0,687.78608
2009,07,21,1,687.84891
2009,07,21,2,687.94743
2009,07,21,3,688.18583
2009,07,21,4,688.0974
2009,07,21,5,688.05187
2009,07,21,6,688.38706
2009,07,21,7,688.86703
2009,07,22,0,688.88804
2009,07,22,1,688.75184
2009,07,22,2,688.8248
2009,07,22,3,688.92535
2009,07,22,4,688.76178
2009,07,22,5,688.75862
2009,07,22,6,688.5605
2009,07,22,7,688.54465
2009,07,23,0,688.39925
2009,07,23,1,688.16427
2009,07,23,2,688.08358
2009,07,23,3,688.11661
2009,07,23,4,688.38251
2009,07,23,5,688.59472
2009,07,23,6,688.82607
2009,07,23,7,689.31413
2009,07,24,0,690.07388
2009,07,24,1,690.59419
2009,07,24,2,691.36172
2009,07,24,3,692.0658
2009,07,24,4,692.51768
2009,07,24,5,692.74145
2009,07,24,6,693.21338
2009,07,24,7,693.70286
2009,07,25,0,693.61961
2009,07,25,1,693.15595
2009,07,25,2,693.15877
2009,07,25,3,692.95923
2009,07,25,4,692.64007
2009,07,25,5,692.21142
2009,07,25,6,692.21668
2009,07,25,7,692.39264
2009,07,26,0,692.64829
2009,07,26,1,692.54351
2009,07,26,2,692.69518
2009,07,26,3,693.03253
2009,07,26,4,693.1665
2009,07,26,5,693.02487
2009,07,26,6,692.91246
2009,07,26,7,693.01575
2009,07,27,0,692.91905
2009,07,27,1,692.44378
2009,07,27,2,692.45005
2009,07,27,3,692.46439
2009,07,27,4,692.36604
2009,07,27,5,692.07102
2009,07,27,6,691.93162
2009,07,27,7,692.03417
2009,07,28,0,692.22512
2009,07,28,1,692.17983
2009,07,28,2,692.10359
2009,07,28,3,692.40989
2009,07,28,4,692.50855
2009,07,28,5,692.34265
2009,07,28,6,692.97299
2009,07,28,7,693.74826
2009,07,29,0,694.33529
2009,07,29,1,694.5017
2009,07,29,2,694.18515
2009,07,29,3,694.08166
2009,07,29,4,694.10839
2009,07,29,5,693.92537
2009,07,29,6,694.21167
2009,07,29,7,694.53998
2009,07,30,0,694.7753
2009,07,30,1,694.79122
2009,07,30,2,694.79277
2009,07,30,3,694.84501
2009,07,30,4,695.28368
2009,07,30,5,695.59215
2009,07,30,6,695.46084
2009,07,30,7,695.69905
2009,07,31,0,696.02317
2009,07,31,1,695.96386
2009,07,31,2,696.38138
2009,07,31,3,696.54623
2009,07,31,4,696.67545
2009,07,31,5,697.04409
2009,07,31,6,697.42067
2009,07,31,7,697.87046
2010,07,1,0,697.85783
2010,07,1,1,697.86518
2010,07,1,2,698.51522
2010,07,1,3,698.86274
2010,07,1,4,698.97394
2010,07,1,5,699.36681
2010,07,1,6,700.39654
2010,07,1,7,701.70186
2010,07,2,0,702.71467
2010,07,2,1,703.34141
2010,07,2,2,704.42595
2010,07,2,3,705.55271
2010,07,2,4,705.8535
2010,07,2,5,705.82159
2010,07,2,6,705.76212
2010,07,2,7,705.2487
2010,07,3,0,704.81064
2010,07,3,1,704.49633
2010,07,3,2,704.53627
2010,07,3,3,704.62684
2010,07,3,4,704.78894
2010,07,3,5,705.17082
2010,07,3,6,706.021
2010,07,3,7,706.43852
2010,07,4,0,706.69406
2010,07,4,1,706.72079
2010,07,4,2,706.76222
2010,07,4,3,706.89074
2010,07,4,4,707.21467
2010,07,4,5,707.1374
2010,07,4,6,707.02129
2010,07,4,7,707.30002
2010,07,5,0,706.97373
2010,07,5,1,706.53815
2010,07,5,2,706.40219
2010,07,5,3,706.2755
2010,07,5,4,705.94779
2010,07,5,5,705.43826
2010,07,5,6,705.40675
2010,07,5,7,705.37969
2010,07,6,0,705.09244
2010,07,6,1,704.58589
2010,07,6,2,704.32273
2010,07,6,3,704.03547
2010,07,6,4,703.86429
2010,07,6,5,703.95283
2010,07,6,6,704.06674
2010,07,6,7,704.43311
2010,07,7,0,704.74341
2010,07,7,1,704.78945
2010,07,7,2,704.64741
2010,07,7,3,704.50962
2010,07,7,4,704.48965
2010,07,7,5,704.23201
2010,07,7,6,704.19972
2010,07,7,7,704.49165
2010,07,8,0,704.22887
2010,07,8,1,703.96495
2010,07,8,2,704.38656
2010,07,8,3,704.85143
2010,07,8,4,705.27877
2010,07,8,5,705.56179
2010,07,8,6,706.23408
2010,07,8,7,706.7007
2010,07,9,0,707.09076
2010,07,9,1,706.84687
2010,07,9,2,706.33026
2010,07,9,3,705.98781
2010,07,9,4,705.36162
2010,07,9,5,704.6651
2010,07,9,6,704.03767
2010,07,9,7,703.54127
2010,07,10,0,702.73427
2010,07,10,1,701.60386
2010,07,10,2,700.89853
2010,07,10,3,700.32332
2010,07,10,4,699.89017
2010,07,10,5,699.21809
2010,07,10,6,698.8238
2010,07,10,7,698.77777
2010,07,11,0,698.4278
2010,07,11,1,697.96946
2010,07,11,2,697.95946
2010,07,11,3,698.26239
2010,07,11,4,698.3591
2010,07,11,5,698.23567
2010,07,11,6,698.29426
2010,07,11,7,698.35519
2010,07,12,0,697.7734
2010,07,12,1,696.98247
2010,07,12,2,697.39665
2010,07,12,3,697.77884
2010,07,12,4,697.16176
2010,07,12,5,696.77127
2010,07,12,6,696.54449
2010,07,12,7,696.4723
2010,07,13,0,696.59349
2010,07,13,1,696.44592
2010,07,13,2,696.04023
2010,07,13,3,695.72275
2010,07,13,4,695.70302
2010,07,13,5,695.49941
2010,07,13,6,695.68275
2010,07,13,7,696.21729
2010,07,14,0,696.83724
2010,07,14,1,697.28056
2010,07,14,2,697.62343
2010,07,14,3,698.14721
2010,07,14,4,698.59174
2010,07,14,5,698.78846
2010,07,14,6,699.1069
2010,07,14,7,699.11535
2010,07,15,0,699.01171
2010,07,15,1,698.6799
2010,07,15,2,698.47336
2010,07,15,3,697.95358
2010,07,15,4,697.6049
2010,07,15,5,697.33467
2010,07,15,6,697.23329
2010,07,15,7,697.43774
2010,07,16,0,697.47988
2010,07,16,1,697.22457
2010,07,16,2,697.22602
2010,07,16,3,696.88868
2010,07,16,4,696.11559
2010,07,16,5,695.1521
2010,07,16,6,694.76165
2010,07,16,7,694.53749
2010,07,17,0,694.04118
2010,07,17,1,693.54157
2010,07,17,2,694.16739
2010,07,17,3,694.41894
2010,07,17,4,694.73193
2010,07,17,5,695.34134
2010,07,17,6,695.81351
2010,07,17,7,696.6616
2010,07,18,0,697.66229
2010,07,18,1,698.34707
2010,07,18,2,699.37286
2010,07,18,3,699.88418
2010,07,18,4,700.23075
2010,07,18,5,700.27082
2010,07,18,6,700.92
2010,07,18,7,701.50626
2010,07,19,0,701.98646
2010,07,19,1,702.06284
2010,07,19,2,702.0021
2010,07,19,3,701.6659
2010,07,19,4,701.4796
2010,07,19,5,700.90932
2010,07,19,6,700.33038
2010,07,19,7,699.76985
2010,07,20,0,699.1643
2010,07,20,1,698.53496
2010,07,20,2,698.4842
2010,07,20,3,698.07682
2010,07,20,4,697.77153
2010,07,20,5,697.805
2010,07,20,6,697.91709
2010,07,20,7,698.30294
2010,07,21,0,699.01408
2010,07,21,1,699.34684
2010,07,21,2,699.96001
2010,07,21,3,700.65172
2010,07,21,4,701.47994
2010,07,21,5,701.96023
2010,07,21,6,702.17951
2010,07,21,7,702.54488
2010,07,22,0,702.82698
2010,07,22,1,702.72604
2010,07,22,2,702.9124
2010,07,22,3,703.14437
2010,07,22,4,703.3396
2010,07,22,5,703.15528
2010,07,22,6,703.00574
2010,07,22,7,702.95074
2010,07,23,0,702.80132
2010,07,23,1,701.9675
2010,07,23,2,701.3928
2010,07,23,3,700.40204
2010,07,23,4,699.76727
2010,07,23,5,699.16667
2010,07,23,6,698.22665
2010,07,23,7,697.55163
2010,07,24,0,696.71189
2010,07,24,1,695.79143
2010,07,24,2,695.81745
2010,07,24,3,696.05413
2010,07,24,4,696.7388
2010,07,24,5,697.51985
2010,07,24,6,698.40635
2010,07,24,7,699.30094
2010,07,25,0,700.40387
2010,07,25,1,701.03727
2010,07,25,2,701.34001
2010,07,25,3,701.48938
2010,07,25,4,701.62722
2010,07,25,5,701.25754
2010,07,25,6,700.98324
2010,07,25,7,700.55095
2010,07,26,0,699.97676
2010,07,26,1,699.06095
2010,07,26,2,698.25209
2010,07,26,3,697.71585
2010,07,26,4,697.10076
2010,07,26,5,696.835
2010,07,26,6,696.82492
2010,07,26,7,697.09048
2010,07,27,0,697.36274
2010,07,27,1,697.54766
2010,07,27,2,698.04674
2010,07,27,3,698.4881
2010,07,27,4,698.9657
2010,07,27,5,699.45003
2010,07,27,6,699.73915
2010,07,27,7,700.08557
2010,07,28,0,700.39738
2010,07,28,1,700.39896
2010,07,28,2,700.67677
2010,07,28,3,700.96449
2010,07,28,4,701.27762
2010,07,28,5,701.47956
2010,07,28,6,701.56776
2010,07,28,7,701.66121
2010,07,29,0,701.68461
2010,07,29,1,701.13893
2010,07,29,2,700.45464
2010,07,29,3,699.85143
2010,07,29,4,699.60265
2010,07,29,5,699.25471
2010,07,29,6,699.09873
2010,07,29,7,699.04487
2010,07,30,0,698.4515
2010,07,30,1,697.81301
2010,07,30,2,697.67089
2010,07,30,3,697.504
2010,07,30,4,697.00482
2010,07,30,5,696.46341
2010,07,30,6,695.96822
2010,07,30,7,695.86977
2010,07,31,0,695.46433
2010,07,31,1,695.16958
2010,07,31,2,695.04
2010,07,31,3,695.01495
2010,07,31,4,694.61209
2010,07,31,5,694.36784
2010,07,31,6,694.82045
2010,07,31,7,695.15695
2010,07,1,0,695.58063
2010,07,1,1,695.54397
2010,07,1,2,695.5823
2010,07,1,3,696.03414
2010,07,1,4,695.90774
2010,07,1,5,695.79816
2010,07,1,6,696.45559
2010,07,1,7,697.36263
2010,07,2,0,697.89334
2010,07,2,1,697.77383
2010,07,2,2,697.95592
2010,07,2,3,698.28394
2010,07,2,4,698.47444
2010,07,2,5,698.3212
2010,07,2,6,698.07319
2010,07,2,7,697.71224
2010,07,3,0,697.24364
2010,07,3,1,696.71237
2010,07,3,2,695.95886
2010,07,3,3,695.23903
2010,07,3,4,695.13798
2010,07,3,5,695.17515
2010,07,3,6,695.17659
2010,07,3,7,695.50359
2010,07,4,0,695.4015
2010,07,4,1,695.0834
2010,07,4,2,695.43603
2010,07,4,3,695.88472
2010,07,4,4,696.4261
2010,07,4,5,697.10425
2010,07,4,6,698.36344
2010,07,4,7,700.29853
2010,07,5,0,701.79088
2010,07,5,1,702.42768
2010,07,5,2,703.30656
2010,07,5,3,704.04396
2010,07,5,4,704.29632
2010,07,5,5,704.1605
2010,07,5,6,703.95751
2010,07,5,7,703.54593
2010,07,6,0,703.02061
2010,07,6,1,701.99747
2010,07,6,2,701.36912
2010,07,6,3,701.08166
2010,07,6,4,700.56174
2010,07,6,5,699.96525
2010,07,6,6,699.45671
2010,07,6,7,698.79714
2010,07,7,0,698.16912
2010,07,7,1,697.31203
2010,07,7,2,697.0078
2010,07,7,3,697.29145
2010,07,7,4,696.77169
2010,07,7,5,695.84749
2010,07,7,6,695.52557
2010,07,7,7,695.44848
2010,07,8,0,695.5271
2010,07,8,1,695.35387
2010,07,8,2,695.28067
2010,07,8,3,695.45148
2010,07,8,4,696.66128
2010,07,8,5,698.00715
2010,07,8,6,698.62512
2010,07,8,7,699.37429
2010,07,9,0,700.3695
2010,07,9,1,701.10635
2010,07,9,2,701.99199
2010,07,9,3,702.96046
2010,07,9,4,703.5269
2010,07,9,5,703.30812
2010,07,9,6,703.7773
2010,07,9,7,704.57677
2010,07,10,0,705.05195
2010,07,10,1,704.73392
2010,07,10,2,704.24991
2010,07,10,3,704.04512
2010,07,10,4,703.69365
2010,07,10,5,703.22021
2010,07,10,6,703.34271
2010,07,10,7,703.89833
2010,07,11,0,703.97264
2010,07,11,1,704.13834
2010,07,11,2,704.48333
2010,07,11,3,704.77154
2010,07,11,4,705.36846
2010,07,11,5,705.63913
2010,07,11,6,705.74283
2010,07,11,7,705.73135
2010,07,12,0,705.34586
2010,07,12,1,704.71085
2010,07,12,2,704.17819
2010,07,12,3,703.47692
2010,07,12,4,702.43719
2010,07,12,5,701.33939
2010,07,12,6,700.48899
2010,07,12,7,699.81586
2010,07,13,0,698.71262
2010,07,13,1,697.55431
2010,07,13,2,696.56272
2010,07,13,3,695.51432
2010,07,13,4,694.76544
2010,07,13,5,694.03036
2010,07,13,6,693.34489
2010,07,13,7,692.89634
2010,07,14,0,692.58956
2010,07,14,1,692.22411
2010,07,14,2,692.05225
2010,07,14,3,691.89669
2010,07,14,4,691.46198
2010,07,14,5,691.10089
2010,07,14,6,690.83226
2010,07,14,7,690.69357
2010,07,15,0,690.65951
2010,07,15,1,690.4898
2010,07,15,2,690.52786
2010,07,15,3,690.77063
2010,07,15,4,690.5764
2010,07,15,5,690.37574
2010,07,15,6,690.36228
2010,07,15,7,690.47762
2010,07,16,0,690.67788
2010,07,16,1,690.67334
2010,07,16,2,691.01553
2010,07,16,3,691.74263
2010,07,16,4,692.03539
2010,07,16,5,691.88783
2010,07,16,6,692.50388
2010,07,16,7,693.0221
2010,07,17,0,693.40969
2010,07,17,1,693.60848
2010,07,17,2,693.70479
2010,07,17,3,693.8776
2010,07,17,4,693.87413
2010,07,17,5,693.56814
2010,07,17,6,693.54552
2010,07,17,7,693.38953
2010,07,18,0,693.25712
2010,07,18,1,692.72957
2010,07,18,2,692.30357
2010,07,18,3,691.95924
2010,07,18,4,691.71459
2010,07,18,5,691.32677
2010,07,18,6,691.44561
2010,07,18,7,691.71988
2010,07,19,0,691.55791
2010,07,19,1,691.46977
2010,07,19,2,692.07312
2010,07,19,3,692.82923
2010,07,19,4,692.57125
2010,07,19,5,692.11341
2010,07,19,6,692.31139
2010,07,19,7,692.58463
2010,07,20,0,693.06722
2010,07,20,1,692.86664
2010,07,20,2,693.00172
2010,07,20,3,693.4264
2010,07,20,4,693.87365
2010,07,20,5,694.08584
2010,07,20,6,693.65679
2010,07,20,7,693.56837
2010,07,21,0,694.22788
2010,07,21,1,694.43651
2010,07,21,2,694.58255
2010,07,21,3,694.74862
2010,07,21,4,694.93694
2010,07,21,5,694.68354
2010,07,21,6,694.64212
2010,07,21,7,694.66506
2010,07,22,0,695.18649
2010,07,22,1,695.70426
2010,07,22,2,695.54843
2010,07,22,3,695.55589
2010,07,22,4,695.79982
2010,07,22,5,695.65799
2010,07,22,6,695.39135
2010,07,22,7,695.10928
2010,07,23,0,694.8966
2010,07,23,1,694.83172
2010,07,23,2,695.37597
2010,07,23,3,695.49087
2010,07,23,4,695.51797
2010,07,23,5,695.55118
2010,07,23,6,695.94029
2010,07,23,7,696.27857
2010,07,24,0,696.15753
2010,07,24,1,696.07241
2010,07,24,2,696.21528
2010,07,24,3,695.73531
2010,07,24,4,695.69879
2010,07,24,5,695.47711
2010,07,24,6,694.94539
2010,07,24,7,694.59939
2010,07,25,0,694.12631
2010,07,25,1,693.29792
2010,07,25,2,692.68612
2010,07,25,3,692.13052
2010,07,25,4,691.06884
2010,07,25,5,689.88838
2010,07,25,6,689.49545
2010,07,25,7,689.10299
2010,07,26,0,688.29461
2010,07,26,1,687.42084
2010,07,26,2,687.52274
2010,07,26,3,687.37999
2010,07,26,4,687.22057
2010,07,26,5,686.76923
2010,07,26,6,686.25073
2010,07,26,7,685.96981
2010,07,27,0,685.73953
2010,07,27,1,685.61266
2010,07,27,2,686.31111
2010,07,27,3,687.0236
2010,07,27,4,687.22157
2010,07,27,5,687.34023
2010,07,27,6,687.64401
2010,07,27,7,687.95128
2010,07,28,0,688.22207
2010,07,28,1,688.03634
2010,07,28,2,688.689
2010,07,28,3,689.39371
2010,07,28,4,689.62185
2010,07,28,5,689.90995
2010,07,28,6,690.65099
2010,07,28,7,691.2611
2010,07,1,0,691.75423
2010,07,1,1,691.97387
2010,07,1,2,692.35329
2010,07,1,3,692.48615
2010,07,1,4,692.44034
2010,07,1,5,692.37993
2010,07,1,6,692.25917
2010,07,1,7,692.11507
2010,07,2,0,691.89267
2010,07,2,1,691.69065
2010,07,2,2,692.30229
2010,07,2,3,692.86713
2010,07,2,4,693.32267
2010,07,2,5,693.58312
2010,07,2,6,694.10446
2010,07,2,7,694.6254
2010,07,3,0,694.48376
2010,07,3,1,694.43454
2010,07,3,2,694.87332
2010,07,3,3,695.19721
2010,07,3,4,694.83385
2010,07,3,5,694.55772
2010,07,3,6,695.51825
2010,07,3,7,696.08589
2010,07,4,0,695.68638
2010,07,4,1,695.33068
2010,07,4,2,695.3186
2010,07,4,3,694.93623
2010,07,4,4,694.35708
2010,07,4,5,693.57337
2010,07,4,6,692.8988
2010,07,4,7,692.12855
2010,07,5,0,690.86644
2010,07,5,1,689.28551
2010,07,5,2,688.68892
2010,07,5,3,688.01913
2010,07,5,4,686.9822
2010,07,5,5,686.06301
2010,07,5,6,685.11131
2010,07,5,7,684.26052
2010,07,6,0,683.0176
2010,07,6,1,681.9653
2010,07,6,2,681.33254
2010,07,6,3,680.53186
2010,07,6,4,679.97907
2010,07,6,5,679.37337
2010,07,6,6,679.10304
2010,07,6,7,678.91366
2010,07,7,0,678.64551
2010,07,7,1,678.46871
2010,07,7,2,678.55237
2010,07,7,3,678.89627
2010,07,7,4,679.11546
2010,07,7,5,679.00412
2010,07,7,6,679.42047
2010,07,7,7,680.19387
2010,07,8,0,681.02736
2010,07,8,1,681.65685
2010,07,8,2,682.51936
2010,07,8,3,683.76558
2010,07,8,4,684.89708
2010,07,8,5,685.57263
2010,07,8,6,686.65026
2010,07,8,7,687.63426
2010,07,9,0,688.22043
2010,07,9,1,688.64828
2010,07,9,2,689.6613
2010,07,9,3,690.63361
2010,07,9,4,691.96357
2010,07,9,5,693.15121
2010,07,9,6,693.98699
2010,07,9,7,694.80675
2010,07,10,0,695.27407
2010,07,10,1,695.25303
2010,07,10,2,695.90349
2010,07,10,3,696.66976
2010,07,10,4,696.98219
2010,07,10,5,696.81792
2010,07,10,6,697.02266
2010,07,10,7,697.3781
2010,07,11,0,697.2362
2010,07,11,1,696.67327
2010,07,11,2,696.57881
2010,07,11,3,696.42463
2010,07,11,4,695.97931
2010,07,11,5,695.50901
2010,07,11,6,695.79523
2010,07,11,7,695.92071
2010,07,12,0,695.77782
2010,07,12,1,695.34167
2010,07,12,2,694.7975
2010,07,12,3,694.24943
2010,07,12,4,693.87762
2010,07,12,5,693.65322
2010,07,12,6,694.22423
2010,07,12,7,694.43989
2010,07,13,0,695.11826
2010,07,13,1,695.54608
2010,07,13,2,695.40851
2010,07,13,3,695.24787
2010,07,13,4,695.57331
2010,07,13,5,695.53758
2010,07,13,6,695.67603
2010,07,13,7,695.58259
2010,07,14,0,695.42588
2010,07,14,1,695.16656
2010,07,14,2,695.15731
2010,07,14,3,694.98885
2010,07,14,4,694.92906
2010,07,14,5,694.58867
2010,07,14,6,694.57942
2010,07,14,7,694.58672
2010,07,15,0,694.03253
2010,07,15,1,693.56437
2010,07,15,2,693.1055
2010,07,15,3,692.76463
2010,07,15,4,692.92977
2010,07,15,5,692.85331
2010,07,15,6,692.9189
2010,07,15,7,693.22003
2010,07,16,0,693.41682
2010,07,16,1,693.38919
2010,07,16,2,694.12997
2010,07,16,3,694.97176
2010,07,16,4,695.42794
2010,07,16,5,695.85798
2010,07,16,6,696.51744
2010,07,16,7,697.37333
2010,07,17,0,698.47521
2010,07,17,1,699.11959
2010,07,17,2,700.06096
2010,07,17,3,700.96963
2010,07,17,4,701.2048
2010,07,17,5,701.10117
2010,07,17,6,701.16239
2010,07,17,7,701.38713
2010,07,18,0,701.17198
2010,07,18,1,700.51533
2010,07,18,2,700.21653
2010,07,18,3,699.7505
2010,07,18,4,698.52119
2010,07,18,5,697.21372
2010,07,18,6,696.56815
2010,07,18,7,696.22948
2010,07,19,0,695.75721
2010,07,19,1,695.29397
2010,07,19,2,696.25689
2010,07,19,3,696.53064
2010,07,19,4,696.16333
2010,07,19,5,696.47856
2010,07,19,6,696.61201
2010,07,19,7,696.45489
2010,07,20,0,695.97026
2010,07,20,1,695.58647
2010,07,20,2,695.42899
2010,07,20,3,694.4883
2010,07,20,4,693.16644
2010,07,20,5,692.09443
2010,07,20,6,691.10615
2010,07,20,7,689.67065
2010,07,21,0,688.15198
2010,07,21,1,686.90757
2010,07,21,2,686.28302
2010,07,21,3,685.65761
2010,07,21,4,684.91866
2010,07,21,5,684.46585
2010,07,21,6,683.9351
2010,07,21,7,683.88782
2010,07,22,0,684.92707
2010,07,22,1,685.71335
2010,07,22,2,686.48838
2010,07,22,3,687.14073
2010,07,22,4,687.75065
2010,07,22,5,687.8804
2010,07,22,6,688.13937
2010,07,22,7,688.36861
2010,07,23,0,688.78321
2010,07,23,1,688.62295
2010,07,23,2,688.53016
2010,07,23,3,688.8699
2010,07,23,4,688.90079
2010,07,23,5,688.76147
2010,07,23,6,689.0092
2010,07,23,7,689.39473
2010,07,24,0,689.49697
2010,07,24,1,689.28712
2010,07,24,2,689.76958
2010,07,24,3,690.35616
2010,07,24,4,690.6111
2010,07,24,5,690.29875
2010,07,24,6,690.20876
2010,07,24,7,690.27577
2010,07,25,0,689.8288
2010,07,25,1,689.0847
2010,07,25,2,688.66218
2010,07,25,3,688.09559
2010,07,25,4,687.93817
2010,07,25,5,687.52397
2010,07,25,6,687.1812
2010,07,25,7,687.38949
2010,07,26,0,687.46563
2010,07,26,1,687.61228
2010,07,26,2,688.2435
2010,07,26,3,688.825
2010,07,26,4,688.33624
2010,07,26,5,687.43778
2010,07,26,6,686.96768
2010,07,26,7,686.84147
2010,07,27,0,686.0483
2010,07,27,1,685.34085
2010,07,27,2,685.54311
2010,07,27,3,685.58769
2010,07,27,4,685.98436
2010,07,27,5,686.28439
2010,07,27,6,686.5914
2010,07,27,7,687.20109
2010,07,28,0,687.67509
2010,07,28,1,687.76999
2010,07,28,2,688.36491
2010,07,28,3,688.87361
2010,07,28,4,688.86669
2010,07,28,5,688.81822
2010,07,28,6,689.24754
2010,07,28,7,689.52822
2010,07,29,0,689.33885
2010,07,29,1,689.12255
2010,07,29,2,689.33163
2010,07,29,3,689.14477
2010,07,29,4,688.30292
2010,07,29,5,687.13057
2010,07,29,6,685.63153
2010,07,29,7,684.34246
2010,07,30,0,683.60404
2010,07,30,1,683.2671
2010,07,30,2,683.68239
2010,07,30,3,684.11305
2010,07,30,4,684.36517
2010,07,30,5,684.66657
2010,07,30,6,685.10647
2010,07,30,7,686.19951
2010,07,31,0,687.48345
2010,07,31,1,687.73453
2010,07,31,2,687.30805
2010,07,31,3,687.10404
2010,07,31,4,687.62059
2010,07,31,5,687.58652
2010,07,31,6,687.85852
2010,07,31,7,688.59928
2010,07,1,0,688.1095
2010,07,1,1,687.82877
2010,07,1,2,688.87882
2010,07,1,3,689.70965
2010,07,1,4,689.8256
2010,07,1,5,689.86886
2010,07,1,6,689.94205
2010,07,1,7,690.23377
2010,07,2,0,690.29435
2010,07,2,1,689.9018
2010,07,2,2,689.88648
2010,07,2,3,689.95867
2010,07,2,4,689.66629
2010,07,2,5,689.81771
2010,07,2,6,690.05081
2010,07,2,7,690.2647
2010,07,3,0,690.6942
2010,07,3,1,690.78506
2010,07,3,2,691.13366
2010,07,3,3,691.79062
2010,07,3,4,692.4465
2010,07,3,5,692.90563
2010,07,3,6,693.40984
2010,07,3,7,693.34432
2010,07,4,0,692.73534
2010,07,4,1,691.55397
2010,07,4,2,691.01629
2010,07,4,3,690.92643
2010,07,4,4,690.47476
2010,07,4,5,689.95697
2010,07,4,6,689.65946
2010,07,4,7,689.72572
2010,07,5,0,689.62339
2010,07,5,1,689.31579
2010,07,5,2,689.60342
2010,07,5,3,690.31233
2010,07,5,4,690.88855
2010,07,5,5,691.56864
2010,07,5,6,692.40884
2010,07,5,7,693.118
2010,07,6,0,693.21448
2010,07,6,1,692.96446
2010,07,6,2,693.65699
2010,07,6,3,694.08802
2010,07,6,4,694.07008
2010,07,6,5,694.36924
2010,07,6,6,694.2433
2010,07,6,7,693.85183
2010,07,7,0,693.58303
2010,07,7,1,693.03982
2010,07,7,2,692.45996
2010,07,7,3,691.6289
2010,07,7,4,690.41911
2010,07,7,5,689.47107
2010,07,7,6,688.46276
2010,07,7,7,687.42098
2010,07,8,0,686.16543
2010,07,8,1,684.93361
2010,07,8,2,684.33165
2010,07,8,3,683.75523
2010,07,8,4,682.97722
2010,07,8,5,682.4452
2010,07,8,6,682.26483
2010,07,8,7,682.07401
2010,07,9,0,681.55344
2010,07,9,1,680.84531
2010,07,9,2,680.99648
2010,07,9,3,681.17052
2010,07,9,4,681.236
2010,07,9,5,681.52714
2010,07,9,6,681.79502
2010,07,9,7,682.10295
2010,07,10,0,682.34847
2010,07,10,1,682.57134
2010,07,10,2,683.14557
2010,07,10,3,683.74361
2010,07,10,4,684.11663
2010,07,10,5,684.1033
2010,07,10,6,684.07712
2010,07,10,7,684.31089
2010,07,11,0,684.27489
2010,07,11,1,683.99583
2010,07,11,2,683.78912
2010,07,11,3,683.27883
2010,07,11,4,682.67497
2010,07,11,5,682.07642
2010,07,11,6,681.3826
2010,07,11,7,680.70448
2010,07,12,0,679.85561
2010,07,12,1,678.99579
2010,07,12,2,678.53418
2010,07,12,3,678.22584
2010,07,12,4,678.02718
2010,07,12,5,677.9533
2010,07,12,6,678.04215
2010,07,12,7,678.31744
2010,07,13,0,678.10866
2010,07,13,1,677.96211
2010,07,13,2,678.30384
2010,07,13,3,678.83413
2010,07,13,4,679.14131
2010,07,13,5,679.71453
2010,07,13,6,679.97796
2010,07,13,7,680.46049
2010,07,14,0,680.50436
2010,07,14,1,680.46571
2010,07,14,2,681.09991
2010,07,14,3,681.26375
2010,07,14,4,681.83319
2010,07,14,5,682.60513
2010,07,14,6,683.0637
2010,07,14,7,683.66932
2010,07,15,0,683.83297
2010,07,15,1,683.85715
2010,07,15,2,683.94763
2010,07,15,3,684.08233
2010,07,15,4,684.03182
2010,07,15,5,683.96711
2010,07,15,6,683.70168
2010,07,15,7,683.4135
2010,07,16,0,683.04216
2010,07,16,1,682.65366
2010,07,16,2,682.94468
2010,07,16,3,683.47832
2010,07,16,4,684.05682
2010,07,16,5,684.74488
2010,07,16,6,685.27458
2010,07,16,7,686.10841
2010,07,17,0,686.49016
2010,07,17,1,686.586
2010,07,17,2,687.15494
2010,07,17,3,687.51627
2010,07,17,4,687.87937
2010,07,17,5,688.0238
2010,07,17,6,687.75825
2010,07,17,7,687.67267
2010,07,18,0,687.14955
2010,07,18,1,686.32881
2010,07,18,2,686.17077
2010,07,18,3,686.16268
2010,07,18,4,686.00707
2010,07,18,5,685.86759
2010,07,18,6,685.83051
2010,07,18,7,686.11081
2010,07,19,0,686.02229
2010,07,19,1,685.88316
2010,07,19,2,686.01755
2010,07,19,3,686.09473
2010,07,19,4,686.26044
2010,07,19,5,685.90727
2010,07,19,6,685.00749
2010,07,19,7,684.20818
2010,07,20,0,683.53469
2010,07,20,1,682.57904
2010,07,20,2,682.19698
2010,07,20,3,682.12172
2010,07,20,4,682.24578
2010,07,20,5,682.53979
2010,07,20,6,683.13236
2010,07,20,7,684.18214
2010,07,21,0,685.27223
2010,07,21,1,686.21398
2010,07,21,2,687.36823
2010,07,21,3,688.53079
2010,07,21,4,689.54447
2010,07,21,5,690.13464
2010,07,21,6,690.55666
2010,07,21,7,690.82869
2010,07,22,0,690.69913
2010,07,22,1,690.22372
2010,07,22,2,689.95214
2010,07,22,3,689.91722
2010,07,22,4,689.20744
2010,07,22,5,688.54108
2010,07,22,6,688.0233
2010,07,22,7,687.4226
2010,07,23,0,687.14705
2010,07,23,1,686.54206
2010,07,23,2,686.08179
2010,07,23,3,685.85012
2010,07,23,4,685.80886
2010,07,23,5,685.38935
2010,07,23,6,685.1006
2010,07,23,7,685.30104
2010,07,24,0,685.27589
2010,07,24,1,685.26922
2010,07,24,2,685.9497
2010,07,24,3,686.50366
2010,07,24,4,687.05586
2010,07,24,5,687.35845
2010,07,24,6,687.45504
2010,07,24,7,687.59611
2010,07,25,0,687.69348
2010,07,25,1,688.07533
2010,07,25,2,688.21487
2010,07,25,3,688.08947
2010,07,25,4,687.76741
2010,07,25,5,687.61384
2010,07,25,6,687.5721
2010,07,25,7,687.47429
2010,07,26,0,687.52711
2010,07,26,1,687.56252
2010,07,26,2,688.05499
2010,07,26,3,688.56309
2010,07,26,4,688.68307
2010,07,26,5,688.52911
2010,07,26,6,688.28199
2010,07,26,7,687.68312
2010,07,27,0,687.35465
2010,07,27,1,686.75593
2010,07,27,2,686.20428
2010,07,27,3,685.51992
2010,07,27,4,684.83056
2010,07,27,5,684.20924
2010,07,27,6,683.75771
2010,07,27,7,684.02786
2010,07,28,0,684.58537
2010,07,28,1,685.17994
2010,07,28,2,686.0043
2010,07,28,3,686.91455
2010,07,28,4,688.37735
2010,07,28,5,689.47762
2010,07,28,6,690.07933
2010,07,28,7,690.63584
2010,07,29,0,691.63684
2010,07,29,1,692.15805
2010,07,29,2,691.80871
2010,07,29,3,690.97368
2010,07,29,4,690.60779
2010,07,29,5,690.41588
2010,07,29,6,690.6214
2010,07,29,7,690.72761
2010,07,30,0,690.60961
2010,07,30,1,690.24698
2010,07,30,2,689.93295
2010,07,30,3,689.4984
2010,07,30,4,688.85031
2010,07,30,5,688.20374
2010,07,30,6,687.79026
2010,07,30,7,687.84096
2010,07,1,0,687.637
2010,07,1,1,687.83827
2010,07,1,2,689.10695
2010,07,1,3,690.19184
2010,07,1,4,690.61072
2010,07,1,5,691.2974
2010,07,1,6,691.33572
2010,07,1,7,690.41996
2010,07,2,0,688.79671
2010,07,2,1,687.84001
2010,07,2,2,688.25392
2010,07,2,3,689.89621
2010,07,2,4,690.84365
2010,07,2,5,690.71359
2010,07,2,6,689.54208
2010,07,2,7,687.92671
2010,07,3,0,686.49696
2010,07,3,1,685.4761
2010,07,3,2,684.90129
2010,07,3,3,684.67884
2010,07,3,4,685.38715
2010,07,3,5,686.28737
2010,07,3,6,686.94663
2010,07,3,7,688.47765
2010,07,4,0,689.64085
2010,07,4,1,690.91888
2010,07,4,2,692.97776
2010,07,4,3,694.49559
2010,07,4,4,696.04193
2010,07,4,5,697.18789
2010,07,4,6,697.9678
2010,07,4,7,698.84384
2010,07,5,0,699.51839
2010,07,5,1,699.59257
2010,07,5,2,699.66699
2010,07,5,3,700.13891
2010,07,5,4,700.4957
2010,07,5,5,700.54972
2010,07,5,6,700.66862
2010,07,5,7,701.0551
2010,07,6,0,701.41984
2010,07,6,1,701.61395
2010,07,6,2,701.57354
2010,07,6,3,701.79003
2010,07,6,4,702.2303
2010,07,6,5,702.53892
2010,07,6,6,702.57529
2010,07,6,7,702.66428
2010,07,7,0,703.33284
2010,07,7,1,703.51619
2010,07,7,2,703.33329
2010,07,7,3,703.11879
2010,07,7,4,703.29945
2010,07,7,5,703.24063
2010,07,7,6,702.53648
2010,07,7,7,701.65093
2010,07,8,0,701.14142
2010,07,8,1,700.64523
2010,07,8,2,700.47588
2010,07,8,3,700.32828
2010,07,8,4,699.5883
2010,07,8,5,698.71123
2010,07,8,6,698.13237
2010,07,8,7,697.77503
2010,07,9,0,696.63196
2010,07,9,1,694.70621
2010,07,9,2,692.90835
2010,07,9,3,691.30494
2010,07,9,4,690.64007
2010,07,9,5,690.62058
2010,07,9,6,690.92605
2010,07,9,7,690.76004
2010,07,10,0,690.56423
2010,07,10,1,690.39858
2010,07,10,2,690.94586
2010,07,10,3,691.15976
2010,07,10,4,690.37917
2010,07,10,5,689.5425
2010,07,10,6,689.29951
2010,07,10,7,689.4456
2010,07,11,0,689.33786
2010,07,11,1,688.84367
2010,07,11,2,688.4651
2010,07,11,3,688.157
2010,07,11,4,688.42376
2010,07,11,5,688.79236
2010,07,11,6,689.35305
2010,07,11,7,689.68393
2010,07,12,0,689.29954
2010,07,12,1,688.52085
2010,07,12,2,688.00492
2010,07,12,3,687.82376
2010,07,12,4,687.51865
2010,07,12,5,687.11431
2010,07,12,6,687.35548
2010,07,12,7,687.56855
2010,07,13,0,687.33542
2010,07,13,1,687.16776
2010,07,13,2,687.33087
2010,07,13,3,687.4739
2010,07,13,4,687.43178
2010,07,13,5,687.20664
2010,07,13,6,686.89608
2010,07,13,7,686.83715
2010,07,14,0,686.85696
2010,07,14,1,686.80967
2010,07,14,2,686.81539
2010,07,14,3,687.00702
2010,07,14,4,687.10153
2010,07,14,5,687.01933
2010,07,14,6,686.58401
2010,07,14,7,686.20329
2010,07,15,0,685.81093
2010,07,15,1,685.42205
2010,07,15,2,685.1067
2010,07,15,3,684.89797
2010,07,15,4,684.42964
2010,07,15,5,683.71509
2010,07,15,6,682.76996
2010,07,15,7,681.5063
2010,07,16,0,680.15256
2010,07,16,1,678.89489
2010,07,16,2,677.69932
2010,07,16,3,676.37581
2010,07,16,4,674.90104
2010,07,16,5,673.17515
2010,07,16,6,671.77249
2010,07,16,7,670.84656
2010,07,17,0,670.43747
2010,07,17,1,670.45812
2010,07,17,2,671.1929
2010,07,17,3,671.87382
2010,07,17,4,672.57357
2010,07,17,5,673.89689
2010,07,17,6,675.06946
2010,07,17,7,676.57958
2010,07,18,0,678.07584
2010,07,18,1,679.40783
2010,07,18,2,679.67845
2010,07,18,3,680.24876
2010,07,18,4,681.04343
2010,07,18,5,681.44108
2010,07,18,6,681.7595
2010,07,18,7,682.15991
2010,07,19,0,682.95809
2010,07,19,1,683.12919
2010,07,19,2,682.98702
2010,07,19,3,683.02922
2010,07,19,4,682.81331
2010,07,19,5,682.36293
2010,07,19,6,682.50745
2010,07,19,7,682.42376
2010,07,20,0,681.36026
2010,07,20,1,679.8737
2010,07,20,2,679.23924
2010,07,20,3,678.47763
2010,07,20,4,677.93082
2010,07,20,5,677.78166
2010,07,20,6,677.21912
2010,07,20,7,677.1748
2010,07,21,0,677.09907
2010,07,21,1,677.24928
2010,07,21,2,678.27515
2010,07,21,3,679.20386
2010,07,21,4,680.72631
2010,07,21,5,681.93285
2010,07,21,6,682.89188
2010,07,21,7,684.25414
2010,07,22,0,684.98567
2010,07,22,1,685.26407
2010,07,22,2,686.23818
2010,07,22,3,686.93497
2010,07,22,4,687.98617
2010,07,22,5,688.68833
2010,07,22,6,689.01979
2010,07,22,7,689.02839
2010,07,23,0,689.01653
2010,07,23,1,688.62247
2010,07,23,2,688.28937
2010,07,23,3,688.11449
2010,07,23,4,688.03099
2010,07,23,5,687.93921
2010,07,23,6,686.66159
2010,07,23,7,686.0131
2010,07,24,0,685.21907
2010,07,24,1,684.33833
2010,07,24,2,683.89601
2010,07,24,3,683.34978
2010,07,24,4,682.74089
2010,07,24,5,682.27792
2010,07,24,6,682.1752
2010,07,24,7,682.21597
2010,07,25,0,681.94945
2010,07,25,1,681.83829
2010,07,25,2,682.8581
2010,07,25,3,683.83885
2010,07,25,4,684.64564
2010,07,25,5,685.28732
2010,07,25,6,685.46464
2010,07,25,7,685.80177
2010,07,26,0,686.31228
2010,07,26,1,686.34813
2010,07,26,2,686.44001
2010,07,26,3,685.96857
2010,07,26,4,684.8223
2010,07,26,5,683.72362
2010,07,26,6,683.34226
2010,07,26,7,682.99981
2010,07,27,0,682.52964
2010,07,27,1,682.14987
2010,07,27,2,682.59761
2010,07,27,3,683.29115
2010,07,27,4,684.98271
2010,07,27,5,685.85973
2010,07,27,6,686.27689
2010,07,27,7,686.15368
2010,07,28,0,686.82262
2010,07,28,1,687.96297
2010,07,28,2,688.89383
2010,07,28,3,689.89871
2010,07,28,4,690.7728
2010,07,28,5,691.38954
2010,07,28,6,692.03243
2010,07,28,7,692.73982
2010,07,29,0,693.6199
2010,07,29,1,694.30415
2010,07,29,2,694.39507
2010,07,29,3,693.91025
2010,07,29,4,693.19343
2010,07,29,5,692.58765
2010,07,29,6,692.12376
2010,07,29,7,691.27614
2010,07,30,0,689.83864
2010,07,30,1,688.41865
2010,07,30,2,688.13856
2010,07,30,3,687.83066
2010,07,30,4,687.06693
2010,07,30,5,685.99388
2010,07,30,6,684.87889
2010,07,30,7,683.75048
2010,07,31,0,682.51813
2010,07,31,1,681.42087
2010,07,31,2,681.07533
2010,07,31,3,680.87817
2010,07,31,4,680.80807
2010,07,31,5,681.04181
2010,07,31,6,681.25113
2010,07,31,7,681.43036
2010,07,1,0,681.98394
2010,07,1,1,682.751
2010,07,1,2,683.30856
2010,07,1,3,683.81648
2010,07,1,4,684.05099
2010,07,1,5,684.44618
2010,07,1,6,684.67906
2010,07,1,7,684.37906
2010,07,2,0,684.68136
2010,07,2,1,684.53981
2010,07,2,2,683.90157
2010,07,2,3,683.71891
2010,07,2,4,683.71691
2010,07,2,5,683.81855
2010,07,2,6,683.59874
2010,07,2,7,683.53055
2010,07,3,0,684.01652
2010,07,3,1,684.09151
2010,07,3,2,683.99993
2010,07,3,3,684.31964
2010,07,3,4,684.2843
2010,07,3,5,684.52788
2010,07,3,6,684.12849
2010,07,3,7,683.66832
2010,07,4,0,683.89094
2010,07,4,1,684.00912
2010,07,4,2,683.90418
2010,07,4,3,684.26864
2010,07,4,4,685.20862
2010,07,4,5,686.0238
2010,07,4,6,685.91555
2010,07,4,7,686.31978
2010,07,5,0,686.84699
2010,07,5,1,687.26243
2010,07,5,2,688.17295
2010,07,5,3,688.93929
2010,07,5,4,689.83176
2010,07,5,5,690.58362
2010,07,5,6,691.2435
2010,07,5,7,691.82384
2010,07,6,0,691.6158
2010,07,6,1,691.16072
2010,07,6,2,690.40643
2010,07,6,3,688.7056
2010,07,6,4,686.44771
2010,07,6,5,684.28008
2010,07,6,6,681.61811
2010,07,6,7,681.41315
2010,07,7,0,681.22264
2010,07,7,1,680.84835
2010,07,7,2,680.86347
2010,07,7,3,680.61104
2010,07,7,4,680.44589
2010,07,7,5,680.42919
2010,07,7,6,680.10211
2010,07,7,7,679.97977
2010,07,8,0,680.533
2010,07,8,1,680.88421
2010,07,8,2,681.31442
2010,07,8,3,682.21985
2010,07,8,4,682.76214
2010,07,8,5,683.1094
2010,07,8,6,684.13263
2010,07,8,7,684.75418
2010,07,9,0,685.13043
2010,07,9,1,685.57727
2010,07,9,2,686.31031
2010,07,9,3,687.42172
2010,07,9,4,688.17789
2010,07,9,5,688.36608
2010,07,9,6,687.81465
2010,07,9,7,687.14297
2010,07,10,0,685.51744
2010,07,10,1,683.85946
2010,07,10,2,682.52584
2010,07,10,3,681.13077
2010,07,10,4,679.41557
2010,07,10,5,678.23674
2010,07,10,6,677.07432
2010,07,10,7,676.33026
2010,07,11,0,676.26608
2010,07,11,1,676.38634
2010,07,11,2,677.01312
2010,07,11,3,677.88977
2010,07,11,4,678.73089
2010,07,11,5,679.89381
2010,07,11,6,681.24033
2010,07,11,7,682.41001
2010,07,12,0,682.90552
2010,07,12,1,683.66496
2010,07,12,2,684.57935
2010,07,12,3,685.42966
2010,07,12,4,685.5787
2010,07,12,5,685.8606
2010,07,12,6,685.90065
2010,07,12,7,685.68927
2010,07,13,0,685.60036
2010,07,13,1,685.32465
2010,07,13,2,685.17769
2010,07,13,3,685.00068
2010,07,13,4,684.37479
2010,07,13,5,683.57872
2010,07,13,6,682.78337
2010,07,13,7,682.13237
2010,07,14,0,681.39865
2010,07,14,1,680.50991
2010,07,14,2,679.64643
2010,07,14,3,678.38316
2010,07,14,4,676.74987
2010,07,14,5,675.82056
2010,07,14,6,675.2616
2010,07,14,7,675.0994
2010,07,15,0,675.43889
2010,07,15,1,675.71645
2010,07,15,2,676.18839
2010,07,15,3,676.96895
2010,07,15,4,677.50461
2010,07,15,5,677.55229
2010,07,15,6,678.00426
2010,07,15,7,678.84582
2010,07,16,0,679.36189
2010,07,16,1,679.75206
2010,07,16,2,680.73344
2010,07,16,3,681.86953
2010,07,16,4,682.52498
2010,07,16,5,682.87137
2010,07,16,6,683.85136
2010,07,16,7,684.68131
2010,07,17,0,684.92735
2010,07,17,1,684.99598
2010,07,17,2,685.35573
2010,07,17,3,685.87882
2010,07,17,4,686.19781
2010,07,17,5,686.38333
2010,07,17,6,686.87493
2010,07,17,7,687.33495
2010,07,18,0,687.06201
2010,07,18,1,686.61503
2010,07,18,2,686.46002
2010,07,18,3,686.06804
2010,07,18,4,685.30939
2010,07,18,5,684.48292
2010,07,18,6,683.46819
2010,07,18,7,682.09267
2010,07,19,0,681.84196
2010,07,19,1,681.35144
2010,07,19,2,680.29466
2010,07,19,3,679.40318
2010,07,19,4,678.82923
2010,07,19,5,678.01297
2010,07,19,6,677.50339
2010,07,19,7,676.77827
2010,07,20,0,676.59733
2010,07,20,1,676.0466
2010,07,20,2,675.24252
2010,07,20,3,675.14048
2010,07,20,4,674.7788
2010,07,20,5,674.01071
2010,07,20,6,673.59869
2010,07,20,7,673.36938
2010,07,21,0,672.76452
2010,07,21,1,672.10663
2010,07,21,2,671.99184
2010,07,21,3,672.16699
2010,07,21,4,672.49609
2010,07,21,5,672.86624
2010,07,21,6,673.59232
2010,07,21,7,674.05
2010,07,22,0,673.96445
2010,07,22,1,673.85458
2010,07,22,2,674.24605
2010,07,22,3,674.62226
2010,07,22,4,675.05868
2010,07,22,5,675.44989
2010,07,22,6,675.65689
2010,07,22,7,676.2443
2010,07,23,0,676.74715
2010,07,23,1,677.09621
2010,07,23,2,677.94641
2010,07,23,3,679.17959
2010,07,23,4,680.03119
2010,07,23,5,681.39631
2010,07,23,6,682.31468
2010,07,23,7,683.5178
2010,07,24,0,684.77899
2010,07,24,1,685.08481
2010,07,24,2,686.12027
2010,07,24,3,687.41505
2010,07,24,4,689.21708
2010,07,24,5,690.195
2010,07,24,6,691.61047
2010,07,24,7,692.66166
2010,07,25,0,693.73772
2010,07,25,1,693.97261
2010,07,25,2,694.76091
2010,07,25,3,695.75496
2010,07,25,4,696.02957
2010,07,25,5,696.26008
2010,07,25,6,697.77477
2010,07,25,7,698.83914
2010,07,26,0,698.10811
2010,07,26,1,697.43972
2010,07,26,2,697.08373
2010,07,26,3,696.99072
2010,07,26,4,696.64912
2010,07,26,5,696.21818
2010,07,26,6,695.53112
2010,07,26,7,694.76223
2010,07,27,0,693.39729
2010,07,27,1,691.72456
2010,07,27,2,691.34029
2010,07,27,3,690.70842
2010,07,27,4,689.17243
2010,07,27,5,687.82422
2010,07,27,6,686.22534
2010,07,27,7,685.13466
2010,07,28,0,684.15588
2010,07,28,1,683.67209
2010,07,28,2,683.42063
2010,07,28,3,683.13723
2010,07,28,4,682.71183
2010,07,28,5,682.12785
2010,07,28,6,681.49099
2010,07,28,7,680.87376
2010,07,29,0,680.13868
2010,07,29,1,679.64909
2010,07,29,2,679.70549
2010,07,29,3,679.50537
2010,07,29,4,679.14579
2010,07,29,5,678.75698
2010,07,29,6,678.24364
2010,07,29,7,678.15768
2010,07,30,0,678.3012
2010,07,30,1,678.3097
2010,07,30,2,678.53648
2010,07,30,3,678.66576
2010,07,30,4,678.65231
2010,07,30,5,678.83689
2010,07,30,6,678.79458
2010,07,30,7,679.24283
2010,07,1,0,679.53968
2010,07,1,1,679.47123
2010,07,1,2,679.20536
2010,07,1,3,679.26068
2010,07,1,4,679.03479
2010,07,1,5,678.50056
2010,07,1,6,678.03358
2010,07,1,7,677.85363
2010,07,2,0,677.91128
2010,07,2,1,677.90309
2010,07,2,2,677.79442
2010,07,2,3,677.94152
2010,07,2,4,678.34262
2010,07,2,5,678.45682
2010,07,2,6,678.47414
2010,07,2,7,678.79871
2010,07,3,0,678.7287
2010,07,3,1,678.37993
2010,07,3,2,678.46564
2010,07,3,3,678.4651
2010,07,3,4,678.44865
2010,07,3,5,678.32759
2010,07,3,6,678.21502
2010,07,3,7,678.01083
2010,07,4,0,677.73991
2010,07,4,1,677.47694
2010,07,4,2,677.77317
2010,07,4,3,677.99483
2010,07,4,4,677.80673
2010,07,4,5,677.78834
2010,07,4,6,678.00924
2010,07,4,7,678.32924
2010,07,5,0,678.49926
2010,07,5,1,678.68924
2010,07,5,2,678.59445
2010,07,5,3,678.43058
2010,07,5,4,677.91241
2010,07,5,5,677.47627
2010,07,5,6,677.61254
2010,07,5,7,677.44284
2010,07,6,0,677.2475
2010,07,6,1,676.85358
2010,07,6,2,677.21141
2010,07,6,3,677.49587
2010,07,6,4,677.73325
2010,07,6,5,677.84318
2010,07,6,6,677.85086
2010,07,6,7,678.26641
2010,07,7,0,678.7804
2010,07,7,1,678.94965
2010,07,7,2,679.22561
2010,07,7,3,678.9379
2010,07,7,4,678.64874
2010,07,7,5,678.53278
2010,07,7,6,678.5403
2010,07,7,7,678.77349
2010,07,8,0,679.12402
2010,07,8,1,679.45188
2010,07,8,2,680.36332
2010,07,8,3,680.96568
2010,07,8,4,680.76172
2010,07,8,5,680.84198
2010,07,8,6,680.85647
2010,07,8,7,680.729
2010,07,9,0,680.19852
2010,07,9,1,680.03299
2010,07,9,2,681.1996
2010,07,9,3,682.11491
2010,07,9,4,682.87325
2010,07,9,5,682.87779
2010,07,9,6,682.92741
2010,07,9,7,683.05696
2010,07,10,0,682.87912
2010,07,10,1,682.87344
2010,07,10,2,683.25573
2010,07,10,3,683.92552
2010,07,10,4,685.16388
2010,07,10,5,686.02351
2010,07,10,6,686.51777
2010,07,10,7,686.63649
2010,07,11,0,686.41138
2010,07,11,1,685.90706
2010,07,11,2,686.15462
2010,07,11,3,686.50264
2010,07,11,4,686.49136
2010,07,11,5,686.45856
2010,07,11,6,687.36383
2010,07,11,7,688.08935
2010,07,12,0,687.86798
2010,07,12,1,687.79087
2010,07,12,2,688.15577
2010,07,12,3,688.2543
2010,07,12,4,687.23615
2010,07,12,5,686.26582
2010,07,12,6,685.5692
2010,07,12,7,684.97778
2010,07,13,0,684.60353
2010,07,13,1,684.1107
2010,07,13,2,683.39386
2010,07,13,3,682.59999
2010,07,13,4,682.41932
2010,07,13,5,681.95164
2010,07,13,6,680.8023
2010,07,13,7,679.77411
2010,07,14,0,679.30169
2010,07,14,1,678.22985
2010,07,14,2,677.03135
2010,07,14,3,676.07805
2010,07,14,4,675.3759
2010,07,14,5,674.38313
2010,07,14,6,673.62856
2010,07,14,7,672.46312
2010,07,15,0,671.44993
2010,07,15,1,670.61638
2010,07,15,2,669.26603
2010,07,15,3,667.94398
2010,07,15,4,666.16604
2010,07,15,5,656.76808
2010,07,15,6,654.19983
2010,07,15,7,654.17894
2010,07,16,0,655.1286
2010,07,16,1,656.60987
2010,07,16,2,656.94825
2010,07,16,3,657.83721
2010,07,16,4,658.37071
2010,07,16,5,658.20268
2010,07,16,6,656.6519
2010,07,16,7,655.12461
2010,07,17,0,654.78733
2010,07,17,1,654.86105
2010,07,17,2,655.49578
2010,07,17,3,656.32047
2010,07,17,4,657.0731
2010,07,17,5,658.6299
2010,07,17,6,666.96647
2010,07,17,7,668.50047
2010,07,18,0,670.00704
2010,07,18,1,671.2683
2010,07,18,2,672.48874
2010,07,18,3,673.50993
2010,07,18,4,674.28628
2010,07,18,5,675.05748
2010,07,18,6,675.66469
2010,07,18,7,676.07235
2010,07,19,0,676.94107
2010,07,19,1,677.41528
2010,07,19,2,678.0185
2010,07,19,3,678.45813
2010,07,19,4,677.96467
2010,07,19,5,677.46516
2010,07,19,6,676.71313
2010,07,19,7,676.45916
2010,07,20,0,676.08856
2010,07,20,1,675.36787
2010,07,20,2,674.80922
2010,07,20,3,674.14047
2010,07,20,4,673.71929
2010,07,20,5,673.54595
2010,07,20,6,673.31801
2010,07,20,7,672.34983
2010,07,21,0,672.24925
2010,07,21,1,672.22012
2010,07,21,2,672.30928
2010,07,21,3,672.79087
2010,07,21,4,673.05079
2010,07,21,5,673.78596
2010,07,21,6,674.82062
2010,07,21,7,675.04871
2010,07,22,0,674.74304
2010,07,22,1,674.59267
2010,07,22,2,674.90829
2010,07,22,3,675.44854
2010,07,22,4,675.2574
2010,07,22,5,674.43818
2010,07,22,6,673.34879
2010,07,22,7,672.55519
2010,07,23,0,671.60854
2010,07,23,1,671.193
2010,07,23,2,670.17427
2010,07,23,3,669.56903
2010,07,23,4,668.75556
2010,07,23,5,667.92305
2010,07,23,6,667.45221
2010,07,23,7,667.19838
2010,07,24,0,666.99023
2010,07,24,1,666.92828
2010,07,24,2,667.21918
2010,07,24,3,667.41516
2010,07,24,4,667.6023
2010,07,24,5,668.13778
2010,07,24,6,668.72643
2010,07,24,7,669.65993
2010,07,25,0,670.95772
2010,07,25,1,672.32404
2010,07,25,2,673.49722
2010,07,25,3,674.54377
2010,07,25,4,674.99109
2010,07,25,5,675.72678
2010,07,25,6,676.61378
2010,07,25,7,677.15956
2010,07,26,0,678.13313
2010,07,26,1,678.81206
2010,07,26,2,678.96594
2010,07,26,3,678.92698
2010,07,26,4,679.02083
2010,07,26,5,679.17508
2010,07,26,6,679.24348
2010,07,26,7,679.08552
2010,07,27,0,678.14696
2010,07,27,1,677.14025
2010,07,27,2,676.36826
2010,07,27,3,676.34212
2010,07,27,4,676.45383
2010,07,27,5,676.6732
2010,07,27,6,676.848
2010,07,27,7,677.30861
2010,07,28,0,678.17941
2010,07,28,1,678.9777
2010,07,28,2,679.84435
2010,07,28,3,681.19868
2010,07,28,4,681.52027
2010,07,28,5,681.00165
2010,07,28,6,681.05879
2010,07,28,7,681.29254
2010,07,29,0,681.60244
2010,07,29,1,681.12085
2010,07,29,2,679.43501
2010,07,29,3,677.99586
2010,07,29,4,677.5036
2010,07,29,5,677.41967
2010,07,29,6,677.15952
2010,07,29,7,677.23918
2010,07,30,0,676.55428
2010,07,30,1,675.53053
2010,07,30,2,676.22214
2010,07,30,3,677.43487
2010,07,30,4,679.50257
2010,07,30,5,681.51301
2010,07,30,6,682.97786
2010,07,30,7,683.24975
2010,07,31,0,682.83818
2010,07,31,1,682.5858
2010,07,31,2,683.09505
2010,07,31,3,683.37111
2010,07,31,4,683.29937
2010,07,31,5,683.19498
2010,07,31,6,682.88755
2010,07,31,7,682.06411
2010,07,1,0,681.85336
2010,07,1,1,681.84643
2010,07,1,2,681.15459
2010,07,1,3,680.14776
2010,07,1,4,679.5084
2010,07,1,5,679.08572
2010,07,1,6,678.34128
2010,07,1,7,677.56763
2010,07,2,0,676.67115
2010,07,2,1,676.11735
2010,07,2,2,675.63668
2010,07,2,3,675.16677
2010,07,2,4,674.88977
2010,07,2,5,675.16179
2010,07,2,6,675.4526
2010,07,2,7,676.2724
2010,07,3,0,676.32609
2010,07,3,1,676.21204
2010,07,3,2,677.10799
2010,07,3,3,677.9126
2010,07,3,4,679.14105
2010,07,3,5,680.54636
2010,07,3,6,681.10215
2010,07,3,7,681.64542
2010,07,4,0,682.98958
2010,07,4,1,684.43491
2010,07,4,2,685.37955
2010,07,4,3,686.6917
2010,07,4,4,687.12575
2010,07,4,5,687.63904
2010,07,4,6,688.5751
2010,07,4,7,689.33278
2010,07,5,0,689.92828
2010,07,5,1,690.25941
2010,07,5,2,690.4557
2010,07,5,3,690.35935
2010,07,5,4,690.08123
2010,07,5,5,690.07431
2010,07,5,6,689.78657
2010,07,5,7,689.67606
2010,07,6,0,689.16254
2010,07,6,1,689.20584
2010,07,6,2,689.02123
2010,07,6,3,688.35255
2010,07,6,4,688.22397
2010,07,6,5,688.02648
2010,07,6,6,687.61971
2010,07,6,7,687.1043
2010,07,7,0,686.26577
2010,07,7,1,685.76098
2010,07,7,2,685.31874
2010,07,7,3,685.12837
2010,07,7,4,684.58823
2010,07,7,5,683.66699
2010,07,7,6,682.71235
2010,07,7,7,682.08237
2010,07,8,0,680.8375
2010,07,8,1,680.08266
2010,07,8,2,680.24591
2010,07,8,3,679.85409
2010,07,8,4,679.31228
2010,07,8,5,679.06208
2010,07,8,6,678.83831
2010,07,8,7,678.76299
2010,07,9,0,678.262
2010,07,9,1,678.15909
2010,07,9,2,678.50217
2010,07,9,3,678.94335
2010,07,9,4,678.91447
2010,07,9,5,679.00049
2010,07,9,6,679.0379
2010,07,9,7,678.6884
2010,07,10,0,678.67034
2010,07,10,1,678.62853
2010,07,10,2,678.61932
2010,07,10,3,678.54543
2010,07,10,4,678.5583
2010,07,10,5,678.81999
2010,07,10,6,678.97086
2010,07,10,7,678.9327
2010,07,11,0,678.83241
2010,07,11,1,678.85206
2010,07,11,2,678.71852
2010,07,11,3,678.35632
2010,07,11,4,678.13892
2010,07,11,5,678.13012
2010,07,11,6,677.76344
2010,07,11,7,677.19156
2010,07,12,0,677.95071
2010,07,12,1,679.02709
2010,07,12,2,678.87145
2010,07,12,3,678.47111
2010,07,12,4,678.08068
2010,07,12,5,677.44811
2010,07,12,6,677.2502
2010,07,12,7,677.4523
2010,07,13,0,677.68517
2010,07,13,1,679.06514
2010,07,13,2,680.99811
2010,07,13,3,682.93411
2010,07,13,4,684.33987
2010,07,13,5,684.37178
2010,07,13,6,685.09916
2010,07,13,7,685.60809
2010,07,14,0,685.52187
2010,07,14,1,685.71578
2010,07,14,2,685.54757
2010,07,14,3,685.1867
2010,07,14,4,685.16791
2010,07,14,5,684.50697
2010,07,14,6,684.07333
2010,07,14,7,683.88255
2010,07,15,0,683.91387
2010,07,15,1,684.11759
2010,07,15,2,684.04096
2010,07,15,3,684.7058
2010,07,15,4,685.18921
2010,07,15,5,685.19855
2010,07,15,6,685.81701
2010,07,15,7,686.26984
2010,07,16,0,686.61206
2010,07,16,1,686.05353
2010,07,16,2,685.53068
2010,07,16,3,684.79862
2010,07,16,4,683.65384
2010,07,16,5,682.57074
2010,07,16,6,681.14152
2010,07,16,7,680.15268
2010,07,17,0,679.24064
2010,07,17,1,678.6668
2010,07,17,2,677.08323
2010,07,17,3,675.91271
2010,07,17,4,674.7209
2010,07,17,5,673.63493
2010,07,17,6,673.68331
2010,07,17,7,673.08916
2010,07,18,0,672.04436
2010,07,18,1,670.18103
2010,07,18,2,669.66613
2010,07,18,3,670.34433
2010,07,18,4,670.1341
2010,07,18,5,670.41324
2010,07,18,6,671.47568
2010,07,18,7,672.47334
2010,07,19,0,672.57311
2010,07,19,1,672.79836
2010,07,19,2,673.30695
2010,07,19,3,673.80962
2010,07,19,4,673.83568
2010,07,19,5,674.06258
2010,07,19,6,673.78269
2010,07,19,7,673.74753
2010,07,20,0,674.38886
2010,07,20,1,674.03285
2010,07,20,2,673.48273
2010,07,20,3,672.93867
2010,07,20,4,673.23055
2010,07,20,5,673.14405
2010,07,20,6,673.96991
2010,07,20,7,675.28484
2010,07,21,0,677.17832
2010,07,21,1,678.79085
2010,07,21,2,679.02117
2010,07,21,3,679.62077
2010,07,21,4,680.54562
2010,07,21,5,681.07127
2010,07,21,6,681.49479
2010,07,21,7,682.06989
2010,07,22,0,683.22082
2010,07,22,1,683.89382
2010,07,22,2,684.68009
2010,07,22,3,685.01395
2010,07,22,4,685.58482
2010,07,22,5,686.1278
2010,07,22,6,686.74406
2010,07,22,7,686.94782
2010,07,23,0,687.41909
2010,07,23,1,687.55459
2010,07,23,2,687.7243
2010,07,23,3,688.12989
2010,07,23,4,687.87261
2010,07,23,5,687.73916
2010,07,23,6,688.29149
2010,07,23,7,688.82974
2010,07,24,0,689.00773
2010,07,24,1,689.16304
2010,07,24,2,689.37707
2010,07,24,3,689.37154
2010,07,24,4,689.79426
2010,07,24,5,689.70139
2010,07,24,6,689.75124
2010,07,24,7,690.21944
2010,07,25,0,690.57073
2010,07,25,1,690.51267
2010,07,25,2,690.69335
2010,07,25,3,690.97322
2010,07,25,4,689.88226
2010,07,25,5,688.62548
2010,07,25,6,688.07276
2010,07,25,7,687.70963
2010,07,26,0,687.5505
2010,07,26,1,687.60705
2010,07,26,2,688.22263
2010,07,26,3,688.59435
2010,07,26,4,688.65394
2010,07,26,5,689.04314
2010,07,26,6,689.03782
2010,07,26,7,688.73375
2010,07,27,0,688.93228
2010,07,27,1,689.05523
2010,07,27,2,688.98917
2010,07,27,3,688.66156
2010,07,27,4,688.48646
2010,07,27,5,688.12967
2010,07,27,6,687.80581
2010,07,27,7,686.97901
2010,07,28,0,685.89136
2010,07,28,1,684.80754
2010,07,28,2,683.68343
2010,07,28,3,682.61809
2010,07,28,4,681.24307
2010,07,28,5,680.04871
2010,07,28,6,678.86186
2010,07,28,7,677.87921
2010,07,29,0,676.91047
2010,07,29,1,675.62705
2010,07,29,2,674.6721
2010,07,29,3,674.35302
2010,07,29,4,673.80651
2010,07,29,5,673.51546
2010,07,29,6,673.77496
2010,07,29,7,674.20796
2010,07,30,0,674.53763
2010,07,30,1,674.93931
2010,07,30,2,675.85969
2010,07,30,3,676.3389
2010,07,30,4,676.82827
2010,07,30,5,677.5596
2010,07,30,6,677.76312
2010,07,30,7,677.90159
2010,07,31,0,677.68582
2010,07,31,1,677.46949
2010,07,31,2,677.81364
2010,07,31,3,677.95628
2010,07,31,4,677.697
2010,07,31,5,677.71187
2010,07,31,6,678.31024
2010,07,31,7,678.90096
2010,07,1,0,679.52938
2010,07,1,1,679.67428
2010,07,1,2,679.96498
2010,07,1,3,680.36676
2010,07,1,4,680.13255
2010,07,1,5,680.2519
2010,07,1,6,680.27119
2010,07,1,7,680.47462
2010,07,2,0,680.9159
2010,07,2,1,681.19356
2010,07,2,2,681.91086
2010,07,2,3,682.32654
2010,07,2,4,682.40793
2010,07,2,5,682.49677
2010,07,2,6,682.9477
2010,07,2,7,683.6344
2010,07,3,0,683.83005
2010,07,3,1,684.47872
2010,07,3,2,685.4441
2010,07,3,3,685.97248
2010,07,3,4,686.67617
2010,07,3,5,687.11007
2010,07,3,6,687.7404
2010,07,3,7,688.19293
2010,07,4,0,688.5211
2010,07,4,1,688.35463
2010,07,4,2,688.39241
2010,07,4,3,688.42882
2010,07,4,4,687.36272
2010,07,4,5,685.65529
2010,07,4,6,684.45169
2010,07,4,7,683.05497
2010,07,5,0,681.98137
2010,07,5,1,680.80426
2010,07,5,2,679.76932
2010,07,5,3,678.48196
2010,07,5,4,676.38507
2010,07,5,5,673.92978
2010,07,5,6,672.21115
2010,07,5,7,670.42583
2010,07,6,0,668.64742
2010,07,6,1,667.03279
2010,07,6,2,666.24908
2010,07,6,3,657.62048
2010,07,6,4,658.18586
2010,07,6,5,667.60202
2010,07,6,6,669.67436
2010,07,6,7,672.33799
2010,07,7,0,674.37899
2010,07,7,1,676.21507
2010,07,7,2,678.06945
2010,07,7,3,679.1067
2010,07,7,4,680.07726
2010,07,7,5,680.70425
2010,07,7,6,680.87456
2010,07,7,7,680.69319
2010,07,8,0,680.02053
2010,07,8,1,679.14326
2010,07,8,2,678.79665
2010,07,8,3,678.40039
2010,07,8,4,677.92823
2010,07,8,5,677.80243
2010,07,8,6,676.90251
2010,07,8,7,675.84382
2010,07,9,0,675.0756
2010,07,9,1,674.61228
2010,07,9,2,674.10235
2010,07,9,3,674.03123
2010,07,9,4,674.85391
2010,07,9,5,675.0694
2010,07,9,6,676.33153
2010,07,9,7,677.2299
2010,07,10,0,677.62143
2010,07,10,1,678.02462
2010,07,10,2,678.7219
2010,07,10,3,678.9361
2010,07,10,4,678.55955
2010,07,10,5,677.91951
2010,07,10,6,677.84626
2010,07,10,7,677.76023
2010,07,11,0,677.0204
2010,07,11,1,676.09222
2010,07,11,2,675.18957
2010,07,11,3,673.60793
2010,07,11,4,672.71164
2010,07,11,5,672.28945
2010,07,11,6,671.24019
2010,07,11,7,668.80642
2010,07,12,0,668.93802
2010,07,12,1,669.57021
2010,07,12,2,668.86655
2010,07,12,3,668.58632
2010,07,12,4,669.38114
2010,07,12,5,669.93103
2010,07,12,6,670.65603
2010,07,12,7,671.04718
2010,07,13,0,671.33981
2010,07,13,1,671.6136
2010,07,13,2,672.00156
2010,07,13,3,672.54586
2010,07,13,4,672.79125
2010,07,13,5,673.18136
2010,07,13,6,673.92389
2010,07,13,7,675.11223
2010,07,14,0,676.86592
2010,07,14,1,677.87292
2010,07,14,2,679.06891
2010,07,14,3,680.65501
2010,07,14,4,682.80203
2010,07,14,5,684.726
2010,07,14,6,685.85454
2010,07,14,7,687.05188
2010,07,15,0,688.11603
2010,07,15,1,688.54091
2010,07,15,2,689.12118
2010,07,15,3,689.76756
2010,07,15,4,690.2131
2010,07,15,5,690.5285
2010,07,15,6,690.85166
2010,07,15,7,691.23903
2010,07,16,0,691.0776
2010,07,16,1,690.4505
2010,07,16,2,690.0969
2010,07,16,3,689.72992
2010,07,16,4,688.82013
2010,07,16,5,688.19977
2010,07,16,6,687.87225
2010,07,16,7,687.75908
2010,07,17,0,687.25558
2010,07,17,1,686.45475
2010,07,17,2,686.57215
2010,07,17,3,686.35369
2010,07,17,4,685.62938
2010,07,17,5,684.62149
2010,07,17,6,684.38631
2010,07,17,7,685.0152
2010,07,18,0,685.68372
2010,07,18,1,685.43856
2010,07,18,2,685.07568
2010,07,18,3,685.26414
2010,07,18,4,685.1853
2010,07,18,5,684.75472
2010,07,18,6,683.93074
2010,07,18,7,683.10327
2010,07,19,0,682.38366
2010,07,19,1,681.41259
2010,07,19,2,680.97744
2010,07,19,3,680.8273
2010,07,19,4,681.30091
2010,07,19,5,681.77464
2010,07,19,6,682.09241
2010,07,19,7,682.77498
2010,07,20,0,683.24596
2010,07,20,1,683.73051
2010,07,20,2,684.59819
2010,07,20,3,685.42777
2010,07,20,4,685.56481
2010,07,20,5,685.61067
2010,07,20,6,685.9038
2010,07,20,7,686.26269
2010,07,21,0,686.3115
2010,07,21,1,686.52302
2010,07,21,2,687.28794
2010,07,21,3,687.81979
2010,07,21,4,688.75068
2010,07,21,5,690.16295
2010,07,21,6,690.78359
2010,07,21,7,691.34003
2010,07,22,0,692.03179
2010,07,22,1,692.76316
2010,07,22,2,693.4181
2010,07,22,3,693.66635
2010,07,22,4,693.89494
2010,07,22,5,694.26043
2010,07,22,6,693.90222
2010,07,22,7,693.56854
2010,07,23,0,693.95509
2010,07,23,1,694.08028
2010,07,23,2,693.8056
2010,07,23,3,693.16594
2010,07,23,4,691.73453
2010,07,23,5,690.61605
2010,07,23,6,690.12658
2010,07,23,7,689.47561
2010,07,24,0,688.30521
2010,07,24,1,687.06438
2010,07,24,2,686.06268
2010,07,24,3,685.13396
2010,07,24,4,684.3319
2010,07,24,5,683.55903
2010,07,24,6,683.88049
2010,07,24,7,684.46818
2010,07,25,0,684.40322
2010,07,25,1,684.74873
2010,07,25,2,684.82567
2010,07,25,3,685.15954
2010,07,25,4,685.87768
2010,07,25,5,686.58572
2010,07,25,6,687.64813
2010,07,25,7,688.84387
2010,07,26,0,689.75029
2010,07,26,1,690.38804
2010,07,26,2,691.4892
2010,07,26,3,692.64573
2010,07,26,4,693.36773
2010,07,26,5,693.81725
2010,07,26,6,694.56449
2010,07,26,7,694.955
2010,07,27,0,695.9605
2010,07,27,1,696.85066
2010,07,27,2,697.39796
2010,07,27,3,697.79572
2010,07,27,4,697.6877
2010,07,27,5,696.99701
2010,07,27,6,696.79468
2010,07,27,7,696.43203
2010,07,28,0,696.12045
2010,07,28,1,695.98607
2010,07,28,2,695.51145
2010,07,28,3,694.50497
2010,07,28,4,693.93474
2010,07,28,5,693.0271
2010,07,28,6,692.23768
2010,07,28,7,691.22799
2010,07,29,0,690.112
2010,07,29,1,688.64849
2010,07,29,2,686.71474
2010,07,29,3,684.62337
2010,07,29,4,683.09669
2010,07,29,5,682.33089
2010,07,29,6,681.49098
2010,07,29,7,680.44389
2010,07,30,0,679.64824
2010,07,30,1,678.91908
2010,07,30,2,678.76386
2010,07,30,3,678.78752
2010,07,30,4,679.07046
2010,07,30,5,679.74038
2010,07,30,6,680.80581
2010,07,30,7,681.87014
2010,07,1,0,683.09821
2010,07,1,1,684.24869
2010,07,1,2,685.75518
2010,07,1,3,686.29825
2010,07,1,4,686.89294
2010,07,1,5,687.47967
2010,07,1,6,688.51627
2010,07,1,7,689.23874
2010,07,2,0,689.63581
2010,07,2,1,689.74864
2010,07,2,2,689.76766
2010,07,2,3,689.44504
2010,07,2,4,689.37602
2010,07,2,5,688.83801
2010,07,2,6,688.96179
2010,07,2,7,688.95392
2010,07,3,0,688.10736
2010,07,3,1,686.91691
2010,07,3,2,686.45342
2010,07,3,3,685.47136
2010,07,3,4,684.08579
2010,07,3,5,683.33163
2010,07,3,6,682.71387
2010,07,3,7,682.06626
2010,07,4,0,681.97715
2010,07,4,1,682.19981
2010,07,4,2,682.95529
2010,07,4,3,683.93959
2010,07,4,4,684.83112
2010,07,4,5,685.61459
2010,07,4,6,686.9352
2010,07,4,7,688.10787
2010,07,5,0,689.46577
2010,07,5,1,690.61275
2010,07,5,2,691.06708
2010,07,5,3,691.82495
2010,07,5,4,693.39615
2010,07,5,5,694.3794
2010,07,5,6,694.69689
2010,07,5,7,695.30426
2010,07,6,0,695.93414
2010,07,6,1,696.22153
2010,07,6,2,696.09969
2010,07,6,3,696.05637
2010,07,6,4,696.68087
2010,07,6,5,696.80643
2010,07,6,6,697.25018
2010,07,6,7,697.60293
2010,07,7,0,697.46544
2010,07,7,1,697.17149
2010,07,7,2,697.06862
2010,07,7,3,696.59098
2010,07,7,4,695.81051
2010,07,7,5,695.28395
2010,07,7,6,695.01045
2010,07,7,7,694.00883
2010,07,8,0,693.20153
2010,07,8,1,692.23285
2010,07,8,2,691.69098
2010,07,8,3,691.17859
2010,07,8,4,689.87949
2010,07,8,5,688.74407
2010,07,8,6,687.58917
2010,07,8,7,686.11143
2010,07,9,0,684.7792
2010,07,9,1,683.52794
2010,07,9,2,682.70712
2010,07,9,3,681.85703
2010,07,9,4,681.25291
2010,07,9,5,680.89694
2010,07,9,6,680.60941
2010,07,9,7,680.74197
2010,07,10,0,680.85574
2010,07,10,1,680.86332
2010,07,10,2,680.77972
2010,07,10,3,680.75114
2010,07,10,4,681.01299
2010,07,10,5,680.78887
2010,07,10,6,680.78608
2010,07,10,7,680.67138
2010,07,11,0,680.12102
2010,07,11,1,679.35724
2010,07,11,2,678.77063
2010,07,11,3,678.5028
2010,07,11,4,678.20136
2010,07,11,5,678.1064
2010,07,11,6,678.34337
2010,07,11,7,678.93272
2010,07,12,0,679.20967
2010,07,12,1,679.22547
2010,07,12,2,680.15872
2010,07,12,3,681.31129
2010,07,12,4,682.64598
2010,07,12,5,684.03253
2010,07,12,6,686.38905
2010,07,12,7,688.67009
2010,07,13,0,689.47699
2010,07,13,1,689.70601
2010,07,13,2,690.17601
2010,07,13,3,689.93118
2010,07,13,4,689.07561
2010,07,13,5,688.45148
2010,07,13,6,687.7537
2010,07,13,7,686.70454
2010,07,14,0,686.02418
2010,07,14,1,685.38705
2010,07,14,2,685.556
2010,07,14,3,685.93723
2010,07,14,4,686.11954
2010,07,14,5,686.40039
2010,07,14,6,686.8732
2010,07,14,7,686.6932
2010,07,15,0,686.16771
2010,07,15,1,685.67211
2010,07,15,2,685.50859
2010,07,15,3,684.79149
2010,07,15,4,684.38029
2010,07,15,5,683.58519
2010,07,15,6,682.482
2010,07,15,7,681.48273
2010,07,16,0,680.39379
2010,07,16,1,679.36742
2010,07,16,2,679.29748
2010,07,16,3,679.04902
2010,07,16,4,679.05621
2010,07,16,5,679.05115
2010,07,16,6,679.54227
2010,07,16,7,679.79658
2010,07,17,0,679.71439
2010,07,17,1,679.68688
2010,07,17,2,680.80848
2010,07,17,3,681.61624
2010,07,17,4,681.99395
2010,07,17,5,682.12382
2010,07,17,6,682.96167
2010,07,17,7,683.37378
2010,07,18,0,683.4742
2010,07,18,1,683.04764
2010,07,18,2,683.3413
2010,07,18,3,683.12486
2010,07,18,4,682.67911
2010,07,18,5,682.68514
2010,07,18,6,683.10918
2010,07,18,7,683.2566
2010,07,19,0,683.15143
2010,07,19,1,683.17407
2010,07,19,2,683.62548
2010,07,19,3,683.96786
2010,07,19,4,684.57107
2010,07,19,5,685.1035
2010,07,19,6,685.74804
2010,07,19,7,686.6357
2010,07,20,0,687.24703
2010,07,20,1,687.53178
2010,07,20,2,688.40947
2010,07,20,3,689.05753
2010,07,20,4,689.05258
2010,07,20,5,688.95787
2010,07,20,6,688.77765
2010,07,20,7,688.591
2010,07,21,0,688.56804
2010,07,21,1,688.26732
2010,07,21,2,687.5534
2010,07,21,3,687.18555
2010,07,21,4,687.10246
2010,07,21,5,687.08687
2010,07,21,6,687.08096
2010,07,21,7,686.95128
2010,07,22,0,686.48351
2010,07,22,1,685.97417
2010,07,22,2,685.98798
2010,07,22,3,685.67881
2010,07,22,4,684.79589
2010,07,22,5,684.462
2010,07,22,6,684.55533
2010,07,22,7,684.16976
2010,07,23,0,682.69351
2010,07,23,1,681.40877
2010,07,23,2,681.64821
2010,07,23,3,681.48513
2010,07,23,4,680.72099
2010,07,23,5,680.50844
2010,07,23,6,680.99585
2010,07,23,7,681.21934
2010,07,24,0,681.76953
2010,07,24,1,682.07415
2010,07,24,2,683.30785
2010,07,24,3,684.08912
2010,07,24,4,683.23917
2010,07,24,5,682.6138
2010,07,24,6,682.25238
2010,07,24,7,682.05501
2010,07,25,0,682.06618
2010,07,25,1,681.90706
2010,07,25,2,682.16938
2010,07,25,3,682.13006
2010,07,25,4,681.62429
2010,07,25,5,681.21107
2010,07,25,6,681.16196
2010,07,25,7,680.8091
2010,07,26,0,680.78555
2010,07,26,1,680.62783
2010,07,26,2,680.64184
2010,07,26,3,680.41774
2010,07,26,4,680.07259
2010,07,26,5,680.25924
2010,07,26,6,680.5141
2010,07,26,7,680.60185
2010,07,27,0,680.47506
2010,07,27,1,680.1894
2010,07,27,2,680.58439
2010,07,27,3,681.16965
2010,07,27,4,681.60028
2010,07,27,5,681.88081
2010,07,27,6,682.02577
2010,07,27,7,682.33099
2010,07,28,0,683.01958
2010,07,28,1,683.4651
2010,07,28,2,683.83762
2010,07,28,3,684.20233
2010,07,28,4,684.68135
2010,07,28,5,684.93855
2010,07,28,6,685.91923
2010,07,28,7,686.86222
2010,07,29,0,686.60412
2010,07,29,1,686.35383
2010,07,29,2,686.73751
2010,07,29,3,686.86724
2010,07,29,4,686.61904
2010,07,29,5,686.22789
2010,07,29,6,686.37332
2010,07,29,7,686.61203
2010,07,30,0,685.75131
2010,07,30,1,684.71139
2010,07,30,2,684.34348
2010,07,30,3,683.46009
2010,07,30,4,682.33621
2010,07,30,5,681.58494
2010,07,30,6,681.14251
2010,07,30,7,681.0506
2010,07,31,0,679.54095
2010,07,31,1,676.71211
2010,07,31,2,674.85477
2010,07,31,3,673.15533
2010,07,31,4,671.65939
2010,07,31,5,671.44898
2010,07,31,6,672.71653
2010,07,31,7,674.09474
2010,07,1,0,675.21886
2010,07,1,1,676.50819
2010,07,1,2,678.4037
2010,07,1,3,679.88702
2010,07,1,4,681.41959
2010,07,1,5,682.40338
2010,07,1,6,684.13517
2010,07,1,7,685.82052
2010,07,2,0,686.68704
2010,07,2,1,686.99901
2010,07,2,2,687.80435
2010,07,2,3,688.53362
2010,07,2,4,688.86116
2010,07,2,5,688.83356
2010,07,2,6,689.65043
2010,07,2,7,690.98084
2010,07,3,0,691.67821
2010,07,3,1,691.87106
2010,07,3,2,692.28094
2010,07,3,3,692.47252
2010,07,3,4,692.73543
2010,07,3,5,692.82595
2010,07,3,6,693.17845
2010,07,3,7,694.10203
2010,07,4,0,694.12773
2010,07,4,1,694.10176
2010,07,4,2,694.79266
2010,07,4,3,695.23936
2010,07,4,4,695.34781
2010,07,4,5,695.57567
2010,07,4,6,696.0297
2010,07,4,7,696.40639
2010,07,5,0,696.53
2010,07,5,1,696.25906
2010,07,5,2,696.80393
2010,07,5,3,697.03675
2010,07,5,4,696.61135
2010,07,5,5,695.92962
2010,07,5,6,695.58523
2010,07,5,7,695.35048
2010,07,6,0,694.38901
2010,07,6,1,693.02846
2010,07,6,2,692.53342
2010,07,6,3,691.78951
2010,07,6,4,691.2008
2010,07,6,5,690.36869
2010,07,6,6,690.84374
2010,07,6,7,691.56288
2010,07,7,0,691.26882
2010,07,7,1,691.14288
2010,07,7,2,691.75849
2010,07,7,3,691.96596
2010,07,7,4,691.66542
2010,07,7,5,692.18626
2010,07,7,6,694.18254
2010,07,7,7,695.79371
2010,07,8,0,696.45278
2010,07,8,1,696.53371
2010,07,8,2,697.09333
2010,07,8,3,697.99707
2010,07,8,4,699.03232
2010,07,8,5,700.1595
2010,07,8,6,700.97283
2010,07,8,7,701.50729
2010,07,9,0,702.16635
2010,07,9,1,702.61196
2010,07,9,2,703.07773
2010,07,9,3,703.38558
2010,07,9,4,702.77589
2010,07,9,5,700.87037
2010,07,9,6,700.06466
2010,07,9,7,699.20041
2010,07,10,0,698.66761
2010,07,10,1,697.19067
2010,07,10,2,696.50884
2010,07,10,3,695.82819
2010,07,10,4,694.65413
2010,07,10,5,693.11845
2010,07,10,6,692.0334
2010,07,10,7,691.03326
2010,07,11,0,689.66276
2010,07,11,1,688.14544
2010,07,11,2,688.30665
2010,07,11,3,688.65735
2010,07,11,4,687.82315
2010,07,11,5,687.05287
2010,07,11,6,686.95162
2010,07,11,7,686.83021
2010,07,12,0,685.8281
2010,07,12,1,684.95364
2010,07,12,2,684.6582
2010,07,12,3,683.80243
2010,07,12,4,682.75281
2010,07,12,5,682.05242
2010,07,12,6,681.77008
2010,07,12,7,681.38718
2010,07,13,0,681.58769
2010,07,13,1,681.61291
2010,07,13,2,681.87062
2010,07,13,3,681.95377
2010,07,13,4,682.40471
2010,07,13,5,683.01975
2010,07,13,6,683.32007
2010,07,13,7,683.43255
2010,07,14,0,683.19808
2010,07,14,1,682.7393
2010,07,14,2,682.46264
2010,07,14,3,681.91828
2010,07,14,4,681.57197
2010,07,14,5,681.43484
2010,07,14,6,681.36728
2010,07,14,7,681.80802
2010,07,15,0,681.85974
2010,07,15,1,681.75833
2010,07,15,2,682.13183
2010,07,15,3,682.55623
2010,07,15,4,683.03779
2010,07,15,5,683.82169
2010,07,15,6,684.59999
2010,07,15,7,685.37775
2010,07,16,0,686.60457
2010,07,16,1,687.50289
2010,07,16,2,687.8281
2010,07,16,3,688.05499
2010,07,16,4,688.56544
2010,07,16,5,688.81044
2010,07,16,6,689.15517
2010,07,16,7,689.55302
2010,07,17,0,689.82245
2010,07,17,1,689.34929
2010,07,17,2,689.2776
2010,07,17,3,689.1374
2010,07,17,4,688.80159
2010,07,17,5,688.5169
2010,07,17,6,687.98897
2010,07,17,7,687.22243
2010,07,18,0,686.83634
2010,07,18,1,686.28226
2010,07,18,2,685.90584
2010,07,18,3,685.66834
2010,07,18,4,684.98038
2010,07,18,5,684.50702
2010,07,18,6,685.00958
2010,07,18,7,685.44224
2010,07,19,0,684.69612
2010,07,19,1,683.91927
2010,07,19,2,684.4489
2010,07,19,3,684.31394
2010,07,19,4,684.34828
2010,07,19,5,684.24004
2010,07,19,6,683.93951
2010,07,19,7,684.01425
2010,07,20,0,683.85803
2010,07,20,1,683.53826
2010,07,20,2,683.94152
2010,07,20,3,684.17962
2010,07,20,4,684.08138
2010,07,20,5,684.06616
2010,07,20,6,684.04043
2010,07,20,7,684.10956
2010,07,21,0,684.10285
2010,07,21,1,683.74702
2010,07,21,2,683.95681
2010,07,21,3,684.27211
2010,07,21,4,683.90388
2010,07,21,5,683.55491
2010,07,21,6,683.81908
2010,07,21,7,683.74004
2010,07,22,0,683.74228
2010,07,22,1,683.74196
2010,07,22,2,683.55058
2010,07,22,3,683.04604
2010,07,22,4,683.2525
2010,07,22,5,683.23148
2010,07,22,6,683.23099
2010,07,22,7,683.13999
2010,07,23,0,682.84102
2010,07,23,1,682.59759
2010,07,23,2,682.15096
2010,07,23,3,681.46884
2010,07,23,4,681.03839
2010,07,23,5,680.75332
2010,07,23,6,680.87007
2010,07,23,7,680.83517
2010,07,24,0,680.90455
2010,07,24,1,680.87251
2010,07,24,2,681.06073
2010,07,24,3,681.03715
2010,07,24,4,680.95375
2010,07,24,5,680.73946
2010,07,24,6,680.76562
2010,07,24,7,681.03209
2010,07,25,0,680.95519
2010,07,25,1,680.42242
2010,07,25,2,680.62241
2010,07,25,3,680.83796
2010,07,25,4,680.73545
2010,07,25,5,680.68279
2010,07,25,6,680.86679
2010,07,25,7,680.95402
2010,07,26,0,680.91124
2010,07,26,1,680.62972
2010,07,26,2,680.62936
2010,07,26,3,680.64747
2010,07,26,4,680.44035
2010,07,26,5,679.9887
2010,07,26,6,679.69453
2010,07,26,7,679.46391
2010,07,27,0,679.31869
2010,07,27,1,678.79663
2010,07,27,2,678.6388
2010,07,27,3,678.48326
2010,07,27,4,678.31096
2010,07,27,5,678.12502
2010,07,27,6,678.06351
2010,07,27,7,678.06907
2010,07,28,0,678.06655
2010,07,28,1,677.68842
2010,07,28,2,677.8128
2010,07,28,3,677.85391
2010,07,28,4,677.94758
2010,07,28,5,678.131
2010,07,28,6,678.52545
2010,07,28,7,679.14201
2010,07,29,0,679.69951
2010,07,29,1,679.84311
2010,07,29,2,680.19981
2010,07,29,3,680.82737
2010,07,29,4,681.2006
2010,07,29,5,681.4793
2010,07,29,6,682.06817
2010,07,29,7,682.63721
2010,07,30,0,683.22948
2010,07,30,1,683.28931
2010,07,30,2,683.67189
2010,07,30,3,684.28866
2010,07,30,4,684.46159
2010,07,30,5,684.37359
2010,07,30,6,684.89381
2010,07,30,7,685.61229
2010,07,1,0,686.16487
2010,07,1,1,686.60592
2010,07,1,2,686.81395
2010,07,1,3,686.86419
2010,07,1,4,687.20701
2010,07,1,5,687.08242
2010,07,1,6,686.87859
2010,07,1,7,687.11876
2010,07,2,0,687.67741
2010,07,2,1,688.02553
2010,07,2,2,688.58313
2010,07,2,3,689.27549
2010,07,2,4,689.99055
2010,07,2,5,690.47638
2010,07,2,6,691.47545
2010,07,2,7,692.26807
2010,07,3,0,692.57519
2010,07,3,1,692.80972
2010,07,3,2,693.17604
2010,07,3,3,693.24834
2010,07,3,4,693.38167
2010,07,3,5,693.62641
2010,07,3,6,693.71115
2010,07,3,7,693.73353
2010,07,4,0,693.50565
2010,07,4,1,693.15291
2010,07,4,2,693.20268
2010,07,4,3,693.3391
2010,07,4,4,692.82939
2010,07,4,5,692.3811
2010,07,4,6,692.59454
2010,07,4,7,692.77988
2010,07,5,0,693.04467
2010,07,5,1,693.2801
2010,07,5,2,693.80691
2010,07,5,3,694.47482
2010,07,5,4,695.58144
2010,07,5,5,696.58804
2010,07,5,6,697.90784
2010,07,5,7,699.2278
2010,07,6,0,699.63384
2010,07,6,1,700.09031
2010,07,6,2,700.73287
2010,07,6,3,701.28885
2010,07,6,4,701.93534
2010,07,6,5,702.79238
2010,07,6,6,703.69527
2010,07,6,7,704.7318
2010,07,7,0,706.2225
2010,07,7,1,707.50005
2010,07,7,2,708.35754
2010,07,7,3,708.82749
2010,07,7,4,709.7329
2010,07,7,5,710.20165
2010,07,7,6,716.68865
2010,07,7,7,717.29665
2010,07,8,0,717.36403
2010,07,8,1,717.50349
2010,07,8,2,718.35022
2010,07,8,3,719.26969
2010,07,8,4,719.65163
2010,07,8,5,719.20054
2010,07,8,6,718.86953
2010,07,8,7,717.59757
2010,07,9,0,715.85002
2010,07,9,1,708.85452
2010,07,9,2,706.79802
2010,07,9,3,704.42907
2010,07,9,4,701.70054
2010,07,9,5,701.15709
2010,07,9,6,701.63765
2010,07,9,7,701.65118
2010,07,10,0,701.29523
2010,07,10,1,700.91715
2010,07,10,2,701.03659
2010,07,10,3,700.40243
2010,07,10,4,700.07143
2010,07,10,5,699.7413
2010,07,10,6,700.12462
2010,07,10,7,700.49405
2010,07,11,0,700.23093
2010,07,11,1,699.63623
2010,07,11,2,698.8321
2010,07,11,3,698.65788
2010,07,11,4,699.2174
2010,07,11,5,699.14083
2010,07,11,6,699.23637
2010,07,11,7,699.71925
2010,07,12,0,700.05471
2010,07,12,1,700.14747
2010,07,12,2,700.04734
2010,07,12,3,699.95716
2010,07,12,4,700.05827
2010,07,12,5,699.64004
2010,07,12,6,699.35728
2010,07,12,7,699.50556
2010,07,13,0,699.18442
2010,07,13,1,698.40381
2010,07,13,2,698.23432
2010,07,13,3,697.84737
2010,07,13,4,697.13299
2010,07,13,5,696.57576
2010,07,13,6,696.34977
2010,07,13,7,696.48056
2010,07,14,0,696.49809
2010,07,14,1,696.3572
2010,07,14,2,696.8355
2010,07,14,3,697.44551
2010,07,14,4,697.66643
2010,07,14,5,698.10668
2010,07,14,6,699.12485
2010,07,14,7,700.35493
2010,07,15,0,700.64768
2010,07,15,1,700.30955
2010,07,15,2,700.4763
2010,07,15,3,700.53888
2010,07,15,4,700.27657
2010,07,15,5,699.7975
2010,07,15,6,699.17027
2010,07,15,7,698.32132
2010,07,16,0,697.12947
2010,07,16,1,695.94978
2010,07,16,2,694.95485
2010,07,16,3,694.10181
2010,07,16,4,694.30338
2010,07,16,5,694.7574
2010,07,16,6,695.31678
2010,07,16,7,696.00995
2010,07,17,0,695.64815
2010,07,17,1,695.59007
2010,07,17,2,696.19539
2010,07,17,3,696.63429
2010,07,17,4,697.33096
2010,07,17,5,697.86101
2010,07,17,6,698.09087
2010,07,17,7,698.14521
2010,07,18,0,698.18676
2010,07,18,1,698.26442
2010,07,18,2,697.57733
2010,07,18,3,697.01117
2010,07,18,4,696.96423
2010,07,18,5,696.49869
2010,07,18,6,696.25685
2010,07,18,7,696.23307
2010,07,19,0,695.61682
2010,07,19,1,695.29636
2010,07,19,2,695.20415
2010,07,19,3,695.0075
2010,07,19,4,695.11099
2010,07,19,5,694.94398
2010,07,19,6,694.59787
2010,07,19,7,694.48207
2010,07,20,0,694.41863
2010,07,20,1,694.25449
2010,07,20,2,694.24876
2010,07,20,3,693.97023
2010,07,20,4,693.84535
2010,07,20,5,693.83223
2010,07,20,6,693.98129
2010,07,20,7,694.45504
2010,07,21,0,694.80756
2010,07,21,1,695.03947
2010,07,21,2,695.74286
2010,07,21,3,696.39375
2010,07,21,4,696.84877
2010,07,21,5,697.28434
2010,07,21,6,697.61399
2010,07,21,7,697.93495
2010,07,22,0,697.79545
2010,07,22,1,697.37741
2010,07,22,2,697.84044
2010,07,22,3,698.06714
2010,07,22,4,698.09262
2010,07,22,5,698.25267
2010,07,22,6,698.66339
2010,07,22,7,698.90755
2010,07,23,0,699.17012
2010,07,23,1,699.34001
2010,07,23,2,699.43351
2010,07,23,3,699.48755
2010,07,23,4,699.57693
2010,07,23,5,699.33214
2010,07,23,6,699.73709
2010,07,23,7,699.74576
2010,07,24,0,699.71886
2010,07,24,1,699.68946
2010,07,24,2,700.3113
2010,07,24,3,700.58865
2010,07,24,4,700.69106
2010,07,24,5,700.90343
2010,07,24,6,701.33424
2010,07,24,7,701.59272
2010,07,25,0,701.86525
2010,07,25,1,701.99494
2010,07,25,2,702.227
2010,07,25,3,702.35122
2010,07,25,4,702.6516
2010,07,25,5,702.71045
2010,07,25,6,703.19059
2010,07,25,7,703.419
2010,07,26,0,703.57978
2010,07,26,1,703.38874
2010,07,26,2,703.08226
2010,07,26,3,703.00289
2010,07,26,4,703.09098
2010,07,26,5,702.83564
2010,07,26,6,702.87497
2010,07,26,7,703.03574
2010,07,27,0,703.19073
2010,07,27,1,702.6996
2010,07,27,2,702.3638
2010,07,27,3,702.03291
2010,07,27,4,701.42045
2010,07,27,5,700.6574
2010,07,27,6,700.07403
2010,07,27,7,699.45881
2010,07,28,0,698.75753
2010,07,28,1,698.09045
2010,07,28,2,698.33519
2010,07,28,3,698.41169
2010,07,28,4,698.51679
2010,07,28,5,698.38091
2010,07,28,6,698.13911
2010,07,28,7,698.11059
2010,07,29,0,697.87006
2010,07,29,1,697.37039
2010,07,29,2,697.46639
2010,07,29,3,697.49744
2010,07,29,4,697.51398
2010,07,29,5,697.71433
2010,07,29,6,698.06194
2010,07,29,7,698.44598
2010,07,30,0,698.45961
2010,07,30,1,698.15257
2010,07,30,2,698.1836
2010,07,30,3,698.3666
2010,07,30,4,698.75482
2010,07,30,5,698.92924
2010,07,30,6,698.83909
2010,07,30,7,698.68854
2010,07,31,0,698.79651
2010,07,31,1,698.56935
2010,07,31,2,698.12603
2010,07,31,3,697.94203
2010,07,31,4,697.36816
2010,07,31,5,696.78727
2010,07,31,6,696.17227
2010,07,31,7,695.70258
2011,07,1,0,695.4188
2011,07,1,1,694.94785
2011,07,1,2,695.14112
2011,07,1,3,695.35808
2011,07,1,4,694.88839
2011,07,1,5,694.21907
2011,07,1,6,693.78199
2011,07,1,7,693.78661
2011,07,2,0,693.78596
2011,07,2,1,693.47713
2011,07,2,2,693.72169
2011,07,2,3,694.25914
2011,07,2,4,694.60114
2011,07,2,5,694.73423
2011,07,2,6,695.20431
2011,07,2,7,695.8827
2011,07,3,0,695.91562
2011,07,3,1,695.70289
2011,07,3,2,695.79221
2011,07,3,3,695.85633
2011,07,3,4,695.80674
2011,07,3,5,695.78569
2011,07,3,6,695.78176
2011,07,3,7,695.82143
2011,07,4,0,695.90368
2011,07,4,1,695.50315
2011,07,4,2,695.70068
2011,07,4,3,695.94773
2011,07,4,4,695.88837
2011,07,4,5,695.65652
2011,07,4,6,695.24908
2011,07,4,7,694.99663
2011,07,5,0,694.18479
2011,07,5,1,693.22532
2011,07,5,2,692.64087
2011,07,5,3,692.02256
2011,07,5,4,691.4014
2011,07,5,5,690.89944
2011,07,5,6,690.7444
2011,07,5,7,691.05419
2011,07,6,0,691.34764
2011,07,6,1,691.66634
2011,07,6,2,692.66452
2011,07,6,3,693.49236
2011,07,6,4,693.97789
2011,07,6,5,693.90573
2011,07,6,6,693.98512
2011,07,6,7,694.27381
2011,07,7,0,694.03591
2011,07,7,1,693.70321
2011,07,7,2,693.9718
2011,07,7,3,694.18984
2011,07,7,4,693.89272
2011,07,7,5,693.59405
2011,07,7,6,694.39269
2011,07,7,7,695.34967
2011,07,8,0,695.50917
2011,07,8,1,695.49833
2011,07,8,2,695.69859
2011,07,8,3,695.68469
2011,07,8,4,695.6427
2011,07,8,5,695.53345
2011,07,8,6,696.25746
2011,07,8,7,697.22738
2011,07,9,0,697.82882
2011,07,9,1,697.89039
2011,07,9,2,697.87505
2011,07,9,3,697.74594
2011,07,9,4,697.29872
2011,07,9,5,696.61807
2011,07,9,6,696.45493
2011,07,9,7,696.53122
2011,07,10,0,696.67602
2011,07,10,1,696.77009
2011,07,10,2,697.26635
2011,07,10,3,697.60933
2011,07,10,4,698.20163
2011,07,10,5,698.80697
2011,07,10,6,699.6027
2011,07,10,7,700.75494
2011,07,11,0,701.05596
2011,07,11,1,700.77969
2011,07,11,2,701.28269
2011,07,11,3,701.61227
2011,07,11,4,701.54588
2011,07,11,5,701.18513
2011,07,11,6,700.71723
2011,07,11,7,700.50939
2011,07,12,0,700.07981
2011,07,12,1,699.56377
2011,07,12,2,698.64044
2011,07,12,3,698.03746
2011,07,12,4,697.51842
2011,07,12,5,696.85086
2011,07,12,6,696.6911
2011,07,12,7,696.87961
2011,07,13,0,697.04821
2011,07,13,1,697.1259
2011,07,13,2,697.1267
2011,07,13,3,697.30829
2011,07,13,4,697.40942
2011,07,13,5,697.62217
2011,07,13,6,698.5579
2011,07,13,7,699.72306
2011,07,14,0,700.26488
2011,07,14,1,700.61787
2011,07,14,2,701.1574
2011,07,14,3,701.55777
2011,07,14,4,702.0712
2011,07,14,5,702.29476
2011,07,14,6,702.63457
2011,07,14,7,703.10891
2011,07,15,0,703.0379
2011,07,15,1,703.09749
2011,07,15,2,703.02177
2011,07,15,3,702.79348
2011,07,15,4,703.13602
2011,07,15,5,703.27793
2011,07,15,6,703.22922
2011,07,15,7,703.55098
2011,07,16,0,703.71049
2011,07,16,1,703.5815
2011,07,16,2,703.56286
2011,07,16,3,703.77985
2011,07,16,4,704.15571
2011,07,16,5,704.38033
2011,07,16,6,704.93135
2011,07,16,7,705.27738
2011,07,17,0,705.52965
2011,07,17,1,705.67271
2011,07,17,2,705.89726
2011,07,17,3,706.07223
2011,07,17,4,706.38104
2011,07,17,5,706.4646
2011,07,17,6,706.44427
2011,07,17,7,706.53292
2011,07,18,0,706.28563
2011,07,18,1,705.75839
2011,07,18,2,705.19039
2011,07,18,3,705.05581
2011,07,18,4,704.82436
2011,07,18,5,704.40913
2011,07,18,6,704.55199
2011,07,18,7,704.57692
2011,07,19,0,704.6341
2011,07,19,1,704.33188
2011,07,19,2,704.17661
2011,07,19,3,703.81938
2011,07,19,4,703.66329
2011,07,19,5,703.47391
2011,07,19,6,702.76813
2011,07,19,7,701.99909
2011,07,20,0,701.60133
2011,07,20,1,700.92921
2011,07,20,2,700.64798
2011,07,20,3,700.23344
2011,07,20,4,699.73585
2011,07,20,5,698.94442
2011,07,20,6,698.68008
2011,07,20,7,698.4666
2011,07,21,0,698.07911
2011,07,21,1,697.54189
2011,07,21,2,697.11469
2011,07,21,3,696.637
2011,07,21,4,696.054
2011,07,21,5,695.1302
2011,07,21,6,694.97538
2011,07,21,7,694.85226
2011,07,22,0,694.37387
2011,07,22,1,693.62144
2011,07,22,2,693.55554
2011,07,22,3,693.3627
2011,07,22,4,693.5036
2011,07,22,5,693.49963
2011,07,22,6,693.83696
2011,07,22,7,694.39425
2011,07,23,0,694.87543
2011,07,23,1,694.65371
2011,07,23,2,694.4284
2011,07,23,3,694.16661
2011,07,23,4,693.47391
2011,07,23,5,692.87872
2011,07,23,6,692.83615
2011,07,23,7,692.95893
2011,07,24,0,693.05787
2011,07,24,1,692.81867
2011,07,24,2,692.81673
2011,07,24,3,692.54727
2011,07,24,4,692.24178
2011,07,24,5,691.28695
2011,07,24,6,690.89796
2011,07,24,7,691.20901
2011,07,25,0,691.39865
2011,07,25,1,691.29187
2011,07,25,2,691.82994
2011,07,25,3,692.88805
2011,07,25,4,693.93
2011,07,25,5,693.90631
2011,07,25,6,694.59111
2011,07,25,7,695.65324
2011,07,26,0,696.60063
2011,07,26,1,696.26199
2011,07,26,2,696.09763
2011,07,26,3,696.47314
2011,07,26,4,696.57955
2011,07,26,5,696.40174
2011,07,26,6,696.25388
2011,07,26,7,696.26698
2011,07,27,0,696.45549
2011,07,27,1,695.87534
2011,07,27,2,695.92667
2011,07,27,3,695.80776
2011,07,27,4,695.45384
2011,07,27,5,694.84139
2011,07,27,6,694.42246
2011,07,27,7,693.96267
2011,07,28,0,693.36719
2011,07,28,1,692.44473
2011,07,28,2,691.77703
2011,07,28,3,691.50216
2011,07,28,4,691.96137
2011,07,28,5,692.34917
2011,07,28,6,692.94937
2011,07,28,7,693.66019
2011,07,29,0,694.31307
2011,07,29,1,693.94259
2011,07,29,2,694.3968
2011,07,29,3,694.83709
2011,07,29,4,695.50772
2011,07,29,5,696.09013
2011,07,29,6,695.87954
2011,07,29,7,695.72018
2011,07,30,0,696.30235
2011,07,30,1,696.81582
2011,07,30,2,696.99169
2011,07,30,3,696.73898
2011,07,30,4,696.44907
2011,07,30,5,696.03437
2011,07,30,6,696.15865
2011,07,30,7,696.35439
2011,07,31,0,696.05326
2011,07,31,1,695.73381
2011,07,31,2,695.89008
2011,07,31,3,695.64517
2011,07,31,4,695.27399
2011,07,31,5,695.03881
2011,07,31,6,695.12805
2011,07,31,7,695.22916
2011,07,1,0,694.82214
2011,07,1,1,693.92445
2011,07,1,2,693.65313
2011,07,1,3,693.15095
2011,07,1,4,692.80727
2011,07,1,5,692.37299
2011,07,1,6,692.45317
2011,07,1,7,692.61313
2011,07,2,0,692.79252
2011,07,2,1,692.53585
2011,07,2,2,692.86231
2011,07,2,3,693.39282
2011,07,2,4,693.21763
2011,07,2,5,693.14163
2011,07,2,6,693.76378
2011,07,2,7,694.36196
2011,07,3,0,694.91801
2011,07,3,1,695.09518
2011,07,3,2,696.09569
2011,07,3,3,696.79224
2011,07,3,4,696.51563
2011,07,3,5,696.01549
2011,07,3,6,696.89801
2011,07,3,7,697.42159
2011,07,4,0,696.97926
2011,07,4,1,696.38173
2011,07,4,2,696.50552
2011,07,4,3,696.76082
2011,07,4,4,697.36395
2011,07,4,5,697.5635
2011,07,4,6,697.6816
2011,07,4,7,698.36246
2011,07,5,0,698.59299
2011,07,5,1,698.11037
2011,07,5,2,698.62935
2011,07,5,3,698.70491
2011,07,5,4,698.73097
2011,07,5,5,698.81465
2011,07,5,6,698.65624
2011,07,5,7,698.47199
2011,07,6,0,698.29019
2011,07,6,1,697.82043
2011,07,6,2,696.67272
2011,07,6,3,695.13592
2011,07,6,4,694.27098
2011,07,6,5,693.54479
2011,07,6,6,692.94429
2011,07,6,7,692.31746
2011,07,7,0,691.83054
2011,07,7,1,691.26922
2011,07,7,2,691.4282
2011,07,7,3,691.6437
2011,07,7,4,691.71895
2011,07,7,5,691.65606
2011,07,7,6,691.71167
2011,07,7,7,691.79788
2011,07,8,0,692.86885
2011,07,8,1,693.61641
2011,07,8,2,694.054
2011,07,8,3,694.94502
2011,07,8,4,696.06784
2011,07,8,5,696.5284
2011,07,8,6,696.94403
2011,07,8,7,696.86848
2011,07,9,0,696.71904
2011,07,9,1,695.84905
2011,07,9,2,694.96258
2011,07,9,3,694.20583
2011,07,9,4,692.8571
2011,07,9,5,690.99814
2011,07,9,6,689.65165
2011,07,9,7,688.01136
2011,07,10,0,687.43869
2011,07,10,1,687.4347
2011,07,10,2,688.12887
2011,07,10,3,689.10895
2011,07,10,4,690.08847
2011,07,10,5,690.53672
2011,07,10,6,691.30963
2011,07,10,7,692.35903
2011,07,11,0,693.67018
2011,07,11,1,694.41342
2011,07,11,2,694.94801
2011,07,11,3,695.15242
2011,07,11,4,695.60735
2011,07,11,5,695.41829
2011,07,11,6,694.92269
2011,07,11,7,694.69063
2011,07,12,0,695.5039
2011,07,12,1,695.60457
2011,07,12,2,695.75449
2011,07,12,3,696.5002
2011,07,12,4,696.80608
2011,07,12,5,696.6882
2011,07,12,6,697.20451
2011,07,12,7,697.50007
2011,07,13,0,697.04225
2011,07,13,1,696.0809
2011,07,13,2,695.80284
2011,07,13,3,695.31697
2011,07,13,4,694.46576
2011,07,13,5,693.3712
2011,07,13,6,692.82291
2011,07,13,7,692.35644
2011,07,14,0,691.35505
2011,07,14,1,690.3743
2011,07,14,2,690.34555
2011,07,14,3,690.90946
2011,07,14,4,692.09977
2011,07,14,5,692.94769
2011,07,14,6,694.29654
2011,07,14,7,695.75388
2011,07,15,0,696.76793
2011,07,15,1,697.4412
2011,07,15,2,698.12212
2011,07,15,3,698.65518
2011,07,15,4,699.40695
2011,07,15,5,699.39585
2011,07,15,6,699.20517
2011,07,15,7,698.68432
2011,07,16,0,698.07001
2011,07,16,1,697.06737
2011,07,16,2,696.0494
2011,07,16,3,694.65921
2011,07,16,4,693.44976
2011,07,16,5,692.72804
2011,07,16,6,692.04539
2011,07,16,7,691.99246
2011,07,17,0,691.82666
2011,07,17,1,691.20811
2011,07,17,2,691.38499
2011,07,17,3,691.43661
2011,07,17,4,690.7552
2011,07,17,5,690.28898
2011,07,17,6,690.7692
2011,07,17,7,691.06022
2011,07,18,0,691.14347
2011,07,18,1,691.09601
2011,07,18,2,691.68813
2011,07,18,3,692.26931
2011,07,18,4,692.35276
2011,07,18,5,692.49865
2011,07,18,6,693.02328
2011,07,18,7,693.63529
2011,07,19,0,693.86296
2011,07,19,1,694.02181
2011,07,19,2,694.40077
2011,07,19,3,694.19439
2011,07,19,4,693.47514
2011,07,19,5,693.25373
2011,07,19,6,693.40954
2011,07,19,7,692.76292
2011,07,20,0,691.93829
2011,07,20,1,691.18118
2011,07,20,2,690.77662
2011,07,20,3,690.40155
2011,07,20,4,689.58771
2011,07,20,5,688.5737
2011,07,20,6,688.97284
2011,07,20,7,689.59851
2011,07,21,0,689.79615
2011,07,21,1,690.23393
2011,07,21,2,691.45381
2011,07,21,3,692.42464
2011,07,21,4,693.43191
2011,07,21,5,694.69787
2011,07,21,6,695.7877
2011,07,21,7,696.20657
2011,07,22,0,696.9741
2011,07,22,1,697.26112
2011,07,22,2,697.1765
2011,07,22,3,696.94693
2011,07,22,4,696.93199
2011,07,22,5,696.56796
2011,07,22,6,696.66873
2011,07,22,7,696.68106
2011,07,23,0,695.9954
2011,07,23,1,695.26029
2011,07,23,2,693.93053
2011,07,23,3,691.63361
2011,07,23,4,690.16967
2011,07,23,5,689.25412
2011,07,23,6,688.05988
2011,07,23,7,686.84716
2011,07,24,0,686.21628
2011,07,24,1,685.52613
2011,07,24,2,685.63427
2011,07,24,3,685.73757
2011,07,24,4,685.7932
2011,07,24,5,685.5973
2011,07,24,6,686.34896
2011,07,24,7,687.0096
2011,07,25,0,686.9521
2011,07,25,1,686.92441
2011,07,25,2,687.99314
2011,07,25,3,688.82232
2011,07,25,4,688.95098
2011,07,25,5,688.86362
2011,07,25,6,689.11138
2011,07,25,7,689.15054
2011,07,26,0,688.75256
2011,07,26,1,688.41821
2011,07,26,2,688.895
2011,07,26,3,688.84894
2011,07,26,4,688.66137
2011,07,26,5,688.23421
2011,07,26,6,687.74957
2011,07,26,7,687.31508
2011,07,27,0,686.64394
2011,07,27,1,685.64622
2011,07,27,2,684.98574
2011,07,27,3,684.62293
2011,07,27,4,684.7913
2011,07,27,5,685.10935
2011,07,27,6,685.70195
2011,07,27,7,686.33172
2011,07,28,0,687.07287
2011,07,28,1,687.52117
2011,07,28,2,688.64917
2011,07,28,3,689.75534
2011,07,28,4,690.30188
2011,07,28,5,690.70777
2011,07,28,6,691.49325
2011,07,28,7,692.15154
2011,07,1,0,692.49822
2011,07,1,1,692.70214
2011,07,1,2,693.37092
2011,07,1,3,693.8881
2011,07,1,4,694.16217
2011,07,1,5,694.10717
2011,07,1,6,694.16419
2011,07,1,7,693.9662
2011,07,2,0,693.85617
2011,07,2,1,693.5378
2011,07,2,2,693.47674
2011,07,2,3,693.13976
2011,07,2,4,691.98049
2011,07,2,5,691.27879
2011,07,2,6,690.82522
2011,07,2,7,689.80203
2011,07,3,0,689.32795
2011,07,3,1,688.28603
2011,07,3,2,687.75872
2011,07,3,3,687.21079
2011,07,3,4,686.87353
2011,07,3,5,686.42155
2011,07,3,6,686.42721
2011,07,3,7,686.20605
2011,07,4,0,686.17215
2011,07,4,1,685.61526
2011,07,4,2,685.04661
2011,07,4,3,685.05087
2011,07,4,4,684.99734
2011,07,4,5,684.82139
2011,07,4,6,684.86642
2011,07,4,7,684.96381
2011,07,5,0,684.78586
2011,07,5,1,684.38636
2011,07,5,2,684.72695
2011,07,5,3,685.17987
2011,07,5,4,685.57061
2011,07,5,5,685.93895
2011,07,5,6,686.45364
2011,07,5,7,686.97841
2011,07,6,0,687.30664
2011,07,6,1,687.22871
2011,07,6,2,687.38682
2011,07,6,3,687.59473
2011,07,6,4,687.73997
2011,07,6,5,687.47548
2011,07,6,6,687.64159
2011,07,6,7,687.55945
2011,07,7,0,686.69988
2011,07,7,1,686.04765
2011,07,7,2,686.02149
2011,07,7,3,686.14956
2011,07,7,4,686.4043
2011,07,7,5,686.63473
2011,07,7,6,687.23179
2011,07,7,7,688.11099
2011,07,8,0,688.63033
2011,07,8,1,688.82898
2011,07,8,2,689.51933
2011,07,8,3,690.33019
2011,07,8,4,690.60298
2011,07,8,5,690.59496
2011,07,8,6,690.69697
2011,07,8,7,690.83148
2011,07,9,0,690.3636
2011,07,9,1,689.49806
2011,07,9,2,689.43819
2011,07,9,3,689.44971
2011,07,9,4,689.18601
2011,07,9,5,688.64396
2011,07,9,6,688.19897
2011,07,9,7,687.9533
2011,07,10,0,687.33511
2011,07,10,1,686.74397
2011,07,10,2,686.58272
2011,07,10,3,686.57008
2011,07,10,4,686.96714
2011,07,10,5,687.27114
2011,07,10,6,687.26457
2011,07,10,7,687.43754
2011,07,11,0,687.28386
2011,07,11,1,686.76098
2011,07,11,2,686.45808
2011,07,11,3,686.20576
2011,07,11,4,685.58443
2011,07,11,5,685.01295
2011,07,11,6,684.86912
2011,07,11,7,684.67867
2011,07,12,0,684.57108
2011,07,12,1,683.99824
2011,07,12,2,683.71129
2011,07,12,3,683.95993
2011,07,12,4,683.94206
2011,07,12,5,683.9959
2011,07,12,6,684.20589
2011,07,12,7,684.03153
2011,07,13,0,684.05945
2011,07,13,1,683.61787
2011,07,13,2,682.73018
2011,07,13,3,681.58688
2011,07,13,4,681.51936
2011,07,13,5,681.3491
2011,07,13,6,680.61673
2011,07,13,7,680.55692
2011,07,14,0,680.57102
2011,07,14,1,680.91858
2011,07,14,2,681.4453
2011,07,14,3,682.05628
2011,07,14,4,683.06731
2011,07,14,5,683.84434
2011,07,14,6,684.46139
2011,07,14,7,685.05234
2011,07,15,0,685.5459
2011,07,15,1,686.0239
2011,07,15,2,686.19439
2011,07,15,3,686.64081
2011,07,15,4,686.82427
2011,07,15,5,687.13793
2011,07,15,6,688.26563
2011,07,15,7,689.30066
2011,07,16,0,689.69424
2011,07,16,1,689.85855
2011,07,16,2,690.44365
2011,07,16,3,690.91056
2011,07,16,4,690.70161
2011,07,16,5,690.12848
2011,07,16,6,689.74418
2011,07,16,7,689.13894
2011,07,17,0,687.74207
2011,07,17,1,686.45335
2011,07,17,2,685.46756
2011,07,17,3,684.89339
2011,07,17,4,684.35822
2011,07,17,5,683.79024
2011,07,17,6,683.48426
2011,07,17,7,683.07702
2011,07,18,0,683.45739
2011,07,18,1,683.84068
2011,07,18,2,683.9217
2011,07,18,3,683.76748
2011,07,18,4,684.3117
2011,07,18,5,684.75772
2011,07,18,6,685.64471
2011,07,18,7,686.36856
2011,07,19,0,687.0084
2011,07,19,1,687.29568
2011,07,19,2,688.53161
2011,07,19,3,689.44501
2011,07,19,4,690.60415
2011,07,19,5,691.70971
2011,07,19,6,692.85597
2011,07,19,7,693.63468
2011,07,20,0,693.70963
2011,07,20,1,693.40769
2011,07,20,2,693.27222
2011,07,20,3,692.68185
2011,07,20,4,691.89385
2011,07,20,5,691.11142
2011,07,20,6,690.44232
2011,07,20,7,690.10766
2011,07,21,0,690.07768
2011,07,21,1,690.13869
2011,07,21,2,690.72278
2011,07,21,3,691.16485
2011,07,21,4,691.18994
2011,07,21,5,691.01403
2011,07,21,6,691.279
2011,07,21,7,691.9403
2011,07,22,0,692.6346
2011,07,22,1,693.66043
2011,07,22,2,694.92826
2011,07,22,3,695.59085
2011,07,22,4,696.30292
2011,07,22,5,696.87004
2011,07,22,6,697.17986
2011,07,22,7,697.09852
2011,07,23,0,696.47696
2011,07,23,1,696.02787
2011,07,23,2,696.29732
2011,07,23,3,696.526
2011,07,23,4,696.40109
2011,07,23,5,696.40393
2011,07,23,6,696.485
2011,07,23,7,696.59532
2011,07,24,0,696.66871
2011,07,24,1,697.48691
2011,07,24,2,699.01166
2011,07,24,3,699.90308
2011,07,24,4,700.25933
2011,07,24,5,700.47071
2011,07,24,6,700.49107
2011,07,24,7,700.56266
2011,07,25,0,700.22925
2011,07,25,1,699.9068
2011,07,25,2,700.17656
2011,07,25,3,700.09919
2011,07,25,4,699.59062
2011,07,25,5,699.07529
2011,07,25,6,698.22363
2011,07,25,7,697.38447
2011,07,26,0,696.79742
2011,07,26,1,696.45962
2011,07,26,2,696.45566
2011,07,26,3,696.65797
2011,07,26,4,696.46144
2011,07,26,5,696.60698
2011,07,26,6,696.73552
2011,07,26,7,696.5732
2011,07,27,0,696.51222
2011,07,27,1,696.86231
2011,07,27,2,697.21363
2011,07,27,3,697.68786
2011,07,27,4,697.87006
2011,07,27,5,697.92048
2011,07,27,6,697.5595
2011,07,27,7,697.00277
2011,07,28,0,697.07312
2011,07,28,1,696.45622
2011,07,28,2,695.9646
2011,07,28,3,695.61976
2011,07,28,4,694.74529
2011,07,28,5,693.89371
2011,07,28,6,693.36347
2011,07,28,7,692.90471
2011,07,29,0,692.71866
2011,07,29,1,692.45198
2011,07,29,2,692.8281
2011,07,29,3,693.28194
2011,07,29,4,693.36104
2011,07,29,5,693.37474
2011,07,29,6,693.48502
2011,07,29,7,693.84112
2011,07,30,0,694.41915
2011,07,30,1,694.6899
2011,07,30,2,695.11411
2011,07,30,3,695.59889
2011,07,30,4,696.19636
2011,07,30,5,696.3732
2011,07,30,6,696.88903
2011,07,30,7,697.06135
2011,07,31,0,697.21923
2011,07,31,1,697.22985
2011,07,31,2,697.28863
2011,07,31,3,696.92288
2011,07,31,4,696.02392
2011,07,31,5,695.04747
2011,07,31,6,693.80522
2011,07,31,7,692.30838
2011,07,1,0,691.07441
2011,07,1,1,690.10011
2011,07,1,2,688.6706
2011,07,1,3,687.62747
2011,07,1,4,687.48054
2011,07,1,5,687.56142
2011,07,1,6,687.85828
2011,07,1,7,688.40516
2011,07,2,0,688.96984
2011,07,2,1,689.4342
2011,07,2,2,689.6796
2011,07,2,3,690.21878
2011,07,2,4,691.12051
2011,07,2,5,691.84988
2011,07,2,6,692.85268
2011,07,2,7,693.59667
2011,07,3,0,693.68778
2011,07,3,1,693.34647
2011,07,3,2,692.97721
2011,07,3,3,692.82522
2011,07,3,4,692.3287
2011,07,3,5,691.4401
2011,07,3,6,690.77948
2011,07,3,7,689.98247
2011,07,4,0,688.771
2011,07,4,1,687.38455
2011,07,4,2,686.69629
2011,07,4,3,686.21911
2011,07,4,4,685.96428
2011,07,4,5,686.03944
2011,07,4,6,686.43542
2011,07,4,7,687.05954
2011,07,5,0,687.92976
2011,07,5,1,688.42802
2011,07,5,2,688.83551
2011,07,5,3,689.11403
2011,07,5,4,689.01096
2011,07,5,5,688.79369
2011,07,5,6,688.77883
2011,07,5,7,688.77881
2011,07,6,0,689.5167
2011,07,6,1,689.80571
2011,07,6,2,690.39268
2011,07,6,3,691.32978
2011,07,6,4,691.73976
2011,07,6,5,692.0147
2011,07,6,6,692.26092
2011,07,6,7,692.27034
2011,07,7,0,692.87888
2011,07,7,1,692.84741
2011,07,7,2,692.67544
2011,07,7,3,692.49601
2011,07,7,4,692.08734
2011,07,7,5,690.98588
2011,07,7,6,689.69536
2011,07,7,7,688.32603
2011,07,8,0,686.43197
2011,07,8,1,684.92686
2011,07,8,2,683.94896
2011,07,8,3,682.93694
2011,07,8,4,681.77554
2011,07,8,5,681.03528
2011,07,8,6,680.57233
2011,07,8,7,680.40278
2011,07,9,0,680.79547
2011,07,9,1,681.17225
2011,07,9,2,682.10445
2011,07,9,3,683.23017
2011,07,9,4,683.67169
2011,07,9,5,684.44011
2011,07,9,6,685.0245
2011,07,9,7,685.59617
2011,07,10,0,686.67404
2011,07,10,1,687.47571
2011,07,10,2,687.90543
2011,07,10,3,688.64249
2011,07,10,4,689.84449
2011,07,10,5,690.36688
2011,07,10,6,690.25698
2011,07,10,7,690.07633
2011,07,11,0,689.45091
2011,07,11,1,688.26305
2011,07,11,2,687.2375
2011,07,11,3,686.65868
2011,07,11,4,686.86654
2011,07,11,5,687.37311
2011,07,11,6,687.75888
2011,07,11,7,688.39049
2011,07,12,0,688.82051
2011,07,12,1,688.75106
2011,07,12,2,688.82472
2011,07,12,3,688.54033
2011,07,12,4,688.77166
2011,07,12,5,689.20031
2011,07,12,6,689.3941
2011,07,12,7,690.06019
2011,07,13,0,690.86669
2011,07,13,1,691.72989
2011,07,13,2,692.54576
2011,07,13,3,693.32368
2011,07,13,4,693.75556
2011,07,13,5,693.84617
2011,07,13,6,694.25312
2011,07,13,7,695.10991
2011,07,14,0,696.06436
2011,07,14,1,696.79438
2011,07,14,2,697.83626
2011,07,14,3,698.76978
2011,07,14,4,699.15198
2011,07,14,5,699.53251
2011,07,14,6,699.99671
2011,07,14,7,700.59516
2011,07,15,0,701.86775
2011,07,15,1,702.52907
2011,07,15,2,702.82463
2011,07,15,3,702.57088
2011,07,15,4,701.62043
2011,07,15,5,700.60958
2011,07,15,6,699.41548
2011,07,15,7,697.98705
2011,07,16,0,696.15171
2011,07,16,1,694.17475
2011,07,16,2,692.60111
2011,07,16,3,690.38037
2011,07,16,4,688.55054
2011,07,16,5,686.71382
2011,07,16,6,684.98808
2011,07,16,7,683.77412
2011,07,17,0,682.47144
2011,07,17,1,681.34785
2011,07,17,2,681.35414
2011,07,17,3,681.76022
2011,07,17,4,681.53367
2011,07,17,5,681.7316
2011,07,17,6,681.70149
2011,07,17,7,681.57616
2011,07,18,0,681.94092
2011,07,18,1,681.89985
2011,07,18,2,682.10555
2011,07,18,3,682.51963
2011,07,18,4,682.94987
2011,07,18,5,683.17693
2011,07,18,6,682.93266
2011,07,18,7,682.90824
2011,07,19,0,683.08781
2011,07,19,1,683.10853
2011,07,19,2,683.27648
2011,07,19,3,683.51642
2011,07,19,4,683.11284
2011,07,19,5,682.86803
2011,07,19,6,682.90376
2011,07,19,7,683.07433
2011,07,20,0,683.38098
2011,07,20,1,683.20283
2011,07,20,2,684.0503
2011,07,20,3,684.58593
2011,07,20,4,684.52631
2011,07,20,5,684.64707
2011,07,20,6,684.27133
2011,07,20,7,684.035
2011,07,21,0,683.55666
2011,07,21,1,682.95423
2011,07,21,2,683.84235
2011,07,21,3,684.94946
2011,07,21,4,685.39865
2011,07,21,5,685.71875
2011,07,21,6,686.45314
2011,07,21,7,687.37767
2011,07,22,0,688.21503
2011,07,22,1,688.85476
2011,07,22,2,689.68212
2011,07,22,3,690.41642
2011,07,22,4,690.92288
2011,07,22,5,691.04468
2011,07,22,6,691.22162
2011,07,22,7,691.21289
2011,07,23,0,691.65974
2011,07,23,1,691.82748
2011,07,23,2,691.82844
2011,07,23,3,691.63222
2011,07,23,4,691.4062
2011,07,23,5,691.17725
2011,07,23,6,691.02918
2011,07,23,7,690.50962
2011,07,24,0,690.3993
2011,07,24,1,690.40343
2011,07,24,2,690.43887
2011,07,24,3,690.8997
2011,07,24,4,691.73446
2011,07,24,5,692.86405
2011,07,24,6,694.23632
2011,07,24,7,695.44134
2011,07,25,0,695.99421
2011,07,25,1,696.06739
2011,07,25,2,696.3704
2011,07,25,3,696.60312
2011,07,25,4,696.06291
2011,07,25,5,695.34548
2011,07,25,6,694.61077
2011,07,25,7,693.61073
2011,07,26,0,692.79802
2011,07,26,1,691.73428
2011,07,26,2,690.7912
2011,07,26,3,689.6776
2011,07,26,4,688.43385
2011,07,26,5,687.62267
2011,07,26,6,687.09074
2011,07,26,7,686.54229
2011,07,27,0,686.3006
2011,07,27,1,686.18614
2011,07,27,2,686.24015
2011,07,27,3,686.51983
2011,07,27,4,687.1471
2011,07,27,5,687.80729
2011,07,27,6,688.77366
2011,07,27,7,689.7721
2011,07,28,0,690.22122
2011,07,28,1,690.41206
2011,07,28,2,691.179
2011,07,28,3,691.99261
2011,07,28,4,692.52151
2011,07,28,5,692.59013
2011,07,28,6,692.74986
2011,07,28,7,693.00112
2011,07,29,0,693.071
2011,07,29,1,693.04711
2011,07,29,2,693.16016
2011,07,29,3,693.14013
2011,07,29,4,692.8926
2011,07,29,5,692.84244
2011,07,29,6,693.05971
2011,07,29,7,693.02728
2011,07,30,0,692.09583
2011,07,30,1,691.45655
2011,07,30,2,691.33086
2011,07,30,3,691.01704
2011,07,30,4,690.24507
2011,07,30,5,689.46644
2011,07,30,6,689.01288
2011,07,30,7,688.50004
2011,07,1,0,687.95717
2011,07,1,1,687.35798
2011,07,1,2,687.11622
2011,07,1,3,686.71596
2011,07,1,4,686.0524
2011,07,1,5,685.45383
2011,07,1,6,685.02697
2011,07,1,7,684.68001
2011,07,2,0,684.35151
2011,07,2,1,684.20534
2011,07,2,2,683.82654
2011,07,2,3,683.26199
2011,07,2,4,683.06121
2011,07,2,5,682.99388
2011,07,2,6,682.74801
2011,07,2,7,682.58342
2011,07,3,0,682.50002
2011,07,3,1,682.06247
2011,07,3,2,682.08403
2011,07,3,3,681.98578
2011,07,3,4,681.76665
2011,07,3,5,681.79045
2011,07,3,6,681.77742
2011,07,3,7,681.99626
2011,07,4,0,682.12791
2011,07,4,1,681.87586
2011,07,4,2,681.7083
2011,07,4,3,681.54145
2011,07,4,4,681.31789
2011,07,4,5,681.36758
2011,07,4,6,681.42977
2011,07,4,7,681.5721
2011,07,5,0,681.91138
2011,07,5,1,682.31975
2011,07,5,2,682.99916
2011,07,5,3,683.69149
2011,07,5,4,683.99931
2011,07,5,5,683.94799
2011,07,5,6,683.31262
2011,07,5,7,682.62257
2011,07,6,0,681.97429
2011,07,6,1,681.20419
2011,07,6,2,680.89041
2011,07,6,3,680.30085
2011,07,6,4,679.66999
2011,07,6,5,679.31279
2011,07,6,6,678.71989
2011,07,6,7,678.77617
2011,07,7,0,678.97825
2011,07,7,1,678.87363
2011,07,7,2,679.67554
2011,07,7,3,680.87796
2011,07,7,4,682.22052
2011,07,7,5,683.31564
2011,07,7,6,684.15284
2011,07,7,7,684.70576
2011,07,8,0,684.82721
2011,07,8,1,684.68657
2011,07,8,2,684.80121
2011,07,8,3,685.13265
2011,07,8,4,685.53326
2011,07,8,5,686.11705
2011,07,8,6,686.37742
2011,07,8,7,686.57711
2011,07,9,0,687.01142
2011,07,9,1,687.18985
2011,07,9,2,687.18272
2011,07,9,3,687.47712
2011,07,9,4,689.03544
2011,07,9,5,690.49645
2011,07,9,6,691.23553
2011,07,9,7,691.95346
2011,07,10,0,692.74506
2011,07,10,1,693.3319
2011,07,10,2,693.45316
2011,07,10,3,693.97913
2011,07,10,4,694.77541
2011,07,10,5,695.17399
2011,07,10,6,694.76376
2011,07,10,7,693.90642
2011,07,11,0,693.50314
2011,07,11,1,692.9567
2011,07,11,2,692.45205
2011,07,11,3,692.02925
2011,07,11,4,691.88677
2011,07,11,5,691.72506
2011,07,11,6,691.23335
2011,07,11,7,690.90329
2011,07,12,0,690.92177
2011,07,12,1,690.71925
2011,07,12,2,690.70213
2011,07,12,3,690.55216
2011,07,12,4,690.66157
2011,07,12,5,690.43885
2011,07,12,6,689.86429
2011,07,12,7,689.32526
2011,07,13,0,689.18977
2011,07,13,1,689.0413
2011,07,13,2,688.76427
2011,07,13,3,688.22806
2011,07,13,4,688.29278
2011,07,13,5,688.39571
2011,07,13,6,687.88355
2011,07,13,7,687.49715
2011,07,14,0,687.68511
2011,07,14,1,687.81917
2011,07,14,2,687.89208
2011,07,14,3,688.15402
2011,07,14,4,688.07136
2011,07,14,5,687.70606
2011,07,14,6,687.58425
2011,07,14,7,687.53447
2011,07,15,0,687.78979
2011,07,15,1,688.53613
2011,07,15,2,689.23415
2011,07,15,3,689.70661
2011,07,15,4,690.08666
2011,07,15,5,689.84732
2011,07,15,6,690.11347
2011,07,15,7,689.90211
2011,07,16,0,689.68092
2011,07,16,1,689.34852
2011,07,16,2,689.34585
2011,07,16,3,689.52476
2011,07,16,4,689.32809
2011,07,16,5,689.07788
2011,07,16,6,688.98167
2011,07,16,7,688.80826
2011,07,17,0,688.65242
2011,07,17,1,688.29285
2011,07,17,2,688.15124
2011,07,17,3,687.78412
2011,07,17,4,687.37511
2011,07,17,5,686.60432
2011,07,17,6,685.94479
2011,07,17,7,685.2819
2011,07,18,0,684.2704
2011,07,18,1,682.9905
2011,07,18,2,682.19532
2011,07,18,3,681.72919
2011,07,18,4,680.94651
2011,07,18,5,680.2741
2011,07,18,6,680.06258
2011,07,18,7,679.57946
2011,07,19,0,679.59306
2011,07,19,1,679.40012
2011,07,19,2,679.07962
2011,07,19,3,679.03145
2011,07,19,4,678.7694
2011,07,19,5,678.57154
2011,07,19,6,678.13855
2011,07,19,7,677.76387
2011,07,20,0,678.26687
2011,07,20,1,678.94839
2011,07,20,2,680.24107
2011,07,20,3,681.25195
2011,07,20,4,682.21611
2011,07,20,5,682.72452
2011,07,20,6,682.98649
2011,07,20,7,682.90724
2011,07,21,0,682.22383
2011,07,21,1,681.37787
2011,07,21,2,680.31636
2011,07,21,3,679.15006
2011,07,21,4,677.99637
2011,07,21,5,677.15644
2011,07,21,6,675.73228
2011,07,21,7,674.97976
2011,07,22,0,675.62583
2011,07,22,1,676.14914
2011,07,22,2,677.13092
2011,07,22,3,678.36923
2011,07,22,4,679.19035
2011,07,22,5,679.83461
2011,07,22,6,680.31864
2011,07,22,7,680.54503
2011,07,23,0,680.88429
2011,07,23,1,681.21267
2011,07,23,2,680.87904
2011,07,23,3,680.75529
2011,07,23,4,680.70291
2011,07,23,5,680.61845
2011,07,23,6,680.57468
2011,07,23,7,680.62665
2011,07,24,0,681.2608
2011,07,24,1,682.00829
2011,07,24,2,681.89532
2011,07,24,3,681.73357
2011,07,24,4,682.50993
2011,07,24,5,683.0331
2011,07,24,6,683.16902
2011,07,24,7,683.17465
2011,07,25,0,683.27518
2011,07,25,1,683.2359
2011,07,25,2,683.02305
2011,07,25,3,682.58007
2011,07,25,4,682.17513
2011,07,25,5,681.80909
2011,07,25,6,681.09806
2011,07,25,7,680.10577
2011,07,26,0,678.94927
2011,07,26,1,677.55426
2011,07,26,2,676.20364
2011,07,26,3,674.94171
2011,07,26,4,673.63942
2011,07,26,5,673.4965
2011,07,26,6,674.00554
2011,07,26,7,674.42724
2011,07,27,0,674.8802
2011,07,27,1,675.2272
2011,07,27,2,675.78917
2011,07,27,3,676.35348
2011,07,27,4,677.35207
2011,07,27,5,678.89
2011,07,27,6,680.56586
2011,07,27,7,682.28357
2011,07,28,0,683.83161
2011,07,28,1,684.59584
2011,07,28,2,685.12231
2011,07,28,3,685.68364
2011,07,28,4,686.09003
2011,07,28,5,686.23599
2011,07,28,6,686.64644
2011,07,28,7,686.7721
2011,07,29,0,686.74758
2011,07,29,1,686.44411
2011,07,29,2,686.17092
2011,07,29,3,685.95922
2011,07,29,4,685.88202
2011,07,29,5,685.92149
2011,07,29,6,685.72856
2011,07,29,7,685.81339
2011,07,30,0,686.56874
2011,07,30,1,686.91771
2011,07,30,2,687.51739
2011,07,30,3,688.27737
2011,07,30,4,688.48171
2011,07,30,5,688.90931
2011,07,30,6,689.39404
2011,07,30,7,689.96604
2011,07,31,0,690.64174
2011,07,31,1,691.27984
2011,07,31,2,691.68538
2011,07,31,3,692.34476
2011,07,31,4,692.87166
2011,07,31,5,693.19431
2011,07,31,6,693.21314
2011,07,31,7,693.34041
2011,07,1,0,693.42147
2011,07,1,1,693.23039
2011,07,1,2,692.99344
2011,07,1,3,692.4765
2011,07,1,4,692.09931
2011,07,1,5,692.02785
2011,07,1,6,691.43054
2011,07,1,7,690.83068
2011,07,2,0,689.71098
2011,07,2,1,689.16492
2011,07,2,2,689.03873
2011,07,2,3,688.62845
2011,07,2,4,688.03483
2011,07,2,5,687.57456
2011,07,2,6,687.63074
2011,07,2,7,687.89266
2011,07,3,0,687.60394
2011,07,3,1,687.07506
2011,07,3,2,687.24643
2011,07,3,3,687.54366
2011,07,3,4,687.25838
2011,07,3,5,687.29147
2011,07,3,6,687.64487
2011,07,3,7,688.19914
2011,07,4,0,688.61573
2011,07,4,1,688.85824
2011,07,4,2,689.50936
2011,07,4,3,689.83634
2011,07,4,4,690.18044
2011,07,4,5,690.36603
2011,07,4,6,690.03512
2011,07,4,7,690.22063
2011,07,5,0,690.211
2011,07,5,1,689.61352
2011,07,5,2,689.61423
2011,07,5,3,689.90208
2011,07,5,4,690.0459
2011,07,5,5,689.98909
2011,07,5,6,689.77065
2011,07,5,7,689.48111
2011,07,6,0,689.54817
2011,07,6,1,689.61456
2011,07,6,2,688.9752
2011,07,6,3,688.44423
2011,07,6,4,688.88933
2011,07,6,5,689.28083
2011,07,6,6,689.57421
2011,07,6,7,689.83348
2011,07,7,0,690.03129
2011,07,7,1,689.69627
2011,07,7,2,688.21479
2011,07,7,3,687.20708
2011,07,7,4,687.79458
2011,07,7,5,688.00601
2011,07,7,6,688.81395
2011,07,7,7,689.15342
2011,07,8,0,688.90129
2011,07,8,1,688.74135
2011,07,8,2,689.06573
2011,07,8,3,689.18858
2011,07,8,4,689.05965
2011,07,8,5,689.25473
2011,07,8,6,689.28967
2011,07,8,7,689.24187
2011,07,9,0,689.16494
2011,07,9,1,689.10207
2011,07,9,2,689.36771
2011,07,9,3,689.5646
2011,07,9,4,689.91517
2011,07,9,5,690.71819
2011,07,9,6,691.49332
2011,07,9,7,692.1175
2011,07,10,0,692.58839
2011,07,10,1,692.75888
2011,07,10,2,693.58185
2011,07,10,3,694.45214
2011,07,10,4,694.86149
2011,07,10,5,695.39775
2011,07,10,6,695.30359
2011,07,10,7,694.83717
2011,07,11,0,694.49597
2011,07,11,1,694.05047
2011,07,11,2,693.80945
2011,07,11,3,693.40257
2011,07,11,4,692.82957
2011,07,11,5,692.21384
2011,07,11,6,691.73251
2011,07,11,7,691.10601
2011,07,12,0,689.92409
2011,07,12,1,688.71046
2011,07,12,2,688.31078
2011,07,12,3,688.26603
2011,07,12,4,688.14821
2011,07,12,5,687.9439
2011,07,12,6,687.95698
2011,07,12,7,687.99957
2011,07,13,0,688.17842
2011,07,13,1,688.36932
2011,07,13,2,689.27864
2011,07,13,3,690.35284
2011,07,13,4,690.82678
2011,07,13,5,691.20108
2011,07,13,6,691.70681
2011,07,13,7,692.29377
2011,07,14,0,692.69444
2011,07,14,1,693.38229
2011,07,14,2,694.03881
2011,07,14,3,694.64869
2011,07,14,4,695.72597
2011,07,14,5,697.0034
2011,07,14,6,698.0635
2011,07,14,7,698.94401
2011,07,15,0,698.80617
2011,07,15,1,698.69011
2011,07,15,2,699.48113
2011,07,15,3,700.77913
2011,07,15,4,702.08115
2011,07,15,5,702.58996
2011,07,15,6,703.43914
2011,07,15,7,704.10625
2011,07,16,0,704.37996
2011,07,16,1,704.28054
2011,07,16,2,703.25307
2011,07,16,3,702.00857
2011,07,16,4,701.62601
2011,07,16,5,700.80315
2011,07,16,6,700.41907
2011,07,16,7,699.9413
2011,07,17,0,698.40368
2011,07,17,1,696.774
2011,07,17,2,695.72262
2011,07,17,3,695.10539
2011,07,17,4,694.00358
2011,07,17,5,693.0112
2011,07,17,6,692.45559
2011,07,17,7,691.98137
2011,07,18,0,691.5303
2011,07,18,1,691.46742
2011,07,18,2,691.30299
2011,07,18,3,691.52448
2011,07,18,4,691.9467
2011,07,18,5,692.1069
2011,07,18,6,692.57455
2011,07,18,7,693.40559
2011,07,19,0,694.30298
2011,07,19,1,694.98888
2011,07,19,2,695.76402
2011,07,19,3,696.76865
2011,07,19,4,697.1522
2011,07,19,5,697.3782
2011,07,19,6,697.45017
2011,07,19,7,697.32186
2011,07,20,0,697.18895
2011,07,20,1,696.66011
2011,07,20,2,695.84478
2011,07,20,3,695.51792
2011,07,20,4,694.65898
2011,07,20,5,693.64126
2011,07,20,6,692.32477
2011,07,20,7,690.70691
2011,07,21,0,688.49968
2011,07,21,1,685.74828
2011,07,21,2,683.37907
2011,07,21,3,681.44194
2011,07,21,4,680.04649
2011,07,21,5,679.2495
2011,07,21,6,678.80526
2011,07,21,7,678.96013
2011,07,22,0,679.28084
2011,07,22,1,679.89224
2011,07,22,2,681.2089
2011,07,22,3,682.86208
2011,07,22,4,683.98946
2011,07,22,5,685.07663
2011,07,22,6,685.99952
2011,07,22,7,686.63278
2011,07,23,0,686.99919
2011,07,23,1,686.60797
2011,07,23,2,687.09468
2011,07,23,3,687.79983
2011,07,23,4,688.58151
2011,07,23,5,689.28554
2011,07,23,6,689.95181
2011,07,23,7,690.85304
2011,07,24,0,691.40249
2011,07,24,1,691.72344
2011,07,24,2,692.20247
2011,07,24,3,692.62895
2011,07,24,4,692.59549
2011,07,24,5,691.92418
2011,07,24,6,691.0113
2011,07,24,7,689.30854
2011,07,25,0,686.79319
2011,07,25,1,684.33416
2011,07,25,2,682.42159
2011,07,25,3,680.68802
2011,07,25,4,680.43748
2011,07,25,5,681.99526
2011,07,25,6,683.97591
2011,07,25,7,686.36373
2011,07,26,0,688.54914
2011,07,26,1,689.73731
2011,07,26,2,690.12899
2011,07,26,3,689.56651
2011,07,26,4,689.27326
2011,07,26,5,688.66213
2011,07,26,6,686.69364
2011,07,26,7,684.56633
2011,07,27,0,682.67682
2011,07,27,1,680.83395
2011,07,27,2,679.77145
2011,07,27,3,679.34363
2011,07,27,4,679.77016
2011,07,27,5,680.44326
2011,07,27,6,681.43844
2011,07,27,7,682.41321
2011,07,28,0,683.24528
2011,07,28,1,683.77103
2011,07,28,2,684.60056
2011,07,28,3,685.56796
2011,07,28,4,686.27866
2011,07,28,5,686.67359
2011,07,28,6,686.43532
2011,07,28,7,685.77946
2011,07,29,0,685.17116
2011,07,29,1,684.1452
2011,07,29,2,683.45411
2011,07,29,3,682.59587
2011,07,29,4,682.17127
2011,07,29,5,682.01549
2011,07,29,6,681.16942
2011,07,29,7,680.64062
2011,07,30,0,680.99462
2011,07,30,1,681.05007
2011,07,30,2,681.33557
2011,07,30,3,682.36206
2011,07,30,4,682.60961
2011,07,30,5,683.19667
2011,07,30,6,683.54411
2011,07,30,7,683.88161
2011,07,1,0,684.30142
2011,07,1,1,684.45918
2011,07,1,2,684.37681
2011,07,1,3,684.37799
2011,07,1,4,684.6529
2011,07,1,5,684.98117
2011,07,1,6,684.99644
2011,07,1,7,684.90088
2011,07,2,0,684.90863
2011,07,2,1,684.82232
2011,07,2,2,684.68228
2011,07,2,3,684.42933
2011,07,2,4,684.37254
2011,07,2,5,684.04883
2011,07,2,6,683.85672
2011,07,2,7,683.73794
2011,07,3,0,683.77953
2011,07,3,1,683.92941
2011,07,3,2,684.36083
2011,07,3,3,684.58981
2011,07,3,4,684.93071
2011,07,3,5,685.49252
2011,07,3,6,685.83835
2011,07,3,7,685.97295
2011,07,4,0,686.07834
2011,07,4,1,685.66096
2011,07,4,2,685.89496
2011,07,4,3,685.36459
2011,07,4,4,684.56908
2011,07,4,5,683.85525
2011,07,4,6,683.27589
2011,07,4,7,682.3146
2011,07,5,0,680.54626
2011,07,5,1,679.81405
2011,07,5,2,680.52251
2011,07,5,3,680.97992
2011,07,5,4,680.52577
2011,07,5,5,680.07941
2011,07,5,6,679.76338
2011,07,5,7,679.60685
2011,07,6,0,679.78866
2011,07,6,1,680.02675
2011,07,6,2,680.35243
2011,07,6,3,681.18559
2011,07,6,4,682.48956
2011,07,6,5,684.24394
2011,07,6,6,684.89648
2011,07,6,7,686.12627
2011,07,7,0,688.4112
2011,07,7,1,689.73405
2011,07,7,2,690.67739
2011,07,7,3,691.29669
2011,07,7,4,692.13612
2011,07,7,5,693.04886
2011,07,7,6,692.97046
2011,07,7,7,692.93238
2011,07,8,0,693.13188
2011,07,8,1,693.2153
2011,07,8,2,692.55059
2011,07,8,3,692.21415
2011,07,8,4,692.24504
2011,07,8,5,691.79986
2011,07,8,6,691.57849
2011,07,8,7,691.52666
2011,07,9,0,691.8366
2011,07,9,1,692.4806
2011,07,9,2,692.55972
2011,07,9,3,692.55715
2011,07,9,4,693.11849
2011,07,9,5,693.2358
2011,07,9,6,693.2841
2011,07,9,7,693.46557
2011,07,10,0,693.12003
2011,07,10,1,692.77797
2011,07,10,2,692.60202
2011,07,10,3,692.23013
2011,07,10,4,692.34374
2011,07,10,5,692.22211
2011,07,10,6,691.48162
2011,07,10,7,691.20568
2011,07,11,0,690.45794
2011,07,11,1,689.28329
2011,07,11,2,688.20798
2011,07,11,3,686.64424
2011,07,11,4,684.53402
2011,07,11,5,683.35586
2011,07,11,6,683.09856
2011,07,11,7,683.28604
2011,07,12,0,683.17939
2011,07,12,1,683.52266
2011,07,12,2,683.63603
2011,07,12,3,684.99367
2011,07,12,4,686.47744
2011,07,12,5,687.26947
2011,07,12,6,688.25121
2011,07,12,7,689.433
2011,07,13,0,690.40241
2011,07,13,1,691.16173
2011,07,13,2,692.24866
2011,07,13,3,693.54041
2011,07,13,4,694.80102
2011,07,13,5,695.47229
2011,07,13,6,695.57123
2011,07,13,7,695.22223
2011,07,14,0,693.90683
2011,07,14,1,692.60962
2011,07,14,2,691.91476
2011,07,14,3,690.65204
2011,07,14,4,689.34455
2011,07,14,5,688.26772
2011,07,14,6,687.16481
2011,07,14,7,685.96582
2011,07,15,0,685.12772
2011,07,15,1,684.24358
2011,07,15,2,684.16094
2011,07,15,3,684.48507
2011,07,15,4,684.76561
2011,07,15,5,685.52601
2011,07,15,6,686.4222
2011,07,15,7,687.32332
2011,07,16,0,687.78103
2011,07,16,1,688.41215
2011,07,16,2,689.77618
2011,07,16,3,691.42168
2011,07,16,4,692.17331
2011,07,16,5,692.73476
2011,07,16,6,694.34514
2011,07,16,7,695.90871
2011,07,17,0,696.4381
2011,07,17,1,696.68118
2011,07,17,2,697.14681
2011,07,17,3,697.28314
2011,07,17,4,696.65595
2011,07,17,5,695.78311
2011,07,17,6,695.03845
2011,07,17,7,694.10302
2011,07,18,0,692.77765
2011,07,18,1,692.21764
2011,07,18,2,693.17094
2011,07,18,3,694.27336
2011,07,18,4,694.31971
2011,07,18,5,694.08413
2011,07,18,6,693.81528
2011,07,18,7,693.49642
2011,07,19,0,693.16302
2011,07,19,1,693.02776
2011,07,19,2,693.34853
2011,07,19,3,693.28445
2011,07,19,4,693.26451
2011,07,19,5,693.50557
2011,07,19,6,693.34586
2011,07,19,7,693.3976
2011,07,20,0,693.35691
2011,07,20,1,693.65888
2011,07,20,2,694.10674
2011,07,20,3,694.57289
2011,07,20,4,694.65467
2011,07,20,5,694.62438
2011,07,20,6,694.88278
2011,07,20,7,695.10389
2011,07,21,0,695.89322
2011,07,21,1,697.12319
2011,07,21,2,698.49045
2011,07,21,3,700.12662
2011,07,21,4,701.00291
2011,07,21,5,701.48329
2011,07,21,6,701.14099
2011,07,21,7,700.46081
2011,07,22,0,699.2189
2011,07,22,1,697.57586
2011,07,22,2,696.20661
2011,07,22,3,693.97463
2011,07,22,4,691.16385
2011,07,22,5,689.34192
2011,07,22,6,687.78627
2011,07,22,7,686.38241
2011,07,23,0,685.18083
2011,07,23,1,684.63036
2011,07,23,2,684.98834
2011,07,23,3,685.39086
2011,07,23,4,685.61517
2011,07,23,5,686.11838
2011,07,23,6,686.59525
2011,07,23,7,686.78739
2011,07,24,0,687.01286
2011,07,24,1,687.39616
2011,07,24,2,688.31079
2011,07,24,3,689.43952
2011,07,24,4,690.29426
2011,07,24,5,691.16022
2011,07,24,6,692.15387
2011,07,24,7,693.47602
2011,07,25,0,693.85294
2011,07,25,1,694.19884
2011,07,25,2,695.40881
2011,07,25,3,696.34938
2011,07,25,4,696.60402
2011,07,25,5,696.3591
2011,07,25,6,696.30729
2011,07,25,7,696.05498
2011,07,26,0,695.67522
2011,07,26,1,695.87373
2011,07,26,2,696.00733
2011,07,26,3,696.36475
2011,07,26,4,696.296
2011,07,26,5,697.22469
2011,07,26,6,699.15209
2011,07,26,7,700.91812
2011,07,27,0,701.65958
2011,07,27,1,701.47061
2011,07,27,2,701.31849
2011,07,27,3,702.47411
2011,07,27,4,702.84736
2011,07,27,5,703.64614
2011,07,27,6,703.74222
2011,07,27,7,703.47525
2011,07,28,0,704.26334
2011,07,28,1,704.85995
2011,07,28,2,704.90252
2011,07,28,3,704.53651
2011,07,28,4,704.48325
2011,07,28,5,704.33136
2011,07,28,6,703.77484
2011,07,28,7,703.0551
2011,07,29,0,702.67023
2011,07,29,1,702.57425
2011,07,29,2,701.71349
2011,07,29,3,700.89811
2011,07,29,4,701.05527
2011,07,29,5,701.40987
2011,07,29,6,702.14834
2011,07,29,7,703.20874
2011,07,30,0,703.20563
2011,07,30,1,703.14663
2011,07,30,2,703.74152
2011,07,30,3,704.08609
2011,07,30,4,703.81989
2011,07,30,5,703.54495
2011,07,30,6,703.69769
2011,07,30,7,704.25703
2011,07,31,0,704.90683
2011,07,31,1,705.47375
2011,07,31,2,705.9572
2011,07,31,3,706.86876
2011,07,31,4,707.73044
2011,07,31,5,708.39399
2011,07,31,6,709.15351
2011,07,31,7,717.36068
2011,07,1,0,718.59994
2011,07,1,1,719.29478
2011,07,1,2,720.05302
2011,07,1,3,720.82579
2011,07,1,4,721.47283
2011,07,1,5,721.95469
2011,07,1,6,722.11909
2011,07,1,7,721.82171
2011,07,2,0,721.10767
2011,07,2,1,720.71375
2011,07,2,2,720.22851
2011,07,2,3,719.30326
2011,07,2,4,718.56312
2011,07,2,5,718.33666
2011,07,2,6,717.63564
2011,07,2,7,717.00466
2011,07,3,0,717.04984
2011,07,3,1,716.82822
2011,07,3,2,716.61861
2011,07,3,3,709.871
2011,07,3,4,708.48907
2011,07,3,5,706.51892
2011,07,3,6,705.14458
2011,07,3,7,703.68654
2011,07,4,0,702.02814
2011,07,4,1,700.33371
2011,07,4,2,698.6082
2011,07,4,3,696.64271
2011,07,4,4,694.61841
2011,07,4,5,693.22053
2011,07,4,6,692.75371
2011,07,4,7,692.42671
2011,07,5,0,692.44334
2011,07,5,1,692.53281
2011,07,5,2,692.80261
2011,07,5,3,692.55365
2011,07,5,4,690.70037
2011,07,5,5,687.94259
2011,07,5,6,686.83327
2011,07,5,7,687.11111
2011,07,6,0,686.55225
2011,07,6,1,686.03659
2011,07,6,2,685.97911
2011,07,6,3,685.75418
2011,07,6,4,685.80385
2011,07,6,5,685.64736
2011,07,6,6,685.3073
2011,07,6,7,685.07542
2011,07,7,0,684.22303
2011,07,7,1,683.98239
2011,07,7,2,684.99848
2011,07,7,3,685.86632
2011,07,7,4,685.86042
2011,07,7,5,686.29054
2011,07,7,6,686.61969
2011,07,7,7,687.09225
2011,07,8,0,688.27588
2011,07,8,1,689.41997
2011,07,8,2,690.38414
2011,07,8,3,691.31368
2011,07,8,4,692.4883
2011,07,8,5,693.27658
2011,07,8,6,694.09618
2011,07,8,7,695.08477
2011,07,9,0,695.70212
2011,07,9,1,696.42764
2011,07,9,2,697.2197
2011,07,9,3,698.08567
2011,07,9,4,698.68253
2011,07,9,5,699.42073
2011,07,9,6,700.18173
2011,07,9,7,700.75887
2011,07,10,0,700.64962
2011,07,10,1,700.31665
2011,07,10,2,700.61318
2011,07,10,3,700.17945
2011,07,10,4,699.12067
2011,07,10,5,698.06762
2011,07,10,6,697.17941
2011,07,10,7,696.43182
2011,07,11,0,694.85201
2011,07,11,1,693.1327
2011,07,11,2,690.64911
2011,07,11,3,688.17356
2011,07,11,4,686.58
2011,07,11,5,685.3476
2011,07,11,6,684.84435
2011,07,11,7,684.58286
2011,07,12,0,684.64848
2011,07,12,1,684.90332
2011,07,12,2,686.20457
2011,07,12,3,688.31089
2011,07,12,4,690.2114
2011,07,12,5,692.02165
2011,07,12,6,694.00233
2011,07,12,7,695.75297
2011,07,13,0,696.8042
2011,07,13,1,697.60584
2011,07,13,2,698.45609
2011,07,13,3,699.05807
2011,07,13,4,699.72886
2011,07,13,5,700.28162
2011,07,13,6,700.14149
2011,07,13,7,699.76318
2011,07,14,0,699.58227
2011,07,14,1,699.22259
2011,07,14,2,698.20198
2011,07,14,3,696.73927
2011,07,14,4,695.49285
2011,07,14,5,693.8771
2011,07,14,6,692.27152
2011,07,14,7,691.0689
2011,07,15,0,690.28949
2011,07,15,1,689.65904
2011,07,15,2,689.53397
2011,07,15,3,689.38397
2011,07,15,4,688.76427
2011,07,15,5,688.07012
2011,07,15,6,687.70535
2011,07,15,7,687.47915
2011,07,16,0,687.26157
2011,07,16,1,686.77769
2011,07,16,2,686.60299
2011,07,16,3,686.11293
2011,07,16,4,685.208
2011,07,16,5,684.26614
2011,07,16,6,683.51971
2011,07,16,7,683.02121
2011,07,17,0,682.32948
2011,07,17,1,681.12754
2011,07,17,2,680.37513
2011,07,17,3,679.63003
2011,07,17,4,678.74667
2011,07,17,5,678.09458
2011,07,17,6,678.03309
2011,07,17,7,678.24453
2011,07,18,0,678.68279
2011,07,18,1,679.20249
2011,07,18,2,679.60938
2011,07,18,3,679.811
2011,07,18,4,680.09223
2011,07,18,5,680.42453
2011,07,18,6,680.89843
2011,07,18,7,681.3922
2011,07,19,0,681.74537
2011,07,19,1,682.04757
2011,07,19,2,682.2706
2011,07,19,3,682.44261
2011,07,19,4,682.67961
2011,07,19,5,682.55146
2011,07,19,6,682.36092
2011,07,19,7,682.06658
2011,07,20,0,681.7186
2011,07,20,1,681.56819
2011,07,20,2,681.90086
2011,07,20,3,682.59262
2011,07,20,4,683.94294
2011,07,20,5,684.80997
2011,07,20,6,684.50584
2011,07,20,7,685.01336
2011,07,21,0,685.00414
2011,07,21,1,685.40018
2011,07,21,2,686.29194
2011,07,21,3,687.02225
2011,07,21,4,688.55282
2011,07,21,5,689.38953
2011,07,21,6,689.38181
2011,07,21,7,689.58541
2011,07,22,0,690.24316
2011,07,22,1,691.00607
2011,07,22,2,690.8598
2011,07,22,3,690.1874
2011,07,22,4,689.50286
2011,07,22,5,689.41812
2011,07,22,6,689.49473
2011,07,22,7,689.24306
2011,07,23,0,689.45975
2011,07,23,1,689.44749
2011,07,23,2,689.12047
2011,07,23,3,689.04331
2011,07,23,4,689.13421
2011,07,23,5,689.55556
2011,07,23,6,689.77672
2011,07,23,7,690.3412
2011,07,24,0,690.54311
2011,07,24,1,690.91758
2011,07,24,2,691.63831
2011,07,24,3,691.76673
2011,07,24,4,692.03176
2011,07,24,5,692.08847
2011,07,24,6,691.9189
2011,07,24,7,692.22453
2011,07,25,0,692.03094
2011,07,25,1,691.8132
2011,07,25,2,691.87985
2011,07,25,3,691.94543
2011,07,25,4,691.67352
2011,07,25,5,691.24607
2011,07,25,6,691.15027
2011,07,25,7,691.01545
2011,07,26,0,691.14552
2011,07,26,1,691.68789
2011,07,26,2,691.97414
2011,07,26,3,692.6626
2011,07,26,4,694.06648
2011,07,26,5,695.32988
2011,07,26,6,695.72386
2011,07,26,7,696.06901
2011,07,27,0,696.64264
2011,07,27,1,697.26545
2011,07,27,2,697.55867
2011,07,27,3,697.78775
2011,07,27,4,698.50294
2011,07,27,5,699.57288
2011,07,27,6,700.48366
2011,07,27,7,701.25958
2011,07,28,0,703.22962
2011,07,28,1,704.24339
2011,07,28,2,703.39805
2011,07,28,3,702.96929
2011,07,28,4,702.01171
2011,07,28,5,701.12217
2011,07,28,6,700.82989
2011,07,28,7,700.80191
2011,07,29,0,700.09129
2011,07,29,1,699.26383
2011,07,29,2,698.49387
2011,07,29,3,697.74084
2011,07,29,4,695.52365
2011,07,29,5,693.71381
2011,07,29,6,694.1439
2011,07,29,7,694.13922
2011,07,30,0,693.95727
2011,07,30,1,693.8325
2011,07,30,2,693.81084
2011,07,30,3,694.28946
2011,07,30,4,694.37872
2011,07,30,5,694.44138
2011,07,30,6,695.52154
2011,07,30,7,696.2396
2011,07,31,0,696.47286
2011,07,31,1,696.64541
2011,07,31,2,697.10763
2011,07,31,3,696.98344
2011,07,31,4,696.17944
2011,07,31,5,695.49307
2011,07,31,6,695.54589
2011,07,31,7,694.99151
2011,07,1,0,693.85043
2011,07,1,1,693.17059
2011,07,1,2,692.78431
2011,07,1,3,692.90733
2011,07,1,4,693.34243
2011,07,1,5,692.89094
2011,07,1,6,692.95058
2011,07,1,7,692.78625
2011,07,2,0,692.05088
2011,07,2,1,691.51401
2011,07,2,2,691.58169
2011,07,2,3,691.63366
2011,07,2,4,691.24841
2011,07,2,5,690.85453
2011,07,2,6,690.98914
2011,07,2,7,691.04813
2011,07,3,0,690.67475
2011,07,3,1,690.46233
2011,07,3,2,691.14317
2011,07,3,3,691.14686
2011,07,3,4,691.14777
2011,07,3,5,691.32548
2011,07,3,6,690.64968
2011,07,3,7,690.27161
2011,07,4,0,690.4337
2011,07,4,1,690.51583
2011,07,4,2,690.68961
2011,07,4,3,691.27608
2011,07,4,4,691.1468
2011,07,4,5,690.74794
2011,07,4,6,691.22249
2011,07,4,7,690.90901
2011,07,5,0,691.14237
2011,07,5,1,691.1472
2011,07,5,2,690.68883
2011,07,5,3,690.33728
2011,07,5,4,689.84058
2011,07,5,5,688.94355
2011,07,5,6,687.84535
2011,07,5,7,686.28804
2011,07,6,0,684.75316
2011,07,6,1,682.96011
2011,07,6,2,681.57697
2011,07,6,3,680.16357
2011,07,6,4,678.59805
2011,07,6,5,677.7005
2011,07,6,6,677.44844
2011,07,6,7,677.13696
2011,07,7,0,677.7586
2011,07,7,1,678.39196
2011,07,7,2,679.51535
2011,07,7,3,680.83624
2011,07,7,4,681.76674
2011,07,7,5,682.23081
2011,07,7,6,682.60464
2011,07,7,7,683.17612
2011,07,8,0,683.86618
2011,07,8,1,684.3523
2011,07,8,2,685.91639
2011,07,8,3,687.3563
2011,07,8,4,688.86482
2011,07,8,5,690.33705
2011,07,8,6,691.83934
2011,07,8,7,692.95812
2011,07,9,0,694.30544
2011,07,9,1,694.87128
2011,07,9,2,695.14029
2011,07,9,3,695.61531
2011,07,9,4,696.06859
2011,07,9,5,696.01554
2011,07,9,6,696.75198
2011,07,9,7,697.47633
2011,07,10,0,697.78232
2011,07,10,1,697.74463
2011,07,10,2,697.33416
2011,07,10,3,696.98094
2011,07,10,4,697.57755
2011,07,10,5,697.72945
2011,07,10,6,698.02132
2011,07,10,7,698.24132
2011,07,11,0,698.11008
2011,07,11,1,697.68552
2011,07,11,2,697.46055
2011,07,11,3,696.92749
2011,07,11,4,696.50263
2011,07,11,5,695.54933
2011,07,11,6,694.26629
2011,07,11,7,693.42637
2011,07,12,0,693.09985
2011,07,12,1,692.64288
2011,07,12,2,692.68678
2011,07,12,3,692.36242
2011,07,12,4,691.73824
2011,07,12,5,690.83575
2011,07,12,6,689.7701
2011,07,12,7,688.79158
2011,07,13,0,687.23723
2011,07,13,1,685.86526
2011,07,13,2,685.25372
2011,07,13,3,684.5635
2011,07,13,4,683.55875
2011,07,13,5,682.69354
2011,07,13,6,682.25187
2011,07,13,7,681.85143
2011,07,14,0,681.23318
2011,07,14,1,680.64927
2011,07,14,2,680.81121
2011,07,14,3,680.77683
2011,07,14,4,680.75209
2011,07,14,5,681.0826
2011,07,14,6,680.87923
2011,07,14,7,680.80287
2011,07,15,0,681.29962
2011,07,15,1,681.64512
2011,07,15,2,682.35529
2011,07,15,3,682.64367
2011,07,15,4,682.693
2011,07,15,5,683.16455
2011,07,15,6,683.56625
2011,07,15,7,683.96363
2011,07,16,0,684.51328
2011,07,16,1,685.15706
2011,07,16,2,685.85908
2011,07,16,3,686.25471
2011,07,16,4,686.16769
2011,07,16,5,685.72882
2011,07,16,6,684.97083
2011,07,16,7,684.89288
2011,07,17,0,685.39791
2011,07,17,1,686.23654
2011,07,17,2,685.70943
2011,07,17,3,683.58747
2011,07,17,4,681.03754
2011,07,17,5,679.17079
2011,07,17,6,677.91961
2011,07,17,7,676.19326
2011,07,18,0,676.04561
2011,07,18,1,676.75383
2011,07,18,2,676.0148
2011,07,18,3,675.03164
2011,07,18,4,674.5707
2011,07,18,5,674.22743
2011,07,18,6,674.1831
2011,07,18,7,674.70688
2011,07,19,0,675.41185
2011,07,19,1,675.76798
2011,07,19,2,675.7955
2011,07,19,3,677.19815
2011,07,19,4,678.4787
2011,07,19,5,678.83078
2011,07,19,6,678.24053
2011,07,19,7,677.7353
2011,07,20,0,677.3314
2011,07,20,1,676.94355
2011,07,20,2,676.74612
2011,07,20,3,677.02667
2011,07,20,4,677.28505
2011,07,20,5,677.16937
2011,07,20,6,676.87935
2011,07,20,7,676.65188
2011,07,21,0,676.52316
2011,07,21,1,676.21048
2011,07,21,2,675.82678
2011,07,21,3,675.57409
2011,07,21,4,674.85844
2011,07,21,5,674.51522
2011,07,21,6,674.35712
2011,07,21,7,673.83643
2011,07,22,0,674.35973
2011,07,22,1,674.26752
2011,07,22,2,675.14183
2011,07,22,3,676.07645
2011,07,22,4,675.63789
2011,07,22,5,675.78727
2011,07,22,6,676.43693
2011,07,22,7,676.52904
2011,07,23,0,677.4175
2011,07,23,1,679.08387
2011,07,23,2,680.80048
2011,07,23,3,681.88393
2011,07,23,4,682.83229
2011,07,23,5,683.60114
2011,07,23,6,684.66726
2011,07,23,7,685.80002
2011,07,24,0,686.98898
2011,07,24,1,687.30049
2011,07,24,2,687.28298
2011,07,24,3,687.08574
2011,07,24,4,685.88869
2011,07,24,5,684.44353
2011,07,24,6,683.84241
2011,07,24,7,683.33799
2011,07,25,0,683.44815
2011,07,25,1,684.07018
2011,07,25,2,683.80231
2011,07,25,3,684.38854
2011,07,25,4,685.14849
2011,07,25,5,686.53679
2011,07,25,6,687.98416
2011,07,25,7,688.66923
2011,07,26,0,689.47947
2011,07,26,1,689.41445
2011,07,26,2,689.21647
2011,07,26,3,689.61311
2011,07,26,4,690.70031
2011,07,26,5,691.03158
2011,07,26,6,690.95794
2011,07,26,7,690.41657
2011,07,27,0,689.86622
2011,07,27,1,689.09699
2011,07,27,2,687.90413
2011,07,27,3,686.85655
2011,07,27,4,686.31744
2011,07,27,5,686.15993
2011,07,27,6,686.73282
2011,07,27,7,687.75269
2011,07,28,0,688.41664
2011,07,28,1,688.99787
2011,07,28,2,690.3541
2011,07,28,3,691.56629
2011,07,28,4,691.70738
2011,07,28,5,691.71858
2011,07,28,6,691.73392
2011,07,28,7,691.52124
2011,07,29,0,691.97974
2011,07,29,1,691.81957
2011,07,29,2,691.63406
2011,07,29,3,691.51798
2011,07,29,4,691.53771
2011,07,29,5,691.78321
2011,07,29,6,692.42247
2011,07,29,7,692.79687
2011,07,30,0,694.00182
2011,07,30,1,694.70273
2011,07,30,2,695.03058
2011,07,30,3,695.10248
2011,07,30,4,695.84372
2011,07,30,5,696.11325
2011,07,30,6,696.04534
2011,07,30,7,695.93086
2011,07,1,0,695.64914
2011,07,1,1,695.06457
2011,07,1,2,695.35833
2011,07,1,3,695.49337
2011,07,1,4,695.02471
2011,07,1,5,694.49993
2011,07,1,6,694.51829
2011,07,1,7,694.39505
2011,07,2,0,694.50009
2011,07,2,1,694.85468
2011,07,2,2,695.05363
2011,07,2,3,695.29065
2011,07,2,4,696.17612
2011,07,2,5,697.1332
2011,07,2,6,697.93664
2011,07,2,7,698.94328
2011,07,3,0,700.34212
2011,07,3,1,701.72751
2011,07,3,2,703.10468
2011,07,3,3,704.11377
2011,07,3,4,704.1473
2011,07,3,5,703.55262
2011,07,3,6,703.57295
2011,07,3,7,703.19852
2011,07,4,0,702.61282
2011,07,4,1,701.75881
2011,07,4,2,701.09132
2011,07,4,3,700.71672
2011,07,4,4,700.45384
2011,07,4,5,700.06573
2011,07,4,6,699.59773
2011,07,4,7,699.65708
2011,07,5,0,700.01084
2011,07,5,1,700.57819
2011,07,5,2,701.00593
2011,07,5,3,701.3714
2011,07,5,4,701.16723
2011,07,5,5,700.91999
2011,07,5,6,701.39396
2011,07,5,7,701.37148
2011,07,6,0,700.80382
2011,07,6,1,700.38559
2011,07,6,2,700.03161
2011,07,6,3,699.0469
2011,07,6,4,698.24886
2011,07,6,5,697.53369
2011,07,6,6,696.73089
2011,07,6,7,695.9017
2011,07,7,0,695.45099
2011,07,7,1,694.8342
2011,07,7,2,694.74749
2011,07,7,3,694.33828
2011,07,7,4,693.49658
2011,07,7,5,692.81676
2011,07,7,6,692.53133
2011,07,7,7,691.9395
2011,07,8,0,691.19881
2011,07,8,1,690.49909
2011,07,8,2,690.20551
2011,07,8,3,689.52702
2011,07,8,4,688.62597
2011,07,8,5,688.11726
2011,07,8,6,687.75124
2011,07,8,7,687.58676
2011,07,9,0,687.05208
2011,07,9,1,686.34655
2011,07,9,2,685.81268
2011,07,9,3,685.08637
2011,07,9,4,684.17726
2011,07,9,5,683.14542
2011,07,9,6,682.5991
2011,07,9,7,682.0877
2011,07,10,0,681.36191
2011,07,10,1,680.64621
2011,07,10,2,680.63585
2011,07,10,3,680.67124
2011,07,10,4,680.68871
2011,07,10,5,680.78993
2011,07,10,6,680.98137
2011,07,10,7,680.97247
2011,07,11,0,680.83493
2011,07,11,1,680.71509
2011,07,11,2,681.45771
2011,07,11,3,681.77634
2011,07,11,4,681.59878
2011,07,11,5,681.69487
2011,07,11,6,681.39639
2011,07,11,7,680.68718
2011,07,12,0,680.09375
2011,07,12,1,679.67407
2011,07,12,2,679.49509
2011,07,12,3,678.86643
2011,07,12,4,677.6072
2011,07,12,5,676.65085
2011,07,12,6,676.32105
2011,07,12,7,675.55172
2011,07,13,0,674.88351
2011,07,13,1,674.65739
2011,07,13,2,674.21109
2011,07,13,3,673.71313
2011,07,13,4,673.34312
2011,07,13,5,673.55603
2011,07,13,6,673.87006
2011,07,13,7,674.14577
2011,07,14,0,674.25253
2011,07,14,1,674.39064
2011,07,14,2,675.38543
2011,07,14,3,676.26836
2011,07,14,4,677.56013
2011,07,14,5,678.12011
2011,07,14,6,678.46874
2011,07,14,7,678.81701
2011,07,15,0,679.19233
2011,07,15,1,679.37354
2011,07,15,2,679.77607
2011,07,15,3,680.02632
2011,07,15,4,680.0565
2011,07,15,5,679.95443
2011,07,15,6,680.64849
2011,07,15,7,681.14274
2011,07,16,0,680.817
2011,07,16,1,680.64302
2011,07,16,2,681.12783
2011,07,16,3,681.22046
2011,07,16,4,681.19319
2011,07,16,5,681.26302
2011,07,16,6,681.69728
2011,07,16,7,681.89139
2011,07,17,0,682.20423
2011,07,17,1,682.36198
2011,07,17,2,682.12288
2011,07,17,3,681.72978
2011,07,17,4,681.24945
2011,07,17,5,680.80549
2011,07,17,6,680.60021
2011,07,17,7,680.19688
2011,07,18,0,679.73029
2011,07,18,1,679.31417
2011,07,18,2,679.04537
2011,07,18,3,678.77295
2011,07,18,4,678.5284
2011,07,18,5,678.52825
2011,07,18,6,678.57748
2011,07,18,7,678.69627
2011,07,19,0,679.08375
2011,07,19,1,679.29492
2011,07,19,2,680.03638
2011,07,19,3,680.89633
2011,07,19,4,681.26474
2011,07,19,5,681.34551
2011,07,19,6,682.91576
2011,07,19,7,684.68137
2011,07,20,0,685.96241
2011,07,20,1,686.61451
2011,07,20,2,687.35048
2011,07,20,3,688.55548
2011,07,20,4,689.27702
2011,07,20,5,689.50048
2011,07,20,6,690.13435
2011,07,20,7,690.75669
2011,07,21,0,690.9045
2011,07,21,1,690.84413
2011,07,21,2,691.09395
2011,07,21,3,691.16723
2011,07,21,4,691.30824
2011,07,21,5,691.425
2011,07,21,6,691.5792
2011,07,21,7,691.25192
2011,07,22,0,690.16489
2011,07,22,1,689.38307
2011,07,22,2,689.2615
2011,07,22,3,688.45669
2011,07,22,4,687.74724
2011,07,22,5,686.93076
2011,07,22,6,686.84037
2011,07,22,7,686.76781
2011,07,23,0,685.91447
2011,07,23,1,685.10275
2011,07,23,2,684.94304
2011,07,23,3,684.49828
2011,07,23,4,683.3872
2011,07,23,5,682.99423
2011,07,23,6,683.48914
2011,07,23,7,683.62289
2011,07,24,0,683.42339
2011,07,24,1,683.52067
2011,07,24,2,684.79097
2011,07,24,3,686.15928
2011,07,24,4,685.98564
2011,07,24,5,686.16564
2011,07,24,6,687.589
2011,07,24,7,688.57365
2011,07,25,0,689.47343
2011,07,25,1,689.54817
2011,07,25,2,690.22132
2011,07,25,3,691.2352
2011,07,25,4,691.19599
2011,07,25,5,690.73152
2011,07,25,6,690.80328
2011,07,25,7,690.53407
2011,07,26,0,689.3696
2011,07,26,1,688.55935
2011,07,26,2,688.86546
2011,07,26,3,688.62439
2011,07,26,4,687.65653
2011,07,26,5,687.29863
2011,07,26,6,687.5937
2011,07,26,7,687.63353
2011,07,27,0,687.65298
2011,07,27,1,687.47369
2011,07,27,2,687.52041
2011,07,27,3,687.57261
2011,07,27,4,687.15862
2011,07,27,5,686.64458
2011,07,27,6,687.16282
2011,07,27,7,687.57663
2011,07,28,0,687.66566
2011,07,28,1,687.32388
2011,07,28,2,687.46245
2011,07,28,3,687.8161
2011,07,28,4,687.94721
2011,07,28,5,687.86664
2011,07,28,6,688.35314
2011,07,28,7,688.88231
2011,07,29,0,689.49413
2011,07,29,1,689.6929
2011,07,29,2,690.23328
2011,07,29,3,690.43962
2011,07,29,4,691.34404
2011,07,29,5,692.12618
2011,07,29,6,691.97113
2011,07,29,7,691.94611
2011,07,30,0,692.06241
2011,07,30,1,691.96293
2011,07,30,2,692.75089
2011,07,30,3,693.21686
2011,07,30,4,693.54838
2011,07,30,5,693.66054
2011,07,30,6,694.23762
2011,07,30,7,694.56817
2011,07,31,0,694.87309
2011,07,31,1,694.83829
2011,07,31,2,694.76392
2011,07,31,3,694.80003
2011,07,31,4,694.89047
2011,07,31,5,694.39158
2011,07,31,6,694.21264
2011,07,31,7,693.96875
2011,07,1,0,693.42623
2011,07,1,1,693.01397
2011,07,1,2,692.94906
2011,07,1,3,692.88529
2011,07,1,4,693.01018
2011,07,1,5,693.57796
2011,07,1,6,694.7803
2011,07,1,7,695.9749
2011,07,2,0,696.68847
2011,07,2,1,697.18289
2011,07,2,2,698.5316
2011,07,2,3,699.80185
2011,07,2,4,700.79178
2011,07,2,5,701.40064
2011,07,2,6,702.38504
2011,07,2,7,703.68863
2011,07,3,0,704.99182
2011,07,3,1,705.18952
2011,07,3,2,705.80927
2011,07,3,3,706.92682
2011,07,3,4,707.53174
2011,07,3,5,707.93252
2011,07,3,6,708.1388
2011,07,3,7,708.73744
2011,07,4,0,709.1407
2011,07,4,1,708.83678
2011,07,4,2,708.54864
2011,07,4,3,707.76319
2011,07,4,4,706.69931
2011,07,4,5,706.17399
2011,07,4,6,706.41255
2011,07,4,7,706.76018
2011,07,5,0,707.72712
2011,07,5,1,708.38411
2011,07,5,2,708.86225
2011,07,5,3,708.93205
2011,07,5,4,708.3904
2011,07,5,5,707.96968
2011,07,5,6,707.02815
2011,07,5,7,706.31504
2011,07,6,0,705.58961
2011,07,6,1,704.97632
2011,07,6,2,705.09011
2011,07,6,3,704.5082
2011,07,6,4,703.92952
2011,07,6,5,703.62458
2011,07,6,6,703.58725
2011,07,6,7,703.37497
2011,07,7,0,703.29343
2011,07,7,1,703.14785
2011,07,7,2,703.26388
2011,07,7,3,703.36048
2011,07,7,4,702.5607
2011,07,7,5,701.4442
2011,07,7,6,701.42781
2011,07,7,7,701.54592
2011,07,8,0,700.47429
2011,07,8,1,699.51716
2011,07,8,2,699.0063
2011,07,8,3,698.69915
2011,07,8,4,698.10921
2011,07,8,5,697.33993
2011,07,8,6,697.47232
2011,07,8,7,698.12768
2011,07,9,0,697.42477
2011,07,9,1,696.36136
2011,07,9,2,696.76044
2011,07,9,3,696.76139
2011,07,9,4,696.39302
2011,07,9,5,695.94789
2011,07,9,6,696.00355
2011,07,9,7,695.81471
2011,07,10,0,695.03214
2011,07,10,1,694.38571
2011,07,10,2,694.73872
2011,07,10,3,694.36264
2011,07,10,4,693.56987
2011,07,10,5,693.18277
2011,07,10,6,693.23889
2011,07,10,7,693.6109
2011,07,11,0,693.9407
2011,07,11,1,693.36249
2011,07,11,2,692.76667
2011,07,11,3,692.42969
2011,07,11,4,692.17892
2011,07,11,5,691.69958
2011,07,11,6,691.73284
2011,07,11,7,692.07523
2011,07,12,0,692.11201
2011,07,12,1,692.44689
2011,07,12,2,692.93159
2011,07,12,3,693.69347
2011,07,12,4,694.79865
2011,07,12,5,695.93518
2011,07,12,6,697.14685
2011,07,12,7,698.08075
2011,07,13,0,699.00711
2011,07,13,1,699.54431
2011,07,13,2,700.07127
2011,07,13,3,700.33311
2011,07,13,4,699.90476
2011,07,13,5,699.51118
2011,07,13,6,699.84857
2011,07,13,7,700.22929
2011,07,14,0,700.32816
2011,07,14,1,700.53409
2011,07,14,2,701.11493
2011,07,14,3,700.87639
2011,07,14,4,700.68672
2011,07,14,5,700.76633
2011,07,14,6,700.59493
2011,07,14,7,700.28894
2011,07,15,0,699.75845
2011,07,15,1,699.21758
2011,07,15,2,699.04642
2011,07,15,3,698.66348
2011,07,15,4,697.84725
2011,07,15,5,697.09729
2011,07,15,6,696.50942
2011,07,15,7,696.03589
2011,07,16,0,695.22078
2011,07,16,1,694.80171
2011,07,16,2,694.89159
2011,07,16,3,694.24412
2011,07,16,4,693.79092
2011,07,16,5,693.74664
2011,07,16,6,693.68118
2011,07,16,7,693.83794
2011,07,17,0,694.01115
2011,07,17,1,694.13028
2011,07,17,2,694.39919
2011,07,17,3,694.64264
2011,07,17,4,694.36651
2011,07,17,5,693.99581
2011,07,17,6,694.25136
2011,07,17,7,694.43806
2011,07,18,0,693.96092
2011,07,18,1,693.55467
2011,07,18,2,693.9335
2011,07,18,3,694.1279
2011,07,18,4,694.169
2011,07,18,5,694.29388
2011,07,18,6,694.93006
2011,07,18,7,695.55694
2011,07,19,0,695.50772
2011,07,19,1,695.16112
2011,07,19,2,695.81706
2011,07,19,3,696.42138
2011,07,19,4,697.03967
2011,07,19,5,697.32659
2011,07,19,6,697.80088
2011,07,19,7,698.39677
2011,07,20,0,698.46766
2011,07,20,1,698.18712
2011,07,20,2,698.25442
2011,07,20,3,698.09219
2011,07,20,4,697.71577
2011,07,20,5,697.10758
2011,07,20,6,697.10154
2011,07,20,7,697.03705
2011,07,21,0,696.15818
2011,07,21,1,695.40087
2011,07,21,2,695.01058
2011,07,21,3,694.69046
2011,07,21,4,694.26214
2011,07,21,5,693.68804
2011,07,21,6,693.2984
2011,07,21,7,693.08444
2011,07,22,0,692.81425
2011,07,22,1,692.46369
2011,07,22,2,692.5196
2011,07,22,3,692.62911
2011,07,22,4,692.79391
2011,07,22,5,692.68284
2011,07,22,6,692.22832
2011,07,22,7,691.87317
2011,07,23,0,691.5705
2011,07,23,1,690.49752
2011,07,23,2,690.62408
2011,07,23,3,691.15236
2011,07,23,4,690.72099
2011,07,23,5,689.79296
2011,07,23,6,689.38071
2011,07,23,7,688.66122
2011,07,24,0,686.87276
2011,07,24,1,685.70267
2011,07,24,2,686.24905
2011,07,24,3,687.3974
2011,07,24,4,688.90285
2011,07,24,5,690.33468
2011,07,24,6,692.05995
2011,07,24,7,693.31608
2011,07,25,0,694.34372
2011,07,25,1,694.95462
2011,07,25,2,695.79397
2011,07,25,3,695.96402
2011,07,25,4,695.56698
2011,07,25,5,695.09492
2011,07,25,6,694.41446
2011,07,25,7,693.80587
2011,07,26,0,694.49129
2011,07,26,1,694.8872
2011,07,26,2,695.6259
2011,07,26,3,696.23215
2011,07,26,4,696.17192
2011,07,26,5,696.02565
2011,07,26,6,696.24373
2011,07,26,7,696.60653
2011,07,27,0,696.29149
2011,07,27,1,695.39156
2011,07,27,2,695.29478
2011,07,27,3,694.99441
2011,07,27,4,694.43061
2011,07,27,5,693.65253
2011,07,27,6,692.9755
2011,07,27,7,691.98032
2011,07,28,0,691.0244
2011,07,28,1,690.20923
2011,07,28,2,689.64036
2011,07,28,3,688.87604
2011,07,28,4,687.94581
2011,07,28,5,687.05862
2011,07,28,6,687.28944
2011,07,28,7,687.66579
2011,07,29,0,687.6621
2011,07,29,1,687.84324
2011,07,29,2,688.399
2011,07,29,3,688.69294
2011,07,29,4,688.96021
2011,07,29,5,688.68641
2011,07,29,6,688.65005
2011,07,29,7,688.52243
2011,07,30,0,688.5338
2011,07,30,1,688.22526
2011,07,30,2,687.85588
2011,07,30,3,687.3207
2011,07,30,4,686.56151
2011,07,30,5,685.39824
2011,07,30,6,684.99217
2011,07,30,7,684.47507
2011,07,1,0,683.61392
2011,07,1,1,682.82354
2011,07,1,2,682.46293
2011,07,1,3,681.71903
2011,07,1,4,681.21566
2011,07,1,5,681.5638
2011,07,1,6,682.01277
2011,07,1,7,682.34582
2011,07,2,0,682.96605
2011,07,2,1,683.2105
2011,07,2,2,683.276
2011,07,2,3,683.32828
2011,07,2,4,683.89894
2011,07,2,5,684.4823
2011,07,2,6,685.01993
2011,07,2,7,685.5207
2011,07,3,0,686.1964
2011,07,3,1,686.47724
2011,07,3,2,686.86239
2011,07,3,3,687.16575
2011,07,3,4,687.26239
2011,07,3,5,687.28615
2011,07,3,6,687.68441
2011,07,3,7,688.15982
2011,07,4,0,688.50071
2011,07,4,1,688.72852
2011,07,4,2,689.1225
2011,07,4,3,689.37564
2011,07,4,4,689.47418
2011,07,4,5,689.16812
2011,07,4,6,689.38863
2011,07,4,7,689.9664
2011,07,5,0,690.25524
2011,07,5,1,689.99482
2011,07,5,2,690.12158
2011,07,5,3,690.08785
2011,07,5,4,689.96232
2011,07,5,5,689.61853
2011,07,5,6,689.43451
2011,07,5,7,689.11316
2011,07,6,0,688.73433
2011,07,6,1,688.0456
2011,07,6,2,687.39685
2011,07,6,3,686.85185
2011,07,6,4,686.58633
2011,07,6,5,686.26566
2011,07,6,6,686.35911
2011,07,6,7,686.52592
2011,07,7,0,686.53071
2011,07,7,1,686.53686
2011,07,7,2,686.87705
2011,07,7,3,686.88914
2011,07,7,4,686.88212
2011,07,7,5,686.7045
2011,07,7,6,687.01877
2011,07,7,7,687.32042
2011,07,8,0,686.9964
2011,07,8,1,686.56812
2011,07,8,2,686.62495
2011,07,8,3,686.11755
2011,07,8,4,685.60807
2011,07,8,5,685.08984
2011,07,8,6,684.80651
2011,07,8,7,684.48883
2011,07,9,0,684.04905
2011,07,9,1,683.43823
2011,07,9,2,683.01141
2011,07,9,3,682.55851
2011,07,9,4,681.40331
2011,07,9,5,680.30344
2011,07,9,6,680.07836
2011,07,9,7,680.30518
2011,07,10,0,680.56114
2011,07,10,1,680.70245
2011,07,10,2,681.08917
2011,07,10,3,681.54182
2011,07,10,4,681.72592
2011,07,10,5,681.858
2011,07,10,6,682.33972
2011,07,10,7,682.80938
2011,07,11,0,683.17962
2011,07,11,1,683.42307
2011,07,11,2,683.6769
2011,07,11,3,684.04872
2011,07,11,4,684.68424
2011,07,11,5,684.98644
2011,07,11,6,685.57126
2011,07,11,7,686.421
2011,07,12,0,686.93895
2011,07,12,1,687.24438
2011,07,12,2,687.922
2011,07,12,3,687.94783
2011,07,12,4,687.97373
2011,07,12,5,687.81493
2011,07,12,6,687.79262
2011,07,12,7,687.74624
2011,07,13,0,687.48851
2011,07,13,1,686.57887
2011,07,13,2,685.95347
2011,07,13,3,685.36545
2011,07,13,4,684.8913
2011,07,13,5,684.65697
2011,07,13,6,684.38405
2011,07,13,7,684.09922
2011,07,14,0,683.88227
2011,07,14,1,683.50643
2011,07,14,2,683.56978
2011,07,14,3,683.58905
2011,07,14,4,683.89744
2011,07,14,5,684.19011
2011,07,14,6,684.64221
2011,07,14,7,685.30303
2011,07,15,0,686.20564
2011,07,15,1,686.99786
2011,07,15,2,687.72853
2011,07,15,3,688.29349
2011,07,15,4,688.89773
2011,07,15,5,689.31161
2011,07,15,6,690.03101
2011,07,15,7,690.51533
2011,07,16,0,690.8143
2011,07,16,1,690.72546
2011,07,16,2,690.97296
2011,07,16,3,690.81064
2011,07,16,4,689.79293
2011,07,16,5,689.09197
2011,07,16,6,688.62344
2011,07,16,7,688.38538
2011,07,17,0,688.77054
2011,07,17,1,689.16327
2011,07,17,2,690.09725
2011,07,17,3,690.80335
2011,07,17,4,691.81791
2011,07,17,5,692.37208
2011,07,17,6,692.85249
2011,07,17,7,693.36065
2011,07,18,0,693.22497
2011,07,18,1,692.1071
2011,07,18,2,690.91131
2011,07,18,3,689.53124
2011,07,18,4,688.39321
2011,07,18,5,687.72611
2011,07,18,6,687.60468
2011,07,18,7,688.13087
2011,07,19,0,689.70202
2011,07,19,1,691.02585
2011,07,19,2,692.53615
2011,07,19,3,693.90457
2011,07,19,4,694.44619
2011,07,19,5,693.77563
2011,07,19,6,692.0951
2011,07,19,7,690.87002
2011,07,20,0,690.46641
2011,07,20,1,690.39742
2011,07,20,2,691.11608
2011,07,20,3,692.28937
2011,07,20,4,693.1891
2011,07,20,5,693.55996
2011,07,20,6,693.93014
2011,07,20,7,694.59022
2011,07,21,0,695.46297
2011,07,21,1,695.57007
2011,07,21,2,695.34307
2011,07,21,3,695.39088
2011,07,21,4,694.90234
2011,07,21,5,694.29791
2011,07,21,6,694.68518
2011,07,21,7,695.34316
2011,07,22,0,695.21928
2011,07,22,1,694.44656
2011,07,22,2,693.61134
2011,07,22,3,693.01956
2011,07,22,4,693.39063
2011,07,22,5,693.53028
2011,07,22,6,693.46711
2011,07,22,7,693.91584
2011,07,23,0,694.16166
2011,07,23,1,694.27368
2011,07,23,2,694.96608
2011,07,23,3,695.46204
2011,07,23,4,695.76529
2011,07,23,5,696.24156
2011,07,23,6,696.83468
2011,07,23,7,697.71412
2011,07,24,0,697.46069
2011,07,24,1,696.50487
2011,07,24,2,696.50754
2011,07,24,3,696.57649
2011,07,24,4,696.42916
2011,07,24,5,696.05026
2011,07,24,6,696.34993
2011,07,24,7,696.71631
2011,07,25,0,696.73174
2011,07,25,1,696.31472
2011,07,25,2,695.85011
2011,07,25,3,695.25363
2011,07,25,4,694.07063
2011,07,25,5,692.97096
2011,07,25,6,692.59845
2011,07,25,7,692.35711
2011,07,26,0,692.21231
2011,07,26,1,692.53288
2011,07,26,2,693.16903
2011,07,26,3,693.83119
2011,07,26,4,694.37659
2011,07,26,5,694.67257
2011,07,26,6,695.02885
2011,07,26,7,695.02472
2011,07,27,0,695.16312
2011,07,27,1,695.01424
2011,07,27,2,694.39141
2011,07,27,3,693.63668
2011,07,27,4,693.79581
2011,07,27,5,693.94192
2011,07,27,6,693.71255
2011,07,27,7,693.60788
2011,07,28,0,693.61588
2011,07,28,1,693.06123
2011,07,28,2,692.79512
2011,07,28,3,692.40234
2011,07,28,4,691.75333
2011,07,28,5,690.80323
2011,07,28,6,689.92089
2011,07,28,7,689.20109
2011,07,29,0,688.73724
2011,07,29,1,688.50562
2011,07,29,2,688.64248
2011,07,29,3,688.91449
2011,07,29,4,689.06539
2011,07,29,5,689.41957
2011,07,29,6,690.2473
2011,07,29,7,691.00722
2011,07,30,0,691.90221
2011,07,30,1,692.54238
2011,07,30,2,692.49324
2011,07,30,3,692.15395
2011,07,30,4,692.16334
2011,07,30,5,691.71088
2011,07,30,6,691.54154
2011,07,30,7,691.08579
2011,07,31,0,690.76364
2011,07,31,1,690.47883
2011,07,31,2,690.7673
2011,07,31,3,690.96537
2011,07,31,4,690.95079
2011,07,31,5,691.27547
2011,07,31,6,691.7041
2011,07,31,7,692.11194
2012,07,1,0,692.22456
2012,07,1,1,692.4647
2012,07,1,2,693.3975
2012,07,1,3,694.21384
2012,07,1,4,695.17534
2012,07,1,5,695.97181
2012,07,1,6,696.74871
2012,07,1,7,697.26301
2012,07,2,0,697.92204
2012,07,2,1,698.13875
2012,07,2,2,697.97546
2012,07,2,3,697.69064
2012,07,2,4,697.2998
2012,07,2,5,696.92006
2012,07,2,6,696.19011
2012,07,2,7,695.50373
2012,07,3,0,694.91397
2012,07,3,1,694.02752
2012,07,3,2,693.26951
2012,07,3,3,692.31826
2012,07,3,4,691.39688
2012,07,3,5,690.61296
2012,07,3,6,690.5057
2012,07,3,7,690.64825
2012,07,4,0,690.84227
2012,07,4,1,690.9612
2012,07,4,2,691.01233
2012,07,4,3,691.16001
2012,07,4,4,690.83765
2012,07,4,5,690.53984
2012,07,4,6,690.62695
2012,07,4,7,690.51643
2012,07,5,0,690.40688
2012,07,5,1,689.93966
2012,07,5,2,690.09178
2012,07,5,3,690.30986
2012,07,5,4,689.84747
2012,07,5,5,689.29944
2012,07,5,6,688.99851
2012,07,5,7,689.04002
2012,07,6,0,688.57526
2012,07,6,1,687.82059
2012,07,6,2,687.40946
2012,07,6,3,687.10679
2012,07,6,4,686.77696
2012,07,6,5,686.35118
2012,07,6,6,686.45709
2012,07,6,7,686.90828
2012,07,7,0,687.27594
2012,07,7,1,687.38848
2012,07,7,2,687.81138
2012,07,7,3,688.53449
2012,07,7,4,688.59914
2012,07,7,5,688.83887
2012,07,7,6,689.03637
2012,07,7,7,689.43357
2012,07,8,0,689.59405
2012,07,8,1,689.40316
2012,07,8,2,689.56475
2012,07,8,3,689.7523
2012,07,8,4,689.74928
2012,07,8,5,689.69022
2012,07,8,6,689.33525
2012,07,8,7,689.19383
2012,07,9,0,689.53334
2012,07,9,1,689.65259
2012,07,9,2,689.01773
2012,07,9,3,688.32798
2012,07,9,4,687.7161
2012,07,9,5,687.21573
2012,07,9,6,687.59718
2012,07,9,7,687.94617
2012,07,10,0,687.91301
2012,07,10,1,687.96818
2012,07,10,2,688.55597
2012,07,10,3,689.48538
2012,07,10,4,689.90103
2012,07,10,5,690.39131
2012,07,10,6,691.00757
2012,07,10,7,691.51566
2012,07,11,0,692.00581
2012,07,11,1,692.11618
2012,07,11,2,692.28066
2012,07,11,3,692.35809
2012,07,11,4,691.92047
2012,07,11,5,691.18942
2012,07,11,6,690.35252
2012,07,11,7,689.73512
2012,07,12,0,689.4435
2012,07,12,1,689.49747
2012,07,12,2,688.91568
2012,07,12,3,688.57363
2012,07,12,4,688.42606
2012,07,12,5,688.4018
2012,07,12,6,688.62415
2012,07,12,7,688.96092
2012,07,13,0,689.66124
2012,07,13,1,689.87409
2012,07,13,2,689.77023
2012,07,13,3,689.84043
2012,07,13,4,689.54084
2012,07,13,5,689.34083
2012,07,13,6,688.8722
2012,07,13,7,688.89474
2012,07,14,0,689.29581
2012,07,14,1,689.37311
2012,07,14,2,689.44616
2012,07,14,3,689.4958
2012,07,14,4,689.25763
2012,07,14,5,688.82819
2012,07,14,6,688.57401
2012,07,14,7,688.7269
2012,07,15,0,688.98095
2012,07,15,1,688.93327
2012,07,15,2,689.34543
2012,07,15,3,690.03352
2012,07,15,4,690.12592
2012,07,15,5,689.75158
2012,07,15,6,690.0366
2012,07,15,7,690.42266
2012,07,16,0,689.87438
2012,07,16,1,689.13152
2012,07,16,2,688.72386
2012,07,16,3,688.23993
2012,07,16,4,688.00888
2012,07,16,5,687.7893
2012,07,16,6,687.86316
2012,07,16,7,687.95577
2012,07,17,0,687.56969
2012,07,17,1,687.1139
2012,07,17,2,687.07474
2012,07,17,3,687.05674
2012,07,17,4,687.02298
2012,07,17,5,687.18931
2012,07,17,6,687.54782
2012,07,17,7,688.12639
2012,07,18,0,688.69031
2012,07,18,1,688.9372
2012,07,18,2,689.18531
2012,07,18,3,689.41987
2012,07,18,4,689.94275
2012,07,18,5,690.37726
2012,07,18,6,690.87672
2012,07,18,7,691.27176
2012,07,19,0,691.36477
2012,07,19,1,690.99058
2012,07,19,2,691.50135
2012,07,19,3,691.86949
2012,07,19,4,691.44517
2012,07,19,5,691.00261
2012,07,19,6,691.25497
2012,07,19,7,691.45661
2012,07,20,0,690.79897
2012,07,20,1,689.86271
2012,07,20,2,689.7488
2012,07,20,3,689.46644
2012,07,20,4,689.22333
2012,07,20,5,688.74256
2012,07,20,6,688.27676
2012,07,20,7,687.77827
2012,07,21,0,687.27722
2012,07,21,1,686.73146
2012,07,21,2,686.65672
2012,07,21,3,686.61579
2012,07,21,4,686.39169
2012,07,21,5,686.42047
2012,07,21,6,686.654
2012,07,21,7,686.88146
2012,07,22,0,686.62041
2012,07,22,1,685.99338
2012,07,22,2,685.60733
2012,07,22,3,685.04968
2012,07,22,4,684.30976
2012,07,22,5,683.55434
2012,07,22,6,683.1438
2012,07,22,7,682.79871
2012,07,23,0,682.09221
2012,07,23,1,681.34774
2012,07,23,2,681.05697
2012,07,23,3,680.74275
2012,07,23,4,680.66505
2012,07,23,5,680.57832
2012,07,23,6,681.36327
2012,07,23,7,682.55937
2012,07,24,0,683.6761
2012,07,24,1,684.36602
2012,07,24,2,684.80761
2012,07,24,3,685.646
2012,07,24,4,686.30749
2012,07,24,5,686.53625
2012,07,24,6,687.06034
2012,07,24,7,687.94154
2012,07,25,0,688.32218
2012,07,25,1,688.084
2012,07,25,2,688.30972
2012,07,25,3,688.7855
2012,07,25,4,689.53172
2012,07,25,5,689.85269
2012,07,25,6,690.27719
2012,07,25,7,690.95437
2012,07,26,0,690.92613
2012,07,26,1,690.48131
2012,07,26,2,690.03636
2012,07,26,3,689.45862
2012,07,26,4,688.89762
2012,07,26,5,688.24939
2012,07,26,6,688.24734
2012,07,26,7,688.16242
2012,07,27,0,687.99524
2012,07,27,1,687.76906
2012,07,27,2,687.79548
2012,07,27,3,687.93416
2012,07,27,4,688.25199
2012,07,27,5,688.56887
2012,07,27,6,688.53985
2012,07,27,7,688.58524
2012,07,28,0,688.40171
2012,07,28,1,687.78358
2012,07,28,2,687.67911
2012,07,28,3,687.409
2012,07,28,4,687.2375
2012,07,28,5,686.78825
2012,07,28,6,686.1863
2012,07,28,7,685.48766
2012,07,29,0,684.66944
2012,07,29,1,683.36885
2012,07,29,2,682.73517
2012,07,29,3,682.57253
2012,07,29,4,682.35558
2012,07,29,5,682.35536
2012,07,29,6,682.60655
2012,07,29,7,682.90748
2012,07,30,0,683.36421
2012,07,30,1,683.47135
2012,07,30,2,683.84284
2012,07,30,3,684.05428
2012,07,30,4,684.42733
2012,07,30,5,684.39662
2012,07,30,6,684.13705
2012,07,30,7,684.01241
2012,07,31,0,683.67498
2012,07,31,1,683.29338
2012,07,31,2,682.92039
2012,07,31,3,682.57709
2012,07,31,4,682.57527
2012,07,31,5,682.57875
2012,07,31,6,682.96026
2012,07,31,7,683.58182
2012,07,1,0,683.89674
2012,07,1,1,684.47354
2012,07,1,2,685.1674
2012,07,1,3,685.7933
2012,07,1,4,686.19109
2012,07,1,5,686.69509
2012,07,1,6,687.24542
2012,07,1,7,687.61115
2012,07,2,0,687.79693
2012,07,2,1,687.54526
2012,07,2,2,686.84948
2012,07,2,3,686.01212
2012,07,2,4,685.45327
2012,07,2,5,684.98412
2012,07,2,6,684.53203
2012,07,2,7,684.14848
2012,07,3,0,683.82429
2012,07,3,1,683.23157
2012,07,3,2,682.86283
2012,07,3,3,682.81857
2012,07,3,4,682.8283
2012,07,3,5,682.60294
2012,07,3,6,683.1294
2012,07,3,7,683.56265
2012,07,4,0,683.73178
2012,07,4,1,684.09046
2012,07,4,2,684.19442
2012,07,4,3,684.63227
2012,07,4,4,685.69381
2012,07,4,5,686.34489
2012,07,4,6,687.15173
2012,07,4,7,688.02189
2012,07,5,0,688.78781
2012,07,5,1,688.98591
2012,07,5,2,689.28873
2012,07,5,3,689.80144
2012,07,5,4,690.9501
2012,07,5,5,691.64661
2012,07,5,6,692.34742
2012,07,5,7,693.43795
2012,07,6,0,694.45432
2012,07,6,1,694.92987
2012,07,6,2,695.4355
2012,07,6,3,696.02112
2012,07,6,4,696.44257
2012,07,6,5,696.5122
2012,07,6,6,697.09562
2012,07,6,7,697.96279
2012,07,7,0,698.73628
2012,07,7,1,699.19803
2012,07,7,2,699.47423
2012,07,7,3,699.87821
2012,07,7,4,699.73633
2012,07,7,5,699.49688
2012,07,7,6,699.40892
2012,07,7,7,699.64966
2012,07,8,0,699.73236
2012,07,8,1,699.35311
2012,07,8,2,699.54208
2012,07,8,3,699.49265
2012,07,8,4,699.23001
2012,07,8,5,698.94457
2012,07,8,6,699.24653
2012,07,8,7,699.55691
2012,07,9,0,698.94543
2012,07,9,1,698.47954
2012,07,9,2,698.813
2012,07,9,3,699.27215
2012,07,9,4,699.11332
2012,07,9,5,698.32355
2012,07,9,6,697.7426
2012,07,9,7,697.09115
2012,07,10,0,696.29674
2012,07,10,1,695.0633
2012,07,10,2,693.72557
2012,07,10,3,692.19434
2012,07,10,4,690.72851
2012,07,10,5,689.13728
2012,07,10,6,687.51107
2012,07,10,7,686.20286
2012,07,11,0,685.56423
2012,07,11,1,684.95308
2012,07,11,2,684.64245
2012,07,11,3,684.87907
2012,07,11,4,685.35053
2012,07,11,5,685.95199
2012,07,11,6,687.11831
2012,07,11,7,688.26492
2012,07,12,0,689.46871
2012,07,12,1,690.7876
2012,07,12,2,692.38001
2012,07,12,3,693.72816
2012,07,12,4,695.03687
2012,07,12,5,696.09006
2012,07,12,6,696.6293
2012,07,12,7,696.70065
2012,07,13,0,697.25823
2012,07,13,1,697.29403
2012,07,13,2,697.21685
2012,07,13,3,697.27675
2012,07,13,4,696.81542
2012,07,13,5,696.03397
2012,07,13,6,695.70384
2012,07,13,7,695.43095
2012,07,14,0,695.23065
2012,07,14,1,694.88898
2012,07,14,2,694.99571
2012,07,14,3,695.08639
2012,07,14,4,694.98932
2012,07,14,5,694.46665
2012,07,14,6,694.48077
2012,07,14,7,694.4592
2012,07,15,0,694.13812
2012,07,15,1,693.66888
2012,07,15,2,692.899
2012,07,15,3,692.07969
2012,07,15,4,691.40306
2012,07,15,5,690.77334
2012,07,15,6,690.12198
2012,07,15,7,689.78316
2012,07,16,0,689.91896
2012,07,16,1,690.09554
2012,07,16,2,690.32381
2012,07,16,3,690.46768
2012,07,16,4,691.19847
2012,07,16,5,691.8419
2012,07,16,6,692.9683
2012,07,16,7,694.31897
2012,07,17,0,695.21358
2012,07,17,1,696.22623
2012,07,17,2,697.18638
2012,07,17,3,698.15167
2012,07,17,4,699.18922
2012,07,17,5,700.21069
2012,07,17,6,700.78434
2012,07,17,7,701.2635
2012,07,18,0,701.55986
2012,07,18,1,701.60378
2012,07,18,2,702.2581
2012,07,18,3,703.36924
2012,07,18,4,703.98327
2012,07,18,5,704.22526
2012,07,18,6,704.8492
2012,07,18,7,705.60148
2012,07,19,0,705.82755
2012,07,19,1,705.79877
2012,07,19,2,705.24284
2012,07,19,3,704.38034
2012,07,19,4,703.86215
2012,07,19,5,703.37659
2012,07,19,6,702.60824
2012,07,19,7,701.55804
2012,07,20,0,700.09155
2012,07,20,1,698.69768
2012,07,20,2,697.02223
2012,07,20,3,694.86056
2012,07,20,4,693.28278
2012,07,20,5,691.81639
2012,07,20,6,690.11432
2012,07,20,7,688.76616
2012,07,21,0,688.22634
2012,07,21,1,688.12566
2012,07,21,2,688.45876
2012,07,21,3,689.11821
2012,07,21,4,689.8534
2012,07,21,5,690.54038
2012,07,21,6,691.43459
2012,07,21,7,692.13971
2012,07,22,0,692.50458
2012,07,22,1,692.47266
2012,07,22,2,692.25651
2012,07,22,3,692.04954
2012,07,22,4,691.71363
2012,07,22,5,691.36435
2012,07,22,6,690.92476
2012,07,22,7,690.47803
2012,07,23,0,690.26344
2012,07,23,1,689.45554
2012,07,23,2,688.58106
2012,07,23,3,687.91041
2012,07,23,4,686.89491
2012,07,23,5,685.98214
2012,07,23,6,686.15241
2012,07,23,7,686.72821
2012,07,24,0,686.78394
2012,07,24,1,686.976
2012,07,24,2,687.525
2012,07,24,3,688.32066
2012,07,24,4,689.24019
2012,07,24,5,689.83851
2012,07,24,6,690.23531
2012,07,24,7,690.82339
2012,07,25,0,690.94795
2012,07,25,1,690.79597
2012,07,25,2,691.28269
2012,07,25,3,691.64702
2012,07,25,4,691.93012
2012,07,25,5,691.95183
2012,07,25,6,692.30617
2012,07,25,7,692.65108
2012,07,26,0,692.54649
2012,07,26,1,692.24748
2012,07,26,2,692.12909
2012,07,26,3,691.60305
2012,07,26,4,691.05281
2012,07,26,5,690.47393
2012,07,26,6,689.71836
2012,07,26,7,688.57794
2012,07,27,0,687.24157
2012,07,27,1,686.29782
2012,07,27,2,686.81899
2012,07,27,3,687.94826
2012,07,27,4,688.59143
2012,07,27,5,688.75646
2012,07,27,6,689.87144
2012,07,27,7,690.82977
2012,07,28,0,691.03039
2012,07,28,1,690.34655
2012,07,28,2,689.76293
2012,07,28,3,689.74546
2012,07,28,4,688.43527
2012,07,28,5,687.2915
2012,07,28,6,687.71025
2012,07,28,7,688.16366
2012,07,29,0,688.31663
2012,07,29,1,688.43616
2012,07,29,2,689.17618
2012,07,29,3,689.90367
2012,07,29,4,690.70212
2012,07,29,5,691.12316
2012,07,29,6,691.433
2012,07,29,7,691.59024
2012,07,1,0,692.42814
2012,07,1,1,693.0911
2012,07,1,2,693.39345
2012,07,1,3,693.49564
2012,07,1,4,692.7585
2012,07,1,5,691.78975
2012,07,1,6,691.14137
2012,07,1,7,690.81326
2012,07,2,0,690.87649
2012,07,2,1,690.44845
2012,07,2,2,690.0526
2012,07,2,3,690.10719
2012,07,2,4,689.86077
2012,07,2,5,689.50387
2012,07,2,6,689.23657
2012,07,2,7,689.04148
2012,07,3,0,689.38331
2012,07,3,1,689.54025
2012,07,3,2,689.50674
2012,07,3,3,690.11306
2012,07,3,4,690.63778
2012,07,3,5,690.74843
2012,07,3,6,691.66509
2012,07,3,7,692.73913
2012,07,4,0,692.57796
2012,07,4,1,692.16544
2012,07,4,2,692.5775
2012,07,4,3,693.15622
2012,07,4,4,693.86903
2012,07,4,5,693.84214
2012,07,4,6,693.7512
2012,07,4,7,693.94699
2012,07,5,0,693.84184
2012,07,5,1,693.28689
2012,07,5,2,692.54616
2012,07,5,3,692.39256
2012,07,5,4,692.47188
2012,07,5,5,692.23969
2012,07,5,6,691.77391
2012,07,5,7,691.51121
2012,07,6,0,691.54421
2012,07,6,1,691.29338
2012,07,6,2,690.35814
2012,07,6,3,689.64314
2012,07,6,4,689.08184
2012,07,6,5,688.47382
2012,07,6,6,688.01871
2012,07,6,7,687.72233
2012,07,7,0,687.4181
2012,07,7,1,686.88905
2012,07,7,2,686.61486
2012,07,7,3,686.45888
2012,07,7,4,686.76093
2012,07,7,5,687.03962
2012,07,7,6,686.6773
2012,07,7,7,686.61042
2012,07,8,0,686.08231
2012,07,8,1,685.4449
2012,07,8,2,686.21508
2012,07,8,3,687.08823
2012,07,8,4,687.96689
2012,07,8,5,688.9742
2012,07,8,6,689.57442
2012,07,8,7,690.19429
2012,07,9,0,690.84851
2012,07,9,1,691.41004
2012,07,9,2,691.72611
2012,07,9,3,692.20606
2012,07,9,4,692.83051
2012,07,9,5,693.11309
2012,07,9,6,693.66491
2012,07,9,7,694.19251
2012,07,10,0,694.04242
2012,07,10,1,693.62907
2012,07,10,2,693.73286
2012,07,10,3,693.72427
2012,07,10,4,693.65686
2012,07,10,5,693.29693
2012,07,10,6,693.11116
2012,07,10,7,693.04666
2012,07,11,0,692.6342
2012,07,11,1,692.37372
2012,07,11,2,692.33783
2012,07,11,3,692.29484
2012,07,11,4,691.97737
2012,07,11,5,691.78703
2012,07,11,6,691.26324
2012,07,11,7,690.70992
2012,07,12,0,690.24502
2012,07,12,1,689.88727
2012,07,12,2,689.44026
2012,07,12,3,689.13837
2012,07,12,4,689.30954
2012,07,12,5,689.48132
2012,07,12,6,689.94534
2012,07,12,7,690.0896
2012,07,13,0,690.08042
2012,07,13,1,689.98376
2012,07,13,2,689.36814
2012,07,13,3,688.64957
2012,07,13,4,688.24811
2012,07,13,5,687.68376
2012,07,13,6,687.14237
2012,07,13,7,687.01186
2012,07,14,0,686.97921
2012,07,14,1,686.79834
2012,07,14,2,686.78537
2012,07,14,3,686.96142
2012,07,14,4,686.79219
2012,07,14,5,686.08579
2012,07,14,6,685.11339
2012,07,14,7,684.0394
2012,07,15,0,682.86529
2012,07,15,1,681.89871
2012,07,15,2,681.30393
2012,07,15,3,680.97423
2012,07,15,4,681.17462
2012,07,15,5,681.50054
2012,07,15,6,681.71101
2012,07,15,7,681.96299
2012,07,16,0,682.49204
2012,07,16,1,682.88385
2012,07,16,2,683.57157
2012,07,16,3,684.41744
2012,07,16,4,685.23128
2012,07,16,5,685.65635
2012,07,16,6,685.75024
2012,07,16,7,686.29108
2012,07,17,0,687.00101
2012,07,17,1,687.19638
2012,07,17,2,687.43883
2012,07,17,3,688.01753
2012,07,17,4,688.15004
2012,07,17,5,687.96836
2012,07,17,6,688.27903
2012,07,17,7,688.84567
2012,07,18,0,688.8411
2012,07,18,1,688.96992
2012,07,18,2,688.92431
2012,07,18,3,689.00663
2012,07,18,4,688.87666
2012,07,18,5,688.66968
2012,07,18,6,688.34625
2012,07,18,7,687.96659
2012,07,19,0,688.07652
2012,07,19,1,687.61377
2012,07,19,2,686.91366
2012,07,19,3,687.01019
2012,07,19,4,686.76162
2012,07,19,5,686.33451
2012,07,19,6,685.74874
2012,07,19,7,685.15024
2012,07,20,0,684.35867
2012,07,20,1,684.18822
2012,07,20,2,685.28696
2012,07,20,3,686.6182
2012,07,20,4,688.11211
2012,07,20,5,689.83319
2012,07,20,6,690.94216
2012,07,20,7,692.29241
2012,07,21,0,693.04374
2012,07,21,1,693.53038
2012,07,21,2,694.60213
2012,07,21,3,695.38403
2012,07,21,4,696.29925
2012,07,21,5,697.66107
2012,07,21,6,698.80342
2012,07,21,7,699.33845
2012,07,22,0,699.43475
2012,07,22,1,699.26591
2012,07,22,2,699.42674
2012,07,22,3,699.65618
2012,07,22,4,700.1493
2012,07,22,5,700.20581
2012,07,22,6,699.72267
2012,07,22,7,699.06046
2012,07,23,0,698.47957
2012,07,23,1,697.14278
2012,07,23,2,695.80033
2012,07,23,3,694.79074
2012,07,23,4,693.92121
2012,07,23,5,692.77993
2012,07,23,6,691.968
2012,07,23,7,691.55045
2012,07,24,0,690.73415
2012,07,24,1,689.48255
2012,07,24,2,688.98019
2012,07,24,3,688.93889
2012,07,24,4,688.78713
2012,07,24,5,688.42652
2012,07,24,6,687.94915
2012,07,24,7,687.72067
2012,07,25,0,687.37447
2012,07,25,1,687.10937
2012,07,25,2,687.52745
2012,07,25,3,687.66733
2012,07,25,4,687.74342
2012,07,25,5,687.81371
2012,07,25,6,688.00449
2012,07,25,7,688.18278
2012,07,26,0,687.80687
2012,07,26,1,687.38437
2012,07,26,2,687.53266
2012,07,26,3,687.5074
2012,07,26,4,686.99629
2012,07,26,5,686.27064
2012,07,26,6,685.46141
2012,07,26,7,684.8977
2012,07,27,0,684.22279
2012,07,27,1,683.54409
2012,07,27,2,683.43536
2012,07,27,3,683.42415
2012,07,27,4,682.72904
2012,07,27,5,682.24648
2012,07,27,6,682.58969
2012,07,27,7,683.30641
2012,07,28,0,683.54755
2012,07,28,1,683.72243
2012,07,28,2,684.39011
2012,07,28,3,684.93142
2012,07,28,4,684.86482
2012,07,28,5,684.95045
2012,07,28,6,685.19865
2012,07,28,7,685.444
2012,07,29,0,685.2959
2012,07,29,1,685.08899
2012,07,29,2,685.14158
2012,07,29,3,685.45248
2012,07,29,4,685.47455
2012,07,29,5,685.27917
2012,07,29,6,685.50833
2012,07,29,7,685.61743
2012,07,30,0,685.58652
2012,07,30,1,685.83047
2012,07,30,2,686.11282
2012,07,30,3,686.58435
2012,07,30,4,687.1497
2012,07,30,5,687.80551
2012,07,30,6,689.0652
2012,07,30,7,690.19081
2012,07,31,0,690.55505
2012,07,31,1,690.93745
2012,07,31,2,691.72811
2012,07,31,3,692.54041
2012,07,31,4,692.95362
2012,07,31,5,692.86557
2012,07,31,6,692.86476
2012,07,31,7,693.04101
2012,07,1,0,692.81898
2012,07,1,1,692.10573
2012,07,1,2,691.46359
2012,07,1,3,691.17157
2012,07,1,4,690.44915
2012,07,1,5,689.68194
2012,07,1,6,689.62968
2012,07,1,7,689.74501
2012,07,2,0,689.75777
2012,07,2,1,689.5767
2012,07,2,2,690.16126
2012,07,2,3,690.74141
2012,07,2,4,690.59864
2012,07,2,5,690.29372
2012,07,2,6,690.254
2012,07,2,7,690.38485
2012,07,3,0,690.73055
2012,07,3,1,690.85034
2012,07,3,2,691.20464
2012,07,3,3,691.46328
2012,07,3,4,691.56255
2012,07,3,5,691.28275
2012,07,3,6,690.63862
2012,07,3,7,690.12278
2012,07,4,0,689.35843
2012,07,4,1,688.34342
2012,07,4,2,687.51313
2012,07,4,3,686.82379
2012,07,4,4,686.00599
2012,07,4,5,685.3651
2012,07,4,6,684.97558
2012,07,4,7,684.55726
2012,07,5,0,684.69224
2012,07,5,1,684.71675
2012,07,5,2,684.82855
2012,07,5,3,684.99483
2012,07,5,4,684.18013
2012,07,5,5,683.30344
2012,07,5,6,682.90021
2012,07,5,7,682.21626
2012,07,6,0,681.46523
2012,07,6,1,681.22527
2012,07,6,2,681.24381
2012,07,6,3,681.29847
2012,07,6,4,681.4653
2012,07,6,5,681.72884
2012,07,6,6,681.96655
2012,07,6,7,682.43819
2012,07,7,0,683.19121
2012,07,7,1,683.82293
2012,07,7,2,685.30813
2012,07,7,3,686.90924
2012,07,7,4,687.65297
2012,07,7,5,688.41751
2012,07,7,6,689.67668
2012,07,7,7,690.5539
2012,07,8,0,691.05822
2012,07,8,1,691.4465
2012,07,8,2,692.11633
2012,07,8,3,692.6449
2012,07,8,4,692.71012
2012,07,8,5,692.73172
2012,07,8,6,692.68667
2012,07,8,7,692.30315
2012,07,9,0,691.51186
2012,07,9,1,690.47866
2012,07,9,2,689.67741
2012,07,9,3,688.75024
2012,07,9,4,687.39201
2012,07,9,5,686.19096
2012,07,9,6,685.11797
2012,07,9,7,684.37671
2012,07,10,0,683.52719
2012,07,10,1,682.6268
2012,07,10,2,682.49617
2012,07,10,3,682.7546
2012,07,10,4,682.55199
2012,07,10,5,682.23778
2012,07,10,6,682.51618
2012,07,10,7,682.43986
2012,07,11,0,682.46916
2012,07,11,1,682.7579
2012,07,11,2,682.56634
2012,07,11,3,682.43879
2012,07,11,4,682.42062
2012,07,11,5,682.44269
2012,07,11,6,682.23935
2012,07,11,7,681.95378
2012,07,12,0,681.49502
2012,07,12,1,680.80551
2012,07,12,2,680.90852
2012,07,12,3,681.30642
2012,07,12,4,680.76708
2012,07,12,5,679.95833
2012,07,12,6,679.88315
2012,07,12,7,679.92713
2012,07,13,0,679.46484
2012,07,13,1,678.81134
2012,07,13,2,678.99976
2012,07,13,3,679.60422
2012,07,13,4,679.47202
2012,07,13,5,679.15873
2012,07,13,6,679.56637
2012,07,13,7,679.92443
2012,07,14,0,680.15786
2012,07,14,1,680.55616
2012,07,14,2,681.38065
2012,07,14,3,681.88803
2012,07,14,4,682.38473
2012,07,14,5,682.74362
2012,07,14,6,682.97206
2012,07,14,7,683.42354
2012,07,15,0,684.15126
2012,07,15,1,684.68067
2012,07,15,2,685.17657
2012,07,15,3,686.0694
2012,07,15,4,686.63899
2012,07,15,5,687.28474
2012,07,15,6,688.67168
2012,07,15,7,689.26069
2012,07,16,0,689.72994
2012,07,16,1,689.7013
2012,07,16,2,689.28325
2012,07,16,3,688.8114
2012,07,16,4,688.69265
2012,07,16,5,688.34281
2012,07,16,6,688.33772
2012,07,16,7,688.43711
2012,07,17,0,688.55928
2012,07,17,1,688.40757
2012,07,17,2,688.22613
2012,07,17,3,688.14528
2012,07,17,4,687.86103
2012,07,17,5,687.36708
2012,07,17,6,687.08274
2012,07,17,7,686.7767
2012,07,18,0,686.19352
2012,07,18,1,685.57178
2012,07,18,2,685.20677
2012,07,18,3,685.12564
2012,07,18,4,684.94712
2012,07,18,5,684.90452
2012,07,18,6,684.70405
2012,07,18,7,684.73252
2012,07,19,0,684.95641
2012,07,19,1,684.70567
2012,07,19,2,684.85274
2012,07,19,3,685.1823
2012,07,19,4,685.33995
2012,07,19,5,685.19376
2012,07,19,6,685.00729
2012,07,19,7,684.93801
2012,07,20,0,685.25521
2012,07,20,1,685.43871
2012,07,20,2,685.13419
2012,07,20,3,685.16419
2012,07,20,4,685.47848
2012,07,20,5,685.56068
2012,07,20,6,685.94718
2012,07,20,7,686.31586
2012,07,21,0,686.42419
2012,07,21,1,686.40506
2012,07,21,2,686.72741
2012,07,21,3,687.129
2012,07,21,4,687.10876
2012,07,21,5,686.58895
2012,07,21,6,685.52077
2012,07,21,7,684.36244
2012,07,22,0,683.85359
2012,07,22,1,683.70735
2012,07,22,2,684.08704
2012,07,22,3,685.10167
2012,07,22,4,686.21371
2012,07,22,5,687.15077
2012,07,22,6,688.2706
2012,07,22,7,689.1757
2012,07,23,0,689.64773
2012,07,23,1,689.21349
2012,07,23,2,689.09274
2012,07,23,3,688.74308
2012,07,23,4,688.26581
2012,07,23,5,687.46827
2012,07,23,6,686.86911
2012,07,23,7,686.13993
2012,07,24,0,685.77094
2012,07,24,1,685.41001
2012,07,24,2,685.41865
2012,07,24,3,685.14601
2012,07,24,4,685.71436
2012,07,24,5,686.06521
2012,07,24,6,686.0088
2012,07,24,7,686.4035
2012,07,25,0,686.50782
2012,07,25,1,685.8924
2012,07,25,2,686.12686
2012,07,25,3,686.19475
2012,07,25,4,686.72712
2012,07,25,5,687.06862
2012,07,25,6,687.13927
2012,07,25,7,687.03911
2012,07,26,0,686.99235
2012,07,26,1,687.02569
2012,07,26,2,687.44528
2012,07,26,3,688.31124
2012,07,26,4,688.81533
2012,07,26,5,689.33889
2012,07,26,6,689.64974
2012,07,26,7,689.50608
2012,07,27,0,689.49269
2012,07,27,1,689.08865
2012,07,27,2,688.93212
2012,07,27,3,689.06442
2012,07,27,4,689.0504
2012,07,27,5,688.99189
2012,07,27,6,688.96086
2012,07,27,7,688.78915
2012,07,28,0,688.38465
2012,07,28,1,687.67566
2012,07,28,2,687.29217
2012,07,28,3,686.78938
2012,07,28,4,686.1779
2012,07,28,5,685.49269
2012,07,28,6,684.81936
2012,07,28,7,684.60422
2012,07,29,0,684.04472
2012,07,29,1,683.31362
2012,07,29,2,683.27965
2012,07,29,3,683.2236
2012,07,29,4,683.99509
2012,07,29,5,684.60652
2012,07,29,6,684.34743
2012,07,29,7,684.4058
2012,07,30,0,684.70696
2012,07,30,1,684.61707
2012,07,30,2,684.93474
2012,07,30,3,685.07177
2012,07,30,4,685.11955
2012,07,30,5,684.87088
2012,07,30,6,684.83697
2012,07,30,7,684.78314
2012,07,1,0,684.67258
2012,07,1,1,684.29197
2012,07,1,2,683.89213
2012,07,1,3,683.66398
2012,07,1,4,682.90974
2012,07,1,5,681.85861
2012,07,1,6,681.20076
2012,07,1,7,680.54187
2012,07,2,0,679.84875
2012,07,2,1,679.25009
2012,07,2,2,679.29763
2012,07,2,3,679.55502
2012,07,2,4,679.41689
2012,07,2,5,679.14746
2012,07,2,6,679.28965
2012,07,2,7,679.57413
2012,07,3,0,679.55301
2012,07,3,1,679.42758
2012,07,3,2,679.46389
2012,07,3,3,679.7278
2012,07,3,4,680.19459
2012,07,3,5,680.54399
2012,07,3,6,681.15164
2012,07,3,7,681.97112
2012,07,4,0,682.60994
2012,07,4,1,682.9353
2012,07,4,2,682.9101
2012,07,4,3,683.14527
2012,07,4,4,683.48033
2012,07,4,5,684.06936
2012,07,4,6,684.1617
2012,07,4,7,683.95181
2012,07,5,0,683.84335
2012,07,5,1,683.92501
2012,07,5,2,684.4645
2012,07,5,3,684.70523
2012,07,5,4,684.68051
2012,07,5,5,684.85111
2012,07,5,6,685.12986
2012,07,5,7,685.18598
2012,07,6,0,685.72971
2012,07,6,1,686.19914
2012,07,6,2,686.21703
2012,07,6,3,686.59879
2012,07,6,4,686.92251
2012,07,6,5,688.01221
2012,07,6,6,688.44555
2012,07,6,7,688.93892
2012,07,7,0,689.78892
2012,07,7,1,690.78099
2012,07,7,2,692.05337
2012,07,7,3,693.17715
2012,07,7,4,694.34067
2012,07,7,5,695.76324
2012,07,7,6,697.2593
2012,07,7,7,698.35174
2012,07,8,0,699.01374
2012,07,8,1,699.68382
2012,07,8,2,701.06072
2012,07,8,3,701.75518
2012,07,8,4,702.17374
2012,07,8,5,702.26952
2012,07,8,6,701.88299
2012,07,8,7,701.48014
2012,07,9,0,701.4887
2012,07,9,1,701.41728
2012,07,9,2,701.22936
2012,07,9,3,701.12169
2012,07,9,4,700.5833
2012,07,9,5,700.19652
2012,07,9,6,699.32829
2012,07,9,7,699.20531
2012,07,10,0,698.86274
2012,07,10,1,698.85514
2012,07,10,2,699.40448
2012,07,10,3,699.98106
2012,07,10,4,700.7697
2012,07,10,5,701.34292
2012,07,10,6,701.05812
2012,07,10,7,700.26793
2012,07,11,0,699.47937
2012,07,11,1,699.18589
2012,07,11,2,698.69865
2012,07,11,3,697.75573
2012,07,11,4,696.54636
2012,07,11,5,694.98723
2012,07,11,6,692.81059
2012,07,11,7,691.15142
2012,07,12,0,690.5761
2012,07,12,1,690.04021
2012,07,12,2,689.78305
2012,07,12,3,689.77058
2012,07,12,4,689.75898
2012,07,12,5,689.91882
2012,07,12,6,689.90475
2012,07,12,7,690.48275
2012,07,13,0,689.80231
2012,07,13,1,689.87343
2012,07,13,2,690.97242
2012,07,13,3,692.38486
2012,07,13,4,694.24765
2012,07,13,5,695.70113
2012,07,13,6,696.96976
2012,07,13,7,697.98884
2012,07,14,0,698.97701
2012,07,14,1,699.33805
2012,07,14,2,699.8817
2012,07,14,3,699.93356
2012,07,14,4,699.51645
2012,07,14,5,699.2398
2012,07,14,6,698.68913
2012,07,14,7,698.00561
2012,07,15,0,697.24431
2012,07,15,1,696.39539
2012,07,15,2,695.88447
2012,07,15,3,695.43996
2012,07,15,4,694.8595
2012,07,15,5,693.96952
2012,07,15,6,693.05919
2012,07,15,7,692.63336
2012,07,16,0,692.48689
2012,07,16,1,692.04056
2012,07,16,2,692.11008
2012,07,16,3,692.31514
2012,07,16,4,692.23848
2012,07,16,5,692.71695
2012,07,16,6,693.02821
2012,07,16,7,692.83986
2012,07,17,0,692.16784
2012,07,17,1,691.14586
2012,07,17,2,690.90054
2012,07,17,3,690.5717
2012,07,17,4,689.70397
2012,07,17,5,688.55053
2012,07,17,6,687.65328
2012,07,17,7,686.86921
2012,07,18,0,685.8124
2012,07,18,1,684.93212
2012,07,18,2,683.80712
2012,07,18,3,682.77026
2012,07,18,4,681.94842
2012,07,18,5,681.07513
2012,07,18,6,680.51919
2012,07,18,7,680.0104
2012,07,19,0,679.48802
2012,07,19,1,679.03852
2012,07,19,2,678.80101
2012,07,19,3,678.48082
2012,07,19,4,678.69544
2012,07,19,5,679.28208
2012,07,19,6,679.79244
2012,07,19,7,680.56473
2012,07,20,0,681.86875
2012,07,20,1,683.15886
2012,07,20,2,684.19424
2012,07,20,3,685.05814
2012,07,20,4,685.31511
2012,07,20,5,686.15563
2012,07,20,6,687.00506
2012,07,20,7,687.23724
2012,07,21,0,688.26329
2012,07,21,1,689.09183
2012,07,21,2,689.59763
2012,07,21,3,689.98326
2012,07,21,4,690.44851
2012,07,21,5,690.05937
2012,07,21,6,689.67845
2012,07,21,7,689.25205
2012,07,22,0,688.93047
2012,07,22,1,688.62633
2012,07,22,2,687.76193
2012,07,22,3,686.65737
2012,07,22,4,685.31421
2012,07,22,5,684.12416
2012,07,22,6,682.91653
2012,07,22,7,681.62713
2012,07,23,0,681.04967
2012,07,23,1,680.15514
2012,07,23,2,678.95979
2012,07,23,3,678.01821
2012,07,23,4,676.34208
2012,07,23,5,674.68066
2012,07,23,6,673.96107
2012,07,23,7,673.65134
2012,07,24,0,673.50106
2012,07,24,1,673.48688
2012,07,24,2,673.90636
2012,07,24,3,674.24788
2012,07,24,4,674.41915
2012,07,24,5,674.60463
2012,07,24,6,675.41791
2012,07,24,7,676.26559
2012,07,25,0,677.25912
2012,07,25,1,678.3592
2012,07,25,2,679.94478
2012,07,25,3,681.4784
2012,07,25,4,682.28979
2012,07,25,5,683.10697
2012,07,25,6,683.79371
2012,07,25,7,684.23398
2012,07,26,0,684.41824
2012,07,26,1,683.98334
2012,07,26,2,683.79544
2012,07,26,3,683.07558
2012,07,26,4,681.79338
2012,07,26,5,681.48457
2012,07,26,6,680.86308
2012,07,26,7,680.36139
2012,07,27,0,680.06169
2012,07,27,1,680.19846
2012,07,27,2,680.5887
2012,07,27,3,681.03436
2012,07,27,4,681.4116
2012,07,27,5,681.71317
2012,07,27,6,681.988
2012,07,27,7,682.73332
2012,07,28,0,684.01711
2012,07,28,1,684.81716
2012,07,28,2,685.20094
2012,07,28,3,685.49944
2012,07,28,4,685.5054
2012,07,28,5,684.96123
2012,07,28,6,684.53047
2012,07,28,7,684.47514
2012,07,29,0,684.19477
2012,07,29,1,683.89036
2012,07,29,2,684.13775
2012,07,29,3,684.24709
2012,07,29,4,683.80551
2012,07,29,5,683.12216
2012,07,29,6,682.54608
2012,07,29,7,681.56656
2012,07,30,0,681.00242
2012,07,30,1,680.7934
2012,07,30,2,680.61621
2012,07,30,3,680.86438
2012,07,30,4,680.95991
2012,07,30,5,681.17359
2012,07,30,6,680.88999
2012,07,30,7,680.94174
2012,07,31,0,680.80224
2012,07,31,1,680.43578
2012,07,31,2,680.5389
2012,07,31,3,680.72293
2012,07,31,4,681.29202
2012,07,31,5,681.69657
2012,07,31,6,681.50665
2012,07,31,7,681.42425
2012,07,1,0,681.02611
2012,07,1,1,679.94104
2012,07,1,2,678.84224
2012,07,1,3,678.01336
2012,07,1,4,677.02433
2012,07,1,5,676.34049
2012,07,1,6,676.1194
2012,07,1,7,675.92891
2012,07,2,0,676.34477
2012,07,2,1,676.5952
2012,07,2,2,676.99991
2012,07,2,3,677.75024
2012,07,2,4,678.64391
2012,07,2,5,679.19472
2012,07,2,6,679.5829
2012,07,2,7,679.96799
2012,07,3,0,680.44745
2012,07,3,1,680.94381
2012,07,3,2,681.77401
2012,07,3,3,682.63755
2012,07,3,4,683.63325
2012,07,3,5,684.55385
2012,07,3,6,685.20402
2012,07,3,7,685.60005
2012,07,4,0,684.85355
2012,07,4,1,683.62123
2012,07,4,2,683.57874
2012,07,4,3,683.39235
2012,07,4,4,682.75066
2012,07,4,5,681.92834
2012,07,4,6,680.95464
2012,07,4,7,679.83094
2012,07,5,0,678.83624
2012,07,5,1,677.77515
2012,07,5,2,676.82094
2012,07,5,3,676.9122
2012,07,5,4,677.48114
2012,07,5,5,677.58222
2012,07,5,6,677.45819
2012,07,5,7,677.63579
2012,07,6,0,678.71451
2012,07,6,1,680.11298
2012,07,6,2,680.98653
2012,07,6,3,681.93113
2012,07,6,4,682.83061
2012,07,6,5,683.43164
2012,07,6,6,684.36695
2012,07,6,7,685.22691
2012,07,7,0,685.7947
2012,07,7,1,686.01659
2012,07,7,2,686.21034
2012,07,7,3,686.57864
2012,07,7,4,686.60567
2012,07,7,5,686.56085
2012,07,7,6,686.27649
2012,07,7,7,686.3479
2012,07,8,0,686.65911
2012,07,8,1,686.64608
2012,07,8,2,687.25551
2012,07,8,3,687.86476
2012,07,8,4,688.2922
2012,07,8,5,688.52406
2012,07,8,6,688.83677
2012,07,8,7,689.31419
2012,07,9,0,689.92564
2012,07,9,1,690.38
2012,07,9,2,690.45694
2012,07,9,3,690.62798
2012,07,9,4,690.78113
2012,07,9,5,690.8942
2012,07,9,6,691.26856
2012,07,9,7,691.6835
2012,07,10,0,692.23178
2012,07,10,1,692.43502
2012,07,10,2,692.5883
2012,07,10,3,692.68129
2012,07,10,4,693.14755
2012,07,10,5,693.69812
2012,07,10,6,693.79677
2012,07,10,7,694.13828
2012,07,11,0,694.03889
2012,07,11,1,693.61797
2012,07,11,2,692.85739
2012,07,11,3,692.08808
2012,07,11,4,692.20889
2012,07,11,5,692.16999
2012,07,11,6,691.70514
2012,07,11,7,691.40172
2012,07,12,0,691.92085
2012,07,12,1,692.59175
2012,07,12,2,692.12761
2012,07,12,3,691.41663
2012,07,12,4,690.37002
2012,07,12,5,689.34581
2012,07,12,6,688.7672
2012,07,12,7,688.56964
2012,07,13,0,688.45367
2012,07,13,1,688.16181
2012,07,13,2,687.10659
2012,07,13,3,685.80066
2012,07,13,4,685.07258
2012,07,13,5,684.45195
2012,07,13,6,683.83898
2012,07,13,7,683.27827
2012,07,14,0,683.05047
2012,07,14,1,683.60832
2012,07,14,2,683.87929
2012,07,14,3,684.56463
2012,07,14,4,686.11187
2012,07,14,5,688.19797
2012,07,14,6,689.68826
2012,07,14,7,690.48567
2012,07,15,0,691.41217
2012,07,15,1,692.0015
2012,07,15,2,692.69117
2012,07,15,3,693.61899
2012,07,15,4,693.98521
2012,07,15,5,694.28461
2012,07,15,6,694.8455
2012,07,15,7,695.88277
2012,07,16,0,697.19002
2012,07,16,1,698.25249
2012,07,16,2,698.92775
2012,07,16,3,699.08593
2012,07,16,4,698.97169
2012,07,16,5,698.92005
2012,07,16,6,699.24368
2012,07,16,7,699.35227
2012,07,17,0,699.75399
2012,07,17,1,700.33741
2012,07,17,2,700.48802
2012,07,17,3,700.27133
2012,07,17,4,699.29253
2012,07,17,5,697.85823
2012,07,17,6,696.22096
2012,07,17,7,693.59471
2012,07,18,0,690.47771
2012,07,18,1,687.68358
2012,07,18,2,686.41381
2012,07,18,3,685.3835
2012,07,18,4,684.6665
2012,07,18,5,684.19706
2012,07,18,6,683.71204
2012,07,18,7,683.36874
2012,07,19,0,683.08438
2012,07,19,1,682.54845
2012,07,19,2,682.33852
2012,07,19,3,681.87751
2012,07,19,4,681.25545
2012,07,19,5,680.30799
2012,07,19,6,678.92433
2012,07,19,7,677.84959
2012,07,20,0,677.16885
2012,07,20,1,676.83556
2012,07,20,2,676.69875
2012,07,20,3,676.35275
2012,07,20,4,676.17716
2012,07,20,5,676.16029
2012,07,20,6,676.09492
2012,07,20,7,676.56369
2012,07,21,0,677.14149
2012,07,21,1,677.23347
2012,07,21,2,677.64254
2012,07,21,3,678.24627
2012,07,21,4,679.06252
2012,07,21,5,679.75813
2012,07,21,6,680.11228
2012,07,21,7,680.38564
2012,07,22,0,680.78238
2012,07,22,1,680.89144
2012,07,22,2,681.12965
2012,07,22,3,681.84851
2012,07,22,4,682.53622
2012,07,22,5,683.57497
2012,07,22,6,684.26725
2012,07,22,7,684.81134
2012,07,23,0,685.71684
2012,07,23,1,686.29501
2012,07,23,2,687.45771
2012,07,23,3,688.99939
2012,07,23,4,689.84407
2012,07,23,5,690.37538
2012,07,23,6,690.85311
2012,07,23,7,691.52075
2012,07,24,0,692.35047
2012,07,24,1,693.00766
2012,07,24,2,693.17253
2012,07,24,3,693.37795
2012,07,24,4,693.60609
2012,07,24,5,693.7788
2012,07,24,6,694.18806
2012,07,24,7,694.75774
2012,07,25,0,695.53744
2012,07,25,1,696.13511
2012,07,25,2,697.12935
2012,07,25,3,697.65863
2012,07,25,4,697.59515
2012,07,25,5,697.56467
2012,07,25,6,697.99258
2012,07,25,7,698.31571
2012,07,26,0,698.68576
2012,07,26,1,698.55602
2012,07,26,2,698.40966
2012,07,26,3,698.04895
2012,07,26,4,697.83037
2012,07,26,5,697.34025
2012,07,26,6,696.55311
2012,07,26,7,695.54363
2012,07,27,0,694.36283
2012,07,27,1,694.24431
2012,07,27,2,695.26963
2012,07,27,3,695.73612
2012,07,27,4,695.40458
2012,07,27,5,695.19695
2012,07,27,6,695.32134
2012,07,27,7,695.63985
2012,07,28,0,696.00631
2012,07,28,1,696.77849
2012,07,28,2,698.38118
2012,07,28,3,699.94559
2012,07,28,4,701.50964
2012,07,28,5,703.15545
2012,07,28,6,703.96312
2012,07,28,7,704.94566
2012,07,29,0,706.35549
2012,07,29,1,706.99507
2012,07,29,2,707.19338
2012,07,29,3,707.52612
2012,07,29,4,707.54147
2012,07,29,5,707.28214
2012,07,29,6,707.45285
2012,07,29,7,707.10598
2012,07,30,0,706.87229
2012,07,30,1,706.47789
2012,07,30,2,706.18679
2012,07,30,3,706.12986
2012,07,30,4,705.59628
2012,07,30,5,705.01583
2012,07,30,6,704.39938
2012,07,30,7,703.36894
2012,07,1,0,701.45797
2012,07,1,1,699.71767
2012,07,1,2,698.86029
2012,07,1,3,697.69812
2012,07,1,4,696.26709
2012,07,1,5,695.1821
2012,07,1,6,694.57789
2012,07,1,7,694.20293
2012,07,2,0,693.67095
2012,07,2,1,693.39883
2012,07,2,2,693.78385
2012,07,2,3,693.62843
2012,07,2,4,693.75214
2012,07,2,5,694.45175
2012,07,2,6,694.1326
2012,07,2,7,693.81578
2012,07,3,0,693.92878
2012,07,3,1,693.83084
2012,07,3,2,694.18966
2012,07,3,3,694.60921
2012,07,3,4,695.2095
2012,07,3,5,695.73376
2012,07,3,6,695.88482
2012,07,3,7,696.00191
2012,07,4,0,696.08537
2012,07,4,1,695.5821
2012,07,4,2,694.59189
2012,07,4,3,693.85924
2012,07,4,4,693.26438
2012,07,4,5,692.4405
2012,07,4,6,691.86151
2012,07,4,7,691.31056
2012,07,5,0,690.90648
2012,07,5,1,689.95409
2012,07,5,2,689.0108
2012,07,5,3,688.1319
2012,07,5,4,687.40642
2012,07,5,5,686.75226
2012,07,5,6,685.97993
2012,07,5,7,685.20522
2012,07,6,0,684.69698
2012,07,6,1,683.94848
2012,07,6,2,683.42548
2012,07,6,3,683.07479
2012,07,6,4,682.81162
2012,07,6,5,682.80226
2012,07,6,6,682.53009
2012,07,6,7,682.41249
2012,07,7,0,682.3469
2012,07,7,1,682.33083
2012,07,7,2,682.43131
2012,07,7,3,682.48787
2012,07,7,4,682.72879
2012,07,7,5,682.96371
2012,07,7,6,683.2542
2012,07,7,7,683.66265
2012,07,8,0,683.76253
2012,07,8,1,683.85765
2012,07,8,2,684.51221
2012,07,8,3,685.39767
2012,07,8,4,686.00616
2012,07,8,5,686.40432
2012,07,8,6,687.00767
2012,07,8,7,687.24748
2012,07,9,0,687.40271
2012,07,9,1,687.68483
2012,07,9,2,688.11571
2012,07,9,3,688.54198
2012,07,9,4,688.49722
2012,07,9,5,688.25031
2012,07,9,6,688.15784
2012,07,9,7,688.1054
2012,07,10,0,686.92765
2012,07,10,1,686.07254
2012,07,10,2,686.15584
2012,07,10,3,685.82873
2012,07,10,4,685.27487
2012,07,10,5,685.07138
2012,07,10,6,684.76288
2012,07,10,7,684.44019
2012,07,11,0,683.99742
2012,07,11,1,683.38181
2012,07,11,2,683.21612
2012,07,11,3,683.02444
2012,07,11,4,681.91083
2012,07,11,5,680.77531
2012,07,11,6,680.16171
2012,07,11,7,679.29336
2012,07,12,0,678.34078
2012,07,12,1,677.6148
2012,07,12,2,677.20221
2012,07,12,3,676.7778
2012,07,12,4,675.97784
2012,07,12,5,675.36882
2012,07,12,6,675.34815
2012,07,12,7,675.11604
2012,07,13,0,674.46163
2012,07,13,1,673.97379
2012,07,13,2,673.69266
2012,07,13,3,673.01418
2012,07,13,4,672.95647
2012,07,13,5,673.19745
2012,07,13,6,673.42987
2012,07,13,7,673.74448
2012,07,14,0,673.64033
2012,07,14,1,673.89799
2012,07,14,2,674.77744
2012,07,14,3,675.44089
2012,07,14,4,676.14148
2012,07,14,5,676.64947
2012,07,14,6,677.50249
2012,07,14,7,677.97229
2012,07,15,0,678.59944
2012,07,15,1,678.90505
2012,07,15,2,679.1143
2012,07,15,3,679.39544
2012,07,15,4,679.74688
2012,07,15,5,680.17175
2012,07,15,6,680.3069
2012,07,15,7,680.06859
2012,07,16,0,680.38267
2012,07,16,1,680.37701
2012,07,16,2,679.62786
2012,07,16,3,679.55759
2012,07,16,4,679.39994
2012,07,16,5,679.03486
2012,07,16,6,678.85169
2012,07,16,7,678.17334
2012,07,17,0,677.87982
2012,07,17,1,677.59818
2012,07,17,2,677.23317
2012,07,17,3,676.85392
2012,07,17,4,676.62657
2012,07,17,5,676.43324
2012,07,17,6,676.11998
2012,07,17,7,675.64748
2012,07,18,0,675.07035
2012,07,18,1,673.84282
2012,07,18,2,673.12669
2012,07,18,3,673.07448
2012,07,18,4,672.80491
2012,07,18,5,672.33902
2012,07,18,6,671.79775
2012,07,18,7,671.55949
2012,07,19,0,671.51459
2012,07,19,1,671.42951
2012,07,19,2,671.73985
2012,07,19,3,672.03976
2012,07,19,4,672.41268
2012,07,19,5,672.73344
2012,07,19,6,673.48858
2012,07,19,7,674.54322
2012,07,20,0,675.23854
2012,07,20,1,675.35615
2012,07,20,2,676.17794
2012,07,20,3,676.8303
2012,07,20,4,676.96754
2012,07,20,5,677.22176
2012,07,20,6,677.25207
2012,07,20,7,677.11448
2012,07,21,0,676.83688
2012,07,21,1,676.86019
2012,07,21,2,676.96036
2012,07,21,3,676.94156
2012,07,21,4,676.43151
2012,07,21,5,676.53342
2012,07,21,6,676.94636
2012,07,21,7,677.38288
2012,07,22,0,678.17341
2012,07,22,1,678.76974
2012,07,22,2,679.75092
2012,07,22,3,680.77425
2012,07,22,4,681.69168
2012,07,22,5,682.7161
2012,07,22,6,683.22177
2012,07,22,7,684.00385
2012,07,23,0,684.55508
2012,07,23,1,684.56269
2012,07,23,2,684.72683
2012,07,23,3,685.37943
2012,07,23,4,686.18282
2012,07,23,5,686.97911
2012,07,23,6,687.59167
2012,07,23,7,688.39678
2012,07,24,0,688.83123
2012,07,24,1,688.78742
2012,07,24,2,689.49249
2012,07,24,3,690.28659
2012,07,24,4,690.10906
2012,07,24,5,690.35262
2012,07,24,6,691.10147
2012,07,24,7,691.42837
2012,07,25,0,691.53535
2012,07,25,1,691.39736
2012,07,25,2,691.35553
2012,07,25,3,691.67848
2012,07,25,4,691.16804
2012,07,25,5,690.88432
2012,07,25,6,691.08587
2012,07,25,7,691.67646
2012,07,26,0,691.5003
2012,07,26,1,691.14973
2012,07,26,2,691.22702
2012,07,26,3,691.30121
2012,07,26,4,691.49243
2012,07,26,5,691.13429
2012,07,26,6,691.2478
2012,07,26,7,691.55264
2012,07,27,0,691.6212
2012,07,27,1,691.13982
2012,07,27,2,690.78954
2012,07,27,3,690.42936
2012,07,27,4,690.01334
2012,07,27,5,689.39658
2012,07,27,6,688.64341
2012,07,27,7,687.90022
2012,07,28,0,686.9146
2012,07,28,1,685.46779
2012,07,28,2,684.54084
2012,07,28,3,683.96833
2012,07,28,4,682.89332
2012,07,28,5,682.00171
2012,07,28,6,681.4626
2012,07,28,7,680.91525
2012,07,29,0,680.46069
2012,07,29,1,679.55677
2012,07,29,2,678.64565
2012,07,29,3,678.08041
2012,07,29,4,677.571
2012,07,29,5,677.04336
2012,07,29,6,676.96219
2012,07,29,7,676.62092
2012,07,30,0,675.92611
2012,07,30,1,675.90165
2012,07,30,2,676.60221
2012,07,30,3,676.81946
2012,07,30,4,677.16595
2012,07,30,5,677.92203
2012,07,30,6,678.64003
2012,07,30,7,679.42364
2012,07,31,0,680.1434
2012,07,31,1,680.8295
2012,07,31,2,681.74996
2012,07,31,3,682.29433
2012,07,31,4,682.97624
2012,07,31,5,683.76813
2012,07,31,6,684.41482
2012,07,31,7,684.88897
2012,07,1,0,685.35447
2012,07,1,1,685.86971
2012,07,1,2,686.40015
2012,07,1,3,687.26244
2012,07,1,4,688.06083
2012,07,1,5,688.71412
2012,07,1,6,688.95041
2012,07,1,7,688.93647
2012,07,2,0,688.83286
2012,07,2,1,688.42208
2012,07,2,2,687.99601
2012,07,2,3,687.58834
2012,07,2,4,687.07942
2012,07,2,5,686.51125
2012,07,2,6,685.6797
2012,07,2,7,685.10054
2012,07,3,0,684.72035
2012,07,3,1,684.36866
2012,07,3,2,683.56815
2012,07,3,3,682.40868
2012,07,3,4,681.08833
2012,07,3,5,680.11185
2012,07,3,6,679.51669
2012,07,3,7,678.87293
2012,07,4,0,678.10241
2012,07,4,1,677.44144
2012,07,4,2,677.38444
2012,07,4,3,677.1583
2012,07,4,4,676.81486
2012,07,4,5,676.33538
2012,07,4,6,676.44623
2012,07,4,7,676.81523
2012,07,5,0,676.8164
2012,07,5,1,677.07611
2012,07,5,2,677.93725
2012,07,5,3,678.88191
2012,07,5,4,679.11666
2012,07,5,5,679.62552
2012,07,5,6,680.14644
2012,07,5,7,680.99455
2012,07,6,0,681.93841
2012,07,6,1,682.68381
2012,07,6,2,683.86738
2012,07,6,3,685.03247
2012,07,6,4,686.26815
2012,07,6,5,687.72919
2012,07,6,6,688.98581
2012,07,6,7,689.52494
2012,07,7,0,689.34184
2012,07,7,1,689.03309
2012,07,7,2,688.46563
2012,07,7,3,687.6779
2012,07,7,4,686.40939
2012,07,7,5,685.02417
2012,07,7,6,683.8383
2012,07,7,7,682.55988
2012,07,8,0,681.27001
2012,07,8,1,680.48546
2012,07,8,2,680.30672
2012,07,8,3,680.53958
2012,07,8,4,680.36443
2012,07,8,5,680.39921
2012,07,8,6,680.48162
2012,07,8,7,681.29119
2012,07,9,0,682.55801
2012,07,9,1,683.14975
2012,07,9,2,684.0397
2012,07,9,3,685.33269
2012,07,9,4,686.16609
2012,07,9,5,686.67603
2012,07,9,6,686.92195
2012,07,9,7,686.99719
2012,07,10,0,687.01894
2012,07,10,1,686.51774
2012,07,10,2,686.42262
2012,07,10,3,686.42683
2012,07,10,4,685.89229
2012,07,10,5,685.10977
2012,07,10,6,684.13597
2012,07,10,7,682.87709
2012,07,11,0,682.11375
2012,07,11,1,681.64405
2012,07,11,2,681.69562
2012,07,11,3,681.55806
2012,07,11,4,681.01226
2012,07,11,5,680.59749
2012,07,11,6,680.14029
2012,07,11,7,679.43506
2012,07,12,0,678.19132
2012,07,12,1,676.96449
2012,07,12,2,675.98998
2012,07,12,3,675.46365
2012,07,12,4,674.49372
2012,07,12,5,674.09013
2012,07,12,6,674.24554
2012,07,12,7,674.63484
2012,07,13,0,675.31819
2012,07,13,1,675.68615
2012,07,13,2,677.01168
2012,07,13,3,678.1049
2012,07,13,4,678.42835
2012,07,13,5,678.65814
2012,07,13,6,678.45631
2012,07,13,7,678.08392
2012,07,14,0,677.56154
2012,07,14,1,676.92671
2012,07,14,2,676.48152
2012,07,14,3,675.89896
2012,07,14,4,674.68114
2012,07,14,5,673.93933
2012,07,14,6,673.55873
2012,07,14,7,673.38141
2012,07,15,0,673.65983
2012,07,15,1,674.19436
2012,07,15,2,674.65983
2012,07,15,3,675.30456
2012,07,15,4,676.41571
2012,07,15,5,677.37736
2012,07,15,6,678.21156
2012,07,15,7,679.24753
2012,07,16,0,680.47341
2012,07,16,1,681.92432
2012,07,16,2,682.79403
2012,07,16,3,683.60777
2012,07,16,4,684.41285
2012,07,16,5,685.01679
2012,07,16,6,685.47506
2012,07,16,7,685.65726
2012,07,17,0,686.25711
2012,07,17,1,686.45317
2012,07,17,2,685.37678
2012,07,17,3,684.43676
2012,07,17,4,684.13117
2012,07,17,5,683.66003
2012,07,17,6,682.49256
2012,07,17,7,681.65744
2012,07,18,0,681.11131
2012,07,18,1,680.55038
2012,07,18,2,680.10808
2012,07,18,3,679.51841
2012,07,18,4,679.18639
2012,07,18,5,679.15194
2012,07,18,6,678.97748
2012,07,18,7,678.69076
2012,07,19,0,678.91382
2012,07,19,1,679.6719
2012,07,19,2,679.77705
2012,07,19,3,680.19976
2012,07,19,4,681.09211
2012,07,19,5,681.83258
2012,07,19,6,682.31175
2012,07,19,7,683.19632
2012,07,20,0,683.95865
2012,07,20,1,684.31517
2012,07,20,2,684.42558
2012,07,20,3,684.25724
2012,07,20,4,684.05428
2012,07,20,5,684.06821
2012,07,20,6,684.31132
2012,07,20,7,684.68837
2012,07,21,0,684.41272
2012,07,21,1,684.50119
2012,07,21,2,684.7974
2012,07,21,3,684.67978
2012,07,21,4,684.05741
2012,07,21,5,684.03103
2012,07,21,6,684.22766
2012,07,21,7,683.66259
2012,07,22,0,683.18838
2012,07,22,1,682.854
2012,07,22,2,682.23999
2012,07,22,3,681.97926
2012,07,22,4,681.85627
2012,07,22,5,682.12509
2012,07,22,6,682.66497
2012,07,22,7,683.16764
2012,07,23,0,683.161
2012,07,23,1,683.34101
2012,07,23,2,683.57651
2012,07,23,3,683.47877
2012,07,23,4,683.89443
2012,07,23,5,684.02757
2012,07,23,6,683.89911
2012,07,23,7,683.90845
2012,07,24,0,684.50699
2012,07,24,1,685.24495
2012,07,24,2,685.69622
2012,07,24,3,686.31614
2012,07,24,4,686.92175
2012,07,24,5,687.09692
2012,07,24,6,687.50931
2012,07,24,7,687.84328
2012,07,25,0,686.86767
2012,07,25,1,686.06928
2012,07,25,2,685.96178
2012,07,25,3,685.86632
2012,07,25,4,685.42029
2012,07,25,5,685.09942
2012,07,25,6,685.01884
2012,07,25,7,685.47419
2012,07,26,0,686.26252
2012,07,26,1,686.54651
2012,07,26,2,686.49668
2012,07,26,3,686.77485
2012,07,26,4,686.82758
2012,07,26,5,686.84683
2012,07,26,6,687.74293
2012,07,26,7,688.42018
2012,07,27,0,688.23129
2012,07,27,1,688.12199
2012,07,27,2,689.09191
2012,07,27,3,689.97147
2012,07,27,4,690.14051
2012,07,27,5,690.60798
2012,07,27,6,690.73539
2012,07,27,7,690.85966
2012,07,28,0,691.0782
2012,07,28,1,690.87952
2012,07,28,2,691.19102
2012,07,28,3,691.46477
2012,07,28,4,691.47315
2012,07,28,5,691.60433
2012,07,28,6,691.24652
2012,07,28,7,690.73963
2012,07,29,0,690.57938
2012,07,29,1,690.51803
2012,07,29,2,690.62075
2012,07,29,3,690.78569
2012,07,29,4,690.49308
2012,07,29,5,690.06764
2012,07,29,6,690.77108
2012,07,29,7,690.7755
2012,07,30,0,690.46205
2012,07,30,1,691.13662
2012,07,30,2,691.39324
2012,07,30,3,691.2067
2012,07,30,4,691.25072
2012,07,30,5,691.31377
2012,07,30,6,691.6352
2012,07,30,7,691.7302
2012,07,31,0,692.16551
2012,07,31,1,692.67055
2012,07,31,2,693.05524
2012,07,31,3,693.03622
2012,07,31,4,692.87236
2012,07,31,5,692.77018
2012,07,31,6,692.21405
2012,07,31,7,691.68587
2012,07,1,0,691.47326
2012,07,1,1,690.96469
2012,07,1,2,690.82208
2012,07,1,3,690.30604
2012,07,1,4,689.77053
2012,07,1,5,689.5137
2012,07,1,6,688.83872
2012,07,1,7,688.13537
2012,07,2,0,687.54924
2012,07,2,1,686.89685
2012,07,2,2,686.66084
2012,07,2,3,686.56532
2012,07,2,4,686.20182
2012,07,2,5,685.67923
2012,07,2,6,685.39301
2012,07,2,7,685.20517
2012,07,3,0,685.72514
2012,07,3,1,685.8423
2012,07,3,2,685.97494
2012,07,3,3,686.09202
2012,07,3,4,686.38243
2012,07,3,5,686.41806
2012,07,3,6,686.25241
2012,07,3,7,686.34462
2012,07,4,0,686.76215
2012,07,4,1,686.81507
2012,07,4,2,686.59934
2012,07,4,3,686.1564
2012,07,4,4,685.7052
2012,07,4,5,684.76888
2012,07,4,6,683.13961
2012,07,4,7,681.74184
2012,07,5,0,680.47952
2012,07,5,1,679.19285
2012,07,5,2,678.28296
2012,07,5,3,677.3462
2012,07,5,4,677.11358
2012,07,5,5,676.93748
2012,07,5,6,676.48761
2012,07,5,7,676.31891
2012,07,6,0,676.64284
2012,07,6,1,677.15756
2012,07,6,2,678.24089
2012,07,6,3,679.13151
2012,07,6,4,679.87249
2012,07,6,5,680.55055
2012,07,6,6,681.34354
2012,07,6,7,682.16364
2012,07,7,0,682.7035
2012,07,7,1,682.85005
2012,07,7,2,683.52996
2012,07,7,3,683.88101
2012,07,7,4,683.92375
2012,07,7,5,683.98982
2012,07,7,6,683.94012
2012,07,7,7,683.80987
2012,07,8,0,684.08182
2012,07,8,1,683.8915
2012,07,8,2,683.38755
2012,07,8,3,683.0929
2012,07,8,4,682.86205
2012,07,8,5,682.49527
2012,07,8,6,682.14756
2012,07,8,7,681.76927
2012,07,9,0,682.0721
2012,07,9,1,682.28901
2012,07,9,2,682.35314
2012,07,9,3,682.47198
2012,07,9,4,682.81843
2012,07,9,5,683.1964
2012,07,9,6,684.03183
2012,07,9,7,684.33065
2012,07,10,0,684.77952
2012,07,10,1,684.61613
2012,07,10,2,684.47086
2012,07,10,3,684.56914
2012,07,10,4,684.6395
2012,07,10,5,684.53863
2012,07,10,6,684.58451
2012,07,10,7,684.60343
2012,07,11,0,684.58926
2012,07,11,1,684.68667
2012,07,11,2,685.31724
2012,07,11,3,685.89266
2012,07,11,4,685.78245
2012,07,11,5,685.6036
2012,07,11,6,685.32609
2012,07,11,7,684.90154
2012,07,12,0,684.53553
2012,07,12,1,684.02094
2012,07,12,2,683.09337
2012,07,12,3,682.0838
2012,07,12,4,681.77773
2012,07,12,5,681.37068
2012,07,12,6,680.83774
2012,07,12,7,680.84376
2012,07,13,0,681.16786
2012,07,13,1,681.42792
2012,07,13,2,681.16573
2012,07,13,3,681.5052
2012,07,13,4,681.6653
2012,07,13,5,681.34262
2012,07,13,6,681.92566
2012,07,13,7,682.38478
2012,07,14,0,682.67342
2012,07,14,1,682.68052
2012,07,14,2,682.53398
2012,07,14,3,682.40641
2012,07,14,4,682.8195
2012,07,14,5,683.42804
2012,07,14,6,683.58209
2012,07,14,7,683.62421
2012,07,15,0,683.83437
2012,07,15,1,683.61653
2012,07,15,2,683.19442
2012,07,15,3,683.12362
2012,07,15,4,683.23146
2012,07,15,5,683.41052
2012,07,15,6,682.84078
2012,07,15,7,682.30466
2012,07,16,0,681.68267
2012,07,16,1,680.46301
2012,07,16,2,680.25609
2012,07,16,3,680.07351
2012,07,16,4,679.31694
2012,07,16,5,678.77309
2012,07,16,6,678.41823
2012,07,16,7,678.17848
2012,07,17,0,677.95937
2012,07,17,1,677.58699
2012,07,17,2,677.29164
2012,07,17,3,676.79136
2012,07,17,4,676.65858
2012,07,17,5,676.69647
2012,07,17,6,676.6491
2012,07,17,7,676.54879
2012,07,18,0,676.35261
2012,07,18,1,676.04752
2012,07,18,2,676.39547
2012,07,18,3,676.65185
2012,07,18,4,676.74518
2012,07,18,5,677.30427
2012,07,18,6,677.89417
2012,07,18,7,678.3444
2012,07,19,0,678.83677
2012,07,19,1,679.42631
2012,07,19,2,680.61872
2012,07,19,3,681.75135
2012,07,19,4,682.83047
2012,07,19,5,684.11586
2012,07,19,6,684.89252
2012,07,19,7,685.38998
2012,07,20,0,686.14938
2012,07,20,1,686.75759
2012,07,20,2,687.60536
2012,07,20,3,688.97846
2012,07,20,4,690.9792
2012,07,20,5,692.56582
2012,07,20,6,694.24451
2012,07,20,7,695.50656
2012,07,21,0,696.74482
2012,07,21,1,696.9434
2012,07,21,2,697.35834
2012,07,21,3,698.08264
2012,07,21,4,699.14235
2012,07,21,5,699.9857
2012,07,21,6,700.2736
2012,07,21,7,700.68396
2012,07,22,0,701.68453
2012,07,22,1,702.0556
2012,07,22,2,702.5111
2012,07,22,3,702.61506
2012,07,22,4,701.16584
2012,07,22,5,700.27928
2012,07,22,6,698.96637
2012,07,22,7,697.02173
2012,07,23,0,695.54454
2012,07,23,1,694.04396
2012,07,23,2,692.2515
2012,07,23,3,690.73341
2012,07,23,4,689.80524
2012,07,23,5,688.92531
2012,07,23,6,688.10206
2012,07,23,7,687.42558
2012,07,24,0,686.7839
2012,07,24,1,685.95798
2012,07,24,2,685.68855
2012,07,24,3,685.66604
2012,07,24,4,685.16338
2012,07,24,5,685.02101
2012,07,24,6,684.77716
2012,07,24,7,684.13967
2012,07,25,0,683.96993
2012,07,25,1,683.59678
2012,07,25,2,683.45796
2012,07,25,3,682.99552
2012,07,25,4,682.58039
2012,07,25,5,682.4693
2012,07,25,6,682.0771
2012,07,25,7,681.9124
2012,07,26,0,682.53842
2012,07,26,1,682.82208
2012,07,26,2,683.69987
2012,07,26,3,684.75809
2012,07,26,4,685.53076
2012,07,26,5,686.29133
2012,07,26,6,686.20535
2012,07,26,7,686.03803
2012,07,27,0,686.6619
2012,07,27,1,686.47545
2012,07,27,2,686.03492
2012,07,27,3,686.06719
2012,07,27,4,685.80198
2012,07,27,5,685.34172
2012,07,27,6,685.13186
2012,07,27,7,685.23873
2012,07,28,0,684.9066
2012,07,28,1,684.08932
2012,07,28,2,683.48059
2012,07,28,3,682.86815
2012,07,28,4,682.52796
2012,07,28,5,681.84087
2012,07,28,6,681.79061
2012,07,28,7,681.75749
2012,07,29,0,681.0302
2012,07,29,1,679.55384
2012,07,29,2,679.06769
2012,07,29,3,678.25578
2012,07,29,4,677.68512
2012,07,29,5,677.87603
2012,07,29,6,678.53427
2012,07,29,7,679.40887
2012,07,30,0,680.54749
2012,07,30,1,680.87866
2012,07,30,2,681.89809
2012,07,30,3,682.89516
2012,07,30,4,683.43502
2012,07,30,5,683.73828
2012,07,30,6,684.37821
2012,07,30,7,684.75838
2012,07,1,0,685.95994
2012,07,1,1,686.87376
2012,07,1,2,687.17367
2012,07,1,3,687.65512
2012,07,1,4,688.08113
2012,07,1,5,688.07989
2012,07,1,6,688.12581
2012,07,1,7,688.09045
2012,07,2,0,688.22062
2012,07,2,1,688.34004
2012,07,2,2,688.22825
2012,07,2,3,688.10529
2012,07,2,4,687.92527
2012,07,2,5,687.38741
2012,07,2,6,686.81772
2012,07,2,7,686.27385
2012,07,3,0,685.23032
2012,07,3,1,684.26515
2012,07,3,2,684.2803
2012,07,3,3,684.00199
2012,07,3,4,683.75058
2012,07,3,5,683.2779
2012,07,3,6,682.8807
2012,07,3,7,682.63938
2012,07,4,0,682.28729
2012,07,4,1,681.98611
2012,07,4,2,681.87788
2012,07,4,3,681.64777
2012,07,4,4,681.4086
2012,07,4,5,681.51171
2012,07,4,6,681.86423
2012,07,4,7,682.00667
2012,07,5,0,682.15387
2012,07,5,1,682.39479
2012,07,5,2,682.87741
2012,07,5,3,683.48573
2012,07,5,4,683.72458
2012,07,5,5,683.79067
2012,07,5,6,684.31358
2012,07,5,7,684.64337
2012,07,6,0,685.13646
2012,07,6,1,685.42098
2012,07,6,2,685.63692
2012,07,6,3,685.80429
2012,07,6,4,685.44446
2012,07,6,5,685.02176
2012,07,6,6,684.4077
2012,07,6,7,683.98119
2012,07,7,0,683.64577
2012,07,7,1,682.9942
2012,07,7,2,682.43094
2012,07,7,3,681.96514
2012,07,7,4,681.31901
2012,07,7,5,680.64639
2012,07,7,6,680.19059
2012,07,7,7,679.48202
2012,07,8,0,678.1091
2012,07,8,1,677.55653
2012,07,8,2,677.21536
2012,07,8,3,676.66247
2012,07,8,4,676.68945
2012,07,8,5,676.96795
2012,07,8,6,676.58745
2012,07,8,7,676.03539
2012,07,9,0,675.1757
2012,07,9,1,674.4544
2012,07,9,2,674.72606
2012,07,9,3,674.57589
2012,07,9,4,674.07503
2012,07,9,5,674.20321
2012,07,9,6,674.29587
2012,07,9,7,674.52702
2012,07,10,0,675.09481
2012,07,10,1,675.55248
2012,07,10,2,675.8071
2012,07,10,3,676.1886
2012,07,10,4,676.64
2012,07,10,5,676.7784
2012,07,10,6,677.0689
2012,07,10,7,677.19954
2012,07,11,0,676.95885
2012,07,11,1,676.45057
2012,07,11,2,676.62978
2012,07,11,3,677.28946
2012,07,11,4,677.70106
2012,07,11,5,677.88704
2012,07,11,6,678.24223
2012,07,11,7,678.62548
2012,07,12,0,679.24403
2012,07,12,1,679.35315
2012,07,12,2,679.59561
2012,07,12,3,679.66605
2012,07,12,4,679.26437
2012,07,12,5,678.82832
2012,07,12,6,678.81345
2012,07,12,7,679.19619
2012,07,13,0,679.64027
2012,07,13,1,679.63451
2012,07,13,2,679.97478
2012,07,13,3,680.68863
2012,07,13,4,681.27379
2012,07,13,5,681.77504
2012,07,13,6,682.4019
2012,07,13,7,682.78725
2012,07,14,0,682.87327
2012,07,14,1,683.25088
2012,07,14,2,683.762
2012,07,14,3,683.53832
2012,07,14,4,683.269
2012,07,14,5,683.12421
2012,07,14,6,683.12508
2012,07,14,7,682.94435
2012,07,15,0,682.78968
2012,07,15,1,682.44822
2012,07,15,2,681.99433
2012,07,15,3,681.55321
2012,07,15,4,681.57297
2012,07,15,5,681.80996
2012,07,15,6,682.39548
2012,07,15,7,683.0003
2012,07,16,0,683.30267
2012,07,16,1,683.32385
2012,07,16,2,683.93181
2012,07,16,3,684.6067
2012,07,16,4,685.20678
2012,07,16,5,685.7043
2012,07,16,6,686.23302
2012,07,16,7,686.88848
2012,07,17,0,687.63732
2012,07,17,1,687.70488
2012,07,17,2,688.42626
2012,07,17,3,689.39105
2012,07,17,4,689.97233
2012,07,17,5,690.10708
2012,07,17,6,690.94766
2012,07,17,7,692.0363
2012,07,18,0,692.81202
2012,07,18,1,693.00231
2012,07,18,2,693.70521
2012,07,18,3,694.18499
2012,07,18,4,693.58274
2012,07,18,5,692.42403
2012,07,18,6,692.63716
2012,07,18,7,691.74034
2012,07,19,0,690.42387
2012,07,19,1,688.2847
2012,07,19,2,687.42756
2012,07,19,3,686.88603
2012,07,19,4,685.42659
2012,07,19,5,684.29476
2012,07,19,6,683.73601
2012,07,19,7,683.58992
2012,07,20,0,683.56845
2012,07,20,1,683.03688
2012,07,20,2,684.26308
2012,07,20,3,685.66893
2012,07,20,4,685.91328
2012,07,20,5,686.16633
2012,07,20,6,688.24951
2012,07,20,7,690.11782
2012,07,21,0,690.99931
2012,07,21,1,691.64255
2012,07,21,2,692.29813
2012,07,21,3,692.81081
2012,07,21,4,692.5034
2012,07,21,5,692.62082
2012,07,21,6,692.77493
2012,07,21,7,692.63063
2012,07,22,0,692.85466
2012,07,22,1,692.82408
2012,07,22,2,692.4928
2012,07,22,3,692.09758
2012,07,22,4,691.90066
2012,07,22,5,691.72894
2012,07,22,6,690.65865
2012,07,22,7,689.44307
2012,07,23,0,689.33622
2012,07,23,1,688.98915
2012,07,23,2,688.6155
2012,07,23,3,687.95147
2012,07,23,4,687.98638
2012,07,23,5,688.52365
2012,07,23,6,688.30679
2012,07,23,7,688.28822
2012,07,24,0,688.8359
2012,07,24,1,689.36925
2012,07,24,2,690.03609
2012,07,24,3,690.4003
2012,07,24,4,690.32328
2012,07,24,5,690.248
2012,07,24,6,689.51231
2012,07,24,7,688.20148
2012,07,25,0,686.95273
2012,07,25,1,685.80099
2012,07,25,2,685.32159
2012,07,25,3,685.03987
2012,07,25,4,684.67757
2012,07,25,5,684.79382
2012,07,25,6,685.36654
2012,07,25,7,685.85467
2012,07,26,0,686.44706
2012,07,26,1,686.5943
2012,07,26,2,686.97355
2012,07,26,3,687.7781
2012,07,26,4,688.73632
2012,07,26,5,689.03397
2012,07,26,6,689.42449
2012,07,26,7,690.36809
2012,07,27,0,691.29873
2012,07,27,1,691.24424
2012,07,27,2,691.46086
2012,07,27,3,691.62277
2012,07,27,4,692.04126
2012,07,27,5,691.70303
2012,07,27,6,691.08502
2012,07,27,7,690.48063
2012,07,28,0,689.29028
2012,07,28,1,687.65745
2012,07,28,2,686.53631
2012,07,28,3,685.63481
2012,07,28,4,684.86793
2012,07,28,5,684.31683
2012,07,28,6,684.05401
2012,07,28,7,683.85356
2012,07,29,0,683.65445
2012,07,29,1,683.36852
2012,07,29,2,683.6653
2012,07,29,3,684.55722
2012,07,29,4,685.30689
2012,07,29,5,686.01733
2012,07,29,6,686.91704
2012,07,29,7,687.74492
2012,07,30,0,688.67838
2012,07,30,1,688.57004
2012,07,30,2,688.8319
2012,07,30,3,689.53765
2012,07,30,4,689.55208
2012,07,30,5,689.24394
2012,07,30,6,689.88365
2012,07,30,7,690.67883
2012,07,31,0,691.17687
2012,07,31,1,690.95854
2012,07,31,2,690.97627
2012,07,31,3,691.12347
2012,07,31,4,690.94818
2012,07,31,5,690.74475
2012,07,31,6,691.20172
2012,07,31,7,691.45572
2012,07,1,0,691.89175
2012,07,1,1,691.95174
2012,07,1,2,691.77528
2012,07,1,3,691.84622
2012,07,1,4,692.19575
2012,07,1,5,692.68439
2012,07,1,6,693.63101
2012,07,1,7,694.46656
2012,07,2,0,695.05234
2012,07,2,1,695.29984
2012,07,2,2,696.15252
2012,07,2,3,696.5836
2012,07,2,4,696.57552
2012,07,2,5,696.42598
2012,07,2,6,696.56325
2012,07,2,7,696.49842
2012,07,3,0,696.66532
2012,07,3,1,696.81392
2012,07,3,2,697.18134
2012,07,3,3,697.56937
2012,07,3,4,697.96509
2012,07,3,5,697.87023
2012,07,3,6,697.7203
2012,07,3,7,697.74687
2012,07,4,0,697.76266
2012,07,4,1,697.11413
2012,07,4,2,697.08855
2012,07,4,3,697.01376
2012,07,4,4,696.69951
2012,07,4,5,696.26528
2012,07,4,6,696.10091
2012,07,4,7,696.15292
2012,07,5,0,695.87264
2012,07,5,1,695.514
2012,07,5,2,695.84999
2012,07,5,3,696.38524
2012,07,5,4,695.83302
2012,07,5,5,695.02524
2012,07,5,6,694.77463
2012,07,5,7,694.53001
2012,07,6,0,694.42611
2012,07,6,1,693.70822
2012,07,6,2,692.98932
2012,07,6,3,691.96031
2012,07,6,4,690.1305
2012,07,6,5,688.32361
2012,07,6,6,687.46509
2012,07,6,7,686.84974
2012,07,7,0,686.04646
2012,07,7,1,686.17304
2012,07,7,2,688.86166
2012,07,7,3,691.18293
2012,07,7,4,692.92257
2012,07,7,5,694.88005
2012,07,7,6,695.97101
2012,07,7,7,696.78563
2012,07,8,0,698.54405
2012,07,8,1,699.23186
2012,07,8,2,699.57774
2012,07,8,3,699.67632
2012,07,8,4,699.54374
2012,07,8,5,699.19091
2012,07,8,6,698.49069
2012,07,8,7,697.59673
2012,07,9,0,696.83458
2012,07,9,1,695.54264
2012,07,9,2,694.45543
2012,07,9,3,693.46958
2012,07,9,4,692.07129
2012,07,9,5,691.10982
2012,07,9,6,691.25938
2012,07,9,7,692.27516
2012,07,10,0,693.79392
2012,07,10,1,695.10688
2012,07,10,2,695.93799
2012,07,10,3,696.62929
2012,07,10,4,696.78521
2012,07,10,5,696.51193
2012,07,10,6,696.4144
2012,07,10,7,696.66066
2012,07,11,0,696.95718
2012,07,11,1,697.11938
2012,07,11,2,697.56721
2012,07,11,3,698.1739
2012,07,11,4,698.62649
2012,07,11,5,699.0933
2012,07,11,6,699.04074
2012,07,11,7,698.97395
2012,07,12,0,699.63238
2012,07,12,1,699.73069
2012,07,12,2,699.7
2012,07,12,3,699.50331
2012,07,12,4,699.11369
2012,07,12,5,698.46877
2012,07,12,6,697.83284
2012,07,12,7,697.5784
2012,07,13,0,697.48867
2012,07,13,1,696.82201
2012,07,13,2,695.93023
2012,07,13,3,695.64137
2012,07,13,4,695.62718
2012,07,13,5,695.43854
2012,07,13,6,695.57224
2012,07,13,7,695.91742
2012,07,14,0,695.7954
2012,07,14,1,695.80451
2012,07,14,2,696.4845
2012,07,14,3,696.87089
2012,07,14,4,697.04072
2012,07,14,5,697.16005
2012,07,14,6,697.64804
2012,07,14,7,697.98743
2012,07,15,0,697.86276
2012,07,15,1,698.06465
2012,07,15,2,698.85681
2012,07,15,3,699.2284
2012,07,15,4,699.22502
2012,07,15,5,699.10609
2012,07,15,6,698.90317
2012,07,15,7,698.34148
2012,07,16,0,696.83225
2012,07,16,1,695.7424
2012,07,16,2,695.49761
2012,07,16,3,694.73544
2012,07,16,4,693.42475
2012,07,16,5,692.85735
2012,07,16,6,693.01768
2012,07,16,7,692.8605
2012,07,17,0,692.45849
2012,07,17,1,692.04909
2012,07,17,2,692.07511
2012,07,17,3,691.99183
2012,07,17,4,691.91029
2012,07,17,5,692.02502
2012,07,17,6,692.34608
2012,07,17,7,692.71069
2012,07,18,0,693.13742
2012,07,18,1,693.15799
2012,07,18,2,692.87428
2012,07,18,3,692.18525
2012,07,18,4,691.76357
2012,07,18,5,691.30662
2012,07,18,6,691.17936
2012,07,18,7,691.49349
2012,07,19,0,692.16446
2012,07,19,1,692.4794
2012,07,19,2,692.90651
2012,07,19,3,693.31236
2012,07,19,4,693.70396
2012,07,19,5,693.80819
2012,07,19,6,694.49737
2012,07,19,7,695.37026
2012,07,20,0,696.09514
2012,07,20,1,696.67129
2012,07,20,2,696.96071
2012,07,20,3,696.72766
2012,07,20,4,696.87584
2012,07,20,5,696.5706
2012,07,20,6,696.50197
2012,07,20,7,696.45584
2012,07,21,0,696.04902
2012,07,21,1,695.0443
2012,07,21,2,694.91354
2012,07,21,3,695.34272
2012,07,21,4,695.39257
2012,07,21,5,695.67649
2012,07,21,6,696.16408
2012,07,21,7,697.03452
2012,07,22,0,697.35808
2012,07,22,1,697.11771
2012,07,22,2,697.60164
2012,07,22,3,697.82871
2012,07,22,4,697.89093
2012,07,22,5,697.56966
2012,07,22,6,697.40203
2012,07,22,7,697.28024
2012,07,23,0,696.60447
2012,07,23,1,695.37608
2012,07,23,2,694.29733
2012,07,23,3,693.4098
2012,07,23,4,691.64476
2012,07,23,5,690.13759
2012,07,23,6,689.97064
2012,07,23,7,690.43496
2012,07,24,0,691.30498
2012,07,24,1,691.91272
2012,07,24,2,692.45386
2012,07,24,3,693.09147
2012,07,24,4,693.10787
2012,07,24,5,692.15039
2012,07,24,6,691.4282
2012,07,24,7,691.14547
2012,07,25,0,690.59861
2012,07,25,1,689.756
2012,07,25,2,689.99813
2012,07,25,3,690.74169
2012,07,25,4,691.13822
2012,07,25,5,691.84575
2012,07,25,6,692.82016
2012,07,25,7,693.71468
2012,07,26,0,693.74522
2012,07,26,1,693.45471
2012,07,26,2,694.08396
2012,07,26,3,694.31667
2012,07,26,4,694.23461
2012,07,26,5,694.46104
2012,07,26,6,694.84662
2012,07,26,7,695.38798
2012,07,27,0,695.47873
2012,07,27,1,695.27192
2012,07,27,2,695.40131
2012,07,27,3,694.87859
2012,07,27,4,693.91943
2012,07,27,5,693.28085
2012,07,27,6,693.01033
2012,07,27,7,692.71327
2012,07,28,0,692.56095
2012,07,28,1,692.68761
2012,07,28,2,692.60963
2012,07,28,3,692.41971
2012,07,28,4,692.18239
2012,07,28,5,692.07097
2012,07,28,6,692.19168
2012,07,28,7,692.02388
2012,07,29,0,691.86305
2012,07,29,1,691.99222
2012,07,29,2,692.27304
2012,07,29,3,692.17151
2012,07,29,4,692.07853
2012,07,29,5,692.20353
2012,07,29,6,692.6719
2012,07,29,7,693.02414
2012,07,30,0,693.63072
2012,07,30,1,693.91027
2012,07,30,2,694.17784
2012,07,30,3,694.04509
2012,07,30,4,693.75389
2012,07,30,5,693.26042
2012,07,30,6,693.24488
2012,07,30,7,693.10339
2012,07,1,0,692.75014
2012,07,1,1,692.30822
2012,07,1,2,692.74321
2012,07,1,3,693.10348
2012,07,1,4,693.07485
2012,07,1,5,692.97057
2012,07,1,6,693.46372
2012,07,1,7,693.65174
2012,07,2,0,693.76253
2012,07,2,1,693.34733
2012,07,2,2,693.11604
2012,07,2,3,692.85686
2012,07,2,4,692.83152
2012,07,2,5,692.4392
2012,07,2,6,692.22184
2012,07,2,7,692.1885
2012,07,3,0,692.48777
2012,07,3,1,692.86401
2012,07,3,2,692.94014
2012,07,3,3,693.07261
2012,07,3,4,694.45952
2012,07,3,5,695.37941
2012,07,3,6,696.07369
2012,07,3,7,696.9042
2012,07,4,0,697.1914
2012,07,4,1,696.82985
2012,07,4,2,697.22006
2012,07,4,3,697.39397
2012,07,4,4,697.03891
2012,07,4,5,696.47986
2012,07,4,6,696.40908
2012,07,4,7,696.46839
2012,07,5,0,695.91515
2012,07,5,1,695.0143
2012,07,5,2,694.96732
2012,07,5,3,694.82793
2012,07,5,4,694.54352
2012,07,5,5,694.14574
2012,07,5,6,694.28159
2012,07,5,7,694.55678
2012,07,6,0,694.11839
2012,07,6,1,693.56868
2012,07,6,2,693.45966
2012,07,6,3,693.61549
2012,07,6,4,693.88899
2012,07,6,5,694.29665
2012,07,6,6,694.62949
2012,07,6,7,695.15761
2012,07,7,0,695.21442
2012,07,7,1,695.07379
2012,07,7,2,695.67832
2012,07,7,3,696.104
2012,07,7,4,696.30984
2012,07,7,5,696.46899
2012,07,7,6,696.95297
2012,07,7,7,697.39183
2012,07,8,0,696.96142
2012,07,8,1,696.26946
2012,07,8,2,696.03025
2012,07,8,3,695.96538
2012,07,8,4,695.65928
2012,07,8,5,695.10782
2012,07,8,6,695.15944
2012,07,8,7,695.40087
2012,07,9,0,695.1551
2012,07,9,1,695.0633
2012,07,9,2,695.29216
2012,07,9,3,695.45712
2012,07,9,4,695.21778
2012,07,9,5,694.80013
2012,07,9,6,695.40673
2012,07,9,7,696.37711
2012,07,10,0,696.37701
2012,07,10,1,696.22602
2012,07,10,2,696.93196
2012,07,10,3,697.54574
2012,07,10,4,697.69362
2012,07,10,5,697.41024
2012,07,10,6,697.69842
2012,07,10,7,697.85702
2012,07,11,0,697.26425
2012,07,11,1,696.47848
2012,07,11,2,696.03193
2012,07,11,3,695.61655
2012,07,11,4,694.40307
2012,07,11,5,693.12759
2012,07,11,6,693.03004
2012,07,11,7,693.26375
2012,07,12,0,693.48057
2012,07,12,1,693.52325
2012,07,12,2,693.55255
2012,07,12,3,693.32327
2012,07,12,4,693.43049
2012,07,12,5,693.73579
2012,07,12,6,693.90029
2012,07,12,7,694.18105
2012,07,13,0,694.36373
2012,07,13,1,694.083
2012,07,13,2,694.01783
2012,07,13,3,693.96882
2012,07,13,4,693.96696
2012,07,13,5,693.95303
2012,07,13,6,694.30517
2012,07,13,7,694.87057
2012,07,14,0,695.17205
2012,07,14,1,695.16897
2012,07,14,2,695.10301
2012,07,14,3,694.93608
2012,07,14,4,694.39331
2012,07,14,5,694.10716
2012,07,14,6,694.31088
2012,07,14,7,694.39557
2012,07,15,0,694.16459
2012,07,15,1,693.75901
2012,07,15,2,693.55369
2012,07,15,3,693.28686
2012,07,15,4,693.21013
2012,07,15,5,693.43951
2012,07,15,6,694.12137
2012,07,15,7,694.57021
2012,07,16,0,694.57561
2012,07,16,1,694.31276
2012,07,16,2,694.4772
2012,07,16,3,694.54162
2012,07,16,4,694.49784
2012,07,16,5,694.19209
2012,07,16,6,694.15549
2012,07,16,7,694.08332
2012,07,17,0,693.98508
2012,07,17,1,693.80965
2012,07,17,2,694.10372
2012,07,17,3,694.18818
2012,07,17,4,694.76694
2012,07,17,5,695.04849
2012,07,17,6,695.42558
2012,07,17,7,695.58937
2012,07,18,0,695.82472
2012,07,18,1,695.58571
2012,07,18,2,694.66002
2012,07,18,3,694.55121
2012,07,18,4,694.78869
2012,07,18,5,694.60241
2012,07,18,6,695.04275
2012,07,18,7,695.61674
2012,07,19,0,696.41465
2012,07,19,1,696.78242
2012,07,19,2,697.30235
2012,07,19,3,698.02656
2012,07,19,4,698.7723
2012,07,19,5,699.05915
2012,07,19,6,699.29791
2012,07,19,7,699.76677
2012,07,20,0,700.08594
2012,07,20,1,699.67914
2012,07,20,2,698.73181
2012,07,20,3,698.22105
2012,07,20,4,698.80444
2012,07,20,5,698.85768
2012,07,20,6,698.57971
2012,07,20,7,698.88303
2012,07,21,0,698.79117
2012,07,21,1,698.33862
2012,07,21,2,698.44544
2012,07,21,3,698.72708
2012,07,21,4,699.04315
2012,07,21,5,699.13968
2012,07,21,6,699.06551
2012,07,21,7,699.38384
2012,07,22,0,700.07516
2012,07,22,1,699.81616
2012,07,22,2,700.24455
2012,07,22,3,701.24557
2012,07,22,4,701.96349
2012,07,22,5,702.42925
2012,07,22,6,703.10215
2012,07,22,7,703.94714
2012,07,23,0,704.27451
2012,07,23,1,703.88643
2012,07,23,2,703.96983
2012,07,23,3,704.42429
2012,07,23,4,704.13938
2012,07,23,5,703.8196
2012,07,23,6,703.57454
2012,07,23,7,703.51021
2012,07,24,0,703.23302
2012,07,24,1,702.66166
2012,07,24,2,702.82929
2012,07,24,3,703.08718
2012,07,24,4,702.95226
2012,07,24,5,702.81906
2012,07,24,6,703.00859
2012,07,24,7,703.23705
2012,07,25,0,702.93001
2012,07,25,1,702.58975
2012,07,25,2,702.7676
2012,07,25,3,702.96003
2012,07,25,4,703.23727
2012,07,25,5,703.75583
2012,07,25,6,704.51345
2012,07,25,7,705.35638
2012,07,26,0,706.14882
2012,07,26,1,706.74936
2012,07,26,2,707.07516
2012,07,26,3,707.36402
2012,07,26,4,707.1764
2012,07,26,5,707.11173
2012,07,26,6,706.86076
2012,07,26,7,706.56985
2012,07,27,0,706.60107
2012,07,27,1,706.07654
2012,07,27,2,705.25464
2012,07,27,3,704.65395
2012,07,27,4,704.09469
2012,07,27,5,703.38622
2012,07,27,6,702.97243
2012,07,27,7,702.73589
2012,07,28,0,702.30202
2012,07,28,1,701.56841
2012,07,28,2,700.34508
2012,07,28,3,699.37679
2012,07,28,4,698.59448
2012,07,28,5,697.86053
2012,07,28,6,697.43109
2012,07,28,7,697.56565
2012,07,29,0,697.49468
2012,07,29,1,697.16065
2012,07,29,2,697.10053
2012,07,29,3,697.17217
2012,07,29,4,696.99339
2012,07,29,5,696.6851
2012,07,29,6,697.07449
2012,07,29,7,697.59042
2012,07,30,0,697.52011
2012,07,30,1,696.99932
2012,07,30,2,696.68891
2012,07,30,3,696.18554
2012,07,30,4,695.85185
2012,07,30,5,695.78006
2012,07,30,6,695.64994
2012,07,30,7,695.69448
2012,07,31,0,695.70671
2012,07,31,1,695.3899
2012,07,31,2,695.30114
2012,07,31,3,695.37037
2012,07,31,4,696.08353
2012,07,31,5,696.569
2012,07,31,6,696.90314
2012,07,31,7,697.84156
2013,07,1,0,698.60384
2013,07,1,1,698.97813
2013,07,1,2,699.49002
2013,07,1,3,700.4121
2013,07,1,4,700.65208
2013,07,1,5,700.97754
2013,07,1,6,701.70739
2013,07,1,7,702.22685
2013,07,2,0,702.39804
2013,07,2,1,702.20107
2013,07,2,2,702.73706
2013,07,2,3,703.13263
2013,07,2,4,703.21656
2013,07,2,5,703.26342
2013,07,2,6,703.38662
2013,07,2,7,703.46171
2013,07,3,0,702.66484
2013,07,3,1,702.22688
2013,07,3,2,702.44768
2013,07,3,3,702.38011
2013,07,3,4,702.0249
2013,07,3,5,701.63264
2013,07,3,6,701.88298
2013,07,3,7,701.8672
2013,07,4,0,701.98435
2013,07,4,1,702.24374
2013,07,4,2,702.52236
2013,07,4,3,702.49473
2013,07,4,4,702.2394
2013,07,4,5,701.9209
2013,07,4,6,701.42745
2013,07,4,7,700.80638
2013,07,5,0,700.2457
2013,07,5,1,699.25492
2013,07,5,2,698.23237
2013,07,5,3,697.41438
2013,07,5,4,696.8859
2013,07,5,5,696.30311
2013,07,5,6,696.0459
2013,07,5,7,696.02583
2013,07,6,0,696.04774
2013,07,6,1,695.68433
2013,07,6,2,695.50127
2013,07,6,3,695.65047
2013,07,6,4,696.07286
2013,07,6,5,696.14973
2013,07,6,6,696.62598
2013,07,6,7,697.11871
2013,07,7,0,697.09043
2013,07,7,1,697.31486
2013,07,7,2,697.63086
2013,07,7,3,698.00156
2013,07,7,4,698.31615
2013,07,7,5,698.13436
2013,07,7,6,697.58517
2013,07,7,7,697.30089
2013,07,8,0,697.48002
2013,07,8,1,697.30515
2013,07,8,2,697.35947
2013,07,8,3,697.27848
2013,07,8,4,697.24533
2013,07,8,5,697.07503
2013,07,8,6,697.32931
2013,07,8,7,697.88797
2013,07,9,0,698.06149
2013,07,9,1,697.99408
2013,07,9,2,697.54727
2013,07,9,3,697.18998
2013,07,9,4,697.21116
2013,07,9,5,696.71572
2013,07,9,6,696.36942
2013,07,9,7,695.82264
2013,07,10,0,695.13684
2013,07,10,1,694.20791
2013,07,10,2,693.42864
2013,07,10,3,692.69003
2013,07,10,4,692.37779
2013,07,10,5,692.15733
2013,07,10,6,691.86054
2013,07,10,7,691.99794
2013,07,11,0,692.12986
2013,07,11,1,692.0606
2013,07,11,2,691.65533
2013,07,11,3,691.1429
2013,07,11,4,691.27627
2013,07,11,5,691.17275
2013,07,11,6,691.24576
2013,07,11,7,691.81025
2013,07,12,0,692.09701
2013,07,12,1,692.31615
2013,07,12,2,692.12041
2013,07,12,3,691.83624
2013,07,12,4,692.43295
2013,07,12,5,692.43786
2013,07,12,6,692.86012
2013,07,12,7,693.73114
2013,07,13,0,694.19566
2013,07,13,1,694.30548
2013,07,13,2,694.20585
2013,07,13,3,694.65324
2013,07,13,4,695.66302
2013,07,13,5,696.5512
2013,07,13,6,697.62294
2013,07,13,7,698.43705
2013,07,14,0,699.43606
2013,07,14,1,700.07885
2013,07,14,2,700.63674
2013,07,14,3,701.27885
2013,07,14,4,701.6005
2013,07,14,5,701.60318
2013,07,14,6,701.59592
2013,07,14,7,701.1835
2013,07,15,0,700.48409
2013,07,15,1,699.58855
2013,07,15,2,698.87303
2013,07,15,3,697.90153
2013,07,15,4,697.22728
2013,07,15,5,696.58194
2013,07,15,6,695.66858
2013,07,15,7,695.01704
2013,07,16,0,694.01311
2013,07,16,1,693.30193
2013,07,16,2,692.71493
2013,07,16,3,692.07978
2013,07,16,4,692.1456
2013,07,16,5,692.19861
2013,07,16,6,692.17088
2013,07,16,7,692.63739
2013,07,17,0,692.79483
2013,07,17,1,692.90465
2013,07,17,2,693.3691
2013,07,17,3,693.76538
2013,07,17,4,694.11923
2013,07,17,5,694.29653
2013,07,17,6,694.58924
2013,07,17,7,694.94139
2013,07,18,0,695.25236
2013,07,18,1,695.02457
2013,07,18,2,694.86797
2013,07,18,3,694.83261
2013,07,18,4,694.67965
2013,07,18,5,694.5673
2013,07,18,6,694.44913
2013,07,18,7,694.06712
2013,07,19,0,693.84625
2013,07,19,1,693.38548
2013,07,19,2,693.51382
2013,07,19,3,693.31545
2013,07,19,4,693.37256
2013,07,19,5,693.29231
2013,07,19,6,693.11747
2013,07,19,7,693.39522
2013,07,20,0,693.11176
2013,07,20,1,692.41341
2013,07,20,2,692.35987
2013,07,20,3,692.56113
2013,07,20,4,693.30523
2013,07,20,5,694.19263
2013,07,20,6,694.65246
2013,07,20,7,695.17326
2013,07,21,0,695.64672
2013,07,21,1,695.90202
2013,07,21,2,696.0191
2013,07,21,3,696.15262
2013,07,21,4,696.2321
2013,07,21,5,695.85733
2013,07,21,6,696.29167
2013,07,21,7,696.75053
2013,07,22,0,696.72889
2013,07,22,1,696.62097
2013,07,22,2,696.25223
2013,07,22,3,696.137
2013,07,22,4,695.48548
2013,07,22,5,694.3206
2013,07,22,6,693.9855
2013,07,22,7,693.97236
2013,07,23,0,693.25425
2013,07,23,1,692.57679
2013,07,23,2,692.42546
2013,07,23,3,692.40265
2013,07,23,4,692.31778
2013,07,23,5,692.1808
2013,07,23,6,692.33309
2013,07,23,7,692.72621
2013,07,24,0,693.38315
2013,07,24,1,693.74734
2013,07,24,2,694.09796
2013,07,24,3,694.67575
2013,07,24,4,695.16921
2013,07,24,5,695.81707
2013,07,24,6,696.46349
2013,07,24,7,697.10275
2013,07,25,0,697.31671
2013,07,25,1,697.33333
2013,07,25,2,697.66221
2013,07,25,3,697.81133
2013,07,25,4,697.85832
2013,07,25,5,698.12822
2013,07,25,6,698.27213
2013,07,25,7,698.08522
2013,07,26,0,698.01121
2013,07,26,1,697.58801
2013,07,26,2,697.17513
2013,07,26,3,697.11858
2013,07,26,4,696.52709
2013,07,26,5,695.99084
2013,07,26,6,695.86724
2013,07,26,7,695.79274
2013,07,27,0,695.58026
2013,07,27,1,695.23689
2013,07,27,2,694.94674
2013,07,27,3,694.37082
2013,07,27,4,694.34699
2013,07,27,5,694.73437
2013,07,27,6,694.90886
2013,07,27,7,694.54566
2013,07,28,0,694.11622
2013,07,28,1,693.94231
2013,07,28,2,693.69301
2013,07,28,3,693.74925
2013,07,28,4,693.57843
2013,07,28,5,693.50095
2013,07,28,6,693.40486
2013,07,28,7,693.41912
2013,07,29,0,693.01847
2013,07,29,1,692.64503
2013,07,29,2,692.5098
2013,07,29,3,692.22288
2013,07,29,4,692.23682
2013,07,29,5,692.42431
2013,07,29,6,693.382
2013,07,29,7,694.24283
2013,07,30,0,694.68859
2013,07,30,1,695.03082
2013,07,30,2,695.55396
2013,07,30,3,696.00452
2013,07,30,4,695.76623
2013,07,30,5,695.52483
2013,07,30,6,695.30569
2013,07,30,7,695.03992
2013,07,31,0,694.95038
2013,07,31,1,694.35652
2013,07,31,2,693.90222
2013,07,31,3,693.44223
2013,07,31,4,692.50642
2013,07,31,5,691.29567
2013,07,31,6,690.36171
2013,07,31,7,689.54516
2013,07,1,0,688.77106
2013,07,1,1,688.18545
2013,07,1,2,687.85639
2013,07,1,3,687.63473
2013,07,1,4,687.42914
2013,07,1,5,687.40813
2013,07,1,6,687.54826
2013,07,1,7,687.71917
2013,07,2,0,687.75104
2013,07,2,1,687.4627
2013,07,2,2,687.44289
2013,07,2,3,687.35096
2013,07,2,4,686.9394
2013,07,2,5,686.64674
2013,07,2,6,686.78582
2013,07,2,7,686.65981
2013,07,3,0,686.25812
2013,07,3,1,685.66082
2013,07,3,2,685.18281
2013,07,3,3,684.80322
2013,07,3,4,684.56417
2013,07,3,5,684.28377
2013,07,3,6,684.3353
2013,07,3,7,684.31326
2013,07,4,0,684.17788
2013,07,4,1,683.94181
2013,07,4,2,683.89001
2013,07,4,3,683.98867
2013,07,4,4,684.09041
2013,07,4,5,683.90202
2013,07,4,6,683.83497
2013,07,4,7,683.67001
2013,07,5,0,683.49542
2013,07,5,1,683.22519
2013,07,5,2,682.79341
2013,07,5,3,682.34225
2013,07,5,4,682.087
2013,07,5,5,681.7738
2013,07,5,6,681.96356
2013,07,5,7,682.26027
2013,07,6,0,682.1738
2013,07,6,1,682.05349
2013,07,6,2,682.32074
2013,07,6,3,682.36752
2013,07,6,4,682.41673
2013,07,6,5,682.53171
2013,07,6,6,682.60285
2013,07,6,7,682.61887
2013,07,7,0,682.5521
2013,07,7,1,682.2188
2013,07,7,2,682.07653
2013,07,7,3,681.75255
2013,07,7,4,681.36069
2013,07,7,5,681.00472
2013,07,7,6,681.40031
2013,07,7,7,681.5576
2013,07,8,0,681.62053
2013,07,8,1,681.77811
2013,07,8,2,682.12136
2013,07,8,3,682.59386
2013,07,8,4,682.9104
2013,07,8,5,683.29586
2013,07,8,6,683.55142
2013,07,8,7,683.7894
2013,07,9,0,683.94643
2013,07,9,1,684.02075
2013,07,9,2,684.32347
2013,07,9,3,684.59541
2013,07,9,4,684.31357
2013,07,9,5,683.84959
2013,07,9,6,683.94581
2013,07,9,7,684.18587
2013,07,10,0,684.07218
2013,07,10,1,683.97562
2013,07,10,2,684.06121
2013,07,10,3,684.09323
2013,07,10,4,684.21305
2013,07,10,5,683.9741
2013,07,10,6,684.39151
2013,07,10,7,684.71777
2013,07,11,0,684.65587
2013,07,11,1,684.7096
2013,07,11,2,684.88974
2013,07,11,3,685.01529
2013,07,11,4,685.4398
2013,07,11,5,685.67408
2013,07,11,6,685.99997
2013,07,11,7,686.64787
2013,07,12,0,687.03082
2013,07,12,1,687.24639
2013,07,12,2,687.49705
2013,07,12,3,687.54671
2013,07,12,4,687.70417
2013,07,12,5,687.77631
2013,07,12,6,688.15212
2013,07,12,7,688.62689
2013,07,13,0,688.75789
2013,07,13,1,688.76958
2013,07,13,2,688.69389
2013,07,13,3,688.83096
2013,07,13,4,689.02386
2013,07,13,5,689.33756
2013,07,13,6,689.99191
2013,07,13,7,690.58646
2013,07,14,0,691.18552
2013,07,14,1,691.41527
2013,07,14,2,691.60941
2013,07,14,3,691.93284
2013,07,14,4,692.2909
2013,07,14,5,692.10299
2013,07,14,6,692.2633
2013,07,14,7,692.60909
2013,07,15,0,692.37656
2013,07,15,1,691.76143
2013,07,15,2,691.52245
2013,07,15,3,691.32897
2013,07,15,4,690.62454
2013,07,15,5,689.47863
2013,07,15,6,689.00529
2013,07,15,7,688.5928
2013,07,16,0,688.21757
2013,07,16,1,687.34021
2013,07,16,2,686.52199
2013,07,16,3,686.17374
2013,07,16,4,685.58189
2013,07,16,5,685.12097
2013,07,16,6,685.14282
2013,07,16,7,685.04979
2013,07,17,0,684.81333
2013,07,17,1,684.36343
2013,07,17,2,684.24066
2013,07,17,3,684.49198
2013,07,17,4,684.95896
2013,07,17,5,685.40959
2013,07,17,6,685.86195
2013,07,17,7,686.70609
2013,07,18,0,687.02421
2013,07,18,1,687.02397
2013,07,18,2,687.61042
2013,07,18,3,688.46072
2013,07,18,4,688.72727
2013,07,18,5,688.82367
2013,07,18,6,689.45708
2013,07,18,7,690.04752
2013,07,19,0,690.28681
2013,07,19,1,690.48974
2013,07,19,2,690.7202
2013,07,19,3,691.05106
2013,07,19,4,691.42778
2013,07,19,5,691.80231
2013,07,19,6,691.98725
2013,07,19,7,692.39398
2013,07,20,0,693.55143
2013,07,20,1,694.06172
2013,07,20,2,694.12655
2013,07,20,3,694.38756
2013,07,20,4,694.39302
2013,07,20,5,694.19468
2013,07,20,6,693.42724
2013,07,20,7,692.56857
2013,07,21,0,692.49711
2013,07,21,1,692.7897
2013,07,21,2,693.00369
2013,07,21,3,692.60202
2013,07,21,4,691.88765
2013,07,21,5,690.57252
2013,07,21,6,689.60728
2013,07,21,7,688.89251
2013,07,22,0,689.29885
2013,07,22,1,689.72062
2013,07,22,2,689.53793
2013,07,22,3,689.72263
2013,07,22,4,689.96797
2013,07,22,5,690.23926
2013,07,22,6,690.29937
2013,07,22,7,690.21818
2013,07,23,0,690.10176
2013,07,23,1,690.048
2013,07,23,2,690.28324
2013,07,23,3,690.83071
2013,07,23,4,691.08849
2013,07,23,5,691.44298
2013,07,23,6,692.07649
2013,07,23,7,692.64181
2013,07,24,0,692.97005
2013,07,24,1,693.0289
2013,07,24,2,693.04063
2013,07,24,3,693.02997
2013,07,24,4,692.77673
2013,07,24,5,692.44809
2013,07,24,6,691.73669
2013,07,24,7,691.38441
2013,07,25,0,690.92411
2013,07,25,1,690.0943
2013,07,25,2,689.51884
2013,07,25,3,689.06053
2013,07,25,4,688.38589
2013,07,25,5,687.9267
2013,07,25,6,687.66924
2013,07,25,7,687.58824
2013,07,26,0,686.6708
2013,07,26,1,685.28435
2013,07,26,2,684.72345
2013,07,26,3,684.59079
2013,07,26,4,684.02751
2013,07,26,5,683.98099
2013,07,26,6,684.40187
2013,07,26,7,684.92295
2013,07,27,0,685.2638
2013,07,27,1,685.30146
2013,07,27,2,685.60218
2013,07,27,3,686.29613
2013,07,27,4,687.11269
2013,07,27,5,687.26416
2013,07,27,6,688.22084
2013,07,27,7,689.55978
2013,07,28,0,689.81129
2013,07,28,1,689.44248
2013,07,28,2,689.90024
2013,07,28,3,690.51403
2013,07,28,4,690.65396
2013,07,28,5,690.3355
2013,07,28,6,690.09396
2013,07,28,7,690.14365
2013,07,1,0,689.8567
2013,07,1,1,689.05072
2013,07,1,2,688.31662
2013,07,1,3,687.97921
2013,07,1,4,687.62969
2013,07,1,5,687.05137
2013,07,1,6,686.69163
2013,07,1,7,686.458
2013,07,2,0,686.3197
2013,07,2,1,685.96748
2013,07,2,2,685.95971
2013,07,2,3,686.03031
2013,07,2,4,686.12823
2013,07,2,5,686.12156
2013,07,2,6,686.43104
2013,07,2,7,686.9578
2013,07,3,0,687.2542
2013,07,3,1,687.43308
2013,07,3,2,687.82349
2013,07,3,3,688.16262
2013,07,3,4,688.94103
2013,07,3,5,689.60961
2013,07,3,6,689.81946
2013,07,3,7,689.78516
2013,07,4,0,689.61216
2013,07,4,1,689.05293
2013,07,4,2,688.57356
2013,07,4,3,687.99219
2013,07,4,4,687.31365
2013,07,4,5,686.37239
2013,07,4,6,685.65401
2013,07,4,7,684.90324
2013,07,5,0,683.98087
2013,07,5,1,682.85624
2013,07,5,2,681.54022
2013,07,5,3,680.67097
2013,07,5,4,680.36967
2013,07,5,5,679.99187
2013,07,5,6,680.1456
2013,07,5,7,680.6607
2013,07,6,0,681.17998
2013,07,6,1,681.39792
2013,07,6,2,682.0395
2013,07,6,3,683.25069
2013,07,6,4,684.68121
2013,07,6,5,685.56542
2013,07,6,6,686.54403
2013,07,6,7,687.70883
2013,07,7,0,688.47525
2013,07,7,1,688.85201
2013,07,7,2,689.76183
2013,07,7,3,690.40661
2013,07,7,4,690.47381
2013,07,7,5,690.41356
2013,07,7,6,690.70869
2013,07,7,7,690.69453
2013,07,8,0,690.42924
2013,07,8,1,690.0333
2013,07,8,2,689.95854
2013,07,8,3,689.73601
2013,07,8,4,689.8166
2013,07,8,5,690.02679
2013,07,8,6,689.94959
2013,07,8,7,689.68954
2013,07,9,0,690.03953
2013,07,9,1,690.25199
2013,07,9,2,690.21765
2013,07,9,3,689.89069
2013,07,9,4,689.89885
2013,07,9,5,689.96425
2013,07,9,6,690.27216
2013,07,9,7,690.49396
2013,07,10,0,690.876
2013,07,10,1,691.00129
2013,07,10,2,691.28429
2013,07,10,3,691.40457
2013,07,10,4,691.60109
2013,07,10,5,690.98515
2013,07,10,6,690.74814
2013,07,10,7,691.14283
2013,07,11,0,691.55436
2013,07,11,1,691.6938
2013,07,11,2,692.57159
2013,07,11,3,693.12524
2013,07,11,4,693.25414
2013,07,11,5,693.1027
2013,07,11,6,692.19563
2013,07,11,7,692.03071
2013,07,12,0,692.61133
2013,07,12,1,692.52983
2013,07,12,2,692.59942
2013,07,12,3,692.51467
2013,07,12,4,692.10028
2013,07,12,5,691.70534
2013,07,12,6,691.52454
2013,07,12,7,690.92769
2013,07,13,0,690.58568
2013,07,13,1,689.63724
2013,07,13,2,689.18497
2013,07,13,3,689.12819
2013,07,13,4,688.96066
2013,07,13,5,688.6492
2013,07,13,6,688.61732
2013,07,13,7,688.90594
2013,07,14,0,689.004
2013,07,14,1,688.66042
2013,07,14,2,689.22175
2013,07,14,3,689.74757
2013,07,14,4,690.2891
2013,07,14,5,689.98154
2013,07,14,6,689.42152
2013,07,14,7,689.03309
2013,07,15,0,688.34262
2013,07,15,1,687.55553
2013,07,15,2,688.02267
2013,07,15,3,688.23749
2013,07,15,4,687.51032
2013,07,15,5,686.78151
2013,07,15,6,686.6152
2013,07,15,7,686.62308
2013,07,16,0,686.61813
2013,07,16,1,686.59472
2013,07,16,2,686.96411
2013,07,16,3,687.02899
2013,07,16,4,687.28015
2013,07,16,5,687.21332
2013,07,16,6,687.47597
2013,07,16,7,687.71642
2013,07,17,0,687.50357
2013,07,17,1,687.39712
2013,07,17,2,687.37184
2013,07,17,3,687.31869
2013,07,17,4,687.2381
2013,07,17,5,686.86883
2013,07,17,6,687.03195
2013,07,17,7,687.42799
2013,07,18,0,688.20613
2013,07,18,1,688.59827
2013,07,18,2,688.64548
2013,07,18,3,688.81031
2013,07,18,4,689.64772
2013,07,18,5,689.71266
2013,07,18,6,689.32059
2013,07,18,7,688.8882
2013,07,19,0,687.87303
2013,07,19,1,686.48922
2013,07,19,2,685.45621
2013,07,19,3,684.32844
2013,07,19,4,683.74989
2013,07,19,5,682.76511
2013,07,19,6,681.59723
2013,07,19,7,680.63176
2013,07,20,0,679.88283
2013,07,20,1,679.37867
2013,07,20,2,678.8301
2013,07,20,3,678.41419
2013,07,20,4,678.49081
2013,07,20,5,678.49659
2013,07,20,6,678.16374
2013,07,20,7,678.10801
2013,07,21,0,678.82654
2013,07,21,1,679.20184
2013,07,21,2,679.60359
2013,07,21,3,680.19549
2013,07,21,4,680.94625
2013,07,21,5,681.47013
2013,07,21,6,681.71057
2013,07,21,7,682.09276
2013,07,22,0,682.18297
2013,07,22,1,681.72439
2013,07,22,2,681.98609
2013,07,22,3,682.17345
2013,07,22,4,682.34232
2013,07,22,5,682.46137
2013,07,22,6,682.34839
2013,07,22,7,682.38093
2013,07,23,0,682.47402
2013,07,23,1,682.21821
2013,07,23,2,682.00034
2013,07,23,3,681.67318
2013,07,23,4,681.99371
2013,07,23,5,682.03477
2013,07,23,6,681.94699
2013,07,23,7,681.85979
2013,07,24,0,681.72395
2013,07,24,1,681.07931
2013,07,24,2,680.41839
2013,07,24,3,679.56596
2013,07,24,4,678.88975
2013,07,24,5,678.25791
2013,07,24,6,677.73868
2013,07,24,7,677.22217
2013,07,25,0,677.00174
2013,07,25,1,676.67566
2013,07,25,2,676.82988
2013,07,25,3,677.47408
2013,07,25,4,678.23463
2013,07,25,5,678.61756
2013,07,25,6,679.84803
2013,07,25,7,681.01186
2013,07,26,0,681.75328
2013,07,26,1,682.3715
2013,07,26,2,682.53812
2013,07,26,3,682.76321
2013,07,26,4,683.36645
2013,07,26,5,683.30044
2013,07,26,6,683.67022
2013,07,26,7,683.65095
2013,07,27,0,682.8763
2013,07,27,1,681.49232
2013,07,27,2,680.74393
2013,07,27,3,680.03406
2013,07,27,4,680.89195
2013,07,27,5,681.59978
2013,07,27,6,682.20292
2013,07,27,7,682.71044
2013,07,28,0,682.95585
2013,07,28,1,682.4802
2013,07,28,2,682.24301
2013,07,28,3,681.79502
2013,07,28,4,681.78388
2013,07,28,5,681.92916
2013,07,28,6,682.35716
2013,07,28,7,683.12735
2013,07,29,0,683.99511
2013,07,29,1,684.85638
2013,07,29,2,685.85334
2013,07,29,3,686.44442
2013,07,29,4,686.41669
2013,07,29,5,686.37644
2013,07,29,6,686.42229
2013,07,29,7,686.57993
2013,07,30,0,686.17098
2013,07,30,1,685.38154
2013,07,30,2,685.4123
2013,07,30,3,685.51296
2013,07,30,4,685.06193
2013,07,30,5,684.53642
2013,07,30,6,683.93708
2013,07,30,7,683.1885
2013,07,31,0,681.50926
2013,07,31,1,680.23453
2013,07,31,2,680.24826
2013,07,31,3,679.83595
2013,07,31,4,679.32662
2013,07,31,5,678.56029
2013,07,31,6,677.25762
2013,07,31,7,676.25704
2013,07,1,0,676.11851
2013,07,1,1,675.62832
2013,07,1,2,675.58027
2013,07,1,3,675.44378
2013,07,1,4,675.46987
2013,07,1,5,675.929
2013,07,1,6,676.10205
2013,07,1,7,676.17831
2013,07,2,0,676.47746
2013,07,2,1,676.55337
2013,07,2,2,676.46688
2013,07,2,3,676.51383
2013,07,2,4,676.68191
2013,07,2,5,676.75517
2013,07,2,6,677.16376
2013,07,2,7,677.42509
2013,07,3,0,677.89105
2013,07,3,1,678.18423
2013,07,3,2,678.291
2013,07,3,3,679.42082
2013,07,3,4,680.18329
2013,07,3,5,680.97279
2013,07,3,6,681.71265
2013,07,3,7,682.55023
2013,07,4,0,683.41771
2013,07,4,1,683.37809
2013,07,4,2,683.4039
2013,07,4,3,683.5285
2013,07,4,4,683.29267
2013,07,4,5,682.77567
2013,07,4,6,682.22536
2013,07,4,7,681.61169
2013,07,5,0,680.6926
2013,07,5,1,679.66047
2013,07,5,2,679.21948
2013,07,5,3,678.85545
2013,07,5,4,678.50876
2013,07,5,5,678.31809
2013,07,5,6,678.68751
2013,07,5,7,679.45345
2013,07,6,0,680.14763
2013,07,6,1,680.73216
2013,07,6,2,682.13039
2013,07,6,3,683.63067
2013,07,6,4,684.33628
2013,07,6,5,684.94798
2013,07,6,6,685.65936
2013,07,6,7,686.81269
2013,07,7,0,688.08586
2013,07,7,1,688.94683
2013,07,7,2,690.0739
2013,07,7,3,691.22733
2013,07,7,4,692.08006
2013,07,7,5,692.686
2013,07,7,6,694.04199
2013,07,7,7,695.05424
2013,07,8,0,695.55984
2013,07,8,1,695.37866
2013,07,8,2,695.28779
2013,07,8,3,694.86433
2013,07,8,4,694.4331
2013,07,8,5,693.94768
2013,07,8,6,692.7819
2013,07,8,7,691.5907
2013,07,9,0,689.93837
2013,07,9,1,687.96771
2013,07,9,2,685.96799
2013,07,9,3,684.59871
2013,07,9,4,684.31564
2013,07,9,5,684.21617
2013,07,9,6,685.19114
2013,07,9,7,685.91722
2013,07,10,0,686.09319
2013,07,10,1,686.37565
2013,07,10,2,687.27497
2013,07,10,3,688.01008
2013,07,10,4,688.80083
2013,07,10,5,689.18206
2013,07,10,6,688.71542
2013,07,10,7,688.25844
2013,07,11,0,687.05526
2013,07,11,1,685.9229
2013,07,11,2,685.67366
2013,07,11,3,685.6191
2013,07,11,4,685.78149
2013,07,11,5,685.55567
2013,07,11,6,685.69789
2013,07,11,7,685.92024
2013,07,12,0,686.037
2013,07,12,1,685.94904
2013,07,12,2,685.46438
2013,07,12,3,684.81022
2013,07,12,4,684.3342
2013,07,12,5,683.61704
2013,07,12,6,683.04591
2013,07,12,7,682.57739
2013,07,13,0,682.22264
2013,07,13,1,681.92168
2013,07,13,2,682.00448
2013,07,13,3,682.05036
2013,07,13,4,682.14603
2013,07,13,5,682.40005
2013,07,13,6,682.90621
2013,07,13,7,683.21315
2013,07,14,0,682.83333
2013,07,14,1,682.17277
2013,07,14,2,682.68404
2013,07,14,3,683.00503
2013,07,14,4,683.19158
2013,07,14,5,683.7511
2013,07,14,6,684.2405
2013,07,14,7,684.71823
2013,07,15,0,685.43145
2013,07,15,1,685.76005
2013,07,15,2,686.41517
2013,07,15,3,687.00727
2013,07,15,4,687.22171
2013,07,15,5,687.42758
2013,07,15,6,688.25029
2013,07,15,7,688.35107
2013,07,16,0,688.32121
2013,07,16,1,687.84756
2013,07,16,2,687.07366
2013,07,16,3,686.2963
2013,07,16,4,685.76818
2013,07,16,5,685.19697
2013,07,16,6,684.2939
2013,07,16,7,683.33807
2013,07,17,0,682.2587
2013,07,17,1,681.94347
2013,07,17,2,682.71791
2013,07,17,3,684.33242
2013,07,17,4,685.87215
2013,07,17,5,687.43402
2013,07,17,6,689.41344
2013,07,17,7,690.44572
2013,07,18,0,689.91821
2013,07,18,1,688.6991
2013,07,18,2,688.62323
2013,07,18,3,688.70118
2013,07,18,4,688.83486
2013,07,18,5,688.59761
2013,07,18,6,688.02935
2013,07,18,7,687.69906
2013,07,19,0,686.66078
2013,07,19,1,685.60377
2013,07,19,2,684.94915
2013,07,19,3,684.02448
2013,07,19,4,682.78038
2013,07,19,5,681.49135
2013,07,19,6,681.06613
2013,07,19,7,681.29893
2013,07,20,0,680.9051
2013,07,20,1,680.53297
2013,07,20,2,681.38226
2013,07,20,3,682.17579
2013,07,20,4,682.78502
2013,07,20,5,683.41678
2013,07,20,6,684.4494
2013,07,20,7,685.62139
2013,07,21,0,686.29884
2013,07,21,1,686.62575
2013,07,21,2,686.92819
2013,07,21,3,687.24339
2013,07,21,4,687.82051
2013,07,21,5,688.05978
2013,07,21,6,687.71792
2013,07,21,7,687.66486
2013,07,22,0,687.13566
2013,07,22,1,686.41664
2013,07,22,2,686.20922
2013,07,22,3,686.15491
2013,07,22,4,685.81999
2013,07,22,5,685.31903
2013,07,22,6,684.82488
2013,07,22,7,684.28223
2013,07,23,0,683.57793
2013,07,23,1,683.06074
2013,07,23,2,682.80251
2013,07,23,3,682.85437
2013,07,23,4,682.64049
2013,07,23,5,682.86281
2013,07,23,6,683.51192
2013,07,23,7,684.17279
2013,07,24,0,684.98422
2013,07,24,1,685.84562
2013,07,24,2,686.63803
2013,07,24,3,687.19984
2013,07,24,4,687.37643
2013,07,24,5,687.47081
2013,07,24,6,687.31886
2013,07,24,7,687.05668
2013,07,25,0,686.66619
2013,07,25,1,685.98456
2013,07,25,2,685.79415
2013,07,25,3,685.51785
2013,07,25,4,684.5184
2013,07,25,5,683.747
2013,07,25,6,683.16235
2013,07,25,7,683.00498
2013,07,26,0,682.9096
2013,07,26,1,683.04344
2013,07,26,2,683.40603
2013,07,26,3,684.14626
2013,07,26,4,683.82116
2013,07,26,5,683.49881
2013,07,26,6,683.47174
2013,07,26,7,683.43053
2013,07,27,0,683.32155
2013,07,27,1,682.82223
2013,07,27,2,683.05444
2013,07,27,3,683.76629
2013,07,27,4,684.50668
2013,07,27,5,685.09824
2013,07,27,6,685.47568
2013,07,27,7,685.82902
2013,07,28,0,685.96185
2013,07,28,1,685.89598
2013,07,28,2,686.45204
2013,07,28,3,687.50305
2013,07,28,4,687.95531
2013,07,28,5,688.18306
2013,07,28,6,688.53597
2013,07,28,7,688.82111
2013,07,29,0,689.56284
2013,07,29,1,689.91846
2013,07,29,2,690.65358
2013,07,29,3,691.33117
2013,07,29,4,691.59418
2013,07,29,5,691.96618
2013,07,29,6,691.85881
2013,07,29,7,692.28515
2013,07,30,0,692.4512
2013,07,30,1,692.38596
2013,07,30,2,692.63805
2013,07,30,3,692.99369
2013,07,30,4,693.17564
2013,07,30,5,693.28899
2013,07,30,6,692.90881
2013,07,30,7,692.7665
2013,07,1,0,692.66838
2013,07,1,1,692.4281
2013,07,1,2,692.46839
2013,07,1,3,692.29667
2013,07,1,4,691.21737
2013,07,1,5,690.05604
2013,07,1,6,689.49394
2013,07,1,7,688.85257
2013,07,2,0,688.04696
2013,07,2,1,686.88895
2013,07,2,2,686.91079
2013,07,2,3,687.08099
2013,07,2,4,686.26533
2013,07,2,5,685.9349
2013,07,2,6,685.95686
2013,07,2,7,686.16723
2013,07,3,0,686.13215
2013,07,3,1,686.22059
2013,07,3,2,686.38702
2013,07,3,3,686.37227
2013,07,3,4,686.16648
2013,07,3,5,685.88813
2013,07,3,6,685.74758
2013,07,3,7,685.58636
2013,07,4,0,685.10902
2013,07,4,1,684.33916
2013,07,4,2,683.90689
2013,07,4,3,683.35152
2013,07,4,4,682.45231
2013,07,4,5,681.71657
2013,07,4,6,681.18223
2013,07,4,7,680.97179
2013,07,5,0,680.23365
2013,07,5,1,679.58165
2013,07,5,2,679.77486
2013,07,5,3,680.13958
2013,07,5,4,680.29814
2013,07,5,5,680.46345
2013,07,5,6,680.82081
2013,07,5,7,681.27962
2013,07,6,0,681.5895
2013,07,6,1,681.28931
2013,07,6,2,681.03864
2013,07,6,3,681.3022
2013,07,6,4,681.45618
2013,07,6,5,681.34582
2013,07,6,6,681.51344
2013,07,6,7,681.58999
2013,07,7,0,681.64085
2013,07,7,1,681.53509
2013,07,7,2,681.46766
2013,07,7,3,681.90171
2013,07,7,4,682.35085
2013,07,7,5,682.83627
2013,07,7,6,682.90709
2013,07,7,7,683.54221
2013,07,8,0,684.53936
2013,07,8,1,685.45073
2013,07,8,2,685.73362
2013,07,8,3,686.0581
2013,07,8,4,686.32183
2013,07,8,5,686.27084
2013,07,8,6,685.80261
2013,07,8,7,685.28254
2013,07,9,0,684.31748
2013,07,9,1,682.90155
2013,07,9,2,682.05586
2013,07,9,3,681.31919
2013,07,9,4,680.29213
2013,07,9,5,679.66257
2013,07,9,6,678.64116
2013,07,9,7,677.30039
2013,07,10,0,676.66184
2013,07,10,1,676.16908
2013,07,10,2,675.95152
2013,07,10,3,676.2623
2013,07,10,4,676.59935
2013,07,10,5,677.00055
2013,07,10,6,677.82174
2013,07,10,7,678.67881
2013,07,11,0,679.72821
2013,07,11,1,680.45133
2013,07,11,2,680.86907
2013,07,11,3,681.19957
2013,07,11,4,681.99968
2013,07,11,5,682.59644
2013,07,11,6,682.59503
2013,07,11,7,682.76637
2013,07,12,0,683.1962
2013,07,12,1,682.95073
2013,07,12,2,683.19369
2013,07,12,3,683.32475
2013,07,12,4,682.88069
2013,07,12,5,682.16723
2013,07,12,6,682.22261
2013,07,12,7,682.9726
2013,07,13,0,683.63087
2013,07,13,1,683.84248
2013,07,13,2,685.10709
2013,07,13,3,686.4034
2013,07,13,4,687.82091
2013,07,13,5,688.71169
2013,07,13,6,689.61487
2013,07,13,7,689.93684
2013,07,14,0,689.59287
2013,07,14,1,689.1784
2013,07,14,2,689.17273
2013,07,14,3,689.00425
2013,07,14,4,687.75734
2013,07,14,5,687.13532
2013,07,14,6,686.71279
2013,07,14,7,685.94242
2013,07,15,0,685.74618
2013,07,15,1,685.04835
2013,07,15,2,685.18434
2013,07,15,3,684.98983
2013,07,15,4,684.97513
2013,07,15,5,685.32672
2013,07,15,6,685.80283
2013,07,15,7,686.25018
2013,07,16,0,686.34837
2013,07,16,1,686.7041
2013,07,16,2,686.94568
2013,07,16,3,686.87721
2013,07,16,4,686.53851
2013,07,16,5,686.20529
2013,07,16,6,686.1767
2013,07,16,7,686.01269
2013,07,17,0,686.01115
2013,07,17,1,686.1496
2013,07,17,2,686.88243
2013,07,17,3,687.39739
2013,07,17,4,687.51962
2013,07,17,5,687.58548
2013,07,17,6,687.74489
2013,07,17,7,687.8576
2013,07,18,0,687.69812
2013,07,18,1,687.61282
2013,07,18,2,687.71999
2013,07,18,3,687.70408
2013,07,18,4,687.36093
2013,07,18,5,686.89621
2013,07,18,6,686.53926
2013,07,18,7,686.23636
2013,07,19,0,686.41669
2013,07,19,1,686.9186
2013,07,19,2,687.18575
2013,07,19,3,687.23449
2013,07,19,4,687.20364
2013,07,19,5,687.25159
2013,07,19,6,687.83279
2013,07,19,7,688.19258
2013,07,20,0,688.15665
2013,07,20,1,688.01914
2013,07,20,2,687.4728
2013,07,20,3,686.90735
2013,07,20,4,685.69318
2013,07,20,5,683.98304
2013,07,20,6,683.0528
2013,07,20,7,682.80158
2013,07,21,0,682.40456
2013,07,21,1,681.82616
2013,07,21,2,681.59966
2013,07,21,3,681.684
2013,07,21,4,681.5797
2013,07,21,5,681.72214
2013,07,21,6,681.93962
2013,07,21,7,682.23048
2013,07,22,0,682.57784
2013,07,22,1,682.85375
2013,07,22,2,682.90223
2013,07,22,3,682.99797
2013,07,22,4,682.47413
2013,07,22,5,682.33415
2013,07,22,6,682.90417
2013,07,22,7,683.1092
2013,07,23,0,683.85116
2013,07,23,1,684.80732
2013,07,23,2,685.20623
2013,07,23,3,685.72188
2013,07,23,4,685.48836
2013,07,23,5,685.73371
2013,07,23,6,687.05906
2013,07,23,7,688.19982
2013,07,24,0,688.52265
2013,07,24,1,689.09109
2013,07,24,2,689.59699
2013,07,24,3,689.86095
2013,07,24,4,689.25871
2013,07,24,5,688.39373
2013,07,24,6,687.57664
2013,07,24,7,686.91089
2013,07,25,0,686.09448
2013,07,25,1,685.3723
2013,07,25,2,685.51725
2013,07,25,3,685.31839
2013,07,25,4,683.90017
2013,07,25,5,683.2322
2013,07,25,6,682.86246
2013,07,25,7,682.75088
2013,07,26,0,682.01835
2013,07,26,1,681.70564
2013,07,26,2,682.04984
2013,07,26,3,682.31853
2013,07,26,4,682.73414
2013,07,26,5,683.03103
2013,07,26,6,683.10847
2013,07,26,7,682.9349
2013,07,27,0,682.76963
2013,07,27,1,682.74991
2013,07,27,2,682.64058
2013,07,27,3,682.80566
2013,07,27,4,683.63743
2013,07,27,5,684.09946
2013,07,27,6,684.47055
2013,07,27,7,684.89702
2013,07,28,0,684.47399
2013,07,28,1,684.02709
2013,07,28,2,683.67552
2013,07,28,3,683.1784
2013,07,28,4,682.93334
2013,07,28,5,682.94492
2013,07,28,6,683.53676
2013,07,28,7,684.28658
2013,07,29,0,685.02087
2013,07,29,1,685.7005
2013,07,29,2,686.50493
2013,07,29,3,687.188
2013,07,29,4,687.56119
2013,07,29,5,688.18478
2013,07,29,6,688.81321
2013,07,29,7,689.22731
2013,07,30,0,689.63668
2013,07,30,1,689.876
2013,07,30,2,690.58196
2013,07,30,3,691.12855
2013,07,30,4,690.53506
2013,07,30,5,689.58388
2013,07,30,6,690.00815
2013,07,30,7,690.25883
2013,07,31,0,689.18238
2013,07,31,1,688.26819
2013,07,31,2,688.16155
2013,07,31,3,688.29623
2013,07,31,4,688.43522
2013,07,31,5,688.57226
2013,07,31,6,689.36702
2013,07,31,7,690.20582
2013,07,1,0,689.99601
2013,07,1,1,688.86872
2013,07,1,2,688.50805
2013,07,1,3,688.25461
2013,07,1,4,687.47812
2013,07,1,5,686.9457
2013,07,1,6,685.85203
2013,07,1,7,684.39656
2013,07,2,0,682.67788
2013,07,2,1,681.41628
2013,07,2,2,680.41319
2013,07,2,3,680.0729
2013,07,2,4,681.22337
2013,07,2,5,682.01499
2013,07,2,6,682.28903
2013,07,2,7,683.24017
2013,07,3,0,685.19896
2013,07,3,1,686.69413
2013,07,3,2,687.61159
2013,07,3,3,687.72268
2013,07,3,4,686.85796
2013,07,3,5,685.57806
2013,07,3,6,684.37347
2013,07,3,7,683.56217
2013,07,4,0,682.95915
2013,07,4,1,682.4694
2013,07,4,2,681.43099
2013,07,4,3,680.3451
2013,07,4,4,680.65168
2013,07,4,5,681.15118
2013,07,4,6,681.2702
2013,07,4,7,681.4014
2013,07,5,0,681.68665
2013,07,5,1,681.57886
2013,07,5,2,681.35413
2013,07,5,3,681.02241
2013,07,5,4,680.80127
2013,07,5,5,680.38189
2013,07,5,6,679.83403
2013,07,5,7,679.36974
2013,07,6,0,678.67239
2013,07,6,1,677.75828
2013,07,6,2,676.74841
2013,07,6,3,675.99899
2013,07,6,4,675.75198
2013,07,6,5,675.71692
2013,07,6,6,675.90246
2013,07,6,7,676.3202
2013,07,7,0,676.79197
2013,07,7,1,676.97066
2013,07,7,2,677.27045
2013,07,7,3,677.75344
2013,07,7,4,678.02736
2013,07,7,5,678.70779
2013,07,7,6,679.6251
2013,07,7,7,680.50208
2013,07,8,0,680.99713
2013,07,8,1,681.24044
2013,07,8,2,681.65771
2013,07,8,3,682.24168
2013,07,8,4,682.81245
2013,07,8,5,683.5324
2013,07,8,6,684.4977
2013,07,8,7,685.31457
2013,07,9,0,685.97112
2013,07,9,1,686.25804
2013,07,9,2,686.31545
2013,07,9,3,686.54915
2013,07,9,4,686.66643
2013,07,9,5,687.32928
2013,07,9,6,687.83647
2013,07,9,7,688.14381
2013,07,10,0,688.49631
2013,07,10,1,688.54021
2013,07,10,2,688.97033
2013,07,10,3,689.63064
2013,07,10,4,690.08139
2013,07,10,5,690.25744
2013,07,10,6,690.02969
2013,07,10,7,689.95446
2013,07,11,0,690.04417
2013,07,11,1,690.12137
2013,07,11,2,690.22377
2013,07,11,3,690.3294
2013,07,11,4,691.19391
2013,07,11,5,691.67896
2013,07,11,6,691.58746
2013,07,11,7,691.20245
2013,07,12,0,689.84554
2013,07,12,1,688.92606
2013,07,12,2,688.85282
2013,07,12,3,689.44884
2013,07,12,4,689.44365
2013,07,12,5,689.43342
2013,07,12,6,689.68151
2013,07,12,7,689.82621
2013,07,13,0,689.66935
2013,07,13,1,690.47162
2013,07,13,2,691.79177
2013,07,13,3,693.67979
2013,07,13,4,695.77524
2013,07,13,5,696.96146
2013,07,13,6,697.31863
2013,07,13,7,697.49878
2013,07,14,0,697.37233
2013,07,14,1,696.79215
2013,07,14,2,696.13912
2013,07,14,3,695.69615
2013,07,14,4,695.41237
2013,07,14,5,695.41871
2013,07,14,6,696.10758
2013,07,14,7,696.55212
2013,07,15,0,697.15322
2013,07,15,1,696.90076
2013,07,15,2,696.28457
2013,07,15,3,695.59085
2013,07,15,4,694.1909
2013,07,15,5,692.94906
2013,07,15,6,692.95051
2013,07,15,7,693.66237
2013,07,16,0,693.97041
2013,07,16,1,693.49683
2013,07,16,2,694.0279
2013,07,16,3,694.6992
2013,07,16,4,694.59984
2013,07,16,5,694.53126
2013,07,16,6,694.71789
2013,07,16,7,695.16848
2013,07,17,0,696.209
2013,07,17,1,697.0345
2013,07,17,2,697.57334
2013,07,17,3,697.24717
2013,07,17,4,696.66055
2013,07,17,5,695.13888
2013,07,17,6,697.1864
2013,07,17,7,699.43867
2013,07,18,0,701.1566
2013,07,18,1,702.67503
2013,07,18,2,703.72774
2013,07,18,3,705.2721
2013,07,18,4,706.05873
2013,07,18,5,706.21043
2013,07,18,6,705.47534
2013,07,18,7,704.4774
2013,07,19,0,704.53772
2013,07,19,1,704.40335
2013,07,19,2,703.9439
2013,07,19,3,704.45792
2013,07,19,4,704.8906
2013,07,19,5,705.24959
2013,07,19,6,705.55741
2013,07,19,7,705.88237
2013,07,20,0,706.43735
2013,07,20,1,706.58728
2013,07,20,2,706.38804
2013,07,20,3,706.37667
2013,07,20,4,705.20757
2013,07,20,5,703.88757
2013,07,20,6,703.31177
2013,07,20,7,702.96012
2013,07,21,0,702.59854
2013,07,21,1,702.11783
2013,07,21,2,702.3147
2013,07,21,3,701.93858
2013,07,21,4,701.63288
2013,07,21,5,701.23898
2013,07,21,6,700.03519
2013,07,21,7,698.98346
2013,07,22,0,698.17819
2013,07,22,1,697.84588
2013,07,22,2,697.46203
2013,07,22,3,697.1147
2013,07,22,4,696.46342
2013,07,22,5,695.58606
2013,07,22,6,694.45136
2013,07,22,7,693.77477
2013,07,23,0,694.40168
2013,07,23,1,696.17622
2013,07,23,2,697.52693
2013,07,23,3,698.66187
2013,07,23,4,700.63626
2013,07,23,5,702.44407
2013,07,23,6,703.99137
2013,07,23,7,705.26541
2013,07,24,0,705.73988
2013,07,24,1,706.62561
2013,07,24,2,706.5892
2013,07,24,3,706.25433
2013,07,24,4,705.92619
2013,07,24,5,705.78525
2013,07,24,6,705.59601
2013,07,24,7,705.00127
2013,07,25,0,704.3315
2013,07,25,1,703.73713
2013,07,25,2,703.35897
2013,07,25,3,702.85232
2013,07,25,4,702.37
2013,07,25,5,701.74484
2013,07,25,6,701.06593
2013,07,25,7,700.67123
2013,07,26,0,699.43073
2013,07,26,1,698.39518
2013,07,26,2,698.13865
2013,07,26,3,698.07031
2013,07,26,4,698.22909
2013,07,26,5,698.40921
2013,07,26,6,698.29881
2013,07,26,7,698.1351
2013,07,27,0,697.92983
2013,07,27,1,697.49876
2013,07,27,2,697.60229
2013,07,27,3,697.53215
2013,07,27,4,697.18562
2013,07,27,5,696.86135
2013,07,27,6,696.58494
2013,07,27,7,696.74502
2013,07,28,0,697.66019
2013,07,28,1,698.37231
2013,07,28,2,698.87077
2013,07,28,3,699.1675
2013,07,28,4,699.4007
2013,07,28,5,699.66768
2013,07,28,6,699.86576
2013,07,28,7,700.18323
2013,07,29,0,700.27937
2013,07,29,1,699.9377
2013,07,29,2,699.21332
2013,07,29,3,698.75195
2013,07,29,4,698.80838
2013,07,29,5,697.99338
2013,07,29,6,696.55184
2013,07,29,7,694.98199
2013,07,30,0,693.03122
2013,07,30,1,690.83967
2013,07,30,2,689.68243
2013,07,30,3,688.6762
2013,07,30,4,688.10501
2013,07,30,5,687.22043
2013,07,30,6,686.70859
2013,07,30,7,687.2215
2013,07,1,0,687.13546
2013,07,1,1,687.34728
2013,07,1,2,688.18298
2013,07,1,3,688.18907
2013,07,1,4,688.36813
2013,07,1,5,688.73792
2013,07,1,6,688.74073
2013,07,1,7,688.68408
2013,07,2,0,689.15071
2013,07,2,1,689.14252
2013,07,2,2,689.46113
2013,07,2,3,689.70471
2013,07,2,4,689.39781
2013,07,2,5,688.95239
2013,07,2,6,688.7909
2013,07,2,7,688.29096
2013,07,3,0,687.77681
2013,07,3,1,687.19415
2013,07,3,2,687.3365
2013,07,3,3,687.4465
2013,07,3,4,687.56423
2013,07,3,5,687.89605
2013,07,3,6,688.12051
2013,07,3,7,688.32708
2013,07,4,0,688.4045
2013,07,4,1,688.65195
2013,07,4,2,689.57162
2013,07,4,3,690.71568
2013,07,4,4,691.23216
2013,07,4,5,691.77428
2013,07,4,6,692.84633
2013,07,4,7,694.25265
2013,07,5,0,694.78998
2013,07,5,1,694.11768
2013,07,5,2,694.10021
2013,07,5,3,694.60444
2013,07,5,4,695.0199
2013,07,5,5,694.94709
2013,07,5,6,694.30878
2013,07,5,7,693.66216
2013,07,6,0,693.63551
2013,07,6,1,693.47491
2013,07,6,2,693.40694
2013,07,6,3,693.79689
2013,07,6,4,693.5306
2013,07,6,5,693.6445
2013,07,6,6,694.07782
2013,07,6,7,694.45964
2013,07,7,0,694.81933
2013,07,7,1,695.3556
2013,07,7,2,696.16468
2013,07,7,3,696.84683
2013,07,7,4,696.83565
2013,07,7,5,696.51662
2013,07,7,6,695.61158
2013,07,7,7,694.75813
2013,07,8,0,691.93295
2013,07,8,1,688.08789
2013,07,8,2,685.46203
2013,07,8,3,682.16562
2013,07,8,4,679.83468
2013,07,8,5,679.22173
2013,07,8,6,679.26527
2013,07,8,7,680.1667
2013,07,9,0,682.07857
2013,07,9,1,684.14356
2013,07,9,2,686.50232
2013,07,9,3,688.91589
2013,07,9,4,691.46788
2013,07,9,5,693.76344
2013,07,9,6,694.873
2013,07,9,7,695.6394
2013,07,10,0,696.19132
2013,07,10,1,696.36637
2013,07,10,2,696.09882
2013,07,10,3,696.12423
2013,07,10,4,696.28274
2013,07,10,5,695.4077
2013,07,10,6,692.96862
2013,07,10,7,690.21296
2013,07,11,0,687.77804
2013,07,11,1,686.38067
2013,07,11,2,685.61116
2013,07,11,3,685.36469
2013,07,11,4,685.46573
2013,07,11,5,685.61496
2013,07,11,6,685.5112
2013,07,11,7,685.49106
2013,07,12,0,684.86305
2013,07,12,1,684.22466
2013,07,12,2,684.27148
2013,07,12,3,684.7115
2013,07,12,4,684.59637
2013,07,12,5,684.34527
2013,07,12,6,684.71961
2013,07,12,7,685.15076
2013,07,13,0,685.30535
2013,07,13,1,685.20106
2013,07,13,2,685.62503
2013,07,13,3,686.22586
2013,07,13,4,686.39782
2013,07,13,5,686.29805
2013,07,13,6,685.96592
2013,07,13,7,685.60451
2013,07,14,0,685.34919
2013,07,14,1,684.65341
2013,07,14,2,684.29113
2013,07,14,3,683.86208
2013,07,14,4,683.49079
2013,07,14,5,682.94251
2013,07,14,6,682.56459
2013,07,14,7,682.20314
2013,07,15,0,681.22088
2013,07,15,1,680.45102
2013,07,15,2,680.06588
2013,07,15,3,679.85464
2013,07,15,4,679.58473
2013,07,15,5,679.15164
2013,07,15,6,679.01658
2013,07,15,7,678.93631
2013,07,16,0,678.59999
2013,07,16,1,678.28958
2013,07,16,2,678.51181
2013,07,16,3,678.731
2013,07,16,4,678.80744
2013,07,16,5,678.60182
2013,07,16,6,678.22459
2013,07,16,7,677.85979
2013,07,17,0,677.68907
2013,07,17,1,677.02771
2013,07,17,2,676.24722
2013,07,17,3,675.50037
2013,07,17,4,674.94301
2013,07,17,5,673.80867
2013,07,17,6,673.66231
2013,07,17,7,673.76627
2013,07,18,0,673.78725
2013,07,18,1,674.13035
2013,07,18,2,674.90204
2013,07,18,3,676.07106
2013,07,18,4,677.59833
2013,07,18,5,679.00659
2013,07,18,6,679.85182
2013,07,18,7,680.72275
2013,07,19,0,681.394
2013,07,19,1,681.65535
2013,07,19,2,681.87375
2013,07,19,3,681.99432
2013,07,19,4,681.94539
2013,07,19,5,681.39976
2013,07,19,6,680.43421
2013,07,19,7,678.98279
2013,07,20,0,678.18084
2013,07,20,1,677.52139
2013,07,20,2,676.79452
2013,07,20,3,676.14404
2013,07,20,4,675.70553
2013,07,20,5,675.55995
2013,07,20,6,675.31928
2013,07,20,7,675.15025
2013,07,21,0,674.73523
2013,07,21,1,674.87501
2013,07,21,2,675.71407
2013,07,21,3,676.3453
2013,07,21,4,677.1634
2013,07,21,5,677.94556
2013,07,21,6,678.71229
2013,07,21,7,678.42499
2013,07,22,0,678.64478
2013,07,22,1,679.67767
2013,07,22,2,679.35041
2013,07,22,3,679.825
2013,07,22,4,680.66493
2013,07,22,5,680.89694
2013,07,22,6,681.59679
2013,07,22,7,682.17857
2013,07,23,0,683.12938
2013,07,23,1,684.08045
2013,07,23,2,685.00948
2013,07,23,3,686.3675
2013,07,23,4,687.07372
2013,07,23,5,687.63838
2013,07,23,6,688.54734
2013,07,23,7,689.23091
2013,07,24,0,688.97907
2013,07,24,1,687.85861
2013,07,24,2,686.71332
2013,07,24,3,684.6107
2013,07,24,4,682.79629
2013,07,24,5,680.76314
2013,07,24,6,679.59057
2013,07,24,7,679.73421
2013,07,25,0,678.83195
2013,07,25,1,679.11153
2013,07,25,2,679.74561
2013,07,25,3,679.83273
2013,07,25,4,679.54446
2013,07,25,5,679.80348
2013,07,25,6,679.79735
2013,07,25,7,680.15574
2013,07,26,0,680.60305
2013,07,26,1,680.93222
2013,07,26,2,681.68029
2013,07,26,3,682.74632
2013,07,26,4,683.61263
2013,07,26,5,683.84702
2013,07,26,6,684.45424
2013,07,26,7,685.21723
2013,07,27,0,685.96655
2013,07,27,1,686.10892
2013,07,27,2,685.6249
2013,07,27,3,685.66033
2013,07,27,4,686.0496
2013,07,27,5,686.21576
2013,07,27,6,686.04912
2013,07,27,7,685.68837
2013,07,28,0,684.88859
2013,07,28,1,683.73614
2013,07,28,2,682.39661
2013,07,28,3,680.86237
2013,07,28,4,679.66884
2013,07,28,5,678.83315
2013,07,28,6,677.55509
2013,07,28,7,676.21308
2013,07,29,0,674.67373
2013,07,29,1,673.78231
2013,07,29,2,673.25302
2013,07,29,3,672.97002
2013,07,29,4,673.65756
2013,07,29,5,674.17088
2013,07,29,6,674.72366
2013,07,29,7,675.44891
2013,07,30,0,675.62015
2013,07,30,1,675.96273
2013,07,30,2,676.15484
2013,07,30,3,676.89712
2013,07,30,4,677.25795
2013,07,30,5,677.72392
2013,07,30,6,678.38883
2013,07,30,7,679.15491
2013,07,31,0,679.78568
2013,07,31,1,679.78311
2013,07,31,2,679.96125
2013,07,31,3,680.48168
2013,07,31,4,680.51974
2013,07,31,5,680.66236
2013,07,31,6,681.11867
2013,07,31,7,681.60741
2013,07,1,0,681.99982
2013,07,1,1,682.62995
2013,07,1,2,683.23863
2013,07,1,3,683.71222
2013,07,1,4,683.56387
2013,07,1,5,682.98559
2013,07,1,6,682.28428
2013,07,1,7,682.18196
2013,07,2,0,682.45579
2013,07,2,1,682.2071
2013,07,2,2,682.06557
2013,07,2,3,681.86944
2013,07,2,4,681.81945
2013,07,2,5,681.65511
2013,07,2,6,682.03959
2013,07,2,7,682.58536
2013,07,3,0,682.84384
2013,07,3,1,683.48093
2013,07,3,2,684.08179
2013,07,3,3,684.01937
2013,07,3,4,683.93776
2013,07,3,5,683.5134
2013,07,3,6,683.36134
2013,07,3,7,682.98667
2013,07,4,0,681.74627
2013,07,4,1,680.28229
2013,07,4,2,679.18021
2013,07,4,3,678.68509
2013,07,4,4,678.5935
2013,07,4,5,678.94986
2013,07,4,6,678.97668
2013,07,4,7,679.84266
2013,07,5,0,681.24203
2013,07,5,1,681.87004
2013,07,5,2,681.68227
2013,07,5,3,681.92042
2013,07,5,4,682.02843
2013,07,5,5,681.5959
2013,07,5,6,682.1421
2013,07,5,7,682.66811
2013,07,6,0,683.32057
2013,07,6,1,683.96558
2013,07,6,2,684.2039
2013,07,6,3,684.99693
2013,07,6,4,686.89821
2013,07,6,5,688.00237
2013,07,6,6,689.6786
2013,07,6,7,691.18301
2013,07,7,0,691.5953
2013,07,7,1,692.09665
2013,07,7,2,693.24277
2013,07,7,3,694.50014
2013,07,7,4,695.2543
2013,07,7,5,695.61021
2013,07,7,6,696.21744
2013,07,7,7,696.32722
2013,07,8,0,695.52554
2013,07,8,1,695.77597
2013,07,8,2,698.13865
2013,07,8,3,699.46131
2013,07,8,4,699.52374
2013,07,8,5,697.90716
2013,07,8,6,696.77873
2013,07,8,7,696.49197
2013,07,9,0,695.6686
2013,07,9,1,696.33762
2013,07,9,2,697.4645
2013,07,9,3,696.94965
2013,07,9,4,696.65679
2013,07,9,5,697.7931
2013,07,9,6,697.64731
2013,07,9,7,697.12493
2013,07,10,0,696.75703
2013,07,10,1,698.31177
2013,07,10,2,699.6685
2013,07,10,3,700.86217
2013,07,10,4,701.83771
2013,07,10,5,702.46224
2013,07,10,6,702.51623
2013,07,10,7,702.75784
2013,07,11,0,702.57887
2013,07,11,1,703.61254
2013,07,11,2,705.0473
2013,07,11,3,706.63473
2013,07,11,4,708.55332
2013,07,11,5,717.01873
2013,07,11,6,717.73044
2013,07,11,7,718.44879
2013,07,12,0,716.9858
2013,07,12,1,715.65395
2013,07,12,2,710.00151
2013,07,12,3,708.3711
2013,07,12,4,707.50945
2013,07,12,5,706.95498
2013,07,12,6,707.48861
2013,07,12,7,716.67344
2013,07,13,0,717.47952
2013,07,13,1,718.22362
2013,07,13,2,719.34037
2013,07,13,3,721.12131
2013,07,13,4,722.07882
2013,07,13,5,721.88004
2013,07,13,6,723.06874
2013,07,13,7,723.83788
2013,07,14,0,723.43014
2013,07,14,1,723.0918
2013,07,14,2,722.82261
2013,07,14,3,721.47572
2013,07,14,4,719.93639
2013,07,14,5,718.87965
2013,07,14,6,717.91889
2013,07,14,7,716.83377
2013,07,15,0,709.7752
2013,07,15,1,708.56239
2013,07,15,2,707.75904
2013,07,15,3,706.70799
2013,07,15,4,706.11566
2013,07,15,5,706.06733
2013,07,15,6,705.81413
2013,07,15,7,705.44918
2013,07,16,0,704.90105
2013,07,16,1,704.65269
2013,07,16,2,705.0568
2013,07,16,3,705.24264
2013,07,16,4,705.19425
2013,07,16,5,705.29664
2013,07,16,6,705.75743
2013,07,16,7,706.633
2013,07,17,0,706.24343
2013,07,17,1,705.28385
2013,07,17,2,704.97081
2013,07,17,3,703.88877
2013,07,17,4,702.12463
2013,07,17,5,700.07035
2013,07,17,6,698.70332
2013,07,17,7,697.56525
2013,07,18,0,695.77814
2013,07,18,1,694.22254
2013,07,18,2,694.37343
2013,07,18,3,694.86648
2013,07,18,4,694.99478
2013,07,18,5,694.94506
2013,07,18,6,694.72463
2013,07,18,7,694.66063
2013,07,19,0,694.50699
2013,07,19,1,694.00599
2013,07,19,2,693.84577
2013,07,19,3,693.95577
2013,07,19,4,693.76013
2013,07,19,5,693.75748
2013,07,19,6,693.767
2013,07,19,7,693.53306
2013,07,20,0,692.98524
2013,07,20,1,692.46757
2013,07,20,2,692.81406
2013,07,20,3,692.99346
2013,07,20,4,692.76422
2013,07,20,5,692.88985
2013,07,20,6,693.14463
2013,07,20,7,693.48042
2013,07,21,0,693.49884
2013,07,21,1,693.77451
2013,07,21,2,694.52746
2013,07,21,3,695.28829
2013,07,21,4,695.0785
2013,07,21,5,694.51901
2013,07,21,6,694.03219
2013,07,21,7,693.12161
2013,07,22,0,692.80911
2013,07,22,1,692.39633
2013,07,22,2,691.16215
2013,07,22,3,689.90934
2013,07,22,4,688.90513
2013,07,22,5,688.12772
2013,07,22,6,687.32434
2013,07,22,7,686.89624
2013,07,23,0,686.38031
2013,07,23,1,686.03191
2013,07,23,2,685.79309
2013,07,23,3,685.60865
2013,07,23,4,685.66656
2013,07,23,5,685.64612
2013,07,23,6,685.35146
2013,07,23,7,684.99552
2013,07,24,0,684.84575
2013,07,24,1,684.89561
2013,07,24,2,684.05838
2013,07,24,3,683.4027
2013,07,24,4,682.668
2013,07,24,5,681.76543
2013,07,24,6,681.34329
2013,07,24,7,681.02175
2013,07,25,0,680.48388
2013,07,25,1,679.92197
2013,07,25,2,679.50045
2013,07,25,3,679.15273
2013,07,25,4,679.13761
2013,07,25,5,679.03145
2013,07,25,6,678.66323
2013,07,25,7,678.75518
2013,07,26,0,679.04377
2013,07,26,1,679.2708
2013,07,26,2,679.32456
2013,07,26,3,679.18904
2013,07,26,4,678.79989
2013,07,26,5,678.69828
2013,07,26,6,678.45046
2013,07,26,7,678.36862
2013,07,27,0,678.40936
2013,07,27,1,677.73
2013,07,27,2,677.08186
2013,07,27,3,676.84738
2013,07,27,4,676.42964
2013,07,27,5,676.05131
2013,07,27,6,676.07267
2013,07,27,7,676.43287
2013,07,28,0,676.58385
2013,07,28,1,676.72323
2013,07,28,2,677.26193
2013,07,28,3,677.95496
2013,07,28,4,678.07141
2013,07,28,5,678.21611
2013,07,28,6,679.14175
2013,07,28,7,680.00216
2013,07,29,0,679.89446
2013,07,29,1,679.80446
2013,07,29,2,680.24086
2013,07,29,3,680.90325
2013,07,29,4,681.26344
2013,07,29,5,681.75289
2013,07,29,6,682.68836
2013,07,29,7,683.75922
2013,07,30,0,683.84372
2013,07,30,1,684.21827
2013,07,30,2,684.88707
2013,07,30,3,685.74486
2013,07,30,4,687.55899
2013,07,30,5,689.33058
2013,07,30,6,691.39196
2013,07,30,7,693.0503
2013,07,31,0,692.26215
2013,07,31,1,692.19131
2013,07,31,2,692.16267
2013,07,31,3,691.79108
2013,07,31,4,690.94371
2013,07,31,5,689.96581
2013,07,31,6,689.65649
2013,07,31,7,690.17907
2013,07,1,0,691.10204
2013,07,1,1,692.15284
2013,07,1,2,692.37021
2013,07,1,3,692.5821
2013,07,1,4,692.73392
2013,07,1,5,692.17192
2013,07,1,6,692.27574
2013,07,1,7,692.64363
2013,07,2,0,692.39605
2013,07,2,1,691.92263
2013,07,2,2,691.87926
2013,07,2,3,691.80488
2013,07,2,4,691.41445
2013,07,2,5,690.86749
2013,07,2,6,690.36142
2013,07,2,7,689.60514
2013,07,3,0,688.94171
2013,07,3,1,687.9221
2013,07,3,2,687.25024
2013,07,3,3,685.93445
2013,07,3,4,683.81055
2013,07,3,5,682.29182
2013,07,3,6,680.58806
2013,07,3,7,679.50951
2013,07,4,0,678.85214
2013,07,4,1,678.15205
2013,07,4,2,677.95591
2013,07,4,3,678.97145
2013,07,4,4,679.64539
2013,07,4,5,679.42976
2013,07,4,6,679.17381
2013,07,4,7,679.32255
2013,07,5,0,678.85495
2013,07,5,1,678.51465
2013,07,5,2,678.7516
2013,07,5,3,679.76802
2013,07,5,4,680.22794
2013,07,5,5,680.65354
2013,07,5,6,682.0522
2013,07,5,7,683.02879
2013,07,6,0,683.85878
2013,07,6,1,685.0261
2013,07,6,2,686.43404
2013,07,6,3,687.05403
2013,07,6,4,686.74416
2013,07,6,5,685.95048
2013,07,6,6,685.9942
2013,07,6,7,685.36661
2013,07,7,0,683.87296
2013,07,7,1,682.70592
2013,07,7,2,683.18667
2013,07,7,3,684.04453
2013,07,7,4,684.50801
2013,07,7,5,685.45547
2013,07,7,6,685.91444
2013,07,7,7,686.08299
2013,07,8,0,686.23536
2013,07,8,1,686.40648
2013,07,8,2,687.57826
2013,07,8,3,688.46237
2013,07,8,4,687.40859
2013,07,8,5,686.58627
2013,07,8,6,685.85351
2013,07,8,7,684.19883
2013,07,9,0,682.07894
2013,07,9,1,681.45536
2013,07,9,2,681.04598
2013,07,9,3,679.60998
2013,07,9,4,679.77199
2013,07,9,5,679.75307
2013,07,9,6,679.44089
2013,07,9,7,679.45103
2013,07,10,0,680.03403
2013,07,10,1,680.75735
2013,07,10,2,681.71354
2013,07,10,3,683.1933
2013,07,10,4,684.2794
2013,07,10,5,685.35045
2013,07,10,6,686.72046
2013,07,10,7,687.70608
2013,07,11,0,688.61724
2013,07,11,1,688.64395
2013,07,11,2,687.8249
2013,07,11,3,687.41864
2013,07,11,4,688.96973
2013,07,11,5,690.14329
2013,07,11,6,690.37966
2013,07,11,7,690.82855
2013,07,12,0,690.62141
2013,07,12,1,691.6036
2013,07,12,2,694.24643
2013,07,12,3,695.72101
2013,07,12,4,695.1314
2013,07,12,5,693.47854
2013,07,12,6,693.02888
2013,07,12,7,693.82578
2013,07,13,0,694.093
2013,07,13,1,694.06554
2013,07,13,2,694.87007
2013,07,13,3,695.93157
2013,07,13,4,696.56066
2013,07,13,5,696.92254
2013,07,13,6,697.1301
2013,07,13,7,697.21239
2013,07,14,0,696.53032
2013,07,14,1,695.81227
2013,07,14,2,695.47739
2013,07,14,3,695.51549
2013,07,14,4,696.04584
2013,07,14,5,696.18713
2013,07,14,6,696.11751
2013,07,14,7,695.91837
2013,07,15,0,695.69691
2013,07,15,1,695.16039
2013,07,15,2,694.77948
2013,07,15,3,695.30718
2013,07,15,4,695.29818
2013,07,15,5,694.83229
2013,07,15,6,694.59714
2013,07,15,7,694.10406
2013,07,16,0,692.97852
2013,07,16,1,692.30436
2013,07,16,2,692.50351
2013,07,16,3,692.38689
2013,07,16,4,692.26136
2013,07,16,5,692.02468
2013,07,16,6,691.62398
2013,07,16,7,691.52771
2013,07,17,0,691.22675
2013,07,17,1,690.70087
2013,07,17,2,690.87948
2013,07,17,3,691.07269
2013,07,17,4,691.11623
2013,07,17,5,691.11284
2013,07,17,6,691.32223
2013,07,17,7,691.30418
2013,07,18,0,691.85249
2013,07,18,1,692.59688
2013,07,18,2,693.32304
2013,07,18,3,693.62245
2013,07,18,4,693.64283
2013,07,18,5,693.66977
2013,07,18,6,694.14968
2013,07,18,7,694.5672
2013,07,19,0,694.81224
2013,07,19,1,695.34392
2013,07,19,2,696.44419
2013,07,19,3,697.10964
2013,07,19,4,697.91871
2013,07,19,5,699.10138
2013,07,19,6,700.12259
2013,07,19,7,700.83933
2013,07,20,0,701.44225
2013,07,20,1,701.5752
2013,07,20,2,702.19354
2013,07,20,3,702.15103
2013,07,20,4,702.11186
2013,07,20,5,701.9925
2013,07,20,6,701.39828
2013,07,20,7,700.77883
2013,07,21,0,699.91906
2013,07,21,1,698.31144
2013,07,21,2,697.1684
2013,07,21,3,695.62252
2013,07,21,4,694.09324
2013,07,21,5,692.97189
2013,07,21,6,692.04837
2013,07,21,7,691.6554
2013,07,22,0,691.18978
2013,07,22,1,691.01468
2013,07,22,2,691.7123
2013,07,22,3,692.74675
2013,07,22,4,693.25269
2013,07,22,5,693.24399
2013,07,22,6,693.79829
2013,07,22,7,695.42367
2013,07,23,0,696.46913
2013,07,23,1,696.81022
2013,07,23,2,697.50538
2013,07,23,3,698.18432
2013,07,23,4,698.24459
2013,07,23,5,697.90433
2013,07,23,6,698.18871
2013,07,23,7,699.68083
2013,07,24,0,700.27184
2013,07,24,1,700.08772
2013,07,24,2,700.10125
2013,07,24,3,700.20515
2013,07,24,4,700.16429
2013,07,24,5,700.03853
2013,07,24,6,699.88242
2013,07,24,7,699.9363
2013,07,25,0,700.75698
2013,07,25,1,701.03112
2013,07,25,2,700.96704
2013,07,25,3,701.33989
2013,07,25,4,702.12926
2013,07,25,5,702.49062
2013,07,25,6,702.99
2013,07,25,7,703.58332
2013,07,26,0,704.55385
2013,07,26,1,705.43806
2013,07,26,2,705.92462
2013,07,26,3,706.33603
2013,07,26,4,706.449
2013,07,26,5,706.43768
2013,07,26,6,706.40028
2013,07,26,7,706.20725
2013,07,27,0,705.60885
2013,07,27,1,704.43798
2013,07,27,2,703.87093
2013,07,27,3,702.57008
2013,07,27,4,700.63747
2013,07,27,5,699.42976
2013,07,27,6,698.01715
2013,07,27,7,696.57187
2013,07,28,0,695.55653
2013,07,28,1,695.1289
2013,07,28,2,695.6816
2013,07,28,3,696.12697
2013,07,28,4,696.10216
2013,07,28,5,696.8547
2013,07,28,6,697.57598
2013,07,28,7,698.12591
2013,07,29,0,699.0712
2013,07,29,1,699.77119
2013,07,29,2,700.86057
2013,07,29,3,701.92611
2013,07,29,4,702.39195
2013,07,29,5,702.33141
2013,07,29,6,702.41394
2013,07,29,7,702.17544
2013,07,30,0,702.17634
2013,07,30,1,702.17537
2013,07,30,2,701.48996
2013,07,30,3,700.71765
2013,07,30,4,700.34549
2013,07,30,5,699.67194
2013,07,30,6,699.09433
2013,07,30,7,698.47652
2013,07,1,0,697.70794
2013,07,1,1,696.9669
2013,07,1,2,696.99751
2013,07,1,3,696.82782
2013,07,1,4,696.36392
2013,07,1,5,695.69758
2013,07,1,6,695.19728
2013,07,1,7,694.50298
2013,07,2,0,693.17448
2013,07,2,1,692.13578
2013,07,2,2,692.26405
2013,07,2,3,691.98812
2013,07,2,4,691.80517
2013,07,2,5,691.53916
2013,07,2,6,691.83977
2013,07,2,7,692.15757
2013,07,3,0,691.55831
2013,07,3,1,691.17497
2013,07,3,2,691.98357
2013,07,3,3,692.89835
2013,07,3,4,693.07986
2013,07,3,5,693.50345
2013,07,3,6,694.81787
2013,07,3,7,696.05527
2013,07,4,0,697.22852
2013,07,4,1,698.64652
2013,07,4,2,700.39809
2013,07,4,3,701.87228
2013,07,4,4,701.99547
2013,07,4,5,702.00657
2013,07,4,6,702.00906
2013,07,4,7,701.89578
2013,07,5,0,701.64237
2013,07,5,1,701.40899
2013,07,5,2,701.69041
2013,07,5,3,701.58033
2013,07,5,4,700.60402
2013,07,5,5,699.6808
2013,07,5,6,699.03312
2013,07,5,7,698.47527
2013,07,6,0,698.12893
2013,07,6,1,697.18866
2013,07,6,2,696.6635
2013,07,6,3,696.19404
2013,07,6,4,695.45056
2013,07,6,5,694.64952
2013,07,6,6,693.74977
2013,07,6,7,692.90125
2013,07,7,0,692.64922
2013,07,7,1,692.42657
2013,07,7,2,692.41669
2013,07,7,3,692.17947
2013,07,7,4,692.33078
2013,07,7,5,692.4382
2013,07,7,6,692.71336
2013,07,7,7,692.93702
2013,07,8,0,692.42613
2013,07,8,1,691.90278
2013,07,8,2,692.24804
2013,07,8,3,692.06566
2013,07,8,4,691.75049
2013,07,8,5,691.64534
2013,07,8,6,691.33884
2013,07,8,7,690.93297
2013,07,9,0,690.70995
2013,07,9,1,690.46461
2013,07,9,2,690.13134
2013,07,9,3,689.69849
2013,07,9,4,689.27692
2013,07,9,5,688.79275
2013,07,9,6,688.43072
2013,07,9,7,687.90412
2013,07,10,0,687.19926
2013,07,10,1,686.43361
2013,07,10,2,686.53323
2013,07,10,3,686.51156
2013,07,10,4,685.59298
2013,07,10,5,684.97505
2013,07,10,6,685.13151
2013,07,10,7,685.15568
2013,07,11,0,684.85386
2013,07,11,1,684.56775
2013,07,11,2,684.4663
2013,07,11,3,684.52571
2013,07,11,4,684.24752
2013,07,11,5,684.13908
2013,07,11,6,684.62766
2013,07,11,7,684.71005
2013,07,12,0,684.15178
2013,07,12,1,683.99946
2013,07,12,2,684.09946
2013,07,12,3,683.90406
2013,07,12,4,683.30941
2013,07,12,5,683.02787
2013,07,12,6,683.20546
2013,07,12,7,683.33264
2013,07,13,0,682.89003
2013,07,13,1,682.91059
2013,07,13,2,683.65429
2013,07,13,3,683.91398
2013,07,13,4,684.13764
2013,07,13,5,684.64385
2013,07,13,6,685.09237
2013,07,13,7,685.53946
2013,07,14,0,686.37509
2013,07,14,1,687.17043
2013,07,14,2,687.5497
2013,07,14,3,687.58228
2013,07,14,4,687.39318
2013,07,14,5,687.18857
2013,07,14,6,687.35861
2013,07,14,7,687.21686
2013,07,15,0,687.31211
2013,07,15,1,686.86535
2013,07,15,2,686.4985
2013,07,15,3,686.39165
2013,07,15,4,686.09035
2013,07,15,5,685.48816
2013,07,15,6,686.02242
2013,07,15,7,686.53515
2013,07,16,0,686.45117
2013,07,16,1,686.03946
2013,07,16,2,685.66091
2013,07,16,3,685.38944
2013,07,16,4,685.34594
2013,07,16,5,685.38502
2013,07,16,6,685.72348
2013,07,16,7,686.09405
2013,07,17,0,686.44738
2013,07,17,1,686.66795
2013,07,17,2,687.10243
2013,07,17,3,687.76292
2013,07,17,4,687.77659
2013,07,17,5,687.57073
2013,07,17,6,687.78066
2013,07,17,7,687.59321
2013,07,18,0,686.80773
2013,07,18,1,685.08558
2013,07,18,2,684.04662
2013,07,18,3,683.42686
2013,07,18,4,683.01973
2013,07,18,5,682.62888
2013,07,18,6,683.00756
2013,07,18,7,683.65546
2013,07,19,0,683.36913
2013,07,19,1,682.53185
2013,07,19,2,682.71134
2013,07,19,3,683.08295
2013,07,19,4,682.83172
2013,07,19,5,682.09123
2013,07,19,6,681.50795
2013,07,19,7,681.10268
2013,07,20,0,680.06939
2013,07,20,1,679.24026
2013,07,20,2,679.1297
2013,07,20,3,679.17753
2013,07,20,4,679.16179
2013,07,20,5,679.03149
2013,07,20,6,679.27072
2013,07,20,7,679.5506
2013,07,21,0,679.48984
2013,07,21,1,679.53504
2013,07,21,2,680.70628
2013,07,21,3,681.76543
2013,07,21,4,682.59486
2013,07,21,5,683.51835
2013,07,21,6,684.44064
2013,07,21,7,685.0892
2013,07,22,0,685.1628
2013,07,22,1,684.6132
2013,07,22,2,684.44159
2013,07,22,3,684.37966
2013,07,22,4,683.91127
2013,07,22,5,683.14001
2013,07,22,6,682.20842
2013,07,22,7,681.37533
2013,07,23,0,680.39881
2013,07,23,1,679.49514
2013,07,23,2,679.61687
2013,07,23,3,679.55577
2013,07,23,4,678.74194
2013,07,23,5,678.23424
2013,07,23,6,678.07681
2013,07,23,7,678.07695
2013,07,24,0,678.81506
2013,07,24,1,679.77361
2013,07,24,2,681.00404
2013,07,24,3,682.42826
2013,07,24,4,683.88374
2013,07,24,5,684.72609
2013,07,24,6,685.86727
2013,07,24,7,686.97541
2013,07,25,0,687.59096
2013,07,25,1,687.64488
2013,07,25,2,687.86849
2013,07,25,3,688.24683
2013,07,25,4,687.69922
2013,07,25,5,687.04387
2013,07,25,6,687.25606
2013,07,25,7,688.61071
2013,07,26,0,689.87459
2013,07,26,1,690.42699
2013,07,26,2,690.70894
2013,07,26,3,690.77353
2013,07,26,4,690.97991
2013,07,26,5,691.15822
2013,07,26,6,691.17145
2013,07,26,7,691.0095
2013,07,27,0,690.6986
2013,07,27,1,690.42364
2013,07,27,2,690.33796
2013,07,27,3,689.79498
2013,07,27,4,689.06264
2013,07,27,5,688.17823
2013,07,27,6,687.67541
2013,07,27,7,687.50139
2013,07,28,0,687.52338
2013,07,28,1,687.06896
2013,07,28,2,687.20019
2013,07,28,3,687.60691
2013,07,28,4,688.10361
2013,07,28,5,688.41765
2013,07,28,6,688.92506
2013,07,28,7,689.67888
2013,07,29,0,689.9629
2013,07,29,1,690.09155
2013,07,29,2,690.41038
2013,07,29,3,690.43354
2013,07,29,4,690.88257
2013,07,29,5,691.23243
2013,07,29,6,691.80427
2013,07,29,7,692.54159
2013,07,30,0,693.97401
2013,07,30,1,695.14954
2013,07,30,2,695.60636
2013,07,30,3,695.95335
2013,07,30,4,697.24362
2013,07,30,5,697.91793
2013,07,30,6,697.34909
2013,07,30,7,697.26867
2013,07,31,0,697.26748
2013,07,31,1,696.93237
2013,07,31,2,696.51712
2013,07,31,3,695.93975
2013,07,31,4,695.74129
2013,07,31,5,695.06678
2013,07,31,6,694.21496
2013,07,31,7,693.71456
2013,07,1,0,693.46044
2013,07,1,1,692.9067
2013,07,1,2,692.09238
2013,07,1,3,691.09445
2013,07,1,4,690.02704
2013,07,1,5,688.77588
2013,07,1,6,688.60798
2013,07,1,7,688.06474
2013,07,2,0,686.71499
2013,07,2,1,685.45727
2013,07,2,2,684.66451
2013,07,2,3,683.92779
2013,07,2,4,682.81008
2013,07,2,5,682.43562
2013,07,2,6,683.287
2013,07,2,7,683.75973
2013,07,3,0,683.66864
2013,07,3,1,683.22442
2013,07,3,2,683.61517
2013,07,3,3,683.87629
2013,07,3,4,682.96291
2013,07,3,5,681.86449
2013,07,3,6,682.07117
2013,07,3,7,682.15406
2013,07,4,0,681.67662
2013,07,4,1,680.96299
2013,07,4,2,680.7475
2013,07,4,3,680.10689
2013,07,4,4,678.64704
2013,07,4,5,677.71813
2013,07,4,6,677.64224
2013,07,4,7,677.36107
2013,07,5,0,676.87932
2013,07,5,1,676.563
2013,07,5,2,676.78465
2013,07,5,3,676.94739
2013,07,5,4,676.5833
2013,07,5,5,676.53951
2013,07,5,6,676.93223
2013,07,5,7,677.03287
2013,07,6,0,677.19749
2013,07,6,1,677.21899
2013,07,6,2,678.49037
2013,07,6,3,679.69501
2013,07,6,4,679.94763
2013,07,6,5,679.82141
2013,07,6,6,680.37396
2013,07,6,7,680.74928
2013,07,7,0,681.70329
2013,07,7,1,682.0945
2013,07,7,2,682.69333
2013,07,7,3,683.4477
2013,07,7,4,683.4406
2013,07,7,5,682.80363
2013,07,7,6,683.06084
2013,07,7,7,683.57016
2013,07,8,0,684.22126
2013,07,8,1,684.53259
2013,07,8,2,685.13052
2013,07,8,3,685.58725
2013,07,8,4,686.00292
2013,07,8,5,686.27648
2013,07,8,6,686.38643
2013,07,8,7,686.94584
2013,07,9,0,687.62695
2013,07,9,1,686.85929
2013,07,9,2,686.53076
2013,07,9,3,686.31846
2013,07,9,4,686.11865
2013,07,9,5,686.67953
2013,07,9,6,687.53162
2013,07,9,7,688.45616
2013,07,10,0,689.58459
2013,07,10,1,690.08766
2013,07,10,2,691.02817
2013,07,10,3,692.23381
2013,07,10,4,692.80661
2013,07,10,5,692.98851
2013,07,10,6,693.77113
2013,07,10,7,694.13543
2013,07,11,0,694.07563
2013,07,11,1,693.43274
2013,07,11,2,693.85679
2013,07,11,3,693.74225
2013,07,11,4,692.46455
2013,07,11,5,691.14064
2013,07,11,6,690.53307
2013,07,11,7,689.85134
2013,07,12,0,688.51433
2013,07,12,1,687.02541
2013,07,12,2,687.43512
2013,07,12,3,688.35121
2013,07,12,4,689.37732
2013,07,12,5,689.84131
2013,07,12,6,690.85301
2013,07,12,7,692.11203
2013,07,13,0,692.61295
2013,07,13,1,692.08648
2013,07,13,2,691.53528
2013,07,13,3,690.94855
2013,07,13,4,690.53217
2013,07,13,5,689.69945
2013,07,13,6,689.65019
2013,07,13,7,689.53175
2013,07,14,0,690.13298
2013,07,14,1,690.27005
2013,07,14,2,690.61898
2013,07,14,3,690.92343
2013,07,14,4,690.68129
2013,07,14,5,690.59955
2013,07,14,6,691.27659
2013,07,14,7,692.02739
2013,07,15,0,692.08466
2013,07,15,1,691.79711
2013,07,15,2,691.7811
2013,07,15,3,691.26295
2013,07,15,4,690.75369
2013,07,15,5,689.92771
2013,07,15,6,689.37423
2013,07,15,7,689.52291
2013,07,16,0,688.9186
2013,07,16,1,688.22991
2013,07,16,2,688.11144
2013,07,16,3,688.02712
2013,07,16,4,688.09569
2013,07,16,5,688.00464
2013,07,16,6,688.33309
2013,07,16,7,688.71434
2013,07,17,0,688.64946
2013,07,17,1,688.51359
2013,07,17,2,688.97306
2013,07,17,3,689.48099
2013,07,17,4,690.16191
2013,07,17,5,690.5724
2013,07,17,6,690.88722
2013,07,17,7,691.44668
2013,07,18,0,691.46939
2013,07,18,1,691.26278
2013,07,18,2,691.34985
2013,07,18,3,691.06453
2013,07,18,4,690.40561
2013,07,18,5,689.79666
2013,07,18,6,689.85187
2013,07,18,7,690.1635
2013,07,19,0,689.86766
2013,07,19,1,689.18939
2013,07,19,2,687.72649
2013,07,19,3,686.31602
2013,07,19,4,686.08507
2013,07,19,5,686.42033
2013,07,19,6,686.70473
2013,07,19,7,687.23482
2013,07,20,0,687.87635
2013,07,20,1,688.17907
2013,07,20,2,688.75193
2013,07,20,3,688.88074
2013,07,20,4,688.80509
2013,07,20,5,689.10992
2013,07,20,6,690.11599
2013,07,20,7,691.63214
2013,07,21,0,693.0039
2013,07,21,1,693.90005
2013,07,21,2,695.51195
2013,07,21,3,696.90525
2013,07,21,4,698.00047
2013,07,21,5,698.89517
2013,07,21,6,699.98298
2013,07,21,7,700.62783
2013,07,22,0,701.22522
2013,07,22,1,701.31182
2013,07,22,2,701.05158
2013,07,22,3,700.59447
2013,07,22,4,700.53844
2013,07,22,5,700.3344
2013,07,22,6,700.02753
2013,07,22,7,699.79561
2013,07,23,0,699.96373
2013,07,23,1,699.84849
2013,07,23,2,699.62971
2013,07,23,3,699.36836
2013,07,23,4,699.13918
2013,07,23,5,699.20269
2013,07,23,6,699.67907
2013,07,23,7,700.26872
2013,07,24,0,700.16057
2013,07,24,1,699.59107
2013,07,24,2,699.93144
2013,07,24,3,700.03262
2013,07,24,4,699.46199
2013,07,24,5,698.67559
2013,07,24,6,697.80247
2013,07,24,7,696.97921
2013,07,25,0,697.1863
2013,07,25,1,697.02209
2013,07,25,2,696.6565
2013,07,25,3,696.45403
2013,07,25,4,695.51835
2013,07,25,5,694.84071
2013,07,25,6,694.99011
2013,07,25,7,695.08559
2013,07,26,0,695.48281
2013,07,26,1,695.76506
2013,07,26,2,696.1646
2013,07,26,3,696.20736
2013,07,26,4,696.44968
2013,07,26,5,696.74353
2013,07,26,6,697.01148
2013,07,26,7,697.17712
2013,07,27,0,697.59899
2013,07,27,1,697.60601
2013,07,27,2,697.49787
2013,07,27,3,697.37829
2013,07,27,4,696.53291
2013,07,27,5,696.09408
2013,07,27,6,695.652
2013,07,27,7,695.33609
2013,07,28,0,695.86683
2013,07,28,1,695.82817
2013,07,28,2,695.61176
2013,07,28,3,695.4993
2013,07,28,4,695.70103
2013,07,28,5,695.69569
2013,07,28,6,695.9555
2013,07,28,7,696.09809
2013,07,29,0,696.00137
2013,07,29,1,695.93209
2013,07,29,2,695.87189
2013,07,29,3,695.40015
2013,07,29,4,695.20087
2013,07,29,5,695.07397
2013,07,29,6,695.63752
2013,07,29,7,695.97125
2013,07,30,0,695.63787
2013,07,30,1,694.85188
2013,07,30,2,694.98187
2013,07,30,3,695.0194
2013,07,30,4,694.20494
2013,07,30,5,692.96709
2013,07,30,6,692.46773
2013,07,30,7,691.74689
2013,07,1,0,691.12526
2013,07,1,1,690.59205
2013,07,1,2,690.54434
2013,07,1,3,690.36205
2013,07,1,4,689.9094
2013,07,1,5,689.69853
2013,07,1,6,690.52255
2013,07,1,7,691.2142
2013,07,2,0,691.04434
2013,07,2,1,690.79711
2013,07,2,2,691.47462
2013,07,2,3,691.48065
2013,07,2,4,690.96311
2013,07,2,5,690.6302
2013,07,2,6,691.20605
2013,07,2,7,691.60353
2013,07,3,0,691.61134
2013,07,3,1,691.37396
2013,07,3,2,691.71826
2013,07,3,3,691.55754
2013,07,3,4,691.10663
2013,07,3,5,690.41502
2013,07,3,6,690.36027
2013,07,3,7,690.29868
2013,07,4,0,689.52303
2013,07,4,1,688.86973
2013,07,4,2,688.65771
2013,07,4,3,688.20132
2013,07,4,4,687.59957
2013,07,4,5,686.90876
2013,07,4,6,686.71185
2013,07,4,7,686.58534
2013,07,5,0,686.28783
2013,07,5,1,686.1224
2013,07,5,2,686.64911
2013,07,5,3,687.07303
2013,07,5,4,687.97666
2013,07,5,5,688.90574
2013,07,5,6,689.98558
2013,07,5,7,691.12673
2013,07,6,0,691.91066
2013,07,6,1,691.49268
2013,07,6,2,691.4039
2013,07,6,3,691.50827
2013,07,6,4,690.98121
2013,07,6,5,689.95075
2013,07,6,6,689.7078
2013,07,6,7,689.45912
2013,07,7,0,688.97845
2013,07,7,1,688.58937
2013,07,7,2,688.69619
2013,07,7,3,688.66367
2013,07,7,4,688.39997
2013,07,7,5,688.40996
2013,07,7,6,689.57635
2013,07,7,7,690.67378
2013,07,8,0,692.33373
2013,07,8,1,693.69167
2013,07,8,2,694.82863
2013,07,8,3,695.79545
2013,07,8,4,696.44432
2013,07,8,5,696.71726
2013,07,8,6,696.91936
2013,07,8,7,697.29789
2013,07,9,0,697.24455
2013,07,9,1,696.84743
2013,07,9,2,696.78468
2013,07,9,3,696.67451
2013,07,9,4,696.38427
2013,07,9,5,695.83762
2013,07,9,6,695.64192
2013,07,9,7,695.3792
2013,07,10,0,694.71815
2013,07,10,1,694.08214
2013,07,10,2,693.98461
2013,07,10,3,694.00744
2013,07,10,4,693.37777
2013,07,10,5,693.12364
2013,07,10,6,693.52346
2013,07,10,7,693.76189
2013,07,11,0,693.45517
2013,07,11,1,693.03722
2013,07,11,2,693.18054
2013,07,11,3,693.64778
2013,07,11,4,694.11729
2013,07,11,5,694.09586
2013,07,11,6,693.96284
2013,07,11,7,694.12597
2013,07,12,0,694.21467
2013,07,12,1,694.28729
2013,07,12,2,695.00379
2013,07,12,3,695.37625
2013,07,12,4,695.52996
2013,07,12,5,695.47168
2013,07,12,6,695.48855
2013,07,12,7,695.71875
2013,07,13,0,695.35163
2013,07,13,1,694.63231
2013,07,13,2,694.22915
2013,07,13,3,693.75162
2013,07,13,4,693.06251
2013,07,13,5,692.20545
2013,07,13,6,692.12
2013,07,13,7,691.99986
2013,07,14,0,691.53273
2013,07,14,1,690.992
2013,07,14,2,690.79785
2013,07,14,3,690.9821
2013,07,14,4,690.95989
2013,07,14,5,690.58792
2013,07,14,6,691.09736
2013,07,14,7,691.78147
2013,07,15,0,692.58822
2013,07,15,1,693.01088
2013,07,15,2,693.46046
2013,07,15,3,693.81805
2013,07,15,4,694.00552
2013,07,15,5,694.37236
2013,07,15,6,694.91231
2013,07,15,7,695.31541
2013,07,16,0,695.63847
2013,07,16,1,695.74652
2013,07,16,2,696.07883
2013,07,16,3,696.18729
2013,07,16,4,696.39883
2013,07,16,5,696.22206
2013,07,16,6,696.08116
2013,07,16,7,696.0465
2013,07,17,0,696.35996
2013,07,17,1,696.34661
2013,07,17,2,695.66497
2013,07,17,3,694.90264
2013,07,17,4,694.40174
2013,07,17,5,693.85192
2013,07,17,6,694.05739
2013,07,17,7,694.08223
2013,07,18,0,693.88284
2013,07,18,1,693.53555
2013,07,18,2,693.82899
2013,07,18,3,694.0126
2013,07,18,4,693.58032
2013,07,18,5,693.25106
2013,07,18,6,693.40281
2013,07,18,7,693.53506
2013,07,19,0,694.07866
2013,07,19,1,694.30543
2013,07,19,2,694.4619
2013,07,19,3,694.63737
2013,07,19,4,695.09226
2013,07,19,5,695.27388
2013,07,19,6,695.732
2013,07,19,7,696.09303
2013,07,20,0,695.8647
2013,07,20,1,695.67656
2013,07,20,2,695.87963
2013,07,20,3,695.83447
2013,07,20,4,695.51978
2013,07,20,5,695.19877
2013,07,20,6,694.96371
2013,07,20,7,694.61128
2013,07,21,0,693.90897
2013,07,21,1,692.9764
2013,07,21,2,692.34607
2013,07,21,3,691.79411
2013,07,21,4,691.16995
2013,07,21,5,690.42164
2013,07,21,6,690.06556
2013,07,21,7,689.85943
2013,07,22,0,690.12505
2013,07,22,1,690.23905
2013,07,22,2,690.37306
2013,07,22,3,690.57727
2013,07,22,4,690.79581
2013,07,22,5,690.80595
2013,07,22,6,690.93154
2013,07,22,7,690.85798
2013,07,23,0,690.86829
2013,07,23,1,690.69993
2013,07,23,2,690.54972
2013,07,23,3,690.59097
2013,07,23,4,691.17462
2013,07,23,5,691.72295
2013,07,23,6,692.46186
2013,07,23,7,693.48435
2013,07,24,0,693.99742
2013,07,24,1,694.20407
2013,07,24,2,694.70806
2013,07,24,3,695.31594
2013,07,24,4,695.96331
2013,07,24,5,696.05001
2013,07,24,6,696.22896
2013,07,24,7,696.49297
2013,07,25,0,696.6897
2013,07,25,1,696.53124
2013,07,25,2,696.35123
2013,07,25,3,696.04838
2013,07,25,4,695.61389
2013,07,25,5,694.95972
2013,07,25,6,694.95409
2013,07,25,7,695.0742
2013,07,26,0,694.90791
2013,07,26,1,694.2052
2013,07,26,2,693.62548
2013,07,26,3,693.03832
2013,07,26,4,692.68807
2013,07,26,5,692.50771
2013,07,26,6,692.17576
2013,07,26,7,692.11482
2013,07,27,0,691.76481
2013,07,27,1,691.34429
2013,07,27,2,691.66035
2013,07,27,3,692.06549
2013,07,27,4,692.57705
2013,07,27,5,693.15652
2013,07,27,6,694.24766
2013,07,27,7,695.40127
2013,07,28,0,696.04637
2013,07,28,1,696.40828
2013,07,28,2,696.95079
2013,07,28,3,697.16304
2013,07,28,4,697.03558
2013,07,28,5,696.94555
2013,07,28,6,697.18586
2013,07,28,7,697.41879
2013,07,29,0,697.26748
2013,07,29,1,697.0582
2013,07,29,2,697.07146
2013,07,29,3,697.00877
2013,07,29,4,697.01077
2013,07,29,5,697.11315
2013,07,29,6,697.42766
2013,07,29,7,697.63579
2013,07,30,0,697.69314
2013,07,30,1,697.68616
2013,07,30,2,697.25173
2013,07,30,3,697.04047
2013,07,30,4,697.29236
2013,07,30,5,697.41944
2013,07,30,6,697.82422
2013,07,30,7,698.17131
2013,07,31,0,698.51009
2013,07,31,1,698.55109
2013,07,31,2,699.02234
2013,07,31,3,699.51994
2013,07,31,4,699.46219
2013,07,31,5,699.44287
2013,07,31,6,700.19614
2013,07,31,7,700.84858
2014,07,1,0,701.13239
2014,07,1,1,700.95412
2014,07,1,2,700.86882
2014,07,1,3,700.30522
2014,07,1,4,699.86613
2014,07,1,5,699.50095
2014,07,1,6,699.76148
2014,07,1,7,700.20537
2014,07,2,0,700.67646
2014,07,2,1,700.58744
2014,07,2,2,700.95245
2014,07,2,3,701.07018
2014,07,2,4,700.70697
2014,07,2,5,700.43181
2014,07,2,6,699.89921
2014,07,2,7,699.13782
2014,07,3,0,698.32918
2014,07,3,1,697.40295
2014,07,3,2,697.01246
2014,07,3,3,696.42765
2014,07,3,4,695.97605
2014,07,3,5,695.83936
2014,07,3,6,696.6537
2014,07,3,7,697.41157
2014,07,4,0,698.12634
2014,07,4,1,698.82935
2014,07,4,2,699.60767
2014,07,4,3,700.31365
2014,07,4,4,701.06144
2014,07,4,5,701.45121
2014,07,4,6,702.20756
2014,07,4,7,702.78197
2014,07,5,0,703.32613
2014,07,5,1,703.35432
2014,07,5,2,703.36808
2014,07,5,3,703.24101
2014,07,5,4,702.43137
2014,07,5,5,701.6501
2014,07,5,6,701.55731
2014,07,5,7,701.36514
2014,07,6,0,700.88326
2014,07,6,1,700.54754
2014,07,6,2,700.75209
2014,07,6,3,700.99938
2014,07,6,4,700.97496
2014,07,6,5,701.0934
2014,07,6,6,701.75268
2014,07,6,7,702.21797
2014,07,7,0,701.91338
2014,07,7,1,701.66032
2014,07,7,2,701.9332
2014,07,7,3,702.10687
2014,07,7,4,701.71161
2014,07,7,5,701.13514
2014,07,7,6,700.92795
2014,07,7,7,700.87655
2014,07,8,0,700.41408
2014,07,8,1,699.86151
2014,07,8,2,699.41552
2014,07,8,3,699.2114
2014,07,8,4,698.5046
2014,07,8,5,697.87455
2014,07,8,6,698.40668
2014,07,8,7,699.15338
2014,07,9,0,699.36236
2014,07,9,1,699.21737
2014,07,9,2,699.76273
2014,07,9,3,700.01666
2014,07,9,4,700.18128
2014,07,9,5,700.28043
2014,07,9,6,699.81241
2014,07,9,7,699.75807
2014,07,10,0,700.035
2014,07,10,1,699.66939
2014,07,10,2,699.43301
2014,07,10,3,699.65213
2014,07,10,4,699.56489
2014,07,10,5,699.37175
2014,07,10,6,699.32026
2014,07,10,7,699.52942
2014,07,11,0,699.27302
2014,07,11,1,698.65176
2014,07,11,2,698.30911
2014,07,11,3,697.99405
2014,07,11,4,697.6114
2014,07,11,5,697.20243
2014,07,11,6,697.51467
2014,07,11,7,697.95184
2014,07,12,0,698.04038
2014,07,12,1,697.88551
2014,07,12,2,698.51585
2014,07,12,3,699.37475
2014,07,12,4,700.01581
2014,07,12,5,700.11118
2014,07,12,6,700.46425
2014,07,12,7,700.72867
2014,07,13,0,700.72257
2014,07,13,1,700.80341
2014,07,13,2,700.83239
2014,07,13,3,700.82553
2014,07,13,4,700.80799
2014,07,13,5,700.8134
2014,07,13,6,701.13795
2014,07,13,7,701.46675
2014,07,14,0,701.07359
2014,07,14,1,700.63212
2014,07,14,2,701.26399
2014,07,14,3,701.76906
2014,07,14,4,701.29423
2014,07,14,5,700.80465
2014,07,14,6,701.06039
2014,07,14,7,701.22861
2014,07,15,0,701.37554
2014,07,15,1,701.08857
2014,07,15,2,701.2829
2014,07,15,3,700.95514
2014,07,15,4,700.14581
2014,07,15,5,699.43672
2014,07,15,6,699.72525
2014,07,15,7,699.83377
2014,07,16,0,699.57929
2014,07,16,1,699.43207
2014,07,16,2,699.48072
2014,07,16,3,699.86879
2014,07,16,4,699.9008
2014,07,16,5,700.0329
2014,07,16,6,700.92825
2014,07,16,7,701.55053
2014,07,17,0,702.19845
2014,07,17,1,702.59215
2014,07,17,2,702.71631
2014,07,17,3,702.81629
2014,07,17,4,702.64431
2014,07,17,5,702.13991
2014,07,17,6,701.44647
2014,07,17,7,700.9514
2014,07,18,0,700.58269
2014,07,18,1,699.83183
2014,07,18,2,698.81257
2014,07,18,3,697.57663
2014,07,18,4,696.67868
2014,07,18,5,695.50945
2014,07,18,6,694.90983
2014,07,18,7,694.56593
2014,07,19,0,693.40861
2014,07,19,1,692.35507
2014,07,19,2,691.53402
2014,07,19,3,691.39294
2014,07,19,4,691.60221
2014,07,19,5,691.76062
2014,07,19,6,692.76334
2014,07,19,7,694.22316
2014,07,20,0,694.65918
2014,07,20,1,694.80105
2014,07,20,2,696.0042
2014,07,20,3,697.18577
2014,07,20,4,697.57476
2014,07,20,5,698.16206
2014,07,20,6,699.46502
2014,07,20,7,700.61118
2014,07,21,0,701.18339
2014,07,21,1,701.05845
2014,07,21,2,700.79311
2014,07,21,3,700.32494
2014,07,21,4,699.28759
2014,07,21,5,698.20629
2014,07,21,6,698.16031
2014,07,21,7,697.61027
2014,07,22,0,696.31604
2014,07,22,1,694.91273
2014,07,22,2,694.75463
2014,07,22,3,694.47276
2014,07,22,4,693.44627
2014,07,22,5,692.76436
2014,07,22,6,693.05284
2014,07,22,7,693.3476
2014,07,23,0,693.75329
2014,07,23,1,693.8096
2014,07,23,2,694.13601
2014,07,23,3,694.52734
2014,07,23,4,694.77722
2014,07,23,5,694.86875
2014,07,23,6,695.60761
2014,07,23,7,696.31182
2014,07,24,0,696.73978
2014,07,24,1,697.26055
2014,07,24,2,697.86063
2014,07,24,3,698.16711
2014,07,24,4,698.25396
2014,07,24,5,698.22802
2014,07,24,6,698.50031
2014,07,24,7,698.85921
2014,07,25,0,698.43064
2014,07,25,1,697.92428
2014,07,25,2,698.28376
2014,07,25,3,698.5169
2014,07,25,4,697.9187
2014,07,25,5,697.35061
2014,07,25,6,697.35318
2014,07,25,7,697.26731
2014,07,26,0,696.95804
2014,07,26,1,696.42846
2014,07,26,2,695.81671
2014,07,26,3,695.30872
2014,07,26,4,694.34339
2014,07,26,5,693.43214
2014,07,26,6,693.33998
2014,07,26,7,693.16338
2014,07,27,0,692.82803
2014,07,27,1,692.18635
2014,07,27,2,692.29851
2014,07,27,3,692.41325
2014,07,27,4,691.5132
2014,07,27,5,690.54487
2014,07,27,6,690.23585
2014,07,27,7,689.84786
2014,07,28,0,689.4938
2014,07,28,1,688.95611
2014,07,28,2,688.7152
2014,07,28,3,688.50321
2014,07,28,4,688.25688
2014,07,28,5,688.16966
2014,07,28,6,688.73059
2014,07,28,7,689.12255
2014,07,29,0,689.42654
2014,07,29,1,689.38831
2014,07,29,2,689.70367
2014,07,29,3,689.88824
2014,07,29,4,689.74513
2014,07,29,5,689.60319
2014,07,29,6,690.00654
2014,07,29,7,690.30197
2014,07,30,0,690.22899
2014,07,30,1,690.12692
2014,07,30,2,690.51472
2014,07,30,3,690.72361
2014,07,30,4,690.55582
2014,07,30,5,690.30187
2014,07,30,6,690.76165
2014,07,30,7,690.9886
2014,07,31,0,691.06281
2014,07,31,1,691.09449
2014,07,31,2,691.16568
2014,07,31,3,691.08637
2014,07,31,4,690.89175
2014,07,31,5,690.55459
2014,07,31,6,690.60086
2014,07,31,7,690.89477
2014,07,1,0,691.13189
2014,07,1,1,690.78911
2014,07,1,2,691.15453
2014,07,1,3,691.41725
2014,07,1,4,691.25716
2014,07,1,5,691.25387
2014,07,1,6,691.50071
2014,07,1,7,691.71103
2014,07,2,0,691.91573
2014,07,2,1,691.61924
2014,07,2,2,691.97143
2014,07,2,3,692.36966
2014,07,2,4,692.54063
2014,07,2,5,692.73737
2014,07,2,6,692.95639
2014,07,2,7,693.13432
2014,07,3,0,694.07548
2014,07,3,1,694.52899
2014,07,3,2,694.8174
2014,07,3,3,695.18459
2014,07,3,4,695.28771
2014,07,3,5,695.10166
2014,07,3,6,695.22531
2014,07,3,7,695.16281
2014,07,4,0,694.66955
2014,07,4,1,693.90078
2014,07,4,2,692.9624
2014,07,4,3,692.05664
2014,07,4,4,691.19163
2014,07,4,5,690.49029
2014,07,4,6,690.02412
2014,07,4,7,689.67059
2014,07,5,0,689.47846
2014,07,5,1,688.80981
2014,07,5,2,688.50419
2014,07,5,3,688.42252
2014,07,5,4,688.64919
2014,07,5,5,688.95408
2014,07,5,6,689.91056
2014,07,5,7,691.06072
2014,07,6,0,691.89744
2014,07,6,1,692.32652
2014,07,6,2,693.13117
2014,07,6,3,693.86344
2014,07,6,4,694.0124
2014,07,6,5,694.04238
2014,07,6,6,694.37894
2014,07,6,7,694.84905
2014,07,7,0,694.95395
2014,07,7,1,694.77026
2014,07,7,2,695.02026
2014,07,7,3,695.15646
2014,07,7,4,695.41505
2014,07,7,5,695.4845
2014,07,7,6,695.41088
2014,07,7,7,695.78269
2014,07,8,0,696.01501
2014,07,8,1,695.82378
2014,07,8,2,695.83136
2014,07,8,3,695.66695
2014,07,8,4,695.89625
2014,07,8,5,696.19897
2014,07,8,6,696.73841
2014,07,8,7,697.46235
2014,07,9,0,697.34495
2014,07,9,1,696.45991
2014,07,9,2,697.11203
2014,07,9,3,697.97908
2014,07,9,4,697.95499
2014,07,9,5,698.04486
2014,07,9,6,698.28464
2014,07,9,7,698.85802
2014,07,10,0,698.7335
2014,07,10,1,698.09979
2014,07,10,2,698.99816
2014,07,10,3,699.72997
2014,07,10,4,699.70955
2014,07,10,5,699.61737
2014,07,10,6,700.10724
2014,07,10,7,700.5697
2014,07,11,0,700.77746
2014,07,11,1,700.57399
2014,07,11,2,700.49028
2014,07,11,3,700.51415
2014,07,11,4,700.65427
2014,07,11,5,700.68012
2014,07,11,6,701.0376
2014,07,11,7,701.41205
2014,07,12,0,701.61914
2014,07,12,1,701.1042
2014,07,12,2,700.69543
2014,07,12,3,699.89949
2014,07,12,4,699.1701
2014,07,12,5,698.05257
2014,07,12,6,696.88698
2014,07,12,7,695.98875
2014,07,13,0,694.99672
2014,07,13,1,693.86199
2014,07,13,2,693.08147
2014,07,13,3,692.28363
2014,07,13,4,691.70571
2014,07,13,5,691.34144
2014,07,13,6,691.65471
2014,07,13,7,691.74945
2014,07,14,0,692.3065
2014,07,14,1,692.56723
2014,07,14,2,692.92169
2014,07,14,3,693.19586
2014,07,14,4,693.48231
2014,07,14,5,693.8089
2014,07,14,6,694.36593
2014,07,14,7,694.83104
2014,07,15,0,695.18216
2014,07,15,1,695.1653
2014,07,15,2,695.06019
2014,07,15,3,694.58352
2014,07,15,4,694.47892
2014,07,15,5,694.02845
2014,07,15,6,693.73809
2014,07,15,7,693.30755
2014,07,16,0,692.82341
2014,07,16,1,692.01066
2014,07,16,2,691.14843
2014,07,16,3,690.33085
2014,07,16,4,689.41826
2014,07,16,5,688.33709
2014,07,16,6,687.6931
2014,07,16,7,687.10152
2014,07,17,0,686.71132
2014,07,17,1,686.0456
2014,07,17,2,685.4814
2014,07,17,3,684.97317
2014,07,17,4,684.72465
2014,07,17,5,684.2623
2014,07,17,6,684.64187
2014,07,17,7,685.14311
2014,07,18,0,685.42841
2014,07,18,1,685.76492
2014,07,18,2,686.76136
2014,07,18,3,687.5497
2014,07,18,4,687.78962
2014,07,18,5,687.81968
2014,07,18,6,688.54455
2014,07,18,7,689.24224
2014,07,19,0,689.315
2014,07,19,1,689.29255
2014,07,19,2,690.1468
2014,07,19,3,690.32288
2014,07,19,4,689.71448
2014,07,19,5,688.9002
2014,07,19,6,688.8295
2014,07,19,7,688.30637
2014,07,20,0,687.2301
2014,07,20,1,686.19777
2014,07,20,2,685.66875
2014,07,20,3,684.57396
2014,07,20,4,683.39472
2014,07,20,5,682.46022
2014,07,20,6,682.00305
2014,07,20,7,681.47608
2014,07,21,0,680.73693
2014,07,21,1,680.0717
2014,07,21,2,680.5238
2014,07,21,3,681.192
2014,07,21,4,682.15944
2014,07,21,5,682.87697
2014,07,21,6,683.89383
2014,07,21,7,684.88105
2014,07,22,0,686.21333
2014,07,22,1,686.79682
2014,07,22,2,687.23147
2014,07,22,3,687.7222
2014,07,22,4,688.03397
2014,07,22,5,687.78634
2014,07,22,6,687.52351
2014,07,22,7,687.07605
2014,07,23,0,686.15047
2014,07,23,1,685.0175
2014,07,23,2,684.5533
2014,07,23,3,684.2536
2014,07,23,4,683.83581
2014,07,23,5,683.51218
2014,07,23,6,684.08064
2014,07,23,7,684.61453
2014,07,24,0,684.62533
2014,07,24,1,684.28843
2014,07,24,2,684.57624
2014,07,24,3,684.91579
2014,07,24,4,684.76548
2014,07,24,5,684.52184
2014,07,24,6,684.7523
2014,07,24,7,685.00605
2014,07,25,0,685.01936
2014,07,25,1,684.70581
2014,07,25,2,685.25094
2014,07,25,3,686.0943
2014,07,25,4,686.13142
2014,07,25,5,685.98383
2014,07,25,6,686.2444
2014,07,25,7,686.54901
2014,07,26,0,686.88394
2014,07,26,1,686.60432
2014,07,26,2,686.64742
2014,07,26,3,686.65739
2014,07,26,4,686.3194
2014,07,26,5,685.80876
2014,07,26,6,685.65939
2014,07,26,7,685.51388
2014,07,27,0,685.1349
2014,07,27,1,684.63641
2014,07,27,2,684.77683
2014,07,27,3,684.90558
2014,07,27,4,685.02115
2014,07,27,5,684.93032
2014,07,27,6,684.82509
2014,07,27,7,684.329
2014,07,28,0,684.09717
2014,07,28,1,683.74137
2014,07,28,2,683.22018
2014,07,28,3,682.65031
2014,07,28,4,682.106
2014,07,28,5,681.89764
2014,07,28,6,682.01076
2014,07,28,7,682.21613
2014,07,1,0,682.24569
2014,07,1,1,682.20634
2014,07,1,2,683.03734
2014,07,1,3,683.73806
2014,07,1,4,684.67675
2014,07,1,5,685.61372
2014,07,1,6,686.85048
2014,07,1,7,688.0651
2014,07,2,0,688.80413
2014,07,2,1,689.37252
2014,07,2,2,690.61819
2014,07,2,3,691.85968
2014,07,2,4,692.18553
2014,07,2,5,691.80677
2014,07,2,6,692.07758
2014,07,2,7,692.66549
2014,07,3,0,692.63754
2014,07,3,1,692.2921
2014,07,3,2,692.37583
2014,07,3,3,692.25339
2014,07,3,4,692.79833
2014,07,3,5,693.45814
2014,07,3,6,693.19942
2014,07,3,7,692.87006
2014,07,4,0,692.15875
2014,07,4,1,691.51891
2014,07,4,2,691.01994
2014,07,4,3,690.43801
2014,07,4,4,690.30382
2014,07,4,5,690.03121
2014,07,4,6,689.99783
2014,07,4,7,690.06171
2014,07,5,0,689.65414
2014,07,5,1,689.37372
2014,07,5,2,689.70727
2014,07,5,3,690.01081
2014,07,5,4,690.03649
2014,07,5,5,689.86659
2014,07,5,6,690.15918
2014,07,5,7,690.67827
2014,07,6,0,690.5591
2014,07,6,1,690.35896
2014,07,6,2,690.71335
2014,07,6,3,690.61981
2014,07,6,4,690.22741
2014,07,6,5,689.78741
2014,07,6,6,688.72298
2014,07,6,7,687.80775
2014,07,7,0,687.4157
2014,07,7,1,686.55409
2014,07,7,2,686.06829
2014,07,7,3,685.42734
2014,07,7,4,684.65343
2014,07,7,5,684.02014
2014,07,7,6,683.60556
2014,07,7,7,683.49848
2014,07,8,0,683.55479
2014,07,8,1,683.51724
2014,07,8,2,683.64819
2014,07,8,3,683.89959
2014,07,8,4,684.82906
2014,07,8,5,685.74625
2014,07,8,6,686.28562
2014,07,8,7,686.8195
2014,07,9,0,687.43077
2014,07,9,1,687.78408
2014,07,9,2,688.53442
2014,07,9,3,689.27994
2014,07,9,4,689.51025
2014,07,9,5,689.47679
2014,07,9,6,690.00236
2014,07,9,7,690.55315
2014,07,10,0,690.51245
2014,07,10,1,690.55618
2014,07,10,2,691.09764
2014,07,10,3,691.49199
2014,07,10,4,691.52732
2014,07,10,5,691.84524
2014,07,10,6,691.94155
2014,07,10,7,692.17826
2014,07,11,0,693.36456
2014,07,11,1,694.0773
2014,07,11,2,694.26657
2014,07,11,3,694.57285
2014,07,11,4,694.43296
2014,07,11,5,694.06555
2014,07,11,6,694.00889
2014,07,11,7,694.17083
2014,07,12,0,694.07283
2014,07,12,1,693.76465
2014,07,12,2,693.4132
2014,07,12,3,692.99573
2014,07,12,4,692.92667
2014,07,12,5,692.70011
2014,07,12,6,692.54719
2014,07,12,7,692.49484
2014,07,13,0,692.49617
2014,07,13,1,692.13587
2014,07,13,2,692.02477
2014,07,13,3,691.81217
2014,07,13,4,691.30581
2014,07,13,5,690.38337
2014,07,13,6,689.60281
2014,07,13,7,688.90818
2014,07,14,0,687.98767
2014,07,14,1,686.35437
2014,07,14,2,685.69674
2014,07,14,3,685.38198
2014,07,14,4,684.62347
2014,07,14,5,684.378
2014,07,14,6,685.11037
2014,07,14,7,686.12074
2014,07,15,0,686.51784
2014,07,15,1,686.92905
2014,07,15,2,687.47337
2014,07,15,3,688.00794
2014,07,15,4,688.57951
2014,07,15,5,688.80356
2014,07,15,6,689.09407
2014,07,15,7,689.39691
2014,07,16,0,689.7124
2014,07,16,1,689.76992
2014,07,16,2,690.42787
2014,07,16,3,691.02856
2014,07,16,4,691.09546
2014,07,16,5,690.97151
2014,07,16,6,691.37695
2014,07,16,7,691.92233
2014,07,17,0,692.59891
2014,07,17,1,692.79377
2014,07,17,2,693.09318
2014,07,17,3,693.28999
2014,07,17,4,692.95298
2014,07,17,5,692.57082
2014,07,17,6,692.60601
2014,07,17,7,692.53905
2014,07,18,0,691.6329
2014,07,18,1,690.57844
2014,07,18,2,689.92256
2014,07,18,3,689.27698
2014,07,18,4,688.58879
2014,07,18,5,687.82293
2014,07,18,6,686.89675
2014,07,18,7,686.49485
2014,07,19,0,686.23353
2014,07,19,1,685.89863
2014,07,19,2,685.88555
2014,07,19,3,685.93434
2014,07,19,4,685.84069
2014,07,19,5,685.72381
2014,07,19,6,685.65458
2014,07,19,7,685.83049
2014,07,20,0,685.98124
2014,07,20,1,685.77355
2014,07,20,2,685.81978
2014,07,20,3,686.05005
2014,07,20,4,685.82104
2014,07,20,5,685.5488
2014,07,20,6,685.53925
2014,07,20,7,685.55647
2014,07,21,0,685.25156
2014,07,21,1,684.63392
2014,07,21,2,684.48404
2014,07,21,3,684.03297
2014,07,21,4,683.9039
2014,07,21,5,683.72601
2014,07,21,6,683.62949
2014,07,21,7,683.35283
2014,07,22,0,682.82215
2014,07,22,1,682.23024
2014,07,22,2,681.57857
2014,07,22,3,680.9335
2014,07,22,4,680.8023
2014,07,22,5,680.91975
2014,07,22,6,680.98654
2014,07,22,7,680.93951
2014,07,23,0,681.02319
2014,07,23,1,680.95715
2014,07,23,2,681.10995
2014,07,23,3,680.8488
2014,07,23,4,680.59552
2014,07,23,5,680.04065
2014,07,23,6,679.87225
2014,07,23,7,679.84058
2014,07,24,0,679.89387
2014,07,24,1,679.75537
2014,07,24,2,679.42214
2014,07,24,3,679.03693
2014,07,24,4,678.54827
2014,07,24,5,677.68505
2014,07,24,6,677.0104
2014,07,24,7,676.3484
2014,07,25,0,676.19091
2014,07,25,1,675.61043
2014,07,25,2,675.25387
2014,07,25,3,675.3675
2014,07,25,4,675.37595
2014,07,25,5,675.25272
2014,07,25,6,675.7036
2014,07,25,7,676.42264
2014,07,26,0,677.05314
2014,07,26,1,677.33277
2014,07,26,2,678.23999
2014,07,26,3,678.95759
2014,07,26,4,679.62331
2014,07,26,5,680.02732
2014,07,26,6,680.40632
2014,07,26,7,680.86759
2014,07,27,0,681.5888
2014,07,27,1,682.1758
2014,07,27,2,682.25875
2014,07,27,3,682.84861
2014,07,27,4,683.52705
2014,07,27,5,683.6911
2014,07,27,6,683.73003
2014,07,27,7,683.68912
2014,07,28,0,683.75172
2014,07,28,1,683.16415
2014,07,28,2,682.66066
2014,07,28,3,682.42862
2014,07,28,4,682.04903
2014,07,28,5,681.4204
2014,07,28,6,681.04306
2014,07,28,7,681.48707
2014,07,29,0,682.04071
2014,07,29,1,682.4637
2014,07,29,2,683.71651
2014,07,29,3,685.1288
2014,07,29,4,686.28482
2014,07,29,5,687.03925
2014,07,29,6,687.10767
2014,07,29,7,687.26913
2014,07,30,0,687.15294
2014,07,30,1,686.41773
2014,07,30,2,686.20482
2014,07,30,3,686.02039
2014,07,30,4,685.02451
2014,07,30,5,684.21131
2014,07,30,6,683.31155
2014,07,30,7,682.42607
2014,07,31,0,681.26693
2014,07,31,1,679.76159
2014,07,31,2,679.18187
2014,07,31,3,678.58205
2014,07,31,4,677.74841
2014,07,31,5,677.30381
2014,07,31,6,677.34483
2014,07,31,7,678.2424
2014,07,1,0,678.3285
2014,07,1,1,678.28375
2014,07,1,2,679.29692
2014,07,1,3,679.95389
2014,07,1,4,680.10217
2014,07,1,5,680.66137
2014,07,1,6,681.32482
2014,07,1,7,681.82391
2014,07,2,0,682.45447
2014,07,2,1,682.94995
2014,07,2,2,683.23468
2014,07,2,3,683.35736
2014,07,2,4,683.98481
2014,07,2,5,684.74335
2014,07,2,6,684.42878
2014,07,2,7,684.37298
2014,07,3,0,685.20741
2014,07,3,1,685.5052
2014,07,3,2,685.64134
2014,07,3,3,685.8725
2014,07,3,4,686.11418
2014,07,3,5,686.07217
2014,07,3,6,685.93913
2014,07,3,7,685.59718
2014,07,4,0,685.04615
2014,07,4,1,684.77516
2014,07,4,2,685.0642
2014,07,4,3,685.75131
2014,07,4,4,685.72057
2014,07,4,5,685.70562
2014,07,4,6,685.58269
2014,07,4,7,685.21534
2014,07,5,0,685.88974
2014,07,5,1,686.10756
2014,07,5,2,686.38162
2014,07,5,3,686.86757
2014,07,5,4,687.66703
2014,07,5,5,688.22166
2014,07,5,6,689.16405
2014,07,5,7,689.42264
2014,07,6,0,689.13578
2014,07,6,1,688.5037
2014,07,6,2,688.41527
2014,07,6,3,688.17173
2014,07,6,4,687.9113
2014,07,6,5,687.53663
2014,07,6,6,686.64956
2014,07,6,7,686.0003
2014,07,7,0,685.77171
2014,07,7,1,685.23981
2014,07,7,2,684.55227
2014,07,7,3,684.14502
2014,07,7,4,683.83938
2014,07,7,5,683.67264
2014,07,7,6,683.45589
2014,07,7,7,683.37748
2014,07,8,0,683.12499
2014,07,8,1,682.84888
2014,07,8,2,682.76975
2014,07,8,3,682.59128
2014,07,8,4,682.77889
2014,07,8,5,682.64113
2014,07,8,6,681.85468
2014,07,8,7,681.3903
2014,07,9,0,681.85716
2014,07,9,1,681.63116
2014,07,9,2,681.6216
2014,07,9,3,681.76504
2014,07,9,4,681.6292
2014,07,9,5,681.50303
2014,07,9,6,681.59134
2014,07,9,7,681.95436
2014,07,10,0,682.14333
2014,07,10,1,681.91154
2014,07,10,2,682.20798
2014,07,10,3,682.65852
2014,07,10,4,682.53804
2014,07,10,5,682.28402
2014,07,10,6,682.59131
2014,07,10,7,682.84963
2014,07,11,0,683.07075
2014,07,11,1,683.12203
2014,07,11,2,683.36026
2014,07,11,3,684.02533
2014,07,11,4,684.40391
2014,07,11,5,684.8002
2014,07,11,6,685.41251
2014,07,11,7,685.74231
2014,07,12,0,685.84797
2014,07,12,1,686.02303
2014,07,12,2,686.84987
2014,07,12,3,687.95446
2014,07,12,4,688.54281
2014,07,12,5,688.88712
2014,07,12,6,688.61071
2014,07,12,7,688.6214
2014,07,13,0,688.97303
2014,07,13,1,688.06243
2014,07,13,2,687.12332
2014,07,13,3,686.47868
2014,07,13,4,684.60916
2014,07,13,5,683.53354
2014,07,13,6,683.9748
2014,07,13,7,684.5633
2014,07,14,0,684.53456
2014,07,14,1,684.21915
2014,07,14,2,685.47423
2014,07,14,3,687.42862
2014,07,14,4,688.98167
2014,07,14,5,690.52996
2014,07,14,6,692.06863
2014,07,14,7,693.1987
2014,07,15,0,694.53939
2014,07,15,1,694.83534
2014,07,15,2,694.57881
2014,07,15,3,694.74493
2014,07,15,4,694.53742
2014,07,15,5,694.61225
2014,07,15,6,695.30402
2014,07,15,7,696.20227
2014,07,16,0,696.70692
2014,07,16,1,696.7706
2014,07,16,2,697.329
2014,07,16,3,697.75106
2014,07,16,4,697.87764
2014,07,16,5,698.21386
2014,07,16,6,698.85424
2014,07,16,7,699.19051
2014,07,17,0,699.88704
2014,07,17,1,699.97184
2014,07,17,2,700.18951
2014,07,17,3,700.44636
2014,07,17,4,700.44251
2014,07,17,5,700.46896
2014,07,17,6,699.69536
2014,07,17,7,698.63147
2014,07,18,0,696.2433
2014,07,18,1,693.9904
2014,07,18,2,692.27145
2014,07,18,3,690.31787
2014,07,18,4,687.67449
2014,07,18,5,685.45192
2014,07,18,6,684.04856
2014,07,18,7,683.39956
2014,07,19,0,683.24548
2014,07,19,1,682.83828
2014,07,19,2,682.46992
2014,07,19,3,682.03992
2014,07,19,4,681.89116
2014,07,19,5,682.72538
2014,07,19,6,683.52546
2014,07,19,7,684.32604
2014,07,20,0,684.54627
2014,07,20,1,684.49374
2014,07,20,2,685.80259
2014,07,20,3,686.80734
2014,07,20,4,687.35161
2014,07,20,5,688.1169
2014,07,20,6,688.54569
2014,07,20,7,689.51249
2014,07,21,0,690.12396
2014,07,21,1,690.24045
2014,07,21,2,690.29435
2014,07,21,3,690.4753
2014,07,21,4,690.02832
2014,07,21,5,689.59994
2014,07,21,6,689.80246
2014,07,21,7,690.05655
2014,07,22,0,689.40076
2014,07,22,1,688.58282
2014,07,22,2,688.72028
2014,07,22,3,688.66822
2014,07,22,4,687.70233
2014,07,22,5,686.88269
2014,07,22,6,685.96653
2014,07,22,7,685.13923
2014,07,23,0,685.07013
2014,07,23,1,685.3399
2014,07,23,2,685.89168
2014,07,23,3,685.98006
2014,07,23,4,685.93592
2014,07,23,5,685.90881
2014,07,23,6,686.3688
2014,07,23,7,686.16618
2014,07,24,0,685.75171
2014,07,24,1,685.43143
2014,07,24,2,685.19756
2014,07,24,3,685.00388
2014,07,24,4,685.14221
2014,07,24,5,685.37433
2014,07,24,6,685.31198
2014,07,24,7,685.12322
2014,07,25,0,684.41339
2014,07,25,1,683.294
2014,07,25,2,682.35665
2014,07,25,3,681.70151
2014,07,25,4,681.75037
2014,07,25,5,681.69474
2014,07,25,6,681.41317
2014,07,25,7,681.18192
2014,07,26,0,680.75956
2014,07,26,1,680.36707
2014,07,26,2,680.41147
2014,07,26,3,680.1636
2014,07,26,4,679.73255
2014,07,26,5,679.4185
2014,07,26,6,679.25644
2014,07,26,7,679.10095
2014,07,27,0,679.04541
2014,07,27,1,678.46524
2014,07,27,2,677.82593
2014,07,27,3,677.68636
2014,07,27,4,677.97091
2014,07,27,5,678.24968
2014,07,27,6,678.31255
2014,07,27,7,678.42519
2014,07,28,0,678.63325
2014,07,28,1,678.98959
2014,07,28,2,679.74558
2014,07,28,3,680.18439
2014,07,28,4,679.76697
2014,07,28,5,679.35428
2014,07,28,6,679.0747
2014,07,28,7,679.05345
2014,07,29,0,679.22864
2014,07,29,1,679.17744
2014,07,29,2,679.85173
2014,07,29,3,680.58124
2014,07,29,4,681.17809
2014,07,29,5,681.95112
2014,07,29,6,682.52929
2014,07,29,7,683.02545
2014,07,30,0,683.67047
2014,07,30,1,683.73604
2014,07,30,2,683.86915
2014,07,30,3,684.68573
2014,07,30,4,685.6583
2014,07,30,5,686.56409
2014,07,30,6,686.98429
2014,07,30,7,687.08856
2014,07,1,0,687.6364
2014,07,1,1,688.0651
2014,07,1,2,689.0245
2014,07,1,3,689.89602
2014,07,1,4,689.67598
2014,07,1,5,689.52503
2014,07,1,6,690.17725
2014,07,1,7,690.88637
2014,07,2,0,690.91364
2014,07,2,1,690.62593
2014,07,2,2,691.48341
2014,07,2,3,692.48296
2014,07,2,4,693.18068
2014,07,2,5,693.9378
2014,07,2,6,695.0613
2014,07,2,7,695.92908
2014,07,3,0,696.32044
2014,07,3,1,696.40057
2014,07,3,2,696.82588
2014,07,3,3,697.28106
2014,07,3,4,697.85458
2014,07,3,5,698.03816
2014,07,3,6,697.86476
2014,07,3,7,697.67474
2014,07,4,0,699.03976
2014,07,4,1,699.95423
2014,07,4,2,700.29678
2014,07,4,3,700.32962
2014,07,4,4,700.01588
2014,07,4,5,699.97499
2014,07,4,6,699.77848
2014,07,4,7,699.91848
2014,07,5,0,699.5212
2014,07,5,1,698.64877
2014,07,5,2,698.78737
2014,07,5,3,698.61201
2014,07,5,4,697.61527
2014,07,5,5,696.58943
2014,07,5,6,695.53851
2014,07,5,7,694.59781
2014,07,6,0,693.76891
2014,07,6,1,693.12665
2014,07,6,2,692.06354
2014,07,6,3,691.26702
2014,07,6,4,690.67996
2014,07,6,5,690.3721
2014,07,6,6,690.24116
2014,07,6,7,690.24096
2014,07,7,0,690.71056
2014,07,7,1,690.93903
2014,07,7,2,691.32395
2014,07,7,3,691.80705
2014,07,7,4,691.96156
2014,07,7,5,691.89735
2014,07,7,6,691.91263
2014,07,7,7,691.82935
2014,07,8,0,691.08262
2014,07,8,1,690.34633
2014,07,8,2,690.66366
2014,07,8,3,691.58975
2014,07,8,4,692.60552
2014,07,8,5,693.29634
2014,07,8,6,693.4896
2014,07,8,7,693.75421
2014,07,9,0,694.90311
2014,07,9,1,695.71745
2014,07,9,2,696.61893
2014,07,9,3,697.68785
2014,07,9,4,698.26201
2014,07,9,5,698.97485
2014,07,9,6,699.2027
2014,07,9,7,699.68228
2014,07,10,0,700.12452
2014,07,10,1,700.05199
2014,07,10,2,699.57848
2014,07,10,3,699.69268
2014,07,10,4,700.34899
2014,07,10,5,701.75612
2014,07,10,6,702.01621
2014,07,10,7,702.45548
2014,07,11,0,703.30339
2014,07,11,1,703.59046
2014,07,11,2,703.23953
2014,07,11,3,703.0226
2014,07,11,4,702.66184
2014,07,11,5,702.26496
2014,07,11,6,702.17342
2014,07,11,7,701.90517
2014,07,12,0,701.22845
2014,07,12,1,700.60106
2014,07,12,2,700.5501
2014,07,12,3,701.73749
2014,07,12,4,702.10621
2014,07,12,5,702.4471
2014,07,12,6,703.06012
2014,07,12,7,703.65095
2014,07,13,0,703.41548
2014,07,13,1,702.51257
2014,07,13,2,701.80809
2014,07,13,3,700.1324
2014,07,13,4,698.77169
2014,07,13,5,697.5463
2014,07,13,6,696.67612
2014,07,13,7,696.02054
2014,07,14,0,694.92899
2014,07,14,1,693.79408
2014,07,14,2,692.22914
2014,07,14,3,690.71015
2014,07,14,4,689.19168
2014,07,14,5,687.77152
2014,07,14,6,687.01798
2014,07,14,7,686.22369
2014,07,15,0,685.77109
2014,07,15,1,685.30048
2014,07,15,2,685.63287
2014,07,15,3,685.67189
2014,07,15,4,685.74501
2014,07,15,5,686.53958
2014,07,15,6,687.42223
2014,07,15,7,687.6565
2014,07,16,0,687.17402
2014,07,16,1,686.42762
2014,07,16,2,686.14503
2014,07,16,3,685.74135
2014,07,16,4,685.07492
2014,07,16,5,684.13398
2014,07,16,6,683.00395
2014,07,16,7,682.2533
2014,07,17,0,681.27847
2014,07,17,1,680.2816
2014,07,17,2,679.96911
2014,07,17,3,679.62182
2014,07,17,4,679.01065
2014,07,17,5,678.73636
2014,07,17,6,678.86632
2014,07,17,7,679.28868
2014,07,18,0,679.89057
2014,07,18,1,680.29089
2014,07,18,2,680.67582
2014,07,18,3,681.24732
2014,07,18,4,681.49399
2014,07,18,5,681.95646
2014,07,18,6,682.49028
2014,07,18,7,682.9777
2014,07,19,0,683.563
2014,07,19,1,683.65666
2014,07,19,2,683.58607
2014,07,19,3,683.68878
2014,07,19,4,683.4472
2014,07,19,5,683.46405
2014,07,19,6,683.35754
2014,07,19,7,683.12085
2014,07,20,0,683.20596
2014,07,20,1,683.57525
2014,07,20,2,683.69904
2014,07,20,3,684.16216
2014,07,20,4,684.72582
2014,07,20,5,685.31419
2014,07,20,6,686.09963
2014,07,20,7,687.23425
2014,07,21,0,688.05081
2014,07,21,1,688.50944
2014,07,21,2,689.31699
2014,07,21,3,690.31232
2014,07,21,4,690.57143
2014,07,21,5,690.4318
2014,07,21,6,690.81382
2014,07,21,7,691.06778
2014,07,22,0,690.46118
2014,07,22,1,689.62038
2014,07,22,2,689.23292
2014,07,22,3,688.84002
2014,07,22,4,688.17476
2014,07,22,5,687.44029
2014,07,22,6,687.42292
2014,07,22,7,687.86399
2014,07,23,0,688.25923
2014,07,23,1,688.58268
2014,07,23,2,689.33426
2014,07,23,3,690.10526
2014,07,23,4,690.12988
2014,07,23,5,689.62014
2014,07,23,6,689.67807
2014,07,23,7,689.70648
2014,07,24,0,689.65917
2014,07,24,1,689.35065
2014,07,24,2,689.10217
2014,07,24,3,689.49343
2014,07,24,4,689.61569
2014,07,24,5,689.635
2014,07,24,6,690.10668
2014,07,24,7,690.51815
2014,07,25,0,691.25073
2014,07,25,1,691.82017
2014,07,25,2,692.25974
2014,07,25,3,692.76942
2014,07,25,4,692.68365
2014,07,25,5,692.46345
2014,07,25,6,691.81734
2014,07,25,7,690.94093
2014,07,26,0,689.95729
2014,07,26,1,688.92766
2014,07,26,2,689.14619
2014,07,26,3,689.75439
2014,07,26,4,691.09236
2014,07,26,5,692.75236
2014,07,26,6,694.20092
2014,07,26,7,695.6554
2014,07,27,0,697.90528
2014,07,27,1,699.47029
2014,07,27,2,700.38973
2014,07,27,3,701.51766
2014,07,27,4,702.65141
2014,07,27,5,702.98622
2014,07,27,6,703.75546
2014,07,27,7,704.29552
2014,07,28,0,704.53987
2014,07,28,1,704.46703
2014,07,28,2,704.12844
2014,07,28,3,704.24084
2014,07,28,4,703.97486
2014,07,28,5,703.38145
2014,07,28,6,703.05918
2014,07,28,7,702.83142
2014,07,29,0,702.08138
2014,07,29,1,700.79163
2014,07,29,2,700.28062
2014,07,29,3,699.62173
2014,07,29,4,698.43428
2014,07,29,5,697.34049
2014,07,29,6,696.42055
2014,07,29,7,695.54654
2014,07,30,0,694.4482
2014,07,30,1,693.68298
2014,07,30,2,693.31106
2014,07,30,3,693.3686
2014,07,30,4,693.19075
2014,07,30,5,693.07923
2014,07,30,6,692.989
2014,07,30,7,692.80591
2014,07,31,0,692.9789
2014,07,31,1,693.25584
2014,07,31,2,693.95249
2014,07,31,3,694.44136
2014,07,31,4,695.09059
2014,07,31,5,694.87818
2014,07,31,6,693.66387
2014,07,31,7,692.59852
2014,07,1,0,691.73278
2014,07,1,1,690.07222
2014,07,1,2,688.58947
2014,07,1,3,688.26147
2014,07,1,4,687.1245
2014,07,1,5,686.1797
2014,07,1,6,685.44118
2014,07,1,7,684.93928
2014,07,2,0,684.80215
2014,07,2,1,684.53512
2014,07,2,2,685.01956
2014,07,2,3,686.08822
2014,07,2,4,686.94986
2014,07,2,5,688.05752
2014,07,2,6,689.92584
2014,07,2,7,690.97188
2014,07,3,0,691.88357
2014,07,3,1,692.64097
2014,07,3,2,693.84028
2014,07,3,3,694.69943
2014,07,3,4,694.26496
2014,07,3,5,693.81707
2014,07,3,6,693.34963
2014,07,3,7,692.45217
2014,07,4,0,692.23211
2014,07,4,1,691.44422
2014,07,4,2,691.25195
2014,07,4,3,690.83655
2014,07,4,4,689.69564
2014,07,4,5,688.36781
2014,07,4,6,687.9397
2014,07,4,7,687.90812
2014,07,5,0,687.22536
2014,07,5,1,686.99052
2014,07,5,2,687.24997
2014,07,5,3,687.39827
2014,07,5,4,688.08505
2014,07,5,5,689.01915
2014,07,5,6,689.83864
2014,07,5,7,690.38061
2014,07,6,0,690.40236
2014,07,6,1,689.04148
2014,07,6,2,688.61167
2014,07,6,3,688.80244
2014,07,6,4,689.00854
2014,07,6,5,689.2812
2014,07,6,6,689.46021
2014,07,6,7,689.55656
2014,07,7,0,689.80812
2014,07,7,1,689.73288
2014,07,7,2,690.18422
2014,07,7,3,690.68064
2014,07,7,4,691.00481
2014,07,7,5,690.72534
2014,07,7,6,690.09977
2014,07,7,7,689.29582
2014,07,8,0,687.02749
2014,07,8,1,684.3663
2014,07,8,2,683.61916
2014,07,8,3,682.9086
2014,07,8,4,681.61742
2014,07,8,5,680.70055
2014,07,8,6,679.99183
2014,07,8,7,679.26706
2014,07,9,0,678.50931
2014,07,9,1,677.85845
2014,07,9,2,677.58859
2014,07,9,3,677.47389
2014,07,9,4,677.61646
2014,07,9,5,677.52849
2014,07,9,6,677.23094
2014,07,9,7,677.33889
2014,07,10,0,676.90707
2014,07,10,1,676.18602
2014,07,10,2,676.53036
2014,07,10,3,676.96754
2014,07,10,4,676.76364
2014,07,10,5,676.54582
2014,07,10,6,676.37753
2014,07,10,7,675.73443
2014,07,11,0,675.60981
2014,07,11,1,675.43206
2014,07,11,2,675.60367
2014,07,11,3,675.98542
2014,07,11,4,676.34711
2014,07,11,5,676.89186
2014,07,11,6,676.9582
2014,07,11,7,677.33504
2014,07,12,0,678.13104
2014,07,12,1,678.7739
2014,07,12,2,679.56417
2014,07,12,3,680.23066
2014,07,12,4,680.69286
2014,07,12,5,681.33428
2014,07,12,6,682.55318
2014,07,12,7,683.75783
2014,07,13,0,685.0312
2014,07,13,1,685.95605
2014,07,13,2,687.40896
2014,07,13,3,688.60162
2014,07,13,4,689.16963
2014,07,13,5,690.37626
2014,07,13,6,691.32671
2014,07,13,7,692.11397
2014,07,14,0,692.83462
2014,07,14,1,693.09383
2014,07,14,2,694.39507
2014,07,14,3,695.57461
2014,07,14,4,696.32821
2014,07,14,5,697.22486
2014,07,14,6,697.8369
2014,07,14,7,697.74763
2014,07,15,0,697.81659
2014,07,15,1,697.151
2014,07,15,2,696.92656
2014,07,15,3,695.99336
2014,07,15,4,695.1526
2014,07,15,5,693.90799
2014,07,15,6,693.39827
2014,07,15,7,693.47125
2014,07,16,0,693.92535
2014,07,16,1,694.79541
2014,07,16,2,696.66566
2014,07,16,3,697.94365
2014,07,16,4,698.14098
2014,07,16,5,697.9101
2014,07,16,6,697.42237
2014,07,16,7,697.26817
2014,07,17,0,696.26601
2014,07,17,1,695.14482
2014,07,17,2,695.72848
2014,07,17,3,695.83293
2014,07,17,4,695.85151
2014,07,17,5,696.28427
2014,07,17,6,695.69683
2014,07,17,7,694.71261
2014,07,18,0,692.77938
2014,07,18,1,691.17837
2014,07,18,2,690.2873
2014,07,18,3,690.43047
2014,07,18,4,690.63429
2014,07,18,5,690.18796
2014,07,18,6,688.7833
2014,07,18,7,687.05825
2014,07,19,0,685.48407
2014,07,19,1,684.87728
2014,07,19,2,684.1906
2014,07,19,3,682.98119
2014,07,19,4,682.92565
2014,07,19,5,682.65459
2014,07,19,6,682.16134
2014,07,19,7,682.0915
2014,07,20,0,682.12552
2014,07,20,1,682.57748
2014,07,20,2,683.79062
2014,07,20,3,685.22598
2014,07,20,4,685.96273
2014,07,20,5,686.55733
2014,07,20,6,686.96467
2014,07,20,7,687.37892
2014,07,21,0,688.1239
2014,07,21,1,688.3853
2014,07,21,2,688.65783
2014,07,21,3,688.39919
2014,07,21,4,687.9342
2014,07,21,5,687.70729
2014,07,21,6,687.717
2014,07,21,7,687.89223
2014,07,22,0,688.45661
2014,07,22,1,688.94561
2014,07,22,2,689.16758
2014,07,22,3,689.43669
2014,07,22,4,689.97198
2014,07,22,5,690.03122
2014,07,22,6,690.1046
2014,07,22,7,689.61139
2014,07,23,0,689.65527
2014,07,23,1,689.69536
2014,07,23,2,689.40196
2014,07,23,3,689.58016
2014,07,23,4,689.95721
2014,07,23,5,690.55739
2014,07,23,6,691.55086
2014,07,23,7,692.7981
2014,07,24,0,693.63936
2014,07,24,1,694.16844
2014,07,24,2,694.22804
2014,07,24,3,694.31995
2014,07,24,4,694.87446
2014,07,24,5,695.31692
2014,07,24,6,695.28273
2014,07,24,7,695.46525
2014,07,25,0,694.92841
2014,07,25,1,694.08915
2014,07,25,2,693.59749
2014,07,25,3,693.38399
2014,07,25,4,693.99646
2014,07,25,5,694.64794
2014,07,25,6,694.68898
2014,07,25,7,694.14358
2014,07,26,0,693.12564
2014,07,26,1,692.42288
2014,07,26,2,692.07412
2014,07,26,3,691.95135
2014,07,26,4,691.55812
2014,07,26,5,690.81763
2014,07,26,6,690.30182
2014,07,26,7,690.13564
2014,07,27,0,689.34118
2014,07,27,1,688.59571
2014,07,27,2,688.25182
2014,07,27,3,687.98393
2014,07,27,4,687.42136
2014,07,27,5,686.6182
2014,07,27,6,686.00095
2014,07,27,7,685.47873
2014,07,28,0,684.90194
2014,07,28,1,684.5238
2014,07,28,2,685.42027
2014,07,28,3,686.62852
2014,07,28,4,686.86224
2014,07,28,5,686.87538
2014,07,28,6,685.59401
2014,07,28,7,683.79735
2014,07,29,0,682.76502
2014,07,29,1,682.29771
2014,07,29,2,683.15948
2014,07,29,3,683.82455
2014,07,29,4,684.0565
2014,07,29,5,685.12211
2014,07,29,6,685.26152
2014,07,29,7,685.0672
2014,07,30,0,685.609
2014,07,30,1,686.33743
2014,07,30,2,687.22823
2014,07,30,3,688.01739
2014,07,30,4,688.50755
2014,07,30,5,689.42431
2014,07,30,6,689.84698
2014,07,30,7,690.21198
2014,07,1,0,690.91582
2014,07,1,1,691.37089
2014,07,1,2,691.55562
2014,07,1,3,692.02183
2014,07,1,4,691.95432
2014,07,1,5,691.69919
2014,07,1,6,691.92384
2014,07,1,7,691.9319
2014,07,2,0,692.05036
2014,07,2,1,691.67911
2014,07,2,2,691.09441
2014,07,2,3,690.38789
2014,07,2,4,689.60449
2014,07,2,5,689.04325
2014,07,2,6,688.16756
2014,07,2,7,687.43595
2014,07,3,0,686.39649
2014,07,3,1,685.37415
2014,07,3,2,684.43999
2014,07,3,3,683.35664
2014,07,3,4,682.54043
2014,07,3,5,681.65108
2014,07,3,6,680.601
2014,07,3,7,679.74263
2014,07,4,0,678.84981
2014,07,4,1,678.28573
2014,07,4,2,677.87527
2014,07,4,3,677.53228
2014,07,4,4,676.89081
2014,07,4,5,676.49336
2014,07,4,6,676.49842
2014,07,4,7,676.62495
2014,07,5,0,676.7632
2014,07,5,1,676.86587
2014,07,5,2,677.24669
2014,07,5,3,677.48672
2014,07,5,4,677.26491
2014,07,5,5,677.14152
2014,07,5,6,677.02094
2014,07,5,7,677.02585
2014,07,6,0,677.42415
2014,07,6,1,677.65643
2014,07,6,2,677.91297
2014,07,6,3,678.30373
2014,07,6,4,678.46027
2014,07,6,5,678.59556
2014,07,6,6,678.43029
2014,07,6,7,678.28605
2014,07,7,0,677.80767
2014,07,7,1,677.20764
2014,07,7,2,677.66334
2014,07,7,3,677.93677
2014,07,7,4,677.2368
2014,07,7,5,676.30576
2014,07,7,6,676.55212
2014,07,7,7,676.53327
2014,07,8,0,676.29371
2014,07,8,1,675.01647
2014,07,8,2,674.37689
2014,07,8,3,674.19471
2014,07,8,4,674.21752
2014,07,8,5,674.23678
2014,07,8,6,674.6499
2014,07,8,7,674.39204
2014,07,9,0,672.94532
2014,07,9,1,671.97876
2014,07,9,2,672.06436
2014,07,9,3,672.83546
2014,07,9,4,672.91686
2014,07,9,5,672.47153
2014,07,9,6,672.34618
2014,07,9,7,672.34594
2014,07,10,0,672.04927
2014,07,10,1,671.41403
2014,07,10,2,671.07689
2014,07,10,3,670.80083
2014,07,10,4,670.33071
2014,07,10,5,669.85528
2014,07,10,6,669.90732
2014,07,10,7,670.51274
2014,07,11,0,671.12679
2014,07,11,1,671.27073
2014,07,11,2,672.48901
2014,07,11,3,673.70665
2014,07,11,4,674.66112
2014,07,11,5,675.81431
2014,07,11,6,677.05438
2014,07,11,7,677.75467
2014,07,12,0,678.34149
2014,07,12,1,678.43927
2014,07,12,2,678.45247
2014,07,12,3,678.52608
2014,07,12,4,677.38083
2014,07,12,5,676.89821
2014,07,12,6,676.48992
2014,07,12,7,676.05423
2014,07,13,0,676.12238
2014,07,13,1,676.40698
2014,07,13,2,677.16185
2014,07,13,3,677.83231
2014,07,13,4,679.25958
2014,07,13,5,680.58097
2014,07,13,6,680.9191
2014,07,13,7,680.81484
2014,07,14,0,681.35765
2014,07,14,1,681.66568
2014,07,14,2,681.75546
2014,07,14,3,681.75409
2014,07,14,4,681.08077
2014,07,14,5,680.74115
2014,07,14,6,681.33917
2014,07,14,7,681.69978
2014,07,15,0,682.15307
2014,07,15,1,682.3239
2014,07,15,2,682.68848
2014,07,15,3,682.00982
2014,07,15,4,680.40922
2014,07,15,5,678.94412
2014,07,15,6,677.99306
2014,07,15,7,677.5858
2014,07,16,0,677.39233
2014,07,16,1,677.66694
2014,07,16,2,678.11007
2014,07,16,3,678.91531
2014,07,16,4,679.88586
2014,07,16,5,680.56134
2014,07,16,6,681.87163
2014,07,16,7,682.93806
2014,07,17,0,682.53748
2014,07,17,1,681.67055
2014,07,17,2,681.46212
2014,07,17,3,681.161
2014,07,17,4,681.48398
2014,07,17,5,682.0609
2014,07,17,6,683.03218
2014,07,17,7,684.47719
2014,07,18,0,685.62577
2014,07,18,1,686.47085
2014,07,18,2,687.79254
2014,07,18,3,688.96218
2014,07,18,4,689.64735
2014,07,18,5,690.45991
2014,07,18,6,691.64254
2014,07,18,7,692.13302
2014,07,19,0,693.03647
2014,07,19,1,693.69433
2014,07,19,2,694.06654
2014,07,19,3,694.69787
2014,07,19,4,694.88867
2014,07,19,5,695.21692
2014,07,19,6,695.88125
2014,07,19,7,696.09864
2014,07,20,0,697.03301
2014,07,20,1,697.84404
2014,07,20,2,698.11109
2014,07,20,3,698.44988
2014,07,20,4,698.38684
2014,07,20,5,698.42492
2014,07,20,6,698.22084
2014,07,20,7,698.11406
2014,07,21,0,698.04884
2014,07,21,1,697.59537
2014,07,21,2,697.18638
2014,07,21,3,697.17956
2014,07,21,4,696.89603
2014,07,21,5,696.18274
2014,07,21,6,695.84006
2014,07,21,7,694.81956
2014,07,22,0,693.80088
2014,07,22,1,693.42769
2014,07,22,2,693.2604
2014,07,22,3,692.73509
2014,07,22,4,691.7009
2014,07,22,5,689.81011
2014,07,22,6,686.11646
2014,07,22,7,683.24789
2014,07,23,0,681.9429
2014,07,23,1,680.94401
2014,07,23,2,680.59187
2014,07,23,3,680.16478
2014,07,23,4,679.83754
2014,07,23,5,679.79597
2014,07,23,6,680.00737
2014,07,23,7,680.34059
2014,07,24,0,680.35411
2014,07,24,1,679.98558
2014,07,24,2,679.92232
2014,07,24,3,679.94744
2014,07,24,4,679.62834
2014,07,24,5,679.34881
2014,07,24,6,678.3778
2014,07,24,7,677.96702
2014,07,25,0,677.69429
2014,07,25,1,677.66316
2014,07,25,2,678.29893
2014,07,25,3,679.61411
2014,07,25,4,680.06189
2014,07,25,5,680.90893
2014,07,25,6,681.61032
2014,07,25,7,681.92576
2014,07,26,0,682.25147
2014,07,26,1,682.17185
2014,07,26,2,681.89992
2014,07,26,3,681.36742
2014,07,26,4,680.70681
2014,07,26,5,679.73728
2014,07,26,6,678.42658
2014,07,26,7,677.37974
2014,07,27,0,676.62121
2014,07,27,1,675.76333
2014,07,27,2,675.27624
2014,07,27,3,674.79165
2014,07,27,4,673.9853
2014,07,27,5,673.37899
2014,07,27,6,673.74898
2014,07,27,7,674.4044
2014,07,28,0,675.72739
2014,07,28,1,676.76064
2014,07,28,2,677.59004
2014,07,28,3,678.50554
2014,07,28,4,679.33947
2014,07,28,5,680.39907
2014,07,28,6,680.65161
2014,07,28,7,680.81313
2014,07,29,0,681.45054
2014,07,29,1,681.98862
2014,07,29,2,681.75556
2014,07,29,3,681.41145
2014,07,29,4,680.9847
2014,07,29,5,680.90104
2014,07,29,6,681.45133
2014,07,29,7,682.2441
2014,07,30,0,682.83717
2014,07,30,1,683.62066
2014,07,30,2,684.1109
2014,07,30,3,684.80013
2014,07,30,4,685.69829
2014,07,30,5,686.43982
2014,07,30,6,686.81266
2014,07,30,7,686.84917
2014,07,31,0,687.48453
2014,07,31,1,688.04478
2014,07,31,2,688.32817
2014,07,31,3,688.58035
2014,07,31,4,688.36011
2014,07,31,5,688.04577
2014,07,31,6,687.59805
2014,07,31,7,687.34902
2014,07,1,0,687.43494
2014,07,1,1,687.09882
2014,07,1,2,686.52687
2014,07,1,3,685.6946
2014,07,1,4,684.88637
2014,07,1,5,684.33435
2014,07,1,6,683.61737
2014,07,1,7,682.83771
2014,07,2,0,681.73004
2014,07,2,1,680.86328
2014,07,2,2,680.58744
2014,07,2,3,680.5962
2014,07,2,4,679.89808
2014,07,2,5,679.98659
2014,07,2,6,680.03018
2014,07,2,7,680.2163
2014,07,3,0,680.86184
2014,07,3,1,681.66692
2014,07,3,2,682.15565
2014,07,3,3,682.74216
2014,07,3,4,683.46386
2014,07,3,5,684.13817
2014,07,3,6,684.59113
2014,07,3,7,685.24922
2014,07,4,0,685.29797
2014,07,4,1,685.04971
2014,07,4,2,685.2695
2014,07,4,3,685.17976
2014,07,4,4,684.17527
2014,07,4,5,683.26729
2014,07,4,6,682.74201
2014,07,4,7,682.15452
2014,07,5,0,682.04325
2014,07,5,1,682.07377
2014,07,5,2,681.87577
2014,07,5,3,681.85952
2014,07,5,4,681.91754
2014,07,5,5,681.9931
2014,07,5,6,682.11704
2014,07,5,7,682.62779
2014,07,6,0,683.4316
2014,07,6,1,683.94669
2014,07,6,2,684.0343
2014,07,6,3,684.38236
2014,07,6,4,684.5164
2014,07,6,5,684.77012
2014,07,6,6,685.03659
2014,07,6,7,684.84843
2014,07,7,0,685.02367
2014,07,7,1,685.84763
2014,07,7,2,686.13288
2014,07,7,3,686.11784
2014,07,7,4,686.31207
2014,07,7,5,686.70264
2014,07,7,6,686.44275
2014,07,7,7,686.27317
2014,07,8,0,686.44332
2014,07,8,1,686.81653
2014,07,8,2,686.94426
2014,07,8,3,687.02838
2014,07,8,4,686.99566
2014,07,8,5,686.78596
2014,07,8,6,687.01331
2014,07,8,7,687.61653
2014,07,9,0,687.63958
2014,07,9,1,687.18629
2014,07,9,2,687.08098
2014,07,9,3,687.14362
2014,07,9,4,686.60558
2014,07,9,5,685.78905
2014,07,9,6,684.59032
2014,07,9,7,683.81092
2014,07,10,0,683.4294
2014,07,10,1,683.14197
2014,07,10,2,683.13283
2014,07,10,3,683.27326
2014,07,10,4,682.4612
2014,07,10,5,681.71544
2014,07,10,6,681.05485
2014,07,10,7,680.48623
2014,07,11,0,680.00683
2014,07,11,1,679.54255
2014,07,11,2,679.34305
2014,07,11,3,679.19526
2014,07,11,4,679.12545
2014,07,11,5,679.17468
2014,07,11,6,679.26972
2014,07,11,7,679.46667
2014,07,12,0,679.73039
2014,07,12,1,679.81117
2014,07,12,2,679.86741
2014,07,12,3,680.02189
2014,07,12,4,679.42749
2014,07,12,5,679.76463
2014,07,12,6,680.26551
2014,07,12,7,680.58448
2014,07,13,0,681.19616
2014,07,13,1,682.07498
2014,07,13,2,682.45202
2014,07,13,3,682.79333
2014,07,13,4,683.19782
2014,07,13,5,683.3677
2014,07,13,6,683.48102
2014,07,13,7,683.45994
2014,07,14,0,683.76548
2014,07,14,1,683.95793
2014,07,14,2,683.92187
2014,07,14,3,684.047
2014,07,14,4,683.96588
2014,07,14,5,683.70803
2014,07,14,6,683.52986
2014,07,14,7,683.8897
2014,07,15,0,684.49584
2014,07,15,1,684.83755
2014,07,15,2,684.64522
2014,07,15,3,684.58318
2014,07,15,4,683.80625
2014,07,15,5,682.99879
2014,07,15,6,682.16763
2014,07,15,7,681.53466
2014,07,16,0,680.46866
2014,07,16,1,679.82959
2014,07,16,2,679.85164
2014,07,16,3,679.96165
2014,07,16,4,679.88963
2014,07,16,5,679.49944
2014,07,16,6,679.14829
2014,07,16,7,678.87713
2014,07,17,0,678.38921
2014,07,17,1,677.55113
2014,07,17,2,676.36531
2014,07,17,3,675.40685
2014,07,17,4,674.1577
2014,07,17,5,673.33419
2014,07,17,6,672.57388
2014,07,17,7,671.98596
2014,07,18,0,671.51943
2014,07,18,1,671.16708
2014,07,18,2,671.03571
2014,07,18,3,670.84433
2014,07,18,4,670.65849
2014,07,18,5,670.96505
2014,07,18,6,671.36266
2014,07,18,7,672.50341
2014,07,19,0,673.27806
2014,07,19,1,674.33165
2014,07,19,2,675.32438
2014,07,19,3,676.59865
2014,07,19,4,677.89293
2014,07,19,5,679.09084
2014,07,19,6,679.97708
2014,07,19,7,680.92143
2014,07,20,0,681.98538
2014,07,20,1,682.98489
2014,07,20,2,683.16649
2014,07,20,3,683.54862
2014,07,20,4,683.81993
2014,07,20,5,683.75311
2014,07,20,6,683.87224
2014,07,20,7,684.0313
2014,07,21,0,684.22101
2014,07,21,1,684.54841
2014,07,21,2,684.90293
2014,07,21,3,685.64368
2014,07,21,4,686.26481
2014,07,21,5,686.82998
2014,07,21,6,687.46138
2014,07,21,7,688.19905
2014,07,22,0,688.38466
2014,07,22,1,688.18883
2014,07,22,2,687.4221
2014,07,22,3,686.63313
2014,07,22,4,685.30617
2014,07,22,5,684.38891
2014,07,22,6,683.93994
2014,07,22,7,683.58871
2014,07,23,0,683.30065
2014,07,23,1,682.69742
2014,07,23,2,681.7157
2014,07,23,3,680.57812
2014,07,23,4,680.07467
2014,07,23,5,680.6634
2014,07,23,6,681.31301
2014,07,23,7,683.39314
2014,07,24,0,686.11947
2014,07,24,1,689.29616
2014,07,24,2,691.08152
2014,07,24,3,691.36208
2014,07,24,4,692.24084
2014,07,24,5,692.99157
2014,07,24,6,693.0938
2014,07,24,7,693.44745
2014,07,25,0,694.16885
2014,07,25,1,695.01575
2014,07,25,2,694.73558
2014,07,25,3,693.6995
2014,07,25,4,692.73542
2014,07,25,5,691.01316
2014,07,25,6,689.75537
2014,07,25,7,690.65187
2014,07,26,0,692.63579
2014,07,26,1,694.9044
2014,07,26,2,696.61036
2014,07,26,3,696.54087
2014,07,26,4,695.34901
2014,07,26,5,694.60522
2014,07,26,6,695.99749
2014,07,26,7,698.33437
2014,07,27,0,699.93637
2014,07,27,1,701.60366
2014,07,27,2,703.36691
2014,07,27,3,704.94915
2014,07,27,4,704.71478
2014,07,27,5,704.11761
2014,07,27,6,704.03641
2014,07,27,7,704.38624
2014,07,28,0,704.06484
2014,07,28,1,703.61051
2014,07,28,2,703.37315
2014,07,28,3,702.62472
2014,07,28,4,702.74347
2014,07,28,5,703.12888
2014,07,28,6,704.19384
2014,07,28,7,704.18056
2014,07,29,0,703.11726
2014,07,29,1,702.8032
2014,07,29,2,702.61834
2014,07,29,3,701.73137
2014,07,29,4,701.10893
2014,07,29,5,700.41981
2014,07,29,6,700.08867
2014,07,29,7,700.19162
2014,07,30,0,699.89173
2014,07,30,1,699.49584
2014,07,30,2,699.95696
2014,07,30,3,700.26605
2014,07,30,4,699.40817
2014,07,30,5,698.70175
2014,07,30,6,698.37971
2014,07,30,7,698.14006
2014,07,31,0,697.39898
2014,07,31,1,696.69201
2014,07,31,2,696.80187
2014,07,31,3,696.31865
2014,07,31,4,696.02687
2014,07,31,5,695.47283
2014,07,31,6,695.05741
2014,07,31,7,694.75828
2014,07,1,0,693.93665
2014,07,1,1,692.92971
2014,07,1,2,691.90487
2014,07,1,3,691.00425
2014,07,1,4,690.63578
2014,07,1,5,690.17426
2014,07,1,6,690.08028
2014,07,1,7,690.2994
2014,07,2,0,690.50074
2014,07,2,1,690.74599
2014,07,2,2,690.94892
2014,07,2,3,691.2352
2014,07,2,4,690.66828
2014,07,2,5,689.97855
2014,07,2,6,689.98487
2014,07,2,7,689.66109
2014,07,3,0,689.5307
2014,07,3,1,689.33121
2014,07,3,2,688.50785
2014,07,3,3,688.02392
2014,07,3,4,687.99905
2014,07,3,5,687.52037
2014,07,3,6,687.36299
2014,07,3,7,687.62541
2014,07,4,0,687.62403
2014,07,4,1,687.37177
2014,07,4,2,686.98634
2014,07,4,3,686.21992
2014,07,4,4,685.69781
2014,07,4,5,684.94922
2014,07,4,6,684.18094
2014,07,4,7,683.73844
2014,07,5,0,683.62975
2014,07,5,1,683.26147
2014,07,5,2,683.06242
2014,07,5,3,683.18746
2014,07,5,4,683.56967
2014,07,5,5,684.17241
2014,07,5,6,684.80359
2014,07,5,7,685.15689
2014,07,6,0,685.16088
2014,07,6,1,684.50956
2014,07,6,2,684.00431
2014,07,6,3,683.67369
2014,07,6,4,682.65492
2014,07,6,5,681.67849
2014,07,6,6,681.15982
2014,07,6,7,680.70081
2014,07,7,0,680.79633
2014,07,7,1,680.99964
2014,07,7,2,681.14806
2014,07,7,3,682.04029
2014,07,7,4,683.00103
2014,07,7,5,683.70309
2014,07,7,6,684.89763
2014,07,7,7,686.09059
2014,07,8,0,686.90976
2014,07,8,1,687.52267
2014,07,8,2,688.49149
2014,07,8,3,689.35588
2014,07,8,4,689.70388
2014,07,8,5,690.12363
2014,07,8,6,690.83718
2014,07,8,7,691.67174
2014,07,9,0,692.60895
2014,07,9,1,693.57126
2014,07,9,2,694.52554
2014,07,9,3,695.12173
2014,07,9,4,695.2229
2014,07,9,5,695.69913
2014,07,9,6,695.61998
2014,07,9,7,695.61213
2014,07,10,0,695.89063
2014,07,10,1,695.39895
2014,07,10,2,695.12333
2014,07,10,3,694.9077
2014,07,10,4,694.0604
2014,07,10,5,693.65625
2014,07,10,6,694.31968
2014,07,10,7,695.18731
2014,07,11,0,695.70995
2014,07,11,1,696.3838
2014,07,11,2,696.62768
2014,07,11,3,696.7438
2014,07,11,4,697.14274
2014,07,11,5,697.67877
2014,07,11,6,698.4385
2014,07,11,7,698.62492
2014,07,12,0,699.25859
2014,07,12,1,699.82047
2014,07,12,2,699.24212
2014,07,12,3,698.78299
2014,07,12,4,698.52267
2014,07,12,5,697.44548
2014,07,12,6,697.01955
2014,07,12,7,696.28037
2014,07,13,0,695.5341
2014,07,13,1,694.98116
2014,07,13,2,694.40768
2014,07,13,3,694.14347
2014,07,13,4,694.64148
2014,07,13,5,694.69138
2014,07,13,6,693.94522
2014,07,13,7,693.06034
2014,07,14,0,692.41318
2014,07,14,1,691.3936
2014,07,14,2,691.41143
2014,07,14,3,691.03803
2014,07,14,4,690.10177
2014,07,14,5,689.42849
2014,07,14,6,688.74119
2014,07,14,7,688.1351
2014,07,15,0,687.43957
2014,07,15,1,687.08286
2014,07,15,2,687.34639
2014,07,15,3,687.89851
2014,07,15,4,687.7599
2014,07,15,5,688.01122
2014,07,15,6,688.93971
2014,07,15,7,689.40872
2014,07,16,0,689.62974
2014,07,16,1,689.44962
2014,07,16,2,689.3977
2014,07,16,3,689.57556
2014,07,16,4,689.82166
2014,07,16,5,690.05539
2014,07,16,6,690.3556
2014,07,16,7,690.88097
2014,07,17,0,691.80461
2014,07,17,1,692.55774
2014,07,17,2,693.43668
2014,07,17,3,694.49484
2014,07,17,4,695.42439
2014,07,17,5,695.98003
2014,07,17,6,697.03191
2014,07,17,7,697.9255
2014,07,18,0,698.20356
2014,07,18,1,698.21565
2014,07,18,2,698.17695
2014,07,18,3,697.87645
2014,07,18,4,696.91424
2014,07,18,5,695.82851
2014,07,18,6,695.65611
2014,07,18,7,695.49924
2014,07,19,0,694.66187
2014,07,19,1,694.31662
2014,07,19,2,694.65948
2014,07,19,3,694.43973
2014,07,19,4,692.96052
2014,07,19,5,691.90545
2014,07,19,6,692.05007
2014,07,19,7,692.30501
2014,07,20,0,692.03916
2014,07,20,1,692.41682
2014,07,20,2,693.56578
2014,07,20,3,694.63142
2014,07,20,4,694.98244
2014,07,20,5,695.30594
2014,07,20,6,695.62365
2014,07,20,7,695.48959
2014,07,21,0,695.51894
2014,07,21,1,695.30996
2014,07,21,2,695.8293
2014,07,21,3,696.5098
2014,07,21,4,696.78871
2014,07,21,5,696.84474
2014,07,21,6,696.94312
2014,07,21,7,697.23593
2014,07,22,0,696.91122
2014,07,22,1,695.99459
2014,07,22,2,695.49341
2014,07,22,3,694.83317
2014,07,22,4,693.93207
2014,07,22,5,693.31473
2014,07,22,6,692.47022
2014,07,22,7,692.04177
2014,07,23,0,690.86943
2014,07,23,1,690.11049
2014,07,23,2,690.28287
2014,07,23,3,690.1605
2014,07,23,4,690.11809
2014,07,23,5,689.8624
2014,07,23,6,690.11836
2014,07,23,7,690.9094
2014,07,24,0,691.25641
2014,07,24,1,691.28133
2014,07,24,2,692.18338
2014,07,24,3,693.21227
2014,07,24,4,693.38096
2014,07,24,5,693.5421
2014,07,24,6,693.42
2014,07,24,7,692.83582
2014,07,25,0,692.56442
2014,07,25,1,691.72535
2014,07,25,2,690.59618
2014,07,25,3,689.51684
2014,07,25,4,688.3544
2014,07,25,5,687.43165
2014,07,25,6,687.24959
2014,07,25,7,687.30202
2014,07,26,0,686.44337
2014,07,26,1,685.97455
2014,07,26,2,686.15949
2014,07,26,3,686.57428
2014,07,26,4,686.66091
2014,07,26,5,687.16
2014,07,26,6,688.13195
2014,07,26,7,688.9375
2014,07,27,0,689.62205
2014,07,27,1,689.85945
2014,07,27,2,690.37776
2014,07,27,3,690.52126
2014,07,27,4,690.9569
2014,07,27,5,691.74652
2014,07,27,6,692.52272
2014,07,27,7,693.25899
2014,07,28,0,694.21536
2014,07,28,1,694.85392
2014,07,28,2,694.91955
2014,07,28,3,695.45068
2014,07,28,4,696.67139
2014,07,28,5,697.90363
2014,07,28,6,699.1807
2014,07,28,7,700.60497
2014,07,29,0,701.39679
2014,07,29,1,702.01207
2014,07,29,2,704.20882
2014,07,29,3,706.07061
2014,07,29,4,705.22689
2014,07,29,5,704.45068
2014,07,29,6,704.54999
2014,07,29,7,704.39916
2014,07,30,0,703.40262
2014,07,30,1,702.32325
2014,07,30,2,702.04604
2014,07,30,3,701.8188
2014,07,30,4,700.92736
2014,07,30,5,699.93302
2014,07,30,6,699.51097
2014,07,30,7,698.77155
2014,07,1,0,697.52872
2014,07,1,1,696.1912
2014,07,1,2,694.9466
2014,07,1,3,693.81586
2014,07,1,4,693.53094
2014,07,1,5,693.62988
2014,07,1,6,693.019
2014,07,1,7,691.45151
2014,07,2,0,689.36496
2014,07,2,1,687.68475
2014,07,2,2,686.35389
2014,07,2,3,684.823
2014,07,2,4,684.11973
2014,07,2,5,683.95004
2014,07,2,6,683.34574
2014,07,2,7,682.45587
2014,07,3,0,682.631
2014,07,3,1,682.56934
2014,07,3,2,683.42119
2014,07,3,3,684.71811
2014,07,3,4,684.60977
2014,07,3,5,684.54425
2014,07,3,6,684.8262
2014,07,3,7,685.27704
2014,07,4,0,685.53159
2014,07,4,1,685.30621
2014,07,4,2,685.56205
2014,07,4,3,685.70825
2014,07,4,4,685.23762
2014,07,4,5,684.66484
2014,07,4,6,683.89616
2014,07,4,7,683.08376
2014,07,5,0,682.747
2014,07,5,1,682.17169
2014,07,5,2,681.78829
2014,07,5,3,681.33646
2014,07,5,4,680.98768
2014,07,5,5,680.67603
2014,07,5,6,680.71935
2014,07,5,7,680.81253
2014,07,6,0,680.63135
2014,07,6,1,680.62062
2014,07,6,2,680.68852
2014,07,6,3,680.4838
2014,07,6,4,679.67998
2014,07,6,5,678.52702
2014,07,6,6,678.01235
2014,07,6,7,677.41608
2014,07,7,0,676.3939
2014,07,7,1,675.39037
2014,07,7,2,675.07903
2014,07,7,3,674.73875
2014,07,7,4,673.52598
2014,07,7,5,672.86921
2014,07,7,6,673.06461
2014,07,7,7,673.20641
2014,07,8,0,673.584
2014,07,8,1,674.06367
2014,07,8,2,674.20558
2014,07,8,3,673.84723
2014,07,8,4,673.73999
2014,07,8,5,674.1965
2014,07,8,6,674.79867
2014,07,8,7,674.93461
2014,07,9,0,675.723
2014,07,9,1,676.72181
2014,07,9,2,676.82872
2014,07,9,3,677.1272
2014,07,9,4,677.28625
2014,07,9,5,677.13747
2014,07,9,6,676.72453
2014,07,9,7,676.10312
2014,07,10,0,675.83001
2014,07,10,1,675.27919
2014,07,10,2,674.88892
2014,07,10,3,674.70322
2014,07,10,4,674.53722
2014,07,10,5,674.19167
2014,07,10,6,674.61044
2014,07,10,7,674.89659
2014,07,11,0,675.02474
2014,07,11,1,675.09065
2014,07,11,2,675.76782
2014,07,11,3,676.3979
2014,07,11,4,676.64835
2014,07,11,5,676.44722
2014,07,11,6,676.74409
2014,07,11,7,677.06817
2014,07,12,0,676.71786
2014,07,12,1,676.06802
2014,07,12,2,675.51194
2014,07,12,3,675.36054
2014,07,12,4,675.41637
2014,07,12,5,675.62011
2014,07,12,6,675.75011
2014,07,12,7,675.6887
2014,07,13,0,675.68071
2014,07,13,1,675.79592
2014,07,13,2,675.80761
2014,07,13,3,675.7771
2014,07,13,4,675.8148
2014,07,13,5,675.86906
2014,07,13,6,676.03816
2014,07,13,7,676.37154
2014,07,14,0,676.89354
2014,07,14,1,676.95113
2014,07,14,2,677.98199
2014,07,14,3,679.02337
2014,07,14,4,678.76824
2014,07,14,5,678.22402
2014,07,14,6,678.29917
2014,07,14,7,678.52577
2014,07,15,0,678.63852
2014,07,15,1,678.45947
2014,07,15,2,678.83387
2014,07,15,3,679.45605
2014,07,15,4,679.69664
2014,07,15,5,679.85815
2014,07,15,6,680.47397
2014,07,15,7,680.92949
2014,07,16,0,681.41595
2014,07,16,1,681.61966
2014,07,16,2,681.6912
2014,07,16,3,681.92803
2014,07,16,4,681.61729
2014,07,16,5,681.26087
2014,07,16,6,682.13471
2014,07,16,7,682.85905
2014,07,17,0,682.56933
2014,07,17,1,682.09823
2014,07,17,2,682.26595
2014,07,17,3,682.35614
2014,07,17,4,682.57596
2014,07,17,5,682.29939
2014,07,17,6,682.22024
2014,07,17,7,682.39895
2014,07,18,0,682.33928
2014,07,18,1,682.20647
2014,07,18,2,682.70962
2014,07,18,3,683.29665
2014,07,18,4,683.63955
2014,07,18,5,684.17296
2014,07,18,6,685.21766
2014,07,18,7,685.72641
2014,07,19,0,686.83089
2014,07,19,1,687.7315
2014,07,19,2,688.23486
2014,07,19,3,688.68177
2014,07,19,4,689.52057
2014,07,19,5,690.37338
2014,07,19,6,691.82058
2014,07,19,7,692.81572
2014,07,20,0,693.46141
2014,07,20,1,693.91525
2014,07,20,2,694.14083
2014,07,20,3,694.34055
2014,07,20,4,693.90485
2014,07,20,5,693.336
2014,07,20,6,693.40785
2014,07,20,7,692.5867
2014,07,21,0,691.2582
2014,07,21,1,690.82592
2014,07,21,2,690.51612
2014,07,21,3,690.16955
2014,07,21,4,689.2031
2014,07,21,5,688.17322
2014,07,21,6,688.72936
2014,07,21,7,689.20778
2014,07,22,0,687.53536
2014,07,22,1,686.6451
2014,07,22,2,687.91977
2014,07,22,3,688.93388
2014,07,22,4,689.03576
2014,07,22,5,688.77563
2014,07,22,6,690.14155
2014,07,22,7,691.48661
2014,07,23,0,692.22502
2014,07,23,1,692.81098
2014,07,23,2,693.11666
2014,07,23,3,692.89874
2014,07,23,4,692.47327
2014,07,23,5,692.21911
2014,07,23,6,692.98393
2014,07,23,7,694.05715
2014,07,24,0,694.20984
2014,07,24,1,694.68193
2014,07,24,2,695.8312
2014,07,24,3,696.24136
2014,07,24,4,695.89263
2014,07,24,5,696.06077
2014,07,24,6,697.92161
2014,07,24,7,699.26421
2014,07,25,0,699.42573
2014,07,25,1,699.53343
2014,07,25,2,700.36841
2014,07,25,3,701.14424
2014,07,25,4,701.56648
2014,07,25,5,701.60339
2014,07,25,6,702.22662
2014,07,25,7,702.76877
2014,07,26,0,703.08057
2014,07,26,1,702.79485
2014,07,26,2,702.48778
2014,07,26,3,702.13477
2014,07,26,4,701.21648
2014,07,26,5,699.63834
2014,07,26,6,697.92098
2014,07,26,7,697.11698
2014,07,27,0,696.58361
2014,07,27,1,695.89533
2014,07,27,2,696.04739
2014,07,27,3,696.39295
2014,07,27,4,695.71544
2014,07,27,5,694.86513
2014,07,27,6,695.04542
2014,07,27,7,695.40948
2014,07,28,0,693.93274
2014,07,28,1,692.49866
2014,07,28,2,693.2821
2014,07,28,3,694.00036
2014,07,28,4,694.1689
2014,07,28,5,694.60146
2014,07,28,6,695.29881
2014,07,28,7,695.58447
2014,07,29,0,695.38749
2014,07,29,1,694.91029
2014,07,29,2,694.20115
2014,07,29,3,693.44008
2014,07,29,4,692.71814
2014,07,29,5,692.35959
2014,07,29,6,692.83881
2014,07,29,7,692.81633
2014,07,30,0,691.4212
2014,07,30,1,690.50109
2014,07,30,2,690.64864
2014,07,30,3,690.88374
2014,07,30,4,690.27287
2014,07,30,5,689.34214
2014,07,30,6,689.31353
2014,07,30,7,689.96562
2014,07,31,0,690.19091
2014,07,31,1,690.62826
2014,07,31,2,691.22659
2014,07,31,3,690.78399
2014,07,31,4,689.56361
2014,07,31,5,688.44171
2014,07,31,6,688.32091
2014,07,31,7,688.2355
2014,07,1,0,687.86621
2014,07,1,1,687.55262
2014,07,1,2,688.66195
2014,07,1,3,689.48164
2014,07,1,4,687.7574
2014,07,1,5,686.32303
2014,07,1,6,686.66644
2014,07,1,7,686.95932
2014,07,2,0,688.09938
2014,07,2,1,688.63929
2014,07,2,2,688.77694
2014,07,2,3,689.19432
2014,07,2,4,688.91248
2014,07,2,5,688.44406
2014,07,2,6,688.25106
2014,07,2,7,688.03983
2014,07,3,0,688.02779
2014,07,3,1,688.32822
2014,07,3,2,689.15383
2014,07,3,3,689.98904
2014,07,3,4,690.08988
2014,07,3,5,689.82571
2014,07,3,6,689.8692
2014,07,3,7,690.36578
2014,07,4,0,690.32765
2014,07,4,1,689.48467
2014,07,4,2,689.85932
2014,07,4,3,690.31943
2014,07,4,4,690.56062
2014,07,4,5,690.34322
2014,07,4,6,690.01625
2014,07,4,7,689.91732
2014,07,5,0,689.61993
2014,07,5,1,689.14691
2014,07,5,2,688.9847
2014,07,5,3,688.61564
2014,07,5,4,688.95892
2014,07,5,5,689.37367
2014,07,5,6,690.18945
2014,07,5,7,691.09685
2014,07,6,0,692.24769
2014,07,6,1,692.9641
2014,07,6,2,692.78766
2014,07,6,3,692.91873
2014,07,6,4,693.18601
2014,07,6,5,693.41357
2014,07,6,6,693.65778
2014,07,6,7,693.99252
2014,07,7,0,694.03217
2014,07,7,1,694.15179
2014,07,7,2,694.74094
2014,07,7,3,695.11912
2014,07,7,4,694.81606
2014,07,7,5,694.58816
2014,07,7,6,694.5023
2014,07,7,7,693.96711
2014,07,8,0,693.62101
2014,07,8,1,693.36423
2014,07,8,2,693.23625
2014,07,8,3,692.94644
2014,07,8,4,692.503
2014,07,8,5,692.42497
2014,07,8,6,692.275
2014,07,8,7,692.11653
2014,07,9,0,692.22324
2014,07,9,1,691.89243
2014,07,9,2,692.50235
2014,07,9,3,692.9257
2014,07,9,4,692.70436
2014,07,9,5,692.40231
2014,07,9,6,692.86859
2014,07,9,7,693.22496
2014,07,10,0,693.08798
2014,07,10,1,693.23406
2014,07,10,2,693.38293
2014,07,10,3,693.10608
2014,07,10,4,692.51083
2014,07,10,5,692.19466
2014,07,10,6,692.45696
2014,07,10,7,692.40494
2014,07,11,0,692.22111
2014,07,11,1,691.91442
2014,07,11,2,692.07961
2014,07,11,3,692.15611
2014,07,11,4,691.61515
2014,07,11,5,690.94088
2014,07,11,6,691.28829
2014,07,11,7,691.54646
2014,07,12,0,691.1788
2014,07,12,1,690.9216
2014,07,12,2,691.0732
2014,07,12,3,690.96353
2014,07,12,4,690.95372
2014,07,12,5,690.81884
2014,07,12,6,690.48913
2014,07,12,7,690.33979
2014,07,13,0,689.90646
2014,07,13,1,689.25504
2014,07,13,2,689.60678
2014,07,13,3,689.92999
2014,07,13,4,690.2302
2014,07,13,5,690.28122
2014,07,13,6,689.93998
2014,07,13,7,689.36888
2014,07,14,0,688.94799
2014,07,14,1,688.38059
2014,07,14,2,687.1172
2014,07,14,3,685.22151
2014,07,14,4,683.61198
2014,07,14,5,682.18871
2014,07,14,6,681.32885
2014,07,14,7,680.41948
2014,07,15,0,679.83396
2014,07,15,1,679.32715
2014,07,15,2,678.61868
2014,07,15,3,678.49663
2014,07,15,4,678.96987
2014,07,15,5,679.82329
2014,07,15,6,680.85207
2014,07,15,7,681.729
2014,07,16,0,681.92187
2014,07,16,1,682.10511
2014,07,16,2,683.58001
2014,07,16,3,684.98013
2014,07,16,4,686.5582
2014,07,16,5,687.91503
2014,07,16,6,688.95125
2014,07,16,7,689.458
2014,07,17,0,689.81834
2014,07,17,1,689.85017
2014,07,17,2,689.73942
2014,07,17,3,689.102
2014,07,17,4,688.01168
2014,07,17,5,686.69213
2014,07,17,6,685.86078
2014,07,17,7,685.54087
2014,07,18,0,684.95625
2014,07,18,1,684.20377
2014,07,18,2,683.78806
2014,07,18,3,683.69275
2014,07,18,4,683.46088
2014,07,18,5,683.40521
2014,07,18,6,684.42789
2014,07,18,7,685.59489
2014,07,19,0,686.48483
2014,07,19,1,687.13167
2014,07,19,2,688.21602
2014,07,19,3,689.18771
2014,07,19,4,689.92434
2014,07,19,5,690.49611
2014,07,19,6,691.34958
2014,07,19,7,692.17006
2014,07,20,0,692.54063
2014,07,20,1,692.40825
2014,07,20,2,692.67524
2014,07,20,3,692.52332
2014,07,20,4,691.83339
2014,07,20,5,691.14631
2014,07,20,6,691.07234
2014,07,20,7,690.70031
2014,07,21,0,690.73971
2014,07,21,1,690.74727
2014,07,21,2,690.80755
2014,07,21,3,690.88385
2014,07,21,4,690.77219
2014,07,21,5,690.5901
2014,07,21,6,690.29905
2014,07,21,7,690.30148
2014,07,22,0,690.42152
2014,07,22,1,690.43508
2014,07,22,2,690.87703
2014,07,22,3,691.28568
2014,07,22,4,691.24666
2014,07,22,5,691.08071
2014,07,22,6,691.28855
2014,07,22,7,691.57615
2014,07,23,0,691.57962
2014,07,23,1,691.60888
2014,07,23,2,691.71295
2014,07,23,3,691.54885
2014,07,23,4,691.66719
2014,07,23,5,691.53231
2014,07,23,6,691.66271
2014,07,23,7,691.78384
2014,07,24,0,692.03309
2014,07,24,1,692.18424
2014,07,24,2,692.1129
2014,07,24,3,691.67869
2014,07,24,4,691.65666
2014,07,24,5,691.62761
2014,07,24,6,690.98581
2014,07,24,7,690.48857
2014,07,25,0,690.56264
2014,07,25,1,690.06925
2014,07,25,2,690.04855
2014,07,25,3,690.30811
2014,07,25,4,690.06214
2014,07,25,5,689.78716
2014,07,25,6,689.85789
2014,07,25,7,689.9538
2014,07,26,0,690.17195
2014,07,26,1,690.15292
2014,07,26,2,690.63385
2014,07,26,3,691.41228
2014,07,26,4,691.20193
2014,07,26,5,691.06844
2014,07,26,6,692.05564
2014,07,26,7,693.04638
2014,07,27,0,693.39718
2014,07,27,1,693.53164
2014,07,27,2,694.01869
2014,07,27,3,694.62534
2014,07,27,4,694.84007
2014,07,27,5,694.96783
2014,07,27,6,695.42199
2014,07,27,7,695.99301
2014,07,28,0,696.36276
2014,07,28,1,696.44889
2014,07,28,2,697.13551
2014,07,28,3,697.44165
2014,07,28,4,697.16908
2014,07,28,5,696.99039
2014,07,28,6,696.97384
2014,07,28,7,696.88441
2014,07,29,0,696.50773
2014,07,29,1,695.81318
2014,07,29,2,695.6577
2014,07,29,3,695.64034
2014,07,29,4,694.97545
2014,07,29,5,694.54911
2014,07,29,6,694.29382
2014,07,29,7,693.76072
2014,07,30,0,692.92005
2014,07,30,1,691.79023
2014,07,30,2,690.88988
2014,07,30,3,689.96563
2014,07,30,4,688.95788
2014,07,30,5,688.48268
2014,07,30,6,688.44563
2014,07,30,7,688.2561
2014,07,1,0,688.54493
2014,07,1,1,688.77502
2014,07,1,2,688.89259
2014,07,1,3,688.81802
2014,07,1,4,688.35183
2014,07,1,5,687.96642
2014,07,1,6,688.114
2014,07,1,7,687.98311
2014,07,2,0,687.50045
2014,07,2,1,686.27082
2014,07,2,2,684.83561
2014,07,2,3,683.79572
2014,07,2,4,682.7747
2014,07,2,5,682.29892
2014,07,2,6,682.5396
2014,07,2,7,683.3124
2014,07,3,0,684.65444
2014,07,3,1,685.7804
2014,07,3,2,685.90156
2014,07,3,3,685.66417
2014,07,3,4,686.19706
2014,07,3,5,686.9558
2014,07,3,6,687.91971
2014,07,3,7,688.89516
2014,07,4,0,689.27109
2014,07,4,1,688.77769
2014,07,4,2,688.62641
2014,07,4,3,688.47363
2014,07,4,4,687.97165
2014,07,4,5,687.4141
2014,07,4,6,687.18346
2014,07,4,7,686.96426
2014,07,5,0,687.15615
2014,07,5,1,686.66778
2014,07,5,2,685.8461
2014,07,5,3,685.35501
2014,07,5,4,685.04707
2014,07,5,5,684.77545
2014,07,5,6,684.96479
2014,07,5,7,685.48381
2014,07,6,0,686.12626
2014,07,6,1,686.10059
2014,07,6,2,686.57746
2014,07,6,3,687.24245
2014,07,6,4,686.85845
2014,07,6,5,686.31543
2014,07,6,6,686.22192
2014,07,6,7,686.12976
2014,07,7,0,686.4262
2014,07,7,1,686.30836
2014,07,7,2,686.75033
2014,07,7,3,687.8345
2014,07,7,4,687.78565
2014,07,7,5,686.92797
2014,07,7,6,688.46806
2014,07,7,7,690.15398
2014,07,8,0,690.20212
2014,07,8,1,690.1208
2014,07,8,2,690.95099
2014,07,8,3,691.02084
2014,07,8,4,690.9468
2014,07,8,5,690.52226
2014,07,8,6,690.74169
2014,07,8,7,690.89494
2014,07,9,0,690.1726
2014,07,9,1,689.44357
2014,07,9,2,689.16606
2014,07,9,3,689.15834
2014,07,9,4,689.30149
2014,07,9,5,688.89831
2014,07,9,6,689.6014
2014,07,9,7,690.21117
2014,07,10,0,690.32927
2014,07,10,1,689.98742
2014,07,10,2,689.90811
2014,07,10,3,690.06514
2014,07,10,4,689.56153
2014,07,10,5,688.68187
2014,07,10,6,689.31309
2014,07,10,7,690.59032
2014,07,11,0,690.20694
2014,07,11,1,689.52623
2014,07,11,2,690.13879
2014,07,11,3,690.54854
2014,07,11,4,690.04947
2014,07,11,5,689.70967
2014,07,11,6,690.41673
2014,07,11,7,691.17065
2014,07,12,0,690.76293
2014,07,12,1,690.58822
2014,07,12,2,691.36077
2014,07,12,3,691.8741
2014,07,12,4,691.52538
2014,07,12,5,691.36406
2014,07,12,6,692.22046
2014,07,12,7,692.76105
2014,07,13,0,693.12697
2014,07,13,1,693.36582
2014,07,13,2,693.65182
2014,07,13,3,693.90457
2014,07,13,4,694.02568
2014,07,13,5,694.24079
2014,07,13,6,694.91191
2014,07,13,7,695.44687
2014,07,14,0,695.32974
2014,07,14,1,695.25392
2014,07,14,2,696.02333
2014,07,14,3,696.19819
2014,07,14,4,695.80008
2014,07,14,5,695.11824
2014,07,14,6,695.29453
2014,07,14,7,695.17377
2014,07,15,0,694.24956
2014,07,15,1,693.57545
2014,07,15,2,692.99491
2014,07,15,3,691.87327
2014,07,15,4,690.38131
2014,07,15,5,689.07196
2014,07,15,6,688.50254
2014,07,15,7,688.08374
2014,07,16,0,687.71127
2014,07,16,1,687.15991
2014,07,16,2,687.37368
2014,07,16,3,687.56317
2014,07,16,4,687.81023
2014,07,16,5,688.29546
2014,07,16,6,688.77174
2014,07,16,7,689.17049
2014,07,17,0,689.50809
2014,07,17,1,689.69994
2014,07,17,2,690.36041
2014,07,17,3,690.79877
2014,07,17,4,691.40276
2014,07,17,5,691.85254
2014,07,17,6,692.2415
2014,07,17,7,692.56548
2014,07,18,0,692.94551
2014,07,18,1,692.90477
2014,07,18,2,693.12032
2014,07,18,3,693.20766
2014,07,18,4,693.28484
2014,07,18,5,693.02382
2014,07,18,6,692.78495
2014,07,18,7,692.62899
2014,07,19,0,692.42589
2014,07,19,1,691.96098
2014,07,19,2,691.59335
2014,07,19,3,691.2626
2014,07,19,4,691.01137
2014,07,19,5,690.80485
2014,07,19,6,690.99959
2014,07,19,7,691.07928
2014,07,20,0,691.2587
2014,07,20,1,690.92022
2014,07,20,2,691.09235
2014,07,20,3,691.29461
2014,07,20,4,691.51258
2014,07,20,5,691.65446
2014,07,20,6,692.20496
2014,07,20,7,692.839
2014,07,21,0,692.81756
2014,07,21,1,692.31817
2014,07,21,2,692.41213
2014,07,21,3,692.28763
2014,07,21,4,692.21001
2014,07,21,5,691.77702
2014,07,21,6,692.16366
2014,07,21,7,692.769
2014,07,22,0,693.61893
2014,07,22,1,694.034
2014,07,22,2,694.75609
2014,07,22,3,695.56572
2014,07,22,4,696.03048
2014,07,22,5,696.15802
2014,07,22,6,696.34911
2014,07,22,7,696.69063
2014,07,23,0,696.62467
2014,07,23,1,696.13583
2014,07,23,2,696.48691
2014,07,23,3,696.86487
2014,07,23,4,696.4614
2014,07,23,5,695.84477
2014,07,23,6,695.76334
2014,07,23,7,695.92376
2014,07,24,0,695.69667
2014,07,24,1,695.23234
2014,07,24,2,695.06742
2014,07,24,3,694.898
2014,07,24,4,694.22982
2014,07,24,5,693.44669
2014,07,24,6,692.95889
2014,07,24,7,692.97001
2014,07,25,0,692.46403
2014,07,25,1,691.86563
2014,07,25,2,692.21028
2014,07,25,3,692.43412
2014,07,25,4,692.18153
2014,07,25,5,691.82526
2014,07,25,6,692.21429
2014,07,25,7,692.76896
2014,07,26,0,693.21571
2014,07,26,1,693.46344
2014,07,26,2,693.78639
2014,07,26,3,694.23405
2014,07,26,4,693.92995
2014,07,26,5,693.42998
2014,07,26,6,693.58149
2014,07,26,7,693.61095
2014,07,27,0,693.17943
2014,07,27,1,692.52905
2014,07,27,2,692.49276
2014,07,27,3,692.29213
2014,07,27,4,692.37072
2014,07,27,5,692.28406
2014,07,27,6,692.59599
2014,07,27,7,692.83246
2014,07,28,0,692.98564
2014,07,28,1,692.86871
2014,07,28,2,692.66556
2014,07,28,3,692.37888
2014,07,28,4,692.13603
2014,07,28,5,691.72741
2014,07,28,6,691.84003
2014,07,28,7,692.1021
2014,07,29,0,691.44132
2014,07,29,1,691.10366
2014,07,29,2,691.62784
2014,07,29,3,691.84593
2014,07,29,4,691.74499
2014,07,29,5,691.68138
2014,07,29,6,692.1897
2014,07,29,7,692.92537
2014,07,30,0,692.93045
2014,07,30,1,693.02446
2014,07,30,2,693.26234
2014,07,30,3,693.43996
2014,07,30,4,693.52583
2014,07,30,5,693.5185
2014,07,30,6,693.96878
2014,07,30,7,694.34484
2014,07,31,0,694.26178
2014,07,31,1,694.19156
2014,07,31,2,694.8303
2014,07,31,3,695.68238
2014,07,31,4,695.91634
2014,07,31,5,696.11367
2014,07,31,6,696.6554
2014,07,31,7,697.1975
2015,07,1,0,697.48876
2015,07,1,1,698.14381
2015,07,1,2,698.76615
2015,07,1,3,699.10112
2015,07,1,4,698.87103
2015,07,1,5,698.60416
2015,07,1,6,698.97883
2015,07,1,7,699.15268
2015,07,2,0,699.1019
2015,07,2,1,698.93823
2015,07,2,2,698.71533
2015,07,2,3,698.42516
2015,07,2,4,698.36329
2015,07,2,5,698.11575
2015,07,2,6,698.38935
2015,07,2,7,698.8585
2015,07,3,0,698.5403
2015,07,3,1,698.38434
2015,07,3,2,698.0395
2015,07,3,3,697.75909
2015,07,3,4,697.58267
2015,07,3,5,697.40667
2015,07,3,6,697.40897
2015,07,3,7,697.5436
2015,07,4,0,697.76475
2015,07,4,1,697.61873
2015,07,4,2,697.94345
2015,07,4,3,698.40573
2015,07,4,4,698.36011
2015,07,4,5,698.32008
2015,07,4,6,698.90171
2015,07,4,7,699.36047
2015,07,5,0,699.65314
2015,07,5,1,699.90549
2015,07,5,2,699.95646
2015,07,5,3,700.02197
2015,07,5,4,700.05127
2015,07,5,5,699.58022
2015,07,5,6,699.80806
2015,07,5,7,699.7724
2015,07,6,0,699.39771
2015,07,6,1,699.1323
2015,07,6,2,698.61179
2015,07,6,3,698.30331
2015,07,6,4,697.81321
2015,07,6,5,697.22474
2015,07,6,6,697.37753
2015,07,6,7,697.86389
2015,07,7,0,697.50443
2015,07,7,1,696.66188
2015,07,7,2,696.57848
2015,07,7,3,696.44072
2015,07,7,4,696.04944
2015,07,7,5,695.69737
2015,07,7,6,695.95191
2015,07,7,7,696.05163
2015,07,8,0,695.67367
2015,07,8,1,695.21952
2015,07,8,2,695.16918
2015,07,8,3,695.04054
2015,07,8,4,694.77739
2015,07,8,5,694.39748
2015,07,8,6,694.31721
2015,07,8,7,694.22652
2015,07,9,0,693.68173
2015,07,9,1,693.11591
2015,07,9,2,692.62761
2015,07,9,3,691.93103
2015,07,9,4,691.15065
2015,07,9,5,690.53164
2015,07,9,6,690.57149
2015,07,9,7,690.95462
2015,07,10,0,691.14386
2015,07,10,1,691.37735
2015,07,10,2,691.54832
2015,07,10,3,691.55534
2015,07,10,4,691.75602
2015,07,10,5,691.68989
2015,07,10,6,692.12504
2015,07,10,7,692.6189
2015,07,11,0,692.67377
2015,07,11,1,692.49261
2015,07,11,2,692.60292
2015,07,11,3,692.37036
2015,07,11,4,691.99477
2015,07,11,5,691.97086
2015,07,11,6,692.17021
2015,07,11,7,692.32061
2015,07,12,0,693.02794
2015,07,12,1,693.52662
2015,07,12,2,694.1129
2015,07,12,3,694.62835
2015,07,12,4,694.91315
2015,07,12,5,694.95719
2015,07,12,6,695.75807
2015,07,12,7,696.42003
2015,07,13,0,696.50644
2015,07,13,1,696.45027
2015,07,13,2,696.64444
2015,07,13,3,696.76436
2015,07,13,4,696.85021
2015,07,13,5,696.82039
2015,07,13,6,697.03528
2015,07,13,7,697.37868
2015,07,14,0,697.57055
2015,07,14,1,697.23649
2015,07,14,2,697.30309
2015,07,14,3,697.39612
2015,07,14,4,697.16917
2015,07,14,5,696.68463
2015,07,14,6,696.62061
2015,07,14,7,696.86933
2015,07,15,0,696.30244
2015,07,15,1,695.5368
2015,07,15,2,695.59724
2015,07,15,3,695.60295
2015,07,15,4,695.57444
2015,07,15,5,695.5887
2015,07,15,6,695.87458
2015,07,15,7,696.31856
2015,07,16,0,696.8063
2015,07,16,1,696.91414
2015,07,16,2,696.61328
2015,07,16,3,696.6465
2015,07,16,4,697.2515
2015,07,16,5,697.58052
2015,07,16,6,698.39753
2015,07,16,7,699.11001
2015,07,17,0,699.12342
2015,07,17,1,698.49264
2015,07,17,2,698.22061
2015,07,17,3,697.6909
2015,07,17,4,696.35009
2015,07,17,5,694.56097
2015,07,17,6,693.18304
2015,07,17,7,691.64276
2015,07,18,0,689.64423
2015,07,18,1,687.35966
2015,07,18,2,685.65287
2015,07,18,3,684.30704
2015,07,18,4,683.57099
2015,07,18,5,683.36721
2015,07,18,6,683.92061
2015,07,18,7,685.11353
2015,07,19,0,686.88936
2015,07,19,1,688.32438
2015,07,19,2,689.95827
2015,07,19,3,691.58506
2015,07,19,4,693.58299
2015,07,19,5,694.80516
2015,07,19,6,695.03657
2015,07,19,7,695.11534
2015,07,20,0,694.92832
2015,07,20,1,694.61979
2015,07,20,2,694.11159
2015,07,20,3,693.45415
2015,07,20,4,692.82646
2015,07,20,5,691.99562
2015,07,20,6,691.73472
2015,07,20,7,691.25421
2015,07,21,0,691.3885
2015,07,21,1,690.94721
2015,07,21,2,690.62101
2015,07,21,3,690.77309
2015,07,21,4,690.58195
2015,07,21,5,690.03352
2015,07,21,6,690.30632
2015,07,21,7,691.22883
2015,07,22,0,691.76918
2015,07,22,1,691.84995
2015,07,22,2,692.53928
2015,07,22,3,693.48369
2015,07,22,4,694.35896
2015,07,22,5,694.79512
2015,07,22,6,695.51651
2015,07,22,7,695.95467
2015,07,23,0,696.31567
2015,07,23,1,695.7874
2015,07,23,2,695.66694
2015,07,23,3,695.56298
2015,07,23,4,695.18584
2015,07,23,5,694.71625
2015,07,23,6,693.81429
2015,07,23,7,692.98864
2015,07,24,0,692.67134
2015,07,24,1,692.27734
2015,07,24,2,692.18944
2015,07,24,3,692.06418
2015,07,24,4,692.06927
2015,07,24,5,692.19544
2015,07,24,6,692.47053
2015,07,24,7,692.91147
2015,07,25,0,692.87964
2015,07,25,1,692.82815
2015,07,25,2,693.06126
2015,07,25,3,693.1566
2015,07,25,4,692.97634
2015,07,25,5,692.68236
2015,07,25,6,693.01245
2015,07,25,7,693.17901
2015,07,26,0,693.59334
2015,07,26,1,693.92916
2015,07,26,2,694.28758
2015,07,26,3,694.6107
2015,07,26,4,694.95932
2015,07,26,5,694.98735
2015,07,26,6,695.06475
2015,07,26,7,695.35956
2015,07,27,0,695.5402
2015,07,27,1,695.22722
2015,07,27,2,694.71601
2015,07,27,3,693.93608
2015,07,27,4,693.69044
2015,07,27,5,693.3787
2015,07,27,6,693.49527
2015,07,27,7,693.40403
2015,07,28,0,693.56257
2015,07,28,1,693.45547
2015,07,28,2,693.74166
2015,07,28,3,694.37645
2015,07,28,4,694.15348
2015,07,28,5,693.39572
2015,07,28,6,693.60537
2015,07,28,7,693.64267
2015,07,29,0,693.08844
2015,07,29,1,692.58907
2015,07,29,2,692.55688
2015,07,29,3,691.88869
2015,07,29,4,691.55152
2015,07,29,5,691.48197
2015,07,29,6,691.70139
2015,07,29,7,692.1079
2015,07,30,0,692.19697
2015,07,30,1,692.2683
2015,07,30,2,693.19828
2015,07,30,3,694.08656
2015,07,30,4,695.18013
2015,07,30,5,695.20594
2015,07,30,6,695.45249
2015,07,30,7,695.94269
2015,07,31,0,695.91568
2015,07,31,1,695.4237
2015,07,31,2,695.19447
2015,07,31,3,694.8822
2015,07,31,4,694.37696
2015,07,31,5,694.00409
2015,07,31,6,693.38834
2015,07,31,7,692.91212
2015,07,1,0,692.67143
2015,07,1,1,692.10198
2015,07,1,2,691.79758
2015,07,1,3,691.52566
2015,07,1,4,691.30042
2015,07,1,5,691.06059
2015,07,1,6,690.97106
2015,07,1,7,691.05941
2015,07,2,0,691.17505
2015,07,2,1,690.876
2015,07,2,2,690.79562
2015,07,2,3,690.6989
2015,07,2,4,690.13462
2015,07,2,5,689.71597
2015,07,2,6,689.90293
2015,07,2,7,689.96843
2015,07,3,0,689.71645
2015,07,3,1,689.35358
2015,07,3,2,689.81361
2015,07,3,3,690.08339
2015,07,3,4,690.47327
2015,07,3,5,690.94921
2015,07,3,6,691.48931
2015,07,3,7,692.14093
2015,07,4,0,692.16541
2015,07,4,1,691.96806
2015,07,4,2,692.72202
2015,07,4,3,693.24314
2015,07,4,4,693.86996
2015,07,4,5,694.49231
2015,07,4,6,694.8263
2015,07,4,7,695.00163
2015,07,5,0,695.14232
2015,07,5,1,695.11729
2015,07,5,2,695.1865
2015,07,5,3,695.07781
2015,07,5,4,695.0693
2015,07,5,5,694.79243
2015,07,5,6,694.8783
2015,07,5,7,695.16736
2015,07,6,0,695.30669
2015,07,6,1,695.21614
2015,07,6,2,694.99472
2015,07,6,3,694.67451
2015,07,6,4,695.01192
2015,07,6,5,695.0663
2015,07,6,6,694.63083
2015,07,6,7,694.5435
2015,07,7,0,694.15378
2015,07,7,1,693.18573
2015,07,7,2,692.97948
2015,07,7,3,692.91162
2015,07,7,4,692.74047
2015,07,7,5,692.61771
2015,07,7,6,692.54623
2015,07,7,7,692.45884
2015,07,8,0,692.60335
2015,07,8,1,692.48462
2015,07,8,2,692.56946
2015,07,8,3,692.71214
2015,07,8,4,692.69131
2015,07,8,5,692.68791
2015,07,8,6,693.15072
2015,07,8,7,693.5476
2015,07,9,0,694.59249
2015,07,9,1,695.24148
2015,07,9,2,694.38946
2015,07,9,3,693.93214
2015,07,9,4,694.21031
2015,07,9,5,693.96034
2015,07,9,6,693.97372
2015,07,9,7,694.11589
2015,07,10,0,693.67083
2015,07,10,1,692.74576
2015,07,10,2,692.35467
2015,07,10,3,692.21877
2015,07,10,4,691.90434
2015,07,10,5,691.392
2015,07,10,6,691.03602
2015,07,10,7,691.00476
2015,07,11,0,690.24959
2015,07,11,1,689.42028
2015,07,11,2,688.80641
2015,07,11,3,688.17986
2015,07,11,4,688.09633
2015,07,11,5,687.89611
2015,07,11,6,687.94513
2015,07,11,7,688.28723
2015,07,12,0,688.04261
2015,07,12,1,687.38135
2015,07,12,2,687.09701
2015,07,12,3,686.69765
2015,07,12,4,686.69685
2015,07,12,5,686.57048
2015,07,12,6,686.33378
2015,07,12,7,686.07517
2015,07,13,0,685.77311
2015,07,13,1,685.35191
2015,07,13,2,685.54618
2015,07,13,3,685.73875
2015,07,13,4,685.91456
2015,07,13,5,686.04348
2015,07,13,6,686.60353
2015,07,13,7,687.31563
2015,07,14,0,687.66676
2015,07,14,1,687.91978
2015,07,14,2,688.27908
2015,07,14,3,688.45723
2015,07,14,4,688.78484
2015,07,14,5,689.05972
2015,07,14,6,689.62327
2015,07,14,7,690.10241
2015,07,15,0,690.16121
2015,07,15,1,690.13446
2015,07,15,2,690.14752
2015,07,15,3,690.0746
2015,07,15,4,690.29818
2015,07,15,5,690.6794
2015,07,15,6,691.1259
2015,07,15,7,691.32993
2015,07,16,0,691.51442
2015,07,16,1,691.3119
2015,07,16,2,691.29032
2015,07,16,3,691.24208
2015,07,16,4,691.41077
2015,07,16,5,691.35507
2015,07,16,6,690.7198
2015,07,16,7,690.37892
2015,07,17,0,690.5727
2015,07,17,1,690.2755
2015,07,17,2,689.89575
2015,07,17,3,689.79235
2015,07,17,4,690.37375
2015,07,17,5,690.49455
2015,07,17,6,690.76193
2015,07,17,7,691.07857
2015,07,18,0,690.786
2015,07,18,1,690.24633
2015,07,18,2,689.78007
2015,07,18,3,689.29719
2015,07,18,4,689.07511
2015,07,18,5,688.4739
2015,07,18,6,688.07465
2015,07,18,7,687.89517
2015,07,19,0,687.44534
2015,07,19,1,686.73822
2015,07,19,2,686.64204
2015,07,19,3,686.29812
2015,07,19,4,686.31629
2015,07,19,5,686.18726
2015,07,19,6,685.85128
2015,07,19,7,685.94649
2015,07,20,0,686.13169
2015,07,20,1,685.9022
2015,07,20,2,685.94509
2015,07,20,3,685.60384
2015,07,20,4,685.93052
2015,07,20,5,686.14234
2015,07,20,6,686.13899
2015,07,20,7,686.66562
2015,07,21,0,686.7518
2015,07,21,1,686.51244
2015,07,21,2,687.17688
2015,07,21,3,687.86171
2015,07,21,4,687.88694
2015,07,21,5,687.54842
2015,07,21,6,687.29572
2015,07,21,7,687.04562
2015,07,22,0,687.04917
2015,07,22,1,686.53825
2015,07,22,2,686.3838
2015,07,22,3,686.10476
2015,07,22,4,685.73517
2015,07,22,5,685.46372
2015,07,22,6,685.47591
2015,07,22,7,685.34638
2015,07,23,0,685.29303
2015,07,23,1,684.8787
2015,07,23,2,684.33034
2015,07,23,3,683.76348
2015,07,23,4,683.59002
2015,07,23,5,682.81204
2015,07,23,6,682.10311
2015,07,23,7,681.57323
2015,07,24,0,681.16828
2015,07,24,1,680.26944
2015,07,24,2,680.07603
2015,07,24,3,679.78782
2015,07,24,4,679.83997
2015,07,24,5,679.82758
2015,07,24,6,679.76495
2015,07,24,7,679.97821
2015,07,25,0,679.73236
2015,07,25,1,679.55065
2015,07,25,2,680.53261
2015,07,25,3,681.74577
2015,07,25,4,682.97024
2015,07,25,5,683.84683
2015,07,25,6,685.16565
2015,07,25,7,686.65252
2015,07,26,0,687.53141
2015,07,26,1,687.72287
2015,07,26,2,688.53145
2015,07,26,3,689.42289
2015,07,26,4,689.85188
2015,07,26,5,690.0617
2015,07,26,6,690.19202
2015,07,26,7,690.26988
2015,07,27,0,690.01862
2015,07,27,1,689.21387
2015,07,27,2,688.68055
2015,07,27,3,687.94134
2015,07,27,4,687.8994
2015,07,27,5,687.58221
2015,07,27,6,686.87816
2015,07,27,7,686.48121
2015,07,28,0,686.6951
2015,07,28,1,686.69877
2015,07,28,2,687.11402
2015,07,28,3,687.52902
2015,07,28,4,687.68756
2015,07,28,5,687.84555
2015,07,28,6,688.233
2015,07,28,7,688.39788
2015,07,1,0,688.45497
2015,07,1,1,688.05317
2015,07,1,2,688.10758
2015,07,1,3,688.00816
2015,07,1,4,687.8787
2015,07,1,5,687.7163
2015,07,1,6,687.39404
2015,07,1,7,687.30946
2015,07,2,0,687.48451
2015,07,2,1,687.14964
2015,07,2,2,687.01837
2015,07,2,3,686.84743
2015,07,2,4,687.1677
2015,07,2,5,687.38779
2015,07,2,6,687.00775
2015,07,2,7,687.05739
2015,07,3,0,687.22134
2015,07,3,1,687.08513
2015,07,3,2,687.49181
2015,07,3,3,688.27085
2015,07,3,4,688.76295
2015,07,3,5,689.2169
2015,07,3,6,689.78506
2015,07,3,7,690.5398
2015,07,4,0,691.26045
2015,07,4,1,691.40093
2015,07,4,2,692.21896
2015,07,4,3,692.81415
2015,07,4,4,693.10667
2015,07,4,5,693.33418
2015,07,4,6,692.75588
2015,07,4,7,692.38161
2015,07,5,0,691.71049
2015,07,5,1,690.78005
2015,07,5,2,690.017
2015,07,5,3,689.05792
2015,07,5,4,688.302
2015,07,5,5,687.5994
2015,07,5,6,687.02117
2015,07,5,7,686.40138
2015,07,6,0,685.94609
2015,07,6,1,685.3092
2015,07,6,2,684.6111
2015,07,6,3,684.0716
2015,07,6,4,684.21594
2015,07,6,5,684.30729
2015,07,6,6,684.29159
2015,07,6,7,684.36038
2015,07,7,0,684.90502
2015,07,7,1,685.28705
2015,07,7,2,685.3443
2015,07,7,3,685.57386
2015,07,7,4,685.72064
2015,07,7,5,685.53197
2015,07,7,6,685.70145
2015,07,7,7,685.86025
2015,07,8,0,685.72905
2015,07,8,1,685.48353
2015,07,8,2,685.64138
2015,07,8,3,685.59955
2015,07,8,4,686.21994
2015,07,8,5,686.9852
2015,07,8,6,687.58186
2015,07,8,7,688.23026
2015,07,9,0,688.79669
2015,07,9,1,689.3828
2015,07,9,2,689.91639
2015,07,9,3,690.35735
2015,07,9,4,691.48706
2015,07,9,5,691.99462
2015,07,9,6,692.21504
2015,07,9,7,692.24697
2015,07,10,0,691.62765
2015,07,10,1,690.55034
2015,07,10,2,689.07199
2015,07,10,3,687.06297
2015,07,10,4,685.1066
2015,07,10,5,684.37306
2015,07,10,6,684.38296
2015,07,10,7,684.70506
2015,07,11,0,685.06035
2015,07,11,1,685.48843
2015,07,11,2,686.41235
2015,07,11,3,687.64977
2015,07,11,4,688.73106
2015,07,11,5,689.24364
2015,07,11,6,689.27664
2015,07,11,7,688.8758
2015,07,12,0,688.87326
2015,07,12,1,688.44846
2015,07,12,2,687.98058
2015,07,12,3,687.33149
2015,07,12,4,686.70051
2015,07,12,5,686.0955
2015,07,12,6,685.82854
2015,07,12,7,685.90857
2015,07,13,0,686.08424
2015,07,13,1,686.05895
2015,07,13,2,685.69001
2015,07,13,3,685.33441
2015,07,13,4,685.53823
2015,07,13,5,686.18889
2015,07,13,6,686.61365
2015,07,13,7,686.97615
2015,07,14,0,687.36527
2015,07,14,1,687.10439
2015,07,14,2,686.86649
2015,07,14,3,686.84547
2015,07,14,4,686.87282
2015,07,14,5,686.73057
2015,07,14,6,686.48165
2015,07,14,7,686.05142
2015,07,15,0,685.66869
2015,07,15,1,684.94398
2015,07,15,2,684.61468
2015,07,15,3,684.33444
2015,07,15,4,683.73499
2015,07,15,5,682.9938
2015,07,15,6,682.85588
2015,07,15,7,682.59192
2015,07,16,0,682.39089
2015,07,16,1,682.18208
2015,07,16,2,682.45643
2015,07,16,3,682.97443
2015,07,16,4,683.5251
2015,07,16,5,684.29373
2015,07,16,6,685.46435
2015,07,16,7,686.38714
2015,07,17,0,687.10433
2015,07,17,1,687.66069
2015,07,17,2,688.33069
2015,07,17,3,688.73894
2015,07,17,4,688.88015
2015,07,17,5,688.81343
2015,07,17,6,688.58942
2015,07,17,7,688.02821
2015,07,18,0,688.13678
2015,07,18,1,688.11828
2015,07,18,2,688.47372
2015,07,18,3,689.01336
2015,07,18,4,689.32144
2015,07,18,5,689.39625
2015,07,18,6,689.28497
2015,07,18,7,689.1963
2015,07,19,0,689.22461
2015,07,19,1,688.74407
2015,07,19,2,689.1552
2015,07,19,3,689.50759
2015,07,19,4,689.4582
2015,07,19,5,689.46179
2015,07,19,6,689.74733
2015,07,19,7,690.02158
2015,07,20,0,690.75807
2015,07,20,1,691.36893
2015,07,20,2,691.82813
2015,07,20,3,692.22814
2015,07,20,4,692.06069
2015,07,20,5,691.8716
2015,07,20,6,691.47201
2015,07,20,7,690.8887
2015,07,21,0,690.43795
2015,07,21,1,689.44776
2015,07,21,2,688.38332
2015,07,21,3,687.51767
2015,07,21,4,686.57168
2015,07,21,5,685.59156
2015,07,21,6,684.38304
2015,07,21,7,683.69118
2015,07,22,0,683.11673
2015,07,22,1,682.45603
2015,07,22,2,682.04807
2015,07,22,3,681.53491
2015,07,22,4,681.20223
2015,07,22,5,680.91692
2015,07,22,6,680.95631
2015,07,22,7,681.0569
2015,07,23,0,681.36198
2015,07,23,1,681.49407
2015,07,23,2,681.54478
2015,07,23,3,681.52119
2015,07,23,4,681.54789
2015,07,23,5,681.33538
2015,07,23,6,681.19733
2015,07,23,7,681.04599
2015,07,24,0,680.57042
2015,07,24,1,680.3376
2015,07,24,2,680.39079
2015,07,24,3,680.77319
2015,07,24,4,680.85075
2015,07,24,5,681.22166
2015,07,24,6,681.44888
2015,07,24,7,681.46725
2015,07,25,0,681.29313
2015,07,25,1,680.96827
2015,07,25,2,681.64972
2015,07,25,3,682.14052
2015,07,25,4,681.86445
2015,07,25,5,681.46702
2015,07,25,6,681.56318
2015,07,25,7,681.45006
2015,07,26,0,680.98732
2015,07,26,1,680.48663
2015,07,26,2,680.43748
2015,07,26,3,680.03059
2015,07,26,4,679.65068
2015,07,26,5,679.45443
2015,07,26,6,678.9446
2015,07,26,7,678.6669
2015,07,27,0,678.81719
2015,07,27,1,678.93142
2015,07,27,2,679.24725
2015,07,27,3,679.6787
2015,07,27,4,680.28736
2015,07,27,5,680.71995
2015,07,27,6,680.6831
2015,07,27,7,680.87903
2015,07,28,0,681.65055
2015,07,28,1,681.85091
2015,07,28,2,681.83216
2015,07,28,3,681.92199
2015,07,28,4,682.02436
2015,07,28,5,681.82737
2015,07,28,6,682.23228
2015,07,28,7,682.52327
2015,07,29,0,682.30804
2015,07,29,1,681.6234
2015,07,29,2,681.42142
2015,07,29,3,681.35984
2015,07,29,4,681.18517
2015,07,29,5,680.74364
2015,07,29,6,681.03492
2015,07,29,7,681.24821
2015,07,30,0,681.25171
2015,07,30,1,680.87559
2015,07,30,2,680.95125
2015,07,30,3,681.0031
2015,07,30,4,680.8353
2015,07,30,5,680.45486
2015,07,30,6,680.65591
2015,07,30,7,681.05897
2015,07,31,0,680.65806
2015,07,31,1,680.35582
2015,07,31,2,681.30817
2015,07,31,3,681.9671
2015,07,31,4,682.82326
2015,07,31,5,683.60591
2015,07,31,6,684.44839
2015,07,31,7,685.21993
2015,07,1,0,685.55263
2015,07,1,1,685.71823
2015,07,1,2,686.10256
2015,07,1,3,686.35208
2015,07,1,4,686.60141
2015,07,1,5,686.30588
2015,07,1,6,685.86771
2015,07,1,7,685.29116
2015,07,2,0,684.8011
2015,07,2,1,684.02839
2015,07,2,2,683.56048
2015,07,2,3,683.27819
2015,07,2,4,682.60999
2015,07,2,5,681.71762
2015,07,2,6,681.2092
2015,07,2,7,681.04403
2015,07,3,0,681.19678
2015,07,3,1,681.17392
2015,07,3,2,682.18867
2015,07,3,3,683.13365
2015,07,3,4,683.4224
2015,07,3,5,683.25753
2015,07,3,6,683.06419
2015,07,3,7,683.56605
2015,07,4,0,684.2049
2015,07,4,1,683.92892
2015,07,4,2,683.54229
2015,07,4,3,683.42202
2015,07,4,4,683.78332
2015,07,4,5,683.66499
2015,07,4,6,682.906
2015,07,4,7,682.21432
2015,07,5,0,682.42399
2015,07,5,1,682.38863
2015,07,5,2,682.77944
2015,07,5,3,683.05969
2015,07,5,4,683.19609
2015,07,5,5,683.3676
2015,07,5,6,683.83012
2015,07,5,7,684.1109
2015,07,6,0,684.38435
2015,07,6,1,684.70496
2015,07,6,2,684.48283
2015,07,6,3,684.38286
2015,07,6,4,685.01283
2015,07,6,5,685.42705
2015,07,6,6,685.9042
2015,07,6,7,686.1065
2015,07,7,0,686.22038
2015,07,7,1,686.33401
2015,07,7,2,686.53192
2015,07,7,3,686.57844
2015,07,7,4,686.42171
2015,07,7,5,686.09318
2015,07,7,6,685.71174
2015,07,7,7,685.16061
2015,07,8,0,684.7075
2015,07,8,1,684.02676
2015,07,8,2,683.78208
2015,07,8,3,683.51402
2015,07,8,4,682.88824
2015,07,8,5,682.5207
2015,07,8,6,682.13887
2015,07,8,7,681.7954
2015,07,9,0,681.38932
2015,07,9,1,681.00393
2015,07,9,2,680.54307
2015,07,9,3,679.90839
2015,07,9,4,679.42726
2015,07,9,5,679.22806
2015,07,9,6,679.09682
2015,07,9,7,678.96916
2015,07,10,0,678.92613
2015,07,10,1,678.69566
2015,07,10,2,679.05007
2015,07,10,3,679.42528
2015,07,10,4,679.43453
2015,07,10,5,679.76093
2015,07,10,6,680.24554
2015,07,10,7,680.70686
2015,07,11,0,681.03878
2015,07,11,1,681.20027
2015,07,11,2,681.65667
2015,07,11,3,682.19357
2015,07,11,4,682.72203
2015,07,11,5,683.35901
2015,07,11,6,683.53385
2015,07,11,7,683.46362
2015,07,12,0,683.9571
2015,07,12,1,683.40323
2015,07,12,2,681.97139
2015,07,12,3,680.58535
2015,07,12,4,678.95268
2015,07,12,5,677.86875
2015,07,12,6,677.55161
2015,07,12,7,677.69401
2015,07,13,0,678.51737
2015,07,13,1,678.85931
2015,07,13,2,679.34159
2015,07,13,3,680.09511
2015,07,13,4,680.92793
2015,07,13,5,681.32253
2015,07,13,6,682.5749
2015,07,13,7,684.06936
2015,07,14,0,684.2034
2015,07,14,1,683.83524
2015,07,14,2,683.66369
2015,07,14,3,683.51091
2015,07,14,4,682.72114
2015,07,14,5,681.4915
2015,07,14,6,681.13093
2015,07,14,7,680.99421
2015,07,15,0,680.61293
2015,07,15,1,679.9574
2015,07,15,2,680.32878
2015,07,15,3,681.22231
2015,07,15,4,681.29267
2015,07,15,5,680.75649
2015,07,15,6,680.03891
2015,07,15,7,679.80582
2015,07,16,0,679.71461
2015,07,16,1,678.97895
2015,07,16,2,679.0638
2015,07,16,3,678.99403
2015,07,16,4,678.65396
2015,07,16,5,678.17657
2015,07,16,6,678.07705
2015,07,16,7,677.79682
2015,07,17,0,677.36358
2015,07,17,1,676.86055
2015,07,17,2,676.75465
2015,07,17,3,676.88753
2015,07,17,4,676.51424
2015,07,17,5,676.1555
2015,07,17,6,676.29805
2015,07,17,7,676.20554
2015,07,18,0,676.46152
2015,07,18,1,675.97221
2015,07,18,2,675.83607
2015,07,18,3,675.95553
2015,07,18,4,675.47383
2015,07,18,5,674.88111
2015,07,18,6,674.9075
2015,07,18,7,674.94543
2015,07,19,0,675.02562
2015,07,19,1,674.5686
2015,07,19,2,674.5572
2015,07,19,3,674.26933
2015,07,19,4,674.78867
2015,07,19,5,675.60559
2015,07,19,6,676.20711
2015,07,19,7,677.36789
2015,07,20,0,678.71885
2015,07,20,1,679.81443
2015,07,20,2,680.93887
2015,07,20,3,682.47105
2015,07,20,4,683.65785
2015,07,20,5,684.46305
2015,07,20,6,685.07125
2015,07,20,7,685.64181
2015,07,21,0,686.73998
2015,07,21,1,687.01356
2015,07,21,2,687.49257
2015,07,21,3,687.90344
2015,07,21,4,687.8661
2015,07,21,5,688.48091
2015,07,21,6,689.33241
2015,07,21,7,690.58881
2015,07,22,0,692.27995
2015,07,22,1,693.58993
2015,07,22,2,695.27188
2015,07,22,3,696.94482
2015,07,22,4,698.28053
2015,07,22,5,698.5234
2015,07,22,6,697.8911
2015,07,22,7,696.85611
2015,07,23,0,695.80363
2015,07,23,1,695.38888
2015,07,23,2,695.55038
2015,07,23,3,695.7838
2015,07,23,4,695.53781
2015,07,23,5,695.4931
2015,07,23,6,695.39237
2015,07,23,7,695.67588
2015,07,24,0,696.3509
2015,07,24,1,695.54967
2015,07,24,2,694.75319
2015,07,24,3,694.55833
2015,07,24,4,693.67267
2015,07,24,5,692.26207
2015,07,24,6,691.37024
2015,07,24,7,691.25372
2015,07,25,0,690.45654
2015,07,25,1,689.91164
2015,07,25,2,690.10226
2015,07,25,3,690.20147
2015,07,25,4,689.91834
2015,07,25,5,689.24938
2015,07,25,6,689.22488
2015,07,25,7,689.0838
2015,07,26,0,688.72021
2015,07,26,1,688.14069
2015,07,26,2,687.40091
2015,07,26,3,686.85969
2015,07,26,4,686.53309
2015,07,26,5,686.18251
2015,07,26,6,686.13923
2015,07,26,7,686.00218
2015,07,27,0,685.86439
2015,07,27,1,685.54853
2015,07,27,2,685.29171
2015,07,27,3,685.07015
2015,07,27,4,684.85613
2015,07,27,5,684.60058
2015,07,27,6,684.39803
2015,07,27,7,684.17027
2015,07,28,0,683.96234
2015,07,28,1,683.52203
2015,07,28,2,683.44736
2015,07,28,3,683.59576
2015,07,28,4,683.35988
2015,07,28,5,683.28797
2015,07,28,6,683.30809
2015,07,28,7,683.23192
2015,07,29,0,683.2725
2015,07,29,1,683.30837
2015,07,29,2,683.25498
2015,07,29,3,682.88549
2015,07,29,4,682.79924
2015,07,29,5,682.57802
2015,07,29,6,682.40589
2015,07,29,7,682.31883
2015,07,30,0,682.41683
2015,07,30,1,682.32214
2015,07,30,2,682.30489
2015,07,30,3,682.36999
2015,07,30,4,682.5597
2015,07,30,5,682.56014
2015,07,30,6,682.539
2015,07,30,7,682.61077
2015,07,1,0,682.59957
2015,07,1,1,682.47255
2015,07,1,2,682.92626
2015,07,1,3,683.55217
2015,07,1,4,683.92596
2015,07,1,5,683.98392
2015,07,1,6,684.59276
2015,07,1,7,684.83032
2015,07,2,0,684.71327
2015,07,2,1,683.92445
2015,07,2,2,683.69809
2015,07,2,3,683.9755
2015,07,2,4,684.63239
2015,07,2,5,685.10989
2015,07,2,6,685.95176
2015,07,2,7,686.35595
2015,07,3,0,686.65938
2015,07,3,1,686.6772
2015,07,3,2,686.48305
2015,07,3,3,685.73966
2015,07,3,4,684.78611
2015,07,3,5,683.7698
2015,07,3,6,683.02751
2015,07,3,7,682.44959
2015,07,4,0,681.53323
2015,07,4,1,680.96578
2015,07,4,2,681.02002
2015,07,4,3,680.94656
2015,07,4,4,680.81892
2015,07,4,5,680.90614
2015,07,4,6,681.34182
2015,07,4,7,682.20483
2015,07,5,0,683.06809
2015,07,5,1,683.95973
2015,07,5,2,685.28134
2015,07,5,3,686.90196
2015,07,5,4,688.37637
2015,07,5,5,689.65104
2015,07,5,6,691.16384
2015,07,5,7,692.39165
2015,07,6,0,693.75882
2015,07,6,1,694.53654
2015,07,6,2,694.97887
2015,07,6,3,695.50663
2015,07,6,4,695.58341
2015,07,6,5,695.48845
2015,07,6,6,694.93926
2015,07,6,7,694.3132
2015,07,7,0,693.90354
2015,07,7,1,693.13336
2015,07,7,2,692.2463
2015,07,7,3,691.38712
2015,07,7,4,690.90567
2015,07,7,5,690.19718
2015,07,7,6,689.61908
2015,07,7,7,689.26222
2015,07,8,0,688.97586
2015,07,8,1,688.80316
2015,07,8,2,689.39718
2015,07,8,3,689.95839
2015,07,8,4,690.64945
2015,07,8,5,691.27509
2015,07,8,6,692.16548
2015,07,8,7,692.60994
2015,07,9,0,692.27314
2015,07,9,1,692.04571
2015,07,9,2,692.66406
2015,07,9,3,692.67545
2015,07,9,4,692.78266
2015,07,9,5,693.19126
2015,07,9,6,693.66857
2015,07,9,7,693.74413
2015,07,10,0,693.49014
2015,07,10,1,693.05469
2015,07,10,2,693.35628
2015,07,10,3,693.3212
2015,07,10,4,693.19825
2015,07,10,5,692.90773
2015,07,10,6,692.19014
2015,07,10,7,691.77994
2015,07,11,0,691.30938
2015,07,11,1,690.65535
2015,07,11,2,690.32085
2015,07,11,3,690.06892
2015,07,11,4,689.67549
2015,07,11,5,689.06967
2015,07,11,6,688.40718
2015,07,11,7,687.79924
2015,07,12,0,688.09505
2015,07,12,1,688.03189
2015,07,12,2,687.94246
2015,07,12,3,688.2589
2015,07,12,4,688.38832
2015,07,12,5,688.01465
2015,07,12,6,687.28894
2015,07,12,7,687.15164
2015,07,13,0,686.86759
2015,07,13,1,686.05149
2015,07,13,2,685.77598
2015,07,13,3,685.79334
2015,07,13,4,685.21572
2015,07,13,5,684.33765
2015,07,13,6,683.68337
2015,07,13,7,683.02976
2015,07,14,0,682.54794
2015,07,14,1,681.98674
2015,07,14,2,680.83254
2015,07,14,3,680.22945
2015,07,14,4,679.87406
2015,07,14,5,679.38968
2015,07,14,6,678.74214
2015,07,14,7,678.17757
2015,07,15,0,677.94708
2015,07,15,1,676.94098
2015,07,15,2,676.40317
2015,07,15,3,676.33834
2015,07,15,4,676.54154
2015,07,15,5,677.11525
2015,07,15,6,677.2502
2015,07,15,7,677.63896
2015,07,16,0,677.83831
2015,07,16,1,677.36338
2015,07,16,2,677.94374
2015,07,16,3,679.03581
2015,07,16,4,679.79334
2015,07,16,5,680.67056
2015,07,16,6,680.89207
2015,07,16,7,681.1546
2015,07,17,0,681.59857
2015,07,17,1,681.71478
2015,07,17,2,681.6264
2015,07,17,3,681.68387
2015,07,17,4,681.40329
2015,07,17,5,680.87826
2015,07,17,6,680.40678
2015,07,17,7,680.34742
2015,07,18,0,679.65493
2015,07,18,1,678.70247
2015,07,18,2,678.51677
2015,07,18,3,678.65169
2015,07,18,4,678.44593
2015,07,18,5,678.34145
2015,07,18,6,678.65663
2015,07,18,7,679.26615
2015,07,19,0,680.13106
2015,07,19,1,680.98395
2015,07,19,2,682.03417
2015,07,19,3,683.63087
2015,07,19,4,684.5614
2015,07,19,5,685.53861
2015,07,19,6,686.77038
2015,07,19,7,687.94593
2015,07,20,0,688.64519
2015,07,20,1,688.26883
2015,07,20,2,687.95492
2015,07,20,3,687.48883
2015,07,20,4,686.70956
2015,07,20,5,685.45247
2015,07,20,6,683.82205
2015,07,20,7,681.68451
2015,07,21,0,679.26863
2015,07,21,1,677.42321
2015,07,21,2,676.55428
2015,07,21,3,676.45918
2015,07,21,4,676.43121
2015,07,21,5,676.69793
2015,07,21,6,677.84248
2015,07,21,7,678.71515
2015,07,22,0,679.45477
2015,07,22,1,679.82218
2015,07,22,2,680.29851
2015,07,22,3,680.82297
2015,07,22,4,680.97539
2015,07,22,5,681.22319
2015,07,22,6,681.39045
2015,07,22,7,681.63412
2015,07,23,0,682.00227
2015,07,23,1,681.93275
2015,07,23,2,682.52076
2015,07,23,3,683.27268
2015,07,23,4,683.99054
2015,07,23,5,684.89678
2015,07,23,6,685.07453
2015,07,23,7,685.00974
2015,07,24,0,684.79493
2015,07,24,1,684.47499
2015,07,24,2,684.20081
2015,07,24,3,684.42924
2015,07,24,4,684.47436
2015,07,24,5,684.42792
2015,07,24,6,684.46659
2015,07,24,7,684.41327
2015,07,25,0,683.8198
2015,07,25,1,682.75147
2015,07,25,2,681.99949
2015,07,25,3,681.25006
2015,07,25,4,680.38594
2015,07,25,5,678.90744
2015,07,25,6,677.1756
2015,07,25,7,676.27265
2015,07,26,0,675.56113
2015,07,26,1,674.93603
2015,07,26,2,674.84717
2015,07,26,3,675.07216
2015,07,26,4,674.5951
2015,07,26,5,674.14569
2015,07,26,6,674.67319
2015,07,26,7,675.68591
2015,07,27,0,676.63733
2015,07,27,1,678.39365
2015,07,27,2,680.29248
2015,07,27,3,682.42977
2015,07,27,4,684.0196
2015,07,27,5,685.07823
2015,07,27,6,686.62909
2015,07,27,7,687.96255
2015,07,28,0,688.35483
2015,07,28,1,688.46996
2015,07,28,2,689.02466
2015,07,28,3,689.40784
2015,07,28,4,689.63319
2015,07,28,5,689.69758
2015,07,28,6,689.46986
2015,07,28,7,689.61075
2015,07,29,0,689.30458
2015,07,29,1,688.59466
2015,07,29,2,687.84564
2015,07,29,3,687.48872
2015,07,29,4,686.46794
2015,07,29,5,685.27334
2015,07,29,6,684.45542
2015,07,29,7,683.64119
2015,07,30,0,683.90211
2015,07,30,1,684.50313
2015,07,30,2,684.88473
2015,07,30,3,685.14771
2015,07,30,4,685.53943
2015,07,30,5,685.68502
2015,07,30,6,685.72092
2015,07,30,7,685.75298
2015,07,31,0,685.26527
2015,07,31,1,684.96028
2015,07,31,2,685.28881
2015,07,31,3,685.43671
2015,07,31,4,685.38217
2015,07,31,5,685.39632
2015,07,31,6,685.40374
2015,07,31,7,685.1215
2015,07,1,0,685.33823
2015,07,1,1,685.15979
2015,07,1,2,684.62944
2015,07,1,3,684.22759
2015,07,1,4,683.64956
2015,07,1,5,683.44981
2015,07,1,6,683.89579
2015,07,1,7,683.97656
2015,07,2,0,683.8961
2015,07,2,1,683.89227
2015,07,2,2,683.83276
2015,07,2,3,683.4368
2015,07,2,4,682.92378
2015,07,2,5,683.43549
2015,07,2,6,684.02145
2015,07,2,7,684.32778
2015,07,3,0,684.85835
2015,07,3,1,685.146
2015,07,3,2,685.50254
2015,07,3,3,685.7372
2015,07,3,4,685.77756
2015,07,3,5,685.99898
2015,07,3,6,685.98557
2015,07,3,7,686.22529
2015,07,4,0,686.47195
2015,07,4,1,686.51771
2015,07,4,2,687.09924
2015,07,4,3,687.60215
2015,07,4,4,687.96274
2015,07,4,5,688.38216
2015,07,4,6,688.90415
2015,07,4,7,689.47087
2015,07,5,0,689.7286
2015,07,5,1,689.81228
2015,07,5,2,689.95002
2015,07,5,3,689.61188
2015,07,5,4,689.36826
2015,07,5,5,688.83799
2015,07,5,6,688.38492
2015,07,5,7,688.09938
2015,07,6,0,687.20848
2015,07,6,1,686.56968
2015,07,6,2,686.8712
2015,07,6,3,686.59811
2015,07,6,4,685.85184
2015,07,6,5,684.54329
2015,07,6,6,682.38718
2015,07,6,7,681.00423
2015,07,7,0,680.29052
2015,07,7,1,680.28141
2015,07,7,2,681.12831
2015,07,7,3,681.75883
2015,07,7,4,682.74735
2015,07,7,5,684.18973
2015,07,7,6,684.44847
2015,07,7,7,685.59042
2015,07,8,0,686.95222
2015,07,8,1,687.6018
2015,07,8,2,687.76698
2015,07,8,3,687.06861
2015,07,8,4,687.60771
2015,07,8,5,687.24948
2015,07,8,6,686.46648
2015,07,8,7,686.52179
2015,07,9,0,686.0567
2015,07,9,1,685.06349
2015,07,9,2,684.92389
2015,07,9,3,684.96169
2015,07,9,4,685.40728
2015,07,9,5,685.72232
2015,07,9,6,686.0357
2015,07,9,7,686.4256
2015,07,10,0,686.35369
2015,07,10,1,685.35767
2015,07,10,2,685.64583
2015,07,10,3,686.00205
2015,07,10,4,685.04731
2015,07,10,5,683.70577
2015,07,10,6,682.52176
2015,07,10,7,681.83738
2015,07,11,0,681.27679
2015,07,11,1,680.67276
2015,07,11,2,680.37794
2015,07,11,3,680.19599
2015,07,11,4,680.04968
2015,07,11,5,679.62738
2015,07,11,6,679.52753
2015,07,11,7,679.57792
2015,07,12,0,679.93963
2015,07,12,1,680.5898
2015,07,12,2,681.84535
2015,07,12,3,682.92717
2015,07,12,4,684.12759
2015,07,12,5,685.2814
2015,07,12,6,686.50712
2015,07,12,7,687.9172
2015,07,13,0,689.56256
2015,07,13,1,690.54305
2015,07,13,2,691.10112
2015,07,13,3,691.41252
2015,07,13,4,691.06887
2015,07,13,5,691.48989
2015,07,13,6,691.94702
2015,07,13,7,692.76327
2015,07,14,0,693.36304
2015,07,14,1,693.68084
2015,07,14,2,694.87394
2015,07,14,3,695.95677
2015,07,14,4,696.67863
2015,07,14,5,696.63172
2015,07,14,6,696.38184
2015,07,14,7,696.29284
2015,07,15,0,696.45759
2015,07,15,1,695.91673
2015,07,15,2,695.4157
2015,07,15,3,695.11273
2015,07,15,4,694.98108
2015,07,15,5,694.66986
2015,07,15,6,694.69947
2015,07,15,7,695.16554
2015,07,16,0,695.33557
2015,07,16,1,695.16373
2015,07,16,2,695.84939
2015,07,16,3,696.35641
2015,07,16,4,697.14797
2015,07,16,5,697.97183
2015,07,16,6,697.44228
2015,07,16,7,696.88904
2015,07,17,0,696.80048
2015,07,17,1,695.91402
2015,07,17,2,695.64209
2015,07,17,3,695.93803
2015,07,17,4,695.68961
2015,07,17,5,695.48595
2015,07,17,6,695.22637
2015,07,17,7,694.35268
2015,07,18,0,693.97332
2015,07,18,1,693.42213
2015,07,18,2,693.38962
2015,07,18,3,693.61345
2015,07,18,4,693.34656
2015,07,18,5,693.07388
2015,07,18,6,693.02852
2015,07,18,7,692.78238
2015,07,19,0,693.07798
2015,07,19,1,693.16084
2015,07,19,2,692.45253
2015,07,19,3,691.69228
2015,07,19,4,691.42199
2015,07,19,5,691.03936
2015,07,19,6,690.77152
2015,07,19,7,690.5009
2015,07,20,0,690.15919
2015,07,20,1,689.77547
2015,07,20,2,689.99045
2015,07,20,3,690.5208
2015,07,20,4,689.66719
2015,07,20,5,688.65659
2015,07,20,6,687.68976
2015,07,20,7,686.93141
2015,07,21,0,686.34931
2015,07,21,1,685.56338
2015,07,21,2,685.18617
2015,07,21,3,684.86864
2015,07,21,4,684.4065
2015,07,21,5,683.66901
2015,07,21,6,684.013
2015,07,21,7,684.87607
2015,07,22,0,684.48971
2015,07,22,1,683.52039
2015,07,22,2,683.61957
2015,07,22,3,683.83773
2015,07,22,4,683.29287
2015,07,22,5,683.23005
2015,07,22,6,682.77989
2015,07,22,7,683.00077
2015,07,23,0,683.93933
2015,07,23,1,684.77312
2015,07,23,2,685.45316
2015,07,23,3,685.66655
2015,07,23,4,685.95756
2015,07,23,5,686.31782
2015,07,23,6,686.19155
2015,07,23,7,686.08906
2015,07,24,0,685.6956
2015,07,24,1,685.35627
2015,07,24,2,684.70909
2015,07,24,3,684.01876
2015,07,24,4,682.89492
2015,07,24,5,681.64139
2015,07,24,6,680.90469
2015,07,24,7,680.47935
2015,07,25,0,680.10556
2015,07,25,1,679.77186
2015,07,25,2,680.05691
2015,07,25,3,680.79287
2015,07,25,4,680.8936
2015,07,25,5,681.11663
2015,07,25,6,681.44877
2015,07,25,7,682.15579
2015,07,26,0,682.64895
2015,07,26,1,682.92563
2015,07,26,2,683.45543
2015,07,26,3,684.05913
2015,07,26,4,684.63708
2015,07,26,5,684.88945
2015,07,26,6,684.9892
2015,07,26,7,685.09105
2015,07,27,0,684.72097
2015,07,27,1,684.09756
2015,07,27,2,683.92952
2015,07,27,3,683.97646
2015,07,27,4,683.61006
2015,07,27,5,683.1978
2015,07,27,6,682.56215
2015,07,27,7,681.63934
2015,07,28,0,681.04266
2015,07,28,1,680.43578
2015,07,28,2,680.24848
2015,07,28,3,680.59324
2015,07,28,4,680.27009
2015,07,28,5,680.09213
2015,07,28,6,679.82005
2015,07,28,7,680.08657
2015,07,29,0,680.33827
2015,07,29,1,680.43749
2015,07,29,2,681.10155
2015,07,29,3,682.11144
2015,07,29,4,683.01694
2015,07,29,5,683.96061
2015,07,29,6,684.93216
2015,07,29,7,686.10336
2015,07,30,0,686.92868
2015,07,30,1,687.44108
2015,07,30,2,688.15111
2015,07,30,3,688.69877
2015,07,30,4,688.84607
2015,07,30,5,688.62046
2015,07,30,6,688.31809
2015,07,30,7,687.91046
2015,07,1,0,687.85151
2015,07,1,1,687.49276
2015,07,1,2,686.56903
2015,07,1,3,685.51137
2015,07,1,4,684.55761
2015,07,1,5,683.61827
2015,07,1,6,682.6131
2015,07,1,7,681.87467
2015,07,2,0,681.92399
2015,07,2,1,682.01138
2015,07,2,2,682.03531
2015,07,2,3,682.03258
2015,07,2,4,682.51567
2015,07,2,5,682.83959
2015,07,2,6,683.05152
2015,07,2,7,683.05959
2015,07,3,0,682.51387
2015,07,3,1,682.18531
2015,07,3,2,682.62151
2015,07,3,3,683.14977
2015,07,3,4,683.60565
2015,07,3,5,683.8943
2015,07,3,6,684.39679
2015,07,3,7,685.15037
2015,07,4,0,685.82643
2015,07,4,1,686.11246
2015,07,4,2,686.54108
2015,07,4,3,687.15687
2015,07,4,4,687.02397
2015,07,4,5,686.58288
2015,07,4,6,685.79133
2015,07,4,7,684.76511
2015,07,5,0,684.64274
2015,07,5,1,685.01498
2015,07,5,2,684.61603
2015,07,5,3,684.02519
2015,07,5,4,682.99172
2015,07,5,5,681.61813
2015,07,5,6,680.33742
2015,07,5,7,678.55917
2015,07,6,0,676.5834
2015,07,6,1,675.36194
2015,07,6,2,673.96835
2015,07,6,3,672.94711
2015,07,6,4,672.2005
2015,07,6,5,670.85822
2015,07,6,6,669.73429
2015,07,6,7,668.67014
2015,07,7,0,667.97693
2015,07,7,1,667.48087
2015,07,7,2,667.10738
2015,07,7,3,666.67981
2015,07,7,4,666.83157
2015,07,7,5,667.01164
2015,07,7,6,666.44858
2015,07,7,7,658.61163
2015,07,8,0,657.88829
2015,07,8,1,657.3455
2015,07,8,2,657.08267
2015,07,8,3,656.93854
2015,07,8,4,657.36537
2015,07,8,5,658.03847
2015,07,8,6,667.25921
2015,07,8,7,668.19501
2015,07,9,0,669.77917
2015,07,9,1,671.3637
2015,07,9,2,672.52761
2015,07,9,3,673.9455
2015,07,9,4,675.07462
2015,07,9,5,675.68419
2015,07,9,6,676.12211
2015,07,9,7,676.78444
2015,07,10,0,676.6719
2015,07,10,1,676.80601
2015,07,10,2,677.41912
2015,07,10,3,677.93803
2015,07,10,4,678.49656
2015,07,10,5,678.68652
2015,07,10,6,678.88547
2015,07,10,7,678.82279
2015,07,11,0,678.9439
2015,07,11,1,678.97052
2015,07,11,2,679.05846
2015,07,11,3,679.35806
2015,07,11,4,679.13224
2015,07,11,5,678.91314
2015,07,11,6,678.44523
2015,07,11,7,678.26727
2015,07,12,0,679.27536
2015,07,12,1,680.33403
2015,07,12,2,681.84471
2015,07,12,3,683.35127
2015,07,12,4,684.81882
2015,07,12,5,685.78622
2015,07,12,6,685.58835
2015,07,12,7,685.32602
2015,07,13,0,683.77766
2015,07,13,1,681.67761
2015,07,13,2,681.44843
2015,07,13,3,681.03929
2015,07,13,4,680.6936
2015,07,13,5,680.96329
2015,07,13,6,681.60965
2015,07,13,7,681.80824
2015,07,14,0,680.72676
2015,07,14,1,679.62731
2015,07,14,2,679.88777
2015,07,14,3,680.15689
2015,07,14,4,680.69867
2015,07,14,5,681.18718
2015,07,14,6,681.7187
2015,07,14,7,682.04354
2015,07,15,0,682.30968
2015,07,15,1,682.87805
2015,07,15,2,683.49365
2015,07,15,3,684.15935
2015,07,15,4,685.57947
2015,07,15,5,685.9457
2015,07,15,6,687.00679
2015,07,15,7,688.65576
2015,07,16,0,689.38176
2015,07,16,1,689.29251
2015,07,16,2,689.69606
2015,07,16,3,690.60469
2015,07,16,4,691.0549
2015,07,16,5,690.70149
2015,07,16,6,690.89631
2015,07,16,7,690.73988
2015,07,17,0,689.54151
2015,07,17,1,687.43854
2015,07,17,2,686.22896
2015,07,17,3,684.41704
2015,07,17,4,681.61608
2015,07,17,5,680.39001
2015,07,17,6,679.17914
2015,07,17,7,677.88282
2015,07,18,0,677.76486
2015,07,18,1,677.86814
2015,07,18,2,677.56718
2015,07,18,3,677.50364
2015,07,18,4,677.42998
2015,07,18,5,677.2885
2015,07,18,6,678.0261
2015,07,18,7,678.76374
2015,07,19,0,679.18782
2015,07,19,1,679.28507
2015,07,19,2,680.04631
2015,07,19,3,680.40293
2015,07,19,4,679.22684
2015,07,19,5,678.72731
2015,07,19,6,679.13795
2015,07,19,7,679.02375
2015,07,20,0,678.9252
2015,07,20,1,678.9224
2015,07,20,2,678.86502
2015,07,20,3,679.69307
2015,07,20,4,680.46423
2015,07,20,5,680.83559
2015,07,20,6,681.77701
2015,07,20,7,682.51486
2015,07,21,0,682.75624
2015,07,21,1,682.25768
2015,07,21,2,681.84755
2015,07,21,3,681.01639
2015,07,21,4,679.81223
2015,07,21,5,678.88231
2015,07,21,6,677.86038
2015,07,21,7,677.342
2015,07,22,0,676.88936
2015,07,22,1,676.44599
2015,07,22,2,676.75912
2015,07,22,3,676.63687
2015,07,22,4,676.12793
2015,07,22,5,675.69896
2015,07,22,6,675.26651
2015,07,22,7,674.89345
2015,07,23,0,676.46359
2015,07,23,1,677.41119
2015,07,23,2,676.88645
2015,07,23,3,676.77546
2015,07,23,4,676.87886
2015,07,23,5,676.56682
2015,07,23,6,677.04707
2015,07,23,7,677.52921
2015,07,24,0,677.99212
2015,07,24,1,678.45035
2015,07,24,2,678.92521
2015,07,24,3,679.17632
2015,07,24,4,679.3296
2015,07,24,5,679.84872
2015,07,24,6,679.24564
2015,07,24,7,678.56835
2015,07,25,0,678.93213
2015,07,25,1,679.10687
2015,07,25,2,679.9715
2015,07,25,3,680.83744
2015,07,25,4,682.06321
2015,07,25,5,683.15039
2015,07,25,6,682.94319
2015,07,25,7,682.69121
2015,07,26,0,683.12089
2015,07,26,1,683.48674
2015,07,26,2,684.33927
2015,07,26,3,684.81284
2015,07,26,4,685.06988
2015,07,26,5,684.91973
2015,07,26,6,685.44266
2015,07,26,7,685.45226
2015,07,27,0,684.60171
2015,07,27,1,683.48593
2015,07,27,2,682.21528
2015,07,27,3,681.12168
2015,07,27,4,679.68638
2015,07,27,5,679.25054
2015,07,27,6,679.07017
2015,07,27,7,678.51811
2015,07,28,0,678.90427
2015,07,28,1,679.02941
2015,07,28,2,679.74334
2015,07,28,3,681.02765
2015,07,28,4,683.09094
2015,07,28,5,684.78816
2015,07,28,6,684.84926
2015,07,28,7,683.53742
2015,07,29,0,680.73595
2015,07,29,1,679.03678
2015,07,29,2,677.89582
2015,07,29,3,677.1445
2015,07,29,4,677.42405
2015,07,29,5,678.29925
2015,07,29,6,678.29643
2015,07,29,7,678.29006
2015,07,30,0,677.55492
2015,07,30,1,677.27877
2015,07,30,2,679.00728
2015,07,30,3,680.70661
2015,07,30,4,680.69221
2015,07,30,5,680.81535
2015,07,30,6,681.26936
2015,07,30,7,681.57022
2015,07,31,0,682.16924
2015,07,31,1,682.6759
2015,07,31,2,682.63473
2015,07,31,3,682.7373
2015,07,31,4,683.74681
2015,07,31,5,685.06521
2015,07,31,6,685.99484
2015,07,31,7,686.9416
2015,07,1,0,688.1015
2015,07,1,1,688.77485
2015,07,1,2,690.01245
2015,07,1,3,690.90523
2015,07,1,4,691.32189
2015,07,1,5,691.60466
2015,07,1,6,691.10953
2015,07,1,7,690.46452
2015,07,2,0,690.89588
2015,07,2,1,691.7008
2015,07,2,2,692.74935
2015,07,2,3,694.40407
2015,07,2,4,695.04294
2015,07,2,5,695.43722
2015,07,2,6,696.79258
2015,07,2,7,698.0338
2015,07,3,0,698.14492
2015,07,3,1,697.59088
2015,07,3,2,698.34772
2015,07,3,3,698.3011
2015,07,3,4,697.91085
2015,07,3,5,697.13186
2015,07,3,6,694.86014
2015,07,3,7,693.25881
2015,07,4,0,692.20832
2015,07,4,1,690.3828
2015,07,4,2,689.70337
2015,07,4,3,689.04284
2015,07,4,4,688.97287
2015,07,4,5,689.05007
2015,07,4,6,688.68974
2015,07,4,7,688.22052
2015,07,5,0,688.24006
2015,07,5,1,688.41074
2015,07,5,2,688.30826
2015,07,5,3,688.23941
2015,07,5,4,688.80437
2015,07,5,5,689.21963
2015,07,5,6,689.78784
2015,07,5,7,690.28302
2015,07,6,0,690.41355
2015,07,6,1,690.32587
2015,07,6,2,690.73993
2015,07,6,3,691.22905
2015,07,6,4,691.31011
2015,07,6,5,691.47696
2015,07,6,6,691.46178
2015,07,6,7,691.00884
2015,07,7,0,689.79833
2015,07,7,1,688.1223
2015,07,7,2,687.15892
2015,07,7,3,685.57219
2015,07,7,4,684.28917
2015,07,7,5,682.92986
2015,07,7,6,681.03398
2015,07,7,7,679.0387
2015,07,8,0,677.58905
2015,07,8,1,676.67523
2015,07,8,2,676.32843
2015,07,8,3,676.04781
2015,07,8,4,676.20642
2015,07,8,5,676.32425
2015,07,8,6,676.60356
2015,07,8,7,677.19401
2015,07,9,0,678.09104
2015,07,9,1,678.64483
2015,07,9,2,679.59993
2015,07,9,3,680.90754
2015,07,9,4,681.72837
2015,07,9,5,682.39533
2015,07,9,6,682.32415
2015,07,9,7,681.96622
2015,07,10,0,680.94409
2015,07,10,1,679.88384
2015,07,10,2,679.66176
2015,07,10,3,679.4618
2015,07,10,4,679.99292
2015,07,10,5,680.61861
2015,07,10,6,680.58131
2015,07,10,7,680.66206
2015,07,11,0,680.60034
2015,07,11,1,680.10642
2015,07,11,2,680.66725
2015,07,11,3,680.49505
2015,07,11,4,680.03794
2015,07,11,5,679.91853
2015,07,11,6,679.98709
2015,07,11,7,679.79123
2015,07,12,0,679.71776
2015,07,12,1,679.62259
2015,07,12,2,680.22303
2015,07,12,3,680.69586
2015,07,12,4,681.00744
2015,07,12,5,681.38515
2015,07,12,6,681.6539
2015,07,12,7,681.60015
2015,07,13,0,681.08635
2015,07,13,1,680.73155
2015,07,13,2,680.47425
2015,07,13,3,679.76124
2015,07,13,4,678.62736
2015,07,13,5,677.72854
2015,07,13,6,677.06921
2015,07,13,7,676.86549
2015,07,14,0,676.69001
2015,07,14,1,677.11067
2015,07,14,2,677.60393
2015,07,14,3,677.54786
2015,07,14,4,677.72904
2015,07,14,5,677.72583
2015,07,14,6,677.48887
2015,07,14,7,677.20991
2015,07,15,0,677.12694
2015,07,15,1,676.45055
2015,07,15,2,675.61088
2015,07,15,3,675.04426
2015,07,15,4,674.5945
2015,07,15,5,673.88762
2015,07,15,6,673.22174
2015,07,15,7,672.50459
2015,07,16,0,671.55445
2015,07,16,1,670.33445
2015,07,16,2,670.96778
2015,07,16,3,671.61672
2015,07,16,4,671.8199
2015,07,16,5,671.24212
2015,07,16,6,671.55117
2015,07,16,7,672.16166
2015,07,17,0,673.12009
2015,07,17,1,673.65523
2015,07,17,2,674.35123
2015,07,17,3,675.50146
2015,07,17,4,676.0038
2015,07,17,5,676.24761
2015,07,17,6,676.28845
2015,07,17,7,676.29497
2015,07,18,0,676.10347
2015,07,18,1,675.75821
2015,07,18,2,676.00164
2015,07,18,3,676.22071
2015,07,18,4,675.74626
2015,07,18,5,675.17004
2015,07,18,6,674.80261
2015,07,18,7,674.52425
2015,07,19,0,674.85396
2015,07,19,1,674.623
2015,07,19,2,674.11984
2015,07,19,3,674.82314
2015,07,19,4,675.5479
2015,07,19,5,676.19236
2015,07,19,6,676.98876
2015,07,19,7,678.4488
2015,07,20,0,679.29717
2015,07,20,1,679.55356
2015,07,20,2,680.05064
2015,07,20,3,680.78677
2015,07,20,4,681.22218
2015,07,20,5,681.42644
2015,07,20,6,681.68999
2015,07,20,7,681.72272
2015,07,21,0,680.52017
2015,07,21,1,679.38586
2015,07,21,2,678.32102
2015,07,21,3,676.98816
2015,07,21,4,675.21719
2015,07,21,5,674.19392
2015,07,21,6,673.48389
2015,07,21,7,673.28431
2015,07,22,0,673.53409
2015,07,22,1,673.8499
2015,07,22,2,674.40688
2015,07,22,3,674.42579
2015,07,22,4,673.67947
2015,07,22,5,672.91059
2015,07,22,6,672.07396
2015,07,22,7,671.32737
2015,07,23,0,671.12515
2015,07,23,1,670.96608
2015,07,23,2,670.747
2015,07,23,3,670.64354
2015,07,23,4,670.86615
2015,07,23,5,670.62307
2015,07,23,6,669.93791
2015,07,23,7,669.34894
2015,07,24,0,668.68628
2015,07,24,1,668.23172
2015,07,24,2,668.60708
2015,07,24,3,669.59782
2015,07,24,4,669.80078
2015,07,24,5,669.49135
2015,07,24,6,670.33009
2015,07,24,7,671.20975
2015,07,25,0,671.92779
2015,07,25,1,672.01283
2015,07,25,2,672.38266
2015,07,25,3,672.68089
2015,07,25,4,673.0312
2015,07,25,5,673.31136
2015,07,25,6,673.68565
2015,07,25,7,674.55447
2015,07,26,0,675.20512
2015,07,26,1,675.77465
2015,07,26,2,676.57335
2015,07,26,3,677.63453
2015,07,26,4,678.49339
2015,07,26,5,678.93299
2015,07,26,6,679.66001
2015,07,26,7,680.00021
2015,07,27,0,680.39635
2015,07,27,1,680.76954
2015,07,27,2,680.592
2015,07,27,3,680.23234
2015,07,27,4,681.08325
2015,07,27,5,680.945
2015,07,27,6,680.81575
2015,07,27,7,681.0598
2015,07,28,0,682.1449
2015,07,28,1,682.35126
2015,07,28,2,683.48394
2015,07,28,3,684.22821
2015,07,28,4,684.99445
2015,07,28,5,685.73315
2015,07,28,6,686.96668
2015,07,28,7,687.80916
2015,07,29,0,688.03352
2015,07,29,1,688.02813
2015,07,29,2,688.8059
2015,07,29,3,688.55881
2015,07,29,4,688.17439
2015,07,29,5,688.45095
2015,07,29,6,688.31046
2015,07,29,7,688.50461
2015,07,30,0,688.28762
2015,07,30,1,687.68151
2015,07,30,2,687.47115
2015,07,30,3,686.84237
2015,07,30,4,685.80018
2015,07,30,5,684.44519
2015,07,30,6,682.85494
2015,07,30,7,681.11
2015,07,31,0,678.2535
2015,07,31,1,676.08701
2015,07,31,2,674.75338
2015,07,31,3,674.18053
2015,07,31,4,674.30732
2015,07,31,5,675.17258
2015,07,31,6,676.53382
2015,07,31,7,676.95885
2015,07,1,0,676.87558
2015,07,1,1,677.47832
2015,07,1,2,677.9367
2015,07,1,3,677.68483
2015,07,1,4,677.50993
2015,07,1,5,678.02945
2015,07,1,6,678.72923
2015,07,1,7,679.41162
2015,07,2,0,679.89043
2015,07,2,1,680.52957
2015,07,2,2,681.4482
2015,07,2,3,682.28494
2015,07,2,4,683.14782
2015,07,2,5,683.84846
2015,07,2,6,685.09327
2015,07,2,7,685.9357
2015,07,3,0,687.03946
2015,07,3,1,688.02008
2015,07,3,2,688.45163
2015,07,3,3,689.04013
2015,07,3,4,689.66975
2015,07,3,5,689.97084
2015,07,3,6,690.1519
2015,07,3,7,690.23004
2015,07,4,0,690.71727
2015,07,4,1,690.88162
2015,07,4,2,691.28231
2015,07,4,3,691.6068
2015,07,4,4,691.97441
2015,07,4,5,692.07905
2015,07,4,6,692.54945
2015,07,4,7,692.68544
2015,07,5,0,693.02908
2015,07,5,1,692.88323
2015,07,5,2,692.75436
2015,07,5,3,692.34248
2015,07,5,4,691.16763
2015,07,5,5,689.38082
2015,07,5,6,687.21132
2015,07,5,7,686.21275
2015,07,6,0,685.69221
2015,07,6,1,685.13325
2015,07,6,2,683.1906
2015,07,6,3,681.23602
2015,07,6,4,679.27082
2015,07,6,5,677.13979
2015,07,6,6,675.28217
2015,07,6,7,674.28681
2015,07,7,0,673.28413
2015,07,7,1,673.03361
2015,07,7,2,673.01208
2015,07,7,3,673.12773
2015,07,7,4,673.49041
2015,07,7,5,673.80658
2015,07,7,6,673.8647
2015,07,7,7,674.15846
2015,07,8,0,674.57261
2015,07,8,1,674.55728
2015,07,8,2,674.82086
2015,07,8,3,675.0529
2015,07,8,4,675.6827
2015,07,8,5,675.92814
2015,07,8,6,675.22736
2015,07,8,7,675.13181
2015,07,9,0,674.8748
2015,07,9,1,673.85314
2015,07,9,2,673.41199
2015,07,9,3,672.87882
2015,07,9,4,672.11248
2015,07,9,5,671.25394
2015,07,9,6,670.36505
2015,07,9,7,669.14718
2015,07,10,0,668.46085
2015,07,10,1,667.59879
2015,07,10,2,667.25463
2015,07,10,3,667.2871
2015,07,10,4,667.51932
2015,07,10,5,667.53222
2015,07,10,6,667.66105
2015,07,10,7,667.58953
2015,07,11,0,667.65478
2015,07,11,1,667.40034
2015,07,11,2,667.12605
2015,07,11,3,666.70189
2015,07,11,4,659.20625
2015,07,11,5,658.79044
2015,07,11,6,658.40305
2015,07,11,7,658.08721
2015,07,12,0,658.35574
2015,07,12,1,658.42027
2015,07,12,2,658.46794
2015,07,12,3,658.52113
2015,07,12,4,666.72399
2015,07,12,5,666.86637
2015,07,12,6,667.95734
2015,07,12,7,668.59543
2015,07,13,0,668.75582
2015,07,13,1,668.46608
2015,07,13,2,668.02776
2015,07,13,3,667.24876
2015,07,13,4,658.4799
2015,07,13,5,656.61597
2015,07,13,6,654.87127
2015,07,13,7,653.39007
2015,07,14,0,652.69613
2015,07,14,1,652.40709
2015,07,14,2,652.84789
2015,07,14,3,654.31337
2015,07,14,4,657.07229
2015,07,14,5,667.50269
2015,07,14,6,669.43227
2015,07,14,7,670.93863
2015,07,15,0,672.08095
2015,07,15,1,673.11421
2015,07,15,2,673.4008
2015,07,15,3,673.55403
2015,07,15,4,673.60387
2015,07,15,5,673.08356
2015,07,15,6,672.85748
2015,07,15,7,672.5778
2015,07,16,0,672.9343
2015,07,16,1,672.74135
2015,07,16,2,673.52363
2015,07,16,3,674.05
2015,07,16,4,674.62365
2015,07,16,5,675.145
2015,07,16,6,676.11912
2015,07,16,7,677.11176
2015,07,17,0,678.6585
2015,07,17,1,679.5824
2015,07,17,2,680.3103
2015,07,17,3,680.70067
2015,07,17,4,680.60378
2015,07,17,5,679.81355
2015,07,17,6,679.54283
2015,07,17,7,679.33601
2015,07,18,0,679.6395
2015,07,18,1,679.58617
2015,07,18,2,679.58538
2015,07,18,3,679.73377
2015,07,18,4,678.81997
2015,07,18,5,677.58306
2015,07,18,6,676.8121
2015,07,18,7,675.5291
2015,07,19,0,673.77103
2015,07,19,1,671.8048
2015,07,19,2,670.81637
2015,07,19,3,670.13346
2015,07,19,4,670.05807
2015,07,19,5,669.56825
2015,07,19,6,669.26032
2015,07,19,7,669.00756
2015,07,20,0,668.8013
2015,07,20,1,668.74228
2015,07,20,2,669.38657
2015,07,20,3,670.84027
2015,07,20,4,672.62496
2015,07,20,5,674.06208
2015,07,20,6,675.10591
2015,07,20,7,676.13612
2015,07,21,0,677.73995
2015,07,21,1,678.70291
2015,07,21,2,679.08692
2015,07,21,3,679.79863
2015,07,21,4,680.18963
2015,07,21,5,680.37202
2015,07,21,6,680.90997
2015,07,21,7,681.59908
2015,07,22,0,682.09359
2015,07,22,1,682.4581
2015,07,22,2,683.11406
2015,07,22,3,683.51412
2015,07,22,4,683.57063
2015,07,22,5,683.27752
2015,07,22,6,682.76743
2015,07,22,7,682.46832
2015,07,23,0,682.77717
2015,07,23,1,682.42011
2015,07,23,2,682.65667
2015,07,23,3,682.6802
2015,07,23,4,682.57298
2015,07,23,5,682.56422
2015,07,23,6,682.76875
2015,07,23,7,683.25565
2015,07,24,0,684.80179
2015,07,24,1,686.07182
2015,07,24,2,686.90149
2015,07,24,3,687.32884
2015,07,24,4,687.95308
2015,07,24,5,688.32276
2015,07,24,6,688.46579
2015,07,24,7,688.18177
2015,07,25,0,688.3455
2015,07,25,1,688.17833
2015,07,25,2,687.76172
2015,07,25,3,687.24337
2015,07,25,4,686.89244
2015,07,25,5,686.65368
2015,07,25,6,687.12559
2015,07,25,7,687.64176
2015,07,26,0,688.20546
2015,07,26,1,688.31744
2015,07,26,2,689.00447
2015,07,26,3,688.8749
2015,07,26,4,687.69811
2015,07,26,5,686.57875
2015,07,26,6,685.43744
2015,07,26,7,684.71359
2015,07,27,0,683.97361
2015,07,27,1,683.10441
2015,07,27,2,683.13933
2015,07,27,3,683.20712
2015,07,27,4,682.82406
2015,07,27,5,682.74775
2015,07,27,6,682.58657
2015,07,27,7,682.28204
2015,07,28,0,682.48256
2015,07,28,1,682.93791
2015,07,28,2,683.29868
2015,07,28,3,683.52463
2015,07,28,4,683.76119
2015,07,28,5,684.31625
2015,07,28,6,686.19192
2015,07,28,7,687.95882
2015,07,29,0,690.048
2015,07,29,1,692.16626
2015,07,29,2,693.68932
2015,07,29,3,694.23916
2015,07,29,4,693.74156
2015,07,29,5,692.09291
2015,07,29,6,690.9391
2015,07,29,7,690.21418
2015,07,30,0,689.91214
2015,07,30,1,690.17804
2015,07,30,2,691.4327
2015,07,30,3,692.72949
2015,07,30,4,693.74574
2015,07,30,5,694.3727
2015,07,30,6,695.46932
2015,07,30,7,695.74436
2015,07,1,0,696.78155
2015,07,1,1,697.94438
2015,07,1,2,698.36578
2015,07,1,3,699.25843
2015,07,1,4,699.07503
2015,07,1,5,698.75674
2015,07,1,6,699.63887
2015,07,1,7,700.59824
2015,07,2,0,701.56588
2015,07,2,1,702.13475
2015,07,2,2,702.77574
2015,07,2,3,702.77542
2015,07,2,4,702.42871
2015,07,2,5,701.13498
2015,07,2,6,699.45998
2015,07,2,7,697.9638
2015,07,3,0,696.32566
2015,07,3,1,695.41861
2015,07,3,2,695.13182
2015,07,3,3,695.56792
2015,07,3,4,695.97392
2015,07,3,5,696.45707
2015,07,3,6,697.07308
2015,07,3,7,698.09589
2015,07,4,0,699.46737
2015,07,4,1,699.62925
2015,07,4,2,699.51654
2015,07,4,3,699.47549
2015,07,4,4,698.78241
2015,07,4,5,697.86417
2015,07,4,6,696.88147
2015,07,4,7,695.02204
2015,07,5,0,693.77697
2015,07,5,1,692.3391
2015,07,5,2,691.21527
2015,07,5,3,690.10106
2015,07,5,4,690.24836
2015,07,5,5,690.95127
2015,07,5,6,692.27577
2015,07,5,7,693.58437
2015,07,6,0,694.35303
2015,07,6,1,694.56405
2015,07,6,2,694.2354
2015,07,6,3,693.77633
2015,07,6,4,693.12885
2015,07,6,5,692.25527
2015,07,6,6,692.15339
2015,07,6,7,692.30489
2015,07,7,0,692.03118
2015,07,7,1,691.96598
2015,07,7,2,691.62041
2015,07,7,3,691.6456
2015,07,7,4,691.4569
2015,07,7,5,691.03706
2015,07,7,6,691.01548
2015,07,7,7,691.13915
2015,07,8,0,691.87143
2015,07,8,1,692.0288
2015,07,8,2,692.47528
2015,07,8,3,693.22949
2015,07,8,4,693.81582
2015,07,8,5,693.92173
2015,07,8,6,693.96113
2015,07,8,7,693.88166
2015,07,9,0,693.66274
2015,07,9,1,692.97692
2015,07,9,2,692.85611
2015,07,9,3,691.80774
2015,07,9,4,691.41243
2015,07,9,5,691.13074
2015,07,9,6,690.71296
2015,07,9,7,689.45653
2015,07,10,0,687.79165
2015,07,10,1,687.09894
2015,07,10,2,686.94742
2015,07,10,3,686.45388
2015,07,10,4,686.38801
2015,07,10,5,686.09689
2015,07,10,6,686.27094
2015,07,10,7,686.38814
2015,07,11,0,686.48618
2015,07,11,1,686.16484
2015,07,11,2,686.85875
2015,07,11,3,687.3319
2015,07,11,4,687.45893
2015,07,11,5,687.25507
2015,07,11,6,687.84329
2015,07,11,7,688.31238
2015,07,12,0,688.009
2015,07,12,1,687.59638
2015,07,12,2,687.36418
2015,07,12,3,686.91529
2015,07,12,4,686.10582
2015,07,12,5,685.31555
2015,07,12,6,684.29069
2015,07,12,7,683.07422
2015,07,13,0,681.88567
2015,07,13,1,680.93167
2015,07,13,2,680.49512
2015,07,13,3,680.04012
2015,07,13,4,679.63542
2015,07,13,5,679.35858
2015,07,13,6,679.73185
2015,07,13,7,679.69379
2015,07,14,0,679.39831
2015,07,14,1,679.31553
2015,07,14,2,679.22899
2015,07,14,3,679.5541
2015,07,14,4,680.30835
2015,07,14,5,680.70516
2015,07,14,6,681.3277
2015,07,14,7,681.83788
2015,07,15,0,682.1132
2015,07,15,1,682.07358
2015,07,15,2,682.15469
2015,07,15,3,682.4128
2015,07,15,4,682.21156
2015,07,15,5,681.9112
2015,07,15,6,682.27895
2015,07,15,7,682.69707
2015,07,16,0,682.77713
2015,07,16,1,682.65451
2015,07,16,2,683.12479
2015,07,16,3,683.62199
2015,07,16,4,684.49559
2015,07,16,5,684.76336
2015,07,16,6,685.11109
2015,07,16,7,685.40181
2015,07,17,0,685.39603
2015,07,17,1,685.2549
2015,07,17,2,685.57378
2015,07,17,3,685.77717
2015,07,17,4,685.70973
2015,07,17,5,685.61772
2015,07,17,6,686.11209
2015,07,17,7,686.61887
2015,07,18,0,687.1665
2015,07,18,1,687.70087
2015,07,18,2,688.04799
2015,07,18,3,688.5757
2015,07,18,4,688.91097
2015,07,18,5,689.05542
2015,07,18,6,689.38364
2015,07,18,7,689.44054
2015,07,19,0,689.29453
2015,07,19,1,689.01537
2015,07,19,2,689.23044
2015,07,19,3,689.3259
2015,07,19,4,689.01481
2015,07,19,5,688.96236
2015,07,19,6,689.31616
2015,07,19,7,689.6769
2015,07,20,0,690.75047
2015,07,20,1,691.34093
2015,07,20,2,692.18041
2015,07,20,3,693.54369
2015,07,20,4,693.9828
2015,07,20,5,693.94194
2015,07,20,6,693.76381
2015,07,20,7,693.26806
2015,07,21,0,693.13467
2015,07,21,1,692.3742
2015,07,21,2,691.34192
2015,07,21,3,690.3472
2015,07,21,4,688.99033
2015,07,21,5,687.63103
2015,07,21,6,686.76104
2015,07,21,7,686.24948
2015,07,22,0,686.00851
2015,07,22,1,686.07571
2015,07,22,2,686.68859
2015,07,22,3,687.14815
2015,07,22,4,686.95781
2015,07,22,5,686.31786
2015,07,22,6,685.98618
2015,07,22,7,686.24273
2015,07,23,0,687.54296
2015,07,23,1,688.50786
2015,07,23,2,688.97109
2015,07,23,3,689.49729
2015,07,23,4,690.82801
2015,07,23,5,691.59209
2015,07,23,6,692.53235
2015,07,23,7,692.8014
2015,07,24,0,692.66463
2015,07,24,1,692.52126
2015,07,24,2,692.02019
2015,07,24,3,691.58209
2015,07,24,4,691.80871
2015,07,24,5,691.30255
2015,07,24,6,691.02257
2015,07,24,7,690.71611
2015,07,25,0,690.12868
2015,07,25,1,689.28196
2015,07,25,2,688.93544
2015,07,25,3,688.14517
2015,07,25,4,686.80923
2015,07,25,5,685.73123
2015,07,25,6,685.25869
2015,07,25,7,684.5666
2015,07,26,0,684.43755
2015,07,26,1,684.40549
2015,07,26,2,684.52283
2015,07,26,3,684.66227
2015,07,26,4,683.96469
2015,07,26,5,682.96435
2015,07,26,6,683.31761
2015,07,26,7,683.76158
2015,07,27,0,683.78168
2015,07,27,1,683.91285
2015,07,27,2,684.03401
2015,07,27,3,684.15731
2015,07,27,4,684.35134
2015,07,27,5,684.34661
2015,07,27,6,684.26458
2015,07,27,7,684.2271
2015,07,28,0,684.06534
2015,07,28,1,683.67187
2015,07,28,2,683.98381
2015,07,28,3,684.39969
2015,07,28,4,684.91875
2015,07,28,5,685.32666
2015,07,28,6,685.44059
2015,07,28,7,685.55773
2015,07,29,0,685.23509
2015,07,29,1,684.73616
2015,07,29,2,684.80121
2015,07,29,3,684.42139
2015,07,29,4,683.58111
2015,07,29,5,682.75006
2015,07,29,6,682.92985
2015,07,29,7,682.96014
2015,07,30,0,682.22825
2015,07,30,1,681.61748
2015,07,30,2,681.72612
2015,07,30,3,681.84486
2015,07,30,4,681.79793
2015,07,30,5,681.79772
2015,07,30,6,682.25277
2015,07,30,7,682.45742
2015,07,31,0,681.93669
2015,07,31,1,681.24717
2015,07,31,2,681.25031
2015,07,31,3,681.08356
2015,07,31,4,680.43798
2015,07,31,5,679.9366
2015,07,31,6,680.08402
2015,07,31,7,680.28065
2015,07,1,0,680.05759
2015,07,1,1,679.86751
2015,07,1,2,680.36805
2015,07,1,3,680.34928
2015,07,1,4,680.0849
2015,07,1,5,679.79525
2015,07,1,6,679.8132
2015,07,1,7,679.80035
2015,07,2,0,680.09856
2015,07,2,1,680.34594
2015,07,2,2,680.46268
2015,07,2,3,680.50923
2015,07,2,4,680.13826
2015,07,2,5,679.8819
2015,07,2,6,680.26142
2015,07,2,7,680.83731
2015,07,3,0,681.14681
2015,07,3,1,681.36993
2015,07,3,2,682.1348
2015,07,3,3,683.09347
2015,07,3,4,683.25513
2015,07,3,5,683.22649
2015,07,3,6,684.14619
2015,07,3,7,684.95936
2015,07,4,0,685.43578
2015,07,4,1,685.75247
2015,07,4,2,686.45054
2015,07,4,3,686.98198
2015,07,4,4,686.40962
2015,07,4,5,685.49035
2015,07,4,6,684.70732
2015,07,4,7,683.64215
2015,07,5,0,683.22081
2015,07,5,1,682.57438
2015,07,5,2,681.53217
2015,07,5,3,680.87373
2015,07,5,4,680.08884
2015,07,5,5,679.46121
2015,07,5,6,679.73719
2015,07,5,7,680.17752
2015,07,6,0,681.53859
2015,07,6,1,682.72202
2015,07,6,2,683.6298
2015,07,6,3,685.1344
2015,07,6,4,685.85634
2015,07,6,5,685.97508
2015,07,6,6,686.97346
2015,07,6,7,688.29761
2015,07,7,0,688.94103
2015,07,7,1,689.41588
2015,07,7,2,690.39855
2015,07,7,3,691.50255
2015,07,7,4,691.9459
2015,07,7,5,692.02152
2015,07,7,6,692.34991
2015,07,7,7,693.05174
2015,07,8,0,693.21789
2015,07,8,1,692.89538
2015,07,8,2,692.87894
2015,07,8,3,692.07942
2015,07,8,4,690.92905
2015,07,8,5,689.35453
2015,07,8,6,687.86507
2015,07,8,7,686.58072
2015,07,9,0,684.08692
2015,07,9,1,682.1851
2015,07,9,2,682.68133
2015,07,9,3,683.99967
2015,07,9,4,684.00224
2015,07,9,5,683.92759
2015,07,9,6,685.48374
2015,07,9,7,686.9807
2015,07,10,0,688.40407
2015,07,10,1,689.53808
2015,07,10,2,692.00873
2015,07,10,3,694.86316
2015,07,10,4,696.13887
2015,07,10,5,697.13059
2015,07,10,6,697.92924
2015,07,10,7,697.81562
2015,07,11,0,697.64267
2015,07,11,1,696.69929
2015,07,11,2,696.04656
2015,07,11,3,695.34608
2015,07,11,4,694.23629
2015,07,11,5,693.57133
2015,07,11,6,694.03651
2015,07,11,7,694.59612
2015,07,12,0,694.69673
2015,07,12,1,694.71206
2015,07,12,2,693.94428
2015,07,12,3,693.30869
2015,07,12,4,693.49868
2015,07,12,5,692.94089
2015,07,12,6,691.89226
2015,07,12,7,690.91717
2015,07,13,0,691.01119
2015,07,13,1,691.7891
2015,07,13,2,692.3014
2015,07,13,3,693.04929
2015,07,13,4,692.88237
2015,07,13,5,692.68568
2015,07,13,6,694.17358
2015,07,13,7,695.28873
2015,07,14,0,695.4417
2015,07,14,1,695.21416
2015,07,14,2,695.49887
2015,07,14,3,695.73532
2015,07,14,4,695.5069
2015,07,14,5,695.34157
2015,07,14,6,696.67879
2015,07,14,7,697.85174
2015,07,15,0,698.49604
2015,07,15,1,698.69271
2015,07,15,2,698.51491
2015,07,15,3,698.12965
2015,07,15,4,697.56431
2015,07,15,5,696.6487
2015,07,15,6,695.52463
2015,07,15,7,694.75204
2015,07,16,0,694.01612
2015,07,16,1,693.26105
2015,07,16,2,692.59879
2015,07,16,3,692.11901
2015,07,16,4,691.63902
2015,07,16,5,691.50098
2015,07,16,6,692.72292
2015,07,16,7,694.09969
2015,07,17,0,696.12666
2015,07,17,1,697.01702
2015,07,17,2,697.85878
2015,07,17,3,698.88627
2015,07,17,4,698.86521
2015,07,17,5,697.85016
2015,07,17,6,697.14741
2015,07,17,7,697.35605
2015,07,18,0,696.80112
2015,07,18,1,696.03315
2015,07,18,2,696.22625
2015,07,18,3,696.01288
2015,07,18,4,695.36861
2015,07,18,5,694.08121
2015,07,18,6,693.0225
2015,07,18,7,691.85558
2015,07,19,0,690.36921
2015,07,19,1,688.39204
2015,07,19,2,687.08333
2015,07,19,3,686.57339
2015,07,19,4,685.92574
2015,07,19,5,685.18073
2015,07,19,6,685.98736
2015,07,19,7,687.00036
2015,07,20,0,687.49253
2015,07,20,1,687.59295
2015,07,20,2,688.0311
2015,07,20,3,688.20198
2015,07,20,4,687.43073
2015,07,20,5,686.64962
2015,07,20,6,686.00962
2015,07,20,7,685.42191
2015,07,21,0,685.18253
2015,07,21,1,684.69321
2015,07,21,2,684.37561
2015,07,21,3,684.05418
2015,07,21,4,683.34466
2015,07,21,5,682.71475
2015,07,21,6,682.65811
2015,07,21,7,682.80126
2015,07,22,0,683.4511
2015,07,22,1,684.1024
2015,07,22,2,685.11871
2015,07,22,3,686.06663
2015,07,22,4,687.36077
2015,07,22,5,688.57912
2015,07,22,6,689.76171
2015,07,22,7,691.38613
2015,07,23,0,693.218
2015,07,23,1,694.02339
2015,07,23,2,694.93788
2015,07,23,3,695.53924
2015,07,23,4,695.78599
2015,07,23,5,696.05325
2015,07,23,6,695.98709
2015,07,23,7,696.14348
2015,07,24,0,697.04701
2015,07,24,1,697.47105
2015,07,24,2,698.11151
2015,07,24,3,698.14846
2015,07,24,4,697.07185
2015,07,24,5,696.17265
2015,07,24,6,695.78169
2015,07,24,7,695.37068
2015,07,25,0,694.98622
2015,07,25,1,694.7241
2015,07,25,2,694.87302
2015,07,25,3,694.28088
2015,07,25,4,693.35361
2015,07,25,5,692.74595
2015,07,25,6,692.40148
2015,07,25,7,691.67461
2015,07,26,0,689.58188
2015,07,26,1,687.93409
2015,07,26,2,687.12049
2015,07,26,3,686.59325
2015,07,26,4,686.76564
2015,07,26,5,686.71093
2015,07,26,6,687.00223
2015,07,26,7,687.83108
2015,07,27,0,688.36253
2015,07,27,1,688.35301
2015,07,27,2,688.39428
2015,07,27,3,688.6164
2015,07,27,4,688.77685
2015,07,27,5,688.72065
2015,07,27,6,688.84967
2015,07,27,7,688.69688
2015,07,28,0,688.50359
2015,07,28,1,687.87653
2015,07,28,2,687.13745
2015,07,28,3,686.27818
2015,07,28,4,685.33996
2015,07,28,5,684.07042
2015,07,28,6,683.7757
2015,07,28,7,683.80058
2015,07,29,0,683.37494
2015,07,29,1,683.35004
2015,07,29,2,683.7035
2015,07,29,3,683.85367
2015,07,29,4,683.58724
2015,07,29,5,683.66872
2015,07,29,6,684.65544
2015,07,29,7,685.53799
2015,07,30,0,685.48757
2015,07,30,1,685.07031
2015,07,30,2,686.09934
2015,07,30,3,686.56793
2015,07,30,4,686.65967
2015,07,30,5,687.02921
2015,07,30,6,687.6494
2015,07,30,7,688.24489
2015,07,1,0,688.42414
2015,07,1,1,688.32129
2015,07,1,2,688.15688
2015,07,1,3,688.22983
2015,07,1,4,688.48522
2015,07,1,5,688.59737
2015,07,1,6,689.18374
2015,07,1,7,689.63429
2015,07,2,0,689.93692
2015,07,2,1,690.21396
2015,07,2,2,691.34048
2015,07,2,3,692.47109
2015,07,2,4,692.45326
2015,07,2,5,692.73665
2015,07,2,6,693.82537
2015,07,2,7,694.7482
2015,07,3,0,695.17843
2015,07,3,1,695.32454
2015,07,3,2,696.38843
2015,07,3,3,696.66924
2015,07,3,4,697.01671
2015,07,3,5,696.94447
2015,07,3,6,696.54467
2015,07,3,7,696.2325
2015,07,4,0,695.69419
2015,07,4,1,695.273
2015,07,4,2,694.82978
2015,07,4,3,694.29812
2015,07,4,4,693.90533
2015,07,4,5,693.3097
2015,07,4,6,693.42574
2015,07,4,7,693.81192
2015,07,5,0,693.21605
2015,07,5,1,692.39524
2015,07,5,2,693.37887
2015,07,5,3,693.80939
2015,07,5,4,694.43811
2015,07,5,5,695.17127
2015,07,5,6,696.07773
2015,07,5,7,697.29987
2015,07,6,0,698.15124
2015,07,6,1,698.1658
2015,07,6,2,697.67241
2015,07,6,3,697.14443
2015,07,6,4,696.44546
2015,07,6,5,695.65715
2015,07,6,6,695.97682
2015,07,6,7,696.75771
2015,07,7,0,697.31785
2015,07,7,1,697.00132
2015,07,7,2,696.5594
2015,07,7,3,696.17493
2015,07,7,4,696.04232
2015,07,7,5,695.78086
2015,07,7,6,696.13389
2015,07,7,7,696.87467
2015,07,8,0,697.5864
2015,07,8,1,697.79731
2015,07,8,2,698.4416
2015,07,8,3,699.36553
2015,07,8,4,699.98909
2015,07,8,5,699.99602
2015,07,8,6,700.55546
2015,07,8,7,700.94554
2015,07,9,0,701.33653
2015,07,9,1,701.3402
2015,07,9,2,701.12338
2015,07,9,3,700.99469
2015,07,9,4,700.89605
2015,07,9,5,700.72174
2015,07,9,6,700.51394
2015,07,9,7,700.55072
2015,07,10,0,701.05438
2015,07,10,1,701.25876
2015,07,10,2,701.10801
2015,07,10,3,700.83332
2015,07,10,4,700.94074
2015,07,10,5,700.96499
2015,07,10,6,700.84064
2015,07,10,7,700.7714
2015,07,11,0,700.84094
2015,07,11,1,700.81793
2015,07,11,2,700.53953
2015,07,11,3,699.9731
2015,07,11,4,698.94719
2015,07,11,5,697.62395
2015,07,11,6,697.44616
2015,07,11,7,697.63616
2015,07,12,0,697.85464
2015,07,12,1,698.19685
2015,07,12,2,697.92578
2015,07,12,3,697.58837
2015,07,12,4,697.4784
2015,07,12,5,697.15975
2015,07,12,6,696.80272
2015,07,12,7,696.55544
2015,07,13,0,696.53084
2015,07,13,1,696.73722
2015,07,13,2,697.10145
2015,07,13,3,697.31666
2015,07,13,4,697.45516
2015,07,13,5,697.52815
2015,07,13,6,697.46271
2015,07,13,7,697.40086
2015,07,14,0,697.63898
2015,07,14,1,697.72473
2015,07,14,2,697.59403
2015,07,14,3,697.01549
2015,07,14,4,696.82358
2015,07,14,5,696.56073
2015,07,14,6,696.28006
2015,07,14,7,696.06931
2015,07,15,0,696.29803
2015,07,15,1,696.4109
2015,07,15,2,696.87633
2015,07,15,3,696.9386
2015,07,15,4,696.61687
2015,07,15,5,696.01232
2015,07,15,6,695.84973
2015,07,15,7,695.65281
2015,07,16,0,695.36153
2015,07,16,1,694.70153
2015,07,16,2,694.06627
2015,07,16,3,693.22853
2015,07,16,4,692.32651
2015,07,16,5,691.46227
2015,07,16,6,691.35627
2015,07,16,7,691.33507
2015,07,17,0,691.5004
2015,07,17,1,691.27939
2015,07,17,2,691.68826
2015,07,17,3,692.22824
2015,07,17,4,692.63724
2015,07,17,5,692.51517
2015,07,17,6,692.39428
2015,07,17,7,692.22357
2015,07,18,0,691.84085
2015,07,18,1,690.94551
2015,07,18,2,690.61965
2015,07,18,3,690.38737
2015,07,18,4,689.0954
2015,07,18,5,687.7373
2015,07,18,6,687.60312
2015,07,18,7,687.72137
2015,07,19,0,687.33344
2015,07,19,1,686.73055
2015,07,19,2,687.20834
2015,07,19,3,687.75394
2015,07,19,4,687.57785
2015,07,19,5,687.3771
2015,07,19,6,688.20277
2015,07,19,7,689.12765
2015,07,20,0,689.88388
2015,07,20,1,690.25961
2015,07,20,2,690.94377
2015,07,20,3,691.71994
2015,07,20,4,692.30646
2015,07,20,5,692.49703
2015,07,20,6,693.10234
2015,07,20,7,693.67143
2015,07,21,0,694.35617
2015,07,21,1,694.56748
2015,07,21,2,694.16292
2015,07,21,3,693.46444
2015,07,21,4,693.21574
2015,07,21,5,692.81182
2015,07,21,6,693.29796
2015,07,21,7,693.95912
2015,07,22,0,694.49739
2015,07,22,1,694.56265
2015,07,22,2,694.86802
2015,07,22,3,695.30654
2015,07,22,4,695.64303
2015,07,22,5,696.28304
2015,07,22,6,697.38902
2015,07,22,7,698.49825
2015,07,23,0,699.28802
2015,07,23,1,699.82642
2015,07,23,2,700.79419
2015,07,23,3,701.23321
2015,07,23,4,701.38023
2015,07,23,5,701.22355
2015,07,23,6,701.10499
2015,07,23,7,700.74857
2015,07,24,0,700.42977
2015,07,24,1,699.50661
2015,07,24,2,698.4568
2015,07,24,3,697.0717
2015,07,24,4,695.6304
2015,07,24,5,694.04546
2015,07,24,6,692.96675
2015,07,24,7,692.17885
2015,07,25,0,691.80283
2015,07,25,1,691.53959
2015,07,25,2,691.98095
2015,07,25,3,692.51774
2015,07,25,4,693.14973
2015,07,25,5,693.518
2015,07,25,6,694.13591
2015,07,25,7,694.62338
2015,07,26,0,695.38907
2015,07,26,1,695.77359
2015,07,26,2,695.77292
2015,07,26,3,695.65496
2015,07,26,4,696.04102
2015,07,26,5,696.12119
2015,07,26,6,696.14203
2015,07,26,7,696.11158
2015,07,27,0,696.22408
2015,07,27,1,695.70349
2015,07,27,2,695.0071
2015,07,27,3,694.34328
2015,07,27,4,693.7352
2015,07,27,5,693.08251
2015,07,27,6,692.24348
2015,07,27,7,691.7062
2015,07,28,0,690.9276
2015,07,28,1,689.86738
2015,07,28,2,689.47177
2015,07,28,3,688.95406
2015,07,28,4,688.46983
2015,07,28,5,687.91698
2015,07,28,6,687.62767
2015,07,28,7,687.73331
2015,07,29,0,687.77158
2015,07,29,1,687.50902
2015,07,29,2,687.94746
2015,07,29,3,688.66063
2015,07,29,4,689.03704
2015,07,29,5,689.33742
2015,07,29,6,690.03502
2015,07,29,7,690.9533
2015,07,30,0,691.85444
2015,07,30,1,692.33349
2015,07,30,2,693.18391
2015,07,30,3,693.56195
2015,07,30,4,693.76212
2015,07,30,5,693.68123
2015,07,30,6,693.47964
2015,07,30,7,693.28129
2015,07,31,0,692.84101
2015,07,31,1,692.09202
2015,07,31,2,691.47076
2015,07,31,3,690.86185
2015,07,31,4,690.12405
2015,07,31,5,689.38992
2015,07,31,6,689.09048
2015,07,31,7,688.70031
2016,07,1,0,687.93507
2016,07,1,1,687.05444
2016,07,1,2,687.19545
2016,07,1,3,687.79981
2016,07,1,4,687.84266
2016,07,1,5,687.8876
2016,07,1,6,689.13434
2016,07,1,7,690.44507
2016,07,5,0,687.24488
2016,07,5,1,686.56381
2016,07,5,2,686.06879
2016,07,5,3,685.65491
2016,07,5,4,685.48977
2016,07,5,5,685.33166
2016,07,5,6,685.56356
2016,07,5,7,686.10272
2016,07,6,0,686.375
2016,07,6,1,686.53852
2016,07,6,2,687.08916
2016,07,6,3,687.53462
2016,07,6,4,687.91392
2016,07,6,5,688.28724
2016,07,6,6,688.80975
2016,07,6,7,689.15041
2016,07,7,0,689.20239
2016,07,7,1,688.95244
2016,07,7,2,688.98607
2016,07,7,3,689.04231
2016,07,7,4,689.09676
2016,07,7,5,689.09208
2016,07,7,6,689.03892
2016,07,7,7,689.0392
2016,07,8,0,689.00103
2016,07,8,1,688.82148
2016,07,8,2,689.09078
2016,07,8,3,689.2661
2016,07,8,4,689.34168
2016,07,8,5,689.47121
2016,07,8,6,689.63981
2016,07,8,7,690.09338
2016,07,9,0,690.53807
2016,07,9,1,690.70259
2016,07,9,2,691.08141
2016,07,9,3,691.62813
2016,07,9,4,692.50968
2016,07,9,5,693.30622
2016,07,9,6,694.15583
2016,07,9,7,695.37681
2016,07,10,0,696.93448
2016,07,10,1,697.82443
2016,07,10,2,698.19331
2016,07,10,3,698.91873
2016,07,10,4,699.88841
2016,07,10,5,700.70117
2016,07,10,6,700.90686
2016,07,10,7,700.91076
2016,07,11,0,701.18526
2016,07,11,1,700.75302
2016,07,11,2,700.44492
2016,07,11,3,700.04537
2016,07,11,4,699.89251
2016,07,11,5,699.62764
2016,07,11,6,699.64769
2016,07,11,7,699.76149
2016,07,12,0,700.13756
2016,07,12,1,700.21798
2016,07,12,2,699.71482
2016,07,12,3,699.08854
2016,07,12,4,699.15091
2016,07,12,5,699.32014
2016,07,12,6,698.94184
2016,07,12,7,698.72826
2016,07,13,0,698.57009
2016,07,13,1,698.08491
2016,07,13,2,697.76598
2016,07,13,3,697.47702
2016,07,13,4,696.72424
2016,07,13,5,695.54427
2016,07,13,6,695.00638
2016,07,13,7,694.64014
2016,07,14,0,694.52552
2016,07,14,1,694.4504
2016,07,14,2,694.36166
2016,07,14,3,694.49531
2016,07,14,4,694.03452
2016,07,14,5,693.61369
2016,07,14,6,693.80643
2016,07,14,7,693.94493
2016,07,15,0,693.60389
2016,07,15,1,693.07869
2016,07,15,2,693.11197
2016,07,15,3,693.10075
2016,07,15,4,692.64984
2016,07,15,5,692.20099
2016,07,15,6,691.98763
2016,07,15,7,691.95629
2016,07,16,0,691.45453
2016,07,16,1,690.78112
2016,07,16,2,690.26437
2016,07,16,3,689.91699
2016,07,16,4,690.23158
2016,07,16,5,690.3328
2016,07,16,6,690.33203
2016,07,16,7,690.03161
2016,07,17,0,690.41624
2016,07,17,1,690.79456
2016,07,17,2,690.68995
2016,07,17,3,690.45445
2016,07,17,4,690.52578
2016,07,17,5,690.63141
2016,07,17,6,690.48952
2016,07,17,7,690.43142
2016,07,18,0,690.51573
2016,07,18,1,690.01138
2016,07,18,2,689.79895
2016,07,18,3,689.799
2016,07,18,4,689.92995
2016,07,18,5,689.98093
2016,07,18,6,690.03401
2016,07,18,7,690.35711
2016,07,19,0,690.65825
2016,07,19,1,690.5302
2016,07,19,2,690.58192
2016,07,19,3,690.91409
2016,07,19,4,691.36193
2016,07,19,5,691.64083
2016,07,19,6,692.07155
2016,07,19,7,692.60137
2016,07,20,0,692.53713
2016,07,20,1,692.23606
2016,07,20,2,692.31726
2016,07,20,3,692.30638
2016,07,20,4,692.22444
2016,07,20,5,692.27057
2016,07,20,6,692.33657
2016,07,20,7,692.25437
2016,07,21,0,692.49361
2016,07,21,1,692.62286
2016,07,21,2,691.87184
2016,07,21,3,690.89938
2016,07,21,4,690.97301
2016,07,21,5,690.9122
2016,07,21,6,690.44381
2016,07,21,7,689.97429
2016,07,22,0,689.3602
2016,07,22,1,688.40441
2016,07,22,2,687.85283
2016,07,22,3,687.3557
2016,07,22,4,686.49411
2016,07,22,5,685.63895
2016,07,22,6,685.72714
2016,07,22,7,685.59678
2016,07,23,0,685.67503
2016,07,23,1,685.48821
2016,07,23,2,685.12364
2016,07,23,3,684.85881
2016,07,23,4,684.98679
2016,07,23,5,685.16738
2016,07,23,6,685.5501
2016,07,23,7,685.91537
2016,07,24,0,686.87052
2016,07,24,1,687.62896
2016,07,24,2,688.36448
2016,07,24,3,688.90019
2016,07,24,4,689.63283
2016,07,24,5,690.04019
2016,07,24,6,690.89407
2016,07,24,7,691.67761
2016,07,25,0,692.32283
2016,07,25,1,692.5772
2016,07,25,2,692.88095
2016,07,25,3,692.92539
2016,07,25,4,692.95561
2016,07,25,5,692.90157
2016,07,25,6,693.20699
2016,07,25,7,693.14127
2016,07,26,0,692.89185
2016,07,26,1,692.4117
2016,07,26,2,692.22314
2016,07,26,3,691.82722
2016,07,26,4,691.54642
2016,07,26,5,691.13563
2016,07,26,6,690.67573
2016,07,26,7,690.44691
2016,07,27,0,690.30878
2016,07,27,1,689.6934
2016,07,27,2,689.43207
2016,07,27,3,688.92286
2016,07,27,4,688.68819
2016,07,27,5,688.64617
2016,07,27,6,688.79559
2016,07,27,7,689.31479
2016,07,28,0,689.67084
2016,07,28,1,689.74015
2016,07,28,2,690.23716
2016,07,28,3,690.58075
2016,07,28,4,691.15377
2016,07,28,5,691.54188
2016,07,28,6,691.90518
2016,07,28,7,692.27949
2016,07,29,0,692.87202
2016,07,29,1,692.76287
2016,07,29,2,692.6187
2016,07,29,3,692.15712
2016,07,29,4,691.62959
2016,07,29,5,691.01352
2016,07,29,6,689.9999
2016,07,29,7,688.9743
2016,07,30,0,688.20805
2016,07,30,1,686.98597
2016,07,30,2,685.87666
2016,07,30,3,685.00657
2016,07,30,4,684.5784
2016,07,30,5,684.24158
2016,07,30,6,683.9659
2016,07,30,7,683.85216
2016,07,31,0,684.13954
2016,07,31,1,683.80389
2016,07,31,2,682.99635
2016,07,31,3,681.98642
2016,07,31,4,682.46783
2016,07,31,5,682.97258
2016,07,31,6,682.8257
2016,07,31,7,682.67649
2016,07,1,0,682.49195
2016,07,1,1,682.24855
2016,07,1,2,682.64957
2016,07,1,3,683.10396
2016,07,1,4,683.11356
2016,07,1,5,683.11566
2016,07,1,6,684.29277
2016,07,1,7,685.50677
2016,07,2,0,686.20534
2016,07,2,1,686.57406
2016,07,2,2,687.63664
2016,07,2,3,688.59509
2016,07,2,4,689.71729
2016,07,2,5,690.51368
2016,07,2,6,691.24794
2016,07,2,7,692.2933
2016,07,3,0,693.25118
2016,07,3,1,693.79832
2016,07,3,2,694.28291
2016,07,3,3,694.28775
2016,07,3,4,694.15978
2016,07,3,5,693.6148
2016,07,3,6,692.99787
2016,07,3,7,692.39292
2016,07,4,0,692.16831
2016,07,4,1,691.86788
2016,07,4,2,691.56981
2016,07,4,3,691.37264
2016,07,4,4,691.09788
2016,07,4,5,690.60747
2016,07,4,6,690.52511
2016,07,4,7,690.71537
2016,07,5,0,690.95781
2016,07,5,1,690.86289
2016,07,5,2,690.75174
2016,07,5,3,690.709
2016,07,5,4,690.46822
2016,07,5,5,689.93348
2016,07,5,6,689.91234
2016,07,5,7,690.32127
2016,07,6,0,690.56866
2016,07,6,1,690.47038
2016,07,6,2,690.46114
2016,07,6,3,690.81918
2016,07,6,4,691.08367
2016,07,6,5,691.20842
2016,07,6,6,691.49449
2016,07,6,7,691.80004
2016,07,7,0,691.55549
2016,07,7,1,691.02982
2016,07,7,2,690.80674
2016,07,7,3,690.78245
2016,07,7,4,690.6119
2016,07,7,5,690.02851
2016,07,7,6,689.77013
2016,07,7,7,689.67708
2016,07,8,0,689.0585
2016,07,8,1,688.38009
2016,07,8,2,688.45604
2016,07,8,3,688.40793
2016,07,8,4,688.30979
2016,07,8,5,688.12347
2016,07,8,6,688.29595
2016,07,8,7,688.57208
2016,07,9,0,688.50852
2016,07,9,1,688.33684
2016,07,9,2,688.46906
2016,07,9,3,688.44059
2016,07,9,4,688.42796
2016,07,9,5,688.44384
2016,07,9,6,688.81651
2016,07,9,7,689.33269
2016,07,10,0,689.69541
2016,07,10,1,689.85898
2016,07,10,2,690.23208
2016,07,10,3,690.29645
2016,07,10,4,690.49294
2016,07,10,5,690.31963
2016,07,10,6,689.81482
2016,07,10,7,689.50068
2016,07,11,0,689.28353
2016,07,11,1,688.83615
2016,07,11,2,688.53247
2016,07,11,3,688.21894
2016,07,11,4,688.06948
2016,07,11,5,687.97551
2016,07,11,6,688.17035
2016,07,11,7,688.56268
2016,07,12,0,689.41191
2016,07,12,1,690.17734
2016,07,12,2,691.26291
2016,07,12,3,692.16723
2016,07,12,4,692.99196
2016,07,12,5,693.63037
2016,07,12,6,693.88204
2016,07,12,7,694.02928
2016,07,13,0,694.16172
2016,07,13,1,693.71432
2016,07,13,2,693.31145
2016,07,13,3,692.8335
2016,07,13,4,692.62664
2016,07,13,5,692.64103
2016,07,13,6,692.36883
2016,07,13,7,692.0241
2016,07,14,0,692.26406
2016,07,14,1,692.09172
2016,07,14,2,692.26261
2016,07,14,3,692.52181
2016,07,14,4,692.19139
2016,07,14,5,691.82505
2016,07,14,6,691.94122
2016,07,14,7,691.98954
2016,07,15,0,691.80844
2016,07,15,1,691.01546
2016,07,15,2,690.42949
2016,07,15,3,689.95528
2016,07,15,4,689.56304
2016,07,15,5,688.92285
2016,07,15,6,688.4235
2016,07,15,7,688.02211
2016,07,16,0,687.66819
2016,07,16,1,687.10193
2016,07,16,2,687.00277
2016,07,16,3,686.63519
2016,07,16,4,686.06893
2016,07,16,5,685.46312
2016,07,16,6,685.03685
2016,07,16,7,684.6209
2016,07,17,0,684.08047
2016,07,17,1,683.39476
2016,07,17,2,683.37578
2016,07,17,3,683.20644
2016,07,17,4,682.89427
2016,07,17,5,682.29686
2016,07,17,6,682.03526
2016,07,17,7,681.80332
2016,07,18,0,681.98579
2016,07,18,1,681.80062
2016,07,18,2,681.58296
2016,07,18,3,681.44249
2016,07,18,4,680.75683
2016,07,18,5,679.99225
2016,07,18,6,679.85961
2016,07,18,7,679.64461
2016,07,19,0,679.2834
2016,07,19,1,678.82304
2016,07,19,2,679.05231
2016,07,19,3,679.25893
2016,07,19,4,679.64651
2016,07,19,5,680.09143
2016,07,19,6,680.47374
2016,07,19,7,681.25489
2016,07,20,0,682.28104
2016,07,20,1,683.25785
2016,07,20,2,684.69593
2016,07,20,3,686.16729
2016,07,20,4,687.54051
2016,07,20,5,688.84044
2016,07,20,6,690.12472
2016,07,20,7,691.34141
2016,07,21,0,692.3685
2016,07,21,1,693.01919
2016,07,21,2,694.06812
2016,07,21,3,695.22296
2016,07,21,4,696.19516
2016,07,21,5,696.67038
2016,07,21,6,697.2357
2016,07,21,7,697.70108
2016,07,22,0,698.0991
2016,07,22,1,697.92874
2016,07,22,2,697.63435
2016,07,22,3,697.29647
2016,07,22,4,696.54123
2016,07,22,5,695.49249
2016,07,22,6,695.09673
2016,07,22,7,694.57552
2016,07,23,0,694.40941
2016,07,23,1,694.71019
2016,07,23,2,695.16914
2016,07,23,3,695.49845
2016,07,23,4,695.8234
2016,07,23,5,696.03451
2016,07,23,6,696.44694
2016,07,23,7,696.85075
2016,07,24,0,696.85988
2016,07,24,1,696.23369
2016,07,24,2,696.30981
2016,07,24,3,696.93598
2016,07,24,4,696.98718
2016,07,24,5,696.33074
2016,07,24,6,696.24073
2016,07,24,7,696.24209
2016,07,25,0,695.69946
2016,07,25,1,694.10534
2016,07,25,2,693.79363
2016,07,25,3,694.08008
2016,07,25,4,693.79569
2016,07,25,5,693.36206
2016,07,25,6,693.7577
2016,07,25,7,694.25201
2016,07,26,0,694.62309
2016,07,26,1,694.73967
2016,07,26,2,695.36926
2016,07,26,3,696.15945
2016,07,26,4,696.46667
2016,07,26,5,696.64435
2016,07,26,6,697.78348
2016,07,26,7,698.70246
2016,07,27,0,698.88352
2016,07,27,1,698.91382
2016,07,27,2,699.12315
2016,07,27,3,699.26407
2016,07,27,4,699.62988
2016,07,27,5,699.44311
2016,07,27,6,699.31489
2016,07,27,7,699.02323
2016,07,28,0,698.45462
2016,07,28,1,697.57781
2016,07,28,2,696.87791
2016,07,28,3,696.01766
2016,07,28,4,695.23718
2016,07,28,5,694.68164
2016,07,28,6,693.87977
2016,07,28,7,693.01394
2016,07,29,0,692.44243
2016,07,29,1,691.85832
2016,07,29,2,691.99492
2016,07,29,3,691.94188
2016,07,29,4,692.06784
2016,07,29,5,692.33916
2016,07,29,6,692.78776
2016,07,29,7,693.0879
2016,07,1,0,692.87289
2016,07,1,1,692.24072
2016,07,1,2,692.21872
2016,07,1,3,691.90707
2016,07,1,4,691.25066
2016,07,1,5,690.94137
2016,07,1,6,691.12453
2016,07,1,7,690.9543
2016,07,2,0,690.58246
2016,07,2,1,689.78049
2016,07,2,2,689.37082
2016,07,2,3,688.70722
2016,07,2,4,687.82172
2016,07,2,5,686.9341
2016,07,2,6,686.02304
2016,07,2,7,685.3625
2016,07,3,0,684.5165
2016,07,3,1,683.24449
2016,07,3,2,682.51787
2016,07,3,3,681.72583
2016,07,3,4,680.548
2016,07,3,5,679.59668
2016,07,3,6,679.34944
2016,07,3,7,679.21219
2016,07,4,0,678.77986
2016,07,4,1,678.41787
2016,07,4,2,678.63287
2016,07,4,3,678.70377
2016,07,4,4,679.26765
2016,07,4,5,679.75648
2016,07,4,6,680.26456
2016,07,4,7,680.68399
2016,07,5,0,681.89165
2016,07,5,1,682.78768
2016,07,5,2,683.42391
2016,07,5,3,684.03965
2016,07,5,4,684.02586
2016,07,5,5,683.95551
2016,07,5,6,683.69929
2016,07,5,7,683.43492
2016,07,6,0,683.5563
2016,07,6,1,683.08765
2016,07,6,2,682.83961
2016,07,6,3,682.61103
2016,07,6,4,682.59006
2016,07,6,5,682.55013
2016,07,6,6,682.17621
2016,07,6,7,681.97234
2016,07,7,0,681.62739
2016,07,7,1,681.15284
2016,07,7,2,681.11215
2016,07,7,3,681.00216
2016,07,7,4,681.19877
2016,07,7,5,681.21429
2016,07,7,6,681.53255
2016,07,7,7,681.84853
2016,07,8,0,682.26367
2016,07,8,1,682.35228
2016,07,8,2,682.72355
2016,07,8,3,683.37687
2016,07,8,4,683.95043
2016,07,8,5,684.46778
2016,07,8,6,685.07433
2016,07,8,7,685.69142
2016,07,9,0,686.27823
2016,07,9,1,686.61622
2016,07,9,2,686.93624
2016,07,9,3,686.9018
2016,07,9,4,687.36729
2016,07,9,5,687.70571
2016,07,9,6,687.75944
2016,07,9,7,688.01518
2016,07,10,0,688.12372
2016,07,10,1,687.93483
2016,07,10,2,687.65955
2016,07,10,3,687.1786
2016,07,10,4,686.55621
2016,07,10,5,685.6446
2016,07,10,6,684.51285
2016,07,10,7,683.33852
2016,07,11,0,682.24419
2016,07,11,1,681.15694
2016,07,11,2,680.64826
2016,07,11,3,680.5532
2016,07,11,4,680.89331
2016,07,11,5,681.23853
2016,07,11,6,681.73919
2016,07,11,7,682.24773
2016,07,12,0,682.84226
2016,07,12,1,682.92684
2016,07,12,2,683.38621
2016,07,12,3,683.98423
2016,07,12,4,684.55572
2016,07,12,5,684.52591
2016,07,12,6,684.31117
2016,07,12,7,684.20068
2016,07,13,0,684.61885
2016,07,13,1,684.2796
2016,07,13,2,683.75278
2016,07,13,3,683.14112
2016,07,13,4,682.79438
2016,07,13,5,682.27158
2016,07,13,6,681.98079
2016,07,13,7,681.80499
2016,07,14,0,682.00894
2016,07,14,1,681.89654
2016,07,14,2,682.15879
2016,07,14,3,682.58555
2016,07,14,4,683.16991
2016,07,14,5,683.5537
2016,07,14,6,684.0663
2016,07,14,7,684.51786
2016,07,15,0,684.75901
2016,07,15,1,684.7194
2016,07,15,2,684.77515
2016,07,15,3,685.07713
2016,07,15,4,685.23862
2016,07,15,5,685.02541
2016,07,15,6,684.76353
2016,07,15,7,684.32734
2016,07,16,0,684.06297
2016,07,16,1,683.47753
2016,07,16,2,682.89409
2016,07,16,3,682.48611
2016,07,16,4,682.40857
2016,07,16,5,682.44827
2016,07,16,6,682.3237
2016,07,16,7,682.42553
2016,07,17,0,682.63476
2016,07,17,1,682.8101
2016,07,17,2,683.38551
2016,07,17,3,684.10395
2016,07,17,4,685.02873
2016,07,17,5,685.67613
2016,07,17,6,686.31786
2016,07,17,7,686.83212
2016,07,18,0,687.36882
2016,07,18,1,687.53505
2016,07,18,2,687.7692
2016,07,18,3,688.01029
2016,07,18,4,687.98694
2016,07,18,5,687.75298
2016,07,18,6,687.53412
2016,07,18,7,687.32854
2016,07,19,0,686.7461
2016,07,19,1,685.71734
2016,07,19,2,684.76198
2016,07,19,3,683.76793
2016,07,19,4,682.24825
2016,07,19,5,680.70494
2016,07,19,6,679.95092
2016,07,19,7,679.48796
2016,07,20,0,678.38823
2016,07,20,1,677.17346
2016,07,20,2,676.65899
2016,07,20,3,675.9702
2016,07,20,4,675.27474
2016,07,20,5,674.39363
2016,07,20,6,673.25021
2016,07,20,7,672.58114
2016,07,21,0,672.60233
2016,07,21,1,672.52934
2016,07,21,2,672.6729
2016,07,21,3,673.12454
2016,07,21,4,673.32051
2016,07,21,5,673.69488
2016,07,21,6,674.93498
2016,07,21,7,675.53825
2016,07,22,0,676.61056
2016,07,22,1,677.83268
2016,07,22,2,679.08319
2016,07,22,3,680.15762
2016,07,22,4,681.24832
2016,07,22,5,681.97338
2016,07,22,6,682.84791
2016,07,22,7,683.43968
2016,07,23,0,684.1217
2016,07,23,1,684.08529
2016,07,23,2,684.25779
2016,07,23,3,684.42379
2016,07,23,4,684.62571
2016,07,23,5,684.88217
2016,07,23,6,685.19589
2016,07,23,7,685.61715
2016,07,24,0,685.83167
2016,07,24,1,686.06006
2016,07,24,2,686.36159
2016,07,24,3,686.47966
2016,07,24,4,687.08783
2016,07,24,5,687.2534
2016,07,24,6,687.13813
2016,07,24,7,687.28998
2016,07,25,0,687.40483
2016,07,25,1,687.06818
2016,07,25,2,686.74413
2016,07,25,3,686.23701
2016,07,25,4,685.79794
2016,07,25,5,685.25586
2016,07,25,6,684.47104
2016,07,25,7,683.57521
2016,07,26,0,682.65698
2016,07,26,1,681.51014
2016,07,26,2,680.97582
2016,07,26,3,680.47792
2016,07,26,4,680.09273
2016,07,26,5,679.86561
2016,07,26,6,679.48895
2016,07,26,7,679.45061
2016,07,27,0,679.71093
2016,07,27,1,680.20026
2016,07,27,2,680.45536
2016,07,27,3,680.6508
2016,07,27,4,681.32991
2016,07,27,5,682.04839
2016,07,27,6,682.9385
2016,07,27,7,683.71335
2016,07,28,0,684.46171
2016,07,28,1,684.97185
2016,07,28,2,685.51828
2016,07,28,3,685.87405
2016,07,28,4,686.49456
2016,07,28,5,686.95369
2016,07,28,6,686.97738
2016,07,28,7,687.43338
2016,07,29,0,687.90576
2016,07,29,1,688.16994
2016,07,29,2,688.864
2016,07,29,3,689.50691
2016,07,29,4,689.96291
2016,07,29,5,689.67657
2016,07,29,6,689.16735
2016,07,29,7,689.14274
2016,07,30,0,687.82146
2016,07,30,1,685.69624
2016,07,30,2,684.16514
2016,07,30,3,682.55244
2016,07,30,4,681.3264
2016,07,30,5,680.47185
2016,07,30,6,679.96888
2016,07,30,7,679.84263
2016,07,31,0,679.95446
2016,07,31,1,679.6523
2016,07,31,2,679.35663
2016,07,31,3,679.65507
2016,07,31,4,681.1321
2016,07,31,5,682.60348
2016,07,31,6,683.91682
2016,07,31,7,685.36344
2016,07,1,0,686.30379
2016,07,1,1,686.19654
2016,07,1,2,686.87574
2016,07,1,3,687.44544
2016,07,1,4,687.66064
2016,07,1,5,687.62018
2016,07,1,6,687.18967
2016,07,1,7,686.71291
2016,07,2,0,686.53646
2016,07,2,1,685.97705
2016,07,2,2,685.16303
2016,07,2,3,684.18849
2016,07,2,4,683.24375
2016,07,2,5,682.15811
2016,07,2,6,680.93775
2016,07,2,7,679.909
2016,07,3,0,679.60809
2016,07,3,1,679.21572
2016,07,3,2,679.23532
2016,07,3,3,679.63412
2016,07,3,4,680.61085
2016,07,3,5,681.63416
2016,07,3,6,682.63691
2016,07,3,7,683.77422
2016,07,4,0,684.83066
2016,07,4,1,685.03683
2016,07,4,2,685.32375
2016,07,4,3,685.63272
2016,07,4,4,685.47101
2016,07,4,5,684.80381
2016,07,4,6,684.54885
2016,07,4,7,684.40754
2016,07,5,0,683.67629
2016,07,5,1,682.65026
2016,07,5,2,682.46422
2016,07,5,3,682.64015
2016,07,5,4,682.61642
2016,07,5,5,682.43218
2016,07,5,6,682.46716
2016,07,5,7,682.71272
2016,07,6,0,682.6178
2016,07,6,1,681.6848
2016,07,6,2,681.40061
2016,07,6,3,681.129
2016,07,6,4,680.01734
2016,07,6,5,678.23631
2016,07,6,6,677.02615
2016,07,6,7,675.80015
2016,07,7,0,674.71605
2016,07,7,1,673.50917
2016,07,7,2,672.84536
2016,07,7,3,672.43215
2016,07,7,4,671.63902
2016,07,7,5,671.14146
2016,07,7,6,671.19849
2016,07,7,7,671.53837
2016,07,8,0,671.71502
2016,07,8,1,671.55685
2016,07,8,2,671.89742
2016,07,8,3,672.5802
2016,07,8,4,672.94613
2016,07,8,5,673.26352
2016,07,8,6,673.94108
2016,07,8,7,675.02833
2016,07,9,0,675.77261
2016,07,9,1,675.80221
2016,07,9,2,676.28856
2016,07,9,3,677.30422
2016,07,9,4,678.20235
2016,07,9,5,678.48187
2016,07,9,6,678.49359
2016,07,9,7,678.78769
2016,07,10,0,678.63922
2016,07,10,1,677.97869
2016,07,10,2,677.74453
2016,07,10,3,677.5183
2016,07,10,4,676.61429
2016,07,10,5,675.66795
2016,07,10,6,674.87644
2016,07,10,7,673.80716
2016,07,11,0,673.68585
2016,07,11,1,673.39851
2016,07,11,2,672.94975
2016,07,11,3,672.82097
2016,07,11,4,672.17599
2016,07,11,5,671.52834
2016,07,11,6,671.8123
2016,07,11,7,672.55259
2016,07,12,0,672.94086
2016,07,12,1,673.07078
2016,07,12,2,674.18093
2016,07,12,3,675.52458
2016,07,12,4,676.1538
2016,07,12,5,676.79599
2016,07,12,6,677.82372
2016,07,12,7,678.72376
2016,07,13,0,678.92724
2016,07,13,1,678.70501
2016,07,13,2,679.30702
2016,07,13,3,680.2993
2016,07,13,4,680.72283
2016,07,13,5,680.911
2016,07,13,6,680.95677
2016,07,13,7,681.31917
2016,07,14,0,681.79686
2016,07,14,1,682.26781
2016,07,14,2,683.88263
2016,07,14,3,685.23846
2016,07,14,4,686.02052
2016,07,14,5,686.55018
2016,07,14,6,686.94627
2016,07,14,7,687.45107
2016,07,15,0,688.00093
2016,07,15,1,687.92776
2016,07,15,2,688.34467
2016,07,15,3,688.68764
2016,07,15,4,688.7099
2016,07,15,5,689.1096
2016,07,15,6,689.60996
2016,07,15,7,689.80437
2016,07,16,0,689.89952
2016,07,16,1,689.41589
2016,07,16,2,689.42162
2016,07,16,3,689.30931
2016,07,16,4,688.75689
2016,07,16,5,688.02276
2016,07,16,6,687.54942
2016,07,16,7,687.09222
2016,07,17,0,686.54636
2016,07,17,1,685.79921
2016,07,17,2,685.21194
2016,07,17,3,685.00673
2016,07,17,4,684.66724
2016,07,17,5,684.51169
2016,07,17,6,684.81511
2016,07,17,7,685.06049
2016,07,18,0,685.39557
2016,07,18,1,685.78748
2016,07,18,2,686.16902
2016,07,18,3,686.94308
2016,07,18,4,688.16731
2016,07,18,5,689.40157
2016,07,18,6,690.69286
2016,07,18,7,692.15355
2016,07,19,0,693.78982
2016,07,19,1,695.00707
2016,07,19,2,696.26223
2016,07,19,3,697.38287
2016,07,19,4,698.56208
2016,07,19,5,699.04608
2016,07,19,6,699.43019
2016,07,19,7,700.24963
2016,07,20,0,700.36202
2016,07,20,1,700.21221
2016,07,20,2,701.01443
2016,07,20,3,701.59882
2016,07,20,4,701.50918
2016,07,20,5,701.24873
2016,07,20,6,701.06091
2016,07,20,7,700.52274
2016,07,21,0,701.06785
2016,07,21,1,701.13106
2016,07,21,2,700.68232
2016,07,21,3,700.55749
2016,07,21,4,700.29589
2016,07,21,5,699.83656
2016,07,21,6,699.49542
2016,07,21,7,699.57892
2016,07,22,0,699.53897
2016,07,22,1,698.74947
2016,07,22,2,698.63656
2016,07,22,3,698.62199
2016,07,22,4,698.07657
2016,07,22,5,697.19446
2016,07,22,6,696.65751
2016,07,22,7,696.06971
2016,07,23,0,695.89799
2016,07,23,1,695.55355
2016,07,23,2,695.41178
2016,07,23,3,695.49014
2016,07,23,4,695.41904
2016,07,23,5,695.18282
2016,07,23,6,694.99801
2016,07,23,7,695.22079
2016,07,24,0,695.60897
2016,07,24,1,695.65542
2016,07,24,2,696.19685
2016,07,24,3,697.03521
2016,07,24,4,697.56406
2016,07,24,5,697.68456
2016,07,24,6,698.23392
2016,07,24,7,698.75154
2016,07,25,0,698.13348
2016,07,25,1,697.14892
2016,07,25,2,696.7649
2016,07,25,3,696.29262
2016,07,25,4,695.40091
2016,07,25,5,694.35809
2016,07,25,6,693.48829
2016,07,25,7,692.34911
2016,07,26,0,690.65054
2016,07,26,1,689.06504
2016,07,26,2,688.68979
2016,07,26,3,688.45832
2016,07,26,4,687.55995
2016,07,26,5,686.72843
2016,07,26,6,685.88122
2016,07,26,7,685.31231
2016,07,27,0,684.9765
2016,07,27,1,684.23864
2016,07,27,2,683.87075
2016,07,27,3,683.47766
2016,07,27,4,682.59627
2016,07,27,5,681.49603
2016,07,27,6,680.60463
2016,07,27,7,680.00181
2016,07,28,0,679.24629
2016,07,28,1,678.61584
2016,07,28,2,678.49215
2016,07,28,3,678.43837
2016,07,28,4,678.60385
2016,07,28,5,678.58603
2016,07,28,6,678.6413
2016,07,28,7,678.88812
2016,07,29,0,679.11987
2016,07,29,1,679.06633
2016,07,29,2,679.65812
2016,07,29,3,680.27098
2016,07,29,4,680.58517
2016,07,29,5,680.725
2016,07,29,6,680.88777
2016,07,29,7,681.44142
2016,07,30,0,681.89072
2016,07,30,1,682.40447
2016,07,30,2,683.30518
2016,07,30,3,684.30731
2016,07,30,4,684.76143
2016,07,30,5,684.94201
2016,07,30,6,685.30455
2016,07,30,7,685.48862
2016,07,1,0,685.56023
2016,07,1,1,685.02438
2016,07,1,2,684.83714
2016,07,1,3,684.91961
2016,07,1,4,684.74223
2016,07,1,5,684.36796
2016,07,1,6,684.2409
2016,07,1,7,684.32512
2016,07,2,0,684.89442
2016,07,2,1,685.1333
2016,07,2,2,685.1654
2016,07,2,3,684.98482
2016,07,2,4,684.83597
2016,07,2,5,685.0304
2016,07,2,6,685.7701
2016,07,2,7,686.73581
2016,07,3,0,687.76785
2016,07,3,1,688.57635
2016,07,3,2,689.82444
2016,07,3,3,691.51406
2016,07,3,4,693.0827
2016,07,3,5,694.07282
2016,07,3,6,695.03795
2016,07,3,7,695.67797
2016,07,4,0,694.95629
2016,07,4,1,694.18535
2016,07,4,2,693.63698
2016,07,4,3,692.93626
2016,07,4,4,692.61081
2016,07,4,5,692.74595
2016,07,4,6,693.30782
2016,07,4,7,693.87965
2016,07,5,0,693.09783
2016,07,5,1,691.77906
2016,07,5,2,690.87688
2016,07,5,3,690.09562
2016,07,5,4,689.08316
2016,07,5,5,688.23357
2016,07,5,6,688.02258
2016,07,5,7,688.04163
2016,07,6,0,687.55219
2016,07,6,1,686.82075
2016,07,6,2,687.4621
2016,07,6,3,688.41629
2016,07,6,4,689.11963
2016,07,6,5,689.69173
2016,07,6,6,691.07563
2016,07,6,7,692.65855
2016,07,7,0,693.79692
2016,07,7,1,694.11957
2016,07,7,2,693.99167
2016,07,7,3,694.15706
2016,07,7,4,693.68732
2016,07,7,5,693.53479
2016,07,7,6,693.13671
2016,07,7,7,693.09177
2016,07,8,0,693.23058
2016,07,8,1,693.24507
2016,07,8,2,693.60127
2016,07,8,3,693.43511
2016,07,8,4,693.42898
2016,07,8,5,693.59183
2016,07,8,6,693.91676
2016,07,8,7,693.46274
2016,07,9,0,691.81425
2016,07,9,1,691.08573
2016,07,9,2,692.12754
2016,07,9,3,693.20618
2016,07,9,4,693.80823
2016,07,9,5,693.93282
2016,07,9,6,693.25966
2016,07,9,7,692.08317
2016,07,10,0,690.88062
2016,07,10,1,690.12581
2016,07,10,2,690.18543
2016,07,10,3,690.05089
2016,07,10,4,689.53105
2016,07,10,5,688.92312
2016,07,10,6,688.06054
2016,07,10,7,687.47244
2016,07,11,0,687.11648
2016,07,11,1,686.82998
2016,07,11,2,686.79635
2016,07,11,3,686.37709
2016,07,11,4,686.16093
2016,07,11,5,685.9659
2016,07,11,6,685.9103
2016,07,11,7,686.12106
2016,07,12,0,686.78366
2016,07,12,1,687.76054
2016,07,12,2,689.23093
2016,07,12,3,690.3279
2016,07,12,4,690.68119
2016,07,12,5,690.41462
2016,07,12,6,690.31635
2016,07,12,7,690.01934
2016,07,13,0,689.73031
2016,07,13,1,689.14869
2016,07,13,2,687.63779
2016,07,13,3,686.57898
2016,07,13,4,685.8045
2016,07,13,5,684.46125
2016,07,13,6,683.45098
2016,07,13,7,682.0354
2016,07,14,0,680.57266
2016,07,14,1,679.26448
2016,07,14,2,678.78135
2016,07,14,3,678.62431
2016,07,14,4,677.77574
2016,07,14,5,676.8827
2016,07,14,6,676.15956
2016,07,14,7,675.97585
2016,07,15,0,675.41403
2016,07,15,1,675.44991
2016,07,15,2,676.12777
2016,07,15,3,676.65163
2016,07,15,4,677.3483
2016,07,15,5,677.84254
2016,07,15,6,677.94403
2016,07,15,7,677.99391
2016,07,16,0,678.27356
2016,07,16,1,678.10253
2016,07,16,2,678.34814
2016,07,16,3,679.06543
2016,07,16,4,679.61084
2016,07,16,5,680.25265
2016,07,16,6,681.0547
2016,07,16,7,681.89334
2016,07,17,0,682.66746
2016,07,17,1,683.24998
2016,07,17,2,684.15001
2016,07,17,3,685.18213
2016,07,17,4,686.17043
2016,07,17,5,686.97485
2016,07,17,6,687.77437
2016,07,17,7,688.6505
2016,07,18,0,689.58
2016,07,18,1,690.21857
2016,07,18,2,690.98354
2016,07,18,3,691.65628
2016,07,18,4,691.78872
2016,07,18,5,691.83623
2016,07,18,6,692.20098
2016,07,18,7,692.32427
2016,07,19,0,691.72909
2016,07,19,1,691.23363
2016,07,19,2,691.55182
2016,07,19,3,691.63728
2016,07,19,4,691.07493
2016,07,19,5,690.44442
2016,07,19,6,690.07056
2016,07,19,7,689.69674
2016,07,20,0,688.61219
2016,07,20,1,687.77758
2016,07,20,2,687.99601
2016,07,20,3,687.75772
2016,07,20,4,687.3873
2016,07,20,5,687.23996
2016,07,20,6,686.93104
2016,07,20,7,686.80774
2016,07,21,0,686.32992
2016,07,21,1,685.83348
2016,07,21,2,686.03498
2016,07,21,3,686.38046
2016,07,21,4,687.03771
2016,07,21,5,687.81436
2016,07,21,6,688.00243
2016,07,21,7,688.15057
2016,07,22,0,687.7569
2016,07,22,1,687.14961
2016,07,22,2,686.89685
2016,07,22,3,686.02829
2016,07,22,4,684.09674
2016,07,22,5,682.27891
2016,07,22,6,680.43227
2016,07,22,7,678.94896
2016,07,23,0,677.96794
2016,07,23,1,677.48337
2016,07,23,2,677.49318
2016,07,23,3,678.45872
2016,07,23,4,679.68351
2016,07,23,5,681.1871
2016,07,23,6,682.42283
2016,07,23,7,683.45263
2016,07,24,0,684.32547
2016,07,24,1,684.42681
2016,07,24,2,685.66263
2016,07,24,3,686.69888
2016,07,24,4,686.59724
2016,07,24,5,686.81912
2016,07,24,6,686.77206
2016,07,24,7,686.67835
2016,07,25,0,686.63967
2016,07,25,1,686.5184
2016,07,25,2,686.6139
2016,07,25,3,686.98152
2016,07,25,4,687.41247
2016,07,25,5,688.15322
2016,07,25,6,688.54626
2016,07,25,7,688.17439
2016,07,26,0,687.64547
2016,07,26,1,687.25369
2016,07,26,2,687.11917
2016,07,26,3,686.93607
2016,07,26,4,685.56191
2016,07,26,5,684.29465
2016,07,26,6,682.5443
2016,07,26,7,681.16996
2016,07,27,0,680.33842
2016,07,27,1,679.54149
2016,07,27,2,678.82267
2016,07,27,3,678.94037
2016,07,27,4,678.96745
2016,07,27,5,679.00172
2016,07,27,6,679.70641
2016,07,27,7,680.18074
2016,07,28,0,680.58993
2016,07,28,1,680.94253
2016,07,28,2,681.22155
2016,07,28,3,681.60635
2016,07,28,4,682.71827
2016,07,28,5,683.84745
2016,07,28,6,684.52203
2016,07,28,7,685.12562
2016,07,29,0,685.83029
2016,07,29,1,686.66604
2016,07,29,2,687.03267
2016,07,29,3,687.258
2016,07,29,4,687.78036
2016,07,29,5,687.68126
2016,07,29,6,687.14146
2016,07,29,7,686.53208
2016,07,30,0,685.76734
2016,07,30,1,684.80306
2016,07,30,2,684.07539
2016,07,30,3,683.42545
2016,07,30,4,683.11753
2016,07,30,5,682.92094
2016,07,30,6,682.60305
2016,07,30,7,682.16075
2016,07,31,0,681.71785
2016,07,31,1,680.8371
2016,07,31,2,679.74681
2016,07,31,3,679.40649
2016,07,31,4,678.47578
2016,07,31,5,677.86423
2016,07,31,6,677.48732
2016,07,31,7,677.59619
2016,07,1,0,677.85037
2016,07,1,1,677.88117
2016,07,1,2,678.1634
2016,07,1,3,679.18757
2016,07,1,4,680.21513
2016,07,1,5,680.72761
2016,07,1,6,680.81018
2016,07,1,7,680.91298
2016,07,2,0,681.11228
2016,07,2,1,681.17225
2016,07,2,2,681.37478
2016,07,2,3,681.73871
2016,07,2,4,681.57285
2016,07,2,5,681.28558
2016,07,2,6,680.85673
2016,07,2,7,680.40017
2016,07,3,0,679.24873
2016,07,3,1,678.42008
2016,07,3,2,678.14835
2016,07,3,3,678.28934
2016,07,3,4,678.87268
2016,07,3,5,679.5816
2016,07,3,6,679.82231
2016,07,3,7,680.10604
2016,07,4,0,680.09418
2016,07,4,1,679.37304
2016,07,4,2,678.64963
2016,07,4,3,678.2103
2016,07,4,4,678.00272
2016,07,4,5,678.23359
2016,07,4,6,678.6832
2016,07,4,7,678.91493
2016,07,5,0,679.33306
2016,07,5,1,679.72666
2016,07,5,2,680.36298
2016,07,5,3,680.90297
2016,07,5,4,681.63213
2016,07,5,5,681.91427
2016,07,5,6,681.32948
2016,07,5,7,680.51317
2016,07,6,0,680.43594
2016,07,6,1,680.17841
2016,07,6,2,680.2157
2016,07,6,3,679.63873
2016,07,6,4,678.73159
2016,07,6,5,677.72166
2016,07,6,6,676.74124
2016,07,6,7,675.65548
2016,07,7,0,674.52035
2016,07,7,1,674.14354
2016,07,7,2,674.21796
2016,07,7,3,674.2682
2016,07,7,4,674.52584
2016,07,7,5,674.40401
2016,07,7,6,674.05999
2016,07,7,7,673.82708
2016,07,8,0,674.00024
2016,07,8,1,674.28613
2016,07,8,2,674.89071
2016,07,8,3,675.46707
2016,07,8,4,676.24962
2016,07,8,5,676.81823
2016,07,8,6,677.05676
2016,07,8,7,677.45937
2016,07,9,0,677.49011
2016,07,9,1,677.32113
2016,07,9,2,677.69681
2016,07,9,3,678.02253
2016,07,9,4,678.15528
2016,07,9,5,678.15761
2016,07,9,6,678.31103
2016,07,9,7,678.59687
2016,07,10,0,678.65188
2016,07,10,1,678.64198
2016,07,10,2,679.12295
2016,07,10,3,679.06462
2016,07,10,4,678.64237
2016,07,10,5,677.79877
2016,07,10,6,677.52102
2016,07,10,7,677.31158
2016,07,11,0,677.01297
2016,07,11,1,676.80586
2016,07,11,2,677.09854
2016,07,11,3,677.0259
2016,07,11,4,677.32668
2016,07,11,5,677.55332
2016,07,11,6,677.41396
2016,07,11,7,677.36959
2016,07,12,0,677.47746
2016,07,12,1,677.78035
2016,07,12,2,678.1283
2016,07,12,3,678.66152
2016,07,12,4,678.98703
2016,07,12,5,678.85619
2016,07,12,6,679.8675
2016,07,12,7,680.6451
2016,07,13,0,680.39146
2016,07,13,1,679.60537
2016,07,13,2,680.07988
2016,07,13,3,680.61691
2016,07,13,4,680.50711
2016,07,13,5,680.21259
2016,07,13,6,680.33076
2016,07,13,7,680.85895
2016,07,14,0,680.46813
2016,07,14,1,679.9267
2016,07,14,2,679.5991
2016,07,14,3,678.92604
2016,07,14,4,678.234
2016,07,14,5,677.53276
2016,07,14,6,677.17658
2016,07,14,7,677.11135
2016,07,15,0,677.10574
2016,07,15,1,677.01996
2016,07,15,2,677.46467
2016,07,15,3,678.18076
2016,07,15,4,678.96572
2016,07,15,5,679.91383
2016,07,15,6,680.86084
2016,07,15,7,681.69631
2016,07,16,0,682.47482
2016,07,16,1,683.1501
2016,07,16,2,684.04426
2016,07,16,3,684.98432
2016,07,16,4,685.25769
2016,07,16,5,685.89932
2016,07,16,6,686.93827
2016,07,16,7,687.9148
2016,07,17,0,688.67316
2016,07,17,1,689.19143
2016,07,17,2,689.21965
2016,07,17,3,689.50559
2016,07,17,4,689.80868
2016,07,17,5,689.88419
2016,07,17,6,689.42946
2016,07,17,7,689.0813
2016,07,18,0,689.00947
2016,07,18,1,688.74241
2016,07,18,2,688.99795
2016,07,18,3,688.88625
2016,07,18,4,688.06213
2016,07,18,5,687.82273
2016,07,18,6,687.48295
2016,07,18,7,686.73613
2016,07,19,0,686.47096
2016,07,19,1,686.33886
2016,07,19,2,686.8078
2016,07,19,3,687.43172
2016,07,19,4,687.29957
2016,07,19,5,687.4513
2016,07,19,6,687.7553
2016,07,19,7,687.76137
2016,07,20,0,688.03913
2016,07,20,1,688.00608
2016,07,20,2,688.45064
2016,07,20,3,688.99395
2016,07,20,4,689.08761
2016,07,20,5,689.40743
2016,07,20,6,689.28131
2016,07,20,7,689.1721
2016,07,21,0,689.5637
2016,07,21,1,689.72503
2016,07,21,2,690.11935
2016,07,21,3,690.59194
2016,07,21,4,690.6141
2016,07,21,5,690.19399
2016,07,21,6,690.01044
2016,07,21,7,689.93954
2016,07,22,0,689.26734
2016,07,22,1,688.91072
2016,07,22,2,688.86156
2016,07,22,3,688.98494
2016,07,22,4,689.02648
2016,07,22,5,688.75357
2016,07,22,6,688.53425
2016,07,22,7,688.3312
2016,07,23,0,688.1886
2016,07,23,1,688.14636
2016,07,23,2,687.57044
2016,07,23,3,686.65465
2016,07,23,4,685.48345
2016,07,23,5,684.37901
2016,07,23,6,682.86856
2016,07,23,7,681.5708
2016,07,24,0,682.01379
2016,07,24,1,682.87465
2016,07,24,2,682.43319
2016,07,24,3,681.90778
2016,07,24,4,681.05154
2016,07,24,5,680.47305
2016,07,24,6,680.25162
2016,07,24,7,680.04587
2016,07,25,0,679.29185
2016,07,25,1,678.61855
2016,07,25,2,677.61522
2016,07,25,3,677.03826
2016,07,25,4,676.29975
2016,07,25,5,675.80095
2016,07,25,6,674.71578
2016,07,25,7,673.63791
2016,07,26,0,673.19148
2016,07,26,1,672.95517
2016,07,26,2,673.24431
2016,07,26,3,673.62493
2016,07,26,4,673.70993
2016,07,26,5,674.01261
2016,07,26,6,674.01807
2016,07,26,7,673.83237
2016,07,27,0,674.37695
2016,07,27,1,674.84024
2016,07,27,2,675.53137
2016,07,27,3,676.90148
2016,07,27,4,677.88107
2016,07,27,5,678.63179
2016,07,27,6,678.96467
2016,07,27,7,679.42878
2016,07,28,0,680.13274
2016,07,28,1,680.41209
2016,07,28,2,680.75049
2016,07,28,3,681.12146
2016,07,28,4,681.61847
2016,07,28,5,682.00409
2016,07,28,6,681.64222
2016,07,28,7,681.5414
2016,07,29,0,682.25838
2016,07,29,1,682.40182
2016,07,29,2,682.36008
2016,07,29,3,682.32846
2016,07,29,4,682.45161
2016,07,29,5,682.64493
2016,07,29,6,682.83977
2016,07,29,7,682.77475
2016,07,30,0,682.07378
2016,07,30,1,681.65415
2016,07,30,2,681.37504
2016,07,30,3,681.45235
2016,07,30,4,681.55073
2016,07,30,5,681.80583
2016,07,30,6,681.54182
2016,07,30,7,681.28581
2016,07,1,0,681.11809
2016,07,1,1,680.62672
2016,07,1,2,680.62757
2016,07,1,3,680.57203
2016,07,1,4,680.02601
2016,07,1,5,679.0857
2016,07,1,6,677.64919
2016,07,1,7,676.3069
2016,07,2,0,675.17833
2016,07,2,1,674.21421
2016,07,2,2,674.21644
2016,07,2,3,674.39461
2016,07,2,4,673.85423
2016,07,2,5,673.75687
2016,07,2,6,673.50637
2016,07,2,7,673.10565
2016,07,3,0,672.78175
2016,07,3,1,672.384
2016,07,3,2,671.92419
2016,07,3,3,671.95502
2016,07,3,4,672.0499
2016,07,3,5,672.05609
2016,07,3,6,672.16952
2016,07,3,7,672.14522
2016,07,4,0,672.22214
2016,07,4,1,672.74086
2016,07,4,2,673.75252
2016,07,4,3,674.62899
2016,07,4,4,675.53873
2016,07,4,5,676.21729
2016,07,4,6,676.08635
2016,07,4,7,676.10898
2016,07,5,0,676.40968
2016,07,5,1,676.66903
2016,07,5,2,677.69118
2016,07,5,3,678.96468
2016,07,5,4,679.91029
2016,07,5,5,680.66972
2016,07,5,6,681.54805
2016,07,5,7,682.71961
2016,07,6,0,683.50398
2016,07,6,1,684.10384
2016,07,6,2,684.8543
2016,07,6,3,685.55946
2016,07,6,4,685.23462
2016,07,6,5,684.53497
2016,07,6,6,684.16691
2016,07,6,7,684.27099
2016,07,7,0,684.50323
2016,07,7,1,683.84222
2016,07,7,2,683.10943
2016,07,7,3,682.80287
2016,07,7,4,683.1222
2016,07,7,5,683.41334
2016,07,7,6,683.58081
2016,07,7,7,683.78083
2016,07,8,0,683.34147
2016,07,8,1,682.44589
2016,07,8,2,682.22273
2016,07,8,3,681.83669
2016,07,8,4,681.38003
2016,07,8,5,681.11698
2016,07,8,6,681.13766
2016,07,8,7,681.37312
2016,07,9,0,681.587
2016,07,9,1,682.48706
2016,07,9,2,683.44886
2016,07,9,3,684.82561
2016,07,9,4,686.16749
2016,07,9,5,687.3633
2016,07,9,6,688.81745
2016,07,9,7,690.22622
2016,07,10,0,691.02205
2016,07,10,1,691.32749
2016,07,10,2,692.58491
2016,07,10,3,693.99283
2016,07,10,4,694.35954
2016,07,10,5,694.71996
2016,07,10,6,694.71662
2016,07,10,7,695.38301
2016,07,11,0,695.43132
2016,07,11,1,694.91762
2016,07,11,2,695.3202
2016,07,11,3,695.16601
2016,07,11,4,694.36562
2016,07,11,5,693.57516
2016,07,11,6,693.05106
2016,07,11,7,692.53161
2016,07,12,0,691.47114
2016,07,12,1,690.02233
2016,07,12,2,688.27762
2016,07,12,3,686.80069
2016,07,12,4,685.40503
2016,07,12,5,684.31363
2016,07,12,6,683.41015
2016,07,12,7,683.2064
2016,07,13,0,683.5247
2016,07,13,1,683.90718
2016,07,13,2,684.0346
2016,07,13,3,685.04501
2016,07,13,4,685.52109
2016,07,13,5,685.87232
2016,07,13,6,686.65032
2016,07,13,7,687.50074
2016,07,14,0,687.64894
2016,07,14,1,687.80875
2016,07,14,2,688.79074
2016,07,14,3,689.8044
2016,07,14,4,690.12407
2016,07,14,5,691.07444
2016,07,14,6,692.18606
2016,07,14,7,692.98427
2016,07,15,0,693.62638
2016,07,15,1,693.56752
2016,07,15,2,693.7213
2016,07,15,3,693.7441
2016,07,15,4,693.20784
2016,07,15,5,692.57101
2016,07,15,6,691.70199
2016,07,15,7,691.12902
2016,07,16,0,690.60691
2016,07,16,1,689.67096
2016,07,16,2,689.30584
2016,07,16,3,689.38524
2016,07,16,4,689.04998
2016,07,16,5,688.8101
2016,07,16,6,688.88923
2016,07,16,7,688.84388
2016,07,17,0,688.61383
2016,07,17,1,688.07725
2016,07,17,2,687.22288
2016,07,17,3,686.42542
2016,07,17,4,686.41919
2016,07,17,5,685.99865
2016,07,17,6,685.63365
2016,07,17,7,684.98355
2016,07,18,0,685.19346
2016,07,18,1,685.44507
2016,07,18,2,685.31988
2016,07,18,3,684.97011
2016,07,18,4,684.64575
2016,07,18,5,684.18683
2016,07,18,6,683.44904
2016,07,18,7,682.8355
2016,07,19,0,682.08083
2016,07,19,1,681.51117
2016,07,19,2,681.01563
2016,07,19,3,680.18216
2016,07,19,4,679.59284
2016,07,19,5,679.47374
2016,07,19,6,679.52384
2016,07,19,7,679.93292
2016,07,20,0,680.04376
2016,07,20,1,679.97538
2016,07,20,2,680.5775
2016,07,20,3,680.90322
2016,07,20,4,680.52078
2016,07,20,5,680.19388
2016,07,20,6,679.76582
2016,07,20,7,678.92111
2016,07,21,0,678.06425
2016,07,21,1,677.4601
2016,07,21,2,677.66222
2016,07,21,3,677.81344
2016,07,21,4,677.70594
2016,07,21,5,677.69228
2016,07,21,6,677.89315
2016,07,21,7,677.84809
2016,07,22,0,677.58595
2016,07,22,1,677.52008
2016,07,22,2,677.74102
2016,07,22,3,678.18469
2016,07,22,4,678.34119
2016,07,22,5,678.29962
2016,07,22,6,678.37588
2016,07,22,7,678.52308
2016,07,23,0,678.16191
2016,07,23,1,677.58498
2016,07,23,2,677.51756
2016,07,23,3,677.34486
2016,07,23,4,677.54428
2016,07,23,5,677.90556
2016,07,23,6,678.09054
2016,07,23,7,678.26021
2016,07,24,0,678.54258
2016,07,24,1,678.64104
2016,07,24,2,678.79757
2016,07,24,3,678.92161
2016,07,24,4,679.68012
2016,07,24,5,680.39272
2016,07,24,6,680.47248
2016,07,24,7,680.54378
2016,07,25,0,680.6352
2016,07,25,1,680.57165
2016,07,25,2,680.99814
2016,07,25,3,681.25139
2016,07,25,4,681.40982
2016,07,25,5,681.30258
2016,07,25,6,681.39299
2016,07,25,7,681.35382
2016,07,26,0,681.36901
2016,07,26,1,681.1193
2016,07,26,2,680.2293
2016,07,26,3,679.23092
2016,07,26,4,678.73776
2016,07,26,5,679.37995
2016,07,26,6,680.35591
2016,07,26,7,681.28782
2016,07,27,0,681.84735
2016,07,27,1,682.0752
2016,07,27,2,682.45116
2016,07,27,3,682.34335
2016,07,27,4,681.55782
2016,07,27,5,680.52163
2016,07,27,6,680.22088
2016,07,27,7,679.89463
2016,07,28,0,680.10551
2016,07,28,1,680.18582
2016,07,28,2,680.43917
2016,07,28,3,680.69294
2016,07,28,4,681.93573
2016,07,28,5,683.40548
2016,07,28,6,684.36321
2016,07,28,7,685.21548
2016,07,29,0,686.00691
2016,07,29,1,686.2926
2016,07,29,2,687.1043
2016,07,29,3,687.65069
2016,07,29,4,687.7558
2016,07,29,5,688.0233
2016,07,29,6,687.61563
2016,07,29,7,686.80895
2016,07,30,0,686.47383
2016,07,30,1,686.03411
2016,07,30,2,686.38343
2016,07,30,3,686.78819
2016,07,30,4,687.36402
2016,07,30,5,688.14663
2016,07,30,6,688.47022
2016,07,30,7,688.76588
2016,07,31,0,688.97249
2016,07,31,1,688.85882
2016,07,31,2,689.48501
2016,07,31,3,690.19605
2016,07,31,4,690.0932
2016,07,31,5,688.98175
2016,07,31,6,686.74494
2016,07,31,7,684.48662
2016,07,1,0,682.94052
2016,07,1,1,682.86089
2016,07,1,2,682.89912
2016,07,1,3,683.1378
2016,07,1,4,683.1244
2016,07,1,5,682.79316
2016,07,1,6,681.85492
2016,07,1,7,681.72929
2016,07,2,0,682.53999
2016,07,2,1,683.3859
2016,07,2,2,684.07723
2016,07,2,3,686.08861
2016,07,2,4,688.20688
2016,07,2,5,690.43402
2016,07,2,6,693.00344
2016,07,2,7,694.86412
2016,07,3,0,695.56414
2016,07,3,1,695.74089
2016,07,3,2,696.23992
2016,07,3,3,697.48955
2016,07,3,4,698.81057
2016,07,3,5,699.34212
2016,07,3,6,698.71196
2016,07,3,7,697.34711
2016,07,4,0,695.97634
2016,07,4,1,695.10406
2016,07,4,2,694.51744
2016,07,4,3,694.12255
2016,07,4,4,695.61174
2016,07,4,5,697.16497
2016,07,4,6,696.9553
2016,07,4,7,696.13586
2016,07,5,0,692.99351
2016,07,5,1,690.5457
2016,07,5,2,691.29176
2016,07,5,3,691.12248
2016,07,5,4,690.91666
2016,07,5,5,690.4893
2016,07,5,6,690.27769
2016,07,5,7,690.74692
2016,07,6,0,691.54299
2016,07,6,1,691.75911
2016,07,6,2,692.34646
2016,07,6,3,693.27283
2016,07,6,4,694.15771
2016,07,6,5,694.42379
2016,07,6,6,694.13984
2016,07,6,7,693.79039
2016,07,7,0,694.51192
2016,07,7,1,695.87296
2016,07,7,2,697.17
2016,07,7,3,698.50377
2016,07,7,4,698.73495
2016,07,7,5,697.7406
2016,07,7,6,697.88533
2016,07,7,7,697.89964
2016,07,8,0,696.16746
2016,07,8,1,694.45783
2016,07,8,2,694.22902
2016,07,8,3,694.70037
2016,07,8,4,696.44514
2016,07,8,5,696.1171
2016,07,8,6,695.54566
2016,07,8,7,694.51671
2016,07,9,0,692.51024
2016,07,9,1,691.2901
2016,07,9,2,692.17866
2016,07,9,3,692.58822
2016,07,9,4,694.53688
2016,07,9,5,696.15708
2016,07,9,6,697.92323
2016,07,9,7,698.49903
2016,07,10,0,697.10152
2016,07,10,1,695.42198
2016,07,10,2,694.14031
2016,07,10,3,692.88891
2016,07,10,4,692.36165
2016,07,10,5,691.82235
2016,07,10,6,691.32445
2016,07,10,7,691.30986
2016,07,11,0,692.04681
2016,07,11,1,692.33997
2016,07,11,2,692.66545
2016,07,11,3,693.69568
2016,07,11,4,695.2423
2016,07,11,5,697.08807
2016,07,11,6,698.81872
2016,07,11,7,700.03403
2016,07,12,0,701.74333
2016,07,12,1,703.16497
2016,07,12,2,703.89157
2016,07,12,3,704.86795
2016,07,12,4,705.18728
2016,07,12,5,705.9441
2016,07,12,6,707.33278
2016,07,12,7,708.2057
2016,07,13,0,708.92528
2016,07,13,1,708.96443
2016,07,13,2,708.64703
2016,07,13,3,708.94488
2016,07,13,4,708.72135
2016,07,13,5,708.71378
2016,07,13,6,709.0419
2016,07,13,7,708.91232
2016,07,14,0,708.28526
2016,07,14,1,707.13211
2016,07,14,2,706.91547
2016,07,14,3,707.09331
2016,07,14,4,706.631
2016,07,14,5,706.16876
2016,07,14,6,705.74174
2016,07,14,7,705.36995
2016,07,15,0,704.74416
2016,07,15,1,704.24715
2016,07,15,2,703.83598
2016,07,15,3,703.91666
2016,07,15,4,703.75033
2016,07,15,5,702.51525
2016,07,15,6,701.03361
2016,07,15,7,700.12459
2016,07,16,0,698.42972
2016,07,16,1,696.31963
2016,07,16,2,695.3451
2016,07,16,3,693.71027
2016,07,16,4,691.22503
2016,07,16,5,688.51481
2016,07,16,6,686.38641
2016,07,16,7,684.53509
2016,07,17,0,683.13174
2016,07,17,1,682.32162
2016,07,17,2,682.49036
2016,07,17,3,683.03549
2016,07,17,4,684.19302
2016,07,17,5,685.51139
2016,07,17,6,686.95136
2016,07,17,7,688.45035
2016,07,18,0,689.90594
2016,07,18,1,690.51595
2016,07,18,2,691.50309
2016,07,18,3,692.72343
2016,07,18,4,693.56136
2016,07,18,5,693.93623
2016,07,18,6,694.6738
2016,07,18,7,695.39712
2016,07,19,0,694.84964
2016,07,19,1,694.4202
2016,07,19,2,694.64016
2016,07,19,3,694.82774
2016,07,19,4,694.17562
2016,07,19,5,693.33986
2016,07,19,6,692.82845
2016,07,19,7,692.00454
2016,07,20,0,690.998
2016,07,20,1,690.69937
2016,07,20,2,690.80528
2016,07,20,3,690.93029
2016,07,20,4,691.07107
2016,07,20,5,691.13877
2016,07,20,6,691.26972
2016,07,20,7,690.96942
2016,07,21,0,691.04486
2016,07,21,1,690.71438
2016,07,21,2,690.40289
2016,07,21,3,690.33371
2016,07,21,4,690.22646
2016,07,21,5,690.06544
2016,07,21,6,689.83431
2016,07,21,7,689.9325
2016,07,22,0,689.50826
2016,07,22,1,689.25607
2016,07,22,2,689.41842
2016,07,22,3,689.32656
2016,07,22,4,689.05656
2016,07,22,5,688.99212
2016,07,22,6,689.01211
2016,07,22,7,688.89434
2016,07,23,0,689.27707
2016,07,23,1,689.73359
2016,07,23,2,689.93306
2016,07,23,3,690.40492
2016,07,23,4,690.23847
2016,07,23,5,690.01919
2016,07,23,6,690.05237
2016,07,23,7,689.84272
2016,07,24,0,689.13929
2016,07,24,1,688.37487
2016,07,24,2,687.65145
2016,07,24,3,687.0176
2016,07,24,4,686.39904
2016,07,24,5,685.9516
2016,07,24,6,685.44865
2016,07,24,7,684.61997
2016,07,25,0,683.98763
2016,07,25,1,683.60784
2016,07,25,2,683.64016
2016,07,25,3,683.78127
2016,07,25,4,683.63476
2016,07,25,5,682.93748
2016,07,25,6,683.12966
2016,07,25,7,683.24073
2016,07,26,0,682.78308
2016,07,26,1,681.95709
2016,07,26,2,681.56967
2016,07,26,3,681.18522
2016,07,26,4,680.2076
2016,07,26,5,679.5011
2016,07,26,6,678.98069
2016,07,26,7,678.49237
2016,07,27,0,678.29714
2016,07,27,1,678.1294
2016,07,27,2,678.33134
2016,07,27,3,678.57854
2016,07,27,4,679.02846
2016,07,27,5,679.32766
2016,07,27,6,679.04468
2016,07,27,7,678.80093
2016,07,28,0,678.56083
2016,07,28,1,678.2363
2016,07,28,2,677.34404
2016,07,28,3,677.43597
2016,07,28,4,677.50861
2016,07,28,5,677.48715
2016,07,28,6,677.89319
2016,07,28,7,678.59133
2016,07,29,0,678.93308
2016,07,29,1,679.03668
2016,07,29,2,679.09514
2016,07,29,3,680.04619
2016,07,29,4,680.95834
2016,07,29,5,681.69621
2016,07,29,6,682.82543
2016,07,29,7,683.85626
2016,07,30,0,684.68564
2016,07,30,1,685.38903
2016,07,30,2,685.65366
2016,07,30,3,685.90908
2016,07,30,4,685.71406
2016,07,30,5,684.84902
2016,07,30,6,684.44305
2016,07,30,7,684.0853
2016,07,31,0,682.94309
2016,07,31,1,681.38752
2016,07,31,2,680.21548
2016,07,31,3,679.28885
2016,07,31,4,678.01362
2016,07,31,5,676.76271
2016,07,31,6,675.88669
2016,07,31,7,675.27791
2016,07,1,0,673.54145
2016,07,1,1,672.0739
2016,07,1,2,671.68021
2016,07,1,3,671.47853
2016,07,1,4,671.57675
2016,07,1,5,671.87712
2016,07,1,6,671.95569
2016,07,1,7,671.91617
2016,07,2,0,671.81777
2016,07,2,1,671.54258
2016,07,2,2,671.8736
2016,07,2,3,672.12222
2016,07,2,4,671.62944
2016,07,2,5,671.45954
2016,07,2,6,671.16679
2016,07,2,7,670.92787
2016,07,3,0,671.20508
2016,07,3,1,671.63846
2016,07,3,2,671.88531
2016,07,3,3,672.01934
2016,07,3,4,671.55074
2016,07,3,5,671.29431
2016,07,3,6,670.5007
2016,07,3,7,669.8378
2016,07,4,0,669.93473
2016,07,4,1,670.17567
2016,07,4,2,670.05365
2016,07,4,3,669.94214
2016,07,4,4,669.98104
2016,07,4,5,670.2507
2016,07,4,6,670.49442
2016,07,4,7,670.68039
2016,07,5,0,670.75472
2016,07,5,1,671.0771
2016,07,5,2,670.34616
2016,07,5,3,670.46796
2016,07,5,4,670.90965
2016,07,5,5,671.42486
2016,07,5,6,671.7428
2016,07,5,7,671.82256
2016,07,6,0,671.85282
2016,07,6,1,671.89023
2016,07,6,2,671.62873
2016,07,6,3,671.11555
2016,07,6,4,670.72373
2016,07,6,5,670.61194
2016,07,6,6,670.22863
2016,07,6,7,670.02625
2016,07,7,0,669.68389
2016,07,7,1,669.46568
2016,07,7,2,669.42522
2016,07,7,3,669.5446
2016,07,7,4,669.49704
2016,07,7,5,669.69993
2016,07,7,6,670.02999
2016,07,7,7,670.20788
2016,07,8,0,670.06835
2016,07,8,1,670.21733
2016,07,8,2,670.3087
2016,07,8,3,670.17206
2016,07,8,4,669.44859
2016,07,8,5,668.85869
2016,07,8,6,667.38689
2016,07,8,7,657.46977
2016,07,9,0,656.77632
2016,07,9,1,655.80203
2016,07,9,2,655.00351
2016,07,9,3,654.30803
2016,07,9,4,653.96161
2016,07,9,5,653.71974
2016,07,9,6,653.31321
2016,07,9,7,653.11773
2016,07,10,0,653.36133
2016,07,10,1,653.67197
2016,07,10,2,653.99298
2016,07,10,3,654.5685
2016,07,10,4,654.57301
2016,07,10,5,654.91539
2016,07,10,6,656.61095
2016,07,10,7,667.10628
2016,07,11,0,668.18372
2016,07,11,1,669.02418
2016,07,11,2,669.94708
2016,07,11,3,670.06763
2016,07,11,4,669.76964
2016,07,11,5,669.62924
2016,07,11,6,669.71742
2016,07,11,7,669.65644
2016,07,12,0,669.28506
2016,07,12,1,668.51848
2016,07,12,2,668.80191
2016,07,12,3,669.3253
2016,07,12,4,668.9077
2016,07,12,5,668.96312
2016,07,12,6,669.5631
2016,07,12,7,670.40872
2016,07,13,0,670.90549
2016,07,13,1,671.589
2016,07,13,2,673.04632
2016,07,13,3,674.45569
2016,07,13,4,675.20243
2016,07,13,5,676.19237
2016,07,13,6,677.26696
2016,07,13,7,678.15207
2016,07,14,0,679.2306
2016,07,14,1,680.61211
2016,07,14,2,682.07454
2016,07,14,3,684.31868
2016,07,14,4,685.59684
2016,07,14,5,686.40249
2016,07,14,6,687.81539
2016,07,14,7,688.99432
2016,07,15,0,689.76071
2016,07,15,1,690.23236
2016,07,15,2,691.28428
2016,07,15,3,692.06223
2016,07,15,4,693.20381
2016,07,15,5,693.36645
2016,07,15,6,693.00668
2016,07,15,7,692.52865
2016,07,16,0,691.7927
2016,07,16,1,690.15134
2016,07,16,2,689.36386
2016,07,16,3,689.03293
2016,07,16,4,688.45966
2016,07,16,5,687.7621
2016,07,16,6,687.41817
2016,07,16,7,687.04153
2016,07,17,0,686.48584
2016,07,17,1,686.48435
2016,07,17,2,686.64204
2016,07,17,3,686.76707
2016,07,17,4,687.37554
2016,07,17,5,687.80745
2016,07,17,6,688.52077
2016,07,17,7,688.9098
2016,07,18,0,688.71703
2016,07,18,1,687.89683
2016,07,18,2,687.85585
2016,07,18,3,687.32316
2016,07,18,4,685.9266
2016,07,18,5,684.20429
2016,07,18,6,682.87975
2016,07,18,7,681.81014
2016,07,19,0,681.46396
2016,07,19,1,681.20995
2016,07,19,2,681.26987
2016,07,19,3,681.76497
2016,07,19,4,682.59209
2016,07,19,5,683.47782
2016,07,19,6,684.11015
2016,07,19,7,684.72113
2016,07,20,0,685.34677
2016,07,20,1,685.53547
2016,07,20,2,685.93818
2016,07,20,3,686.41481
2016,07,20,4,686.8541
2016,07,20,5,687.19095
2016,07,20,6,686.94886
2016,07,20,7,686.81008
2016,07,21,0,686.5053
2016,07,21,1,685.94131
2016,07,21,2,685.88445
2016,07,21,3,685.76032
2016,07,21,4,684.7724
2016,07,21,5,683.89886
2016,07,21,6,683.34182
2016,07,21,7,682.91715
2016,07,22,0,682.41541
2016,07,22,1,681.8941
2016,07,22,2,681.68295
2016,07,22,3,681.85421
2016,07,22,4,681.63866
2016,07,22,5,681.66737
2016,07,22,6,682.15492
2016,07,22,7,682.76029
2016,07,23,0,682.53202
2016,07,23,1,682.2792
2016,07,23,2,683.16607
2016,07,23,3,683.72484
2016,07,23,4,683.15446
2016,07,23,5,682.63725
2016,07,23,6,682.47107
2016,07,23,7,682.08071
2016,07,24,0,681.21958
2016,07,24,1,680.48388
2016,07,24,2,681.58848
2016,07,24,3,682.51261
2016,07,24,4,683.32419
2016,07,24,5,683.90595
2016,07,24,6,684.62728
2016,07,24,7,685.43531
2016,07,25,0,686.02218
2016,07,25,1,686.39635
2016,07,25,2,687.08659
2016,07,25,3,687.79048
2016,07,25,4,688.53236
2016,07,25,5,688.65657
2016,07,25,6,688.61607
2016,07,25,7,688.60373
2016,07,26,0,688.53268
2016,07,26,1,688.74178
2016,07,26,2,689.60681
2016,07,26,3,690.01801
2016,07,26,4,690.06133
2016,07,26,5,690.35658
2016,07,26,6,690.85175
2016,07,26,7,691.31377
2016,07,27,0,691.6441
2016,07,27,1,691.78131
2016,07,27,2,692.94698
2016,07,27,3,693.9299
2016,07,27,4,694.04455
2016,07,27,5,694.31483
2016,07,27,6,694.77996
2016,07,27,7,695.02729
2016,07,28,0,695.31902
2016,07,28,1,695.30402
2016,07,28,2,695.55796
2016,07,28,3,695.56958
2016,07,28,4,695.64967
2016,07,28,5,695.38775
2016,07,28,6,694.97643
2016,07,28,7,694.34488
2016,07,29,0,693.25282
2016,07,29,1,691.96352
2016,07,29,2,691.44071
2016,07,29,3,690.61808
2016,07,29,4,689.4468
2016,07,29,5,688.36259
2016,07,29,6,687.19834
2016,07,29,7,686.33286
2016,07,30,0,685.726
2016,07,30,1,684.76751
2016,07,30,2,684.41002
2016,07,30,3,684.17706
2016,07,30,4,683.83169
2016,07,30,5,683.88998
2016,07,30,6,684.90105
2016,07,30,7,685.49635
2016,07,1,0,685.89771
2016,07,1,1,686.52228
2016,07,1,2,687.25275
2016,07,1,3,687.67167
2016,07,1,4,687.92435
2016,07,1,5,688.1654
2016,07,1,6,688.62995
2016,07,1,7,689.07817
2016,07,2,0,689.64712
2016,07,2,1,689.77342
2016,07,2,2,690.1278
2016,07,2,3,690.53546
2016,07,2,4,690.63774
2016,07,2,5,690.73254
2016,07,2,6,691.02496
2016,07,2,7,690.91781
2016,07,3,0,690.7936
2016,07,3,1,690.70875
2016,07,3,2,690.49985
2016,07,3,3,689.9728
2016,07,3,4,689.0497
2016,07,3,5,688.02203
2016,07,3,6,687.46935
2016,07,3,7,686.81047
2016,07,4,0,685.37277
2016,07,4,1,684.09756
2016,07,4,2,683.43482
2016,07,4,3,682.51377
2016,07,4,4,682.14174
2016,07,4,5,682.3414
2016,07,4,6,682.84417
2016,07,4,7,683.29856
2016,07,5,0,684.38747
2016,07,5,1,685.81348
2016,07,5,2,686.6893
2016,07,5,3,687.32519
2016,07,5,4,688.14145
2016,07,5,5,688.98593
2016,07,5,6,688.95434
2016,07,5,7,688.65607
2016,07,6,0,688.96872
2016,07,6,1,688.71136
2016,07,6,2,689.00785
2016,07,6,3,689.39536
2016,07,6,4,689.2179
2016,07,6,5,688.91143
2016,07,6,6,688.63058
2016,07,6,7,688.51631
2016,07,7,0,688.64903
2016,07,7,1,688.8634
2016,07,7,2,689.09234
2016,07,7,3,689.90043
2016,07,7,4,690.45603
2016,07,7,5,691.00849
2016,07,7,6,691.76587
2016,07,7,7,692.24743
2016,07,8,0,693.01876
2016,07,8,1,693.14934
2016,07,8,2,693.55325
2016,07,8,3,694.08109
2016,07,8,4,692.83343
2016,07,8,5,692.12136
2016,07,8,6,692.92466
2016,07,8,7,693.52847
2016,07,9,0,694.15727
2016,07,9,1,694.17864
2016,07,9,2,694.53909
2016,07,9,3,694.90856
2016,07,9,4,694.6224
2016,07,9,5,694.17598
2016,07,9,6,693.56933
2016,07,9,7,692.73287
2016,07,10,0,692.02219
2016,07,10,1,691.11234
2016,07,10,2,690.41138
2016,07,10,3,690.15348
2016,07,10,4,689.84943
2016,07,10,5,689.19128
2016,07,10,6,689.20429
2016,07,10,7,689.49085
2016,07,11,0,688.9247
2016,07,11,1,688.801
2016,07,11,2,689.79444
2016,07,11,3,690.40548
2016,07,11,4,690.32527
2016,07,11,5,690.26154
2016,07,11,6,689.89933
2016,07,11,7,689.42426
2016,07,12,0,688.34526
2016,07,12,1,687.5849
2016,07,12,2,687.00599
2016,07,12,3,686.59575
2016,07,12,4,686.20367
2016,07,12,5,685.91618
2016,07,12,6,685.90032
2016,07,12,7,685.74979
2016,07,13,0,685.42741
2016,07,13,1,685.05726
2016,07,13,2,684.25027
2016,07,13,3,683.97521
2016,07,13,4,683.49974
2016,07,13,5,682.79653
2016,07,13,6,682.3141
2016,07,13,7,681.92206
2016,07,14,0,681.88837
2016,07,14,1,682.23653
2016,07,14,2,683.28666
2016,07,14,3,684.21714
2016,07,14,4,684.4806
2016,07,14,5,684.58937
2016,07,14,6,685.07081
2016,07,14,7,685.16293
2016,07,15,0,685.42596
2016,07,15,1,685.37551
2016,07,15,2,684.9095
2016,07,15,3,684.40903
2016,07,15,4,684.04015
2016,07,15,5,683.68088
2016,07,15,6,683.4446
2016,07,15,7,683.21959
2016,07,16,0,683.52462
2016,07,16,1,683.78516
2016,07,16,2,684.0005
2016,07,16,3,683.90298
2016,07,16,4,683.73844
2016,07,16,5,683.31483
2016,07,16,6,683.04594
2016,07,16,7,682.9842
2016,07,17,0,683.48365
2016,07,17,1,683.36878
2016,07,17,2,682.77718
2016,07,17,3,682.39457
2016,07,17,4,681.29211
2016,07,17,5,680.03013
2016,07,17,6,679.51057
2016,07,17,7,679.43884
2016,07,18,0,679.87641
2016,07,18,1,680.05403
2016,07,18,2,679.94882
2016,07,18,3,679.83275
2016,07,18,4,679.21921
2016,07,18,5,678.52252
2016,07,18,6,677.54617
2016,07,18,7,676.7689
2016,07,19,0,676.04917
2016,07,19,1,675.28515
2016,07,19,2,675.1314
2016,07,19,3,675.27512
2016,07,19,4,675.00433
2016,07,19,5,674.76513
2016,07,19,6,675.34234
2016,07,19,7,675.9063
2016,07,20,0,676.33639
2016,07,20,1,677.22143
2016,07,20,2,678.43588
2016,07,20,3,679.41816
2016,07,20,4,679.70289
2016,07,20,5,679.96211
2016,07,20,6,680.48102
2016,07,20,7,680.94553
2016,07,21,0,680.72025
2016,07,21,1,680.06533
2016,07,21,2,680.29389
2016,07,21,3,680.32645
2016,07,21,4,679.83254
2016,07,21,5,679.20846
2016,07,21,6,679.42506
2016,07,21,7,679.78968
2016,07,22,0,680.01169
2016,07,22,1,679.96083
2016,07,22,2,680.15788
2016,07,22,3,680.22225
2016,07,22,4,679.23176
2016,07,22,5,678.11046
2016,07,22,6,678.46681
2016,07,22,7,678.94059
2016,07,23,0,678.99408
2016,07,23,1,679.18244
2016,07,23,2,679.57153
2016,07,23,3,679.9436
2016,07,23,4,679.6584
2016,07,23,5,679.42233
2016,07,23,6,680.02545
2016,07,23,7,680.74108
2016,07,24,0,681.25943
2016,07,24,1,681.46549
2016,07,24,2,681.76036
2016,07,24,3,681.83651
2016,07,24,4,682.08602
2016,07,24,5,682.54668
2016,07,24,6,683.7274
2016,07,24,7,684.59043
2016,07,25,0,684.68436
2016,07,25,1,684.2784
2016,07,25,2,685.06238
2016,07,25,3,685.91822
2016,07,25,4,685.75244
2016,07,25,5,685.98247
2016,07,25,6,686.74986
2016,07,25,7,687.65638
2016,07,26,0,687.71553
2016,07,26,1,687.15278
2016,07,26,2,687.53327
2016,07,26,3,687.54152
2016,07,26,4,686.5642
2016,07,26,5,685.69859
2016,07,26,6,685.63414
2016,07,26,7,685.48696
2016,07,27,0,685.3078
2016,07,27,1,684.6573
2016,07,27,2,684.38396
2016,07,27,3,683.95446
2016,07,27,4,683.39827
2016,07,27,5,683.17098
2016,07,27,6,683.07461
2016,07,27,7,682.40249
2016,07,28,0,682.08112
2016,07,28,1,681.55624
2016,07,28,2,681.08825
2016,07,28,3,680.51852
2016,07,28,4,679.79522
2016,07,28,5,679.22264
2016,07,28,6,679.2444
2016,07,28,7,679.60742
2016,07,29,0,679.99901
2016,07,29,1,680.21552
2016,07,29,2,680.84087
2016,07,29,3,681.50465
2016,07,29,4,681.48536
2016,07,29,5,681.39377
2016,07,29,6,681.95684
2016,07,29,7,682.71685
2016,07,30,0,683.17906
2016,07,30,1,683.34521
2016,07,30,2,683.45476
2016,07,30,3,684.17329
2016,07,30,4,684.73391
2016,07,30,5,685.01689
2016,07,30,6,685.59074
2016,07,30,7,686.20115
2016,07,31,0,687.33089
2016,07,31,1,688.11747
2016,07,31,2,688.41096
2016,07,31,3,688.71198
2016,07,31,4,688.63113
2016,07,31,5,687.38396
2016,07,31,6,687.16063
2016,07,31,7,687.65262
2016,07,1,0,687.24029
2016,07,1,1,687.80828
2016,07,1,2,689.19597
2016,07,1,3,690.19408
2016,07,1,4,690.77946
2016,07,1,5,691.95372
2016,07,1,6,694.0867
2016,07,1,7,696.37685
2016,07,2,0,697.52047
2016,07,2,1,698.5635
2016,07,2,2,700.30924
2016,07,2,3,701.41444
2016,07,2,4,702.13904
2016,07,2,5,702.72989
2016,07,2,6,709.58375
2016,07,2,7,709.47801
2016,07,3,0,702.95903
2016,07,3,1,701.64529
2016,07,3,2,700.4876
2016,07,3,3,698.92628
2016,07,3,4,697.32777
2016,07,3,5,696.25263
2016,07,3,6,694.76706
2016,07,3,7,693.846
2016,07,4,0,693.52772
2016,07,4,1,693.82887
2016,07,4,2,695.5108
2016,07,4,3,696.4432
2016,07,4,4,696.03411
2016,07,4,5,695.70062
2016,07,4,6,695.65618
2016,07,4,7,696.07103
2016,07,5,0,697.04281
2016,07,5,1,698.03557
2016,07,5,2,699.00666
2016,07,5,3,699.57568
2016,07,5,4,699.85606
2016,07,5,5,699.77198
2016,07,5,6,700.40084
2016,07,5,7,700.95156
2016,07,6,0,701.25414
2016,07,6,1,701.11004
2016,07,6,2,700.64566
2016,07,6,3,700.40223
2016,07,6,4,700.68462
2016,07,6,5,700.26967
2016,07,6,6,700.14318
2016,07,6,7,700.15552
2016,07,7,0,699.91329
2016,07,7,1,699.60829
2016,07,7,2,699.5898
2016,07,7,3,699.01925
2016,07,7,4,697.86722
2016,07,7,5,696.70683
2016,07,7,6,695.58803
2016,07,7,7,694.7434
2016,07,8,0,693.88507
2016,07,8,1,692.88304
2016,07,8,2,691.98667
2016,07,8,3,691.31986
2016,07,8,4,690.63953
2016,07,8,5,690.2849
2016,07,8,6,690.46866
2016,07,8,7,690.76567
2016,07,9,0,690.48051
2016,07,9,1,690.07772
2016,07,9,2,690.21799
2016,07,9,3,690.25396
2016,07,9,4,689.60872
2016,07,9,5,689.09658
2016,07,9,6,689.47668
2016,07,9,7,689.98266
2016,07,10,0,690.71482
2016,07,10,1,691.21901
2016,07,10,2,691.96021
2016,07,10,3,692.79489
2016,07,10,4,694.17535
2016,07,10,5,695.50773
2016,07,10,6,696.41718
2016,07,10,7,697.04556
2016,07,11,0,697.61175
2016,07,11,1,698.38783
2016,07,11,2,699.32086
2016,07,11,3,699.44047
2016,07,11,4,698.98897
2016,07,11,5,698.32985
2016,07,11,6,697.74032
2016,07,11,7,697.48445
2016,07,12,0,697.59186
2016,07,12,1,697.66338
2016,07,12,2,697.79875
2016,07,12,3,698.03485
2016,07,12,4,698.72476
2016,07,12,5,699.62851
2016,07,12,6,700.89787
2016,07,12,7,702.03366
2016,07,13,0,702.99746
2016,07,13,1,703.35547
2016,07,13,2,703.73982
2016,07,13,3,703.22709
2016,07,13,4,702.20508
2016,07,13,5,701.08416
2016,07,13,6,700.56001
2016,07,13,7,700.32151
2016,07,14,0,699.97909
2016,07,14,1,699.45554
2016,07,14,2,699.04379
2016,07,14,3,698.75331
2016,07,14,4,698.64176
2016,07,14,5,699.04666
2016,07,14,6,699.43986
2016,07,14,7,699.83902
2016,07,15,0,700.54489
2016,07,15,1,700.96832
2016,07,15,2,701.16683
2016,07,15,3,701.54448
2016,07,15,4,702.4195
2016,07,15,5,702.84301
2016,07,15,6,702.38782
2016,07,15,7,702.29738
2016,07,16,0,702.09358
2016,07,16,1,701.72383
2016,07,16,2,701.77653
2016,07,16,3,701.82723
2016,07,16,4,701.61187
2016,07,16,5,701.55052
2016,07,16,6,700.9304
2016,07,16,7,700.70416
2016,07,17,0,700.90342
2016,07,17,1,700.74558
2016,07,17,2,701.00446
2016,07,17,3,701.20401
2016,07,17,4,700.59971
2016,07,17,5,699.75207
2016,07,17,6,699.24512
2016,07,17,7,698.60188
2016,07,18,0,698.43469
2016,07,18,1,698.01215
2016,07,18,2,698.14657
2016,07,18,3,697.91838
2016,07,18,4,697.27652
2016,07,18,5,697.11473
2016,07,18,6,697.10549
2016,07,18,7,697.36929
2016,07,19,0,697.2553
2016,07,19,1,696.95206
2016,07,19,2,696.73994
2016,07,19,3,696.49612
2016,07,19,4,696.33206
2016,07,19,5,696.13221
2016,07,19,6,696.42459
2016,07,19,7,696.68968
2016,07,20,0,696.60097
2016,07,20,1,696.21174
2016,07,20,2,696.29632
2016,07,20,3,696.12831
2016,07,20,4,695.89966
2016,07,20,5,695.75212
2016,07,20,6,695.12766
2016,07,20,7,694.49358
2016,07,21,0,694.08242
2016,07,21,1,693.77484
2016,07,21,2,694.07962
2016,07,21,3,694.01742
2016,07,21,4,693.80836
2016,07,21,5,693.84354
2016,07,21,6,693.99463
2016,07,21,7,693.98329
2016,07,22,0,693.84923
2016,07,22,1,693.33791
2016,07,22,2,692.7534
2016,07,22,3,692.47388
2016,07,22,4,692.25723
2016,07,22,5,692.39409
2016,07,22,6,692.3415
2016,07,22,7,692.23914
2016,07,23,0,692.53087
2016,07,23,1,692.80582
2016,07,23,2,692.69177
2016,07,23,3,692.31887
2016,07,23,4,692.12225
2016,07,23,5,691.61728
2016,07,23,6,691.35105
2016,07,23,7,691.3914
2016,07,24,0,691.13497
2016,07,24,1,690.89066
2016,07,24,2,691.11019
2016,07,24,3,691.25293
2016,07,24,4,690.98501
2016,07,24,5,690.78596
2016,07,24,6,690.33815
2016,07,24,7,690.0812
2016,07,25,0,690.52381
2016,07,25,1,690.86702
2016,07,25,2,691.27839
2016,07,25,3,691.82422
2016,07,25,4,691.94096
2016,07,25,5,692.27617
2016,07,25,6,692.48031
2016,07,25,7,692.95381
2016,07,26,0,693.24347
2016,07,26,1,693.14342
2016,07,26,2,693.21427
2016,07,26,3,693.38461
2016,07,26,4,693.45418
2016,07,26,5,693.41457
2016,07,26,6,693.33475
2016,07,26,7,693.44594
2016,07,27,0,693.48086
2016,07,27,1,693.2977
2016,07,27,2,693.12943
2016,07,27,3,693.1216
2016,07,27,4,692.79603
2016,07,27,5,692.46282
2016,07,27,6,692.16964
2016,07,27,7,692.06197
2016,07,28,0,692.47505
2016,07,28,1,692.42116
2016,07,28,2,692.50816
2016,07,28,3,692.67155
2016,07,28,4,692.44451
2016,07,28,5,692.3028
2016,07,28,6,692.51551
2016,07,28,7,692.74035
2016,07,29,0,692.42009
2016,07,29,1,691.74063
2016,07,29,2,691.51114
2016,07,29,3,691.15016
2016,07,29,4,690.64196
2016,07,29,5,690.46106
2016,07,29,6,690.28248
2016,07,29,7,690.22437
2016,07,30,0,690.18419
2016,07,30,1,690.09569
2016,07,30,2,690.02828
2016,07,30,3,690.18587
2016,07,30,4,690.12492
2016,07,30,5,690.01123
2016,07,30,6,690.88382
2016,07,30,7,691.88602
2016,07,1,0,692.78779
2016,07,1,1,693.20684
2016,07,1,2,694.55545
2016,07,1,3,696.19598
2016,07,1,4,696.75866
2016,07,1,5,696.93422
2016,07,1,6,697.88173
2016,07,1,7,698.84224
2016,07,2,0,699.38113
2016,07,2,1,699.63686
2016,07,2,2,699.59823
2016,07,2,3,699.36147
2016,07,2,4,699.05834
2016,07,2,5,698.65639
2016,07,2,6,698.60748
2016,07,2,7,698.54422
2016,07,3,0,698.33712
2016,07,3,1,698.03596
2016,07,3,2,698.15964
2016,07,3,3,698.27565
2016,07,3,4,698.26819
2016,07,3,5,698.23556
2016,07,3,6,698.15658
2016,07,3,7,697.97103
2016,07,4,0,698.35039
2016,07,4,1,698.23904
2016,07,4,2,698.26425
2016,07,4,3,698.00442
2016,07,4,4,697.67371
2016,07,4,5,697.23889
2016,07,4,6,697.10784
2016,07,4,7,697.33869
2016,07,5,0,697.5065
2016,07,5,1,697.44539
2016,07,5,2,697.61341
2016,07,5,3,697.77645
2016,07,5,4,697.95766
2016,07,5,5,697.9987
2016,07,5,6,698.03836
2016,07,5,7,697.92629
2016,07,6,0,697.94955
2016,07,6,1,698.0741
2016,07,6,2,698.21627
2016,07,6,3,698.08509
2016,07,6,4,697.91278
2016,07,6,5,697.94911
2016,07,6,6,697.7573
2016,07,6,7,697.58106
2016,07,7,0,697.16486
2016,07,7,1,696.55021
2016,07,7,2,696.58272
2016,07,7,3,696.1656
2016,07,7,4,695.44841
2016,07,7,5,694.79404
2016,07,7,6,694.76099
2016,07,7,7,694.89373
2016,07,8,0,694.54423
2016,07,8,1,694.30234
2016,07,8,2,694.38173
2016,07,8,3,694.50281
2016,07,8,4,694.36027
2016,07,8,5,694.15729
2016,07,8,6,694.35102
2016,07,8,7,694.56622
2016,07,9,0,694.82813
2016,07,9,1,694.71814
2016,07,9,2,695.06428
2016,07,9,3,695.62893
2016,07,9,4,695.58593
2016,07,9,5,695.45457
2016,07,9,6,695.46461
2016,07,9,7,695.68499
2016,07,10,0,695.57561
2016,07,10,1,695.30936
2016,07,10,2,695.23713
2016,07,10,3,695.01912
2016,07,10,4,695.25615
2016,07,10,5,695.29381
2016,07,10,6,695.22872
2016,07,10,7,695.31895
2016,07,11,0,695.27126
2016,07,11,1,694.7167
2016,07,11,2,694.34093
2016,07,11,3,694.07445
2016,07,11,4,693.80383
2016,07,11,5,693.56905
2016,07,11,6,693.58904
2016,07,11,7,693.78426
2016,07,12,0,694.00156
2016,07,12,1,693.82307
2016,07,12,2,694.07402
2016,07,12,3,694.53628
2016,07,12,4,694.85034
2016,07,12,5,695.23766
2016,07,12,6,696.19508
2016,07,12,7,697.20716
2016,07,13,0,697.7935
2016,07,13,1,698.10997
2016,07,13,2,698.91116
2016,07,13,3,699.5237
2016,07,13,4,699.88176
2016,07,13,5,699.64168
2016,07,13,6,699.9028
2016,07,13,7,700.28506
2016,07,14,0,700.10223
2016,07,14,1,699.87415
2016,07,14,2,699.57786
2016,07,14,3,699.22537
2016,07,14,4,698.49662
2016,07,14,5,697.9631
2016,07,14,6,697.55896
2016,07,14,7,697.40785
2016,07,15,0,697.08068
2016,07,15,1,696.51368
2016,07,15,2,696.50858
2016,07,15,3,696.61963
2016,07,15,4,696.76755
2016,07,15,5,696.91972
2016,07,15,6,697.5549
2016,07,15,7,698.44486
2016,07,16,0,699.29094
2016,07,16,1,699.9296
2016,07,16,2,700.81311
2016,07,16,3,701.64808
2016,07,16,4,701.90885
2016,07,16,5,702.20213
2016,07,16,6,702.71956
2016,07,16,7,703.15832
2016,07,17,0,703.69148
2016,07,17,1,704.01724
2016,07,17,2,704.15501
2016,07,17,3,704.29095
2016,07,17,4,704.16774
2016,07,17,5,703.70375
2016,07,17,6,703.82282
2016,07,17,7,703.9495
2016,07,18,0,703.93265
2016,07,18,1,703.65056
2016,07,18,2,703.51623
2016,07,18,3,703.00279
2016,07,18,4,702.90535
2016,07,18,5,702.96298
2016,07,18,6,702.84152
2016,07,18,7,702.73743
2016,07,19,0,702.36927
2016,07,19,1,701.9164
2016,07,19,2,701.92542
2016,07,19,3,701.87488
2016,07,19,4,701.63206
2016,07,19,5,701.40827
2016,07,19,6,701.54438
2016,07,19,7,701.65424
2016,07,20,0,701.37535
2016,07,20,1,701.25668
2016,07,20,2,701.91487
2016,07,20,3,702.57867
2016,07,20,4,702.48701
2016,07,20,5,701.8037
2016,07,20,6,701.75011
2016,07,20,7,701.8
2016,07,21,0,701.90367
2016,07,21,1,701.72066
2016,07,21,2,701.7214
2016,07,21,3,701.27965
2016,07,21,4,700.667
2016,07,21,5,700.09911
2016,07,21,6,699.68651
2016,07,21,7,699.63994
2016,07,22,0,699.8474
2016,07,22,1,699.74663
2016,07,22,2,699.76061
2016,07,22,3,700.37689
2016,07,22,4,701.14156
2016,07,22,5,701.77793
2016,07,22,6,701.94799
2016,07,22,7,702.11323
2016,07,23,0,702.71041
2016,07,23,1,702.68584
2016,07,23,2,702.74804
2016,07,23,3,702.97611
2016,07,23,4,702.75892
2016,07,23,5,702.16952
2016,07,23,6,701.78564
2016,07,23,7,701.27227
2016,07,24,0,700.71524
2016,07,24,1,700.27394
2016,07,24,2,699.86042
2016,07,24,3,699.64143
2016,07,24,4,699.58661
2016,07,24,5,699.30642
2016,07,24,6,699.5849
2016,07,24,7,699.88082
2016,07,25,0,699.70049
2016,07,25,1,699.52753
2016,07,25,2,699.40569
2016,07,25,3,698.93759
2016,07,25,4,698.64994
2016,07,25,5,698.26045
2016,07,25,6,698.32142
2016,07,25,7,698.53408
2016,07,26,0,698.54508
2016,07,26,1,698.33379
2016,07,26,2,698.05403
2016,07,26,3,697.82378
2016,07,26,4,698.02821
2016,07,26,5,698.0536
2016,07,26,6,698.25238
2016,07,26,7,698.28948
2016,07,27,0,698.34781
2016,07,27,1,697.9727
2016,07,27,2,697.49962
2016,07,27,3,696.89694
2016,07,27,4,696.66406
2016,07,27,5,696.57371
2016,07,27,6,696.53222
2016,07,27,7,696.42513
2016,07,28,0,695.921
2016,07,28,1,695.1679
2016,07,28,2,695.17458
2016,07,28,3,695.18214
2016,07,28,4,695.0825
2016,07,28,5,694.83249
2016,07,28,6,694.83974
2016,07,28,7,694.63087
2016,07,29,0,695.07173
2016,07,29,1,695.31925
2016,07,29,2,695.18927
2016,07,29,3,695.10088
2016,07,29,4,695.54129
2016,07,29,5,695.47301
2016,07,29,6,695.39814
2016,07,29,7,695.26081
2016,07,30,0,695.33159
2016,07,30,1,695.25607
2016,07,30,2,695.46198
2016,07,30,3,695.69215
2016,07,30,4,695.83623
2016,07,30,5,695.92561
2016,07,30,6,696.1043
2016,07,30,7,696.25388
2016,07,31,0,696.65297
2016,07,31,1,696.64043
2016,07,31,2,696.7742
2016,07,31,3,696.68074
2016,07,31,4,696.83699
2016,07,31,5,696.85942
2016,07,31,6,697.09582
2016,07,31,7,697.46167
2017,07,1,0,697.89272
2017,07,1,1,697.6445
2017,07,1,2,697.781
2017,07,1,3,698.02655
2017,07,1,4,698.44678
2017,07,1,5,698.78248
2017,07,1,6,699.1817
2017,07,1,7,699.67938
2017,07,2,0,700.29834
2017,07,2,1,700.44925
2017,07,2,2,700.34093
2017,07,2,3,700.66554
2017,07,2,4,700.81499
2017,07,2,5,700.69547
2017,07,2,6,700.80785
2017,07,2,7,700.96257
2017,07,3,0,700.6421
2017,07,3,1,700.02539
2017,07,3,2,699.86495
2017,07,3,3,700.03205
2017,07,3,4,699.95381
2017,07,3,5,699.64171
2017,07,3,6,699.82277
2017,07,3,7,700.50179
2017,07,4,0,701.07368
2017,07,4,1,701.11359
2017,07,4,2,701.6613
2017,07,4,3,702.65569
2017,07,4,4,702.96321
2017,07,4,5,702.91635
2017,07,4,6,702.79267
2017,07,4,7,702.74472
2017,07,5,0,702.69613
2017,07,5,1,702.26934
2017,07,5,2,701.52203
2017,07,5,3,700.57559
2017,07,5,4,699.73874
2017,07,5,5,698.99546
2017,07,5,6,697.55239
2017,07,5,7,696.47646
2017,07,6,0,696.15099
2017,07,6,1,695.38006
2017,07,6,2,694.46887
2017,07,6,3,693.97173
2017,07,6,4,693.96534
2017,07,6,5,694.24347
2017,07,6,6,694.6797
2017,07,6,7,695.24114
2017,07,7,0,695.87005
2017,07,7,1,696.25765
2017,07,7,2,696.96532
2017,07,7,3,697.67092
2017,07,7,4,698.09474
2017,07,7,5,698.20533
2017,07,7,6,698.64994
2017,07,7,7,699.19746
2017,07,8,0,699.19599
2017,07,8,1,698.83623
2017,07,8,2,698.64567
2017,07,8,3,698.69824
2017,07,8,4,698.90317
2017,07,8,5,698.95196
2017,07,8,6,699.72326
2017,07,8,7,700.54956
2017,07,9,0,700.82745
2017,07,9,1,700.89076
2017,07,9,2,701.07976
2017,07,9,3,701.46881
2017,07,9,4,702.06166
2017,07,9,5,702.25545
2017,07,9,6,702.45008
2017,07,9,7,702.88716
2017,07,10,0,702.38936
2017,07,10,1,701.78725
2017,07,10,2,702.01062
2017,07,10,3,701.82795
2017,07,10,4,701.78991
2017,07,10,5,701.58248
2017,07,10,6,701.90926
2017,07,10,7,702.53205
2017,07,11,0,702.63879
2017,07,11,1,702.61871
2017,07,11,2,703.06478
2017,07,11,3,703.48242
2017,07,11,4,704.07317
2017,07,11,5,704.19439
2017,07,11,6,703.89039
2017,07,11,7,703.70904
2017,07,12,0,703.71067
2017,07,12,1,703.45485
2017,07,12,2,703.30994
2017,07,12,3,703.01601
2017,07,12,4,702.93551
2017,07,12,5,702.76819
2017,07,12,6,702.998
2017,07,12,7,703.09779
2017,07,13,0,703.41176
2017,07,13,1,703.88307
2017,07,13,2,704.09841
2017,07,13,3,704.42885
2017,07,13,4,709.55492
2017,07,13,5,709.81685
2017,07,13,6,709.84498
2017,07,13,7,709.68166
2017,07,14,0,709.82735
2017,07,14,1,710.09482
2017,07,14,2,709.75559
2017,07,14,3,709.58661
2017,07,14,4,709.85136
2017,07,14,5,709.4755
2017,07,14,6,705.20965
2017,07,14,7,705.11694
2017,07,15,0,704.76206
2017,07,15,1,703.79689
2017,07,15,2,703.0348
2017,07,15,3,702.16587
2017,07,15,4,701.74964
2017,07,15,5,701.08714
2017,07,15,6,700.08276
2017,07,15,7,699.41733
2017,07,16,0,699.58138
2017,07,16,1,699.61547
2017,07,16,2,699.75515
2017,07,16,3,700.04992
2017,07,16,4,701.01006
2017,07,16,5,701.5639
2017,07,16,6,702.23771
2017,07,16,7,703.07544
2017,07,17,0,703.75745
2017,07,17,1,703.53513
2017,07,17,2,703.15572
2017,07,17,3,703.02219
2017,07,17,4,703.50621
2017,07,17,5,703.49339
2017,07,17,6,703.05891
2017,07,17,7,702.76725
2017,07,18,0,702.51851
2017,07,18,1,701.89101
2017,07,18,2,701.51367
2017,07,18,3,701.44632
2017,07,18,4,701.85972
2017,07,18,5,701.83446
2017,07,18,6,702.0397
2017,07,18,7,702.54806
2017,07,19,0,702.67746
2017,07,19,1,702.48936
2017,07,19,2,702.76585
2017,07,19,3,703.20202
2017,07,19,4,708.77289
2017,07,19,5,708.84061
2017,07,19,6,709.07512
2017,07,19,7,709.44176
2017,07,20,0,709.52125
2017,07,20,1,708.94188
2017,07,20,2,709.09146
2017,07,20,3,709.37967
2017,07,20,4,709.31912
2017,07,20,5,708.99193
2017,07,20,6,703.20247
2017,07,20,7,702.78394
2017,07,21,0,701.95398
2017,07,21,1,700.91384
2017,07,21,2,699.85411
2017,07,21,3,698.85516
2017,07,21,4,697.89929
2017,07,21,5,696.87558
2017,07,21,6,695.97907
2017,07,21,7,695.13122
2017,07,22,0,694.44116
2017,07,22,1,693.91227
2017,07,22,2,693.71438
2017,07,22,3,693.94928
2017,07,22,4,694.5816
2017,07,22,5,695.14883
2017,07,22,6,695.79999
2017,07,22,7,696.83309
2017,07,23,0,697.8776
2017,07,23,1,698.66192
2017,07,23,2,699.72761
2017,07,23,3,700.53559
2017,07,23,4,701.1504
2017,07,23,5,701.45068
2017,07,23,6,701.32525
2017,07,23,7,701.38967
2017,07,24,0,701.89706
2017,07,24,1,702.04139
2017,07,24,2,701.47592
2017,07,24,3,701.05594
2017,07,24,4,700.62959
2017,07,24,5,700.02204
2017,07,24,6,699.46973
2017,07,24,7,699.01625
2017,07,25,0,698.38621
2017,07,25,1,697.39677
2017,07,25,2,696.93566
2017,07,25,3,696.57605
2017,07,25,4,696.41213
2017,07,25,5,696.24198
2017,07,25,6,695.96111
2017,07,25,7,695.55853
2017,07,26,0,695.42743
2017,07,26,1,695.20498
2017,07,26,2,695.27037
2017,07,26,3,695.428
2017,07,26,4,695.73698
2017,07,26,5,695.91736
2017,07,26,6,695.98538
2017,07,26,7,696.43277
2017,07,27,0,697.21905
2017,07,27,1,697.72106
2017,07,27,2,698.12008
2017,07,27,3,698.39439
2017,07,27,4,698.56413
2017,07,27,5,698.42655
2017,07,27,6,697.96589
2017,07,27,7,697.60986
2017,07,28,0,697.18206
2017,07,28,1,696.42094
2017,07,28,2,695.92678
2017,07,28,3,695.08326
2017,07,28,4,693.81172
2017,07,28,5,692.63489
2017,07,28,6,691.86589
2017,07,28,7,691.32856
2017,07,29,0,691.17255
2017,07,29,1,690.86057
2017,07,29,2,690.48386
2017,07,29,3,689.89458
2017,07,29,4,689.61829
2017,07,29,5,689.12025
2017,07,29,6,689.4368
2017,07,29,7,690.00644
2017,07,30,0,690.40638
2017,07,30,1,690.84622
2017,07,30,2,691.77692
2017,07,30,3,692.53521
2017,07,30,4,693.05786
2017,07,30,5,693.58138
2017,07,30,6,694.37919
2017,07,30,7,695.1443
2017,07,31,0,695.92213
2017,07,31,1,696.13676
2017,07,31,2,696.64457
2017,07,31,3,697.10848
2017,07,31,4,697.13793
2017,07,31,5,697.13038
2017,07,31,6,697.08945
2017,07,31,7,697.2649
2017,07,1,0,696.85814
2017,07,1,1,696.30353
2017,07,1,2,696.38318
2017,07,1,3,696.30884
2017,07,1,4,695.86342
2017,07,1,5,695.69031
2017,07,1,6,695.86536
2017,07,1,7,696.12088
2017,07,2,0,696.11565
2017,07,2,1,695.99943
2017,07,2,2,696.43508
2017,07,2,3,696.83565
2017,07,2,4,696.95887
2017,07,2,5,696.95854
2017,07,2,6,697.36987
2017,07,2,7,697.75722
2017,07,3,0,697.85468
2017,07,3,1,697.78863
2017,07,3,2,698.32463
2017,07,3,3,698.57443
2017,07,3,4,698.70394
2017,07,3,5,699.24636
2017,07,3,6,699.80911
2017,07,3,7,700.40713
2017,07,4,0,701.0063
2017,07,4,1,701.44842
2017,07,4,2,702.03967
2017,07,4,3,702.41361
2017,07,4,4,702.3533
2017,07,4,5,701.99892
2017,07,4,6,701.78846
2017,07,4,7,701.69762
2017,07,5,0,701.51295
2017,07,5,1,701.04935
2017,07,5,2,700.1428
2017,07,5,3,699.3139
2017,07,5,4,698.23987
2017,07,5,5,696.80199
2017,07,5,6,695.82448
2017,07,5,7,695.19996
2017,07,6,0,695.0511
2017,07,6,1,695.01933
2017,07,6,2,694.84959
2017,07,6,3,694.85412
2017,07,6,4,695.08088
2017,07,6,5,695.2601
2017,07,6,6,695.437
2017,07,6,7,695.76745
2017,07,7,0,696.77367
2017,07,7,1,697.42135
2017,07,7,2,697.13742
2017,07,7,3,696.5719
2017,07,7,4,696.66005
2017,07,7,5,696.61226
2017,07,7,6,695.72451
2017,07,7,7,694.42447
2017,07,8,0,693.46668
2017,07,8,1,692.44212
2017,07,8,2,691.29749
2017,07,8,3,690.93159
2017,07,8,4,690.83851
2017,07,8,5,690.33203
2017,07,8,6,690.14199
2017,07,8,7,690.32974
2017,07,9,0,691.00266
2017,07,9,1,691.63478
2017,07,9,2,692.19744
2017,07,9,3,692.65401
2017,07,9,4,693.27596
2017,07,9,5,693.97063
2017,07,9,6,694.59129
2017,07,9,7,695.25031
2017,07,10,0,695.4387
2017,07,10,1,694.89581
2017,07,10,2,694.96917
2017,07,10,3,694.82284
2017,07,10,4,694.39359
2017,07,10,5,693.61952
2017,07,10,6,693.52156
2017,07,10,7,693.79183
2017,07,11,0,693.32003
2017,07,11,1,692.55302
2017,07,11,2,692.20046
2017,07,11,3,691.887
2017,07,11,4,691.49351
2017,07,11,5,691.23034
2017,07,11,6,691.24987
2017,07,11,7,691.31398
2017,07,12,0,691.2163
2017,07,12,1,690.96927
2017,07,12,2,691.27484
2017,07,12,3,691.68659
2017,07,12,4,691.71696
2017,07,12,5,691.51224
2017,07,12,6,692.14979
2017,07,12,7,692.81882
2017,07,13,0,693.16267
2017,07,13,1,693.45032
2017,07,13,2,694.08607
2017,07,13,3,694.64354
2017,07,13,4,694.79733
2017,07,13,5,694.57009
2017,07,13,6,694.25605
2017,07,13,7,693.82101
2017,07,14,0,693.95164
2017,07,14,1,693.61478
2017,07,14,2,693.06722
2017,07,14,3,692.28313
2017,07,14,4,691.73268
2017,07,14,5,690.81013
2017,07,14,6,689.50168
2017,07,14,7,688.50939
2017,07,15,0,687.59048
2017,07,15,1,687.0833
2017,07,15,2,687.20145
2017,07,15,3,687.17331
2017,07,15,4,687.51551
2017,07,15,5,687.85886
2017,07,15,6,688.42136
2017,07,15,7,689.39452
2017,07,16,0,690.58091
2017,07,16,1,690.72228
2017,07,16,2,691.71197
2017,07,16,3,692.74536
2017,07,16,4,693.42682
2017,07,16,5,693.36309
2017,07,16,6,693.41526
2017,07,16,7,693.4001
2017,07,17,0,692.96969
2017,07,17,1,692.17442
2017,07,17,2,691.76549
2017,07,17,3,691.36351
2017,07,17,4,690.52019
2017,07,17,5,690.02482
2017,07,17,6,690.04308
2017,07,17,7,689.83818
2017,07,18,0,689.64897
2017,07,18,1,689.28753
2017,07,18,2,689.85763
2017,07,18,3,690.30323
2017,07,18,4,689.82939
2017,07,18,5,689.53194
2017,07,18,6,689.5413
2017,07,18,7,689.21481
2017,07,19,0,688.80502
2017,07,19,1,688.30643
2017,07,19,2,687.54334
2017,07,19,3,686.67194
2017,07,19,4,686.29192
2017,07,19,5,686.01788
2017,07,19,6,686.01917
2017,07,19,7,686.11944
2017,07,20,0,686.00051
2017,07,20,1,685.90349
2017,07,20,2,686.27946
2017,07,20,3,686.7865
2017,07,20,4,687.38242
2017,07,20,5,687.83152
2017,07,20,6,688.32502
2017,07,20,7,689.00517
2017,07,21,0,690.31554
2017,07,21,1,691.27224
2017,07,21,2,692.04039
2017,07,21,3,693.0534
2017,07,21,4,694.4448
2017,07,21,5,695.72117
2017,07,21,6,696.84529
2017,07,21,7,698.16869
2017,07,22,0,699.6032
2017,07,22,1,700.43928
2017,07,22,2,701.21278
2017,07,22,3,701.8344
2017,07,22,4,702.10407
2017,07,22,5,702.08983
2017,07,22,6,702.16926
2017,07,22,7,702.32435
2017,07,23,0,701.6025
2017,07,23,1,700.59212
2017,07,23,2,699.56674
2017,07,23,3,698.54399
2017,07,23,4,697.58107
2017,07,23,5,696.7013
2017,07,23,6,696.0411
2017,07,23,7,695.31271
2017,07,24,0,694.72492
2017,07,24,1,693.80678
2017,07,24,2,693.06606
2017,07,24,3,692.49762
2017,07,24,4,691.96686
2017,07,24,5,691.16435
2017,07,24,6,690.44129
2017,07,24,7,689.71003
2017,07,25,0,688.92988
2017,07,25,1,688.17398
2017,07,25,2,688.20952
2017,07,25,3,688.07903
2017,07,25,4,688.05569
2017,07,25,5,688.26491
2017,07,25,6,688.71715
2017,07,25,7,689.06576
2017,07,26,0,689.821
2017,07,26,1,690.3925
2017,07,26,2,690.6803
2017,07,26,3,690.79628
2017,07,26,4,691.33622
2017,07,26,5,691.73252
2017,07,26,6,692.19668
2017,07,26,7,692.72739
2017,07,27,0,693.53277
2017,07,27,1,693.84402
2017,07,27,2,693.66246
2017,07,27,3,693.72798
2017,07,27,4,694.97071
2017,07,27,5,695.54563
2017,07,27,6,695.60343
2017,07,27,7,696.26388
2017,07,28,0,697.41721
2017,07,28,1,697.83755
2017,07,28,2,698.68356
2017,07,28,3,699.42722
2017,07,28,4,699.70595
2017,07,28,5,699.62169
2017,07,28,6,699.71825
2017,07,28,7,699.75977
2017,07,1,0,700.03197
2017,07,1,1,700.1244
2017,07,1,2,700.5356
2017,07,1,3,700.8785
2017,07,1,4,700.38321
2017,07,1,5,699.46798
2017,07,1,6,698.38187
2017,07,1,7,696.97621
2017,07,2,0,696.52162
2017,07,2,1,696.21182
2017,07,2,2,696.63304
2017,07,2,3,697.34297
2017,07,2,4,697.71782
2017,07,2,5,698.56409
2017,07,2,6,699.76285
2017,07,2,7,701.10785
2017,07,3,0,702.2563
2017,07,3,1,702.75138
2017,07,3,2,703.56684
2017,07,3,3,709.85052
2017,07,3,4,710.55302
2017,07,3,5,711.16931
2017,07,3,6,711.75115
2017,07,3,7,712.19249
2017,07,4,0,712.34125
2017,07,4,1,712.15601
2017,07,4,2,712.30432
2017,07,4,3,712.4319
2017,07,4,4,712.81179
2017,07,4,5,713.00591
2017,07,4,6,713.15369
2017,07,4,7,713.46859
2017,07,5,0,713.58891
2017,07,5,1,712.92491
2017,07,5,2,712.57574
2017,07,5,3,711.98373
2017,07,5,4,711.60374
2017,07,5,5,710.97226
2017,07,5,6,710.01262
2017,07,5,7,709.33832
2017,07,6,0,703.71104
2017,07,6,1,703.16731
2017,07,6,2,702.47455
2017,07,6,3,701.81272
2017,07,6,4,701.26285
2017,07,6,5,700.73076
2017,07,6,6,700.03117
2017,07,6,7,699.09798
2017,07,7,0,698.55353
2017,07,7,1,698.14868
2017,07,7,2,696.94441
2017,07,7,3,695.83774
2017,07,7,4,695.08484
2017,07,7,5,694.30217
2017,07,7,6,692.8747
2017,07,7,7,691.93149
2017,07,8,0,691.24883
2017,07,8,1,690.50627
2017,07,8,2,690.35374
2017,07,8,3,690.04591
2017,07,8,4,689.24203
2017,07,8,5,688.53898
2017,07,8,6,687.65041
2017,07,8,7,687.08299
2017,07,9,0,686.70525
2017,07,9,1,686.19409
2017,07,9,2,685.38512
2017,07,9,3,684.94963
2017,07,9,4,684.83278
2017,07,9,5,684.74409
2017,07,9,6,684.56059
2017,07,9,7,684.56528
2017,07,10,0,684.5166
2017,07,10,1,684.19607
2017,07,10,2,684.15843
2017,07,10,3,684.49774
2017,07,10,4,684.67123
2017,07,10,5,684.79089
2017,07,10,6,684.6007
2017,07,10,7,684.47356
2017,07,11,0,684.84498
2017,07,11,1,684.8792
2017,07,11,2,685.0014
2017,07,11,3,685.05514
2017,07,11,4,684.92237
2017,07,11,5,684.72517
2017,07,11,6,685.00456
2017,07,11,7,685.71215
2017,07,12,0,685.8928
2017,07,12,1,685.61128
2017,07,12,2,685.94337
2017,07,12,3,686.25775
2017,07,12,4,686.26224
2017,07,12,5,686.18641
2017,07,12,6,686.52379
2017,07,12,7,686.8835
2017,07,13,0,687.53687
2017,07,13,1,688.01397
2017,07,13,2,688.49157
2017,07,13,3,689.0189
2017,07,13,4,689.31998
2017,07,13,5,689.36748
2017,07,13,6,689.69757
2017,07,13,7,689.82694
2017,07,14,0,690.12529
2017,07,14,1,690.23855
2017,07,14,2,690.16855
2017,07,14,3,689.87786
2017,07,14,4,690.01734
2017,07,14,5,689.94867
2017,07,14,6,689.57813
2017,07,14,7,689.30192
2017,07,15,0,689.44937
2017,07,15,1,689.14382
2017,07,15,2,688.89025
2017,07,15,3,688.59956
2017,07,15,4,688.61667
2017,07,15,5,688.57479
2017,07,15,6,688.74281
2017,07,15,7,688.59835
2017,07,16,0,688.29371
2017,07,16,1,688.0652
2017,07,16,2,687.7664
2017,07,16,3,687.77714
2017,07,16,4,687.9042
2017,07,16,5,687.63121
2017,07,16,6,686.68544
2017,07,16,7,686.42307
2017,07,17,0,687.29333
2017,07,17,1,687.10518
2017,07,17,2,686.65333
2017,07,17,3,686.55721
2017,07,17,4,686.36715
2017,07,17,5,686.20561
2017,07,17,6,686.3579
2017,07,17,7,686.28224
2017,07,18,0,686.92149
2017,07,18,1,686.91235
2017,07,18,2,686.68002
2017,07,18,3,686.70478
2017,07,18,4,686.977
2017,07,18,5,686.8543
2017,07,18,6,687.21478
2017,07,18,7,687.63786
2017,07,19,0,688.12958
2017,07,19,1,688.10832
2017,07,19,2,688.81473
2017,07,19,3,689.64089
2017,07,19,4,690.2475
2017,07,19,5,690.96995
2017,07,19,6,691.48285
2017,07,19,7,692.30855
2017,07,20,0,693.27482
2017,07,20,1,693.84249
2017,07,20,2,694.15193
2017,07,20,3,694.40613
2017,07,20,4,694.15866
2017,07,20,5,694.02046
2017,07,20,6,694.15038
2017,07,20,7,694.05059
2017,07,21,0,694.27084
2017,07,21,1,694.06036
2017,07,21,2,693.89352
2017,07,21,3,693.97149
2017,07,21,4,694.20464
2017,07,21,5,694.18823
2017,07,21,6,694.06617
2017,07,21,7,694.33732
2017,07,22,0,694.51482
2017,07,22,1,694.68491
2017,07,22,2,694.75575
2017,07,22,3,694.70804
2017,07,22,4,694.54207
2017,07,22,5,694.14976
2017,07,22,6,693.82987
2017,07,22,7,693.45333
2017,07,23,0,692.59859
2017,07,23,1,691.86665
2017,07,23,2,691.96644
2017,07,23,3,691.98783
2017,07,23,4,691.76224
2017,07,23,5,691.6064
2017,07,23,6,691.23247
2017,07,23,7,691.13068
2017,07,24,0,690.32747
2017,07,24,1,689.66246
2017,07,24,2,690.01968
2017,07,24,3,689.9321
2017,07,24,4,689.63774
2017,07,24,5,689.39163
2017,07,24,6,689.31203
2017,07,24,7,689.25384
2017,07,25,0,689.23605
2017,07,25,1,689.45758
2017,07,25,2,689.52577
2017,07,25,3,689.49351
2017,07,25,4,688.89041
2017,07,25,5,688.41724
2017,07,25,6,688.20121
2017,07,25,7,688.04845
2017,07,26,0,687.76128
2017,07,26,1,687.45163
2017,07,26,2,687.93401
2017,07,26,3,687.95552
2017,07,26,4,687.91326
2017,07,26,5,687.71565
2017,07,26,6,687.53115
2017,07,26,7,687.50916
2017,07,27,0,687.55489
2017,07,27,1,687.37206
2017,07,27,2,687.65165
2017,07,27,3,687.72965
2017,07,27,4,687.80773
2017,07,27,5,687.92082
2017,07,27,6,687.46501
2017,07,27,7,687.40952
2017,07,28,0,687.7339
2017,07,28,1,687.67165
2017,07,28,2,687.7532
2017,07,28,3,687.77798
2017,07,28,4,687.85195
2017,07,28,5,688.03923
2017,07,28,6,688.01491
2017,07,28,7,687.87486
2017,07,29,0,688.20979
2017,07,29,1,688.00712
2017,07,29,2,687.63731
2017,07,29,3,687.22024
2017,07,29,4,686.71667
2017,07,29,5,686.15934
2017,07,29,6,685.45908
2017,07,29,7,684.80497
2017,07,30,0,683.98026
2017,07,30,1,682.70088
2017,07,30,2,682.20022
2017,07,30,3,681.7286
2017,07,30,4,681.28854
2017,07,30,5,681.12177
2017,07,30,6,680.63183
2017,07,30,7,680.22839
2017,07,31,0,680.21333
2017,07,31,1,679.72945
2017,07,31,2,679.57285
2017,07,31,3,679.62154
2017,07,31,4,679.23226
2017,07,31,5,678.72728
2017,07,31,6,678.89393
2017,07,31,7,679.10373
2017,07,1,0,679.34427
2017,07,1,1,679.566
2017,07,1,2,680.31635
2017,07,1,3,681.49571
2017,07,1,4,682.45294
2017,07,1,5,683.12301
2017,07,1,6,683.47318
2017,07,1,7,683.73529
2017,07,2,0,684.67073
2017,07,2,1,685.02069
2017,07,2,2,685.39149
2017,07,2,3,685.88257
2017,07,2,4,685.9661
2017,07,2,5,686.03967
2017,07,2,6,685.35776
2017,07,2,7,684.8002
2017,07,3,0,685.23869
2017,07,3,1,685.02211
2017,07,3,2,684.79091
2017,07,3,3,685.2783
2017,07,3,4,684.82149
2017,07,3,5,684.45887
2017,07,3,6,684.93774
2017,07,3,7,685.01395
2017,07,4,0,686.05722
2017,07,4,1,686.5044
2017,07,4,2,686.11817
2017,07,4,3,685.7903
2017,07,4,4,685.72673
2017,07,4,5,684.99766
2017,07,4,6,684.39628
2017,07,4,7,683.34009
2017,07,5,0,683.89158
2017,07,5,1,684.71178
2017,07,5,2,685.5347
2017,07,5,3,686.22681
2017,07,5,4,686.11299
2017,07,5,5,685.01067
2017,07,5,6,684.67966
2017,07,5,7,685.08869
2017,07,6,0,685.53459
2017,07,6,1,685.94873
2017,07,6,2,686.60068
2017,07,6,3,687.26269
2017,07,6,4,687.46649
2017,07,6,5,687.26596
2017,07,6,6,687.91301
2017,07,6,7,688.43839
2017,07,7,0,688.58065
2017,07,7,1,688.44152
2017,07,7,2,688.78912
2017,07,7,3,689.05195
2017,07,7,4,688.94467
2017,07,7,5,688.58213
2017,07,7,6,688.03408
2017,07,7,7,687.82678
2017,07,8,0,687.92849
2017,07,8,1,687.66006
2017,07,8,2,687.16085
2017,07,8,3,686.81603
2017,07,8,4,686.59549
2017,07,8,5,686.39783
2017,07,8,6,686.02252
2017,07,8,7,685.63446
2017,07,9,0,685.24309
2017,07,9,1,684.66513
2017,07,9,2,684.34893
2017,07,9,3,684.22399
2017,07,9,4,683.51809
2017,07,9,5,682.96371
2017,07,9,6,682.76344
2017,07,9,7,682.30078
2017,07,10,0,681.69863
2017,07,10,1,681.05319
2017,07,10,2,680.30709
2017,07,10,3,679.63258
2017,07,10,4,678.50751
2017,07,10,5,677.60771
2017,07,10,6,677.55862
2017,07,10,7,677.65974
2017,07,11,0,677.68727
2017,07,11,1,677.84465
2017,07,11,2,678.09351
2017,07,11,3,678.70227
2017,07,11,4,679.40316
2017,07,11,5,679.72114
2017,07,11,6,680.49643
2017,07,11,7,681.21943
2017,07,12,0,681.62241
2017,07,12,1,681.7917
2017,07,12,2,682.20773
2017,07,12,3,682.56176
2017,07,12,4,683.05175
2017,07,12,5,683.65529
2017,07,12,6,683.9257
2017,07,12,7,684.2022
2017,07,13,0,684.54228
2017,07,13,1,684.90813
2017,07,13,2,685.18941
2017,07,13,3,685.07985
2017,07,13,4,685.73074
2017,07,13,5,686.28973
2017,07,13,6,686.77251
2017,07,13,7,686.96019
2017,07,14,0,687.06524
2017,07,14,1,686.65454
2017,07,14,2,685.79442
2017,07,14,3,685.14756
2017,07,14,4,684.39051
2017,07,14,5,683.51629
2017,07,14,6,682.81093
2017,07,14,7,682.12891
2017,07,15,0,681.68947
2017,07,15,1,681.1732
2017,07,15,2,681.01681
2017,07,15,3,680.68128
2017,07,15,4,680.601
2017,07,15,5,680.83841
2017,07,15,6,681.11513
2017,07,15,7,681.18357
2017,07,16,0,681.24773
2017,07,16,1,680.90042
2017,07,16,2,680.83397
2017,07,16,3,680.40152
2017,07,16,4,680.195
2017,07,16,5,680.12425
2017,07,16,6,679.8965
2017,07,16,7,680.11405
2017,07,17,0,681.09092
2017,07,17,1,682.04687
2017,07,17,2,683.03876
2017,07,17,3,683.92498
2017,07,17,4,684.51006
2017,07,17,5,684.88485
2017,07,17,6,685.68089
2017,07,17,7,686.44084
2017,07,18,0,686.72004
2017,07,18,1,686.56149
2017,07,18,2,686.97602
2017,07,18,3,687.11273
2017,07,18,4,687.12465
2017,07,18,5,687.00063
2017,07,18,6,687.33724
2017,07,18,7,687.76497
2017,07,19,0,688.41147
2017,07,19,1,688.7447
2017,07,19,2,689.03348
2017,07,19,3,689.38294
2017,07,19,4,689.22933
2017,07,19,5,688.86648
2017,07,19,6,688.52563
2017,07,19,7,688.26427
2017,07,20,0,688.28518
2017,07,20,1,687.73339
2017,07,20,2,687.51587
2017,07,20,3,687.75271
2017,07,20,4,687.08384
2017,07,20,5,686.57423
2017,07,20,6,686.37245
2017,07,20,7,686.832
2017,07,21,0,687.02463
2017,07,21,1,687.02231
2017,07,21,2,687.90683
2017,07,21,3,689.04758
2017,07,21,4,689.06459
2017,07,21,5,688.62404
2017,07,21,6,688.48599
2017,07,21,7,688.22083
2017,07,22,0,687.90079
2017,07,22,1,687.08342
2017,07,22,2,686.41661
2017,07,22,3,685.73407
2017,07,22,4,684.80968
2017,07,22,5,683.82361
2017,07,22,6,683.26047
2017,07,22,7,682.95485
2017,07,23,0,682.45158
2017,07,23,1,681.92346
2017,07,23,2,681.72729
2017,07,23,3,682.00754
2017,07,23,4,682.40548
2017,07,23,5,682.81099
2017,07,23,6,683.44897
2017,07,23,7,684.40771
2017,07,24,0,685.35742
2017,07,24,1,686.09162
2017,07,24,2,687.2361
2017,07,24,3,688.91756
2017,07,24,4,689.59286
2017,07,24,5,690.2989
2017,07,24,6,691.40141
2017,07,24,7,692.47951
2017,07,25,0,693.21073
2017,07,25,1,693.68003
2017,07,25,2,694.61599
2017,07,25,3,695.41522
2017,07,25,4,695.59297
2017,07,25,5,695.87669
2017,07,25,6,696.0436
2017,07,25,7,695.89636
2017,07,26,0,696.42829
2017,07,26,1,696.70317
2017,07,26,2,696.66342
2017,07,26,3,696.40265
2017,07,26,4,697.06187
2017,07,26,5,697.85584
2017,07,26,6,697.48883
2017,07,26,7,696.77925
2017,07,27,0,695.51871
2017,07,27,1,694.13853
2017,07,27,2,692.50227
2017,07,27,3,691.6798
2017,07,27,4,691.9363
2017,07,27,5,692.45876
2017,07,27,6,693.31439
2017,07,27,7,694.30606
2017,07,28,0,695.48563
2017,07,28,1,695.87919
2017,07,28,2,695.77423
2017,07,28,3,695.70634
2017,07,28,4,695.46725
2017,07,28,5,695.6131
2017,07,28,6,694.84156
2017,07,28,7,693.98226
2017,07,29,0,693.76222
2017,07,29,1,693.53099
2017,07,29,2,692.92052
2017,07,29,3,692.37372
2017,07,29,4,692.26266
2017,07,29,5,692.28553
2017,07,29,6,691.90168
2017,07,29,7,691.62117
2017,07,30,0,691.27369
2017,07,30,1,690.50828
2017,07,30,2,689.79657
2017,07,30,3,689.30929
2017,07,30,4,688.1169
2017,07,30,5,686.64754
2017,07,30,6,685.79387
2017,07,30,7,685.3426
2017,07,1,0,685.4325
2017,07,1,1,685.1916
2017,07,1,2,685.11591
2017,07,1,3,685.55447
2017,07,1,4,685.48817
2017,07,1,5,685.24462
2017,07,1,6,685.41913
2017,07,1,7,685.38837
2017,07,2,0,685.08493
2017,07,2,1,684.95524
2017,07,2,2,684.48701
2017,07,2,3,684.099
2017,07,2,4,683.82537
2017,07,2,5,683.54436
2017,07,2,6,683.51898
2017,07,2,7,683.85698
2017,07,3,0,684.44389
2017,07,3,1,684.7752
2017,07,3,2,684.94798
2017,07,3,3,685.65713
2017,07,3,4,685.84732
2017,07,3,5,685.5598
2017,07,3,6,685.93601
2017,07,3,7,686.06019
2017,07,4,0,685.37947
2017,07,4,1,684.41844
2017,07,4,2,683.90169
2017,07,4,3,683.28511
2017,07,4,4,682.42207
2017,07,4,5,681.38074
2017,07,4,6,680.71234
2017,07,4,7,680.01604
2017,07,5,0,679.47609
2017,07,5,1,679.0658
2017,07,5,2,678.73291
2017,07,5,3,678.76083
2017,07,5,4,678.86725
2017,07,5,5,678.93789
2017,07,5,6,679.02076
2017,07,5,7,679.02171
2017,07,6,0,679.23481
2017,07,6,1,679.18134
2017,07,6,2,679.51917
2017,07,6,3,679.93374
2017,07,6,4,680.02787
2017,07,6,5,680.23427
2017,07,6,6,680.52191
2017,07,6,7,681.10262
2017,07,7,0,681.79648
2017,07,7,1,681.55075
2017,07,7,2,681.41612
2017,07,7,3,681.54309
2017,07,7,4,681.57375
2017,07,7,5,681.45693
2017,07,7,6,681.10633
2017,07,7,7,680.74716
2017,07,8,0,680.25745
2017,07,8,1,678.96475
2017,07,8,2,677.85314
2017,07,8,3,676.18957
2017,07,8,4,673.88781
2017,07,8,5,671.79214
2017,07,8,6,670.88602
2017,07,8,7,670.42876
2017,07,9,0,670.82153
2017,07,9,1,671.41777
2017,07,9,2,672.38844
2017,07,9,3,673.73919
2017,07,9,4,675.30566
2017,07,9,5,676.99733
2017,07,9,6,678.16858
2017,07,9,7,679.48819
2017,07,10,0,680.9181
2017,07,10,1,681.85348
2017,07,10,2,682.44198
2017,07,10,3,683.06409
2017,07,10,4,683.31272
2017,07,10,5,683.45768
2017,07,10,6,684.03311
2017,07,10,7,684.71885
2017,07,11,0,685.16475
2017,07,11,1,685.13478
2017,07,11,2,684.90412
2017,07,11,3,684.3919
2017,07,11,4,683.73364
2017,07,11,5,682.83863
2017,07,11,6,682.18311
2017,07,11,7,682.30714
2017,07,12,0,682.2619
2017,07,12,1,681.95592
2017,07,12,2,681.64701
2017,07,12,3,682.15221
2017,07,12,4,682.83989
2017,07,12,5,683.37038
2017,07,12,6,684.25108
2017,07,12,7,685.35063
2017,07,13,0,685.6552
2017,07,13,1,685.35126
2017,07,13,2,685.8307
2017,07,13,3,686.20337
2017,07,13,4,685.75384
2017,07,13,5,685.35903
2017,07,13,6,685.00686
2017,07,13,7,684.84886
2017,07,14,0,685.44727
2017,07,14,1,685.74727
2017,07,14,2,686.63684
2017,07,14,3,687.8244
2017,07,14,4,689.22262
2017,07,14,5,690.54625
2017,07,14,6,692.19864
2017,07,14,7,693.60434
2017,07,15,0,693.79985
2017,07,15,1,693.81572
2017,07,15,2,693.94626
2017,07,15,3,693.92902
2017,07,15,4,693.98097
2017,07,15,5,693.98323
2017,07,15,6,693.86753
2017,07,15,7,694.6203
2017,07,16,0,695.02443
2017,07,16,1,695.44984
2017,07,16,2,695.76447
2017,07,16,3,695.97592
2017,07,16,4,696.4544
2017,07,16,5,696.76503
2017,07,16,6,697.37934
2017,07,16,7,697.85938
2017,07,17,0,697.91999
2017,07,17,1,697.3896
2017,07,17,2,697.29055
2017,07,17,3,697.43169
2017,07,17,4,696.60258
2017,07,17,5,695.78152
2017,07,17,6,695.4343
2017,07,17,7,694.8264
2017,07,18,0,694.39717
2017,07,18,1,694.01805
2017,07,18,2,693.92758
2017,07,18,3,693.56127
2017,07,18,4,693.52462
2017,07,18,5,693.35943
2017,07,18,6,692.98072
2017,07,18,7,692.32443
2017,07,19,0,691.03301
2017,07,19,1,689.48688
2017,07,19,2,688.0428
2017,07,19,3,686.54203
2017,07,19,4,684.43995
2017,07,19,5,683.12405
2017,07,19,6,683.0793
2017,07,19,7,683.04547
2017,07,20,0,682.6134
2017,07,20,1,681.9224
2017,07,20,2,681.9725
2017,07,20,3,682.29605
2017,07,20,4,682.49259
2017,07,20,5,682.82445
2017,07,20,6,683.17549
2017,07,20,7,683.71879
2017,07,21,0,684.40544
2017,07,21,1,684.55373
2017,07,21,2,684.1979
2017,07,21,3,683.95123
2017,07,21,4,683.89959
2017,07,21,5,683.97456
2017,07,21,6,684.31803
2017,07,21,7,684.9824
2017,07,22,0,685.69049
2017,07,22,1,685.92167
2017,07,22,2,686.06597
2017,07,22,3,686.07368
2017,07,22,4,686.21755
2017,07,22,5,686.5712
2017,07,22,6,687.05489
2017,07,22,7,687.4153
2017,07,23,0,687.69243
2017,07,23,1,687.86753
2017,07,23,2,688.35936
2017,07,23,3,688.80815
2017,07,23,4,689.12741
2017,07,23,5,689.90228
2017,07,23,6,690.52177
2017,07,23,7,691.16579
2017,07,24,0,691.52086
2017,07,24,1,691.62868
2017,07,24,2,692.40528
2017,07,24,3,693.00213
2017,07,24,4,693.46484
2017,07,24,5,693.73987
2017,07,24,6,694.07252
2017,07,24,7,694.36583
2017,07,25,0,694.36445
2017,07,25,1,694.49403
2017,07,25,2,694.75315
2017,07,25,3,695.1272
2017,07,25,4,695.42981
2017,07,25,5,695.59806
2017,07,25,6,695.50529
2017,07,25,7,695.23007
2017,07,26,0,694.64068
2017,07,26,1,693.7267
2017,07,26,2,693.97438
2017,07,26,3,694.00386
2017,07,26,4,693.0659
2017,07,26,5,692.17955
2017,07,26,6,691.73366
2017,07,26,7,691.71738
2017,07,27,0,692.06826
2017,07,27,1,692.14211
2017,07,27,2,691.94294
2017,07,27,3,692.11469
2017,07,27,4,692.06328
2017,07,27,5,691.97602
2017,07,27,6,692.20746
2017,07,27,7,692.72793
2017,07,28,0,693.43131
2017,07,28,1,693.50612
2017,07,28,2,693.58584
2017,07,28,3,693.71413
2017,07,28,4,692.83583
2017,07,28,5,692.2986
2017,07,28,6,691.51799
2017,07,28,7,691.22982
2017,07,29,0,691.53995
2017,07,29,1,691.56938
2017,07,29,2,691.9028
2017,07,29,3,692.20543
2017,07,29,4,692.21677
2017,07,29,5,692.15435
2017,07,29,6,692.13444
2017,07,29,7,691.81072
2017,07,30,0,691.27902
2017,07,30,1,690.58649
2017,07,30,2,690.01324
2017,07,30,3,689.42385
2017,07,30,4,688.09139
2017,07,30,5,687.09643
2017,07,30,6,686.63575
2017,07,30,7,686.05036
2017,07,31,0,685.88041
2017,07,31,1,685.65958
2017,07,31,2,685.47332
2017,07,31,3,685.63099
2017,07,31,4,685.94829
2017,07,31,5,686.15916
2017,07,31,6,686.75674
2017,07,31,7,687.45475
2017,07,1,0,687.52614
2017,07,1,1,687.51421
2017,07,1,2,688.04119
2017,07,1,3,688.47801
2017,07,1,4,688.65913
2017,07,1,5,688.97735
2017,07,1,6,689.04182
2017,07,1,7,689.04478
2017,07,2,0,689.61717
2017,07,2,1,689.84753
2017,07,2,2,689.78582
2017,07,2,3,689.61965
2017,07,2,4,689.30361
2017,07,2,5,689.19046
2017,07,2,6,689.21312
2017,07,2,7,689.23629
2017,07,3,0,689.65553
2017,07,3,1,690.15164
2017,07,3,2,690.30806
2017,07,3,3,690.23058
2017,07,3,4,690.82345
2017,07,3,5,691.36925
2017,07,3,6,691.1024
2017,07,3,7,690.65972
2017,07,4,0,690.25608
2017,07,4,1,689.81284
2017,07,4,2,689.92338
2017,07,4,3,689.86311
2017,07,4,4,689.59085
2017,07,4,5,689.69717
2017,07,4,6,689.62398
2017,07,4,7,689.5398
2017,07,5,0,689.52549
2017,07,5,1,689.40524
2017,07,5,2,689.55648
2017,07,5,3,689.7149
2017,07,5,4,689.67362
2017,07,5,5,689.62793
2017,07,5,6,689.50708
2017,07,5,7,689.42757
2017,07,6,0,689.33397
2017,07,6,1,689.022
2017,07,6,2,689.15565
2017,07,6,3,689.40115
2017,07,6,4,689.90723
2017,07,6,5,690.43216
2017,07,6,6,690.51445
2017,07,6,7,690.69236
2017,07,7,0,691.01787
2017,07,7,1,691.20182
2017,07,7,2,691.99042
2017,07,7,3,692.68279
2017,07,7,4,692.6812
2017,07,7,5,692.47165
2017,07,7,6,691.88384
2017,07,7,7,691.42002
2017,07,8,0,691.08412
2017,07,8,1,690.81641
2017,07,8,2,690.79747
2017,07,8,3,690.54118
2017,07,8,4,690.37588
2017,07,8,5,690.45349
2017,07,8,6,690.15746
2017,07,8,7,689.70817
2017,07,9,0,689.55972
2017,07,9,1,689.36164
2017,07,9,2,689.10251
2017,07,9,3,688.92046
2017,07,9,4,688.60132
2017,07,9,5,688.52374
2017,07,9,6,688.14851
2017,07,9,7,688.16898
2017,07,10,0,688.5044
2017,07,10,1,688.55476
2017,07,10,2,689.30181
2017,07,10,3,689.9031
2017,07,10,4,690.22799
2017,07,10,5,690.75337
2017,07,10,6,690.87406
2017,07,10,7,691.14165
2017,07,11,0,691.40544
2017,07,11,1,691.67041
2017,07,11,2,692.31524
2017,07,11,3,692.53691
2017,07,11,4,692.61192
2017,07,11,5,692.67919
2017,07,11,6,692.50314
2017,07,11,7,692.63766
2017,07,12,0,692.93431
2017,07,12,1,692.65455
2017,07,12,2,692.93197
2017,07,12,3,693.16964
2017,07,12,4,693.33273
2017,07,12,5,693.36035
2017,07,12,6,693.23182
2017,07,12,7,693.16747
2017,07,13,0,692.83628
2017,07,13,1,692.11082
2017,07,13,2,691.5465
2017,07,13,3,690.7841
2017,07,13,4,689.73304
2017,07,13,5,688.95799
2017,07,13,6,688.23313
2017,07,13,7,687.66685
2017,07,14,0,687.63979
2017,07,14,1,687.67592
2017,07,14,2,687.54609
2017,07,14,3,687.3707
2017,07,14,4,687.97767
2017,07,14,5,688.16757
2017,07,14,6,687.78304
2017,07,14,7,687.35556
2017,07,15,0,686.36392
2017,07,15,1,685.78964
2017,07,15,2,685.68046
2017,07,15,3,686.33723
2017,07,15,4,686.81656
2017,07,15,5,687.10869
2017,07,15,6,686.67242
2017,07,15,7,685.97466
2017,07,16,0,685.5693
2017,07,16,1,684.72824
2017,07,16,2,684.34217
2017,07,16,3,683.32922
2017,07,16,4,681.33992
2017,07,16,5,679.56598
2017,07,16,6,677.43348
2017,07,16,7,675.41377
2017,07,17,0,673.74143
2017,07,17,1,672.29975
2017,07,17,2,671.86606
2017,07,17,3,672.71323
2017,07,17,4,672.53298
2017,07,17,5,671.53177
2017,07,17,6,671.34279
2017,07,17,7,671.28031
2017,07,18,0,671.24201
2017,07,18,1,671.43978
2017,07,18,2,671.68333
2017,07,18,3,672.41826
2017,07,18,4,673.02084
2017,07,18,5,674.0155
2017,07,18,6,674.78242
2017,07,18,7,676.14512
2017,07,19,0,677.10762
2017,07,19,1,677.81499
2017,07,19,2,679.06026
2017,07,19,3,680.10461
2017,07,19,4,680.03472
2017,07,19,5,680.32082
2017,07,19,6,680.32563
2017,07,19,7,680.69194
2017,07,20,0,681.59038
2017,07,20,1,682.42615
2017,07,20,2,684.33316
2017,07,20,3,686.71665
2017,07,20,4,688.14185
2017,07,20,5,689.61186
2017,07,20,6,691.36796
2017,07,20,7,692.907
2017,07,21,0,693.91956
2017,07,21,1,693.89528
2017,07,21,2,694.0795
2017,07,21,3,694.32661
2017,07,21,4,694.14414
2017,07,21,5,693.03009
2017,07,21,6,691.81867
2017,07,21,7,690.50401
2017,07,22,0,688.63258
2017,07,22,1,686.93224
2017,07,22,2,685.9364
2017,07,22,3,685.00816
2017,07,22,4,683.87219
2017,07,22,5,682.92739
2017,07,22,6,682.22149
2017,07,22,7,681.85606
2017,07,23,0,681.9515
2017,07,23,1,681.93547
2017,07,23,2,682.12737
2017,07,23,3,682.2394
2017,07,23,4,682.31134
2017,07,23,5,682.53971
2017,07,23,6,682.0959
2017,07,23,7,681.9971
2017,07,24,0,681.68374
2017,07,24,1,681.01267
2017,07,24,2,681.05549
2017,07,24,3,681.31974
2017,07,24,4,680.86241
2017,07,24,5,680.5854
2017,07,24,6,680.31551
2017,07,24,7,679.76561
2017,07,25,0,679.55814
2017,07,25,1,678.59807
2017,07,25,2,678.11464
2017,07,25,3,677.89926
2017,07,25,4,676.87991
2017,07,25,5,676.1896
2017,07,25,6,675.6625
2017,07,25,7,675.31106
2017,07,26,0,675.55183
2017,07,26,1,675.82153
2017,07,26,2,676.46131
2017,07,26,3,676.83512
2017,07,26,4,677.05954
2017,07,26,5,677.18427
2017,07,26,6,677.3893
2017,07,26,7,677.83619
2017,07,27,0,678.09312
2017,07,27,1,678.39044
2017,07,27,2,679.04614
2017,07,27,3,680.19997
2017,07,27,4,681.07271
2017,07,27,5,681.6825
2017,07,27,6,681.88226
2017,07,27,7,682.12652
2017,07,28,0,682.88923
2017,07,28,1,683.34082
2017,07,28,2,683.84557
2017,07,28,3,684.87421
2017,07,28,4,685.21124
2017,07,28,5,685.58014
2017,07,28,6,686.21395
2017,07,28,7,686.83719
2017,07,29,0,688.06448
2017,07,29,1,689.28796
2017,07,29,2,690.36544
2017,07,29,3,691.58477
2017,07,29,4,691.94189
2017,07,29,5,692.11519
2017,07,29,6,693.03044
2017,07,29,7,693.81326
2017,07,30,0,695.2986
2017,07,30,1,696.52935
2017,07,30,2,696.83593
2017,07,30,3,697.27702
2017,07,30,4,696.67377
2017,07,30,5,695.99193
2017,07,30,6,695.14277
2017,07,30,7,694.09805
2017,07,1,0,692.33381
2017,07,1,1,690.6981
2017,07,1,2,689.42913
2017,07,1,3,688.13521
2017,07,1,4,686.98923
2017,07,1,5,684.78328
2017,07,1,6,683.20319
2017,07,1,7,682.89046
2017,07,2,0,682.95696
2017,07,2,1,682.55716
2017,07,2,2,683.02324
2017,07,2,3,683.73123
2017,07,2,4,684.32161
2017,07,2,5,684.78069
2017,07,2,6,685.03472
2017,07,2,7,685.19174
2017,07,3,0,685.37812
2017,07,3,1,685.36372
2017,07,3,2,685.08714
2017,07,3,3,684.78099
2017,07,3,4,684.21564
2017,07,3,5,683.90451
2017,07,3,6,683.4945
2017,07,3,7,683.13998
2017,07,4,0,683.41744
2017,07,4,1,683.51083
2017,07,4,2,682.96328
2017,07,4,3,682.43655
2017,07,4,4,682.54929
2017,07,4,5,682.28746
2017,07,4,6,682.26228
2017,07,4,7,682.00434
2017,07,5,0,682.23369
2017,07,5,1,682.50281
2017,07,5,2,682.55026
2017,07,5,3,682.30762
2017,07,5,4,682.2624
2017,07,5,5,682.18544
2017,07,5,6,681.87624
2017,07,5,7,682.26643
2017,07,6,0,682.52879
2017,07,6,1,683.02605
2017,07,6,2,683.2154
2017,07,6,3,683.78416
2017,07,6,4,684.09469
2017,07,6,5,684.43006
2017,07,6,6,684.84087
2017,07,6,7,684.65852
2017,07,7,0,685.2895
2017,07,7,1,685.43146
2017,07,7,2,685.30037
2017,07,7,3,685.43659
2017,07,7,4,684.63589
2017,07,7,5,683.20086
2017,07,7,6,682.33601
2017,07,7,7,681.6714
2017,07,8,0,680.98752
2017,07,8,1,680.28641
2017,07,8,2,680.05966
2017,07,8,3,680.10522
2017,07,8,4,679.98689
2017,07,8,5,679.68631
2017,07,8,6,678.62384
2017,07,8,7,677.75412
2017,07,9,0,676.64688
2017,07,9,1,675.77986
2017,07,9,2,675.64403
2017,07,9,3,675.34119
2017,07,9,4,674.85359
2017,07,9,5,674.78084
2017,07,9,6,676.21853
2017,07,9,7,677.57251
2017,07,10,0,677.80124
2017,07,10,1,678.08906
2017,07,10,2,678.90288
2017,07,10,3,679.59071
2017,07,10,4,680.10064
2017,07,10,5,680.53218
2017,07,10,6,680.29364
2017,07,10,7,679.57353
2017,07,11,0,679.02136
2017,07,11,1,678.63618
2017,07,11,2,677.99259
2017,07,11,3,677.06573
2017,07,11,4,676.91027
2017,07,11,5,676.71582
2017,07,11,6,675.53161
2017,07,11,7,675.09861
2017,07,12,0,674.91575
2017,07,12,1,674.23366
2017,07,12,2,673.24146
2017,07,12,3,672.84593
2017,07,12,4,671.9256
2017,07,12,5,672.01054
2017,07,12,6,672.64252
2017,07,12,7,673.55127
2017,07,13,0,674.5094
2017,07,13,1,674.99092
2017,07,13,2,675.68181
2017,07,13,3,676.47392
2017,07,13,4,677.16076
2017,07,13,5,677.55039
2017,07,13,6,678.06927
2017,07,13,7,678.51044
2017,07,14,0,678.9678
2017,07,14,1,679.32708
2017,07,14,2,679.5973
2017,07,14,3,680.38496
2017,07,14,4,680.63264
2017,07,14,5,680.48808
2017,07,14,6,681.48229
2017,07,14,7,682.53397
2017,07,15,0,682.68714
2017,07,15,1,682.77476
2017,07,15,2,683.51826
2017,07,15,3,683.94829
2017,07,15,4,684.11724
2017,07,15,5,684.02223
2017,07,15,6,684.05832
2017,07,15,7,684.18408
2017,07,16,0,684.08437
2017,07,16,1,684.04023
2017,07,16,2,684.03252
2017,07,16,3,684.98973
2017,07,16,4,686.17108
2017,07,16,5,686.86646
2017,07,16,6,687.99658
2017,07,16,7,687.96553
2017,07,17,0,686.07621
2017,07,17,1,684.67087
2017,07,17,2,685.23827
2017,07,17,3,686.22043
2017,07,17,4,685.84309
2017,07,17,5,685.09774
2017,07,17,6,684.95982
2017,07,17,7,684.37386
2017,07,18,0,682.83811
2017,07,18,1,681.20337
2017,07,18,2,681.04077
2017,07,18,3,680.53725
2017,07,18,4,679.87027
2017,07,18,5,679.49148
2017,07,18,6,679.53021
2017,07,18,7,679.94581
2017,07,19,0,679.1396
2017,07,19,1,678.17684
2017,07,19,2,679.14577
2017,07,19,3,679.74555
2017,07,19,4,679.81178
2017,07,19,5,680.26121
2017,07,19,6,680.95467
2017,07,19,7,681.7295
2017,07,20,0,683.57711
2017,07,20,1,685.25801
2017,07,20,2,688.28344
2017,07,20,3,691.01632
2017,07,20,4,692.46566
2017,07,20,5,693.57559
2017,07,20,6,694.78951
2017,07,20,7,695.29376
2017,07,21,0,694.56054
2017,07,21,1,693.87625
2017,07,21,2,693.6178
2017,07,21,3,693.81546
2017,07,21,4,693.86128
2017,07,21,5,694.20375
2017,07,21,6,694.97029
2017,07,21,7,696.04254
2017,07,22,0,697.01677
2017,07,22,1,697.40961
2017,07,22,2,698.05131
2017,07,22,3,698.98737
2017,07,22,4,699.68098
2017,07,22,5,700.16345
2017,07,22,6,700.55139
2017,07,22,7,700.90358
2017,07,23,0,700.74006
2017,07,23,1,700.04296
2017,07,23,2,699.85686
2017,07,23,3,699.18156
2017,07,23,4,697.6834
2017,07,23,5,695.73798
2017,07,23,6,693.75216
2017,07,23,7,691.89887
2017,07,24,0,690.82067
2017,07,24,1,690.33633
2017,07,24,2,689.84176
2017,07,24,3,689.31522
2017,07,24,4,689.02043
2017,07,24,5,688.83424
2017,07,24,6,688.30733
2017,07,24,7,688.30911
2017,07,25,0,687.8547
2017,07,25,1,687.16219
2017,07,25,2,688.1026
2017,07,25,3,689.82265
2017,07,25,4,691.43209
2017,07,25,5,692.54105
2017,07,25,6,693.83635
2017,07,25,7,694.78515
2017,07,26,0,694.99035
2017,07,26,1,694.44391
2017,07,26,2,694.0272
2017,07,26,3,693.37313
2017,07,26,4,691.61098
2017,07,26,5,691.12475
2017,07,26,6,692.48816
2017,07,26,7,693.07103
2017,07,27,0,692.27246
2017,07,27,1,691.80782
2017,07,27,2,693.07428
2017,07,27,3,693.49155
2017,07,27,4,693.67218
2017,07,27,5,692.84568
2017,07,27,6,691.32606
2017,07,27,7,689.56097
2017,07,28,0,687.41708
2017,07,28,1,685.2685
2017,07,28,2,683.34792
2017,07,28,3,681.65533
2017,07,28,4,679.8965
2017,07,28,5,678.35819
2017,07,28,6,677.17236
2017,07,28,7,676.30667
2017,07,29,0,674.64957
2017,07,29,1,673.06492
2017,07,29,2,672.84891
2017,07,29,3,672.04776
2017,07,29,4,672.79805
2017,07,29,5,674.11159
2017,07,29,6,675.02791
2017,07,29,7,676.10526
2017,07,30,0,677.32714
2017,07,30,1,677.63939
2017,07,30,2,678.34424
2017,07,30,3,679.56047
2017,07,30,4,679.917
2017,07,30,5,679.70873
2017,07,30,6,679.02665
2017,07,30,7,677.90719
2017,07,31,0,678.05665
2017,07,31,1,678.75653
2017,07,31,2,679.84103
2017,07,31,3,680.9913
2017,07,31,4,682.80665
2017,07,31,5,684.40174
2017,07,31,6,684.44461
2017,07,31,7,683.92935
2017,07,1,0,681.93465
2017,07,1,1,680.72293
2017,07,1,2,680.27862
2017,07,1,3,679.76493
2017,07,1,4,679.51516
2017,07,1,5,679.3765
2017,07,1,6,679.777
2017,07,1,7,679.98267
2017,07,2,0,679.29158
2017,07,2,1,678.75145
2017,07,2,2,679.10678
2017,07,2,3,679.7153
2017,07,2,4,680.00845
2017,07,2,5,680.70187
2017,07,2,6,680.87616
2017,07,2,7,681.17987
2017,07,3,0,681.53882
2017,07,3,1,681.77578
2017,07,3,2,682.56121
2017,07,3,3,683.18788
2017,07,3,4,684.32491
2017,07,3,5,685.44996
2017,07,3,6,686.21367
2017,07,3,7,686.63077
2017,07,4,0,686.14808
2017,07,4,1,685.73175
2017,07,4,2,686.8591
2017,07,4,3,687.92429
2017,07,4,4,688.42842
2017,07,4,5,689.45606
2017,07,4,6,691.13969
2017,07,4,7,691.84767
2017,07,5,0,689.8298
2017,07,5,1,688.48174
2017,07,5,2,689.62211
2017,07,5,3,690.59891
2017,07,5,4,690.98283
2017,07,5,5,691.26284
2017,07,5,6,689.82635
2017,07,5,7,688.47808
2017,07,6,0,688.01655
2017,07,6,1,687.39036
2017,07,6,2,687.27157
2017,07,6,3,687.4728
2017,07,6,4,687.44597
2017,07,6,5,687.72903
2017,07,6,6,687.2272
2017,07,6,7,686.57132
2017,07,7,0,686.65915
2017,07,7,1,686.55722
2017,07,7,2,686.55609
2017,07,7,3,686.39562
2017,07,7,4,686.14461
2017,07,7,5,685.93836
2017,07,7,6,685.25132
2017,07,7,7,683.80598
2017,07,8,0,682.41911
2017,07,8,1,680.98819
2017,07,8,2,680.13324
2017,07,8,3,679.27533
2017,07,8,4,678.50675
2017,07,8,5,677.69303
2017,07,8,6,676.90491
2017,07,8,7,676.6659
2017,07,9,0,676.4983
2017,07,9,1,676.23783
2017,07,9,2,676.32091
2017,07,9,3,677.20975
2017,07,9,4,677.96786
2017,07,9,5,678.41991
2017,07,9,6,679.15237
2017,07,9,7,679.46597
2017,07,10,0,679.51967
2017,07,10,1,679.17125
2017,07,10,2,679.2894
2017,07,10,3,679.55986
2017,07,10,4,679.38098
2017,07,10,5,679.24411
2017,07,10,6,678.93627
2017,07,10,7,678.01166
2017,07,11,0,677.93416
2017,07,11,1,677.70477
2017,07,11,2,677.23587
2017,07,11,3,677.5011
2017,07,11,4,677.72293
2017,07,11,5,677.77061
2017,07,11,6,677.9798
2017,07,11,7,678.51541
2017,07,12,0,679.35779
2017,07,12,1,679.5958
2017,07,12,2,679.3153
2017,07,12,3,679.02016
2017,07,12,4,678.70562
2017,07,12,5,678.47053
2017,07,12,6,678.79214
2017,07,12,7,679.3103
2017,07,13,0,679.895
2017,07,13,1,680.1746
2017,07,13,2,680.32133
2017,07,13,3,680.57698
2017,07,13,4,680.39796
2017,07,13,5,680.27141
2017,07,13,6,680.5425
2017,07,13,7,680.816
2017,07,14,0,681.24386
2017,07,14,1,681.61677
2017,07,14,2,682.51158
2017,07,14,3,683.48403
2017,07,14,4,683.88075
2017,07,14,5,684.77389
2017,07,14,6,685.21406
2017,07,14,7,685.83933
2017,07,15,0,686.398
2017,07,15,1,687.53044
2017,07,15,2,688.69797
2017,07,15,3,689.5456
2017,07,15,4,690.87566
2017,07,15,5,691.45899
2017,07,15,6,691.98827
2017,07,15,7,692.60305
2017,07,16,0,692.52431
2017,07,16,1,692.45645
2017,07,16,2,692.68077
2017,07,16,3,692.46529
2017,07,16,4,692.03652
2017,07,16,5,691.76182
2017,07,16,6,691.8772
2017,07,16,7,692.1868
2017,07,17,0,692.45796
2017,07,17,1,692.93746
2017,07,17,2,693.23561
2017,07,17,3,693.20394
2017,07,17,4,693.05557
2017,07,17,5,693.39987
2017,07,17,6,693.22403
2017,07,17,7,692.97941
2017,07,18,0,693.26144
2017,07,18,1,693.33275
2017,07,18,2,694.09067
2017,07,18,3,694.48877
2017,07,18,4,694.59072
2017,07,18,5,694.22304
2017,07,18,6,694.33126
2017,07,18,7,694.5998
2017,07,19,0,694.90551
2017,07,19,1,695.0209
2017,07,19,2,694.82563
2017,07,19,3,694.5035
2017,07,19,4,694.00687
2017,07,19,5,693.57294
2017,07,19,6,693.01046
2017,07,19,7,693.05067
2017,07,20,0,693.61935
2017,07,20,1,693.95089
2017,07,20,2,694.05245
2017,07,20,3,693.42407
2017,07,20,4,692.12639
2017,07,20,5,691.35456
2017,07,20,6,690.66786
2017,07,20,7,690.06071
2017,07,21,0,688.82553
2017,07,21,1,687.69084
2017,07,21,2,687.64365
2017,07,21,3,687.39417
2017,07,21,4,687.21635
2017,07,21,5,687.00736
2017,07,21,6,686.80153
2017,07,21,7,687.07562
2017,07,22,0,686.89934
2017,07,22,1,686.55201
2017,07,22,2,685.98756
2017,07,22,3,686.09662
2017,07,22,4,686.56994
2017,07,22,5,686.97458
2017,07,22,6,686.47621
2017,07,22,7,686.25195
2017,07,23,0,686.09088
2017,07,23,1,685.76961
2017,07,23,2,685.63838
2017,07,23,3,685.70944
2017,07,23,4,685.40126
2017,07,23,5,684.82401
2017,07,23,6,684.82129
2017,07,23,7,684.8256
2017,07,24,0,685.21142
2017,07,24,1,685.59447
2017,07,24,2,684.93451
2017,07,24,3,683.94321
2017,07,24,4,683.39719
2017,07,24,5,682.53368
2017,07,24,6,681.29448
2017,07,24,7,680.33949
2017,07,25,0,679.48662
2017,07,25,1,678.84257
2017,07,25,2,678.21695
2017,07,25,3,677.87918
2017,07,25,4,677.07171
2017,07,25,5,676.02653
2017,07,25,6,675.35207
2017,07,25,7,674.48334
2017,07,26,0,673.77904
2017,07,26,1,673.11003
2017,07,26,2,672.52947
2017,07,26,3,671.77003
2017,07,26,4,670.74901
2017,07,26,5,670.34025
2017,07,26,6,669.55164
2017,07,26,7,668.81018
2017,07,27,0,668.10656
2017,07,27,1,667.34141
2017,07,27,2,666.88714
2017,07,27,3,666.55217
2017,07,27,4,666.35691
2017,07,27,5,666.74669
2017,07,27,6,666.85056
2017,07,27,7,667.11537
2017,07,28,0,667.7689
2017,07,28,1,667.90819
2017,07,28,2,669.03429
2017,07,28,3,670.34765
2017,07,28,4,671.29653
2017,07,28,5,672.3303
2017,07,28,6,672.84806
2017,07,28,7,673.05615
2017,07,29,0,672.8609
2017,07,29,1,672.64867
2017,07,29,2,672.85839
2017,07,29,3,672.74867
2017,07,29,4,672.27371
2017,07,29,5,671.94161
2017,07,29,6,671.91563
2017,07,29,7,672.05198
2017,07,30,0,672.35833
2017,07,30,1,672.59225
2017,07,30,2,673.66488
2017,07,30,3,674.82221
2017,07,30,4,675.81814
2017,07,30,5,676.49002
2017,07,30,6,677.3468
2017,07,30,7,678.14828
2017,07,31,0,678.34472
2017,07,31,1,677.73881
2017,07,31,2,677.42776
2017,07,31,3,677.42998
2017,07,31,4,677.25851
2017,07,31,5,676.7266
2017,07,31,6,676.64556
2017,07,31,7,676.64
2017,07,1,0,676.3
2017,07,1,1,675.78182
2017,07,1,2,676.06743
2017,07,1,3,676.65218
2017,07,1,4,677.35662
2017,07,1,5,677.93129
2017,07,1,6,678.47702
2017,07,1,7,679.22272
2017,07,2,0,679.44291
2017,07,2,1,678.82005
2017,07,2,2,678.86481
2017,07,2,3,679.20373
2017,07,2,4,679.25947
2017,07,2,5,679.08455
2017,07,2,6,679.4984
2017,07,2,7,680.23465
2017,07,3,0,681.22289
2017,07,3,1,682.08176
2017,07,3,2,683.0582
2017,07,3,3,683.67981
2017,07,3,4,684.2887
2017,07,3,5,684.68952
2017,07,3,6,685.0606
2017,07,3,7,684.957
2017,07,4,0,684.54199
2017,07,4,1,683.7489
2017,07,4,2,682.99681
2017,07,4,3,682.20445
2017,07,4,4,681.40094
2017,07,4,5,680.6075
2017,07,4,6,680.7372
2017,07,4,7,680.86792
2017,07,5,0,680.36199
2017,07,5,1,680.1337
2017,07,5,2,680.75116
2017,07,5,3,681.39796
2017,07,5,4,682.10483
2017,07,5,5,683.51333
2017,07,5,6,684.94922
2017,07,5,7,686.68991
2017,07,6,0,687.97897
2017,07,6,1,689.22626
2017,07,6,2,690.34138
2017,07,6,3,691.41213
2017,07,6,4,692.32523
2017,07,6,5,692.72351
2017,07,6,6,691.9822
2017,07,6,7,692.29323
2017,07,7,0,692.8214
2017,07,7,1,692.74287
2017,07,7,2,692.80682
2017,07,7,3,692.82781
2017,07,7,4,693.46211
2017,07,7,5,694.06432
2017,07,7,6,694.28072
2017,07,7,7,694.47053
2017,07,8,0,694.44141
2017,07,8,1,694.79355
2017,07,8,2,694.64764
2017,07,8,3,694.47086
2017,07,8,4,694.50339
2017,07,8,5,693.59083
2017,07,8,6,692.52525
2017,07,8,7,691.55118
2017,07,9,0,691.24428
2017,07,9,1,690.36413
2017,07,9,2,690.19106
2017,07,9,3,689.41972
2017,07,9,4,688.62997
2017,07,9,5,687.58777
2017,07,9,6,686.38154
2017,07,9,7,684.80011
2017,07,10,0,682.69457
2017,07,10,1,681.12574
2017,07,10,2,680.47608
2017,07,10,3,679.76568
2017,07,10,4,679.75602
2017,07,10,5,679.94185
2017,07,10,6,679.71773
2017,07,10,7,679.56546
2017,07,11,0,679.55062
2017,07,11,1,679.5653
2017,07,11,2,680.04321
2017,07,11,3,680.689
2017,07,11,4,681.04575
2017,07,11,5,681.65245
2017,07,11,6,681.85449
2017,07,11,7,682.2307
2017,07,12,0,683.05966
2017,07,12,1,683.16315
2017,07,12,2,683.69314
2017,07,12,3,684.01707
2017,07,12,4,683.94116
2017,07,12,5,683.79602
2017,07,12,6,683.18161
2017,07,12,7,682.57925
2017,07,13,0,682.4709
2017,07,13,1,681.78691
2017,07,13,2,681.24315
2017,07,13,3,680.91091
2017,07,13,4,680.33477
2017,07,13,5,679.3243
2017,07,13,6,678.812
2017,07,13,7,678.55647
2017,07,14,0,677.87252
2017,07,14,1,677.41518
2017,07,14,2,677.83309
2017,07,14,3,678.19845
2017,07,14,4,679.18163
2017,07,14,5,680.10436
2017,07,14,6,680.71115
2017,07,14,7,681.16738
2017,07,15,0,681.44863
2017,07,15,1,681.36029
2017,07,15,2,681.15221
2017,07,15,3,681.33889
2017,07,15,4,680.83763
2017,07,15,5,680.51188
2017,07,15,6,680.42619
2017,07,15,7,680.73422
2017,07,16,0,681.11136
2017,07,16,1,681.05515
2017,07,16,2,681.67678
2017,07,16,3,682.03661
2017,07,16,4,682.06638
2017,07,16,5,682.07514
2017,07,16,6,682.43173
2017,07,16,7,682.8076
2017,07,17,0,682.71233
2017,07,17,1,682.56382
2017,07,17,2,683.15654
2017,07,17,3,683.75471
2017,07,17,4,683.72771
2017,07,17,5,683.82691
2017,07,17,6,683.42378
2017,07,17,7,682.67896
2017,07,18,0,682.26599
2017,07,18,1,681.90603
2017,07,18,2,682.07283
2017,07,18,3,681.82497
2017,07,18,4,681.195
2017,07,18,5,680.71381
2017,07,18,6,680.64618
2017,07,18,7,680.29154
2017,07,19,0,679.41108
2017,07,19,1,678.78364
2017,07,19,2,678.28629
2017,07,19,3,677.64556
2017,07,19,4,676.98169
2017,07,19,5,676.48705
2017,07,19,6,675.71337
2017,07,19,7,674.94242
2017,07,20,0,674.38108
2017,07,20,1,674.07467
2017,07,20,2,673.45079
2017,07,20,3,672.66153
2017,07,20,4,672.5864
2017,07,20,5,672.9047
2017,07,20,6,672.668
2017,07,20,7,672.40366
2017,07,21,0,672.38661
2017,07,21,1,672.50114
2017,07,21,2,672.94611
2017,07,21,3,673.22845
2017,07,21,4,673.36381
2017,07,21,5,673.76503
2017,07,21,6,673.882
2017,07,21,7,673.87063
2017,07,22,0,673.91574
2017,07,22,1,673.68248
2017,07,22,2,674.22734
2017,07,22,3,674.27146
2017,07,22,4,673.88656
2017,07,22,5,673.40113
2017,07,22,6,672.70293
2017,07,22,7,672.211
2017,07,23,0,672.36033
2017,07,23,1,672.3364
2017,07,23,2,672.24671
2017,07,23,3,672.18698
2017,07,23,4,672.00881
2017,07,23,5,672.48826
2017,07,23,6,672.49466
2017,07,23,7,672.29839
2017,07,24,0,672.54575
2017,07,24,1,672.35069
2017,07,24,2,672.20238
2017,07,24,3,672.64042
2017,07,24,4,672.5278
2017,07,24,5,671.98397
2017,07,24,6,672.11654
2017,07,24,7,672.25009
2017,07,25,0,672.50226
2017,07,25,1,672.95398
2017,07,25,2,674.06854
2017,07,25,3,675.73251
2017,07,25,4,677.48651
2017,07,25,5,678.70649
2017,07,25,6,679.94651
2017,07,25,7,680.51121
2017,07,26,0,681.57907
2017,07,26,1,682.28447
2017,07,26,2,682.2545
2017,07,26,3,682.40624
2017,07,26,4,682.03091
2017,07,26,5,681.49254
2017,07,26,6,681.20807
2017,07,26,7,680.958
2017,07,27,0,680.70775
2017,07,27,1,680.42847
2017,07,27,2,680.60074
2017,07,27,3,680.6193
2017,07,27,4,680.42612
2017,07,27,5,680.21582
2017,07,27,6,680.41833
2017,07,27,7,680.38918
2017,07,28,0,679.8533
2017,07,28,1,679.49818
2017,07,28,2,680.20252
2017,07,28,3,681.21425
2017,07,28,4,682.02749
2017,07,28,5,683.27855
2017,07,28,6,685.02064
2017,07,28,7,686.29082
2017,07,29,0,687.34799
2017,07,29,1,687.99433
2017,07,29,2,688.72553
2017,07,29,3,689.43906
2017,07,29,4,689.51896
2017,07,29,5,689.79832
2017,07,29,6,690.20006
2017,07,29,7,690.3982
2017,07,30,0,690.3823
2017,07,30,1,689.99533
2017,07,30,2,689.9456
2017,07,30,3,689.62739
2017,07,30,4,689.0622
2017,07,30,5,688.29578
2017,07,30,6,687.56919
2017,07,30,7,686.96756
2017,07,1,0,686.90402
2017,07,1,1,687.06327
2017,07,1,2,687.75541
2017,07,1,3,688.13112
2017,07,1,4,688.78005
2017,07,1,5,689.50366
2017,07,1,6,689.82809
2017,07,1,7,690.50193
2017,07,2,0,691.24791
2017,07,2,1,691.4772
2017,07,2,2,691.1804
2017,07,2,3,691.63127
2017,07,2,4,693.2778
2017,07,2,5,694.81312
2017,07,2,6,694.72536
2017,07,2,7,694.84992
2017,07,3,0,695.63236
2017,07,3,1,696.20021
2017,07,3,2,697.29531
2017,07,3,3,698.3281
2017,07,3,4,699.40018
2017,07,3,5,700.40413
2017,07,3,6,701.27145
2017,07,3,7,702.19405
2017,07,4,0,702.25917
2017,07,4,1,702.22838
2017,07,4,2,701.58361
2017,07,4,3,700.59886
2017,07,4,4,699.67571
2017,07,4,5,697.72001
2017,07,4,6,696.33104
2017,07,4,7,696.03262
2017,07,5,0,695.78173
2017,07,5,1,695.74468
2017,07,5,2,696.02035
2017,07,5,3,696.80581
2017,07,5,4,697.13196
2017,07,5,5,697.70086
2017,07,5,6,697.71233
2017,07,5,7,697.40983
2017,07,6,0,696.74965
2017,07,6,1,696.92082
2017,07,6,2,696.80872
2017,07,6,3,697.17643
2017,07,6,4,697.58266
2017,07,6,5,698.02434
2017,07,6,6,698.29942
2017,07,6,7,697.30987
2017,07,7,0,696.87688
2017,07,7,1,696.94377
2017,07,7,2,698.11045
2017,07,7,3,697.34663
2017,07,7,4,695.89494
2017,07,7,5,694.5878
2017,07,7,6,693.03724
2017,07,7,7,691.88743
2017,07,8,0,690.73382
2017,07,8,1,689.91042
2017,07,8,2,690.01272
2017,07,8,3,690.01563
2017,07,8,4,689.76324
2017,07,8,5,689.97467
2017,07,8,6,690.11863
2017,07,8,7,690.58913
2017,07,9,0,690.6985
2017,07,9,1,690.64007
2017,07,9,2,691.31427
2017,07,9,3,691.89221
2017,07,9,4,691.38452
2017,07,9,5,690.69734
2017,07,9,6,691.02526
2017,07,9,7,691.53536
2017,07,10,0,690.49821
2017,07,10,1,689.55137
2017,07,10,2,690.19745
2017,07,10,3,690.6417
2017,07,10,4,690.01771
2017,07,10,5,689.81272
2017,07,10,6,690.25919
2017,07,10,7,690.45994
2017,07,11,0,690.49005
2017,07,11,1,690.44273
2017,07,11,2,690.44093
2017,07,11,3,690.30023
2017,07,11,4,689.84547
2017,07,11,5,689.50771
2017,07,11,6,689.32143
2017,07,11,7,689.1054
2017,07,12,0,688.2981
2017,07,12,1,687.55058
2017,07,12,2,686.7779
2017,07,12,3,685.93095
2017,07,12,4,685.12294
2017,07,12,5,684.63966
2017,07,12,6,684.03265
2017,07,12,7,683.55682
2017,07,13,0,683.01246
2017,07,13,1,682.48037
2017,07,13,2,682.03783
2017,07,13,3,681.76508
2017,07,13,4,681.92458
2017,07,13,5,682.21114
2017,07,13,6,682.31708
2017,07,13,7,682.3372
2017,07,14,0,682.11639
2017,07,14,1,681.40212
2017,07,14,2,681.31057
2017,07,14,3,681.17909
2017,07,14,4,680.77105
2017,07,14,5,680.51502
2017,07,14,6,680.4369
2017,07,14,7,680.67243
2017,07,15,0,680.85895
2017,07,15,1,680.89163
2017,07,15,2,681.16571
2017,07,15,3,681.47267
2017,07,15,4,681.92645
2017,07,15,5,682.54774
2017,07,15,6,682.98774
2017,07,15,7,683.28846
2017,07,16,0,683.80794
2017,07,16,1,684.62205
2017,07,16,2,685.69251
2017,07,16,3,686.88068
2017,07,16,4,687.8208
2017,07,16,5,688.56486
2017,07,16,6,689.3865
2017,07,16,7,690.25702
2017,07,17,0,690.64364
2017,07,17,1,690.89459
2017,07,17,2,690.95245
2017,07,17,3,690.85298
2017,07,17,4,690.21893
2017,07,17,5,689.191
2017,07,17,6,688.66573
2017,07,17,7,689.19663
2017,07,18,0,690.26095
2017,07,18,1,691.74097
2017,07,18,2,692.70973
2017,07,18,3,693.76272
2017,07,18,4,695.86542
2017,07,18,5,697.58315
2017,07,18,6,699.18611
2017,07,18,7,700.57142
2017,07,19,0,700.72864
2017,07,19,1,700.33301
2017,07,19,2,701.04629
2017,07,19,3,701.33945
2017,07,19,4,701.35681
2017,07,19,5,700.9522
2017,07,19,6,700.70045
2017,07,19,7,700.06459
2017,07,20,0,699.97675
2017,07,20,1,700.42428
2017,07,20,2,700.5255
2017,07,20,3,700.00774
2017,07,20,4,699.27776
2017,07,20,5,698.84474
2017,07,20,6,698.24532
2017,07,20,7,697.33803
2017,07,21,0,696.71846
2017,07,21,1,695.99954
2017,07,21,2,695.66684
2017,07,21,3,695.14984
2017,07,21,4,693.96412
2017,07,21,5,693.10455
2017,07,21,6,692.37933
2017,07,21,7,691.91753
2017,07,22,0,692.75942
2017,07,22,1,693.51075
2017,07,22,2,693.60533
2017,07,22,3,693.41238
2017,07,22,4,693.37522
2017,07,22,5,693.12421
2017,07,22,6,693.12472
2017,07,22,7,693.10654
2017,07,23,0,692.84863
2017,07,23,1,692.41391
2017,07,23,2,692.14431
2017,07,23,3,691.88621
2017,07,23,4,691.67747
2017,07,23,5,691.25353
2017,07,23,6,691.18143
2017,07,23,7,691.21838
2017,07,24,0,691.06191
2017,07,24,1,690.8593
2017,07,24,2,691.31989
2017,07,24,3,691.71921
2017,07,24,4,691.93573
2017,07,24,5,692.36098
2017,07,24,6,692.62267
2017,07,24,7,692.6738
2017,07,25,0,692.62875
2017,07,25,1,692.43533
2017,07,25,2,692.13259
2017,07,25,3,691.99525
2017,07,25,4,692.77419
2017,07,25,5,693.24925
2017,07,25,6,693.75194
2017,07,25,7,694.06465
2017,07,26,0,694.06317
2017,07,26,1,693.95557
2017,07,26,2,693.4404
2017,07,26,3,692.98061
2017,07,26,4,692.58912
2017,07,26,5,692.14342
2017,07,26,6,691.31533
2017,07,26,7,690.46386
2017,07,27,0,690.46719
2017,07,27,1,690.17889
2017,07,27,2,690.11556
2017,07,27,3,689.85745
2017,07,27,4,688.99426
2017,07,27,5,688.14737
2017,07,27,6,687.76659
2017,07,27,7,687.68067
2017,07,28,0,687.9762
2017,07,28,1,687.84617
2017,07,28,2,688.02898
2017,07,28,3,688.36809
2017,07,28,4,688.41024
2017,07,28,5,688.49533
2017,07,28,6,688.57816
2017,07,28,7,688.42863
2017,07,29,0,688.49737
2017,07,29,1,688.63223
2017,07,29,2,688.34714
2017,07,29,3,687.91181
2017,07,29,4,687.75146
2017,07,29,5,687.68487
2017,07,29,6,687.95443
2017,07,29,7,688.2836
2017,07,30,0,688.02505
2017,07,30,1,687.51637
2017,07,30,2,687.95121
2017,07,30,3,687.88267
2017,07,30,4,687.70794
2017,07,30,5,687.97712
2017,07,30,6,688.36994
2017,07,30,7,688.63115
2017,07,31,0,689.20142
2017,07,31,1,689.78217
2017,07,31,2,690.18167
2017,07,31,3,690.33799
2017,07,31,4,690.41331
2017,07,31,5,690.16438
2017,07,31,6,690.16113
2017,07,31,7,689.81347
2017,07,1,0,689.52658
2017,07,1,1,689.01525
2017,07,1,2,688.21824
2017,07,1,3,687.36213
2017,07,1,4,686.80932
2017,07,1,5,686.86903
2017,07,1,6,687.04368
2017,07,1,7,687.10924
2017,07,2,0,687.09416
2017,07,2,1,687.06233
2017,07,2,2,687.27085
2017,07,2,3,687.14932
2017,07,2,4,687.35901
2017,07,2,5,688.04539
2017,07,2,6,688.61853
2017,07,2,7,689.41634
2017,07,3,0,689.90744
2017,07,3,1,690.19409
2017,07,3,2,690.7467
2017,07,3,3,691.164
2017,07,3,4,691.45554
2017,07,3,5,691.89291
2017,07,3,6,692.82834
2017,07,3,7,693.21136
2017,07,4,0,693.15529
2017,07,4,1,693.04905
2017,07,4,2,693.40724
2017,07,4,3,693.57844
2017,07,4,4,692.78419
2017,07,4,5,691.83677
2017,07,4,6,690.74289
2017,07,4,7,690.06142
2017,07,5,0,689.68949
2017,07,5,1,689.26109
2017,07,5,2,689.28789
2017,07,5,3,689.88722
2017,07,5,4,690.86856
2017,07,5,5,691.66169
2017,07,5,6,692.96143
2017,07,5,7,694.71025
2017,07,6,0,695.37521
2017,07,6,1,695.53082
2017,07,6,2,696.40628
2017,07,6,3,697.1002
2017,07,6,4,697.26875
2017,07,6,5,696.80418
2017,07,6,6,696.05199
2017,07,6,7,695.05787
2017,07,7,0,694.43115
2017,07,7,1,693.67344
2017,07,7,2,692.52547
2017,07,7,3,691.31351
2017,07,7,4,690.25915
2017,07,7,5,688.87824
2017,07,7,6,687.87311
2017,07,7,7,687.19339
2017,07,8,0,686.76151
2017,07,8,1,686.07419
2017,07,8,2,685.94355
2017,07,8,3,685.87412
2017,07,8,4,685.4469
2017,07,8,5,685.36165
2017,07,8,6,685.98727
2017,07,8,7,686.48292
2017,07,9,0,687.07975
2017,07,9,1,687.10359
2017,07,9,2,687.78547
2017,07,9,3,688.49112
2017,07,9,4,687.60173
2017,07,9,5,687.09572
2017,07,9,6,687.04428
2017,07,9,7,687.16645
2017,07,10,0,687.47727
2017,07,10,1,687.53958
2017,07,10,2,688.03685
2017,07,10,3,688.1195
2017,07,10,4,687.18917
2017,07,10,5,686.52284
2017,07,10,6,686.90149
2017,07,10,7,686.98036
2017,07,11,0,686.70668
2017,07,11,1,686.2818
2017,07,11,2,686.24743
2017,07,11,3,685.90376
2017,07,11,4,685.45605
2017,07,11,5,685.21518
2017,07,11,6,684.75026
2017,07,11,7,684.44082
2017,07,12,0,684.5743
2017,07,12,1,684.46955
2017,07,12,2,684.22558
2017,07,12,3,683.69533
2017,07,12,4,682.91984
2017,07,12,5,682.2786
2017,07,12,6,682.67735
2017,07,12,7,683.39146
2017,07,13,0,682.92959
2017,07,13,1,682.42033
2017,07,13,2,682.89322
2017,07,13,3,683.38857
2017,07,13,4,683.09529
2017,07,13,5,683.14304
2017,07,13,6,684.14799
2017,07,13,7,685.18775
2017,07,14,0,685.81175
2017,07,14,1,686.67053
2017,07,14,2,687.92773
2017,07,14,3,688.7716
2017,07,14,4,689.33795
2017,07,14,5,689.76509
2017,07,14,6,690.43819
2017,07,14,7,690.82713
2017,07,15,0,690.38509
2017,07,15,1,689.89797
2017,07,15,2,689.54769
2017,07,15,3,689.00147
2017,07,15,4,688.75265
2017,07,15,5,688.64604
2017,07,15,6,688.33242
2017,07,15,7,688.04843
2017,07,16,0,687.76481
2017,07,16,1,687.13014
2017,07,16,2,686.35968
2017,07,16,3,685.77936
2017,07,16,4,685.68977
2017,07,16,5,685.60701
2017,07,16,6,685.76848
2017,07,16,7,686.0231
2017,07,17,0,685.97095
2017,07,17,1,685.86313
2017,07,17,2,686.04868
2017,07,17,3,686.29902
2017,07,17,4,686.45154
2017,07,17,5,686.37131
2017,07,17,6,686.48627
2017,07,17,7,686.67054
2017,07,18,0,686.92353
2017,07,18,1,686.74292
2017,07,18,2,686.96574
2017,07,18,3,687.1829
2017,07,18,4,687.70368
2017,07,18,5,687.95311
2017,07,18,6,688.10507
2017,07,18,7,688.54351
2017,07,19,0,688.78606
2017,07,19,1,688.62114
2017,07,19,2,688.66585
2017,07,19,3,688.44703
2017,07,19,4,688.31258
2017,07,19,5,688.02778
2017,07,19,6,688.20253
2017,07,19,7,688.47703
2017,07,20,0,688.3392
2017,07,20,1,688.07072
2017,07,20,2,687.75088
2017,07,20,3,687.43844
2017,07,20,4,687.15551
2017,07,20,5,686.54998
2017,07,20,6,686.37147
2017,07,20,7,686.30075
2017,07,21,0,686.26339
2017,07,21,1,685.92879
2017,07,21,2,685.66689
2017,07,21,3,685.46015
2017,07,21,4,685.70907
2017,07,21,5,685.97341
2017,07,21,6,686.36646
2017,07,21,7,686.75294
2017,07,22,0,687.14971
2017,07,22,1,687.18017
2017,07,22,2,687.19859
2017,07,22,3,687.13563
2017,07,22,4,687.68682
2017,07,22,5,687.97208
2017,07,22,6,688.01738
2017,07,22,7,688.10521
2017,07,23,0,688.16178
2017,07,23,1,688.17766
2017,07,23,2,688.59793
2017,07,23,3,688.79491
2017,07,23,4,689.06214
2017,07,23,5,689.36231
2017,07,23,6,689.5383
2017,07,23,7,689.6283
2017,07,24,0,690.01836
2017,07,24,1,690.22661
2017,07,24,2,690.01609
2017,07,24,3,689.61144
2017,07,24,4,689.23497
2017,07,24,5,688.3777
2017,07,24,6,688.3228
2017,07,24,7,688.40331
2017,07,25,0,688.101
2017,07,25,1,687.82319
2017,07,25,2,687.26173
2017,07,25,3,686.73317
2017,07,25,4,686.98985
2017,07,25,5,686.868
2017,07,25,6,686.55636
2017,07,25,7,686.2989
2017,07,26,0,686.49312
2017,07,26,1,686.25058
2017,07,26,2,686.4284
2017,07,26,3,686.37583
2017,07,26,4,686.42987
2017,07,26,5,686.6988
2017,07,26,6,687.10658
2017,07,26,7,687.538
2017,07,27,0,687.94637
2017,07,27,1,688.29655
2017,07,27,2,688.57937
2017,07,27,3,688.50686
2017,07,27,4,688.50522
2017,07,27,5,688.60993
2017,07,27,6,688.56891
2017,07,27,7,688.27713
2017,07,28,0,688.06818
2017,07,28,1,687.80887
2017,07,28,2,687.65467
2017,07,28,3,687.4826
2017,07,28,4,687.71414
2017,07,28,5,687.58261
2017,07,28,6,687.93841
2017,07,28,7,688.04458
2017,07,29,0,688.1443
2017,07,29,1,688.54077
2017,07,29,2,689.19288
2017,07,29,3,689.66631
2017,07,29,4,690.09209
2017,07,29,5,690.27988
2017,07,29,6,690.74416
2017,07,29,7,691.34218
2017,07,30,0,692.13595
2017,07,30,1,692.69818
2017,07,30,2,693.03992
2017,07,30,3,693.20919
2017,07,30,4,693.37343
2017,07,30,5,693.35582
2017,07,30,6,693.35574
2017,07,30,7,693.42113
2017,07,1,0,693.31727
2017,07,1,1,692.65615
2017,07,1,2,692.19712
2017,07,1,3,691.64062
2017,07,1,4,690.67549
2017,07,1,5,689.65964
2017,07,1,6,689.10615
2017,07,1,7,688.58688
2017,07,2,0,687.93899
2017,07,2,1,687.27919
2017,07,2,2,686.65916
2017,07,2,3,685.9602
2017,07,2,4,685.39909
2017,07,2,5,684.74631
2017,07,2,6,684.71529
2017,07,2,7,684.71146
2017,07,3,0,684.49087
2017,07,3,1,684.35163
2017,07,3,2,684.19692
2017,07,3,3,684.00019
2017,07,3,4,684.05171
2017,07,3,5,684.04452
2017,07,3,6,683.94279
2017,07,3,7,683.95296
2017,07,4,0,684.10799
2017,07,4,1,684.01464
2017,07,4,2,684.1887
2017,07,4,3,684.35635
2017,07,4,4,684.5443
2017,07,4,5,684.91634
2017,07,4,6,685.28525
2017,07,4,7,685.87985
2017,07,5,0,686.56256
2017,07,5,1,686.91745
2017,07,5,2,687.05109
2017,07,5,3,686.96922
2017,07,5,4,686.99432
2017,07,5,5,686.96851
2017,07,5,6,687.24909
2017,07,5,7,687.62284
2017,07,6,0,687.78807
2017,07,6,1,687.90166
2017,07,6,2,688.26818
2017,07,6,3,688.49452
2017,07,6,4,688.81245
2017,07,6,5,688.69708
2017,07,6,6,688.92589
2017,07,6,7,689.16765
2017,07,7,0,689.55101
2017,07,7,1,689.58225
2017,07,7,2,689.36281
2017,07,7,3,689.40348
2017,07,7,4,689.71602
2017,07,7,5,689.82062
2017,07,7,6,689.58351
2017,07,7,7,689.63205
2017,07,8,0,689.97098
2017,07,8,1,689.92485
2017,07,8,2,689.53611
2017,07,8,3,689.17893
2017,07,8,4,689.22941
2017,07,8,5,689.41187
2017,07,8,6,689.64336
2017,07,8,7,690.09377
2017,07,9,0,690.29727
2017,07,9,1,690.53536
2017,07,9,2,690.63354
2017,07,9,3,690.65333
2017,07,9,4,691.05668
2017,07,9,5,691.50496
2017,07,9,6,692.21014
2017,07,9,7,692.81004
2017,07,10,0,693.31949
2017,07,10,1,693.67008
2017,07,10,2,694.20311
2017,07,10,3,694.55397
2017,07,10,4,694.90229
2017,07,10,5,695.26321
2017,07,10,6,695.6142
2017,07,10,7,695.91266
2017,07,11,0,695.93919
2017,07,11,1,695.77961
2017,07,11,2,696.02019
2017,07,11,3,696.00707
2017,07,11,4,696.10824
2017,07,11,5,696.33317
2017,07,11,6,696.57616
2017,07,11,7,697.09756
2017,07,12,0,697.45038
2017,07,12,1,697.94681
2017,07,12,2,698.50832
2017,07,12,3,698.71506
2017,07,12,4,699.0892
2017,07,12,5,699.31731
2017,07,12,6,700.05012
2017,07,12,7,700.81272
2017,07,13,0,701.07923
2017,07,13,1,701.23632
2017,07,13,2,701.32388
2017,07,13,3,701.0462
2017,07,13,4,701.13949
2017,07,13,5,701.20264
2017,07,13,6,700.81282
2017,07,13,7,700.33022
2017,07,14,0,699.81245
2017,07,14,1,699.3939
2017,07,14,2,699.10253
2017,07,14,3,698.70161
2017,07,14,4,698.38575
2017,07,14,5,698.2681
2017,07,14,6,698.5002
2017,07,14,7,698.76419
2017,07,15,0,698.84222
2017,07,15,1,698.79047
2017,07,15,2,699.14845
2017,07,15,3,699.2907
2017,07,15,4,699.20756
2017,07,15,5,699.03704
2017,07,15,6,699.11207
2017,07,15,7,699.03296
2017,07,16,0,698.50314
2017,07,16,1,697.63032
2017,07,16,2,696.94363
2017,07,16,3,696.25651
2017,07,16,4,695.42615
2017,07,16,5,694.41117
2017,07,16,6,693.26471
2017,07,16,7,692.31277
2017,07,17,0,690.98677
2017,07,17,1,689.44614
2017,07,17,2,688.43608
2017,07,17,3,687.43461
2017,07,17,4,686.77863
2017,07,17,5,686.51651
2017,07,17,6,686.52945
2017,07,17,7,686.98327
2017,07,18,0,687.53906
2017,07,18,1,687.89716
2017,07,18,2,688.16772
2017,07,18,3,688.41659
2017,07,18,4,688.94929
2017,07,18,5,689.26376
2017,07,18,6,689.30718
2017,07,18,7,689.24474
2017,07,19,0,689.41267
2017,07,19,1,689.25419
2017,07,19,2,689.20604
2017,07,19,3,689.49776
2017,07,19,4,689.86155
2017,07,19,5,690.39795
2017,07,19,6,691.24904
2017,07,19,7,692.112
2017,07,20,0,693.04195
2017,07,20,1,693.6854
2017,07,20,2,694.35352
2017,07,20,3,694.72558
2017,07,20,4,694.87012
2017,07,20,5,694.64843
2017,07,20,6,694.74778
2017,07,20,7,694.92985
2017,07,21,0,694.79098
2017,07,21,1,694.33191
2017,07,21,2,694.07098
2017,07,21,3,693.90796
2017,07,21,4,693.89601
2017,07,21,5,693.884
2017,07,21,6,694.0166
2017,07,21,7,694.34901
2017,07,22,0,694.89022
2017,07,22,1,695.38692
2017,07,22,2,696.38672
2017,07,22,3,697.24488
2017,07,22,4,697.01001
2017,07,22,5,696.87037
2017,07,22,6,697.59707
2017,07,22,7,698.12576
2017,07,23,0,699.082
2017,07,23,1,699.11471
2017,07,23,2,698.82677
2017,07,23,3,698.6421
2017,07,23,4,697.74349
2017,07,23,5,697.21673
2017,07,23,6,696.94909
2017,07,23,7,696.78718
2017,07,24,0,696.74469
2017,07,24,1,696.3238
2017,07,24,2,695.82047
2017,07,24,3,695.66296
2017,07,24,4,695.781
2017,07,24,5,695.68397
2017,07,24,6,695.72457
2017,07,24,7,696.00009
2017,07,25,0,696.01005
2017,07,25,1,695.98724
2017,07,25,2,695.63867
2017,07,25,3,695.31913
2017,07,25,4,695.29808
2017,07,25,5,695.30391
2017,07,25,6,695.01972
2017,07,25,7,694.72165
2017,07,26,0,694.26889
2017,07,26,1,693.6039
2017,07,26,2,693.32273
2017,07,26,3,693.32982
2017,07,26,4,693.26685
2017,07,26,5,693.28482
2017,07,26,6,693.51218
2017,07,26,7,693.99807
2017,07,27,0,694.15344
2017,07,27,1,694.14807
2017,07,27,2,694.22647
2017,07,27,3,694.32517
2017,07,27,4,694.38519
2017,07,27,5,694.27606
2017,07,27,6,694.29955
2017,07,27,7,694.3145
2017,07,28,0,694.28018
2017,07,28,1,694.06703
2017,07,28,2,693.62676
2017,07,28,3,693.19976
2017,07,28,4,692.94361
2017,07,28,5,692.57156
2017,07,28,6,692.84858
2017,07,28,7,693.53668
2017,07,29,0,694.07299
2017,07,29,1,694.34851
2017,07,29,2,694.59899
2017,07,29,3,694.86405
2017,07,29,4,695.30621
2017,07,29,5,695.69027
2017,07,29,6,695.99713
2017,07,29,7,696.66204
2017,07,30,0,697.14019
2017,07,30,1,697.39237
2017,07,30,2,697.83235
2017,07,30,3,698.26024
2017,07,30,4,698.20264
2017,07,30,5,697.80263
2017,07,30,6,697.5883
2017,07,30,7,697.47094
2017,07,31,0,697.05286
2017,07,31,1,696.29033
2017,07,31,2,695.16957
2017,07,31,3,694.66067
2017,07,31,4,694.39404
2017,07,31,5,694.2744
2017,07,31,6,694.02682
2017,07,31,7,694.00827
2018,07,1,0,694.44225
2018,07,1,1,694.49065
2018,07,1,2,694.55416
2018,07,1,3,694.81672
2018,07,1,4,695.16213
2018,07,1,5,695.35384
2018,07,1,6,695.7325
2018,07,1,7,696.32946
2018,07,2,0,696.75591
2018,07,2,1,696.92958
2018,07,2,2,697.04834
2018,07,2,3,697.26112
2018,07,2,4,697.38562
2018,07,2,5,697.14067
2018,07,2,6,697.27696
2018,07,2,7,697.68578
2018,07,3,0,697.74203
2018,07,3,1,697.63292
2018,07,3,2,697.9435
2018,07,3,3,697.8013
2018,07,3,4,697.79717
2018,07,3,5,697.20033
2018,07,3,6,696.10513
2018,07,3,7,695.24388
2018,07,4,0,694.07477
2018,07,4,1,692.66741
2018,07,4,2,692.04236
2018,07,4,3,692.05998
2018,07,4,4,691.91157
2018,07,4,5,692.21641
2018,07,4,6,693.73797
2018,07,4,7,695.22832
2018,07,5,0,696.3495
2018,07,5,1,696.96124
2018,07,5,2,697.17933
2018,07,5,3,697.4351
2018,07,5,4,697.46224
2018,07,5,5,697.236
2018,07,5,6,697.16607
2018,07,5,7,697.68384
2018,07,6,0,697.923
2018,07,6,1,697.22011
2018,07,6,2,696.72654
2018,07,6,3,696.34967
2018,07,6,4,695.97991
2018,07,6,5,695.51112
2018,07,6,6,695.09883
2018,07,6,7,694.88301
2018,07,7,0,694.60234
2018,07,7,1,694.5952
2018,07,7,2,695.01942
2018,07,7,3,695.61819
2018,07,7,4,696.42854
2018,07,7,5,697.34731
2018,07,7,6,698.5351
2018,07,7,7,699.74145
2018,07,8,0,700.83047
2018,07,8,1,701.49815
2018,07,8,2,702.11155
2018,07,8,3,702.53537
2018,07,8,4,702.71142
2018,07,8,5,702.66364
2018,07,8,6,702.67014
2018,07,8,7,702.76694
2018,07,9,0,702.6634
2018,07,9,1,702.30264
2018,07,9,2,701.9616
2018,07,9,3,701.36882
2018,07,9,4,700.65595
2018,07,9,5,700.0867
2018,07,9,6,699.81204
2018,07,9,7,699.54715
2018,07,10,0,699.16404
2018,07,10,1,698.41652
2018,07,10,2,697.82528
2018,07,10,3,697.16299
2018,07,10,4,696.60312
2018,07,10,5,696.05106
2018,07,10,6,695.43781
2018,07,10,7,694.93424
2018,07,11,0,694.88488
2018,07,11,1,694.53586
2018,07,11,2,694.40575
2018,07,11,3,694.5041
2018,07,11,4,694.77758
2018,07,11,5,695.06968
2018,07,11,6,695.3581
2018,07,11,7,696.03464
2018,07,12,0,696.68367
2018,07,12,1,696.82754
2018,07,12,2,697.23313
2018,07,12,3,697.31707
2018,07,12,4,697.46191
2018,07,12,5,697.42859
2018,07,12,6,697.20287
2018,07,12,7,697.11483
2018,07,13,0,697.24423
2018,07,13,1,696.99297
2018,07,13,2,696.78765
2018,07,13,3,696.50983
2018,07,13,4,695.52142
2018,07,13,5,694.0532
2018,07,13,6,693.08508
2018,07,13,7,692.01965
2018,07,14,0,690.99241
2018,07,14,1,690.06593
2018,07,14,2,689.66219
2018,07,14,3,689.70595
2018,07,14,4,689.4343
2018,07,14,5,688.65778
2018,07,14,6,688.41189
2018,07,14,7,688.43763
2018,07,15,0,687.80749
2018,07,15,1,686.72607
2018,07,15,2,686.07353
2018,07,15,3,685.32589
2018,07,15,4,684.78764
2018,07,15,5,684.24016
2018,07,15,6,683.93714
2018,07,15,7,684.39768
2018,07,16,0,684.93416
2018,07,16,1,685.31972
2018,07,16,2,685.92757
2018,07,16,3,686.58107
2018,07,16,4,686.83328
2018,07,16,5,687.04796
2018,07,16,6,687.57218
2018,07,16,7,688.11067
2018,07,17,0,688.40869
2018,07,17,1,688.33322
2018,07,17,2,688.37277
2018,07,17,3,688.21732
2018,07,17,4,687.81968
2018,07,17,5,687.63349
2018,07,17,6,687.40176
2018,07,17,7,687.16345
2018,07,18,0,687.40638
2018,07,18,1,687.59216
2018,07,18,2,687.56893
2018,07,18,3,687.64061
2018,07,18,4,687.54245
2018,07,18,5,687.25305
2018,07,18,6,687.83955
2018,07,18,7,688.72451
2018,07,19,0,688.82176
2018,07,19,1,689.16479
2018,07,19,2,689.76631
2018,07,19,3,690.19558
2018,07,19,4,690.61225
2018,07,19,5,690.86476
2018,07,19,6,691.46111
2018,07,19,7,692.01061
2018,07,20,0,691.91702
2018,07,20,1,691.71279
2018,07,20,2,691.48051
2018,07,20,3,691.10144
2018,07,20,4,691.14767
2018,07,20,5,691.22538
2018,07,20,6,691.12936
2018,07,20,7,691.03663
2018,07,21,0,691.30059
2018,07,21,1,691.49611
2018,07,21,2,691.65715
2018,07,21,3,691.70844
2018,07,21,4,691.92542
2018,07,21,5,692.65098
2018,07,21,6,693.33674
2018,07,21,7,693.94514
2018,07,22,0,694.29628
2018,07,22,1,694.4369
2018,07,22,2,694.6876
2018,07,22,3,694.50236
2018,07,22,4,694.03184
2018,07,22,5,693.55849
2018,07,22,6,693.45516
2018,07,22,7,693.60191
2018,07,23,0,693.47665
2018,07,23,1,692.98466
2018,07,23,2,692.73465
2018,07,23,3,692.38636
2018,07,23,4,692.1196
2018,07,23,5,692.19809
2018,07,23,6,692.0094
2018,07,23,7,691.66559
2018,07,24,0,691.61896
2018,07,24,1,691.44865
2018,07,24,2,691.57483
2018,07,24,3,691.89852
2018,07,24,4,692.14449
2018,07,24,5,692.42917
2018,07,24,6,692.83138
2018,07,24,7,693.41514
2018,07,25,0,694.15395
2018,07,25,1,694.4633
2018,07,25,2,694.97628
2018,07,25,3,695.51952
2018,07,25,4,695.8417
2018,07,25,5,695.92991
2018,07,25,6,695.93994
2018,07,25,7,695.99643
2018,07,26,0,695.9184
2018,07,26,1,695.36099
2018,07,26,2,694.84238
2018,07,26,3,694.42362
2018,07,26,4,693.95172
2018,07,26,5,693.4018
2018,07,26,6,693.39118
2018,07,26,7,693.67859
2018,07,27,0,694.36997
2018,07,27,1,694.69069
2018,07,27,2,695.18762
2018,07,27,3,695.73575
2018,07,27,4,696.58493
2018,07,27,5,697.09206
2018,07,27,6,697.5965
2018,07,27,7,698.11032
2018,07,28,0,698.65763
2018,07,28,1,698.74413
2018,07,28,2,698.67996
2018,07,28,3,698.52092
2018,07,28,4,698.15397
2018,07,28,5,697.32168
2018,07,28,6,696.87872
2018,07,28,7,696.48731
2018,07,29,0,695.7796
2018,07,29,1,694.53072
2018,07,29,2,693.75947
2018,07,29,3,693.03063
2018,07,29,4,692.68703
2018,07,29,5,692.19666
2018,07,29,6,691.71231
2018,07,29,7,691.64442
2018,07,30,0,691.78981
2018,07,30,1,691.45269
2018,07,30,2,691.54026
2018,07,30,3,691.61132
2018,07,30,4,691.77046
2018,07,30,5,691.71103
2018,07,30,6,692.06076
2018,07,30,7,692.56316
2018,07,31,0,692.88476
2018,07,31,1,692.89597
2018,07,31,2,693.47528
2018,07,31,3,693.75658
2018,07,31,4,693.74309
2018,07,31,5,693.66048
2018,07,31,6,693.88651
2018,07,31,7,694.09345
2018,07,1,0,694.28574
2018,07,1,1,694.182
2018,07,1,2,694.30457
2018,07,1,3,694.38248
2018,07,1,4,694.41152
2018,07,1,5,694.40546
2018,07,1,6,694.31381
2018,07,1,7,694.31964
2018,07,2,0,694.21658
2018,07,2,1,694.05283
2018,07,2,2,694.16106
2018,07,2,3,694.22421
2018,07,2,4,694.13865
2018,07,2,5,693.87272
2018,07,2,6,693.99492
2018,07,2,7,693.9766
2018,07,3,0,693.94696
2018,07,3,1,694.07392
2018,07,3,2,694.09654
2018,07,3,3,693.94277
2018,07,3,4,693.90806
2018,07,3,5,693.76955
2018,07,3,6,693.72586
2018,07,3,7,693.84004
2018,07,4,0,693.82985
2018,07,4,1,693.75207
2018,07,4,2,693.97074
2018,07,4,3,693.93229
2018,07,4,4,694.28102
2018,07,4,5,694.57196
2018,07,4,6,694.85104
2018,07,4,7,695.2305
2018,07,5,0,695.37063
2018,07,5,1,695.10287
2018,07,5,2,694.76474
2018,07,5,3,694.12683
2018,07,5,4,693.3977
2018,07,5,5,692.55855
2018,07,5,6,691.76072
2018,07,5,7,690.78026
2018,07,6,0,690.70536
2018,07,6,1,690.33333
2018,07,6,2,690.20111
2018,07,6,3,690.3343
2018,07,6,4,690.44432
2018,07,6,5,690.62221
2018,07,6,6,691.50219
2018,07,6,7,692.4697
2018,07,7,0,693.00292
2018,07,7,1,692.88231
2018,07,7,2,693.00342
2018,07,7,3,692.99227
2018,07,7,4,693.41182
2018,07,7,5,692.83536
2018,07,7,6,691.98215
2018,07,7,7,691.2041
2018,07,8,0,690.64176
2018,07,8,1,689.39254
2018,07,8,2,687.83955
2018,07,8,3,686.70294
2018,07,8,4,685.71714
2018,07,8,5,684.82958
2018,07,8,6,683.94484
2018,07,8,7,683.37458
2018,07,9,0,683.0711
2018,07,9,1,682.64341
2018,07,9,2,682.77282
2018,07,9,3,683.22428
2018,07,9,4,683.83334
2018,07,9,5,684.09501
2018,07,9,6,684.5894
2018,07,9,7,685.25661
2018,07,10,0,686.02154
2018,07,10,1,686.53989
2018,07,10,2,687.05582
2018,07,10,3,687.68706
2018,07,10,4,688.42876
2018,07,10,5,688.80403
2018,07,10,6,689.62525
2018,07,10,7,690.36187
2018,07,11,0,691.10987
2018,07,11,1,691.27346
2018,07,11,2,691.44362
2018,07,11,3,691.60027
2018,07,11,4,691.27527
2018,07,11,5,690.51588
2018,07,11,6,690.12832
2018,07,11,7,689.54046
2018,07,12,0,688.6514
2018,07,12,1,687.56557
2018,07,12,2,686.79411
2018,07,12,3,685.64356
2018,07,12,4,684.36817
2018,07,12,5,683.28062
2018,07,12,6,683.03184
2018,07,12,7,682.45585
2018,07,13,0,681.91201
2018,07,13,1,681.42544
2018,07,13,2,681.77589
2018,07,13,3,682.01103
2018,07,13,4,682.07877
2018,07,13,5,682.44597
2018,07,13,6,683.09983
2018,07,13,7,684.0045
2018,07,14,0,684.6927
2018,07,14,1,685.27968
2018,07,14,2,686.45039
2018,07,14,3,687.42573
2018,07,14,4,687.28316
2018,07,14,5,686.69624
2018,07,14,6,686.86333
2018,07,14,7,686.7607
2018,07,15,0,687.01003
2018,07,15,1,687.14355
2018,07,15,2,687.55056
2018,07,15,3,687.41701
2018,07,15,4,686.43497
2018,07,15,5,685.36272
2018,07,15,6,684.75261
2018,07,15,7,684.53032
2018,07,16,0,684.49101
2018,07,16,1,684.33432
2018,07,16,2,684.71537
2018,07,16,3,685.41915
2018,07,16,4,685.63202
2018,07,16,5,686.08447
2018,07,16,6,687.35334
2018,07,16,7,688.88937
2018,07,17,0,689.49916
2018,07,17,1,689.97154
2018,07,17,2,690.44351
2018,07,17,3,690.5692
2018,07,17,4,690.82481
2018,07,17,5,690.86008
2018,07,17,6,690.73091
2018,07,17,7,690.50769
2018,07,18,0,690.44743
2018,07,18,1,690.42065
2018,07,18,2,689.46566
2018,07,18,3,688.51592
2018,07,18,4,687.8656
2018,07,18,5,687.11086
2018,07,18,6,686.48531
2018,07,18,7,686.05982
2018,07,19,0,685.68787
2018,07,19,1,685.34686
2018,07,19,2,684.58749
2018,07,19,3,683.68451
2018,07,19,4,682.79288
2018,07,19,5,682.11395
2018,07,19,6,682.00249
2018,07,19,7,682.18072
2018,07,20,0,682.76407
2018,07,20,1,683.03556
2018,07,20,2,683.93499
2018,07,20,3,684.9989
2018,07,20,4,685.77828
2018,07,20,5,686.38322
2018,07,20,6,686.77212
2018,07,20,7,687.24094
2018,07,21,0,687.58404
2018,07,21,1,687.53024
2018,07,21,2,687.72853
2018,07,21,3,688.02032
2018,07,21,4,688.05483
2018,07,21,5,687.99732
2018,07,21,6,688.104
2018,07,21,7,688.48817
2018,07,22,0,688.84084
2018,07,22,1,689.23694
2018,07,22,2,690.09094
2018,07,22,3,691.00555
2018,07,22,4,691.90097
2018,07,22,5,692.66121
2018,07,22,6,693.01717
2018,07,22,7,693.61302
2018,07,23,0,693.68507
2018,07,23,1,693.36013
2018,07,23,2,693.34612
2018,07,23,3,693.28405
2018,07,23,4,692.61066
2018,07,23,5,691.76387
2018,07,23,6,691.37088
2018,07,23,7,690.84847
2018,07,24,0,689.59353
2018,07,24,1,688.41392
2018,07,24,2,687.63689
2018,07,24,3,686.25549
2018,07,24,4,685.47255
2018,07,24,5,684.99359
2018,07,24,6,684.3289
2018,07,24,7,683.86539
2018,07,25,0,683.66352
2018,07,25,1,683.25904
2018,07,25,2,683.16747
2018,07,25,3,683.18824
2018,07,25,4,683.21314
2018,07,25,5,683.41618
2018,07,25,6,683.28809
2018,07,25,7,683.59684
2018,07,26,0,683.90494
2018,07,26,1,683.83309
2018,07,26,2,684.38782
2018,07,26,3,684.90262
2018,07,26,4,685.01576
2018,07,26,5,685.29917
2018,07,26,6,685.65699
2018,07,26,7,686.0986
2018,07,27,0,686.70523
2018,07,27,1,686.91156
2018,07,27,2,686.96702
2018,07,27,3,687.22383
2018,07,27,4,687.33569
2018,07,27,5,687.12352
2018,07,27,6,687.43841
2018,07,27,7,687.81166
2018,07,28,0,687.58223
2018,07,28,1,686.86388
2018,07,28,2,686.72895
2018,07,28,3,686.70608
2018,07,28,4,686.2776
2018,07,28,5,685.74438
2018,07,28,6,685.15754
2018,07,28,7,684.91602
2018,07,1,0,684.8904
2018,07,1,1,684.41422
2018,07,1,2,684.07065
2018,07,1,3,683.88522
2018,07,1,4,684.25897
2018,07,1,5,684.51637
2018,07,1,6,684.61126
2018,07,1,7,684.7174
2018,07,2,0,684.83908
2018,07,2,1,684.68785
2018,07,2,2,684.79236
2018,07,2,3,685.08886
2018,07,2,4,685.62235
2018,07,2,5,686.15983
2018,07,2,6,686.55471
2018,07,2,7,687.04109
2018,07,3,0,687.51417
2018,07,3,1,687.68655
2018,07,3,2,688.37418
2018,07,3,3,688.94712
2018,07,3,4,689.25476
2018,07,3,5,689.57857
2018,07,3,6,689.9474
2018,07,3,7,690.36763
2018,07,4,0,691.16011
2018,07,4,1,691.27001
2018,07,4,2,691.30486
2018,07,4,3,691.36434
2018,07,4,4,691.37948
2018,07,4,5,691.04971
2018,07,4,6,690.53122
2018,07,4,7,690.17161
2018,07,5,0,689.67575
2018,07,5,1,688.85232
2018,07,5,2,688.08824
2018,07,5,3,687.4249
2018,07,5,4,686.31865
2018,07,5,5,684.96046
2018,07,5,6,684.05436
2018,07,5,7,683.14885
2018,07,6,0,682.41981
2018,07,6,1,681.39686
2018,07,6,2,681.15247
2018,07,6,3,681.069
2018,07,6,4,680.9744
2018,07,6,5,680.91077
2018,07,6,6,680.74207
2018,07,6,7,681.14815
2018,07,7,0,681.13118
2018,07,7,1,681.08332
2018,07,7,2,681.85793
2018,07,7,3,682.74387
2018,07,7,4,683.52588
2018,07,7,5,683.73639
2018,07,7,6,683.92116
2018,07,7,7,684.2887
2018,07,8,0,684.98179
2018,07,8,1,685.08839
2018,07,8,2,685.13178
2018,07,8,3,685.57848
2018,07,8,4,686.35699
2018,07,8,5,686.99917
2018,07,8,6,687.39971
2018,07,8,7,687.80215
2018,07,9,0,688.27704
2018,07,9,1,688.39721
2018,07,9,2,688.6229
2018,07,9,3,688.73626
2018,07,9,4,688.54473
2018,07,9,5,688.41542
2018,07,9,6,688.39066
2018,07,9,7,688.67152
2018,07,10,0,689.20197
2018,07,10,1,689.80573
2018,07,10,2,690.33781
2018,07,10,3,690.96184
2018,07,10,4,691.8466
2018,07,10,5,692.83148
2018,07,10,6,693.696
2018,07,10,7,694.71079
2018,07,11,0,696.14695
2018,07,11,1,697.12179
2018,07,11,2,698.16755
2018,07,11,3,699.0918
2018,07,11,4,699.44371
2018,07,11,5,699.91931
2018,07,11,6,700.09945
2018,07,11,7,700.03948
2018,07,12,0,700.53817
2018,07,12,1,700.55853
2018,07,12,2,700.11182
2018,07,12,3,699.59835
2018,07,12,4,698.97215
2018,07,12,5,698.41265
2018,07,12,6,697.95066
2018,07,12,7,697.51652
2018,07,13,0,697.25855
2018,07,13,1,696.73115
2018,07,13,2,696.44338
2018,07,13,3,696.01376
2018,07,13,4,695.26536
2018,07,13,5,694.42974
2018,07,13,6,693.98609
2018,07,13,7,693.46984
2018,07,14,0,692.86532
2018,07,14,1,692.22608
2018,07,14,2,691.88721
2018,07,14,3,691.58749
2018,07,14,4,691.28146
2018,07,14,5,690.90029
2018,07,14,6,690.5909
2018,07,14,7,690.32844
2018,07,15,0,690.25851
2018,07,15,1,689.86145
2018,07,15,2,689.07994
2018,07,15,3,688.14088
2018,07,15,4,687.54642
2018,07,15,5,686.89076
2018,07,15,6,686.11227
2018,07,15,7,685.61542
2018,07,16,0,685.31313
2018,07,16,1,684.94952
2018,07,16,2,685.33376
2018,07,16,3,685.84923
2018,07,16,4,686.44186
2018,07,16,5,687.07208
2018,07,16,6,687.74368
2018,07,16,7,688.38156
2018,07,17,0,688.63166
2018,07,17,1,688.34996
2018,07,17,2,687.71365
2018,07,17,3,687.77014
2018,07,17,4,687.03883
2018,07,17,5,686.64221
2018,07,17,6,685.68007
2018,07,17,7,685.13691
2018,07,18,0,685.31493
2018,07,18,1,685.35303
2018,07,18,2,686.20592
2018,07,18,3,687.05918
2018,07,18,4,687.59691
2018,07,18,5,688.15503
2018,07,18,6,688.95926
2018,07,18,7,689.54722
2018,07,19,0,690.55656
2018,07,19,1,691.46923
2018,07,19,2,692.03959
2018,07,19,3,692.21744
2018,07,19,4,692.74888
2018,07,19,5,692.48719
2018,07,19,6,691.95148
2018,07,19,7,691.30867
2018,07,20,0,691.03775
2018,07,20,1,690.38469
2018,07,20,2,689.58825
2018,07,20,3,688.81292
2018,07,20,4,687.92433
2018,07,20,5,686.84673
2018,07,20,6,685.74303
2018,07,20,7,684.73307
2018,07,21,0,684.32568
2018,07,21,1,683.99789
2018,07,21,2,684.74703
2018,07,21,3,685.44222
2018,07,21,4,686.10621
2018,07,21,5,686.91542
2018,07,21,6,687.90674
2018,07,21,7,688.83172
2018,07,22,0,689.67145
2018,07,22,1,689.73339
2018,07,22,2,689.76055
2018,07,22,3,690.02263
2018,07,22,4,690.03213
2018,07,22,5,689.94894
2018,07,22,6,689.85454
2018,07,22,7,690.10693
2018,07,23,0,691.56627
2018,07,23,1,693.22689
2018,07,23,2,695.41678
2018,07,23,3,697.47154
2018,07,23,4,699.35712
2018,07,23,5,699.93823
2018,07,23,6,700.35559
2018,07,23,7,699.88768
2018,07,24,0,700.04472
2018,07,24,1,700.50272
2018,07,24,2,700.93323
2018,07,24,3,701.42787
2018,07,24,4,701.82314
2018,07,24,5,701.87379
2018,07,24,6,701.30305
2018,07,24,7,700.16725
2018,07,25,0,698.76871
2018,07,25,1,696.24649
2018,07,25,2,694.83624
2018,07,25,3,694.48725
2018,07,25,4,694.11659
2018,07,25,5,693.47801
2018,07,25,6,693.29344
2018,07,25,7,693.59572
2018,07,26,0,693.96132
2018,07,26,1,694.43811
2018,07,26,2,694.68904
2018,07,26,3,694.98823
2018,07,26,4,695.55381
2018,07,26,5,696.19518
2018,07,26,6,696.61391
2018,07,26,7,697.10306
2018,07,27,0,697.59468
2018,07,27,1,697.54922
2018,07,27,2,697.73945
2018,07,27,3,698.42797
2018,07,27,4,698.77497
2018,07,27,5,699.23315
2018,07,27,6,699.65285
2018,07,27,7,700.13487
2018,07,28,0,700.62847
2018,07,28,1,700.49144
2018,07,28,2,700.66524
2018,07,28,3,700.88249
2018,07,28,4,700.98018
2018,07,28,5,701.17247
2018,07,28,6,701.81391
2018,07,28,7,702.07287
2018,07,29,0,702.55017
2018,07,29,1,702.81657
2018,07,29,2,702.84804
2018,07,29,3,702.7087
2018,07,29,4,702.77121
2018,07,29,5,702.73234
2018,07,29,6,702.77618
2018,07,29,7,702.94001
2018,07,30,0,702.78176
2018,07,30,1,702.51831
2018,07,30,2,702.53914
2018,07,30,3,702.41006
2018,07,30,4,702.50479
2018,07,30,5,710.09298
2018,07,30,6,710.1772
2018,07,30,7,710.24835
2018,07,31,0,710.43884
2018,07,31,1,710.09216
2018,07,31,2,702.25945
2018,07,31,3,702.34583
2018,07,31,4,701.76639
2018,07,31,5,701.19779
2018,07,31,6,700.76859
2018,07,31,7,700.26965
2018,07,1,0,700.1858
2018,07,1,1,699.73931
2018,07,1,2,699.29451
2018,07,1,3,699.21752
2018,07,1,4,699.23484
2018,07,1,5,699.14921
2018,07,1,6,699.11379
2018,07,1,7,699.21226
2018,07,2,0,699.22945
2018,07,2,1,699.02239
2018,07,2,2,698.79515
2018,07,2,3,698.61407
2018,07,2,4,698.50275
2018,07,2,5,698.21879
2018,07,2,6,697.57346
2018,07,2,7,697.13233
2018,07,3,0,696.63372
2018,07,3,1,695.89724
2018,07,3,2,695.23058
2018,07,3,3,694.91371
2018,07,3,4,694.2629
2018,07,3,5,693.94374
2018,07,3,6,693.85619
2018,07,3,7,693.78649
2018,07,4,0,693.54272
2018,07,4,1,693.1113
2018,07,4,2,693.53226
2018,07,4,3,693.99857
2018,07,4,4,694.28767
2018,07,4,5,694.68178
2018,07,4,6,694.89346
2018,07,4,7,695.11358
2018,07,5,0,695.52702
2018,07,5,1,695.33226
2018,07,5,2,695.42149
2018,07,5,3,695.67011
2018,07,5,4,695.81024
2018,07,5,5,695.82916
2018,07,5,6,695.60001
2018,07,5,7,695.319
2018,07,6,0,695.09422
2018,07,6,1,694.69522
2018,07,6,2,694.50915
2018,07,6,3,694.49927
2018,07,6,4,694.59831
2018,07,6,5,694.63215
2018,07,6,6,694.9996
2018,07,6,7,695.51416
2018,07,7,0,695.73266
2018,07,7,1,695.67205
2018,07,7,2,696.19634
2018,07,7,3,696.85878
2018,07,7,4,696.93782
2018,07,7,5,696.71859
2018,07,7,6,696.77154
2018,07,7,7,696.82073
2018,07,8,0,696.21819
2018,07,8,1,695.47602
2018,07,8,2,695.2383
2018,07,8,3,694.94967
2018,07,8,4,694.2118
2018,07,8,5,693.54143
2018,07,8,6,693.05912
2018,07,8,7,692.77388
2018,07,9,0,692.10747
2018,07,9,1,691.50637
2018,07,9,2,691.54198
2018,07,9,3,691.50013
2018,07,9,4,691.17562
2018,07,9,5,690.8847
2018,07,9,6,690.4441
2018,07,9,7,690.05122
2018,07,10,0,689.6176
2018,07,10,1,689.14924
2018,07,10,2,689.15915
2018,07,10,3,689.2115
2018,07,10,4,689.0398
2018,07,10,5,689.23751
2018,07,10,6,689.06449
2018,07,10,7,688.90539
2018,07,11,0,688.74722
2018,07,11,1,688.16193
2018,07,11,2,688.23128
2018,07,11,3,688.265
2018,07,11,4,687.94968
2018,07,11,5,687.88335
2018,07,11,6,687.3219
2018,07,11,7,686.82507
2018,07,12,0,686.27063
2018,07,12,1,685.41364
2018,07,12,2,684.80154
2018,07,12,3,684.19771
2018,07,12,4,682.9482
2018,07,12,5,681.44407
2018,07,12,6,680.63659
2018,07,12,7,680.17391
2018,07,13,0,679.79394
2018,07,13,1,679.45166
2018,07,13,2,679.55981
2018,07,13,3,680.01673
2018,07,13,4,680.29498
2018,07,13,5,680.66931
2018,07,13,6,680.95564
2018,07,13,7,681.53724
2018,07,14,0,682.61258
2018,07,14,1,683.38145
2018,07,14,2,684.37276
2018,07,14,3,685.06559
2018,07,14,4,685.95732
2018,07,14,5,686.14734
2018,07,14,6,686.47107
2018,07,14,7,686.94374
2018,07,15,0,687.55925
2018,07,15,1,688.2759
2018,07,15,2,688.54301
2018,07,15,3,688.65558
2018,07,15,4,689.46383
2018,07,15,5,690.12472
2018,07,15,6,690.53734
2018,07,15,7,690.90296
2018,07,16,0,691.64412
2018,07,16,1,692.05631
2018,07,16,2,692.40733
2018,07,16,3,692.85783
2018,07,16,4,692.90804
2018,07,16,5,692.97738
2018,07,16,6,692.44028
2018,07,16,7,692.05866
2018,07,17,0,691.5472
2018,07,17,1,691.05751
2018,07,17,2,690.77253
2018,07,17,3,690.35352
2018,07,17,4,689.17852
2018,07,17,5,687.52005
2018,07,17,6,686.33041
2018,07,17,7,685.43348
2018,07,18,0,684.86466
2018,07,18,1,684.88478
2018,07,18,2,685.11993
2018,07,18,3,686.03888
2018,07,18,4,687.19291
2018,07,18,5,688.44875
2018,07,18,6,689.70396
2018,07,18,7,690.97421
2018,07,19,0,692.30177
2018,07,19,1,693.08346
2018,07,19,2,693.75092
2018,07,19,3,694.06604
2018,07,19,4,694.00794
2018,07,19,5,693.77267
2018,07,19,6,693.09256
2018,07,19,7,692.66508
2018,07,20,0,692.48026
2018,07,20,1,691.91866
2018,07,20,2,691.45363
2018,07,20,3,691.01158
2018,07,20,4,690.28001
2018,07,20,5,689.66416
2018,07,20,6,689.1924
2018,07,20,7,688.99073
2018,07,21,0,688.62872
2018,07,21,1,688.25145
2018,07,21,2,688.18724
2018,07,21,3,688.03687
2018,07,21,4,687.57545
2018,07,21,5,687.10109
2018,07,21,6,686.75377
2018,07,21,7,686.65991
2018,07,22,0,687.06583
2018,07,22,1,687.18645
2018,07,22,2,687.22201
2018,07,22,3,687.55123
2018,07,22,4,687.99453
2018,07,22,5,688.3331
2018,07,22,6,688.33197
2018,07,22,7,688.27041
2018,07,23,0,688.61816
2018,07,23,1,688.44279
2018,07,23,2,688.25399
2018,07,23,3,688.20604
2018,07,23,4,687.91769
2018,07,23,5,687.68711
2018,07,23,6,687.52958
2018,07,23,7,687.70427
2018,07,24,0,687.65377
2018,07,24,1,687.35675
2018,07,24,2,687.44147
2018,07,24,3,687.40901
2018,07,24,4,687.16353
2018,07,24,5,686.94352
2018,07,24,6,686.11956
2018,07,24,7,685.59948
2018,07,25,0,685.26232
2018,07,25,1,684.7335
2018,07,25,2,685.00616
2018,07,25,3,685.6508
2018,07,25,4,686.00246
2018,07,25,5,686.47547
2018,07,25,6,686.76916
2018,07,25,7,686.97844
2018,07,26,0,687.49644
2018,07,26,1,687.28354
2018,07,26,2,687.12357
2018,07,26,3,687.3296
2018,07,26,4,686.9589
2018,07,26,5,686.19932
2018,07,26,6,685.28174
2018,07,26,7,684.87652
2018,07,27,0,685.01731
2018,07,27,1,684.79677
2018,07,27,2,684.80879
2018,07,27,3,684.82701
2018,07,27,4,684.3558
2018,07,27,5,684.0131
2018,07,27,6,683.78537
2018,07,27,7,683.62417
2018,07,28,0,683.69818
2018,07,28,1,683.36062
2018,07,28,2,683.03806
2018,07,28,3,682.85401
2018,07,28,4,682.43626
2018,07,28,5,681.98304
2018,07,28,6,681.758
2018,07,28,7,681.86789
2018,07,29,0,681.46781
2018,07,29,1,681.21976
2018,07,29,2,681.81877
2018,07,29,3,682.163
2018,07,29,4,682.51765
2018,07,29,5,683.03986
2018,07,29,6,683.37699
2018,07,29,7,683.39803
2018,07,30,0,683.99917
2018,07,30,1,684.29549
2018,07,30,2,684.67544
2018,07,30,3,684.83883
2018,07,30,4,684.83493
2018,07,30,5,684.54477
2018,07,30,6,684.02281
2018,07,30,7,683.57402
2018,07,1,0,683.29734
2018,07,1,1,682.62896
2018,07,1,2,681.56148
2018,07,1,3,680.69787
2018,07,1,4,679.76959
2018,07,1,5,678.85711
2018,07,1,6,678.04015
2018,07,1,7,677.58214
2018,07,2,0,677.8133
2018,07,2,1,677.83041
2018,07,2,2,678.08052
2018,07,2,3,678.75466
2018,07,2,4,679.55939
2018,07,2,5,680.57709
2018,07,2,6,681.61814
2018,07,2,7,682.54544
2018,07,3,0,683.41666
2018,07,3,1,684.01284
2018,07,3,2,684.35832
2018,07,3,3,684.64703
2018,07,3,4,685.45852
2018,07,3,5,686.11443
2018,07,3,6,686.6944
2018,07,3,7,687.03527
2018,07,4,0,687.18635
2018,07,4,1,686.91758
2018,07,4,2,686.86674
2018,07,4,3,686.56402
2018,07,4,4,686.32134
2018,07,4,5,686.13252
2018,07,4,6,685.74476
2018,07,4,7,685.59075
2018,07,5,0,685.47224
2018,07,5,1,685.35401
2018,07,5,2,685.46609
2018,07,5,3,685.46052
2018,07,5,4,685.18234
2018,07,5,5,684.50358
2018,07,5,6,683.88851
2018,07,5,7,683.90111
2018,07,6,0,683.54053
2018,07,6,1,682.4991
2018,07,6,2,682.13482
2018,07,6,3,682.41241
2018,07,6,4,681.9543
2018,07,6,5,680.74008
2018,07,6,6,679.64228
2018,07,6,7,678.93384
2018,07,7,0,678.88424
2018,07,7,1,678.8794
2018,07,7,2,679.03132
2018,07,7,3,680.02657
2018,07,7,4,681.62776
2018,07,7,5,683.07085
2018,07,7,6,685.14877
2018,07,7,7,686.71851
2018,07,8,0,687.11283
2018,07,8,1,686.50796
2018,07,8,2,686.4718
2018,07,8,3,686.95873
2018,07,8,4,687.01908
2018,07,8,5,686.77181
2018,07,8,6,686.94936
2018,07,8,7,687.19594
2018,07,9,0,687.37234
2018,07,9,1,686.5921
2018,07,9,2,684.69444
2018,07,9,3,682.08099
2018,07,9,4,679.44043
2018,07,9,5,678.23023
2018,07,9,6,678.69371
2018,07,9,7,679.94842
2018,07,10,0,681.54466
2018,07,10,1,682.85658
2018,07,10,2,684.10622
2018,07,10,3,684.91487
2018,07,10,4,684.89229
2018,07,10,5,685.01492
2018,07,10,6,685.57178
2018,07,10,7,686.36091
2018,07,11,0,687.21389
2018,07,11,1,688.28705
2018,07,11,2,690.03496
2018,07,11,3,691.78856
2018,07,11,4,692.99528
2018,07,11,5,693.60235
2018,07,11,6,693.88175
2018,07,11,7,694.37938
2018,07,12,0,695.15765
2018,07,12,1,694.97878
2018,07,12,2,695.01399
2018,07,12,3,695.22024
2018,07,12,4,695.52073
2018,07,12,5,695.54251
2018,07,12,6,695.56263
2018,07,12,7,695.71725
2018,07,13,0,695.66577
2018,07,13,1,695.05022
2018,07,13,2,695.2462
2018,07,13,3,695.4173
2018,07,13,4,695.73334
2018,07,13,5,695.72364
2018,07,13,6,695.35727
2018,07,13,7,694.77607
2018,07,14,0,693.67427
2018,07,14,1,692.15132
2018,07,14,2,691.55973
2018,07,14,3,692.13905
2018,07,14,4,692.25599
2018,07,14,5,692.09168
2018,07,14,6,691.77597
2018,07,14,7,691.32215
2018,07,15,0,691.06977
2018,07,15,1,690.59116
2018,07,15,2,690.69016
2018,07,15,3,691.65569
2018,07,15,4,692.42425
2018,07,15,5,693.31245
2018,07,15,6,694.27283
2018,07,15,7,695.13294
2018,07,16,0,695.26312
2018,07,16,1,694.36049
2018,07,16,2,693.85782
2018,07,16,3,693.48267
2018,07,16,4,693.18918
2018,07,16,5,692.56445
2018,07,16,6,691.80164
2018,07,16,7,690.97434
2018,07,17,0,690.89803
2018,07,17,1,691.05521
2018,07,17,2,691.20825
2018,07,17,3,691.17404
2018,07,17,4,691.41251
2018,07,17,5,691.04131
2018,07,17,6,690.4051
2018,07,17,7,689.6794
2018,07,18,0,689.97459
2018,07,18,1,689.83637
2018,07,18,2,689.22573
2018,07,18,3,688.93175
2018,07,18,4,688.75109
2018,07,18,5,688.09524
2018,07,18,6,687.50762
2018,07,18,7,687.10239
2018,07,19,0,686.78861
2018,07,19,1,686.41975
2018,07,19,2,686.28393
2018,07,19,3,686.38657
2018,07,19,4,686.21258
2018,07,19,5,686.47136
2018,07,19,6,687.39894
2018,07,19,7,687.89723
2018,07,20,0,688.72545
2018,07,20,1,688.70875
2018,07,20,2,689.0489
2018,07,20,3,690.20327
2018,07,20,4,691.22583
2018,07,20,5,692.02843
2018,07,20,6,692.88767
2018,07,20,7,693.0589
2018,07,21,0,693.45084
2018,07,21,1,693.22065
2018,07,21,2,693.77908
2018,07,21,3,694.49818
2018,07,21,4,694.56022
2018,07,21,5,694.29558
2018,07,21,6,694.46766
2018,07,21,7,694.32975
2018,07,22,0,694.4689
2018,07,22,1,694.73752
2018,07,22,2,695.02062
2018,07,22,3,695.42421
2018,07,22,4,695.97159
2018,07,22,5,696.28996
2018,07,22,6,695.77869
2018,07,22,7,694.97438
2018,07,23,0,694.77472
2018,07,23,1,693.54273
2018,07,23,2,692.5576
2018,07,23,3,691.61651
2018,07,23,4,690.72861
2018,07,23,5,689.5303
2018,07,23,6,688.57396
2018,07,23,7,688.36391
2018,07,24,0,687.45999
2018,07,24,1,686.9703
2018,07,24,2,687.55327
2018,07,24,3,688.04327
2018,07,24,4,687.82743
2018,07,24,5,687.65381
2018,07,24,6,687.48651
2018,07,24,7,686.82828
2018,07,25,0,686.06487
2018,07,25,1,685.39343
2018,07,25,2,684.97226
2018,07,25,3,684.69885
2018,07,25,4,684.03222
2018,07,25,5,683.34493
2018,07,25,6,682.782
2018,07,25,7,682.50378
2018,07,26,0,682.38105
2018,07,26,1,682.07888
2018,07,26,2,682.21535
2018,07,26,3,682.57011
2018,07,26,4,683.11795
2018,07,26,5,683.94925
2018,07,26,6,684.91003
2018,07,26,7,685.52233
2018,07,27,0,686.6422
2018,07,27,1,687.21522
2018,07,27,2,687.50938
2018,07,27,3,688.05936
2018,07,27,4,688.17749
2018,07,27,5,688.07167
2018,07,27,6,687.88169
2018,07,27,7,688.1397
2018,07,28,0,688.74707
2018,07,28,1,688.56336
2018,07,28,2,688.69618
2018,07,28,3,689.02852
2018,07,28,4,689.43103
2018,07,28,5,689.55778
2018,07,28,6,689.14921
2018,07,28,7,688.37659
2018,07,29,0,687.97928
2018,07,29,1,687.62913
2018,07,29,2,687.27596
2018,07,29,3,687.75778
2018,07,29,4,689.07597
2018,07,29,5,690.42418
2018,07,29,6,691.8277
2018,07,29,7,692.50118
2018,07,30,0,692.20194
2018,07,30,1,691.58837
2018,07,30,2,691.80509
2018,07,30,3,691.88308
2018,07,30,4,691.96728
2018,07,30,5,692.23596
2018,07,30,6,692.75461
2018,07,30,7,693.09186
2018,07,31,0,693.99213
2018,07,31,1,694.73949
2018,07,31,2,695.59687
2018,07,31,3,696.50522
2018,07,31,4,697.69933
2018,07,31,5,698.50089
2018,07,31,6,698.33619
2018,07,31,7,697.75914
2018,07,1,0,698.61589
2018,07,1,1,699.41858
2018,07,1,2,700.62743
2018,07,1,3,701.38547
2018,07,1,4,701.14413
2018,07,1,5,702.36533
2018,07,1,6,703.91933
2018,07,1,7,703.32853
2018,07,2,0,701.74017
2018,07,2,1,700.85347
2018,07,2,2,700.36413
2018,07,2,3,699.81129
2018,07,2,4,698.74404
2018,07,2,5,696.45333
2018,07,2,6,692.9933
2018,07,2,7,687.72245
2018,07,3,0,683.35302
2018,07,3,1,681.09029
2018,07,3,2,679.90917
2018,07,3,3,679.82978
2018,07,3,4,681.2099
2018,07,3,5,681.87548
2018,07,3,6,683.27936
2018,07,3,7,684.44622
2018,07,4,0,685.24551
2018,07,4,1,686.16212
2018,07,4,2,687.30529
2018,07,4,3,688.36887
2018,07,4,4,689.49822
2018,07,4,5,690.72911
2018,07,4,6,691.26682
2018,07,4,7,691.40481
2018,07,5,0,690.74025
2018,07,5,1,689.98317
2018,07,5,2,689.63093
2018,07,5,3,689.05306
2018,07,5,4,688.0805
2018,07,5,5,687.24146
2018,07,5,6,685.65015
2018,07,5,7,684.19353
2018,07,6,0,683.32695
2018,07,6,1,683.00495
2018,07,6,2,683.39596
2018,07,6,3,684.33291
2018,07,6,4,684.61295
2018,07,6,5,684.57688
2018,07,6,6,684.8003
2018,07,6,7,684.55328
2018,07,7,0,685.40714
2018,07,7,1,685.93744
2018,07,7,2,685.03371
2018,07,7,3,684.73273
2018,07,7,4,684.37084
2018,07,7,5,684.16465
2018,07,7,6,684.3644
2018,07,7,7,684.34288
2018,07,8,0,684.40341
2018,07,8,1,684.71717
2018,07,8,2,685.51733
2018,07,8,3,686.18496
2018,07,8,4,686.65768
2018,07,8,5,686.43063
2018,07,8,6,685.31523
2018,07,8,7,684.3319
2018,07,9,0,684.11345
2018,07,9,1,684.34245
2018,07,9,2,684.74346
2018,07,9,3,685.58126
2018,07,9,4,686.04722
2018,07,9,5,686.50224
2018,07,9,6,685.88637
2018,07,9,7,684.8255
2018,07,10,0,684.89023
2018,07,10,1,684.81573
2018,07,10,2,684.98833
2018,07,10,3,685.15903
2018,07,10,4,684.9152
2018,07,10,5,684.59038
2018,07,10,6,683.86749
2018,07,10,7,683.40843
2018,07,11,0,683.03062
2018,07,11,1,682.93419
2018,07,11,2,682.44765
2018,07,11,3,682.27354
2018,07,11,4,682.15681
2018,07,11,5,681.96846
2018,07,11,6,682.17151
2018,07,11,7,681.9355
2018,07,12,0,681.38826
2018,07,12,1,681.09856
2018,07,12,2,680.9947
2018,07,12,3,680.95431
2018,07,12,4,680.89364
2018,07,12,5,681.44694
2018,07,12,6,682.35057
2018,07,12,7,683.4397
2018,07,13,0,683.73084
2018,07,13,1,683.81635
2018,07,13,2,686.30302
2018,07,13,3,688.7179
2018,07,13,4,690.21675
2018,07,13,5,690.81858
2018,07,13,6,690.65264
2018,07,13,7,690.56948
2018,07,14,0,690.79723
2018,07,14,1,690.68579
2018,07,14,2,690.44898
2018,07,14,3,690.81236
2018,07,14,4,691.4487
2018,07,14,5,691.75196
2018,07,14,6,691.73427
2018,07,14,7,691.8073
2018,07,15,0,693.02188
2018,07,15,1,694.38425
2018,07,15,2,695.98334
2018,07,15,3,698.4171
2018,07,15,4,700.87551
2018,07,15,5,701.64892
2018,07,15,6,700.9572
2018,07,15,7,700.90036
2018,07,16,0,700.78999
2018,07,16,1,700.88795
2018,07,16,2,701.0396
2018,07,16,3,700.43948
2018,07,16,4,700.04655
2018,07,16,5,699.65922
2018,07,16,6,699.83139
2018,07,16,7,700.64365
2018,07,17,0,702.08309
2018,07,17,1,703.26513
2018,07,17,2,709.73022
2018,07,17,3,710.19122
2018,07,17,4,710.54419
2018,07,17,5,710.48779
2018,07,17,6,709.84194
2018,07,17,7,702.40408
2018,07,18,0,702.66216
2018,07,18,1,709.83545
2018,07,18,2,709.97866
2018,07,18,3,709.77017
2018,07,18,4,709.79141
2018,07,18,5,703.947
2018,07,18,6,710.10147
2018,07,18,7,710.93909
2018,07,19,0,710.81262
2018,07,19,1,709.98992
2018,07,19,2,710.2521
2018,07,19,3,710.91087
2018,07,19,4,710.65578
2018,07,19,5,710.57278
2018,07,19,6,703.90768
2018,07,19,7,703.21862
2018,07,20,0,702.33379
2018,07,20,1,700.52004
2018,07,20,2,700.90969
2018,07,20,3,701.17304
2018,07,20,4,701.23878
2018,07,20,5,701.44249
2018,07,20,6,700.68555
2018,07,20,7,699.76117
2018,07,21,0,698.7349
2018,07,21,1,697.50635
2018,07,21,2,697.33055
2018,07,21,3,697.46403
2018,07,21,4,697.30608
2018,07,21,5,697.2291
2018,07,21,6,697.11939
2018,07,21,7,697.14466
2018,07,22,0,697.4665
2018,07,22,1,697.57746
2018,07,22,2,698.029
2018,07,22,3,698.31381
2018,07,22,4,698.37296
2018,07,22,5,698.76945
2018,07,22,6,698.74893
2018,07,22,7,698.73663
2018,07,23,0,698.51307
2018,07,23,1,697.9563
2018,07,23,2,698.24919
2018,07,23,3,698.25949
2018,07,23,4,697.88011
2018,07,23,5,697.69229
2018,07,23,6,697.18264
2018,07,23,7,696.43114
2018,07,24,0,695.05284
2018,07,24,1,693.57654
2018,07,24,2,693.19251
2018,07,24,3,692.2972
2018,07,24,4,690.9126
2018,07,24,5,689.92729
2018,07,24,6,688.74911
2018,07,24,7,687.92527
2018,07,25,0,687.56735
2018,07,25,1,686.9422
2018,07,25,2,686.5598
2018,07,25,3,686.48741
2018,07,25,4,686.67363
2018,07,25,5,687.28319
2018,07,25,6,687.34791
2018,07,25,7,687.87755
2018,07,26,0,688.3171
2018,07,26,1,688.41166
2018,07,26,2,689.67151
2018,07,26,3,691.31207
2018,07,26,4,692.16668
2018,07,26,5,692.16069
2018,07,26,6,691.8389
2018,07,26,7,691.48115
2018,07,27,0,691.23994
2018,07,27,1,691.22587
2018,07,27,2,690.92201
2018,07,27,3,691.02666
2018,07,27,4,691.39289
2018,07,27,5,692.51931
2018,07,27,6,693.07101
2018,07,27,7,693.24279
2018,07,28,0,693.00741
2018,07,28,1,692.71687
2018,07,28,2,693.0355
2018,07,28,3,693.11259
2018,07,28,4,692.81162
2018,07,28,5,692.29049
2018,07,28,6,691.80248
2018,07,28,7,691.30615
2018,07,29,0,690.89597
2018,07,29,1,690.45022
2018,07,29,2,689.83307
2018,07,29,3,689.54674
2018,07,29,4,689.20973
2018,07,29,5,688.95494
2018,07,29,6,689.32582
2018,07,29,7,689.63052
2018,07,30,0,690.12902
2018,07,30,1,690.10529
2018,07,30,2,689.87787
2018,07,30,3,689.5671
2018,07,30,4,688.50609
2018,07,30,5,686.92511
2018,07,30,6,686.12214
2018,07,30,7,685.66829
2018,07,1,0,684.56426
2018,07,1,1,683.23726
2018,07,1,2,682.65929
2018,07,1,3,682.5687
2018,07,1,4,682.91896
2018,07,1,5,683.35873
2018,07,1,6,684.52927
2018,07,1,7,686.20276
2018,07,2,0,687.36987
2018,07,2,1,688.44638
2018,07,2,2,690.41791
2018,07,2,3,692.27376
2018,07,2,4,693.47026
2018,07,2,5,693.94198
2018,07,2,6,693.91
2018,07,2,7,693.51741
2018,07,3,0,692.21972
2018,07,3,1,691.02244
2018,07,3,2,690.78528
2018,07,3,3,691.18127
2018,07,3,4,690.88159
2018,07,3,5,690.85136
2018,07,3,6,690.78431
2018,07,3,7,690.54575
2018,07,4,0,690.12294
2018,07,4,1,689.51425
2018,07,4,2,688.81931
2018,07,4,3,688.84183
2018,07,4,4,688.90739
2018,07,4,5,688.66503
2018,07,4,6,687.93537
2018,07,4,7,686.93067
2018,07,5,0,686.14648
2018,07,5,1,685.19035
2018,07,5,2,683.96863
2018,07,5,3,682.71541
2018,07,5,4,681.93144
2018,07,5,5,681.08429
2018,07,5,6,679.5823
2018,07,5,7,678.26515
2018,07,6,0,677.57549
2018,07,6,1,676.89809
2018,07,6,2,676.14563
2018,07,6,3,675.336
2018,07,6,4,674.29175
2018,07,6,5,673.40359
2018,07,6,6,672.94579
2018,07,6,7,673.02855
2018,07,7,0,673.40473
2018,07,7,1,673.73981
2018,07,7,2,674.06946
2018,07,7,3,674.38458
2018,07,7,4,674.72123
2018,07,7,5,675.54764
2018,07,7,6,675.66058
2018,07,7,7,675.91939
2018,07,8,0,676.86079
2018,07,8,1,677.35246
2018,07,8,2,677.42276
2018,07,8,3,677.66279
2018,07,8,4,677.47896
2018,07,8,5,677.13227
2018,07,8,6,676.75158
2018,07,8,7,676.20377
2018,07,9,0,676.13549
2018,07,9,1,676.13112
2018,07,9,2,676.29571
2018,07,9,3,676.26019
2018,07,9,4,675.78751
2018,07,9,5,675.50142
2018,07,9,6,675.2777
2018,07,9,7,675.20463
2018,07,10,0,675.60335
2018,07,10,1,675.59563
2018,07,10,2,676.28994
2018,07,10,3,676.76669
2018,07,10,4,677.00992
2018,07,10,5,677.30293
2018,07,10,6,677.12107
2018,07,10,7,676.73089
2018,07,11,0,676.23084
2018,07,11,1,675.5858
2018,07,11,2,675.20504
2018,07,11,3,674.94879
2018,07,11,4,674.50069
2018,07,11,5,674.35807
2018,07,11,6,673.88803
2018,07,11,7,673.66045
2018,07,12,0,674.24506
2018,07,12,1,674.69628
2018,07,12,2,675.02215
2018,07,12,3,675.65831
2018,07,12,4,675.70604
2018,07,12,5,675.69924
2018,07,12,6,676.27931
2018,07,12,7,677.31925
2018,07,13,0,678.83282
2018,07,13,1,679.99656
2018,07,13,2,680.94928
2018,07,13,3,682.1145
2018,07,13,4,682.73648
2018,07,13,5,682.87048
2018,07,13,6,682.63177
2018,07,13,7,681.94377
2018,07,14,0,681.89522
2018,07,14,1,681.82301
2018,07,14,2,681.96707
2018,07,14,3,682.52077
2018,07,14,4,683.00279
2018,07,14,5,683.59893
2018,07,14,6,683.91004
2018,07,14,7,684.2615
2018,07,15,0,684.71866
2018,07,15,1,684.63675
2018,07,15,2,684.70574
2018,07,15,3,685.01797
2018,07,15,4,684.93965
2018,07,15,5,685.06982
2018,07,15,6,683.69
2018,07,15,7,682.5909
2018,07,16,0,681.64024
2018,07,16,1,681.69615
2018,07,16,2,682.01325
2018,07,16,3,682.21933
2018,07,16,4,682.56525
2018,07,16,5,682.85885
2018,07,16,6,683.41551
2018,07,16,7,684.49999
2018,07,17,0,685.67443
2018,07,17,1,686.47759
2018,07,17,2,686.35799
2018,07,17,3,686.39322
2018,07,17,4,687.18764
2018,07,17,5,687.02348
2018,07,17,6,686.42533
2018,07,17,7,686.33589
2018,07,18,0,686.81852
2018,07,18,1,686.50793
2018,07,18,2,685.43533
2018,07,18,3,684.64491
2018,07,18,4,683.39568
2018,07,18,5,681.68809
2018,07,18,6,680.69577
2018,07,18,7,679.78614
2018,07,19,0,679.31931
2018,07,19,1,679.04988
2018,07,19,2,679.00746
2018,07,19,3,679.7499
2018,07,19,4,680.69831
2018,07,19,5,681.69018
2018,07,19,6,683.04283
2018,07,19,7,684.32148
2018,07,20,0,685.78735
2018,07,20,1,687.0648
2018,07,20,2,687.1183
2018,07,20,3,687.11548
2018,07,20,4,687.48077
2018,07,20,5,687.55296
2018,07,20,6,687.9979
2018,07,20,7,688.21789
2018,07,21,0,688.11194
2018,07,21,1,687.66223
2018,07,21,2,687.05516
2018,07,21,3,686.1549
2018,07,21,4,685.01873
2018,07,21,5,683.81598
2018,07,21,6,681.85644
2018,07,21,7,680.8811
2018,07,22,0,680.62174
2018,07,22,1,680.49141
2018,07,22,2,680.47206
2018,07,22,3,681.22083
2018,07,22,4,682.1491
2018,07,22,5,683.1329
2018,07,22,6,684.19292
2018,07,22,7,684.83626
2018,07,23,0,684.78477
2018,07,23,1,684.9842
2018,07,23,2,685.66036
2018,07,23,3,686.01295
2018,07,23,4,685.5772
2018,07,23,5,684.79649
2018,07,23,6,683.3663
2018,07,23,7,682.02228
2018,07,24,0,681.88823
2018,07,24,1,683.48563
2018,07,24,2,684.86821
2018,07,24,3,687.39012
2018,07,24,4,690.34754
2018,07,24,5,692.5903
2018,07,24,6,693.63432
2018,07,24,7,693.56897
2018,07,25,0,692.7
2018,07,25,1,691.87827
2018,07,25,2,691.71305
2018,07,25,3,692.35755
2018,07,25,4,692.98132
2018,07,25,5,694.1399
2018,07,25,6,695.12515
2018,07,25,7,695.89683
2018,07,26,0,695.247
2018,07,26,1,694.49476
2018,07,26,2,696.13724
2018,07,26,3,697.99063
2018,07,26,4,700.6699
2018,07,26,5,702.73189
2018,07,26,6,700.45905
2018,07,26,7,697.65873
2018,07,27,0,695.36107
2018,07,27,1,693.3157
2018,07,27,2,690.91573
2018,07,27,3,690.82901
2018,07,27,4,691.09354
2018,07,27,5,692.23896
2018,07,27,6,692.6562
2018,07,27,7,692.57385
2018,07,28,0,690.90743
2018,07,28,1,690.45762
2018,07,28,2,691.69332
2018,07,28,3,692.14482
2018,07,28,4,693.66607
2018,07,28,5,694.9157
2018,07,28,6,695.42686
2018,07,28,7,695.47604
2018,07,29,0,694.49167
2018,07,29,1,693.5679
2018,07,29,2,692.97727
2018,07,29,3,693.34927
2018,07,29,4,694.07475
2018,07,29,5,694.93564
2018,07,29,6,694.92557
2018,07,29,7,694.56183
2018,07,30,0,693.62295
2018,07,30,1,692.76003
2018,07,30,2,693.22052
2018,07,30,3,693.91311
2018,07,30,4,694.52325
2018,07,30,5,694.87005
2018,07,30,6,694.87573
2018,07,30,7,695.10858
2018,07,31,0,695.72276
2018,07,31,1,695.96811
2018,07,31,2,696.17235
2018,07,31,3,696.16686
2018,07,31,4,695.93507
2018,07,31,5,695.40736
2018,07,31,6,695.00765
2018,07,31,7,694.3786
2018,07,1,0,693.64231
2018,07,1,1,692.56751
2018,07,1,2,691.55271
2018,07,1,3,691.01184
2018,07,1,4,691.05781
2018,07,1,5,692.20473
2018,07,1,6,693.06345
2018,07,1,7,692.89853
2018,07,2,0,692.84756
2018,07,2,1,692.11019
2018,07,2,2,691.83783
2018,07,2,3,691.34403
2018,07,2,4,690.4786
2018,07,2,5,690.07904
2018,07,2,6,690.2607
2018,07,2,7,690.94943
2018,07,3,0,691.65672
2018,07,3,1,692.35957
2018,07,3,2,693.92286
2018,07,3,3,695.70911
2018,07,3,4,697.60457
2018,07,3,5,698.70874
2018,07,3,6,697.84739
2018,07,3,7,696.21387
2018,07,4,0,695.72387
2018,07,4,1,695.77747
2018,07,4,2,695.5692
2018,07,4,3,695.26254
2018,07,4,4,695.06375
2018,07,4,5,694.50063
2018,07,4,6,693.24838
2018,07,4,7,691.09927
2018,07,5,0,688.63816
2018,07,5,1,685.87159
2018,07,5,2,684.87263
2018,07,5,3,684.25
2018,07,5,4,684.13189
2018,07,5,5,685.0457
2018,07,5,6,686.15012
2018,07,5,7,686.86933
2018,07,6,0,687.06867
2018,07,6,1,687.79266
2018,07,6,2,689.86772
2018,07,6,3,692.12169
2018,07,6,4,693.36012
2018,07,6,5,694.07642
2018,07,6,6,694.06525
2018,07,6,7,693.28573
2018,07,7,0,693.99436
2018,07,7,1,694.75621
2018,07,7,2,695.05176
2018,07,7,3,696.08391
2018,07,7,4,697.60744
2018,07,7,5,699.31237
2018,07,7,6,699.36269
2018,07,7,7,699.78026
2018,07,8,0,699.95934
2018,07,8,1,701.41462
2018,07,8,2,703.22432
2018,07,8,3,710.57311
2018,07,8,4,710.51002
2018,07,8,5,710.46208
2018,07,8,6,703.42596
2018,07,8,7,701.1064
2018,07,9,0,702.23124
2018,07,9,1,703.00339
2018,07,9,2,703.24331
2018,07,9,3,710.25465
2018,07,9,4,710.28528
2018,07,9,5,710.07897
2018,07,9,6,702.50977
2018,07,9,7,700.42842
2018,07,10,0,700.71856
2018,07,10,1,700.91741
2018,07,10,2,701.0169
2018,07,10,3,701.75251
2018,07,10,4,701.87925
2018,07,10,5,701.98819
2018,07,10,6,701.87881
2018,07,10,7,701.73345
2018,07,11,0,700.92852
2018,07,11,1,699.68
2018,07,11,2,698.95271
2018,07,11,3,697.47092
2018,07,11,4,695.44893
2018,07,11,5,693.76248
2018,07,11,6,692.84198
2018,07,11,7,692.29714
2018,07,12,0,692.22398
2018,07,12,1,692.5585
2018,07,12,2,692.57198
2018,07,12,3,692.40163
2018,07,12,4,692.37725
2018,07,12,5,692.75466
2018,07,12,6,693.32492
2018,07,12,7,694.09473
2018,07,13,0,694.96971
2018,07,13,1,695.92574
2018,07,13,2,697.1582
2018,07,13,3,698.53526
2018,07,13,4,699.53481
2018,07,13,5,700.34756
2018,07,13,6,700.90901
2018,07,13,7,701.18707
2018,07,14,0,701.73372
2018,07,14,1,702.65468
2018,07,14,2,701.84129
2018,07,14,3,701.563
2018,07,14,4,702.24286
2018,07,14,5,702.85143
2018,07,14,6,703.17841
2018,07,14,7,703.49422
2018,07,15,0,703.3816
2018,07,15,1,702.967
2018,07,15,2,703.01237
2018,07,15,3,702.26303
2018,07,15,4,701.92587
2018,07,15,5,701.52164
2018,07,15,6,700.69869
2018,07,15,7,699.98098
2018,07,16,0,699.45373
2018,07,16,1,698.94619
2018,07,16,2,698.80298
2018,07,16,3,698.96849
2018,07,16,4,699.16639
2018,07,16,5,699.0119
2018,07,16,6,697.60272
2018,07,16,7,696.2368
2018,07,17,0,695.21442
2018,07,17,1,694.66603
2018,07,17,2,694.57325
2018,07,17,3,694.38914
2018,07,17,4,693.82633
2018,07,17,5,693.11736
2018,07,17,6,692.44781
2018,07,17,7,691.93598
2018,07,18,0,692.02885
2018,07,18,1,692.17466
2018,07,18,2,692.29811
2018,07,18,3,692.27089
2018,07,18,4,692.15414
2018,07,18,5,691.89531
2018,07,18,6,690.73769
2018,07,18,7,689.24647
2018,07,19,0,688.34751
2018,07,19,1,687.05632
2018,07,19,2,686.07186
2018,07,19,3,685.32975
2018,07,19,4,684.83754
2018,07,19,5,684.73983
2018,07,19,6,684.72623
2018,07,19,7,685.10315
2018,07,20,0,684.91331
2018,07,20,1,684.59142
2018,07,20,2,684.44751
2018,07,20,3,684.14116
2018,07,20,4,683.67103
2018,07,20,5,683.1565
2018,07,20,6,682.98912
2018,07,20,7,683.14264
2018,07,21,0,682.8041
2018,07,21,1,682.3788
2018,07,21,2,682.74509
2018,07,21,3,683.44341
2018,07,21,4,683.94729
2018,07,21,5,684.52729
2018,07,21,6,685.21533
2018,07,21,7,685.97554
2018,07,22,0,686.62118
2018,07,22,1,687.18234
2018,07,22,2,687.66916
2018,07,22,3,688.04022
2018,07,22,4,688.3974
2018,07,22,5,688.59564
2018,07,22,6,688.82274
2018,07,22,7,689.3876
2018,07,23,0,689.33826
2018,07,23,1,689.04583
2018,07,23,2,689.10091
2018,07,23,3,689.25937
2018,07,23,4,689.40548
2018,07,23,5,689.53083
2018,07,23,6,689.75466
2018,07,23,7,690.25725
2018,07,24,0,690.67827
2018,07,24,1,691.07361
2018,07,24,2,690.77009
2018,07,24,3,690.53957
2018,07,24,4,690.69067
2018,07,24,5,690.92582
2018,07,24,6,690.52788
2018,07,24,7,690.12627
2018,07,25,0,690.34972
2018,07,25,1,690.46802
2018,07,25,2,690.43693
2018,07,25,3,690.63913
2018,07,25,4,690.82998
2018,07,25,5,690.88038
2018,07,25,6,691.19856
2018,07,25,7,691.81168
2018,07,26,0,691.54081
2018,07,26,1,691.00637
2018,07,26,2,691.07276
2018,07,26,3,690.81072
2018,07,26,4,690.22444
2018,07,26,5,689.27768
2018,07,26,6,688.37836
2018,07,26,7,687.78281
2018,07,27,0,687.12249
2018,07,27,1,686.05703
2018,07,27,2,684.90631
2018,07,27,3,683.37843
2018,07,27,4,681.49201
2018,07,27,5,679.47217
2018,07,27,6,677.5562
2018,07,27,7,676.01646
2018,07,28,0,674.75958
2018,07,28,1,673.25572
2018,07,28,2,672.33888
2018,07,28,3,672.03715
2018,07,28,4,672.57663
2018,07,28,5,673.24353
2018,07,28,6,673.86833
2018,07,28,7,674.71998
2018,07,29,0,675.43186
2018,07,29,1,676.19858
2018,07,29,2,677.37821
2018,07,29,3,678.37684
2018,07,29,4,679.2334
2018,07,29,5,680.21855
2018,07,29,6,680.86962
2018,07,29,7,681.36123
2018,07,30,0,681.62495
2018,07,30,1,681.73616
2018,07,30,2,682.20236
2018,07,30,3,682.39371
2018,07,30,4,682.99922
2018,07,30,5,682.9605
2018,07,30,6,682.60504
2018,07,30,7,681.79181
2018,07,31,0,680.63448
2018,07,31,1,679.49765
2018,07,31,2,678.74055
2018,07,31,3,677.64326
2018,07,31,4,675.14825
2018,07,31,5,673.65474
2018,07,31,6,672.42614
2018,07,31,7,671.83885
2018,07,1,0,671.90323
2018,07,1,1,671.97964
2018,07,1,2,672.33295
2018,07,1,3,673.34448
2018,07,1,4,674.22469
2018,07,1,5,675.21356
2018,07,1,6,675.85237
2018,07,1,7,676.794
2018,07,2,0,677.32922
2018,07,2,1,676.966
2018,07,2,2,677.09502
2018,07,2,3,677.42588
2018,07,2,4,677.08224
2018,07,2,5,676.58096
2018,07,2,6,676.02262
2018,07,2,7,675.47913
2018,07,3,0,674.54704
2018,07,3,1,673.97046
2018,07,3,2,674.09303
2018,07,3,3,674.75524
2018,07,3,4,674.39284
2018,07,3,5,673.78597
2018,07,3,6,673.62726
2018,07,3,7,673.55587
2018,07,4,0,673.03867
2018,07,4,1,671.74904
2018,07,4,2,671.81251
2018,07,4,3,671.80183
2018,07,4,4,670.85435
2018,07,4,5,669.97227
2018,07,4,6,669.18369
2018,07,4,7,668.44337
2018,07,5,0,668.56995
2018,07,5,1,668.68858
2018,07,5,2,669.52627
2018,07,5,3,670.34627
2018,07,5,4,670.85942
2018,07,5,5,671.73802
2018,07,5,6,672.77104
2018,07,5,7,673.80959
2018,07,6,0,674.66662
2018,07,6,1,674.92719
2018,07,6,2,675.17706
2018,07,6,3,675.51317
2018,07,6,4,675.99544
2018,07,6,5,676.6194
2018,07,6,6,676.98205
2018,07,6,7,676.86391
2018,07,7,0,676.51804
2018,07,7,1,675.8941
2018,07,7,2,675.7073
2018,07,7,3,675.74321
2018,07,7,4,675.86677
2018,07,7,5,675.95756
2018,07,7,6,675.84666
2018,07,7,7,676.09645
2018,07,8,0,675.7993
2018,07,8,1,675.52722
2018,07,8,2,676.64259
2018,07,8,3,677.42655
2018,07,8,4,678.00997
2018,07,8,5,678.62835
2018,07,8,6,678.88854
2018,07,8,7,679.14655
2018,07,9,0,679.23682
2018,07,9,1,679.2192
2018,07,9,2,679.73774
2018,07,9,3,680.01126
2018,07,9,4,680.47598
2018,07,9,5,681.03101
2018,07,9,6,681.51394
2018,07,9,7,681.86878
2018,07,10,0,681.91625
2018,07,10,1,682.14608
2018,07,10,2,682.54501
2018,07,10,3,682.42378
2018,07,10,4,682.03945
2018,07,10,5,681.82534
2018,07,10,6,681.89343
2018,07,10,7,681.45859
2018,07,11,0,681.04334
2018,07,11,1,681.5103
2018,07,11,2,681.6954
2018,07,11,3,681.78559
2018,07,11,4,682.22449
2018,07,11,5,682.54362
2018,07,11,6,682.60622
2018,07,11,7,681.58964
2018,07,12,0,680.80963
2018,07,12,1,680.67778
2018,07,12,2,680.10702
2018,07,12,3,679.30039
2018,07,12,4,680.02332
2018,07,12,5,680.75512
2018,07,12,6,681.55051
2018,07,12,7,682.53511
2018,07,13,0,682.76582
2018,07,13,1,682.84842
2018,07,13,2,683.63066
2018,07,13,3,684.14397
2018,07,13,4,684.10338
2018,07,13,5,683.7968
2018,07,13,6,683.24317
2018,07,13,7,682.8445
2018,07,14,0,682.40264
2018,07,14,1,681.72377
2018,07,14,2,681.57059
2018,07,14,3,681.40297
2018,07,14,4,681.12242
2018,07,14,5,680.58805
2018,07,14,6,680.44151
2018,07,14,7,680.41736
2018,07,15,0,679.72486
2018,07,15,1,679.24134
2018,07,15,2,679.32649
2018,07,15,3,679.29168
2018,07,15,4,679.49497
2018,07,15,5,679.78994
2018,07,15,6,680.02612
2018,07,15,7,680.4332
2018,07,16,0,681.034
2018,07,16,1,682.00614
2018,07,16,2,682.87355
2018,07,16,3,683.28518
2018,07,16,4,684.01078
2018,07,16,5,684.33846
2018,07,16,6,684.5628
2018,07,16,7,684.47666
2018,07,17,0,685.15805
2018,07,17,1,685.42849
2018,07,17,2,685.69293
2018,07,17,3,685.64834
2018,07,17,4,685.31287
2018,07,17,5,684.91593
2018,07,17,6,684.25499
2018,07,17,7,683.7213
2018,07,18,0,683.2784
2018,07,18,1,682.51978
2018,07,18,2,682.01986
2018,07,18,3,681.68692
2018,07,18,4,681.33538
2018,07,18,5,681.13394
2018,07,18,6,681.04509
2018,07,18,7,680.89687
2018,07,19,0,680.66977
2018,07,19,1,680.82394
2018,07,19,2,681.32689
2018,07,19,3,681.22284
2018,07,19,4,681.83783
2018,07,19,5,682.25215
2018,07,19,6,682.49938
2018,07,19,7,682.74146
2018,07,20,0,683.55996
2018,07,20,1,684.53055
2018,07,20,2,685.31413
2018,07,20,3,686.13067
2018,07,20,4,686.82266
2018,07,20,5,687.19468
2018,07,20,6,686.9599
2018,07,20,7,686.86083
2018,07,21,0,686.73558
2018,07,21,1,686.56159
2018,07,21,2,686.43855
2018,07,21,3,686.23431
2018,07,21,4,685.70491
2018,07,21,5,685.08003
2018,07,21,6,684.10652
2018,07,21,7,683.03487
2018,07,22,0,682.8909
2018,07,22,1,682.40239
2018,07,22,2,681.75242
2018,07,22,3,681.30752
2018,07,22,4,680.99557
2018,07,22,5,680.87029
2018,07,22,6,680.40597
2018,07,22,7,679.97604
2018,07,23,0,679.88025
2018,07,23,1,679.61794
2018,07,23,2,679.5209
2018,07,23,3,679.86071
2018,07,23,4,679.98184
2018,07,23,5,680.01805
2018,07,23,6,680.15929
2018,07,23,7,680.39388
2018,07,24,0,680.60129
2018,07,24,1,680.23251
2018,07,24,2,680.33827
2018,07,24,3,680.43679
2018,07,24,4,680.16796
2018,07,24,5,679.82119
2018,07,24,6,679.81007
2018,07,24,7,679.79719
2018,07,25,0,679.92068
2018,07,25,1,680.0426
2018,07,25,2,680.09137
2018,07,25,3,680.15854
2018,07,25,4,680.43976
2018,07,25,5,680.45986
2018,07,25,6,680.65604
2018,07,25,7,681.04327
2018,07,26,0,681.85512
2018,07,26,1,682.18731
2018,07,26,2,682.61199
2018,07,26,3,683.35928
2018,07,26,4,683.69342
2018,07,26,5,683.64721
2018,07,26,6,683.8956
2018,07,26,7,684.40439
2018,07,27,0,684.93572
2018,07,27,1,684.95747
2018,07,27,2,685.14147
2018,07,27,3,685.62356
2018,07,27,4,685.30572
2018,07,27,5,684.8725
2018,07,27,6,684.86524
2018,07,27,7,684.69521
2018,07,28,0,684.73841
2018,07,28,1,684.20882
2018,07,28,2,684.05382
2018,07,28,3,684.12851
2018,07,28,4,684.26336
2018,07,28,5,683.88542
2018,07,28,6,683.48105
2018,07,28,7,683.01827
2018,07,29,0,682.76691
2018,07,29,1,682.34106
2018,07,29,2,682.08403
2018,07,29,3,682.03568
2018,07,29,4,681.51145
2018,07,29,5,681.39691
2018,07,29,6,681.69903
2018,07,29,7,681.85352
2018,07,30,0,682.17312
2018,07,30,1,682.42266
2018,07,30,2,682.60801
2018,07,30,3,682.85442
2018,07,30,4,683.05315
2018,07,30,5,683.03449
2018,07,30,6,683.02094
2018,07,30,7,682.71449
2018,07,1,0,682.72727
2018,07,1,1,682.90824
2018,07,1,2,682.98104
2018,07,1,3,682.63172
2018,07,1,4,681.66235
2018,07,1,5,680.92827
2018,07,1,6,680.46336
2018,07,1,7,680.15407
2018,07,2,0,680.34861
2018,07,2,1,680.8914
2018,07,2,2,681.03218
2018,07,2,3,680.93654
2018,07,2,4,680.58554
2018,07,2,5,680.00261
2018,07,2,6,679.62161
2018,07,2,7,679.06953
2018,07,3,0,678.79227
2018,07,3,1,678.52144
2018,07,3,2,678.75938
2018,07,3,3,679.03366
2018,07,3,4,678.48021
2018,07,3,5,678.92188
2018,07,3,6,679.19869
2018,07,3,7,679.17828
2018,07,4,0,679.92236
2018,07,4,1,680.78303
2018,07,4,2,681.55482
2018,07,4,3,682.5081
2018,07,4,4,682.58465
2018,07,4,5,682.71669
2018,07,4,6,683.06699
2018,07,4,7,683.3732
2018,07,5,0,683.0826
2018,07,5,1,682.84543
2018,07,5,2,682.87958
2018,07,5,3,683.06819
2018,07,5,4,683.13774
2018,07,5,5,683.34858
2018,07,5,6,683.9442
2018,07,5,7,684.52003
2018,07,6,0,685.10886
2018,07,6,1,685.44235
2018,07,6,2,686.031
2018,07,6,3,687.03777
2018,07,6,4,687.38583
2018,07,6,5,687.47417
2018,07,6,6,688.02867
2018,07,6,7,688.85243
2018,07,7,0,689.25844
2018,07,7,1,689.68799
2018,07,7,2,690.66599
2018,07,7,3,691.26234
2018,07,7,4,691.94711
2018,07,7,5,692.46072
2018,07,7,6,692.98578
2018,07,7,7,693.5943
2018,07,8,0,693.787
2018,07,8,1,693.54315
2018,07,8,2,693.46371
2018,07,8,3,693.53237
2018,07,8,4,693.25742
2018,07,8,5,693.20819
2018,07,8,6,693.20584
2018,07,8,7,692.96931
2018,07,9,0,692.46383
2018,07,9,1,691.9846
2018,07,9,2,692.27715
2018,07,9,3,692.58961
2018,07,9,4,692.50217
2018,07,9,5,692.03859
2018,07,9,6,692.0441
2018,07,9,7,691.86868
2018,07,10,0,691.03906
2018,07,10,1,690.05999
2018,07,10,2,690.22609
2018,07,10,3,690.74805
2018,07,10,4,690.72024
2018,07,10,5,690.31114
2018,07,10,6,690.62678
2018,07,10,7,691.02174
2018,07,11,0,690.11327
2018,07,11,1,689.38907
2018,07,11,2,689.78081
2018,07,11,3,690.68645
2018,07,11,4,691.19331
2018,07,11,5,691.73945
2018,07,11,6,693.05137
2018,07,11,7,694.04394
2018,07,12,0,693.50431
2018,07,12,1,692.8458
2018,07,12,2,692.79302
2018,07,12,3,692.52396
2018,07,12,4,692.20872
2018,07,12,5,691.92873
2018,07,12,6,690.94278
2018,07,12,7,690.59717
2018,07,13,0,689.99652
2018,07,13,1,689.46164
2018,07,13,2,689.18063
2018,07,13,3,688.87512
2018,07,13,4,689.17271
2018,07,13,5,689.54744
2018,07,13,6,689.32327
2018,07,13,7,689.08653
2018,07,14,0,688.95432
2018,07,14,1,688.94322
2018,07,14,2,688.85623
2018,07,14,3,688.57957
2018,07,14,4,688.35593
2018,07,14,5,688.12531
2018,07,14,6,687.81909
2018,07,14,7,687.70983
2018,07,15,0,687.33829
2018,07,15,1,686.54654
2018,07,15,2,686.30066
2018,07,15,3,686.18604
2018,07,15,4,685.36633
2018,07,15,5,684.37534
2018,07,15,6,683.61783
2018,07,15,7,683.15298
2018,07,16,0,683.03997
2018,07,16,1,683.40507
2018,07,16,2,683.53432
2018,07,16,3,683.74586
2018,07,16,4,683.56086
2018,07,16,5,683.26785
2018,07,16,6,683.13478
2018,07,16,7,682.98743
2018,07,17,0,683.51217
2018,07,17,1,684.07597
2018,07,17,2,684.74145
2018,07,17,3,685.56711
2018,07,17,4,686.26321
2018,07,17,5,686.55727
2018,07,17,6,686.96974
2018,07,17,7,687.02456
2018,07,18,0,686.84102
2018,07,18,1,686.49372
2018,07,18,2,686.47057
2018,07,18,3,686.47467
2018,07,18,4,687.76365
2018,07,18,5,689.16784
2018,07,18,6,689.56369
2018,07,18,7,689.89265
2018,07,19,0,690.19112
2018,07,19,1,689.37037
2018,07,19,2,687.71434
2018,07,19,3,687.14782
2018,07,19,4,686.50263
2018,07,19,5,685.30036
2018,07,19,6,684.89568
2018,07,19,7,684.46275
2018,07,20,0,683.90441
2018,07,20,1,683.85353
2018,07,20,2,684.11013
2018,07,20,3,684.61833
2018,07,20,4,684.85005
2018,07,20,5,684.27097
2018,07,20,6,684.20486
2018,07,20,7,684.10264
2018,07,21,0,683.7321
2018,07,21,1,683.33004
2018,07,21,2,682.86165
2018,07,21,3,683.01584
2018,07,21,4,682.98756
2018,07,21,5,682.62499
2018,07,21,6,682.76359
2018,07,21,7,683.42388
2018,07,22,0,683.90426
2018,07,22,1,683.74084
2018,07,22,2,683.42248
2018,07,22,3,683.1569
2018,07,22,4,683.2048
2018,07,22,5,683.44859
2018,07,22,6,683.48832
2018,07,22,7,683.07917
2018,07,23,0,682.85303
2018,07,23,1,682.30728
2018,07,23,2,681.86977
2018,07,23,3,681.97602
2018,07,23,4,682.61929
2018,07,23,5,683.31418
2018,07,23,6,683.54033
2018,07,23,7,683.66234
2018,07,24,0,684.25173
2018,07,24,1,684.4818
2018,07,24,2,685.71015
2018,07,24,3,686.572
2018,07,24,4,686.86551
2018,07,24,5,687.26328
2018,07,24,6,687.99077
2018,07,24,7,688.82603
2018,07,25,0,689.58477
2018,07,25,1,690.24173
2018,07,25,2,691.12421
2018,07,25,3,691.77029
2018,07,25,4,692.77219
2018,07,25,5,693.32017
2018,07,25,6,693.54108
2018,07,25,7,693.86733
2018,07,26,0,694.48484
2018,07,26,1,694.92959
2018,07,26,2,694.6725
2018,07,26,3,694.68601
2018,07,26,4,694.98577
2018,07,26,5,694.77106
2018,07,26,6,695.00792
2018,07,26,7,694.66482
2018,07,27,0,694.29713
2018,07,27,1,694.22177
2018,07,27,2,693.51522
2018,07,27,3,692.69745
2018,07,27,4,692.50432
2018,07,27,5,692.84385
2018,07,27,6,693.11151
2018,07,27,7,693.40136
2018,07,28,0,693.50105
2018,07,28,1,693.39136
2018,07,28,2,693.64037
2018,07,28,3,693.48282
2018,07,28,4,693.61569
2018,07,28,5,693.52705
2018,07,28,6,693.41703
2018,07,28,7,693.31408
2018,07,29,0,692.81115
2018,07,29,1,692.127
2018,07,29,2,691.62091
2018,07,29,3,691.14425
2018,07,29,4,690.85425
2018,07,29,5,690.09277
2018,07,29,6,688.9533
2018,07,29,7,687.69752
2018,07,30,0,686.43822
2018,07,30,1,685.25354
2018,07,30,2,684.29567
2018,07,30,3,683.96441
2018,07,30,4,683.78219
2018,07,30,5,683.24169
2018,07,30,6,682.7381
2018,07,30,7,682.52269
2018,07,31,0,682.2818
2018,07,31,1,681.99313
2018,07,31,2,681.64047
2018,07,31,3,681.42013
2018,07,31,4,680.99171
2018,07,31,5,681.07451
2018,07,31,6,681.87565
2018,07,31,7,682.38281
2018,07,1,0,682.94917
2018,07,1,1,683.26884
2018,07,1,2,683.45287
2018,07,1,3,683.56541
2018,07,1,4,683.54002
2018,07,1,5,683.48001
2018,07,1,6,683.55221
2018,07,1,7,683.2381
2018,07,2,0,683.17357
2018,07,2,1,683.04335
2018,07,2,2,683.21174
2018,07,2,3,683.16229
2018,07,2,4,683.2194
2018,07,2,5,683.3661
2018,07,2,6,683.46457
2018,07,2,7,683.59523
2018,07,3,0,683.59694
2018,07,3,1,683.61816
2018,07,3,2,683.81933
2018,07,3,3,683.7864
2018,07,3,4,684.0708
2018,07,3,5,684.17159
2018,07,3,6,683.93138
2018,07,3,7,683.77221
2018,07,4,0,683.94991
2018,07,4,1,684.02623
2018,07,4,2,684.3354
2018,07,4,3,684.54163
2018,07,4,4,684.82669
2018,07,4,5,685.30402
2018,07,4,6,686.05797
2018,07,4,7,686.83161
2018,07,5,0,687.56717
2018,07,5,1,687.93562
2018,07,5,2,688.51582
2018,07,5,3,688.97095
2018,07,5,4,689.32229
2018,07,5,5,689.58267
2018,07,5,6,689.90651
2018,07,5,7,690.21417
2018,07,6,0,690.51888
2018,07,6,1,690.31886
2018,07,6,2,690.69567
2018,07,6,3,691.02997
2018,07,6,4,691.19034
2018,07,6,5,691.14027
2018,07,6,6,691.57922
2018,07,6,7,692.26251
2018,07,7,0,692.60721
2018,07,7,1,692.4404
2018,07,7,2,692.62806
2018,07,7,3,693.04039
2018,07,7,4,693.00135
2018,07,7,5,692.52566
2018,07,7,6,692.19043
2018,07,7,7,692.14705
2018,07,8,0,692.1535
2018,07,8,1,691.92367
2018,07,8,2,691.48598
2018,07,8,3,691.15292
2018,07,8,4,690.91526
2018,07,8,5,690.71396
2018,07,8,6,690.44996
2018,07,8,7,690.39804
2018,07,9,0,690.64254
2018,07,9,1,690.51661
2018,07,9,2,690.77831
2018,07,9,3,691.22837
2018,07,9,4,691.50564
2018,07,9,5,691.69084
2018,07,9,6,691.99032
2018,07,9,7,692.0339
2018,07,10,0,691.7245
2018,07,10,1,691.32308
2018,07,10,2,691.16462
2018,07,10,3,690.77607
2018,07,10,4,690.1541
2018,07,10,5,689.98431
2018,07,10,6,689.77489
2018,07,10,7,689.20151
2018,07,11,0,688.21135
2018,07,11,1,686.98797
2018,07,11,2,686.75157
2018,07,11,3,686.21516
2018,07,11,4,685.10391
2018,07,11,5,684.22364
2018,07,11,6,683.96324
2018,07,11,7,683.51439
2018,07,12,0,682.35747
2018,07,12,1,681.62037
2018,07,12,2,681.57766
2018,07,12,3,681.15966
2018,07,12,4,680.20408
2018,07,12,5,679.78039
2018,07,12,6,680.80294
2018,07,12,7,681.61072
2018,07,13,0,681.42442
2018,07,13,1,681.58105
2018,07,13,2,682.58282
2018,07,13,3,682.76094
2018,07,13,4,682.11164
2018,07,13,5,682.12122
2018,07,13,6,682.93495
2018,07,13,7,683.41916
2018,07,14,0,683.33964
2018,07,14,1,683.1546
2018,07,14,2,683.59905
2018,07,14,3,683.72722
2018,07,14,4,683.73242
2018,07,14,5,683.60163
2018,07,14,6,683.82116
2018,07,14,7,683.88861
2018,07,15,0,683.69293
2018,07,15,1,683.46005
2018,07,15,2,683.15957
2018,07,15,3,682.93069
2018,07,15,4,682.97661
2018,07,15,5,682.85182
2018,07,15,6,683.36056
2018,07,15,7,683.86821
2018,07,16,0,683.70783
2018,07,16,1,683.67662
2018,07,16,2,684.06377
2018,07,16,3,684.33435
2018,07,16,4,684.85007
2018,07,16,5,685.55033
2018,07,16,6,686.34042
2018,07,16,7,687.25702
2018,07,17,0,688.1817
2018,07,17,1,688.69945
2018,07,17,2,689.2993
2018,07,17,3,689.7237
2018,07,17,4,690.08333
2018,07,17,5,690.32786
2018,07,17,6,690.96688
2018,07,17,7,691.44895
2018,07,18,0,691.44175
2018,07,18,1,691.12718
2018,07,18,2,690.90838
2018,07,18,3,690.46121
2018,07,18,4,689.52428
2018,07,18,5,688.25169
2018,07,18,6,687.0283
2018,07,18,7,685.57204
2018,07,19,0,684.1027
2018,07,19,1,682.91744
2018,07,19,2,682.07449
2018,07,19,3,681.83818
2018,07,19,4,681.20876
2018,07,19,5,680.64492
2018,07,19,6,681.34966
2018,07,19,7,682.18392
2018,07,20,0,682.20659
2018,07,20,1,681.76318
2018,07,20,2,681.87916
2018,07,20,3,682.48608
2018,07,20,4,683.38227
2018,07,20,5,683.86262
2018,07,20,6,685.54031
2018,07,20,7,687.66667
2018,07,21,0,689.45831
2018,07,21,1,690.11418
2018,07,21,2,690.33279
2018,07,21,3,691.05246
2018,07,21,4,691.61873
2018,07,21,5,691.64818
2018,07,21,6,691.99133
2018,07,21,7,692.60832
2018,07,22,0,692.87279
2018,07,22,1,692.82925
2018,07,22,2,693.8878
2018,07,22,3,694.91987
2018,07,22,4,695.26265
2018,07,22,5,695.3656
2018,07,22,6,695.07923
2018,07,22,7,694.52038
2018,07,23,0,694.30812
2018,07,23,1,694.09352
2018,07,23,2,694.92871
2018,07,23,3,696.27424
2018,07,23,4,695.7261
2018,07,23,5,694.92775
2018,07,23,6,695.05427
2018,07,23,7,694.90738
2018,07,24,0,694.55891
2018,07,24,1,693.91374
2018,07,24,2,693.79236
2018,07,24,3,693.67649
2018,07,24,4,692.9323
2018,07,24,5,692.08421
2018,07,24,6,692.08221
2018,07,24,7,692.40785
2018,07,25,0,692.81667
2018,07,25,1,692.76982
2018,07,25,2,693.39586
2018,07,25,3,693.69878
2018,07,25,4,693.63466
2018,07,25,5,692.89285
2018,07,25,6,692.41374
2018,07,25,7,691.78589
2018,07,26,0,690.49598
2018,07,26,1,689.88037
2018,07,26,2,689.89923
2018,07,26,3,690.29425
2018,07,26,4,690.12575
2018,07,26,5,690.09917
2018,07,26,6,691.19502
2018,07,26,7,692.1032
2018,07,27,0,692.52567
2018,07,27,1,691.99413
2018,07,27,2,691.67819
2018,07,27,3,691.1682
2018,07,27,4,690.29791
2018,07,27,5,689.88115
2018,07,27,6,689.66718
2018,07,27,7,689.33213
2018,07,28,0,689.17695
2018,07,28,1,689.10872
2018,07,28,2,689.20761
2018,07,28,3,689.43323
2018,07,28,4,689.90769
2018,07,28,5,690.53801
2018,07,28,6,691.35138
2018,07,28,7,691.88506
2018,07,29,0,691.9789
2018,07,29,1,692.13994
2018,07,29,2,692.82512
2018,07,29,3,693.24474
2018,07,29,4,693.66745
2018,07,29,5,694.00132
2018,07,29,6,694.71218
2018,07,29,7,695.02189
2018,07,30,0,694.31115
2018,07,30,1,693.91988
2018,07,30,2,694.091
2018,07,30,3,693.68865
2018,07,30,4,693.17598
2018,07,30,5,692.70803
2018,07,30,6,692.5078
2018,07,30,7,692.50561
2018,07,1,0,692.31624
2018,07,1,1,691.6208
2018,07,1,2,691.31823
2018,07,1,3,690.23096
2018,07,1,4,689.2316
2018,07,1,5,688.47371
2018,07,1,6,688.24704
2018,07,1,7,688.20578
2018,07,2,0,688.21681
2018,07,2,1,688.70876
2018,07,2,2,689.28423
2018,07,2,3,690.06374
2018,07,2,4,691.38121
2018,07,2,5,692.60037
2018,07,2,6,693.6502
2018,07,2,7,694.60366
2018,07,3,0,695.8224
2018,07,3,1,696.42166
2018,07,3,2,696.71276
2018,07,3,3,697.1547
2018,07,3,4,697.81113
2018,07,3,5,698.14178
2018,07,3,6,698.34677
2018,07,3,7,698.54748
2018,07,4,0,698.9394
2018,07,4,1,698.82028
2018,07,4,2,698.09761
2018,07,4,3,697.35231
2018,07,4,4,696.4662
2018,07,4,5,694.89084
2018,07,4,6,693.41565
2018,07,4,7,691.78708
2018,07,5,0,690.47273
2018,07,5,1,689.19242
2018,07,5,2,688.20578
2018,07,5,3,687.56657
2018,07,5,4,686.80919
2018,07,5,5,686.16028
2018,07,5,6,686.32262
2018,07,5,7,686.73143
2018,07,6,0,686.92394
2018,07,6,1,686.60793
2018,07,6,2,686.83697
2018,07,6,3,687.47054
2018,07,6,4,688.53622
2018,07,6,5,689.29679
2018,07,6,6,689.70083
2018,07,6,7,690.38092
2018,07,7,0,691.06339
2018,07,7,1,691.0222
2018,07,7,2,691.23409
2018,07,7,3,691.23463
2018,07,7,4,691.48089
2018,07,7,5,691.42755
2018,07,7,6,691.09629
2018,07,7,7,690.9442
2018,07,8,0,690.40453
2018,07,8,1,689.86834
2018,07,8,2,690.15913
2018,07,8,3,690.40238
2018,07,8,4,690.49257
2018,07,8,5,690.38149
2018,07,8,6,690.38294
2018,07,8,7,690.52131
2018,07,9,0,690.01284
2018,07,9,1,689.51223
2018,07,9,2,689.67879
2018,07,9,3,689.85449
2018,07,9,4,690.13818
2018,07,9,5,690.36905
2018,07,9,6,690.22101
2018,07,9,7,690.12875
2018,07,10,0,690.92882
2018,07,10,1,691.49815
2018,07,10,2,692.68802
2018,07,10,3,693.9624
2018,07,10,4,694.80744
2018,07,10,5,695.78649
2018,07,10,6,696.02478
2018,07,10,7,695.97054
2018,07,11,0,695.7477
2018,07,11,1,695.44659
2018,07,11,2,695.27814
2018,07,11,3,694.85722
2018,07,11,4,694.95183
2018,07,11,5,694.71229
2018,07,11,6,694.42434
2018,07,11,7,694.85957
2018,07,12,0,695.09867
2018,07,12,1,695.52587
2018,07,12,2,696.1502
2018,07,12,3,696.87345
2018,07,12,4,698.12667
2018,07,12,5,698.29597
2018,07,12,6,697.77773
2018,07,12,7,697.51313
2018,07,13,0,697.69869
2018,07,13,1,697.14574
2018,07,13,2,696.76245
2018,07,13,3,696.53623
2018,07,13,4,696.39535
2018,07,13,5,695.921
2018,07,13,6,694.53133
2018,07,13,7,693.40858
2018,07,14,0,693.30285
2018,07,14,1,692.81652
2018,07,14,2,692.31958
2018,07,14,3,691.7875
2018,07,14,4,691.37615
2018,07,14,5,690.90426
2018,07,14,6,690.86579
2018,07,14,7,691.15457
2018,07,15,0,691.33471
2018,07,15,1,691.2499
2018,07,15,2,691.40966
2018,07,15,3,691.95381
2018,07,15,4,692.49155
2018,07,15,5,693.11946
2018,07,15,6,694.13355
2018,07,15,7,695.55938
2018,07,16,0,696.3939
2018,07,16,1,695.91253
2018,07,16,2,695.95238
2018,07,16,3,696.25555
2018,07,16,4,696.25126
2018,07,16,5,695.84508
2018,07,16,6,695.95436
2018,07,16,7,696.04012
2018,07,17,0,695.63837
2018,07,17,1,695.2556
2018,07,17,2,695.91233
2018,07,17,3,696.49688
2018,07,17,4,696.50064
2018,07,17,5,696.29471
2018,07,17,6,695.9985
2018,07,17,7,695.89857
2018,07,18,0,695.89524
2018,07,18,1,695.41705
2018,07,18,2,695.7292
2018,07,18,3,695.75956
2018,07,18,4,696.38837
2018,07,18,5,697.05205
2018,07,18,6,698.23889
2018,07,18,7,699.62244
2018,07,19,0,701.36085
2018,07,19,1,702.72313
2018,07,19,2,708.74325
2018,07,19,3,709.88884
2018,07,19,4,710.60289
2018,07,19,5,710.97281
2018,07,19,6,712.98392
2018,07,19,7,715.23719
2018,07,20,0,716.20524
2018,07,20,1,716.86732
2018,07,20,2,717.25424
2018,07,20,3,717.06731
2018,07,20,4,716.28573
2018,07,20,5,715.51718
2018,07,20,6,715.02809
2018,07,20,7,714.86512
2018,07,21,0,713.19339
2018,07,21,1,711.74785
2018,07,21,2,710.86392
2018,07,21,3,709.5843
2018,07,21,4,703.39352
2018,07,21,5,703.32733
2018,07,21,6,703.09696
2018,07,21,7,702.93897
2018,07,22,0,703.09507
2018,07,22,1,703.37566
2018,07,22,2,703.33814
2018,07,22,3,702.98493
2018,07,22,4,702.92844
2018,07,22,5,702.61307
2018,07,22,6,701.80789
2018,07,22,7,700.89122
2018,07,23,0,700.72028
2018,07,23,1,700.21562
2018,07,23,2,699.66906
2018,07,23,3,699.40397
2018,07,23,4,698.7668
2018,07,23,5,698.2254
2018,07,23,6,697.69075
2018,07,23,7,697.57024
2018,07,24,0,697.64457
2018,07,24,1,697.39036
2018,07,24,2,697.10577
2018,07,24,3,697.12214
2018,07,24,4,696.74855
2018,07,24,5,695.6765
2018,07,24,6,695.98683
2018,07,24,7,696.57773
2018,07,25,0,696.6477
2018,07,25,1,696.67182
2018,07,25,2,696.59956
2018,07,25,3,696.03899
2018,07,25,4,695.48274
2018,07,25,5,695.15503
2018,07,25,6,694.93538
2018,07,25,7,694.81948
2018,07,26,0,694.69446
2018,07,26,1,694.70178
2018,07,26,2,694.91735
2018,07,26,3,695.15891
2018,07,26,4,695.28254
2018,07,26,5,695.31321
2018,07,26,6,695.34108
2018,07,26,7,695.45011
2018,07,27,0,695.65222
2018,07,27,1,695.45692
2018,07,27,2,695.36012
2018,07,27,3,694.88504
2018,07,27,4,694.69258
2018,07,27,5,694.28402
2018,07,27,6,693.50448
2018,07,27,7,692.84346
2018,07,28,0,691.87083
2018,07,28,1,691.13637
2018,07,28,2,690.66808
2018,07,28,3,690.62145
2018,07,28,4,690.57909
2018,07,28,5,690.46734
2018,07,28,6,690.90669
2018,07,28,7,691.6032
2018,07,29,0,692.21517
2018,07,29,1,692.8196
2018,07,29,2,693.14368
2018,07,29,3,693.55987
2018,07,29,4,694.19413
2018,07,29,5,694.43353
2018,07,29,6,694.71505
2018,07,29,7,695.21178
2018,07,30,0,695.62373
2018,07,30,1,695.92902
2018,07,30,2,695.9214
2018,07,30,3,696.01834
2018,07,30,4,696.45091
2018,07,30,5,696.47949
2018,07,30,6,696.62193
2018,07,30,7,696.76126
2018,07,31,0,696.94443
2018,07,31,1,696.90788
2018,07,31,2,696.76774
2018,07,31,3,696.67534
2018,07,31,4,696.70502
2018,07,31,5,696.25362
2018,07,31,6,695.75122
2018,07,31,7,695.14025
2019,07,1,0,694.38181
2019,07,1,1,693.44001
2019,07,1,2,692.53966
2019,07,1,3,691.73299
2019,07,1,4,691.01207
2019,07,1,5,690.28144
2019,07,1,6,689.82875
2019,07,1,7,689.54339
