####################################################################################################
# Month: 09Sep                                                                                     #
# Station: /n/holyscratch01/doeleman_lab/freemanmd/am_output/BAR                                   #
# Columns are: year    month   day     segment         Tbase (K)                                   #
####################################################################################################
year,month,day,segment,Tbase
2009,09,1,0,267.4
2009,09,1,1,267.1
2009,09,1,2,267.4
2009,09,1,3,268.1
2009,09,1,4,268.1
2009,09,1,5,268.2
2009,09,1,6,268.1
2009,09,1,7,267.9
2009,09,2,0,267.7
2009,09,2,1,268.0
2009,09,2,2,267.7
2009,09,2,3,267.9
2009,09,2,4,268.1
2009,09,2,5,267.7
2009,09,2,6,267.9
2009,09,2,7,266.4
2009,09,3,0,262.6
2009,09,3,1,260.6
2009,09,3,2,259.4
2009,09,3,3,260.3
2009,09,3,4,260.6
2009,09,3,5,260.0
2009,09,3,6,259.0
2009,09,3,7,258.3
2009,09,4,0,257.7
2009,09,4,1,257.2
2009,09,4,2,257.1
2009,09,4,3,257.1
2009,09,4,4,256.8
2009,09,4,5,256.7
2009,09,4,6,257.1
2009,09,4,7,257.5
2009,09,5,0,258.5
2009,09,5,1,260.6
2009,09,5,2,262.9
2009,09,5,3,263.7
2009,09,5,4,264.2
2009,09,5,5,265.4
2009,09,5,6,265.8
2009,09,5,7,265.4
2009,09,6,0,264.9
2009,09,6,1,266.2
2009,09,6,2,267.2
2009,09,6,3,267.4
2009,09,6,4,268.4
2009,09,6,5,268.3
2009,09,6,6,268.8
2009,09,6,7,268.6
2009,09,7,0,268.6
2009,09,7,1,269.3
2009,09,7,2,270.2
2009,09,7,3,270.7
2009,09,7,4,270.3
2009,09,7,5,270.6
2009,09,7,6,270.9
2009,09,7,7,270.9
2009,09,8,0,270.5
2009,09,8,1,269.8
2009,09,8,2,269.9
2009,09,8,3,270.1
2009,09,8,4,269.8
2009,09,8,5,269.3
2009,09,8,6,269.3
2009,09,8,7,268.7
2009,09,9,0,266.7
2009,09,9,1,264.7
2009,09,9,2,265.9
2009,09,9,3,266.0
2009,09,9,4,265.7
2009,09,9,5,265.2
2009,09,9,6,265.6
2009,09,9,7,266.0
2009,09,10,0,265.9
2009,09,10,1,265.4
2009,09,10,2,265.8
2009,09,10,3,265.6
2009,09,10,4,264.8
2009,09,10,5,263.5
2009,09,10,6,264.3
2009,09,10,7,264.7
2009,09,11,0,264.6
2009,09,11,1,266.8
2009,09,11,2,266.7
2009,09,11,3,266.6
2009,09,11,4,267.0
2009,09,11,5,267.6
2009,09,11,6,270.5
2009,09,11,7,270.7
2009,09,12,0,270.9
2009,09,12,1,269.9
2009,09,12,2,269.1
2009,09,12,3,269.8
2009,09,12,4,270.1
2009,09,12,5,270.5
2009,09,12,6,270.9
2009,09,12,7,271.0
2009,09,13,0,270.8
2009,09,13,1,270.7
2009,09,13,2,270.0
2009,09,13,3,269.0
2009,09,13,4,269.2
2009,09,13,5,269.2
2009,09,13,6,268.6
2009,09,13,7,268.4
2009,09,14,0,268.3
2009,09,14,1,268.0
2009,09,14,2,267.2
2009,09,14,3,267.0
2009,09,14,4,267.3
2009,09,14,5,267.6
2009,09,14,6,268.7
2009,09,14,7,268.6
2009,09,15,0,267.8
2009,09,15,1,267.1
2009,09,15,2,266.6
2009,09,15,3,265.6
2009,09,15,4,265.1
2009,09,15,5,267.6
2009,09,15,6,268.7
2009,09,15,7,267.3
2009,09,16,0,267.5
2009,09,16,1,267.4
2009,09,16,2,266.8
2009,09,16,3,266.5
2009,09,16,4,266.4
2009,09,16,5,266.1
2009,09,16,6,266.1
2009,09,16,7,266.1
2009,09,17,0,265.9
2009,09,17,1,265.9
2009,09,17,2,266.2
2009,09,17,3,266.6
2009,09,17,4,266.7
2009,09,17,5,266.7
2009,09,17,6,266.2
2009,09,17,7,265.7
2009,09,18,0,264.9
2009,09,18,1,265.1
2009,09,18,2,265.2
2009,09,18,3,265.4
2009,09,18,4,265.0
2009,09,18,5,265.0
2009,09,18,6,266.6
2009,09,18,7,266.0
2009,09,19,0,266.5
2009,09,19,1,266.9
2009,09,19,2,267.2
2009,09,19,3,267.1
2009,09,19,4,266.8
2009,09,19,5,266.8
2009,09,19,6,267.3
2009,09,19,7,267.4
2009,09,20,0,267.3
2009,09,20,1,267.3
2009,09,20,2,267.9
2009,09,20,3,267.9
2009,09,20,4,267.7
2009,09,20,5,267.3
2009,09,20,6,266.7
2009,09,20,7,266.4
2009,09,21,0,266.4
2009,09,21,1,266.2
2009,09,21,2,266.0
2009,09,21,3,266.7
2009,09,21,4,266.2
2009,09,21,5,266.0
2009,09,21,6,266.5
2009,09,21,7,266.7
2009,09,22,0,266.7
2009,09,22,1,266.7
2009,09,22,2,266.6
2009,09,22,3,266.8
2009,09,22,4,266.2
2009,09,22,5,265.7
2009,09,22,6,265.9
2009,09,22,7,266.4
2009,09,23,0,265.5
2009,09,23,1,265.3
2009,09,23,2,265.2
2009,09,23,3,266.3
2009,09,23,4,266.1
2009,09,23,5,264.6
2009,09,23,6,264.2
2009,09,23,7,264.6
2009,09,24,0,264.2
2009,09,24,1,264.0
2009,09,24,2,264.1
2009,09,24,3,263.1
2009,09,24,4,262.2
2009,09,24,5,261.1
2009,09,24,6,260.8
2009,09,24,7,260.7
2009,09,25,0,260.6
2009,09,25,1,260.3
2009,09,25,2,259.9
2009,09,25,3,259.7
2009,09,25,4,257.9
2009,09,25,5,256.0
2009,09,25,6,254.5
2009,09,25,7,253.0
2009,09,26,0,252.6
2009,09,26,1,252.0
2009,09,26,2,252.1
2009,09,26,3,251.7
2009,09,26,4,251.3
2009,09,26,5,251.1
2009,09,26,6,251.3
2009,09,26,7,251.3
2009,09,27,0,251.0
2009,09,27,1,250.5
2009,09,27,2,252.5
2009,09,27,3,256.7
2009,09,27,4,259.5
2009,09,27,5,263.0
2009,09,27,6,263.3
2009,09,27,7,263.8
2009,09,28,0,263.5
2009,09,28,1,262.2
2009,09,28,2,261.3
2009,09,28,3,261.4
2009,09,28,4,263.3
2009,09,28,5,263.1
2009,09,28,6,263.6
2009,09,28,7,263.9
2009,09,29,0,263.0
2009,09,29,1,262.2
2009,09,29,2,262.4
2009,09,29,3,262.9
2009,09,29,4,263.6
2009,09,29,5,264.2
2009,09,29,6,264.7
2009,09,29,7,264.4
2009,09,30,0,264.0
2009,09,30,1,264.1
2009,09,30,2,264.2
2009,09,30,3,264.7
2009,09,30,4,264.9
2009,09,30,5,264.6
2009,09,30,6,265.4
2009,09,30,7,265.9
2009,09,31,0,265.8
2009,09,31,1,265.6
2009,09,31,2,265.3
2009,09,31,3,265.0
2009,09,31,4,264.7
2009,09,31,5,265.0
2009,09,31,6,265.1
2009,09,31,7,264.8
2009,09,1,0,264.9
2009,09,1,1,264.7
2009,09,1,2,264.5
2009,09,1,3,263.8
2009,09,1,4,264.6
2009,09,1,5,265.1
2009,09,1,6,266.2
2009,09,1,7,266.6
2009,09,2,0,266.9
2009,09,2,1,267.2
2009,09,2,2,267.6
2009,09,2,3,267.6
2009,09,2,4,267.7
2009,09,2,5,267.6
2009,09,2,6,268.0
2009,09,2,7,268.4
2009,09,3,0,268.3
2009,09,3,1,267.9
2009,09,3,2,267.8
2009,09,3,3,267.9
2009,09,3,4,267.8
2009,09,3,5,267.3
2009,09,3,6,266.8
2009,09,3,7,266.7
2009,09,4,0,266.6
2009,09,4,1,266.2
2009,09,4,2,265.9
2009,09,4,3,265.7
2009,09,4,4,266.1
2009,09,4,5,265.8
2009,09,4,6,265.6
2009,09,4,7,265.8
2009,09,5,0,266.0
2009,09,5,1,265.1
2009,09,5,2,265.0
2009,09,5,3,264.1
2009,09,5,4,262.8
2009,09,5,5,261.2
2009,09,5,6,260.7
2009,09,5,7,260.5
2009,09,6,0,259.0
2009,09,6,1,259.1
2009,09,6,2,258.9
2009,09,6,3,258.1
2009,09,6,4,257.8
2009,09,6,5,257.5
2009,09,6,6,257.3
2009,09,6,7,258.4
2009,09,7,0,258.4
2009,09,7,1,258.7
2009,09,7,2,257.7
2009,09,7,3,257.3
2009,09,7,4,257.0
2009,09,7,5,256.6
2009,09,7,6,257.5
2009,09,7,7,258.0
2009,09,8,0,257.8
2009,09,8,1,257.4
2009,09,8,2,257.9
2009,09,8,3,257.9
2009,09,8,4,258.2
2009,09,8,5,260.7
2009,09,8,6,259.0
2009,09,8,7,258.7
2009,09,9,0,259.1
2009,09,9,1,259.0
2009,09,9,2,257.8
2009,09,9,3,256.0
2009,09,9,4,253.1
2009,09,9,5,251.5
2009,09,9,6,250.5
2009,09,9,7,250.1
2009,09,10,0,249.9
2009,09,10,1,250.8
2009,09,10,2,253.0
2009,09,10,3,254.6
2009,09,10,4,259.7
2009,09,10,5,260.5
2009,09,10,6,261.0
2009,09,10,7,261.2
2009,09,11,0,260.4
2009,09,11,1,260.0
2009,09,11,2,259.5
2009,09,11,3,258.8
2009,09,11,4,257.5
2009,09,11,5,256.5
2009,09,11,6,255.4
2009,09,11,7,253.9
2009,09,12,0,253.6
2009,09,12,1,253.0
2009,09,12,2,252.4
2009,09,12,3,251.9
2009,09,12,4,251.1
2009,09,12,5,250.3
2009,09,12,6,251.0
2009,09,12,7,252.5
2009,09,13,0,254.0
2009,09,13,1,255.9
2009,09,13,2,255.6
2009,09,13,3,254.6
2009,09,13,4,255.1
2009,09,13,5,254.7
2009,09,13,6,254.1
2009,09,13,7,251.9
2009,09,14,0,250.9
2009,09,14,1,251.5
2009,09,14,2,251.6
2009,09,14,3,251.7
2009,09,14,4,251.7
2009,09,14,5,252.6
2009,09,14,6,254.9
2009,09,14,7,255.6
2009,09,15,0,256.6
2009,09,15,1,257.6
2009,09,15,2,257.8
2009,09,15,3,258.0
2009,09,15,4,258.2
2009,09,15,5,258.3
2009,09,15,6,258.6
2009,09,15,7,258.9
2009,09,16,0,258.6
2009,09,16,1,258.3
2009,09,16,2,257.9
2009,09,16,3,257.4
2009,09,16,4,257.1
2009,09,16,5,257.7
2009,09,16,6,256.4
2009,09,16,7,257.1
2009,09,17,0,255.8
2009,09,17,1,254.2
2009,09,17,2,253.9
2009,09,17,3,254.3
2009,09,17,4,253.5
2009,09,17,5,253.2
2009,09,17,6,253.2
2009,09,17,7,253.2
2009,09,18,0,253.9
2009,09,18,1,253.6
2009,09,18,2,253.5
2009,09,18,3,253.5
2009,09,18,4,253.9
2009,09,18,5,255.6
2009,09,18,6,257.9
2009,09,18,7,259.2
2009,09,19,0,260.2
2009,09,19,1,260.9
2009,09,19,2,262.0
2009,09,19,3,262.8
2009,09,19,4,263.3
2009,09,19,5,263.6
2009,09,19,6,264.6
2009,09,19,7,265.4
2009,09,20,0,265.6
2009,09,20,1,265.4
2009,09,20,2,265.0
2009,09,20,3,264.6
2009,09,20,4,264.2
2009,09,20,5,263.9
2009,09,20,6,264.1
2009,09,20,7,264.9
2009,09,21,0,265.3
2009,09,21,1,265.6
2009,09,21,2,265.8
2009,09,21,3,265.2
2009,09,21,4,265.1
2009,09,21,5,264.6
2009,09,21,6,264.7
2009,09,21,7,265.2
2009,09,22,0,265.3
2009,09,22,1,264.1
2009,09,22,2,263.7
2009,09,22,3,264.8
2009,09,22,4,265.3
2009,09,22,5,265.7
2009,09,22,6,265.3
2009,09,22,7,264.7
2009,09,23,0,264.7
2009,09,23,1,265.2
2009,09,23,2,264.6
2009,09,23,3,264.6
2009,09,23,4,265.0
2009,09,23,5,264.1
2009,09,23,6,263.6
2009,09,23,7,264.3
2009,09,24,0,267.2
2009,09,24,1,266.8
2009,09,24,2,266.9
2009,09,24,3,266.8
2009,09,24,4,266.6
2009,09,24,5,266.1
2009,09,24,6,266.0
2009,09,24,7,265.6
2009,09,25,0,265.1
2009,09,25,1,265.0
2009,09,25,2,264.6
2009,09,25,3,264.4
2009,09,25,4,263.7
2009,09,25,5,263.3
2009,09,25,6,263.2
2009,09,25,7,262.1
2009,09,26,0,261.8
2009,09,26,1,261.9
2009,09,26,2,262.7
2009,09,26,3,262.2
2009,09,26,4,262.2
2009,09,26,5,263.2
2009,09,26,6,263.9
2009,09,26,7,264.1
2009,09,27,0,263.8
2009,09,27,1,263.7
2009,09,27,2,263.8
2009,09,27,3,263.6
2009,09,27,4,265.1
2009,09,27,5,264.9
2009,09,27,6,264.7
2009,09,27,7,264.5
2009,09,28,0,263.3
2009,09,28,1,263.7
2009,09,28,2,264.3
2009,09,28,3,265.3
2009,09,28,4,266.1
2009,09,28,5,266.2
2009,09,28,6,267.1
2009,09,28,7,267.4
2009,09,1,0,267.2
2009,09,1,1,267.5
2009,09,1,2,268.0
2009,09,1,3,267.9
2009,09,1,4,267.9
2009,09,1,5,268.1
2009,09,1,6,268.6
2009,09,1,7,269.1
2009,09,2,0,268.8
2009,09,2,1,268.6
2009,09,2,2,268.1
2009,09,2,3,266.2
2009,09,2,4,266.5
2009,09,2,5,265.4
2009,09,2,6,264.8
2009,09,2,7,263.0
2009,09,3,0,261.8
2009,09,3,1,261.0
2009,09,3,2,261.8
2009,09,3,3,262.6
2009,09,3,4,262.3
2009,09,3,5,261.8
2009,09,3,6,262.0
2009,09,3,7,262.5
2009,09,4,0,261.1
2009,09,4,1,260.4
2009,09,4,2,259.7
2009,09,4,3,259.3
2009,09,4,4,257.6
2009,09,4,5,254.3
2009,09,4,6,253.1
2009,09,4,7,254.2
2009,09,5,0,254.1
2009,09,5,1,252.4
2009,09,5,2,252.2
2009,09,5,3,252.6
2009,09,5,4,252.9
2009,09,5,5,253.1
2009,09,5,6,253.3
2009,09,5,7,252.8
2009,09,6,0,253.0
2009,09,6,1,253.0
2009,09,6,2,252.9
2009,09,6,3,253.6
2009,09,6,4,253.5
2009,09,6,5,253.6
2009,09,6,6,254.1
2009,09,6,7,253.8
2009,09,7,0,255.7
2009,09,7,1,258.6
2009,09,7,2,260.2
2009,09,7,3,261.8
2009,09,7,4,264.0
2009,09,7,5,264.9
2009,09,7,6,264.2
2009,09,7,7,263.3
2009,09,8,0,263.1
2009,09,8,1,262.9
2009,09,8,2,263.2
2009,09,8,3,263.2
2009,09,8,4,263.1
2009,09,8,5,263.1
2009,09,8,6,263.0
2009,09,8,7,262.2
2009,09,9,0,262.2
2009,09,9,1,262.3
2009,09,9,2,262.4
2009,09,9,3,262.3
2009,09,9,4,262.4
2009,09,9,5,261.1
2009,09,9,6,258.4
2009,09,9,7,258.3
2009,09,10,0,258.4
2009,09,10,1,260.6
2009,09,10,2,261.2
2009,09,10,3,261.9
2009,09,10,4,262.0
2009,09,10,5,261.9
2009,09,10,6,262.1
2009,09,10,7,262.1
2009,09,11,0,261.5
2009,09,11,1,261.7
2009,09,11,2,261.5
2009,09,11,3,261.1
2009,09,11,4,260.7
2009,09,11,5,260.2
2009,09,11,6,260.0
2009,09,11,7,260.3
2009,09,12,0,258.8
2009,09,12,1,258.9
2009,09,12,2,259.4
2009,09,12,3,259.5
2009,09,12,4,258.7
2009,09,12,5,258.2
2009,09,12,6,258.6
2009,09,12,7,259.0
2009,09,13,0,259.6
2009,09,13,1,260.2
2009,09,13,2,261.1
2009,09,13,3,260.2
2009,09,13,4,259.7
2009,09,13,5,259.7
2009,09,13,6,260.2
2009,09,13,7,261.3
2009,09,14,0,261.1
2009,09,14,1,262.0
2009,09,14,2,262.2
2009,09,14,3,261.9
2009,09,14,4,261.8
2009,09,14,5,261.9
2009,09,14,6,261.8
2009,09,14,7,260.9
2009,09,15,0,260.9
2009,09,15,1,261.4
2009,09,15,2,261.0
2009,09,15,3,261.8
2009,09,15,4,263.5
2009,09,15,5,264.7
2009,09,15,6,264.9
2009,09,15,7,264.2
2009,09,16,0,263.9
2009,09,16,1,264.2
2009,09,16,2,264.0
2009,09,16,3,263.4
2009,09,16,4,263.3
2009,09,16,5,262.9
2009,09,16,6,263.0
2009,09,16,7,262.9
2009,09,17,0,263.0
2009,09,17,1,264.1
2009,09,17,2,264.9
2009,09,17,3,264.5
2009,09,17,4,264.3
2009,09,17,5,264.5
2009,09,17,6,265.0
2009,09,17,7,265.9
2009,09,18,0,264.8
2009,09,18,1,264.8
2009,09,18,2,265.1
2009,09,18,3,265.2
2009,09,18,4,265.1
2009,09,18,5,265.4
2009,09,18,6,266.0
2009,09,18,7,266.4
2009,09,19,0,266.0
2009,09,19,1,266.9
2009,09,19,2,267.6
2009,09,19,3,268.0
2009,09,19,4,267.9
2009,09,19,5,267.6
2009,09,19,6,267.2
2009,09,19,7,266.2
2009,09,20,0,266.2
2009,09,20,1,266.4
2009,09,20,2,266.4
2009,09,20,3,266.1
2009,09,20,4,265.8
2009,09,20,5,265.6
2009,09,20,6,265.4
2009,09,20,7,264.4
2009,09,21,0,265.0
2009,09,21,1,265.0
2009,09,21,2,265.0
2009,09,21,3,264.9
2009,09,21,4,264.0
2009,09,21,5,263.1
2009,09,21,6,262.5
2009,09,21,7,262.3
2009,09,22,0,261.9
2009,09,22,1,261.8
2009,09,22,2,260.7
2009,09,22,3,258.8
2009,09,22,4,255.7
2009,09,22,5,254.7
2009,09,22,6,252.7
2009,09,22,7,252.0
2009,09,23,0,255.1
2009,09,23,1,256.5
2009,09,23,2,259.6
2009,09,23,3,263.4
2009,09,23,4,265.3
2009,09,23,5,261.9
2009,09,23,6,261.5
2009,09,23,7,261.4
2009,09,24,0,262.3
2009,09,24,1,263.1
2009,09,24,2,262.1
2009,09,24,3,260.9
2009,09,24,4,260.7
2009,09,24,5,261.2
2009,09,24,6,262.2
2009,09,24,7,261.6
2009,09,25,0,262.6
2009,09,25,1,262.8
2009,09,25,2,262.7
2009,09,25,3,263.2
2009,09,25,4,263.8
2009,09,25,5,263.7
2009,09,25,6,263.7
2009,09,25,7,263.7
2009,09,26,0,264.3
2009,09,26,1,265.5
2009,09,26,2,266.6
2009,09,26,3,266.7
2009,09,26,4,266.9
2009,09,26,5,267.2
2009,09,26,6,268.5
2009,09,26,7,267.2
2009,09,27,0,266.7
2009,09,27,1,266.1
2009,09,27,2,267.2
2009,09,27,3,267.9
2009,09,27,4,267.2
2009,09,27,5,267.5
2009,09,27,6,268.0
2009,09,27,7,268.3
2009,09,28,0,268.5
2009,09,28,1,268.2
2009,09,28,2,267.7
2009,09,28,3,267.8
2009,09,28,4,267.9
2009,09,28,5,267.6
2009,09,28,6,267.0
2009,09,28,7,266.4
2009,09,29,0,266.1
2009,09,29,1,266.9
2009,09,29,2,266.8
2009,09,29,3,267.2
2009,09,29,4,268.0
2009,09,29,5,266.6
2009,09,29,6,264.8
2009,09,29,7,264.8
2009,09,30,0,265.1
2009,09,30,1,266.7
2009,09,30,2,266.5
2009,09,30,3,267.5
2009,09,30,4,265.7
2009,09,30,5,265.4
2009,09,30,6,266.3
2009,09,30,7,265.7
2009,09,31,0,265.5
2009,09,31,1,266.5
2009,09,31,2,264.9
2009,09,31,3,265.1
2009,09,31,4,265.1
2009,09,31,5,264.4
2009,09,31,6,264.8
2009,09,31,7,264.4
2009,09,1,0,263.0
2009,09,1,1,262.9
2009,09,1,2,263.3
2009,09,1,3,264.5
2009,09,1,4,266.4
2009,09,1,5,268.0
2009,09,1,6,268.8
2009,09,1,7,267.2
2009,09,2,0,266.5
2009,09,2,1,267.1
2009,09,2,2,267.2
2009,09,2,3,266.8
2009,09,2,4,266.2
2009,09,2,5,265.4
2009,09,2,6,264.2
2009,09,2,7,263.9
2009,09,3,0,264.6
2009,09,3,1,264.7
2009,09,3,2,263.1
2009,09,3,3,261.4
2009,09,3,4,256.1
2009,09,3,5,252.0
2009,09,3,6,251.2
2009,09,3,7,251.6
2009,09,4,0,252.3
2009,09,4,1,254.5
2009,09,4,2,260.0
2009,09,4,3,262.2
2009,09,4,4,262.0
2009,09,4,5,262.4
2009,09,4,6,263.6
2009,09,4,7,265.7
2009,09,5,0,264.6
2009,09,5,1,265.7
2009,09,5,2,265.9
2009,09,5,3,266.1
2009,09,5,4,265.8
2009,09,5,5,265.5
2009,09,5,6,265.9
2009,09,5,7,265.9
2009,09,6,0,266.1
2009,09,6,1,266.2
2009,09,6,2,266.1
2009,09,6,3,266.0
2009,09,6,4,265.7
2009,09,6,5,265.6
2009,09,6,6,265.1
2009,09,6,7,264.5
2009,09,7,0,264.4
2009,09,7,1,264.3
2009,09,7,2,264.6
2009,09,7,3,265.9
2009,09,7,4,266.1
2009,09,7,5,267.0
2009,09,7,6,265.4
2009,09,7,7,261.8
2009,09,8,0,260.6
2009,09,8,1,259.6
2009,09,8,2,257.2
2009,09,8,3,255.3
2009,09,8,4,255.5
2009,09,8,5,256.2
2009,09,8,6,255.5
2009,09,8,7,255.7
2009,09,9,0,259.3
2009,09,9,1,262.9
2009,09,9,2,262.4
2009,09,9,3,261.1
2009,09,9,4,261.2
2009,09,9,5,260.7
2009,09,9,6,261.0
2009,09,9,7,260.4
2009,09,10,0,260.1
2009,09,10,1,259.6
2009,09,10,2,258.8
2009,09,10,3,257.8
2009,09,10,4,256.7
2009,09,10,5,256.5
2009,09,10,6,258.6
2009,09,10,7,256.9
2009,09,11,0,257.6
2009,09,11,1,258.3
2009,09,11,2,258.6
2009,09,11,3,258.8
2009,09,11,4,258.8
2009,09,11,5,258.9
2009,09,11,6,260.4
2009,09,11,7,261.4
2009,09,12,0,262.9
2009,09,12,1,265.1
2009,09,12,2,266.9
2009,09,12,3,268.5
2009,09,12,4,266.8
2009,09,12,5,266.6
2009,09,12,6,266.9
2009,09,12,7,266.6
2009,09,13,0,265.8
2009,09,13,1,266.3
2009,09,13,2,266.5
2009,09,13,3,266.1
2009,09,13,4,265.9
2009,09,13,5,265.9
2009,09,13,6,264.9
2009,09,13,7,264.5
2009,09,14,0,264.8
2009,09,14,1,264.7
2009,09,14,2,264.2
2009,09,14,3,263.2
2009,09,14,4,262.6
2009,09,14,5,261.4
2009,09,14,6,260.0
2009,09,14,7,257.7
2009,09,15,0,253.9
2009,09,15,1,252.2
2009,09,15,2,251.3
2009,09,15,3,250.6
2009,09,15,4,249.2
2009,09,15,5,249.7
2009,09,15,6,252.1
2009,09,15,7,255.6
2009,09,16,0,254.9
2009,09,16,1,255.0
2009,09,16,2,257.3
2009,09,16,3,258.1
2009,09,16,4,260.8
2009,09,16,5,263.1
2009,09,16,6,263.4
2009,09,16,7,262.9
2009,09,17,0,263.9
2009,09,17,1,264.5
2009,09,17,2,264.8
2009,09,17,3,264.8
2009,09,17,4,264.6
2009,09,17,5,264.6
2009,09,17,6,264.9
2009,09,17,7,266.2
2009,09,18,0,266.4
2009,09,18,1,267.0
2009,09,18,2,267.1
2009,09,18,3,267.3
2009,09,18,4,267.5
2009,09,18,5,267.4
2009,09,18,6,267.5
2009,09,18,7,267.2
2009,09,19,0,267.3
2009,09,19,1,268.6
2009,09,19,2,268.8
2009,09,19,3,268.5
2009,09,19,4,268.1
2009,09,19,5,268.2
2009,09,19,6,268.8
2009,09,19,7,268.9
2009,09,20,0,268.6
2009,09,20,1,269.7
2009,09,20,2,269.5
2009,09,20,3,268.9
2009,09,20,4,268.9
2009,09,20,5,268.7
2009,09,20,6,268.7
2009,09,20,7,268.0
2009,09,21,0,268.9
2009,09,21,1,269.0
2009,09,21,2,268.6
2009,09,21,3,268.1
2009,09,21,4,267.3
2009,09,21,5,266.7
2009,09,21,6,266.6
2009,09,21,7,267.7
2009,09,22,0,268.9
2009,09,22,1,269.1
2009,09,22,2,268.8
2009,09,22,3,268.4
2009,09,22,4,267.8
2009,09,22,5,267.2
2009,09,22,6,267.1
2009,09,22,7,267.9
2009,09,23,0,267.9
2009,09,23,1,267.8
2009,09,23,2,267.9
2009,09,23,3,267.9
2009,09,23,4,267.9
2009,09,23,5,267.8
2009,09,23,6,267.4
2009,09,23,7,267.2
2009,09,24,0,267.8
2009,09,24,1,268.0
2009,09,24,2,267.4
2009,09,24,3,267.4
2009,09,24,4,267.0
2009,09,24,5,266.5
2009,09,24,6,264.0
2009,09,24,7,263.5
2009,09,25,0,261.8
2009,09,25,1,260.3
2009,09,25,2,258.2
2009,09,25,3,254.7
2009,09,25,4,254.8
2009,09,25,5,256.9
2009,09,25,6,258.8
2009,09,25,7,260.7
2009,09,26,0,261.5
2009,09,26,1,263.1
2009,09,26,2,261.8
2009,09,26,3,261.0
2009,09,26,4,261.1
2009,09,26,5,262.6
2009,09,26,6,263.8
2009,09,26,7,263.1
2009,09,27,0,263.0
2009,09,27,1,265.2
2009,09,27,2,266.3
2009,09,27,3,267.2
2009,09,27,4,269.3
2009,09,27,5,267.2
2009,09,27,6,266.9
2009,09,27,7,266.2
2009,09,28,0,266.4
2009,09,28,1,266.8
2009,09,28,2,267.5
2009,09,28,3,267.2
2009,09,28,4,267.2
2009,09,28,5,266.9
2009,09,28,6,266.1
2009,09,28,7,265.6
2009,09,29,0,266.6
2009,09,29,1,267.2
2009,09,29,2,266.5
2009,09,29,3,266.3
2009,09,29,4,266.2
2009,09,29,5,266.6
2009,09,29,6,266.3
2009,09,29,7,267.0
2009,09,30,0,268.5
2009,09,30,1,269.3
2009,09,30,2,269.2
2009,09,30,3,269.0
2009,09,30,4,268.9
2009,09,30,5,269.5
2009,09,30,6,269.4
2009,09,30,7,268.8
2009,09,1,0,269.7
2009,09,1,1,269.9
2009,09,1,2,269.2
2009,09,1,3,269.2
2009,09,1,4,268.6
2009,09,1,5,268.3
2009,09,1,6,268.6
2009,09,1,7,268.5
2009,09,2,0,268.4
2009,09,2,1,267.8
2009,09,2,2,267.8
2009,09,2,3,267.5
2009,09,2,4,267.4
2009,09,2,5,268.8
2009,09,2,6,268.4
2009,09,2,7,268.0
2009,09,3,0,269.2
2009,09,3,1,269.0
2009,09,3,2,268.8
2009,09,3,3,268.2
2009,09,3,4,267.0
2009,09,3,5,267.7
2009,09,3,6,267.2
2009,09,3,7,267.5
2009,09,4,0,265.6
2009,09,4,1,266.5
2009,09,4,2,266.7
2009,09,4,3,267.1
2009,09,4,4,268.6
2009,09,4,5,268.8
2009,09,4,6,268.9
2009,09,4,7,269.0
2009,09,5,0,269.6
2009,09,5,1,270.4
2009,09,5,2,271.0
2009,09,5,3,271.2
2009,09,5,4,270.5
2009,09,5,5,270.0
2009,09,5,6,271.4
2009,09,5,7,270.2
2009,09,6,0,271.2
2009,09,6,1,272.5
2009,09,6,2,272.8
2009,09,6,3,272.6
2009,09,6,4,271.9
2009,09,6,5,272.2
2009,09,6,6,272.2
2009,09,6,7,271.3
2009,09,7,0,272.0
2009,09,7,1,273.5
2009,09,7,2,273.5
2009,09,7,3,273.3
2009,09,7,4,272.5
2009,09,7,5,271.8
2009,09,7,6,271.9
2009,09,7,7,271.4
2009,09,8,0,271.6
2009,09,8,1,271.5
2009,09,8,2,271.6
2009,09,8,3,271.3
2009,09,8,4,271.5
2009,09,8,5,271.3
2009,09,8,6,272.1
2009,09,8,7,270.1
2009,09,9,0,270.3
2009,09,9,1,270.5
2009,09,9,2,270.8
2009,09,9,3,271.1
2009,09,9,4,271.8
2009,09,9,5,271.2
2009,09,9,6,272.2
2009,09,9,7,270.3
2009,09,10,0,271.1
2009,09,10,1,271.2
2009,09,10,2,271.6
2009,09,10,3,272.0
2009,09,10,4,271.4
2009,09,10,5,270.9
2009,09,10,6,270.7
2009,09,10,7,269.7
2009,09,11,0,271.0
2009,09,11,1,271.0
2009,09,11,2,270.6
2009,09,11,3,270.8
2009,09,11,4,270.5
2009,09,11,5,270.1
2009,09,11,6,269.1
2009,09,11,7,269.0
2009,09,12,0,269.7
2009,09,12,1,269.9
2009,09,12,2,269.7
2009,09,12,3,270.0
2009,09,12,4,269.5
2009,09,12,5,269.5
2009,09,12,6,270.5
2009,09,12,7,268.9
2009,09,13,0,269.4
2009,09,13,1,269.4
2009,09,13,2,269.7
2009,09,13,3,270.5
2009,09,13,4,271.3
2009,09,13,5,270.5
2009,09,13,6,271.1
2009,09,13,7,269.5
2009,09,14,0,269.0
2009,09,14,1,268.5
2009,09,14,2,268.7
2009,09,14,3,269.3
2009,09,14,4,271.7
2009,09,14,5,271.0
2009,09,14,6,270.8
2009,09,14,7,269.2
2009,09,15,0,269.9
2009,09,15,1,269.8
2009,09,15,2,269.7
2009,09,15,3,270.3
2009,09,15,4,271.0
2009,09,15,5,271.4
2009,09,15,6,271.5
2009,09,15,7,270.0
2009,09,16,0,271.4
2009,09,16,1,271.3
2009,09,16,2,271.5
2009,09,16,3,272.2
2009,09,16,4,272.5
2009,09,16,5,272.8
2009,09,16,6,273.4
2009,09,16,7,273.6
2009,09,17,0,272.8
2009,09,17,1,272.9
2009,09,17,2,272.7
2009,09,17,3,272.5
2009,09,17,4,272.3
2009,09,17,5,272.4
2009,09,17,6,272.5
2009,09,17,7,272.7
2009,09,18,0,273.9
2009,09,18,1,274.1
2009,09,18,2,273.6
2009,09,18,3,273.0
2009,09,18,4,272.5
2009,09,18,5,272.3
2009,09,18,6,271.8
2009,09,18,7,272.2
2009,09,19,0,270.8
2009,09,19,1,270.8
2009,09,19,2,269.4
2009,09,19,3,268.7
2009,09,19,4,268.4
2009,09,19,5,267.8
2009,09,19,6,267.2
2009,09,19,7,267.5
2009,09,20,0,267.8
2009,09,20,1,268.8
2009,09,20,2,269.0
2009,09,20,3,268.8
2009,09,20,4,268.6
2009,09,20,5,268.6
2009,09,20,6,268.1
2009,09,20,7,268.4
2009,09,21,0,269.5
2009,09,21,1,270.3
2009,09,21,2,270.4
2009,09,21,3,269.5
2009,09,21,4,269.1
2009,09,21,5,269.3
2009,09,21,6,268.7
2009,09,21,7,269.9
2009,09,22,0,270.3
2009,09,22,1,269.8
2009,09,22,2,269.2
2009,09,22,3,268.6
2009,09,22,4,268.0
2009,09,22,5,267.7
2009,09,22,6,267.5
2009,09,22,7,268.3
2009,09,23,0,268.9
2009,09,23,1,269.2
2009,09,23,2,268.8
2009,09,23,3,268.3
2009,09,23,4,268.6
2009,09,23,5,268.5
2009,09,23,6,268.3
2009,09,23,7,269.1
2009,09,24,0,269.2
2009,09,24,1,269.1
2009,09,24,2,269.4
2009,09,24,3,269.6
2009,09,24,4,269.6
2009,09,24,5,269.6
2009,09,24,6,268.6
2009,09,24,7,270.7
2009,09,25,0,271.4
2009,09,25,1,271.2
2009,09,25,2,270.3
2009,09,25,3,268.9
2009,09,25,4,267.7
2009,09,25,5,267.7
2009,09,25,6,266.7
2009,09,25,7,267.7
2009,09,26,0,268.0
2009,09,26,1,268.0
2009,09,26,2,267.4
2009,09,26,3,267.3
2009,09,26,4,268.1
2009,09,26,5,268.5
2009,09,26,6,268.1
2009,09,26,7,270.1
2009,09,27,0,271.1
2009,09,27,1,271.4
2009,09,27,2,271.2
2009,09,27,3,270.6
2009,09,27,4,270.5
2009,09,27,5,270.2
2009,09,27,6,269.7
2009,09,27,7,270.0
2009,09,28,0,269.9
2009,09,28,1,270.1
2009,09,28,2,269.6
2009,09,28,3,269.2
2009,09,28,4,269.2
2009,09,28,5,269.2
2009,09,28,6,269.3
2009,09,28,7,270.1
2009,09,29,0,270.8
2009,09,29,1,270.9
2009,09,29,2,270.3
2009,09,29,3,269.9
2009,09,29,4,270.2
2009,09,29,5,270.0
2009,09,29,6,270.4
2009,09,29,7,270.1
2009,09,30,0,270.5
2009,09,30,1,271.0
2009,09,30,2,269.4
2009,09,30,3,269.2
2009,09,30,4,269.9
2009,09,30,5,269.9
2009,09,30,6,269.6
2009,09,30,7,269.5
2009,09,31,0,269.6
2009,09,31,1,269.8
2009,09,31,2,269.7
2009,09,31,3,269.8
2009,09,31,4,270.3
2009,09,31,5,270.2
2009,09,31,6,269.8
2009,09,31,7,270.3
2009,09,1,0,271.0
2009,09,1,1,270.9
2009,09,1,2,270.0
2009,09,1,3,269.8
2009,09,1,4,269.6
2009,09,1,5,269.4
2009,09,1,6,268.6
2009,09,1,7,269.3
2009,09,2,0,270.0
2009,09,2,1,269.7
2009,09,2,2,269.3
2009,09,2,3,268.2
2009,09,2,4,267.2
2009,09,2,5,266.7
2009,09,2,6,266.9
2009,09,2,7,267.8
2009,09,3,0,268.3
2009,09,3,1,267.9
2009,09,3,2,268.0
2009,09,3,3,267.8
2009,09,3,4,267.5
2009,09,3,5,267.4
2009,09,3,6,266.7
2009,09,3,7,265.8
2009,09,4,0,266.4
2009,09,4,1,266.9
2009,09,4,2,266.5
2009,09,4,3,265.9
2009,09,4,4,266.6
2009,09,4,5,267.4
2009,09,4,6,266.0
2009,09,4,7,266.8
2009,09,5,0,267.5
2009,09,5,1,266.7
2009,09,5,2,266.0
2009,09,5,3,264.7
2009,09,5,4,263.0
2009,09,5,5,261.6
2009,09,5,6,262.1
2009,09,5,7,264.3
2009,09,6,0,262.4
2009,09,6,1,262.4
2009,09,6,2,262.3
2009,09,6,3,262.0
2009,09,6,4,262.1
2009,09,6,5,261.9
2009,09,6,6,262.3
2009,09,6,7,263.1
2009,09,7,0,263.9
2009,09,7,1,264.0
2009,09,7,2,264.4
2009,09,7,3,264.9
2009,09,7,4,264.9
2009,09,7,5,266.0
2009,09,7,6,266.3
2009,09,7,7,266.3
2009,09,8,0,266.7
2009,09,8,1,267.2
2009,09,8,2,267.4
2009,09,8,3,267.0
2009,09,8,4,267.0
2009,09,8,5,266.9
2009,09,8,6,266.4
2009,09,8,7,265.7
2009,09,9,0,267.1
2009,09,9,1,267.3
2009,09,9,2,266.8
2009,09,9,3,266.9
2009,09,9,4,266.1
2009,09,9,5,265.0
2009,09,9,6,265.0
2009,09,9,7,266.1
2009,09,10,0,267.2
2009,09,10,1,266.7
2009,09,10,2,266.6
2009,09,10,3,265.9
2009,09,10,4,264.7
2009,09,10,5,262.8
2009,09,10,6,263.2
2009,09,10,7,264.2
2009,09,11,0,265.9
2009,09,11,1,266.0
2009,09,11,2,266.0
2009,09,11,3,265.3
2009,09,11,4,264.7
2009,09,11,5,265.2
2009,09,11,6,264.9
2009,09,11,7,265.3
2009,09,12,0,266.9
2009,09,12,1,266.5
2009,09,12,2,268.0
2009,09,12,3,267.4
2009,09,12,4,266.8
2009,09,12,5,267.8
2009,09,12,6,267.3
2009,09,12,7,267.7
2009,09,13,0,267.2
2009,09,13,1,267.4
2009,09,13,2,267.0
2009,09,13,3,265.9
2009,09,13,4,266.5
2009,09,13,5,265.1
2009,09,13,6,264.4
2009,09,13,7,265.1
2009,09,14,0,265.7
2009,09,14,1,265.6
2009,09,14,2,265.5
2009,09,14,3,265.3
2009,09,14,4,265.8
2009,09,14,5,265.1
2009,09,14,6,264.2
2009,09,14,7,265.0
2009,09,15,0,265.9
2009,09,15,1,266.3
2009,09,15,2,267.4
2009,09,15,3,267.5
2009,09,15,4,266.4
2009,09,15,5,267.0
2009,09,15,6,267.0
2009,09,15,7,267.8
2009,09,16,0,267.6
2009,09,16,1,267.3
2009,09,16,2,267.3
2009,09,16,3,266.3
2009,09,16,4,266.1
2009,09,16,5,266.6
2009,09,16,6,266.9
2009,09,16,7,267.0
2009,09,17,0,268.8
2009,09,17,1,268.7
2009,09,17,2,268.3
2009,09,17,3,267.8
2009,09,17,4,267.8
2009,09,17,5,268.0
2009,09,17,6,267.8
2009,09,17,7,270.5
2009,09,18,0,270.2
2009,09,18,1,270.1
2009,09,18,2,269.7
2009,09,18,3,270.0
2009,09,18,4,271.3
2009,09,18,5,271.5
2009,09,18,6,271.3
2009,09,18,7,272.0
2009,09,19,0,273.5
2009,09,19,1,273.5
2009,09,19,2,273.5
2009,09,19,3,274.1
2009,09,19,4,274.4
2009,09,19,5,274.2
2009,09,19,6,273.3
2009,09,19,7,272.8
2009,09,20,0,273.3
2009,09,20,1,273.6
2009,09,20,2,272.4
2009,09,20,3,270.1
2009,09,20,4,268.1
2009,09,20,5,267.8
2009,09,20,6,267.3
2009,09,20,7,269.0
2009,09,21,0,270.0
2009,09,21,1,270.0
2009,09,21,2,269.8
2009,09,21,3,269.2
2009,09,21,4,269.0
2009,09,21,5,268.8
2009,09,21,6,269.2
2009,09,21,7,269.1
2009,09,22,0,270.3
2009,09,22,1,270.2
2009,09,22,2,269.1
2009,09,22,3,269.1
2009,09,22,4,269.5
2009,09,22,5,270.1
2009,09,22,6,270.3
2009,09,22,7,268.9
2009,09,23,0,270.8
2009,09,23,1,271.1
2009,09,23,2,271.1
2009,09,23,3,271.5
2009,09,23,4,272.0
2009,09,23,5,272.3
2009,09,23,6,271.1
2009,09,23,7,272.4
2009,09,24,0,274.2
2009,09,24,1,274.4
2009,09,24,2,274.0
2009,09,24,3,274.5
2009,09,24,4,274.6
2009,09,24,5,274.9
2009,09,24,6,274.1
2009,09,24,7,274.7
2009,09,25,0,275.8
2009,09,25,1,275.5
2009,09,25,2,274.5
2009,09,25,3,273.8
2009,09,25,4,273.2
2009,09,25,5,272.5
2009,09,25,6,272.7
2009,09,25,7,273.7
2009,09,26,0,273.4
2009,09,26,1,272.0
2009,09,26,2,272.0
2009,09,26,3,270.9
2009,09,26,4,270.3
2009,09,26,5,270.2
2009,09,26,6,269.6
2009,09,26,7,270.9
2009,09,27,0,272.2
2009,09,27,1,272.5
2009,09,27,2,272.4
2009,09,27,3,272.6
2009,09,27,4,272.9
2009,09,27,5,273.6
2009,09,27,6,273.4
2009,09,27,7,274.3
2009,09,28,0,276.1
2009,09,28,1,276.6
2009,09,28,2,276.3
2009,09,28,3,276.2
2009,09,28,4,276.3
2009,09,28,5,276.4
2009,09,28,6,276.0
2009,09,28,7,277.5
2009,09,29,0,278.4
2009,09,29,1,277.9
2009,09,29,2,277.7
2009,09,29,3,277.5
2009,09,29,4,277.4
2009,09,29,5,277.3
2009,09,29,6,276.6
2009,09,29,7,277.9
2009,09,30,0,278.2
2009,09,30,1,277.0
2009,09,30,2,277.2
2009,09,30,3,276.8
2009,09,30,4,276.6
2009,09,30,5,274.6
2009,09,30,6,274.8
2009,09,30,7,274.7
2009,09,1,0,275.7
2009,09,1,1,275.6
2009,09,1,2,275.0
2009,09,1,3,274.2
2009,09,1,4,273.8
2009,09,1,5,273.4
2009,09,1,6,272.6
2009,09,1,7,273.3
2009,09,2,0,273.6
2009,09,2,1,273.8
2009,09,2,2,273.4
2009,09,2,3,272.9
2009,09,2,4,272.1
2009,09,2,5,271.7
2009,09,2,6,272.2
2009,09,2,7,272.2
2009,09,3,0,272.7
2009,09,3,1,272.7
2009,09,3,2,272.6
2009,09,3,3,272.3
2009,09,3,4,272.3
2009,09,3,5,272.3
2009,09,3,6,271.5
2009,09,3,7,272.2
2009,09,4,0,273.3
2009,09,4,1,273.3
2009,09,4,2,272.7
2009,09,4,3,271.9
2009,09,4,4,272.2
2009,09,4,5,272.7
2009,09,4,6,273.9
2009,09,4,7,272.7
2009,09,5,0,273.9
2009,09,5,1,274.1
2009,09,5,2,274.1
2009,09,5,3,274.4
2009,09,5,4,274.5
2009,09,5,5,274.8
2009,09,5,6,274.2
2009,09,5,7,275.1
2009,09,6,0,276.2
2009,09,6,1,276.3
2009,09,6,2,276.0
2009,09,6,3,275.4
2009,09,6,4,275.2
2009,09,6,5,275.4
2009,09,6,6,274.8
2009,09,6,7,275.3
2009,09,7,0,276.2
2009,09,7,1,276.0
2009,09,7,2,275.6
2009,09,7,3,275.3
2009,09,7,4,274.9
2009,09,7,5,274.6
2009,09,7,6,274.5
2009,09,7,7,275.1
2009,09,8,0,275.9
2009,09,8,1,276.0
2009,09,8,2,275.5
2009,09,8,3,274.5
2009,09,8,4,274.1
2009,09,8,5,273.8
2009,09,8,6,273.7
2009,09,8,7,272.8
2009,09,9,0,273.6
2009,09,9,1,274.2
2009,09,9,2,274.1
2009,09,9,3,273.1
2009,09,9,4,273.0
2009,09,9,5,273.5
2009,09,9,6,273.4
2009,09,9,7,273.0
2009,09,10,0,274.2
2009,09,10,1,274.8
2009,09,10,2,274.9
2009,09,10,3,274.9
2009,09,10,4,274.9
2009,09,10,5,275.0
2009,09,10,6,274.4
2009,09,10,7,274.8
2009,09,11,0,275.2
2009,09,11,1,274.8
2009,09,11,2,274.4
2009,09,11,3,274.4
2009,09,11,4,274.0
2009,09,11,5,274.1
2009,09,11,6,272.9
2009,09,11,7,274.3
2009,09,12,0,274.8
2009,09,12,1,275.0
2009,09,12,2,275.2
2009,09,12,3,274.8
2009,09,12,4,274.1
2009,09,12,5,273.7
2009,09,12,6,273.5
2009,09,12,7,274.8
2009,09,13,0,275.1
2009,09,13,1,275.8
2009,09,13,2,275.8
2009,09,13,3,275.0
2009,09,13,4,274.5
2009,09,13,5,274.5
2009,09,13,6,275.7
2009,09,13,7,274.1
2009,09,14,0,275.5
2009,09,14,1,275.1
2009,09,14,2,275.0
2009,09,14,3,274.8
2009,09,14,4,274.9
2009,09,14,5,275.5
2009,09,14,6,276.0
2009,09,14,7,274.2
2009,09,15,0,275.5
2009,09,15,1,276.1
2009,09,15,2,275.7
2009,09,15,3,275.2
2009,09,15,4,274.8
2009,09,15,5,274.6
2009,09,15,6,274.4
2009,09,15,7,275.6
2009,09,16,0,277.0
2009,09,16,1,277.2
2009,09,16,2,276.1
2009,09,16,3,275.1
2009,09,16,4,274.8
2009,09,16,5,274.6
2009,09,16,6,274.2
2009,09,16,7,274.9
2009,09,17,0,276.2
2009,09,17,1,276.4
2009,09,17,2,275.6
2009,09,17,3,274.9
2009,09,17,4,274.2
2009,09,17,5,273.7
2009,09,17,6,273.6
2009,09,17,7,275.0
2009,09,18,0,275.7
2009,09,18,1,275.9
2009,09,18,2,275.6
2009,09,18,3,274.8
2009,09,18,4,274.5
2009,09,18,5,274.3
2009,09,18,6,274.5
2009,09,18,7,275.1
2009,09,19,0,275.1
2009,09,19,1,275.7
2009,09,19,2,275.0
2009,09,19,3,274.3
2009,09,19,4,274.5
2009,09,19,5,274.7
2009,09,19,6,274.5
2009,09,19,7,275.0
2009,09,20,0,274.5
2009,09,20,1,274.6
2009,09,20,2,275.5
2009,09,20,3,275.0
2009,09,20,4,274.6
2009,09,20,5,274.6
2009,09,20,6,274.5
2009,09,20,7,275.8
2009,09,21,0,275.8
2009,09,21,1,275.6
2009,09,21,2,275.0
2009,09,21,3,275.1
2009,09,21,4,275.3
2009,09,21,5,274.3
2009,09,21,6,274.4
2009,09,21,7,276.2
2009,09,22,0,277.1
2009,09,22,1,277.0
2009,09,22,2,276.3
2009,09,22,3,275.7
2009,09,22,4,275.8
2009,09,22,5,276.2
2009,09,22,6,276.1
2009,09,22,7,276.8
2009,09,23,0,276.7
2009,09,23,1,276.7
2009,09,23,2,275.9
2009,09,23,3,275.0
2009,09,23,4,274.2
2009,09,23,5,273.9
2009,09,23,6,274.5
2009,09,23,7,274.7
2009,09,24,0,274.6
2009,09,24,1,274.7
2009,09,24,2,274.4
2009,09,24,3,274.6
2009,09,24,4,274.3
2009,09,24,5,274.1
2009,09,24,6,273.7
2009,09,24,7,274.6
2009,09,25,0,275.1
2009,09,25,1,274.6
2009,09,25,2,274.4
2009,09,25,3,274.2
2009,09,25,4,274.1
2009,09,25,5,274.2
2009,09,25,6,274.0
2009,09,25,7,274.6
2009,09,26,0,275.1
2009,09,26,1,275.0
2009,09,26,2,274.1
2009,09,26,3,273.9
2009,09,26,4,273.8
2009,09,26,5,273.7
2009,09,26,6,273.4
2009,09,26,7,274.6
2009,09,27,0,274.7
2009,09,27,1,274.6
2009,09,27,2,275.2
2009,09,27,3,274.7
2009,09,27,4,274.7
2009,09,27,5,274.7
2009,09,27,6,274.6
2009,09,27,7,275.2
2009,09,28,0,275.8
2009,09,28,1,275.5
2009,09,28,2,275.5
2009,09,28,3,275.1
2009,09,28,4,274.8
2009,09,28,5,274.9
2009,09,28,6,274.6
2009,09,28,7,275.3
2009,09,29,0,274.9
2009,09,29,1,274.8
2009,09,29,2,274.6
2009,09,29,3,274.4
2009,09,29,4,273.7
2009,09,29,5,273.1
2009,09,29,6,272.7
2009,09,29,7,273.5
2009,09,30,0,273.3
2009,09,30,1,273.4
2009,09,30,2,274.0
2009,09,30,3,273.4
2009,09,30,4,272.8
2009,09,30,5,272.8
2009,09,30,6,272.3
2009,09,30,7,274.1
2009,09,31,0,274.7
2009,09,31,1,274.5
2009,09,31,2,274.3
2009,09,31,3,274.0
2009,09,31,4,274.0
2009,09,31,5,274.4
2009,09,31,6,274.3
2009,09,31,7,275.7
2009,09,1,0,276.0
2009,09,1,1,276.1
2009,09,1,2,275.5
2009,09,1,3,274.9
2009,09,1,4,274.6
2009,09,1,5,274.7
2009,09,1,6,274.7
2009,09,1,7,276.1
2009,09,2,0,276.8
2009,09,2,1,276.5
2009,09,2,2,276.1
2009,09,2,3,275.6
2009,09,2,4,275.0
2009,09,2,5,274.7
2009,09,2,6,274.3
2009,09,2,7,275.4
2009,09,3,0,276.2
2009,09,3,1,275.6
2009,09,3,2,275.4
2009,09,3,3,275.3
2009,09,3,4,275.1
2009,09,3,5,274.9
2009,09,3,6,274.1
2009,09,3,7,275.1
2009,09,4,0,275.6
2009,09,4,1,275.7
2009,09,4,2,275.1
2009,09,4,3,274.5
2009,09,4,4,273.8
2009,09,4,5,272.9
2009,09,4,6,272.3
2009,09,4,7,273.4
2009,09,5,0,274.4
2009,09,5,1,274.3
2009,09,5,2,273.7
2009,09,5,3,273.4
2009,09,5,4,273.5
2009,09,5,5,273.1
2009,09,5,6,272.0
2009,09,5,7,272.8
2009,09,6,0,273.4
2009,09,6,1,274.1
2009,09,6,2,273.9
2009,09,6,3,272.9
2009,09,6,4,271.5
2009,09,6,5,268.7
2009,09,6,6,265.2
2009,09,6,7,265.9
2009,09,7,0,267.5
2009,09,7,1,267.3
2009,09,7,2,266.6
2009,09,7,3,265.9
2009,09,7,4,265.2
2009,09,7,5,264.6
2009,09,7,6,264.6
2009,09,7,7,263.5
2009,09,8,0,265.7
2009,09,8,1,266.6
2009,09,8,2,268.2
2009,09,8,3,267.9
2009,09,8,4,268.3
2009,09,8,5,268.9
2009,09,8,6,269.3
2009,09,8,7,267.9
2009,09,9,0,269.1
2009,09,9,1,268.6
2009,09,9,2,271.1
2009,09,9,3,271.9
2009,09,9,4,271.4
2009,09,9,5,270.2
2009,09,9,6,270.3
2009,09,9,7,267.4
2009,09,10,0,269.7
2009,09,10,1,269.7
2009,09,10,2,268.3
2009,09,10,3,268.8
2009,09,10,4,269.9
2009,09,10,5,269.5
2009,09,10,6,269.5
2009,09,10,7,270.4
2009,09,11,0,271.6
2009,09,11,1,271.5
2009,09,11,2,271.5
2009,09,11,3,271.5
2009,09,11,4,271.3
2009,09,11,5,271.2
2009,09,11,6,271.7
2009,09,11,7,273.3
2009,09,12,0,274.8
2009,09,12,1,274.6
2009,09,12,2,274.2
2009,09,12,3,273.9
2009,09,12,4,273.6
2009,09,12,5,274.0
2009,09,12,6,275.1
2009,09,12,7,274.1
2009,09,13,0,276.0
2009,09,13,1,276.4
2009,09,13,2,275.5
2009,09,13,3,275.0
2009,09,13,4,274.2
2009,09,13,5,273.6
2009,09,13,6,273.2
2009,09,13,7,274.7
2009,09,14,0,276.0
2009,09,14,1,276.0
2009,09,14,2,275.0
2009,09,14,3,274.0
2009,09,14,4,273.7
2009,09,14,5,274.0
2009,09,14,6,273.5
2009,09,14,7,274.0
2009,09,15,0,274.7
2009,09,15,1,274.7
2009,09,15,2,274.6
2009,09,15,3,273.8
2009,09,15,4,273.7
2009,09,15,5,273.8
2009,09,15,6,274.1
2009,09,15,7,272.1
2009,09,16,0,273.5
2009,09,16,1,273.1
2009,09,16,2,274.3
2009,09,16,3,273.5
2009,09,16,4,273.2
2009,09,16,5,273.4
2009,09,16,6,273.8
2009,09,16,7,273.7
2009,09,17,0,274.3
2009,09,17,1,274.3
2009,09,17,2,274.3
2009,09,17,3,275.6
2009,09,17,4,274.0
2009,09,17,5,273.6
2009,09,17,6,274.7
2009,09,17,7,273.3
2009,09,18,0,274.7
2009,09,18,1,274.5
2009,09,18,2,273.6
2009,09,18,3,274.2
2009,09,18,4,274.2
2009,09,18,5,274.3
2009,09,18,6,274.3
2009,09,18,7,273.4
2009,09,19,0,274.8
2009,09,19,1,274.7
2009,09,19,2,273.6
2009,09,19,3,273.8
2009,09,19,4,273.9
2009,09,19,5,274.2
2009,09,19,6,274.4
2009,09,19,7,273.2
2009,09,20,0,274.3
2009,09,20,1,274.1
2009,09,20,2,274.6
2009,09,20,3,274.4
2009,09,20,4,274.4
2009,09,20,5,273.7
2009,09,20,6,273.1
2009,09,20,7,274.0
2009,09,21,0,275.2
2009,09,21,1,275.4
2009,09,21,2,275.4
2009,09,21,3,275.0
2009,09,21,4,274.2
2009,09,21,5,273.7
2009,09,21,6,273.7
2009,09,21,7,274.9
2009,09,22,0,275.9
2009,09,22,1,275.9
2009,09,22,2,275.5
2009,09,22,3,275.4
2009,09,22,4,275.3
2009,09,22,5,275.3
2009,09,22,6,273.6
2009,09,22,7,272.6
2009,09,23,0,273.3
2009,09,23,1,272.3
2009,09,23,2,272.7
2009,09,23,3,272.5
2009,09,23,4,272.0
2009,09,23,5,272.0
2009,09,23,6,271.1
2009,09,23,7,269.8
2009,09,24,0,270.0
2009,09,24,1,271.1
2009,09,24,2,270.7
2009,09,24,3,269.9
2009,09,24,4,270.1
2009,09,24,5,271.0
2009,09,24,6,272.2
2009,09,24,7,270.3
2009,09,25,0,271.2
2009,09,25,1,271.0
2009,09,25,2,271.2
2009,09,25,3,271.9
2009,09,25,4,272.1
2009,09,25,5,272.3
2009,09,25,6,272.3
2009,09,25,7,273.2
2009,09,26,0,274.7
2009,09,26,1,274.8
2009,09,26,2,274.3
2009,09,26,3,274.0
2009,09,26,4,273.3
2009,09,26,5,272.8
2009,09,26,6,273.6
2009,09,26,7,273.7
2009,09,27,0,275.0
2009,09,27,1,274.9
2009,09,27,2,274.9
2009,09,27,3,274.9
2009,09,27,4,274.3
2009,09,27,5,275.5
2009,09,27,6,276.1
2009,09,27,7,274.7
2009,09,28,0,275.3
2009,09,28,1,275.4
2009,09,28,2,275.2
2009,09,28,3,274.7
2009,09,28,4,274.7
2009,09,28,5,274.0
2009,09,28,6,273.7
2009,09,28,7,273.9
2009,09,29,0,274.8
2009,09,29,1,274.9
2009,09,29,2,274.4
2009,09,29,3,273.9
2009,09,29,4,274.2
2009,09,29,5,274.4
2009,09,29,6,274.5
2009,09,29,7,274.9
2009,09,30,0,276.3
2009,09,30,1,276.4
2009,09,30,2,275.4
2009,09,30,3,274.7
2009,09,30,4,274.3
2009,09,30,5,274.3
2009,09,30,6,273.8
2009,09,30,7,273.6
2009,09,31,0,273.9
2009,09,31,1,274.4
2009,09,31,2,273.7
2009,09,31,3,272.7
2009,09,31,4,272.2
2009,09,31,5,271.8
2009,09,31,6,270.9
2009,09,31,7,272.1
2009,09,1,0,272.5
2009,09,1,1,272.9
2009,09,1,2,272.9
2009,09,1,3,272.3
2009,09,1,4,271.8
2009,09,1,5,271.4
2009,09,1,6,270.8
2009,09,1,7,271.0
2009,09,2,0,272.0
2009,09,2,1,272.2
2009,09,2,2,272.2
2009,09,2,3,271.6
2009,09,2,4,270.8
2009,09,2,5,270.7
2009,09,2,6,270.6
2009,09,2,7,271.2
2009,09,3,0,271.5
2009,09,3,1,272.0
2009,09,3,2,272.1
2009,09,3,3,272.0
2009,09,3,4,271.7
2009,09,3,5,271.5
2009,09,3,6,271.1
2009,09,3,7,272.0
2009,09,4,0,272.2
2009,09,4,1,272.4
2009,09,4,2,272.4
2009,09,4,3,271.9
2009,09,4,4,271.3
2009,09,4,5,270.9
2009,09,4,6,270.8
2009,09,4,7,271.5
2009,09,5,0,270.8
2009,09,5,1,271.3
2009,09,5,2,271.7
2009,09,5,3,270.7
2009,09,5,4,270.5
2009,09,5,5,271.7
2009,09,5,6,273.1
2009,09,5,7,271.6
2009,09,6,0,272.6
2009,09,6,1,273.1
2009,09,6,2,272.4
2009,09,6,3,273.1
2009,09,6,4,273.8
2009,09,6,5,274.9
2009,09,6,6,275.5
2009,09,6,7,273.4
2009,09,7,0,274.0
2009,09,7,1,274.2
2009,09,7,2,274.1
2009,09,7,3,274.4
2009,09,7,4,274.5
2009,09,7,5,273.8
2009,09,7,6,274.4
2009,09,7,7,272.4
2009,09,8,0,273.0
2009,09,8,1,272.8
2009,09,8,2,273.4
2009,09,8,3,273.7
2009,09,8,4,273.7
2009,09,8,5,273.8
2009,09,8,6,274.1
2009,09,8,7,273.7
2009,09,9,0,272.3
2009,09,9,1,272.6
2009,09,9,2,272.7
2009,09,9,3,273.1
2009,09,9,4,273.0
2009,09,9,5,272.8
2009,09,9,6,273.1
2009,09,9,7,271.9
2009,09,10,0,272.4
2009,09,10,1,272.4
2009,09,10,2,272.4
2009,09,10,3,272.6
2009,09,10,4,272.4
2009,09,10,5,272.3
2009,09,10,6,271.7
2009,09,10,7,271.6
2009,09,11,0,272.4
2009,09,11,1,272.7
2009,09,11,2,272.5
2009,09,11,3,272.2
2009,09,11,4,272.4
2009,09,11,5,272.8
2009,09,11,6,273.1
2009,09,11,7,274.1
2009,09,12,0,275.2
2009,09,12,1,275.2
2009,09,12,2,275.2
2009,09,12,3,274.9
2009,09,12,4,274.4
2009,09,12,5,273.9
2009,09,12,6,273.6
2009,09,12,7,273.0
2009,09,13,0,273.0
2009,09,13,1,273.3
2009,09,13,2,273.4
2009,09,13,3,273.2
2009,09,13,4,272.6
2009,09,13,5,272.2
2009,09,13,6,272.2
2009,09,13,7,272.1
2009,09,14,0,272.7
2009,09,14,1,272.6
2009,09,14,2,272.5
2009,09,14,3,270.9
2009,09,14,4,269.0
2009,09,14,5,267.7
2009,09,14,6,266.7
2009,09,14,7,267.1
2009,09,15,0,268.6
2009,09,15,1,270.2
2009,09,15,2,271.9
2009,09,15,3,272.5
2009,09,15,4,273.9
2009,09,15,5,275.0
2009,09,15,6,274.8
2009,09,15,7,276.0
2009,09,16,0,275.4
2009,09,16,1,274.5
2009,09,16,2,274.5
2009,09,16,3,275.2
2009,09,16,4,276.0
2009,09,16,5,275.3
2009,09,16,6,275.3
2009,09,16,7,276.2
2009,09,17,0,274.5
2009,09,17,1,274.6
2009,09,17,2,275.0
2009,09,17,3,275.4
2009,09,17,4,275.6
2009,09,17,5,275.3
2009,09,17,6,275.0
2009,09,17,7,274.2
2009,09,18,0,275.0
2009,09,18,1,274.8
2009,09,18,2,274.4
2009,09,18,3,274.1
2009,09,18,4,273.7
2009,09,18,5,273.4
2009,09,18,6,273.7
2009,09,18,7,274.4
2009,09,19,0,275.4
2009,09,19,1,274.3
2009,09,19,2,273.7
2009,09,19,3,273.7
2009,09,19,4,273.6
2009,09,19,5,273.4
2009,09,19,6,272.8
2009,09,19,7,273.4
2009,09,20,0,273.4
2009,09,20,1,273.5
2009,09,20,2,273.0
2009,09,20,3,272.5
2009,09,20,4,272.4
2009,09,20,5,275.9
2009,09,20,6,275.1
2009,09,20,7,275.7
2009,09,21,0,274.5
2009,09,21,1,276.4
2009,09,21,2,275.4
2009,09,21,3,275.3
2009,09,21,4,274.9
2009,09,21,5,274.7
2009,09,21,6,274.3
2009,09,21,7,274.1
2009,09,22,0,274.7
2009,09,22,1,275.1
2009,09,22,2,275.3
2009,09,22,3,275.3
2009,09,22,4,275.4
2009,09,22,5,275.3
2009,09,22,6,275.5
2009,09,22,7,275.7
2009,09,23,0,275.6
2009,09,23,1,274.8
2009,09,23,2,275.2
2009,09,23,3,275.3
2009,09,23,4,274.9
2009,09,23,5,274.6
2009,09,23,6,274.5
2009,09,23,7,274.3
2009,09,24,0,274.9
2009,09,24,1,274.6
2009,09,24,2,274.1
2009,09,24,3,273.8
2009,09,24,4,273.4
2009,09,24,5,273.9
2009,09,24,6,274.0
2009,09,24,7,273.8
2009,09,25,0,274.5
2009,09,25,1,274.6
2009,09,25,2,274.1
2009,09,25,3,273.5
2009,09,25,4,273.5
2009,09,25,5,273.6
2009,09,25,6,273.5
2009,09,25,7,273.2
2009,09,26,0,273.8
2009,09,26,1,273.8
2009,09,26,2,273.7
2009,09,26,3,273.5
2009,09,26,4,273.2
2009,09,26,5,273.0
2009,09,26,6,272.9
2009,09,26,7,273.1
2009,09,27,0,273.9
2009,09,27,1,274.0
2009,09,27,2,274.2
2009,09,27,3,274.0
2009,09,27,4,274.0
2009,09,27,5,273.9
2009,09,27,6,273.7
2009,09,27,7,273.2
2009,09,28,0,273.9
2009,09,28,1,273.9
2009,09,28,2,273.5
2009,09,28,3,273.0
2009,09,28,4,272.3
2009,09,28,5,271.7
2009,09,28,6,271.0
2009,09,28,7,270.8
2009,09,29,0,270.8
2009,09,29,1,270.7
2009,09,29,2,270.3
2009,09,29,3,269.8
2009,09,29,4,269.2
2009,09,29,5,268.8
2009,09,29,6,268.7
2009,09,29,7,267.5
2009,09,30,0,267.1
2009,09,30,1,264.9
2009,09,30,2,262.3
2009,09,30,3,259.2
2009,09,30,4,265.5
2009,09,30,5,265.0
2009,09,30,6,264.7
2009,09,30,7,264.4
2009,09,1,0,269.5
2009,09,1,1,270.1
2009,09,1,2,269.5
2009,09,1,3,270.2
2009,09,1,4,270.0
2009,09,1,5,269.8
2009,09,1,6,269.9
2009,09,1,7,269.3
2009,09,2,0,268.4
2009,09,2,1,269.0
2009,09,2,2,269.7
2009,09,2,3,269.6
2009,09,2,4,269.0
2009,09,2,5,268.6
2009,09,2,6,268.7
2009,09,2,7,267.4
2009,09,3,0,267.5
2009,09,3,1,267.4
2009,09,3,2,267.1
2009,09,3,3,267.1
2009,09,3,4,267.4
2009,09,3,5,267.3
2009,09,3,6,268.3
2009,09,3,7,266.7
2009,09,4,0,266.5
2009,09,4,1,266.1
2009,09,4,2,265.4
2009,09,4,3,259.0
2009,09,4,4,255.6
2009,09,4,5,254.0
2009,09,4,6,253.7
2009,09,4,7,254.6
2009,09,5,0,255.8
2009,09,5,1,256.1
2009,09,5,2,256.2
2009,09,5,3,256.6
2009,09,5,4,259.3
2009,09,5,5,262.9
2009,09,5,6,264.3
2009,09,5,7,264.3
2009,09,6,0,263.4
2009,09,6,1,264.5
2009,09,6,2,265.4
2009,09,6,3,263.6
2009,09,6,4,262.9
2009,09,6,5,263.0
2009,09,6,6,262.7
2009,09,6,7,261.7
2009,09,7,0,261.0
2009,09,7,1,260.3
2009,09,7,2,260.8
2009,09,7,3,260.8
2009,09,7,4,260.1
2009,09,7,5,260.5
2009,09,7,6,261.0
2009,09,7,7,262.2
2009,09,8,0,263.0
2009,09,8,1,263.9
2009,09,8,2,266.3
2009,09,8,3,268.5
2009,09,8,4,269.0
2009,09,8,5,268.7
2009,09,8,6,268.6
2009,09,8,7,268.1
2009,09,9,0,269.1
2009,09,9,1,271.0
2009,09,9,2,270.6
2009,09,9,3,270.5
2009,09,9,4,270.8
2009,09,9,5,270.9
2009,09,9,6,271.1
2009,09,9,7,268.5
2009,09,10,0,269.0
2009,09,10,1,268.4
2009,09,10,2,268.3
2009,09,10,3,268.6
2009,09,10,4,268.5
2009,09,10,5,268.1
2009,09,10,6,268.0
2009,09,10,7,266.8
2009,09,11,0,267.6
2009,09,11,1,267.6
2009,09,11,2,267.5
2009,09,11,3,267.8
2009,09,11,4,267.9
2009,09,11,5,268.1
2009,09,11,6,267.4
2009,09,11,7,267.1
2009,09,12,0,268.5
2009,09,12,1,268.6
2009,09,12,2,268.3
2009,09,12,3,268.3
2009,09,12,4,267.9
2009,09,12,5,267.8
2009,09,12,6,267.6
2009,09,12,7,265.8
2009,09,13,0,264.9
2009,09,13,1,264.5
2009,09,13,2,264.7
2009,09,13,3,265.3
2009,09,13,4,266.5
2009,09,13,5,268.7
2009,09,13,6,269.4
2009,09,13,7,269.6
2009,09,14,0,270.5
2009,09,14,1,271.1
2009,09,14,2,271.7
2009,09,14,3,270.0
2009,09,14,4,268.7
2009,09,14,5,272.0
2009,09,14,6,273.7
2009,09,14,7,272.6
2009,09,15,0,271.7
2009,09,15,1,271.5
2009,09,15,2,271.8
2009,09,15,3,272.8
2009,09,15,4,272.3
2009,09,15,5,271.6
2009,09,15,6,271.8
2009,09,15,7,271.9
2009,09,16,0,272.7
2009,09,16,1,273.5
2009,09,16,2,273.6
2009,09,16,3,274.5
2009,09,16,4,273.4
2009,09,16,5,273.3
2009,09,16,6,273.6
2009,09,16,7,274.0
2009,09,17,0,274.3
2009,09,17,1,274.7
2009,09,17,2,274.6
2009,09,17,3,274.4
2009,09,17,4,273.9
2009,09,17,5,273.6
2009,09,17,6,273.6
2009,09,17,7,273.1
2009,09,18,0,272.5
2009,09,18,1,273.0
2009,09,18,2,273.1
2009,09,18,3,272.8
2009,09,18,4,272.6
2009,09,18,5,272.0
2009,09,18,6,271.7
2009,09,18,7,270.7
2009,09,19,0,269.9
2009,09,19,1,269.4
2009,09,19,2,268.7
2009,09,19,3,270.1
2009,09,19,4,270.5
2009,09,19,5,270.4
2009,09,19,6,269.0
2009,09,19,7,265.2
2009,09,20,0,263.0
2009,09,20,1,261.5
2009,09,20,2,262.0
2009,09,20,3,264.0
2009,09,20,4,265.4
2009,09,20,5,266.7
2009,09,20,6,268.3
2009,09,20,7,269.4
2009,09,21,0,269.9
2009,09,21,1,271.1
2009,09,21,2,271.5
2009,09,21,3,272.5
2009,09,21,4,272.6
2009,09,21,5,271.8
2009,09,21,6,271.4
2009,09,21,7,270.0
2009,09,22,0,269.6
2009,09,22,1,269.9
2009,09,22,2,270.0
2009,09,22,3,270.2
2009,09,22,4,269.6
2009,09,22,5,268.5
2009,09,22,6,269.9
2009,09,22,7,270.8
2009,09,23,0,272.1
2009,09,23,1,272.7
2009,09,23,2,272.9
2009,09,23,3,272.9
2009,09,23,4,272.0
2009,09,23,5,271.5
2009,09,23,6,271.1
2009,09,23,7,271.3
2009,09,24,0,271.4
2009,09,24,1,272.0
2009,09,24,2,272.7
2009,09,24,3,271.1
2009,09,24,4,270.8
2009,09,24,5,270.4
2009,09,24,6,270.7
2009,09,24,7,269.9
2009,09,25,0,269.0
2009,09,25,1,269.2
2009,09,25,2,268.7
2009,09,25,3,269.1
2009,09,25,4,269.6
2009,09,25,5,272.0
2009,09,25,6,271.7
2009,09,25,7,272.6
2009,09,26,0,271.9
2009,09,26,1,271.3
2009,09,26,2,270.7
2009,09,26,3,270.2
2009,09,26,4,271.0
2009,09,26,5,271.1
2009,09,26,6,271.1
2009,09,26,7,270.5
2009,09,27,0,269.3
2009,09,27,1,270.9
2009,09,27,2,271.1
2009,09,27,3,269.6
2009,09,27,4,267.3
2009,09,27,5,261.3
2009,09,27,6,257.6
2009,09,27,7,254.4
2009,09,28,0,253.4
2009,09,28,1,251.8
2009,09,28,2,250.4
2009,09,28,3,250.1
2009,09,28,4,250.4
2009,09,28,5,250.5
2009,09,28,6,253.0
2009,09,28,7,254.2
2009,09,29,0,255.6
2009,09,29,1,258.1
2009,09,29,2,259.8
2009,09,29,3,261.6
2009,09,29,4,263.6
2009,09,29,5,267.3
2009,09,29,6,268.3
2009,09,29,7,268.5
2009,09,30,0,269.3
2009,09,30,1,269.6
2009,09,30,2,268.7
2009,09,30,3,269.4
2009,09,30,4,269.8
2009,09,30,5,270.7
2009,09,30,6,271.5
2009,09,30,7,272.0
2009,09,31,0,272.5
2009,09,31,1,272.7
2009,09,31,2,273.6
2009,09,31,3,273.7
2009,09,31,4,272.6
2009,09,31,5,271.4
2009,09,31,6,271.9
2009,09,31,7,271.9
2009,09,1,0,271.3
2009,09,1,1,271.5
2009,09,1,2,272.0
2009,09,1,3,272.2
2009,09,1,4,271.9
2009,09,1,5,271.7
2009,09,1,6,272.3
2009,09,1,7,272.6
2009,09,2,0,272.2
2009,09,2,1,272.9
2009,09,2,2,273.1
2009,09,2,3,273.2
2009,09,2,4,273.0
2009,09,2,5,272.7
2009,09,2,6,273.0
2009,09,2,7,273.2
2009,09,3,0,273.3
2009,09,3,1,273.8
2009,09,3,2,273.8
2009,09,3,3,273.4
2009,09,3,4,273.4
2009,09,3,5,273.2
2009,09,3,6,272.8
2009,09,3,7,272.4
2009,09,4,0,271.7
2009,09,4,1,271.5
2009,09,4,2,271.2
2009,09,4,3,271.1
2009,09,4,4,270.8
2009,09,4,5,272.0
2009,09,4,6,271.5
2009,09,4,7,271.3
2009,09,5,0,270.6
2009,09,5,1,270.2
2009,09,5,2,270.2
2009,09,5,3,270.3
2009,09,5,4,270.1
2009,09,5,5,270.2
2009,09,5,6,270.3
2009,09,5,7,269.7
2009,09,6,0,269.0
2009,09,6,1,269.7
2009,09,6,2,270.0
2009,09,6,3,269.9
2009,09,6,4,270.2
2009,09,6,5,269.5
2009,09,6,6,269.9
2009,09,6,7,271.1
2009,09,7,0,269.2
2009,09,7,1,269.4
2009,09,7,2,269.6
2009,09,7,3,269.3
2009,09,7,4,268.9
2009,09,7,5,268.7
2009,09,7,6,268.7
2009,09,7,7,267.6
2009,09,8,0,266.7
2009,09,8,1,266.1
2009,09,8,2,265.9
2009,09,8,3,265.8
2009,09,8,4,266.6
2009,09,8,5,265.7
2009,09,8,6,265.3
2009,09,8,7,264.4
2009,09,9,0,264.7
2009,09,9,1,265.5
2009,09,9,2,265.6
2009,09,9,3,265.9
2009,09,9,4,266.5
2009,09,9,5,267.1
2009,09,9,6,268.0
2009,09,9,7,268.5
2009,09,10,0,269.1
2009,09,10,1,269.3
2009,09,10,2,268.9
2009,09,10,3,268.7
2009,09,10,4,268.3
2009,09,10,5,268.0
2009,09,10,6,267.9
2009,09,10,7,267.9
2009,09,11,0,268.8
2009,09,11,1,269.0
2009,09,11,2,268.1
2009,09,11,3,268.5
2009,09,11,4,268.3
2009,09,11,5,269.2
2009,09,11,6,269.3
2009,09,11,7,269.5
2009,09,12,0,268.2
2009,09,12,1,268.6
2009,09,12,2,268.8
2009,09,12,3,268.6
2009,09,12,4,267.6
2009,09,12,5,267.0
2009,09,12,6,264.8
2009,09,12,7,263.1
2009,09,13,0,262.7
2009,09,13,1,262.2
2009,09,13,2,262.0
2009,09,13,3,262.6
2009,09,13,4,263.1
2009,09,13,5,263.0
2009,09,13,6,263.4
2009,09,13,7,261.5
2009,09,14,0,261.3
2009,09,14,1,261.3
2009,09,14,2,260.1
2009,09,14,3,261.0
2009,09,14,4,260.7
2009,09,14,5,261.4
2009,09,14,6,262.9
2009,09,14,7,262.7
2009,09,15,0,262.4
2009,09,15,1,264.2
2009,09,15,2,266.6
2009,09,15,3,267.0
2009,09,15,4,267.2
2009,09,15,5,267.3
2009,09,15,6,267.7
2009,09,15,7,267.7
2009,09,16,0,267.5
2009,09,16,1,267.7
2009,09,16,2,268.1
2009,09,16,3,268.2
2009,09,16,4,268.5
2009,09,16,5,268.2
2009,09,16,6,268.1
2009,09,16,7,268.7
2009,09,17,0,268.7
2009,09,17,1,268.9
2009,09,17,2,269.2
2009,09,17,3,269.4
2009,09,17,4,269.5
2009,09,17,5,269.7
2009,09,17,6,269.5
2009,09,17,7,269.6
2009,09,18,0,269.3
2009,09,18,1,269.7
2009,09,18,2,269.3
2009,09,18,3,268.5
2009,09,18,4,267.8
2009,09,18,5,266.1
2009,09,18,6,263.5
2009,09,18,7,261.2
2009,09,19,0,262.4
2009,09,19,1,265.5
2009,09,19,2,266.7
2009,09,19,3,266.9
2009,09,19,4,267.0
2009,09,19,5,267.7
2009,09,19,6,267.7
2009,09,19,7,267.6
2009,09,20,0,267.9
2009,09,20,1,268.7
2009,09,20,2,268.9
2009,09,20,3,269.2
2009,09,20,4,269.0
2009,09,20,5,268.5
2009,09,20,6,268.2
2009,09,20,7,266.7
2009,09,21,0,267.1
2009,09,21,1,267.0
2009,09,21,2,268.4
2009,09,21,3,267.9
2009,09,21,4,266.7
2009,09,21,5,265.9
2009,09,21,6,265.6
2009,09,21,7,266.6
2009,09,22,0,266.9
2009,09,22,1,266.8
2009,09,22,2,266.1
2009,09,22,3,265.3
2009,09,22,4,266.9
2009,09,22,5,268.2
2009,09,22,6,267.0
2009,09,22,7,266.3
2009,09,23,0,266.5
2009,09,23,1,267.3
2009,09,23,2,268.5
2009,09,23,3,267.2
2009,09,23,4,266.8
2009,09,23,5,266.6
2009,09,23,6,266.2
2009,09,23,7,265.9
2009,09,24,0,265.7
2009,09,24,1,265.9
2009,09,24,2,266.0
2009,09,24,3,266.4
2009,09,24,4,266.7
2009,09,24,5,266.3
2009,09,24,6,265.8
2009,09,24,7,265.4
2009,09,25,0,265.1
2009,09,25,1,265.1
2009,09,25,2,264.8
2009,09,25,3,264.4
2009,09,25,4,264.6
2009,09,25,5,265.0
2009,09,25,6,265.8
2009,09,25,7,266.3
2009,09,26,0,266.7
2009,09,26,1,267.3
2009,09,26,2,267.8
2009,09,26,3,268.3
2009,09,26,4,268.6
2009,09,26,5,268.8
2009,09,26,6,268.6
2009,09,26,7,268.8
2009,09,27,0,269.0
2009,09,27,1,268.5
2009,09,27,2,268.0
2009,09,27,3,268.0
2009,09,27,4,268.5
2009,09,27,5,268.3
2009,09,27,6,267.4
2009,09,27,7,265.1
2009,09,28,0,262.0
2009,09,28,1,259.8
2009,09,28,2,258.1
2009,09,28,3,257.9
2009,09,28,4,257.0
2009,09,28,5,258.0
2009,09,28,6,258.0
2009,09,28,7,258.0
2009,09,29,0,257.5
2009,09,29,1,257.5
2009,09,29,2,258.8
2009,09,29,3,260.4
2009,09,29,4,262.3
2009,09,29,5,263.8
2009,09,29,6,265.9
2009,09,29,7,266.8
2009,09,30,0,266.9
2009,09,30,1,267.2
2009,09,30,2,267.4
2009,09,30,3,267.7
2009,09,30,4,268.4
2009,09,30,5,268.2
2009,09,30,6,268.1
2009,09,30,7,268.1
2009,09,1,0,268.1
2009,09,1,1,267.9
2009,09,1,2,267.6
2009,09,1,3,267.5
2009,09,1,4,267.1
2009,09,1,5,266.6
2009,09,1,6,266.1
2009,09,1,7,265.9
2009,09,2,0,265.3
2009,09,2,1,265.0
2009,09,2,2,264.8
2009,09,2,3,264.7
2009,09,2,4,265.0
2009,09,2,5,264.3
2009,09,2,6,264.3
2009,09,2,7,264.3
2009,09,3,0,264.1
2009,09,3,1,264.9
2009,09,3,2,265.3
2009,09,3,3,264.9
2009,09,3,4,264.3
2009,09,3,5,265.2
2009,09,3,6,265.2
2009,09,3,7,265.1
2009,09,4,0,265.7
2009,09,4,1,266.5
2009,09,4,2,266.8
2009,09,4,3,267.2
2009,09,4,4,266.7
2009,09,4,5,266.3
2009,09,4,6,265.6
2009,09,4,7,264.7
2009,09,5,0,264.6
2009,09,5,1,265.3
2009,09,5,2,265.1
2009,09,5,3,264.0
2009,09,5,4,263.8
2009,09,5,5,263.7
2009,09,5,6,264.0
2009,09,5,7,261.0
2009,09,6,0,257.4
2009,09,6,1,257.3
2009,09,6,2,257.2
2009,09,6,3,257.8
2009,09,6,4,258.8
2009,09,6,5,259.7
2009,09,6,6,261.0
2009,09,6,7,260.5
2009,09,7,0,260.8
2009,09,7,1,260.6
2009,09,7,2,260.2
2009,09,7,3,260.4
2009,09,7,4,257.7
2009,09,7,5,256.3
2009,09,7,6,255.8
2009,09,7,7,255.8
2009,09,8,0,254.0
2009,09,8,1,252.7
2009,09,8,2,253.8
2009,09,8,3,256.0
2009,09,8,4,261.4
2009,09,8,5,262.6
2009,09,8,6,262.1
2009,09,8,7,262.5
2009,09,9,0,264.4
2009,09,9,1,263.3
2009,09,9,2,261.9
2009,09,9,3,261.7
2009,09,9,4,263.3
2009,09,9,5,263.2
2009,09,9,6,264.3
2009,09,9,7,264.4
2009,09,10,0,264.2
2009,09,10,1,264.7
2009,09,10,2,264.2
2009,09,10,3,262.5
2009,09,10,4,261.8
2009,09,10,5,261.7
2009,09,10,6,261.6
2009,09,10,7,261.6
2009,09,11,0,261.2
2009,09,11,1,261.1
2009,09,11,2,261.3
2009,09,11,3,261.1
2009,09,11,4,261.5
2009,09,11,5,261.2
2009,09,11,6,261.2
2009,09,11,7,260.4
2009,09,12,0,260.8
2009,09,12,1,260.9
2009,09,12,2,261.3
2009,09,12,3,260.9
2009,09,12,4,261.1
2009,09,12,5,260.8
2009,09,12,6,260.5
2009,09,12,7,261.6
2009,09,13,0,262.7
2009,09,13,1,263.7
2009,09,13,2,258.7
2009,09,13,3,257.4
2009,09,13,4,258.0
2009,09,13,5,258.8
2009,09,13,6,259.1
2009,09,13,7,259.4
2009,09,14,0,259.0
2009,09,14,1,258.3
2009,09,14,2,258.4
2009,09,14,3,258.6
2009,09,14,4,259.4
2009,09,14,5,260.0
2009,09,14,6,261.5
2009,09,14,7,263.5
2009,09,15,0,264.6
2009,09,15,1,265.9
2009,09,15,2,266.8
2009,09,15,3,266.9
2009,09,15,4,266.8
2009,09,15,5,267.1
2009,09,15,6,266.9
2009,09,15,7,266.4
2009,09,16,0,266.9
2009,09,16,1,267.1
2009,09,16,2,266.9
2009,09,16,3,266.9
2009,09,16,4,265.9
2009,09,16,5,266.1
2009,09,16,6,266.3
2009,09,16,7,266.2
2009,09,17,0,265.2
2009,09,17,1,265.8
2009,09,17,2,266.3
2009,09,17,3,266.2
2009,09,17,4,266.3
2009,09,17,5,266.1
2009,09,17,6,266.1
2009,09,17,7,266.4
2009,09,18,0,266.4
2009,09,18,1,266.5
2009,09,18,2,266.9
2009,09,18,3,266.7
2009,09,18,4,266.5
2009,09,18,5,266.3
2009,09,18,6,266.2
2009,09,18,7,265.2
2009,09,19,0,265.7
2009,09,19,1,268.3
2009,09,19,2,268.6
2009,09,19,3,269.7
2009,09,19,4,268.2
2009,09,19,5,268.2
2009,09,19,6,268.3
2009,09,19,7,268.2
2009,09,20,0,268.1
2009,09,20,1,267.9
2009,09,20,2,267.8
2009,09,20,3,267.9
2009,09,20,4,267.9
2009,09,20,5,267.7
2009,09,20,6,266.9
2009,09,20,7,266.0
2009,09,21,0,265.7
2009,09,21,1,265.5
2009,09,21,2,266.5
2009,09,21,3,267.0
2009,09,21,4,266.2
2009,09,21,5,265.6
2009,09,21,6,265.3
2009,09,21,7,264.2
2009,09,22,0,263.5
2009,09,22,1,262.3
2009,09,22,2,260.1
2009,09,22,3,256.9
2009,09,22,4,254.6
2009,09,22,5,254.7
2009,09,22,6,254.4
2009,09,22,7,252.6
2009,09,23,0,250.2
2009,09,23,1,250.2
2009,09,23,2,256.0
2009,09,23,3,258.9
2009,09,23,4,259.1
2009,09,23,5,263.5
2009,09,23,6,264.7
2009,09,23,7,264.8
2009,09,24,0,265.4
2009,09,24,1,266.1
2009,09,24,2,266.0
2009,09,24,3,266.7
2009,09,24,4,266.9
2009,09,24,5,266.4
2009,09,24,6,266.4
2009,09,24,7,266.3
2009,09,25,0,265.9
2009,09,25,1,265.8
2009,09,25,2,265.3
2009,09,25,3,264.9
2009,09,25,4,265.1
2009,09,25,5,264.7
2009,09,25,6,264.1
2009,09,25,7,264.4
2009,09,26,0,264.6
2009,09,26,1,264.9
2009,09,26,2,264.4
2009,09,26,3,263.8
2009,09,26,4,262.5
2009,09,26,5,262.1
2009,09,26,6,261.7
2009,09,26,7,260.8
2009,09,27,0,259.4
2009,09,27,1,259.3
2009,09,27,2,258.9
2009,09,27,3,258.6
2009,09,27,4,257.8
2009,09,27,5,257.0
2009,09,27,6,257.6
2009,09,27,7,257.9
2009,09,28,0,258.3
2009,09,28,1,258.8
2009,09,28,2,258.3
2009,09,28,3,258.1
2009,09,28,4,258.5
2009,09,28,5,259.0
2009,09,28,6,259.3
2009,09,28,7,259.4
2009,09,29,0,258.9
2009,09,29,1,258.6
2009,09,29,2,258.3
2009,09,29,3,258.1
2009,09,29,4,257.8
2009,09,29,5,257.0
2009,09,29,6,258.5
2009,09,29,7,262.3
2009,09,30,0,261.9
2009,09,30,1,261.6
2009,09,30,2,261.6
2009,09,30,3,261.9
2009,09,30,4,261.6
2009,09,30,5,261.2
2009,09,30,6,261.7
2009,09,30,7,260.5
2009,09,31,0,261.8
2009,09,31,1,262.3
2009,09,31,2,263.6
2009,09,31,3,263.0
2009,09,31,4,263.4
2009,09,31,5,263.8
2009,09,31,6,264.9
2009,09,31,7,265.5
2010,09,1,0,265.7
2010,09,1,1,265.6
2010,09,1,2,265.9
2010,09,1,3,265.5
2010,09,1,4,265.3
2010,09,1,5,264.7
2010,09,1,6,264.5
2010,09,1,7,264.1
2010,09,2,0,264.2
2010,09,2,1,265.6
2010,09,2,2,265.8
2010,09,2,3,265.4
2010,09,2,4,265.7
2010,09,2,5,267.3
2010,09,2,6,267.7
2010,09,2,7,267.5
2010,09,3,0,267.9
2010,09,3,1,267.9
2010,09,3,2,267.4
2010,09,3,3,267.7
2010,09,3,4,267.7
2010,09,3,5,267.7
2010,09,3,6,267.9
2010,09,3,7,268.0
2010,09,4,0,268.1
2010,09,4,1,267.9
2010,09,4,2,267.9
2010,09,4,3,267.8
2010,09,4,4,267.4
2010,09,4,5,267.2
2010,09,4,6,267.2
2010,09,4,7,267.0
2010,09,5,0,266.8
2010,09,5,1,266.6
2010,09,5,2,266.6
2010,09,5,3,267.1
2010,09,5,4,266.7
2010,09,5,5,267.2
2010,09,5,6,267.3
2010,09,5,7,267.0
2010,09,6,0,267.4
2010,09,6,1,266.7
2010,09,6,2,267.0
2010,09,6,3,268.5
2010,09,6,4,268.7
2010,09,6,5,268.2
2010,09,6,6,268.3
2010,09,6,7,268.2
2010,09,7,0,268.0
2010,09,7,1,268.0
2010,09,7,2,267.5
2010,09,7,3,267.2
2010,09,7,4,267.2
2010,09,7,5,266.8
2010,09,7,6,266.7
2010,09,7,7,267.3
2010,09,8,0,267.2
2010,09,8,1,268.4
2010,09,8,2,269.1
2010,09,8,3,269.2
2010,09,8,4,268.1
2010,09,8,5,268.0
2010,09,8,6,267.8
2010,09,8,7,268.0
2010,09,9,0,267.9
2010,09,9,1,267.7
2010,09,9,2,267.6
2010,09,9,3,267.0
2010,09,9,4,266.9
2010,09,9,5,266.9
2010,09,9,6,266.8
2010,09,9,7,266.9
2010,09,10,0,266.5
2010,09,10,1,265.8
2010,09,10,2,265.3
2010,09,10,3,264.5
2010,09,10,4,263.5
2010,09,10,5,262.6
2010,09,10,6,262.7
2010,09,10,7,263.9
2010,09,11,0,264.9
2010,09,11,1,266.4
2010,09,11,2,267.9
2010,09,11,3,268.5
2010,09,11,4,268.6
2010,09,11,5,268.9
2010,09,11,6,269.1
2010,09,11,7,269.3
2010,09,12,0,269.4
2010,09,12,1,269.1
2010,09,12,2,268.8
2010,09,12,3,268.5
2010,09,12,4,267.6
2010,09,12,5,267.2
2010,09,12,6,265.9
2010,09,12,7,265.0
2010,09,13,0,264.7
2010,09,13,1,264.3
2010,09,13,2,264.5
2010,09,13,3,262.9
2010,09,13,4,262.3
2010,09,13,5,261.2
2010,09,13,6,258.9
2010,09,13,7,258.8
2010,09,14,0,259.1
2010,09,14,1,260.3
2010,09,14,2,261.2
2010,09,14,3,262.7
2010,09,14,4,263.7
2010,09,14,5,265.3
2010,09,14,6,266.4
2010,09,14,7,266.9
2010,09,15,0,267.2
2010,09,15,1,267.9
2010,09,15,2,268.5
2010,09,15,3,268.5
2010,09,15,4,268.4
2010,09,15,5,268.3
2010,09,15,6,268.8
2010,09,15,7,269.3
2010,09,16,0,269.1
2010,09,16,1,268.6
2010,09,16,2,268.0
2010,09,16,3,267.1
2010,09,16,4,266.3
2010,09,16,5,265.0
2010,09,16,6,264.4
2010,09,16,7,263.1
2010,09,17,0,262.8
2010,09,17,1,263.1
2010,09,17,2,263.3
2010,09,17,3,264.4
2010,09,17,4,265.6
2010,09,17,5,265.4
2010,09,17,6,265.5
2010,09,17,7,264.8
2010,09,18,0,264.8
2010,09,18,1,265.3
2010,09,18,2,264.6
2010,09,18,3,263.5
2010,09,18,4,262.1
2010,09,18,5,261.4
2010,09,18,6,262.5
2010,09,18,7,262.6
2010,09,19,0,261.6
2010,09,19,1,257.0
2010,09,19,2,258.4
2010,09,19,3,258.9
2010,09,19,4,259.7
2010,09,19,5,261.4
2010,09,19,6,259.4
2010,09,19,7,259.4
2010,09,20,0,258.7
2010,09,20,1,257.9
2010,09,20,2,257.6
2010,09,20,3,258.6
2010,09,20,4,260.2
2010,09,20,5,260.2
2010,09,20,6,259.0
2010,09,20,7,259.5
2010,09,21,0,259.5
2010,09,21,1,257.6
2010,09,21,2,255.8
2010,09,21,3,257.5
2010,09,21,4,260.0
2010,09,21,5,259.3
2010,09,21,6,260.0
2010,09,21,7,261.2
2010,09,22,0,260.7
2010,09,22,1,258.5
2010,09,22,2,258.4
2010,09,22,3,259.1
2010,09,22,4,257.1
2010,09,22,5,256.3
2010,09,22,6,256.1
2010,09,22,7,255.6
2010,09,23,0,255.4
2010,09,23,1,255.1
2010,09,23,2,254.6
2010,09,23,3,254.4
2010,09,23,4,254.5
2010,09,23,5,254.2
2010,09,23,6,254.7
2010,09,23,7,255.0
2010,09,24,0,255.4
2010,09,24,1,257.8
2010,09,24,2,261.7
2010,09,24,3,263.7
2010,09,24,4,264.4
2010,09,24,5,265.1
2010,09,24,6,265.2
2010,09,24,7,265.4
2010,09,25,0,265.2
2010,09,25,1,264.7
2010,09,25,2,265.1
2010,09,25,3,266.0
2010,09,25,4,265.4
2010,09,25,5,265.1
2010,09,25,6,264.9
2010,09,25,7,264.8
2010,09,26,0,264.3
2010,09,26,1,263.7
2010,09,26,2,263.6
2010,09,26,3,263.3
2010,09,26,4,262.6
2010,09,26,5,262.6
2010,09,26,6,261.8
2010,09,26,7,261.9
2010,09,27,0,261.9
2010,09,27,1,261.6
2010,09,27,2,261.4
2010,09,27,3,262.0
2010,09,27,4,260.3
2010,09,27,5,260.5
2010,09,27,6,261.1
2010,09,27,7,262.2
2010,09,28,0,263.5
2010,09,28,1,264.2
2010,09,28,2,263.8
2010,09,28,3,264.9
2010,09,28,4,267.0
2010,09,28,5,268.8
2010,09,28,6,269.8
2010,09,28,7,270.1
2010,09,29,0,270.4
2010,09,29,1,270.1
2010,09,29,2,269.6
2010,09,29,3,269.3
2010,09,29,4,268.5
2010,09,29,5,267.1
2010,09,29,6,266.4
2010,09,29,7,265.6
2010,09,30,0,265.4
2010,09,30,1,265.2
2010,09,30,2,264.5
2010,09,30,3,262.8
2010,09,30,4,260.2
2010,09,30,5,257.7
2010,09,30,6,257.3
2010,09,30,7,257.6
2010,09,31,0,257.9
2010,09,31,1,258.9
2010,09,31,2,259.4
2010,09,31,3,260.5
2010,09,31,4,262.0
2010,09,31,5,262.5
2010,09,31,6,262.3
2010,09,31,7,262.1
2010,09,1,0,262.4
2010,09,1,1,262.6
2010,09,1,2,262.7
2010,09,1,3,262.9
2010,09,1,4,262.7
2010,09,1,5,262.6
2010,09,1,6,262.4
2010,09,1,7,262.5
2010,09,2,0,262.3
2010,09,2,1,262.1
2010,09,2,2,261.6
2010,09,2,3,261.5
2010,09,2,4,261.3
2010,09,2,5,261.1
2010,09,2,6,261.3
2010,09,2,7,261.1
2010,09,3,0,260.7
2010,09,3,1,259.9
2010,09,3,2,260.0
2010,09,3,3,260.2
2010,09,3,4,260.3
2010,09,3,5,260.0
2010,09,3,6,260.7
2010,09,3,7,261.4
2010,09,4,0,262.5
2010,09,4,1,263.3
2010,09,4,2,263.5
2010,09,4,3,263.6
2010,09,4,4,263.9
2010,09,4,5,263.7
2010,09,4,6,263.9
2010,09,4,7,264.3
2010,09,5,0,265.0
2010,09,5,1,265.3
2010,09,5,2,265.0
2010,09,5,3,265.1
2010,09,5,4,265.1
2010,09,5,5,264.3
2010,09,5,6,264.0
2010,09,5,7,263.3
2010,09,6,0,262.9
2010,09,6,1,262.6
2010,09,6,2,262.7
2010,09,6,3,262.4
2010,09,6,4,262.0
2010,09,6,5,261.2
2010,09,6,6,260.1
2010,09,6,7,259.0
2010,09,7,0,259.0
2010,09,7,1,258.8
2010,09,7,2,257.8
2010,09,7,3,257.6
2010,09,7,4,258.1
2010,09,7,5,258.3
2010,09,7,6,258.3
2010,09,7,7,259.0
2010,09,8,0,258.4
2010,09,8,1,257.7
2010,09,8,2,258.0
2010,09,8,3,258.8
2010,09,8,4,258.7
2010,09,8,5,258.3
2010,09,8,6,259.1
2010,09,8,7,259.7
2010,09,9,0,259.7
2010,09,9,1,259.9
2010,09,9,2,260.4
2010,09,9,3,259.5
2010,09,9,4,258.3
2010,09,9,5,257.4
2010,09,9,6,257.2
2010,09,9,7,257.4
2010,09,10,0,257.2
2010,09,10,1,256.9
2010,09,10,2,257.7
2010,09,10,3,258.4
2010,09,10,4,259.2
2010,09,10,5,259.6
2010,09,10,6,260.9
2010,09,10,7,261.0
2010,09,11,0,261.1
2010,09,11,1,262.6
2010,09,11,2,263.8
2010,09,11,3,264.4
2010,09,11,4,264.4
2010,09,11,5,264.9
2010,09,11,6,265.3
2010,09,11,7,266.8
2010,09,12,0,265.9
2010,09,12,1,265.2
2010,09,12,2,264.6
2010,09,12,3,264.8
2010,09,12,4,265.3
2010,09,12,5,264.5
2010,09,12,6,263.3
2010,09,12,7,263.1
2010,09,13,0,263.4
2010,09,13,1,263.4
2010,09,13,2,264.5
2010,09,13,3,264.4
2010,09,13,4,263.8
2010,09,13,5,264.2
2010,09,13,6,264.2
2010,09,13,7,264.6
2010,09,14,0,264.9
2010,09,14,1,265.0
2010,09,14,2,264.5
2010,09,14,3,264.4
2010,09,14,4,264.2
2010,09,14,5,264.0
2010,09,14,6,264.6
2010,09,14,7,263.7
2010,09,15,0,263.8
2010,09,15,1,264.0
2010,09,15,2,264.2
2010,09,15,3,263.7
2010,09,15,4,264.0
2010,09,15,5,264.2
2010,09,15,6,264.9
2010,09,15,7,265.4
2010,09,16,0,265.9
2010,09,16,1,266.3
2010,09,16,2,266.2
2010,09,16,3,266.0
2010,09,16,4,265.5
2010,09,16,5,264.9
2010,09,16,6,264.5
2010,09,16,7,264.4
2010,09,17,0,263.7
2010,09,17,1,263.7
2010,09,17,2,263.2
2010,09,17,3,262.9
2010,09,17,4,262.7
2010,09,17,5,262.4
2010,09,17,6,262.5
2010,09,17,7,262.2
2010,09,18,0,262.3
2010,09,18,1,262.6
2010,09,18,2,262.4
2010,09,18,3,262.5
2010,09,18,4,262.1
2010,09,18,5,261.9
2010,09,18,6,262.5
2010,09,18,7,262.1
2010,09,19,0,262.3
2010,09,19,1,262.3
2010,09,19,2,261.9
2010,09,19,3,261.8
2010,09,19,4,261.7
2010,09,19,5,261.4
2010,09,19,6,261.5
2010,09,19,7,260.7
2010,09,20,0,260.0
2010,09,20,1,259.7
2010,09,20,2,260.0
2010,09,20,3,259.3
2010,09,20,4,259.0
2010,09,20,5,257.8
2010,09,20,6,257.7
2010,09,20,7,257.2
2010,09,21,0,257.4
2010,09,21,1,257.2
2010,09,21,2,258.1
2010,09,21,3,258.4
2010,09,21,4,258.5
2010,09,21,5,258.4
2010,09,21,6,258.0
2010,09,21,7,256.6
2010,09,22,0,256.8
2010,09,22,1,257.4
2010,09,22,2,256.5
2010,09,22,3,254.6
2010,09,22,4,253.9
2010,09,22,5,254.6
2010,09,22,6,258.5
2010,09,22,7,260.7
2010,09,23,0,262.8
2010,09,23,1,263.3
2010,09,23,2,263.1
2010,09,23,3,263.0
2010,09,23,4,263.0
2010,09,23,5,263.0
2010,09,23,6,263.4
2010,09,23,7,263.1
2010,09,24,0,263.6
2010,09,24,1,264.3
2010,09,24,2,264.1
2010,09,24,3,264.3
2010,09,24,4,264.3
2010,09,24,5,263.2
2010,09,24,6,261.3
2010,09,24,7,261.5
2010,09,25,0,260.1
2010,09,25,1,259.3
2010,09,25,2,259.3
2010,09,25,3,259.6
2010,09,25,4,260.0
2010,09,25,5,259.8
2010,09,25,6,261.7
2010,09,25,7,263.2
2010,09,26,0,263.0
2010,09,26,1,263.5
2010,09,26,2,264.3
2010,09,26,3,265.2
2010,09,26,4,265.5
2010,09,26,5,265.9
2010,09,26,6,266.0
2010,09,26,7,264.6
2010,09,27,0,262.9
2010,09,27,1,262.1
2010,09,27,2,261.7
2010,09,27,3,261.4
2010,09,27,4,260.5
2010,09,27,5,258.8
2010,09,27,6,258.2
2010,09,27,7,257.4
2010,09,28,0,257.6
2010,09,28,1,257.9
2010,09,28,2,259.0
2010,09,28,3,259.8
2010,09,28,4,259.6
2010,09,28,5,259.1
2010,09,28,6,259.3
2010,09,28,7,263.8
2010,09,1,0,266.4
2010,09,1,1,266.8
2010,09,1,2,267.9
2010,09,1,3,268.4
2010,09,1,4,268.5
2010,09,1,5,269.1
2010,09,1,6,269.2
2010,09,1,7,268.9
2010,09,2,0,268.5
2010,09,2,1,268.2
2010,09,2,2,267.4
2010,09,2,3,266.4
2010,09,2,4,264.4
2010,09,2,5,262.5
2010,09,2,6,261.2
2010,09,2,7,260.1
2010,09,3,0,259.1
2010,09,3,1,258.9
2010,09,3,2,259.7
2010,09,3,3,260.8
2010,09,3,4,260.7
2010,09,3,5,261.0
2010,09,3,6,261.3
2010,09,3,7,260.4
2010,09,4,0,259.7
2010,09,4,1,258.7
2010,09,4,2,255.4
2010,09,4,3,253.9
2010,09,4,4,253.1
2010,09,4,5,253.2
2010,09,4,6,254.3
2010,09,4,7,256.6
2010,09,5,0,259.4
2010,09,5,1,260.4
2010,09,5,2,260.2
2010,09,5,3,260.7
2010,09,5,4,260.6
2010,09,5,5,260.5
2010,09,5,6,260.9
2010,09,5,7,260.9
2010,09,6,0,260.4
2010,09,6,1,259.8
2010,09,6,2,259.1
2010,09,6,3,258.9
2010,09,6,4,258.4
2010,09,6,5,257.6
2010,09,6,6,257.0
2010,09,6,7,256.3
2010,09,7,0,255.8
2010,09,7,1,255.8
2010,09,7,2,256.6
2010,09,7,3,257.5
2010,09,7,4,257.4
2010,09,7,5,256.9
2010,09,7,6,257.2
2010,09,7,7,257.9
2010,09,8,0,258.4
2010,09,8,1,258.4
2010,09,8,2,258.9
2010,09,8,3,259.8
2010,09,8,4,260.4
2010,09,8,5,260.4
2010,09,8,6,260.5
2010,09,8,7,259.6
2010,09,9,0,258.6
2010,09,9,1,256.7
2010,09,9,2,254.3
2010,09,9,3,250.1
2010,09,9,4,250.3
2010,09,9,5,253.1
2010,09,9,6,255.4
2010,09,9,7,256.4
2010,09,10,0,257.9
2010,09,10,1,258.7
2010,09,10,2,257.3
2010,09,10,3,256.5
2010,09,10,4,254.8
2010,09,10,5,254.7
2010,09,10,6,255.1
2010,09,10,7,256.6
2010,09,11,0,259.0
2010,09,11,1,260.3
2010,09,11,2,262.2
2010,09,11,3,263.6
2010,09,11,4,264.2
2010,09,11,5,265.8
2010,09,11,6,265.9
2010,09,11,7,265.9
2010,09,12,0,265.1
2010,09,12,1,265.2
2010,09,12,2,265.2
2010,09,12,3,264.8
2010,09,12,4,264.3
2010,09,12,5,263.8
2010,09,12,6,263.4
2010,09,12,7,262.4
2010,09,13,0,262.3
2010,09,13,1,263.0
2010,09,13,2,262.2
2010,09,13,3,261.9
2010,09,13,4,262.3
2010,09,13,5,259.7
2010,09,13,6,259.5
2010,09,13,7,264.3
2010,09,14,0,263.3
2010,09,14,1,265.4
2010,09,14,2,265.0
2010,09,14,3,265.3
2010,09,14,4,265.5
2010,09,14,5,265.9
2010,09,14,6,266.2
2010,09,14,7,266.4
2010,09,15,0,266.5
2010,09,15,1,267.0
2010,09,15,2,267.5
2010,09,15,3,267.8
2010,09,15,4,267.7
2010,09,15,5,267.5
2010,09,15,6,267.7
2010,09,15,7,267.6
2010,09,16,0,267.4
2010,09,16,1,267.3
2010,09,16,2,267.4
2010,09,16,3,267.9
2010,09,16,4,268.5
2010,09,16,5,268.7
2010,09,16,6,268.8
2010,09,16,7,268.9
2010,09,17,0,269.8
2010,09,17,1,269.9
2010,09,17,2,269.7
2010,09,17,3,269.6
2010,09,17,4,269.4
2010,09,17,5,269.1
2010,09,17,6,268.6
2010,09,17,7,267.7
2010,09,18,0,266.5
2010,09,18,1,266.4
2010,09,18,2,266.6
2010,09,18,3,266.9
2010,09,18,4,267.0
2010,09,18,5,266.6
2010,09,18,6,266.4
2010,09,18,7,262.8
2010,09,19,0,260.6
2010,09,19,1,260.0
2010,09,19,2,261.8
2010,09,19,3,264.4
2010,09,19,4,264.3
2010,09,19,5,264.9
2010,09,19,6,265.6
2010,09,19,7,265.7
2010,09,20,0,266.0
2010,09,20,1,266.4
2010,09,20,2,266.4
2010,09,20,3,266.4
2010,09,20,4,266.6
2010,09,20,5,266.3
2010,09,20,6,266.0
2010,09,20,7,264.9
2010,09,21,0,264.8
2010,09,21,1,264.9
2010,09,21,2,264.9
2010,09,21,3,264.9
2010,09,21,4,265.1
2010,09,21,5,265.0
2010,09,21,6,264.7
2010,09,21,7,264.2
2010,09,22,0,264.0
2010,09,22,1,264.3
2010,09,22,2,264.0
2010,09,22,3,264.1
2010,09,22,4,264.3
2010,09,22,5,264.5
2010,09,22,6,263.5
2010,09,22,7,262.7
2010,09,23,0,262.6
2010,09,23,1,262.6
2010,09,23,2,263.1
2010,09,23,3,263.4
2010,09,23,4,263.5
2010,09,23,5,264.0
2010,09,23,6,264.1
2010,09,23,7,264.0
2010,09,24,0,263.7
2010,09,24,1,263.9
2010,09,24,2,264.0
2010,09,24,3,264.0
2010,09,24,4,264.2
2010,09,24,5,264.0
2010,09,24,6,264.2
2010,09,24,7,263.8
2010,09,25,0,264.0
2010,09,25,1,264.8
2010,09,25,2,265.8
2010,09,25,3,265.0
2010,09,25,4,264.9
2010,09,25,5,264.2
2010,09,25,6,263.3
2010,09,25,7,262.2
2010,09,26,0,261.9
2010,09,26,1,260.4
2010,09,26,2,257.4
2010,09,26,3,256.7
2010,09,26,4,258.3
2010,09,26,5,259.6
2010,09,26,6,259.6
2010,09,26,7,260.9
2010,09,27,0,261.4
2010,09,27,1,263.8
2010,09,27,2,266.8
2010,09,27,3,266.2
2010,09,27,4,266.0
2010,09,27,5,266.1
2010,09,27,6,266.6
2010,09,27,7,266.8
2010,09,28,0,267.2
2010,09,28,1,267.5
2010,09,28,2,267.5
2010,09,28,3,267.2
2010,09,28,4,267.3
2010,09,28,5,266.8
2010,09,28,6,267.0
2010,09,28,7,266.4
2010,09,29,0,266.5
2010,09,29,1,267.5
2010,09,29,2,268.3
2010,09,29,3,268.6
2010,09,29,4,269.6
2010,09,29,5,270.1
2010,09,29,6,270.6
2010,09,29,7,270.4
2010,09,30,0,269.2
2010,09,30,1,270.5
2010,09,30,2,270.4
2010,09,30,3,270.1
2010,09,30,4,269.9
2010,09,30,5,268.5
2010,09,30,6,267.1
2010,09,30,7,265.5
2010,09,31,0,264.8
2010,09,31,1,265.1
2010,09,31,2,263.9
2010,09,31,3,262.0
2010,09,31,4,260.2
2010,09,31,5,257.3
2010,09,31,6,253.7
2010,09,31,7,252.8
2010,09,1,0,252.0
2010,09,1,1,252.1
2010,09,1,2,252.5
2010,09,1,3,252.9
2010,09,1,4,252.9
2010,09,1,5,253.3
2010,09,1,6,252.7
2010,09,1,7,253.8
2010,09,2,0,255.5
2010,09,2,1,260.3
2010,09,2,2,261.8
2010,09,2,3,264.2
2010,09,2,4,264.9
2010,09,2,5,264.0
2010,09,2,6,263.7
2010,09,2,7,263.6
2010,09,3,0,264.0
2010,09,3,1,265.3
2010,09,3,2,265.0
2010,09,3,3,263.6
2010,09,3,4,262.6
2010,09,3,5,261.9
2010,09,3,6,260.4
2010,09,3,7,259.0
2010,09,4,0,258.4
2010,09,4,1,258.3
2010,09,4,2,259.1
2010,09,4,3,259.6
2010,09,4,4,259.7
2010,09,4,5,258.7
2010,09,4,6,260.2
2010,09,4,7,260.1
2010,09,5,0,260.5
2010,09,5,1,259.9
2010,09,5,2,259.2
2010,09,5,3,259.0
2010,09,5,4,256.8
2010,09,5,5,252.7
2010,09,5,6,251.7
2010,09,5,7,252.3
2010,09,6,0,253.2
2010,09,6,1,256.3
2010,09,6,2,258.3
2010,09,6,3,260.1
2010,09,6,4,262.6
2010,09,6,5,263.1
2010,09,6,6,263.5
2010,09,6,7,264.6
2010,09,7,0,265.1
2010,09,7,1,266.0
2010,09,7,2,266.1
2010,09,7,3,265.8
2010,09,7,4,265.1
2010,09,7,5,264.1
2010,09,7,6,264.3
2010,09,7,7,264.7
2010,09,8,0,264.6
2010,09,8,1,264.7
2010,09,8,2,264.7
2010,09,8,3,264.5
2010,09,8,4,264.3
2010,09,8,5,264.7
2010,09,8,6,265.2
2010,09,8,7,265.0
2010,09,9,0,264.6
2010,09,9,1,264.8
2010,09,9,2,264.1
2010,09,9,3,264.2
2010,09,9,4,264.6
2010,09,9,5,264.2
2010,09,9,6,263.5
2010,09,9,7,262.6
2010,09,10,0,262.1
2010,09,10,1,262.0
2010,09,10,2,261.4
2010,09,10,3,261.7
2010,09,10,4,262.9
2010,09,10,5,263.6
2010,09,10,6,264.3
2010,09,10,7,263.3
2010,09,11,0,263.4
2010,09,11,1,263.7
2010,09,11,2,264.0
2010,09,11,3,264.0
2010,09,11,4,264.3
2010,09,11,5,263.4
2010,09,11,6,262.3
2010,09,11,7,261.2
2010,09,12,0,261.3
2010,09,12,1,260.2
2010,09,12,2,257.3
2010,09,12,3,255.7
2010,09,12,4,255.7
2010,09,12,5,255.6
2010,09,12,6,255.0
2010,09,12,7,254.4
2010,09,13,0,255.3
2010,09,13,1,254.8
2010,09,13,2,255.1
2010,09,13,3,255.2
2010,09,13,4,255.1
2010,09,13,5,255.2
2010,09,13,6,257.1
2010,09,13,7,258.4
2010,09,14,0,259.2
2010,09,14,1,260.7
2010,09,14,2,263.0
2010,09,14,3,263.3
2010,09,14,4,264.0
2010,09,14,5,264.0
2010,09,14,6,264.3
2010,09,14,7,263.0
2010,09,15,0,263.2
2010,09,15,1,264.2
2010,09,15,2,264.9
2010,09,15,3,265.3
2010,09,15,4,265.5
2010,09,15,5,265.7
2010,09,15,6,265.9
2010,09,15,7,265.7
2010,09,16,0,266.4
2010,09,16,1,266.1
2010,09,16,2,266.1
2010,09,16,3,265.5
2010,09,16,4,264.7
2010,09,16,5,263.8
2010,09,16,6,263.5
2010,09,16,7,263.6
2010,09,17,0,264.6
2010,09,17,1,265.3
2010,09,17,2,265.3
2010,09,17,3,265.9
2010,09,17,4,267.4
2010,09,17,5,267.3
2010,09,17,6,267.4
2010,09,17,7,265.6
2010,09,18,0,265.7
2010,09,18,1,265.9
2010,09,18,2,265.9
2010,09,18,3,265.9
2010,09,18,4,266.3
2010,09,18,5,266.4
2010,09,18,6,266.4
2010,09,18,7,266.4
2010,09,19,0,265.7
2010,09,19,1,265.7
2010,09,19,2,265.7
2010,09,19,3,266.1
2010,09,19,4,265.4
2010,09,19,5,264.7
2010,09,19,6,264.9
2010,09,19,7,265.2
2010,09,20,0,266.2
2010,09,20,1,267.5
2010,09,20,2,269.2
2010,09,20,3,269.0
2010,09,20,4,268.1
2010,09,20,5,265.8
2010,09,20,6,263.2
2010,09,20,7,260.7
2010,09,21,0,259.2
2010,09,21,1,257.1
2010,09,21,2,255.9
2010,09,21,3,255.5
2010,09,21,4,255.0
2010,09,21,5,255.3
2010,09,21,6,255.8
2010,09,21,7,255.7
2010,09,22,0,256.1
2010,09,22,1,256.2
2010,09,22,2,256.3
2010,09,22,3,256.7
2010,09,22,4,257.0
2010,09,22,5,257.2
2010,09,22,6,257.2
2010,09,22,7,257.0
2010,09,23,0,258.8
2010,09,23,1,261.3
2010,09,23,2,263.1
2010,09,23,3,263.7
2010,09,23,4,264.4
2010,09,23,5,264.9
2010,09,23,6,264.8
2010,09,23,7,265.0
2010,09,24,0,265.7
2010,09,24,1,266.1
2010,09,24,2,265.7
2010,09,24,3,265.9
2010,09,24,4,265.6
2010,09,24,5,265.5
2010,09,24,6,265.9
2010,09,24,7,266.8
2010,09,25,0,265.4
2010,09,25,1,265.5
2010,09,25,2,266.0
2010,09,25,3,266.3
2010,09,25,4,266.2
2010,09,25,5,266.6
2010,09,25,6,266.5
2010,09,25,7,267.6
2010,09,26,0,266.5
2010,09,26,1,266.7
2010,09,26,2,267.1
2010,09,26,3,267.3
2010,09,26,4,267.0
2010,09,26,5,267.0
2010,09,26,6,266.7
2010,09,26,7,266.1
2010,09,27,0,266.7
2010,09,27,1,266.9
2010,09,27,2,266.9
2010,09,27,3,268.0
2010,09,27,4,268.5
2010,09,27,5,270.5
2010,09,27,6,271.3
2010,09,27,7,270.6
2010,09,28,0,270.1
2010,09,28,1,268.6
2010,09,28,2,268.6
2010,09,28,3,268.2
2010,09,28,4,266.7
2010,09,28,5,264.2
2010,09,28,6,262.7
2010,09,28,7,260.8
2010,09,29,0,256.5
2010,09,29,1,254.3
2010,09,29,2,252.5
2010,09,29,3,252.1
2010,09,29,4,252.3
2010,09,29,5,252.4
2010,09,29,6,252.7
2010,09,29,7,252.8
2010,09,30,0,252.8
2010,09,30,1,252.5
2010,09,30,2,254.7
2010,09,30,3,255.0
2010,09,30,4,256.3
2010,09,30,5,257.5
2010,09,30,6,258.8
2010,09,30,7,259.8
2010,09,1,0,258.7
2010,09,1,1,258.4
2010,09,1,2,260.2
2010,09,1,3,262.2
2010,09,1,4,262.3
2010,09,1,5,263.2
2010,09,1,6,264.2
2010,09,1,7,265.3
2010,09,2,0,266.0
2010,09,2,1,265.8
2010,09,2,2,266.5
2010,09,2,3,267.0
2010,09,2,4,266.6
2010,09,2,5,267.8
2010,09,2,6,267.2
2010,09,2,7,267.1
2010,09,3,0,267.4
2010,09,3,1,268.4
2010,09,3,2,268.2
2010,09,3,3,267.9
2010,09,3,4,267.3
2010,09,3,5,267.0
2010,09,3,6,267.0
2010,09,3,7,267.0
2010,09,4,0,268.6
2010,09,4,1,269.8
2010,09,4,2,269.7
2010,09,4,3,269.7
2010,09,4,4,269.2
2010,09,4,5,269.6
2010,09,4,6,269.8
2010,09,4,7,268.8
2010,09,5,0,269.5
2010,09,5,1,269.8
2010,09,5,2,269.7
2010,09,5,3,269.7
2010,09,5,4,269.1
2010,09,5,5,268.8
2010,09,5,6,269.0
2010,09,5,7,269.0
2010,09,6,0,269.3
2010,09,6,1,268.7
2010,09,6,2,268.2
2010,09,6,3,268.4
2010,09,6,4,267.9
2010,09,6,5,267.8
2010,09,6,6,267.3
2010,09,6,7,265.6
2010,09,7,0,265.9
2010,09,7,1,266.1
2010,09,7,2,266.8
2010,09,7,3,267.2
2010,09,7,4,267.5
2010,09,7,5,268.0
2010,09,7,6,268.0
2010,09,7,7,266.8
2010,09,8,0,268.0
2010,09,8,1,268.4
2010,09,8,2,267.9
2010,09,8,3,268.3
2010,09,8,4,267.9
2010,09,8,5,267.0
2010,09,8,6,266.4
2010,09,8,7,265.8
2010,09,9,0,265.8
2010,09,9,1,265.8
2010,09,9,2,265.1
2010,09,9,3,264.3
2010,09,9,4,263.4
2010,09,9,5,262.3
2010,09,9,6,260.3
2010,09,9,7,260.4
2010,09,10,0,258.8
2010,09,10,1,259.2
2010,09,10,2,261.8
2010,09,10,3,262.8
2010,09,10,4,263.1
2010,09,10,5,263.2
2010,09,10,6,263.7
2010,09,10,7,262.5
2010,09,11,0,261.1
2010,09,11,1,255.5
2010,09,11,2,253.9
2010,09,11,3,251.8
2010,09,11,4,256.2
2010,09,11,5,257.5
2010,09,11,6,258.1
2010,09,11,7,258.5
2010,09,12,0,259.5
2010,09,12,1,261.2
2010,09,12,2,262.7
2010,09,12,3,262.7
2010,09,12,4,262.2
2010,09,12,5,262.0
2010,09,12,6,262.2
2010,09,12,7,262.6
2010,09,13,0,263.3
2010,09,13,1,265.0
2010,09,13,2,264.6
2010,09,13,3,263.9
2010,09,13,4,263.5
2010,09,13,5,263.8
2010,09,13,6,263.4
2010,09,13,7,261.6
2010,09,14,0,262.4
2010,09,14,1,262.4
2010,09,14,2,261.9
2010,09,14,3,262.1
2010,09,14,4,263.3
2010,09,14,5,263.2
2010,09,14,6,263.9
2010,09,14,7,263.4
2010,09,15,0,264.5
2010,09,15,1,264.7
2010,09,15,2,264.5
2010,09,15,3,264.1
2010,09,15,4,263.8
2010,09,15,5,264.3
2010,09,15,6,265.2
2010,09,15,7,264.7
2010,09,16,0,265.8
2010,09,16,1,265.8
2010,09,16,2,264.9
2010,09,16,3,265.1
2010,09,16,4,265.0
2010,09,16,5,264.8
2010,09,16,6,264.8
2010,09,16,7,263.3
2010,09,17,0,264.4
2010,09,17,1,264.3
2010,09,17,2,263.7
2010,09,17,3,264.7
2010,09,17,4,263.5
2010,09,17,5,262.7
2010,09,17,6,262.9
2010,09,17,7,262.6
2010,09,18,0,262.8
2010,09,18,1,262.6
2010,09,18,2,262.0
2010,09,18,3,261.6
2010,09,18,4,261.1
2010,09,18,5,262.3
2010,09,18,6,264.0
2010,09,18,7,264.2
2010,09,19,0,264.6
2010,09,19,1,265.2
2010,09,19,2,265.4
2010,09,19,3,265.6
2010,09,19,4,267.1
2010,09,19,5,267.0
2010,09,19,6,267.8
2010,09,19,7,267.3
2010,09,20,0,267.7
2010,09,20,1,268.3
2010,09,20,2,269.6
2010,09,20,3,270.3
2010,09,20,4,269.7
2010,09,20,5,269.2
2010,09,20,6,268.5
2010,09,20,7,267.2
2010,09,21,0,267.4
2010,09,21,1,268.0
2010,09,21,2,268.1
2010,09,21,3,268.3
2010,09,21,4,267.6
2010,09,21,5,267.5
2010,09,21,6,268.3
2010,09,21,7,267.9
2010,09,22,0,266.0
2010,09,22,1,264.3
2010,09,22,2,261.2
2010,09,22,3,259.1
2010,09,22,4,257.7
2010,09,22,5,257.1
2010,09,22,6,255.5
2010,09,22,7,256.9
2010,09,23,0,257.0
2010,09,23,1,256.3
2010,09,23,2,255.8
2010,09,23,3,255.4
2010,09,23,4,254.7
2010,09,23,5,254.2
2010,09,23,6,254.3
2010,09,23,7,255.0
2010,09,24,0,256.2
2010,09,24,1,256.8
2010,09,24,2,258.1
2010,09,24,3,258.6
2010,09,24,4,259.3
2010,09,24,5,259.6
2010,09,24,6,259.7
2010,09,24,7,259.4
2010,09,25,0,260.2
2010,09,25,1,260.8
2010,09,25,2,265.5
2010,09,25,3,267.2
2010,09,25,4,267.2
2010,09,25,5,266.7
2010,09,25,6,267.1
2010,09,25,7,265.5
2010,09,26,0,264.0
2010,09,26,1,265.2
2010,09,26,2,264.8
2010,09,26,3,264.0
2010,09,26,4,263.8
2010,09,26,5,262.5
2010,09,26,6,262.4
2010,09,26,7,261.7
2010,09,27,0,262.6
2010,09,27,1,263.6
2010,09,27,2,263.6
2010,09,27,3,263.2
2010,09,27,4,263.1
2010,09,27,5,262.6
2010,09,27,6,261.3
2010,09,27,7,261.8
2010,09,28,0,262.2
2010,09,28,1,263.0
2010,09,28,2,260.8
2010,09,28,3,258.8
2010,09,28,4,258.0
2010,09,28,5,258.3
2010,09,28,6,257.5
2010,09,28,7,259.0
2010,09,29,0,259.5
2010,09,29,1,259.5
2010,09,29,2,260.8
2010,09,29,3,264.8
2010,09,29,4,265.4
2010,09,29,5,265.4
2010,09,29,6,266.8
2010,09,29,7,266.4
2010,09,30,0,266.3
2010,09,30,1,268.3
2010,09,30,2,268.4
2010,09,30,3,268.9
2010,09,30,4,269.3
2010,09,30,5,269.2
2010,09,30,6,269.6
2010,09,30,7,268.6
2010,09,31,0,268.6
2010,09,31,1,269.3
2010,09,31,2,269.3
2010,09,31,3,269.8
2010,09,31,4,269.9
2010,09,31,5,270.1
2010,09,31,6,269.1
2010,09,31,7,268.9
2010,09,1,0,269.3
2010,09,1,1,270.0
2010,09,1,2,269.6
2010,09,1,3,270.2
2010,09,1,4,269.4
2010,09,1,5,269.0
2010,09,1,6,269.3
2010,09,1,7,269.9
2010,09,2,0,270.2
2010,09,2,1,269.7
2010,09,2,2,270.4
2010,09,2,3,270.4
2010,09,2,4,271.6
2010,09,2,5,270.7
2010,09,2,6,271.2
2010,09,2,7,270.2
2010,09,3,0,271.5
2010,09,3,1,272.0
2010,09,3,2,272.6
2010,09,3,3,272.8
2010,09,3,4,272.8
2010,09,3,5,272.5
2010,09,3,6,273.6
2010,09,3,7,273.1
2010,09,4,0,273.9
2010,09,4,1,275.1
2010,09,4,2,276.0
2010,09,4,3,275.9
2010,09,4,4,275.3
2010,09,4,5,275.0
2010,09,4,6,275.3
2010,09,4,7,274.4
2010,09,5,0,276.7
2010,09,5,1,276.5
2010,09,5,2,276.4
2010,09,5,3,275.6
2010,09,5,4,276.1
2010,09,5,5,277.0
2010,09,5,6,277.0
2010,09,5,7,276.0
2010,09,6,0,276.5
2010,09,6,1,276.5
2010,09,6,2,275.9
2010,09,6,3,275.4
2010,09,6,4,275.7
2010,09,6,5,276.1
2010,09,6,6,276.3
2010,09,6,7,274.9
2010,09,7,0,275.4
2010,09,7,1,276.2
2010,09,7,2,276.5
2010,09,7,3,276.9
2010,09,7,4,275.9
2010,09,7,5,275.8
2010,09,7,6,275.1
2010,09,7,7,273.5
2010,09,8,0,274.3
2010,09,8,1,274.1
2010,09,8,2,275.1
2010,09,8,3,276.1
2010,09,8,4,275.9
2010,09,8,5,275.8
2010,09,8,6,276.3
2010,09,8,7,273.4
2010,09,9,0,275.0
2010,09,9,1,275.6
2010,09,9,2,275.4
2010,09,9,3,275.9
2010,09,9,4,275.6
2010,09,9,5,275.2
2010,09,9,6,274.3
2010,09,9,7,273.9
2010,09,10,0,273.7
2010,09,10,1,273.6
2010,09,10,2,273.0
2010,09,10,3,272.5
2010,09,10,4,272.1
2010,09,10,5,271.5
2010,09,10,6,271.2
2010,09,10,7,269.7
2010,09,11,0,268.0
2010,09,11,1,268.8
2010,09,11,2,269.5
2010,09,11,3,268.5
2010,09,11,4,265.6
2010,09,11,5,263.3
2010,09,11,6,262.2
2010,09,11,7,260.2
2010,09,12,0,260.6
2010,09,12,1,260.4
2010,09,12,2,261.1
2010,09,12,3,263.1
2010,09,12,4,263.7
2010,09,12,5,262.8
2010,09,12,6,265.7
2010,09,12,7,265.6
2010,09,13,0,265.4
2010,09,13,1,265.2
2010,09,13,2,267.0
2010,09,13,3,265.7
2010,09,13,4,265.5
2010,09,13,5,265.7
2010,09,13,6,267.3
2010,09,13,7,268.1
2010,09,14,0,268.3
2010,09,14,1,269.5
2010,09,14,2,271.6
2010,09,14,3,271.9
2010,09,14,4,272.7
2010,09,14,5,272.6
2010,09,14,6,272.0
2010,09,14,7,269.7
2010,09,15,0,270.7
2010,09,15,1,271.1
2010,09,15,2,271.1
2010,09,15,3,271.4
2010,09,15,4,271.1
2010,09,15,5,270.3
2010,09,15,6,269.9
2010,09,15,7,270.5
2010,09,16,0,270.8
2010,09,16,1,271.0
2010,09,16,2,270.9
2010,09,16,3,269.5
2010,09,16,4,267.8
2010,09,16,5,266.5
2010,09,16,6,264.5
2010,09,16,7,264.8
2010,09,17,0,266.3
2010,09,17,1,270.9
2010,09,17,2,271.4
2010,09,17,3,270.8
2010,09,17,4,271.0
2010,09,17,5,271.2
2010,09,17,6,271.9
2010,09,17,7,269.8
2010,09,18,0,270.7
2010,09,18,1,271.0
2010,09,18,2,270.6
2010,09,18,3,270.5
2010,09,18,4,270.1
2010,09,18,5,269.6
2010,09,18,6,268.6
2010,09,18,7,268.9
2010,09,19,0,268.6
2010,09,19,1,269.0
2010,09,19,2,268.4
2010,09,19,3,267.8
2010,09,19,4,267.5
2010,09,19,5,267.4
2010,09,19,6,266.9
2010,09,19,7,267.5
2010,09,20,0,268.2
2010,09,20,1,268.3
2010,09,20,2,267.7
2010,09,20,3,267.1
2010,09,20,4,267.2
2010,09,20,5,268.5
2010,09,20,6,269.1
2010,09,20,7,267.3
2010,09,21,0,268.7
2010,09,21,1,268.6
2010,09,21,2,267.0
2010,09,21,3,266.6
2010,09,21,4,266.9
2010,09,21,5,266.4
2010,09,21,6,266.1
2010,09,21,7,265.9
2010,09,22,0,266.2
2010,09,22,1,266.6
2010,09,22,2,266.8
2010,09,22,3,267.6
2010,09,22,4,269.3
2010,09,22,5,270.2
2010,09,22,6,271.1
2010,09,22,7,269.7
2010,09,23,0,270.4
2010,09,23,1,270.7
2010,09,23,2,271.0
2010,09,23,3,272.5
2010,09,23,4,272.0
2010,09,23,5,272.6
2010,09,23,6,273.0
2010,09,23,7,271.5
2010,09,24,0,272.6
2010,09,24,1,272.8
2010,09,24,2,273.3
2010,09,24,3,273.7
2010,09,24,4,273.5
2010,09,24,5,273.5
2010,09,24,6,274.1
2010,09,24,7,273.5
2010,09,25,0,274.1
2010,09,25,1,274.4
2010,09,25,2,274.0
2010,09,25,3,273.5
2010,09,25,4,272.9
2010,09,25,5,272.0
2010,09,25,6,270.8
2010,09,25,7,271.7
2010,09,26,0,272.2
2010,09,26,1,272.6
2010,09,26,2,272.7
2010,09,26,3,272.4
2010,09,26,4,272.2
2010,09,26,5,272.4
2010,09,26,6,272.6
2010,09,26,7,272.8
2010,09,27,0,273.1
2010,09,27,1,273.2
2010,09,27,2,274.0
2010,09,27,3,274.9
2010,09,27,4,274.0
2010,09,27,5,274.1
2010,09,27,6,275.0
2010,09,27,7,273.8
2010,09,28,0,274.9
2010,09,28,1,275.2
2010,09,28,2,274.8
2010,09,28,3,274.5
2010,09,28,4,273.9
2010,09,28,5,273.3
2010,09,28,6,273.2
2010,09,28,7,274.5
2010,09,29,0,274.9
2010,09,29,1,274.4
2010,09,29,2,274.0
2010,09,29,3,273.3
2010,09,29,4,272.9
2010,09,29,5,272.6
2010,09,29,6,272.8
2010,09,29,7,273.2
2010,09,30,0,273.6
2010,09,30,1,273.1
2010,09,30,2,272.4
2010,09,30,3,272.0
2010,09,30,4,271.5
2010,09,30,5,270.1
2010,09,30,6,269.8
2010,09,30,7,272.0
2010,09,1,0,273.3
2010,09,1,1,273.3
2010,09,1,2,272.8
2010,09,1,3,272.3
2010,09,1,4,272.1
2010,09,1,5,272.4
2010,09,1,6,273.0
2010,09,1,7,272.3
2010,09,2,0,273.1
2010,09,2,1,273.4
2010,09,2,2,273.5
2010,09,2,3,273.9
2010,09,2,4,273.5
2010,09,2,5,273.6
2010,09,2,6,273.6
2010,09,2,7,272.7
2010,09,3,0,273.5
2010,09,3,1,273.5
2010,09,3,2,272.4
2010,09,3,3,271.4
2010,09,3,4,271.6
2010,09,3,5,271.7
2010,09,3,6,271.6
2010,09,3,7,270.4
2010,09,4,0,271.3
2010,09,4,1,271.4
2010,09,4,2,271.9
2010,09,4,3,271.9
2010,09,4,4,271.8
2010,09,4,5,272.4
2010,09,4,6,272.8
2010,09,4,7,274.0
2010,09,5,0,272.2
2010,09,5,1,273.2
2010,09,5,2,275.8
2010,09,5,3,275.9
2010,09,5,4,274.9
2010,09,5,5,274.0
2010,09,5,6,273.7
2010,09,5,7,272.3
2010,09,6,0,273.4
2010,09,6,1,273.0
2010,09,6,2,272.6
2010,09,6,3,272.1
2010,09,6,4,271.5
2010,09,6,5,271.0
2010,09,6,6,270.6
2010,09,6,7,271.7
2010,09,7,0,272.7
2010,09,7,1,272.5
2010,09,7,2,271.9
2010,09,7,3,271.5
2010,09,7,4,271.0
2010,09,7,5,270.2
2010,09,7,6,270.0
2010,09,7,7,271.2
2010,09,8,0,272.2
2010,09,8,1,272.2
2010,09,8,2,271.9
2010,09,8,3,271.5
2010,09,8,4,270.8
2010,09,8,5,270.4
2010,09,8,6,270.1
2010,09,8,7,271.3
2010,09,9,0,272.8
2010,09,9,1,272.9
2010,09,9,2,272.2
2010,09,9,3,271.8
2010,09,9,4,271.8
2010,09,9,5,272.3
2010,09,9,6,272.4
2010,09,9,7,272.6
2010,09,10,0,273.7
2010,09,10,1,273.6
2010,09,10,2,273.5
2010,09,10,3,272.9
2010,09,10,4,272.0
2010,09,10,5,271.9
2010,09,10,6,272.4
2010,09,10,7,273.6
2010,09,11,0,273.8
2010,09,11,1,273.9
2010,09,11,2,273.8
2010,09,11,3,273.6
2010,09,11,4,273.2
2010,09,11,5,273.0
2010,09,11,6,272.7
2010,09,11,7,273.5
2010,09,12,0,274.3
2010,09,12,1,274.4
2010,09,12,2,274.2
2010,09,12,3,274.1
2010,09,12,4,274.0
2010,09,12,5,274.1
2010,09,12,6,273.9
2010,09,12,7,275.0
2010,09,13,0,275.7
2010,09,13,1,275.2
2010,09,13,2,274.6
2010,09,13,3,273.9
2010,09,13,4,273.8
2010,09,13,5,273.8
2010,09,13,6,273.6
2010,09,13,7,272.6
2010,09,14,0,274.4
2010,09,14,1,274.3
2010,09,14,2,273.9
2010,09,14,3,274.2
2010,09,14,4,275.3
2010,09,14,5,275.8
2010,09,14,6,276.2
2010,09,14,7,274.6
2010,09,15,0,274.5
2010,09,15,1,274.1
2010,09,15,2,273.8
2010,09,15,3,273.4
2010,09,15,4,273.1
2010,09,15,5,272.7
2010,09,15,6,272.4
2010,09,15,7,272.4
2010,09,16,0,273.6
2010,09,16,1,273.6
2010,09,16,2,273.7
2010,09,16,3,273.8
2010,09,16,4,273.3
2010,09,16,5,273.4
2010,09,16,6,273.0
2010,09,16,7,273.9
2010,09,17,0,274.1
2010,09,17,1,273.8
2010,09,17,2,273.3
2010,09,17,3,273.4
2010,09,17,4,273.4
2010,09,17,5,273.3
2010,09,17,6,273.7
2010,09,17,7,272.7
2010,09,18,0,273.6
2010,09,18,1,273.8
2010,09,18,2,273.2
2010,09,18,3,272.8
2010,09,18,4,273.3
2010,09,18,5,273.8
2010,09,18,6,274.0
2010,09,18,7,275.8
2010,09,19,0,276.6
2010,09,19,1,276.3
2010,09,19,2,276.4
2010,09,19,3,276.5
2010,09,19,4,276.1
2010,09,19,5,276.9
2010,09,19,6,277.0
2010,09,19,7,276.6
2010,09,20,0,277.7
2010,09,20,1,277.6
2010,09,20,2,276.9
2010,09,20,3,276.4
2010,09,20,4,275.8
2010,09,20,5,275.4
2010,09,20,6,275.5
2010,09,20,7,275.9
2010,09,21,0,276.8
2010,09,21,1,276.6
2010,09,21,2,275.2
2010,09,21,3,274.4
2010,09,21,4,275.2
2010,09,21,5,275.7
2010,09,21,6,274.8
2010,09,21,7,274.8
2010,09,22,0,276.0
2010,09,22,1,276.1
2010,09,22,2,275.2
2010,09,22,3,275.0
2010,09,22,4,274.4
2010,09,22,5,275.1
2010,09,22,6,275.5
2010,09,22,7,273.0
2010,09,23,0,275.1
2010,09,23,1,275.3
2010,09,23,2,274.4
2010,09,23,3,273.7
2010,09,23,4,272.9
2010,09,23,5,272.5
2010,09,23,6,273.1
2010,09,23,7,272.3
2010,09,24,0,274.0
2010,09,24,1,274.1
2010,09,24,2,273.6
2010,09,24,3,273.7
2010,09,24,4,273.4
2010,09,24,5,272.9
2010,09,24,6,272.6
2010,09,24,7,274.2
2010,09,25,0,274.6
2010,09,25,1,274.6
2010,09,25,2,274.5
2010,09,25,3,274.2
2010,09,25,4,273.9
2010,09,25,5,273.4
2010,09,25,6,273.4
2010,09,25,7,274.1
2010,09,26,0,274.4
2010,09,26,1,275.0
2010,09,26,2,274.2
2010,09,26,3,273.6
2010,09,26,4,273.1
2010,09,26,5,272.8
2010,09,26,6,272.7
2010,09,26,7,273.7
2010,09,27,0,273.2
2010,09,27,1,273.6
2010,09,27,2,273.5
2010,09,27,3,273.1
2010,09,27,4,271.8
2010,09,27,5,270.9
2010,09,27,6,271.6
2010,09,27,7,272.7
2010,09,28,0,273.9
2010,09,28,1,273.9
2010,09,28,2,273.4
2010,09,28,3,272.9
2010,09,28,4,272.4
2010,09,28,5,272.3
2010,09,28,6,272.2
2010,09,28,7,273.4
2010,09,29,0,274.3
2010,09,29,1,274.1
2010,09,29,2,273.4
2010,09,29,3,272.5
2010,09,29,4,271.4
2010,09,29,5,271.7
2010,09,29,6,271.0
2010,09,29,7,273.7
2010,09,30,0,274.5
2010,09,30,1,274.0
2010,09,30,2,273.2
2010,09,30,3,273.5
2010,09,30,4,273.0
2010,09,30,5,274.6
2010,09,30,6,275.0
2010,09,30,7,275.2
2010,09,31,0,276.6
2010,09,31,1,276.4
2010,09,31,2,275.5
2010,09,31,3,275.0
2010,09,31,4,275.2
2010,09,31,5,275.4
2010,09,31,6,275.3
2010,09,31,7,274.8
2010,09,1,0,276.2
2010,09,1,1,276.5
2010,09,1,2,275.5
2010,09,1,3,274.2
2010,09,1,4,273.8
2010,09,1,5,274.4
2010,09,1,6,274.9
2010,09,1,7,272.7
2010,09,2,0,274.8
2010,09,2,1,274.8
2010,09,2,2,273.7
2010,09,2,3,274.9
2010,09,2,4,275.4
2010,09,2,5,275.8
2010,09,2,6,276.8
2010,09,2,7,273.9
2010,09,3,0,275.4
2010,09,3,1,275.9
2010,09,3,2,275.7
2010,09,3,3,276.5
2010,09,3,4,277.0
2010,09,3,5,277.4
2010,09,3,6,277.6
2010,09,3,7,274.9
2010,09,4,0,276.1
2010,09,4,1,276.0
2010,09,4,2,275.3
2010,09,4,3,275.4
2010,09,4,4,275.6
2010,09,4,5,276.0
2010,09,4,6,277.5
2010,09,4,7,276.0
2010,09,5,0,277.2
2010,09,5,1,276.9
2010,09,5,2,276.6
2010,09,5,3,276.5
2010,09,5,4,276.1
2010,09,5,5,276.0
2010,09,5,6,275.3
2010,09,5,7,275.8
2010,09,6,0,276.4
2010,09,6,1,275.9
2010,09,6,2,275.1
2010,09,6,3,274.1
2010,09,6,4,272.9
2010,09,6,5,272.4
2010,09,6,6,272.2
2010,09,6,7,273.6
2010,09,7,0,274.6
2010,09,7,1,274.2
2010,09,7,2,273.4
2010,09,7,3,272.9
2010,09,7,4,272.9
2010,09,7,5,272.8
2010,09,7,6,271.9
2010,09,7,7,272.0
2010,09,8,0,272.7
2010,09,8,1,272.1
2010,09,8,2,271.1
2010,09,8,3,270.0
2010,09,8,4,269.4
2010,09,8,5,269.3
2010,09,8,6,269.7
2010,09,8,7,268.6
2010,09,9,0,269.2
2010,09,9,1,268.7
2010,09,9,2,269.2
2010,09,9,3,269.3
2010,09,9,4,269.1
2010,09,9,5,269.0
2010,09,9,6,270.2
2010,09,9,7,269.4
2010,09,10,0,271.0
2010,09,10,1,271.2
2010,09,10,2,271.0
2010,09,10,3,270.8
2010,09,10,4,271.0
2010,09,10,5,271.3
2010,09,10,6,270.6
2010,09,10,7,270.7
2010,09,11,0,271.6
2010,09,11,1,271.4
2010,09,11,2,271.6
2010,09,11,3,271.6
2010,09,11,4,271.4
2010,09,11,5,271.5
2010,09,11,6,270.7
2010,09,11,7,270.8
2010,09,12,0,272.1
2010,09,12,1,272.6
2010,09,12,2,271.9
2010,09,12,3,274.6
2010,09,12,4,275.5
2010,09,12,5,275.5
2010,09,12,6,275.9
2010,09,12,7,275.2
2010,09,13,0,274.0
2010,09,13,1,274.5
2010,09,13,2,277.6
2010,09,13,3,277.5
2010,09,13,4,275.8
2010,09,13,5,276.5
2010,09,13,6,277.2
2010,09,13,7,275.0
2010,09,14,0,275.9
2010,09,14,1,275.8
2010,09,14,2,275.4
2010,09,14,3,275.5
2010,09,14,4,274.9
2010,09,14,5,276.5
2010,09,14,6,277.6
2010,09,14,7,275.2
2010,09,15,0,275.8
2010,09,15,1,276.0
2010,09,15,2,276.0
2010,09,15,3,276.1
2010,09,15,4,275.9
2010,09,15,5,275.6
2010,09,15,6,275.3
2010,09,15,7,275.5
2010,09,16,0,276.3
2010,09,16,1,275.9
2010,09,16,2,275.1
2010,09,16,3,275.6
2010,09,16,4,276.7
2010,09,16,5,277.3
2010,09,16,6,277.8
2010,09,16,7,275.4
2010,09,17,0,275.8
2010,09,17,1,276.1
2010,09,17,2,275.1
2010,09,17,3,275.1
2010,09,17,4,275.0
2010,09,17,5,276.1
2010,09,17,6,276.8
2010,09,17,7,275.1
2010,09,18,0,275.4
2010,09,18,1,275.3
2010,09,18,2,275.1
2010,09,18,3,274.9
2010,09,18,4,273.3
2010,09,18,5,272.9
2010,09,18,6,273.0
2010,09,18,7,272.7
2010,09,19,0,273.5
2010,09,19,1,274.4
2010,09,19,2,273.8
2010,09,19,3,273.2
2010,09,19,4,272.8
2010,09,19,5,273.0
2010,09,19,6,274.2
2010,09,19,7,271.8
2010,09,20,0,272.8
2010,09,20,1,273.1
2010,09,20,2,272.9
2010,09,20,3,274.2
2010,09,20,4,274.6
2010,09,20,5,275.3
2010,09,20,6,276.2
2010,09,20,7,274.4
2010,09,21,0,276.3
2010,09,21,1,276.4
2010,09,21,2,275.9
2010,09,21,3,275.6
2010,09,21,4,275.3
2010,09,21,5,275.0
2010,09,21,6,274.4
2010,09,21,7,274.5
2010,09,22,0,274.7
2010,09,22,1,275.1
2010,09,22,2,275.3
2010,09,22,3,275.1
2010,09,22,4,275.0
2010,09,22,5,274.2
2010,09,22,6,273.8
2010,09,22,7,273.1
2010,09,23,0,275.9
2010,09,23,1,276.7
2010,09,23,2,278.1
2010,09,23,3,278.3
2010,09,23,4,277.9
2010,09,23,5,278.4
2010,09,23,6,279.0
2010,09,23,7,279.0
2010,09,24,0,278.3
2010,09,24,1,278.3
2010,09,24,2,278.3
2010,09,24,3,278.7
2010,09,24,4,278.7
2010,09,24,5,278.1
2010,09,24,6,278.0
2010,09,24,7,276.8
2010,09,25,0,277.1
2010,09,25,1,277.4
2010,09,25,2,277.4
2010,09,25,3,277.1
2010,09,25,4,276.5
2010,09,25,5,275.9
2010,09,25,6,275.2
2010,09,25,7,276.4
2010,09,26,0,277.6
2010,09,26,1,277.1
2010,09,26,2,276.4
2010,09,26,3,275.9
2010,09,26,4,274.9
2010,09,26,5,274.5
2010,09,26,6,274.8
2010,09,26,7,275.8
2010,09,27,0,276.0
2010,09,27,1,276.4
2010,09,27,2,276.2
2010,09,27,3,275.6
2010,09,27,4,274.7
2010,09,27,5,274.3
2010,09,27,6,274.1
2010,09,27,7,274.5
2010,09,28,0,275.1
2010,09,28,1,275.8
2010,09,28,2,275.1
2010,09,28,3,273.8
2010,09,28,4,272.8
2010,09,28,5,272.1
2010,09,28,6,271.2
2010,09,28,7,268.6
2010,09,29,0,268.6
2010,09,29,1,267.4
2010,09,29,2,266.4
2010,09,29,3,265.6
2010,09,29,4,265.0
2010,09,29,5,264.3
2010,09,29,6,263.4
2010,09,29,7,263.0
2010,09,30,0,263.6
2010,09,30,1,263.6
2010,09,30,2,264.4
2010,09,30,3,266.0
2010,09,30,4,267.7
2010,09,30,5,269.0
2010,09,30,6,270.5
2010,09,30,7,268.6
2010,09,31,0,268.9
2010,09,31,1,269.6
2010,09,31,2,273.6
2010,09,31,3,275.0
2010,09,31,4,274.6
2010,09,31,5,274.2
2010,09,31,6,273.8
2010,09,31,7,273.8
2010,09,1,0,271.0
2010,09,1,1,271.5
2010,09,1,2,275.1
2010,09,1,3,275.3
2010,09,1,4,275.0
2010,09,1,5,275.0
2010,09,1,6,275.4
2010,09,1,7,275.4
2010,09,2,0,275.1
2010,09,2,1,275.9
2010,09,2,2,276.3
2010,09,2,3,275.9
2010,09,2,4,275.1
2010,09,2,5,274.9
2010,09,2,6,275.5
2010,09,2,7,275.1
2010,09,3,0,274.5
2010,09,3,1,274.7
2010,09,3,2,274.5
2010,09,3,3,274.3
2010,09,3,4,274.2
2010,09,3,5,274.2
2010,09,3,6,275.2
2010,09,3,7,274.8
2010,09,4,0,276.3
2010,09,4,1,276.6
2010,09,4,2,276.2
2010,09,4,3,276.1
2010,09,4,4,275.8
2010,09,4,5,276.5
2010,09,4,6,278.0
2010,09,4,7,275.7
2010,09,5,0,276.4
2010,09,5,1,276.4
2010,09,5,2,276.3
2010,09,5,3,276.3
2010,09,5,4,276.8
2010,09,5,5,276.8
2010,09,5,6,275.6
2010,09,5,7,272.5
2010,09,6,0,272.4
2010,09,6,1,272.8
2010,09,6,2,274.3
2010,09,6,3,274.3
2010,09,6,4,274.4
2010,09,6,5,274.4
2010,09,6,6,275.0
2010,09,6,7,274.3
2010,09,7,0,272.0
2010,09,7,1,272.8
2010,09,7,2,272.9
2010,09,7,3,273.4
2010,09,7,4,272.6
2010,09,7,5,272.2
2010,09,7,6,272.9
2010,09,7,7,271.7
2010,09,8,0,272.2
2010,09,8,1,271.9
2010,09,8,2,271.9
2010,09,8,3,271.6
2010,09,8,4,270.9
2010,09,8,5,270.5
2010,09,8,6,269.2
2010,09,8,7,266.7
2010,09,9,0,266.8
2010,09,9,1,265.8
2010,09,9,2,263.5
2010,09,9,3,262.0
2010,09,9,4,263.4
2010,09,9,5,264.0
2010,09,9,6,266.0
2010,09,9,7,266.1
2010,09,10,0,266.1
2010,09,10,1,267.7
2010,09,10,2,272.3
2010,09,10,3,273.0
2010,09,10,4,272.9
2010,09,10,5,272.5
2010,09,10,6,272.2
2010,09,10,7,272.2
2010,09,11,0,271.0
2010,09,11,1,271.8
2010,09,11,2,273.5
2010,09,11,3,272.8
2010,09,11,4,272.0
2010,09,11,5,271.7
2010,09,11,6,271.1
2010,09,11,7,270.0
2010,09,12,0,268.2
2010,09,12,1,268.3
2010,09,12,2,269.2
2010,09,12,3,268.9
2010,09,12,4,268.8
2010,09,12,5,269.5
2010,09,12,6,269.8
2010,09,12,7,267.7
2010,09,13,0,269.3
2010,09,13,1,269.4
2010,09,13,2,269.7
2010,09,13,3,270.2
2010,09,13,4,270.6
2010,09,13,5,270.7
2010,09,13,6,270.6
2010,09,13,7,269.0
2010,09,14,0,270.2
2010,09,14,1,270.4
2010,09,14,2,271.0
2010,09,14,3,270.7
2010,09,14,4,270.0
2010,09,14,5,269.6
2010,09,14,6,269.6
2010,09,14,7,270.2
2010,09,15,0,271.5
2010,09,15,1,271.6
2010,09,15,2,271.2
2010,09,15,3,271.0
2010,09,15,4,270.3
2010,09,15,5,270.1
2010,09,15,6,271.3
2010,09,15,7,271.1
2010,09,16,0,272.4
2010,09,16,1,272.7
2010,09,16,2,273.1
2010,09,16,3,275.2
2010,09,16,4,274.9
2010,09,16,5,274.9
2010,09,16,6,275.4
2010,09,16,7,276.0
2010,09,17,0,274.4
2010,09,17,1,275.3
2010,09,17,2,275.2
2010,09,17,3,274.9
2010,09,17,4,274.4
2010,09,17,5,274.5
2010,09,17,6,274.5
2010,09,17,7,273.7
2010,09,18,0,274.5
2010,09,18,1,274.9
2010,09,18,2,274.9
2010,09,18,3,275.2
2010,09,18,4,275.6
2010,09,18,5,275.8
2010,09,18,6,275.9
2010,09,18,7,274.8
2010,09,19,0,275.6
2010,09,19,1,276.2
2010,09,19,2,276.2
2010,09,19,3,275.7
2010,09,19,4,275.1
2010,09,19,5,274.3
2010,09,19,6,273.6
2010,09,19,7,272.4
2010,09,20,0,272.9
2010,09,20,1,273.7
2010,09,20,2,273.5
2010,09,20,3,273.0
2010,09,20,4,273.2
2010,09,20,5,273.5
2010,09,20,6,274.3
2010,09,20,7,275.4
2010,09,21,0,274.3
2010,09,21,1,275.1
2010,09,21,2,276.2
2010,09,21,3,276.7
2010,09,21,4,276.5
2010,09,21,5,276.1
2010,09,21,6,275.0
2010,09,21,7,273.5
2010,09,22,0,274.1
2010,09,22,1,273.9
2010,09,22,2,272.6
2010,09,22,3,270.3
2010,09,22,4,268.5
2010,09,22,5,267.2
2010,09,22,6,266.9
2010,09,22,7,267.0
2010,09,23,0,268.3
2010,09,23,1,268.6
2010,09,23,2,270.4
2010,09,23,3,271.8
2010,09,23,4,273.1
2010,09,23,5,272.7
2010,09,23,6,273.2
2010,09,23,7,273.4
2010,09,24,0,271.8
2010,09,24,1,272.8
2010,09,24,2,275.0
2010,09,24,3,273.5
2010,09,24,4,273.4
2010,09,24,5,273.1
2010,09,24,6,273.6
2010,09,24,7,273.7
2010,09,25,0,274.4
2010,09,25,1,275.2
2010,09,25,2,275.5
2010,09,25,3,275.7
2010,09,25,4,275.6
2010,09,25,5,275.6
2010,09,25,6,275.9
2010,09,25,7,276.2
2010,09,26,0,276.3
2010,09,26,1,276.8
2010,09,26,2,276.4
2010,09,26,3,276.2
2010,09,26,4,276.4
2010,09,26,5,277.0
2010,09,26,6,277.1
2010,09,26,7,275.5
2010,09,27,0,276.5
2010,09,27,1,276.9
2010,09,27,2,277.1
2010,09,27,3,276.9
2010,09,27,4,276.7
2010,09,27,5,276.9
2010,09,27,6,277.0
2010,09,27,7,276.5
2010,09,28,0,276.2
2010,09,28,1,276.8
2010,09,28,2,276.1
2010,09,28,3,275.5
2010,09,28,4,275.2
2010,09,28,5,275.1
2010,09,28,6,274.8
2010,09,28,7,275.0
2010,09,29,0,275.7
2010,09,29,1,275.8
2010,09,29,2,275.6
2010,09,29,3,275.1
2010,09,29,4,274.6
2010,09,29,5,274.0
2010,09,29,6,273.4
2010,09,29,7,273.5
2010,09,30,0,274.1
2010,09,30,1,273.9
2010,09,30,2,273.8
2010,09,30,3,273.7
2010,09,30,4,273.3
2010,09,30,5,273.0
2010,09,30,6,272.6
2010,09,30,7,272.5
2010,09,1,0,272.8
2010,09,1,1,273.1
2010,09,1,2,272.7
2010,09,1,3,272.6
2010,09,1,4,272.0
2010,09,1,5,271.6
2010,09,1,6,271.4
2010,09,1,7,271.3
2010,09,2,0,271.5
2010,09,2,1,271.2
2010,09,2,2,271.3
2010,09,2,3,271.5
2010,09,2,4,270.7
2010,09,2,5,270.7
2010,09,2,6,270.9
2010,09,2,7,270.9
2010,09,3,0,270.5
2010,09,3,1,270.1
2010,09,3,2,269.8
2010,09,3,3,269.5
2010,09,3,4,269.4
2010,09,3,5,269.7
2010,09,3,6,269.3
2010,09,3,7,268.6
2010,09,4,0,268.6
2010,09,4,1,268.1
2010,09,4,2,267.8
2010,09,4,3,267.7
2010,09,4,4,267.3
2010,09,4,5,267.9
2010,09,4,6,266.1
2010,09,4,7,263.8
2010,09,5,0,263.8
2010,09,5,1,264.1
2010,09,5,2,263.7
2010,09,5,3,263.9
2010,09,5,4,262.9
2010,09,5,5,262.0
2010,09,5,6,261.8
2010,09,5,7,261.1
2010,09,6,0,261.4
2010,09,6,1,261.6
2010,09,6,2,261.0
2010,09,6,3,261.1
2010,09,6,4,262.8
2010,09,6,5,262.7
2010,09,6,6,262.5
2010,09,6,7,261.5
2010,09,7,0,262.1
2010,09,7,1,261.9
2010,09,7,2,262.7
2010,09,7,3,262.6
2010,09,7,4,262.1
2010,09,7,5,261.6
2010,09,7,6,262.8
2010,09,7,7,263.4
2010,09,8,0,264.9
2010,09,8,1,266.7
2010,09,8,2,269.2
2010,09,8,3,270.7
2010,09,8,4,270.0
2010,09,8,5,270.5
2010,09,8,6,270.4
2010,09,8,7,270.6
2010,09,9,0,269.5
2010,09,9,1,269.6
2010,09,9,2,270.6
2010,09,9,3,270.1
2010,09,9,4,270.2
2010,09,9,5,270.3
2010,09,9,6,271.4
2010,09,9,7,272.2
2010,09,10,0,272.0
2010,09,10,1,272.0
2010,09,10,2,271.9
2010,09,10,3,272.1
2010,09,10,4,272.4
2010,09,10,5,271.9
2010,09,10,6,272.1
2010,09,10,7,271.8
2010,09,11,0,270.5
2010,09,11,1,271.8
2010,09,11,2,271.8
2010,09,11,3,271.1
2010,09,11,4,270.3
2010,09,11,5,270.2
2010,09,11,6,270.0
2010,09,11,7,268.7
2010,09,12,0,269.0
2010,09,12,1,268.7
2010,09,12,2,268.2
2010,09,12,3,268.6
2010,09,12,4,268.9
2010,09,12,5,269.4
2010,09,12,6,270.1
2010,09,12,7,271.4
2010,09,13,0,271.2
2010,09,13,1,271.5
2010,09,13,2,271.8
2010,09,13,3,272.1
2010,09,13,4,272.4
2010,09,13,5,272.3
2010,09,13,6,272.4
2010,09,13,7,272.4
2010,09,14,0,272.4
2010,09,14,1,272.3
2010,09,14,2,271.7
2010,09,14,3,272.4
2010,09,14,4,272.1
2010,09,14,5,271.3
2010,09,14,6,270.6
2010,09,14,7,268.6
2010,09,15,0,268.7
2010,09,15,1,268.6
2010,09,15,2,268.5
2010,09,15,3,268.5
2010,09,15,4,268.4
2010,09,15,5,268.6
2010,09,15,6,269.2
2010,09,15,7,267.3
2010,09,16,0,267.9
2010,09,16,1,267.8
2010,09,16,2,267.6
2010,09,16,3,267.6
2010,09,16,4,267.8
2010,09,16,5,267.3
2010,09,16,6,266.4
2010,09,16,7,266.9
2010,09,17,0,266.6
2010,09,17,1,266.4
2010,09,17,2,266.2
2010,09,17,3,266.0
2010,09,17,4,266.0
2010,09,17,5,266.2
2010,09,17,6,265.9
2010,09,17,7,266.2
2010,09,18,0,266.1
2010,09,18,1,265.5
2010,09,18,2,265.2
2010,09,18,3,265.5
2010,09,18,4,265.3
2010,09,18,5,265.6
2010,09,18,6,265.4
2010,09,18,7,265.3
2010,09,19,0,265.9
2010,09,19,1,265.9
2010,09,19,2,266.7
2010,09,19,3,267.2
2010,09,19,4,266.6
2010,09,19,5,266.5
2010,09,19,6,266.4
2010,09,19,7,266.9
2010,09,20,0,267.3
2010,09,20,1,267.3
2010,09,20,2,267.7
2010,09,20,3,268.2
2010,09,20,4,267.8
2010,09,20,5,266.5
2010,09,20,6,266.9
2010,09,20,7,266.8
2010,09,21,0,266.6
2010,09,21,1,266.2
2010,09,21,2,265.4
2010,09,21,3,266.4
2010,09,21,4,265.8
2010,09,21,5,265.0
2010,09,21,6,265.5
2010,09,21,7,265.6
2010,09,22,0,266.1
2010,09,22,1,266.2
2010,09,22,2,265.9
2010,09,22,3,265.3
2010,09,22,4,264.7
2010,09,22,5,264.4
2010,09,22,6,264.7
2010,09,22,7,263.8
2010,09,23,0,264.2
2010,09,23,1,264.4
2010,09,23,2,263.8
2010,09,23,3,266.1
2010,09,23,4,266.9
2010,09,23,5,265.4
2010,09,23,6,265.9
2010,09,23,7,266.5
2010,09,24,0,266.3
2010,09,24,1,267.3
2010,09,24,2,268.1
2010,09,24,3,271.9
2010,09,24,4,273.0
2010,09,24,5,273.9
2010,09,24,6,274.4
2010,09,24,7,275.3
2010,09,25,0,274.8
2010,09,25,1,274.1
2010,09,25,2,272.2
2010,09,25,3,272.7
2010,09,25,4,270.3
2010,09,25,5,268.6
2010,09,25,6,268.5
2010,09,25,7,267.9
2010,09,26,0,267.2
2010,09,26,1,267.4
2010,09,26,2,266.8
2010,09,26,3,264.8
2010,09,26,4,263.9
2010,09,26,5,265.1
2010,09,26,6,264.5
2010,09,26,7,262.6
2010,09,27,0,264.0
2010,09,27,1,266.3
2010,09,27,2,266.6
2010,09,27,3,265.9
2010,09,27,4,265.8
2010,09,27,5,267.0
2010,09,27,6,267.5
2010,09,27,7,268.0
2010,09,28,0,268.8
2010,09,28,1,269.8
2010,09,28,2,269.1
2010,09,28,3,269.5
2010,09,28,4,270.1
2010,09,28,5,270.2
2010,09,28,6,270.0
2010,09,28,7,270.2
2010,09,29,0,269.8
2010,09,29,1,269.8
2010,09,29,2,270.1
2010,09,29,3,269.8
2010,09,29,4,269.7
2010,09,29,5,269.3
2010,09,29,6,268.3
2010,09,29,7,267.3
2010,09,30,0,266.0
2010,09,30,1,265.8
2010,09,30,2,264.7
2010,09,30,3,262.3
2010,09,30,4,260.7
2010,09,30,5,260.1
2010,09,30,6,261.2
2010,09,30,7,265.5
2010,09,31,0,266.5
2010,09,31,1,266.3
2010,09,31,2,264.4
2010,09,31,3,265.4
2010,09,31,4,265.6
2010,09,31,5,265.2
2010,09,31,6,265.7
2010,09,31,7,267.8
2010,09,1,0,268.3
2010,09,1,1,270.4
2010,09,1,2,272.6
2010,09,1,3,273.3
2010,09,1,4,272.9
2010,09,1,5,273.2
2010,09,1,6,274.3
2010,09,1,7,274.3
2010,09,2,0,275.1
2010,09,2,1,275.6
2010,09,2,2,275.6
2010,09,2,3,275.3
2010,09,2,4,275.2
2010,09,2,5,275.2
2010,09,2,6,275.3
2010,09,2,7,275.3
2010,09,3,0,275.8
2010,09,3,1,276.2
2010,09,3,2,275.9
2010,09,3,3,275.4
2010,09,3,4,274.4
2010,09,3,5,273.7
2010,09,3,6,273.7
2010,09,3,7,273.9
2010,09,4,0,273.9
2010,09,4,1,274.4
2010,09,4,2,274.3
2010,09,4,3,274.3
2010,09,4,4,273.9
2010,09,4,5,273.8
2010,09,4,6,273.8
2010,09,4,7,273.9
2010,09,5,0,273.0
2010,09,5,1,272.9
2010,09,5,2,272.9
2010,09,5,3,273.0
2010,09,5,4,273.0
2010,09,5,5,272.6
2010,09,5,6,272.4
2010,09,5,7,271.6
2010,09,6,0,271.7
2010,09,6,1,271.0
2010,09,6,2,270.8
2010,09,6,3,269.6
2010,09,6,4,267.5
2010,09,6,5,266.4
2010,09,6,6,266.3
2010,09,6,7,264.6
2010,09,7,0,263.9
2010,09,7,1,264.5
2010,09,7,2,266.0
2010,09,7,3,269.7
2010,09,7,4,269.5
2010,09,7,5,269.9
2010,09,7,6,269.5
2010,09,7,7,268.4
2010,09,8,0,268.0
2010,09,8,1,267.6
2010,09,8,2,264.5
2010,09,8,3,260.8
2010,09,8,4,258.4
2010,09,8,5,257.5
2010,09,8,6,257.2
2010,09,8,7,256.7
2010,09,9,0,257.1
2010,09,9,1,258.6
2010,09,9,2,262.3
2010,09,9,3,263.9
2010,09,9,4,262.8
2010,09,9,5,263.0
2010,09,9,6,264.9
2010,09,9,7,264.6
2010,09,10,0,264.4
2010,09,10,1,264.1
2010,09,10,2,264.4
2010,09,10,3,264.1
2010,09,10,4,261.8
2010,09,10,5,259.5
2010,09,10,6,258.1
2010,09,10,7,256.7
2010,09,11,0,255.9
2010,09,11,1,255.0
2010,09,11,2,255.8
2010,09,11,3,255.8
2010,09,11,4,256.8
2010,09,11,5,261.3
2010,09,11,6,263.0
2010,09,11,7,263.8
2010,09,12,0,267.3
2010,09,12,1,266.5
2010,09,12,2,266.1
2010,09,12,3,265.5
2010,09,12,4,264.5
2010,09,12,5,264.1
2010,09,12,6,264.9
2010,09,12,7,266.1
2010,09,13,0,266.7
2010,09,13,1,266.6
2010,09,13,2,266.7
2010,09,13,3,267.1
2010,09,13,4,269.6
2010,09,13,5,268.0
2010,09,13,6,267.5
2010,09,13,7,267.5
2010,09,14,0,266.9
2010,09,14,1,267.4
2010,09,14,2,269.1
2010,09,14,3,269.5
2010,09,14,4,268.2
2010,09,14,5,268.4
2010,09,14,6,269.4
2010,09,14,7,270.1
2010,09,15,0,270.1
2010,09,15,1,270.3
2010,09,15,2,271.9
2010,09,15,3,271.8
2010,09,15,4,271.2
2010,09,15,5,270.9
2010,09,15,6,271.1
2010,09,15,7,270.7
2010,09,16,0,269.1
2010,09,16,1,268.1
2010,09,16,2,267.6
2010,09,16,3,268.2
2010,09,16,4,268.5
2010,09,16,5,267.9
2010,09,16,6,268.0
2010,09,16,7,267.8
2010,09,17,0,267.6
2010,09,17,1,267.1
2010,09,17,2,267.3
2010,09,17,3,267.7
2010,09,17,4,267.6
2010,09,17,5,267.0
2010,09,17,6,267.4
2010,09,17,7,267.8
2010,09,18,0,267.8
2010,09,18,1,268.9
2010,09,18,2,269.5
2010,09,18,3,269.7
2010,09,18,4,269.8
2010,09,18,5,270.0
2010,09,18,6,269.9
2010,09,18,7,269.5
2010,09,19,0,269.0
2010,09,19,1,268.5
2010,09,19,2,268.4
2010,09,19,3,268.2
2010,09,19,4,267.3
2010,09,19,5,266.3
2010,09,19,6,266.3
2010,09,19,7,266.2
2010,09,20,0,267.0
2010,09,20,1,265.6
2010,09,20,2,264.8
2010,09,20,3,263.8
2010,09,20,4,261.9
2010,09,20,5,260.1
2010,09,20,6,258.7
2010,09,20,7,258.0
2010,09,21,0,258.6
2010,09,21,1,258.6
2010,09,21,2,257.6
2010,09,21,3,256.5
2010,09,21,4,252.9
2010,09,21,5,251.0
2010,09,21,6,250.6
2010,09,21,7,251.2
2010,09,22,0,253.0
2010,09,22,1,255.2
2010,09,22,2,255.7
2010,09,22,3,255.2
2010,09,22,4,255.1
2010,09,22,5,259.9
2010,09,22,6,262.3
2010,09,22,7,262.2
2010,09,23,0,259.5
2010,09,23,1,259.1
2010,09,23,2,259.5
2010,09,23,3,260.2
2010,09,23,4,260.6
2010,09,23,5,260.5
2010,09,23,6,259.5
2010,09,23,7,257.2
2010,09,24,0,254.6
2010,09,24,1,256.5
2010,09,24,2,257.1
2010,09,24,3,256.7
2010,09,24,4,255.9
2010,09,24,5,255.2
2010,09,24,6,255.0
2010,09,24,7,255.0
2010,09,25,0,256.1
2010,09,25,1,257.5
2010,09,25,2,259.5
2010,09,25,3,262.1
2010,09,25,4,264.0
2010,09,25,5,265.1
2010,09,25,6,266.2
2010,09,25,7,266.7
2010,09,26,0,267.9
2010,09,26,1,266.9
2010,09,26,2,267.4
2010,09,26,3,267.9
2010,09,26,4,266.8
2010,09,26,5,266.0
2010,09,26,6,265.6
2010,09,26,7,265.2
2010,09,27,0,264.6
2010,09,27,1,264.5
2010,09,27,2,264.8
2010,09,27,3,264.7
2010,09,27,4,264.5
2010,09,27,5,263.0
2010,09,27,6,262.3
2010,09,27,7,260.9
2010,09,28,0,256.5
2010,09,28,1,254.4
2010,09,28,2,251.3
2010,09,28,3,250.6
2010,09,28,4,249.5
2010,09,28,5,248.4
2010,09,28,6,248.9
2010,09,28,7,251.1
2010,09,29,0,252.7
2010,09,29,1,253.4
2010,09,29,2,253.5
2010,09,29,3,255.0
2010,09,29,4,259.5
2010,09,29,5,261.6
2010,09,29,6,262.6
2010,09,29,7,263.6
2010,09,30,0,264.2
2010,09,30,1,265.5
2010,09,30,2,265.3
2010,09,30,3,265.2
2010,09,30,4,264.9
2010,09,30,5,265.0
2010,09,30,6,265.4
2010,09,30,7,265.5
2010,09,1,0,265.2
2010,09,1,1,265.4
2010,09,1,2,265.4
2010,09,1,3,265.7
2010,09,1,4,266.0
2010,09,1,5,266.3
2010,09,1,6,266.4
2010,09,1,7,266.4
2010,09,2,0,266.1
2010,09,2,1,266.1
2010,09,2,2,266.4
2010,09,2,3,266.8
2010,09,2,4,267.3
2010,09,2,5,267.8
2010,09,2,6,268.7
2010,09,2,7,268.8
2010,09,3,0,269.3
2010,09,3,1,268.7
2010,09,3,2,268.4
2010,09,3,3,267.9
2010,09,3,4,267.0
2010,09,3,5,267.1
2010,09,3,6,266.7
2010,09,3,7,266.5
2010,09,4,0,266.4
2010,09,4,1,267.0
2010,09,4,2,266.6
2010,09,4,3,266.4
2010,09,4,4,266.5
2010,09,4,5,266.3
2010,09,4,6,265.7
2010,09,4,7,265.5
2010,09,5,0,265.0
2010,09,5,1,264.5
2010,09,5,2,263.8
2010,09,5,3,264.1
2010,09,5,4,264.0
2010,09,5,5,264.8
2010,09,5,6,265.3
2010,09,5,7,264.8
2010,09,6,0,263.8
2010,09,6,1,264.7
2010,09,6,2,263.3
2010,09,6,3,261.7
2010,09,6,4,263.3
2010,09,6,5,266.1
2010,09,6,6,267.1
2010,09,6,7,266.7
2010,09,7,0,267.3
2010,09,7,1,267.7
2010,09,7,2,267.4
2010,09,7,3,267.8
2010,09,7,4,268.5
2010,09,7,5,269.7
2010,09,7,6,270.3
2010,09,7,7,270.4
2010,09,8,0,270.7
2010,09,8,1,271.1
2010,09,8,2,271.5
2010,09,8,3,272.0
2010,09,8,4,272.2
2010,09,8,5,271.9
2010,09,8,6,271.3
2010,09,8,7,270.4
2010,09,9,0,270.3
2010,09,9,1,269.8
2010,09,9,2,270.0
2010,09,9,3,269.7
2010,09,9,4,269.5
2010,09,9,5,269.2
2010,09,9,6,269.3
2010,09,9,7,268.5
2010,09,10,0,267.6
2010,09,10,1,267.3
2010,09,10,2,267.9
2010,09,10,3,268.7
2010,09,10,4,269.7
2010,09,10,5,269.7
2010,09,10,6,269.2
2010,09,10,7,268.6
2010,09,11,0,269.3
2010,09,11,1,269.1
2010,09,11,2,270.0
2010,09,11,3,270.6
2010,09,11,4,270.8
2010,09,11,5,271.2
2010,09,11,6,271.9
2010,09,11,7,272.7
2010,09,12,0,273.6
2010,09,12,1,273.9
2010,09,12,2,274.4
2010,09,12,3,274.9
2010,09,12,4,274.0
2010,09,12,5,273.3
2010,09,12,6,273.2
2010,09,12,7,273.0
2010,09,13,0,272.8
2010,09,13,1,272.7
2010,09,13,2,272.4
2010,09,13,3,272.3
2010,09,13,4,272.1
2010,09,13,5,271.6
2010,09,13,6,271.3
2010,09,13,7,270.9
2010,09,14,0,270.8
2010,09,14,1,270.7
2010,09,14,2,269.9
2010,09,14,3,270.1
2010,09,14,4,270.5
2010,09,14,5,270.5
2010,09,14,6,271.3
2010,09,14,7,270.1
2010,09,15,0,268.3
2010,09,15,1,267.5
2010,09,15,2,267.5
2010,09,15,3,266.2
2010,09,15,4,264.7
2010,09,15,5,264.2
2010,09,15,6,264.2
2010,09,15,7,263.4
2010,09,16,0,262.3
2010,09,16,1,262.5
2010,09,16,2,262.1
2010,09,16,3,261.7
2010,09,16,4,261.5
2010,09,16,5,261.3
2010,09,16,6,260.6
2010,09,16,7,260.8
2010,09,17,0,260.9
2010,09,17,1,261.5
2010,09,17,2,262.2
2010,09,17,3,262.4
2010,09,17,4,263.4
2010,09,17,5,264.1
2010,09,17,6,263.8
2010,09,17,7,264.6
2010,09,18,0,266.7
2010,09,18,1,266.8
2010,09,18,2,268.1
2010,09,18,3,268.6
2010,09,18,4,268.7
2010,09,18,5,267.6
2010,09,18,6,267.4
2010,09,18,7,266.0
2010,09,19,0,265.8
2010,09,19,1,264.8
2010,09,19,2,265.8
2010,09,19,3,266.3
2010,09,19,4,265.9
2010,09,19,5,268.2
2010,09,19,6,268.8
2010,09,19,7,267.2
2010,09,20,0,266.4
2010,09,20,1,264.5
2010,09,20,2,261.9
2010,09,20,3,263.4
2010,09,20,4,262.4
2010,09,20,5,261.3
2010,09,20,6,261.1
2010,09,20,7,260.5
2010,09,21,0,260.2
2010,09,21,1,259.6
2010,09,21,2,259.8
2010,09,21,3,259.8
2010,09,21,4,259.7
2010,09,21,5,260.3
2010,09,21,6,260.9
2010,09,21,7,261.2
2010,09,22,0,259.9
2010,09,22,1,259.7
2010,09,22,2,259.9
2010,09,22,3,261.0
2010,09,22,4,262.6
2010,09,22,5,262.3
2010,09,22,6,262.3
2010,09,22,7,262.1
2010,09,23,0,262.1
2010,09,23,1,262.2
2010,09,23,2,262.4
2010,09,23,3,263.1
2010,09,23,4,264.2
2010,09,23,5,265.1
2010,09,23,6,265.2
2010,09,23,7,265.1
2010,09,24,0,265.6
2010,09,24,1,265.9
2010,09,24,2,266.8
2010,09,24,3,267.3
2010,09,24,4,267.1
2010,09,24,5,267.2
2010,09,24,6,268.6
2010,09,24,7,269.4
2010,09,25,0,269.9
2010,09,25,1,270.3
2010,09,25,2,270.7
2010,09,25,3,270.8
2010,09,25,4,271.1
2010,09,25,5,270.6
2010,09,25,6,270.4
2010,09,25,7,269.6
2010,09,26,0,268.7
2010,09,26,1,265.2
2010,09,26,2,260.0
2010,09,26,3,259.1
2010,09,26,4,258.3
2010,09,26,5,261.5
2010,09,26,6,262.9
2010,09,26,7,263.7
2010,09,27,0,263.3
2010,09,27,1,263.0
2010,09,27,2,262.9
2010,09,27,3,262.3
2010,09,27,4,262.5
2010,09,27,5,262.8
2010,09,27,6,262.8
2010,09,27,7,263.7
2010,09,28,0,264.8
2010,09,28,1,264.8
2010,09,28,2,264.5
2010,09,28,3,264.0
2010,09,28,4,264.8
2010,09,28,5,265.1
2010,09,28,6,265.1
2010,09,28,7,265.7
2010,09,29,0,267.4
2010,09,29,1,268.5
2010,09,29,2,269.8
2010,09,29,3,268.1
2010,09,29,4,265.0
2010,09,29,5,262.9
2010,09,29,6,261.1
2010,09,29,7,259.6
2010,09,30,0,254.1
2010,09,30,1,250.8
2010,09,30,2,248.0
2010,09,30,3,247.1
2010,09,30,4,247.1
2010,09,30,5,247.4
2010,09,30,6,250.7
2010,09,30,7,252.6
2010,09,31,0,254.1
2010,09,31,1,254.2
2010,09,31,2,253.8
2010,09,31,3,253.8
2010,09,31,4,254.7
2010,09,31,5,256.0
2010,09,31,6,257.7
2010,09,31,7,259.2
2011,09,1,0,259.5
2011,09,1,1,259.3
2011,09,1,2,259.2
2011,09,1,3,259.4
2011,09,1,4,259.1
2011,09,1,5,258.5
2011,09,1,6,258.8
2011,09,1,7,259.5
2011,09,2,0,259.7
2011,09,2,1,260.0
2011,09,2,2,260.6
2011,09,2,3,260.0
2011,09,2,4,260.0
2011,09,2,5,259.4
2011,09,2,6,259.2
2011,09,2,7,259.0
2011,09,3,0,258.7
2011,09,3,1,258.1
2011,09,3,2,257.1
2011,09,3,3,256.5
2011,09,3,4,256.4
2011,09,3,5,256.5
2011,09,3,6,257.0
2011,09,3,7,257.6
2011,09,4,0,258.3
2011,09,4,1,259.5
2011,09,4,2,259.9
2011,09,4,3,260.2
2011,09,4,4,260.3
2011,09,4,5,261.5
2011,09,4,6,262.2
2011,09,4,7,262.4
2011,09,5,0,262.4
2011,09,5,1,262.7
2011,09,5,2,263.6
2011,09,5,3,263.7
2011,09,5,4,264.5
2011,09,5,5,264.2
2011,09,5,6,264.2
2011,09,5,7,264.8
2011,09,6,0,265.5
2011,09,6,1,265.6
2011,09,6,2,265.5
2011,09,6,3,266.0
2011,09,6,4,266.2
2011,09,6,5,265.6
2011,09,6,6,265.3
2011,09,6,7,265.2
2011,09,7,0,265.2
2011,09,7,1,264.9
2011,09,7,2,264.2
2011,09,7,3,264.1
2011,09,7,4,263.3
2011,09,7,5,262.6
2011,09,7,6,263.4
2011,09,7,7,263.8
2011,09,8,0,264.6
2011,09,8,1,265.2
2011,09,8,2,265.1
2011,09,8,3,265.3
2011,09,8,4,266.4
2011,09,8,5,266.6
2011,09,8,6,266.2
2011,09,8,7,265.2
2011,09,9,0,264.4
2011,09,9,1,263.2
2011,09,9,2,263.2
2011,09,9,3,263.3
2011,09,9,4,262.9
2011,09,9,5,263.0
2011,09,9,6,262.7
2011,09,9,7,262.3
2011,09,10,0,262.6
2011,09,10,1,262.3
2011,09,10,2,262.4
2011,09,10,3,262.6
2011,09,10,4,262.6
2011,09,10,5,262.8
2011,09,10,6,262.9
2011,09,10,7,263.0
2011,09,11,0,263.4
2011,09,11,1,263.9
2011,09,11,2,264.4
2011,09,11,3,264.2
2011,09,11,4,263.1
2011,09,11,5,262.9
2011,09,11,6,263.6
2011,09,11,7,264.2
2011,09,12,0,264.3
2011,09,12,1,264.4
2011,09,12,2,264.1
2011,09,12,3,263.8
2011,09,12,4,264.5
2011,09,12,5,266.1
2011,09,12,6,268.1
2011,09,12,7,269.1
2011,09,13,0,269.5
2011,09,13,1,269.7
2011,09,13,2,269.9
2011,09,13,3,269.8
2011,09,13,4,269.7
2011,09,13,5,269.4
2011,09,13,6,268.8
2011,09,13,7,268.4
2011,09,14,0,267.6
2011,09,14,1,268.4
2011,09,14,2,270.0
2011,09,14,3,271.3
2011,09,14,4,271.8
2011,09,14,5,271.5
2011,09,14,6,271.2
2011,09,14,7,270.6
2011,09,15,0,270.6
2011,09,15,1,270.5
2011,09,15,2,270.5
2011,09,15,3,269.9
2011,09,15,4,269.0
2011,09,15,5,268.6
2011,09,15,6,270.1
2011,09,15,7,270.2
2011,09,16,0,269.5
2011,09,16,1,270.1
2011,09,16,2,271.1
2011,09,16,3,270.7
2011,09,16,4,271.6
2011,09,16,5,272.3
2011,09,16,6,272.5
2011,09,16,7,272.6
2011,09,17,0,271.9
2011,09,17,1,271.9
2011,09,17,2,272.2
2011,09,17,3,271.9
2011,09,17,4,272.1
2011,09,17,5,272.2
2011,09,17,6,272.3
2011,09,17,7,272.8
2011,09,18,0,273.2
2011,09,18,1,274.7
2011,09,18,2,273.6
2011,09,18,3,272.0
2011,09,18,4,271.1
2011,09,18,5,270.3
2011,09,18,6,269.9
2011,09,18,7,269.2
2011,09,19,0,268.4
2011,09,19,1,268.2
2011,09,19,2,267.8
2011,09,19,3,267.6
2011,09,19,4,268.2
2011,09,19,5,267.5
2011,09,19,6,269.8
2011,09,19,7,269.2
2011,09,20,0,269.8
2011,09,20,1,269.4
2011,09,20,2,267.6
2011,09,20,3,268.6
2011,09,20,4,268.7
2011,09,20,5,268.7
2011,09,20,6,269.5
2011,09,20,7,270.0
2011,09,21,0,270.9
2011,09,21,1,271.1
2011,09,21,2,270.6
2011,09,21,3,269.9
2011,09,21,4,270.3
2011,09,21,5,270.1
2011,09,21,6,269.8
2011,09,21,7,269.3
2011,09,22,0,269.1
2011,09,22,1,268.5
2011,09,22,2,268.2
2011,09,22,3,267.7
2011,09,22,4,266.5
2011,09,22,5,265.2
2011,09,22,6,264.6
2011,09,22,7,265.2
2011,09,23,0,266.2
2011,09,23,1,265.0
2011,09,23,2,265.3
2011,09,23,3,265.9
2011,09,23,4,266.8
2011,09,23,5,267.3
2011,09,23,6,267.5
2011,09,23,7,267.5
2011,09,24,0,267.0
2011,09,24,1,266.1
2011,09,24,2,266.1
2011,09,24,3,266.6
2011,09,24,4,266.9
2011,09,24,5,269.2
2011,09,24,6,267.6
2011,09,24,7,267.4
2011,09,25,0,267.3
2011,09,25,1,266.7
2011,09,25,2,266.4
2011,09,25,3,266.6
2011,09,25,4,266.5
2011,09,25,5,266.0
2011,09,25,6,265.9
2011,09,25,7,266.7
2011,09,26,0,266.7
2011,09,26,1,266.0
2011,09,26,2,266.4
2011,09,26,3,266.5
2011,09,26,4,266.4
2011,09,26,5,266.8
2011,09,26,6,265.7
2011,09,26,7,265.2
2011,09,27,0,267.4
2011,09,27,1,267.9
2011,09,27,2,267.8
2011,09,27,3,268.4
2011,09,27,4,268.6
2011,09,27,5,267.9
2011,09,27,6,267.4
2011,09,27,7,267.1
2011,09,28,0,267.0
2011,09,28,1,267.0
2011,09,28,2,267.0
2011,09,28,3,267.4
2011,09,28,4,267.7
2011,09,28,5,267.6
2011,09,28,6,267.6
2011,09,28,7,267.7
2011,09,29,0,267.7
2011,09,29,1,267.8
2011,09,29,2,267.1
2011,09,29,3,266.8
2011,09,29,4,266.2
2011,09,29,5,265.9
2011,09,29,6,266.2
2011,09,29,7,266.3
2011,09,30,0,265.6
2011,09,30,1,264.6
2011,09,30,2,263.3
2011,09,30,3,261.7
2011,09,30,4,260.4
2011,09,30,5,258.2
2011,09,30,6,256.7
2011,09,30,7,256.8
2011,09,31,0,256.4
2011,09,31,1,256.3
2011,09,31,2,257.7
2011,09,31,3,259.0
2011,09,31,4,259.7
2011,09,31,5,260.4
2011,09,31,6,261.3
2011,09,31,7,261.8
2011,09,1,0,262.5
2011,09,1,1,262.5
2011,09,1,2,262.9
2011,09,1,3,262.7
2011,09,1,4,261.7
2011,09,1,5,261.0
2011,09,1,6,260.0
2011,09,1,7,258.4
2011,09,2,0,258.1
2011,09,2,1,260.3
2011,09,2,2,259.1
2011,09,2,3,258.9
2011,09,2,4,259.7
2011,09,2,5,260.7
2011,09,2,6,263.3
2011,09,2,7,263.8
2011,09,3,0,263.1
2011,09,3,1,264.2
2011,09,3,2,264.3
2011,09,3,3,264.2
2011,09,3,4,264.4
2011,09,3,5,264.2
2011,09,3,6,264.4
2011,09,3,7,265.2
2011,09,4,0,265.5
2011,09,4,1,265.3
2011,09,4,2,264.8
2011,09,4,3,265.3
2011,09,4,4,266.3
2011,09,4,5,267.3
2011,09,4,6,266.7
2011,09,4,7,266.4
2011,09,5,0,266.5
2011,09,5,1,266.2
2011,09,5,2,266.6
2011,09,5,3,268.0
2011,09,5,4,268.0
2011,09,5,5,267.7
2011,09,5,6,267.4
2011,09,5,7,267.8
2011,09,6,0,267.0
2011,09,6,1,266.7
2011,09,6,2,267.4
2011,09,6,3,267.4
2011,09,6,4,268.1
2011,09,6,5,267.1
2011,09,6,6,267.3
2011,09,6,7,268.3
2011,09,7,0,267.8
2011,09,7,1,267.4
2011,09,7,2,267.5
2011,09,7,3,267.0
2011,09,7,4,266.2
2011,09,7,5,266.3
2011,09,7,6,266.1
2011,09,7,7,266.1
2011,09,8,0,265.8
2011,09,8,1,265.8
2011,09,8,2,264.4
2011,09,8,3,265.0
2011,09,8,4,260.9
2011,09,8,5,259.0
2011,09,8,6,258.2
2011,09,8,7,258.7
2011,09,9,0,259.2
2011,09,9,1,259.6
2011,09,9,2,262.9
2011,09,9,3,268.0
2011,09,9,4,270.0
2011,09,9,5,267.9
2011,09,9,6,266.5
2011,09,9,7,266.1
2011,09,10,0,266.5
2011,09,10,1,265.7
2011,09,10,2,264.4
2011,09,10,3,264.1
2011,09,10,4,263.9
2011,09,10,5,263.4
2011,09,10,6,263.1
2011,09,10,7,263.4
2011,09,11,0,263.2
2011,09,11,1,262.9
2011,09,11,2,262.8
2011,09,11,3,263.0
2011,09,11,4,263.7
2011,09,11,5,264.9
2011,09,11,6,265.2
2011,09,11,7,265.7
2011,09,12,0,266.6
2011,09,12,1,267.2
2011,09,12,2,269.5
2011,09,12,3,268.3
2011,09,12,4,269.0
2011,09,12,5,269.5
2011,09,12,6,270.8
2011,09,12,7,271.6
2011,09,13,0,271.7
2011,09,13,1,271.8
2011,09,13,2,270.8
2011,09,13,3,270.4
2011,09,13,4,269.8
2011,09,13,5,269.3
2011,09,13,6,269.1
2011,09,13,7,268.5
2011,09,14,0,267.9
2011,09,14,1,268.0
2011,09,14,2,267.7
2011,09,14,3,268.0
2011,09,14,4,267.1
2011,09,14,5,266.9
2011,09,14,6,265.5
2011,09,14,7,266.4
2011,09,15,0,266.9
2011,09,15,1,266.9
2011,09,15,2,266.9
2011,09,15,3,267.0
2011,09,15,4,266.8
2011,09,15,5,266.4
2011,09,15,6,266.7
2011,09,15,7,265.9
2011,09,16,0,265.0
2011,09,16,1,264.6
2011,09,16,2,263.7
2011,09,16,3,262.8
2011,09,16,4,261.6
2011,09,16,5,261.2
2011,09,16,6,258.9
2011,09,16,7,255.2
2011,09,17,0,253.9
2011,09,17,1,256.7
2011,09,17,2,256.2
2011,09,17,3,256.0
2011,09,17,4,255.6
2011,09,17,5,254.9
2011,09,17,6,254.7
2011,09,17,7,255.6
2011,09,18,0,256.0
2011,09,18,1,256.3
2011,09,18,2,257.2
2011,09,18,3,257.9
2011,09,18,4,257.8
2011,09,18,5,258.2
2011,09,18,6,258.8
2011,09,18,7,259.4
2011,09,19,0,259.8
2011,09,19,1,259.8
2011,09,19,2,260.8
2011,09,19,3,259.0
2011,09,19,4,255.2
2011,09,19,5,253.4
2011,09,19,6,254.1
2011,09,19,7,253.6
2011,09,20,0,252.8
2011,09,20,1,252.1
2011,09,20,2,251.7
2011,09,20,3,251.9
2011,09,20,4,252.1
2011,09,20,5,251.8
2011,09,20,6,252.4
2011,09,20,7,254.2
2011,09,21,0,255.7
2011,09,21,1,255.8
2011,09,21,2,258.3
2011,09,21,3,260.0
2011,09,21,4,258.3
2011,09,21,5,258.1
2011,09,21,6,259.0
2011,09,21,7,259.5
2011,09,22,0,258.3
2011,09,22,1,258.0
2011,09,22,2,258.3
2011,09,22,3,258.0
2011,09,22,4,258.0
2011,09,22,5,258.0
2011,09,22,6,258.7
2011,09,22,7,260.2
2011,09,23,0,260.7
2011,09,23,1,261.0
2011,09,23,2,261.8
2011,09,23,3,261.6
2011,09,23,4,261.6
2011,09,23,5,260.6
2011,09,23,6,259.3
2011,09,23,7,258.1
2011,09,24,0,257.6
2011,09,24,1,257.2
2011,09,24,2,257.2
2011,09,24,3,258.1
2011,09,24,4,258.4
2011,09,24,5,258.9
2011,09,24,6,259.9
2011,09,24,7,261.4
2011,09,25,0,261.6
2011,09,25,1,261.5
2011,09,25,2,262.4
2011,09,25,3,262.1
2011,09,25,4,261.4
2011,09,25,5,260.4
2011,09,25,6,258.9
2011,09,25,7,258.6
2011,09,26,0,258.1
2011,09,26,1,256.7
2011,09,26,2,254.8
2011,09,26,3,252.4
2011,09,26,4,250.6
2011,09,26,5,248.5
2011,09,26,6,248.2
2011,09,26,7,248.6
2011,09,27,0,249.2
2011,09,27,1,249.6
2011,09,27,2,249.6
2011,09,27,3,251.4
2011,09,27,4,257.7
2011,09,27,5,260.7
2011,09,27,6,261.6
2011,09,27,7,262.3
2011,09,28,0,263.0
2011,09,28,1,263.9
2011,09,28,2,263.9
2011,09,28,3,263.9
2011,09,28,4,264.1
2011,09,28,5,264.5
2011,09,28,6,264.8
2011,09,28,7,265.3
2011,09,1,0,264.9
2011,09,1,1,264.9
2011,09,1,2,265.3
2011,09,1,3,265.5
2011,09,1,4,265.2
2011,09,1,5,265.3
2011,09,1,6,265.5
2011,09,1,7,265.0
2011,09,2,0,263.9
2011,09,2,1,263.6
2011,09,2,2,264.5
2011,09,2,3,265.9
2011,09,2,4,266.5
2011,09,2,5,265.9
2011,09,2,6,264.5
2011,09,2,7,263.8
2011,09,3,0,262.9
2011,09,3,1,262.0
2011,09,3,2,260.6
2011,09,3,3,258.9
2011,09,3,4,259.4
2011,09,3,5,260.0
2011,09,3,6,259.3
2011,09,3,7,258.0
2011,09,4,0,258.2
2011,09,4,1,258.6
2011,09,4,2,260.2
2011,09,4,3,260.1
2011,09,4,4,260.7
2011,09,4,5,261.1
2011,09,4,6,261.5
2011,09,4,7,261.8
2011,09,5,0,262.1
2011,09,5,1,262.3
2011,09,5,2,262.1
2011,09,5,3,262.0
2011,09,5,4,262.0
2011,09,5,5,263.2
2011,09,5,6,263.9
2011,09,5,7,263.7
2011,09,6,0,263.8
2011,09,6,1,264.5
2011,09,6,2,266.0
2011,09,6,3,266.8
2011,09,6,4,266.7
2011,09,6,5,266.8
2011,09,6,6,265.5
2011,09,6,7,263.7
2011,09,7,0,263.2
2011,09,7,1,264.1
2011,09,7,2,262.5
2011,09,7,3,260.7
2011,09,7,4,259.6
2011,09,7,5,258.1
2011,09,7,6,257.7
2011,09,7,7,259.1
2011,09,8,0,261.2
2011,09,8,1,263.0
2011,09,8,2,264.7
2011,09,8,3,263.9
2011,09,8,4,263.6
2011,09,8,5,263.7
2011,09,8,6,263.9
2011,09,8,7,263.8
2011,09,9,0,263.1
2011,09,9,1,263.1
2011,09,9,2,263.9
2011,09,9,3,264.0
2011,09,9,4,263.8
2011,09,9,5,263.3
2011,09,9,6,263.3
2011,09,9,7,263.2
2011,09,10,0,263.4
2011,09,10,1,263.5
2011,09,10,2,263.8
2011,09,10,3,264.3
2011,09,10,4,264.6
2011,09,10,5,264.9
2011,09,10,6,265.6
2011,09,10,7,265.3
2011,09,11,0,265.9
2011,09,11,1,267.1
2011,09,11,2,268.0
2011,09,11,3,267.9
2011,09,11,4,267.0
2011,09,11,5,266.0
2011,09,11,6,265.1
2011,09,11,7,264.0
2011,09,12,0,263.5
2011,09,12,1,263.5
2011,09,12,2,262.9
2011,09,12,3,262.9
2011,09,12,4,262.3
2011,09,12,5,261.7
2011,09,12,6,261.1
2011,09,12,7,261.3
2011,09,13,0,261.6
2011,09,13,1,262.9
2011,09,13,2,263.5
2011,09,13,3,263.5
2011,09,13,4,263.4
2011,09,13,5,264.2
2011,09,13,6,264.8
2011,09,13,7,264.0
2011,09,14,0,265.2
2011,09,14,1,265.5
2011,09,14,2,264.4
2011,09,14,3,264.9
2011,09,14,4,264.2
2011,09,14,5,264.7
2011,09,14,6,266.1
2011,09,14,7,266.2
2011,09,15,0,265.4
2011,09,15,1,265.0
2011,09,15,2,264.8
2011,09,15,3,264.5
2011,09,15,4,265.2
2011,09,15,5,264.6
2011,09,15,6,265.1
2011,09,15,7,265.2
2011,09,16,0,267.0
2011,09,16,1,267.9
2011,09,16,2,268.7
2011,09,16,3,269.0
2011,09,16,4,268.8
2011,09,16,5,268.1
2011,09,16,6,266.1
2011,09,16,7,262.9
2011,09,17,0,261.8
2011,09,17,1,261.1
2011,09,17,2,259.5
2011,09,17,3,257.4
2011,09,17,4,255.7
2011,09,17,5,254.9
2011,09,17,6,254.4
2011,09,17,7,254.9
2011,09,18,0,256.8
2011,09,18,1,257.9
2011,09,18,2,257.9
2011,09,18,3,258.7
2011,09,18,4,259.8
2011,09,18,5,260.0
2011,09,18,6,260.3
2011,09,18,7,259.8
2011,09,19,0,259.7
2011,09,19,1,258.7
2011,09,19,2,257.2
2011,09,19,3,254.8
2011,09,19,4,253.1
2011,09,19,5,256.8
2011,09,19,6,257.8
2011,09,19,7,255.1
2011,09,20,0,256.2
2011,09,20,1,257.7
2011,09,20,2,259.0
2011,09,20,3,260.0
2011,09,20,4,260.2
2011,09,20,5,260.8
2011,09,20,6,259.5
2011,09,20,7,259.2
2011,09,21,0,258.6
2011,09,21,1,258.3
2011,09,21,2,258.1
2011,09,21,3,256.2
2011,09,21,4,255.0
2011,09,21,5,253.6
2011,09,21,6,252.7
2011,09,21,7,252.5
2011,09,22,0,253.0
2011,09,22,1,253.4
2011,09,22,2,253.4
2011,09,22,3,253.8
2011,09,22,4,254.4
2011,09,22,5,254.0
2011,09,22,6,255.0
2011,09,22,7,256.3
2011,09,23,0,257.8
2011,09,23,1,258.8
2011,09,23,2,259.2
2011,09,23,3,259.0
2011,09,23,4,259.5
2011,09,23,5,259.4
2011,09,23,6,259.5
2011,09,23,7,259.5
2011,09,24,0,258.6
2011,09,24,1,257.5
2011,09,24,2,256.1
2011,09,24,3,255.9
2011,09,24,4,257.6
2011,09,24,5,258.7
2011,09,24,6,260.1
2011,09,24,7,260.6
2011,09,25,0,260.8
2011,09,25,1,261.2
2011,09,25,2,260.6
2011,09,25,3,257.4
2011,09,25,4,255.7
2011,09,25,5,257.3
2011,09,25,6,258.0
2011,09,25,7,258.6
2011,09,26,0,260.4
2011,09,26,1,261.4
2011,09,26,2,261.6
2011,09,26,3,261.9
2011,09,26,4,262.0
2011,09,26,5,261.2
2011,09,26,6,260.4
2011,09,26,7,262.3
2011,09,27,0,265.3
2011,09,27,1,265.8
2011,09,27,2,265.7
2011,09,27,3,265.8
2011,09,27,4,265.5
2011,09,27,5,265.4
2011,09,27,6,264.8
2011,09,27,7,265.6
2011,09,28,0,265.4
2011,09,28,1,265.6
2011,09,28,2,267.0
2011,09,28,3,268.1
2011,09,28,4,267.6
2011,09,28,5,266.4
2011,09,28,6,265.8
2011,09,28,7,265.0
2011,09,29,0,265.4
2011,09,29,1,265.1
2011,09,29,2,265.2
2011,09,29,3,265.4
2011,09,29,4,265.1
2011,09,29,5,265.3
2011,09,29,6,265.8
2011,09,29,7,266.9
2011,09,30,0,267.7
2011,09,30,1,268.6
2011,09,30,2,269.6
2011,09,30,3,271.0
2011,09,30,4,270.3
2011,09,30,5,270.5
2011,09,30,6,270.6
2011,09,30,7,270.3
2011,09,31,0,271.4
2011,09,31,1,271.9
2011,09,31,2,272.0
2011,09,31,3,271.6
2011,09,31,4,270.6
2011,09,31,5,270.7
2011,09,31,6,270.7
2011,09,31,7,270.4
2011,09,1,0,270.9
2011,09,1,1,271.4
2011,09,1,2,270.6
2011,09,1,3,270.2
2011,09,1,4,270.1
2011,09,1,5,270.0
2011,09,1,6,270.2
2011,09,1,7,270.0
2011,09,2,0,270.0
2011,09,2,1,270.3
2011,09,2,2,270.5
2011,09,2,3,270.6
2011,09,2,4,269.9
2011,09,2,5,269.6
2011,09,2,6,269.1
2011,09,2,7,267.6
2011,09,3,0,267.7
2011,09,3,1,266.3
2011,09,3,2,265.1
2011,09,3,3,265.5
2011,09,3,4,265.8
2011,09,3,5,266.8
2011,09,3,6,267.7
2011,09,3,7,267.1
2011,09,4,0,267.0
2011,09,4,1,269.7
2011,09,4,2,269.6
2011,09,4,3,270.2
2011,09,4,4,269.8
2011,09,4,5,269.3
2011,09,4,6,269.3
2011,09,4,7,269.7
2011,09,5,0,270.6
2011,09,5,1,269.8
2011,09,5,2,269.9
2011,09,5,3,269.7
2011,09,5,4,269.4
2011,09,5,5,269.0
2011,09,5,6,268.6
2011,09,5,7,268.3
2011,09,6,0,266.9
2011,09,6,1,266.3
2011,09,6,2,265.0
2011,09,6,3,263.8
2011,09,6,4,263.5
2011,09,6,5,262.4
2011,09,6,6,261.3
2011,09,6,7,261.0
2011,09,7,0,262.0
2011,09,7,1,262.3
2011,09,7,2,262.6
2011,09,7,3,262.6
2011,09,7,4,261.6
2011,09,7,5,258.8
2011,09,7,6,255.3
2011,09,7,7,252.4
2011,09,8,0,251.2
2011,09,8,1,250.4
2011,09,8,2,250.2
2011,09,8,3,249.8
2011,09,8,4,249.2
2011,09,8,5,248.9
2011,09,8,6,249.9
2011,09,8,7,250.7
2011,09,9,0,251.2
2011,09,9,1,251.2
2011,09,9,2,251.3
2011,09,9,3,251.5
2011,09,9,4,251.8
2011,09,9,5,251.4
2011,09,9,6,252.6
2011,09,9,7,253.2
2011,09,10,0,253.5
2011,09,10,1,254.5
2011,09,10,2,259.8
2011,09,10,3,261.4
2011,09,10,4,262.6
2011,09,10,5,263.9
2011,09,10,6,263.8
2011,09,10,7,264.2
2011,09,11,0,263.7
2011,09,11,1,264.2
2011,09,11,2,264.3
2011,09,11,3,264.3
2011,09,11,4,263.6
2011,09,11,5,263.3
2011,09,11,6,262.7
2011,09,11,7,261.6
2011,09,12,0,261.8
2011,09,12,1,261.8
2011,09,12,2,261.4
2011,09,12,3,260.9
2011,09,12,4,260.6
2011,09,12,5,261.4
2011,09,12,6,261.6
2011,09,12,7,261.5
2011,09,13,0,262.4
2011,09,13,1,263.1
2011,09,13,2,263.1
2011,09,13,3,262.6
2011,09,13,4,261.9
2011,09,13,5,260.3
2011,09,13,6,256.8
2011,09,13,7,254.5
2011,09,14,0,257.2
2011,09,14,1,259.3
2011,09,14,2,260.6
2011,09,14,3,261.9
2011,09,14,4,262.6
2011,09,14,5,263.0
2011,09,14,6,264.2
2011,09,14,7,264.8
2011,09,15,0,265.0
2011,09,15,1,265.8
2011,09,15,2,267.3
2011,09,15,3,268.2
2011,09,15,4,268.7
2011,09,15,5,268.3
2011,09,15,6,268.4
2011,09,15,7,268.2
2011,09,16,0,268.3
2011,09,16,1,268.2
2011,09,16,2,269.0
2011,09,16,3,269.0
2011,09,16,4,268.8
2011,09,16,5,268.4
2011,09,16,6,268.1
2011,09,16,7,267.8
2011,09,17,0,267.6
2011,09,17,1,267.9
2011,09,17,2,268.3
2011,09,17,3,271.2
2011,09,17,4,270.0
2011,09,17,5,269.8
2011,09,17,6,269.4
2011,09,17,7,268.5
2011,09,18,0,268.2
2011,09,18,1,268.9
2011,09,18,2,269.0
2011,09,18,3,269.1
2011,09,18,4,268.9
2011,09,18,5,268.5
2011,09,18,6,266.8
2011,09,18,7,265.6
2011,09,19,0,265.5
2011,09,19,1,265.1
2011,09,19,2,265.4
2011,09,19,3,266.2
2011,09,19,4,266.8
2011,09,19,5,266.5
2011,09,19,6,266.7
2011,09,19,7,266.1
2011,09,20,0,264.9
2011,09,20,1,264.8
2011,09,20,2,265.0
2011,09,20,3,265.2
2011,09,20,4,265.0
2011,09,20,5,264.5
2011,09,20,6,264.3
2011,09,20,7,264.2
2011,09,21,0,263.8
2011,09,21,1,264.5
2011,09,21,2,264.7
2011,09,21,3,264.4
2011,09,21,4,264.1
2011,09,21,5,264.5
2011,09,21,6,263.8
2011,09,21,7,263.8
2011,09,22,0,263.3
2011,09,22,1,262.3
2011,09,22,2,262.3
2011,09,22,3,264.5
2011,09,22,4,265.5
2011,09,22,5,265.2
2011,09,22,6,265.7
2011,09,22,7,266.3
2011,09,23,0,265.5
2011,09,23,1,263.9
2011,09,23,2,263.9
2011,09,23,3,265.3
2011,09,23,4,264.1
2011,09,23,5,262.8
2011,09,23,6,262.4
2011,09,23,7,262.9
2011,09,24,0,262.9
2011,09,24,1,262.1
2011,09,24,2,262.7
2011,09,24,3,263.3
2011,09,24,4,263.6
2011,09,24,5,263.3
2011,09,24,6,262.4
2011,09,24,7,262.8
2011,09,25,0,263.7
2011,09,25,1,265.4
2011,09,25,2,267.0
2011,09,25,3,266.3
2011,09,25,4,266.7
2011,09,25,5,268.0
2011,09,25,6,268.8
2011,09,25,7,268.4
2011,09,26,0,267.7
2011,09,26,1,266.4
2011,09,26,2,266.0
2011,09,26,3,266.5
2011,09,26,4,267.7
2011,09,26,5,267.8
2011,09,26,6,267.0
2011,09,26,7,267.4
2011,09,27,0,267.2
2011,09,27,1,267.1
2011,09,27,2,266.7
2011,09,27,3,266.7
2011,09,27,4,266.8
2011,09,27,5,266.0
2011,09,27,6,266.0
2011,09,27,7,264.9
2011,09,28,0,265.2
2011,09,28,1,265.3
2011,09,28,2,265.6
2011,09,28,3,265.7
2011,09,28,4,265.8
2011,09,28,5,265.8
2011,09,28,6,265.5
2011,09,28,7,265.8
2011,09,29,0,265.9
2011,09,29,1,267.4
2011,09,29,2,267.2
2011,09,29,3,266.5
2011,09,29,4,267.9
2011,09,29,5,267.2
2011,09,29,6,265.9
2011,09,29,7,264.1
2011,09,30,0,262.8
2011,09,30,1,263.8
2011,09,30,2,263.6
2011,09,30,3,261.4
2011,09,30,4,258.4
2011,09,30,5,256.5
2011,09,30,6,256.8
2011,09,30,7,257.6
2011,09,1,0,258.1
2011,09,1,1,259.0
2011,09,1,2,258.6
2011,09,1,3,259.6
2011,09,1,4,260.2
2011,09,1,5,260.5
2011,09,1,6,260.8
2011,09,1,7,263.5
2011,09,2,0,265.0
2011,09,2,1,265.2
2011,09,2,2,265.1
2011,09,2,3,265.2
2011,09,2,4,264.6
2011,09,2,5,264.4
2011,09,2,6,264.3
2011,09,2,7,263.8
2011,09,3,0,264.2
2011,09,3,1,264.7
2011,09,3,2,265.4
2011,09,3,3,265.8
2011,09,3,4,266.3
2011,09,3,5,267.6
2011,09,3,6,269.3
2011,09,3,7,268.7
2011,09,4,0,267.1
2011,09,4,1,267.8
2011,09,4,2,268.5
2011,09,4,3,267.7
2011,09,4,4,268.6
2011,09,4,5,268.1
2011,09,4,6,268.3
2011,09,4,7,268.8
2011,09,5,0,269.2
2011,09,5,1,269.6
2011,09,5,2,269.8
2011,09,5,3,270.0
2011,09,5,4,269.2
2011,09,5,5,269.0
2011,09,5,6,269.4
2011,09,5,7,269.2
2011,09,6,0,269.1
2011,09,6,1,269.7
2011,09,6,2,269.7
2011,09,6,3,269.5
2011,09,6,4,269.2
2011,09,6,5,269.2
2011,09,6,6,269.5
2011,09,6,7,269.1
2011,09,7,0,269.5
2011,09,7,1,270.0
2011,09,7,2,269.9
2011,09,7,3,269.6
2011,09,7,4,269.5
2011,09,7,5,268.8
2011,09,7,6,268.2
2011,09,7,7,268.4
2011,09,8,0,268.8
2011,09,8,1,269.1
2011,09,8,2,269.1
2011,09,8,3,268.3
2011,09,8,4,268.5
2011,09,8,5,266.7
2011,09,8,6,264.3
2011,09,8,7,261.7
2011,09,9,0,260.8
2011,09,9,1,259.9
2011,09,9,2,259.5
2011,09,9,3,257.4
2011,09,9,4,257.3
2011,09,9,5,256.7
2011,09,9,6,256.4
2011,09,9,7,257.1
2011,09,10,0,256.3
2011,09,10,1,256.8
2011,09,10,2,258.5
2011,09,10,3,260.0
2011,09,10,4,261.1
2011,09,10,5,262.6
2011,09,10,6,262.6
2011,09,10,7,263.3
2011,09,11,0,264.0
2011,09,11,1,264.1
2011,09,11,2,266.6
2011,09,11,3,266.0
2011,09,11,4,266.6
2011,09,11,5,267.1
2011,09,11,6,266.1
2011,09,11,7,267.0
2011,09,12,0,266.5
2011,09,12,1,266.9
2011,09,12,2,266.5
2011,09,12,3,266.6
2011,09,12,4,266.8
2011,09,12,5,266.7
2011,09,12,6,266.6
2011,09,12,7,267.6
2011,09,13,0,268.4
2011,09,13,1,268.3
2011,09,13,2,268.2
2011,09,13,3,268.2
2011,09,13,4,268.2
2011,09,13,5,267.8
2011,09,13,6,266.8
2011,09,13,7,267.0
2011,09,14,0,267.8
2011,09,14,1,267.7
2011,09,14,2,267.1
2011,09,14,3,266.9
2011,09,14,4,266.3
2011,09,14,5,265.8
2011,09,14,6,265.5
2011,09,14,7,266.1
2011,09,15,0,266.8
2011,09,15,1,266.8
2011,09,15,2,265.6
2011,09,15,3,263.4
2011,09,15,4,261.3
2011,09,15,5,257.6
2011,09,15,6,253.7
2011,09,15,7,254.4
2011,09,16,0,255.1
2011,09,16,1,257.3
2011,09,16,2,260.6
2011,09,16,3,261.9
2011,09,16,4,260.4
2011,09,16,5,260.3
2011,09,16,6,260.9
2011,09,16,7,259.9
2011,09,17,0,260.2
2011,09,17,1,260.2
2011,09,17,2,260.0
2011,09,17,3,260.4
2011,09,17,4,262.7
2011,09,17,5,263.9
2011,09,17,6,263.1
2011,09,17,7,262.2
2011,09,18,0,261.5
2011,09,18,1,260.5
2011,09,18,2,258.7
2011,09,18,3,257.3
2011,09,18,4,257.1
2011,09,18,5,256.5
2011,09,18,6,256.8
2011,09,18,7,256.8
2011,09,19,0,257.4
2011,09,19,1,257.4
2011,09,19,2,257.5
2011,09,19,3,257.9
2011,09,19,4,258.9
2011,09,19,5,261.4
2011,09,19,6,262.2
2011,09,19,7,263.7
2011,09,20,0,263.4
2011,09,20,1,262.6
2011,09,20,2,263.2
2011,09,20,3,264.2
2011,09,20,4,267.7
2011,09,20,5,269.4
2011,09,20,6,268.7
2011,09,20,7,267.9
2011,09,21,0,266.5
2011,09,21,1,266.8
2011,09,21,2,267.2
2011,09,21,3,267.5
2011,09,21,4,267.0
2011,09,21,5,266.9
2011,09,21,6,266.5
2011,09,21,7,266.3
2011,09,22,0,266.4
2011,09,22,1,265.9
2011,09,22,2,265.5
2011,09,22,3,265.5
2011,09,22,4,265.7
2011,09,22,5,265.2
2011,09,22,6,265.2
2011,09,22,7,264.5
2011,09,23,0,264.5
2011,09,23,1,264.2
2011,09,23,2,262.8
2011,09,23,3,262.5
2011,09,23,4,262.4
2011,09,23,5,262.9
2011,09,23,6,263.7
2011,09,23,7,262.7
2011,09,24,0,263.5
2011,09,24,1,263.2
2011,09,24,2,262.3
2011,09,24,3,262.1
2011,09,24,4,264.1
2011,09,24,5,267.4
2011,09,24,6,268.1
2011,09,24,7,268.2
2011,09,25,0,266.5
2011,09,25,1,267.0
2011,09,25,2,267.3
2011,09,25,3,267.9
2011,09,25,4,268.2
2011,09,25,5,268.9
2011,09,25,6,269.6
2011,09,25,7,268.1
2011,09,26,0,268.1
2011,09,26,1,272.2
2011,09,26,2,272.8
2011,09,26,3,271.1
2011,09,26,4,269.5
2011,09,26,5,269.8
2011,09,26,6,269.0
2011,09,26,7,269.4
2011,09,27,0,270.1
2011,09,27,1,271.1
2011,09,27,2,272.1
2011,09,27,3,272.0
2011,09,27,4,271.7
2011,09,27,5,271.7
2011,09,27,6,271.8
2011,09,27,7,271.3
2011,09,28,0,271.8
2011,09,28,1,271.7
2011,09,28,2,271.5
2011,09,28,3,270.0
2011,09,28,4,269.1
2011,09,28,5,268.9
2011,09,28,6,268.8
2011,09,28,7,269.0
2011,09,29,0,269.4
2011,09,29,1,266.2
2011,09,29,2,261.8
2011,09,29,3,257.8
2011,09,29,4,255.5
2011,09,29,5,254.9
2011,09,29,6,254.9
2011,09,29,7,255.9
2011,09,30,0,256.7
2011,09,30,1,257.1
2011,09,30,2,259.3
2011,09,30,3,260.6
2011,09,30,4,262.0
2011,09,30,5,262.6
2011,09,30,6,262.6
2011,09,30,7,263.1
2011,09,31,0,264.5
2011,09,31,1,265.3
2011,09,31,2,266.1
2011,09,31,3,266.6
2011,09,31,4,266.9
2011,09,31,5,267.2
2011,09,31,6,267.4
2011,09,31,7,267.8
2011,09,1,0,268.0
2011,09,1,1,269.1
2011,09,1,2,269.7
2011,09,1,3,269.4
2011,09,1,4,268.7
2011,09,1,5,267.3
2011,09,1,6,264.8
2011,09,1,7,263.3
2011,09,2,0,262.0
2011,09,2,1,260.4
2011,09,2,2,260.5
2011,09,2,3,260.2
2011,09,2,4,259.1
2011,09,2,5,257.8
2011,09,2,6,258.2
2011,09,2,7,259.9
2011,09,3,0,260.8
2011,09,3,1,261.5
2011,09,3,2,262.3
2011,09,3,3,262.2
2011,09,3,4,263.4
2011,09,3,5,264.3
2011,09,3,6,264.9
2011,09,3,7,264.9
2011,09,4,0,265.1
2011,09,4,1,265.2
2011,09,4,2,266.0
2011,09,4,3,265.1
2011,09,4,4,267.8
2011,09,4,5,269.1
2011,09,4,6,269.3
2011,09,4,7,268.5
2011,09,5,0,268.2
2011,09,5,1,268.1
2011,09,5,2,268.4
2011,09,5,3,267.8
2011,09,5,4,266.8
2011,09,5,5,266.0
2011,09,5,6,266.0
2011,09,5,7,266.0
2011,09,6,0,266.1
2011,09,6,1,265.5
2011,09,6,2,264.9
2011,09,6,3,263.1
2011,09,6,4,261.5
2011,09,6,5,261.9
2011,09,6,6,264.9
2011,09,6,7,266.5
2011,09,7,0,265.7
2011,09,7,1,265.8
2011,09,7,2,265.8
2011,09,7,3,266.3
2011,09,7,4,266.4
2011,09,7,5,266.0
2011,09,7,6,266.3
2011,09,7,7,265.0
2011,09,8,0,265.6
2011,09,8,1,265.9
2011,09,8,2,265.7
2011,09,8,3,265.5
2011,09,8,4,265.2
2011,09,8,5,265.4
2011,09,8,6,265.8
2011,09,8,7,267.1
2011,09,9,0,268.6
2011,09,9,1,268.8
2011,09,9,2,271.3
2011,09,9,3,272.6
2011,09,9,4,273.4
2011,09,9,5,272.1
2011,09,9,6,273.0
2011,09,9,7,269.6
2011,09,10,0,270.4
2011,09,10,1,270.1
2011,09,10,2,269.6
2011,09,10,3,269.8
2011,09,10,4,269.6
2011,09,10,5,269.4
2011,09,10,6,270.9
2011,09,10,7,270.1
2011,09,11,0,271.2
2011,09,11,1,270.8
2011,09,11,2,269.3
2011,09,11,3,269.5
2011,09,11,4,269.7
2011,09,11,5,269.1
2011,09,11,6,269.0
2011,09,11,7,269.6
2011,09,12,0,270.2
2011,09,12,1,269.6
2011,09,12,2,268.7
2011,09,12,3,268.6
2011,09,12,4,269.0
2011,09,12,5,269.5
2011,09,12,6,270.2
2011,09,12,7,268.1
2011,09,13,0,270.0
2011,09,13,1,270.2
2011,09,13,2,270.3
2011,09,13,3,270.4
2011,09,13,4,270.8
2011,09,13,5,270.4
2011,09,13,6,270.7
2011,09,13,7,271.2
2011,09,14,0,272.9
2011,09,14,1,272.7
2011,09,14,2,273.3
2011,09,14,3,274.2
2011,09,14,4,275.4
2011,09,14,5,276.1
2011,09,14,6,276.6
2011,09,14,7,274.7
2011,09,15,0,275.8
2011,09,15,1,276.2
2011,09,15,2,275.9
2011,09,15,3,275.9
2011,09,15,4,275.8
2011,09,15,5,276.1
2011,09,15,6,274.9
2011,09,15,7,276.3
2011,09,16,0,277.3
2011,09,16,1,276.7
2011,09,16,2,275.4
2011,09,16,3,274.7
2011,09,16,4,273.7
2011,09,16,5,273.2
2011,09,16,6,272.8
2011,09,16,7,272.4
2011,09,17,0,271.8
2011,09,17,1,270.6
2011,09,17,2,271.3
2011,09,17,3,270.0
2011,09,17,4,268.7
2011,09,17,5,269.4
2011,09,17,6,269.7
2011,09,17,7,269.6
2011,09,18,0,270.9
2011,09,18,1,270.7
2011,09,18,2,270.4
2011,09,18,3,270.3
2011,09,18,4,271.2
2011,09,18,5,273.2
2011,09,18,6,273.0
2011,09,18,7,271.9
2011,09,19,0,273.2
2011,09,19,1,274.1
2011,09,19,2,274.2
2011,09,19,3,274.4
2011,09,19,4,274.2
2011,09,19,5,272.8
2011,09,19,6,273.6
2011,09,19,7,273.6
2011,09,20,0,275.0
2011,09,20,1,277.3
2011,09,20,2,277.3
2011,09,20,3,277.3
2011,09,20,4,276.9
2011,09,20,5,276.7
2011,09,20,6,276.9
2011,09,20,7,277.5
2011,09,21,0,276.3
2011,09,21,1,276.5
2011,09,21,2,276.1
2011,09,21,3,276.3
2011,09,21,4,276.3
2011,09,21,5,275.8
2011,09,21,6,275.0
2011,09,21,7,273.6
2011,09,22,0,274.3
2011,09,22,1,274.6
2011,09,22,2,274.6
2011,09,22,3,274.9
2011,09,22,4,274.7
2011,09,22,5,274.3
2011,09,22,6,274.6
2011,09,22,7,274.4
2011,09,23,0,275.8
2011,09,23,1,276.3
2011,09,23,2,276.1
2011,09,23,3,275.6
2011,09,23,4,275.1
2011,09,23,5,274.8
2011,09,23,6,274.6
2011,09,23,7,274.9
2011,09,24,0,275.8
2011,09,24,1,276.5
2011,09,24,2,276.0
2011,09,24,3,275.2
2011,09,24,4,274.5
2011,09,24,5,274.3
2011,09,24,6,275.1
2011,09,24,7,273.4
2011,09,25,0,274.0
2011,09,25,1,274.3
2011,09,25,2,274.1
2011,09,25,3,274.0
2011,09,25,4,273.6
2011,09,25,5,273.6
2011,09,25,6,273.7
2011,09,25,7,273.0
2011,09,26,0,274.2
2011,09,26,1,274.4
2011,09,26,2,274.1
2011,09,26,3,273.7
2011,09,26,4,273.5
2011,09,26,5,273.6
2011,09,26,6,274.6
2011,09,26,7,272.7
2011,09,27,0,273.6
2011,09,27,1,273.6
2011,09,27,2,273.1
2011,09,27,3,273.1
2011,09,27,4,272.8
2011,09,27,5,272.8
2011,09,27,6,274.1
2011,09,27,7,273.9
2011,09,28,0,275.1
2011,09,28,1,275.4
2011,09,28,2,275.5
2011,09,28,3,274.9
2011,09,28,4,273.8
2011,09,28,5,273.3
2011,09,28,6,273.4
2011,09,28,7,271.8
2011,09,29,0,271.9
2011,09,29,1,271.8
2011,09,29,2,271.7
2011,09,29,3,270.1
2011,09,29,4,267.6
2011,09,29,5,267.4
2011,09,29,6,266.6
2011,09,29,7,264.1
2011,09,30,0,264.5
2011,09,30,1,266.1
2011,09,30,2,268.1
2011,09,30,3,271.3
2011,09,30,4,274.0
2011,09,30,5,275.7
2011,09,30,6,276.8
2011,09,30,7,276.6
2011,09,1,0,275.5
2011,09,1,1,276.4
2011,09,1,2,277.1
2011,09,1,3,276.6
2011,09,1,4,276.6
2011,09,1,5,276.5
2011,09,1,6,276.7
2011,09,1,7,276.4
2011,09,2,0,275.7
2011,09,2,1,276.0
2011,09,2,2,276.2
2011,09,2,3,276.7
2011,09,2,4,276.5
2011,09,2,5,276.7
2011,09,2,6,277.1
2011,09,2,7,276.5
2011,09,3,0,277.2
2011,09,3,1,277.4
2011,09,3,2,276.9
2011,09,3,3,276.6
2011,09,3,4,275.9
2011,09,3,5,275.3
2011,09,3,6,275.1
2011,09,3,7,276.5
2011,09,4,0,277.0
2011,09,4,1,276.0
2011,09,4,2,275.2
2011,09,4,3,274.5
2011,09,4,4,274.2
2011,09,4,5,274.1
2011,09,4,6,273.6
2011,09,4,7,274.4
2011,09,5,0,274.2
2011,09,5,1,274.5
2011,09,5,2,273.6
2011,09,5,3,273.2
2011,09,5,4,272.4
2011,09,5,5,272.5
2011,09,5,6,272.2
2011,09,5,7,273.2
2011,09,6,0,273.8
2011,09,6,1,273.8
2011,09,6,2,273.7
2011,09,6,3,274.5
2011,09,6,4,274.1
2011,09,6,5,274.2
2011,09,6,6,274.2
2011,09,6,7,274.5
2011,09,7,0,274.6
2011,09,7,1,274.6
2011,09,7,2,274.9
2011,09,7,3,275.0
2011,09,7,4,274.6
2011,09,7,5,274.1
2011,09,7,6,274.6
2011,09,7,7,274.5
2011,09,8,0,274.4
2011,09,8,1,274.5
2011,09,8,2,274.1
2011,09,8,3,273.6
2011,09,8,4,273.7
2011,09,8,5,274.3
2011,09,8,6,273.6
2011,09,8,7,274.5
2011,09,9,0,275.1
2011,09,9,1,274.9
2011,09,9,2,274.6
2011,09,9,3,274.4
2011,09,9,4,274.5
2011,09,9,5,275.0
2011,09,9,6,274.3
2011,09,9,7,275.5
2011,09,10,0,276.2
2011,09,10,1,276.0
2011,09,10,2,275.3
2011,09,10,3,274.4
2011,09,10,4,273.9
2011,09,10,5,273.8
2011,09,10,6,273.2
2011,09,10,7,274.3
2011,09,11,0,275.1
2011,09,11,1,274.8
2011,09,11,2,273.8
2011,09,11,3,273.1
2011,09,11,4,272.4
2011,09,11,5,271.9
2011,09,11,6,272.7
2011,09,11,7,272.6
2011,09,12,0,273.5
2011,09,12,1,273.6
2011,09,12,2,272.7
2011,09,12,3,271.9
2011,09,12,4,271.4
2011,09,12,5,271.6
2011,09,12,6,273.0
2011,09,12,7,272.1
2011,09,13,0,273.3
2011,09,13,1,273.6
2011,09,13,2,273.2
2011,09,13,3,272.4
2011,09,13,4,271.9
2011,09,13,5,272.7
2011,09,13,6,272.2
2011,09,13,7,272.1
2011,09,14,0,273.0
2011,09,14,1,273.1
2011,09,14,2,272.5
2011,09,14,3,271.8
2011,09,14,4,271.2
2011,09,14,5,271.9
2011,09,14,6,273.0
2011,09,14,7,270.3
2011,09,15,0,271.3
2011,09,15,1,270.9
2011,09,15,2,270.9
2011,09,15,3,270.7
2011,09,15,4,270.6
2011,09,15,5,270.8
2011,09,15,6,271.6
2011,09,15,7,270.3
2011,09,16,0,271.3
2011,09,16,1,271.3
2011,09,16,2,271.6
2011,09,16,3,272.0
2011,09,16,4,271.8
2011,09,16,5,271.8
2011,09,16,6,273.3
2011,09,16,7,271.5
2011,09,17,0,272.6
2011,09,17,1,272.6
2011,09,17,2,273.2
2011,09,17,3,274.5
2011,09,17,4,275.2
2011,09,17,5,275.4
2011,09,17,6,275.7
2011,09,17,7,274.7
2011,09,18,0,275.1
2011,09,18,1,275.3
2011,09,18,2,276.1
2011,09,18,3,276.4
2011,09,18,4,276.2
2011,09,18,5,276.0
2011,09,18,6,275.9
2011,09,18,7,275.0
2011,09,19,0,275.8
2011,09,19,1,276.1
2011,09,19,2,276.2
2011,09,19,3,275.9
2011,09,19,4,275.5
2011,09,19,5,275.4
2011,09,19,6,275.2
2011,09,19,7,275.2
2011,09,20,0,276.0
2011,09,20,1,276.5
2011,09,20,2,275.9
2011,09,20,3,275.8
2011,09,20,4,276.4
2011,09,20,5,276.9
2011,09,20,6,276.4
2011,09,20,7,275.7
2011,09,21,0,276.8
2011,09,21,1,277.5
2011,09,21,2,277.3
2011,09,21,3,277.1
2011,09,21,4,277.3
2011,09,21,5,277.7
2011,09,21,6,276.4
2011,09,21,7,277.1
2011,09,22,0,278.2
2011,09,22,1,277.7
2011,09,22,2,276.6
2011,09,22,3,276.0
2011,09,22,4,275.5
2011,09,22,5,275.6
2011,09,22,6,277.2
2011,09,22,7,274.9
2011,09,23,0,276.2
2011,09,23,1,276.2
2011,09,23,2,275.2
2011,09,23,3,274.8
2011,09,23,4,274.8
2011,09,23,5,275.1
2011,09,23,6,276.2
2011,09,23,7,275.2
2011,09,24,0,275.6
2011,09,24,1,275.6
2011,09,24,2,275.7
2011,09,24,3,275.7
2011,09,24,4,275.0
2011,09,24,5,275.7
2011,09,24,6,276.3
2011,09,24,7,275.0
2011,09,25,0,275.9
2011,09,25,1,275.9
2011,09,25,2,275.9
2011,09,25,3,276.4
2011,09,25,4,276.4
2011,09,25,5,276.2
2011,09,25,6,275.3
2011,09,25,7,275.9
2011,09,26,0,276.9
2011,09,26,1,277.3
2011,09,26,2,276.5
2011,09,26,3,276.5
2011,09,26,4,276.2
2011,09,26,5,276.3
2011,09,26,6,275.7
2011,09,26,7,276.8
2011,09,27,0,277.8
2011,09,27,1,277.4
2011,09,27,2,276.0
2011,09,27,3,275.9
2011,09,27,4,276.0
2011,09,27,5,276.2
2011,09,27,6,275.0
2011,09,27,7,275.9
2011,09,28,0,278.1
2011,09,28,1,278.4
2011,09,28,2,277.3
2011,09,28,3,277.0
2011,09,28,4,276.5
2011,09,28,5,276.0
2011,09,28,6,275.9
2011,09,28,7,276.6
2011,09,29,0,277.4
2011,09,29,1,277.1
2011,09,29,2,277.0
2011,09,29,3,277.0
2011,09,29,4,276.8
2011,09,29,5,276.4
2011,09,29,6,276.2
2011,09,29,7,276.7
2011,09,30,0,277.1
2011,09,30,1,277.3
2011,09,30,2,277.3
2011,09,30,3,277.4
2011,09,30,4,276.8
2011,09,30,5,276.1
2011,09,30,6,275.4
2011,09,30,7,276.5
2011,09,31,0,276.9
2011,09,31,1,277.0
2011,09,31,2,276.6
2011,09,31,3,276.5
2011,09,31,4,276.3
2011,09,31,5,275.8
2011,09,31,6,275.8
2011,09,31,7,275.5
2011,09,1,0,275.8
2011,09,1,1,275.5
2011,09,1,2,276.8
2011,09,1,3,276.6
2011,09,1,4,276.4
2011,09,1,5,275.7
2011,09,1,6,275.0
2011,09,1,7,276.6
2011,09,2,0,276.2
2011,09,2,1,276.3
2011,09,2,2,276.1
2011,09,2,3,276.2
2011,09,2,4,274.9
2011,09,2,5,274.0
2011,09,2,6,274.3
2011,09,2,7,276.7
2011,09,3,0,277.8
2011,09,3,1,277.8
2011,09,3,2,277.3
2011,09,3,3,276.8
2011,09,3,4,275.9
2011,09,3,5,275.7
2011,09,3,6,275.1
2011,09,3,7,276.8
2011,09,4,0,277.8
2011,09,4,1,277.6
2011,09,4,2,276.3
2011,09,4,3,275.6
2011,09,4,4,274.7
2011,09,4,5,274.2
2011,09,4,6,273.5
2011,09,4,7,274.8
2011,09,5,0,275.7
2011,09,5,1,275.7
2011,09,5,2,275.1
2011,09,5,3,274.9
2011,09,5,4,274.4
2011,09,5,5,274.6
2011,09,5,6,276.3
2011,09,5,7,273.6
2011,09,6,0,274.8
2011,09,6,1,274.7
2011,09,6,2,274.2
2011,09,6,3,273.9
2011,09,6,4,273.2
2011,09,6,5,273.6
2011,09,6,6,274.6
2011,09,6,7,273.5
2011,09,7,0,274.6
2011,09,7,1,274.8
2011,09,7,2,274.5
2011,09,7,3,274.1
2011,09,7,4,275.2
2011,09,7,5,276.0
2011,09,7,6,275.5
2011,09,7,7,274.8
2011,09,8,0,276.0
2011,09,8,1,276.2
2011,09,8,2,275.9
2011,09,8,3,276.0
2011,09,8,4,276.4
2011,09,8,5,277.1
2011,09,8,6,276.9
2011,09,8,7,276.8
2011,09,9,0,278.0
2011,09,9,1,278.4
2011,09,9,2,277.7
2011,09,9,3,277.6
2011,09,9,4,277.4
2011,09,9,5,277.6
2011,09,9,6,277.1
2011,09,9,7,277.9
2011,09,10,0,278.9
2011,09,10,1,278.7
2011,09,10,2,278.0
2011,09,10,3,277.8
2011,09,10,4,277.3
2011,09,10,5,277.3
2011,09,10,6,277.0
2011,09,10,7,276.5
2011,09,11,0,277.6
2011,09,11,1,277.3
2011,09,11,2,276.3
2011,09,11,3,276.5
2011,09,11,4,276.1
2011,09,11,5,276.0
2011,09,11,6,275.4
2011,09,11,7,274.8
2011,09,12,0,275.9
2011,09,12,1,276.1
2011,09,12,2,275.5
2011,09,12,3,275.4
2011,09,12,4,275.3
2011,09,12,5,275.4
2011,09,12,6,275.6
2011,09,12,7,275.8
2011,09,13,0,277.1
2011,09,13,1,277.2
2011,09,13,2,276.5
2011,09,13,3,276.3
2011,09,13,4,276.2
2011,09,13,5,275.6
2011,09,13,6,275.4
2011,09,13,7,275.6
2011,09,14,0,277.1
2011,09,14,1,275.9
2011,09,14,2,275.0
2011,09,14,3,274.8
2011,09,14,4,275.0
2011,09,14,5,274.7
2011,09,14,6,275.8
2011,09,14,7,275.5
2011,09,15,0,276.5
2011,09,15,1,276.5
2011,09,15,2,276.2
2011,09,15,3,275.4
2011,09,15,4,275.1
2011,09,15,5,274.6
2011,09,15,6,274.6
2011,09,15,7,273.7
2011,09,16,0,274.5
2011,09,16,1,274.5
2011,09,16,2,273.9
2011,09,16,3,273.6
2011,09,16,4,275.1
2011,09,16,5,274.0
2011,09,16,6,275.0
2011,09,16,7,273.6
2011,09,17,0,274.9
2011,09,17,1,274.9
2011,09,17,2,275.2
2011,09,17,3,275.8
2011,09,17,4,276.2
2011,09,17,5,276.6
2011,09,17,6,276.5
2011,09,17,7,275.0
2011,09,18,0,275.8
2011,09,18,1,276.2
2011,09,18,2,277.7
2011,09,18,3,277.4
2011,09,18,4,276.5
2011,09,18,5,275.0
2011,09,18,6,274.7
2011,09,18,7,273.9
2011,09,19,0,275.1
2011,09,19,1,275.3
2011,09,19,2,275.0
2011,09,19,3,274.7
2011,09,19,4,274.4
2011,09,19,5,274.6
2011,09,19,6,275.0
2011,09,19,7,274.7
2011,09,20,0,275.5
2011,09,20,1,275.1
2011,09,20,2,274.8
2011,09,20,3,274.3
2011,09,20,4,274.4
2011,09,20,5,274.8
2011,09,20,6,274.8
2011,09,20,7,274.1
2011,09,21,0,274.6
2011,09,21,1,274.5
2011,09,21,2,274.8
2011,09,21,3,274.9
2011,09,21,4,275.1
2011,09,21,5,275.0
2011,09,21,6,274.5
2011,09,21,7,274.6
2011,09,22,0,275.6
2011,09,22,1,275.6
2011,09,22,2,275.7
2011,09,22,3,275.5
2011,09,22,4,275.0
2011,09,22,5,274.7
2011,09,22,6,274.6
2011,09,22,7,273.8
2011,09,23,0,273.8
2011,09,23,1,274.4
2011,09,23,2,274.6
2011,09,23,3,275.0
2011,09,23,4,275.0
2011,09,23,5,275.4
2011,09,23,6,275.8
2011,09,23,7,276.0
2011,09,24,0,277.3
2011,09,24,1,277.2
2011,09,24,2,276.8
2011,09,24,3,276.5
2011,09,24,4,275.8
2011,09,24,5,275.6
2011,09,24,6,275.4
2011,09,24,7,276.4
2011,09,25,0,276.8
2011,09,25,1,276.7
2011,09,25,2,276.3
2011,09,25,3,275.9
2011,09,25,4,275.7
2011,09,25,5,275.9
2011,09,25,6,275.8
2011,09,25,7,276.6
2011,09,26,0,277.6
2011,09,26,1,277.5
2011,09,26,2,277.3
2011,09,26,3,277.3
2011,09,26,4,277.0
2011,09,26,5,276.2
2011,09,26,6,275.7
2011,09,26,7,276.6
2011,09,27,0,276.4
2011,09,27,1,276.8
2011,09,27,2,277.3
2011,09,27,3,277.2
2011,09,27,4,277.1
2011,09,27,5,276.6
2011,09,27,6,276.3
2011,09,27,7,277.1
2011,09,28,0,277.2
2011,09,28,1,277.5
2011,09,28,2,277.5
2011,09,28,3,277.3
2011,09,28,4,276.7
2011,09,28,5,276.3
2011,09,28,6,275.9
2011,09,28,7,277.6
2011,09,29,0,278.2
2011,09,29,1,277.9
2011,09,29,2,277.5
2011,09,29,3,276.9
2011,09,29,4,276.3
2011,09,29,5,275.5
2011,09,29,6,274.9
2011,09,29,7,276.6
2011,09,30,0,278.0
2011,09,30,1,278.1
2011,09,30,2,277.3
2011,09,30,3,276.7
2011,09,30,4,276.4
2011,09,30,5,276.4
2011,09,30,6,275.7
2011,09,30,7,277.4
2011,09,31,0,278.7
2011,09,31,1,278.5
2011,09,31,2,277.8
2011,09,31,3,276.8
2011,09,31,4,275.3
2011,09,31,5,275.3
2011,09,31,6,274.8
2011,09,31,7,275.6
2011,09,1,0,276.5
2011,09,1,1,276.1
2011,09,1,2,275.2
2011,09,1,3,274.5
2011,09,1,4,274.0
2011,09,1,5,273.9
2011,09,1,6,273.1
2011,09,1,7,273.8
2011,09,2,0,274.5
2011,09,2,1,273.7
2011,09,2,2,273.8
2011,09,2,3,274.3
2011,09,2,4,274.0
2011,09,2,5,274.0
2011,09,2,6,274.5
2011,09,2,7,273.2
2011,09,3,0,274.3
2011,09,3,1,274.4
2011,09,3,2,273.7
2011,09,3,3,273.1
2011,09,3,4,272.5
2011,09,3,5,272.0
2011,09,3,6,271.8
2011,09,3,7,272.5
2011,09,4,0,273.7
2011,09,4,1,273.7
2011,09,4,2,273.5
2011,09,4,3,273.3
2011,09,4,4,272.8
2011,09,4,5,272.4
2011,09,4,6,272.1
2011,09,4,7,273.3
2011,09,5,0,274.3
2011,09,5,1,273.7
2011,09,5,2,272.9
2011,09,5,3,272.3
2011,09,5,4,271.8
2011,09,5,5,270.1
2011,09,5,6,269.0
2011,09,5,7,269.9
2011,09,6,0,270.4
2011,09,6,1,269.6
2011,09,6,2,269.2
2011,09,6,3,269.0
2011,09,6,4,267.1
2011,09,6,5,267.3
2011,09,6,6,267.9
2011,09,6,7,269.9
2011,09,7,0,270.9
2011,09,7,1,270.9
2011,09,7,2,270.4
2011,09,7,3,271.3
2011,09,7,4,270.7
2011,09,7,5,269.3
2011,09,7,6,269.4
2011,09,7,7,270.8
2011,09,8,0,272.0
2011,09,8,1,272.1
2011,09,8,2,271.7
2011,09,8,3,271.5
2011,09,8,4,271.1
2011,09,8,5,270.5
2011,09,8,6,270.4
2011,09,8,7,271.4
2011,09,9,0,271.9
2011,09,9,1,271.5
2011,09,9,2,271.3
2011,09,9,3,271.4
2011,09,9,4,271.4
2011,09,9,5,271.3
2011,09,9,6,271.0
2011,09,9,7,271.5
2011,09,10,0,272.8
2011,09,10,1,272.3
2011,09,10,2,271.7
2011,09,10,3,271.4
2011,09,10,4,271.3
2011,09,10,5,271.0
2011,09,10,6,271.6
2011,09,10,7,271.7
2011,09,11,0,271.2
2011,09,11,1,271.1
2011,09,11,2,270.5
2011,09,11,3,269.8
2011,09,11,4,269.2
2011,09,11,5,268.2
2011,09,11,6,268.3
2011,09,11,7,268.2
2011,09,12,0,268.9
2011,09,12,1,269.2
2011,09,12,2,268.8
2011,09,12,3,268.7
2011,09,12,4,269.0
2011,09,12,5,269.4
2011,09,12,6,269.4
2011,09,12,7,268.5
2011,09,13,0,269.1
2011,09,13,1,268.9
2011,09,13,2,268.9
2011,09,13,3,268.9
2011,09,13,4,268.7
2011,09,13,5,268.3
2011,09,13,6,267.8
2011,09,13,7,267.4
2011,09,14,0,267.9
2011,09,14,1,268.5
2011,09,14,2,267.7
2011,09,14,3,267.4
2011,09,14,4,267.8
2011,09,14,5,268.0
2011,09,14,6,268.2
2011,09,14,7,268.4
2011,09,15,0,268.6
2011,09,15,1,268.4
2011,09,15,2,269.8
2011,09,15,3,269.6
2011,09,15,4,269.1
2011,09,15,5,268.9
2011,09,15,6,268.9
2011,09,15,7,269.7
2011,09,16,0,270.4
2011,09,16,1,270.6
2011,09,16,2,270.5
2011,09,16,3,269.9
2011,09,16,4,269.3
2011,09,16,5,269.0
2011,09,16,6,269.3
2011,09,16,7,269.4
2011,09,17,0,270.0
2011,09,17,1,269.6
2011,09,17,2,269.1
2011,09,17,3,270.0
2011,09,17,4,271.3
2011,09,17,5,270.9
2011,09,17,6,272.0
2011,09,17,7,271.7
2011,09,18,0,269.9
2011,09,18,1,270.9
2011,09,18,2,272.3
2011,09,18,3,271.9
2011,09,18,4,271.5
2011,09,18,5,271.2
2011,09,18,6,271.1
2011,09,18,7,270.6
2011,09,19,0,269.5
2011,09,19,1,269.3
2011,09,19,2,269.5
2011,09,19,3,270.0
2011,09,19,4,269.9
2011,09,19,5,269.8
2011,09,19,6,270.1
2011,09,19,7,269.5
2011,09,20,0,270.5
2011,09,20,1,270.3
2011,09,20,2,270.3
2011,09,20,3,270.7
2011,09,20,4,270.2
2011,09,20,5,269.5
2011,09,20,6,269.6
2011,09,20,7,269.7
2011,09,21,0,270.5
2011,09,21,1,270.2
2011,09,21,2,270.2
2011,09,21,3,270.5
2011,09,21,4,269.9
2011,09,21,5,269.5
2011,09,21,6,269.1
2011,09,21,7,269.6
2011,09,22,0,270.3
2011,09,22,1,270.2
2011,09,22,2,270.0
2011,09,22,3,269.7
2011,09,22,4,269.3
2011,09,22,5,268.9
2011,09,22,6,269.0
2011,09,22,7,269.5
2011,09,23,0,270.2
2011,09,23,1,270.2
2011,09,23,2,269.9
2011,09,23,3,269.5
2011,09,23,4,269.2
2011,09,23,5,269.0
2011,09,23,6,269.2
2011,09,23,7,270.1
2011,09,24,0,271.0
2011,09,24,1,270.7
2011,09,24,2,270.3
2011,09,24,3,269.9
2011,09,24,4,269.7
2011,09,24,5,269.6
2011,09,24,6,270.3
2011,09,24,7,269.5
2011,09,25,0,269.8
2011,09,25,1,270.0
2011,09,25,2,269.5
2011,09,25,3,269.3
2011,09,25,4,268.9
2011,09,25,5,270.5
2011,09,25,6,271.2
2011,09,25,7,270.2
2011,09,26,0,270.7
2011,09,26,1,270.6
2011,09,26,2,270.5
2011,09,26,3,271.2
2011,09,26,4,272.3
2011,09,26,5,273.3
2011,09,26,6,275.7
2011,09,26,7,276.1
2011,09,27,0,275.7
2011,09,27,1,276.9
2011,09,27,2,277.6
2011,09,27,3,277.0
2011,09,27,4,275.7
2011,09,27,5,274.9
2011,09,27,6,274.8
2011,09,27,7,274.1
2011,09,28,0,273.8
2011,09,28,1,275.1
2011,09,28,2,274.7
2011,09,28,3,274.5
2011,09,28,4,274.5
2011,09,28,5,274.2
2011,09,28,6,274.3
2011,09,28,7,273.7
2011,09,29,0,274.0
2011,09,29,1,274.0
2011,09,29,2,274.2
2011,09,29,3,274.0
2011,09,29,4,273.5
2011,09,29,5,272.9
2011,09,29,6,272.3
2011,09,29,7,273.0
2011,09,30,0,274.2
2011,09,30,1,274.2
2011,09,30,2,273.5
2011,09,30,3,272.7
2011,09,30,4,272.8
2011,09,30,5,272.6
2011,09,30,6,272.4
2011,09,30,7,272.5
2011,09,1,0,271.1
2011,09,1,1,270.7
2011,09,1,2,270.9
2011,09,1,3,270.8
2011,09,1,4,270.8
2011,09,1,5,270.8
2011,09,1,6,270.9
2011,09,1,7,270.2
2011,09,2,0,270.9
2011,09,2,1,271.6
2011,09,2,2,271.8
2011,09,2,3,271.9
2011,09,2,4,272.0
2011,09,2,5,271.8
2011,09,2,6,271.9
2011,09,2,7,271.2
2011,09,3,0,272.6
2011,09,3,1,273.3
2011,09,3,2,273.8
2011,09,3,3,273.7
2011,09,3,4,273.2
2011,09,3,5,272.3
2011,09,3,6,271.2
2011,09,3,7,270.7
2011,09,4,0,269.9
2011,09,4,1,269.6
2011,09,4,2,269.2
2011,09,4,3,268.1
2011,09,4,4,266.7
2011,09,4,5,266.3
2011,09,4,6,266.4
2011,09,4,7,266.9
2011,09,5,0,267.5
2011,09,5,1,268.9
2011,09,5,2,270.0
2011,09,5,3,270.7
2011,09,5,4,270.0
2011,09,5,5,268.7
2011,09,5,6,264.5
2011,09,5,7,261.3
2011,09,6,0,259.5
2011,09,6,1,258.8
2011,09,6,2,258.8
2011,09,6,3,258.3
2011,09,6,4,257.7
2011,09,6,5,257.6
2011,09,6,6,258.2
2011,09,6,7,257.8
2011,09,7,0,258.2
2011,09,7,1,258.3
2011,09,7,2,258.9
2011,09,7,3,259.7
2011,09,7,4,264.2
2011,09,7,5,265.8
2011,09,7,6,266.4
2011,09,7,7,269.1
2011,09,8,0,268.3
2011,09,8,1,271.0
2011,09,8,2,272.4
2011,09,8,3,271.1
2011,09,8,4,273.2
2011,09,8,5,273.6
2011,09,8,6,272.8
2011,09,8,7,272.3
2011,09,9,0,272.3
2011,09,9,1,271.8
2011,09,9,2,270.7
2011,09,9,3,269.9
2011,09,9,4,269.1
2011,09,9,5,268.5
2011,09,9,6,268.4
2011,09,9,7,267.5
2011,09,10,0,267.3
2011,09,10,1,267.5
2011,09,10,2,268.1
2011,09,10,3,268.0
2011,09,10,4,268.0
2011,09,10,5,268.5
2011,09,10,6,269.3
2011,09,10,7,268.7
2011,09,11,0,270.4
2011,09,11,1,271.6
2011,09,11,2,273.2
2011,09,11,3,272.6
2011,09,11,4,272.3
2011,09,11,5,271.8
2011,09,11,6,272.5
2011,09,11,7,272.8
2011,09,12,0,273.2
2011,09,12,1,273.7
2011,09,12,2,273.5
2011,09,12,3,273.1
2011,09,12,4,273.1
2011,09,12,5,272.8
2011,09,12,6,272.6
2011,09,12,7,272.6
2011,09,13,0,270.2
2011,09,13,1,270.5
2011,09,13,2,271.0
2011,09,13,3,271.6
2011,09,13,4,271.6
2011,09,13,5,271.5
2011,09,13,6,272.1
2011,09,13,7,270.8
2011,09,14,0,271.4
2011,09,14,1,271.9
2011,09,14,2,272.4
2011,09,14,3,272.8
2011,09,14,4,272.5
2011,09,14,5,272.5
2011,09,14,6,272.7
2011,09,14,7,272.2
2011,09,15,0,272.6
2011,09,15,1,272.8
2011,09,15,2,272.6
2011,09,15,3,272.4
2011,09,15,4,271.5
2011,09,15,5,270.6
2011,09,15,6,270.3
2011,09,15,7,269.8
2011,09,16,0,270.2
2011,09,16,1,270.3
2011,09,16,2,270.1
2011,09,16,3,270.0
2011,09,16,4,269.6
2011,09,16,5,269.2
2011,09,16,6,269.5
2011,09,16,7,268.6
2011,09,17,0,269.2
2011,09,17,1,269.4
2011,09,17,2,271.4
2011,09,17,3,273.7
2011,09,17,4,274.9
2011,09,17,5,274.8
2011,09,17,6,273.9
2011,09,17,7,274.0
2011,09,18,0,274.5
2011,09,18,1,274.6
2011,09,18,2,274.3
2011,09,18,3,273.9
2011,09,18,4,273.6
2011,09,18,5,273.8
2011,09,18,6,273.9
2011,09,18,7,273.8
2011,09,19,0,273.9
2011,09,19,1,274.7
2011,09,19,2,273.7
2011,09,19,3,272.2
2011,09,19,4,270.8
2011,09,19,5,269.7
2011,09,19,6,269.7
2011,09,19,7,271.1
2011,09,20,0,273.6
2011,09,20,1,274.6
2011,09,20,2,273.7
2011,09,20,3,273.5
2011,09,20,4,273.1
2011,09,20,5,272.8
2011,09,20,6,272.5
2011,09,20,7,271.4
2011,09,21,0,271.0
2011,09,21,1,271.3
2011,09,21,2,271.5
2011,09,21,3,271.7
2011,09,21,4,271.1
2011,09,21,5,270.9
2011,09,21,6,272.2
2011,09,21,7,272.9
2011,09,22,0,272.4
2011,09,22,1,273.4
2011,09,22,2,274.0
2011,09,22,3,274.2
2011,09,22,4,273.6
2011,09,22,5,273.2
2011,09,22,6,273.1
2011,09,22,7,273.0
2011,09,23,0,273.1
2011,09,23,1,273.6
2011,09,23,2,273.9
2011,09,23,3,273.7
2011,09,23,4,272.9
2011,09,23,5,272.2
2011,09,23,6,272.1
2011,09,23,7,271.7
2011,09,24,0,271.1
2011,09,24,1,271.3
2011,09,24,2,270.4
2011,09,24,3,269.4
2011,09,24,4,268.9
2011,09,24,5,267.9
2011,09,24,6,267.6
2011,09,24,7,266.7
2011,09,25,0,267.0
2011,09,25,1,267.1
2011,09,25,2,266.6
2011,09,25,3,266.7
2011,09,25,4,266.3
2011,09,25,5,266.1
2011,09,25,6,265.0
2011,09,25,7,264.3
2011,09,26,0,264.2
2011,09,26,1,263.4
2011,09,26,2,262.5
2011,09,26,3,262.3
2011,09,26,4,265.3
2011,09,26,5,266.3
2011,09,26,6,268.6
2011,09,26,7,270.4
2011,09,27,0,270.6
2011,09,27,1,271.4
2011,09,27,2,271.0
2011,09,27,3,270.5
2011,09,27,4,270.2
2011,09,27,5,270.3
2011,09,27,6,269.9
2011,09,27,7,269.9
2011,09,28,0,270.0
2011,09,28,1,271.4
2011,09,28,2,270.5
2011,09,28,3,270.3
2011,09,28,4,269.8
2011,09,28,5,270.0
2011,09,28,6,270.8
2011,09,28,7,270.7
2011,09,29,0,270.5
2011,09,29,1,269.9
2011,09,29,2,269.6
2011,09,29,3,269.7
2011,09,29,4,269.6
2011,09,29,5,269.6
2011,09,29,6,270.0
2011,09,29,7,270.6
2011,09,30,0,270.4
2011,09,30,1,271.0
2011,09,30,2,271.6
2011,09,30,3,271.6
2011,09,30,4,271.0
2011,09,30,5,271.1
2011,09,30,6,271.6
2011,09,30,7,270.8
2011,09,31,0,270.0
2011,09,31,1,270.1
2011,09,31,2,270.1
2011,09,31,3,270.2
2011,09,31,4,270.0
2011,09,31,5,269.8
2011,09,31,6,269.7
2011,09,31,7,268.7
2011,09,1,0,269.1
2011,09,1,1,269.1
2011,09,1,2,268.7
2011,09,1,3,267.8
2011,09,1,4,267.6
2011,09,1,5,266.9
2011,09,1,6,267.8
2011,09,1,7,269.1
2011,09,2,0,270.9
2011,09,2,1,268.8
2011,09,2,2,269.2
2011,09,2,3,269.3
2011,09,2,4,270.4
2011,09,2,5,271.2
2011,09,2,6,271.5
2011,09,2,7,271.5
2011,09,3,0,272.2
2011,09,3,1,272.0
2011,09,3,2,271.2
2011,09,3,3,270.8
2011,09,3,4,270.6
2011,09,3,5,271.0
2011,09,3,6,270.5
2011,09,3,7,268.4
2011,09,4,0,266.7
2011,09,4,1,266.8
2011,09,4,2,264.9
2011,09,4,3,261.1
2011,09,4,4,258.4
2011,09,4,5,256.4
2011,09,4,6,256.0
2011,09,4,7,256.1
2011,09,5,0,256.0
2011,09,5,1,256.1
2011,09,5,2,256.9
2011,09,5,3,258.0
2011,09,5,4,260.7
2011,09,5,5,262.7
2011,09,5,6,262.3
2011,09,5,7,260.1
2011,09,6,0,259.1
2011,09,6,1,258.9
2011,09,6,2,259.3
2011,09,6,3,258.9
2011,09,6,4,259.4
2011,09,6,5,257.6
2011,09,6,6,257.1
2011,09,6,7,256.2
2011,09,7,0,256.5
2011,09,7,1,256.6
2011,09,7,2,255.9
2011,09,7,3,255.9
2011,09,7,4,256.3
2011,09,7,5,257.3
2011,09,7,6,258.6
2011,09,7,7,259.4
2011,09,8,0,262.2
2011,09,8,1,263.1
2011,09,8,2,262.5
2011,09,8,3,262.5
2011,09,8,4,262.5
2011,09,8,5,262.5
2011,09,8,6,263.3
2011,09,8,7,264.1
2011,09,9,0,263.7
2011,09,9,1,264.3
2011,09,9,2,265.3
2011,09,9,3,266.1
2011,09,9,4,266.3
2011,09,9,5,266.6
2011,09,9,6,267.0
2011,09,9,7,267.0
2011,09,10,0,267.3
2011,09,10,1,267.2
2011,09,10,2,267.7
2011,09,10,3,267.7
2011,09,10,4,267.8
2011,09,10,5,267.3
2011,09,10,6,266.8
2011,09,10,7,266.9
2011,09,11,0,267.2
2011,09,11,1,267.2
2011,09,11,2,266.7
2011,09,11,3,266.6
2011,09,11,4,265.8
2011,09,11,5,265.0
2011,09,11,6,263.9
2011,09,11,7,264.3
2011,09,12,0,263.2
2011,09,12,1,263.9
2011,09,12,2,266.4
2011,09,12,3,264.8
2011,09,12,4,265.0
2011,09,12,5,264.2
2011,09,12,6,263.4
2011,09,12,7,263.9
2011,09,13,0,266.3
2011,09,13,1,268.9
2011,09,13,2,268.9
2011,09,13,3,268.0
2011,09,13,4,268.1
2011,09,13,5,267.4
2011,09,13,6,268.0
2011,09,13,7,267.5
2011,09,14,0,266.8
2011,09,14,1,266.3
2011,09,14,2,266.6
2011,09,14,3,266.8
2011,09,14,4,267.0
2011,09,14,5,268.2
2011,09,14,6,269.9
2011,09,14,7,270.5
2011,09,15,0,269.5
2011,09,15,1,269.9
2011,09,15,2,270.5
2011,09,15,3,269.9
2011,09,15,4,268.1
2011,09,15,5,267.4
2011,09,15,6,268.0
2011,09,15,7,266.8
2011,09,16,0,265.6
2011,09,16,1,266.4
2011,09,16,2,266.2
2011,09,16,3,266.8
2011,09,16,4,268.0
2011,09,16,5,268.7
2011,09,16,6,267.8
2011,09,16,7,267.7
2011,09,17,0,267.4
2011,09,17,1,267.9
2011,09,17,2,267.8
2011,09,17,3,267.4
2011,09,17,4,266.9
2011,09,17,5,266.2
2011,09,17,6,266.3
2011,09,17,7,265.8
2011,09,18,0,266.3
2011,09,18,1,266.9
2011,09,18,2,267.3
2011,09,18,3,267.9
2011,09,18,4,268.6
2011,09,18,5,269.3
2011,09,18,6,269.8
2011,09,18,7,268.7
2011,09,19,0,269.2
2011,09,19,1,269.0
2011,09,19,2,268.1
2011,09,19,3,267.4
2011,09,19,4,266.6
2011,09,19,5,265.0
2011,09,19,6,264.9
2011,09,19,7,263.7
2011,09,20,0,262.7
2011,09,20,1,262.6
2011,09,20,2,262.8
2011,09,20,3,262.6
2011,09,20,4,261.4
2011,09,20,5,260.0
2011,09,20,6,259.3
2011,09,20,7,259.1
2011,09,21,0,259.0
2011,09,21,1,259.0
2011,09,21,2,258.5
2011,09,21,3,258.0
2011,09,21,4,259.8
2011,09,21,5,263.1
2011,09,21,6,264.7
2011,09,21,7,264.9
2011,09,22,0,264.4
2011,09,22,1,265.6
2011,09,22,2,266.1
2011,09,22,3,266.8
2011,09,22,4,267.6
2011,09,22,5,267.8
2011,09,22,6,268.1
2011,09,22,7,268.7
2011,09,23,0,268.7
2011,09,23,1,269.3
2011,09,23,2,269.2
2011,09,23,3,268.7
2011,09,23,4,268.2
2011,09,23,5,267.8
2011,09,23,6,267.6
2011,09,23,7,266.7
2011,09,24,0,266.2
2011,09,24,1,266.2
2011,09,24,2,265.7
2011,09,24,3,265.3
2011,09,24,4,264.7
2011,09,24,5,263.9
2011,09,24,6,263.4
2011,09,24,7,262.2
2011,09,25,0,263.0
2011,09,25,1,264.7
2011,09,25,2,265.7
2011,09,25,3,265.6
2011,09,25,4,266.1
2011,09,25,5,266.5
2011,09,25,6,267.0
2011,09,25,7,267.3
2011,09,26,0,267.4
2011,09,26,1,267.6
2011,09,26,2,269.6
2011,09,26,3,270.6
2011,09,26,4,270.8
2011,09,26,5,270.8
2011,09,26,6,271.0
2011,09,26,7,271.0
2011,09,27,0,271.4
2011,09,27,1,271.9
2011,09,27,2,271.7
2011,09,27,3,271.9
2011,09,27,4,271.9
2011,09,27,5,271.9
2011,09,27,6,272.2
2011,09,27,7,272.2
2011,09,28,0,272.0
2011,09,28,1,272.0
2011,09,28,2,271.9
2011,09,28,3,271.2
2011,09,28,4,270.9
2011,09,28,5,270.0
2011,09,28,6,269.2
2011,09,28,7,268.8
2011,09,29,0,268.4
2011,09,29,1,268.0
2011,09,29,2,269.2
2011,09,29,3,270.3
2011,09,29,4,270.1
2011,09,29,5,269.6
2011,09,29,6,269.9
2011,09,29,7,269.9
2011,09,30,0,269.3
2011,09,30,1,269.0
2011,09,30,2,269.0
2011,09,30,3,268.9
2011,09,30,4,268.4
2011,09,30,5,267.3
2011,09,30,6,266.9
2011,09,30,7,260.5
2011,09,1,0,253.4
2011,09,1,1,252.1
2011,09,1,2,251.6
2011,09,1,3,252.4
2011,09,1,4,254.3
2011,09,1,5,255.2
2011,09,1,6,256.5
2011,09,1,7,257.7
2011,09,2,0,258.4
2011,09,2,1,259.0
2011,09,2,2,259.2
2011,09,2,3,259.9
2011,09,2,4,262.0
2011,09,2,5,262.0
2011,09,2,6,260.3
2011,09,2,7,259.2
2011,09,3,0,260.2
2011,09,3,1,259.9
2011,09,3,2,260.4
2011,09,3,3,259.7
2011,09,3,4,258.8
2011,09,3,5,259.7
2011,09,3,6,259.4
2011,09,3,7,258.9
2011,09,4,0,259.8
2011,09,4,1,261.2
2011,09,4,2,262.0
2011,09,4,3,261.9
2011,09,4,4,262.1
2011,09,4,5,262.0
2011,09,4,6,262.3
2011,09,4,7,262.6
2011,09,5,0,263.4
2011,09,5,1,262.4
2011,09,5,2,262.2
2011,09,5,3,262.7
2011,09,5,4,262.0
2011,09,5,5,262.0
2011,09,5,6,262.5
2011,09,5,7,262.2
2011,09,6,0,262.4
2011,09,6,1,263.0
2011,09,6,2,264.3
2011,09,6,3,265.0
2011,09,6,4,264.7
2011,09,6,5,264.6
2011,09,6,6,265.1
2011,09,6,7,265.6
2011,09,7,0,265.9
2011,09,7,1,265.8
2011,09,7,2,265.6
2011,09,7,3,264.9
2011,09,7,4,264.5
2011,09,7,5,264.2
2011,09,7,6,264.2
2011,09,7,7,263.9
2011,09,8,0,263.5
2011,09,8,1,263.4
2011,09,8,2,263.6
2011,09,8,3,263.3
2011,09,8,4,262.6
2011,09,8,5,262.1
2011,09,8,6,261.7
2011,09,8,7,261.4
2011,09,9,0,261.3
2011,09,9,1,261.4
2011,09,9,2,262.2
2011,09,9,3,263.0
2011,09,9,4,263.0
2011,09,9,5,263.3
2011,09,9,6,263.9
2011,09,9,7,264.1
2011,09,10,0,264.1
2011,09,10,1,264.0
2011,09,10,2,263.8
2011,09,10,3,263.8
2011,09,10,4,263.3
2011,09,10,5,262.5
2011,09,10,6,262.3
2011,09,10,7,262.0
2011,09,11,0,261.7
2011,09,11,1,261.6
2011,09,11,2,261.1
2011,09,11,3,261.0
2011,09,11,4,261.0
2011,09,11,5,260.5
2011,09,11,6,259.8
2011,09,11,7,259.9
2011,09,12,0,259.5
2011,09,12,1,259.8
2011,09,12,2,259.1
2011,09,12,3,258.5
2011,09,12,4,257.4
2011,09,12,5,256.1
2011,09,12,6,256.5
2011,09,12,7,256.4
2011,09,13,0,255.8
2011,09,13,1,255.5
2011,09,13,2,255.6
2011,09,13,3,255.1
2011,09,13,4,255.0
2011,09,13,5,255.2
2011,09,13,6,255.0
2011,09,13,7,255.1
2011,09,14,0,255.3
2011,09,14,1,255.2
2011,09,14,2,255.3
2011,09,14,3,256.5
2011,09,14,4,257.8
2011,09,14,5,258.7
2011,09,14,6,261.3
2011,09,14,7,264.2
2011,09,15,0,263.8
2011,09,15,1,264.8
2011,09,15,2,264.7
2011,09,15,3,263.3
2011,09,15,4,259.2
2011,09,15,5,256.5
2011,09,15,6,255.9
2011,09,15,7,256.3
2011,09,16,0,258.2
2011,09,16,1,259.3
2011,09,16,2,260.3
2011,09,16,3,260.5
2011,09,16,4,261.3
2011,09,16,5,266.4
2011,09,16,6,267.0
2011,09,16,7,267.9
2011,09,17,0,267.1
2011,09,17,1,267.2
2011,09,17,2,266.7
2011,09,17,3,265.4
2011,09,17,4,265.6
2011,09,17,5,266.5
2011,09,17,6,266.8
2011,09,17,7,266.0
2011,09,18,0,265.7
2011,09,18,1,265.1
2011,09,18,2,264.7
2011,09,18,3,264.8
2011,09,18,4,263.8
2011,09,18,5,263.3
2011,09,18,6,263.2
2011,09,18,7,264.1
2011,09,19,0,263.2
2011,09,19,1,263.8
2011,09,19,2,263.7
2011,09,19,3,263.1
2011,09,19,4,262.3
2011,09,19,5,260.7
2011,09,19,6,261.2
2011,09,19,7,261.3
2011,09,20,0,262.0
2011,09,20,1,262.7
2011,09,20,2,262.9
2011,09,20,3,262.3
2011,09,20,4,263.0
2011,09,20,5,264.6
2011,09,20,6,265.5
2011,09,20,7,265.9
2011,09,21,0,266.2
2011,09,21,1,267.0
2011,09,21,2,266.9
2011,09,21,3,266.0
2011,09,21,4,264.4
2011,09,21,5,264.2
2011,09,21,6,263.8
2011,09,21,7,263.3
2011,09,22,0,262.9
2011,09,22,1,261.6
2011,09,22,2,260.0
2011,09,22,3,257.1
2011,09,22,4,255.8
2011,09,22,5,255.6
2011,09,22,6,257.2
2011,09,22,7,259.3
2011,09,23,0,259.8
2011,09,23,1,260.5
2011,09,23,2,261.0
2011,09,23,3,261.7
2011,09,23,4,263.0
2011,09,23,5,263.7
2011,09,23,6,264.2
2011,09,23,7,263.6
2011,09,24,0,262.6
2011,09,24,1,261.6
2011,09,24,2,261.6
2011,09,24,3,262.7
2011,09,24,4,263.6
2011,09,24,5,264.6
2011,09,24,6,266.9
2011,09,24,7,268.9
2011,09,25,0,269.9
2011,09,25,1,270.0
2011,09,25,2,269.6
2011,09,25,3,269.4
2011,09,25,4,269.0
2011,09,25,5,268.5
2011,09,25,6,268.9
2011,09,25,7,269.3
2011,09,26,0,269.4
2011,09,26,1,268.9
2011,09,26,2,267.9
2011,09,26,3,268.1
2011,09,26,4,268.8
2011,09,26,5,268.8
2011,09,26,6,269.3
2011,09,26,7,269.6
2011,09,27,0,268.8
2011,09,27,1,268.5
2011,09,27,2,269.1
2011,09,27,3,268.1
2011,09,27,4,268.1
2011,09,27,5,266.7
2011,09,27,6,267.6
2011,09,27,7,268.3
2011,09,28,0,268.4
2011,09,28,1,268.6
2011,09,28,2,268.7
2011,09,28,3,269.0
2011,09,28,4,268.3
2011,09,28,5,268.3
2011,09,28,6,268.8
2011,09,28,7,268.5
2011,09,29,0,268.5
2011,09,29,1,268.7
2011,09,29,2,268.3
2011,09,29,3,268.2
2011,09,29,4,267.8
2011,09,29,5,269.2
2011,09,29,6,269.0
2011,09,29,7,269.1
2011,09,30,0,268.5
2011,09,30,1,268.6
2011,09,30,2,269.2
2011,09,30,3,268.7
2011,09,30,4,268.1
2011,09,30,5,267.8
2011,09,30,6,267.8
2011,09,30,7,267.7
2011,09,31,0,267.9
2011,09,31,1,268.3
2011,09,31,2,266.2
2011,09,31,3,266.6
2011,09,31,4,267.0
2011,09,31,5,266.9
2011,09,31,6,267.2
2011,09,31,7,266.8
2012,09,1,0,266.9
2012,09,1,1,267.4
2012,09,1,2,268.1
2012,09,1,3,268.7
2012,09,1,4,268.9
2012,09,1,5,269.2
2012,09,1,6,270.1
2012,09,1,7,270.8
2012,09,2,0,270.8
2012,09,2,1,270.6
2012,09,2,2,270.6
2012,09,2,3,270.3
2012,09,2,4,269.6
2012,09,2,5,268.4
2012,09,2,6,267.8
2012,09,2,7,267.2
2012,09,3,0,266.9
2012,09,3,1,267.0
2012,09,3,2,266.7
2012,09,3,3,266.6
2012,09,3,4,268.0
2012,09,3,5,268.4
2012,09,3,6,268.6
2012,09,3,7,269.2
2012,09,4,0,269.6
2012,09,4,1,269.5
2012,09,4,2,269.8
2012,09,4,3,270.5
2012,09,4,4,270.8
2012,09,4,5,270.8
2012,09,4,6,271.1
2012,09,4,7,271.0
2012,09,5,0,271.0
2012,09,5,1,269.9
2012,09,5,2,269.5
2012,09,5,3,269.4
2012,09,5,4,268.3
2012,09,5,5,267.2
2012,09,5,6,267.1
2012,09,5,7,266.6
2012,09,6,0,265.7
2012,09,6,1,265.8
2012,09,6,2,265.5
2012,09,6,3,265.8
2012,09,6,4,266.0
2012,09,6,5,266.2
2012,09,6,6,265.9
2012,09,6,7,265.0
2012,09,7,0,264.4
2012,09,7,1,263.5
2012,09,7,2,264.2
2012,09,7,3,264.8
2012,09,7,4,264.2
2012,09,7,5,263.4
2012,09,7,6,264.5
2012,09,7,7,264.7
2012,09,8,0,264.1
2012,09,8,1,265.3
2012,09,8,2,266.0
2012,09,8,3,265.9
2012,09,8,4,266.1
2012,09,8,5,267.3
2012,09,8,6,267.8
2012,09,8,7,267.7
2012,09,9,0,268.2
2012,09,9,1,269.0
2012,09,9,2,269.1
2012,09,9,3,268.5
2012,09,9,4,268.3
2012,09,9,5,268.5
2012,09,9,6,268.6
2012,09,9,7,268.8
2012,09,10,0,268.7
2012,09,10,1,268.6
2012,09,10,2,268.1
2012,09,10,3,267.7
2012,09,10,4,266.9
2012,09,10,5,266.2
2012,09,10,6,266.3
2012,09,10,7,266.2
2012,09,11,0,265.1
2012,09,11,1,265.8
2012,09,11,2,265.6
2012,09,11,3,265.7
2012,09,11,4,265.6
2012,09,11,5,265.1
2012,09,11,6,265.0
2012,09,11,7,265.6
2012,09,12,0,265.9
2012,09,12,1,265.1
2012,09,12,2,264.3
2012,09,12,3,263.3
2012,09,12,4,262.3
2012,09,12,5,261.2
2012,09,12,6,261.4
2012,09,12,7,263.1
2012,09,13,0,264.4
2012,09,13,1,265.3
2012,09,13,2,265.3
2012,09,13,3,265.3
2012,09,13,4,265.3
2012,09,13,5,265.6
2012,09,13,6,265.9
2012,09,13,7,265.9
2012,09,14,0,265.9
2012,09,14,1,266.0
2012,09,14,2,266.1
2012,09,14,3,266.1
2012,09,14,4,265.9
2012,09,14,5,265.6
2012,09,14,6,265.5
2012,09,14,7,265.3
2012,09,15,0,264.8
2012,09,15,1,264.9
2012,09,15,2,264.7
2012,09,15,3,264.3
2012,09,15,4,264.0
2012,09,15,5,263.7
2012,09,15,6,263.3
2012,09,15,7,262.8
2012,09,16,0,262.3
2012,09,16,1,262.5
2012,09,16,2,262.2
2012,09,16,3,260.7
2012,09,16,4,258.5
2012,09,16,5,257.4
2012,09,16,6,257.6
2012,09,16,7,257.8
2012,09,17,0,258.7
2012,09,17,1,259.4
2012,09,17,2,259.2
2012,09,17,3,259.6
2012,09,17,4,260.1
2012,09,17,5,260.5
2012,09,17,6,260.7
2012,09,17,7,261.1
2012,09,18,0,261.4
2012,09,18,1,262.4
2012,09,18,2,264.6
2012,09,18,3,266.4
2012,09,18,4,265.6
2012,09,18,5,267.2
2012,09,18,6,268.0
2012,09,18,7,269.0
2012,09,19,0,269.1
2012,09,19,1,269.2
2012,09,19,2,268.8
2012,09,19,3,268.5
2012,09,19,4,268.3
2012,09,19,5,268.4
2012,09,19,6,268.8
2012,09,19,7,268.3
2012,09,20,0,269.4
2012,09,20,1,267.7
2012,09,20,2,267.2
2012,09,20,3,266.0
2012,09,20,4,265.9
2012,09,20,5,265.8
2012,09,20,6,266.5
2012,09,20,7,267.3
2012,09,21,0,268.8
2012,09,21,1,268.5
2012,09,21,2,269.3
2012,09,21,3,268.4
2012,09,21,4,267.2
2012,09,21,5,259.2
2012,09,21,6,253.4
2012,09,21,7,253.2
2012,09,22,0,255.4
2012,09,22,1,257.3
2012,09,22,2,260.1
2012,09,22,3,261.6
2012,09,22,4,262.0
2012,09,22,5,262.6
2012,09,22,6,262.8
2012,09,22,7,263.4
2012,09,23,0,262.0
2012,09,23,1,260.3
2012,09,23,2,260.5
2012,09,23,3,261.8
2012,09,23,4,261.4
2012,09,23,5,260.4
2012,09,23,6,258.5
2012,09,23,7,257.6
2012,09,24,0,257.5
2012,09,24,1,258.5
2012,09,24,2,258.6
2012,09,24,3,264.5
2012,09,24,4,265.9
2012,09,24,5,266.8
2012,09,24,6,267.3
2012,09,24,7,267.5
2012,09,25,0,267.0
2012,09,25,1,267.2
2012,09,25,2,267.3
2012,09,25,3,266.9
2012,09,25,4,266.5
2012,09,25,5,266.8
2012,09,25,6,266.9
2012,09,25,7,267.1
2012,09,26,0,267.3
2012,09,26,1,267.7
2012,09,26,2,267.1
2012,09,26,3,266.7
2012,09,26,4,266.8
2012,09,26,5,266.7
2012,09,26,6,266.6
2012,09,26,7,266.1
2012,09,27,0,266.2
2012,09,27,1,266.8
2012,09,27,2,269.1
2012,09,27,3,266.2
2012,09,27,4,265.5
2012,09,27,5,265.0
2012,09,27,6,264.9
2012,09,27,7,263.9
2012,09,28,0,264.4
2012,09,28,1,265.2
2012,09,28,2,264.8
2012,09,28,3,264.7
2012,09,28,4,265.6
2012,09,28,5,265.2
2012,09,28,6,265.1
2012,09,28,7,265.3
2012,09,29,0,265.3
2012,09,29,1,266.1
2012,09,29,2,266.6
2012,09,29,3,266.3
2012,09,29,4,266.3
2012,09,29,5,265.5
2012,09,29,6,265.4
2012,09,29,7,265.8
2012,09,30,0,265.6
2012,09,30,1,265.0
2012,09,30,2,264.6
2012,09,30,3,264.0
2012,09,30,4,262.8
2012,09,30,5,262.1
2012,09,30,6,261.8
2012,09,30,7,261.5
2012,09,31,0,261.3
2012,09,31,1,260.8
2012,09,31,2,260.2
2012,09,31,3,259.6
2012,09,31,4,259.2
2012,09,31,5,259.6
2012,09,31,6,260.0
2012,09,31,7,262.3
2012,09,1,0,262.4
2012,09,1,1,262.3
2012,09,1,2,261.6
2012,09,1,3,259.9
2012,09,1,4,260.3
2012,09,1,5,258.5
2012,09,1,6,256.8
2012,09,1,7,256.8
2012,09,2,0,259.4
2012,09,2,1,262.3
2012,09,2,2,263.2
2012,09,2,3,263.4
2012,09,2,4,264.1
2012,09,2,5,264.6
2012,09,2,6,265.4
2012,09,2,7,265.7
2012,09,3,0,266.1
2012,09,3,1,266.3
2012,09,3,2,266.4
2012,09,3,3,266.3
2012,09,3,4,264.9
2012,09,3,5,265.6
2012,09,3,6,267.1
2012,09,3,7,267.1
2012,09,4,0,266.6
2012,09,4,1,265.5
2012,09,4,2,266.4
2012,09,4,3,265.8
2012,09,4,4,263.5
2012,09,4,5,263.5
2012,09,4,6,262.8
2012,09,4,7,264.4
2012,09,5,0,263.7
2012,09,5,1,263.6
2012,09,5,2,262.0
2012,09,5,3,262.3
2012,09,5,4,262.4
2012,09,5,5,262.3
2012,09,5,6,262.1
2012,09,5,7,262.0
2012,09,6,0,262.2
2012,09,6,1,263.0
2012,09,6,2,263.5
2012,09,6,3,264.0
2012,09,6,4,264.2
2012,09,6,5,264.2
2012,09,6,6,264.6
2012,09,6,7,264.9
2012,09,7,0,265.4
2012,09,7,1,265.3
2012,09,7,2,264.3
2012,09,7,3,263.3
2012,09,7,4,263.5
2012,09,7,5,264.0
2012,09,7,6,263.5
2012,09,7,7,263.6
2012,09,8,0,263.6
2012,09,8,1,263.4
2012,09,8,2,263.1
2012,09,8,3,263.3
2012,09,8,4,263.7
2012,09,8,5,263.8
2012,09,8,6,265.1
2012,09,8,7,265.9
2012,09,9,0,268.9
2012,09,9,1,269.4
2012,09,9,2,269.2
2012,09,9,3,269.5
2012,09,9,4,268.2
2012,09,9,5,268.5
2012,09,9,6,268.6
2012,09,9,7,268.2
2012,09,10,0,267.9
2012,09,10,1,268.4
2012,09,10,2,268.3
2012,09,10,3,267.9
2012,09,10,4,267.6
2012,09,10,5,267.1
2012,09,10,6,267.5
2012,09,10,7,267.2
2012,09,11,0,266.2
2012,09,11,1,265.3
2012,09,11,2,264.7
2012,09,11,3,263.5
2012,09,11,4,261.5
2012,09,11,5,259.6
2012,09,11,6,259.3
2012,09,11,7,259.3
2012,09,12,0,259.4
2012,09,12,1,259.5
2012,09,12,2,260.1
2012,09,12,3,259.6
2012,09,12,4,259.8
2012,09,12,5,259.6
2012,09,12,6,261.0
2012,09,12,7,261.1
2012,09,13,0,261.0
2012,09,13,1,261.9
2012,09,13,2,262.2
2012,09,13,3,261.7
2012,09,13,4,260.6
2012,09,13,5,259.0
2012,09,13,6,254.9
2012,09,13,7,253.0
2012,09,14,0,254.1
2012,09,14,1,255.5
2012,09,14,2,256.7
2012,09,14,3,258.4
2012,09,14,4,258.2
2012,09,14,5,258.2
2012,09,14,6,259.1
2012,09,14,7,261.0
2012,09,15,0,261.5
2012,09,15,1,261.2
2012,09,15,2,260.9
2012,09,15,3,259.7
2012,09,15,4,255.8
2012,09,15,5,250.9
2012,09,15,6,251.5
2012,09,15,7,253.2
2012,09,16,0,254.7
2012,09,16,1,255.0
2012,09,16,2,255.3
2012,09,16,3,256.0
2012,09,16,4,256.7
2012,09,16,5,257.8
2012,09,16,6,261.0
2012,09,16,7,261.5
2012,09,17,0,262.9
2012,09,17,1,263.5
2012,09,17,2,263.4
2012,09,17,3,263.5
2012,09,17,4,265.1
2012,09,17,5,264.7
2012,09,17,6,264.8
2012,09,17,7,264.8
2012,09,18,0,265.5
2012,09,18,1,265.2
2012,09,18,2,265.4
2012,09,18,3,264.6
2012,09,18,4,263.6
2012,09,18,5,263.0
2012,09,18,6,262.8
2012,09,18,7,261.3
2012,09,19,0,260.5
2012,09,19,1,259.3
2012,09,19,2,259.3
2012,09,19,3,257.9
2012,09,19,4,258.5
2012,09,19,5,259.9
2012,09,19,6,259.4
2012,09,19,7,260.0
2012,09,20,0,260.1
2012,09,20,1,260.8
2012,09,20,2,261.2
2012,09,20,3,261.3
2012,09,20,4,260.8
2012,09,20,5,260.4
2012,09,20,6,258.8
2012,09,20,7,259.4
2012,09,21,0,261.9
2012,09,21,1,263.6
2012,09,21,2,263.4
2012,09,21,3,265.4
2012,09,21,4,266.5
2012,09,21,5,266.8
2012,09,21,6,266.9
2012,09,21,7,266.2
2012,09,22,0,266.7
2012,09,22,1,267.3
2012,09,22,2,267.9
2012,09,22,3,268.4
2012,09,22,4,269.0
2012,09,22,5,268.7
2012,09,22,6,269.5
2012,09,22,7,269.9
2012,09,23,0,268.3
2012,09,23,1,270.4
2012,09,23,2,269.9
2012,09,23,3,270.0
2012,09,23,4,270.2
2012,09,23,5,269.6
2012,09,23,6,268.2
2012,09,23,7,267.7
2012,09,24,0,267.7
2012,09,24,1,268.0
2012,09,24,2,267.6
2012,09,24,3,267.0
2012,09,24,4,266.6
2012,09,24,5,266.4
2012,09,24,6,266.7
2012,09,24,7,266.3
2012,09,25,0,266.1
2012,09,25,1,266.9
2012,09,25,2,267.8
2012,09,25,3,268.0
2012,09,25,4,267.0
2012,09,25,5,263.8
2012,09,25,6,262.4
2012,09,25,7,260.7
2012,09,26,0,260.2
2012,09,26,1,258.7
2012,09,26,2,258.0
2012,09,26,3,257.8
2012,09,26,4,258.3
2012,09,26,5,258.4
2012,09,26,6,258.1
2012,09,26,7,257.5
2012,09,27,0,258.2
2012,09,27,1,257.9
2012,09,27,2,257.4
2012,09,27,3,256.4
2012,09,27,4,255.8
2012,09,27,5,255.2
2012,09,27,6,254.8
2012,09,27,7,253.7
2012,09,28,0,253.4
2012,09,28,1,253.3
2012,09,28,2,252.7
2012,09,28,3,252.7
2012,09,28,4,253.4
2012,09,28,5,257.2
2012,09,28,6,258.6
2012,09,28,7,258.8
2012,09,29,0,257.6
2012,09,29,1,258.8
2012,09,29,2,260.0
2012,09,29,3,261.5
2012,09,29,4,261.7
2012,09,29,5,262.2
2012,09,29,6,262.7
2012,09,29,7,262.1
2012,09,1,0,261.9
2012,09,1,1,260.7
2012,09,1,2,259.2
2012,09,1,3,257.7
2012,09,1,4,256.5
2012,09,1,5,256.1
2012,09,1,6,260.4
2012,09,1,7,261.1
2012,09,2,0,261.9
2012,09,2,1,264.5
2012,09,2,2,266.6
2012,09,2,3,265.1
2012,09,2,4,264.6
2012,09,2,5,263.4
2012,09,2,6,263.6
2012,09,2,7,263.7
2012,09,3,0,264.5
2012,09,3,1,265.8
2012,09,3,2,266.1
2012,09,3,3,266.2
2012,09,3,4,266.5
2012,09,3,5,266.5
2012,09,3,6,266.8
2012,09,3,7,267.3
2012,09,4,0,266.4
2012,09,4,1,266.0
2012,09,4,2,266.1
2012,09,4,3,266.4
2012,09,4,4,266.3
2012,09,4,5,266.0
2012,09,4,6,266.2
2012,09,4,7,265.6
2012,09,5,0,266.1
2012,09,5,1,265.9
2012,09,5,2,265.7
2012,09,5,3,266.0
2012,09,5,4,266.0
2012,09,5,5,265.7
2012,09,5,6,265.6
2012,09,5,7,265.2
2012,09,6,0,265.2
2012,09,6,1,265.4
2012,09,6,2,265.7
2012,09,6,3,266.1
2012,09,6,4,265.4
2012,09,6,5,263.4
2012,09,6,6,257.3
2012,09,6,7,252.9
2012,09,7,0,251.9
2012,09,7,1,250.1
2012,09,7,2,251.4
2012,09,7,3,253.1
2012,09,7,4,254.9
2012,09,7,5,257.8
2012,09,7,6,261.3
2012,09,7,7,264.4
2012,09,8,0,265.4
2012,09,8,1,266.3
2012,09,8,2,266.4
2012,09,8,3,266.5
2012,09,8,4,266.2
2012,09,8,5,265.4
2012,09,8,6,265.3
2012,09,8,7,265.2
2012,09,9,0,265.1
2012,09,9,1,265.9
2012,09,9,2,266.7
2012,09,9,3,266.7
2012,09,9,4,266.8
2012,09,9,5,267.4
2012,09,9,6,268.5
2012,09,9,7,268.4
2012,09,10,0,267.8
2012,09,10,1,268.9
2012,09,10,2,269.9
2012,09,10,3,269.5
2012,09,10,4,268.7
2012,09,10,5,267.9
2012,09,10,6,267.7
2012,09,10,7,266.1
2012,09,11,0,265.9
2012,09,11,1,265.8
2012,09,11,2,265.8
2012,09,11,3,265.9
2012,09,11,4,265.5
2012,09,11,5,264.9
2012,09,11,6,264.3
2012,09,11,7,263.6
2012,09,12,0,263.8
2012,09,12,1,264.5
2012,09,12,2,264.5
2012,09,12,3,264.1
2012,09,12,4,264.1
2012,09,12,5,264.3
2012,09,12,6,264.4
2012,09,12,7,263.3
2012,09,13,0,263.8
2012,09,13,1,264.6
2012,09,13,2,264.9
2012,09,13,3,264.9
2012,09,13,4,265.4
2012,09,13,5,265.1
2012,09,13,6,265.3
2012,09,13,7,265.0
2012,09,14,0,263.7
2012,09,14,1,264.1
2012,09,14,2,264.4
2012,09,14,3,264.6
2012,09,14,4,264.1
2012,09,14,5,263.8
2012,09,14,6,264.1
2012,09,14,7,263.9
2012,09,15,0,264.4
2012,09,15,1,264.4
2012,09,15,2,265.0
2012,09,15,3,265.2
2012,09,15,4,265.5
2012,09,15,5,266.0
2012,09,15,6,266.4
2012,09,15,7,264.7
2012,09,16,0,263.9
2012,09,16,1,264.7
2012,09,16,2,266.7
2012,09,16,3,266.0
2012,09,16,4,266.9
2012,09,16,5,266.8
2012,09,16,6,266.3
2012,09,16,7,265.4
2012,09,17,0,264.2
2012,09,17,1,264.1
2012,09,17,2,264.1
2012,09,17,3,263.8
2012,09,17,4,263.1
2012,09,17,5,260.3
2012,09,17,6,256.9
2012,09,17,7,255.1
2012,09,18,0,254.7
2012,09,18,1,254.2
2012,09,18,2,253.2
2012,09,18,3,252.8
2012,09,18,4,252.3
2012,09,18,5,251.9
2012,09,18,6,251.9
2012,09,18,7,251.2
2012,09,19,0,250.8
2012,09,19,1,250.2
2012,09,19,2,250.0
2012,09,19,3,250.0
2012,09,19,4,251.6
2012,09,19,5,255.4
2012,09,19,6,257.3
2012,09,19,7,259.0
2012,09,20,0,260.3
2012,09,20,1,262.3
2012,09,20,2,264.1
2012,09,20,3,265.6
2012,09,20,4,266.9
2012,09,20,5,268.4
2012,09,20,6,268.4
2012,09,20,7,268.5
2012,09,21,0,267.6
2012,09,21,1,269.3
2012,09,21,2,269.0
2012,09,21,3,269.6
2012,09,21,4,268.2
2012,09,21,5,267.8
2012,09,21,6,267.6
2012,09,21,7,267.2
2012,09,22,0,267.5
2012,09,22,1,268.0
2012,09,22,2,268.4
2012,09,22,3,268.4
2012,09,22,4,268.2
2012,09,22,5,268.2
2012,09,22,6,267.9
2012,09,22,7,267.1
2012,09,23,0,266.6
2012,09,23,1,266.8
2012,09,23,2,266.5
2012,09,23,3,266.0
2012,09,23,4,265.1
2012,09,23,5,264.4
2012,09,23,6,264.2
2012,09,23,7,263.2
2012,09,24,0,263.4
2012,09,24,1,263.8
2012,09,24,2,264.1
2012,09,24,3,264.1
2012,09,24,4,263.8
2012,09,24,5,264.0
2012,09,24,6,264.1
2012,09,24,7,264.3
2012,09,25,0,262.9
2012,09,25,1,263.1
2012,09,25,2,262.9
2012,09,25,3,262.6
2012,09,25,4,262.0
2012,09,25,5,260.8
2012,09,25,6,259.3
2012,09,25,7,259.4
2012,09,26,0,260.1
2012,09,26,1,258.7
2012,09,26,2,256.7
2012,09,26,3,255.5
2012,09,26,4,254.8
2012,09,26,5,260.7
2012,09,26,6,262.5
2012,09,26,7,261.4
2012,09,27,0,261.1
2012,09,27,1,261.5
2012,09,27,2,262.2
2012,09,27,3,262.5
2012,09,27,4,261.4
2012,09,27,5,261.1
2012,09,27,6,262.8
2012,09,27,7,262.6
2012,09,28,0,263.6
2012,09,28,1,265.5
2012,09,28,2,265.8
2012,09,28,3,265.7
2012,09,28,4,265.0
2012,09,28,5,265.0
2012,09,28,6,263.7
2012,09,28,7,262.6
2012,09,29,0,262.5
2012,09,29,1,262.7
2012,09,29,2,264.1
2012,09,29,3,265.1
2012,09,29,4,266.7
2012,09,29,5,266.0
2012,09,29,6,266.3
2012,09,29,7,265.8
2012,09,30,0,266.0
2012,09,30,1,267.4
2012,09,30,2,267.6
2012,09,30,3,268.2
2012,09,30,4,267.6
2012,09,30,5,267.4
2012,09,30,6,268.1
2012,09,30,7,267.9
2012,09,31,0,268.6
2012,09,31,1,269.1
2012,09,31,2,269.7
2012,09,31,3,270.4
2012,09,31,4,271.0
2012,09,31,5,271.4
2012,09,31,6,270.4
2012,09,31,7,268.7
2012,09,1,0,265.0
2012,09,1,1,262.7
2012,09,1,2,258.0
2012,09,1,3,254.7
2012,09,1,4,254.6
2012,09,1,5,253.3
2012,09,1,6,254.5
2012,09,1,7,255.4
2012,09,2,0,257.5
2012,09,2,1,261.0
2012,09,2,2,264.7
2012,09,2,3,264.4
2012,09,2,4,266.4
2012,09,2,5,266.6
2012,09,2,6,267.0
2012,09,2,7,267.4
2012,09,3,0,267.6
2012,09,3,1,267.9
2012,09,3,2,267.8
2012,09,3,3,267.7
2012,09,3,4,267.5
2012,09,3,5,267.2
2012,09,3,6,267.1
2012,09,3,7,266.7
2012,09,4,0,266.8
2012,09,4,1,267.0
2012,09,4,2,266.8
2012,09,4,3,266.3
2012,09,4,4,266.3
2012,09,4,5,265.1
2012,09,4,6,263.9
2012,09,4,7,262.6
2012,09,5,0,263.0
2012,09,5,1,263.4
2012,09,5,2,262.5
2012,09,5,3,260.9
2012,09,5,4,259.4
2012,09,5,5,257.6
2012,09,5,6,255.2
2012,09,5,7,253.6
2012,09,6,0,251.7
2012,09,6,1,250.0
2012,09,6,2,250.4
2012,09,6,3,252.0
2012,09,6,4,254.6
2012,09,6,5,257.4
2012,09,6,6,259.1
2012,09,6,7,258.8
2012,09,7,0,259.0
2012,09,7,1,260.3
2012,09,7,2,263.0
2012,09,7,3,263.3
2012,09,7,4,263.8
2012,09,7,5,264.1
2012,09,7,6,264.3
2012,09,7,7,264.5
2012,09,8,0,264.6
2012,09,8,1,265.4
2012,09,8,2,265.9
2012,09,8,3,266.1
2012,09,8,4,266.1
2012,09,8,5,266.2
2012,09,8,6,266.6
2012,09,8,7,266.7
2012,09,9,0,265.1
2012,09,9,1,265.4
2012,09,9,2,265.8
2012,09,9,3,266.6
2012,09,9,4,266.7
2012,09,9,5,266.8
2012,09,9,6,267.2
2012,09,9,7,267.0
2012,09,10,0,266.2
2012,09,10,1,265.9
2012,09,10,2,266.1
2012,09,10,3,266.0
2012,09,10,4,265.8
2012,09,10,5,265.2
2012,09,10,6,265.2
2012,09,10,7,263.5
2012,09,11,0,263.2
2012,09,11,1,262.9
2012,09,11,2,262.3
2012,09,11,3,260.6
2012,09,11,4,259.1
2012,09,11,5,258.7
2012,09,11,6,258.1
2012,09,11,7,257.8
2012,09,12,0,256.5
2012,09,12,1,255.7
2012,09,12,2,257.0
2012,09,12,3,257.8
2012,09,12,4,256.7
2012,09,12,5,255.9
2012,09,12,6,256.1
2012,09,12,7,256.0
2012,09,13,0,255.6
2012,09,13,1,256.0
2012,09,13,2,256.1
2012,09,13,3,256.4
2012,09,13,4,256.8
2012,09,13,5,256.5
2012,09,13,6,256.4
2012,09,13,7,256.4
2012,09,14,0,255.5
2012,09,14,1,255.2
2012,09,14,2,255.1
2012,09,14,3,256.3
2012,09,14,4,256.3
2012,09,14,5,257.0
2012,09,14,6,257.3
2012,09,14,7,258.6
2012,09,15,0,258.7
2012,09,15,1,258.2
2012,09,15,2,260.9
2012,09,15,3,260.6
2012,09,15,4,261.6
2012,09,15,5,261.9
2012,09,15,6,262.6
2012,09,15,7,262.5
2012,09,16,0,263.1
2012,09,16,1,264.6
2012,09,16,2,265.9
2012,09,16,3,266.3
2012,09,16,4,265.5
2012,09,16,5,264.5
2012,09,16,6,264.9
2012,09,16,7,264.4
2012,09,17,0,264.9
2012,09,17,1,265.4
2012,09,17,2,264.6
2012,09,17,3,264.1
2012,09,17,4,264.4
2012,09,17,5,265.3
2012,09,17,6,267.3
2012,09,17,7,265.3
2012,09,18,0,266.7
2012,09,18,1,266.6
2012,09,18,2,267.4
2012,09,18,3,267.9
2012,09,18,4,267.8
2012,09,18,5,267.5
2012,09,18,6,268.2
2012,09,18,7,267.7
2012,09,19,0,267.3
2012,09,19,1,267.5
2012,09,19,2,267.6
2012,09,19,3,267.7
2012,09,19,4,270.8
2012,09,19,5,270.7
2012,09,19,6,270.0
2012,09,19,7,269.5
2012,09,20,0,269.9
2012,09,20,1,269.9
2012,09,20,2,270.2
2012,09,20,3,270.3
2012,09,20,4,270.2
2012,09,20,5,270.0
2012,09,20,6,270.2
2012,09,20,7,269.1
2012,09,21,0,270.0
2012,09,21,1,269.9
2012,09,21,2,269.5
2012,09,21,3,269.6
2012,09,21,4,269.8
2012,09,21,5,269.8
2012,09,21,6,269.6
2012,09,21,7,269.6
2012,09,22,0,270.7
2012,09,22,1,270.9
2012,09,22,2,270.8
2012,09,22,3,270.9
2012,09,22,4,270.7
2012,09,22,5,270.6
2012,09,22,6,270.7
2012,09,22,7,270.6
2012,09,23,0,271.4
2012,09,23,1,271.1
2012,09,23,2,270.7
2012,09,23,3,270.3
2012,09,23,4,269.6
2012,09,23,5,268.9
2012,09,23,6,268.9
2012,09,23,7,269.3
2012,09,24,0,269.3
2012,09,24,1,268.7
2012,09,24,2,268.2
2012,09,24,3,267.6
2012,09,24,4,268.6
2012,09,24,5,267.8
2012,09,24,6,268.5
2012,09,24,7,267.9
2012,09,25,0,268.2
2012,09,25,1,267.8
2012,09,25,2,268.2
2012,09,25,3,268.3
2012,09,25,4,267.5
2012,09,25,5,266.8
2012,09,25,6,267.0
2012,09,25,7,266.9
2012,09,26,0,267.4
2012,09,26,1,266.7
2012,09,26,2,266.5
2012,09,26,3,266.4
2012,09,26,4,267.9
2012,09,26,5,267.1
2012,09,26,6,267.2
2012,09,26,7,266.9
2012,09,27,0,269.4
2012,09,27,1,268.6
2012,09,27,2,270.9
2012,09,27,3,270.0
2012,09,27,4,269.9
2012,09,27,5,268.7
2012,09,27,6,269.1
2012,09,27,7,269.0
2012,09,28,0,269.2
2012,09,28,1,267.4
2012,09,28,2,267.4
2012,09,28,3,266.8
2012,09,28,4,266.7
2012,09,28,5,267.2
2012,09,28,6,267.3
2012,09,28,7,268.6
2012,09,29,0,267.2
2012,09,29,1,267.5
2012,09,29,2,267.2
2012,09,29,3,266.9
2012,09,29,4,266.9
2012,09,29,5,266.9
2012,09,29,6,267.4
2012,09,29,7,266.7
2012,09,30,0,267.5
2012,09,30,1,267.7
2012,09,30,2,267.5
2012,09,30,3,268.3
2012,09,30,4,269.2
2012,09,30,5,270.1
2012,09,30,6,269.6
2012,09,30,7,268.8
2012,09,1,0,269.8
2012,09,1,1,270.2
2012,09,1,2,270.0
2012,09,1,3,269.7
2012,09,1,4,269.2
2012,09,1,5,269.6
2012,09,1,6,270.1
2012,09,1,7,268.9
2012,09,2,0,269.1
2012,09,2,1,268.8
2012,09,2,2,268.7
2012,09,2,3,268.1
2012,09,2,4,267.9
2012,09,2,5,268.6
2012,09,2,6,268.5
2012,09,2,7,267.8
2012,09,3,0,268.5
2012,09,3,1,268.2
2012,09,3,2,267.4
2012,09,3,3,266.4
2012,09,3,4,267.4
2012,09,3,5,268.5
2012,09,3,6,268.8
2012,09,3,7,267.5
2012,09,4,0,268.9
2012,09,4,1,269.9
2012,09,4,2,269.5
2012,09,4,3,268.5
2012,09,4,4,266.6
2012,09,4,5,265.4
2012,09,4,6,264.6
2012,09,4,7,264.3
2012,09,5,0,265.1
2012,09,5,1,264.9
2012,09,5,2,263.5
2012,09,5,3,263.4
2012,09,5,4,264.0
2012,09,5,5,264.6
2012,09,5,6,264.1
2012,09,5,7,264.6
2012,09,6,0,262.4
2012,09,6,1,262.4
2012,09,6,2,262.8
2012,09,6,3,262.7
2012,09,6,4,262.4
2012,09,6,5,262.5
2012,09,6,6,263.4
2012,09,6,7,263.4
2012,09,7,0,264.0
2012,09,7,1,264.4
2012,09,7,2,265.4
2012,09,7,3,266.4
2012,09,7,4,266.8
2012,09,7,5,267.5
2012,09,7,6,267.0
2012,09,7,7,265.5
2012,09,8,0,265.6
2012,09,8,1,265.4
2012,09,8,2,265.8
2012,09,8,3,268.1
2012,09,8,4,269.0
2012,09,8,5,269.5
2012,09,8,6,269.7
2012,09,8,7,268.0
2012,09,9,0,269.5
2012,09,9,1,270.4
2012,09,9,2,271.3
2012,09,9,3,271.4
2012,09,9,4,271.1
2012,09,9,5,271.2
2012,09,9,6,270.8
2012,09,9,7,272.0
2012,09,10,0,273.2
2012,09,10,1,273.4
2012,09,10,2,273.1
2012,09,10,3,272.4
2012,09,10,4,272.0
2012,09,10,5,271.6
2012,09,10,6,271.0
2012,09,10,7,271.7
2012,09,11,0,271.9
2012,09,11,1,271.2
2012,09,11,2,270.8
2012,09,11,3,270.1
2012,09,11,4,269.2
2012,09,11,5,268.8
2012,09,11,6,268.5
2012,09,11,7,267.9
2012,09,12,0,269.3
2012,09,12,1,269.2
2012,09,12,2,268.5
2012,09,12,3,268.6
2012,09,12,4,268.7
2012,09,12,5,268.6
2012,09,12,6,269.0
2012,09,12,7,268.7
2012,09,13,0,270.5
2012,09,13,1,271.0
2012,09,13,2,270.9
2012,09,13,3,271.0
2012,09,13,4,271.6
2012,09,13,5,272.4
2012,09,13,6,273.9
2012,09,13,7,272.4
2012,09,14,0,273.8
2012,09,14,1,273.8
2012,09,14,2,274.2
2012,09,14,3,274.4
2012,09,14,4,273.6
2012,09,14,5,273.6
2012,09,14,6,273.3
2012,09,14,7,272.2
2012,09,15,0,272.7
2012,09,15,1,272.2
2012,09,15,2,271.1
2012,09,15,3,269.6
2012,09,15,4,267.0
2012,09,15,5,266.4
2012,09,15,6,266.8
2012,09,15,7,267.6
2012,09,16,0,269.3
2012,09,16,1,270.2
2012,09,16,2,270.2
2012,09,16,3,269.9
2012,09,16,4,269.8
2012,09,16,5,270.1
2012,09,16,6,270.5
2012,09,16,7,271.5
2012,09,17,0,272.9
2012,09,17,1,272.9
2012,09,17,2,272.5
2012,09,17,3,272.0
2012,09,17,4,271.4
2012,09,17,5,271.4
2012,09,17,6,270.4
2012,09,17,7,269.9
2012,09,18,0,268.5
2012,09,18,1,268.0
2012,09,18,2,266.5
2012,09,18,3,265.4
2012,09,18,4,264.5
2012,09,18,5,265.0
2012,09,18,6,266.9
2012,09,18,7,267.5
2012,09,19,0,266.5
2012,09,19,1,267.9
2012,09,19,2,268.3
2012,09,19,3,267.8
2012,09,19,4,268.5
2012,09,19,5,267.5
2012,09,19,6,268.1
2012,09,19,7,266.9
2012,09,20,0,268.7
2012,09,20,1,269.2
2012,09,20,2,269.2
2012,09,20,3,270.0
2012,09,20,4,270.3
2012,09,20,5,270.1
2012,09,20,6,271.3
2012,09,20,7,270.3
2012,09,21,0,271.9
2012,09,21,1,272.2
2012,09,21,2,271.9
2012,09,21,3,271.9
2012,09,21,4,272.1
2012,09,21,5,272.3
2012,09,21,6,272.4
2012,09,21,7,273.0
2012,09,22,0,273.8
2012,09,22,1,274.3
2012,09,22,2,274.8
2012,09,22,3,274.6
2012,09,22,4,274.7
2012,09,22,5,273.7
2012,09,22,6,272.5
2012,09,22,7,271.9
2012,09,23,0,273.5
2012,09,23,1,274.2
2012,09,23,2,274.5
2012,09,23,3,274.7
2012,09,23,4,273.3
2012,09,23,5,272.6
2012,09,23,6,272.9
2012,09,23,7,271.5
2012,09,24,0,270.0
2012,09,24,1,270.7
2012,09,24,2,271.9
2012,09,24,3,271.4
2012,09,24,4,271.0
2012,09,24,5,270.6
2012,09,24,6,270.0
2012,09,24,7,268.9
2012,09,25,0,269.7
2012,09,25,1,270.7
2012,09,25,2,269.3
2012,09,25,3,266.4
2012,09,25,4,263.1
2012,09,25,5,259.6
2012,09,25,6,256.0
2012,09,25,7,257.1
2012,09,26,0,257.3
2012,09,26,1,257.8
2012,09,26,2,257.2
2012,09,26,3,257.4
2012,09,26,4,257.5
2012,09,26,5,259.2
2012,09,26,6,258.8
2012,09,26,7,258.3
2012,09,27,0,258.8
2012,09,27,1,258.5
2012,09,27,2,258.6
2012,09,27,3,259.4
2012,09,27,4,261.4
2012,09,27,5,263.6
2012,09,27,6,265.4
2012,09,27,7,264.4
2012,09,28,0,265.4
2012,09,28,1,266.0
2012,09,28,2,267.2
2012,09,28,3,268.3
2012,09,28,4,268.7
2012,09,28,5,268.5
2012,09,28,6,268.7
2012,09,28,7,267.2
2012,09,29,0,268.4
2012,09,29,1,268.6
2012,09,29,2,268.4
2012,09,29,3,268.2
2012,09,29,4,268.5
2012,09,29,5,268.6
2012,09,29,6,268.5
2012,09,29,7,267.7
2012,09,30,0,269.1
2012,09,30,1,269.1
2012,09,30,2,268.4
2012,09,30,3,267.9
2012,09,30,4,267.8
2012,09,30,5,268.4
2012,09,30,6,269.0
2012,09,30,7,269.3
2012,09,31,0,270.5
2012,09,31,1,271.4
2012,09,31,2,272.6
2012,09,31,3,273.0
2012,09,31,4,272.2
2012,09,31,5,272.5
2012,09,31,6,272.4
2012,09,31,7,272.2
2012,09,1,0,273.4
2012,09,1,1,273.4
2012,09,1,2,273.0
2012,09,1,3,272.5
2012,09,1,4,271.7
2012,09,1,5,271.2
2012,09,1,6,270.9
2012,09,1,7,272.3
2012,09,2,0,273.2
2012,09,2,1,272.9
2012,09,2,2,272.8
2012,09,2,3,272.4
2012,09,2,4,271.9
2012,09,2,5,271.8
2012,09,2,6,272.2
2012,09,2,7,272.9
2012,09,3,0,274.1
2012,09,3,1,274.4
2012,09,3,2,274.4
2012,09,3,3,273.7
2012,09,3,4,273.1
2012,09,3,5,272.7
2012,09,3,6,272.5
2012,09,3,7,273.4
2012,09,4,0,274.2
2012,09,4,1,273.9
2012,09,4,2,273.6
2012,09,4,3,272.8
2012,09,4,4,271.7
2012,09,4,5,271.7
2012,09,4,6,271.3
2012,09,4,7,270.2
2012,09,5,0,270.2
2012,09,5,1,270.9
2012,09,5,2,269.6
2012,09,5,3,265.4
2012,09,5,4,262.1
2012,09,5,5,262.7
2012,09,5,6,269.0
2012,09,5,7,270.4
2012,09,6,0,270.6
2012,09,6,1,270.7
2012,09,6,2,271.7
2012,09,6,3,271.6
2012,09,6,4,269.9
2012,09,6,5,268.8
2012,09,6,6,267.7
2012,09,6,7,266.1
2012,09,7,0,267.0
2012,09,7,1,267.7
2012,09,7,2,271.1
2012,09,7,3,271.5
2012,09,7,4,271.9
2012,09,7,5,272.1
2012,09,7,6,272.3
2012,09,7,7,271.0
2012,09,8,0,271.9
2012,09,8,1,272.4
2012,09,8,2,272.5
2012,09,8,3,272.8
2012,09,8,4,273.0
2012,09,8,5,273.2
2012,09,8,6,272.9
2012,09,8,7,272.7
2012,09,9,0,274.5
2012,09,9,1,275.3
2012,09,9,2,275.2
2012,09,9,3,274.8
2012,09,9,4,274.4
2012,09,9,5,274.4
2012,09,9,6,274.0
2012,09,9,7,272.1
2012,09,10,0,272.0
2012,09,10,1,271.2
2012,09,10,2,271.8
2012,09,10,3,271.4
2012,09,10,4,271.7
2012,09,10,5,272.8
2012,09,10,6,272.8
2012,09,10,7,273.8
2012,09,11,0,270.6
2012,09,11,1,270.9
2012,09,11,2,270.9
2012,09,11,3,271.5
2012,09,11,4,271.6
2012,09,11,5,271.2
2012,09,11,6,270.4
2012,09,11,7,270.9
2012,09,12,0,272.4
2012,09,12,1,272.6
2012,09,12,2,271.9
2012,09,12,3,271.9
2012,09,12,4,272.1
2012,09,12,5,272.5
2012,09,12,6,273.6
2012,09,12,7,273.1
2012,09,13,0,274.2
2012,09,13,1,274.4
2012,09,13,2,273.8
2012,09,13,3,273.3
2012,09,13,4,273.8
2012,09,13,5,273.8
2012,09,13,6,274.0
2012,09,13,7,271.8
2012,09,14,0,273.1
2012,09,14,1,273.7
2012,09,14,2,273.4
2012,09,14,3,273.0
2012,09,14,4,272.9
2012,09,14,5,272.9
2012,09,14,6,272.7
2012,09,14,7,273.5
2012,09,15,0,274.9
2012,09,15,1,274.7
2012,09,15,2,274.5
2012,09,15,3,274.3
2012,09,15,4,274.1
2012,09,15,5,273.6
2012,09,15,6,272.5
2012,09,15,7,273.5
2012,09,16,0,275.0
2012,09,16,1,275.2
2012,09,16,2,275.1
2012,09,16,3,274.9
2012,09,16,4,274.6
2012,09,16,5,274.2
2012,09,16,6,274.2
2012,09,16,7,275.1
2012,09,17,0,276.6
2012,09,17,1,276.6
2012,09,17,2,276.0
2012,09,17,3,275.5
2012,09,17,4,274.9
2012,09,17,5,274.8
2012,09,17,6,274.9
2012,09,17,7,276.1
2012,09,18,0,276.8
2012,09,18,1,276.0
2012,09,18,2,275.2
2012,09,18,3,274.9
2012,09,18,4,275.1
2012,09,18,5,274.9
2012,09,18,6,274.9
2012,09,18,7,274.9
2012,09,19,0,275.7
2012,09,19,1,276.8
2012,09,19,2,276.4
2012,09,19,3,275.5
2012,09,19,4,275.5
2012,09,19,5,275.7
2012,09,19,6,276.2
2012,09,19,7,275.3
2012,09,20,0,275.5
2012,09,20,1,276.1
2012,09,20,2,278.0
2012,09,20,3,278.1
2012,09,20,4,277.6
2012,09,20,5,277.1
2012,09,20,6,277.5
2012,09,20,7,275.3
2012,09,21,0,275.8
2012,09,21,1,275.9
2012,09,21,2,276.6
2012,09,21,3,277.0
2012,09,21,4,276.0
2012,09,21,5,276.2
2012,09,21,6,276.0
2012,09,21,7,274.5
2012,09,22,0,275.0
2012,09,22,1,275.4
2012,09,22,2,275.0
2012,09,22,3,273.6
2012,09,22,4,272.4
2012,09,22,5,273.4
2012,09,22,6,274.4
2012,09,22,7,273.1
2012,09,23,0,273.9
2012,09,23,1,274.1
2012,09,23,2,274.0
2012,09,23,3,273.6
2012,09,23,4,273.2
2012,09,23,5,273.3
2012,09,23,6,274.2
2012,09,23,7,273.6
2012,09,24,0,274.4
2012,09,24,1,275.7
2012,09,24,2,276.0
2012,09,24,3,275.6
2012,09,24,4,275.2
2012,09,24,5,275.0
2012,09,24,6,274.4
2012,09,24,7,273.7
2012,09,25,0,274.5
2012,09,25,1,275.0
2012,09,25,2,275.7
2012,09,25,3,275.5
2012,09,25,4,274.7
2012,09,25,5,274.1
2012,09,25,6,272.9
2012,09,25,7,272.8
2012,09,26,0,273.6
2012,09,26,1,274.4
2012,09,26,2,274.8
2012,09,26,3,274.4
2012,09,26,4,274.0
2012,09,26,5,273.2
2012,09,26,6,274.2
2012,09,26,7,272.1
2012,09,27,0,273.4
2012,09,27,1,273.4
2012,09,27,2,273.4
2012,09,27,3,274.1
2012,09,27,4,274.7
2012,09,27,5,275.1
2012,09,27,6,275.0
2012,09,27,7,273.8
2012,09,28,0,275.1
2012,09,28,1,275.3
2012,09,28,2,276.1
2012,09,28,3,277.0
2012,09,28,4,277.0
2012,09,28,5,277.1
2012,09,28,6,275.5
2012,09,28,7,276.4
2012,09,29,0,277.6
2012,09,29,1,277.9
2012,09,29,2,277.9
2012,09,29,3,277.1
2012,09,29,4,276.4
2012,09,29,5,276.0
2012,09,29,6,274.3
2012,09,29,7,276.8
2012,09,30,0,278.1
2012,09,30,1,278.0
2012,09,30,2,277.3
2012,09,30,3,276.9
2012,09,30,4,277.0
2012,09,30,5,277.8
2012,09,30,6,276.5
2012,09,30,7,277.3
2012,09,1,0,278.2
2012,09,1,1,278.0
2012,09,1,2,277.6
2012,09,1,3,277.2
2012,09,1,4,276.2
2012,09,1,5,275.6
2012,09,1,6,274.0
2012,09,1,7,274.3
2012,09,2,0,275.7
2012,09,2,1,275.5
2012,09,2,2,274.7
2012,09,2,3,274.3
2012,09,2,4,274.5
2012,09,2,5,274.8
2012,09,2,6,274.6
2012,09,2,7,274.8
2012,09,3,0,276.1
2012,09,3,1,276.2
2012,09,3,2,276.1
2012,09,3,3,275.9
2012,09,3,4,275.8
2012,09,3,5,276.5
2012,09,3,6,276.1
2012,09,3,7,275.9
2012,09,4,0,276.8
2012,09,4,1,276.7
2012,09,4,2,276.1
2012,09,4,3,275.9
2012,09,4,4,275.6
2012,09,4,5,275.2
2012,09,4,6,274.3
2012,09,4,7,274.9
2012,09,5,0,275.1
2012,09,5,1,273.8
2012,09,5,2,272.9
2012,09,5,3,272.4
2012,09,5,4,271.7
2012,09,5,5,271.6
2012,09,5,6,272.1
2012,09,5,7,272.3
2012,09,6,0,273.3
2012,09,6,1,272.8
2012,09,6,2,272.5
2012,09,6,3,272.5
2012,09,6,4,272.0
2012,09,6,5,271.6
2012,09,6,6,271.2
2012,09,6,7,272.2
2012,09,7,0,273.4
2012,09,7,1,273.4
2012,09,7,2,273.4
2012,09,7,3,273.5
2012,09,7,4,274.0
2012,09,7,5,275.0
2012,09,7,6,275.0
2012,09,7,7,273.4
2012,09,8,0,274.6
2012,09,8,1,274.8
2012,09,8,2,275.0
2012,09,8,3,274.5
2012,09,8,4,274.0
2012,09,8,5,274.1
2012,09,8,6,274.1
2012,09,8,7,275.4
2012,09,9,0,276.8
2012,09,9,1,276.7
2012,09,9,2,276.4
2012,09,9,3,275.8
2012,09,9,4,275.1
2012,09,9,5,274.5
2012,09,9,6,274.3
2012,09,9,7,276.0
2012,09,10,0,277.2
2012,09,10,1,277.1
2012,09,10,2,276.5
2012,09,10,3,276.3
2012,09,10,4,275.7
2012,09,10,5,275.4
2012,09,10,6,275.4
2012,09,10,7,276.8
2012,09,11,0,277.9
2012,09,11,1,277.4
2012,09,11,2,276.8
2012,09,11,3,276.4
2012,09,11,4,275.6
2012,09,11,5,275.5
2012,09,11,6,275.4
2012,09,11,7,276.2
2012,09,12,0,276.5
2012,09,12,1,275.7
2012,09,12,2,275.4
2012,09,12,3,275.4
2012,09,12,4,275.6
2012,09,12,5,275.5
2012,09,12,6,275.2
2012,09,12,7,273.8
2012,09,13,0,274.3
2012,09,13,1,274.7
2012,09,13,2,273.9
2012,09,13,3,273.6
2012,09,13,4,272.1
2012,09,13,5,270.7
2012,09,13,6,272.1
2012,09,13,7,271.7
2012,09,14,0,273.0
2012,09,14,1,272.7
2012,09,14,2,274.0
2012,09,14,3,273.5
2012,09,14,4,272.6
2012,09,14,5,272.4
2012,09,14,6,272.4
2012,09,14,7,272.3
2012,09,15,0,273.2
2012,09,15,1,272.8
2012,09,15,2,272.6
2012,09,15,3,273.0
2012,09,15,4,272.3
2012,09,15,5,271.6
2012,09,15,6,271.5
2012,09,15,7,271.8
2012,09,16,0,272.7
2012,09,16,1,272.2
2012,09,16,2,271.6
2012,09,16,3,271.5
2012,09,16,4,271.4
2012,09,16,5,271.4
2012,09,16,6,271.6
2012,09,16,7,271.3
2012,09,17,0,271.9
2012,09,17,1,271.8
2012,09,17,2,272.9
2012,09,17,3,272.7
2012,09,17,4,272.9
2012,09,17,5,273.4
2012,09,17,6,273.6
2012,09,17,7,271.2
2012,09,18,0,271.9
2012,09,18,1,272.5
2012,09,18,2,273.3
2012,09,18,3,273.4
2012,09,18,4,272.2
2012,09,18,5,272.0
2012,09,18,6,272.4
2012,09,18,7,270.9
2012,09,19,0,270.8
2012,09,19,1,270.6
2012,09,19,2,271.2
2012,09,19,3,271.5
2012,09,19,4,269.9
2012,09,19,5,269.2
2012,09,19,6,269.0
2012,09,19,7,268.3
2012,09,20,0,270.1
2012,09,20,1,269.9
2012,09,20,2,270.3
2012,09,20,3,271.7
2012,09,20,4,271.2
2012,09,20,5,270.4
2012,09,20,6,269.8
2012,09,20,7,271.6
2012,09,21,0,272.6
2012,09,21,1,272.7
2012,09,21,2,272.3
2012,09,21,3,272.1
2012,09,21,4,271.8
2012,09,21,5,272.2
2012,09,21,6,271.9
2012,09,21,7,272.9
2012,09,22,0,273.7
2012,09,22,1,273.7
2012,09,22,2,273.4
2012,09,22,3,273.2
2012,09,22,4,273.0
2012,09,22,5,273.2
2012,09,22,6,273.3
2012,09,22,7,274.5
2012,09,23,0,275.0
2012,09,23,1,275.0
2012,09,23,2,274.5
2012,09,23,3,273.7
2012,09,23,4,273.2
2012,09,23,5,273.0
2012,09,23,6,272.9
2012,09,23,7,273.9
2012,09,24,0,274.2
2012,09,24,1,273.8
2012,09,24,2,273.3
2012,09,24,3,273.5
2012,09,24,4,273.6
2012,09,24,5,274.0
2012,09,24,6,275.5
2012,09,24,7,275.2
2012,09,25,0,276.3
2012,09,25,1,276.3
2012,09,25,2,275.8
2012,09,25,3,276.2
2012,09,25,4,276.1
2012,09,25,5,276.4
2012,09,25,6,278.8
2012,09,25,7,276.5
2012,09,26,0,277.5
2012,09,26,1,277.3
2012,09,26,2,277.5
2012,09,26,3,277.0
2012,09,26,4,276.0
2012,09,26,5,275.3
2012,09,26,6,274.1
2012,09,26,7,275.1
2012,09,27,0,275.9
2012,09,27,1,275.7
2012,09,27,2,275.9
2012,09,27,3,276.1
2012,09,27,4,275.8
2012,09,27,5,275.6
2012,09,27,6,274.5
2012,09,27,7,275.2
2012,09,28,0,275.7
2012,09,28,1,275.4
2012,09,28,2,274.8
2012,09,28,3,274.4
2012,09,28,4,274.6
2012,09,28,5,274.8
2012,09,28,6,274.7
2012,09,28,7,274.1
2012,09,29,0,275.2
2012,09,29,1,274.9
2012,09,29,2,274.2
2012,09,29,3,274.0
2012,09,29,4,274.7
2012,09,29,5,275.3
2012,09,29,6,276.0
2012,09,29,7,273.9
2012,09,30,0,275.5
2012,09,30,1,275.6
2012,09,30,2,274.9
2012,09,30,3,275.0
2012,09,30,4,275.1
2012,09,30,5,275.8
2012,09,30,6,275.9
2012,09,30,7,274.8
2012,09,31,0,276.0
2012,09,31,1,275.7
2012,09,31,2,275.0
2012,09,31,3,274.9
2012,09,31,4,275.0
2012,09,31,5,275.0
2012,09,31,6,275.5
2012,09,31,7,275.2
2012,09,1,0,275.7
2012,09,1,1,275.3
2012,09,1,2,275.4
2012,09,1,3,275.2
2012,09,1,4,275.1
2012,09,1,5,275.6
2012,09,1,6,275.5
2012,09,1,7,275.6
2012,09,2,0,276.6
2012,09,2,1,275.9
2012,09,2,2,276.0
2012,09,2,3,276.2
2012,09,2,4,276.2
2012,09,2,5,276.1
2012,09,2,6,275.4
2012,09,2,7,276.4
2012,09,3,0,276.8
2012,09,3,1,275.8
2012,09,3,2,275.0
2012,09,3,3,274.5
2012,09,3,4,274.1
2012,09,3,5,273.7
2012,09,3,6,273.4
2012,09,3,7,274.2
2012,09,4,0,274.9
2012,09,4,1,274.7
2012,09,4,2,274.6
2012,09,4,3,274.4
2012,09,4,4,274.0
2012,09,4,5,273.3
2012,09,4,6,272.8
2012,09,4,7,273.0
2012,09,5,0,272.7
2012,09,5,1,271.7
2012,09,5,2,271.6
2012,09,5,3,271.2
2012,09,5,4,270.2
2012,09,5,5,270.5
2012,09,5,6,270.8
2012,09,5,7,272.7
2012,09,6,0,273.4
2012,09,6,1,272.9
2012,09,6,2,272.8
2012,09,6,3,272.7
2012,09,6,4,272.7
2012,09,6,5,272.7
2012,09,6,6,272.9
2012,09,6,7,274.8
2012,09,7,0,275.6
2012,09,7,1,275.2
2012,09,7,2,274.8
2012,09,7,3,274.6
2012,09,7,4,274.4
2012,09,7,5,276.0
2012,09,7,6,276.3
2012,09,7,7,275.2
2012,09,8,0,276.0
2012,09,8,1,275.6
2012,09,8,2,275.2
2012,09,8,3,274.9
2012,09,8,4,274.6
2012,09,8,5,274.2
2012,09,8,6,274.0
2012,09,8,7,274.9
2012,09,9,0,275.0
2012,09,9,1,275.1
2012,09,9,2,275.3
2012,09,9,3,275.4
2012,09,9,4,275.3
2012,09,9,5,275.4
2012,09,9,6,275.5
2012,09,9,7,276.6
2012,09,10,0,276.9
2012,09,10,1,276.1
2012,09,10,2,276.5
2012,09,10,3,276.3
2012,09,10,4,276.0
2012,09,10,5,275.9
2012,09,10,6,275.2
2012,09,10,7,275.5
2012,09,11,0,275.4
2012,09,11,1,275.6
2012,09,11,2,275.0
2012,09,11,3,274.4
2012,09,11,4,274.2
2012,09,11,5,274.2
2012,09,11,6,273.7
2012,09,11,7,274.4
2012,09,12,0,274.8
2012,09,12,1,274.1
2012,09,12,2,273.8
2012,09,12,3,273.4
2012,09,12,4,272.5
2012,09,12,5,272.2
2012,09,12,6,272.4
2012,09,12,7,274.1
2012,09,13,0,274.1
2012,09,13,1,274.2
2012,09,13,2,273.7
2012,09,13,3,273.6
2012,09,13,4,273.9
2012,09,13,5,273.4
2012,09,13,6,273.2
2012,09,13,7,274.2
2012,09,14,0,274.3
2012,09,14,1,273.9
2012,09,14,2,274.1
2012,09,14,3,275.0
2012,09,14,4,273.9
2012,09,14,5,273.2
2012,09,14,6,273.1
2012,09,14,7,274.0
2012,09,15,0,273.6
2012,09,15,1,273.6
2012,09,15,2,273.3
2012,09,15,3,272.0
2012,09,15,4,271.9
2012,09,15,5,272.0
2012,09,15,6,272.3
2012,09,15,7,273.6
2012,09,16,0,274.0
2012,09,16,1,273.9
2012,09,16,2,274.2
2012,09,16,3,274.2
2012,09,16,4,273.7
2012,09,16,5,273.4
2012,09,16,6,273.7
2012,09,16,7,274.3
2012,09,17,0,274.8
2012,09,17,1,274.5
2012,09,17,2,274.4
2012,09,17,3,274.2
2012,09,17,4,273.9
2012,09,17,5,273.2
2012,09,17,6,273.4
2012,09,17,7,273.8
2012,09,18,0,274.2
2012,09,18,1,274.1
2012,09,18,2,273.8
2012,09,18,3,273.4
2012,09,18,4,273.4
2012,09,18,5,273.5
2012,09,18,6,273.4
2012,09,18,7,274.2
2012,09,19,0,275.1
2012,09,19,1,275.1
2012,09,19,2,274.3
2012,09,19,3,274.0
2012,09,19,4,273.8
2012,09,19,5,273.8
2012,09,19,6,273.9
2012,09,19,7,274.8
2012,09,20,0,274.6
2012,09,20,1,274.2
2012,09,20,2,274.0
2012,09,20,3,273.5
2012,09,20,4,273.2
2012,09,20,5,273.5
2012,09,20,6,274.1
2012,09,20,7,274.3
2012,09,21,0,275.2
2012,09,21,1,275.1
2012,09,21,2,274.6
2012,09,21,3,274.6
2012,09,21,4,274.4
2012,09,21,5,274.2
2012,09,21,6,273.5
2012,09,21,7,274.2
2012,09,22,0,273.8
2012,09,22,1,273.7
2012,09,22,2,273.3
2012,09,22,3,273.0
2012,09,22,4,272.3
2012,09,22,5,271.7
2012,09,22,6,271.6
2012,09,22,7,271.1
2012,09,23,0,271.3
2012,09,23,1,271.5
2012,09,23,2,271.9
2012,09,23,3,271.9
2012,09,23,4,272.6
2012,09,23,5,273.4
2012,09,23,6,274.7
2012,09,23,7,272.8
2012,09,24,0,274.3
2012,09,24,1,274.6
2012,09,24,2,275.7
2012,09,24,3,274.8
2012,09,24,4,273.8
2012,09,24,5,274.6
2012,09,24,6,275.7
2012,09,24,7,274.2
2012,09,25,0,274.6
2012,09,25,1,274.3
2012,09,25,2,274.3
2012,09,25,3,273.9
2012,09,25,4,273.4
2012,09,25,5,273.5
2012,09,25,6,274.0
2012,09,25,7,274.6
2012,09,26,0,275.4
2012,09,26,1,274.9
2012,09,26,2,275.1
2012,09,26,3,274.8
2012,09,26,4,274.7
2012,09,26,5,274.2
2012,09,26,6,274.2
2012,09,26,7,273.9
2012,09,27,0,274.8
2012,09,27,1,275.0
2012,09,27,2,275.3
2012,09,27,3,275.0
2012,09,27,4,274.7
2012,09,27,5,275.3
2012,09,27,6,276.6
2012,09,27,7,274.6
2012,09,28,0,275.5
2012,09,28,1,276.0
2012,09,28,2,278.9
2012,09,28,3,277.0
2012,09,28,4,278.8
2012,09,28,5,277.1
2012,09,28,6,276.8
2012,09,28,7,275.5
2012,09,29,0,276.1
2012,09,29,1,275.9
2012,09,29,2,275.4
2012,09,29,3,275.0
2012,09,29,4,274.5
2012,09,29,5,274.2
2012,09,29,6,273.8
2012,09,29,7,275.0
2012,09,30,0,274.8
2012,09,30,1,274.8
2012,09,30,2,274.6
2012,09,30,3,274.0
2012,09,30,4,273.9
2012,09,30,5,273.7
2012,09,30,6,273.1
2012,09,30,7,274.4
2012,09,31,0,274.6
2012,09,31,1,274.0
2012,09,31,2,274.2
2012,09,31,3,274.2
2012,09,31,4,273.4
2012,09,31,5,272.7
2012,09,31,6,272.2
2012,09,31,7,273.2
2012,09,1,0,273.6
2012,09,1,1,273.2
2012,09,1,2,273.4
2012,09,1,3,272.8
2012,09,1,4,271.5
2012,09,1,5,271.3
2012,09,1,6,271.0
2012,09,1,7,271.6
2012,09,2,0,272.8
2012,09,2,1,272.2
2012,09,2,2,271.9
2012,09,2,3,271.7
2012,09,2,4,271.2
2012,09,2,5,270.8
2012,09,2,6,270.4
2012,09,2,7,270.9
2012,09,3,0,272.7
2012,09,3,1,272.7
2012,09,3,2,272.2
2012,09,3,3,272.3
2012,09,3,4,272.8
2012,09,3,5,273.4
2012,09,3,6,273.1
2012,09,3,7,273.5
2012,09,4,0,274.3
2012,09,4,1,274.1
2012,09,4,2,274.0
2012,09,4,3,273.5
2012,09,4,4,272.8
2012,09,4,5,272.2
2012,09,4,6,271.4
2012,09,4,7,272.2
2012,09,5,0,272.5
2012,09,5,1,272.1
2012,09,5,2,271.5
2012,09,5,3,271.1
2012,09,5,4,271.0
2012,09,5,5,270.6
2012,09,5,6,271.2
2012,09,5,7,271.3
2012,09,6,0,271.8
2012,09,6,1,272.2
2012,09,6,2,272.3
2012,09,6,3,272.3
2012,09,6,4,271.2
2012,09,6,5,271.9
2012,09,6,6,272.0
2012,09,6,7,272.0
2012,09,7,0,272.8
2012,09,7,1,271.8
2012,09,7,2,271.6
2012,09,7,3,271.5
2012,09,7,4,271.5
2012,09,7,5,271.3
2012,09,7,6,272.0
2012,09,7,7,271.6
2012,09,8,0,272.1
2012,09,8,1,272.5
2012,09,8,2,272.4
2012,09,8,3,272.0
2012,09,8,4,272.5
2012,09,8,5,272.1
2012,09,8,6,272.9
2012,09,8,7,273.2
2012,09,9,0,273.4
2012,09,9,1,273.6
2012,09,9,2,273.7
2012,09,9,3,273.7
2012,09,9,4,273.5
2012,09,9,5,273.2
2012,09,9,6,272.9
2012,09,9,7,273.9
2012,09,10,0,274.2
2012,09,10,1,274.1
2012,09,10,2,273.8
2012,09,10,3,273.4
2012,09,10,4,273.3
2012,09,10,5,272.8
2012,09,10,6,272.3
2012,09,10,7,273.3
2012,09,11,0,274.2
2012,09,11,1,273.3
2012,09,11,2,273.2
2012,09,11,3,272.3
2012,09,11,4,271.1
2012,09,11,5,270.2
2012,09,11,6,269.3
2012,09,11,7,269.9
2012,09,12,0,270.1
2012,09,12,1,269.7
2012,09,12,2,270.9
2012,09,12,3,272.2
2012,09,12,4,271.3
2012,09,12,5,271.4
2012,09,12,6,271.2
2012,09,12,7,271.1
2012,09,13,0,271.0
2012,09,13,1,272.3
2012,09,13,2,272.5
2012,09,13,3,272.9
2012,09,13,4,273.2
2012,09,13,5,273.0
2012,09,13,6,273.1
2012,09,13,7,273.0
2012,09,14,0,273.2
2012,09,14,1,273.3
2012,09,14,2,272.9
2012,09,14,3,272.6
2012,09,14,4,272.8
2012,09,14,5,273.3
2012,09,14,6,273.6
2012,09,14,7,273.2
2012,09,15,0,272.4
2012,09,15,1,273.3
2012,09,15,2,273.4
2012,09,15,3,273.0
2012,09,15,4,272.8
2012,09,15,5,272.3
2012,09,15,6,272.6
2012,09,15,7,271.5
2012,09,16,0,272.5
2012,09,16,1,272.3
2012,09,16,2,271.7
2012,09,16,3,271.3
2012,09,16,4,270.7
2012,09,16,5,270.0
2012,09,16,6,269.1
2012,09,16,7,269.6
2012,09,17,0,270.5
2012,09,17,1,270.2
2012,09,17,2,269.4
2012,09,17,3,267.4
2012,09,17,4,268.3
2012,09,17,5,265.9
2012,09,17,6,267.8
2012,09,17,7,266.8
2012,09,18,0,269.6
2012,09,18,1,267.7
2012,09,18,2,269.6
2012,09,18,3,270.4
2012,09,18,4,270.3
2012,09,18,5,270.9
2012,09,18,6,272.0
2012,09,18,7,269.2
2012,09,19,0,269.7
2012,09,19,1,270.2
2012,09,19,2,271.4
2012,09,19,3,272.7
2012,09,19,4,272.2
2012,09,19,5,271.8
2012,09,19,6,273.2
2012,09,19,7,271.0
2012,09,20,0,273.0
2012,09,20,1,273.0
2012,09,20,2,273.0
2012,09,20,3,273.1
2012,09,20,4,272.9
2012,09,20,5,273.3
2012,09,20,6,274.5
2012,09,20,7,272.7
2012,09,21,0,273.8
2012,09,21,1,274.1
2012,09,21,2,274.2
2012,09,21,3,274.0
2012,09,21,4,273.8
2012,09,21,5,273.7
2012,09,21,6,274.0
2012,09,21,7,274.1
2012,09,22,0,275.4
2012,09,22,1,275.3
2012,09,22,2,274.7
2012,09,22,3,274.0
2012,09,22,4,273.3
2012,09,22,5,272.7
2012,09,22,6,271.8
2012,09,22,7,272.0
2012,09,23,0,271.8
2012,09,23,1,272.0
2012,09,23,2,271.7
2012,09,23,3,271.4
2012,09,23,4,271.2
2012,09,23,5,270.7
2012,09,23,6,270.2
2012,09,23,7,271.3
2012,09,24,0,271.8
2012,09,24,1,272.2
2012,09,24,2,271.9
2012,09,24,3,271.2
2012,09,24,4,271.3
2012,09,24,5,270.7
2012,09,24,6,270.8
2012,09,24,7,270.0
2012,09,25,0,270.7
2012,09,25,1,271.7
2012,09,25,2,272.7
2012,09,25,3,272.2
2012,09,25,4,271.8
2012,09,25,5,271.4
2012,09,25,6,270.7
2012,09,25,7,268.2
2012,09,26,0,269.2
2012,09,26,1,270.0
2012,09,26,2,270.2
2012,09,26,3,270.8
2012,09,26,4,271.1
2012,09,26,5,272.1
2012,09,26,6,272.7
2012,09,26,7,271.0
2012,09,27,0,270.8
2012,09,27,1,270.7
2012,09,27,2,270.5
2012,09,27,3,272.1
2012,09,27,4,272.5
2012,09,27,5,271.7
2012,09,27,6,270.8
2012,09,27,7,270.6
2012,09,28,0,270.1
2012,09,28,1,269.6
2012,09,28,2,269.1
2012,09,28,3,268.9
2012,09,28,4,268.5
2012,09,28,5,268.2
2012,09,28,6,268.0
2012,09,28,7,268.8
2012,09,29,0,269.3
2012,09,29,1,269.0
2012,09,29,2,269.1
2012,09,29,3,269.0
2012,09,29,4,268.6
2012,09,29,5,268.5
2012,09,29,6,268.4
2012,09,29,7,268.8
2012,09,30,0,269.9
2012,09,30,1,269.9
2012,09,30,2,270.0
2012,09,30,3,269.9
2012,09,30,4,270.0
2012,09,30,5,270.3
2012,09,30,6,271.1
2012,09,30,7,271.4
2012,09,1,0,272.3
2012,09,1,1,272.8
2012,09,1,2,273.0
2012,09,1,3,275.2
2012,09,1,4,275.6
2012,09,1,5,274.7
2012,09,1,6,274.1
2012,09,1,7,272.9
2012,09,2,0,274.1
2012,09,2,1,274.1
2012,09,2,2,273.5
2012,09,2,3,273.3
2012,09,2,4,272.8
2012,09,2,5,274.3
2012,09,2,6,275.1
2012,09,2,7,273.5
2012,09,3,0,274.8
2012,09,3,1,274.7
2012,09,3,2,274.2
2012,09,3,3,274.7
2012,09,3,4,275.2
2012,09,3,5,275.7
2012,09,3,6,275.5
2012,09,3,7,273.7
2012,09,4,0,273.8
2012,09,4,1,273.0
2012,09,4,2,272.1
2012,09,4,3,272.2
2012,09,4,4,270.8
2012,09,4,5,271.1
2012,09,4,6,271.3
2012,09,4,7,270.0
2012,09,5,0,271.3
2012,09,5,1,271.0
2012,09,5,2,270.1
2012,09,5,3,271.3
2012,09,5,4,271.9
2012,09,5,5,271.3
2012,09,5,6,270.9
2012,09,5,7,269.9
2012,09,6,0,269.8
2012,09,6,1,269.9
2012,09,6,2,269.6
2012,09,6,3,269.8
2012,09,6,4,269.0
2012,09,6,5,269.6
2012,09,6,6,270.7
2012,09,6,7,269.3
2012,09,7,0,268.6
2012,09,7,1,268.6
2012,09,7,2,268.2
2012,09,7,3,267.9
2012,09,7,4,267.5
2012,09,7,5,267.6
2012,09,7,6,268.0
2012,09,7,7,267.1
2012,09,8,0,267.3
2012,09,8,1,267.6
2012,09,8,2,267.6
2012,09,8,3,267.7
2012,09,8,4,267.8
2012,09,8,5,268.3
2012,09,8,6,268.2
2012,09,8,7,266.6
2012,09,9,0,267.3
2012,09,9,1,267.3
2012,09,9,2,267.0
2012,09,9,3,266.5
2012,09,9,4,266.2
2012,09,9,5,266.2
2012,09,9,6,266.7
2012,09,9,7,265.2
2012,09,10,0,264.1
2012,09,10,1,265.3
2012,09,10,2,266.1
2012,09,10,3,265.4
2012,09,10,4,264.2
2012,09,10,5,264.3
2012,09,10,6,264.6
2012,09,10,7,263.6
2012,09,11,0,263.4
2012,09,11,1,263.4
2012,09,11,2,263.7
2012,09,11,3,263.6
2012,09,11,4,263.8
2012,09,11,5,264.3
2012,09,11,6,263.5
2012,09,11,7,262.8
2012,09,12,0,262.8
2012,09,12,1,262.1
2012,09,12,2,261.5
2012,09,12,3,261.0
2012,09,12,4,260.8
2012,09,12,5,262.1
2012,09,12,6,264.7
2012,09,12,7,265.6
2012,09,13,0,265.7
2012,09,13,1,266.7
2012,09,13,2,267.8
2012,09,13,3,268.2
2012,09,13,4,268.7
2012,09,13,5,267.9
2012,09,13,6,267.9
2012,09,13,7,268.9
2012,09,14,0,270.1
2012,09,14,1,273.2
2012,09,14,2,272.6
2012,09,14,3,272.4
2012,09,14,4,272.0
2012,09,14,5,272.2
2012,09,14,6,272.3
2012,09,14,7,272.2
2012,09,15,0,272.4
2012,09,15,1,273.5
2012,09,15,2,273.6
2012,09,15,3,273.1
2012,09,15,4,272.7
2012,09,15,5,273.1
2012,09,15,6,273.4
2012,09,15,7,274.1
2012,09,16,0,273.7
2012,09,16,1,272.9
2012,09,16,2,273.2
2012,09,16,3,273.6
2012,09,16,4,273.9
2012,09,16,5,275.2
2012,09,16,6,275.3
2012,09,16,7,274.5
2012,09,17,0,274.7
2012,09,17,1,276.0
2012,09,17,2,277.1
2012,09,17,3,276.6
2012,09,17,4,276.1
2012,09,17,5,275.9
2012,09,17,6,277.0
2012,09,17,7,277.0
2012,09,18,0,276.3
2012,09,18,1,276.5
2012,09,18,2,277.3
2012,09,18,3,277.5
2012,09,18,4,276.7
2012,09,18,5,276.2
2012,09,18,6,276.5
2012,09,18,7,277.2
2012,09,19,0,275.9
2012,09,19,1,277.4
2012,09,19,2,275.8
2012,09,19,3,275.2
2012,09,19,4,274.3
2012,09,19,5,273.5
2012,09,19,6,275.3
2012,09,19,7,275.4
2012,09,20,0,272.8
2012,09,20,1,273.1
2012,09,20,2,273.6
2012,09,20,3,273.7
2012,09,20,4,273.8
2012,09,20,5,273.5
2012,09,20,6,273.0
2012,09,20,7,271.4
2012,09,21,0,271.6
2012,09,21,1,271.5
2012,09,21,2,271.5
2012,09,21,3,271.4
2012,09,21,4,270.6
2012,09,21,5,269.9
2012,09,21,6,268.9
2012,09,21,7,267.3
2012,09,22,0,267.6
2012,09,22,1,267.7
2012,09,22,2,267.4
2012,09,22,3,267.6
2012,09,22,4,268.1
2012,09,22,5,268.3
2012,09,22,6,268.2
2012,09,22,7,267.6
2012,09,23,0,267.0
2012,09,23,1,266.1
2012,09,23,2,266.0
2012,09,23,3,267.0
2012,09,23,4,267.7
2012,09,23,5,266.4
2012,09,23,6,265.6
2012,09,23,7,264.1
2012,09,24,0,263.6
2012,09,24,1,263.2
2012,09,24,2,262.9
2012,09,24,3,261.6
2012,09,24,4,259.2
2012,09,24,5,257.8
2012,09,24,6,258.5
2012,09,24,7,258.5
2012,09,25,0,261.0
2012,09,25,1,263.4
2012,09,25,2,266.2
2012,09,25,3,266.4
2012,09,25,4,266.9
2012,09,25,5,267.8
2012,09,25,6,268.5
2012,09,25,7,270.1
2012,09,26,0,271.2
2012,09,26,1,271.2
2012,09,26,2,270.7
2012,09,26,3,271.1
2012,09,26,4,270.5
2012,09,26,5,270.3
2012,09,26,6,269.9
2012,09,26,7,269.1
2012,09,27,0,268.6
2012,09,27,1,269.0
2012,09,27,2,269.0
2012,09,27,3,270.2
2012,09,27,4,270.7
2012,09,27,5,270.6
2012,09,27,6,270.1
2012,09,27,7,270.8
2012,09,28,0,268.8
2012,09,28,1,270.0
2012,09,28,2,271.0
2012,09,28,3,270.2
2012,09,28,4,270.0
2012,09,28,5,270.5
2012,09,28,6,270.8
2012,09,28,7,270.8
2012,09,29,0,269.3
2012,09,29,1,269.5
2012,09,29,2,270.3
2012,09,29,3,270.0
2012,09,29,4,269.8
2012,09,29,5,269.6
2012,09,29,6,269.7
2012,09,29,7,270.3
2012,09,30,0,269.1
2012,09,30,1,269.6
2012,09,30,2,269.7
2012,09,30,3,269.8
2012,09,30,4,269.5
2012,09,30,5,269.5
2012,09,30,6,270.1
2012,09,30,7,269.6
2012,09,31,0,269.5
2012,09,31,1,269.7
2012,09,31,2,270.1
2012,09,31,3,270.8
2012,09,31,4,270.7
2012,09,31,5,270.2
2012,09,31,6,270.7
2012,09,31,7,270.8
2012,09,1,0,269.3
2012,09,1,1,269.4
2012,09,1,2,269.4
2012,09,1,3,268.8
2012,09,1,4,268.6
2012,09,1,5,268.1
2012,09,1,6,267.9
2012,09,1,7,266.9
2012,09,2,0,265.5
2012,09,2,1,265.4
2012,09,2,2,268.5
2012,09,2,3,267.8
2012,09,2,4,268.2
2012,09,2,5,268.2
2012,09,2,6,269.6
2012,09,2,7,269.5
2012,09,3,0,268.5
2012,09,3,1,268.5
2012,09,3,2,269.1
2012,09,3,3,269.0
2012,09,3,4,269.7
2012,09,3,5,269.0
2012,09,3,6,269.5
2012,09,3,7,269.9
2012,09,4,0,270.1
2012,09,4,1,270.7
2012,09,4,2,271.3
2012,09,4,3,272.5
2012,09,4,4,272.2
2012,09,4,5,272.3
2012,09,4,6,272.5
2012,09,4,7,272.6
2012,09,5,0,272.6
2012,09,5,1,273.0
2012,09,5,2,273.5
2012,09,5,3,273.6
2012,09,5,4,273.6
2012,09,5,5,273.7
2012,09,5,6,274.0
2012,09,5,7,274.1
2012,09,6,0,274.1
2012,09,6,1,274.1
2012,09,6,2,273.9
2012,09,6,3,273.5
2012,09,6,4,273.0
2012,09,6,5,272.8
2012,09,6,6,272.7
2012,09,6,7,272.2
2012,09,7,0,271.4
2012,09,7,1,271.2
2012,09,7,2,270.8
2012,09,7,3,270.2
2012,09,7,4,270.1
2012,09,7,5,270.4
2012,09,7,6,270.8
2012,09,7,7,269.4
2012,09,8,0,270.2
2012,09,8,1,270.6
2012,09,8,2,270.4
2012,09,8,3,269.7
2012,09,8,4,268.9
2012,09,8,5,268.9
2012,09,8,6,269.4
2012,09,8,7,268.0
2012,09,9,0,267.9
2012,09,9,1,266.9
2012,09,9,2,264.0
2012,09,9,3,261.8
2012,09,9,4,257.3
2012,09,9,5,254.2
2012,09,9,6,252.5
2012,09,9,7,252.1
2012,09,10,0,252.5
2012,09,10,1,251.4
2012,09,10,2,251.3
2012,09,10,3,251.2
2012,09,10,4,250.7
2012,09,10,5,250.6
2012,09,10,6,251.1
2012,09,10,7,251.5
2012,09,11,0,252.5
2012,09,11,1,254.6
2012,09,11,2,259.5
2012,09,11,3,263.2
2012,09,11,4,265.3
2012,09,11,5,265.8
2012,09,11,6,265.8
2012,09,11,7,265.3
2012,09,12,0,265.1
2012,09,12,1,265.0
2012,09,12,2,265.1
2012,09,12,3,265.2
2012,09,12,4,265.0
2012,09,12,5,264.4
2012,09,12,6,264.3
2012,09,12,7,263.4
2012,09,13,0,264.4
2012,09,13,1,266.6
2012,09,13,2,267.4
2012,09,13,3,267.7
2012,09,13,4,267.6
2012,09,13,5,267.8
2012,09,13,6,267.5
2012,09,13,7,266.6
2012,09,14,0,266.6
2012,09,14,1,267.1
2012,09,14,2,267.4
2012,09,14,3,267.3
2012,09,14,4,267.4
2012,09,14,5,267.1
2012,09,14,6,267.0
2012,09,14,7,266.4
2012,09,15,0,266.3
2012,09,15,1,266.7
2012,09,15,2,267.1
2012,09,15,3,267.3
2012,09,15,4,267.3
2012,09,15,5,267.3
2012,09,15,6,267.5
2012,09,15,7,267.2
2012,09,16,0,265.9
2012,09,16,1,265.8
2012,09,16,2,265.9
2012,09,16,3,265.1
2012,09,16,4,264.5
2012,09,16,5,262.6
2012,09,16,6,262.5
2012,09,16,7,263.6
2012,09,17,0,263.7
2012,09,17,1,263.9
2012,09,17,2,264.0
2012,09,17,3,263.9
2012,09,17,4,264.0
2012,09,17,5,263.7
2012,09,17,6,263.2
2012,09,17,7,264.0
2012,09,18,0,263.8
2012,09,18,1,264.2
2012,09,18,2,264.9
2012,09,18,3,264.8
2012,09,18,4,264.0
2012,09,18,5,264.1
2012,09,18,6,264.0
2012,09,18,7,263.9
2012,09,19,0,263.6
2012,09,19,1,265.3
2012,09,19,2,265.2
2012,09,19,3,265.2
2012,09,19,4,265.3
2012,09,19,5,266.1
2012,09,19,6,267.3
2012,09,19,7,267.6
2012,09,20,0,267.5
2012,09,20,1,268.5
2012,09,20,2,269.0
2012,09,20,3,268.9
2012,09,20,4,268.8
2012,09,20,5,268.6
2012,09,20,6,268.6
2012,09,20,7,268.7
2012,09,21,0,268.2
2012,09,21,1,268.5
2012,09,21,2,268.8
2012,09,21,3,269.5
2012,09,21,4,269.7
2012,09,21,5,270.0
2012,09,21,6,270.5
2012,09,21,7,270.0
2012,09,22,0,270.1
2012,09,22,1,269.4
2012,09,22,2,268.5
2012,09,22,3,268.2
2012,09,22,4,267.7
2012,09,22,5,267.8
2012,09,22,6,268.7
2012,09,22,7,269.2
2012,09,23,0,269.4
2012,09,23,1,269.7
2012,09,23,2,270.0
2012,09,23,3,269.8
2012,09,23,4,269.4
2012,09,23,5,269.0
2012,09,23,6,269.5
2012,09,23,7,270.2
2012,09,24,0,269.8
2012,09,24,1,269.7
2012,09,24,2,269.8
2012,09,24,3,269.9
2012,09,24,4,269.7
2012,09,24,5,268.9
2012,09,24,6,268.8
2012,09,24,7,268.5
2012,09,25,0,268.1
2012,09,25,1,268.1
2012,09,25,2,268.2
2012,09,25,3,268.1
2012,09,25,4,268.0
2012,09,25,5,267.9
2012,09,25,6,267.8
2012,09,25,7,267.1
2012,09,26,0,266.8
2012,09,26,1,266.5
2012,09,26,2,266.5
2012,09,26,3,267.2
2012,09,26,4,268.0
2012,09,26,5,268.4
2012,09,26,6,268.7
2012,09,26,7,268.8
2012,09,27,0,268.8
2012,09,27,1,268.4
2012,09,27,2,268.2
2012,09,27,3,268.1
2012,09,27,4,267.8
2012,09,27,5,267.6
2012,09,27,6,267.4
2012,09,27,7,267.4
2012,09,28,0,266.5
2012,09,28,1,266.2
2012,09,28,2,266.3
2012,09,28,3,267.2
2012,09,28,4,267.6
2012,09,28,5,267.6
2012,09,28,6,267.4
2012,09,28,7,265.4
2012,09,29,0,266.4
2012,09,29,1,267.8
2012,09,29,2,269.0
2012,09,29,3,268.9
2012,09,29,4,269.0
2012,09,29,5,268.7
2012,09,29,6,268.7
2012,09,29,7,268.2
2012,09,30,0,267.4
2012,09,30,1,268.5
2012,09,30,2,268.7
2012,09,30,3,269.2
2012,09,30,4,271.5
2012,09,30,5,268.7
2012,09,30,6,268.5
2012,09,30,7,266.5
2012,09,1,0,266.2
2012,09,1,1,270.3
2012,09,1,2,270.0
2012,09,1,3,270.4
2012,09,1,4,270.4
2012,09,1,5,269.7
2012,09,1,6,269.0
2012,09,1,7,267.6
2012,09,2,0,268.8
2012,09,2,1,268.7
2012,09,2,2,269.2
2012,09,2,3,269.1
2012,09,2,4,270.0
2012,09,2,5,270.9
2012,09,2,6,271.3
2012,09,2,7,269.0
2012,09,3,0,266.7
2012,09,3,1,267.8
2012,09,3,2,268.0
2012,09,3,3,267.7
2012,09,3,4,268.8
2012,09,3,5,268.4
2012,09,3,6,267.9
2012,09,3,7,268.3
2012,09,4,0,269.3
2012,09,4,1,270.1
2012,09,4,2,269.8
2012,09,4,3,269.7
2012,09,4,4,269.4
2012,09,4,5,269.6
2012,09,4,6,270.2
2012,09,4,7,270.4
2012,09,5,0,270.0
2012,09,5,1,269.4
2012,09,5,2,270.1
2012,09,5,3,270.5
2012,09,5,4,269.9
2012,09,5,5,269.0
2012,09,5,6,268.8
2012,09,5,7,268.4
2012,09,6,0,267.5
2012,09,6,1,266.4
2012,09,6,2,264.9
2012,09,6,3,264.6
2012,09,6,4,264.9
2012,09,6,5,265.4
2012,09,6,6,266.6
2012,09,6,7,267.0
2012,09,7,0,267.1
2012,09,7,1,266.4
2012,09,7,2,266.6
2012,09,7,3,266.7
2012,09,7,4,266.9
2012,09,7,5,266.5
2012,09,7,6,266.0
2012,09,7,7,265.7
2012,09,8,0,265.8
2012,09,8,1,266.2
2012,09,8,2,265.7
2012,09,8,3,265.2
2012,09,8,4,265.3
2012,09,8,5,265.6
2012,09,8,6,265.7
2012,09,8,7,265.3
2012,09,9,0,264.9
2012,09,9,1,265.0
2012,09,9,2,265.5
2012,09,9,3,265.3
2012,09,9,4,266.4
2012,09,9,5,266.2
2012,09,9,6,266.5
2012,09,9,7,267.5
2012,09,10,0,268.3
2012,09,10,1,268.1
2012,09,10,2,267.4
2012,09,10,3,267.6
2012,09,10,4,267.3
2012,09,10,5,267.5
2012,09,10,6,268.3
2012,09,10,7,267.2
2012,09,11,0,266.8
2012,09,11,1,267.1
2012,09,11,2,266.8
2012,09,11,3,266.8
2012,09,11,4,267.0
2012,09,11,5,266.2
2012,09,11,6,265.9
2012,09,11,7,265.9
2012,09,12,0,265.9
2012,09,12,1,265.7
2012,09,12,2,265.5
2012,09,12,3,265.0
2012,09,12,4,263.9
2012,09,12,5,263.4
2012,09,12,6,262.2
2012,09,12,7,260.4
2012,09,13,0,259.1
2012,09,13,1,258.4
2012,09,13,2,257.9
2012,09,13,3,256.9
2012,09,13,4,256.1
2012,09,13,5,255.6
2012,09,13,6,255.2
2012,09,13,7,257.3
2012,09,14,0,256.3
2012,09,14,1,257.1
2012,09,14,2,259.3
2012,09,14,3,258.7
2012,09,14,4,260.1
2012,09,14,5,260.1
2012,09,14,6,261.4
2012,09,14,7,261.4
2012,09,15,0,259.0
2012,09,15,1,255.3
2012,09,15,2,254.6
2012,09,15,3,254.0
2012,09,15,4,253.8
2012,09,15,5,255.5
2012,09,15,6,259.0
2012,09,15,7,259.9
2012,09,16,0,260.0
2012,09,16,1,260.4
2012,09,16,2,260.4
2012,09,16,3,262.2
2012,09,16,4,261.5
2012,09,16,5,261.1
2012,09,16,6,261.6
2012,09,16,7,264.6
2012,09,17,0,264.6
2012,09,17,1,266.0
2012,09,17,2,267.2
2012,09,17,3,268.1
2012,09,17,4,268.5
2012,09,17,5,267.5
2012,09,17,6,266.4
2012,09,17,7,265.1
2012,09,18,0,264.0
2012,09,18,1,263.0
2012,09,18,2,262.1
2012,09,18,3,260.3
2012,09,18,4,258.3
2012,09,18,5,257.0
2012,09,18,6,254.7
2012,09,18,7,252.1
2012,09,19,0,250.5
2012,09,19,1,249.7
2012,09,19,2,250.0
2012,09,19,3,256.2
2012,09,19,4,260.0
2012,09,19,5,260.2
2012,09,19,6,260.1
2012,09,19,7,260.5
2012,09,20,0,261.7
2012,09,20,1,262.1
2012,09,20,2,262.7
2012,09,20,3,263.5
2012,09,20,4,263.5
2012,09,20,5,263.3
2012,09,20,6,263.2
2012,09,20,7,263.3
2012,09,21,0,263.4
2012,09,21,1,264.1
2012,09,21,2,264.4
2012,09,21,3,264.9
2012,09,21,4,265.0
2012,09,21,5,264.7
2012,09,21,6,264.2
2012,09,21,7,264.0
2012,09,22,0,264.3
2012,09,22,1,264.6
2012,09,22,2,265.1
2012,09,22,3,264.5
2012,09,22,4,263.1
2012,09,22,5,261.5
2012,09,22,6,261.0
2012,09,22,7,261.7
2012,09,23,0,261.9
2012,09,23,1,261.4
2012,09,23,2,263.0
2012,09,23,3,263.5
2012,09,23,4,264.0
2012,09,23,5,264.1
2012,09,23,6,263.7
2012,09,23,7,264.0
2012,09,24,0,264.0
2012,09,24,1,263.6
2012,09,24,2,263.0
2012,09,24,3,261.8
2012,09,24,4,259.9
2012,09,24,5,258.4
2012,09,24,6,258.4
2012,09,24,7,262.2
2012,09,25,0,265.2
2012,09,25,1,265.6
2012,09,25,2,265.9
2012,09,25,3,264.9
2012,09,25,4,264.9
2012,09,25,5,265.1
2012,09,25,6,263.9
2012,09,25,7,263.5
2012,09,26,0,263.4
2012,09,26,1,262.9
2012,09,26,2,262.9
2012,09,26,3,259.2
2012,09,26,4,256.8
2012,09,26,5,256.5
2012,09,26,6,256.2
2012,09,26,7,256.4
2012,09,27,0,255.7
2012,09,27,1,256.0
2012,09,27,2,255.5
2012,09,27,3,254.1
2012,09,27,4,253.7
2012,09,27,5,253.2
2012,09,27,6,253.5
2012,09,27,7,253.6
2012,09,28,0,253.4
2012,09,28,1,255.5
2012,09,28,2,259.5
2012,09,28,3,261.5
2012,09,28,4,262.9
2012,09,28,5,263.6
2012,09,28,6,263.8
2012,09,28,7,263.5
2012,09,29,0,261.2
2012,09,29,1,259.8
2012,09,29,2,257.9
2012,09,29,3,256.3
2012,09,29,4,255.0
2012,09,29,5,254.7
2012,09,29,6,254.7
2012,09,29,7,255.0
2012,09,30,0,255.2
2012,09,30,1,255.2
2012,09,30,2,254.4
2012,09,30,3,253.6
2012,09,30,4,253.0
2012,09,30,5,252.5
2012,09,30,6,252.2
2012,09,30,7,253.1
2012,09,31,0,254.4
2012,09,31,1,254.6
2012,09,31,2,256.1
2012,09,31,3,257.7
2012,09,31,4,259.6
2012,09,31,5,260.3
2012,09,31,6,261.7
2012,09,31,7,262.4
2013,09,1,0,262.6
2013,09,1,1,262.1
2013,09,1,2,261.7
2013,09,1,3,260.6
2013,09,1,4,262.1
2013,09,1,5,260.4
2013,09,1,6,261.0
2013,09,1,7,260.8
2013,09,2,0,261.7
2013,09,2,1,263.4
2013,09,2,2,264.6
2013,09,2,3,265.1
2013,09,2,4,265.7
2013,09,2,5,266.9
2013,09,2,6,266.5
2013,09,2,7,266.2
2013,09,3,0,265.8
2013,09,3,1,266.2
2013,09,3,2,266.9
2013,09,3,3,267.8
2013,09,3,4,267.8
2013,09,3,5,267.6
2013,09,3,6,267.5
2013,09,3,7,266.9
2013,09,4,0,266.8
2013,09,4,1,267.3
2013,09,4,2,267.3
2013,09,4,3,267.7
2013,09,4,4,267.5
2013,09,4,5,267.3
2013,09,4,6,267.1
2013,09,4,7,266.8
2013,09,5,0,266.3
2013,09,5,1,266.0
2013,09,5,2,265.8
2013,09,5,3,266.0
2013,09,5,4,266.0
2013,09,5,5,265.8
2013,09,5,6,266.4
2013,09,5,7,266.7
2013,09,6,0,266.0
2013,09,6,1,264.9
2013,09,6,2,263.5
2013,09,6,3,262.0
2013,09,6,4,259.0
2013,09,6,5,256.1
2013,09,6,6,254.7
2013,09,6,7,253.7
2013,09,7,0,254.0
2013,09,7,1,254.4
2013,09,7,2,255.5
2013,09,7,3,258.0
2013,09,7,4,261.3
2013,09,7,5,262.9
2013,09,7,6,263.8
2013,09,7,7,264.3
2013,09,8,0,264.9
2013,09,8,1,266.1
2013,09,8,2,267.4
2013,09,8,3,268.1
2013,09,8,4,268.4
2013,09,8,5,268.7
2013,09,8,6,268.8
2013,09,8,7,269.0
2013,09,9,0,268.5
2013,09,9,1,268.7
2013,09,9,2,268.5
2013,09,9,3,268.7
2013,09,9,4,268.7
2013,09,9,5,268.5
2013,09,9,6,268.5
2013,09,9,7,267.7
2013,09,10,0,266.5
2013,09,10,1,264.7
2013,09,10,2,262.7
2013,09,10,3,260.9
2013,09,10,4,258.6
2013,09,10,5,252.6
2013,09,10,6,248.5
2013,09,10,7,247.5
2013,09,11,0,246.9
2013,09,11,1,246.5
2013,09,11,2,246.3
2013,09,11,3,246.7
2013,09,11,4,247.3
2013,09,11,5,247.6
2013,09,11,6,249.2
2013,09,11,7,249.2
2013,09,12,0,247.7
2013,09,12,1,247.6
2013,09,12,2,246.6
2013,09,12,3,248.9
2013,09,12,4,250.5
2013,09,12,5,251.2
2013,09,12,6,252.2
2013,09,12,7,254.0
2013,09,13,0,254.3
2013,09,13,1,252.6
2013,09,13,2,253.2
2013,09,13,3,255.9
2013,09,13,4,257.8
2013,09,13,5,257.2
2013,09,13,6,255.5
2013,09,13,7,253.4
2013,09,14,0,251.6
2013,09,14,1,251.7
2013,09,14,2,252.9
2013,09,14,3,255.6
2013,09,14,4,256.1
2013,09,14,5,257.5
2013,09,14,6,260.5
2013,09,14,7,262.2
2013,09,15,0,263.5
2013,09,15,1,265.8
2013,09,15,2,267.9
2013,09,15,3,267.8
2013,09,15,4,268.8
2013,09,15,5,269.9
2013,09,15,6,270.1
2013,09,15,7,270.4
2013,09,16,0,269.3
2013,09,16,1,269.1
2013,09,16,2,268.5
2013,09,16,3,268.3
2013,09,16,4,268.5
2013,09,16,5,268.0
2013,09,16,6,266.9
2013,09,16,7,267.7
2013,09,17,0,266.7
2013,09,17,1,266.4
2013,09,17,2,265.7
2013,09,17,3,265.8
2013,09,17,4,266.0
2013,09,17,5,266.2
2013,09,17,6,266.0
2013,09,17,7,265.9
2013,09,18,0,266.2
2013,09,18,1,266.2
2013,09,18,2,265.6
2013,09,18,3,265.5
2013,09,18,4,265.8
2013,09,18,5,266.2
2013,09,18,6,266.3
2013,09,18,7,266.9
2013,09,19,0,267.3
2013,09,19,1,267.7
2013,09,19,2,267.5
2013,09,19,3,267.2
2013,09,19,4,267.3
2013,09,19,5,267.4
2013,09,19,6,267.5
2013,09,19,7,267.9
2013,09,20,0,267.8
2013,09,20,1,267.6
2013,09,20,2,267.6
2013,09,20,3,267.4
2013,09,20,4,267.5
2013,09,20,5,267.6
2013,09,20,6,267.8
2013,09,20,7,268.0
2013,09,21,0,268.1
2013,09,21,1,267.7
2013,09,21,2,267.2
2013,09,21,3,267.3
2013,09,21,4,267.3
2013,09,21,5,267.9
2013,09,21,6,268.9
2013,09,21,7,269.4
2013,09,22,0,269.6
2013,09,22,1,269.7
2013,09,22,2,269.6
2013,09,22,3,269.0
2013,09,22,4,269.1
2013,09,22,5,270.0
2013,09,22,6,269.6
2013,09,22,7,269.7
2013,09,23,0,270.7
2013,09,23,1,270.7
2013,09,23,2,270.1
2013,09,23,3,269.3
2013,09,23,4,268.3
2013,09,23,5,267.2
2013,09,23,6,265.6
2013,09,23,7,263.3
2013,09,24,0,265.3
2013,09,24,1,265.9
2013,09,24,2,267.1
2013,09,24,3,267.4
2013,09,24,4,267.5
2013,09,24,5,267.1
2013,09,24,6,266.3
2013,09,24,7,266.0
2013,09,25,0,265.4
2013,09,25,1,265.3
2013,09,25,2,265.5
2013,09,25,3,265.2
2013,09,25,4,265.2
2013,09,25,5,264.9
2013,09,25,6,265.0
2013,09,25,7,265.6
2013,09,26,0,265.3
2013,09,26,1,264.7
2013,09,26,2,264.6
2013,09,26,3,264.7
2013,09,26,4,264.9
2013,09,26,5,264.7
2013,09,26,6,264.8
2013,09,26,7,264.1
2013,09,27,0,264.4
2013,09,27,1,264.5
2013,09,27,2,263.2
2013,09,27,3,261.6
2013,09,27,4,260.1
2013,09,27,5,258.3
2013,09,27,6,254.9
2013,09,27,7,253.0
2013,09,28,0,252.5
2013,09,28,1,251.9
2013,09,28,2,252.1
2013,09,28,3,252.5
2013,09,28,4,252.2
2013,09,28,5,252.5
2013,09,28,6,252.5
2013,09,28,7,253.6
2013,09,29,0,255.7
2013,09,29,1,258.6
2013,09,29,2,260.5
2013,09,29,3,261.5
2013,09,29,4,262.8
2013,09,29,5,263.8
2013,09,29,6,264.8
2013,09,29,7,265.4
2013,09,30,0,266.3
2013,09,30,1,267.1
2013,09,30,2,266.3
2013,09,30,3,265.9
2013,09,30,4,265.7
2013,09,30,5,265.0
2013,09,30,6,264.5
2013,09,30,7,264.5
2013,09,31,0,264.5
2013,09,31,1,264.2
2013,09,31,2,264.0
2013,09,31,3,264.1
2013,09,31,4,264.3
2013,09,31,5,265.3
2013,09,31,6,265.6
2013,09,31,7,265.7
2013,09,1,0,265.4
2013,09,1,1,265.4
2013,09,1,2,265.7
2013,09,1,3,266.0
2013,09,1,4,265.9
2013,09,1,5,266.0
2013,09,1,6,266.4
2013,09,1,7,266.8
2013,09,2,0,266.7
2013,09,2,1,266.7
2013,09,2,2,267.0
2013,09,2,3,266.8
2013,09,2,4,266.5
2013,09,2,5,266.1
2013,09,2,6,265.5
2013,09,2,7,264.2
2013,09,3,0,263.2
2013,09,3,1,263.0
2013,09,3,2,263.5
2013,09,3,3,263.4
2013,09,3,4,262.7
2013,09,3,5,262.3
2013,09,3,6,264.2
2013,09,3,7,264.1
2013,09,4,0,261.8
2013,09,4,1,259.3
2013,09,4,2,264.2
2013,09,4,3,267.8
2013,09,4,4,267.2
2013,09,4,5,268.3
2013,09,4,6,266.9
2013,09,4,7,266.7
2013,09,5,0,267.7
2013,09,5,1,267.5
2013,09,5,2,267.2
2013,09,5,3,266.6
2013,09,5,4,266.4
2013,09,5,5,266.3
2013,09,5,6,266.0
2013,09,5,7,264.8
2013,09,6,0,263.6
2013,09,6,1,262.6
2013,09,6,2,261.7
2013,09,6,3,260.0
2013,09,6,4,259.4
2013,09,6,5,259.5
2013,09,6,6,259.6
2013,09,6,7,260.0
2013,09,7,0,260.4
2013,09,7,1,260.6
2013,09,7,2,260.9
2013,09,7,3,261.3
2013,09,7,4,261.0
2013,09,7,5,260.5
2013,09,7,6,260.4
2013,09,7,7,258.9
2013,09,8,0,257.4
2013,09,8,1,256.6
2013,09,8,2,255.4
2013,09,8,3,252.5
2013,09,8,4,251.3
2013,09,8,5,251.3
2013,09,8,6,250.8
2013,09,8,7,250.8
2013,09,9,0,250.9
2013,09,9,1,251.0
2013,09,9,2,252.0
2013,09,9,3,253.2
2013,09,9,4,254.0
2013,09,9,5,254.4
2013,09,9,6,254.9
2013,09,9,7,254.8
2013,09,10,0,255.2
2013,09,10,1,256.5
2013,09,10,2,256.8
2013,09,10,3,256.4
2013,09,10,4,259.0
2013,09,10,5,260.3
2013,09,10,6,257.6
2013,09,10,7,255.1
2013,09,11,0,253.6
2013,09,11,1,254.9
2013,09,11,2,257.9
2013,09,11,3,258.8
2013,09,11,4,259.1
2013,09,11,5,259.8
2013,09,11,6,260.7
2013,09,11,7,260.5
2013,09,12,0,259.8
2013,09,12,1,259.9
2013,09,12,2,259.9
2013,09,12,3,260.2
2013,09,12,4,261.1
2013,09,12,5,261.9
2013,09,12,6,262.5
2013,09,12,7,262.5
2013,09,13,0,262.4
2013,09,13,1,263.2
2013,09,13,2,263.8
2013,09,13,3,263.4
2013,09,13,4,263.4
2013,09,13,5,264.1
2013,09,13,6,264.0
2013,09,13,7,263.6
2013,09,14,0,263.7
2013,09,14,1,263.4
2013,09,14,2,263.0
2013,09,14,3,263.8
2013,09,14,4,263.7
2013,09,14,5,263.3
2013,09,14,6,263.9
2013,09,14,7,264.8
2013,09,15,0,265.0
2013,09,15,1,264.7
2013,09,15,2,264.1
2013,09,15,3,263.6
2013,09,15,4,264.3
2013,09,15,5,265.0
2013,09,15,6,265.7
2013,09,15,7,265.7
2013,09,16,0,265.0
2013,09,16,1,264.3
2013,09,16,2,263.8
2013,09,16,3,263.6
2013,09,16,4,263.0
2013,09,16,5,262.6
2013,09,16,6,262.6
2013,09,16,7,262.2
2013,09,17,0,262.2
2013,09,17,1,262.0
2013,09,17,2,261.6
2013,09,17,3,260.8
2013,09,17,4,260.6
2013,09,17,5,261.8
2013,09,17,6,261.8
2013,09,17,7,262.0
2013,09,18,0,262.0
2013,09,18,1,262.4
2013,09,18,2,263.6
2013,09,18,3,263.7
2013,09,18,4,263.2
2013,09,18,5,263.1
2013,09,18,6,262.7
2013,09,18,7,261.8
2013,09,19,0,261.6
2013,09,19,1,261.6
2013,09,19,2,261.3
2013,09,19,3,260.6
2013,09,19,4,259.6
2013,09,19,5,258.9
2013,09,19,6,258.4
2013,09,19,7,255.8
2013,09,20,0,255.7
2013,09,20,1,254.3
2013,09,20,2,253.5
2013,09,20,3,254.1
2013,09,20,4,253.7
2013,09,20,5,254.2
2013,09,20,6,254.7
2013,09,20,7,254.7
2013,09,21,0,255.0
2013,09,21,1,258.7
2013,09,21,2,258.7
2013,09,21,3,257.4
2013,09,21,4,254.5
2013,09,21,5,251.7
2013,09,21,6,251.9
2013,09,21,7,256.3
2013,09,22,0,258.5
2013,09,22,1,259.1
2013,09,22,2,259.9
2013,09,22,3,260.4
2013,09,22,4,260.8
2013,09,22,5,261.4
2013,09,22,6,263.2
2013,09,22,7,263.3
2013,09,23,0,263.8
2013,09,23,1,263.6
2013,09,23,2,263.7
2013,09,23,3,263.5
2013,09,23,4,262.8
2013,09,23,5,261.0
2013,09,23,6,259.0
2013,09,23,7,259.4
2013,09,24,0,258.5
2013,09,24,1,258.2
2013,09,24,2,260.2
2013,09,24,3,261.4
2013,09,24,4,263.3
2013,09,24,5,261.3
2013,09,24,6,261.3
2013,09,24,7,261.3
2013,09,25,0,261.8
2013,09,25,1,262.6
2013,09,25,2,263.1
2013,09,25,3,263.4
2013,09,25,4,263.6
2013,09,25,5,263.1
2013,09,25,6,262.1
2013,09,25,7,260.4
2013,09,26,0,259.9
2013,09,26,1,259.2
2013,09,26,2,260.0
2013,09,26,3,261.1
2013,09,26,4,261.0
2013,09,26,5,260.2
2013,09,26,6,260.2
2013,09,26,7,259.4
2013,09,27,0,258.8
2013,09,27,1,258.5
2013,09,27,2,257.9
2013,09,27,3,257.6
2013,09,27,4,257.2
2013,09,27,5,256.9
2013,09,27,6,258.4
2013,09,27,7,259.4
2013,09,28,0,258.8
2013,09,28,1,259.2
2013,09,28,2,260.1
2013,09,28,3,261.8
2013,09,28,4,262.2
2013,09,28,5,261.9
2013,09,28,6,263.2
2013,09,28,7,265.9
2013,09,1,0,265.8
2013,09,1,1,264.8
2013,09,1,2,264.3
2013,09,1,3,264.3
2013,09,1,4,264.7
2013,09,1,5,265.1
2013,09,1,6,267.5
2013,09,1,7,269.1
2013,09,2,0,268.9
2013,09,2,1,269.0
2013,09,2,2,268.4
2013,09,2,3,268.8
2013,09,2,4,268.4
2013,09,2,5,267.8
2013,09,2,6,268.7
2013,09,2,7,270.1
2013,09,3,0,267.4
2013,09,3,1,267.1
2013,09,3,2,266.9
2013,09,3,3,267.9
2013,09,3,4,267.3
2013,09,3,5,266.1
2013,09,3,6,264.5
2013,09,3,7,262.2
2013,09,4,0,261.4
2013,09,4,1,260.2
2013,09,4,2,260.0
2013,09,4,3,260.8
2013,09,4,4,262.3
2013,09,4,5,262.6
2013,09,4,6,263.3
2013,09,4,7,263.2
2013,09,5,0,263.2
2013,09,5,1,263.7
2013,09,5,2,264.4
2013,09,5,3,264.4
2013,09,5,4,264.1
2013,09,5,5,264.8
2013,09,5,6,265.1
2013,09,5,7,263.8
2013,09,6,0,263.2
2013,09,6,1,263.7
2013,09,6,2,263.5
2013,09,6,3,262.4
2013,09,6,4,261.4
2013,09,6,5,261.9
2013,09,6,6,262.3
2013,09,6,7,262.1
2013,09,7,0,262.5
2013,09,7,1,259.7
2013,09,7,2,258.6
2013,09,7,3,258.4
2013,09,7,4,258.1
2013,09,7,5,257.8
2013,09,7,6,257.3
2013,09,7,7,256.6
2013,09,8,0,256.0
2013,09,8,1,255.8
2013,09,8,2,255.9
2013,09,8,3,256.1
2013,09,8,4,256.2
2013,09,8,5,257.1
2013,09,8,6,257.1
2013,09,8,7,257.5
2013,09,9,0,257.2
2013,09,9,1,256.1
2013,09,9,2,256.0
2013,09,9,3,256.1
2013,09,9,4,256.2
2013,09,9,5,256.3
2013,09,9,6,258.1
2013,09,9,7,259.8
2013,09,10,0,261.8
2013,09,10,1,262.4
2013,09,10,2,263.8
2013,09,10,3,264.9
2013,09,10,4,265.6
2013,09,10,5,265.9
2013,09,10,6,267.1
2013,09,10,7,267.9
2013,09,11,0,268.3
2013,09,11,1,268.4
2013,09,11,2,268.1
2013,09,11,3,267.8
2013,09,11,4,267.7
2013,09,11,5,267.6
2013,09,11,6,267.8
2013,09,11,7,267.9
2013,09,12,0,267.5
2013,09,12,1,268.3
2013,09,12,2,268.9
2013,09,12,3,269.2
2013,09,12,4,268.8
2013,09,12,5,268.6
2013,09,12,6,268.7
2013,09,12,7,267.7
2013,09,13,0,267.8
2013,09,13,1,268.1
2013,09,13,2,269.1
2013,09,13,3,269.2
2013,09,13,4,269.8
2013,09,13,5,269.8
2013,09,13,6,270.1
2013,09,13,7,269.5
2013,09,14,0,269.7
2013,09,14,1,269.8
2013,09,14,2,269.8
2013,09,14,3,269.9
2013,09,14,4,270.0
2013,09,14,5,270.1
2013,09,14,6,270.3
2013,09,14,7,269.5
2013,09,15,0,269.5
2013,09,15,1,269.6
2013,09,15,2,269.4
2013,09,15,3,269.4
2013,09,15,4,269.0
2013,09,15,5,268.5
2013,09,15,6,268.5
2013,09,15,7,267.3
2013,09,16,0,267.0
2013,09,16,1,266.0
2013,09,16,2,265.5
2013,09,16,3,264.2
2013,09,16,4,263.6
2013,09,16,5,263.2
2013,09,16,6,264.4
2013,09,16,7,264.4
2013,09,17,0,264.7
2013,09,17,1,264.4
2013,09,17,2,263.7
2013,09,17,3,263.5
2013,09,17,4,263.7
2013,09,17,5,263.3
2013,09,17,6,263.6
2013,09,17,7,263.5
2013,09,18,0,263.8
2013,09,18,1,263.7
2013,09,18,2,263.8
2013,09,18,3,264.1
2013,09,18,4,264.5
2013,09,18,5,264.8
2013,09,18,6,265.3
2013,09,18,7,264.0
2013,09,19,0,263.9
2013,09,19,1,263.5
2013,09,19,2,263.0
2013,09,19,3,262.4
2013,09,19,4,261.6
2013,09,19,5,263.0
2013,09,19,6,265.8
2013,09,19,7,264.9
2013,09,20,0,263.9
2013,09,20,1,264.4
2013,09,20,2,264.2
2013,09,20,3,264.8
2013,09,20,4,266.5
2013,09,20,5,265.3
2013,09,20,6,264.6
2013,09,20,7,264.5
2013,09,21,0,263.8
2013,09,21,1,264.0
2013,09,21,2,264.4
2013,09,21,3,265.3
2013,09,21,4,264.4
2013,09,21,5,264.6
2013,09,21,6,264.3
2013,09,21,7,262.5
2013,09,22,0,262.2
2013,09,22,1,261.3
2013,09,22,2,260.9
2013,09,22,3,261.2
2013,09,22,4,261.7
2013,09,22,5,261.3
2013,09,22,6,261.7
2013,09,22,7,262.2
2013,09,23,0,261.9
2013,09,23,1,261.7
2013,09,23,2,261.0
2013,09,23,3,261.6
2013,09,23,4,262.7
2013,09,23,5,264.0
2013,09,23,6,262.9
2013,09,23,7,262.9
2013,09,24,0,261.8
2013,09,24,1,262.1
2013,09,24,2,261.9
2013,09,24,3,263.4
2013,09,24,4,263.1
2013,09,24,5,262.6
2013,09,24,6,262.0
2013,09,24,7,261.6
2013,09,25,0,262.1
2013,09,25,1,262.5
2013,09,25,2,263.1
2013,09,25,3,263.8
2013,09,25,4,264.2
2013,09,25,5,264.4
2013,09,25,6,264.9
2013,09,25,7,263.8
2013,09,26,0,263.8
2013,09,26,1,264.3
2013,09,26,2,263.9
2013,09,26,3,263.0
2013,09,26,4,262.3
2013,09,26,5,262.7
2013,09,26,6,262.7
2013,09,26,7,262.3
2013,09,27,0,262.8
2013,09,27,1,262.7
2013,09,27,2,262.5
2013,09,27,3,262.3
2013,09,27,4,262.8
2013,09,27,5,263.1
2013,09,27,6,263.9
2013,09,27,7,262.0
2013,09,28,0,262.6
2013,09,28,1,262.7
2013,09,28,2,262.1
2013,09,28,3,262.0
2013,09,28,4,262.3
2013,09,28,5,262.5
2013,09,28,6,263.6
2013,09,28,7,262.3
2013,09,29,0,262.9
2013,09,29,1,263.2
2013,09,29,2,262.9
2013,09,29,3,262.8
2013,09,29,4,263.2
2013,09,29,5,263.3
2013,09,29,6,263.7
2013,09,29,7,263.3
2013,09,30,0,264.0
2013,09,30,1,264.1
2013,09,30,2,264.2
2013,09,30,3,264.5
2013,09,30,4,264.0
2013,09,30,5,263.7
2013,09,30,6,263.5
2013,09,30,7,263.4
2013,09,31,0,263.8
2013,09,31,1,263.6
2013,09,31,2,263.6
2013,09,31,3,263.4
2013,09,31,4,261.7
2013,09,31,5,260.5
2013,09,31,6,260.5
2013,09,31,7,258.8
2013,09,1,0,259.7
2013,09,1,1,259.1
2013,09,1,2,258.5
2013,09,1,3,257.8
2013,09,1,4,257.1
2013,09,1,5,257.7
2013,09,1,6,258.9
2013,09,1,7,258.9
2013,09,2,0,258.9
2013,09,2,1,258.5
2013,09,2,2,259.2
2013,09,2,3,261.1
2013,09,2,4,263.0
2013,09,2,5,263.9
2013,09,2,6,264.3
2013,09,2,7,264.7
2013,09,3,0,265.1
2013,09,3,1,265.1
2013,09,3,2,265.0
2013,09,3,3,264.8
2013,09,3,4,265.7
2013,09,3,5,266.9
2013,09,3,6,267.9
2013,09,3,7,268.2
2013,09,4,0,266.8
2013,09,4,1,267.3
2013,09,4,2,268.1
2013,09,4,3,267.7
2013,09,4,4,267.4
2013,09,4,5,267.0
2013,09,4,6,266.6
2013,09,4,7,265.3
2013,09,5,0,265.4
2013,09,5,1,265.5
2013,09,5,2,265.1
2013,09,5,3,264.9
2013,09,5,4,264.1
2013,09,5,5,263.8
2013,09,5,6,264.6
2013,09,5,7,263.2
2013,09,6,0,263.4
2013,09,6,1,263.5
2013,09,6,2,264.7
2013,09,6,3,264.9
2013,09,6,4,264.2
2013,09,6,5,263.7
2013,09,6,6,264.9
2013,09,6,7,265.1
2013,09,7,0,265.2
2013,09,7,1,265.6
2013,09,7,2,265.8
2013,09,7,3,266.1
2013,09,7,4,266.4
2013,09,7,5,267.0
2013,09,7,6,266.8
2013,09,7,7,266.1
2013,09,8,0,266.1
2013,09,8,1,266.3
2013,09,8,2,265.0
2013,09,8,3,258.6
2013,09,8,4,256.0
2013,09,8,5,256.6
2013,09,8,6,256.4
2013,09,8,7,256.2
2013,09,9,0,256.1
2013,09,9,1,255.5
2013,09,9,2,255.6
2013,09,9,3,256.9
2013,09,9,4,258.0
2013,09,9,5,260.0
2013,09,9,6,262.5
2013,09,9,7,263.3
2013,09,10,0,265.1
2013,09,10,1,266.7
2013,09,10,2,268.3
2013,09,10,3,269.4
2013,09,10,4,268.4
2013,09,10,5,267.6
2013,09,10,6,267.1
2013,09,10,7,266.8
2013,09,11,0,267.1
2013,09,11,1,267.3
2013,09,11,2,266.7
2013,09,11,3,265.6
2013,09,11,4,264.5
2013,09,11,5,263.7
2013,09,11,6,264.0
2013,09,11,7,264.6
2013,09,12,0,265.4
2013,09,12,1,266.7
2013,09,12,2,266.1
2013,09,12,3,266.1
2013,09,12,4,266.2
2013,09,12,5,265.8
2013,09,12,6,265.8
2013,09,12,7,265.5
2013,09,13,0,266.2
2013,09,13,1,266.5
2013,09,13,2,266.9
2013,09,13,3,267.7
2013,09,13,4,268.0
2013,09,13,5,268.5
2013,09,13,6,268.4
2013,09,13,7,268.3
2013,09,14,0,269.3
2013,09,14,1,269.2
2013,09,14,2,269.2
2013,09,14,3,269.0
2013,09,14,4,269.3
2013,09,14,5,269.4
2013,09,14,6,268.7
2013,09,14,7,267.1
2013,09,15,0,267.3
2013,09,15,1,267.8
2013,09,15,2,267.5
2013,09,15,3,266.9
2013,09,15,4,266.0
2013,09,15,5,266.3
2013,09,15,6,265.0
2013,09,15,7,263.8
2013,09,16,0,262.4
2013,09,16,1,257.3
2013,09,16,2,255.2
2013,09,16,3,253.9
2013,09,16,4,252.4
2013,09,16,5,251.7
2013,09,16,6,251.1
2013,09,16,7,250.8
2013,09,17,0,250.9
2013,09,17,1,250.6
2013,09,17,2,251.4
2013,09,17,3,252.1
2013,09,17,4,253.0
2013,09,17,5,254.5
2013,09,17,6,255.9
2013,09,17,7,259.9
2013,09,18,0,262.2
2013,09,18,1,261.7
2013,09,18,2,262.2
2013,09,18,3,262.0
2013,09,18,4,262.8
2013,09,18,5,263.1
2013,09,18,6,263.9
2013,09,18,7,263.5
2013,09,19,0,263.9
2013,09,19,1,264.3
2013,09,19,2,266.1
2013,09,19,3,266.9
2013,09,19,4,267.3
2013,09,19,5,265.2
2013,09,19,6,265.4
2013,09,19,7,264.8
2013,09,20,0,264.8
2013,09,20,1,265.2
2013,09,20,2,266.1
2013,09,20,3,266.5
2013,09,20,4,266.6
2013,09,20,5,267.5
2013,09,20,6,268.2
2013,09,20,7,268.7
2013,09,21,0,267.2
2013,09,21,1,268.0
2013,09,21,2,268.8
2013,09,21,3,269.1
2013,09,21,4,269.3
2013,09,21,5,269.4
2013,09,21,6,269.3
2013,09,21,7,268.5
2013,09,22,0,269.4
2013,09,22,1,269.6
2013,09,22,2,269.2
2013,09,22,3,268.9
2013,09,22,4,269.1
2013,09,22,5,269.3
2013,09,22,6,270.1
2013,09,22,7,268.0
2013,09,23,0,268.3
2013,09,23,1,268.4
2013,09,23,2,268.8
2013,09,23,3,268.1
2013,09,23,4,266.6
2013,09,23,5,266.1
2013,09,23,6,266.5
2013,09,23,7,266.5
2013,09,24,0,267.3
2013,09,24,1,267.6
2013,09,24,2,267.4
2013,09,24,3,267.4
2013,09,24,4,266.1
2013,09,24,5,265.5
2013,09,24,6,266.1
2013,09,24,7,265.0
2013,09,25,0,263.9
2013,09,25,1,263.8
2013,09,25,2,263.0
2013,09,25,3,264.0
2013,09,25,4,263.1
2013,09,25,5,262.8
2013,09,25,6,262.0
2013,09,25,7,263.7
2013,09,26,0,265.0
2013,09,26,1,265.1
2013,09,26,2,264.8
2013,09,26,3,264.0
2013,09,26,4,263.7
2013,09,26,5,264.2
2013,09,26,6,265.1
2013,09,26,7,265.0
2013,09,27,0,266.5
2013,09,27,1,266.8
2013,09,27,2,266.7
2013,09,27,3,267.7
2013,09,27,4,268.6
2013,09,27,5,269.0
2013,09,27,6,268.5
2013,09,27,7,267.0
2013,09,28,0,268.5
2013,09,28,1,269.0
2013,09,28,2,268.8
2013,09,28,3,268.8
2013,09,28,4,268.8
2013,09,28,5,269.2
2013,09,28,6,268.9
2013,09,28,7,269.6
2013,09,29,0,271.1
2013,09,29,1,270.5
2013,09,29,2,270.3
2013,09,29,3,270.7
2013,09,29,4,270.7
2013,09,29,5,270.5
2013,09,29,6,270.0
2013,09,29,7,271.0
2013,09,30,0,271.9
2013,09,30,1,271.7
2013,09,30,2,271.4
2013,09,30,3,271.6
2013,09,30,4,271.3
2013,09,30,5,270.9
2013,09,30,6,271.5
2013,09,30,7,270.0
2013,09,1,0,270.9
2013,09,1,1,271.1
2013,09,1,2,272.0
2013,09,1,3,272.4
2013,09,1,4,272.2
2013,09,1,5,271.5
2013,09,1,6,270.9
2013,09,1,7,270.3
2013,09,2,0,270.5
2013,09,2,1,270.1
2013,09,2,2,270.9
2013,09,2,3,270.9
2013,09,2,4,270.0
2013,09,2,5,269.4
2013,09,2,6,269.5
2013,09,2,7,269.1
2013,09,3,0,268.4
2013,09,3,1,268.9
2013,09,3,2,268.9
2013,09,3,3,268.8
2013,09,3,4,268.7
2013,09,3,5,268.7
2013,09,3,6,269.5
2013,09,3,7,267.9
2013,09,4,0,268.5
2013,09,4,1,267.4
2013,09,4,2,266.4
2013,09,4,3,265.4
2013,09,4,4,265.0
2013,09,4,5,264.5
2013,09,4,6,263.3
2013,09,4,7,263.9
2013,09,5,0,264.1
2013,09,5,1,263.6
2013,09,5,2,263.6
2013,09,5,3,264.0
2013,09,5,4,263.9
2013,09,5,5,263.7
2013,09,5,6,263.1
2013,09,5,7,263.8
2013,09,6,0,264.0
2013,09,6,1,263.5
2013,09,6,2,262.6
2013,09,6,3,262.1
2013,09,6,4,261.4
2013,09,6,5,260.8
2013,09,6,6,261.1
2013,09,6,7,261.3
2013,09,7,0,261.7
2013,09,7,1,261.9
2013,09,7,2,261.1
2013,09,7,3,260.4
2013,09,7,4,260.5
2013,09,7,5,260.8
2013,09,7,6,260.7
2013,09,7,7,260.8
2013,09,8,0,262.8
2013,09,8,1,262.7
2013,09,8,2,263.3
2013,09,8,3,263.5
2013,09,8,4,263.2
2013,09,8,5,262.3
2013,09,8,6,263.0
2013,09,8,7,264.2
2013,09,9,0,264.3
2013,09,9,1,263.4
2013,09,9,2,263.2
2013,09,9,3,264.2
2013,09,9,4,263.9
2013,09,9,5,263.5
2013,09,9,6,264.0
2013,09,9,7,262.9
2013,09,10,0,263.9
2013,09,10,1,264.9
2013,09,10,2,264.6
2013,09,10,3,264.4
2013,09,10,4,264.8
2013,09,10,5,265.5
2013,09,10,6,265.4
2013,09,10,7,265.1
2013,09,11,0,266.4
2013,09,11,1,266.6
2013,09,11,2,266.2
2013,09,11,3,266.2
2013,09,11,4,266.1
2013,09,11,5,266.8
2013,09,11,6,267.2
2013,09,11,7,267.3
2013,09,12,0,268.7
2013,09,12,1,268.9
2013,09,12,2,268.9
2013,09,12,3,269.1
2013,09,12,4,268.7
2013,09,12,5,268.4
2013,09,12,6,268.6
2013,09,12,7,270.1
2013,09,13,0,271.0
2013,09,13,1,270.8
2013,09,13,2,271.1
2013,09,13,3,271.3
2013,09,13,4,270.9
2013,09,13,5,270.3
2013,09,13,6,269.9
2013,09,13,7,271.2
2013,09,14,0,271.9
2013,09,14,1,272.5
2013,09,14,2,272.3
2013,09,14,3,271.4
2013,09,14,4,270.5
2013,09,14,5,269.6
2013,09,14,6,269.0
2013,09,14,7,270.3
2013,09,15,0,269.7
2013,09,15,1,269.0
2013,09,15,2,268.6
2013,09,15,3,268.2
2013,09,15,4,268.2
2013,09,15,5,268.9
2013,09,15,6,269.3
2013,09,15,7,269.6
2013,09,16,0,270.3
2013,09,16,1,270.9
2013,09,16,2,270.7
2013,09,16,3,269.6
2013,09,16,4,268.7
2013,09,16,5,267.9
2013,09,16,6,266.9
2013,09,16,7,266.7
2013,09,17,0,267.3
2013,09,17,1,266.4
2013,09,17,2,266.0
2013,09,17,3,265.1
2013,09,17,4,266.1
2013,09,17,5,267.3
2013,09,17,6,266.4
2013,09,17,7,264.9
2013,09,18,0,265.6
2013,09,18,1,265.1
2013,09,18,2,264.2
2013,09,18,3,264.2
2013,09,18,4,264.6
2013,09,18,5,265.4
2013,09,18,6,266.0
2013,09,18,7,265.8
2013,09,19,0,267.1
2013,09,19,1,267.3
2013,09,19,2,267.5
2013,09,19,3,268.6
2013,09,19,4,270.7
2013,09,19,5,270.6
2013,09,19,6,269.4
2013,09,19,7,268.8
2013,09,20,0,268.2
2013,09,20,1,269.2
2013,09,20,2,270.6
2013,09,20,3,271.4
2013,09,20,4,271.8
2013,09,20,5,270.5
2013,09,20,6,270.3
2013,09,20,7,269.8
2013,09,21,0,269.2
2013,09,21,1,269.5
2013,09,21,2,270.6
2013,09,21,3,271.8
2013,09,21,4,270.9
2013,09,21,5,270.5
2013,09,21,6,269.5
2013,09,21,7,268.9
2013,09,22,0,271.1
2013,09,22,1,271.5
2013,09,22,2,271.1
2013,09,22,3,270.6
2013,09,22,4,270.3
2013,09,22,5,269.6
2013,09,22,6,268.9
2013,09,22,7,266.9
2013,09,23,0,267.0
2013,09,23,1,267.2
2013,09,23,2,267.1
2013,09,23,3,267.3
2013,09,23,4,267.4
2013,09,23,5,266.4
2013,09,23,6,266.0
2013,09,23,7,266.1
2013,09,24,0,267.2
2013,09,24,1,268.6
2013,09,24,2,269.1
2013,09,24,3,268.9
2013,09,24,4,268.3
2013,09,24,5,267.9
2013,09,24,6,267.6
2013,09,24,7,266.7
2013,09,25,0,267.9
2013,09,25,1,268.4
2013,09,25,2,269.0
2013,09,25,3,268.9
2013,09,25,4,268.5
2013,09,25,5,268.2
2013,09,25,6,267.0
2013,09,25,7,267.7
2013,09,26,0,268.5
2013,09,26,1,268.3
2013,09,26,2,268.3
2013,09,26,3,267.6
2013,09,26,4,267.2
2013,09,26,5,268.2
2013,09,26,6,268.1
2013,09,26,7,266.8
2013,09,27,0,267.7
2013,09,27,1,267.9
2013,09,27,2,267.1
2013,09,27,3,266.9
2013,09,27,4,268.6
2013,09,27,5,268.8
2013,09,27,6,268.6
2013,09,27,7,267.4
2013,09,28,0,267.7
2013,09,28,1,268.3
2013,09,28,2,268.1
2013,09,28,3,267.3
2013,09,28,4,267.0
2013,09,28,5,267.9
2013,09,28,6,267.6
2013,09,28,7,266.8
2013,09,29,0,267.2
2013,09,29,1,269.1
2013,09,29,2,271.2
2013,09,29,3,270.9
2013,09,29,4,269.5
2013,09,29,5,269.7
2013,09,29,6,270.9
2013,09,29,7,270.4
2013,09,30,0,270.3
2013,09,30,1,270.7
2013,09,30,2,272.1
2013,09,30,3,272.2
2013,09,30,4,272.2
2013,09,30,5,272.5
2013,09,30,6,271.7
2013,09,30,7,271.7
2013,09,31,0,272.4
2013,09,31,1,272.4
2013,09,31,2,273.0
2013,09,31,3,274.4
2013,09,31,4,274.4
2013,09,31,5,274.6
2013,09,31,6,274.7
2013,09,31,7,274.9
2013,09,1,0,272.9
2013,09,1,1,273.4
2013,09,1,2,273.8
2013,09,1,3,273.7
2013,09,1,4,273.1
2013,09,1,5,272.7
2013,09,1,6,272.4
2013,09,1,7,271.9
2013,09,2,0,273.2
2013,09,2,1,273.1
2013,09,2,2,272.8
2013,09,2,3,272.6
2013,09,2,4,272.3
2013,09,2,5,272.2
2013,09,2,6,271.9
2013,09,2,7,273.2
2013,09,3,0,274.4
2013,09,3,1,274.2
2013,09,3,2,273.5
2013,09,3,3,272.8
2013,09,3,4,272.4
2013,09,3,5,272.1
2013,09,3,6,271.7
2013,09,3,7,271.6
2013,09,4,0,272.9
2013,09,4,1,272.9
2013,09,4,2,272.1
2013,09,4,3,271.2
2013,09,4,4,270.7
2013,09,4,5,270.3
2013,09,4,6,270.2
2013,09,4,7,270.8
2013,09,5,0,272.3
2013,09,5,1,272.3
2013,09,5,2,271.6
2013,09,5,3,271.0
2013,09,5,4,270.6
2013,09,5,5,270.4
2013,09,5,6,271.0
2013,09,5,7,271.1
2013,09,6,0,272.2
2013,09,6,1,272.2
2013,09,6,2,271.8
2013,09,6,3,271.3
2013,09,6,4,270.8
2013,09,6,5,270.5
2013,09,6,6,270.7
2013,09,6,7,271.6
2013,09,7,0,272.7
2013,09,7,1,272.7
2013,09,7,2,272.6
2013,09,7,3,272.2
2013,09,7,4,271.8
2013,09,7,5,271.6
2013,09,7,6,271.7
2013,09,7,7,273.2
2013,09,8,0,274.8
2013,09,8,1,275.3
2013,09,8,2,275.3
2013,09,8,3,275.4
2013,09,8,4,275.3
2013,09,8,5,275.4
2013,09,8,6,275.1
2013,09,8,7,275.8
2013,09,9,0,277.2
2013,09,9,1,277.4
2013,09,9,2,276.9
2013,09,9,3,276.6
2013,09,9,4,276.6
2013,09,9,5,276.5
2013,09,9,6,276.0
2013,09,9,7,276.4
2013,09,10,0,276.7
2013,09,10,1,275.7
2013,09,10,2,275.0
2013,09,10,3,274.4
2013,09,10,4,273.3
2013,09,10,5,271.2
2013,09,10,6,269.4
2013,09,10,7,270.1
2013,09,11,0,269.8
2013,09,11,1,271.0
2013,09,11,2,270.4
2013,09,11,3,270.7
2013,09,11,4,272.4
2013,09,11,5,272.3
2013,09,11,6,271.5
2013,09,11,7,272.3
2013,09,12,0,272.7
2013,09,12,1,272.8
2013,09,12,2,272.7
2013,09,12,3,272.2
2013,09,12,4,271.7
2013,09,12,5,271.1
2013,09,12,6,270.7
2013,09,12,7,272.0
2013,09,13,0,271.9
2013,09,13,1,271.6
2013,09,13,2,272.5
2013,09,13,3,273.0
2013,09,13,4,272.8
2013,09,13,5,272.5
2013,09,13,6,272.0
2013,09,13,7,271.7
2013,09,14,0,271.8
2013,09,14,1,272.2
2013,09,14,2,273.3
2013,09,14,3,274.0
2013,09,14,4,273.9
2013,09,14,5,273.2
2013,09,14,6,272.6
2013,09,14,7,271.6
2013,09,15,0,273.8
2013,09,15,1,273.9
2013,09,15,2,272.8
2013,09,15,3,272.0
2013,09,15,4,271.9
2013,09,15,5,271.4
2013,09,15,6,270.7
2013,09,15,7,272.8
2013,09,16,0,273.9
2013,09,16,1,273.2
2013,09,16,2,272.8
2013,09,16,3,271.7
2013,09,16,4,270.9
2013,09,16,5,270.8
2013,09,16,6,270.3
2013,09,16,7,271.9
2013,09,17,0,273.5
2013,09,17,1,273.4
2013,09,17,2,272.7
2013,09,17,3,272.7
2013,09,17,4,271.8
2013,09,17,5,271.0
2013,09,17,6,270.5
2013,09,17,7,273.2
2013,09,18,0,275.0
2013,09,18,1,275.4
2013,09,18,2,275.1
2013,09,18,3,274.7
2013,09,18,4,274.0
2013,09,18,5,274.0
2013,09,18,6,273.6
2013,09,18,7,275.2
2013,09,19,0,275.0
2013,09,19,1,274.9
2013,09,19,2,273.8
2013,09,19,3,271.7
2013,09,19,4,270.3
2013,09,19,5,270.6
2013,09,19,6,269.9
2013,09,19,7,271.1
2013,09,20,0,272.3
2013,09,20,1,272.0
2013,09,20,2,271.7
2013,09,20,3,272.2
2013,09,20,4,272.4
2013,09,20,5,271.5
2013,09,20,6,270.0
2013,09,20,7,271.6
2013,09,21,0,273.2
2013,09,21,1,273.5
2013,09,21,2,272.9
2013,09,21,3,273.7
2013,09,21,4,274.5
2013,09,21,5,273.9
2013,09,21,6,271.5
2013,09,21,7,272.3
2013,09,22,0,272.7
2013,09,22,1,272.3
2013,09,22,2,272.1
2013,09,22,3,272.0
2013,09,22,4,271.4
2013,09,22,5,271.4
2013,09,22,6,272.9
2013,09,22,7,271.2
2013,09,23,0,273.3
2013,09,23,1,273.8
2013,09,23,2,273.2
2013,09,23,3,273.3
2013,09,23,4,273.1
2013,09,23,5,273.0
2013,09,23,6,272.9
2013,09,23,7,274.1
2013,09,24,0,272.7
2013,09,24,1,272.1
2013,09,24,2,272.8
2013,09,24,3,272.5
2013,09,24,4,272.3
2013,09,24,5,272.2
2013,09,24,6,273.1
2013,09,24,7,272.3
2013,09,25,0,272.5
2013,09,25,1,272.8
2013,09,25,2,273.7
2013,09,25,3,274.3
2013,09,25,4,274.1
2013,09,25,5,274.1
2013,09,25,6,273.6
2013,09,25,7,274.5
2013,09,26,0,276.0
2013,09,26,1,276.3
2013,09,26,2,276.3
2013,09,26,3,276.2
2013,09,26,4,275.6
2013,09,26,5,276.2
2013,09,26,6,276.2
2013,09,26,7,277.2
2013,09,27,0,278.8
2013,09,27,1,278.9
2013,09,27,2,278.0
2013,09,27,3,277.4
2013,09,27,4,277.6
2013,09,27,5,278.0
2013,09,27,6,278.1
2013,09,27,7,278.2
2013,09,28,0,279.6
2013,09,28,1,279.5
2013,09,28,2,279.3
2013,09,28,3,279.1
2013,09,28,4,278.7
2013,09,28,5,278.5
2013,09,28,6,278.5
2013,09,28,7,279.8
2013,09,29,0,281.0
2013,09,29,1,280.7
2013,09,29,2,280.0
2013,09,29,3,279.4
2013,09,29,4,278.9
2013,09,29,5,278.5
2013,09,29,6,277.5
2013,09,29,7,279.2
2013,09,30,0,279.4
2013,09,30,1,278.4
2013,09,30,2,278.6
2013,09,30,3,278.5
2013,09,30,4,278.2
2013,09,30,5,277.7
2013,09,30,6,277.2
2013,09,30,7,278.8
2013,09,1,0,278.9
2013,09,1,1,278.9
2013,09,1,2,278.6
2013,09,1,3,278.0
2013,09,1,4,277.8
2013,09,1,5,277.8
2013,09,1,6,277.2
2013,09,1,7,277.7
2013,09,2,0,278.5
2013,09,2,1,277.1
2013,09,2,2,277.1
2013,09,2,3,277.1
2013,09,2,4,276.5
2013,09,2,5,276.9
2013,09,2,6,277.1
2013,09,2,7,277.6
2013,09,3,0,277.6
2013,09,3,1,276.1
2013,09,3,2,277.1
2013,09,3,3,277.2
2013,09,3,4,277.1
2013,09,3,5,277.1
2013,09,3,6,277.1
2013,09,3,7,277.4
2013,09,4,0,277.0
2013,09,4,1,277.2
2013,09,4,2,277.8
2013,09,4,3,277.5
2013,09,4,4,278.2
2013,09,4,5,278.3
2013,09,4,6,277.6
2013,09,4,7,276.7
2013,09,5,0,277.2
2013,09,5,1,278.1
2013,09,5,2,277.6
2013,09,5,3,276.9
2013,09,5,4,276.1
2013,09,5,5,275.7
2013,09,5,6,275.4
2013,09,5,7,276.8
2013,09,6,0,276.9
2013,09,6,1,277.0
2013,09,6,2,277.0
2013,09,6,3,276.3
2013,09,6,4,275.3
2013,09,6,5,275.0
2013,09,6,6,275.3
2013,09,6,7,276.7
2013,09,7,0,276.8
2013,09,7,1,276.6
2013,09,7,2,276.6
2013,09,7,3,276.4
2013,09,7,4,275.0
2013,09,7,5,274.3
2013,09,7,6,274.2
2013,09,7,7,275.8
2013,09,8,0,275.7
2013,09,8,1,275.1
2013,09,8,2,274.4
2013,09,8,3,273.3
2013,09,8,4,272.6
2013,09,8,5,271.7
2013,09,8,6,271.9
2013,09,8,7,273.9
2013,09,9,0,275.5
2013,09,9,1,275.8
2013,09,9,2,275.0
2013,09,9,3,274.7
2013,09,9,4,274.4
2013,09,9,5,274.2
2013,09,9,6,274.1
2013,09,9,7,276.0
2013,09,10,0,277.6
2013,09,10,1,278.0
2013,09,10,2,277.4
2013,09,10,3,276.7
2013,09,10,4,276.0
2013,09,10,5,275.1
2013,09,10,6,274.6
2013,09,10,7,274.9
2013,09,11,0,273.5
2013,09,11,1,274.0
2013,09,11,2,274.1
2013,09,11,3,273.7
2013,09,11,4,273.0
2013,09,11,5,272.6
2013,09,11,6,272.6
2013,09,11,7,271.9
2013,09,12,0,272.5
2013,09,12,1,272.0
2013,09,12,2,271.4
2013,09,12,3,272.2
2013,09,12,4,272.8
2013,09,12,5,273.2
2013,09,12,6,272.8
2013,09,12,7,272.6
2013,09,13,0,273.8
2013,09,13,1,273.4
2013,09,13,2,272.7
2013,09,13,3,272.7
2013,09,13,4,272.6
2013,09,13,5,272.5
2013,09,13,6,271.5
2013,09,13,7,273.1
2013,09,14,0,274.1
2013,09,14,1,273.8
2013,09,14,2,273.0
2013,09,14,3,272.4
2013,09,14,4,272.2
2013,09,14,5,272.2
2013,09,14,6,271.8
2013,09,14,7,273.4
2013,09,15,0,274.0
2013,09,15,1,273.0
2013,09,15,2,272.7
2013,09,15,3,272.4
2013,09,15,4,272.3
2013,09,15,5,272.1
2013,09,15,6,271.1
2013,09,15,7,273.5
2013,09,16,0,274.3
2013,09,16,1,274.2
2013,09,16,2,274.9
2013,09,16,3,275.0
2013,09,16,4,274.1
2013,09,16,5,274.3
2013,09,16,6,274.8
2013,09,16,7,274.1
2013,09,17,0,274.9
2013,09,17,1,274.8
2013,09,17,2,274.2
2013,09,17,3,274.3
2013,09,17,4,274.4
2013,09,17,5,274.8
2013,09,17,6,275.4
2013,09,17,7,274.8
2013,09,18,0,273.7
2013,09,18,1,274.7
2013,09,18,2,274.1
2013,09,18,3,274.8
2013,09,18,4,275.5
2013,09,18,5,276.8
2013,09,18,6,277.1
2013,09,18,7,275.5
2013,09,19,0,276.7
2013,09,19,1,277.1
2013,09,19,2,276.7
2013,09,19,3,276.0
2013,09,19,4,275.8
2013,09,19,5,275.4
2013,09,19,6,274.9
2013,09,19,7,275.4
2013,09,20,0,275.9
2013,09,20,1,275.5
2013,09,20,2,275.8
2013,09,20,3,275.9
2013,09,20,4,275.7
2013,09,20,5,275.5
2013,09,20,6,275.1
2013,09,20,7,275.6
2013,09,21,0,275.4
2013,09,21,1,275.9
2013,09,21,2,275.6
2013,09,21,3,275.7
2013,09,21,4,276.2
2013,09,21,5,276.5
2013,09,21,6,276.1
2013,09,21,7,275.4
2013,09,22,0,275.6
2013,09,22,1,275.9
2013,09,22,2,275.0
2013,09,22,3,274.4
2013,09,22,4,274.9
2013,09,22,5,275.7
2013,09,22,6,275.2
2013,09,22,7,275.1
2013,09,23,0,274.6
2013,09,23,1,274.6
2013,09,23,2,274.0
2013,09,23,3,273.8
2013,09,23,4,273.5
2013,09,23,5,273.2
2013,09,23,6,273.7
2013,09,23,7,274.3
2013,09,24,0,274.4
2013,09,24,1,275.3
2013,09,24,2,275.3
2013,09,24,3,274.5
2013,09,24,4,275.7
2013,09,24,5,276.1
2013,09,24,6,275.6
2013,09,24,7,274.1
2013,09,25,0,274.5
2013,09,25,1,274.7
2013,09,25,2,274.7
2013,09,25,3,275.0
2013,09,25,4,274.6
2013,09,25,5,273.5
2013,09,25,6,274.4
2013,09,25,7,274.1
2013,09,26,0,275.0
2013,09,26,1,275.4
2013,09,26,2,274.5
2013,09,26,3,274.4
2013,09,26,4,273.8
2013,09,26,5,273.6
2013,09,26,6,274.6
2013,09,26,7,275.6
2013,09,27,0,274.4
2013,09,27,1,274.9
2013,09,27,2,274.2
2013,09,27,3,273.9
2013,09,27,4,273.5
2013,09,27,5,274.1
2013,09,27,6,273.2
2013,09,27,7,273.9
2013,09,28,0,274.3
2013,09,28,1,273.7
2013,09,28,2,273.5
2013,09,28,3,272.5
2013,09,28,4,272.5
2013,09,28,5,272.4
2013,09,28,6,271.3
2013,09,28,7,272.6
2013,09,29,0,272.3
2013,09,29,1,271.1
2013,09,29,2,271.0
2013,09,29,3,271.0
2013,09,29,4,270.3
2013,09,29,5,270.2
2013,09,29,6,270.5
2013,09,29,7,271.3
2013,09,30,0,272.0
2013,09,30,1,272.1
2013,09,30,2,271.8
2013,09,30,3,271.6
2013,09,30,4,270.5
2013,09,30,5,271.2
2013,09,30,6,271.2
2013,09,30,7,271.7
2013,09,31,0,272.8
2013,09,31,1,271.9
2013,09,31,2,272.3
2013,09,31,3,272.8
2013,09,31,4,272.8
2013,09,31,5,274.3
2013,09,31,6,274.6
2013,09,31,7,273.9
2013,09,1,0,274.7
2013,09,1,1,275.2
2013,09,1,2,275.7
2013,09,1,3,275.4
2013,09,1,4,275.1
2013,09,1,5,275.3
2013,09,1,6,275.5
2013,09,1,7,273.9
2013,09,2,0,275.0
2013,09,2,1,274.9
2013,09,2,2,274.5
2013,09,2,3,276.4
2013,09,2,4,276.8
2013,09,2,5,275.5
2013,09,2,6,276.0
2013,09,2,7,274.2
2013,09,3,0,275.4
2013,09,3,1,275.4
2013,09,3,2,275.1
2013,09,3,3,275.2
2013,09,3,4,275.3
2013,09,3,5,275.3
2013,09,3,6,275.5
2013,09,3,7,273.6
2013,09,4,0,274.3
2013,09,4,1,273.9
2013,09,4,2,273.7
2013,09,4,3,274.1
2013,09,4,4,274.1
2013,09,4,5,274.3
2013,09,4,6,274.4
2013,09,4,7,273.6
2013,09,5,0,274.8
2013,09,5,1,274.9
2013,09,5,2,274.8
2013,09,5,3,274.6
2013,09,5,4,274.5
2013,09,5,5,274.6
2013,09,5,6,274.3
2013,09,5,7,273.9
2013,09,6,0,275.0
2013,09,6,1,275.0
2013,09,6,2,274.9
2013,09,6,3,274.6
2013,09,6,4,274.0
2013,09,6,5,273.5
2013,09,6,6,273.1
2013,09,6,7,274.4
2013,09,7,0,275.4
2013,09,7,1,275.1
2013,09,7,2,274.6
2013,09,7,3,274.4
2013,09,7,4,273.7
2013,09,7,5,272.7
2013,09,7,6,271.9
2013,09,7,7,273.3
2013,09,8,0,274.3
2013,09,8,1,274.2
2013,09,8,2,274.3
2013,09,8,3,273.7
2013,09,8,4,272.5
2013,09,8,5,272.3
2013,09,8,6,271.0
2013,09,8,7,271.8
2013,09,9,0,272.7
2013,09,9,1,272.5
2013,09,9,2,272.5
2013,09,9,3,272.4
2013,09,9,4,272.0
2013,09,9,5,271.8
2013,09,9,6,270.4
2013,09,9,7,272.0
2013,09,10,0,273.0
2013,09,10,1,272.7
2013,09,10,2,273.1
2013,09,10,3,273.4
2013,09,10,4,273.4
2013,09,10,5,273.2
2013,09,10,6,271.7
2013,09,10,7,273.7
2013,09,11,0,274.7
2013,09,11,1,274.7
2013,09,11,2,274.2
2013,09,11,3,273.6
2013,09,11,4,273.8
2013,09,11,5,274.3
2013,09,11,6,273.0
2013,09,11,7,274.8
2013,09,12,0,276.4
2013,09,12,1,276.1
2013,09,12,2,275.5
2013,09,12,3,274.9
2013,09,12,4,274.3
2013,09,12,5,274.1
2013,09,12,6,273.4
2013,09,12,7,276.0
2013,09,13,0,277.3
2013,09,13,1,276.9
2013,09,13,2,276.4
2013,09,13,3,276.0
2013,09,13,4,275.7
2013,09,13,5,275.5
2013,09,13,6,274.3
2013,09,13,7,277.1
2013,09,14,0,278.8
2013,09,14,1,278.8
2013,09,14,2,278.1
2013,09,14,3,277.1
2013,09,14,4,275.9
2013,09,14,5,275.3
2013,09,14,6,275.7
2013,09,14,7,276.5
2013,09,15,0,278.3
2013,09,15,1,278.4
2013,09,15,2,277.4
2013,09,15,3,276.5
2013,09,15,4,275.4
2013,09,15,5,274.8
2013,09,15,6,275.0
2013,09,15,7,277.5
2013,09,16,0,278.5
2013,09,16,1,278.3
2013,09,16,2,277.2
2013,09,16,3,276.7
2013,09,16,4,276.3
2013,09,16,5,275.8
2013,09,16,6,275.2
2013,09,16,7,277.8
2013,09,17,0,277.4
2013,09,17,1,276.2
2013,09,17,2,276.7
2013,09,17,3,276.4
2013,09,17,4,276.2
2013,09,17,5,276.3
2013,09,17,6,274.8
2013,09,17,7,275.7
2013,09,18,0,275.4
2013,09,18,1,276.0
2013,09,18,2,276.3
2013,09,18,3,276.5
2013,09,18,4,275.8
2013,09,18,5,275.0
2013,09,18,6,274.7
2013,09,18,7,274.9
2013,09,19,0,274.8
2013,09,19,1,275.2
2013,09,19,2,274.0
2013,09,19,3,274.1
2013,09,19,4,274.3
2013,09,19,5,273.7
2013,09,19,6,273.6
2013,09,19,7,274.1
2013,09,20,0,274.2
2013,09,20,1,274.4
2013,09,20,2,274.1
2013,09,20,3,274.2
2013,09,20,4,274.0
2013,09,20,5,273.8
2013,09,20,6,273.6
2013,09,20,7,274.8
2013,09,21,0,274.7
2013,09,21,1,274.7
2013,09,21,2,274.3
2013,09,21,3,273.5
2013,09,21,4,273.9
2013,09,21,5,273.2
2013,09,21,6,273.0
2013,09,21,7,273.4
2013,09,22,0,273.6
2013,09,22,1,273.7
2013,09,22,2,273.2
2013,09,22,3,273.3
2013,09,22,4,273.1
2013,09,22,5,272.9
2013,09,22,6,272.3
2013,09,22,7,273.2
2013,09,23,0,274.0
2013,09,23,1,273.6
2013,09,23,2,273.8
2013,09,23,3,273.8
2013,09,23,4,272.8
2013,09,23,5,272.1
2013,09,23,6,272.3
2013,09,23,7,272.5
2013,09,24,0,273.4
2013,09,24,1,272.9
2013,09,24,2,272.6
2013,09,24,3,272.4
2013,09,24,4,272.5
2013,09,24,5,272.0
2013,09,24,6,270.7
2013,09,24,7,271.3
2013,09,25,0,272.1
2013,09,25,1,271.6
2013,09,25,2,271.6
2013,09,25,3,271.5
2013,09,25,4,270.8
2013,09,25,5,269.9
2013,09,25,6,270.1
2013,09,25,7,270.1
2013,09,26,0,270.9
2013,09,26,1,270.6
2013,09,26,2,270.8
2013,09,26,3,271.8
2013,09,26,4,271.9
2013,09,26,5,271.8
2013,09,26,6,272.0
2013,09,26,7,270.6
2013,09,27,0,271.4
2013,09,27,1,271.4
2013,09,27,2,271.7
2013,09,27,3,272.9
2013,09,27,4,272.7
2013,09,27,5,272.0
2013,09,27,6,271.7
2013,09,27,7,271.8
2013,09,28,0,273.8
2013,09,28,1,273.0
2013,09,28,2,272.2
2013,09,28,3,272.3
2013,09,28,4,272.4
2013,09,28,5,273.0
2013,09,28,6,273.3
2013,09,28,7,272.3
2013,09,29,0,272.8
2013,09,29,1,272.9
2013,09,29,2,273.3
2013,09,29,3,274.8
2013,09,29,4,274.6
2013,09,29,5,275.0
2013,09,29,6,276.1
2013,09,29,7,274.0
2013,09,30,0,275.2
2013,09,30,1,275.0
2013,09,30,2,274.2
2013,09,30,3,274.2
2013,09,30,4,275.0
2013,09,30,5,276.1
2013,09,30,6,276.9
2013,09,30,7,275.6
2013,09,31,0,275.9
2013,09,31,1,275.7
2013,09,31,2,275.5
2013,09,31,3,274.9
2013,09,31,4,274.6
2013,09,31,5,274.5
2013,09,31,6,274.5
2013,09,31,7,275.0
2013,09,1,0,275.5
2013,09,1,1,275.5
2013,09,1,2,275.5
2013,09,1,3,274.8
2013,09,1,4,274.9
2013,09,1,5,275.1
2013,09,1,6,275.0
2013,09,1,7,275.4
2013,09,2,0,275.1
2013,09,2,1,274.6
2013,09,2,2,274.4
2013,09,2,3,274.9
2013,09,2,4,274.7
2013,09,2,5,274.0
2013,09,2,6,273.3
2013,09,2,7,273.7
2013,09,3,0,274.1
2013,09,3,1,274.0
2013,09,3,2,273.3
2013,09,3,3,272.9
2013,09,3,4,272.6
2013,09,3,5,272.2
2013,09,3,6,271.8
2013,09,3,7,272.6
2013,09,4,0,272.1
2013,09,4,1,272.1
2013,09,4,2,273.2
2013,09,4,3,272.9
2013,09,4,4,272.2
2013,09,4,5,272.0
2013,09,4,6,272.8
2013,09,4,7,272.6
2013,09,5,0,273.2
2013,09,5,1,272.7
2013,09,5,2,272.6
2013,09,5,3,272.6
2013,09,5,4,272.6
2013,09,5,5,274.3
2013,09,5,6,273.0
2013,09,5,7,273.0
2013,09,6,0,273.9
2013,09,6,1,274.3
2013,09,6,2,275.1
2013,09,6,3,275.1
2013,09,6,4,274.8
2013,09,6,5,274.6
2013,09,6,6,275.1
2013,09,6,7,273.6
2013,09,7,0,274.4
2013,09,7,1,273.4
2013,09,7,2,273.2
2013,09,7,3,273.7
2013,09,7,4,273.9
2013,09,7,5,274.3
2013,09,7,6,272.9
2013,09,7,7,273.0
2013,09,8,0,273.8
2013,09,8,1,273.4
2013,09,8,2,272.6
2013,09,8,3,272.2
2013,09,8,4,272.3
2013,09,8,5,272.1
2013,09,8,6,271.9
2013,09,8,7,271.6
2013,09,9,0,271.7
2013,09,9,1,271.5
2013,09,9,2,271.1
2013,09,9,3,270.5
2013,09,9,4,270.0
2013,09,9,5,270.7
2013,09,9,6,270.6
2013,09,9,7,270.1
2013,09,10,0,271.4
2013,09,10,1,271.3
2013,09,10,2,271.5
2013,09,10,3,271.9
2013,09,10,4,271.6
2013,09,10,5,271.4
2013,09,10,6,271.3
2013,09,10,7,271.1
2013,09,11,0,271.2
2013,09,11,1,270.8
2013,09,11,2,271.1
2013,09,11,3,271.1
2013,09,11,4,270.7
2013,09,11,5,270.3
2013,09,11,6,270.6
2013,09,11,7,270.7
2013,09,12,0,271.0
2013,09,12,1,271.3
2013,09,12,2,271.1
2013,09,12,3,271.0
2013,09,12,4,271.6
2013,09,12,5,271.5
2013,09,12,6,272.9
2013,09,12,7,272.3
2013,09,13,0,272.8
2013,09,13,1,272.6
2013,09,13,2,272.9
2013,09,13,3,273.6
2013,09,13,4,273.6
2013,09,13,5,273.7
2013,09,13,6,273.5
2013,09,13,7,273.4
2013,09,14,0,273.6
2013,09,14,1,273.5
2013,09,14,2,273.3
2013,09,14,3,273.0
2013,09,14,4,272.9
2013,09,14,5,273.0
2013,09,14,6,273.1
2013,09,14,7,273.6
2013,09,15,0,274.0
2013,09,15,1,273.3
2013,09,15,2,273.4
2013,09,15,3,273.4
2013,09,15,4,273.2
2013,09,15,5,273.6
2013,09,15,6,275.2
2013,09,15,7,274.3
2013,09,16,0,275.3
2013,09,16,1,275.6
2013,09,16,2,275.8
2013,09,16,3,275.8
2013,09,16,4,275.2
2013,09,16,5,275.2
2013,09,16,6,277.7
2013,09,16,7,274.4
2013,09,17,0,275.3
2013,09,17,1,275.5
2013,09,17,2,275.6
2013,09,17,3,275.1
2013,09,17,4,274.7
2013,09,17,5,274.2
2013,09,17,6,274.0
2013,09,17,7,273.3
2013,09,18,0,274.1
2013,09,18,1,274.4
2013,09,18,2,273.8
2013,09,18,3,273.9
2013,09,18,4,273.6
2013,09,18,5,272.8
2013,09,18,6,272.5
2013,09,18,7,272.2
2013,09,19,0,272.0
2013,09,19,1,272.4
2013,09,19,2,273.5
2013,09,19,3,274.1
2013,09,19,4,274.3
2013,09,19,5,274.5
2013,09,19,6,274.6
2013,09,19,7,273.6
2013,09,20,0,274.8
2013,09,20,1,274.7
2013,09,20,2,274.9
2013,09,20,3,275.4
2013,09,20,4,274.9
2013,09,20,5,274.3
2013,09,20,6,272.6
2013,09,20,7,273.4
2013,09,21,0,274.2
2013,09,21,1,274.0
2013,09,21,2,274.0
2013,09,21,3,273.7
2013,09,21,4,273.5
2013,09,21,5,273.2
2013,09,21,6,271.3
2013,09,21,7,269.4
2013,09,22,0,268.6
2013,09,22,1,265.8
2013,09,22,2,263.0
2013,09,22,3,261.6
2013,09,22,4,263.1
2013,09,22,5,266.9
2013,09,22,6,270.2
2013,09,22,7,272.8
2013,09,23,0,271.9
2013,09,23,1,273.2
2013,09,23,2,274.4
2013,09,23,3,274.4
2013,09,23,4,274.7
2013,09,23,5,275.3
2013,09,23,6,275.1
2013,09,23,7,273.7
2013,09,24,0,274.4
2013,09,24,1,275.0
2013,09,24,2,275.8
2013,09,24,3,275.8
2013,09,24,4,275.2
2013,09,24,5,274.8
2013,09,24,6,274.2
2013,09,24,7,273.3
2013,09,25,0,273.6
2013,09,25,1,273.8
2013,09,25,2,274.7
2013,09,25,3,274.2
2013,09,25,4,271.7
2013,09,25,5,270.3
2013,09,25,6,267.7
2013,09,25,7,266.5
2013,09,26,0,266.9
2013,09,26,1,265.8
2013,09,26,2,264.0
2013,09,26,3,261.2
2013,09,26,4,258.8
2013,09,26,5,258.8
2013,09,26,6,259.2
2013,09,26,7,260.0
2013,09,27,0,261.6
2013,09,27,1,261.6
2013,09,27,2,263.0
2013,09,27,3,264.1
2013,09,27,4,264.0
2013,09,27,5,264.6
2013,09,27,6,271.6
2013,09,27,7,270.0
2013,09,28,0,269.9
2013,09,28,1,270.3
2013,09,28,2,269.9
2013,09,28,3,270.1
2013,09,28,4,269.7
2013,09,28,5,269.8
2013,09,28,6,270.2
2013,09,28,7,269.4
2013,09,29,0,270.8
2013,09,29,1,271.8
2013,09,29,2,272.8
2013,09,29,3,273.6
2013,09,29,4,273.7
2013,09,29,5,274.2
2013,09,29,6,274.8
2013,09,29,7,274.0
2013,09,30,0,274.8
2013,09,30,1,276.6
2013,09,30,2,276.6
2013,09,30,3,276.4
2013,09,30,4,276.9
2013,09,30,5,276.4
2013,09,30,6,275.5
2013,09,30,7,272.9
2013,09,1,0,273.1
2013,09,1,1,273.5
2013,09,1,2,273.7
2013,09,1,3,274.2
2013,09,1,4,273.7
2013,09,1,5,273.0
2013,09,1,6,272.5
2013,09,1,7,271.6
2013,09,2,0,271.9
2013,09,2,1,271.6
2013,09,2,2,270.6
2013,09,2,3,270.5
2013,09,2,4,270.5
2013,09,2,5,270.5
2013,09,2,6,270.1
2013,09,2,7,269.0
2013,09,3,0,269.1
2013,09,3,1,270.1
2013,09,3,2,270.3
2013,09,3,3,270.4
2013,09,3,4,270.8
2013,09,3,5,271.5
2013,09,3,6,272.9
2013,09,3,7,271.2
2013,09,4,0,271.2
2013,09,4,1,272.4
2013,09,4,2,272.5
2013,09,4,3,272.6
2013,09,4,4,272.1
2013,09,4,5,271.5
2013,09,4,6,271.1
2013,09,4,7,271.4
2013,09,5,0,271.8
2013,09,5,1,273.6
2013,09,5,2,274.3
2013,09,5,3,274.6
2013,09,5,4,275.1
2013,09,5,5,275.6
2013,09,5,6,275.5
2013,09,5,7,275.0
2013,09,6,0,275.2
2013,09,6,1,275.5
2013,09,6,2,275.4
2013,09,6,3,275.1
2013,09,6,4,275.3
2013,09,6,5,274.9
2013,09,6,6,274.8
2013,09,6,7,274.5
2013,09,7,0,274.1
2013,09,7,1,274.4
2013,09,7,2,274.4
2013,09,7,3,274.3
2013,09,7,4,274.1
2013,09,7,5,273.7
2013,09,7,6,273.2
2013,09,7,7,274.1
2013,09,8,0,270.9
2013,09,8,1,270.8
2013,09,8,2,270.1
2013,09,8,3,268.9
2013,09,8,4,267.8
2013,09,8,5,267.3
2013,09,8,6,266.4
2013,09,8,7,265.7
2013,09,9,0,266.5
2013,09,9,1,265.9
2013,09,9,2,265.0
2013,09,9,3,263.9
2013,09,9,4,261.8
2013,09,9,5,260.5
2013,09,9,6,260.6
2013,09,9,7,260.8
2013,09,10,0,260.6
2013,09,10,1,260.2
2013,09,10,2,261.9
2013,09,10,3,262.3
2013,09,10,4,262.5
2013,09,10,5,263.2
2013,09,10,6,264.4
2013,09,10,7,263.1
2013,09,11,0,262.1
2013,09,11,1,265.6
2013,09,11,2,268.4
2013,09,11,3,268.6
2013,09,11,4,268.5
2013,09,11,5,268.5
2013,09,11,6,269.5
2013,09,11,7,269.0
2013,09,12,0,265.9
2013,09,12,1,267.5
2013,09,12,2,268.6
2013,09,12,3,268.0
2013,09,12,4,267.5
2013,09,12,5,267.1
2013,09,12,6,266.8
2013,09,12,7,266.6
2013,09,13,0,265.6
2013,09,13,1,265.4
2013,09,13,2,264.5
2013,09,13,3,262.2
2013,09,13,4,259.7
2013,09,13,5,258.8
2013,09,13,6,259.7
2013,09,13,7,260.1
2013,09,14,0,261.4
2013,09,14,1,265.9
2013,09,14,2,268.1
2013,09,14,3,269.7
2013,09,14,4,270.0
2013,09,14,5,270.1
2013,09,14,6,269.9
2013,09,14,7,270.4
2013,09,15,0,270.3
2013,09,15,1,270.6
2013,09,15,2,270.5
2013,09,15,3,270.4
2013,09,15,4,270.0
2013,09,15,5,270.8
2013,09,15,6,270.9
2013,09,15,7,268.3
2013,09,16,0,268.3
2013,09,16,1,269.5
2013,09,16,2,269.9
2013,09,16,3,269.0
2013,09,16,4,268.8
2013,09,16,5,269.2
2013,09,16,6,269.7
2013,09,16,7,271.1
2013,09,17,0,270.7
2013,09,17,1,269.1
2013,09,17,2,268.8
2013,09,17,3,268.6
2013,09,17,4,268.8
2013,09,17,5,268.7
2013,09,17,6,268.8
2013,09,17,7,268.1
2013,09,18,0,268.1
2013,09,18,1,268.3
2013,09,18,2,268.8
2013,09,18,3,268.8
2013,09,18,4,269.3
2013,09,18,5,269.7
2013,09,18,6,269.5
2013,09,18,7,269.1
2013,09,19,0,269.4
2013,09,19,1,269.4
2013,09,19,2,269.4
2013,09,19,3,269.3
2013,09,19,4,268.8
2013,09,19,5,268.8
2013,09,19,6,268.9
2013,09,19,7,268.1
2013,09,20,0,268.3
2013,09,20,1,268.6
2013,09,20,2,269.2
2013,09,20,3,268.6
2013,09,20,4,268.8
2013,09,20,5,268.6
2013,09,20,6,268.3
2013,09,20,7,268.3
2013,09,21,0,269.0
2013,09,21,1,269.5
2013,09,21,2,270.0
2013,09,21,3,270.3
2013,09,21,4,269.1
2013,09,21,5,268.7
2013,09,21,6,268.5
2013,09,21,7,268.2
2013,09,22,0,268.1
2013,09,22,1,268.2
2013,09,22,2,268.0
2013,09,22,3,268.3
2013,09,22,4,268.1
2013,09,22,5,267.9
2013,09,22,6,267.8
2013,09,22,7,267.4
2013,09,23,0,266.5
2013,09,23,1,266.6
2013,09,23,2,265.8
2013,09,23,3,265.7
2013,09,23,4,265.8
2013,09,23,5,265.8
2013,09,23,6,265.9
2013,09,23,7,265.5
2013,09,24,0,265.8
2013,09,24,1,265.3
2013,09,24,2,264.9
2013,09,24,3,264.7
2013,09,24,4,264.7
2013,09,24,5,264.6
2013,09,24,6,264.6
2013,09,24,7,264.6
2013,09,25,0,265.3
2013,09,25,1,265.4
2013,09,25,2,265.2
2013,09,25,3,265.3
2013,09,25,4,265.5
2013,09,25,5,265.6
2013,09,25,6,265.6
2013,09,25,7,265.8
2013,09,26,0,267.0
2013,09,26,1,267.3
2013,09,26,2,267.3
2013,09,26,3,267.4
2013,09,26,4,266.9
2013,09,26,5,266.8
2013,09,26,6,267.1
2013,09,26,7,266.6
2013,09,27,0,267.4
2013,09,27,1,267.4
2013,09,27,2,267.0
2013,09,27,3,266.5
2013,09,27,4,265.8
2013,09,27,5,265.0
2013,09,27,6,264.7
2013,09,27,7,265.0
2013,09,28,0,266.3
2013,09,28,1,267.9
2013,09,28,2,268.3
2013,09,28,3,262.1
2013,09,28,4,257.2
2013,09,28,5,255.9
2013,09,28,6,254.5
2013,09,28,7,255.5
2013,09,29,0,256.8
2013,09,29,1,258.0
2013,09,29,2,258.7
2013,09,29,3,259.6
2013,09,29,4,259.1
2013,09,29,5,258.7
2013,09,29,6,258.7
2013,09,29,7,258.9
2013,09,30,0,258.9
2013,09,30,1,258.1
2013,09,30,2,259.4
2013,09,30,3,261.5
2013,09,30,4,262.9
2013,09,30,5,264.2
2013,09,30,6,267.0
2013,09,30,7,267.3
2013,09,31,0,268.4
2013,09,31,1,268.5
2013,09,31,2,268.2
2013,09,31,3,268.2
2013,09,31,4,269.5
2013,09,31,5,270.7
2013,09,31,6,271.5
2013,09,31,7,271.5
2013,09,1,0,271.3
2013,09,1,1,272.0
2013,09,1,2,272.1
2013,09,1,3,272.4
2013,09,1,4,272.6
2013,09,1,5,272.7
2013,09,1,6,272.3
2013,09,1,7,272.1
2013,09,2,0,273.5
2013,09,2,1,272.5
2013,09,2,2,272.0
2013,09,2,3,271.7
2013,09,2,4,271.4
2013,09,2,5,271.1
2013,09,2,6,270.9
2013,09,2,7,271.0
2013,09,3,0,269.1
2013,09,3,1,268.9
2013,09,3,2,268.6
2013,09,3,3,267.8
2013,09,3,4,266.6
2013,09,3,5,265.8
2013,09,3,6,264.8
2013,09,3,7,264.2
2013,09,4,0,263.8
2013,09,4,1,263.4
2013,09,4,2,261.0
2013,09,4,3,261.0
2013,09,4,4,260.2
2013,09,4,5,259.5
2013,09,4,6,259.2
2013,09,4,7,258.8
2013,09,5,0,261.3
2013,09,5,1,263.2
2013,09,5,2,263.7
2013,09,5,3,263.5
2013,09,5,4,264.6
2013,09,5,5,264.0
2013,09,5,6,263.7
2013,09,5,7,264.5
2013,09,6,0,266.1
2013,09,6,1,267.2
2013,09,6,2,266.7
2013,09,6,3,268.6
2013,09,6,4,268.2
2013,09,6,5,267.6
2013,09,6,6,267.3
2013,09,6,7,267.0
2013,09,7,0,267.4
2013,09,7,1,268.1
2013,09,7,2,268.1
2013,09,7,3,268.1
2013,09,7,4,268.0
2013,09,7,5,268.1
2013,09,7,6,268.4
2013,09,7,7,268.1
2013,09,8,0,267.5
2013,09,8,1,267.9
2013,09,8,2,268.3
2013,09,8,3,268.1
2013,09,8,4,268.3
2013,09,8,5,268.8
2013,09,8,6,269.0
2013,09,8,7,269.5
2013,09,9,0,268.7
2013,09,9,1,270.3
2013,09,9,2,269.4
2013,09,9,3,268.9
2013,09,9,4,267.9
2013,09,9,5,267.3
2013,09,9,6,267.1
2013,09,9,7,266.4
2013,09,10,0,266.9
2013,09,10,1,266.9
2013,09,10,2,267.2
2013,09,10,3,267.4
2013,09,10,4,267.4
2013,09,10,5,267.6
2013,09,10,6,268.4
2013,09,10,7,268.2
2013,09,11,0,268.1
2013,09,11,1,268.4
2013,09,11,2,268.4
2013,09,11,3,268.3
2013,09,11,4,268.2
2013,09,11,5,268.0
2013,09,11,6,267.7
2013,09,11,7,267.7
2013,09,12,0,268.3
2013,09,12,1,268.4
2013,09,12,2,268.2
2013,09,12,3,268.4
2013,09,12,4,268.0
2013,09,12,5,266.9
2013,09,12,6,266.5
2013,09,12,7,268.3
2013,09,13,0,266.9
2013,09,13,1,267.1
2013,09,13,2,266.9
2013,09,13,3,267.9
2013,09,13,4,269.4
2013,09,13,5,270.1
2013,09,13,6,269.6
2013,09,13,7,269.8
2013,09,14,0,269.5
2013,09,14,1,269.6
2013,09,14,2,269.6
2013,09,14,3,269.4
2013,09,14,4,268.8
2013,09,14,5,268.7
2013,09,14,6,268.7
2013,09,14,7,268.1
2013,09,15,0,268.3
2013,09,15,1,268.0
2013,09,15,2,267.2
2013,09,15,3,265.2
2013,09,15,4,262.0
2013,09,15,5,262.4
2013,09,15,6,264.9
2013,09,15,7,265.5
2013,09,16,0,266.4
2013,09,16,1,267.2
2013,09,16,2,267.4
2013,09,16,3,267.4
2013,09,16,4,268.3
2013,09,16,5,267.3
2013,09,16,6,268.1
2013,09,16,7,270.3
2013,09,17,0,270.4
2013,09,17,1,269.3
2013,09,17,2,270.9
2013,09,17,3,270.7
2013,09,17,4,270.9
2013,09,17,5,270.3
2013,09,17,6,269.9
2013,09,17,7,270.1
2013,09,18,0,269.7
2013,09,18,1,269.7
2013,09,18,2,269.5
2013,09,18,3,269.4
2013,09,18,4,269.5
2013,09,18,5,269.6
2013,09,18,6,269.8
2013,09,18,7,270.0
2013,09,19,0,268.6
2013,09,19,1,268.5
2013,09,19,2,268.5
2013,09,19,3,267.3
2013,09,19,4,266.3
2013,09,19,5,265.8
2013,09,19,6,265.6
2013,09,19,7,264.9
2013,09,20,0,264.3
2013,09,20,1,264.3
2013,09,20,2,264.4
2013,09,20,3,264.6
2013,09,20,4,264.4
2013,09,20,5,263.9
2013,09,20,6,263.6
2013,09,20,7,262.7
2013,09,21,0,262.4
2013,09,21,1,262.0
2013,09,21,2,262.7
2013,09,21,3,261.9
2013,09,21,4,261.8
2013,09,21,5,261.2
2013,09,21,6,260.5
2013,09,21,7,260.2
2013,09,22,0,260.2
2013,09,22,1,260.8
2013,09,22,2,260.8
2013,09,22,3,260.1
2013,09,22,4,261.1
2013,09,22,5,262.1
2013,09,22,6,261.5
2013,09,22,7,261.8
2013,09,23,0,262.6
2013,09,23,1,262.4
2013,09,23,2,263.5
2013,09,23,3,263.8
2013,09,23,4,263.4
2013,09,23,5,263.4
2013,09,23,6,263.3
2013,09,23,7,262.8
2013,09,24,0,262.6
2013,09,24,1,262.8
2013,09,24,2,262.8
2013,09,24,3,263.3
2013,09,24,4,263.0
2013,09,24,5,263.3
2013,09,24,6,263.6
2013,09,24,7,264.1
2013,09,25,0,265.1
2013,09,25,1,267.0
2013,09,25,2,268.3
2013,09,25,3,268.9
2013,09,25,4,269.1
2013,09,25,5,268.9
2013,09,25,6,268.8
2013,09,25,7,269.0
2013,09,26,0,269.0
2013,09,26,1,269.0
2013,09,26,2,268.6
2013,09,26,3,268.2
2013,09,26,4,268.1
2013,09,26,5,267.9
2013,09,26,6,267.9
2013,09,26,7,268.1
2013,09,27,0,268.0
2013,09,27,1,267.9
2013,09,27,2,267.8
2013,09,27,3,267.9
2013,09,27,4,267.5
2013,09,27,5,267.1
2013,09,27,6,266.8
2013,09,27,7,266.6
2013,09,28,0,266.8
2013,09,28,1,266.7
2013,09,28,2,266.5
2013,09,28,3,266.5
2013,09,28,4,265.4
2013,09,28,5,264.5
2013,09,28,6,264.2
2013,09,28,7,263.1
2013,09,29,0,262.7
2013,09,29,1,262.2
2013,09,29,2,262.2
2013,09,29,3,262.2
2013,09,29,4,262.5
2013,09,29,5,262.7
2013,09,29,6,262.4
2013,09,29,7,262.1
2013,09,30,0,262.2
2013,09,30,1,262.4
2013,09,30,2,262.4
2013,09,30,3,262.7
2013,09,30,4,263.2
2013,09,30,5,263.3
2013,09,30,6,263.4
2013,09,30,7,263.2
2013,09,1,0,263.7
2013,09,1,1,264.2
2013,09,1,2,265.5
2013,09,1,3,266.5
2013,09,1,4,266.9
2013,09,1,5,267.9
2013,09,1,6,268.8
2013,09,1,7,268.8
2013,09,2,0,268.9
2013,09,2,1,269.1
2013,09,2,2,269.2
2013,09,2,3,268.9
2013,09,2,4,268.1
2013,09,2,5,268.3
2013,09,2,6,268.5
2013,09,2,7,267.8
2013,09,3,0,268.3
2013,09,3,1,268.3
2013,09,3,2,268.3
2013,09,3,3,267.7
2013,09,3,4,266.9
2013,09,3,5,266.5
2013,09,3,6,265.7
2013,09,3,7,263.1
2013,09,4,0,260.1
2013,09,4,1,255.2
2013,09,4,2,254.1
2013,09,4,3,253.1
2013,09,4,4,253.1
2013,09,4,5,253.4
2013,09,4,6,253.2
2013,09,4,7,252.2
2013,09,5,0,251.8
2013,09,5,1,251.3
2013,09,5,2,251.5
2013,09,5,3,251.9
2013,09,5,4,252.1
2013,09,5,5,252.5
2013,09,5,6,253.6
2013,09,5,7,253.9
2013,09,6,0,254.6
2013,09,6,1,255.3
2013,09,6,2,255.8
2013,09,6,3,256.7
2013,09,6,4,258.2
2013,09,6,5,258.2
2013,09,6,6,258.3
2013,09,6,7,258.7
2013,09,7,0,257.5
2013,09,7,1,258.2
2013,09,7,2,256.9
2013,09,7,3,256.1
2013,09,7,4,255.6
2013,09,7,5,252.7
2013,09,7,6,252.9
2013,09,7,7,253.0
2013,09,8,0,256.6
2013,09,8,1,259.3
2013,09,8,2,258.4
2013,09,8,3,259.2
2013,09,8,4,258.5
2013,09,8,5,257.1
2013,09,8,6,256.0
2013,09,8,7,255.7
2013,09,9,0,256.0
2013,09,9,1,256.1
2013,09,9,2,257.1
2013,09,9,3,260.7
2013,09,9,4,261.4
2013,09,9,5,261.8
2013,09,9,6,261.9
2013,09,9,7,261.6
2013,09,10,0,261.9
2013,09,10,1,262.2
2013,09,10,2,264.4
2013,09,10,3,263.7
2013,09,10,4,264.4
2013,09,10,5,264.4
2013,09,10,6,264.5
2013,09,10,7,265.0
2013,09,11,0,264.9
2013,09,11,1,264.6
2013,09,11,2,264.2
2013,09,11,3,263.6
2013,09,11,4,263.4
2013,09,11,5,263.7
2013,09,11,6,264.3
2013,09,11,7,265.6
2013,09,12,0,266.1
2013,09,12,1,266.4
2013,09,12,2,266.0
2013,09,12,3,265.5
2013,09,12,4,264.9
2013,09,12,5,264.5
2013,09,12,6,264.3
2013,09,12,7,264.6
2013,09,13,0,265.0
2013,09,13,1,265.7
2013,09,13,2,265.1
2013,09,13,3,264.5
2013,09,13,4,261.9
2013,09,13,5,260.9
2013,09,13,6,262.4
2013,09,13,7,266.2
2013,09,14,0,267.1
2013,09,14,1,266.2
2013,09,14,2,267.8
2013,09,14,3,269.9
2013,09,14,4,269.0
2013,09,14,5,268.6
2013,09,14,6,268.3
2013,09,14,7,269.3
2013,09,15,0,269.9
2013,09,15,1,269.9
2013,09,15,2,269.8
2013,09,15,3,270.0
2013,09,15,4,270.2
2013,09,15,5,270.7
2013,09,15,6,270.8
2013,09,15,7,271.2
2013,09,16,0,271.8
2013,09,16,1,272.1
2013,09,16,2,272.3
2013,09,16,3,271.8
2013,09,16,4,271.7
2013,09,16,5,271.6
2013,09,16,6,271.4
2013,09,16,7,271.6
2013,09,17,0,272.0
2013,09,17,1,271.7
2013,09,17,2,271.3
2013,09,17,3,271.0
2013,09,17,4,270.1
2013,09,17,5,269.9
2013,09,17,6,270.0
2013,09,17,7,269.6
2013,09,18,0,268.9
2013,09,18,1,268.9
2013,09,18,2,269.2
2013,09,18,3,268.8
2013,09,18,4,266.8
2013,09,18,5,266.5
2013,09,18,6,266.9
2013,09,18,7,266.8
2013,09,19,0,265.0
2013,09,19,1,264.2
2013,09,19,2,263.6
2013,09,19,3,261.6
2013,09,19,4,259.4
2013,09,19,5,257.6
2013,09,19,6,257.4
2013,09,19,7,257.3
2013,09,20,0,258.0
2013,09,20,1,258.5
2013,09,20,2,259.4
2013,09,20,3,262.1
2013,09,20,4,263.9
2013,09,20,5,265.9
2013,09,20,6,266.2
2013,09,20,7,267.0
2013,09,21,0,266.0
2013,09,21,1,265.8
2013,09,21,2,266.8
2013,09,21,3,265.5
2013,09,21,4,265.4
2013,09,21,5,266.1
2013,09,21,6,265.6
2013,09,21,7,265.0
2013,09,22,0,264.7
2013,09,22,1,266.3
2013,09,22,2,265.4
2013,09,22,3,266.1
2013,09,22,4,266.7
2013,09,22,5,266.2
2013,09,22,6,266.2
2013,09,22,7,266.1
2013,09,23,0,266.1
2013,09,23,1,266.2
2013,09,23,2,266.6
2013,09,23,3,267.2
2013,09,23,4,267.1
2013,09,23,5,266.7
2013,09,23,6,266.7
2013,09,23,7,266.6
2013,09,24,0,266.8
2013,09,24,1,266.6
2013,09,24,2,266.6
2013,09,24,3,266.6
2013,09,24,4,266.6
2013,09,24,5,266.7
2013,09,24,6,266.8
2013,09,24,7,266.6
2013,09,25,0,266.5
2013,09,25,1,266.9
2013,09,25,2,266.5
2013,09,25,3,266.2
2013,09,25,4,266.1
2013,09,25,5,265.9
2013,09,25,6,265.9
2013,09,25,7,265.5
2013,09,26,0,265.4
2013,09,26,1,265.1
2013,09,26,2,264.7
2013,09,26,3,264.6
2013,09,26,4,264.5
2013,09,26,5,264.4
2013,09,26,6,265.2
2013,09,26,7,266.2
2013,09,27,0,266.6
2013,09,27,1,267.8
2013,09,27,2,268.1
2013,09,27,3,267.7
2013,09,27,4,267.4
2013,09,27,5,267.5
2013,09,27,6,267.6
2013,09,27,7,268.5
2013,09,28,0,266.8
2013,09,28,1,265.9
2013,09,28,2,266.6
2013,09,28,3,265.2
2013,09,28,4,264.4
2013,09,28,5,264.3
2013,09,28,6,265.3
2013,09,28,7,265.1
2013,09,29,0,265.1
2013,09,29,1,266.0
2013,09,29,2,266.5
2013,09,29,3,266.9
2013,09,29,4,267.6
2013,09,29,5,268.6
2013,09,29,6,269.1
2013,09,29,7,269.7
2013,09,30,0,269.7
2013,09,30,1,269.4
2013,09,30,2,269.8
2013,09,30,3,269.7
2013,09,30,4,269.3
2013,09,30,5,269.2
2013,09,30,6,269.3
2013,09,30,7,269.3
2013,09,31,0,268.9
2013,09,31,1,268.8
2013,09,31,2,268.9
2013,09,31,3,268.5
2013,09,31,4,268.5
2013,09,31,5,268.2
2013,09,31,6,268.1
2013,09,31,7,267.8
2014,09,1,0,268.3
2014,09,1,1,268.8
2014,09,1,2,269.4
2014,09,1,3,269.5
2014,09,1,4,270.1
2014,09,1,5,270.3
2014,09,1,6,270.1
2014,09,1,7,270.1
2014,09,2,0,269.6
2014,09,2,1,269.3
2014,09,2,2,269.4
2014,09,2,3,269.4
2014,09,2,4,269.8
2014,09,2,5,269.6
2014,09,2,6,269.5
2014,09,2,7,269.5
2014,09,3,0,269.4
2014,09,3,1,269.1
2014,09,3,2,268.6
2014,09,3,3,268.1
2014,09,3,4,268.0
2014,09,3,5,267.4
2014,09,3,6,267.7
2014,09,3,7,267.1
2014,09,4,0,266.9
2014,09,4,1,266.5
2014,09,4,2,267.1
2014,09,4,3,267.7
2014,09,4,4,269.3
2014,09,4,5,269.4
2014,09,4,6,269.1
2014,09,4,7,269.1
2014,09,5,0,269.1
2014,09,5,1,269.8
2014,09,5,2,269.3
2014,09,5,3,269.0
2014,09,5,4,268.8
2014,09,5,5,268.4
2014,09,5,6,267.8
2014,09,5,7,268.6
2014,09,6,0,269.4
2014,09,6,1,269.3
2014,09,6,2,269.3
2014,09,6,3,269.0
2014,09,6,4,268.4
2014,09,6,5,268.3
2014,09,6,6,268.7
2014,09,6,7,269.0
2014,09,7,0,268.8
2014,09,7,1,268.4
2014,09,7,2,267.3
2014,09,7,3,266.3
2014,09,7,4,265.3
2014,09,7,5,264.1
2014,09,7,6,265.3
2014,09,7,7,266.1
2014,09,8,0,266.4
2014,09,8,1,266.7
2014,09,8,2,265.5
2014,09,8,3,264.8
2014,09,8,4,264.8
2014,09,8,5,265.1
2014,09,8,6,266.0
2014,09,8,7,265.0
2014,09,9,0,264.5
2014,09,9,1,264.9
2014,09,9,2,265.7
2014,09,9,3,264.4
2014,09,9,4,262.5
2014,09,9,5,262.7
2014,09,9,6,264.9
2014,09,9,7,264.9
2014,09,10,0,265.8
2014,09,10,1,266.0
2014,09,10,2,268.2
2014,09,10,3,268.0
2014,09,10,4,267.6
2014,09,10,5,268.0
2014,09,10,6,269.5
2014,09,10,7,270.0
2014,09,11,0,269.9
2014,09,11,1,269.9
2014,09,11,2,270.2
2014,09,11,3,269.9
2014,09,11,4,269.2
2014,09,11,5,269.2
2014,09,11,6,268.8
2014,09,11,7,267.9
2014,09,12,0,266.2
2014,09,12,1,266.4
2014,09,12,2,265.8
2014,09,12,3,264.5
2014,09,12,4,264.7
2014,09,12,5,264.7
2014,09,12,6,264.1
2014,09,12,7,265.4
2014,09,13,0,265.5
2014,09,13,1,266.3
2014,09,13,2,267.6
2014,09,13,3,268.8
2014,09,13,4,268.2
2014,09,13,5,267.8
2014,09,13,6,267.4
2014,09,13,7,267.1
2014,09,14,0,266.6
2014,09,14,1,266.2
2014,09,14,2,266.3
2014,09,14,3,266.8
2014,09,14,4,267.3
2014,09,14,5,267.4
2014,09,14,6,267.4
2014,09,14,7,267.2
2014,09,15,0,267.2
2014,09,15,1,267.8
2014,09,15,2,267.1
2014,09,15,3,266.7
2014,09,15,4,267.7
2014,09,15,5,268.2
2014,09,15,6,268.3
2014,09,15,7,268.7
2014,09,16,0,269.5
2014,09,16,1,270.0
2014,09,16,2,269.3
2014,09,16,3,268.7
2014,09,16,4,268.5
2014,09,16,5,268.8
2014,09,16,6,269.0
2014,09,16,7,269.1
2014,09,17,0,269.9
2014,09,17,1,270.4
2014,09,17,2,269.9
2014,09,17,3,269.8
2014,09,17,4,269.5
2014,09,17,5,269.2
2014,09,17,6,269.2
2014,09,17,7,269.2
2014,09,18,0,268.9
2014,09,18,1,268.4
2014,09,18,2,268.4
2014,09,18,3,268.4
2014,09,18,4,267.9
2014,09,18,5,267.5
2014,09,18,6,267.7
2014,09,18,7,267.4
2014,09,19,0,267.2
2014,09,19,1,267.4
2014,09,19,2,267.3
2014,09,19,3,267.3
2014,09,19,4,267.2
2014,09,19,5,267.1
2014,09,19,6,267.2
2014,09,19,7,266.9
2014,09,20,0,266.5
2014,09,20,1,267.4
2014,09,20,2,267.8
2014,09,20,3,267.8
2014,09,20,4,267.6
2014,09,20,5,268.0
2014,09,20,6,268.7
2014,09,20,7,269.1
2014,09,21,0,269.7
2014,09,21,1,269.5
2014,09,21,2,269.4
2014,09,21,3,269.8
2014,09,21,4,269.6
2014,09,21,5,269.2
2014,09,21,6,269.1
2014,09,21,7,269.7
2014,09,22,0,269.8
2014,09,22,1,269.4
2014,09,22,2,268.3
2014,09,22,3,268.2
2014,09,22,4,268.3
2014,09,22,5,267.7
2014,09,22,6,267.2
2014,09,22,7,267.9
2014,09,23,0,268.0
2014,09,23,1,268.4
2014,09,23,2,267.5
2014,09,23,3,266.6
2014,09,23,4,264.9
2014,09,23,5,263.6
2014,09,23,6,262.1
2014,09,23,7,260.8
2014,09,24,0,261.0
2014,09,24,1,260.9
2014,09,24,2,261.5
2014,09,24,3,262.2
2014,09,24,4,263.4
2014,09,24,5,264.2
2014,09,24,6,264.4
2014,09,24,7,264.7
2014,09,25,0,265.1
2014,09,25,1,264.9
2014,09,25,2,264.5
2014,09,25,3,264.2
2014,09,25,4,264.4
2014,09,25,5,264.6
2014,09,25,6,265.2
2014,09,25,7,265.5
2014,09,26,0,265.5
2014,09,26,1,265.7
2014,09,26,2,265.6
2014,09,26,3,265.4
2014,09,26,4,265.3
2014,09,26,5,265.9
2014,09,26,6,265.7
2014,09,26,7,264.9
2014,09,27,0,264.8
2014,09,27,1,265.2
2014,09,27,2,265.4
2014,09,27,3,266.3
2014,09,27,4,267.2
2014,09,27,5,265.6
2014,09,27,6,265.3
2014,09,27,7,265.5
2014,09,28,0,265.6
2014,09,28,1,265.1
2014,09,28,2,266.6
2014,09,28,3,267.4
2014,09,28,4,267.2
2014,09,28,5,268.8
2014,09,28,6,267.6
2014,09,28,7,269.1
2014,09,29,0,268.5
2014,09,29,1,269.2
2014,09,29,2,270.3
2014,09,29,3,270.4
2014,09,29,4,270.2
2014,09,29,5,269.3
2014,09,29,6,268.6
2014,09,29,7,268.4
2014,09,30,0,268.7
2014,09,30,1,268.7
2014,09,30,2,268.7
2014,09,30,3,268.0
2014,09,30,4,266.4
2014,09,30,5,264.3
2014,09,30,6,262.9
2014,09,30,7,259.9
2014,09,31,0,259.4
2014,09,31,1,259.3
2014,09,31,2,257.9
2014,09,31,3,255.9
2014,09,31,4,255.9
2014,09,31,5,255.2
2014,09,31,6,255.8
2014,09,31,7,255.0
2014,09,1,0,253.2
2014,09,1,1,251.8
2014,09,1,2,252.1
2014,09,1,3,252.8
2014,09,1,4,253.8
2014,09,1,5,254.6
2014,09,1,6,257.3
2014,09,1,7,260.2
2014,09,2,0,262.0
2014,09,2,1,260.3
2014,09,2,2,259.8
2014,09,2,3,259.2
2014,09,2,4,258.2
2014,09,2,5,257.3
2014,09,2,6,256.9
2014,09,2,7,256.5
2014,09,3,0,255.6
2014,09,3,1,255.3
2014,09,3,2,254.8
2014,09,3,3,255.2
2014,09,3,4,255.5
2014,09,3,5,255.7
2014,09,3,6,256.1
2014,09,3,7,255.9
2014,09,4,0,255.5
2014,09,4,1,256.3
2014,09,4,2,257.6
2014,09,4,3,258.6
2014,09,4,4,259.1
2014,09,4,5,260.5
2014,09,4,6,262.2
2014,09,4,7,261.9
2014,09,5,0,260.8
2014,09,5,1,260.0
2014,09,5,2,259.6
2014,09,5,3,260.3
2014,09,5,4,259.3
2014,09,5,5,258.0
2014,09,5,6,257.3
2014,09,5,7,258.1
2014,09,6,0,258.1
2014,09,6,1,258.3
2014,09,6,2,258.6
2014,09,6,3,259.2
2014,09,6,4,259.3
2014,09,6,5,259.1
2014,09,6,6,259.4
2014,09,6,7,259.3
2014,09,7,0,259.7
2014,09,7,1,259.1
2014,09,7,2,260.0
2014,09,7,3,260.7
2014,09,7,4,261.0
2014,09,7,5,260.4
2014,09,7,6,263.4
2014,09,7,7,264.7
2014,09,8,0,265.2
2014,09,8,1,266.5
2014,09,8,2,267.4
2014,09,8,3,267.3
2014,09,8,4,267.4
2014,09,8,5,267.8
2014,09,8,6,267.9
2014,09,8,7,268.0
2014,09,9,0,268.5
2014,09,9,1,268.3
2014,09,9,2,268.1
2014,09,9,3,267.7
2014,09,9,4,267.0
2014,09,9,5,267.6
2014,09,9,6,268.2
2014,09,9,7,268.1
2014,09,10,0,266.9
2014,09,10,1,267.2
2014,09,10,2,266.3
2014,09,10,3,265.9
2014,09,10,4,263.4
2014,09,10,5,262.7
2014,09,10,6,262.8
2014,09,10,7,262.9
2014,09,11,0,263.8
2014,09,11,1,264.8
2014,09,11,2,265.5
2014,09,11,3,265.6
2014,09,11,4,264.6
2014,09,11,5,264.1
2014,09,11,6,265.7
2014,09,11,7,266.2
2014,09,12,0,266.7
2014,09,12,1,267.2
2014,09,12,2,269.3
2014,09,12,3,268.8
2014,09,12,4,268.6
2014,09,12,5,268.4
2014,09,12,6,268.5
2014,09,12,7,268.5
2014,09,13,0,268.4
2014,09,13,1,267.8
2014,09,13,2,268.1
2014,09,13,3,268.2
2014,09,13,4,268.3
2014,09,13,5,268.4
2014,09,13,6,268.2
2014,09,13,7,267.7
2014,09,14,0,267.5
2014,09,14,1,268.3
2014,09,14,2,268.6
2014,09,14,3,269.9
2014,09,14,4,270.1
2014,09,14,5,270.6
2014,09,14,6,271.2
2014,09,14,7,270.5
2014,09,15,0,270.6
2014,09,15,1,270.3
2014,09,15,2,270.3
2014,09,15,3,270.0
2014,09,15,4,269.3
2014,09,15,5,269.1
2014,09,15,6,268.4
2014,09,15,7,266.4
2014,09,16,0,266.4
2014,09,16,1,267.0
2014,09,16,2,266.3
2014,09,16,3,266.6
2014,09,16,4,266.1
2014,09,16,5,265.1
2014,09,16,6,264.5
2014,09,16,7,263.1
2014,09,17,0,263.4
2014,09,17,1,264.3
2014,09,17,2,264.2
2014,09,17,3,264.5
2014,09,17,4,264.1
2014,09,17,5,264.3
2014,09,17,6,264.8
2014,09,17,7,264.7
2014,09,18,0,265.1
2014,09,18,1,265.6
2014,09,18,2,266.1
2014,09,18,3,267.1
2014,09,18,4,267.2
2014,09,18,5,266.2
2014,09,18,6,265.0
2014,09,18,7,263.4
2014,09,19,0,263.9
2014,09,19,1,263.4
2014,09,19,2,264.0
2014,09,19,3,264.2
2014,09,19,4,264.6
2014,09,19,5,264.4
2014,09,19,6,262.9
2014,09,19,7,262.6
2014,09,20,0,263.5
2014,09,20,1,264.1
2014,09,20,2,264.3
2014,09,20,3,264.5
2014,09,20,4,263.9
2014,09,20,5,262.7
2014,09,20,6,262.5
2014,09,20,7,261.7
2014,09,21,0,261.8
2014,09,21,1,261.7
2014,09,21,2,262.6
2014,09,21,3,263.3
2014,09,21,4,263.2
2014,09,21,5,263.2
2014,09,21,6,263.5
2014,09,21,7,263.2
2014,09,22,0,262.8
2014,09,22,1,263.0
2014,09,22,2,263.6
2014,09,22,3,263.2
2014,09,22,4,262.9
2014,09,22,5,262.8
2014,09,22,6,263.2
2014,09,22,7,262.7
2014,09,23,0,262.7
2014,09,23,1,263.3
2014,09,23,2,263.6
2014,09,23,3,263.2
2014,09,23,4,262.7
2014,09,23,5,262.5
2014,09,23,6,262.7
2014,09,23,7,263.4
2014,09,24,0,263.8
2014,09,24,1,265.8
2014,09,24,2,266.9
2014,09,24,3,266.8
2014,09,24,4,266.4
2014,09,24,5,266.4
2014,09,24,6,266.9
2014,09,24,7,267.6
2014,09,25,0,266.8
2014,09,25,1,266.7
2014,09,25,2,266.6
2014,09,25,3,265.4
2014,09,25,4,264.4
2014,09,25,5,263.7
2014,09,25,6,263.8
2014,09,25,7,263.1
2014,09,26,0,263.6
2014,09,26,1,263.6
2014,09,26,2,263.4
2014,09,26,3,263.4
2014,09,26,4,262.8
2014,09,26,5,262.7
2014,09,26,6,262.7
2014,09,26,7,262.3
2014,09,27,0,262.9
2014,09,27,1,262.8
2014,09,27,2,263.4
2014,09,27,3,261.4
2014,09,27,4,258.9
2014,09,27,5,256.1
2014,09,27,6,259.4
2014,09,27,7,261.0
2014,09,28,0,263.0
2014,09,28,1,263.9
2014,09,28,2,263.3
2014,09,28,3,264.9
2014,09,28,4,265.2
2014,09,28,5,264.1
2014,09,28,6,263.0
2014,09,28,7,261.4
2014,09,1,0,259.4
2014,09,1,1,258.4
2014,09,1,2,258.4
2014,09,1,3,258.7
2014,09,1,4,258.4
2014,09,1,5,258.1
2014,09,1,6,258.1
2014,09,1,7,258.8
2014,09,2,0,259.3
2014,09,2,1,259.0
2014,09,2,2,259.4
2014,09,2,3,262.3
2014,09,2,4,263.8
2014,09,2,5,263.8
2014,09,2,6,263.8
2014,09,2,7,262.6
2014,09,3,0,262.5
2014,09,3,1,263.5
2014,09,3,2,264.2
2014,09,3,3,265.2
2014,09,3,4,265.4
2014,09,3,5,264.9
2014,09,3,6,264.6
2014,09,3,7,264.6
2014,09,4,0,264.4
2014,09,4,1,263.5
2014,09,4,2,263.5
2014,09,4,3,263.7
2014,09,4,4,264.1
2014,09,4,5,263.9
2014,09,4,6,264.9
2014,09,4,7,264.8
2014,09,5,0,264.9
2014,09,5,1,264.9
2014,09,5,2,264.8
2014,09,5,3,265.4
2014,09,5,4,266.1
2014,09,5,5,266.4
2014,09,5,6,267.0
2014,09,5,7,267.0
2014,09,6,0,267.0
2014,09,6,1,267.6
2014,09,6,2,267.9
2014,09,6,3,267.4
2014,09,6,4,266.8
2014,09,6,5,266.2
2014,09,6,6,266.2
2014,09,6,7,264.8
2014,09,7,0,265.5
2014,09,7,1,264.0
2014,09,7,2,262.6
2014,09,7,3,262.8
2014,09,7,4,262.0
2014,09,7,5,264.2
2014,09,7,6,265.1
2014,09,7,7,265.0
2014,09,8,0,265.2
2014,09,8,1,265.2
2014,09,8,2,265.9
2014,09,8,3,265.3
2014,09,8,4,266.0
2014,09,8,5,267.0
2014,09,8,6,267.7
2014,09,8,7,267.1
2014,09,9,0,267.3
2014,09,9,1,268.2
2014,09,9,2,268.3
2014,09,9,3,268.1
2014,09,9,4,268.1
2014,09,9,5,268.1
2014,09,9,6,267.7
2014,09,9,7,266.8
2014,09,10,0,266.6
2014,09,10,1,268.2
2014,09,10,2,267.7
2014,09,10,3,268.0
2014,09,10,4,268.4
2014,09,10,5,268.2
2014,09,10,6,266.0
2014,09,10,7,264.7
2014,09,11,0,263.8
2014,09,11,1,265.8
2014,09,11,2,266.2
2014,09,11,3,265.8
2014,09,11,4,265.6
2014,09,11,5,265.9
2014,09,11,6,264.3
2014,09,11,7,263.3
2014,09,12,0,262.4
2014,09,12,1,259.2
2014,09,12,2,256.9
2014,09,12,3,255.0
2014,09,12,4,255.0
2014,09,12,5,254.5
2014,09,12,6,254.4
2014,09,12,7,254.9
2014,09,13,0,255.8
2014,09,13,1,255.6
2014,09,13,2,255.4
2014,09,13,3,255.6
2014,09,13,4,255.7
2014,09,13,5,258.5
2014,09,13,6,260.9
2014,09,13,7,261.4
2014,09,14,0,261.4
2014,09,14,1,262.1
2014,09,14,2,262.2
2014,09,14,3,262.6
2014,09,14,4,262.7
2014,09,14,5,262.7
2014,09,14,6,262.6
2014,09,14,7,262.4
2014,09,15,0,262.7
2014,09,15,1,262.5
2014,09,15,2,264.3
2014,09,15,3,264.5
2014,09,15,4,265.0
2014,09,15,5,265.7
2014,09,15,6,265.6
2014,09,15,7,265.1
2014,09,16,0,265.7
2014,09,16,1,267.0
2014,09,16,2,267.5
2014,09,16,3,268.4
2014,09,16,4,268.9
2014,09,16,5,269.3
2014,09,16,6,269.5
2014,09,16,7,268.7
2014,09,17,0,269.0
2014,09,17,1,269.4
2014,09,17,2,269.4
2014,09,17,3,269.2
2014,09,17,4,268.5
2014,09,17,5,267.3
2014,09,17,6,265.7
2014,09,17,7,265.0
2014,09,18,0,264.3
2014,09,18,1,265.4
2014,09,18,2,265.4
2014,09,18,3,265.6
2014,09,18,4,264.8
2014,09,18,5,263.9
2014,09,18,6,263.1
2014,09,18,7,262.0
2014,09,19,0,261.2
2014,09,19,1,263.9
2014,09,19,2,264.0
2014,09,19,3,265.8
2014,09,19,4,266.2
2014,09,19,5,266.4
2014,09,19,6,265.9
2014,09,19,7,266.1
2014,09,20,0,264.3
2014,09,20,1,264.6
2014,09,20,2,267.2
2014,09,20,3,266.4
2014,09,20,4,266.0
2014,09,20,5,264.7
2014,09,20,6,264.5
2014,09,20,7,263.3
2014,09,21,0,263.0
2014,09,21,1,262.6
2014,09,21,2,262.2
2014,09,21,3,262.3
2014,09,21,4,261.9
2014,09,21,5,261.4
2014,09,21,6,261.3
2014,09,21,7,261.1
2014,09,22,0,261.5
2014,09,22,1,261.4
2014,09,22,2,261.0
2014,09,22,3,260.9
2014,09,22,4,260.8
2014,09,22,5,260.2
2014,09,22,6,259.9
2014,09,22,7,259.9
2014,09,23,0,260.7
2014,09,23,1,260.4
2014,09,23,2,261.1
2014,09,23,3,261.1
2014,09,23,4,261.4
2014,09,23,5,261.0
2014,09,23,6,260.5
2014,09,23,7,260.6
2014,09,24,0,261.5
2014,09,24,1,261.8
2014,09,24,2,261.8
2014,09,24,3,262.6
2014,09,24,4,264.2
2014,09,24,5,263.9
2014,09,24,6,263.7
2014,09,24,7,262.4
2014,09,25,0,263.4
2014,09,25,1,264.0
2014,09,25,2,264.9
2014,09,25,3,265.5
2014,09,25,4,265.0
2014,09,25,5,264.7
2014,09,25,6,264.2
2014,09,25,7,261.3
2014,09,26,0,262.1
2014,09,26,1,262.7
2014,09,26,2,262.6
2014,09,26,3,261.1
2014,09,26,4,260.0
2014,09,26,5,259.2
2014,09,26,6,257.9
2014,09,26,7,256.4
2014,09,27,0,257.0
2014,09,27,1,257.5
2014,09,27,2,260.2
2014,09,27,3,261.2
2014,09,27,4,260.9
2014,09,27,5,260.2
2014,09,27,6,259.9
2014,09,27,7,260.5
2014,09,28,0,259.3
2014,09,28,1,260.1
2014,09,28,2,262.0
2014,09,28,3,261.9
2014,09,28,4,261.4
2014,09,28,5,261.3
2014,09,28,6,262.2
2014,09,28,7,261.4
2014,09,29,0,262.3
2014,09,29,1,263.3
2014,09,29,2,264.2
2014,09,29,3,264.2
2014,09,29,4,264.2
2014,09,29,5,264.3
2014,09,29,6,264.3
2014,09,29,7,263.1
2014,09,30,0,263.7
2014,09,30,1,263.6
2014,09,30,2,262.3
2014,09,30,3,260.4
2014,09,30,4,257.0
2014,09,30,5,253.9
2014,09,30,6,254.8
2014,09,30,7,257.3
2014,09,31,0,256.5
2014,09,31,1,256.4
2014,09,31,2,256.4
2014,09,31,3,256.3
2014,09,31,4,256.9
2014,09,31,5,258.0
2014,09,31,6,258.4
2014,09,31,7,257.9
2014,09,1,0,259.0
2014,09,1,1,258.3
2014,09,1,2,255.3
2014,09,1,3,252.7
2014,09,1,4,253.6
2014,09,1,5,253.3
2014,09,1,6,252.4
2014,09,1,7,252.9
2014,09,2,0,253.6
2014,09,2,1,253.8
2014,09,2,2,254.2
2014,09,2,3,253.9
2014,09,2,4,253.5
2014,09,2,5,253.7
2014,09,2,6,253.8
2014,09,2,7,254.6
2014,09,3,0,255.4
2014,09,3,1,256.0
2014,09,3,2,256.8
2014,09,3,3,257.7
2014,09,3,4,258.2
2014,09,3,5,258.3
2014,09,3,6,258.4
2014,09,3,7,257.2
2014,09,4,0,257.6
2014,09,4,1,257.8
2014,09,4,2,257.8
2014,09,4,3,257.2
2014,09,4,4,256.7
2014,09,4,5,256.4
2014,09,4,6,256.2
2014,09,4,7,257.0
2014,09,5,0,257.5
2014,09,5,1,257.4
2014,09,5,2,257.4
2014,09,5,3,257.6
2014,09,5,4,257.3
2014,09,5,5,256.8
2014,09,5,6,257.7
2014,09,5,7,258.7
2014,09,6,0,260.0
2014,09,6,1,263.2
2014,09,6,2,265.8
2014,09,6,3,265.6
2014,09,6,4,264.9
2014,09,6,5,265.1
2014,09,6,6,265.2
2014,09,6,7,265.4
2014,09,7,0,268.0
2014,09,7,1,269.7
2014,09,7,2,269.9
2014,09,7,3,267.6
2014,09,7,4,267.5
2014,09,7,5,267.5
2014,09,7,6,267.5
2014,09,7,7,267.4
2014,09,8,0,266.6
2014,09,8,1,266.9
2014,09,8,2,268.5
2014,09,8,3,268.9
2014,09,8,4,267.7
2014,09,8,5,267.6
2014,09,8,6,268.1
2014,09,8,7,267.6
2014,09,9,0,267.9
2014,09,9,1,268.2
2014,09,9,2,268.5
2014,09,9,3,268.3
2014,09,9,4,267.9
2014,09,9,5,267.6
2014,09,9,6,267.9
2014,09,9,7,267.5
2014,09,10,0,267.4
2014,09,10,1,267.6
2014,09,10,2,267.7
2014,09,10,3,267.9
2014,09,10,4,267.2
2014,09,10,5,266.8
2014,09,10,6,266.9
2014,09,10,7,266.4
2014,09,11,0,267.6
2014,09,11,1,267.9
2014,09,11,2,267.3
2014,09,11,3,267.0
2014,09,11,4,266.7
2014,09,11,5,266.3
2014,09,11,6,265.9
2014,09,11,7,266.0
2014,09,12,0,266.4
2014,09,12,1,265.7
2014,09,12,2,265.6
2014,09,12,3,265.1
2014,09,12,4,264.6
2014,09,12,5,264.7
2014,09,12,6,264.7
2014,09,12,7,265.7
2014,09,13,0,266.2
2014,09,13,1,266.6
2014,09,13,2,265.8
2014,09,13,3,266.7
2014,09,13,4,268.4
2014,09,13,5,267.5
2014,09,13,6,267.4
2014,09,13,7,267.2
2014,09,14,0,267.1
2014,09,14,1,267.1
2014,09,14,2,267.5
2014,09,14,3,268.0
2014,09,14,4,268.3
2014,09,14,5,268.6
2014,09,14,6,268.9
2014,09,14,7,267.5
2014,09,15,0,268.3
2014,09,15,1,268.5
2014,09,15,2,268.0
2014,09,15,3,268.1
2014,09,15,4,267.9
2014,09,15,5,267.1
2014,09,15,6,266.9
2014,09,15,7,267.0
2014,09,16,0,269.2
2014,09,16,1,269.3
2014,09,16,2,268.1
2014,09,16,3,268.7
2014,09,16,4,267.9
2014,09,16,5,267.9
2014,09,16,6,268.5
2014,09,16,7,269.0
2014,09,17,0,270.7
2014,09,17,1,271.4
2014,09,17,2,271.3
2014,09,17,3,270.9
2014,09,17,4,271.8
2014,09,17,5,272.0
2014,09,17,6,271.9
2014,09,17,7,269.7
2014,09,18,0,270.4
2014,09,18,1,269.8
2014,09,18,2,268.6
2014,09,18,3,267.6
2014,09,18,4,266.5
2014,09,18,5,265.8
2014,09,18,6,265.5
2014,09,18,7,265.9
2014,09,19,0,266.1
2014,09,19,1,266.0
2014,09,19,2,265.4
2014,09,19,3,265.2
2014,09,19,4,265.1
2014,09,19,5,266.1
2014,09,19,6,267.2
2014,09,19,7,265.9
2014,09,20,0,266.5
2014,09,20,1,266.6
2014,09,20,2,266.3
2014,09,20,3,266.2
2014,09,20,4,266.7
2014,09,20,5,267.2
2014,09,20,6,267.6
2014,09,20,7,266.5
2014,09,21,0,267.7
2014,09,21,1,267.5
2014,09,21,2,267.5
2014,09,21,3,268.3
2014,09,21,4,268.5
2014,09,21,5,268.8
2014,09,21,6,269.3
2014,09,21,7,268.2
2014,09,22,0,267.7
2014,09,22,1,268.0
2014,09,22,2,267.6
2014,09,22,3,267.1
2014,09,22,4,266.6
2014,09,22,5,264.6
2014,09,22,6,260.7
2014,09,22,7,258.4
2014,09,23,0,258.1
2014,09,23,1,262.5
2014,09,23,2,265.1
2014,09,23,3,262.0
2014,09,23,4,260.8
2014,09,23,5,264.7
2014,09,23,6,265.0
2014,09,23,7,265.7
2014,09,24,0,264.7
2014,09,24,1,265.4
2014,09,24,2,265.8
2014,09,24,3,265.9
2014,09,24,4,265.3
2014,09,24,5,264.9
2014,09,24,6,264.9
2014,09,24,7,264.8
2014,09,25,0,265.0
2014,09,25,1,264.5
2014,09,25,2,264.5
2014,09,25,3,264.7
2014,09,25,4,264.6
2014,09,25,5,263.7
2014,09,25,6,262.7
2014,09,25,7,261.9
2014,09,26,0,260.9
2014,09,26,1,258.1
2014,09,26,2,255.9
2014,09,26,3,255.6
2014,09,26,4,256.0
2014,09,26,5,257.2
2014,09,26,6,257.5
2014,09,26,7,260.5
2014,09,27,0,260.3
2014,09,27,1,262.0
2014,09,27,2,262.8
2014,09,27,3,261.8
2014,09,27,4,262.5
2014,09,27,5,262.5
2014,09,27,6,261.5
2014,09,27,7,261.7
2014,09,28,0,263.7
2014,09,28,1,263.9
2014,09,28,2,265.8
2014,09,28,3,267.5
2014,09,28,4,268.3
2014,09,28,5,268.7
2014,09,28,6,268.0
2014,09,28,7,268.6
2014,09,29,0,268.8
2014,09,29,1,269.2
2014,09,29,2,270.6
2014,09,29,3,270.7
2014,09,29,4,269.8
2014,09,29,5,269.6
2014,09,29,6,269.6
2014,09,29,7,269.5
2014,09,30,0,269.9
2014,09,30,1,269.8
2014,09,30,2,270.0
2014,09,30,3,269.7
2014,09,30,4,268.7
2014,09,30,5,268.8
2014,09,30,6,269.3
2014,09,30,7,268.9
2014,09,1,0,269.2
2014,09,1,1,269.7
2014,09,1,2,270.0
2014,09,1,3,270.1
2014,09,1,4,270.0
2014,09,1,5,269.7
2014,09,1,6,269.3
2014,09,1,7,268.9
2014,09,2,0,270.1
2014,09,2,1,270.3
2014,09,2,2,269.9
2014,09,2,3,269.8
2014,09,2,4,269.7
2014,09,2,5,269.7
2014,09,2,6,269.3
2014,09,2,7,270.6
2014,09,3,0,272.0
2014,09,3,1,272.5
2014,09,3,2,272.1
2014,09,3,3,272.1
2014,09,3,4,272.2
2014,09,3,5,272.2
2014,09,3,6,271.5
2014,09,3,7,271.7
2014,09,4,0,272.3
2014,09,4,1,272.9
2014,09,4,2,272.8
2014,09,4,3,272.9
2014,09,4,4,272.7
2014,09,4,5,271.9
2014,09,4,6,271.0
2014,09,4,7,271.0
2014,09,5,0,271.3
2014,09,5,1,271.6
2014,09,5,2,271.5
2014,09,5,3,271.0
2014,09,5,4,269.6
2014,09,5,5,267.4
2014,09,5,6,265.4
2014,09,5,7,265.0
2014,09,6,0,266.0
2014,09,6,1,264.9
2014,09,6,2,261.4
2014,09,6,3,258.1
2014,09,6,4,256.7
2014,09,6,5,257.3
2014,09,6,6,257.7
2014,09,6,7,258.2
2014,09,7,0,259.6
2014,09,7,1,261.7
2014,09,7,2,262.5
2014,09,7,3,262.1
2014,09,7,4,260.1
2014,09,7,5,260.8
2014,09,7,6,260.6
2014,09,7,7,261.2
2014,09,8,0,262.4
2014,09,8,1,262.2
2014,09,8,2,265.5
2014,09,8,3,266.3
2014,09,8,4,265.9
2014,09,8,5,263.5
2014,09,8,6,263.7
2014,09,8,7,264.0
2014,09,9,0,265.3
2014,09,9,1,266.4
2014,09,9,2,267.9
2014,09,9,3,267.9
2014,09,9,4,269.1
2014,09,9,5,268.6
2014,09,9,6,268.6
2014,09,9,7,268.1
2014,09,10,0,268.8
2014,09,10,1,269.1
2014,09,10,2,269.3
2014,09,10,3,269.1
2014,09,10,4,267.7
2014,09,10,5,266.1
2014,09,10,6,265.3
2014,09,10,7,266.5
2014,09,11,0,262.8
2014,09,11,1,259.3
2014,09,11,2,260.7
2014,09,11,3,261.0
2014,09,11,4,259.9
2014,09,11,5,259.7
2014,09,11,6,262.5
2014,09,11,7,264.3
2014,09,12,0,264.0
2014,09,12,1,264.4
2014,09,12,2,265.2
2014,09,12,3,265.7
2014,09,12,4,266.7
2014,09,12,5,266.9
2014,09,12,6,267.3
2014,09,12,7,267.4
2014,09,13,0,268.8
2014,09,13,1,269.9
2014,09,13,2,270.1
2014,09,13,3,270.9
2014,09,13,4,270.2
2014,09,13,5,269.7
2014,09,13,6,269.9
2014,09,13,7,268.7
2014,09,14,0,268.8
2014,09,14,1,269.3
2014,09,14,2,269.4
2014,09,14,3,269.7
2014,09,14,4,270.6
2014,09,14,5,271.5
2014,09,14,6,271.6
2014,09,14,7,270.3
2014,09,15,0,270.3
2014,09,15,1,270.7
2014,09,15,2,271.7
2014,09,15,3,271.9
2014,09,15,4,270.3
2014,09,15,5,270.9
2014,09,15,6,271.4
2014,09,15,7,270.6
2014,09,16,0,272.0
2014,09,16,1,272.2
2014,09,16,2,271.2
2014,09,16,3,270.8
2014,09,16,4,270.9
2014,09,16,5,271.4
2014,09,16,6,271.5
2014,09,16,7,270.9
2014,09,17,0,271.6
2014,09,17,1,271.9
2014,09,17,2,271.0
2014,09,17,3,270.4
2014,09,17,4,270.2
2014,09,17,5,270.3
2014,09,17,6,270.4
2014,09,17,7,270.3
2014,09,18,0,270.9
2014,09,18,1,271.2
2014,09,18,2,270.9
2014,09,18,3,270.7
2014,09,18,4,270.5
2014,09,18,5,269.6
2014,09,18,6,268.9
2014,09,18,7,267.8
2014,09,19,0,268.0
2014,09,19,1,268.1
2014,09,19,2,267.5
2014,09,19,3,268.1
2014,09,19,4,267.1
2014,09,19,5,266.1
2014,09,19,6,263.7
2014,09,19,7,264.8
2014,09,20,0,265.1
2014,09,20,1,265.3
2014,09,20,2,264.2
2014,09,20,3,262.3
2014,09,20,4,260.2
2014,09,20,5,258.2
2014,09,20,6,258.9
2014,09,20,7,260.2
2014,09,21,0,260.6
2014,09,21,1,261.1
2014,09,21,2,261.9
2014,09,21,3,261.9
2014,09,21,4,261.5
2014,09,21,5,261.3
2014,09,21,6,261.2
2014,09,21,7,261.1
2014,09,22,0,261.7
2014,09,22,1,262.2
2014,09,22,2,262.5
2014,09,22,3,263.2
2014,09,22,4,262.7
2014,09,22,5,260.8
2014,09,22,6,262.2
2014,09,22,7,262.4
2014,09,23,0,263.2
2014,09,23,1,263.9
2014,09,23,2,264.6
2014,09,23,3,265.6
2014,09,23,4,265.8
2014,09,23,5,266.0
2014,09,23,6,266.5
2014,09,23,7,266.4
2014,09,24,0,267.8
2014,09,24,1,268.4
2014,09,24,2,268.2
2014,09,24,3,267.9
2014,09,24,4,267.6
2014,09,24,5,267.9
2014,09,24,6,268.4
2014,09,24,7,269.4
2014,09,25,0,270.4
2014,09,25,1,270.8
2014,09,25,2,271.2
2014,09,25,3,271.2
2014,09,25,4,271.4
2014,09,25,5,271.3
2014,09,25,6,271.1
2014,09,25,7,271.5
2014,09,26,0,273.0
2014,09,26,1,273.3
2014,09,26,2,272.7
2014,09,26,3,272.1
2014,09,26,4,272.1
2014,09,26,5,272.2
2014,09,26,6,272.2
2014,09,26,7,275.0
2014,09,27,0,275.9
2014,09,27,1,276.0
2014,09,27,2,276.1
2014,09,27,3,276.0
2014,09,27,4,275.6
2014,09,27,5,275.4
2014,09,27,6,274.7
2014,09,27,7,276.3
2014,09,28,0,276.9
2014,09,28,1,276.5
2014,09,28,2,275.9
2014,09,28,3,275.3
2014,09,28,4,274.2
2014,09,28,5,273.7
2014,09,28,6,272.5
2014,09,28,7,273.6
2014,09,29,0,273.7
2014,09,29,1,273.7
2014,09,29,2,272.6
2014,09,29,3,272.4
2014,09,29,4,272.2
2014,09,29,5,271.5
2014,09,29,6,269.7
2014,09,29,7,270.1
2014,09,30,0,271.3
2014,09,30,1,271.0
2014,09,30,2,270.3
2014,09,30,3,270.7
2014,09,30,4,270.6
2014,09,30,5,270.6
2014,09,30,6,269.6
2014,09,30,7,270.7
2014,09,31,0,270.5
2014,09,31,1,270.8
2014,09,31,2,270.9
2014,09,31,3,270.5
2014,09,31,4,269.6
2014,09,31,5,268.3
2014,09,31,6,267.5
2014,09,31,7,269.3
2014,09,1,0,269.8
2014,09,1,1,269.8
2014,09,1,2,269.3
2014,09,1,3,269.8
2014,09,1,4,270.2
2014,09,1,5,270.2
2014,09,1,6,270.9
2014,09,1,7,269.6
2014,09,2,0,271.1
2014,09,2,1,271.1
2014,09,2,2,270.5
2014,09,2,3,270.4
2014,09,2,4,270.3
2014,09,2,5,269.5
2014,09,2,6,268.7
2014,09,2,7,269.7
2014,09,3,0,269.0
2014,09,3,1,268.1
2014,09,3,2,269.4
2014,09,3,3,269.4
2014,09,3,4,269.0
2014,09,3,5,269.3
2014,09,3,6,269.4
2014,09,3,7,270.4
2014,09,4,0,272.1
2014,09,4,1,272.1
2014,09,4,2,271.3
2014,09,4,3,270.8
2014,09,4,4,270.0
2014,09,4,5,269.8
2014,09,4,6,269.2
2014,09,4,7,270.1
2014,09,5,0,271.6
2014,09,5,1,271.8
2014,09,5,2,271.4
2014,09,5,3,271.0
2014,09,5,4,270.6
2014,09,5,5,270.3
2014,09,5,6,270.2
2014,09,5,7,271.5
2014,09,6,0,273.1
2014,09,6,1,273.1
2014,09,6,2,272.7
2014,09,6,3,272.4
2014,09,6,4,272.0
2014,09,6,5,271.6
2014,09,6,6,271.7
2014,09,6,7,273.3
2014,09,7,0,274.1
2014,09,7,1,274.0
2014,09,7,2,273.5
2014,09,7,3,273.1
2014,09,7,4,272.7
2014,09,7,5,272.2
2014,09,7,6,271.7
2014,09,7,7,273.1
2014,09,8,0,273.9
2014,09,8,1,272.4
2014,09,8,2,271.6
2014,09,8,3,271.3
2014,09,8,4,273.0
2014,09,8,5,272.9
2014,09,8,6,272.5
2014,09,8,7,271.6
2014,09,9,0,272.8
2014,09,9,1,273.1
2014,09,9,2,272.6
2014,09,9,3,272.1
2014,09,9,4,271.6
2014,09,9,5,270.9
2014,09,9,6,271.2
2014,09,9,7,272.9
2014,09,10,0,273.2
2014,09,10,1,272.1
2014,09,10,2,272.3
2014,09,10,3,272.2
2014,09,10,4,271.7
2014,09,10,5,270.8
2014,09,10,6,270.9
2014,09,10,7,272.0
2014,09,11,0,271.1
2014,09,11,1,270.7
2014,09,11,2,270.4
2014,09,11,3,270.4
2014,09,11,4,271.1
2014,09,11,5,271.1
2014,09,11,6,269.7
2014,09,11,7,271.1
2014,09,12,0,270.8
2014,09,12,1,271.4
2014,09,12,2,271.7
2014,09,12,3,271.6
2014,09,12,4,271.4
2014,09,12,5,271.2
2014,09,12,6,271.6
2014,09,12,7,272.7
2014,09,13,0,273.9
2014,09,13,1,274.6
2014,09,13,2,274.4
2014,09,13,3,273.9
2014,09,13,4,273.2
2014,09,13,5,272.7
2014,09,13,6,270.9
2014,09,13,7,271.0
2014,09,14,0,271.2
2014,09,14,1,270.8
2014,09,14,2,270.0
2014,09,14,3,268.2
2014,09,14,4,269.0
2014,09,14,5,269.3
2014,09,14,6,269.8
2014,09,14,7,270.8
2014,09,15,0,272.5
2014,09,15,1,272.1
2014,09,15,2,271.0
2014,09,15,3,270.6
2014,09,15,4,270.7
2014,09,15,5,270.2
2014,09,15,6,269.1
2014,09,15,7,270.9
2014,09,16,0,271.8
2014,09,16,1,271.8
2014,09,16,2,272.1
2014,09,16,3,271.8
2014,09,16,4,270.4
2014,09,16,5,271.0
2014,09,16,6,270.1
2014,09,16,7,271.1
2014,09,17,0,272.1
2014,09,17,1,273.3
2014,09,17,2,272.6
2014,09,17,3,272.0
2014,09,17,4,271.2
2014,09,17,5,269.6
2014,09,17,6,269.2
2014,09,17,7,267.9
2014,09,18,0,268.3
2014,09,18,1,267.3
2014,09,18,2,266.8
2014,09,18,3,267.2
2014,09,18,4,268.9
2014,09,18,5,269.6
2014,09,18,6,269.5
2014,09,18,7,268.1
2014,09,19,0,269.7
2014,09,19,1,270.1
2014,09,19,2,273.7
2014,09,19,3,273.2
2014,09,19,4,272.7
2014,09,19,5,272.4
2014,09,19,6,272.1
2014,09,19,7,271.2
2014,09,20,0,272.3
2014,09,20,1,272.9
2014,09,20,2,273.1
2014,09,20,3,273.2
2014,09,20,4,273.6
2014,09,20,5,273.5
2014,09,20,6,272.4
2014,09,20,7,273.3
2014,09,21,0,274.4
2014,09,21,1,274.2
2014,09,21,2,273.6
2014,09,21,3,273.2
2014,09,21,4,272.8
2014,09,21,5,272.4
2014,09,21,6,271.9
2014,09,21,7,273.1
2014,09,22,0,273.1
2014,09,22,1,272.8
2014,09,22,2,272.6
2014,09,22,3,272.1
2014,09,22,4,271.9
2014,09,22,5,272.1
2014,09,22,6,271.3
2014,09,22,7,272.9
2014,09,23,0,274.4
2014,09,23,1,274.4
2014,09,23,2,273.8
2014,09,23,3,273.5
2014,09,23,4,273.4
2014,09,23,5,273.5
2014,09,23,6,272.9
2014,09,23,7,274.9
2014,09,24,0,276.4
2014,09,24,1,276.2
2014,09,24,2,275.4
2014,09,24,3,275.4
2014,09,24,4,274.5
2014,09,24,5,274.3
2014,09,24,6,273.5
2014,09,24,7,274.6
2014,09,25,0,275.5
2014,09,25,1,275.8
2014,09,25,2,275.0
2014,09,25,3,274.2
2014,09,25,4,274.4
2014,09,25,5,274.7
2014,09,25,6,274.1
2014,09,25,7,275.4
2014,09,26,0,276.0
2014,09,26,1,275.3
2014,09,26,2,274.5
2014,09,26,3,273.7
2014,09,26,4,272.5
2014,09,26,5,271.7
2014,09,26,6,270.8
2014,09,26,7,270.6
2014,09,27,0,271.3
2014,09,27,1,271.9
2014,09,27,2,273.6
2014,09,27,3,274.6
2014,09,27,4,275.6
2014,09,27,5,274.9
2014,09,27,6,275.3
2014,09,27,7,273.1
2014,09,28,0,274.0
2014,09,28,1,274.4
2014,09,28,2,274.7
2014,09,28,3,275.6
2014,09,28,4,276.2
2014,09,28,5,276.3
2014,09,28,6,276.8
2014,09,28,7,275.5
2014,09,29,0,276.6
2014,09,29,1,276.6
2014,09,29,2,276.1
2014,09,29,3,277.2
2014,09,29,4,277.0
2014,09,29,5,276.9
2014,09,29,6,276.3
2014,09,29,7,277.1
2014,09,30,0,278.3
2014,09,30,1,278.1
2014,09,30,2,277.1
2014,09,30,3,277.0
2014,09,30,4,277.2
2014,09,30,5,277.3
2014,09,30,6,277.0
2014,09,30,7,276.7
2014,09,1,0,278.5
2014,09,1,1,278.4
2014,09,1,2,277.6
2014,09,1,3,277.5
2014,09,1,4,276.9
2014,09,1,5,276.4
2014,09,1,6,276.5
2014,09,1,7,277.3
2014,09,2,0,278.3
2014,09,2,1,278.2
2014,09,2,2,277.4
2014,09,2,3,276.7
2014,09,2,4,276.1
2014,09,2,5,275.7
2014,09,2,6,275.3
2014,09,2,7,276.8
2014,09,3,0,277.3
2014,09,3,1,276.9
2014,09,3,2,276.1
2014,09,3,3,275.2
2014,09,3,4,274.1
2014,09,3,5,273.3
2014,09,3,6,272.9
2014,09,3,7,274.8
2014,09,4,0,275.6
2014,09,4,1,275.3
2014,09,4,2,274.6
2014,09,4,3,273.7
2014,09,4,4,272.8
2014,09,4,5,272.9
2014,09,4,6,271.2
2014,09,4,7,273.2
2014,09,5,0,274.4
2014,09,5,1,274.6
2014,09,5,2,273.8
2014,09,5,3,272.8
2014,09,5,4,272.5
2014,09,5,5,272.5
2014,09,5,6,272.4
2014,09,5,7,273.2
2014,09,6,0,274.0
2014,09,6,1,273.9
2014,09,6,2,274.0
2014,09,6,3,273.1
2014,09,6,4,274.0
2014,09,6,5,273.3
2014,09,6,6,273.6
2014,09,6,7,273.5
2014,09,7,0,274.8
2014,09,7,1,274.8
2014,09,7,2,273.7
2014,09,7,3,273.2
2014,09,7,4,274.4
2014,09,7,5,275.5
2014,09,7,6,273.6
2014,09,7,7,274.0
2014,09,8,0,274.7
2014,09,8,1,274.8
2014,09,8,2,273.9
2014,09,8,3,273.4
2014,09,8,4,272.2
2014,09,8,5,271.2
2014,09,8,6,272.5
2014,09,8,7,274.2
2014,09,9,0,273.8
2014,09,9,1,272.8
2014,09,9,2,273.3
2014,09,9,3,272.8
2014,09,9,4,272.0
2014,09,9,5,271.9
2014,09,9,6,269.9
2014,09,9,7,271.8
2014,09,10,0,272.6
2014,09,10,1,272.3
2014,09,10,2,272.1
2014,09,10,3,272.4
2014,09,10,4,271.2
2014,09,10,5,271.1
2014,09,10,6,271.1
2014,09,10,7,272.4
2014,09,11,0,272.2
2014,09,11,1,271.9
2014,09,11,2,271.7
2014,09,11,3,272.5
2014,09,11,4,272.4
2014,09,11,5,271.7
2014,09,11,6,271.0
2014,09,11,7,270.8
2014,09,12,0,273.1
2014,09,12,1,273.2
2014,09,12,2,272.3
2014,09,12,3,273.1
2014,09,12,4,274.5
2014,09,12,5,276.3
2014,09,12,6,277.5
2014,09,12,7,276.2
2014,09,13,0,275.1
2014,09,13,1,276.9
2014,09,13,2,277.0
2014,09,13,3,275.2
2014,09,13,4,275.1
2014,09,13,5,275.3
2014,09,13,6,275.8
2014,09,13,7,276.4
2014,09,14,0,277.5
2014,09,14,1,277.9
2014,09,14,2,277.7
2014,09,14,3,276.0
2014,09,14,4,277.0
2014,09,14,5,276.2
2014,09,14,6,275.9
2014,09,14,7,276.6
2014,09,15,0,278.6
2014,09,15,1,276.9
2014,09,15,2,276.5
2014,09,15,3,276.7
2014,09,15,4,276.0
2014,09,15,5,275.1
2014,09,15,6,274.5
2014,09,15,7,273.9
2014,09,16,0,274.2
2014,09,16,1,274.8
2014,09,16,2,273.5
2014,09,16,3,273.7
2014,09,16,4,273.5
2014,09,16,5,274.1
2014,09,16,6,273.5
2014,09,16,7,274.1
2014,09,17,0,274.4
2014,09,17,1,274.5
2014,09,17,2,274.5
2014,09,17,3,274.2
2014,09,17,4,274.0
2014,09,17,5,274.1
2014,09,17,6,274.2
2014,09,17,7,274.9
2014,09,18,0,275.4
2014,09,18,1,276.0
2014,09,18,2,275.8
2014,09,18,3,275.5
2014,09,18,4,275.5
2014,09,18,5,275.5
2014,09,18,6,275.5
2014,09,18,7,276.6
2014,09,19,0,277.5
2014,09,19,1,277.5
2014,09,19,2,276.9
2014,09,19,3,276.9
2014,09,19,4,276.9
2014,09,19,5,276.4
2014,09,19,6,275.7
2014,09,19,7,275.5
2014,09,20,0,276.3
2014,09,20,1,275.0
2014,09,20,2,274.8
2014,09,20,3,274.7
2014,09,20,4,273.8
2014,09,20,5,273.0
2014,09,20,6,272.7
2014,09,20,7,273.4
2014,09,21,0,273.8
2014,09,21,1,273.7
2014,09,21,2,273.5
2014,09,21,3,273.0
2014,09,21,4,272.4
2014,09,21,5,271.9
2014,09,21,6,271.9
2014,09,21,7,273.6
2014,09,22,0,274.6
2014,09,22,1,275.0
2014,09,22,2,275.5
2014,09,22,3,275.2
2014,09,22,4,274.5
2014,09,22,5,274.0
2014,09,22,6,273.4
2014,09,22,7,273.3
2014,09,23,0,274.4
2014,09,23,1,274.4
2014,09,23,2,275.0
2014,09,23,3,275.3
2014,09,23,4,275.5
2014,09,23,5,275.5
2014,09,23,6,275.7
2014,09,23,7,275.1
2014,09,24,0,275.8
2014,09,24,1,276.1
2014,09,24,2,276.2
2014,09,24,3,275.8
2014,09,24,4,275.5
2014,09,24,5,275.5
2014,09,24,6,275.7
2014,09,24,7,275.4
2014,09,25,0,276.1
2014,09,25,1,276.0
2014,09,25,2,275.2
2014,09,25,3,275.6
2014,09,25,4,275.6
2014,09,25,5,275.5
2014,09,25,6,274.2
2014,09,25,7,274.9
2014,09,26,0,276.1
2014,09,26,1,276.3
2014,09,26,2,275.2
2014,09,26,3,274.1
2014,09,26,4,274.0
2014,09,26,5,274.1
2014,09,26,6,273.7
2014,09,26,7,273.8
2014,09,27,0,273.1
2014,09,27,1,272.3
2014,09,27,2,272.8
2014,09,27,3,272.5
2014,09,27,4,273.5
2014,09,27,5,273.0
2014,09,27,6,272.2
2014,09,27,7,273.1
2014,09,28,0,273.8
2014,09,28,1,273.6
2014,09,28,2,272.9
2014,09,28,3,273.7
2014,09,28,4,273.0
2014,09,28,5,273.5
2014,09,28,6,272.4
2014,09,28,7,272.1
2014,09,29,0,273.1
2014,09,29,1,273.3
2014,09,29,2,272.7
2014,09,29,3,273.4
2014,09,29,4,273.6
2014,09,29,5,272.7
2014,09,29,6,272.7
2014,09,29,7,272.5
2014,09,30,0,273.1
2014,09,30,1,273.5
2014,09,30,2,274.4
2014,09,30,3,273.9
2014,09,30,4,273.8
2014,09,30,5,273.8
2014,09,30,6,273.4
2014,09,30,7,272.9
2014,09,31,0,272.3
2014,09,31,1,272.9
2014,09,31,2,272.7
2014,09,31,3,272.2
2014,09,31,4,272.5
2014,09,31,5,272.5
2014,09,31,6,274.8
2014,09,31,7,273.4
2014,09,1,0,274.0
2014,09,1,1,273.7
2014,09,1,2,273.7
2014,09,1,3,273.6
2014,09,1,4,273.1
2014,09,1,5,272.6
2014,09,1,6,273.5
2014,09,1,7,273.1
2014,09,2,0,274.3
2014,09,2,1,274.3
2014,09,2,2,274.6
2014,09,2,3,274.0
2014,09,2,4,273.5
2014,09,2,5,273.5
2014,09,2,6,274.3
2014,09,2,7,274.5
2014,09,3,0,273.9
2014,09,3,1,274.1
2014,09,3,2,274.2
2014,09,3,3,273.5
2014,09,3,4,272.7
2014,09,3,5,272.6
2014,09,3,6,272.0
2014,09,3,7,271.7
2014,09,4,0,271.9
2014,09,4,1,271.6
2014,09,4,2,272.6
2014,09,4,3,273.7
2014,09,4,4,273.0
2014,09,4,5,272.0
2014,09,4,6,272.5
2014,09,4,7,271.1
2014,09,5,0,271.6
2014,09,5,1,272.0
2014,09,5,2,272.2
2014,09,5,3,272.6
2014,09,5,4,272.4
2014,09,5,5,272.4
2014,09,5,6,272.5
2014,09,5,7,271.2
2014,09,6,0,272.1
2014,09,6,1,272.1
2014,09,6,2,271.9
2014,09,6,3,271.9
2014,09,6,4,271.5
2014,09,6,5,272.9
2014,09,6,6,273.5
2014,09,6,7,270.9
2014,09,7,0,271.3
2014,09,7,1,270.7
2014,09,7,2,270.5
2014,09,7,3,270.5
2014,09,7,4,270.7
2014,09,7,5,271.8
2014,09,7,6,272.4
2014,09,7,7,271.2
2014,09,8,0,272.0
2014,09,8,1,271.8
2014,09,8,2,271.9
2014,09,8,3,271.8
2014,09,8,4,271.4
2014,09,8,5,271.3
2014,09,8,6,271.5
2014,09,8,7,273.0
2014,09,9,0,273.4
2014,09,9,1,272.9
2014,09,9,2,272.4
2014,09,9,3,272.3
2014,09,9,4,271.9
2014,09,9,5,271.6
2014,09,9,6,271.5
2014,09,9,7,272.2
2014,09,10,0,272.7
2014,09,10,1,272.2
2014,09,10,2,271.6
2014,09,10,3,271.8
2014,09,10,4,271.6
2014,09,10,5,271.2
2014,09,10,6,270.8
2014,09,10,7,271.9
2014,09,11,0,272.5
2014,09,11,1,272.1
2014,09,11,2,271.4
2014,09,11,3,271.4
2014,09,11,4,271.3
2014,09,11,5,273.0
2014,09,11,6,271.1
2014,09,11,7,273.4
2014,09,12,0,273.1
2014,09,12,1,272.3
2014,09,12,2,271.9
2014,09,12,3,271.0
2014,09,12,4,270.5
2014,09,12,5,270.8
2014,09,12,6,273.2
2014,09,12,7,272.1
2014,09,13,0,272.6
2014,09,13,1,273.1
2014,09,13,2,273.6
2014,09,13,3,274.8
2014,09,13,4,274.7
2014,09,13,5,276.2
2014,09,13,6,275.2
2014,09,13,7,272.8
2014,09,14,0,274.3
2014,09,14,1,274.6
2014,09,14,2,274.1
2014,09,14,3,274.5
2014,09,14,4,274.9
2014,09,14,5,275.4
2014,09,14,6,275.2
2014,09,14,7,273.9
2014,09,15,0,275.0
2014,09,15,1,275.4
2014,09,15,2,275.3
2014,09,15,3,275.3
2014,09,15,4,274.8
2014,09,15,5,275.6
2014,09,15,6,276.0
2014,09,15,7,274.2
2014,09,16,0,275.2
2014,09,16,1,275.2
2014,09,16,2,274.6
2014,09,16,3,275.1
2014,09,16,4,274.7
2014,09,16,5,275.1
2014,09,16,6,275.4
2014,09,16,7,273.7
2014,09,17,0,274.8
2014,09,17,1,274.6
2014,09,17,2,273.6
2014,09,17,3,273.0
2014,09,17,4,272.3
2014,09,17,5,272.5
2014,09,17,6,271.6
2014,09,17,7,271.6
2014,09,18,0,273.5
2014,09,18,1,273.5
2014,09,18,2,272.3
2014,09,18,3,272.1
2014,09,18,4,272.0
2014,09,18,5,272.4
2014,09,18,6,272.3
2014,09,18,7,272.0
2014,09,19,0,273.4
2014,09,19,1,273.0
2014,09,19,2,272.6
2014,09,19,3,272.5
2014,09,19,4,272.3
2014,09,19,5,272.0
2014,09,19,6,271.0
2014,09,19,7,270.6
2014,09,20,0,271.4
2014,09,20,1,270.9
2014,09,20,2,271.2
2014,09,20,3,271.1
2014,09,20,4,270.1
2014,09,20,5,269.4
2014,09,20,6,270.3
2014,09,20,7,270.8
2014,09,21,0,271.5
2014,09,21,1,271.1
2014,09,21,2,271.0
2014,09,21,3,271.4
2014,09,21,4,271.1
2014,09,21,5,270.7
2014,09,21,6,270.8
2014,09,21,7,271.9
2014,09,22,0,272.9
2014,09,22,1,272.8
2014,09,22,2,272.3
2014,09,22,3,272.1
2014,09,22,4,273.9
2014,09,22,5,274.5
2014,09,22,6,274.1
2014,09,22,7,273.3
2014,09,23,0,274.3
2014,09,23,1,274.9
2014,09,23,2,275.4
2014,09,23,3,276.8
2014,09,23,4,277.1
2014,09,23,5,276.0
2014,09,23,6,275.6
2014,09,23,7,272.6
2014,09,24,0,274.0
2014,09,24,1,273.5
2014,09,24,2,275.8
2014,09,24,3,276.6
2014,09,24,4,275.7
2014,09,24,5,275.3
2014,09,24,6,275.8
2014,09,24,7,273.1
2014,09,25,0,274.5
2014,09,25,1,274.5
2014,09,25,2,274.1
2014,09,25,3,274.7
2014,09,25,4,274.5
2014,09,25,5,273.2
2014,09,25,6,271.7
2014,09,25,7,272.1
2014,09,26,0,272.3
2014,09,26,1,272.4
2014,09,26,2,271.1
2014,09,26,3,270.8
2014,09,26,4,269.7
2014,09,26,5,268.8
2014,09,26,6,268.5
2014,09,26,7,270.0
2014,09,27,0,272.0
2014,09,27,1,272.0
2014,09,27,2,272.3
2014,09,27,3,274.0
2014,09,27,4,274.2
2014,09,27,5,274.2
2014,09,27,6,275.0
2014,09,27,7,274.1
2014,09,28,0,276.2
2014,09,28,1,276.5
2014,09,28,2,276.5
2014,09,28,3,277.0
2014,09,28,4,275.9
2014,09,28,5,275.8
2014,09,28,6,275.1
2014,09,28,7,276.3
2014,09,29,0,278.5
2014,09,29,1,278.7
2014,09,29,2,278.0
2014,09,29,3,278.2
2014,09,29,4,278.5
2014,09,29,5,278.3
2014,09,29,6,277.9
2014,09,29,7,278.3
2014,09,30,0,279.1
2014,09,30,1,278.2
2014,09,30,2,277.6
2014,09,30,3,276.8
2014,09,30,4,276.6
2014,09,30,5,276.7
2014,09,30,6,275.9
2014,09,30,7,276.8
2014,09,31,0,276.8
2014,09,31,1,277.6
2014,09,31,2,278.0
2014,09,31,3,278.2
2014,09,31,4,278.0
2014,09,31,5,277.4
2014,09,31,6,277.1
2014,09,31,7,277.3
2014,09,1,0,278.1
2014,09,1,1,277.7
2014,09,1,2,279.9
2014,09,1,3,278.5
2014,09,1,4,278.6
2014,09,1,5,278.2
2014,09,1,6,277.8
2014,09,1,7,277.5
2014,09,2,0,277.1
2014,09,2,1,277.3
2014,09,2,2,277.2
2014,09,2,3,277.3
2014,09,2,4,277.1
2014,09,2,5,276.8
2014,09,2,6,275.9
2014,09,2,7,276.6
2014,09,3,0,277.8
2014,09,3,1,277.6
2014,09,3,2,277.2
2014,09,3,3,276.6
2014,09,3,4,275.4
2014,09,3,5,275.2
2014,09,3,6,275.8
2014,09,3,7,274.8
2014,09,4,0,276.0
2014,09,4,1,275.6
2014,09,4,2,274.6
2014,09,4,3,274.0
2014,09,4,4,273.2
2014,09,4,5,272.8
2014,09,4,6,272.2
2014,09,4,7,272.0
2014,09,5,0,273.6
2014,09,5,1,273.4
2014,09,5,2,272.8
2014,09,5,3,273.0
2014,09,5,4,272.8
2014,09,5,5,272.6
2014,09,5,6,271.8
2014,09,5,7,272.6
2014,09,6,0,273.9
2014,09,6,1,273.5
2014,09,6,2,272.8
2014,09,6,3,273.0
2014,09,6,4,272.5
2014,09,6,5,272.4
2014,09,6,6,273.3
2014,09,6,7,272.2
2014,09,7,0,273.1
2014,09,7,1,273.1
2014,09,7,2,273.0
2014,09,7,3,273.5
2014,09,7,4,273.3
2014,09,7,5,273.1
2014,09,7,6,272.6
2014,09,7,7,272.7
2014,09,8,0,273.9
2014,09,8,1,273.7
2014,09,8,2,273.1
2014,09,8,3,272.6
2014,09,8,4,272.4
2014,09,8,5,272.5
2014,09,8,6,272.2
2014,09,8,7,272.3
2014,09,9,0,272.7
2014,09,9,1,272.6
2014,09,9,2,272.0
2014,09,9,3,270.6
2014,09,9,4,269.8
2014,09,9,5,271.2
2014,09,9,6,272.5
2014,09,9,7,271.4
2014,09,10,0,271.4
2014,09,10,1,272.3
2014,09,10,2,273.5
2014,09,10,3,277.2
2014,09,10,4,275.4
2014,09,10,5,275.2
2014,09,10,6,274.5
2014,09,10,7,273.5
2014,09,11,0,275.1
2014,09,11,1,275.1
2014,09,11,2,274.8
2014,09,11,3,275.0
2014,09,11,4,274.2
2014,09,11,5,273.7
2014,09,11,6,273.5
2014,09,11,7,274.2
2014,09,12,0,275.7
2014,09,12,1,275.5
2014,09,12,2,274.7
2014,09,12,3,274.8
2014,09,12,4,274.5
2014,09,12,5,274.0
2014,09,12,6,273.8
2014,09,12,7,274.5
2014,09,13,0,276.0
2014,09,13,1,275.4
2014,09,13,2,274.6
2014,09,13,3,274.1
2014,09,13,4,273.3
2014,09,13,5,272.6
2014,09,13,6,272.2
2014,09,13,7,273.8
2014,09,14,0,274.9
2014,09,14,1,274.1
2014,09,14,2,273.6
2014,09,14,3,273.1
2014,09,14,4,272.3
2014,09,14,5,271.6
2014,09,14,6,271.1
2014,09,14,7,271.8
2014,09,15,0,272.3
2014,09,15,1,272.3
2014,09,15,2,272.0
2014,09,15,3,272.0
2014,09,15,4,272.1
2014,09,15,5,271.9
2014,09,15,6,271.8
2014,09,15,7,273.2
2014,09,16,0,273.7
2014,09,16,1,273.5
2014,09,16,2,274.0
2014,09,16,3,274.9
2014,09,16,4,275.9
2014,09,16,5,275.1
2014,09,16,6,274.5
2014,09,16,7,274.3
2014,09,17,0,275.1
2014,09,17,1,274.9
2014,09,17,2,274.7
2014,09,17,3,275.4
2014,09,17,4,274.7
2014,09,17,5,273.8
2014,09,17,6,273.3
2014,09,17,7,274.9
2014,09,18,0,275.3
2014,09,18,1,275.2
2014,09,18,2,275.3
2014,09,18,3,275.7
2014,09,18,4,275.5
2014,09,18,5,275.1
2014,09,18,6,274.3
2014,09,18,7,273.3
2014,09,19,0,274.1
2014,09,19,1,274.5
2014,09,19,2,273.0
2014,09,19,3,272.4
2014,09,19,4,271.5
2014,09,19,5,272.9
2014,09,19,6,272.1
2014,09,19,7,272.6
2014,09,20,0,272.2
2014,09,20,1,273.2
2014,09,20,2,273.4
2014,09,20,3,273.6
2014,09,20,4,273.0
2014,09,20,5,271.7
2014,09,20,6,271.7
2014,09,20,7,272.2
2014,09,21,0,272.0
2014,09,21,1,272.2
2014,09,21,2,271.4
2014,09,21,3,270.5
2014,09,21,4,269.7
2014,09,21,5,268.9
2014,09,21,6,270.8
2014,09,21,7,270.8
2014,09,22,0,270.9
2014,09,22,1,271.1
2014,09,22,2,274.4
2014,09,22,3,274.7
2014,09,22,4,275.3
2014,09,22,5,275.9
2014,09,22,6,275.2
2014,09,22,7,275.5
2014,09,23,0,274.1
2014,09,23,1,274.7
2014,09,23,2,275.4
2014,09,23,3,275.8
2014,09,23,4,276.0
2014,09,23,5,276.6
2014,09,23,6,276.7
2014,09,23,7,277.0
2014,09,24,0,276.2
2014,09,24,1,277.2
2014,09,24,2,278.1
2014,09,24,3,278.3
2014,09,24,4,277.8
2014,09,24,5,277.7
2014,09,24,6,277.7
2014,09,24,7,275.9
2014,09,25,0,276.1
2014,09,25,1,275.9
2014,09,25,2,275.7
2014,09,25,3,275.0
2014,09,25,4,274.0
2014,09,25,5,273.8
2014,09,25,6,274.0
2014,09,25,7,273.2
2014,09,26,0,274.2
2014,09,26,1,275.8
2014,09,26,2,274.4
2014,09,26,3,273.5
2014,09,26,4,272.7
2014,09,26,5,272.2
2014,09,26,6,271.8
2014,09,26,7,269.8
2014,09,27,0,270.0
2014,09,27,1,268.9
2014,09,27,2,266.5
2014,09,27,3,264.1
2014,09,27,4,263.2
2014,09,27,5,262.6
2014,09,27,6,262.8
2014,09,27,7,263.1
2014,09,28,0,264.2
2014,09,28,1,264.7
2014,09,28,2,264.5
2014,09,28,3,264.4
2014,09,28,4,264.4
2014,09,28,5,263.8
2014,09,28,6,264.0
2014,09,28,7,264.8
2014,09,29,0,265.6
2014,09,29,1,265.8
2014,09,29,2,265.9
2014,09,29,3,267.6
2014,09,29,4,269.5
2014,09,29,5,270.2
2014,09,29,6,271.0
2014,09,29,7,270.7
2014,09,30,0,271.9
2014,09,30,1,273.2
2014,09,30,2,273.6
2014,09,30,3,273.8
2014,09,30,4,273.3
2014,09,30,5,273.0
2014,09,30,6,272.6
2014,09,30,7,270.7
2014,09,1,0,271.2
2014,09,1,1,270.7
2014,09,1,2,268.7
2014,09,1,3,269.2
2014,09,1,4,270.8
2014,09,1,5,270.9
2014,09,1,6,270.3
2014,09,1,7,270.4
2014,09,2,0,271.2
2014,09,2,1,272.6
2014,09,2,2,273.0
2014,09,2,3,274.0
2014,09,2,4,274.7
2014,09,2,5,275.0
2014,09,2,6,275.2
2014,09,2,7,275.6
2014,09,3,0,275.9
2014,09,3,1,277.2
2014,09,3,2,277.0
2014,09,3,3,276.4
2014,09,3,4,274.4
2014,09,3,5,274.5
2014,09,3,6,274.5
2014,09,3,7,274.7
2014,09,4,0,274.6
2014,09,4,1,274.6
2014,09,4,2,275.3
2014,09,4,3,275.0
2014,09,4,4,273.7
2014,09,4,5,273.3
2014,09,4,6,273.7
2014,09,4,7,274.0
2014,09,5,0,273.0
2014,09,5,1,273.2
2014,09,5,2,273.2
2014,09,5,3,273.5
2014,09,5,4,273.8
2014,09,5,5,273.5
2014,09,5,6,273.1
2014,09,5,7,272.9
2014,09,6,0,273.1
2014,09,6,1,273.0
2014,09,6,2,272.9
2014,09,6,3,272.7
2014,09,6,4,272.2
2014,09,6,5,271.0
2014,09,6,6,271.5
2014,09,6,7,271.5
2014,09,7,0,271.5
2014,09,7,1,271.3
2014,09,7,2,270.2
2014,09,7,3,270.0
2014,09,7,4,269.7
2014,09,7,5,269.0
2014,09,7,6,268.7
2014,09,7,7,268.9
2014,09,8,0,269.8
2014,09,8,1,269.6
2014,09,8,2,269.1
2014,09,8,3,268.9
2014,09,8,4,268.6
2014,09,8,5,268.3
2014,09,8,6,268.0
2014,09,8,7,267.9
2014,09,9,0,268.5
2014,09,9,1,268.5
2014,09,9,2,268.3
2014,09,9,3,268.3
2014,09,9,4,268.5
2014,09,9,5,269.9
2014,09,9,6,270.2
2014,09,9,7,269.2
2014,09,10,0,269.5
2014,09,10,1,269.5
2014,09,10,2,269.4
2014,09,10,3,269.6
2014,09,10,4,269.6
2014,09,10,5,269.1
2014,09,10,6,268.8
2014,09,10,7,266.9
2014,09,11,0,268.3
2014,09,11,1,268.2
2014,09,11,2,269.0
2014,09,11,3,269.1
2014,09,11,4,269.4
2014,09,11,5,271.4
2014,09,11,6,273.0
2014,09,11,7,272.3
2014,09,12,0,271.9
2014,09,12,1,273.0
2014,09,12,2,273.9
2014,09,12,3,274.8
2014,09,12,4,274.7
2014,09,12,5,275.5
2014,09,12,6,274.4
2014,09,12,7,272.7
2014,09,13,0,272.1
2014,09,13,1,273.4
2014,09,13,2,274.8
2014,09,13,3,274.6
2014,09,13,4,276.4
2014,09,13,5,276.2
2014,09,13,6,275.4
2014,09,13,7,275.4
2014,09,14,0,274.4
2014,09,14,1,275.3
2014,09,14,2,275.6
2014,09,14,3,275.3
2014,09,14,4,274.7
2014,09,14,5,274.1
2014,09,14,6,273.8
2014,09,14,7,271.9
2014,09,15,0,271.4
2014,09,15,1,272.3
2014,09,15,2,272.5
2014,09,15,3,271.4
2014,09,15,4,271.8
2014,09,15,5,272.4
2014,09,15,6,272.0
2014,09,15,7,272.1
2014,09,16,0,271.3
2014,09,16,1,270.7
2014,09,16,2,270.8
2014,09,16,3,271.4
2014,09,16,4,272.0
2014,09,16,5,271.8
2014,09,16,6,272.2
2014,09,16,7,272.3
2014,09,17,0,271.2
2014,09,17,1,270.6
2014,09,17,2,271.7
2014,09,17,3,271.7
2014,09,17,4,272.3
2014,09,17,5,272.4
2014,09,17,6,271.7
2014,09,17,7,270.5
2014,09,18,0,269.2
2014,09,18,1,268.9
2014,09,18,2,269.3
2014,09,18,3,269.5
2014,09,18,4,269.6
2014,09,18,5,269.3
2014,09,18,6,269.3
2014,09,18,7,268.9
2014,09,19,0,268.1
2014,09,19,1,268.8
2014,09,19,2,269.3
2014,09,19,3,269.4
2014,09,19,4,269.3
2014,09,19,5,269.6
2014,09,19,6,270.1
2014,09,19,7,271.2
2014,09,20,0,269.7
2014,09,20,1,270.6
2014,09,20,2,271.1
2014,09,20,3,271.2
2014,09,20,4,271.2
2014,09,20,5,271.1
2014,09,20,6,270.9
2014,09,20,7,269.7
2014,09,21,0,269.9
2014,09,21,1,270.0
2014,09,21,2,270.0
2014,09,21,3,269.9
2014,09,21,4,269.1
2014,09,21,5,268.1
2014,09,21,6,268.1
2014,09,21,7,267.3
2014,09,22,0,268.2
2014,09,22,1,268.6
2014,09,22,2,272.2
2014,09,22,3,271.3
2014,09,22,4,270.9
2014,09,22,5,271.2
2014,09,22,6,271.2
2014,09,22,7,270.2
2014,09,23,0,271.1
2014,09,23,1,271.5
2014,09,23,2,272.3
2014,09,23,3,272.8
2014,09,23,4,273.0
2014,09,23,5,273.1
2014,09,23,6,273.1
2014,09,23,7,272.5
2014,09,24,0,273.0
2014,09,24,1,273.6
2014,09,24,2,274.0
2014,09,24,3,274.4
2014,09,24,4,273.8
2014,09,24,5,273.3
2014,09,24,6,273.5
2014,09,24,7,272.6
2014,09,25,0,273.5
2014,09,25,1,274.0
2014,09,25,2,274.2
2014,09,25,3,274.1
2014,09,25,4,273.3
2014,09,25,5,272.7
2014,09,25,6,273.4
2014,09,25,7,271.4
2014,09,26,0,271.6
2014,09,26,1,272.7
2014,09,26,2,272.7
2014,09,26,3,272.0
2014,09,26,4,271.3
2014,09,26,5,270.7
2014,09,26,6,270.5
2014,09,26,7,269.0
2014,09,27,0,268.8
2014,09,27,1,269.4
2014,09,27,2,270.7
2014,09,27,3,270.7
2014,09,27,4,270.9
2014,09,27,5,271.0
2014,09,27,6,271.1
2014,09,27,7,270.6
2014,09,28,0,271.4
2014,09,28,1,270.9
2014,09,28,2,270.6
2014,09,28,3,270.6
2014,09,28,4,270.6
2014,09,28,5,270.7
2014,09,28,6,270.8
2014,09,28,7,271.9
2014,09,29,0,272.7
2014,09,29,1,271.5
2014,09,29,2,271.7
2014,09,29,3,272.1
2014,09,29,4,272.5
2014,09,29,5,272.6
2014,09,29,6,272.6
2014,09,29,7,275.0
2014,09,30,0,271.5
2014,09,30,1,271.9
2014,09,30,2,272.0
2014,09,30,3,272.3
2014,09,30,4,272.3
2014,09,30,5,271.9
2014,09,30,6,271.6
2014,09,30,7,270.9
2014,09,31,0,270.0
2014,09,31,1,270.3
2014,09,31,2,270.3
2014,09,31,3,269.7
2014,09,31,4,269.8
2014,09,31,5,269.2
2014,09,31,6,268.3
2014,09,31,7,267.0
2014,09,1,0,266.1
2014,09,1,1,265.7
2014,09,1,2,265.1
2014,09,1,3,262.4
2014,09,1,4,259.2
2014,09,1,5,258.5
2014,09,1,6,259.5
2014,09,1,7,258.4
2014,09,2,0,258.4
2014,09,2,1,258.1
2014,09,2,2,258.2
2014,09,2,3,259.0
2014,09,2,4,259.3
2014,09,2,5,258.9
2014,09,2,6,258.6
2014,09,2,7,258.2
2014,09,3,0,259.9
2014,09,3,1,260.1
2014,09,3,2,261.6
2014,09,3,3,262.2
2014,09,3,4,262.9
2014,09,3,5,263.9
2014,09,3,6,263.7
2014,09,3,7,263.5
2014,09,4,0,263.5
2014,09,4,1,264.6
2014,09,4,2,266.2
2014,09,4,3,267.2
2014,09,4,4,268.3
2014,09,4,5,269.5
2014,09,4,6,269.5
2014,09,4,7,269.5
2014,09,5,0,270.2
2014,09,5,1,270.5
2014,09,5,2,271.0
2014,09,5,3,271.5
2014,09,5,4,272.7
2014,09,5,5,274.4
2014,09,5,6,273.6
2014,09,5,7,273.8
2014,09,6,0,274.4
2014,09,6,1,275.4
2014,09,6,2,275.9
2014,09,6,3,275.3
2014,09,6,4,274.6
2014,09,6,5,274.6
2014,09,6,6,274.6
2014,09,6,7,274.1
2014,09,7,0,273.3
2014,09,7,1,273.8
2014,09,7,2,275.0
2014,09,7,3,275.3
2014,09,7,4,274.6
2014,09,7,5,274.7
2014,09,7,6,274.9
2014,09,7,7,274.5
2014,09,8,0,273.7
2014,09,8,1,274.4
2014,09,8,2,274.5
2014,09,8,3,274.7
2014,09,8,4,274.6
2014,09,8,5,274.8
2014,09,8,6,275.1
2014,09,8,7,274.6
2014,09,9,0,274.3
2014,09,9,1,274.3
2014,09,9,2,274.3
2014,09,9,3,274.1
2014,09,9,4,273.4
2014,09,9,5,272.9
2014,09,9,6,273.2
2014,09,9,7,272.8
2014,09,10,0,272.3
2014,09,10,1,272.7
2014,09,10,2,272.2
2014,09,10,3,271.1
2014,09,10,4,271.7
2014,09,10,5,272.9
2014,09,10,6,273.2
2014,09,10,7,272.7
2014,09,11,0,272.2
2014,09,11,1,271.8
2014,09,11,2,271.7
2014,09,11,3,271.2
2014,09,11,4,271.0
2014,09,11,5,271.0
2014,09,11,6,270.9
2014,09,11,7,270.0
2014,09,12,0,269.6
2014,09,12,1,269.2
2014,09,12,2,269.0
2014,09,12,3,268.6
2014,09,12,4,268.2
2014,09,12,5,267.9
2014,09,12,6,268.0
2014,09,12,7,267.8
2014,09,13,0,268.7
2014,09,13,1,268.7
2014,09,13,2,269.0
2014,09,13,3,269.2
2014,09,13,4,268.3
2014,09,13,5,267.1
2014,09,13,6,267.9
2014,09,13,7,268.1
2014,09,14,0,267.8
2014,09,14,1,266.6
2014,09,14,2,265.6
2014,09,14,3,264.2
2014,09,14,4,262.6
2014,09,14,5,262.1
2014,09,14,6,261.8
2014,09,14,7,261.3
2014,09,15,0,261.3
2014,09,15,1,262.0
2014,09,15,2,262.3
2014,09,15,3,263.0
2014,09,15,4,262.6
2014,09,15,5,263.9
2014,09,15,6,264.8
2014,09,15,7,264.4
2014,09,16,0,263.8
2014,09,16,1,264.7
2014,09,16,2,264.3
2014,09,16,3,265.6
2014,09,16,4,266.4
2014,09,16,5,265.8
2014,09,16,6,265.2
2014,09,16,7,265.2
2014,09,17,0,265.3
2014,09,17,1,265.3
2014,09,17,2,265.1
2014,09,17,3,264.8
2014,09,17,4,264.6
2014,09,17,5,265.0
2014,09,17,6,265.4
2014,09,17,7,265.0
2014,09,18,0,266.0
2014,09,18,1,266.1
2014,09,18,2,266.7
2014,09,18,3,268.8
2014,09,18,4,269.4
2014,09,18,5,268.7
2014,09,18,6,268.8
2014,09,18,7,268.9
2014,09,19,0,268.3
2014,09,19,1,267.8
2014,09,19,2,267.4
2014,09,19,3,266.8
2014,09,19,4,265.3
2014,09,19,5,263.9
2014,09,19,6,264.0
2014,09,19,7,264.2
2014,09,20,0,264.5
2014,09,20,1,265.5
2014,09,20,2,265.1
2014,09,20,3,265.7
2014,09,20,4,265.4
2014,09,20,5,264.5
2014,09,20,6,264.2
2014,09,20,7,263.7
2014,09,21,0,261.6
2014,09,21,1,260.7
2014,09,21,2,260.1
2014,09,21,3,259.5
2014,09,21,4,260.4
2014,09,21,5,261.9
2014,09,21,6,263.9
2014,09,21,7,267.0
2014,09,22,0,267.6
2014,09,22,1,267.3
2014,09,22,2,268.0
2014,09,22,3,268.4
2014,09,22,4,268.9
2014,09,22,5,269.3
2014,09,22,6,269.5
2014,09,22,7,270.2
2014,09,23,0,267.5
2014,09,23,1,266.4
2014,09,23,2,266.3
2014,09,23,3,264.8
2014,09,23,4,264.2
2014,09,23,5,263.8
2014,09,23,6,262.8
2014,09,23,7,261.4
2014,09,24,0,261.6
2014,09,24,1,262.8
2014,09,24,2,263.8
2014,09,24,3,264.2
2014,09,24,4,264.9
2014,09,24,5,266.2
2014,09,24,6,266.9
2014,09,24,7,266.0
2014,09,25,0,266.7
2014,09,25,1,267.0
2014,09,25,2,267.1
2014,09,25,3,267.6
2014,09,25,4,267.6
2014,09,25,5,267.1
2014,09,25,6,267.2
2014,09,25,7,267.5
2014,09,26,0,267.9
2014,09,26,1,268.2
2014,09,26,2,268.6
2014,09,26,3,268.8
2014,09,26,4,269.3
2014,09,26,5,269.6
2014,09,26,6,270.0
2014,09,26,7,269.9
2014,09,27,0,269.8
2014,09,27,1,270.5
2014,09,27,2,270.4
2014,09,27,3,270.2
2014,09,27,4,270.4
2014,09,27,5,270.5
2014,09,27,6,270.5
2014,09,27,7,270.5
2014,09,28,0,270.2
2014,09,28,1,270.6
2014,09,28,2,271.3
2014,09,28,3,271.3
2014,09,28,4,270.7
2014,09,28,5,270.4
2014,09,28,6,270.5
2014,09,28,7,269.6
2014,09,29,0,268.8
2014,09,29,1,269.2
2014,09,29,2,269.5
2014,09,29,3,269.0
2014,09,29,4,267.9
2014,09,29,5,267.0
2014,09,29,6,266.9
2014,09,29,7,267.2
2014,09,30,0,266.9
2014,09,30,1,266.7
2014,09,30,2,266.4
2014,09,30,3,265.5
2014,09,30,4,264.2
2014,09,30,5,262.6
2014,09,30,6,261.1
2014,09,30,7,261.7
2014,09,1,0,262.1
2014,09,1,1,263.2
2014,09,1,2,265.4
2014,09,1,3,265.8
2014,09,1,4,266.0
2014,09,1,5,265.9
2014,09,1,6,266.1
2014,09,1,7,266.3
2014,09,2,0,267.3
2014,09,2,1,268.6
2014,09,2,2,268.3
2014,09,2,3,267.6
2014,09,2,4,265.7
2014,09,2,5,266.6
2014,09,2,6,267.5
2014,09,2,7,265.6
2014,09,3,0,265.1
2014,09,3,1,265.6
2014,09,3,2,263.1
2014,09,3,3,263.3
2014,09,3,4,264.0
2014,09,3,5,265.0
2014,09,3,6,265.7
2014,09,3,7,266.1
2014,09,4,0,266.0
2014,09,4,1,265.9
2014,09,4,2,266.5
2014,09,4,3,266.1
2014,09,4,4,265.0
2014,09,4,5,263.9
2014,09,4,6,263.5
2014,09,4,7,263.7
2014,09,5,0,263.4
2014,09,5,1,263.9
2014,09,5,2,264.2
2014,09,5,3,265.2
2014,09,5,4,265.5
2014,09,5,5,265.1
2014,09,5,6,264.9
2014,09,5,7,264.0
2014,09,6,0,263.6
2014,09,6,1,262.8
2014,09,6,2,262.9
2014,09,6,3,263.8
2014,09,6,4,263.9
2014,09,6,5,264.2
2014,09,6,6,265.9
2014,09,6,7,267.0
2014,09,7,0,267.8
2014,09,7,1,268.5
2014,09,7,2,268.9
2014,09,7,3,268.9
2014,09,7,4,269.2
2014,09,7,5,269.8
2014,09,7,6,269.2
2014,09,7,7,269.0
2014,09,8,0,268.9
2014,09,8,1,268.7
2014,09,8,2,267.9
2014,09,8,3,268.0
2014,09,8,4,268.2
2014,09,8,5,267.9
2014,09,8,6,268.3
2014,09,8,7,268.7
2014,09,9,0,268.4
2014,09,9,1,268.8
2014,09,9,2,268.7
2014,09,9,3,268.6
2014,09,9,4,267.9
2014,09,9,5,267.5
2014,09,9,6,267.8
2014,09,9,7,267.8
2014,09,10,0,267.5
2014,09,10,1,267.2
2014,09,10,2,267.2
2014,09,10,3,267.8
2014,09,10,4,267.7
2014,09,10,5,268.4
2014,09,10,6,268.5
2014,09,10,7,268.9
2014,09,11,0,269.1
2014,09,11,1,269.4
2014,09,11,2,269.6
2014,09,11,3,268.6
2014,09,11,4,268.2
2014,09,11,5,268.6
2014,09,11,6,269.4
2014,09,11,7,268.4
2014,09,12,0,267.5
2014,09,12,1,266.7
2014,09,12,2,266.4
2014,09,12,3,264.8
2014,09,12,4,263.5
2014,09,12,5,261.0
2014,09,12,6,259.8
2014,09,12,7,258.7
2014,09,13,0,259.1
2014,09,13,1,258.7
2014,09,13,2,258.3
2014,09,13,3,257.7
2014,09,13,4,257.3
2014,09,13,5,258.2
2014,09,13,6,258.4
2014,09,13,7,258.6
2014,09,14,0,260.1
2014,09,14,1,262.0
2014,09,14,2,263.8
2014,09,14,3,264.4
2014,09,14,4,264.8
2014,09,14,5,264.6
2014,09,14,6,264.0
2014,09,14,7,264.1
2014,09,15,0,264.5
2014,09,15,1,264.6
2014,09,15,2,264.4
2014,09,15,3,264.0
2014,09,15,4,263.7
2014,09,15,5,263.1
2014,09,15,6,263.1
2014,09,15,7,263.2
2014,09,16,0,262.7
2014,09,16,1,261.1
2014,09,16,2,259.8
2014,09,16,3,259.2
2014,09,16,4,258.7
2014,09,16,5,258.3
2014,09,16,6,258.5
2014,09,16,7,259.5
2014,09,17,0,260.2
2014,09,17,1,259.9
2014,09,17,2,259.7
2014,09,17,3,258.8
2014,09,17,4,258.6
2014,09,17,5,258.4
2014,09,17,6,258.1
2014,09,17,7,257.7
2014,09,18,0,257.9
2014,09,18,1,259.7
2014,09,18,2,259.0
2014,09,18,3,259.2
2014,09,18,4,259.0
2014,09,18,5,259.5
2014,09,18,6,262.1
2014,09,18,7,265.1
2014,09,19,0,263.8
2014,09,19,1,264.2
2014,09,19,2,264.9
2014,09,19,3,264.3
2014,09,19,4,264.2
2014,09,19,5,263.6
2014,09,19,6,263.1
2014,09,19,7,262.2
2014,09,20,0,261.8
2014,09,20,1,262.1
2014,09,20,2,264.1
2014,09,20,3,264.4
2014,09,20,4,265.0
2014,09,20,5,266.2
2014,09,20,6,266.4
2014,09,20,7,267.6
2014,09,21,0,267.3
2014,09,21,1,267.2
2014,09,21,2,269.6
2014,09,21,3,269.6
2014,09,21,4,271.1
2014,09,21,5,270.9
2014,09,21,6,270.6
2014,09,21,7,270.4
2014,09,22,0,269.8
2014,09,22,1,270.1
2014,09,22,2,270.5
2014,09,22,3,270.6
2014,09,22,4,271.2
2014,09,22,5,271.1
2014,09,22,6,271.2
2014,09,22,7,271.2
2014,09,23,0,271.0
2014,09,23,1,270.8
2014,09,23,2,270.4
2014,09,23,3,269.8
2014,09,23,4,269.5
2014,09,23,5,268.9
2014,09,23,6,268.7
2014,09,23,7,269.2
2014,09,24,0,270.1
2014,09,24,1,270.3
2014,09,24,2,270.1
2014,09,24,3,269.5
2014,09,24,4,268.6
2014,09,24,5,268.4
2014,09,24,6,268.1
2014,09,24,7,267.0
2014,09,25,0,265.2
2014,09,25,1,262.1
2014,09,25,2,255.3
2014,09,25,3,253.7
2014,09,25,4,253.6
2014,09,25,5,253.6
2014,09,25,6,254.3
2014,09,25,7,253.9
2014,09,26,0,253.5
2014,09,26,1,254.6
2014,09,26,2,255.4
2014,09,26,3,254.9
2014,09,26,4,255.4
2014,09,26,5,256.8
2014,09,26,6,257.1
2014,09,26,7,256.2
2014,09,27,0,259.3
2014,09,27,1,261.0
2014,09,27,2,262.1
2014,09,27,3,262.2
2014,09,27,4,262.7
2014,09,27,5,265.0
2014,09,27,6,264.1
2014,09,27,7,264.5
2014,09,28,0,264.1
2014,09,28,1,263.3
2014,09,28,2,263.3
2014,09,28,3,262.8
2014,09,28,4,262.4
2014,09,28,5,262.9
2014,09,28,6,263.1
2014,09,28,7,263.0
2014,09,29,0,262.1
2014,09,29,1,261.6
2014,09,29,2,262.1
2014,09,29,3,264.4
2014,09,29,4,265.9
2014,09,29,5,266.1
2014,09,29,6,264.8
2014,09,29,7,264.8
2014,09,30,0,264.2
2014,09,30,1,264.4
2014,09,30,2,264.3
2014,09,30,3,262.3
2014,09,30,4,256.0
2014,09,30,5,251.4
2014,09,30,6,248.7
2014,09,30,7,247.0
2014,09,31,0,246.5
2014,09,31,1,246.7
2014,09,31,2,246.7
2014,09,31,3,249.5
2014,09,31,4,250.2
2014,09,31,5,251.2
2014,09,31,6,254.4
2014,09,31,7,257.3
2015,09,1,0,258.5
2015,09,1,1,258.9
2015,09,1,2,259.4
2015,09,1,3,259.3
2015,09,1,4,259.2
2015,09,1,5,261.5
2015,09,1,6,263.1
2015,09,1,7,263.8
2015,09,2,0,265.5
2015,09,2,1,266.9
2015,09,2,2,266.3
2015,09,2,3,265.5
2015,09,2,4,265.1
2015,09,2,5,264.6
2015,09,2,6,264.3
2015,09,2,7,264.4
2015,09,3,0,265.3
2015,09,3,1,265.7
2015,09,3,2,265.8
2015,09,3,3,265.6
2015,09,3,4,265.5
2015,09,3,5,265.7
2015,09,3,6,265.5
2015,09,3,7,265.9
2015,09,4,0,266.3
2015,09,4,1,265.9
2015,09,4,2,266.6
2015,09,4,3,267.5
2015,09,4,4,267.7
2015,09,4,5,267.6
2015,09,4,6,267.5
2015,09,4,7,266.6
2015,09,5,0,267.5
2015,09,5,1,268.1
2015,09,5,2,269.5
2015,09,5,3,269.5
2015,09,5,4,269.9
2015,09,5,5,271.4
2015,09,5,6,271.9
2015,09,5,7,273.0
2015,09,6,0,273.2
2015,09,6,1,272.9
2015,09,6,2,272.5
2015,09,6,3,272.3
2015,09,6,4,271.8
2015,09,6,5,271.3
2015,09,6,6,271.4
2015,09,6,7,271.3
2015,09,7,0,272.0
2015,09,7,1,272.5
2015,09,7,2,272.5
2015,09,7,3,272.0
2015,09,7,4,272.5
2015,09,7,5,272.8
2015,09,7,6,272.5
2015,09,7,7,272.3
2015,09,8,0,272.3
2015,09,8,1,272.7
2015,09,8,2,272.2
2015,09,8,3,272.0
2015,09,8,4,271.5
2015,09,8,5,270.2
2015,09,8,6,270.1
2015,09,8,7,269.9
2015,09,9,0,269.3
2015,09,9,1,268.7
2015,09,9,2,267.9
2015,09,9,3,267.2
2015,09,9,4,266.5
2015,09,9,5,266.0
2015,09,9,6,265.9
2015,09,9,7,265.2
2015,09,10,0,264.6
2015,09,10,1,264.8
2015,09,10,2,264.5
2015,09,10,3,263.9
2015,09,10,4,262.9
2015,09,10,5,262.2
2015,09,10,6,262.1
2015,09,10,7,262.1
2015,09,11,0,262.7
2015,09,11,1,262.7
2015,09,11,2,262.4
2015,09,11,3,262.5
2015,09,11,4,262.5
2015,09,11,5,262.6
2015,09,11,6,262.2
2015,09,11,7,262.2
2015,09,12,0,262.1
2015,09,12,1,262.0
2015,09,12,2,261.8
2015,09,12,3,262.0
2015,09,12,4,264.0
2015,09,12,5,265.4
2015,09,12,6,263.3
2015,09,12,7,263.3
2015,09,13,0,262.1
2015,09,13,1,260.8
2015,09,13,2,260.5
2015,09,13,3,260.7
2015,09,13,4,260.5
2015,09,13,5,261.6
2015,09,13,6,262.5
2015,09,13,7,263.1
2015,09,14,0,263.2
2015,09,14,1,264.3
2015,09,14,2,265.9
2015,09,14,3,266.6
2015,09,14,4,267.2
2015,09,14,5,267.7
2015,09,14,6,267.9
2015,09,14,7,267.7
2015,09,15,0,268.1
2015,09,15,1,268.1
2015,09,15,2,268.0
2015,09,15,3,267.9
2015,09,15,4,267.8
2015,09,15,5,268.1
2015,09,15,6,268.1
2015,09,15,7,268.3
2015,09,16,0,268.0
2015,09,16,1,267.8
2015,09,16,2,267.5
2015,09,16,3,267.4
2015,09,16,4,268.1
2015,09,16,5,268.1
2015,09,16,6,268.5
2015,09,16,7,268.5
2015,09,17,0,267.3
2015,09,17,1,268.0
2015,09,17,2,267.6
2015,09,17,3,267.0
2015,09,17,4,267.3
2015,09,17,5,266.6
2015,09,17,6,267.4
2015,09,17,7,267.5
2015,09,18,0,266.8
2015,09,18,1,267.1
2015,09,18,2,267.5
2015,09,18,3,266.8
2015,09,18,4,266.1
2015,09,18,5,265.8
2015,09,18,6,266.0
2015,09,18,7,265.6
2015,09,19,0,265.9
2015,09,19,1,265.8
2015,09,19,2,265.4
2015,09,19,3,265.1
2015,09,19,4,265.0
2015,09,19,5,264.7
2015,09,19,6,264.5
2015,09,19,7,264.0
2015,09,20,0,263.9
2015,09,20,1,264.3
2015,09,20,2,264.8
2015,09,20,3,264.5
2015,09,20,4,263.8
2015,09,20,5,262.9
2015,09,20,6,262.0
2015,09,20,7,261.5
2015,09,21,0,261.0
2015,09,21,1,261.0
2015,09,21,2,260.7
2015,09,21,3,260.8
2015,09,21,4,260.8
2015,09,21,5,261.1
2015,09,21,6,262.5
2015,09,21,7,263.2
2015,09,22,0,266.5
2015,09,22,1,266.3
2015,09,22,2,267.3
2015,09,22,3,266.4
2015,09,22,4,266.0
2015,09,22,5,266.7
2015,09,22,6,267.4
2015,09,22,7,266.6
2015,09,23,0,264.8
2015,09,23,1,264.3
2015,09,23,2,264.5
2015,09,23,3,264.1
2015,09,23,4,265.0
2015,09,23,5,265.6
2015,09,23,6,266.8
2015,09,23,7,265.7
2015,09,24,0,268.9
2015,09,24,1,270.0
2015,09,24,2,270.7
2015,09,24,3,269.1
2015,09,24,4,269.3
2015,09,24,5,268.9
2015,09,24,6,269.4
2015,09,24,7,269.8
2015,09,25,0,270.8
2015,09,25,1,270.9
2015,09,25,2,270.0
2015,09,25,3,269.4
2015,09,25,4,268.9
2015,09,25,5,269.2
2015,09,25,6,270.1
2015,09,25,7,270.6
2015,09,26,0,270.6
2015,09,26,1,270.7
2015,09,26,2,270.6
2015,09,26,3,271.0
2015,09,26,4,270.9
2015,09,26,5,270.7
2015,09,26,6,269.9
2015,09,26,7,268.9
2015,09,27,0,267.5
2015,09,27,1,266.0
2015,09,27,2,266.3
2015,09,27,3,265.9
2015,09,27,4,263.6
2015,09,27,5,262.4
2015,09,27,6,262.0
2015,09,27,7,262.0
2015,09,28,0,261.7
2015,09,28,1,263.3
2015,09,28,2,265.1
2015,09,28,3,263.9
2015,09,28,4,264.0
2015,09,28,5,263.9
2015,09,28,6,264.5
2015,09,28,7,264.4
2015,09,29,0,265.9
2015,09,29,1,263.8
2015,09,29,2,263.4
2015,09,29,3,263.3
2015,09,29,4,262.5
2015,09,29,5,262.5
2015,09,29,6,262.1
2015,09,29,7,262.0
2015,09,30,0,262.1
2015,09,30,1,261.7
2015,09,30,2,261.6
2015,09,30,3,261.5
2015,09,30,4,261.3
2015,09,30,5,263.0
2015,09,30,6,263.3
2015,09,30,7,263.8
2015,09,31,0,263.9
2015,09,31,1,263.4
2015,09,31,2,262.7
2015,09,31,3,261.8
2015,09,31,4,262.4
2015,09,31,5,263.9
2015,09,31,6,264.5
2015,09,31,7,266.0
2015,09,1,0,267.2
2015,09,1,1,267.3
2015,09,1,2,266.5
2015,09,1,3,266.3
2015,09,1,4,266.3
2015,09,1,5,266.3
2015,09,1,6,266.3
2015,09,1,7,265.9
2015,09,2,0,265.1
2015,09,2,1,265.0
2015,09,2,2,264.9
2015,09,2,3,265.0
2015,09,2,4,265.2
2015,09,2,5,264.7
2015,09,2,6,265.1
2015,09,2,7,265.0
2015,09,3,0,265.2
2015,09,3,1,265.1
2015,09,3,2,265.2
2015,09,3,3,265.5
2015,09,3,4,265.8
2015,09,3,5,266.0
2015,09,3,6,265.9
2015,09,3,7,266.3
2015,09,4,0,265.6
2015,09,4,1,265.5
2015,09,4,2,267.0
2015,09,4,3,267.5
2015,09,4,4,267.8
2015,09,4,5,268.1
2015,09,4,6,268.7
2015,09,4,7,268.8
2015,09,5,0,268.8
2015,09,5,1,269.0
2015,09,5,2,269.4
2015,09,5,3,269.5
2015,09,5,4,269.0
2015,09,5,5,268.8
2015,09,5,6,269.0
2015,09,5,7,268.9
2015,09,6,0,268.3
2015,09,6,1,268.8
2015,09,6,2,269.0
2015,09,6,3,268.3
2015,09,6,4,268.6
2015,09,6,5,269.4
2015,09,6,6,269.6
2015,09,6,7,269.2
2015,09,7,0,269.2
2015,09,7,1,269.6
2015,09,7,2,270.2
2015,09,7,3,270.0
2015,09,7,4,269.2
2015,09,7,5,266.9
2015,09,7,6,266.5
2015,09,7,7,266.2
2015,09,8,0,266.9
2015,09,8,1,267.3
2015,09,8,2,267.4
2015,09,8,3,268.0
2015,09,8,4,268.1
2015,09,8,5,267.9
2015,09,8,6,266.8
2015,09,8,7,266.0
2015,09,9,0,267.3
2015,09,9,1,266.1
2015,09,9,2,266.1
2015,09,9,3,265.3
2015,09,9,4,265.5
2015,09,9,5,266.6
2015,09,9,6,266.5
2015,09,9,7,266.1
2015,09,10,0,266.4
2015,09,10,1,265.8
2015,09,10,2,265.6
2015,09,10,3,266.0
2015,09,10,4,267.2
2015,09,10,5,267.8
2015,09,10,6,268.2
2015,09,10,7,268.6
2015,09,11,0,268.8
2015,09,11,1,268.8
2015,09,11,2,269.1
2015,09,11,3,269.3
2015,09,11,4,269.7
2015,09,11,5,269.8
2015,09,11,6,269.8
2015,09,11,7,269.6
2015,09,12,0,269.7
2015,09,12,1,270.2
2015,09,12,2,270.6
2015,09,12,3,270.8
2015,09,12,4,271.0
2015,09,12,5,271.1
2015,09,12,6,270.9
2015,09,12,7,271.0
2015,09,13,0,270.9
2015,09,13,1,270.7
2015,09,13,2,270.6
2015,09,13,3,270.9
2015,09,13,4,270.5
2015,09,13,5,270.2
2015,09,13,6,270.1
2015,09,13,7,270.0
2015,09,14,0,270.1
2015,09,14,1,270.4
2015,09,14,2,270.1
2015,09,14,3,269.6
2015,09,14,4,268.4
2015,09,14,5,268.2
2015,09,14,6,268.1
2015,09,14,7,267.1
2015,09,15,0,267.1
2015,09,15,1,267.1
2015,09,15,2,268.2
2015,09,15,3,268.1
2015,09,15,4,268.0
2015,09,15,5,268.4
2015,09,15,6,268.4
2015,09,15,7,267.9
2015,09,16,0,268.0
2015,09,16,1,268.2
2015,09,16,2,268.0
2015,09,16,3,268.4
2015,09,16,4,268.3
2015,09,16,5,268.8
2015,09,16,6,269.0
2015,09,16,7,268.7
2015,09,17,0,269.1
2015,09,17,1,269.4
2015,09,17,2,269.8
2015,09,17,3,270.0
2015,09,17,4,269.8
2015,09,17,5,269.6
2015,09,17,6,269.9
2015,09,17,7,269.7
2015,09,18,0,269.0
2015,09,18,1,269.8
2015,09,18,2,270.4
2015,09,18,3,270.1
2015,09,18,4,269.7
2015,09,18,5,269.2
2015,09,18,6,269.1
2015,09,18,7,269.6
2015,09,19,0,268.2
2015,09,19,1,268.2
2015,09,19,2,269.9
2015,09,19,3,269.9
2015,09,19,4,270.0
2015,09,19,5,268.0
2015,09,19,6,267.3
2015,09,19,7,268.1
2015,09,20,0,266.3
2015,09,20,1,266.2
2015,09,20,2,265.8
2015,09,20,3,267.0
2015,09,20,4,266.7
2015,09,20,5,266.7
2015,09,20,6,267.3
2015,09,20,7,267.1
2015,09,21,0,266.3
2015,09,21,1,266.5
2015,09,21,2,266.8
2015,09,21,3,267.0
2015,09,21,4,267.6
2015,09,21,5,267.7
2015,09,21,6,267.9
2015,09,21,7,266.7
2015,09,22,0,266.2
2015,09,22,1,264.9
2015,09,22,2,260.9
2015,09,22,3,258.8
2015,09,22,4,256.8
2015,09,22,5,255.7
2015,09,22,6,255.6
2015,09,22,7,255.3
2015,09,23,0,255.4
2015,09,23,1,255.6
2015,09,23,2,255.1
2015,09,23,3,255.4
2015,09,23,4,255.0
2015,09,23,5,253.8
2015,09,23,6,253.8
2015,09,23,7,254.0
2015,09,24,0,255.7
2015,09,24,1,257.0
2015,09,24,2,258.2
2015,09,24,3,258.4
2015,09,24,4,261.0
2015,09,24,5,263.5
2015,09,24,6,264.6
2015,09,24,7,265.3
2015,09,25,0,265.0
2015,09,25,1,265.2
2015,09,25,2,265.4
2015,09,25,3,265.3
2015,09,25,4,265.2
2015,09,25,5,264.1
2015,09,25,6,266.6
2015,09,25,7,267.3
2015,09,26,0,264.5
2015,09,26,1,265.2
2015,09,26,2,265.5
2015,09,26,3,265.5
2015,09,26,4,265.3
2015,09,26,5,264.7
2015,09,26,6,263.8
2015,09,26,7,263.6
2015,09,27,0,263.4
2015,09,27,1,262.7
2015,09,27,2,262.3
2015,09,27,3,261.9
2015,09,27,4,260.3
2015,09,27,5,259.4
2015,09,27,6,259.0
2015,09,27,7,259.1
2015,09,28,0,258.9
2015,09,28,1,257.5
2015,09,28,2,256.6
2015,09,28,3,256.2
2015,09,28,4,255.2
2015,09,28,5,254.5
2015,09,28,6,253.6
2015,09,28,7,253.9
2015,09,1,0,254.3
2015,09,1,1,254.5
2015,09,1,2,254.6
2015,09,1,3,254.9
2015,09,1,4,254.2
2015,09,1,5,253.6
2015,09,1,6,254.1
2015,09,1,7,254.3
2015,09,2,0,255.6
2015,09,2,1,255.0
2015,09,2,2,255.5
2015,09,2,3,255.3
2015,09,2,4,255.2
2015,09,2,5,255.1
2015,09,2,6,255.0
2015,09,2,7,255.3
2015,09,3,0,255.7
2015,09,3,1,256.0
2015,09,3,2,256.0
2015,09,3,3,256.0
2015,09,3,4,256.1
2015,09,3,5,257.4
2015,09,3,6,260.5
2015,09,3,7,259.5
2015,09,4,0,260.1
2015,09,4,1,260.3
2015,09,4,2,260.3
2015,09,4,3,260.8
2015,09,4,4,261.5
2015,09,4,5,262.3
2015,09,4,6,262.5
2015,09,4,7,262.2
2015,09,5,0,261.0
2015,09,5,1,261.0
2015,09,5,2,261.3
2015,09,5,3,261.6
2015,09,5,4,261.2
2015,09,5,5,261.4
2015,09,5,6,262.3
2015,09,5,7,263.9
2015,09,6,0,264.4
2015,09,6,1,263.8
2015,09,6,2,265.0
2015,09,6,3,265.3
2015,09,6,4,265.0
2015,09,6,5,264.7
2015,09,6,6,265.1
2015,09,6,7,265.3
2015,09,7,0,266.1
2015,09,7,1,267.1
2015,09,7,2,267.0
2015,09,7,3,266.5
2015,09,7,4,266.1
2015,09,7,5,266.0
2015,09,7,6,266.6
2015,09,7,7,266.6
2015,09,8,0,266.4
2015,09,8,1,266.8
2015,09,8,2,267.0
2015,09,8,3,267.0
2015,09,8,4,266.4
2015,09,8,5,266.3
2015,09,8,6,266.8
2015,09,8,7,266.3
2015,09,9,0,266.0
2015,09,9,1,266.1
2015,09,9,2,265.9
2015,09,9,3,265.7
2015,09,9,4,265.6
2015,09,9,5,265.9
2015,09,9,6,266.4
2015,09,9,7,266.2
2015,09,10,0,266.2
2015,09,10,1,267.3
2015,09,10,2,267.5
2015,09,10,3,267.3
2015,09,10,4,267.3
2015,09,10,5,267.3
2015,09,10,6,267.3
2015,09,10,7,267.6
2015,09,11,0,269.3
2015,09,11,1,268.1
2015,09,11,2,267.9
2015,09,11,3,267.1
2015,09,11,4,266.1
2015,09,11,5,267.1
2015,09,11,6,266.4
2015,09,11,7,266.2
2015,09,12,0,265.8
2015,09,12,1,265.0
2015,09,12,2,264.0
2015,09,12,3,264.1
2015,09,12,4,265.4
2015,09,12,5,267.2
2015,09,12,6,268.0
2015,09,12,7,268.2
2015,09,13,0,267.1
2015,09,13,1,267.6
2015,09,13,2,268.0
2015,09,13,3,267.5
2015,09,13,4,267.3
2015,09,13,5,267.6
2015,09,13,6,267.6
2015,09,13,7,267.7
2015,09,14,0,267.8
2015,09,14,1,268.1
2015,09,14,2,268.4
2015,09,14,3,268.7
2015,09,14,4,268.7
2015,09,14,5,269.7
2015,09,14,6,269.9
2015,09,14,7,269.9
2015,09,15,0,270.5
2015,09,15,1,271.3
2015,09,15,2,272.4
2015,09,15,3,271.4
2015,09,15,4,272.1
2015,09,15,5,272.5
2015,09,15,6,273.4
2015,09,15,7,274.3
2015,09,16,0,274.1
2015,09,16,1,273.3
2015,09,16,2,273.4
2015,09,16,3,272.6
2015,09,16,4,272.0
2015,09,16,5,271.3
2015,09,16,6,272.1
2015,09,16,7,268.9
2015,09,17,0,266.6
2015,09,17,1,267.0
2015,09,17,2,267.0
2015,09,17,3,266.6
2015,09,17,4,266.2
2015,09,17,5,265.4
2015,09,17,6,264.7
2015,09,17,7,264.1
2015,09,18,0,264.5
2015,09,18,1,265.0
2015,09,18,2,265.3
2015,09,18,3,265.3
2015,09,18,4,265.6
2015,09,18,5,265.5
2015,09,18,6,264.7
2015,09,18,7,264.1
2015,09,19,0,263.4
2015,09,19,1,263.4
2015,09,19,2,263.6
2015,09,19,3,264.0
2015,09,19,4,264.6
2015,09,19,5,265.3
2015,09,19,6,265.6
2015,09,19,7,265.7
2015,09,20,0,265.9
2015,09,20,1,266.2
2015,09,20,2,266.5
2015,09,20,3,266.5
2015,09,20,4,266.6
2015,09,20,5,267.1
2015,09,20,6,267.4
2015,09,20,7,266.7
2015,09,21,0,267.0
2015,09,21,1,266.9
2015,09,21,2,267.0
2015,09,21,3,266.7
2015,09,21,4,266.5
2015,09,21,5,265.8
2015,09,21,6,264.8
2015,09,21,7,264.2
2015,09,22,0,264.8
2015,09,22,1,264.6
2015,09,22,2,264.1
2015,09,22,3,264.7
2015,09,22,4,264.0
2015,09,22,5,263.1
2015,09,22,6,262.8
2015,09,22,7,262.3
2015,09,23,0,262.2
2015,09,23,1,262.3
2015,09,23,2,262.2
2015,09,23,3,262.7
2015,09,23,4,263.3
2015,09,23,5,263.3
2015,09,23,6,263.7
2015,09,23,7,262.4
2015,09,24,0,263.2
2015,09,24,1,263.3
2015,09,24,2,263.0
2015,09,24,3,262.9
2015,09,24,4,262.2
2015,09,24,5,263.0
2015,09,24,6,263.0
2015,09,24,7,262.3
2015,09,25,0,263.6
2015,09,25,1,263.3
2015,09,25,2,265.3
2015,09,25,3,266.1
2015,09,25,4,266.4
2015,09,25,5,266.7
2015,09,25,6,267.5
2015,09,25,7,267.7
2015,09,26,0,267.1
2015,09,26,1,267.9
2015,09,26,2,268.9
2015,09,26,3,268.2
2015,09,26,4,268.6
2015,09,26,5,268.8
2015,09,26,6,268.5
2015,09,26,7,268.4
2015,09,27,0,267.6
2015,09,27,1,268.3
2015,09,27,2,269.3
2015,09,27,3,269.4
2015,09,27,4,269.1
2015,09,27,5,268.8
2015,09,27,6,269.3
2015,09,27,7,267.9
2015,09,28,0,268.7
2015,09,28,1,269.2
2015,09,28,2,269.2
2015,09,28,3,269.0
2015,09,28,4,268.6
2015,09,28,5,268.1
2015,09,28,6,267.7
2015,09,28,7,266.8
2015,09,29,0,267.5
2015,09,29,1,267.5
2015,09,29,2,266.8
2015,09,29,3,267.0
2015,09,29,4,266.6
2015,09,29,5,266.3
2015,09,29,6,266.9
2015,09,29,7,265.7
2015,09,30,0,266.3
2015,09,30,1,266.5
2015,09,30,2,265.7
2015,09,30,3,265.0
2015,09,30,4,264.9
2015,09,30,5,264.9
2015,09,30,6,266.2
2015,09,30,7,265.8
2015,09,31,0,267.0
2015,09,31,1,267.5
2015,09,31,2,267.8
2015,09,31,3,268.1
2015,09,31,4,267.6
2015,09,31,5,267.1
2015,09,31,6,266.7
2015,09,31,7,266.0
2015,09,1,0,265.7
2015,09,1,1,265.7
2015,09,1,2,264.7
2015,09,1,3,264.3
2015,09,1,4,263.7
2015,09,1,5,263.3
2015,09,1,6,262.6
2015,09,1,7,262.4
2015,09,2,0,261.9
2015,09,2,1,261.2
2015,09,2,2,259.4
2015,09,2,3,258.9
2015,09,2,4,263.3
2015,09,2,5,262.6
2015,09,2,6,261.0
2015,09,2,7,259.7
2015,09,3,0,259.1
2015,09,3,1,259.4
2015,09,3,2,260.0
2015,09,3,3,260.4
2015,09,3,4,260.5
2015,09,3,5,260.7
2015,09,3,6,261.3
2015,09,3,7,260.9
2015,09,4,0,262.2
2015,09,4,1,262.8
2015,09,4,2,263.5
2015,09,4,3,263.6
2015,09,4,4,263.2
2015,09,4,5,263.1
2015,09,4,6,263.0
2015,09,4,7,262.8
2015,09,5,0,263.6
2015,09,5,1,263.9
2015,09,5,2,263.6
2015,09,5,3,263.9
2015,09,5,4,264.1
2015,09,5,5,263.8
2015,09,5,6,263.5
2015,09,5,7,262.3
2015,09,6,0,262.3
2015,09,6,1,261.9
2015,09,6,2,261.5
2015,09,6,3,260.8
2015,09,6,4,259.7
2015,09,6,5,258.9
2015,09,6,6,258.9
2015,09,6,7,258.2
2015,09,7,0,259.4
2015,09,7,1,259.7
2015,09,7,2,258.6
2015,09,7,3,258.1
2015,09,7,4,258.2
2015,09,7,5,258.5
2015,09,7,6,258.4
2015,09,7,7,256.9
2015,09,8,0,255.0
2015,09,8,1,253.2
2015,09,8,2,253.2
2015,09,8,3,253.5
2015,09,8,4,253.0
2015,09,8,5,251.1
2015,09,8,6,252.3
2015,09,8,7,255.6
2015,09,9,0,258.0
2015,09,9,1,261.3
2015,09,9,2,263.0
2015,09,9,3,263.9
2015,09,9,4,263.7
2015,09,9,5,263.7
2015,09,9,6,263.3
2015,09,9,7,263.1
2015,09,10,0,261.9
2015,09,10,1,261.4
2015,09,10,2,262.2
2015,09,10,3,262.6
2015,09,10,4,262.0
2015,09,10,5,262.0
2015,09,10,6,262.5
2015,09,10,7,261.2
2015,09,11,0,262.3
2015,09,11,1,262.6
2015,09,11,2,262.5
2015,09,11,3,262.9
2015,09,11,4,264.0
2015,09,11,5,264.5
2015,09,11,6,265.2
2015,09,11,7,263.4
2015,09,12,0,264.2
2015,09,12,1,264.5
2015,09,12,2,265.1
2015,09,12,3,264.4
2015,09,12,4,265.0
2015,09,12,5,265.2
2015,09,12,6,265.0
2015,09,12,7,265.0
2015,09,13,0,265.3
2015,09,13,1,265.5
2015,09,13,2,265.6
2015,09,13,3,266.2
2015,09,13,4,266.3
2015,09,13,5,266.2
2015,09,13,6,265.8
2015,09,13,7,266.3
2015,09,14,0,266.9
2015,09,14,1,267.3
2015,09,14,2,267.7
2015,09,14,3,267.7
2015,09,14,4,266.6
2015,09,14,5,264.1
2015,09,14,6,263.3
2015,09,14,7,261.8
2015,09,15,0,263.0
2015,09,15,1,263.9
2015,09,15,2,263.9
2015,09,15,3,263.6
2015,09,15,4,263.1
2015,09,15,5,262.0
2015,09,15,6,263.0
2015,09,15,7,263.0
2015,09,16,0,261.8
2015,09,16,1,262.7
2015,09,16,2,263.5
2015,09,16,3,263.1
2015,09,16,4,262.7
2015,09,16,5,262.4
2015,09,16,6,263.4
2015,09,16,7,264.1
2015,09,17,0,264.9
2015,09,17,1,265.0
2015,09,17,2,264.7
2015,09,17,3,264.5
2015,09,17,4,264.3
2015,09,17,5,264.7
2015,09,17,6,264.9
2015,09,17,7,264.7
2015,09,18,0,264.5
2015,09,18,1,264.6
2015,09,18,2,265.3
2015,09,18,3,265.5
2015,09,18,4,265.5
2015,09,18,5,266.3
2015,09,18,6,265.5
2015,09,18,7,262.3
2015,09,19,0,264.0
2015,09,19,1,264.0
2015,09,19,2,263.5
2015,09,19,3,263.0
2015,09,19,4,262.9
2015,09,19,5,263.3
2015,09,19,6,263.6
2015,09,19,7,263.7
2015,09,20,0,264.8
2015,09,20,1,264.7
2015,09,20,2,264.7
2015,09,20,3,264.7
2015,09,20,4,264.5
2015,09,20,5,264.2
2015,09,20,6,264.1
2015,09,20,7,265.5
2015,09,21,0,266.6
2015,09,21,1,266.9
2015,09,21,2,266.3
2015,09,21,3,265.8
2015,09,21,4,265.5
2015,09,21,5,265.1
2015,09,21,6,264.9
2015,09,21,7,265.6
2015,09,22,0,266.6
2015,09,22,1,266.1
2015,09,22,2,265.0
2015,09,22,3,265.4
2015,09,22,4,264.7
2015,09,22,5,263.7
2015,09,22,6,263.1
2015,09,22,7,264.7
2015,09,23,0,264.7
2015,09,23,1,264.1
2015,09,23,2,263.6
2015,09,23,3,263.7
2015,09,23,4,263.3
2015,09,23,5,263.3
2015,09,23,6,263.4
2015,09,23,7,264.3
2015,09,24,0,265.3
2015,09,24,1,265.4
2015,09,24,2,265.2
2015,09,24,3,264.8
2015,09,24,4,263.5
2015,09,24,5,263.0
2015,09,24,6,262.6
2015,09,24,7,263.2
2015,09,25,0,263.3
2015,09,25,1,263.2
2015,09,25,2,262.3
2015,09,25,3,261.9
2015,09,25,4,261.8
2015,09,25,5,261.4
2015,09,25,6,259.3
2015,09,25,7,257.8
2015,09,26,0,258.5
2015,09,26,1,259.3
2015,09,26,2,261.9
2015,09,26,3,266.3
2015,09,26,4,269.3
2015,09,26,5,269.6
2015,09,26,6,269.4
2015,09,26,7,270.4
2015,09,27,0,269.0
2015,09,27,1,269.3
2015,09,27,2,269.6
2015,09,27,3,269.8
2015,09,27,4,270.6
2015,09,27,5,271.4
2015,09,27,6,272.1
2015,09,27,7,272.3
2015,09,28,0,272.7
2015,09,28,1,272.6
2015,09,28,2,272.3
2015,09,28,3,272.1
2015,09,28,4,271.7
2015,09,28,5,271.9
2015,09,28,6,272.2
2015,09,28,7,271.2
2015,09,29,0,269.8
2015,09,29,1,270.0
2015,09,29,2,269.8
2015,09,29,3,269.4
2015,09,29,4,268.8
2015,09,29,5,269.3
2015,09,29,6,269.2
2015,09,29,7,268.1
2015,09,30,0,269.1
2015,09,30,1,269.1
2015,09,30,2,268.0
2015,09,30,3,267.7
2015,09,30,4,268.7
2015,09,30,5,268.1
2015,09,30,6,269.0
2015,09,30,7,266.8
2015,09,1,0,267.7
2015,09,1,1,267.8
2015,09,1,2,267.9
2015,09,1,3,267.7
2015,09,1,4,267.3
2015,09,1,5,267.3
2015,09,1,6,267.4
2015,09,1,7,268.2
2015,09,2,0,269.4
2015,09,2,1,269.2
2015,09,2,2,269.3
2015,09,2,3,268.3
2015,09,2,4,267.7
2015,09,2,5,267.8
2015,09,2,6,268.9
2015,09,2,7,268.2
2015,09,3,0,269.1
2015,09,3,1,268.9
2015,09,3,2,268.2
2015,09,3,3,267.6
2015,09,3,4,267.1
2015,09,3,5,266.7
2015,09,3,6,266.2
2015,09,3,7,266.6
2015,09,4,0,267.3
2015,09,4,1,266.5
2015,09,4,2,266.6
2015,09,4,3,266.2
2015,09,4,4,265.5
2015,09,4,5,264.9
2015,09,4,6,264.6
2015,09,4,7,266.0
2015,09,5,0,266.3
2015,09,5,1,266.3
2015,09,5,2,266.4
2015,09,5,3,265.8
2015,09,5,4,265.9
2015,09,5,5,265.8
2015,09,5,6,265.5
2015,09,5,7,266.5
2015,09,6,0,266.7
2015,09,6,1,266.7
2015,09,6,2,266.0
2015,09,6,3,265.3
2015,09,6,4,264.4
2015,09,6,5,264.0
2015,09,6,6,264.5
2015,09,6,7,266.1
2015,09,7,0,266.2
2015,09,7,1,264.9
2015,09,7,2,262.7
2015,09,7,3,261.6
2015,09,7,4,260.1
2015,09,7,5,259.1
2015,09,7,6,258.6
2015,09,7,7,260.3
2015,09,8,0,260.2
2015,09,8,1,258.4
2015,09,8,2,258.8
2015,09,8,3,258.9
2015,09,8,4,258.0
2015,09,8,5,257.7
2015,09,8,6,258.2
2015,09,8,7,259.6
2015,09,9,0,260.9
2015,09,9,1,261.9
2015,09,9,2,262.8
2015,09,9,3,263.0
2015,09,9,4,262.9
2015,09,9,5,263.0
2015,09,9,6,263.2
2015,09,9,7,262.7
2015,09,10,0,263.5
2015,09,10,1,263.4
2015,09,10,2,263.2
2015,09,10,3,265.2
2015,09,10,4,268.2
2015,09,10,5,269.4
2015,09,10,6,268.9
2015,09,10,7,265.6
2015,09,11,0,266.9
2015,09,11,1,267.2
2015,09,11,2,267.6
2015,09,11,3,268.0
2015,09,11,4,267.0
2015,09,11,5,266.2
2015,09,11,6,266.0
2015,09,11,7,265.7
2015,09,12,0,266.5
2015,09,12,1,266.6
2015,09,12,2,266.7
2015,09,12,3,266.3
2015,09,12,4,266.2
2015,09,12,5,266.3
2015,09,12,6,265.6
2015,09,12,7,265.5
2015,09,13,0,266.0
2015,09,13,1,266.1
2015,09,13,2,265.8
2015,09,13,3,265.2
2015,09,13,4,264.2
2015,09,13,5,262.6
2015,09,13,6,261.4
2015,09,13,7,262.6
2015,09,14,0,263.6
2015,09,14,1,263.9
2015,09,14,2,262.8
2015,09,14,3,260.5
2015,09,14,4,259.8
2015,09,14,5,259.0
2015,09,14,6,258.7
2015,09,14,7,259.5
2015,09,15,0,260.6
2015,09,15,1,259.6
2015,09,15,2,259.0
2015,09,15,3,258.6
2015,09,15,4,258.6
2015,09,15,5,258.4
2015,09,15,6,259.2
2015,09,15,7,259.0
2015,09,16,0,259.6
2015,09,16,1,259.4
2015,09,16,2,260.3
2015,09,16,3,260.6
2015,09,16,4,261.8
2015,09,16,5,263.9
2015,09,16,6,265.4
2015,09,16,7,263.1
2015,09,17,0,264.6
2015,09,17,1,264.6
2015,09,17,2,263.7
2015,09,17,3,263.4
2015,09,17,4,262.0
2015,09,17,5,261.8
2015,09,17,6,261.2
2015,09,17,7,261.9
2015,09,18,0,262.6
2015,09,18,1,262.3
2015,09,18,2,261.7
2015,09,18,3,261.2
2015,09,18,4,261.1
2015,09,18,5,261.4
2015,09,18,6,261.5
2015,09,18,7,261.2
2015,09,19,0,261.5
2015,09,19,1,261.7
2015,09,19,2,262.2
2015,09,19,3,262.2
2015,09,19,4,262.3
2015,09,19,5,263.0
2015,09,19,6,262.3
2015,09,19,7,262.7
2015,09,20,0,263.5
2015,09,20,1,263.8
2015,09,20,2,264.0
2015,09,20,3,263.9
2015,09,20,4,262.8
2015,09,20,5,262.6
2015,09,20,6,263.1
2015,09,20,7,263.1
2015,09,21,0,264.8
2015,09,21,1,264.5
2015,09,21,2,263.6
2015,09,21,3,262.5
2015,09,21,4,261.7
2015,09,21,5,261.0
2015,09,21,6,261.6
2015,09,21,7,261.9
2015,09,22,0,262.8
2015,09,22,1,263.5
2015,09,22,2,263.2
2015,09,22,3,262.8
2015,09,22,4,261.9
2015,09,22,5,261.8
2015,09,22,6,262.7
2015,09,22,7,263.3
2015,09,23,0,264.7
2015,09,23,1,264.9
2015,09,23,2,264.9
2015,09,23,3,265.9
2015,09,23,4,265.2
2015,09,23,5,264.4
2015,09,23,6,265.0
2015,09,23,7,264.7
2015,09,24,0,265.2
2015,09,24,1,264.9
2015,09,24,2,264.9
2015,09,24,3,266.8
2015,09,24,4,267.8
2015,09,24,5,266.8
2015,09,24,6,266.9
2015,09,24,7,266.4
2015,09,25,0,267.0
2015,09,25,1,267.3
2015,09,25,2,267.1
2015,09,25,3,267.4
2015,09,25,4,267.9
2015,09,25,5,267.6
2015,09,25,6,267.2
2015,09,25,7,266.3
2015,09,26,0,267.6
2015,09,26,1,266.9
2015,09,26,2,267.1
2015,09,26,3,267.3
2015,09,26,4,266.8
2015,09,26,5,266.7
2015,09,26,6,266.5
2015,09,26,7,266.1
2015,09,27,0,268.3
2015,09,27,1,269.1
2015,09,27,2,268.2
2015,09,27,3,268.1
2015,09,27,4,267.9
2015,09,27,5,268.2
2015,09,27,6,269.0
2015,09,27,7,269.3
2015,09,28,0,270.3
2015,09,28,1,270.1
2015,09,28,2,269.3
2015,09,28,3,269.5
2015,09,28,4,269.7
2015,09,28,5,270.0
2015,09,28,6,269.2
2015,09,28,7,270.4
2015,09,29,0,271.0
2015,09,29,1,270.3
2015,09,29,2,270.0
2015,09,29,3,269.9
2015,09,29,4,269.9
2015,09,29,5,270.3
2015,09,29,6,270.3
2015,09,29,7,270.0
2015,09,30,0,271.3
2015,09,30,1,271.7
2015,09,30,2,272.1
2015,09,30,3,272.8
2015,09,30,4,272.7
2015,09,30,5,272.3
2015,09,30,6,272.0
2015,09,30,7,272.7
2015,09,31,0,272.7
2015,09,31,1,272.9
2015,09,31,2,272.8
2015,09,31,3,272.4
2015,09,31,4,272.3
2015,09,31,5,272.1
2015,09,31,6,271.8
2015,09,31,7,273.0
2015,09,1,0,273.2
2015,09,1,1,272.5
2015,09,1,2,272.0
2015,09,1,3,270.8
2015,09,1,4,270.2
2015,09,1,5,269.7
2015,09,1,6,269.2
2015,09,1,7,269.8
2015,09,2,0,271.2
2015,09,2,1,272.3
2015,09,2,2,272.3
2015,09,2,3,271.7
2015,09,2,4,271.4
2015,09,2,5,271.1
2015,09,2,6,270.8
2015,09,2,7,269.7
2015,09,3,0,270.7
2015,09,3,1,270.7
2015,09,3,2,269.9
2015,09,3,3,269.4
2015,09,3,4,268.5
2015,09,3,5,268.1
2015,09,3,6,267.6
2015,09,3,7,269.1
2015,09,4,0,269.2
2015,09,4,1,268.8
2015,09,4,2,268.6
2015,09,4,3,267.7
2015,09,4,4,266.7
2015,09,4,5,265.6
2015,09,4,6,265.5
2015,09,4,7,267.1
2015,09,5,0,267.5
2015,09,5,1,266.8
2015,09,5,2,265.8
2015,09,5,3,265.5
2015,09,5,4,264.9
2015,09,5,5,264.4
2015,09,5,6,264.2
2015,09,5,7,265.7
2015,09,6,0,266.5
2015,09,6,1,266.0
2015,09,6,2,265.7
2015,09,6,3,266.5
2015,09,6,4,265.5
2015,09,6,5,264.8
2015,09,6,6,264.6
2015,09,6,7,265.6
2015,09,7,0,266.4
2015,09,7,1,267.1
2015,09,7,2,267.7
2015,09,7,3,268.3
2015,09,7,4,267.8
2015,09,7,5,267.1
2015,09,7,6,268.7
2015,09,7,7,271.1
2015,09,8,0,271.3
2015,09,8,1,269.6
2015,09,8,2,269.4
2015,09,8,3,269.5
2015,09,8,4,269.7
2015,09,8,5,269.5
2015,09,8,6,269.6
2015,09,8,7,270.3
2015,09,9,0,271.9
2015,09,9,1,272.1
2015,09,9,2,271.5
2015,09,9,3,271.3
2015,09,9,4,271.1
2015,09,9,5,270.5
2015,09,9,6,270.4
2015,09,9,7,271.4
2015,09,10,0,272.2
2015,09,10,1,271.7
2015,09,10,2,271.5
2015,09,10,3,270.7
2015,09,10,4,269.6
2015,09,10,5,269.6
2015,09,10,6,269.8
2015,09,10,7,270.7
2015,09,11,0,269.8
2015,09,11,1,269.9
2015,09,11,2,270.5
2015,09,11,3,270.1
2015,09,11,4,270.1
2015,09,11,5,270.9
2015,09,11,6,270.6
2015,09,11,7,271.0
2015,09,12,0,271.2
2015,09,12,1,270.2
2015,09,12,2,270.1
2015,09,12,3,270.8
2015,09,12,4,270.9
2015,09,12,5,270.5
2015,09,12,6,271.2
2015,09,12,7,270.9
2015,09,13,0,272.2
2015,09,13,1,272.8
2015,09,13,2,273.0
2015,09,13,3,273.0
2015,09,13,4,272.8
2015,09,13,5,272.7
2015,09,13,6,272.7
2015,09,13,7,274.3
2015,09,14,0,273.6
2015,09,14,1,273.8
2015,09,14,2,273.8
2015,09,14,3,273.7
2015,09,14,4,273.4
2015,09,14,5,273.7
2015,09,14,6,273.6
2015,09,14,7,275.7
2015,09,15,0,276.5
2015,09,15,1,276.4
2015,09,15,2,276.2
2015,09,15,3,275.9
2015,09,15,4,275.7
2015,09,15,5,275.7
2015,09,15,6,275.3
2015,09,15,7,276.8
2015,09,16,0,277.4
2015,09,16,1,277.4
2015,09,16,2,277.2
2015,09,16,3,276.6
2015,09,16,4,276.6
2015,09,16,5,276.9
2015,09,16,6,276.4
2015,09,16,7,276.1
2015,09,17,0,277.6
2015,09,17,1,277.7
2015,09,17,2,277.1
2015,09,17,3,277.4
2015,09,17,4,277.1
2015,09,17,5,276.7
2015,09,17,6,279.4
2015,09,17,7,276.4
2015,09,18,0,277.5
2015,09,18,1,277.6
2015,09,18,2,276.6
2015,09,18,3,276.3
2015,09,18,4,276.4
2015,09,18,5,277.5
2015,09,18,6,280.2
2015,09,18,7,276.7
2015,09,19,0,278.0
2015,09,19,1,278.8
2015,09,19,2,278.2
2015,09,19,3,277.8
2015,09,19,4,277.8
2015,09,19,5,277.7
2015,09,19,6,277.4
2015,09,19,7,277.5
2015,09,20,0,278.2
2015,09,20,1,278.4
2015,09,20,2,278.2
2015,09,20,3,278.1
2015,09,20,4,278.3
2015,09,20,5,278.1
2015,09,20,6,277.4
2015,09,20,7,277.6
2015,09,21,0,278.5
2015,09,21,1,278.4
2015,09,21,2,278.4
2015,09,21,3,278.1
2015,09,21,4,277.3
2015,09,21,5,276.6
2015,09,21,6,277.3
2015,09,21,7,277.5
2015,09,22,0,278.7
2015,09,22,1,278.3
2015,09,22,2,278.5
2015,09,22,3,278.0
2015,09,22,4,277.0
2015,09,22,5,276.3
2015,09,22,6,277.4
2015,09,22,7,275.5
2015,09,23,0,276.5
2015,09,23,1,276.6
2015,09,23,2,275.7
2015,09,23,3,275.4
2015,09,23,4,275.4
2015,09,23,5,275.9
2015,09,23,6,275.9
2015,09,23,7,274.9
2015,09,24,0,275.8
2015,09,24,1,275.9
2015,09,24,2,275.7
2015,09,24,3,275.7
2015,09,24,4,275.3
2015,09,24,5,275.4
2015,09,24,6,275.1
2015,09,24,7,274.8
2015,09,25,0,275.3
2015,09,25,1,275.3
2015,09,25,2,275.4
2015,09,25,3,274.7
2015,09,25,4,273.5
2015,09,25,5,273.5
2015,09,25,6,273.7
2015,09,25,7,274.2
2015,09,26,0,275.6
2015,09,26,1,275.5
2015,09,26,2,275.4
2015,09,26,3,275.6
2015,09,26,4,274.6
2015,09,26,5,274.0
2015,09,26,6,273.6
2015,09,26,7,274.3
2015,09,27,0,274.6
2015,09,27,1,275.0
2015,09,27,2,276.0
2015,09,27,3,275.5
2015,09,27,4,275.9
2015,09,27,5,276.0
2015,09,27,6,275.0
2015,09,27,7,275.9
2015,09,28,0,276.7
2015,09,28,1,276.5
2015,09,28,2,276.8
2015,09,28,3,276.1
2015,09,28,4,275.4
2015,09,28,5,274.2
2015,09,28,6,274.6
2015,09,28,7,274.6
2015,09,29,0,274.8
2015,09,29,1,274.5
2015,09,29,2,275.0
2015,09,29,3,275.1
2015,09,29,4,275.9
2015,09,29,5,275.3
2015,09,29,6,274.5
2015,09,29,7,275.3
2015,09,30,0,275.6
2015,09,30,1,275.8
2015,09,30,2,275.7
2015,09,30,3,275.8
2015,09,30,4,275.5
2015,09,30,5,275.1
2015,09,30,6,274.5
2015,09,30,7,275.5
2015,09,1,0,276.1
2015,09,1,1,276.4
2015,09,1,2,276.6
2015,09,1,3,276.1
2015,09,1,4,276.3
2015,09,1,5,276.1
2015,09,1,6,275.9
2015,09,1,7,276.4
2015,09,2,0,276.2
2015,09,2,1,276.6
2015,09,2,2,276.6
2015,09,2,3,275.5
2015,09,2,4,275.3
2015,09,2,5,274.3
2015,09,2,6,274.6
2015,09,2,7,274.0
2015,09,3,0,274.6
2015,09,3,1,275.0
2015,09,3,2,275.4
2015,09,3,3,274.7
2015,09,3,4,275.0
2015,09,3,5,275.1
2015,09,3,6,275.2
2015,09,3,7,274.5
2015,09,4,0,276.0
2015,09,4,1,276.1
2015,09,4,2,276.0
2015,09,4,3,274.8
2015,09,4,4,273.9
2015,09,4,5,272.7
2015,09,4,6,272.2
2015,09,4,7,271.7
2015,09,5,0,272.8
2015,09,5,1,272.9
2015,09,5,2,272.8
2015,09,5,3,272.9
2015,09,5,4,272.8
2015,09,5,5,272.7
2015,09,5,6,272.7
2015,09,5,7,272.5
2015,09,6,0,272.0
2015,09,6,1,271.9
2015,09,6,2,271.6
2015,09,6,3,272.6
2015,09,6,4,272.3
2015,09,6,5,271.3
2015,09,6,6,269.6
2015,09,6,7,270.8
2015,09,7,0,271.3
2015,09,7,1,271.5
2015,09,7,2,271.1
2015,09,7,3,270.3
2015,09,7,4,269.4
2015,09,7,5,270.0
2015,09,7,6,270.0
2015,09,7,7,270.5
2015,09,8,0,270.8
2015,09,8,1,270.1
2015,09,8,2,269.5
2015,09,8,3,269.8
2015,09,8,4,268.9
2015,09,8,5,268.1
2015,09,8,6,267.3
2015,09,8,7,267.8
2015,09,9,0,268.2
2015,09,9,1,268.3
2015,09,9,2,267.6
2015,09,9,3,267.4
2015,09,9,4,267.2
2015,09,9,5,266.9
2015,09,9,6,266.9
2015,09,9,7,267.8
2015,09,10,0,268.2
2015,09,10,1,267.9
2015,09,10,2,267.7
2015,09,10,3,267.0
2015,09,10,4,266.3
2015,09,10,5,267.7
2015,09,10,6,268.1
2015,09,10,7,268.0
2015,09,11,0,270.0
2015,09,11,1,269.6
2015,09,11,2,269.3
2015,09,11,3,268.5
2015,09,11,4,267.4
2015,09,11,5,267.8
2015,09,11,6,269.4
2015,09,11,7,269.1
2015,09,12,0,271.0
2015,09,12,1,270.5
2015,09,12,2,270.7
2015,09,12,3,270.5
2015,09,12,4,270.1
2015,09,12,5,270.3
2015,09,12,6,270.3
2015,09,12,7,270.4
2015,09,13,0,271.6
2015,09,13,1,271.6
2015,09,13,2,271.5
2015,09,13,3,271.4
2015,09,13,4,270.7
2015,09,13,5,270.7
2015,09,13,6,270.9
2015,09,13,7,271.3
2015,09,14,0,272.3
2015,09,14,1,272.1
2015,09,14,2,272.1
2015,09,14,3,272.6
2015,09,14,4,272.7
2015,09,14,5,273.2
2015,09,14,6,274.2
2015,09,14,7,273.0
2015,09,15,0,273.7
2015,09,15,1,273.3
2015,09,15,2,273.0
2015,09,15,3,273.0
2015,09,15,4,273.0
2015,09,15,5,273.7
2015,09,15,6,274.6
2015,09,15,7,273.0
2015,09,16,0,274.8
2015,09,16,1,274.9
2015,09,16,2,274.6
2015,09,16,3,274.5
2015,09,16,4,273.9
2015,09,16,5,273.8
2015,09,16,6,273.6
2015,09,16,7,274.3
2015,09,17,0,275.3
2015,09,17,1,274.7
2015,09,17,2,274.1
2015,09,17,3,273.7
2015,09,17,4,273.1
2015,09,17,5,272.8
2015,09,17,6,272.2
2015,09,17,7,273.7
2015,09,18,0,274.1
2015,09,18,1,273.3
2015,09,18,2,272.5
2015,09,18,3,272.0
2015,09,18,4,271.5
2015,09,18,5,270.5
2015,09,18,6,269.6
2015,09,18,7,271.5
2015,09,19,0,271.4
2015,09,19,1,269.9
2015,09,19,2,269.8
2015,09,19,3,269.6
2015,09,19,4,269.9
2015,09,19,5,269.3
2015,09,19,6,270.8
2015,09,19,7,270.4
2015,09,20,0,271.4
2015,09,20,1,271.2
2015,09,20,2,271.4
2015,09,20,3,270.5
2015,09,20,4,270.6
2015,09,20,5,270.8
2015,09,20,6,271.7
2015,09,20,7,271.7
2015,09,21,0,271.2
2015,09,21,1,271.3
2015,09,21,2,271.2
2015,09,21,3,271.0
2015,09,21,4,271.1
2015,09,21,5,271.2
2015,09,21,6,271.2
2015,09,21,7,271.9
2015,09,22,0,272.7
2015,09,22,1,272.3
2015,09,22,2,272.0
2015,09,22,3,271.6
2015,09,22,4,271.1
2015,09,22,5,270.6
2015,09,22,6,271.2
2015,09,22,7,271.8
2015,09,23,0,271.9
2015,09,23,1,272.1
2015,09,23,2,271.4
2015,09,23,3,270.0
2015,09,23,4,269.3
2015,09,23,5,270.0
2015,09,23,6,269.3
2015,09,23,7,271.3
2015,09,24,0,271.8
2015,09,24,1,271.2
2015,09,24,2,271.0
2015,09,24,3,271.6
2015,09,24,4,271.2
2015,09,24,5,270.9
2015,09,24,6,270.0
2015,09,24,7,271.3
2015,09,25,0,272.5
2015,09,25,1,272.4
2015,09,25,2,271.0
2015,09,25,3,273.0
2015,09,25,4,274.0
2015,09,25,5,275.3
2015,09,25,6,276.4
2015,09,25,7,273.8
2015,09,26,0,274.8
2015,09,26,1,274.9
2015,09,26,2,274.5
2015,09,26,3,274.5
2015,09,26,4,274.3
2015,09,26,5,274.7
2015,09,26,6,274.6
2015,09,26,7,274.9
2015,09,27,0,275.8
2015,09,27,1,275.5
2015,09,27,2,274.6
2015,09,27,3,273.4
2015,09,27,4,273.1
2015,09,27,5,275.4
2015,09,27,6,275.3
2015,09,27,7,273.1
2015,09,28,0,272.6
2015,09,28,1,272.8
2015,09,28,2,274.3
2015,09,28,3,274.2
2015,09,28,4,273.4
2015,09,28,5,274.6
2015,09,28,6,274.9
2015,09,28,7,273.2
2015,09,29,0,272.7
2015,09,29,1,272.8
2015,09,29,2,271.6
2015,09,29,3,272.5
2015,09,29,4,272.7
2015,09,29,5,272.8
2015,09,29,6,272.7
2015,09,29,7,272.4
2015,09,30,0,273.7
2015,09,30,1,273.7
2015,09,30,2,273.0
2015,09,30,3,272.7
2015,09,30,4,272.4
2015,09,30,5,272.3
2015,09,30,6,272.2
2015,09,30,7,272.3
2015,09,31,0,272.8
2015,09,31,1,273.1
2015,09,31,2,273.2
2015,09,31,3,273.0
2015,09,31,4,273.3
2015,09,31,5,273.1
2015,09,31,6,274.0
2015,09,31,7,275.1
2015,09,1,0,274.9
2015,09,1,1,275.3
2015,09,1,2,275.0
2015,09,1,3,275.5
2015,09,1,4,275.5
2015,09,1,5,274.8
2015,09,1,6,273.7
2015,09,1,7,275.0
2015,09,2,0,274.0
2015,09,2,1,275.0
2015,09,2,2,275.5
2015,09,2,3,274.9
2015,09,2,4,274.1
2015,09,2,5,273.4
2015,09,2,6,273.5
2015,09,2,7,275.1
2015,09,3,0,275.8
2015,09,3,1,275.3
2015,09,3,2,275.4
2015,09,3,3,275.1
2015,09,3,4,274.7
2015,09,3,5,274.4
2015,09,3,6,273.6
2015,09,3,7,274.9
2015,09,4,0,275.4
2015,09,4,1,275.5
2015,09,4,2,275.0
2015,09,4,3,274.9
2015,09,4,4,274.3
2015,09,4,5,273.6
2015,09,4,6,273.7
2015,09,4,7,275.0
2015,09,5,0,275.6
2015,09,5,1,275.7
2015,09,5,2,275.5
2015,09,5,3,274.6
2015,09,5,4,274.2
2015,09,5,5,273.9
2015,09,5,6,274.0
2015,09,5,7,274.0
2015,09,6,0,275.4
2015,09,6,1,275.7
2015,09,6,2,275.0
2015,09,6,3,274.3
2015,09,6,4,274.4
2015,09,6,5,274.8
2015,09,6,6,274.8
2015,09,6,7,272.9
2015,09,7,0,272.4
2015,09,7,1,271.7
2015,09,7,2,270.9
2015,09,7,3,270.6
2015,09,7,4,269.3
2015,09,7,5,267.1
2015,09,7,6,267.4
2015,09,7,7,268.3
2015,09,8,0,269.0
2015,09,8,1,268.5
2015,09,8,2,270.0
2015,09,8,3,270.3
2015,09,8,4,270.2
2015,09,8,5,270.3
2015,09,8,6,270.7
2015,09,8,7,269.3
2015,09,9,0,270.2
2015,09,9,1,270.5
2015,09,9,2,269.8
2015,09,9,3,270.0
2015,09,9,4,270.1
2015,09,9,5,270.6
2015,09,9,6,270.9
2015,09,9,7,271.4
2015,09,10,0,272.7
2015,09,10,1,272.4
2015,09,10,2,271.7
2015,09,10,3,271.3
2015,09,10,4,270.4
2015,09,10,5,270.5
2015,09,10,6,270.9
2015,09,10,7,272.2
2015,09,11,0,273.0
2015,09,11,1,272.8
2015,09,11,2,272.9
2015,09,11,3,271.8
2015,09,11,4,271.7
2015,09,11,5,271.6
2015,09,11,6,271.1
2015,09,11,7,272.0
2015,09,12,0,272.5
2015,09,12,1,272.0
2015,09,12,2,272.3
2015,09,12,3,273.2
2015,09,12,4,273.1
2015,09,12,5,273.4
2015,09,12,6,274.3
2015,09,12,7,272.7
2015,09,13,0,273.4
2015,09,13,1,273.4
2015,09,13,2,274.5
2015,09,13,3,274.4
2015,09,13,4,274.1
2015,09,13,5,274.0
2015,09,13,6,273.5
2015,09,13,7,273.3
2015,09,14,0,273.6
2015,09,14,1,272.4
2015,09,14,2,274.4
2015,09,14,3,274.1
2015,09,14,4,273.6
2015,09,14,5,274.2
2015,09,14,6,274.8
2015,09,14,7,274.1
2015,09,15,0,274.7
2015,09,15,1,275.1
2015,09,15,2,274.8
2015,09,15,3,275.0
2015,09,15,4,275.6
2015,09,15,5,275.7
2015,09,15,6,275.4
2015,09,15,7,273.9
2015,09,16,0,275.5
2015,09,16,1,275.6
2015,09,16,2,274.7
2015,09,16,3,275.1
2015,09,16,4,274.6
2015,09,16,5,274.2
2015,09,16,6,274.8
2015,09,16,7,274.5
2015,09,17,0,275.7
2015,09,17,1,276.0
2015,09,17,2,275.4
2015,09,17,3,275.1
2015,09,17,4,274.3
2015,09,17,5,275.0
2015,09,17,6,275.5
2015,09,17,7,275.3
2015,09,18,0,276.5
2015,09,18,1,276.5
2015,09,18,2,276.0
2015,09,18,3,275.7
2015,09,18,4,275.7
2015,09,18,5,276.5
2015,09,18,6,276.4
2015,09,18,7,275.9
2015,09,19,0,276.8
2015,09,19,1,276.0
2015,09,19,2,274.7
2015,09,19,3,274.7
2015,09,19,4,274.8
2015,09,19,5,275.3
2015,09,19,6,275.8
2015,09,19,7,276.0
2015,09,20,0,277.1
2015,09,20,1,276.6
2015,09,20,2,275.7
2015,09,20,3,275.6
2015,09,20,4,275.8
2015,09,20,5,275.7
2015,09,20,6,276.4
2015,09,20,7,276.2
2015,09,21,0,277.1
2015,09,21,1,276.6
2015,09,21,2,276.0
2015,09,21,3,275.7
2015,09,21,4,275.6
2015,09,21,5,275.4
2015,09,21,6,275.3
2015,09,21,7,274.8
2015,09,22,0,275.6
2015,09,22,1,275.3
2015,09,22,2,274.4
2015,09,22,3,274.1
2015,09,22,4,273.6
2015,09,22,5,272.8
2015,09,22,6,272.6
2015,09,22,7,272.0
2015,09,23,0,274.0
2015,09,23,1,273.7
2015,09,23,2,273.2
2015,09,23,3,273.0
2015,09,23,4,273.0
2015,09,23,5,273.1
2015,09,23,6,274.0
2015,09,23,7,273.0
2015,09,24,0,274.4
2015,09,24,1,274.5
2015,09,24,2,273.9
2015,09,24,3,273.4
2015,09,24,4,273.0
2015,09,24,5,272.9
2015,09,24,6,273.3
2015,09,24,7,272.7
2015,09,25,0,274.3
2015,09,25,1,274.2
2015,09,25,2,273.2
2015,09,25,3,272.8
2015,09,25,4,272.4
2015,09,25,5,273.0
2015,09,25,6,273.4
2015,09,25,7,272.8
2015,09,26,0,274.1
2015,09,26,1,273.9
2015,09,26,2,273.3
2015,09,26,3,272.7
2015,09,26,4,271.9
2015,09,26,5,272.0
2015,09,26,6,272.0
2015,09,26,7,271.8
2015,09,27,0,272.3
2015,09,27,1,271.8
2015,09,27,2,271.5
2015,09,27,3,271.3
2015,09,27,4,271.3
2015,09,27,5,271.2
2015,09,27,6,271.3
2015,09,27,7,272.5
2015,09,28,0,272.9
2015,09,28,1,273.1
2015,09,28,2,273.3
2015,09,28,3,273.4
2015,09,28,4,273.5
2015,09,28,5,273.6
2015,09,28,6,274.7
2015,09,28,7,274.6
2015,09,29,0,275.2
2015,09,29,1,275.2
2015,09,29,2,275.7
2015,09,29,3,275.7
2015,09,29,4,275.5
2015,09,29,5,275.7
2015,09,29,6,275.1
2015,09,29,7,274.6
2015,09,30,0,275.2
2015,09,30,1,275.6
2015,09,30,2,275.3
2015,09,30,3,274.2
2015,09,30,4,274.0
2015,09,30,5,273.7
2015,09,30,6,273.7
2015,09,30,7,272.2
2015,09,31,0,273.0
2015,09,31,1,272.7
2015,09,31,2,271.6
2015,09,31,3,270.2
2015,09,31,4,270.9
2015,09,31,5,272.0
2015,09,31,6,273.3
2015,09,31,7,272.3
2015,09,1,0,273.4
2015,09,1,1,273.7
2015,09,1,2,273.6
2015,09,1,3,273.3
2015,09,1,4,273.1
2015,09,1,5,273.2
2015,09,1,6,273.4
2015,09,1,7,273.1
2015,09,2,0,274.0
2015,09,2,1,273.9
2015,09,2,2,273.8
2015,09,2,3,274.5
2015,09,2,4,274.7
2015,09,2,5,274.0
2015,09,2,6,275.2
2015,09,2,7,273.8
2015,09,3,0,274.7
2015,09,3,1,274.7
2015,09,3,2,274.1
2015,09,3,3,273.0
2015,09,3,4,272.0
2015,09,3,5,271.6
2015,09,3,6,271.8
2015,09,3,7,271.5
2015,09,4,0,272.4
2015,09,4,1,272.7
2015,09,4,2,272.0
2015,09,4,3,271.1
2015,09,4,4,270.9
2015,09,4,5,270.5
2015,09,4,6,270.9
2015,09,4,7,270.4
2015,09,5,0,271.7
2015,09,5,1,272.1
2015,09,5,2,271.6
2015,09,5,3,271.4
2015,09,5,4,271.4
2015,09,5,5,271.4
2015,09,5,6,271.1
2015,09,5,7,270.3
2015,09,6,0,271.2
2015,09,6,1,271.1
2015,09,6,2,273.4
2015,09,6,3,273.7
2015,09,6,4,273.1
2015,09,6,5,272.3
2015,09,6,6,272.4
2015,09,6,7,270.4
2015,09,7,0,270.7
2015,09,7,1,270.4
2015,09,7,2,270.4
2015,09,7,3,271.8
2015,09,7,4,272.5
2015,09,7,5,272.8
2015,09,7,6,273.0
2015,09,7,7,270.1
2015,09,8,0,271.9
2015,09,8,1,271.1
2015,09,8,2,270.1
2015,09,8,3,270.9
2015,09,8,4,271.4
2015,09,8,5,272.8
2015,09,8,6,273.6
2015,09,8,7,272.5
2015,09,9,0,271.1
2015,09,9,1,271.0
2015,09,9,2,270.4
2015,09,9,3,270.5
2015,09,9,4,270.9
2015,09,9,5,270.8
2015,09,9,6,270.6
2015,09,9,7,270.4
2015,09,10,0,271.6
2015,09,10,1,271.4
2015,09,10,2,270.7
2015,09,10,3,270.8
2015,09,10,4,269.9
2015,09,10,5,270.8
2015,09,10,6,269.4
2015,09,10,7,270.1
2015,09,11,0,271.7
2015,09,11,1,272.0
2015,09,11,2,271.4
2015,09,11,3,270.7
2015,09,11,4,270.2
2015,09,11,5,269.8
2015,09,11,6,269.8
2015,09,11,7,270.4
2015,09,12,0,271.6
2015,09,12,1,271.7
2015,09,12,2,270.7
2015,09,12,3,270.1
2015,09,12,4,270.5
2015,09,12,5,270.5
2015,09,12,6,270.1
2015,09,12,7,271.2
2015,09,13,0,271.6
2015,09,13,1,271.2
2015,09,13,2,271.7
2015,09,13,3,271.5
2015,09,13,4,270.9
2015,09,13,5,269.8
2015,09,13,6,269.0
2015,09,13,7,270.8
2015,09,14,0,271.3
2015,09,14,1,270.9
2015,09,14,2,270.8
2015,09,14,3,270.2
2015,09,14,4,269.5
2015,09,14,5,268.6
2015,09,14,6,269.0
2015,09,14,7,269.9
2015,09,15,0,269.9
2015,09,15,1,270.3
2015,09,15,2,269.8
2015,09,15,3,269.1
2015,09,15,4,268.2
2015,09,15,5,268.0
2015,09,15,6,268.6
2015,09,15,7,267.5
2015,09,16,0,269.1
2015,09,16,1,270.8
2015,09,16,2,271.2
2015,09,16,3,269.8
2015,09,16,4,269.2
2015,09,16,5,269.2
2015,09,16,6,268.1
2015,09,16,7,266.4
2015,09,17,0,267.9
2015,09,17,1,271.2
2015,09,17,2,271.2
2015,09,17,3,271.5
2015,09,17,4,273.5
2015,09,17,5,272.4
2015,09,17,6,272.5
2015,09,17,7,272.2
2015,09,18,0,270.7
2015,09,18,1,270.9
2015,09,18,2,272.8
2015,09,18,3,272.7
2015,09,18,4,272.2
2015,09,18,5,272.0
2015,09,18,6,271.8
2015,09,18,7,271.7
2015,09,19,0,269.5
2015,09,19,1,269.7
2015,09,19,2,271.3
2015,09,19,3,271.6
2015,09,19,4,271.3
2015,09,19,5,271.2
2015,09,19,6,271.8
2015,09,19,7,272.5
2015,09,20,0,272.4
2015,09,20,1,272.9
2015,09,20,2,273.5
2015,09,20,3,273.5
2015,09,20,4,273.1
2015,09,20,5,273.5
2015,09,20,6,274.3
2015,09,20,7,273.4
2015,09,21,0,273.1
2015,09,21,1,273.2
2015,09,21,2,273.5
2015,09,21,3,273.5
2015,09,21,4,274.4
2015,09,21,5,274.7
2015,09,21,6,274.3
2015,09,21,7,273.6
2015,09,22,0,273.4
2015,09,22,1,273.7
2015,09,22,2,273.0
2015,09,22,3,272.4
2015,09,22,4,271.8
2015,09,22,5,271.3
2015,09,22,6,271.6
2015,09,22,7,272.1
2015,09,23,0,272.7
2015,09,23,1,272.4
2015,09,23,2,271.9
2015,09,23,3,271.8
2015,09,23,4,271.7
2015,09,23,5,272.4
2015,09,23,6,272.7
2015,09,23,7,271.7
2015,09,24,0,272.9
2015,09,24,1,273.1
2015,09,24,2,273.4
2015,09,24,3,273.7
2015,09,24,4,273.3
2015,09,24,5,273.4
2015,09,24,6,273.2
2015,09,24,7,272.8
2015,09,25,0,274.0
2015,09,25,1,274.0
2015,09,25,2,273.8
2015,09,25,3,273.7
2015,09,25,4,273.2
2015,09,25,5,270.8
2015,09,25,6,271.8
2015,09,25,7,273.1
2015,09,26,0,273.9
2015,09,26,1,273.9
2015,09,26,2,274.8
2015,09,26,3,274.5
2015,09,26,4,274.0
2015,09,26,5,274.0
2015,09,26,6,273.7
2015,09,26,7,273.1
2015,09,27,0,273.9
2015,09,27,1,273.8
2015,09,27,2,273.8
2015,09,27,3,274.4
2015,09,27,4,274.9
2015,09,27,5,275.2
2015,09,27,6,276.1
2015,09,27,7,275.4
2015,09,28,0,274.0
2015,09,28,1,274.1
2015,09,28,2,274.3
2015,09,28,3,275.0
2015,09,28,4,275.3
2015,09,28,5,274.7
2015,09,28,6,273.8
2015,09,28,7,273.5
2015,09,29,0,273.5
2015,09,29,1,274.2
2015,09,29,2,274.4
2015,09,29,3,274.6
2015,09,29,4,274.2
2015,09,29,5,274.5
2015,09,29,6,274.3
2015,09,29,7,273.2
2015,09,30,0,273.7
2015,09,30,1,274.0
2015,09,30,2,274.5
2015,09,30,3,274.5
2015,09,30,4,274.0
2015,09,30,5,274.1
2015,09,30,6,274.9
2015,09,30,7,274.3
2015,09,1,0,274.3
2015,09,1,1,274.3
2015,09,1,2,274.0
2015,09,1,3,273.8
2015,09,1,4,273.7
2015,09,1,5,272.2
2015,09,1,6,269.4
2015,09,1,7,269.6
2015,09,2,0,269.1
2015,09,2,1,268.9
2015,09,2,2,268.7
2015,09,2,3,269.3
2015,09,2,4,270.4
2015,09,2,5,270.8
2015,09,2,6,271.0
2015,09,2,7,270.7
2015,09,3,0,271.1
2015,09,3,1,271.2
2015,09,3,2,271.0
2015,09,3,3,271.2
2015,09,3,4,271.5
2015,09,3,5,271.7
2015,09,3,6,271.5
2015,09,3,7,270.2
2015,09,4,0,270.5
2015,09,4,1,269.0
2015,09,4,2,268.3
2015,09,4,3,267.7
2015,09,4,4,266.7
2015,09,4,5,265.5
2015,09,4,6,265.9
2015,09,4,7,265.8
2015,09,5,0,267.3
2015,09,5,1,267.0
2015,09,5,2,266.2
2015,09,5,3,265.6
2015,09,5,4,265.8
2015,09,5,5,266.3
2015,09,5,6,266.8
2015,09,5,7,266.8
2015,09,6,0,266.8
2015,09,6,1,267.5
2015,09,6,2,268.4
2015,09,6,3,268.1
2015,09,6,4,267.6
2015,09,6,5,266.3
2015,09,6,6,267.4
2015,09,6,7,268.1
2015,09,7,0,269.2
2015,09,7,1,269.5
2015,09,7,2,272.8
2015,09,7,3,272.5
2015,09,7,4,272.2
2015,09,7,5,273.9
2015,09,7,6,274.2
2015,09,7,7,274.0
2015,09,8,0,273.6
2015,09,8,1,275.1
2015,09,8,2,275.3
2015,09,8,3,274.9
2015,09,8,4,275.3
2015,09,8,5,275.4
2015,09,8,6,275.8
2015,09,8,7,274.6
2015,09,9,0,275.0
2015,09,9,1,275.3
2015,09,9,2,275.8
2015,09,9,3,276.9
2015,09,9,4,277.2
2015,09,9,5,276.2
2015,09,9,6,276.1
2015,09,9,7,276.8
2015,09,10,0,277.3
2015,09,10,1,277.3
2015,09,10,2,277.1
2015,09,10,3,277.4
2015,09,10,4,277.2
2015,09,10,5,275.3
2015,09,10,6,275.2
2015,09,10,7,275.9
2015,09,11,0,273.6
2015,09,11,1,275.3
2015,09,11,2,276.4
2015,09,11,3,276.2
2015,09,11,4,275.8
2015,09,11,5,274.9
2015,09,11,6,274.5
2015,09,11,7,274.8
2015,09,12,0,273.0
2015,09,12,1,274.7
2015,09,12,2,274.0
2015,09,12,3,273.9
2015,09,12,4,273.7
2015,09,12,5,273.7
2015,09,12,6,273.8
2015,09,12,7,273.1
2015,09,13,0,272.7
2015,09,13,1,273.1
2015,09,13,2,273.2
2015,09,13,3,273.1
2015,09,13,4,273.0
2015,09,13,5,272.8
2015,09,13,6,272.8
2015,09,13,7,272.3
2015,09,14,0,272.2
2015,09,14,1,272.2
2015,09,14,2,272.1
2015,09,14,3,272.3
2015,09,14,4,271.8
2015,09,14,5,271.2
2015,09,14,6,270.9
2015,09,14,7,270.5
2015,09,15,0,271.1
2015,09,15,1,271.0
2015,09,15,2,270.4
2015,09,15,3,270.3
2015,09,15,4,270.9
2015,09,15,5,271.2
2015,09,15,6,269.7
2015,09,15,7,269.6
2015,09,16,0,269.9
2015,09,16,1,270.3
2015,09,16,2,270.0
2015,09,16,3,269.8
2015,09,16,4,272.0
2015,09,16,5,269.2
2015,09,16,6,269.6
2015,09,16,7,269.3
2015,09,17,0,270.0
2015,09,17,1,269.5
2015,09,17,2,269.3
2015,09,17,3,269.0
2015,09,17,4,268.8
2015,09,17,5,268.5
2015,09,17,6,268.7
2015,09,17,7,269.7
2015,09,18,0,268.4
2015,09,18,1,267.9
2015,09,18,2,267.9
2015,09,18,3,267.7
2015,09,18,4,268.1
2015,09,18,5,266.9
2015,09,18,6,266.1
2015,09,18,7,264.9
2015,09,19,0,265.2
2015,09,19,1,264.9
2015,09,19,2,264.3
2015,09,19,3,263.8
2015,09,19,4,263.0
2015,09,19,5,262.6
2015,09,19,6,263.5
2015,09,19,7,264.3
2015,09,20,0,263.8
2015,09,20,1,263.7
2015,09,20,2,264.2
2015,09,20,3,264.9
2015,09,20,4,265.5
2015,09,20,5,266.6
2015,09,20,6,267.8
2015,09,20,7,267.3
2015,09,21,0,267.5
2015,09,21,1,268.2
2015,09,21,2,268.3
2015,09,21,3,268.6
2015,09,21,4,268.7
2015,09,21,5,267.9
2015,09,21,6,268.6
2015,09,21,7,269.2
2015,09,22,0,270.2
2015,09,22,1,271.0
2015,09,22,2,271.6
2015,09,22,3,270.5
2015,09,22,4,269.7
2015,09,22,5,268.8
2015,09,22,6,266.6
2015,09,22,7,265.5
2015,09,23,0,265.7
2015,09,23,1,266.0
2015,09,23,2,266.0
2015,09,23,3,266.3
2015,09,23,4,266.9
2015,09,23,5,267.5
2015,09,23,6,269.5
2015,09,23,7,270.2
2015,09,24,0,271.2
2015,09,24,1,271.0
2015,09,24,2,270.2
2015,09,24,3,270.3
2015,09,24,4,269.8
2015,09,24,5,269.9
2015,09,24,6,270.3
2015,09,24,7,270.3
2015,09,25,0,270.6
2015,09,25,1,271.1
2015,09,25,2,270.9
2015,09,25,3,270.1
2015,09,25,4,269.6
2015,09,25,5,267.7
2015,09,25,6,266.7
2015,09,25,7,266.6
2015,09,26,0,266.1
2015,09,26,1,266.8
2015,09,26,2,268.4
2015,09,26,3,268.0
2015,09,26,4,267.3
2015,09,26,5,267.2
2015,09,26,6,267.9
2015,09,26,7,267.8
2015,09,27,0,268.5
2015,09,27,1,268.6
2015,09,27,2,268.8
2015,09,27,3,269.5
2015,09,27,4,270.5
2015,09,27,5,270.3
2015,09,27,6,269.8
2015,09,27,7,268.4
2015,09,28,0,266.4
2015,09,28,1,267.4
2015,09,28,2,267.1
2015,09,28,3,266.5
2015,09,28,4,267.1
2015,09,28,5,267.2
2015,09,28,6,266.2
2015,09,28,7,265.6
2015,09,29,0,263.8
2015,09,29,1,263.2
2015,09,29,2,264.6
2015,09,29,3,263.9
2015,09,29,4,263.3
2015,09,29,5,261.9
2015,09,29,6,265.0
2015,09,29,7,264.5
2015,09,30,0,264.1
2015,09,30,1,266.4
2015,09,30,2,267.1
2015,09,30,3,268.3
2015,09,30,4,269.3
2015,09,30,5,269.6
2015,09,30,6,268.6
2015,09,30,7,268.8
2015,09,31,0,268.9
2015,09,31,1,269.0
2015,09,31,2,269.5
2015,09,31,3,271.1
2015,09,31,4,271.1
2015,09,31,5,270.7
2015,09,31,6,270.6
2015,09,31,7,270.5
2015,09,1,0,269.1
2015,09,1,1,269.3
2015,09,1,2,270.2
2015,09,1,3,270.8
2015,09,1,4,271.1
2015,09,1,5,271.0
2015,09,1,6,270.1
2015,09,1,7,268.8
2015,09,2,0,269.0
2015,09,2,1,269.1
2015,09,2,2,269.6
2015,09,2,3,268.8
2015,09,2,4,268.4
2015,09,2,5,267.8
2015,09,2,6,267.4
2015,09,2,7,266.6
2015,09,3,0,263.4
2015,09,3,1,260.7
2015,09,3,2,258.9
2015,09,3,3,257.7
2015,09,3,4,257.2
2015,09,3,5,256.6
2015,09,3,6,256.4
2015,09,3,7,256.4
2015,09,4,0,256.6
2015,09,4,1,256.9
2015,09,4,2,256.5
2015,09,4,3,254.9
2015,09,4,4,252.4
2015,09,4,5,251.1
2015,09,4,6,248.8
2015,09,4,7,252.2
2015,09,5,0,255.3
2015,09,5,1,258.5
2015,09,5,2,261.2
2015,09,5,3,262.1
2015,09,5,4,263.4
2015,09,5,5,263.7
2015,09,5,6,264.1
2015,09,5,7,263.5
2015,09,6,0,263.6
2015,09,6,1,266.5
2015,09,6,2,265.2
2015,09,6,3,264.4
2015,09,6,4,264.1
2015,09,6,5,265.6
2015,09,6,6,265.8
2015,09,6,7,266.6
2015,09,7,0,267.9
2015,09,7,1,269.1
2015,09,7,2,269.3
2015,09,7,3,269.3
2015,09,7,4,269.0
2015,09,7,5,268.7
2015,09,7,6,268.6
2015,09,7,7,268.4
2015,09,8,0,267.9
2015,09,8,1,267.7
2015,09,8,2,267.1
2015,09,8,3,266.7
2015,09,8,4,266.5
2015,09,8,5,266.1
2015,09,8,6,265.7
2015,09,8,7,264.7
2015,09,9,0,264.2
2015,09,9,1,264.2
2015,09,9,2,264.0
2015,09,9,3,262.8
2015,09,9,4,261.0
2015,09,9,5,260.5
2015,09,9,6,258.8
2015,09,9,7,257.0
2015,09,10,0,257.1
2015,09,10,1,256.6
2015,09,10,2,255.7
2015,09,10,3,254.9
2015,09,10,4,254.3
2015,09,10,5,255.3
2015,09,10,6,255.3
2015,09,10,7,255.9
2015,09,11,0,257.7
2015,09,11,1,258.4
2015,09,11,2,260.0
2015,09,11,3,262.9
2015,09,11,4,265.0
2015,09,11,5,264.7
2015,09,11,6,264.7
2015,09,11,7,264.8
2015,09,12,0,264.5
2015,09,12,1,264.3
2015,09,12,2,264.0
2015,09,12,3,264.2
2015,09,12,4,264.5
2015,09,12,5,264.6
2015,09,12,6,264.9
2015,09,12,7,266.0
2015,09,13,0,266.8
2015,09,13,1,267.4
2015,09,13,2,267.7
2015,09,13,3,268.1
2015,09,13,4,268.4
2015,09,13,5,268.4
2015,09,13,6,268.1
2015,09,13,7,268.3
2015,09,14,0,269.0
2015,09,14,1,269.3
2015,09,14,2,269.2
2015,09,14,3,269.3
2015,09,14,4,269.1
2015,09,14,5,268.9
2015,09,14,6,269.3
2015,09,14,7,269.5
2015,09,15,0,269.4
2015,09,15,1,269.3
2015,09,15,2,268.6
2015,09,15,3,268.1
2015,09,15,4,265.5
2015,09,15,5,262.8
2015,09,15,6,261.3
2015,09,15,7,258.5
2015,09,16,0,256.2
2015,09,16,1,255.1
2015,09,16,2,253.8
2015,09,16,3,252.6
2015,09,16,4,254.5
2015,09,16,5,255.7
2015,09,16,6,260.7
2015,09,16,7,262.4
2015,09,17,0,264.9
2015,09,17,1,266.6
2015,09,17,2,268.4
2015,09,17,3,268.8
2015,09,17,4,268.1
2015,09,17,5,268.2
2015,09,17,6,269.5
2015,09,17,7,269.5
2015,09,18,0,270.2
2015,09,18,1,269.9
2015,09,18,2,270.5
2015,09,18,3,270.0
2015,09,18,4,269.1
2015,09,18,5,270.4
2015,09,18,6,271.7
2015,09,18,7,271.4
2015,09,19,0,273.7
2015,09,19,1,273.3
2015,09,19,2,271.1
2015,09,19,3,271.5
2015,09,19,4,271.2
2015,09,19,5,270.7
2015,09,19,6,270.8
2015,09,19,7,270.5
2015,09,20,0,270.8
2015,09,20,1,270.6
2015,09,20,2,270.2
2015,09,20,3,271.1
2015,09,20,4,270.8
2015,09,20,5,271.0
2015,09,20,6,270.2
2015,09,20,7,269.6
2015,09,21,0,269.8
2015,09,21,1,269.0
2015,09,21,2,269.3
2015,09,21,3,269.1
2015,09,21,4,268.6
2015,09,21,5,268.0
2015,09,21,6,268.0
2015,09,21,7,267.8
2015,09,22,0,267.4
2015,09,22,1,268.2
2015,09,22,2,268.5
2015,09,22,3,269.0
2015,09,22,4,269.4
2015,09,22,5,269.0
2015,09,22,6,269.1
2015,09,22,7,269.8
2015,09,23,0,269.9
2015,09,23,1,270.4
2015,09,23,2,270.4
2015,09,23,3,270.7
2015,09,23,4,270.4
2015,09,23,5,269.0
2015,09,23,6,268.0
2015,09,23,7,265.1
2015,09,24,0,263.6
2015,09,24,1,266.6
2015,09,24,2,269.5
2015,09,24,3,270.0
2015,09,24,4,269.7
2015,09,24,5,269.7
2015,09,24,6,270.0
2015,09,24,7,270.1
2015,09,25,0,268.5
2015,09,25,1,267.1
2015,09,25,2,265.7
2015,09,25,3,260.6
2015,09,25,4,253.4
2015,09,25,5,250.7
2015,09,25,6,251.3
2015,09,25,7,252.2
2015,09,26,0,252.3
2015,09,26,1,251.3
2015,09,26,2,251.1
2015,09,26,3,256.0
2015,09,26,4,255.9
2015,09,26,5,256.4
2015,09,26,6,256.5
2015,09,26,7,255.9
2015,09,27,0,257.3
2015,09,27,1,257.1
2015,09,27,2,256.1
2015,09,27,3,254.0
2015,09,27,4,254.1
2015,09,27,5,254.4
2015,09,27,6,253.9
2015,09,27,7,253.0
2015,09,28,0,251.7
2015,09,28,1,251.1
2015,09,28,2,250.4
2015,09,28,3,250.8
2015,09,28,4,251.0
2015,09,28,5,251.8
2015,09,28,6,252.4
2015,09,28,7,252.7
2015,09,29,0,254.0
2015,09,29,1,255.3
2015,09,29,2,255.8
2015,09,29,3,255.9
2015,09,29,4,256.1
2015,09,29,5,256.1
2015,09,29,6,257.4
2015,09,29,7,259.3
2015,09,30,0,261.2
2015,09,30,1,262.3
2015,09,30,2,263.2
2015,09,30,3,263.3
2015,09,30,4,263.4
2015,09,30,5,263.8
2015,09,30,6,263.2
2015,09,30,7,262.4
2015,09,1,0,261.4
2015,09,1,1,260.7
2015,09,1,2,260.1
2015,09,1,3,260.7
2015,09,1,4,261.8
2015,09,1,5,265.1
2015,09,1,6,264.8
2015,09,1,7,265.9
2015,09,2,0,266.2
2015,09,2,1,266.6
2015,09,2,2,267.2
2015,09,2,3,267.6
2015,09,2,4,266.7
2015,09,2,5,267.0
2015,09,2,6,266.8
2015,09,2,7,267.6
2015,09,3,0,268.0
2015,09,3,1,267.9
2015,09,3,2,267.8
2015,09,3,3,268.1
2015,09,3,4,268.4
2015,09,3,5,268.3
2015,09,3,6,268.9
2015,09,3,7,267.8
2015,09,4,0,267.5
2015,09,4,1,266.6
2015,09,4,2,264.6
2015,09,4,3,264.5
2015,09,4,4,263.3
2015,09,4,5,262.0
2015,09,4,6,261.3
2015,09,4,7,260.1
2015,09,5,0,259.7
2015,09,5,1,260.2
2015,09,5,2,262.9
2015,09,5,3,265.8
2015,09,5,4,266.8
2015,09,5,5,266.9
2015,09,5,6,267.3
2015,09,5,7,268.0
2015,09,6,0,268.7
2015,09,6,1,268.9
2015,09,6,2,268.2
2015,09,6,3,267.9
2015,09,6,4,268.2
2015,09,6,5,268.9
2015,09,6,6,269.6
2015,09,6,7,270.0
2015,09,7,0,269.6
2015,09,7,1,269.4
2015,09,7,2,269.3
2015,09,7,3,270.0
2015,09,7,4,269.5
2015,09,7,5,269.7
2015,09,7,6,270.5
2015,09,7,7,271.1
2015,09,8,0,270.1
2015,09,8,1,270.6
2015,09,8,2,270.6
2015,09,8,3,270.7
2015,09,8,4,270.8
2015,09,8,5,271.2
2015,09,8,6,272.3
2015,09,8,7,273.4
2015,09,9,0,274.5
2015,09,9,1,274.8
2015,09,9,2,274.7
2015,09,9,3,274.6
2015,09,9,4,273.8
2015,09,9,5,273.3
2015,09,9,6,272.7
2015,09,9,7,272.5
2015,09,10,0,271.9
2015,09,10,1,271.5
2015,09,10,2,272.0
2015,09,10,3,273.3
2015,09,10,4,272.4
2015,09,10,5,272.1
2015,09,10,6,269.5
2015,09,10,7,267.1
2015,09,11,0,266.6
2015,09,11,1,264.5
2015,09,11,2,260.8
2015,09,11,3,258.3
2015,09,11,4,257.6
2015,09,11,5,256.3
2015,09,11,6,255.8
2015,09,11,7,255.3
2015,09,12,0,255.7
2015,09,12,1,256.4
2015,09,12,2,257.8
2015,09,12,3,257.9
2015,09,12,4,257.1
2015,09,12,5,257.5
2015,09,12,6,260.5
2015,09,12,7,263.0
2015,09,13,0,264.5
2015,09,13,1,266.2
2015,09,13,2,267.3
2015,09,13,3,267.7
2015,09,13,4,268.1
2015,09,13,5,268.0
2015,09,13,6,267.1
2015,09,13,7,267.1
2015,09,14,0,258.7
2015,09,14,1,253.0
2015,09,14,2,252.7
2015,09,14,3,251.8
2015,09,14,4,250.9
2015,09,14,5,250.8
2015,09,14,6,251.0
2015,09,14,7,251.6
2015,09,15,0,251.9
2015,09,15,1,251.8
2015,09,15,2,253.2
2015,09,15,3,255.1
2015,09,15,4,255.3
2015,09,15,5,254.8
2015,09,15,6,255.1
2015,09,15,7,255.7
2015,09,16,0,259.0
2015,09,16,1,259.7
2015,09,16,2,260.6
2015,09,16,3,260.7
2015,09,16,4,260.9
2015,09,16,5,260.3
2015,09,16,6,261.0
2015,09,16,7,261.9
2015,09,17,0,263.3
2015,09,17,1,263.7
2015,09,17,2,263.7
2015,09,17,3,264.2
2015,09,17,4,264.4
2015,09,17,5,265.0
2015,09,17,6,265.3
2015,09,17,7,266.2
2015,09,18,0,266.8
2015,09,18,1,266.8
2015,09,18,2,266.3
2015,09,18,3,265.8
2015,09,18,4,265.3
2015,09,18,5,264.7
2015,09,18,6,264.6
2015,09,18,7,264.7
2015,09,19,0,264.4
2015,09,19,1,264.0
2015,09,19,2,263.7
2015,09,19,3,263.5
2015,09,19,4,263.2
2015,09,19,5,262.9
2015,09,19,6,261.9
2015,09,19,7,260.7
2015,09,20,0,259.0
2015,09,20,1,257.1
2015,09,20,2,256.8
2015,09,20,3,259.1
2015,09,20,4,262.6
2015,09,20,5,264.1
2015,09,20,6,261.6
2015,09,20,7,262.2
2015,09,21,0,262.1
2015,09,21,1,262.6
2015,09,21,2,263.4
2015,09,21,3,263.6
2015,09,21,4,263.8
2015,09,21,5,264.5
2015,09,21,6,265.0
2015,09,21,7,266.2
2015,09,22,0,266.5
2015,09,22,1,267.6
2015,09,22,2,267.6
2015,09,22,3,268.1
2015,09,22,4,268.1
2015,09,22,5,266.9
2015,09,22,6,265.5
2015,09,22,7,266.9
2015,09,23,0,267.0
2015,09,23,1,266.4
2015,09,23,2,266.2
2015,09,23,3,266.3
2015,09,23,4,265.4
2015,09,23,5,263.2
2015,09,23,6,261.6
2015,09,23,7,260.6
2015,09,24,0,260.1
2015,09,24,1,259.4
2015,09,24,2,259.2
2015,09,24,3,259.9
2015,09,24,4,259.2
2015,09,24,5,257.3
2015,09,24,6,256.5
2015,09,24,7,255.0
2015,09,25,0,253.6
2015,09,25,1,251.4
2015,09,25,2,249.3
2015,09,25,3,248.9
2015,09,25,4,249.4
2015,09,25,5,249.6
2015,09,25,6,249.4
2015,09,25,7,249.0
2015,09,26,0,249.0
2015,09,26,1,247.8
2015,09,26,2,248.2
2015,09,26,3,245.6
2015,09,26,4,254.8
2015,09,26,5,264.6
2015,09,26,6,266.0
2015,09,26,7,266.7
2015,09,27,0,268.2
2015,09,27,1,269.0
2015,09,27,2,267.7
2015,09,27,3,268.6
2015,09,27,4,268.4
2015,09,27,5,267.5
2015,09,27,6,265.7
2015,09,27,7,265.0
2015,09,28,0,263.6
2015,09,28,1,261.7
2015,09,28,2,259.8
2015,09,28,3,258.3
2015,09,28,4,257.5
2015,09,28,5,255.6
2015,09,28,6,253.2
2015,09,28,7,252.7
2015,09,29,0,252.8
2015,09,29,1,253.8
2015,09,29,2,254.0
2015,09,29,3,254.2
2015,09,29,4,252.4
2015,09,29,5,259.2
2015,09,29,6,262.3
2015,09,29,7,260.2
2015,09,30,0,259.6
2015,09,30,1,259.5
2015,09,30,2,258.5
2015,09,30,3,258.2
2015,09,30,4,257.4
2015,09,30,5,256.9
2015,09,30,6,259.8
2015,09,30,7,262.8
2015,09,31,0,261.5
2015,09,31,1,261.9
2015,09,31,2,261.4
2015,09,31,3,260.7
2015,09,31,4,260.5
2015,09,31,5,260.4
2015,09,31,6,259.9
2015,09,31,7,259.9
2016,09,1,0,259.8
2016,09,1,1,259.1
2016,09,1,2,259.1
2016,09,1,3,259.1
2016,09,1,4,259.1
2016,09,1,5,258.0
2016,09,1,6,257.6
2016,09,1,7,257.8
2016,09,5,0,260.6
2016,09,5,1,260.2
2016,09,5,2,261.5
2016,09,5,3,262.3
2016,09,5,4,262.1
2016,09,5,5,262.4
2016,09,5,6,261.2
2016,09,5,7,260.2
2016,09,6,0,259.2
2016,09,6,1,258.2
2016,09,6,2,258.1
2016,09,6,3,259.7
2016,09,6,4,259.7
2016,09,6,5,259.4
2016,09,6,6,258.7
2016,09,6,7,257.1
2016,09,7,0,255.5
2016,09,7,1,255.2
2016,09,7,2,255.2
2016,09,7,3,255.1
2016,09,7,4,254.6
2016,09,7,5,254.2
2016,09,7,6,254.3
2016,09,7,7,254.5
2016,09,8,0,254.3
2016,09,8,1,254.3
2016,09,8,2,255.4
2016,09,8,3,255.8
2016,09,8,4,255.2
2016,09,8,5,254.4
2016,09,8,6,254.4
2016,09,8,7,255.0
2016,09,9,0,255.8
2016,09,9,1,257.2
2016,09,9,2,259.6
2016,09,9,3,258.9
2016,09,9,4,259.3
2016,09,9,5,259.0
2016,09,9,6,259.9
2016,09,9,7,260.9
2016,09,10,0,260.8
2016,09,10,1,260.2
2016,09,10,2,260.1
2016,09,10,3,259.9
2016,09,10,4,259.1
2016,09,10,5,257.2
2016,09,10,6,257.6
2016,09,10,7,258.1
2016,09,11,0,258.7
2016,09,11,1,260.0
2016,09,11,2,262.6
2016,09,11,3,263.5
2016,09,11,4,263.9
2016,09,11,5,264.1
2016,09,11,6,263.7
2016,09,11,7,263.8
2016,09,12,0,264.5
2016,09,12,1,265.0
2016,09,12,2,264.6
2016,09,12,3,264.6
2016,09,12,4,265.4
2016,09,12,5,264.4
2016,09,12,6,265.5
2016,09,12,7,266.6
2016,09,13,0,266.8
2016,09,13,1,266.8
2016,09,13,2,267.0
2016,09,13,3,267.1
2016,09,13,4,266.8
2016,09,13,5,266.9
2016,09,13,6,266.0
2016,09,13,7,264.4
2016,09,14,0,263.3
2016,09,14,1,263.1
2016,09,14,2,262.9
2016,09,14,3,261.9
2016,09,14,4,261.9
2016,09,14,5,261.3
2016,09,14,6,262.3
2016,09,14,7,263.0
2016,09,15,0,263.6
2016,09,15,1,264.0
2016,09,15,2,262.3
2016,09,15,3,264.0
2016,09,15,4,260.7
2016,09,15,5,257.3
2016,09,15,6,264.1
2016,09,15,7,266.2
2016,09,16,0,265.6
2016,09,16,1,265.2
2016,09,16,2,265.2
2016,09,16,3,265.4
2016,09,16,4,265.0
2016,09,16,5,264.1
2016,09,16,6,264.7
2016,09,16,7,264.2
2016,09,17,0,263.9
2016,09,17,1,264.0
2016,09,17,2,263.7
2016,09,17,3,263.3
2016,09,17,4,264.2
2016,09,17,5,265.1
2016,09,17,6,264.7
2016,09,17,7,265.7
2016,09,18,0,266.0
2016,09,18,1,266.4
2016,09,18,2,265.5
2016,09,18,3,265.1
2016,09,18,4,263.8
2016,09,18,5,263.4
2016,09,18,6,262.2
2016,09,18,7,260.9
2016,09,19,0,260.1
2016,09,19,1,260.6
2016,09,19,2,261.9
2016,09,19,3,262.9
2016,09,19,4,262.1
2016,09,19,5,263.4
2016,09,19,6,265.0
2016,09,19,7,266.2
2016,09,20,0,263.6
2016,09,20,1,263.4
2016,09,20,2,262.5
2016,09,20,3,263.2
2016,09,20,4,263.6
2016,09,20,5,264.4
2016,09,20,6,264.9
2016,09,20,7,265.5
2016,09,21,0,266.5
2016,09,21,1,266.1
2016,09,21,2,265.8
2016,09,21,3,265.8
2016,09,21,4,265.6
2016,09,21,5,266.9
2016,09,21,6,267.6
2016,09,21,7,267.4
2016,09,22,0,267.1
2016,09,22,1,266.9
2016,09,22,2,266.4
2016,09,22,3,266.0
2016,09,22,4,265.7
2016,09,22,5,264.7
2016,09,22,6,265.1
2016,09,22,7,265.0
2016,09,23,0,264.9
2016,09,23,1,264.8
2016,09,23,2,263.9
2016,09,23,3,263.0
2016,09,23,4,262.9
2016,09,23,5,262.2
2016,09,23,6,260.0
2016,09,23,7,258.3
2016,09,24,0,257.7
2016,09,24,1,257.6
2016,09,24,2,257.6
2016,09,24,3,258.0
2016,09,24,4,259.9
2016,09,24,5,260.8
2016,09,24,6,261.0
2016,09,24,7,261.1
2016,09,25,0,261.5
2016,09,25,1,260.1
2016,09,25,2,258.9
2016,09,25,3,257.4
2016,09,25,4,259.1
2016,09,25,5,261.7
2016,09,25,6,263.2
2016,09,25,7,262.6
2016,09,26,0,262.9
2016,09,26,1,263.5
2016,09,26,2,267.8
2016,09,26,3,267.3
2016,09,26,4,267.9
2016,09,26,5,268.3
2016,09,26,6,268.6
2016,09,26,7,268.7
2016,09,27,0,268.6
2016,09,27,1,268.8
2016,09,27,2,268.7
2016,09,27,3,268.4
2016,09,27,4,268.6
2016,09,27,5,268.1
2016,09,27,6,267.8
2016,09,27,7,267.3
2016,09,28,0,267.6
2016,09,28,1,267.5
2016,09,28,2,267.2
2016,09,28,3,267.2
2016,09,28,4,267.4
2016,09,28,5,267.4
2016,09,28,6,267.2
2016,09,28,7,267.2
2016,09,29,0,266.5
2016,09,29,1,268.3
2016,09,29,2,267.6
2016,09,29,3,266.4
2016,09,29,4,269.6
2016,09,29,5,266.5
2016,09,29,6,267.1
2016,09,29,7,267.5
2016,09,30,0,266.5
2016,09,30,1,266.4
2016,09,30,2,267.9
2016,09,30,3,268.3
2016,09,30,4,267.5
2016,09,30,5,266.8
2016,09,30,6,264.3
2016,09,30,7,264.1
2016,09,31,0,262.6
2016,09,31,1,262.3
2016,09,31,2,262.0
2016,09,31,3,262.1
2016,09,31,4,260.9
2016,09,31,5,259.2
2016,09,31,6,257.7
2016,09,31,7,257.5
2016,09,1,0,256.8
2016,09,1,1,254.4
2016,09,1,2,253.4
2016,09,1,3,253.5
2016,09,1,4,253.3
2016,09,1,5,249.7
2016,09,1,6,249.1
2016,09,1,7,254.1
2016,09,2,0,256.8
2016,09,2,1,255.8
2016,09,2,2,255.2
2016,09,2,3,255.1
2016,09,2,4,254.4
2016,09,2,5,254.5
2016,09,2,6,253.6
2016,09,2,7,254.0
2016,09,3,0,254.2
2016,09,3,1,259.8
2016,09,3,2,261.7
2016,09,3,3,261.0
2016,09,3,4,261.7
2016,09,3,5,261.9
2016,09,3,6,262.1
2016,09,3,7,262.2
2016,09,4,0,261.7
2016,09,4,1,260.9
2016,09,4,2,259.3
2016,09,4,3,259.5
2016,09,4,4,260.0
2016,09,4,5,260.0
2016,09,4,6,259.8
2016,09,4,7,259.8
2016,09,5,0,260.7
2016,09,5,1,261.8
2016,09,5,2,262.3
2016,09,5,3,264.8
2016,09,5,4,266.4
2016,09,5,5,266.0
2016,09,5,6,266.2
2016,09,5,7,265.7
2016,09,6,0,266.2
2016,09,6,1,265.6
2016,09,6,2,265.9
2016,09,6,3,265.7
2016,09,6,4,265.6
2016,09,6,5,265.6
2016,09,6,6,265.9
2016,09,6,7,267.7
2016,09,7,0,268.0
2016,09,7,1,269.1
2016,09,7,2,268.3
2016,09,7,3,267.7
2016,09,7,4,268.2
2016,09,7,5,268.9
2016,09,7,6,268.5
2016,09,7,7,268.2
2016,09,8,0,268.1
2016,09,8,1,268.0
2016,09,8,2,267.7
2016,09,8,3,267.6
2016,09,8,4,268.0
2016,09,8,5,268.6
2016,09,8,6,268.5
2016,09,8,7,268.6
2016,09,9,0,269.2
2016,09,9,1,269.5
2016,09,9,2,269.3
2016,09,9,3,269.1
2016,09,9,4,268.8
2016,09,9,5,268.6
2016,09,9,6,268.8
2016,09,9,7,268.7
2016,09,10,0,269.1
2016,09,10,1,269.2
2016,09,10,2,269.0
2016,09,10,3,268.8
2016,09,10,4,268.4
2016,09,10,5,268.5
2016,09,10,6,269.1
2016,09,10,7,269.1
2016,09,11,0,268.6
2016,09,11,1,269.2
2016,09,11,2,269.2
2016,09,11,3,269.2
2016,09,11,4,269.1
2016,09,11,5,269.2
2016,09,11,6,269.2
2016,09,11,7,269.3
2016,09,12,0,269.2
2016,09,12,1,269.1
2016,09,12,2,269.4
2016,09,12,3,269.5
2016,09,12,4,269.4
2016,09,12,5,269.1
2016,09,12,6,268.9
2016,09,12,7,268.6
2016,09,13,0,268.2
2016,09,13,1,268.1
2016,09,13,2,268.0
2016,09,13,3,267.5
2016,09,13,4,266.8
2016,09,13,5,265.9
2016,09,13,6,265.5
2016,09,13,7,265.9
2016,09,14,0,266.1
2016,09,14,1,265.9
2016,09,14,2,268.1
2016,09,14,3,267.6
2016,09,14,4,267.9
2016,09,14,5,268.5
2016,09,14,6,269.7
2016,09,14,7,269.3
2016,09,15,0,269.3
2016,09,15,1,268.8
2016,09,15,2,269.2
2016,09,15,3,270.8
2016,09,15,4,271.5
2016,09,15,5,271.5
2016,09,15,6,270.9
2016,09,15,7,270.4
2016,09,16,0,271.3
2016,09,16,1,273.1
2016,09,16,2,271.3
2016,09,16,3,271.0
2016,09,16,4,270.8
2016,09,16,5,270.7
2016,09,16,6,270.6
2016,09,16,7,270.7
2016,09,17,0,270.8
2016,09,17,1,271.2
2016,09,17,2,271.2
2016,09,17,3,270.9
2016,09,17,4,269.9
2016,09,17,5,268.6
2016,09,17,6,266.9
2016,09,17,7,268.8
2016,09,18,0,269.3
2016,09,18,1,267.4
2016,09,18,2,265.7
2016,09,18,3,261.9
2016,09,18,4,258.5
2016,09,18,5,253.2
2016,09,18,6,254.1
2016,09,18,7,264.0
2016,09,19,0,264.4
2016,09,19,1,265.0
2016,09,19,2,265.2
2016,09,19,3,265.5
2016,09,19,4,266.1
2016,09,19,5,265.5
2016,09,19,6,265.8
2016,09,19,7,265.8
2016,09,20,0,265.4
2016,09,20,1,265.4
2016,09,20,2,264.5
2016,09,20,3,263.6
2016,09,20,4,263.5
2016,09,20,5,264.0
2016,09,20,6,265.4
2016,09,20,7,266.1
2016,09,21,0,265.9
2016,09,21,1,265.2
2016,09,21,2,265.4
2016,09,21,3,266.0
2016,09,21,4,265.6
2016,09,21,5,265.6
2016,09,21,6,266.3
2016,09,21,7,266.1
2016,09,22,0,265.7
2016,09,22,1,265.4
2016,09,22,2,264.7
2016,09,22,3,264.8
2016,09,22,4,265.1
2016,09,22,5,264.2
2016,09,22,6,268.1
2016,09,22,7,267.9
2016,09,23,0,267.8
2016,09,23,1,268.8
2016,09,23,2,270.4
2016,09,23,3,270.5
2016,09,23,4,270.6
2016,09,23,5,270.5
2016,09,23,6,270.0
2016,09,23,7,269.5
2016,09,24,0,269.3
2016,09,24,1,268.9
2016,09,24,2,269.2
2016,09,24,3,269.1
2016,09,24,4,268.1
2016,09,24,5,267.6
2016,09,24,6,267.6
2016,09,24,7,267.1
2016,09,25,0,267.4
2016,09,25,1,267.4
2016,09,25,2,267.3
2016,09,25,3,267.6
2016,09,25,4,267.9
2016,09,25,5,268.4
2016,09,25,6,268.6
2016,09,25,7,268.3
2016,09,26,0,268.2
2016,09,26,1,269.4
2016,09,26,2,270.5
2016,09,26,3,270.6
2016,09,26,4,270.6
2016,09,26,5,270.5
2016,09,26,6,271.2
2016,09,26,7,271.3
2016,09,27,0,271.2
2016,09,27,1,270.2
2016,09,27,2,269.2
2016,09,27,3,267.4
2016,09,27,4,267.2
2016,09,27,5,267.4
2016,09,27,6,267.8
2016,09,27,7,266.8
2016,09,28,0,267.2
2016,09,28,1,267.8
2016,09,28,2,267.6
2016,09,28,3,267.0
2016,09,28,4,266.8
2016,09,28,5,266.8
2016,09,28,6,266.3
2016,09,28,7,265.3
2016,09,29,0,265.3
2016,09,29,1,264.8
2016,09,29,2,263.9
2016,09,29,3,264.4
2016,09,29,4,265.4
2016,09,29,5,266.1
2016,09,29,6,266.9
2016,09,29,7,267.6
2016,09,1,0,266.7
2016,09,1,1,266.7
2016,09,1,2,266.6
2016,09,1,3,266.5
2016,09,1,4,267.2
2016,09,1,5,268.4
2016,09,1,6,268.8
2016,09,1,7,268.8
2016,09,2,0,269.1
2016,09,2,1,269.3
2016,09,2,2,269.4
2016,09,2,3,269.0
2016,09,2,4,269.3
2016,09,2,5,269.5
2016,09,2,6,269.7
2016,09,2,7,268.9
2016,09,3,0,268.8
2016,09,3,1,269.4
2016,09,3,2,269.4
2016,09,3,3,269.2
2016,09,3,4,268.1
2016,09,3,5,267.0
2016,09,3,6,267.0
2016,09,3,7,266.8
2016,09,4,0,265.8
2016,09,4,1,265.2
2016,09,4,2,264.7
2016,09,4,3,264.5
2016,09,4,4,264.6
2016,09,4,5,263.4
2016,09,4,6,263.9
2016,09,4,7,265.3
2016,09,5,0,264.0
2016,09,5,1,263.7
2016,09,5,2,264.4
2016,09,5,3,264.2
2016,09,5,4,265.2
2016,09,5,5,264.7
2016,09,5,6,265.3
2016,09,5,7,264.7
2016,09,6,0,266.5
2016,09,6,1,267.4
2016,09,6,2,266.8
2016,09,6,3,266.2
2016,09,6,4,261.0
2016,09,6,5,257.7
2016,09,6,6,255.1
2016,09,6,7,255.7
2016,09,7,0,257.9
2016,09,7,1,257.9
2016,09,7,2,258.3
2016,09,7,3,259.2
2016,09,7,4,258.2
2016,09,7,5,256.9
2016,09,7,6,256.4
2016,09,7,7,256.8
2016,09,8,0,256.8
2016,09,8,1,256.4
2016,09,8,2,257.6
2016,09,8,3,258.2
2016,09,8,4,259.0
2016,09,8,5,260.6
2016,09,8,6,262.4
2016,09,8,7,262.2
2016,09,9,0,262.3
2016,09,9,1,263.2
2016,09,9,2,264.3
2016,09,9,3,264.3
2016,09,9,4,264.8
2016,09,9,5,265.4
2016,09,9,6,265.1
2016,09,9,7,265.2
2016,09,10,0,264.9
2016,09,10,1,265.0
2016,09,10,2,265.5
2016,09,10,3,267.3
2016,09,10,4,266.9
2016,09,10,5,267.6
2016,09,10,6,268.2
2016,09,10,7,267.8
2016,09,11,0,267.7
2016,09,11,1,267.3
2016,09,11,2,267.7
2016,09,11,3,268.6
2016,09,11,4,267.9
2016,09,11,5,266.6
2016,09,11,6,264.4
2016,09,11,7,261.4
2016,09,12,0,260.6
2016,09,12,1,258.6
2016,09,12,2,258.3
2016,09,12,3,260.4
2016,09,12,4,263.3
2016,09,12,5,263.4
2016,09,12,6,263.5
2016,09,12,7,262.8
2016,09,13,0,262.8
2016,09,13,1,263.5
2016,09,13,2,263.9
2016,09,13,3,264.4
2016,09,13,4,264.3
2016,09,13,5,266.3
2016,09,13,6,266.3
2016,09,13,7,264.4
2016,09,14,0,265.0
2016,09,14,1,266.6
2016,09,14,2,267.0
2016,09,14,3,267.5
2016,09,14,4,267.6
2016,09,14,5,266.3
2016,09,14,6,264.7
2016,09,14,7,263.2
2016,09,15,0,262.2
2016,09,15,1,262.2
2016,09,15,2,262.4
2016,09,15,3,262.2
2016,09,15,4,261.3
2016,09,15,5,262.8
2016,09,15,6,263.7
2016,09,15,7,264.1
2016,09,16,0,264.6
2016,09,16,1,264.7
2016,09,16,2,265.1
2016,09,16,3,265.2
2016,09,16,4,265.0
2016,09,16,5,264.8
2016,09,16,6,264.6
2016,09,16,7,264.0
2016,09,17,0,264.5
2016,09,17,1,265.0
2016,09,17,2,265.6
2016,09,17,3,266.1
2016,09,17,4,265.8
2016,09,17,5,265.6
2016,09,17,6,266.4
2016,09,17,7,266.9
2016,09,18,0,265.6
2016,09,18,1,266.2
2016,09,18,2,266.0
2016,09,18,3,266.0
2016,09,18,4,265.8
2016,09,18,5,265.5
2016,09,18,6,265.6
2016,09,18,7,265.3
2016,09,19,0,265.7
2016,09,19,1,265.8
2016,09,19,2,266.0
2016,09,19,3,266.6
2016,09,19,4,266.3
2016,09,19,5,266.7
2016,09,19,6,266.8
2016,09,19,7,266.7
2016,09,20,0,265.6
2016,09,20,1,265.6
2016,09,20,2,265.8
2016,09,20,3,266.4
2016,09,20,4,267.5
2016,09,20,5,266.5
2016,09,20,6,266.3
2016,09,20,7,265.9
2016,09,21,0,265.3
2016,09,21,1,265.8
2016,09,21,2,266.1
2016,09,21,3,267.3
2016,09,21,4,267.3
2016,09,21,5,267.4
2016,09,21,6,266.4
2016,09,21,7,264.8
2016,09,22,0,265.0
2016,09,22,1,264.3
2016,09,22,2,262.0
2016,09,22,3,261.9
2016,09,22,4,261.3
2016,09,22,5,256.5
2016,09,22,6,253.5
2016,09,22,7,255.6
2016,09,23,0,256.3
2016,09,23,1,257.8
2016,09,23,2,261.1
2016,09,23,3,263.5
2016,09,23,4,264.1
2016,09,23,5,264.7
2016,09,23,6,264.2
2016,09,23,7,264.2
2016,09,24,0,264.4
2016,09,24,1,264.7
2016,09,24,2,264.1
2016,09,24,3,263.8
2016,09,24,4,264.7
2016,09,24,5,265.1
2016,09,24,6,264.3
2016,09,24,7,263.2
2016,09,25,0,263.6
2016,09,25,1,263.8
2016,09,25,2,264.3
2016,09,25,3,264.4
2016,09,25,4,264.1
2016,09,25,5,264.0
2016,09,25,6,264.3
2016,09,25,7,264.2
2016,09,26,0,263.7
2016,09,26,1,264.2
2016,09,26,2,264.7
2016,09,26,3,265.4
2016,09,26,4,265.4
2016,09,26,5,265.4
2016,09,26,6,265.3
2016,09,26,7,265.8
2016,09,27,0,264.8
2016,09,27,1,264.6
2016,09,27,2,265.6
2016,09,27,3,265.3
2016,09,27,4,263.8
2016,09,27,5,263.3
2016,09,27,6,264.4
2016,09,27,7,263.4
2016,09,28,0,263.8
2016,09,28,1,263.8
2016,09,28,2,263.7
2016,09,28,3,262.7
2016,09,28,4,265.0
2016,09,28,5,264.5
2016,09,28,6,257.2
2016,09,28,7,252.7
2016,09,29,0,253.3
2016,09,29,1,253.6
2016,09,29,2,254.2
2016,09,29,3,254.2
2016,09,29,4,254.6
2016,09,29,5,254.1
2016,09,29,6,254.7
2016,09,29,7,254.2
2016,09,30,0,254.8
2016,09,30,1,254.6
2016,09,30,2,254.5
2016,09,30,3,255.7
2016,09,30,4,255.8
2016,09,30,5,255.7
2016,09,30,6,256.3
2016,09,30,7,257.0
2016,09,31,0,257.5
2016,09,31,1,258.9
2016,09,31,2,260.2
2016,09,31,3,261.6
2016,09,31,4,262.1
2016,09,31,5,263.1
2016,09,31,6,264.6
2016,09,31,7,264.9
2016,09,1,0,264.1
2016,09,1,1,264.4
2016,09,1,2,264.5
2016,09,1,3,265.7
2016,09,1,4,267.6
2016,09,1,5,269.1
2016,09,1,6,268.2
2016,09,1,7,267.7
2016,09,2,0,267.7
2016,09,2,1,268.5
2016,09,2,2,269.2
2016,09,2,3,269.1
2016,09,2,4,267.7
2016,09,2,5,266.9
2016,09,2,6,266.7
2016,09,2,7,264.0
2016,09,3,0,264.5
2016,09,3,1,265.0
2016,09,3,2,264.6
2016,09,3,3,264.8
2016,09,3,4,264.3
2016,09,3,5,264.6
2016,09,3,6,266.0
2016,09,3,7,264.4
2016,09,4,0,264.9
2016,09,4,1,264.9
2016,09,4,2,264.7
2016,09,4,3,264.6
2016,09,4,4,264.6
2016,09,4,5,264.5
2016,09,4,6,264.2
2016,09,4,7,263.5
2016,09,5,0,264.6
2016,09,5,1,264.8
2016,09,5,2,264.3
2016,09,5,3,264.3
2016,09,5,4,265.2
2016,09,5,5,265.7
2016,09,5,6,267.4
2016,09,5,7,268.2
2016,09,6,0,268.8
2016,09,6,1,269.3
2016,09,6,2,270.8
2016,09,6,3,271.5
2016,09,6,4,270.1
2016,09,6,5,269.2
2016,09,6,6,269.0
2016,09,6,7,269.0
2016,09,7,0,269.3
2016,09,7,1,269.7
2016,09,7,2,269.9
2016,09,7,3,269.3
2016,09,7,4,267.9
2016,09,7,5,267.5
2016,09,7,6,267.0
2016,09,7,7,266.3
2016,09,8,0,264.9
2016,09,8,1,264.4
2016,09,8,2,264.4
2016,09,8,3,264.0
2016,09,8,4,263.0
2016,09,8,5,262.9
2016,09,8,6,263.2
2016,09,8,7,263.5
2016,09,9,0,264.1
2016,09,9,1,264.5
2016,09,9,2,264.7
2016,09,9,3,264.6
2016,09,9,4,264.5
2016,09,9,5,263.9
2016,09,9,6,263.7
2016,09,9,7,264.0
2016,09,10,0,263.0
2016,09,10,1,261.9
2016,09,10,2,261.7
2016,09,10,3,261.2
2016,09,10,4,261.2
2016,09,10,5,262.3
2016,09,10,6,262.6
2016,09,10,7,263.0
2016,09,11,0,263.8
2016,09,11,1,263.1
2016,09,11,2,263.1
2016,09,11,3,262.9
2016,09,11,4,262.2
2016,09,11,5,261.9
2016,09,11,6,262.4
2016,09,11,7,263.4
2016,09,12,0,263.9
2016,09,12,1,263.8
2016,09,12,2,264.6
2016,09,12,3,265.1
2016,09,12,4,264.8
2016,09,12,5,264.7
2016,09,12,6,265.1
2016,09,12,7,265.4
2016,09,13,0,264.7
2016,09,13,1,263.9
2016,09,13,2,265.0
2016,09,13,3,265.6
2016,09,13,4,263.9
2016,09,13,5,264.8
2016,09,13,6,265.1
2016,09,13,7,265.3
2016,09,14,0,266.2
2016,09,14,1,266.3
2016,09,14,2,266.5
2016,09,14,3,268.3
2016,09,14,4,267.2
2016,09,14,5,266.2
2016,09,14,6,263.3
2016,09,14,7,262.3
2016,09,15,0,262.2
2016,09,15,1,262.0
2016,09,15,2,261.5
2016,09,15,3,261.6
2016,09,15,4,260.2
2016,09,15,5,259.0
2016,09,15,6,256.6
2016,09,15,7,258.7
2016,09,16,0,260.5
2016,09,16,1,262.3
2016,09,16,2,263.6
2016,09,16,3,263.8
2016,09,16,4,264.5
2016,09,16,5,266.6
2016,09,16,6,266.4
2016,09,16,7,266.5
2016,09,17,0,268.1
2016,09,17,1,267.4
2016,09,17,2,267.8
2016,09,17,3,267.5
2016,09,17,4,267.7
2016,09,17,5,267.7
2016,09,17,6,267.2
2016,09,17,7,266.8
2016,09,18,0,266.5
2016,09,18,1,267.0
2016,09,18,2,267.1
2016,09,18,3,267.8
2016,09,18,4,267.9
2016,09,18,5,267.7
2016,09,18,6,267.3
2016,09,18,7,266.9
2016,09,19,0,267.9
2016,09,19,1,268.3
2016,09,19,2,268.6
2016,09,19,3,268.7
2016,09,19,4,269.4
2016,09,19,5,269.6
2016,09,19,6,269.0
2016,09,19,7,268.5
2016,09,20,0,269.8
2016,09,20,1,270.0
2016,09,20,2,269.8
2016,09,20,3,269.6
2016,09,20,4,269.1
2016,09,20,5,268.6
2016,09,20,6,267.8
2016,09,20,7,268.9
2016,09,21,0,270.0
2016,09,21,1,270.4
2016,09,21,2,270.9
2016,09,21,3,271.0
2016,09,21,4,270.2
2016,09,21,5,269.5
2016,09,21,6,268.5
2016,09,21,7,268.8
2016,09,22,0,269.5
2016,09,22,1,268.7
2016,09,22,2,268.7
2016,09,22,3,268.9
2016,09,22,4,268.8
2016,09,22,5,268.0
2016,09,22,6,267.2
2016,09,22,7,265.2
2016,09,23,0,263.2
2016,09,23,1,260.6
2016,09,23,2,257.7
2016,09,23,3,258.0
2016,09,23,4,259.6
2016,09,23,5,261.9
2016,09,23,6,263.4
2016,09,23,7,265.6
2016,09,24,0,265.2
2016,09,24,1,264.8
2016,09,24,2,266.1
2016,09,24,3,265.7
2016,09,24,4,265.1
2016,09,24,5,264.5
2016,09,24,6,262.5
2016,09,24,7,262.4
2016,09,25,0,262.1
2016,09,25,1,261.4
2016,09,25,2,260.5
2016,09,25,3,258.5
2016,09,25,4,258.2
2016,09,25,5,257.5
2016,09,25,6,255.9
2016,09,25,7,256.4
2016,09,26,0,259.0
2016,09,26,1,261.3
2016,09,26,2,263.1
2016,09,26,3,262.9
2016,09,26,4,263.3
2016,09,26,5,266.3
2016,09,26,6,266.3
2016,09,26,7,266.3
2016,09,27,0,264.5
2016,09,27,1,264.6
2016,09,27,2,264.4
2016,09,27,3,263.8
2016,09,27,4,262.5
2016,09,27,5,260.9
2016,09,27,6,259.5
2016,09,27,7,259.1
2016,09,28,0,258.9
2016,09,28,1,258.5
2016,09,28,2,257.9
2016,09,28,3,258.4
2016,09,28,4,260.1
2016,09,28,5,259.5
2016,09,28,6,259.5
2016,09,28,7,260.6
2016,09,29,0,261.6
2016,09,29,1,261.9
2016,09,29,2,261.4
2016,09,29,3,262.9
2016,09,29,4,263.1
2016,09,29,5,263.7
2016,09,29,6,262.4
2016,09,29,7,261.9
2016,09,30,0,262.7
2016,09,30,1,261.3
2016,09,30,2,260.1
2016,09,30,3,259.2
2016,09,30,4,258.9
2016,09,30,5,260.0
2016,09,30,6,260.6
2016,09,30,7,261.3
2016,09,1,0,263.0
2016,09,1,1,262.8
2016,09,1,2,263.0
2016,09,1,3,261.3
2016,09,1,4,261.1
2016,09,1,5,261.2
2016,09,1,6,261.0
2016,09,1,7,261.0
2016,09,2,0,261.8
2016,09,2,1,262.0
2016,09,2,2,261.9
2016,09,2,3,261.7
2016,09,2,4,261.4
2016,09,2,5,261.5
2016,09,2,6,262.3
2016,09,2,7,262.9
2016,09,3,0,264.0
2016,09,3,1,264.1
2016,09,3,2,264.1
2016,09,3,3,264.6
2016,09,3,4,265.5
2016,09,3,5,265.5
2016,09,3,6,266.5
2016,09,3,7,265.1
2016,09,4,0,265.9
2016,09,4,1,266.9
2016,09,4,2,267.2
2016,09,4,3,268.4
2016,09,4,4,266.9
2016,09,4,5,266.4
2016,09,4,6,265.6
2016,09,4,7,265.7
2016,09,5,0,266.4
2016,09,5,1,266.5
2016,09,5,2,266.3
2016,09,5,3,265.7
2016,09,5,4,265.0
2016,09,5,5,264.4
2016,09,5,6,263.4
2016,09,5,7,263.6
2016,09,6,0,263.4
2016,09,6,1,262.6
2016,09,6,2,262.0
2016,09,6,3,262.2
2016,09,6,4,261.2
2016,09,6,5,261.0
2016,09,6,6,260.4
2016,09,6,7,260.7
2016,09,7,0,261.6
2016,09,7,1,261.8
2016,09,7,2,262.3
2016,09,7,3,262.3
2016,09,7,4,262.3
2016,09,7,5,262.4
2016,09,7,6,262.8
2016,09,7,7,262.9
2016,09,8,0,263.5
2016,09,8,1,264.0
2016,09,8,2,264.8
2016,09,8,3,265.5
2016,09,8,4,265.8
2016,09,8,5,267.0
2016,09,8,6,267.0
2016,09,8,7,267.0
2016,09,9,0,267.6
2016,09,9,1,267.8
2016,09,9,2,267.9
2016,09,9,3,268.8
2016,09,9,4,270.5
2016,09,9,5,271.1
2016,09,9,6,270.0
2016,09,9,7,269.3
2016,09,10,0,270.1
2016,09,10,1,269.5
2016,09,10,2,268.3
2016,09,10,3,269.0
2016,09,10,4,269.1
2016,09,10,5,269.4
2016,09,10,6,270.1
2016,09,10,7,267.4
2016,09,11,0,268.1
2016,09,11,1,267.9
2016,09,11,2,268.5
2016,09,11,3,268.7
2016,09,11,4,268.6
2016,09,11,5,268.8
2016,09,11,6,268.7
2016,09,11,7,267.9
2016,09,12,0,268.6
2016,09,12,1,268.7
2016,09,12,2,269.0
2016,09,12,3,269.7
2016,09,12,4,269.6
2016,09,12,5,269.8
2016,09,12,6,270.4
2016,09,12,7,272.4
2016,09,13,0,270.7
2016,09,13,1,271.1
2016,09,13,2,271.9
2016,09,13,3,272.2
2016,09,13,4,271.2
2016,09,13,5,270.4
2016,09,13,6,269.7
2016,09,13,7,268.9
2016,09,14,0,269.5
2016,09,14,1,269.1
2016,09,14,2,269.3
2016,09,14,3,269.7
2016,09,14,4,269.6
2016,09,14,5,269.8
2016,09,14,6,269.2
2016,09,14,7,267.7
2016,09,15,0,268.1
2016,09,15,1,268.5
2016,09,15,2,267.8
2016,09,15,3,267.2
2016,09,15,4,267.0
2016,09,15,5,267.0
2016,09,15,6,266.6
2016,09,15,7,264.2
2016,09,16,0,265.3
2016,09,16,1,264.6
2016,09,16,2,264.6
2016,09,16,3,265.3
2016,09,16,4,264.9
2016,09,16,5,265.0
2016,09,16,6,265.2
2016,09,16,7,264.1
2016,09,17,0,265.3
2016,09,17,1,264.3
2016,09,17,2,263.9
2016,09,17,3,263.2
2016,09,17,4,262.4
2016,09,17,5,263.5
2016,09,17,6,263.5
2016,09,17,7,264.7
2016,09,18,0,266.6
2016,09,18,1,267.2
2016,09,18,2,267.1
2016,09,18,3,267.8
2016,09,18,4,268.4
2016,09,18,5,268.5
2016,09,18,6,268.5
2016,09,18,7,268.3
2016,09,19,0,269.4
2016,09,19,1,269.7
2016,09,19,2,269.7
2016,09,19,3,269.7
2016,09,19,4,271.2
2016,09,19,5,271.1
2016,09,19,6,270.3
2016,09,19,7,270.2
2016,09,20,0,271.5
2016,09,20,1,271.8
2016,09,20,2,271.0
2016,09,20,3,269.2
2016,09,20,4,267.4
2016,09,20,5,265.7
2016,09,20,6,264.4
2016,09,20,7,262.4
2016,09,21,0,261.5
2016,09,21,1,260.9
2016,09,21,2,260.6
2016,09,21,3,260.0
2016,09,21,4,259.3
2016,09,21,5,258.8
2016,09,21,6,257.8
2016,09,21,7,259.5
2016,09,22,0,259.5
2016,09,22,1,259.2
2016,09,22,2,258.1
2016,09,22,3,258.0
2016,09,22,4,259.1
2016,09,22,5,260.9
2016,09,22,6,261.7
2016,09,22,7,260.9
2016,09,23,0,262.1
2016,09,23,1,262.2
2016,09,23,2,261.7
2016,09,23,3,260.5
2016,09,23,4,262.8
2016,09,23,5,263.9
2016,09,23,6,263.6
2016,09,23,7,262.5
2016,09,24,0,263.6
2016,09,24,1,263.4
2016,09,24,2,263.1
2016,09,24,3,262.3
2016,09,24,4,261.5
2016,09,24,5,260.9
2016,09,24,6,260.6
2016,09,24,7,261.3
2016,09,25,0,262.1
2016,09,25,1,262.6
2016,09,25,2,262.9
2016,09,25,3,262.5
2016,09,25,4,262.0
2016,09,25,5,262.0
2016,09,25,6,261.7
2016,09,25,7,262.4
2016,09,26,0,263.1
2016,09,26,1,263.1
2016,09,26,2,263.7
2016,09,26,3,264.2
2016,09,26,4,264.0
2016,09,26,5,264.3
2016,09,26,6,264.5
2016,09,26,7,265.1
2016,09,27,0,264.7
2016,09,27,1,265.6
2016,09,27,2,265.8
2016,09,27,3,265.1
2016,09,27,4,265.7
2016,09,27,5,266.3
2016,09,27,6,266.8
2016,09,27,7,265.7
2016,09,28,0,266.7
2016,09,28,1,267.2
2016,09,28,2,266.9
2016,09,28,3,266.5
2016,09,28,4,266.0
2016,09,28,5,265.7
2016,09,28,6,265.5
2016,09,28,7,266.7
2016,09,29,0,267.2
2016,09,29,1,267.8
2016,09,29,2,267.5
2016,09,29,3,266.6
2016,09,29,4,266.4
2016,09,29,5,266.0
2016,09,29,6,265.8
2016,09,29,7,266.5
2016,09,30,0,267.5
2016,09,30,1,267.6
2016,09,30,2,267.3
2016,09,30,3,267.1
2016,09,30,4,267.0
2016,09,30,5,268.9
2016,09,30,6,269.1
2016,09,30,7,268.6
2016,09,31,0,269.6
2016,09,31,1,269.9
2016,09,31,2,269.8
2016,09,31,3,269.7
2016,09,31,4,269.6
2016,09,31,5,268.9
2016,09,31,6,270.0
2016,09,31,7,271.6
2016,09,1,0,271.4
2016,09,1,1,271.2
2016,09,1,2,271.8
2016,09,1,3,272.1
2016,09,1,4,272.2
2016,09,1,5,272.5
2016,09,1,6,272.4
2016,09,1,7,271.5
2016,09,2,0,272.6
2016,09,2,1,272.8
2016,09,2,2,272.3
2016,09,2,3,271.7
2016,09,2,4,271.4
2016,09,2,5,271.1
2016,09,2,6,271.0
2016,09,2,7,271.6
2016,09,3,0,272.7
2016,09,3,1,272.9
2016,09,3,2,272.5
2016,09,3,3,272.2
2016,09,3,4,272.2
2016,09,3,5,273.7
2016,09,3,6,274.3
2016,09,3,7,272.3
2016,09,4,0,273.1
2016,09,4,1,273.5
2016,09,4,2,275.6
2016,09,4,3,276.4
2016,09,4,4,276.1
2016,09,4,5,276.5
2016,09,4,6,276.7
2016,09,4,7,274.8
2016,09,5,0,274.1
2016,09,5,1,274.3
2016,09,5,2,274.4
2016,09,5,3,274.1
2016,09,5,4,273.4
2016,09,5,5,272.6
2016,09,5,6,271.4
2016,09,5,7,272.7
2016,09,6,0,273.6
2016,09,6,1,273.3
2016,09,6,2,272.9
2016,09,6,3,272.4
2016,09,6,4,272.5
2016,09,6,5,273.2
2016,09,6,6,273.3
2016,09,6,7,271.6
2016,09,7,0,272.8
2016,09,7,1,272.2
2016,09,7,2,270.8
2016,09,7,3,271.3
2016,09,7,4,272.3
2016,09,7,5,273.1
2016,09,7,6,274.1
2016,09,7,7,273.3
2016,09,8,0,274.5
2016,09,8,1,274.6
2016,09,8,2,274.0
2016,09,8,3,274.2
2016,09,8,4,275.6
2016,09,8,5,276.2
2016,09,8,6,274.9
2016,09,8,7,274.5
2016,09,9,0,275.3
2016,09,9,1,275.2
2016,09,9,2,275.4
2016,09,9,3,275.4
2016,09,9,4,275.2
2016,09,9,5,274.3
2016,09,9,6,273.4
2016,09,9,7,273.5
2016,09,10,0,274.9
2016,09,10,1,275.1
2016,09,10,2,275.7
2016,09,10,3,275.5
2016,09,10,4,274.5
2016,09,10,5,273.4
2016,09,10,6,274.3
2016,09,10,7,273.2
2016,09,11,0,273.2
2016,09,11,1,273.5
2016,09,11,2,273.4
2016,09,11,3,272.0
2016,09,11,4,269.8
2016,09,11,5,269.4
2016,09,11,6,268.7
2016,09,11,7,268.7
2016,09,12,0,270.4
2016,09,12,1,270.8
2016,09,12,2,269.9
2016,09,12,3,268.8
2016,09,12,4,267.3
2016,09,12,5,265.9
2016,09,12,6,264.7
2016,09,12,7,265.6
2016,09,13,0,266.5
2016,09,13,1,266.4
2016,09,13,2,266.1
2016,09,13,3,265.7
2016,09,13,4,265.7
2016,09,13,5,266.2
2016,09,13,6,267.2
2016,09,13,7,267.5
2016,09,14,0,268.8
2016,09,14,1,269.2
2016,09,14,2,269.5
2016,09,14,3,269.9
2016,09,14,4,269.6
2016,09,14,5,270.1
2016,09,14,6,270.5
2016,09,14,7,269.6
2016,09,15,0,271.2
2016,09,15,1,271.6
2016,09,15,2,271.0
2016,09,15,3,270.5
2016,09,15,4,270.1
2016,09,15,5,269.6
2016,09,15,6,269.2
2016,09,15,7,269.5
2016,09,16,0,270.9
2016,09,16,1,271.7
2016,09,16,2,271.8
2016,09,16,3,271.3
2016,09,16,4,270.8
2016,09,16,5,269.6
2016,09,16,6,268.8
2016,09,16,7,268.1
2016,09,17,0,269.7
2016,09,17,1,270.4
2016,09,17,2,271.2
2016,09,17,3,271.6
2016,09,17,4,270.8
2016,09,17,5,270.2
2016,09,17,6,269.5
2016,09,17,7,270.0
2016,09,18,0,271.0
2016,09,18,1,271.8
2016,09,18,2,273.1
2016,09,18,3,273.3
2016,09,18,4,272.9
2016,09,18,5,272.8
2016,09,18,6,272.7
2016,09,18,7,272.2
2016,09,19,0,273.0
2016,09,19,1,274.4
2016,09,19,2,274.6
2016,09,19,3,274.6
2016,09,19,4,274.9
2016,09,19,5,275.4
2016,09,19,6,275.5
2016,09,19,7,274.6
2016,09,20,0,275.2
2016,09,20,1,275.5
2016,09,20,2,276.3
2016,09,20,3,276.5
2016,09,20,4,276.0
2016,09,20,5,275.7
2016,09,20,6,275.2
2016,09,20,7,275.6
2016,09,21,0,276.4
2016,09,21,1,277.2
2016,09,21,2,277.4
2016,09,21,3,277.2
2016,09,21,4,276.9
2016,09,21,5,276.7
2016,09,21,6,275.6
2016,09,21,7,276.4
2016,09,22,0,276.8
2016,09,22,1,276.3
2016,09,22,2,277.0
2016,09,22,3,276.9
2016,09,22,4,275.8
2016,09,22,5,275.4
2016,09,22,6,275.4
2016,09,22,7,276.1
2016,09,23,0,276.7
2016,09,23,1,276.8
2016,09,23,2,276.3
2016,09,23,3,275.7
2016,09,23,4,275.2
2016,09,23,5,274.7
2016,09,23,6,274.0
2016,09,23,7,273.6
2016,09,24,0,273.7
2016,09,24,1,274.5
2016,09,24,2,274.8
2016,09,24,3,274.8
2016,09,24,4,274.4
2016,09,24,5,274.1
2016,09,24,6,274.3
2016,09,24,7,273.3
2016,09,25,0,274.1
2016,09,25,1,274.2
2016,09,25,2,274.3
2016,09,25,3,273.9
2016,09,25,4,273.3
2016,09,25,5,273.0
2016,09,25,6,273.7
2016,09,25,7,271.6
2016,09,26,0,273.5
2016,09,26,1,273.6
2016,09,26,2,272.7
2016,09,26,3,272.6
2016,09,26,4,273.0
2016,09,26,5,273.7
2016,09,26,6,273.9
2016,09,26,7,273.7
2016,09,27,0,275.2
2016,09,27,1,275.7
2016,09,27,2,275.1
2016,09,27,3,274.5
2016,09,27,4,274.1
2016,09,27,5,273.5
2016,09,27,6,273.6
2016,09,27,7,274.9
2016,09,28,0,275.8
2016,09,28,1,275.8
2016,09,28,2,275.7
2016,09,28,3,275.4
2016,09,28,4,275.2
2016,09,28,5,274.5
2016,09,28,6,273.7
2016,09,28,7,274.6
2016,09,29,0,274.5
2016,09,29,1,274.1
2016,09,29,2,273.9
2016,09,29,3,273.6
2016,09,29,4,274.2
2016,09,29,5,273.2
2016,09,29,6,273.1
2016,09,29,7,273.5
2016,09,30,0,274.4
2016,09,30,1,274.4
2016,09,30,2,273.7
2016,09,30,3,274.2
2016,09,30,4,273.1
2016,09,30,5,273.5
2016,09,30,6,274.3
2016,09,30,7,273.8
2016,09,1,0,274.3
2016,09,1,1,273.5
2016,09,1,2,273.3
2016,09,1,3,272.5
2016,09,1,4,273.0
2016,09,1,5,273.5
2016,09,1,6,273.7
2016,09,1,7,272.9
2016,09,2,0,272.7
2016,09,2,1,272.0
2016,09,2,2,272.1
2016,09,2,3,273.3
2016,09,2,4,272.2
2016,09,2,5,271.9
2016,09,2,6,271.0
2016,09,2,7,271.3
2016,09,3,0,270.9
2016,09,3,1,270.4
2016,09,3,2,270.4
2016,09,3,3,270.6
2016,09,3,4,271.4
2016,09,3,5,271.7
2016,09,3,6,271.4
2016,09,3,7,270.3
2016,09,4,0,272.4
2016,09,4,1,272.7
2016,09,4,2,272.0
2016,09,4,3,271.8
2016,09,4,4,272.6
2016,09,4,5,273.9
2016,09,4,6,275.0
2016,09,4,7,273.2
2016,09,5,0,274.5
2016,09,5,1,274.8
2016,09,5,2,274.5
2016,09,5,3,274.3
2016,09,5,4,274.2
2016,09,5,5,274.7
2016,09,5,6,274.7
2016,09,5,7,274.4
2016,09,6,0,275.4
2016,09,6,1,275.6
2016,09,6,2,274.8
2016,09,6,3,274.1
2016,09,6,4,274.0
2016,09,6,5,273.9
2016,09,6,6,273.6
2016,09,6,7,274.1
2016,09,7,0,275.1
2016,09,7,1,275.0
2016,09,7,2,274.3
2016,09,7,3,273.5
2016,09,7,4,273.8
2016,09,7,5,274.5
2016,09,7,6,274.6
2016,09,7,7,273.8
2016,09,8,0,275.1
2016,09,8,1,275.1
2016,09,8,2,274.5
2016,09,8,3,274.4
2016,09,8,4,274.2
2016,09,8,5,274.2
2016,09,8,6,273.5
2016,09,8,7,274.0
2016,09,9,0,275.0
2016,09,9,1,275.1
2016,09,9,2,274.8
2016,09,9,3,275.0
2016,09,9,4,274.7
2016,09,9,5,274.5
2016,09,9,6,274.4
2016,09,9,7,273.9
2016,09,10,0,275.1
2016,09,10,1,275.6
2016,09,10,2,275.3
2016,09,10,3,275.0
2016,09,10,4,275.2
2016,09,10,5,274.9
2016,09,10,6,275.0
2016,09,10,7,272.8
2016,09,11,0,273.4
2016,09,11,1,273.5
2016,09,11,2,274.0
2016,09,11,3,274.6
2016,09,11,4,275.0
2016,09,11,5,274.5
2016,09,11,6,275.1
2016,09,11,7,273.5
2016,09,12,0,274.7
2016,09,12,1,274.8
2016,09,12,2,274.1
2016,09,12,3,274.6
2016,09,12,4,275.1
2016,09,12,5,274.8
2016,09,12,6,274.9
2016,09,12,7,273.6
2016,09,13,0,274.7
2016,09,13,1,275.0
2016,09,13,2,274.5
2016,09,13,3,274.4
2016,09,13,4,275.5
2016,09,13,5,276.3
2016,09,13,6,275.3
2016,09,13,7,274.7
2016,09,14,0,276.1
2016,09,14,1,276.5
2016,09,14,2,276.1
2016,09,14,3,276.6
2016,09,14,4,277.0
2016,09,14,5,276.9
2016,09,14,6,276.0
2016,09,14,7,277.1
2016,09,15,0,278.8
2016,09,15,1,278.9
2016,09,15,2,277.6
2016,09,15,3,277.2
2016,09,15,4,276.7
2016,09,15,5,276.5
2016,09,15,6,275.8
2016,09,15,7,277.4
2016,09,16,0,278.1
2016,09,16,1,278.0
2016,09,16,2,278.0
2016,09,16,3,277.1
2016,09,16,4,276.0
2016,09,16,5,275.9
2016,09,16,6,274.3
2016,09,16,7,275.6
2016,09,17,0,276.6
2016,09,17,1,276.8
2016,09,17,2,276.3
2016,09,17,3,275.6
2016,09,17,4,275.2
2016,09,17,5,275.1
2016,09,17,6,273.9
2016,09,17,7,274.9
2016,09,18,0,275.5
2016,09,18,1,275.6
2016,09,18,2,275.8
2016,09,18,3,275.2
2016,09,18,4,274.3
2016,09,18,5,273.9
2016,09,18,6,274.0
2016,09,18,7,273.5
2016,09,19,0,274.5
2016,09,19,1,275.1
2016,09,19,2,275.3
2016,09,19,3,274.6
2016,09,19,4,273.9
2016,09,19,5,273.8
2016,09,19,6,274.8
2016,09,19,7,273.6
2016,09,20,0,274.7
2016,09,20,1,275.1
2016,09,20,2,275.4
2016,09,20,3,275.1
2016,09,20,4,274.8
2016,09,20,5,274.6
2016,09,20,6,275.1
2016,09,20,7,274.3
2016,09,21,0,275.4
2016,09,21,1,275.4
2016,09,21,2,275.1
2016,09,21,3,275.0
2016,09,21,4,274.7
2016,09,21,5,275.0
2016,09,21,6,274.8
2016,09,21,7,274.6
2016,09,22,0,275.5
2016,09,22,1,275.4
2016,09,22,2,275.1
2016,09,22,3,274.9
2016,09,22,4,274.8
2016,09,22,5,275.6
2016,09,22,6,276.6
2016,09,22,7,275.6
2016,09,23,0,276.4
2016,09,23,1,276.6
2016,09,23,2,276.4
2016,09,23,3,276.1
2016,09,23,4,275.7
2016,09,23,5,275.5
2016,09,23,6,276.4
2016,09,23,7,275.5
2016,09,24,0,276.8
2016,09,24,1,277.0
2016,09,24,2,276.6
2016,09,24,3,276.2
2016,09,24,4,275.8
2016,09,24,5,275.8
2016,09,24,6,276.1
2016,09,24,7,276.2
2016,09,25,0,277.0
2016,09,25,1,277.1
2016,09,25,2,277.1
2016,09,25,3,276.5
2016,09,25,4,276.3
2016,09,25,5,276.1
2016,09,25,6,275.4
2016,09,25,7,276.4
2016,09,26,0,277.6
2016,09,26,1,277.6
2016,09,26,2,276.8
2016,09,26,3,276.2
2016,09,26,4,275.5
2016,09,26,5,275.2
2016,09,26,6,275.6
2016,09,26,7,275.9
2016,09,27,0,277.5
2016,09,27,1,277.7
2016,09,27,2,276.9
2016,09,27,3,276.4
2016,09,27,4,276.0
2016,09,27,5,275.9
2016,09,27,6,275.5
2016,09,27,7,276.6
2016,09,28,0,277.0
2016,09,28,1,276.2
2016,09,28,2,276.2
2016,09,28,3,276.1
2016,09,28,4,276.0
2016,09,28,5,276.0
2016,09,28,6,276.0
2016,09,28,7,277.1
2016,09,29,0,276.3
2016,09,29,1,275.9
2016,09,29,2,277.0
2016,09,29,3,277.3
2016,09,29,4,276.8
2016,09,29,5,276.6
2016,09,29,6,276.2
2016,09,29,7,277.3
2016,09,30,0,277.4
2016,09,30,1,277.1
2016,09,30,2,276.5
2016,09,30,3,275.6
2016,09,30,4,275.6
2016,09,30,5,275.8
2016,09,30,6,275.5
2016,09,30,7,276.6
2016,09,31,0,276.4
2016,09,31,1,276.3
2016,09,31,2,275.8
2016,09,31,3,275.0
2016,09,31,4,274.3
2016,09,31,5,275.5
2016,09,31,6,276.4
2016,09,31,7,275.3
2016,09,1,0,276.0
2016,09,1,1,276.0
2016,09,1,2,275.7
2016,09,1,3,275.1
2016,09,1,4,274.5
2016,09,1,5,275.1
2016,09,1,6,275.2
2016,09,1,7,275.3
2016,09,2,0,276.3
2016,09,2,1,276.1
2016,09,2,2,275.6
2016,09,2,3,275.4
2016,09,2,4,275.3
2016,09,2,5,275.3
2016,09,2,6,275.4
2016,09,2,7,277.3
2016,09,3,0,278.1
2016,09,3,1,277.8
2016,09,3,2,277.1
2016,09,3,3,276.7
2016,09,3,4,276.4
2016,09,3,5,276.8
2016,09,3,6,276.0
2016,09,3,7,277.0
2016,09,4,0,278.2
2016,09,4,1,277.4
2016,09,4,2,276.1
2016,09,4,3,275.6
2016,09,4,4,275.4
2016,09,4,5,275.1
2016,09,4,6,274.4
2016,09,4,7,274.6
2016,09,5,0,274.3
2016,09,5,1,274.3
2016,09,5,2,274.0
2016,09,5,3,273.1
2016,09,5,4,272.6
2016,09,5,5,274.1
2016,09,5,6,272.9
2016,09,5,7,274.2
2016,09,6,0,275.5
2016,09,6,1,275.9
2016,09,6,2,275.6
2016,09,6,3,275.2
2016,09,6,4,275.8
2016,09,6,5,276.5
2016,09,6,6,275.6
2016,09,6,7,275.9
2016,09,7,0,276.9
2016,09,7,1,277.0
2016,09,7,2,276.7
2016,09,7,3,276.5
2016,09,7,4,276.0
2016,09,7,5,275.7
2016,09,7,6,274.9
2016,09,7,7,275.4
2016,09,8,0,276.5
2016,09,8,1,276.2
2016,09,8,2,275.6
2016,09,8,3,275.7
2016,09,8,4,275.7
2016,09,8,5,275.5
2016,09,8,6,274.5
2016,09,8,7,276.0
2016,09,9,0,276.8
2016,09,9,1,276.6
2016,09,9,2,276.2
2016,09,9,3,275.5
2016,09,9,4,274.9
2016,09,9,5,274.3
2016,09,9,6,273.1
2016,09,9,7,275.5
2016,09,10,0,275.6
2016,09,10,1,274.8
2016,09,10,2,274.2
2016,09,10,3,273.7
2016,09,10,4,272.9
2016,09,10,5,272.5
2016,09,10,6,271.7
2016,09,10,7,273.5
2016,09,11,0,274.9
2016,09,11,1,274.6
2016,09,11,2,273.6
2016,09,11,3,273.6
2016,09,11,4,273.5
2016,09,11,5,273.9
2016,09,11,6,273.5
2016,09,11,7,274.8
2016,09,12,0,276.9
2016,09,12,1,277.1
2016,09,12,2,275.9
2016,09,12,3,275.5
2016,09,12,4,275.0
2016,09,12,5,275.1
2016,09,12,6,274.6
2016,09,12,7,276.2
2016,09,13,0,278.0
2016,09,13,1,278.0
2016,09,13,2,277.2
2016,09,13,3,277.0
2016,09,13,4,276.8
2016,09,13,5,276.3
2016,09,13,6,275.7
2016,09,13,7,277.6
2016,09,14,0,279.1
2016,09,14,1,279.1
2016,09,14,2,278.8
2016,09,14,3,278.3
2016,09,14,4,277.6
2016,09,14,5,277.1
2016,09,14,6,276.8
2016,09,14,7,279.0
2016,09,15,0,279.9
2016,09,15,1,280.1
2016,09,15,2,279.3
2016,09,15,3,278.2
2016,09,15,4,276.7
2016,09,15,5,275.6
2016,09,15,6,274.2
2016,09,15,7,276.6
2016,09,16,0,277.9
2016,09,16,1,277.1
2016,09,16,2,275.5
2016,09,16,3,274.8
2016,09,16,4,274.6
2016,09,16,5,274.3
2016,09,16,6,274.0
2016,09,16,7,275.0
2016,09,17,0,275.7
2016,09,17,1,275.1
2016,09,17,2,274.8
2016,09,17,3,274.6
2016,09,17,4,274.3
2016,09,17,5,274.3
2016,09,17,6,274.4
2016,09,17,7,274.9
2016,09,18,0,276.3
2016,09,18,1,276.1
2016,09,18,2,276.2
2016,09,18,3,276.4
2016,09,18,4,275.9
2016,09,18,5,275.5
2016,09,18,6,275.5
2016,09,18,7,275.2
2016,09,19,0,275.5
2016,09,19,1,274.8
2016,09,19,2,274.7
2016,09,19,3,274.4
2016,09,19,4,274.2
2016,09,19,5,274.0
2016,09,19,6,273.6
2016,09,19,7,274.3
2016,09,20,0,275.5
2016,09,20,1,275.8
2016,09,20,2,275.2
2016,09,20,3,275.1
2016,09,20,4,275.0
2016,09,20,5,274.6
2016,09,20,6,274.2
2016,09,20,7,274.6
2016,09,21,0,275.7
2016,09,21,1,275.7
2016,09,21,2,275.5
2016,09,21,3,275.1
2016,09,21,4,274.5
2016,09,21,5,274.0
2016,09,21,6,273.4
2016,09,21,7,274.4
2016,09,22,0,275.4
2016,09,22,1,274.7
2016,09,22,2,273.0
2016,09,22,3,273.1
2016,09,22,4,272.3
2016,09,22,5,271.5
2016,09,22,6,271.5
2016,09,22,7,271.2
2016,09,23,0,271.4
2016,09,23,1,270.7
2016,09,23,2,271.0
2016,09,23,3,270.9
2016,09,23,4,271.2
2016,09,23,5,271.5
2016,09,23,6,271.4
2016,09,23,7,271.9
2016,09,24,0,272.2
2016,09,24,1,272.3
2016,09,24,2,272.0
2016,09,24,3,271.6
2016,09,24,4,271.7
2016,09,24,5,272.5
2016,09,24,6,271.9
2016,09,24,7,272.8
2016,09,25,0,273.8
2016,09,25,1,273.0
2016,09,25,2,272.0
2016,09,25,3,271.4
2016,09,25,4,270.7
2016,09,25,5,270.5
2016,09,25,6,270.4
2016,09,25,7,272.0
2016,09,26,0,273.0
2016,09,26,1,272.4
2016,09,26,2,271.2
2016,09,26,3,270.5
2016,09,26,4,270.1
2016,09,26,5,269.8
2016,09,26,6,270.8
2016,09,26,7,270.3
2016,09,27,0,271.1
2016,09,27,1,270.7
2016,09,27,2,270.3
2016,09,27,3,269.6
2016,09,27,4,269.2
2016,09,27,5,268.7
2016,09,27,6,270.5
2016,09,27,7,271.8
2016,09,28,0,272.6
2016,09,28,1,271.7
2016,09,28,2,271.6
2016,09,28,3,271.5
2016,09,28,4,271.4
2016,09,28,5,271.5
2016,09,28,6,271.5
2016,09,28,7,271.7
2016,09,29,0,273.1
2016,09,29,1,273.3
2016,09,29,2,273.1
2016,09,29,3,272.8
2016,09,29,4,272.1
2016,09,29,5,271.9
2016,09,29,6,272.0
2016,09,29,7,273.1
2016,09,30,0,274.2
2016,09,30,1,274.0
2016,09,30,2,273.8
2016,09,30,3,273.4
2016,09,30,4,272.5
2016,09,30,5,272.1
2016,09,30,6,272.2
2016,09,30,7,273.5
2016,09,31,0,274.6
2016,09,31,1,274.3
2016,09,31,2,273.2
2016,09,31,3,272.6
2016,09,31,4,272.0
2016,09,31,5,271.4
2016,09,31,6,271.2
2016,09,31,7,272.4
2016,09,1,0,272.8
2016,09,1,1,272.2
2016,09,1,2,272.5
2016,09,1,3,272.4
2016,09,1,4,272.2
2016,09,1,5,272.1
2016,09,1,6,272.2
2016,09,1,7,270.7
2016,09,2,0,272.4
2016,09,2,1,272.4
2016,09,2,2,272.3
2016,09,2,3,272.6
2016,09,2,4,273.5
2016,09,2,5,273.7
2016,09,2,6,273.9
2016,09,2,7,271.5
2016,09,3,0,272.8
2016,09,3,1,272.7
2016,09,3,2,272.2
2016,09,3,3,271.8
2016,09,3,4,270.9
2016,09,3,5,270.1
2016,09,3,6,269.8
2016,09,3,7,268.1
2016,09,4,0,268.7
2016,09,4,1,268.8
2016,09,4,2,268.6
2016,09,4,3,267.9
2016,09,4,4,268.4
2016,09,4,5,268.8
2016,09,4,6,268.4
2016,09,4,7,267.5
2016,09,5,0,269.0
2016,09,5,1,269.0
2016,09,5,2,269.5
2016,09,5,3,269.8
2016,09,5,4,269.5
2016,09,5,5,269.5
2016,09,5,6,269.3
2016,09,5,7,268.4
2016,09,6,0,266.9
2016,09,6,1,267.1
2016,09,6,2,269.0
2016,09,6,3,269.2
2016,09,6,4,270.1
2016,09,6,5,271.3
2016,09,6,6,272.0
2016,09,6,7,272.9
2016,09,7,0,271.6
2016,09,7,1,272.1
2016,09,7,2,274.5
2016,09,7,3,275.4
2016,09,7,4,275.3
2016,09,7,5,275.3
2016,09,7,6,275.5
2016,09,7,7,274.5
2016,09,8,0,272.3
2016,09,8,1,272.1
2016,09,8,2,274.0
2016,09,8,3,275.3
2016,09,8,4,274.4
2016,09,8,5,274.0
2016,09,8,6,273.7
2016,09,8,7,272.0
2016,09,9,0,271.4
2016,09,9,1,271.3
2016,09,9,2,271.6
2016,09,9,3,272.4
2016,09,9,4,272.2
2016,09,9,5,272.0
2016,09,9,6,271.8
2016,09,9,7,271.3
2016,09,10,0,271.7
2016,09,10,1,271.9
2016,09,10,2,271.5
2016,09,10,3,272.0
2016,09,10,4,271.1
2016,09,10,5,270.0
2016,09,10,6,269.9
2016,09,10,7,269.5
2016,09,11,0,270.7
2016,09,11,1,270.3
2016,09,11,2,270.1
2016,09,11,3,270.3
2016,09,11,4,269.9
2016,09,11,5,269.1
2016,09,11,6,268.3
2016,09,11,7,269.1
2016,09,12,0,268.9
2016,09,12,1,268.8
2016,09,12,2,268.1
2016,09,12,3,267.8
2016,09,12,4,267.7
2016,09,12,5,267.7
2016,09,12,6,268.1
2016,09,12,7,268.1
2016,09,13,0,269.1
2016,09,13,1,269.4
2016,09,13,2,269.2
2016,09,13,3,267.3
2016,09,13,4,265.7
2016,09,13,5,264.0
2016,09,13,6,262.1
2016,09,13,7,262.8
2016,09,14,0,263.7
2016,09,14,1,264.7
2016,09,14,2,265.7
2016,09,14,3,266.4
2016,09,14,4,266.3
2016,09,14,5,268.2
2016,09,14,6,271.0
2016,09,14,7,270.5
2016,09,15,0,269.0
2016,09,15,1,269.5
2016,09,15,2,270.5
2016,09,15,3,270.9
2016,09,15,4,271.0
2016,09,15,5,270.8
2016,09,15,6,270.8
2016,09,15,7,270.8
2016,09,16,0,270.1
2016,09,16,1,270.0
2016,09,16,2,269.4
2016,09,16,3,269.4
2016,09,16,4,268.8
2016,09,16,5,268.3
2016,09,16,6,268.1
2016,09,16,7,268.1
2016,09,17,0,269.1
2016,09,17,1,269.3
2016,09,17,2,269.2
2016,09,17,3,270.4
2016,09,17,4,271.1
2016,09,17,5,271.2
2016,09,17,6,272.8
2016,09,17,7,273.3
2016,09,18,0,272.7
2016,09,18,1,273.7
2016,09,18,2,274.2
2016,09,18,3,274.4
2016,09,18,4,274.9
2016,09,18,5,273.9
2016,09,18,6,273.8
2016,09,18,7,273.5
2016,09,19,0,274.0
2016,09,19,1,274.1
2016,09,19,2,274.1
2016,09,19,3,274.0
2016,09,19,4,273.6
2016,09,19,5,273.4
2016,09,19,6,273.3
2016,09,19,7,273.1
2016,09,20,0,273.8
2016,09,20,1,273.6
2016,09,20,2,272.8
2016,09,20,3,272.3
2016,09,20,4,271.8
2016,09,20,5,271.6
2016,09,20,6,271.7
2016,09,20,7,272.2
2016,09,21,0,272.2
2016,09,21,1,271.9
2016,09,21,2,272.0
2016,09,21,3,271.9
2016,09,21,4,271.0
2016,09,21,5,270.6
2016,09,21,6,270.7
2016,09,21,7,270.2
2016,09,22,0,270.1
2016,09,22,1,269.2
2016,09,22,2,269.5
2016,09,22,3,270.0
2016,09,22,4,268.4
2016,09,22,5,263.9
2016,09,22,6,259.8
2016,09,22,7,259.9
2016,09,23,0,259.8
2016,09,23,1,259.5
2016,09,23,2,261.1
2016,09,23,3,262.3
2016,09,23,4,263.3
2016,09,23,5,267.0
2016,09,23,6,270.2
2016,09,23,7,270.7
2016,09,24,0,270.8
2016,09,24,1,272.9
2016,09,24,2,276.5
2016,09,24,3,276.2
2016,09,24,4,275.2
2016,09,24,5,276.6
2016,09,24,6,275.6
2016,09,24,7,275.2
2016,09,25,0,275.6
2016,09,25,1,275.0
2016,09,25,2,275.3
2016,09,25,3,275.2
2016,09,25,4,275.1
2016,09,25,5,275.2
2016,09,25,6,275.6
2016,09,25,7,275.8
2016,09,26,0,275.3
2016,09,26,1,275.1
2016,09,26,2,275.5
2016,09,26,3,276.0
2016,09,26,4,276.0
2016,09,26,5,275.9
2016,09,26,6,275.9
2016,09,26,7,275.6
2016,09,27,0,275.4
2016,09,27,1,275.6
2016,09,27,2,275.9
2016,09,27,3,275.7
2016,09,27,4,275.2
2016,09,27,5,274.4
2016,09,27,6,274.2
2016,09,27,7,275.6
2016,09,28,0,273.2
2016,09,28,1,272.9
2016,09,28,2,272.0
2016,09,28,3,271.7
2016,09,28,4,271.2
2016,09,28,5,270.8
2016,09,28,6,270.5
2016,09,28,7,270.2
2016,09,29,0,270.0
2016,09,29,1,269.5
2016,09,29,2,269.4
2016,09,29,3,269.3
2016,09,29,4,269.1
2016,09,29,5,269.0
2016,09,29,6,269.0
2016,09,29,7,269.1
2016,09,30,0,269.3
2016,09,30,1,269.4
2016,09,30,2,269.2
2016,09,30,3,268.8
2016,09,30,4,268.3
2016,09,30,5,268.4
2016,09,30,6,269.1
2016,09,30,7,268.7
2016,09,1,0,269.7
2016,09,1,1,270.0
2016,09,1,2,270.1
2016,09,1,3,270.1
2016,09,1,4,269.6
2016,09,1,5,269.0
2016,09,1,6,268.6
2016,09,1,7,268.2
2016,09,2,0,269.5
2016,09,2,1,269.9
2016,09,2,2,269.5
2016,09,2,3,269.3
2016,09,2,4,268.9
2016,09,2,5,268.0
2016,09,2,6,267.1
2016,09,2,7,265.5
2016,09,3,0,264.1
2016,09,3,1,260.7
2016,09,3,2,259.9
2016,09,3,3,262.4
2016,09,3,4,267.7
2016,09,3,5,269.1
2016,09,3,6,267.8
2016,09,3,7,265.7
2016,09,4,0,265.4
2016,09,4,1,267.4
2016,09,4,2,268.8
2016,09,4,3,268.5
2016,09,4,4,267.9
2016,09,4,5,267.7
2016,09,4,6,266.9
2016,09,4,7,266.3
2016,09,5,0,267.1
2016,09,5,1,265.9
2016,09,5,2,267.1
2016,09,5,3,267.0
2016,09,5,4,266.0
2016,09,5,5,265.7
2016,09,5,6,265.1
2016,09,5,7,263.9
2016,09,6,0,263.9
2016,09,6,1,265.5
2016,09,6,2,267.1
2016,09,6,3,267.9
2016,09,6,4,267.4
2016,09,6,5,268.6
2016,09,6,6,269.6
2016,09,6,7,270.2
2016,09,7,0,271.0
2016,09,7,1,270.4
2016,09,7,2,270.5
2016,09,7,3,270.2
2016,09,7,4,270.2
2016,09,7,5,270.3
2016,09,7,6,270.6
2016,09,7,7,270.9
2016,09,8,0,270.7
2016,09,8,1,270.9
2016,09,8,2,270.6
2016,09,8,3,270.4
2016,09,8,4,269.6
2016,09,8,5,269.6
2016,09,8,6,269.9
2016,09,8,7,269.6
2016,09,9,0,270.3
2016,09,9,1,270.7
2016,09,9,2,270.6
2016,09,9,3,270.7
2016,09,9,4,270.4
2016,09,9,5,270.4
2016,09,9,6,270.4
2016,09,9,7,270.2
2016,09,10,0,271.0
2016,09,10,1,270.6
2016,09,10,2,270.5
2016,09,10,3,270.3
2016,09,10,4,269.6
2016,09,10,5,269.2
2016,09,10,6,269.2
2016,09,10,7,269.2
2016,09,11,0,269.5
2016,09,11,1,269.6
2016,09,11,2,270.0
2016,09,11,3,269.8
2016,09,11,4,268.7
2016,09,11,5,268.2
2016,09,11,6,267.9
2016,09,11,7,268.3
2016,09,12,0,269.2
2016,09,12,1,269.2
2016,09,12,2,268.6
2016,09,12,3,268.4
2016,09,12,4,268.1
2016,09,12,5,267.7
2016,09,12,6,268.0
2016,09,12,7,267.5
2016,09,13,0,268.3
2016,09,13,1,268.6
2016,09,13,2,269.1
2016,09,13,3,270.6
2016,09,13,4,270.8
2016,09,13,5,271.0
2016,09,13,6,272.1
2016,09,13,7,272.9
2016,09,14,0,272.8
2016,09,14,1,274.2
2016,09,14,2,274.6
2016,09,14,3,276.0
2016,09,14,4,274.9
2016,09,14,5,274.2
2016,09,14,6,273.4
2016,09,14,7,272.2
2016,09,15,0,273.0
2016,09,15,1,273.0
2016,09,15,2,273.3
2016,09,15,3,274.2
2016,09,15,4,274.5
2016,09,15,5,273.9
2016,09,15,6,273.8
2016,09,15,7,272.9
2016,09,16,0,273.8
2016,09,16,1,273.9
2016,09,16,2,274.1
2016,09,16,3,274.4
2016,09,16,4,273.9
2016,09,16,5,272.7
2016,09,16,6,272.0
2016,09,16,7,271.5
2016,09,17,0,273.7
2016,09,17,1,274.0
2016,09,17,2,275.9
2016,09,17,3,277.0
2016,09,17,4,276.9
2016,09,17,5,275.5
2016,09,17,6,274.4
2016,09,17,7,272.6
2016,09,18,0,270.2
2016,09,18,1,268.9
2016,09,18,2,268.8
2016,09,18,3,269.2
2016,09,18,4,269.2
2016,09,18,5,269.2
2016,09,18,6,269.7
2016,09,18,7,268.7
2016,09,19,0,269.3
2016,09,19,1,270.4
2016,09,19,2,270.6
2016,09,19,3,270.4
2016,09,19,4,270.5
2016,09,19,5,270.1
2016,09,19,6,270.8
2016,09,19,7,271.4
2016,09,20,0,272.2
2016,09,20,1,273.0
2016,09,20,2,273.2
2016,09,20,3,273.4
2016,09,20,4,273.2
2016,09,20,5,273.1
2016,09,20,6,273.3
2016,09,20,7,273.8
2016,09,21,0,274.4
2016,09,21,1,274.3
2016,09,21,2,273.8
2016,09,21,3,273.6
2016,09,21,4,273.0
2016,09,21,5,272.1
2016,09,21,6,272.0
2016,09,21,7,272.1
2016,09,22,0,271.0
2016,09,22,1,270.9
2016,09,22,2,270.6
2016,09,22,3,270.3
2016,09,22,4,270.1
2016,09,22,5,269.4
2016,09,22,6,269.7
2016,09,22,7,269.8
2016,09,23,0,270.1
2016,09,23,1,270.8
2016,09,23,2,270.3
2016,09,23,3,269.5
2016,09,23,4,269.3
2016,09,23,5,268.3
2016,09,23,6,267.6
2016,09,23,7,267.1
2016,09,24,0,267.7
2016,09,24,1,267.7
2016,09,24,2,268.4
2016,09,24,3,268.6
2016,09,24,4,266.7
2016,09,24,5,266.4
2016,09,24,6,266.6
2016,09,24,7,265.8
2016,09,25,0,265.7
2016,09,25,1,266.3
2016,09,25,2,268.0
2016,09,25,3,269.0
2016,09,25,4,269.0
2016,09,25,5,268.8
2016,09,25,6,269.2
2016,09,25,7,269.5
2016,09,26,0,269.3
2016,09,26,1,270.3
2016,09,26,2,270.9
2016,09,26,3,271.4
2016,09,26,4,271.8
2016,09,26,5,272.1
2016,09,26,6,272.7
2016,09,26,7,273.6
2016,09,27,0,273.5
2016,09,27,1,273.6
2016,09,27,2,273.7
2016,09,27,3,273.5
2016,09,27,4,272.5
2016,09,27,5,271.8
2016,09,27,6,271.5
2016,09,27,7,271.1
2016,09,28,0,271.4
2016,09,28,1,270.8
2016,09,28,2,271.4
2016,09,28,3,271.0
2016,09,28,4,270.1
2016,09,28,5,268.7
2016,09,28,6,267.2
2016,09,28,7,266.5
2016,09,29,0,269.3
2016,09,29,1,270.1
2016,09,29,2,270.9
2016,09,29,3,270.4
2016,09,29,4,270.4
2016,09,29,5,271.6
2016,09,29,6,271.7
2016,09,29,7,271.3
2016,09,30,0,270.5
2016,09,30,1,270.4
2016,09,30,2,270.0
2016,09,30,3,270.4
2016,09,30,4,268.6
2016,09,30,5,268.6
2016,09,30,6,268.3
2016,09,30,7,267.2
2016,09,31,0,268.4
2016,09,31,1,270.9
2016,09,31,2,271.3
2016,09,31,3,269.1
2016,09,31,4,268.7
2016,09,31,5,267.9
2016,09,31,6,267.4
2016,09,31,7,266.6
2016,09,1,0,265.7
2016,09,1,1,265.2
2016,09,1,2,266.1
2016,09,1,3,266.3
2016,09,1,4,264.1
2016,09,1,5,261.6
2016,09,1,6,261.6
2016,09,1,7,261.5
2016,09,2,0,263.1
2016,09,2,1,266.8
2016,09,2,2,269.4
2016,09,2,3,271.5
2016,09,2,4,272.2
2016,09,2,5,273.6
2016,09,2,6,276.1
2016,09,2,7,276.4
2016,09,3,0,275.6
2016,09,3,1,274.8
2016,09,3,2,274.7
2016,09,3,3,274.7
2016,09,3,4,274.1
2016,09,3,5,273.7
2016,09,3,6,272.5
2016,09,3,7,272.3
2016,09,4,0,272.5
2016,09,4,1,272.4
2016,09,4,2,271.6
2016,09,4,3,271.9
2016,09,4,4,271.4
2016,09,4,5,271.3
2016,09,4,6,271.9
2016,09,4,7,272.2
2016,09,5,0,272.3
2016,09,5,1,272.7
2016,09,5,2,273.4
2016,09,5,3,273.2
2016,09,5,4,272.7
2016,09,5,5,272.8
2016,09,5,6,272.7
2016,09,5,7,272.2
2016,09,6,0,271.8
2016,09,6,1,272.0
2016,09,6,2,271.7
2016,09,6,3,271.6
2016,09,6,4,270.5
2016,09,6,5,269.7
2016,09,6,6,269.6
2016,09,6,7,270.3
2016,09,7,0,269.6
2016,09,7,1,270.4
2016,09,7,2,272.2
2016,09,7,3,272.1
2016,09,7,4,271.5
2016,09,7,5,271.3
2016,09,7,6,271.5
2016,09,7,7,271.3
2016,09,8,0,271.5
2016,09,8,1,271.7
2016,09,8,2,273.5
2016,09,8,3,273.3
2016,09,8,4,272.5
2016,09,8,5,272.2
2016,09,8,6,272.8
2016,09,8,7,272.7
2016,09,9,0,272.5
2016,09,9,1,272.3
2016,09,9,2,272.2
2016,09,9,3,272.2
2016,09,9,4,271.9
2016,09,9,5,272.0
2016,09,9,6,272.0
2016,09,9,7,271.2
2016,09,10,0,271.4
2016,09,10,1,272.4
2016,09,10,2,272.4
2016,09,10,3,272.3
2016,09,10,4,272.3
2016,09,10,5,271.9
2016,09,10,6,272.1
2016,09,10,7,272.9
2016,09,11,0,272.6
2016,09,11,1,272.6
2016,09,11,2,272.7
2016,09,11,3,272.8
2016,09,11,4,272.6
2016,09,11,5,272.5
2016,09,11,6,272.7
2016,09,11,7,272.3
2016,09,12,0,270.5
2016,09,12,1,270.4
2016,09,12,2,270.5
2016,09,12,3,270.4
2016,09,12,4,269.0
2016,09,12,5,268.4
2016,09,12,6,268.9
2016,09,12,7,268.5
2016,09,13,0,269.3
2016,09,13,1,270.1
2016,09,13,2,271.1
2016,09,13,3,271.4
2016,09,13,4,271.9
2016,09,13,5,272.3
2016,09,13,6,272.3
2016,09,13,7,272.3
2016,09,14,0,272.9
2016,09,14,1,274.0
2016,09,14,2,274.4
2016,09,14,3,274.4
2016,09,14,4,274.3
2016,09,14,5,274.8
2016,09,14,6,275.1
2016,09,14,7,275.4
2016,09,15,0,274.9
2016,09,15,1,274.8
2016,09,15,2,275.4
2016,09,15,3,275.5
2016,09,15,4,274.7
2016,09,15,5,274.1
2016,09,15,6,274.1
2016,09,15,7,273.2
2016,09,16,0,272.8
2016,09,16,1,272.6
2016,09,16,2,272.6
2016,09,16,3,272.0
2016,09,16,4,270.0
2016,09,16,5,269.8
2016,09,16,6,269.1
2016,09,16,7,266.4
2016,09,17,0,258.8
2016,09,17,1,255.5
2016,09,17,2,256.3
2016,09,17,3,258.3
2016,09,17,4,261.2
2016,09,17,5,263.2
2016,09,17,6,264.3
2016,09,17,7,265.0
2016,09,18,0,266.5
2016,09,18,1,269.7
2016,09,18,2,271.2
2016,09,18,3,271.3
2016,09,18,4,271.6
2016,09,18,5,271.2
2016,09,18,6,271.0
2016,09,18,7,271.0
2016,09,19,0,270.7
2016,09,19,1,272.0
2016,09,19,2,271.6
2016,09,19,3,271.0
2016,09,19,4,270.2
2016,09,19,5,269.4
2016,09,19,6,268.9
2016,09,19,7,267.7
2016,09,20,0,267.2
2016,09,20,1,267.0
2016,09,20,2,266.7
2016,09,20,3,265.9
2016,09,20,4,265.6
2016,09,20,5,265.8
2016,09,20,6,266.4
2016,09,20,7,265.0
2016,09,21,0,265.0
2016,09,21,1,265.1
2016,09,21,2,263.6
2016,09,21,3,262.5
2016,09,21,4,262.2
2016,09,21,5,261.2
2016,09,21,6,260.9
2016,09,21,7,260.2
2016,09,22,0,260.2
2016,09,22,1,263.1
2016,09,22,2,264.2
2016,09,22,3,266.2
2016,09,22,4,266.4
2016,09,22,5,266.7
2016,09,22,6,267.0
2016,09,22,7,266.9
2016,09,23,0,266.5
2016,09,23,1,266.8
2016,09,23,2,266.8
2016,09,23,3,266.0
2016,09,23,4,264.2
2016,09,23,5,262.2
2016,09,23,6,261.2
2016,09,23,7,260.3
2016,09,24,0,261.6
2016,09,24,1,262.3
2016,09,24,2,263.1
2016,09,24,3,263.4
2016,09,24,4,263.3
2016,09,24,5,263.3
2016,09,24,6,263.2
2016,09,24,7,262.6
2016,09,25,0,262.6
2016,09,25,1,263.4
2016,09,25,2,263.9
2016,09,25,3,264.2
2016,09,25,4,264.3
2016,09,25,5,264.3
2016,09,25,6,264.5
2016,09,25,7,264.4
2016,09,26,0,264.5
2016,09,26,1,265.0
2016,09,26,2,265.5
2016,09,26,3,265.0
2016,09,26,4,264.2
2016,09,26,5,262.5
2016,09,26,6,261.2
2016,09,26,7,258.2
2016,09,27,0,257.5
2016,09,27,1,257.6
2016,09,27,2,257.4
2016,09,27,3,258.7
2016,09,27,4,257.9
2016,09,27,5,256.4
2016,09,27,6,253.2
2016,09,27,7,256.3
2016,09,28,0,265.0
2016,09,28,1,265.3
2016,09,28,2,264.6
2016,09,28,3,265.1
2016,09,28,4,264.8
2016,09,28,5,264.3
2016,09,28,6,263.4
2016,09,28,7,265.7
2016,09,29,0,266.2
2016,09,29,1,263.6
2016,09,29,2,264.2
2016,09,29,3,265.9
2016,09,29,4,267.4
2016,09,29,5,267.5
2016,09,29,6,267.8
2016,09,29,7,268.1
2016,09,30,0,267.4
2016,09,30,1,266.6
2016,09,30,2,266.4
2016,09,30,3,265.6
2016,09,30,4,265.2
2016,09,30,5,265.8
2016,09,30,6,263.5
2016,09,30,7,262.6
2016,09,1,0,261.6
2016,09,1,1,261.9
2016,09,1,2,263.4
2016,09,1,3,262.6
2016,09,1,4,262.5
2016,09,1,5,261.8
2016,09,1,6,261.5
2016,09,1,7,261.5
2016,09,2,0,260.0
2016,09,2,1,258.9
2016,09,2,2,257.5
2016,09,2,3,257.3
2016,09,2,4,258.2
2016,09,2,5,257.8
2016,09,2,6,260.2
2016,09,2,7,262.5
2016,09,3,0,264.8
2016,09,3,1,266.7
2016,09,3,2,267.8
2016,09,3,3,268.8
2016,09,3,4,268.1
2016,09,3,5,267.5
2016,09,3,6,268.0
2016,09,3,7,268.5
2016,09,4,0,268.7
2016,09,4,1,268.9
2016,09,4,2,269.4
2016,09,4,3,269.4
2016,09,4,4,268.7
2016,09,4,5,268.0
2016,09,4,6,267.5
2016,09,4,7,267.7
2016,09,5,0,267.9
2016,09,5,1,268.3
2016,09,5,2,268.0
2016,09,5,3,267.3
2016,09,5,4,266.5
2016,09,5,5,264.9
2016,09,5,6,264.3
2016,09,5,7,263.0
2016,09,6,0,262.1
2016,09,6,1,263.1
2016,09,6,2,263.4
2016,09,6,3,262.7
2016,09,6,4,261.4
2016,09,6,5,261.8
2016,09,6,6,261.6
2016,09,6,7,262.0
2016,09,7,0,264.0
2016,09,7,1,264.6
2016,09,7,2,265.7
2016,09,7,3,265.7
2016,09,7,4,264.7
2016,09,7,5,263.6
2016,09,7,6,263.7
2016,09,7,7,263.5
2016,09,8,0,264.1
2016,09,8,1,265.2
2016,09,8,2,265.5
2016,09,8,3,266.0
2016,09,8,4,267.6
2016,09,8,5,267.4
2016,09,8,6,268.1
2016,09,8,7,268.7
2016,09,9,0,268.2
2016,09,9,1,268.2
2016,09,9,2,269.3
2016,09,9,3,269.2
2016,09,9,4,268.8
2016,09,9,5,268.4
2016,09,9,6,268.4
2016,09,9,7,268.3
2016,09,10,0,268.6
2016,09,10,1,268.3
2016,09,10,2,269.1
2016,09,10,3,270.0
2016,09,10,4,270.6
2016,09,10,5,270.5
2016,09,10,6,271.2
2016,09,10,7,270.6
2016,09,11,0,270.3
2016,09,11,1,268.3
2016,09,11,2,267.4
2016,09,11,3,267.2
2016,09,11,4,265.8
2016,09,11,5,265.8
2016,09,11,6,266.2
2016,09,11,7,266.1
2016,09,12,0,265.3
2016,09,12,1,264.4
2016,09,12,2,264.3
2016,09,12,3,264.8
2016,09,12,4,264.8
2016,09,12,5,263.9
2016,09,12,6,264.3
2016,09,12,7,264.1
2016,09,13,0,264.2
2016,09,13,1,264.4
2016,09,13,2,265.3
2016,09,13,3,266.2
2016,09,13,4,266.4
2016,09,13,5,267.2
2016,09,13,6,267.8
2016,09,13,7,267.8
2016,09,14,0,266.7
2016,09,14,1,267.7
2016,09,14,2,269.6
2016,09,14,3,270.5
2016,09,14,4,270.4
2016,09,14,5,271.5
2016,09,14,6,272.5
2016,09,14,7,273.0
2016,09,15,0,273.0
2016,09,15,1,273.2
2016,09,15,2,273.6
2016,09,15,3,272.9
2016,09,15,4,271.1
2016,09,15,5,270.7
2016,09,15,6,269.9
2016,09,15,7,269.6
2016,09,16,0,268.3
2016,09,16,1,269.0
2016,09,16,2,268.8
2016,09,16,3,268.5
2016,09,16,4,268.3
2016,09,16,5,261.9
2016,09,16,6,262.3
2016,09,16,7,259.6
2016,09,17,0,255.8
2016,09,17,1,253.7
2016,09,17,2,253.7
2016,09,17,3,256.2
2016,09,17,4,259.6
2016,09,17,5,260.9
2016,09,17,6,261.4
2016,09,17,7,260.9
2016,09,18,0,260.9
2016,09,18,1,260.8
2016,09,18,2,260.5
2016,09,18,3,261.0
2016,09,18,4,260.9
2016,09,18,5,260.8
2016,09,18,6,261.7
2016,09,18,7,262.7
2016,09,19,0,263.9
2016,09,19,1,265.3
2016,09,19,2,265.5
2016,09,19,3,264.7
2016,09,19,4,265.1
2016,09,19,5,266.3
2016,09,19,6,266.6
2016,09,19,7,267.1
2016,09,20,0,267.4
2016,09,20,1,268.3
2016,09,20,2,269.7
2016,09,20,3,269.8
2016,09,20,4,269.6
2016,09,20,5,269.3
2016,09,20,6,269.4
2016,09,20,7,268.9
2016,09,21,0,269.3
2016,09,21,1,269.1
2016,09,21,2,268.1
2016,09,21,3,267.0
2016,09,21,4,266.9
2016,09,21,5,265.6
2016,09,21,6,265.9
2016,09,21,7,264.8
2016,09,22,0,264.7
2016,09,22,1,264.8
2016,09,22,2,263.8
2016,09,22,3,264.1
2016,09,22,4,264.1
2016,09,22,5,264.5
2016,09,22,6,265.1
2016,09,22,7,266.2
2016,09,23,0,266.7
2016,09,23,1,266.6
2016,09,23,2,266.4
2016,09,23,3,266.4
2016,09,23,4,265.8
2016,09,23,5,264.7
2016,09,23,6,265.2
2016,09,23,7,263.9
2016,09,24,0,262.6
2016,09,24,1,262.0
2016,09,24,2,259.7
2016,09,24,3,257.1
2016,09,24,4,255.9
2016,09,24,5,254.9
2016,09,24,6,254.2
2016,09,24,7,252.9
2016,09,25,0,251.6
2016,09,25,1,250.9
2016,09,25,2,251.1
2016,09,25,3,252.6
2016,09,25,4,254.2
2016,09,25,5,256.9
2016,09,25,6,260.2
2016,09,25,7,261.0
2016,09,26,0,261.7
2016,09,26,1,262.8
2016,09,26,2,263.4
2016,09,26,3,264.2
2016,09,26,4,264.9
2016,09,26,5,264.9
2016,09,26,6,265.4
2016,09,26,7,265.4
2016,09,27,0,265.7
2016,09,27,1,266.2
2016,09,27,2,266.6
2016,09,27,3,265.9
2016,09,27,4,265.9
2016,09,27,5,265.8
2016,09,27,6,266.6
2016,09,27,7,266.4
2016,09,28,0,266.7
2016,09,28,1,266.9
2016,09,28,2,267.0
2016,09,28,3,267.9
2016,09,28,4,268.6
2016,09,28,5,269.1
2016,09,28,6,268.9
2016,09,28,7,268.2
2016,09,29,0,268.4
2016,09,29,1,268.9
2016,09,29,2,268.8
2016,09,29,3,268.6
2016,09,29,4,268.2
2016,09,29,5,267.7
2016,09,29,6,267.8
2016,09,29,7,268.1
2016,09,30,0,268.0
2016,09,30,1,267.6
2016,09,30,2,267.8
2016,09,30,3,267.0
2016,09,30,4,266.4
2016,09,30,5,265.9
2016,09,30,6,265.8
2016,09,30,7,265.3
2016,09,31,0,264.9
2016,09,31,1,264.0
2016,09,31,2,264.2
2016,09,31,3,265.1
2016,09,31,4,263.9
2016,09,31,5,262.2
2016,09,31,6,261.8
2016,09,31,7,261.2
2017,09,1,0,260.7
2017,09,1,1,262.0
2017,09,1,2,262.9
2017,09,1,3,262.9
2017,09,1,4,263.8
2017,09,1,5,263.6
2017,09,1,6,263.5
2017,09,1,7,263.6
2017,09,2,0,263.9
2017,09,2,1,264.3
2017,09,2,2,263.9
2017,09,2,3,263.7
2017,09,2,4,262.8
2017,09,2,5,262.8
2017,09,2,6,260.3
2017,09,2,7,259.2
2017,09,3,0,260.5
2017,09,3,1,261.6
2017,09,3,2,262.0
2017,09,3,3,262.7
2017,09,3,4,263.0
2017,09,3,5,263.6
2017,09,3,6,264.2
2017,09,3,7,264.6
2017,09,4,0,264.9
2017,09,4,1,265.5
2017,09,4,2,266.4
2017,09,4,3,267.6
2017,09,4,4,267.1
2017,09,4,5,265.8
2017,09,4,6,266.5
2017,09,4,7,267.1
2017,09,5,0,265.5
2017,09,5,1,264.6
2017,09,5,2,264.4
2017,09,5,3,263.9
2017,09,5,4,263.7
2017,09,5,5,262.5
2017,09,5,6,262.0
2017,09,5,7,262.3
2017,09,6,0,260.5
2017,09,6,1,260.0
2017,09,6,2,261.2
2017,09,6,3,261.3
2017,09,6,4,261.3
2017,09,6,5,261.6
2017,09,6,6,262.8
2017,09,6,7,263.7
2017,09,7,0,263.6
2017,09,7,1,263.0
2017,09,7,2,263.9
2017,09,7,3,264.9
2017,09,7,4,265.5
2017,09,7,5,266.8
2017,09,7,6,268.0
2017,09,7,7,268.8
2017,09,8,0,268.9
2017,09,8,1,268.7
2017,09,8,2,267.9
2017,09,8,3,269.0
2017,09,8,4,269.3
2017,09,8,5,268.4
2017,09,8,6,268.6
2017,09,8,7,269.4
2017,09,9,0,268.4
2017,09,9,1,268.4
2017,09,9,2,268.0
2017,09,9,3,266.2
2017,09,9,4,263.4
2017,09,9,5,261.0
2017,09,9,6,260.5
2017,09,9,7,260.3
2017,09,10,0,259.4
2017,09,10,1,260.1
2017,09,10,2,264.6
2017,09,10,3,266.8
2017,09,10,4,268.1
2017,09,10,5,268.7
2017,09,10,6,268.4
2017,09,10,7,268.1
2017,09,11,0,268.0
2017,09,11,1,267.1
2017,09,11,2,266.6
2017,09,11,3,262.5
2017,09,11,4,258.9
2017,09,11,5,259.6
2017,09,11,6,259.0
2017,09,11,7,259.4
2017,09,12,0,260.2
2017,09,12,1,260.6
2017,09,12,2,259.4
2017,09,12,3,259.0
2017,09,12,4,259.3
2017,09,12,5,259.0
2017,09,12,6,258.6
2017,09,12,7,258.3
2017,09,13,0,258.1
2017,09,13,1,257.3
2017,09,13,2,256.6
2017,09,13,3,256.4
2017,09,13,4,256.2
2017,09,13,5,257.0
2017,09,13,6,259.0
2017,09,13,7,259.4
2017,09,14,0,260.1
2017,09,14,1,260.4
2017,09,14,2,262.3
2017,09,14,3,262.8
2017,09,14,4,262.0
2017,09,14,5,262.1
2017,09,14,6,262.2
2017,09,14,7,261.8
2017,09,15,0,262.0
2017,09,15,1,262.0
2017,09,15,2,263.2
2017,09,15,3,264.0
2017,09,15,4,263.5
2017,09,15,5,263.2
2017,09,15,6,263.2
2017,09,15,7,264.4
2017,09,16,0,265.2
2017,09,16,1,264.1
2017,09,16,2,262.7
2017,09,16,3,262.7
2017,09,16,4,262.7
2017,09,16,5,265.4
2017,09,16,6,267.3
2017,09,16,7,268.2
2017,09,17,0,269.0
2017,09,17,1,269.5
2017,09,17,2,269.7
2017,09,17,3,270.2
2017,09,17,4,269.3
2017,09,17,5,269.2
2017,09,17,6,270.7
2017,09,17,7,269.7
2017,09,18,0,269.5
2017,09,18,1,270.8
2017,09,18,2,271.3
2017,09,18,3,271.2
2017,09,18,4,270.5
2017,09,18,5,269.7
2017,09,18,6,270.2
2017,09,18,7,270.4
2017,09,19,0,268.7
2017,09,19,1,268.5
2017,09,19,2,267.8
2017,09,19,3,263.7
2017,09,19,4,262.0
2017,09,19,5,259.0
2017,09,19,6,257.8
2017,09,19,7,257.7
2017,09,20,0,257.9
2017,09,20,1,258.7
2017,09,20,2,260.3
2017,09,20,3,261.0
2017,09,20,4,261.4
2017,09,20,5,263.1
2017,09,20,6,262.0
2017,09,20,7,259.9
2017,09,21,0,256.7
2017,09,21,1,256.7
2017,09,21,2,256.7
2017,09,21,3,256.2
2017,09,21,4,255.2
2017,09,21,5,255.3
2017,09,21,6,255.3
2017,09,21,7,258.6
2017,09,22,0,259.3
2017,09,22,1,258.8
2017,09,22,2,262.6
2017,09,22,3,265.8
2017,09,22,4,266.4
2017,09,22,5,264.9
2017,09,22,6,263.6
2017,09,22,7,261.5
2017,09,23,0,260.5
2017,09,23,1,257.0
2017,09,23,2,257.6
2017,09,23,3,255.5
2017,09,23,4,255.6
2017,09,23,5,254.6
2017,09,23,6,253.2
2017,09,23,7,253.0
2017,09,24,0,253.1
2017,09,24,1,252.8
2017,09,24,2,252.5
2017,09,24,3,253.0
2017,09,24,4,252.6
2017,09,24,5,252.1
2017,09,24,6,251.9
2017,09,24,7,251.9
2017,09,25,0,252.0
2017,09,25,1,252.4
2017,09,25,2,254.0
2017,09,25,3,254.2
2017,09,25,4,254.2
2017,09,25,5,254.1
2017,09,25,6,255.0
2017,09,25,7,256.1
2017,09,26,0,256.6
2017,09,26,1,256.2
2017,09,26,2,255.8
2017,09,26,3,256.4
2017,09,26,4,256.0
2017,09,26,5,255.1
2017,09,26,6,254.8
2017,09,26,7,254.2
2017,09,27,0,253.6
2017,09,27,1,254.5
2017,09,27,2,256.9
2017,09,27,3,259.9
2017,09,27,4,261.8
2017,09,27,5,262.4
2017,09,27,6,262.8
2017,09,27,7,263.2
2017,09,28,0,263.3
2017,09,28,1,263.3
2017,09,28,2,264.0
2017,09,28,3,264.9
2017,09,28,4,265.2
2017,09,28,5,266.2
2017,09,28,6,266.2
2017,09,28,7,266.6
2017,09,29,0,267.8
2017,09,29,1,267.9
2017,09,29,2,268.1
2017,09,29,3,268.0
2017,09,29,4,268.0
2017,09,29,5,268.5
2017,09,29,6,268.6
2017,09,29,7,268.7
2017,09,30,0,269.4
2017,09,30,1,270.0
2017,09,30,2,270.0
2017,09,30,3,269.7
2017,09,30,4,269.6
2017,09,30,5,269.7
2017,09,30,6,269.9
2017,09,30,7,270.1
2017,09,31,0,270.2
2017,09,31,1,270.1
2017,09,31,2,269.8
2017,09,31,3,269.9
2017,09,31,4,269.7
2017,09,31,5,269.5
2017,09,31,6,269.5
2017,09,31,7,269.7
2017,09,1,0,269.3
2017,09,1,1,268.9
2017,09,1,2,269.1
2017,09,1,3,269.2
2017,09,1,4,269.2
2017,09,1,5,269.1
2017,09,1,6,269.0
2017,09,1,7,268.1
2017,09,2,0,267.0
2017,09,2,1,266.2
2017,09,2,2,266.1
2017,09,2,3,265.6
2017,09,2,4,264.7
2017,09,2,5,263.4
2017,09,2,6,265.0
2017,09,2,7,267.4
2017,09,3,0,266.5
2017,09,3,1,265.5
2017,09,3,2,266.5
2017,09,3,3,265.7
2017,09,3,4,264.7
2017,09,3,5,263.2
2017,09,3,6,262.1
2017,09,3,7,263.2
2017,09,4,0,266.3
2017,09,4,1,268.1
2017,09,4,2,268.3
2017,09,4,3,267.8
2017,09,4,4,267.9
2017,09,4,5,267.3
2017,09,4,6,266.1
2017,09,4,7,265.8
2017,09,5,0,265.5
2017,09,5,1,265.3
2017,09,5,2,264.9
2017,09,5,3,265.6
2017,09,5,4,265.8
2017,09,5,5,265.3
2017,09,5,6,264.4
2017,09,5,7,263.7
2017,09,6,0,263.2
2017,09,6,1,263.4
2017,09,6,2,265.7
2017,09,6,3,263.5
2017,09,6,4,264.0
2017,09,6,5,263.7
2017,09,6,6,265.8
2017,09,6,7,268.0
2017,09,7,0,269.4
2017,09,7,1,269.4
2017,09,7,2,269.1
2017,09,7,3,269.6
2017,09,7,4,269.9
2017,09,7,5,271.0
2017,09,7,6,270.0
2017,09,7,7,269.3
2017,09,8,0,267.6
2017,09,8,1,267.6
2017,09,8,2,267.1
2017,09,8,3,268.1
2017,09,8,4,267.9
2017,09,8,5,267.1
2017,09,8,6,268.2
2017,09,8,7,268.7
2017,09,9,0,268.7
2017,09,9,1,268.8
2017,09,9,2,268.6
2017,09,9,3,269.0
2017,09,9,4,269.0
2017,09,9,5,269.1
2017,09,9,6,270.0
2017,09,9,7,271.0
2017,09,10,0,270.5
2017,09,10,1,269.5
2017,09,10,2,269.3
2017,09,10,3,268.5
2017,09,10,4,267.2
2017,09,10,5,266.5
2017,09,10,6,265.0
2017,09,10,7,264.2
2017,09,11,0,264.3
2017,09,11,1,263.8
2017,09,11,2,263.2
2017,09,11,3,261.6
2017,09,11,4,259.3
2017,09,11,5,258.4
2017,09,11,6,258.3
2017,09,11,7,258.5
2017,09,12,0,258.8
2017,09,12,1,259.9
2017,09,12,2,260.1
2017,09,12,3,260.0
2017,09,12,4,260.4
2017,09,12,5,260.8
2017,09,12,6,261.7
2017,09,12,7,262.7
2017,09,13,0,263.2
2017,09,13,1,264.3
2017,09,13,2,265.4
2017,09,13,3,266.0
2017,09,13,4,266.3
2017,09,13,5,266.3
2017,09,13,6,266.4
2017,09,13,7,266.3
2017,09,14,0,266.0
2017,09,14,1,265.3
2017,09,14,2,264.9
2017,09,14,3,264.1
2017,09,14,4,263.9
2017,09,14,5,264.1
2017,09,14,6,264.7
2017,09,14,7,265.5
2017,09,15,0,266.6
2017,09,15,1,267.4
2017,09,15,2,267.5
2017,09,15,3,268.0
2017,09,15,4,269.6
2017,09,15,5,268.7
2017,09,15,6,268.8
2017,09,15,7,269.5
2017,09,16,0,270.5
2017,09,16,1,270.0
2017,09,16,2,270.5
2017,09,16,3,271.5
2017,09,16,4,270.2
2017,09,16,5,269.7
2017,09,16,6,270.4
2017,09,16,7,267.3
2017,09,17,0,265.6
2017,09,17,1,264.4
2017,09,17,2,264.4
2017,09,17,3,263.4
2017,09,17,4,264.0
2017,09,17,5,264.1
2017,09,17,6,264.2
2017,09,17,7,265.1
2017,09,18,0,264.1
2017,09,18,1,260.9
2017,09,18,2,261.5
2017,09,18,3,261.2
2017,09,18,4,259.8
2017,09,18,5,258.6
2017,09,18,6,259.3
2017,09,18,7,260.3
2017,09,19,0,262.2
2017,09,19,1,262.8
2017,09,19,2,263.5
2017,09,19,3,263.2
2017,09,19,4,261.6
2017,09,19,5,261.6
2017,09,19,6,261.5
2017,09,19,7,261.8
2017,09,20,0,263.1
2017,09,20,1,264.3
2017,09,20,2,264.5
2017,09,20,3,265.3
2017,09,20,4,264.8
2017,09,20,5,265.3
2017,09,20,6,265.7
2017,09,20,7,266.3
2017,09,21,0,266.2
2017,09,21,1,265.0
2017,09,21,2,265.0
2017,09,21,3,264.4
2017,09,21,4,263.4
2017,09,21,5,262.6
2017,09,21,6,261.8
2017,09,21,7,262.6
2017,09,22,0,262.2
2017,09,22,1,262.9
2017,09,22,2,263.3
2017,09,22,3,264.0
2017,09,22,4,263.3
2017,09,22,5,261.1
2017,09,22,6,256.9
2017,09,22,7,254.8
2017,09,23,0,253.5
2017,09,23,1,252.4
2017,09,23,2,251.2
2017,09,23,3,251.4
2017,09,23,4,251.2
2017,09,23,5,251.1
2017,09,23,6,251.6
2017,09,23,7,252.0
2017,09,24,0,253.3
2017,09,24,1,254.2
2017,09,24,2,255.1
2017,09,24,3,253.6
2017,09,24,4,254.1
2017,09,24,5,256.1
2017,09,24,6,255.8
2017,09,24,7,255.4
2017,09,25,0,254.7
2017,09,25,1,255.3
2017,09,25,2,255.6
2017,09,25,3,255.8
2017,09,25,4,255.9
2017,09,25,5,255.5
2017,09,25,6,255.8
2017,09,25,7,255.1
2017,09,26,0,254.4
2017,09,26,1,254.3
2017,09,26,2,255.0
2017,09,26,3,255.1
2017,09,26,4,255.6
2017,09,26,5,258.9
2017,09,26,6,261.2
2017,09,26,7,260.8
2017,09,27,0,260.1
2017,09,27,1,260.4
2017,09,27,2,260.2
2017,09,27,3,259.5
2017,09,27,4,259.3
2017,09,27,5,258.2
2017,09,27,6,256.9
2017,09,27,7,255.7
2017,09,28,0,255.7
2017,09,28,1,256.7
2017,09,28,2,257.3
2017,09,28,3,257.1
2017,09,28,4,257.0
2017,09,28,5,258.4
2017,09,28,6,260.6
2017,09,28,7,261.0
2017,09,1,0,260.7
2017,09,1,1,260.7
2017,09,1,2,260.6
2017,09,1,3,261.7
2017,09,1,4,262.6
2017,09,1,5,262.9
2017,09,1,6,262.9
2017,09,1,7,263.0
2017,09,2,0,263.1
2017,09,2,1,263.6
2017,09,2,2,264.0
2017,09,2,3,264.3
2017,09,2,4,264.7
2017,09,2,5,265.3
2017,09,2,6,265.7
2017,09,2,7,266.3
2017,09,3,0,267.2
2017,09,3,1,267.6
2017,09,3,2,267.2
2017,09,3,3,267.2
2017,09,3,4,267.2
2017,09,3,5,267.4
2017,09,3,6,267.9
2017,09,3,7,267.9
2017,09,4,0,267.9
2017,09,4,1,267.7
2017,09,4,2,267.3
2017,09,4,3,266.7
2017,09,4,4,266.4
2017,09,4,5,266.2
2017,09,4,6,266.2
2017,09,4,7,266.3
2017,09,5,0,266.7
2017,09,5,1,266.9
2017,09,5,2,266.8
2017,09,5,3,266.2
2017,09,5,4,264.1
2017,09,5,5,260.6
2017,09,5,6,256.4
2017,09,5,7,253.2
2017,09,6,0,250.6
2017,09,6,1,250.5
2017,09,6,2,251.9
2017,09,6,3,254.7
2017,09,6,4,258.0
2017,09,6,5,260.0
2017,09,6,6,261.9
2017,09,6,7,262.6
2017,09,7,0,263.3
2017,09,7,1,263.7
2017,09,7,2,264.3
2017,09,7,3,264.4
2017,09,7,4,265.1
2017,09,7,5,265.1
2017,09,7,6,265.4
2017,09,7,7,265.6
2017,09,8,0,266.0
2017,09,8,1,266.2
2017,09,8,2,266.4
2017,09,8,3,266.4
2017,09,8,4,266.2
2017,09,8,5,266.0
2017,09,8,6,266.3
2017,09,8,7,266.7
2017,09,9,0,266.8
2017,09,9,1,267.0
2017,09,9,2,267.1
2017,09,9,3,267.3
2017,09,9,4,267.2
2017,09,9,5,267.9
2017,09,9,6,268.3
2017,09,9,7,268.4
2017,09,10,0,268.4
2017,09,10,1,268.6
2017,09,10,2,268.5
2017,09,10,3,268.0
2017,09,10,4,267.8
2017,09,10,5,267.6
2017,09,10,6,267.4
2017,09,10,7,266.7
2017,09,11,0,266.1
2017,09,11,1,265.7
2017,09,11,2,266.0
2017,09,11,3,265.8
2017,09,11,4,267.5
2017,09,11,5,266.9
2017,09,11,6,267.3
2017,09,11,7,267.5
2017,09,12,0,267.5
2017,09,12,1,268.3
2017,09,12,2,268.6
2017,09,12,3,269.1
2017,09,12,4,269.4
2017,09,12,5,269.0
2017,09,12,6,269.7
2017,09,12,7,269.9
2017,09,13,0,270.3
2017,09,13,1,270.1
2017,09,13,2,270.2
2017,09,13,3,270.3
2017,09,13,4,270.2
2017,09,13,5,270.6
2017,09,13,6,271.3
2017,09,13,7,271.4
2017,09,14,0,271.2
2017,09,14,1,271.2
2017,09,14,2,271.0
2017,09,14,3,270.5
2017,09,14,4,270.4
2017,09,14,5,270.1
2017,09,14,6,270.0
2017,09,14,7,269.6
2017,09,15,0,268.9
2017,09,15,1,268.3
2017,09,15,2,268.2
2017,09,15,3,267.9
2017,09,15,4,267.4
2017,09,15,5,267.2
2017,09,15,6,267.6
2017,09,15,7,268.3
2017,09,16,0,268.5
2017,09,16,1,268.9
2017,09,16,2,268.5
2017,09,16,3,268.8
2017,09,16,4,268.6
2017,09,16,5,268.0
2017,09,16,6,267.9
2017,09,16,7,267.2
2017,09,17,0,267.6
2017,09,17,1,267.7
2017,09,17,2,267.9
2017,09,17,3,268.2
2017,09,17,4,268.7
2017,09,17,5,268.7
2017,09,17,6,269.0
2017,09,17,7,269.4
2017,09,18,0,269.5
2017,09,18,1,269.6
2017,09,18,2,269.8
2017,09,18,3,269.7
2017,09,18,4,268.9
2017,09,18,5,268.0
2017,09,18,6,267.3
2017,09,18,7,266.1
2017,09,19,0,266.4
2017,09,19,1,266.5
2017,09,19,2,267.1
2017,09,19,3,267.3
2017,09,19,4,267.4
2017,09,19,5,267.0
2017,09,19,6,266.8
2017,09,19,7,266.4
2017,09,20,0,267.1
2017,09,20,1,267.0
2017,09,20,2,267.1
2017,09,20,3,266.2
2017,09,20,4,266.0
2017,09,20,5,266.6
2017,09,20,6,267.2
2017,09,20,7,266.6
2017,09,21,0,266.6
2017,09,21,1,266.4
2017,09,21,2,267.2
2017,09,21,3,267.2
2017,09,21,4,267.0
2017,09,21,5,265.7
2017,09,21,6,264.8
2017,09,21,7,263.9
2017,09,22,0,263.6
2017,09,22,1,263.8
2017,09,22,2,263.6
2017,09,22,3,263.4
2017,09,22,4,262.1
2017,09,22,5,261.3
2017,09,22,6,259.9
2017,09,22,7,258.2
2017,09,23,0,258.5
2017,09,23,1,258.9
2017,09,23,2,257.8
2017,09,23,3,257.3
2017,09,23,4,258.0
2017,09,23,5,258.5
2017,09,23,6,259.5
2017,09,23,7,261.2
2017,09,24,0,263.5
2017,09,24,1,265.0
2017,09,24,2,265.1
2017,09,24,3,265.6
2017,09,24,4,266.0
2017,09,24,5,266.8
2017,09,24,6,267.1
2017,09,24,7,266.1
2017,09,25,0,265.1
2017,09,25,1,264.0
2017,09,25,2,262.7
2017,09,25,3,261.5
2017,09,25,4,260.1
2017,09,25,5,259.6
2017,09,25,6,259.9
2017,09,25,7,259.9
2017,09,26,0,259.7
2017,09,26,1,263.3
2017,09,26,2,265.1
2017,09,26,3,266.1
2017,09,26,4,266.9
2017,09,26,5,266.9
2017,09,26,6,266.7
2017,09,26,7,266.7
2017,09,27,0,265.3
2017,09,27,1,264.2
2017,09,27,2,263.4
2017,09,27,3,262.0
2017,09,27,4,258.9
2017,09,27,5,258.8
2017,09,27,6,258.1
2017,09,27,7,257.7
2017,09,28,0,262.2
2017,09,28,1,265.2
2017,09,28,2,265.6
2017,09,28,3,265.9
2017,09,28,4,265.4
2017,09,28,5,265.5
2017,09,28,6,266.4
2017,09,28,7,267.5
2017,09,29,0,268.2
2017,09,29,1,268.2
2017,09,29,2,269.0
2017,09,29,3,268.8
2017,09,29,4,268.6
2017,09,29,5,268.5
2017,09,29,6,267.6
2017,09,29,7,268.2
2017,09,30,0,266.3
2017,09,30,1,266.5
2017,09,30,2,266.0
2017,09,30,3,266.7
2017,09,30,4,266.3
2017,09,30,5,265.4
2017,09,30,6,260.8
2017,09,30,7,253.3
2017,09,31,0,252.8
2017,09,31,1,251.3
2017,09,31,2,256.7
2017,09,31,3,258.4
2017,09,31,4,262.3
2017,09,31,5,262.9
2017,09,31,6,262.1
2017,09,31,7,262.7
2017,09,1,0,264.9
2017,09,1,1,265.2
2017,09,1,2,268.0
2017,09,1,3,271.2
2017,09,1,4,271.0
2017,09,1,5,270.7
2017,09,1,6,270.4
2017,09,1,7,268.9
2017,09,2,0,269.5
2017,09,2,1,269.7
2017,09,2,2,269.1
2017,09,2,3,268.1
2017,09,2,4,267.2
2017,09,2,5,266.7
2017,09,2,6,266.1
2017,09,2,7,266.5
2017,09,3,0,264.6
2017,09,3,1,264.2
2017,09,3,2,263.9
2017,09,3,3,263.2
2017,09,3,4,262.9
2017,09,3,5,263.2
2017,09,3,6,261.5
2017,09,3,7,261.0
2017,09,4,0,263.5
2017,09,4,1,264.6
2017,09,4,2,265.3
2017,09,4,3,264.7
2017,09,4,4,263.8
2017,09,4,5,265.0
2017,09,4,6,265.0
2017,09,4,7,264.8
2017,09,5,0,265.0
2017,09,5,1,265.4
2017,09,5,2,265.9
2017,09,5,3,265.7
2017,09,5,4,265.4
2017,09,5,5,265.5
2017,09,5,6,266.0
2017,09,5,7,266.0
2017,09,6,0,266.3
2017,09,6,1,266.2
2017,09,6,2,266.5
2017,09,6,3,266.9
2017,09,6,4,266.7
2017,09,6,5,266.2
2017,09,6,6,266.4
2017,09,6,7,266.8
2017,09,7,0,267.7
2017,09,7,1,268.7
2017,09,7,2,269.5
2017,09,7,3,269.7
2017,09,7,4,267.9
2017,09,7,5,267.4
2017,09,7,6,265.4
2017,09,7,7,265.5
2017,09,8,0,266.0
2017,09,8,1,264.9
2017,09,8,2,263.3
2017,09,8,3,260.4
2017,09,8,4,260.2
2017,09,8,5,259.5
2017,09,8,6,257.7
2017,09,8,7,256.8
2017,09,9,0,256.5
2017,09,9,1,258.1
2017,09,9,2,261.3
2017,09,9,3,259.7
2017,09,9,4,259.5
2017,09,9,5,259.4
2017,09,9,6,258.7
2017,09,9,7,258.7
2017,09,10,0,259.4
2017,09,10,1,260.4
2017,09,10,2,261.0
2017,09,10,3,261.5
2017,09,10,4,261.6
2017,09,10,5,261.6
2017,09,10,6,261.3
2017,09,10,7,261.1
2017,09,11,0,262.0
2017,09,11,1,263.6
2017,09,11,2,265.2
2017,09,11,3,265.0
2017,09,11,4,265.2
2017,09,11,5,265.0
2017,09,11,6,265.4
2017,09,11,7,265.6
2017,09,12,0,266.4
2017,09,12,1,266.7
2017,09,12,2,267.3
2017,09,12,3,267.3
2017,09,12,4,267.4
2017,09,12,5,267.8
2017,09,12,6,268.2
2017,09,12,7,267.5
2017,09,13,0,267.6
2017,09,13,1,268.5
2017,09,13,2,269.0
2017,09,13,3,268.9
2017,09,13,4,269.1
2017,09,13,5,267.5
2017,09,13,6,265.4
2017,09,13,7,264.7
2017,09,14,0,267.2
2017,09,14,1,268.7
2017,09,14,2,265.9
2017,09,14,3,264.4
2017,09,14,4,265.6
2017,09,14,5,264.5
2017,09,14,6,264.1
2017,09,14,7,262.8
2017,09,15,0,263.2
2017,09,15,1,264.2
2017,09,15,2,263.9
2017,09,15,3,264.2
2017,09,15,4,264.2
2017,09,15,5,263.9
2017,09,15,6,265.1
2017,09,15,7,264.7
2017,09,16,0,264.6
2017,09,16,1,265.1
2017,09,16,2,265.6
2017,09,16,3,265.9
2017,09,16,4,265.4
2017,09,16,5,264.9
2017,09,16,6,264.5
2017,09,16,7,264.0
2017,09,17,0,266.0
2017,09,17,1,266.3
2017,09,17,2,266.5
2017,09,17,3,267.5
2017,09,17,4,267.9
2017,09,17,5,269.3
2017,09,17,6,268.8
2017,09,17,7,268.4
2017,09,18,0,266.9
2017,09,18,1,266.8
2017,09,18,2,267.0
2017,09,18,3,266.7
2017,09,18,4,266.1
2017,09,18,5,265.8
2017,09,18,6,263.6
2017,09,18,7,262.5
2017,09,19,0,262.7
2017,09,19,1,262.1
2017,09,19,2,262.8
2017,09,19,3,262.0
2017,09,19,4,261.6
2017,09,19,5,262.0
2017,09,19,6,263.0
2017,09,19,7,263.6
2017,09,20,0,263.4
2017,09,20,1,263.6
2017,09,20,2,263.5
2017,09,20,3,263.1
2017,09,20,4,262.9
2017,09,20,5,264.4
2017,09,20,6,266.0
2017,09,20,7,268.3
2017,09,21,0,268.1
2017,09,21,1,268.9
2017,09,21,2,269.2
2017,09,21,3,270.0
2017,09,21,4,269.6
2017,09,21,5,270.1
2017,09,21,6,271.3
2017,09,21,7,271.6
2017,09,22,0,271.1
2017,09,22,1,271.3
2017,09,22,2,271.9
2017,09,22,3,271.4
2017,09,22,4,271.0
2017,09,22,5,270.8
2017,09,22,6,271.1
2017,09,22,7,270.0
2017,09,23,0,269.6
2017,09,23,1,269.6
2017,09,23,2,269.4
2017,09,23,3,268.7
2017,09,23,4,267.6
2017,09,23,5,266.3
2017,09,23,6,264.6
2017,09,23,7,263.8
2017,09,24,0,266.9
2017,09,24,1,267.2
2017,09,24,2,267.9
2017,09,24,3,267.8
2017,09,24,4,267.6
2017,09,24,5,267.9
2017,09,24,6,268.4
2017,09,24,7,267.6
2017,09,25,0,265.8
2017,09,25,1,265.3
2017,09,25,2,264.7
2017,09,25,3,266.9
2017,09,25,4,267.4
2017,09,25,5,267.5
2017,09,25,6,268.2
2017,09,25,7,269.0
2017,09,26,0,268.7
2017,09,26,1,268.3
2017,09,26,2,269.5
2017,09,26,3,270.9
2017,09,26,4,269.9
2017,09,26,5,270.8
2017,09,26,6,271.4
2017,09,26,7,270.0
2017,09,27,0,270.4
2017,09,27,1,269.3
2017,09,27,2,270.1
2017,09,27,3,271.8
2017,09,27,4,269.6
2017,09,27,5,270.5
2017,09,27,6,269.8
2017,09,27,7,268.0
2017,09,28,0,266.0
2017,09,28,1,265.5
2017,09,28,2,267.7
2017,09,28,3,267.1
2017,09,28,4,265.0
2017,09,28,5,263.6
2017,09,28,6,262.6
2017,09,28,7,262.0
2017,09,29,0,264.3
2017,09,29,1,267.6
2017,09,29,2,267.6
2017,09,29,3,267.5
2017,09,29,4,267.4
2017,09,29,5,267.4
2017,09,29,6,267.2
2017,09,29,7,267.7
2017,09,30,0,268.3
2017,09,30,1,268.1
2017,09,30,2,267.8
2017,09,30,3,269.2
2017,09,30,4,268.3
2017,09,30,5,268.5
2017,09,30,6,268.6
2017,09,30,7,268.0
2017,09,1,0,268.2
2017,09,1,1,269.0
2017,09,1,2,269.9
2017,09,1,3,269.0
2017,09,1,4,269.1
2017,09,1,5,269.5
2017,09,1,6,270.1
2017,09,1,7,270.2
2017,09,2,0,270.1
2017,09,2,1,270.0
2017,09,2,2,270.6
2017,09,2,3,270.3
2017,09,2,4,269.8
2017,09,2,5,269.5
2017,09,2,6,269.6
2017,09,2,7,270.8
2017,09,3,0,270.3
2017,09,3,1,270.6
2017,09,3,2,270.8
2017,09,3,3,271.0
2017,09,3,4,271.5
2017,09,3,5,271.9
2017,09,3,6,272.0
2017,09,3,7,271.7
2017,09,4,0,271.0
2017,09,4,1,270.8
2017,09,4,2,270.8
2017,09,4,3,271.2
2017,09,4,4,271.0
2017,09,4,5,271.4
2017,09,4,6,271.7
2017,09,4,7,270.0
2017,09,5,0,270.0
2017,09,5,1,270.0
2017,09,5,2,269.7
2017,09,5,3,269.7
2017,09,5,4,269.2
2017,09,5,5,268.6
2017,09,5,6,268.8
2017,09,5,7,268.9
2017,09,6,0,268.9
2017,09,6,1,269.0
2017,09,6,2,268.9
2017,09,6,3,268.3
2017,09,6,4,267.0
2017,09,6,5,265.7
2017,09,6,6,264.5
2017,09,6,7,264.2
2017,09,7,0,263.8
2017,09,7,1,263.1
2017,09,7,2,262.9
2017,09,7,3,262.4
2017,09,7,4,260.9
2017,09,7,5,260.3
2017,09,7,6,261.7
2017,09,7,7,262.5
2017,09,8,0,263.8
2017,09,8,1,264.7
2017,09,8,2,265.0
2017,09,8,3,264.7
2017,09,8,4,265.4
2017,09,8,5,265.0
2017,09,8,6,264.6
2017,09,8,7,264.5
2017,09,9,0,264.6
2017,09,9,1,264.6
2017,09,9,2,265.4
2017,09,9,3,266.4
2017,09,9,4,267.8
2017,09,9,5,268.0
2017,09,9,6,267.9
2017,09,9,7,268.0
2017,09,10,0,267.1
2017,09,10,1,267.0
2017,09,10,2,269.2
2017,09,10,3,272.3
2017,09,10,4,272.1
2017,09,10,5,270.6
2017,09,10,6,269.9
2017,09,10,7,270.2
2017,09,11,0,268.9
2017,09,11,1,269.3
2017,09,11,2,269.5
2017,09,11,3,269.4
2017,09,11,4,269.0
2017,09,11,5,268.8
2017,09,11,6,269.2
2017,09,11,7,269.1
2017,09,12,0,269.7
2017,09,12,1,270.2
2017,09,12,2,270.7
2017,09,12,3,270.8
2017,09,12,4,270.4
2017,09,12,5,269.8
2017,09,12,6,269.3
2017,09,12,7,268.3
2017,09,13,0,268.6
2017,09,13,1,268.3
2017,09,13,2,267.0
2017,09,13,3,265.8
2017,09,13,4,264.2
2017,09,13,5,263.0
2017,09,13,6,262.3
2017,09,13,7,262.0
2017,09,14,0,263.4
2017,09,14,1,263.8
2017,09,14,2,263.8
2017,09,14,3,264.3
2017,09,14,4,263.5
2017,09,14,5,262.2
2017,09,14,6,261.5
2017,09,14,7,263.2
2017,09,15,0,264.2
2017,09,15,1,264.3
2017,09,15,2,262.6
2017,09,15,3,261.4
2017,09,15,4,260.7
2017,09,15,5,260.3
2017,09,15,6,260.4
2017,09,15,7,261.8
2017,09,16,0,262.5
2017,09,16,1,262.9
2017,09,16,2,262.9
2017,09,16,3,263.6
2017,09,16,4,262.9
2017,09,16,5,263.9
2017,09,16,6,265.2
2017,09,16,7,265.8
2017,09,17,0,267.3
2017,09,17,1,268.2
2017,09,17,2,268.1
2017,09,17,3,268.0
2017,09,17,4,267.3
2017,09,17,5,265.2
2017,09,17,6,265.4
2017,09,17,7,263.3
2017,09,18,0,262.4
2017,09,18,1,263.0
2017,09,18,2,264.2
2017,09,18,3,264.6
2017,09,18,4,264.5
2017,09,18,5,265.8
2017,09,18,6,266.0
2017,09,18,7,265.1
2017,09,19,0,266.3
2017,09,19,1,268.1
2017,09,19,2,267.8
2017,09,19,3,267.8
2017,09,19,4,269.0
2017,09,19,5,269.8
2017,09,19,6,269.6
2017,09,19,7,269.5
2017,09,20,0,270.0
2017,09,20,1,270.0
2017,09,20,2,270.8
2017,09,20,3,271.4
2017,09,20,4,271.3
2017,09,20,5,270.3
2017,09,20,6,269.6
2017,09,20,7,268.2
2017,09,21,0,268.5
2017,09,21,1,268.5
2017,09,21,2,267.8
2017,09,21,3,267.3
2017,09,21,4,268.2
2017,09,21,5,268.0
2017,09,21,6,268.3
2017,09,21,7,267.9
2017,09,22,0,268.7
2017,09,22,1,268.7
2017,09,22,2,268.9
2017,09,22,3,269.7
2017,09,22,4,270.3
2017,09,22,5,271.3
2017,09,22,6,271.5
2017,09,22,7,270.4
2017,09,23,0,271.0
2017,09,23,1,271.3
2017,09,23,2,271.7
2017,09,23,3,274.0
2017,09,23,4,274.7
2017,09,23,5,274.9
2017,09,23,6,274.8
2017,09,23,7,274.7
2017,09,24,0,272.8
2017,09,24,1,272.8
2017,09,24,2,272.7
2017,09,24,3,272.6
2017,09,24,4,272.2
2017,09,24,5,272.0
2017,09,24,6,272.2
2017,09,24,7,272.0
2017,09,25,0,271.6
2017,09,25,1,271.4
2017,09,25,2,271.4
2017,09,25,3,270.7
2017,09,25,4,270.0
2017,09,25,5,269.9
2017,09,25,6,270.1
2017,09,25,7,270.2
2017,09,26,0,270.8
2017,09,26,1,271.5
2017,09,26,2,271.7
2017,09,26,3,270.7
2017,09,26,4,270.3
2017,09,26,5,270.7
2017,09,26,6,270.1
2017,09,26,7,268.4
2017,09,27,0,269.6
2017,09,27,1,269.3
2017,09,27,2,268.5
2017,09,27,3,268.0
2017,09,27,4,269.3
2017,09,27,5,270.1
2017,09,27,6,269.9
2017,09,27,7,270.0
2017,09,28,0,268.5
2017,09,28,1,268.7
2017,09,28,2,268.6
2017,09,28,3,268.4
2017,09,28,4,268.0
2017,09,28,5,268.1
2017,09,28,6,268.0
2017,09,28,7,268.7
2017,09,29,0,269.8
2017,09,29,1,269.8
2017,09,29,2,269.6
2017,09,29,3,269.8
2017,09,29,4,269.4
2017,09,29,5,268.9
2017,09,29,6,268.7
2017,09,29,7,269.8
2017,09,30,0,270.8
2017,09,30,1,271.0
2017,09,30,2,270.8
2017,09,30,3,270.7
2017,09,30,4,270.3
2017,09,30,5,269.9
2017,09,30,6,270.1
2017,09,30,7,270.7
2017,09,31,0,271.0
2017,09,31,1,271.1
2017,09,31,2,271.0
2017,09,31,3,271.1
2017,09,31,4,270.1
2017,09,31,5,268.4
2017,09,31,6,267.5
2017,09,31,7,267.6
2017,09,1,0,268.6
2017,09,1,1,268.9
2017,09,1,2,270.0
2017,09,1,3,269.9
2017,09,1,4,268.6
2017,09,1,5,269.2
2017,09,1,6,270.1
2017,09,1,7,269.0
2017,09,2,0,270.3
2017,09,2,1,270.7
2017,09,2,2,271.6
2017,09,2,3,272.5
2017,09,2,4,272.9
2017,09,2,5,273.3
2017,09,2,6,273.6
2017,09,2,7,273.2
2017,09,3,0,273.1
2017,09,3,1,273.8
2017,09,3,2,274.3
2017,09,3,3,274.6
2017,09,3,4,274.1
2017,09,3,5,273.7
2017,09,3,6,273.5
2017,09,3,7,273.1
2017,09,4,0,273.6
2017,09,4,1,273.6
2017,09,4,2,273.6
2017,09,4,3,273.4
2017,09,4,4,273.4
2017,09,4,5,273.2
2017,09,4,6,273.3
2017,09,4,7,272.2
2017,09,5,0,272.8
2017,09,5,1,273.1
2017,09,5,2,273.0
2017,09,5,3,272.7
2017,09,5,4,273.4
2017,09,5,5,274.0
2017,09,5,6,272.8
2017,09,5,7,273.5
2017,09,6,0,272.7
2017,09,6,1,272.6
2017,09,6,2,272.3
2017,09,6,3,272.1
2017,09,6,4,271.9
2017,09,6,5,271.8
2017,09,6,6,273.5
2017,09,6,7,272.6
2017,09,7,0,273.9
2017,09,7,1,274.3
2017,09,7,2,274.4
2017,09,7,3,274.6
2017,09,7,4,274.2
2017,09,7,5,274.8
2017,09,7,6,275.0
2017,09,7,7,274.7
2017,09,8,0,275.3
2017,09,8,1,276.3
2017,09,8,2,277.2
2017,09,8,3,276.3
2017,09,8,4,274.4
2017,09,8,5,273.3
2017,09,8,6,272.9
2017,09,8,7,272.9
2017,09,9,0,274.1
2017,09,9,1,274.5
2017,09,9,2,275.1
2017,09,9,3,274.5
2017,09,9,4,274.7
2017,09,9,5,274.7
2017,09,9,6,274.7
2017,09,9,7,275.1
2017,09,10,0,276.4
2017,09,10,1,276.5
2017,09,10,2,276.2
2017,09,10,3,275.7
2017,09,10,4,275.4
2017,09,10,5,274.0
2017,09,10,6,273.5
2017,09,10,7,273.8
2017,09,11,0,273.8
2017,09,11,1,273.0
2017,09,11,2,272.5
2017,09,11,3,271.6
2017,09,11,4,270.4
2017,09,11,5,269.3
2017,09,11,6,268.4
2017,09,11,7,266.3
2017,09,12,0,263.1
2017,09,12,1,259.2
2017,09,12,2,257.4
2017,09,12,3,258.2
2017,09,12,4,258.9
2017,09,12,5,260.9
2017,09,12,6,263.2
2017,09,12,7,263.4
2017,09,13,0,265.0
2017,09,13,1,264.3
2017,09,13,2,267.4
2017,09,13,3,270.0
2017,09,13,4,270.5
2017,09,13,5,271.1
2017,09,13,6,271.8
2017,09,13,7,272.1
2017,09,14,0,270.4
2017,09,14,1,270.6
2017,09,14,2,272.4
2017,09,14,3,271.7
2017,09,14,4,272.3
2017,09,14,5,272.4
2017,09,14,6,271.9
2017,09,14,7,271.0
2017,09,15,0,272.1
2017,09,15,1,272.7
2017,09,15,2,272.6
2017,09,15,3,273.2
2017,09,15,4,274.2
2017,09,15,5,274.0
2017,09,15,6,274.8
2017,09,15,7,272.8
2017,09,16,0,273.9
2017,09,16,1,274.6
2017,09,16,2,275.8
2017,09,16,3,275.0
2017,09,16,4,275.2
2017,09,16,5,274.9
2017,09,16,6,274.6
2017,09,16,7,274.3
2017,09,17,0,272.9
2017,09,17,1,273.4
2017,09,17,2,274.8
2017,09,17,3,275.7
2017,09,17,4,275.6
2017,09,17,5,275.7
2017,09,17,6,275.7
2017,09,17,7,274.4
2017,09,18,0,273.7
2017,09,18,1,273.5
2017,09,18,2,274.2
2017,09,18,3,275.6
2017,09,18,4,275.8
2017,09,18,5,276.0
2017,09,18,6,276.1
2017,09,18,7,275.9
2017,09,19,0,274.7
2017,09,19,1,274.8
2017,09,19,2,275.1
2017,09,19,3,275.0
2017,09,19,4,274.8
2017,09,19,5,274.8
2017,09,19,6,275.2
2017,09,19,7,275.7
2017,09,20,0,276.5
2017,09,20,1,276.5
2017,09,20,2,276.4
2017,09,20,3,276.2
2017,09,20,4,275.8
2017,09,20,5,275.9
2017,09,20,6,276.9
2017,09,20,7,277.5
2017,09,21,0,278.7
2017,09,21,1,279.0
2017,09,21,2,278.7
2017,09,21,3,278.4
2017,09,21,4,277.9
2017,09,21,5,277.6
2017,09,21,6,277.1
2017,09,21,7,276.7
2017,09,22,0,276.5
2017,09,22,1,275.9
2017,09,22,2,276.6
2017,09,22,3,276.2
2017,09,22,4,275.8
2017,09,22,5,275.8
2017,09,22,6,276.1
2017,09,22,7,274.9
2017,09,23,0,275.8
2017,09,23,1,275.9
2017,09,23,2,275.7
2017,09,23,3,275.6
2017,09,23,4,275.3
2017,09,23,5,275.2
2017,09,23,6,275.6
2017,09,23,7,275.4
2017,09,24,0,276.1
2017,09,24,1,275.7
2017,09,24,2,275.6
2017,09,24,3,275.2
2017,09,24,4,274.7
2017,09,24,5,274.5
2017,09,24,6,274.5
2017,09,24,7,274.3
2017,09,25,0,274.6
2017,09,25,1,274.4
2017,09,25,2,273.5
2017,09,25,3,273.2
2017,09,25,4,273.3
2017,09,25,5,273.0
2017,09,25,6,272.6
2017,09,25,7,273.0
2017,09,26,0,274.4
2017,09,26,1,274.8
2017,09,26,2,274.7
2017,09,26,3,274.6
2017,09,26,4,274.2
2017,09,26,5,275.0
2017,09,26,6,275.0
2017,09,26,7,273.9
2017,09,27,0,274.4
2017,09,27,1,275.1
2017,09,27,2,274.7
2017,09,27,3,274.0
2017,09,27,4,273.3
2017,09,27,5,273.1
2017,09,27,6,273.6
2017,09,27,7,273.6
2017,09,28,0,274.5
2017,09,28,1,275.1
2017,09,28,2,274.9
2017,09,28,3,274.6
2017,09,28,4,274.1
2017,09,28,5,274.4
2017,09,28,6,274.6
2017,09,28,7,273.7
2017,09,29,0,274.5
2017,09,29,1,274.6
2017,09,29,2,275.2
2017,09,29,3,275.4
2017,09,29,4,275.5
2017,09,29,5,276.1
2017,09,29,6,275.3
2017,09,29,7,274.8
2017,09,30,0,276.1
2017,09,30,1,276.3
2017,09,30,2,276.1
2017,09,30,3,276.2
2017,09,30,4,276.9
2017,09,30,5,277.0
2017,09,30,6,276.5
2017,09,30,7,275.2
2017,09,1,0,276.3
2017,09,1,1,276.6
2017,09,1,2,276.0
2017,09,1,3,275.8
2017,09,1,4,275.4
2017,09,1,5,274.7
2017,09,1,6,274.6
2017,09,1,7,274.7
2017,09,2,0,275.6
2017,09,2,1,275.3
2017,09,2,2,274.4
2017,09,2,3,274.1
2017,09,2,4,274.4
2017,09,2,5,275.0
2017,09,2,6,275.7
2017,09,2,7,274.2
2017,09,3,0,275.2
2017,09,3,1,275.4
2017,09,3,2,275.3
2017,09,3,3,275.2
2017,09,3,4,274.8
2017,09,3,5,275.1
2017,09,3,6,276.1
2017,09,3,7,275.8
2017,09,4,0,275.7
2017,09,4,1,275.9
2017,09,4,2,276.1
2017,09,4,3,275.9
2017,09,4,4,275.3
2017,09,4,5,274.9
2017,09,4,6,274.8
2017,09,4,7,274.9
2017,09,5,0,275.7
2017,09,5,1,275.6
2017,09,5,2,275.2
2017,09,5,3,274.9
2017,09,5,4,274.1
2017,09,5,5,273.4
2017,09,5,6,272.8
2017,09,5,7,273.5
2017,09,6,0,273.6
2017,09,6,1,274.5
2017,09,6,2,274.9
2017,09,6,3,274.3
2017,09,6,4,273.3
2017,09,6,5,273.9
2017,09,6,6,273.8
2017,09,6,7,274.4
2017,09,7,0,275.2
2017,09,7,1,275.1
2017,09,7,2,275.2
2017,09,7,3,275.1
2017,09,7,4,274.8
2017,09,7,5,274.8
2017,09,7,6,274.6
2017,09,7,7,274.6
2017,09,8,0,274.8
2017,09,8,1,275.8
2017,09,8,2,275.6
2017,09,8,3,275.2
2017,09,8,4,274.8
2017,09,8,5,274.6
2017,09,8,6,274.7
2017,09,8,7,275.2
2017,09,9,0,275.8
2017,09,9,1,275.6
2017,09,9,2,275.4
2017,09,9,3,274.6
2017,09,9,4,273.9
2017,09,9,5,272.7
2017,09,9,6,273.4
2017,09,9,7,273.9
2017,09,10,0,274.4
2017,09,10,1,273.8
2017,09,10,2,274.0
2017,09,10,3,274.2
2017,09,10,4,273.8
2017,09,10,5,273.6
2017,09,10,6,273.8
2017,09,10,7,273.9
2017,09,11,0,274.7
2017,09,11,1,274.2
2017,09,11,2,273.6
2017,09,11,3,273.9
2017,09,11,4,273.9
2017,09,11,5,273.3
2017,09,11,6,273.0
2017,09,11,7,272.1
2017,09,12,0,273.1
2017,09,12,1,273.3
2017,09,12,2,272.3
2017,09,12,3,271.5
2017,09,12,4,271.1
2017,09,12,5,271.1
2017,09,12,6,271.6
2017,09,12,7,271.3
2017,09,13,0,272.8
2017,09,13,1,273.1
2017,09,13,2,272.9
2017,09,13,3,272.5
2017,09,13,4,272.5
2017,09,13,5,272.4
2017,09,13,6,272.0
2017,09,13,7,272.9
2017,09,14,0,273.6
2017,09,14,1,273.5
2017,09,14,2,273.9
2017,09,14,3,273.8
2017,09,14,4,273.2
2017,09,14,5,273.0
2017,09,14,6,273.3
2017,09,14,7,274.5
2017,09,15,0,275.8
2017,09,15,1,275.9
2017,09,15,2,275.8
2017,09,15,3,275.5
2017,09,15,4,275.5
2017,09,15,5,276.1
2017,09,15,6,276.1
2017,09,15,7,276.4
2017,09,16,0,277.3
2017,09,16,1,276.7
2017,09,16,2,276.5
2017,09,16,3,276.3
2017,09,16,4,275.7
2017,09,16,5,275.2
2017,09,16,6,275.2
2017,09,16,7,275.7
2017,09,17,0,275.4
2017,09,17,1,275.3
2017,09,17,2,275.4
2017,09,17,3,275.1
2017,09,17,4,274.7
2017,09,17,5,275.0
2017,09,17,6,274.3
2017,09,17,7,275.4
2017,09,18,0,275.8
2017,09,18,1,276.7
2017,09,18,2,276.5
2017,09,18,3,275.9
2017,09,18,4,275.7
2017,09,18,5,277.1
2017,09,18,6,277.3
2017,09,18,7,276.4
2017,09,19,0,276.3
2017,09,19,1,276.7
2017,09,19,2,276.4
2017,09,19,3,276.4
2017,09,19,4,275.8
2017,09,19,5,275.6
2017,09,19,6,275.7
2017,09,19,7,274.8
2017,09,20,0,275.8
2017,09,20,1,275.3
2017,09,20,2,276.2
2017,09,20,3,276.8
2017,09,20,4,275.8
2017,09,20,5,275.3
2017,09,20,6,275.1
2017,09,20,7,275.7
2017,09,21,0,276.9
2017,09,21,1,277.2
2017,09,21,2,276.8
2017,09,21,3,276.5
2017,09,21,4,276.1
2017,09,21,5,276.4
2017,09,21,6,276.8
2017,09,21,7,276.2
2017,09,22,0,277.6
2017,09,22,1,278.2
2017,09,22,2,278.3
2017,09,22,3,278.0
2017,09,22,4,277.5
2017,09,22,5,277.8
2017,09,22,6,278.1
2017,09,22,7,277.9
2017,09,23,0,279.1
2017,09,23,1,279.2
2017,09,23,2,278.4
2017,09,23,3,277.1
2017,09,23,4,276.7
2017,09,23,5,276.4
2017,09,23,6,275.7
2017,09,23,7,276.3
2017,09,24,0,277.0
2017,09,24,1,277.0
2017,09,24,2,276.9
2017,09,24,3,276.5
2017,09,24,4,275.8
2017,09,24,5,275.3
2017,09,24,6,274.7
2017,09,24,7,275.2
2017,09,25,0,275.0
2017,09,25,1,275.4
2017,09,25,2,274.5
2017,09,25,3,274.2
2017,09,25,4,273.8
2017,09,25,5,273.5
2017,09,25,6,273.3
2017,09,25,7,273.7
2017,09,26,0,274.4
2017,09,26,1,274.3
2017,09,26,2,273.9
2017,09,26,3,273.8
2017,09,26,4,273.1
2017,09,26,5,273.1
2017,09,26,6,272.7
2017,09,26,7,274.0
2017,09,27,0,274.8
2017,09,27,1,274.5
2017,09,27,2,274.2
2017,09,27,3,274.3
2017,09,27,4,274.7
2017,09,27,5,275.2
2017,09,27,6,275.7
2017,09,27,7,273.8
2017,09,28,0,274.5
2017,09,28,1,273.9
2017,09,28,2,273.7
2017,09,28,3,273.6
2017,09,28,4,274.5
2017,09,28,5,275.6
2017,09,28,6,275.8
2017,09,28,7,273.2
2017,09,29,0,274.2
2017,09,29,1,274.0
2017,09,29,2,273.0
2017,09,29,3,273.5
2017,09,29,4,272.9
2017,09,29,5,271.9
2017,09,29,6,271.5
2017,09,29,7,272.9
2017,09,30,0,273.5
2017,09,30,1,273.1
2017,09,30,2,272.6
2017,09,30,3,272.8
2017,09,30,4,272.6
2017,09,30,5,272.4
2017,09,30,6,272.3
2017,09,30,7,273.0
2017,09,31,0,273.8
2017,09,31,1,273.8
2017,09,31,2,273.4
2017,09,31,3,273.4
2017,09,31,4,273.5
2017,09,31,5,273.3
2017,09,31,6,273.3
2017,09,31,7,274.0
2017,09,1,0,274.8
2017,09,1,1,274.8
2017,09,1,2,274.6
2017,09,1,3,274.3
2017,09,1,4,274.7
2017,09,1,5,274.8
2017,09,1,6,274.3
2017,09,1,7,275.1
2017,09,2,0,276.2
2017,09,2,1,276.5
2017,09,2,2,276.6
2017,09,2,3,276.6
2017,09,2,4,275.8
2017,09,2,5,275.1
2017,09,2,6,275.1
2017,09,2,7,275.6
2017,09,3,0,275.5
2017,09,3,1,275.5
2017,09,3,2,276.0
2017,09,3,3,275.9
2017,09,3,4,276.2
2017,09,3,5,275.4
2017,09,3,6,275.9
2017,09,3,7,275.8
2017,09,4,0,275.4
2017,09,4,1,274.4
2017,09,4,2,275.0
2017,09,4,3,275.2
2017,09,4,4,274.6
2017,09,4,5,274.9
2017,09,4,6,275.0
2017,09,4,7,274.0
2017,09,5,0,274.1
2017,09,5,1,274.1
2017,09,5,2,275.2
2017,09,5,3,274.9
2017,09,5,4,274.8
2017,09,5,5,274.7
2017,09,5,6,274.7
2017,09,5,7,273.6
2017,09,6,0,274.3
2017,09,6,1,274.1
2017,09,6,2,272.9
2017,09,6,3,273.2
2017,09,6,4,272.7
2017,09,6,5,272.3
2017,09,6,6,271.7
2017,09,6,7,272.3
2017,09,7,0,272.7
2017,09,7,1,272.5
2017,09,7,2,272.4
2017,09,7,3,272.9
2017,09,7,4,272.6
2017,09,7,5,271.9
2017,09,7,6,271.7
2017,09,7,7,271.6
2017,09,8,0,272.7
2017,09,8,1,272.4
2017,09,8,2,272.1
2017,09,8,3,272.4
2017,09,8,4,271.9
2017,09,8,5,272.4
2017,09,8,6,272.5
2017,09,8,7,272.2
2017,09,9,0,273.0
2017,09,9,1,272.4
2017,09,9,2,271.8
2017,09,9,3,272.9
2017,09,9,4,273.0
2017,09,9,5,273.3
2017,09,9,6,272.6
2017,09,9,7,272.0
2017,09,10,0,273.1
2017,09,10,1,272.8
2017,09,10,2,272.7
2017,09,10,3,272.7
2017,09,10,4,273.3
2017,09,10,5,274.3
2017,09,10,6,274.8
2017,09,10,7,273.0
2017,09,11,0,273.9
2017,09,11,1,273.6
2017,09,11,2,272.7
2017,09,11,3,273.3
2017,09,11,4,274.0
2017,09,11,5,274.3
2017,09,11,6,274.5
2017,09,11,7,273.3
2017,09,12,0,274.4
2017,09,12,1,274.4
2017,09,12,2,273.8
2017,09,12,3,273.2
2017,09,12,4,272.8
2017,09,12,5,273.1
2017,09,12,6,273.4
2017,09,12,7,273.3
2017,09,13,0,274.5
2017,09,13,1,274.7
2017,09,13,2,274.1
2017,09,13,3,273.8
2017,09,13,4,273.9
2017,09,13,5,274.6
2017,09,13,6,274.7
2017,09,13,7,273.5
2017,09,14,0,274.4
2017,09,14,1,274.7
2017,09,14,2,274.5
2017,09,14,3,274.3
2017,09,14,4,274.1
2017,09,14,5,273.6
2017,09,14,6,272.4
2017,09,14,7,272.7
2017,09,15,0,273.6
2017,09,15,1,273.3
2017,09,15,2,273.1
2017,09,15,3,272.7
2017,09,15,4,271.8
2017,09,15,5,271.4
2017,09,15,6,272.4
2017,09,15,7,272.2
2017,09,16,0,273.5
2017,09,16,1,273.6
2017,09,16,2,273.1
2017,09,16,3,272.8
2017,09,16,4,272.2
2017,09,16,5,271.9
2017,09,16,6,272.2
2017,09,16,7,272.4
2017,09,17,0,273.1
2017,09,17,1,272.7
2017,09,17,2,272.8
2017,09,17,3,272.9
2017,09,17,4,272.5
2017,09,17,5,272.2
2017,09,17,6,271.9
2017,09,17,7,272.7
2017,09,18,0,273.8
2017,09,18,1,273.7
2017,09,18,2,273.5
2017,09,18,3,273.3
2017,09,18,4,273.2
2017,09,18,5,273.0
2017,09,18,6,272.9
2017,09,18,7,273.9
2017,09,19,0,274.5
2017,09,19,1,274.3
2017,09,19,2,273.9
2017,09,19,3,273.4
2017,09,19,4,273.4
2017,09,19,5,273.4
2017,09,19,6,273.4
2017,09,19,7,274.7
2017,09,20,0,275.1
2017,09,20,1,274.6
2017,09,20,2,274.2
2017,09,20,3,273.7
2017,09,20,4,272.9
2017,09,20,5,272.1
2017,09,20,6,271.9
2017,09,20,7,272.9
2017,09,21,0,273.5
2017,09,21,1,273.2
2017,09,21,2,273.1
2017,09,21,3,273.0
2017,09,21,4,272.1
2017,09,21,5,271.7
2017,09,21,6,271.2
2017,09,21,7,271.4
2017,09,22,0,272.1
2017,09,22,1,272.4
2017,09,22,2,271.9
2017,09,22,3,271.2
2017,09,22,4,270.3
2017,09,22,5,269.9
2017,09,22,6,270.7
2017,09,22,7,271.2
2017,09,23,0,271.9
2017,09,23,1,271.9
2017,09,23,2,271.6
2017,09,23,3,271.3
2017,09,23,4,270.9
2017,09,23,5,271.0
2017,09,23,6,270.8
2017,09,23,7,271.6
2017,09,24,0,272.1
2017,09,24,1,271.6
2017,09,24,2,271.8
2017,09,24,3,271.8
2017,09,24,4,271.6
2017,09,24,5,271.7
2017,09,24,6,272.9
2017,09,24,7,272.0
2017,09,25,0,272.8
2017,09,25,1,273.2
2017,09,25,2,272.8
2017,09,25,3,272.8
2017,09,25,4,272.0
2017,09,25,5,272.4
2017,09,25,6,272.5
2017,09,25,7,271.3
2017,09,26,0,273.2
2017,09,26,1,273.2
2017,09,26,2,272.0
2017,09,26,3,271.5
2017,09,26,4,270.8
2017,09,26,5,271.1
2017,09,26,6,271.2
2017,09,26,7,270.7
2017,09,27,0,271.8
2017,09,27,1,271.4
2017,09,27,2,271.2
2017,09,27,3,270.8
2017,09,27,4,269.9
2017,09,27,5,270.5
2017,09,27,6,270.3
2017,09,27,7,271.2
2017,09,28,0,272.3
2017,09,28,1,272.1
2017,09,28,2,272.0
2017,09,28,3,272.5
2017,09,28,4,272.3
2017,09,28,5,271.7
2017,09,28,6,271.2
2017,09,28,7,272.3
2017,09,29,0,272.9
2017,09,29,1,273.2
2017,09,29,2,273.2
2017,09,29,3,273.0
2017,09,29,4,272.3
2017,09,29,5,271.9
2017,09,29,6,271.9
2017,09,29,7,273.1
2017,09,30,0,273.4
2017,09,30,1,273.1
2017,09,30,2,272.9
2017,09,30,3,272.2
2017,09,30,4,272.6
2017,09,30,5,272.2
2017,09,30,6,272.2
2017,09,30,7,272.7
2017,09,31,0,273.2
2017,09,31,1,272.2
2017,09,31,2,272.3
2017,09,31,3,271.9
2017,09,31,4,272.1
2017,09,31,5,272.0
2017,09,31,6,271.9
2017,09,31,7,272.3
2017,09,1,0,272.6
2017,09,1,1,272.8
2017,09,1,2,272.0
2017,09,1,3,270.9
2017,09,1,4,272.7
2017,09,1,5,273.2
2017,09,1,6,273.5
2017,09,1,7,273.8
2017,09,2,0,273.0
2017,09,2,1,273.5
2017,09,2,2,273.4
2017,09,2,3,273.2
2017,09,2,4,272.4
2017,09,2,5,273.6
2017,09,2,6,273.4
2017,09,2,7,273.5
2017,09,3,0,274.5
2017,09,3,1,274.6
2017,09,3,2,274.3
2017,09,3,3,273.8
2017,09,3,4,273.7
2017,09,3,5,273.7
2017,09,3,6,273.8
2017,09,3,7,273.9
2017,09,4,0,274.2
2017,09,4,1,274.0
2017,09,4,2,274.3
2017,09,4,3,274.1
2017,09,4,4,273.4
2017,09,4,5,273.1
2017,09,4,6,273.0
2017,09,4,7,273.0
2017,09,5,0,273.6
2017,09,5,1,274.5
2017,09,5,2,274.8
2017,09,5,3,274.2
2017,09,5,4,273.7
2017,09,5,5,273.4
2017,09,5,6,273.3
2017,09,5,7,273.6
2017,09,6,0,274.8
2017,09,6,1,275.0
2017,09,6,2,275.3
2017,09,6,3,274.8
2017,09,6,4,274.5
2017,09,6,5,274.1
2017,09,6,6,272.9
2017,09,6,7,273.2
2017,09,7,0,273.9
2017,09,7,1,273.1
2017,09,7,2,272.5
2017,09,7,3,272.3
2017,09,7,4,272.2
2017,09,7,5,271.7
2017,09,7,6,271.6
2017,09,7,7,273.0
2017,09,8,0,274.1
2017,09,8,1,274.1
2017,09,8,2,272.8
2017,09,8,3,272.5
2017,09,8,4,271.9
2017,09,8,5,270.5
2017,09,8,6,269.4
2017,09,8,7,270.3
2017,09,9,0,270.6
2017,09,9,1,269.6
2017,09,9,2,269.0
2017,09,9,3,268.7
2017,09,9,4,268.6
2017,09,9,5,268.7
2017,09,9,6,269.8
2017,09,9,7,268.7
2017,09,10,0,269.3
2017,09,10,1,269.4
2017,09,10,2,270.6
2017,09,10,3,270.3
2017,09,10,4,269.6
2017,09,10,5,269.5
2017,09,10,6,271.3
2017,09,10,7,271.5
2017,09,11,0,271.2
2017,09,11,1,271.1
2017,09,11,2,271.6
2017,09,11,3,271.2
2017,09,11,4,271.4
2017,09,11,5,271.1
2017,09,11,6,272.6
2017,09,11,7,272.6
2017,09,12,0,274.1
2017,09,12,1,272.9
2017,09,12,2,272.5
2017,09,12,3,272.4
2017,09,12,4,273.1
2017,09,12,5,272.7
2017,09,12,6,272.7
2017,09,12,7,272.1
2017,09,13,0,272.0
2017,09,13,1,271.8
2017,09,13,2,271.7
2017,09,13,3,271.3
2017,09,13,4,271.1
2017,09,13,5,271.0
2017,09,13,6,270.8
2017,09,13,7,270.4
2017,09,14,0,270.2
2017,09,14,1,269.9
2017,09,14,2,269.5
2017,09,14,3,268.8
2017,09,14,4,268.8
2017,09,14,5,269.3
2017,09,14,6,270.1
2017,09,14,7,269.8
2017,09,15,0,270.4
2017,09,15,1,270.3
2017,09,15,2,269.3
2017,09,15,3,268.8
2017,09,15,4,268.0
2017,09,15,5,268.1
2017,09,15,6,268.8
2017,09,15,7,267.0
2017,09,16,0,268.1
2017,09,16,1,267.4
2017,09,16,2,269.6
2017,09,16,3,269.9
2017,09,16,4,269.8
2017,09,16,5,269.7
2017,09,16,6,269.7
2017,09,16,7,267.0
2017,09,17,0,268.4
2017,09,17,1,268.4
2017,09,17,2,268.3
2017,09,17,3,268.2
2017,09,17,4,268.1
2017,09,17,5,268.8
2017,09,17,6,270.0
2017,09,17,7,268.5
2017,09,18,0,270.2
2017,09,18,1,270.6
2017,09,18,2,272.1
2017,09,18,3,272.5
2017,09,18,4,272.5
2017,09,18,5,272.3
2017,09,18,6,272.3
2017,09,18,7,271.6
2017,09,19,0,272.4
2017,09,19,1,273.8
2017,09,19,2,273.8
2017,09,19,3,272.9
2017,09,19,4,273.6
2017,09,19,5,272.7
2017,09,19,6,273.6
2017,09,19,7,272.4
2017,09,20,0,270.9
2017,09,20,1,271.2
2017,09,20,2,272.1
2017,09,20,3,273.3
2017,09,20,4,272.5
2017,09,20,5,271.5
2017,09,20,6,271.0
2017,09,20,7,270.2
2017,09,21,0,271.0
2017,09,21,1,271.5
2017,09,21,2,271.2
2017,09,21,3,270.0
2017,09,21,4,268.0
2017,09,21,5,263.9
2017,09,21,6,261.1
2017,09,21,7,258.5
2017,09,22,0,258.2
2017,09,22,1,257.9
2017,09,22,2,258.2
2017,09,22,3,259.1
2017,09,22,4,257.9
2017,09,22,5,257.4
2017,09,22,6,257.9
2017,09,22,7,257.0
2017,09,23,0,258.7
2017,09,23,1,258.8
2017,09,23,2,258.3
2017,09,23,3,259.4
2017,09,23,4,259.0
2017,09,23,5,259.8
2017,09,23,6,259.9
2017,09,23,7,259.8
2017,09,24,0,260.5
2017,09,24,1,262.0
2017,09,24,2,263.2
2017,09,24,3,264.1
2017,09,24,4,264.7
2017,09,24,5,265.3
2017,09,24,6,265.7
2017,09,24,7,266.5
2017,09,25,0,266.9
2017,09,25,1,267.9
2017,09,25,2,268.4
2017,09,25,3,268.1
2017,09,25,4,268.2
2017,09,25,5,268.0
2017,09,25,6,268.2
2017,09,25,7,269.1
2017,09,26,0,268.3
2017,09,26,1,268.6
2017,09,26,2,268.2
2017,09,26,3,267.3
2017,09,26,4,266.0
2017,09,26,5,265.9
2017,09,26,6,265.8
2017,09,26,7,265.8
2017,09,27,0,265.9
2017,09,27,1,267.3
2017,09,27,2,268.2
2017,09,27,3,268.4
2017,09,27,4,268.1
2017,09,27,5,268.0
2017,09,27,6,268.4
2017,09,27,7,268.4
2017,09,28,0,269.1
2017,09,28,1,269.6
2017,09,28,2,271.1
2017,09,28,3,271.0
2017,09,28,4,270.8
2017,09,28,5,271.0
2017,09,28,6,270.8
2017,09,28,7,269.8
2017,09,29,0,268.6
2017,09,29,1,268.9
2017,09,29,2,269.4
2017,09,29,3,269.8
2017,09,29,4,269.6
2017,09,29,5,269.7
2017,09,29,6,270.2
2017,09,29,7,269.3
2017,09,30,0,269.5
2017,09,30,1,269.4
2017,09,30,2,269.7
2017,09,30,3,270.4
2017,09,30,4,270.4
2017,09,30,5,270.4
2017,09,30,6,271.9
2017,09,30,7,271.0
2017,09,1,0,270.7
2017,09,1,1,272.9
2017,09,1,2,273.0
2017,09,1,3,273.8
2017,09,1,4,273.9
2017,09,1,5,272.9
2017,09,1,6,272.8
2017,09,1,7,271.1
2017,09,2,0,271.2
2017,09,2,1,271.6
2017,09,2,2,270.8
2017,09,2,3,268.9
2017,09,2,4,268.4
2017,09,2,5,268.3
2017,09,2,6,267.7
2017,09,2,7,267.0
2017,09,3,0,267.5
2017,09,3,1,266.6
2017,09,3,2,265.9
2017,09,3,3,266.1
2017,09,3,4,264.8
2017,09,3,5,263.4
2017,09,3,6,262.4
2017,09,3,7,263.9
2017,09,4,0,263.7
2017,09,4,1,262.8
2017,09,4,2,263.3
2017,09,4,3,265.1
2017,09,4,4,267.9
2017,09,4,5,268.9
2017,09,4,6,269.7
2017,09,4,7,267.9
2017,09,5,0,268.3
2017,09,5,1,268.6
2017,09,5,2,268.6
2017,09,5,3,268.3
2017,09,5,4,268.0
2017,09,5,5,268.1
2017,09,5,6,269.0
2017,09,5,7,268.3
2017,09,6,0,269.5
2017,09,6,1,270.0
2017,09,6,2,270.5
2017,09,6,3,272.1
2017,09,6,4,273.3
2017,09,6,5,273.8
2017,09,6,6,274.7
2017,09,6,7,275.3
2017,09,7,0,275.2
2017,09,7,1,275.8
2017,09,7,2,275.6
2017,09,7,3,275.7
2017,09,7,4,275.4
2017,09,7,5,275.1
2017,09,7,6,275.2
2017,09,7,7,273.9
2017,09,8,0,274.1
2017,09,8,1,274.3
2017,09,8,2,274.2
2017,09,8,3,274.3
2017,09,8,4,273.6
2017,09,8,5,273.1
2017,09,8,6,272.7
2017,09,8,7,272.2
2017,09,9,0,272.3
2017,09,9,1,272.9
2017,09,9,2,272.4
2017,09,9,3,275.0
2017,09,9,4,274.2
2017,09,9,5,273.2
2017,09,9,6,273.3
2017,09,9,7,273.5
2017,09,10,0,273.5
2017,09,10,1,273.7
2017,09,10,2,273.1
2017,09,10,3,273.1
2017,09,10,4,272.8
2017,09,10,5,272.5
2017,09,10,6,272.9
2017,09,10,7,271.9
2017,09,11,0,271.2
2017,09,11,1,272.1
2017,09,11,2,272.3
2017,09,11,3,272.1
2017,09,11,4,271.0
2017,09,11,5,270.6
2017,09,11,6,270.1
2017,09,11,7,268.4
2017,09,12,0,268.6
2017,09,12,1,268.5
2017,09,12,2,267.9
2017,09,12,3,267.1
2017,09,12,4,266.0
2017,09,12,5,264.7
2017,09,12,6,264.8
2017,09,12,7,264.3
2017,09,13,0,264.9
2017,09,13,1,265.2
2017,09,13,2,266.4
2017,09,13,3,266.7
2017,09,13,4,266.3
2017,09,13,5,266.2
2017,09,13,6,267.2
2017,09,13,7,268.0
2017,09,14,0,268.1
2017,09,14,1,269.2
2017,09,14,2,269.3
2017,09,14,3,269.6
2017,09,14,4,269.8
2017,09,14,5,269.8
2017,09,14,6,270.2
2017,09,14,7,270.9
2017,09,15,0,271.3
2017,09,15,1,271.5
2017,09,15,2,271.7
2017,09,15,3,271.6
2017,09,15,4,271.5
2017,09,15,5,271.3
2017,09,15,6,271.5
2017,09,15,7,271.8
2017,09,16,0,271.5
2017,09,16,1,271.6
2017,09,16,2,272.6
2017,09,16,3,273.7
2017,09,16,4,273.8
2017,09,16,5,274.1
2017,09,16,6,273.6
2017,09,16,7,273.3
2017,09,17,0,273.2
2017,09,17,1,273.4
2017,09,17,2,273.4
2017,09,17,3,273.1
2017,09,17,4,272.2
2017,09,17,5,271.5
2017,09,17,6,271.2
2017,09,17,7,270.4
2017,09,18,0,270.2
2017,09,18,1,270.8
2017,09,18,2,271.4
2017,09,18,3,271.6
2017,09,18,4,271.7
2017,09,18,5,271.9
2017,09,18,6,271.5
2017,09,18,7,270.9
2017,09,19,0,271.3
2017,09,19,1,271.7
2017,09,19,2,271.7
2017,09,19,3,271.8
2017,09,19,4,272.1
2017,09,19,5,272.4
2017,09,19,6,272.9
2017,09,19,7,271.0
2017,09,20,0,271.9
2017,09,20,1,272.6
2017,09,20,2,273.1
2017,09,20,3,274.8
2017,09,20,4,273.2
2017,09,20,5,271.3
2017,09,20,6,268.5
2017,09,20,7,265.4
2017,09,21,0,265.3
2017,09,21,1,266.1
2017,09,21,2,268.1
2017,09,21,3,269.2
2017,09,21,4,269.5
2017,09,21,5,269.9
2017,09,21,6,271.4
2017,09,21,7,272.4
2017,09,22,0,272.3
2017,09,22,1,273.0
2017,09,22,2,273.8
2017,09,22,3,274.0
2017,09,22,4,273.7
2017,09,22,5,273.9
2017,09,22,6,274.1
2017,09,22,7,274.0
2017,09,23,0,273.9
2017,09,23,1,274.0
2017,09,23,2,273.7
2017,09,23,3,273.9
2017,09,23,4,274.0
2017,09,23,5,273.8
2017,09,23,6,273.9
2017,09,23,7,274.1
2017,09,24,0,274.5
2017,09,24,1,274.6
2017,09,24,2,274.6
2017,09,24,3,274.9
2017,09,24,4,275.6
2017,09,24,5,275.9
2017,09,24,6,276.4
2017,09,24,7,276.4
2017,09,25,0,276.2
2017,09,25,1,276.4
2017,09,25,2,276.2
2017,09,25,3,276.1
2017,09,25,4,275.7
2017,09,25,5,275.3
2017,09,25,6,275.1
2017,09,25,7,274.3
2017,09,26,0,274.2
2017,09,26,1,274.2
2017,09,26,2,274.5
2017,09,26,3,274.3
2017,09,26,4,274.6
2017,09,26,5,274.4
2017,09,26,6,274.8
2017,09,26,7,274.6
2017,09,27,0,274.6
2017,09,27,1,275.3
2017,09,27,2,276.5
2017,09,27,3,276.4
2017,09,27,4,275.5
2017,09,27,5,275.1
2017,09,27,6,275.7
2017,09,27,7,275.6
2017,09,28,0,275.3
2017,09,28,1,275.3
2017,09,28,2,275.8
2017,09,28,3,275.8
2017,09,28,4,275.1
2017,09,28,5,274.5
2017,09,28,6,274.4
2017,09,28,7,274.3
2017,09,29,0,273.9
2017,09,29,1,274.1
2017,09,29,2,273.9
2017,09,29,3,273.4
2017,09,29,4,273.0
2017,09,29,5,273.0
2017,09,29,6,272.8
2017,09,29,7,271.7
2017,09,30,0,271.9
2017,09,30,1,271.6
2017,09,30,2,270.9
2017,09,30,3,270.8
2017,09,30,4,270.6
2017,09,30,5,270.2
2017,09,30,6,270.4
2017,09,30,7,269.4
2017,09,31,0,269.1
2017,09,31,1,268.5
2017,09,31,2,267.9
2017,09,31,3,267.2
2017,09,31,4,266.7
2017,09,31,5,267.0
2017,09,31,6,267.9
2017,09,31,7,269.2
2017,09,1,0,270.4
2017,09,1,1,272.6
2017,09,1,2,271.5
2017,09,1,3,271.7
2017,09,1,4,270.9
2017,09,1,5,271.0
2017,09,1,6,271.9
2017,09,1,7,271.9
2017,09,2,0,272.4
2017,09,2,1,272.7
2017,09,2,2,271.0
2017,09,2,3,270.4
2017,09,2,4,270.0
2017,09,2,5,269.8
2017,09,2,6,270.2
2017,09,2,7,271.2
2017,09,3,0,268.8
2017,09,3,1,268.0
2017,09,3,2,268.5
2017,09,3,3,268.8
2017,09,3,4,267.7
2017,09,3,5,267.4
2017,09,3,6,268.7
2017,09,3,7,268.2
2017,09,4,0,267.0
2017,09,4,1,267.0
2017,09,4,2,266.8
2017,09,4,3,266.5
2017,09,4,4,266.1
2017,09,4,5,265.8
2017,09,4,6,265.3
2017,09,4,7,264.0
2017,09,5,0,264.4
2017,09,5,1,264.8
2017,09,5,2,264.8
2017,09,5,3,264.9
2017,09,5,4,265.1
2017,09,5,5,264.7
2017,09,5,6,264.9
2017,09,5,7,264.0
2017,09,6,0,264.3
2017,09,6,1,264.4
2017,09,6,2,265.2
2017,09,6,3,265.5
2017,09,6,4,265.3
2017,09,6,5,265.0
2017,09,6,6,264.8
2017,09,6,7,263.8
2017,09,7,0,264.1
2017,09,7,1,264.6
2017,09,7,2,265.1
2017,09,7,3,265.7
2017,09,7,4,266.4
2017,09,7,5,266.4
2017,09,7,6,267.2
2017,09,7,7,267.1
2017,09,8,0,267.9
2017,09,8,1,268.6
2017,09,8,2,269.9
2017,09,8,3,272.0
2017,09,8,4,272.1
2017,09,8,5,272.1
2017,09,8,6,271.4
2017,09,8,7,271.3
2017,09,9,0,270.6
2017,09,9,1,270.6
2017,09,9,2,270.4
2017,09,9,3,270.8
2017,09,9,4,271.6
2017,09,9,5,272.2
2017,09,9,6,272.6
2017,09,9,7,271.9
2017,09,10,0,270.7
2017,09,10,1,270.7
2017,09,10,2,270.3
2017,09,10,3,270.1
2017,09,10,4,269.6
2017,09,10,5,268.6
2017,09,10,6,267.9
2017,09,10,7,266.8
2017,09,11,0,266.0
2017,09,11,1,265.9
2017,09,11,2,266.2
2017,09,11,3,266.2
2017,09,11,4,266.5
2017,09,11,5,266.8
2017,09,11,6,267.2
2017,09,11,7,268.7
2017,09,12,0,267.9
2017,09,12,1,268.4
2017,09,12,2,268.8
2017,09,12,3,268.7
2017,09,12,4,268.9
2017,09,12,5,268.6
2017,09,12,6,267.9
2017,09,12,7,267.8
2017,09,13,0,267.0
2017,09,13,1,267.6
2017,09,13,2,268.4
2017,09,13,3,268.5
2017,09,13,4,268.4
2017,09,13,5,267.9
2017,09,13,6,268.3
2017,09,13,7,268.0
2017,09,14,0,268.4
2017,09,14,1,268.9
2017,09,14,2,269.0
2017,09,14,3,268.6
2017,09,14,4,268.4
2017,09,14,5,268.2
2017,09,14,6,267.7
2017,09,14,7,267.1
2017,09,15,0,267.3
2017,09,15,1,267.9
2017,09,15,2,268.2
2017,09,15,3,268.0
2017,09,15,4,267.8
2017,09,15,5,267.4
2017,09,15,6,267.3
2017,09,15,7,267.1
2017,09,16,0,267.8
2017,09,16,1,268.7
2017,09,16,2,269.1
2017,09,16,3,268.8
2017,09,16,4,268.6
2017,09,16,5,268.8
2017,09,16,6,269.0
2017,09,16,7,268.8
2017,09,17,0,268.4
2017,09,17,1,267.8
2017,09,17,2,266.2
2017,09,17,3,267.1
2017,09,17,4,264.6
2017,09,17,5,265.1
2017,09,17,6,266.0
2017,09,17,7,265.4
2017,09,18,0,266.6
2017,09,18,1,266.4
2017,09,18,2,266.1
2017,09,18,3,265.8
2017,09,18,4,266.0
2017,09,18,5,266.4
2017,09,18,6,266.5
2017,09,18,7,266.6
2017,09,19,0,267.3
2017,09,19,1,267.7
2017,09,19,2,267.8
2017,09,19,3,267.8
2017,09,19,4,267.6
2017,09,19,5,267.8
2017,09,19,6,268.3
2017,09,19,7,269.2
2017,09,20,0,270.5
2017,09,20,1,271.0
2017,09,20,2,270.9
2017,09,20,3,270.0
2017,09,20,4,270.0
2017,09,20,5,270.3
2017,09,20,6,270.3
2017,09,20,7,269.5
2017,09,21,0,268.5
2017,09,21,1,269.3
2017,09,21,2,269.0
2017,09,21,3,269.5
2017,09,21,4,269.8
2017,09,21,5,271.8
2017,09,21,6,272.9
2017,09,21,7,273.3
2017,09,22,0,273.0
2017,09,22,1,273.2
2017,09,22,2,272.9
2017,09,22,3,272.4
2017,09,22,4,272.6
2017,09,22,5,273.1
2017,09,22,6,273.3
2017,09,22,7,273.4
2017,09,23,0,272.3
2017,09,23,1,272.5
2017,09,23,2,272.9
2017,09,23,3,273.1
2017,09,23,4,273.1
2017,09,23,5,272.8
2017,09,23,6,272.4
2017,09,23,7,272.0
2017,09,24,0,272.1
2017,09,24,1,271.7
2017,09,24,2,271.8
2017,09,24,3,271.8
2017,09,24,4,271.9
2017,09,24,5,272.6
2017,09,24,6,271.9
2017,09,24,7,271.0
2017,09,25,0,271.4
2017,09,25,1,271.3
2017,09,25,2,271.5
2017,09,25,3,272.3
2017,09,25,4,272.7
2017,09,25,5,272.9
2017,09,25,6,272.8
2017,09,25,7,272.8
2017,09,26,0,272.2
2017,09,26,1,272.8
2017,09,26,2,272.9
2017,09,26,3,273.1
2017,09,26,4,272.6
2017,09,26,5,271.9
2017,09,26,6,271.9
2017,09,26,7,270.7
2017,09,27,0,269.4
2017,09,27,1,270.2
2017,09,27,2,270.3
2017,09,27,3,267.9
2017,09,27,4,265.9
2017,09,27,5,258.7
2017,09,27,6,254.8
2017,09,27,7,260.6
2017,09,28,0,269.1
2017,09,28,1,270.4
2017,09,28,2,270.7
2017,09,28,3,270.6
2017,09,28,4,270.2
2017,09,28,5,270.5
2017,09,28,6,270.2
2017,09,28,7,270.1
2017,09,29,0,269.0
2017,09,29,1,268.2
2017,09,29,2,268.1
2017,09,29,3,267.9
2017,09,29,4,268.4
2017,09,29,5,268.2
2017,09,29,6,268.2
2017,09,29,7,268.8
2017,09,30,0,269.7
2017,09,30,1,269.9
2017,09,30,2,270.0
2017,09,30,3,269.7
2017,09,30,4,269.9
2017,09,30,5,269.5
2017,09,30,6,269.4
2017,09,30,7,269.4
2017,09,1,0,269.2
2017,09,1,1,268.6
2017,09,1,2,268.4
2017,09,1,3,267.9
2017,09,1,4,267.0
2017,09,1,5,266.4
2017,09,1,6,267.2
2017,09,1,7,267.4
2017,09,2,0,268.3
2017,09,2,1,268.9
2017,09,2,2,269.3
2017,09,2,3,269.1
2017,09,2,4,268.6
2017,09,2,5,268.5
2017,09,2,6,269.0
2017,09,2,7,268.5
2017,09,3,0,267.7
2017,09,3,1,267.8
2017,09,3,2,266.8
2017,09,3,3,265.1
2017,09,3,4,264.2
2017,09,3,5,265.2
2017,09,3,6,264.0
2017,09,3,7,262.4
2017,09,4,0,262.3
2017,09,4,1,261.8
2017,09,4,2,261.2
2017,09,4,3,260.5
2017,09,4,4,259.0
2017,09,4,5,257.1
2017,09,4,6,255.8
2017,09,4,7,254.5
2017,09,5,0,254.6
2017,09,5,1,257.0
2017,09,5,2,259.1
2017,09,5,3,261.0
2017,09,5,4,264.1
2017,09,5,5,265.5
2017,09,5,6,265.6
2017,09,5,7,265.8
2017,09,6,0,266.6
2017,09,6,1,267.0
2017,09,6,2,266.3
2017,09,6,3,266.0
2017,09,6,4,265.3
2017,09,6,5,265.1
2017,09,6,6,265.1
2017,09,6,7,264.7
2017,09,7,0,264.5
2017,09,7,1,264.4
2017,09,7,2,264.5
2017,09,7,3,264.6
2017,09,7,4,265.0
2017,09,7,5,265.2
2017,09,7,6,265.0
2017,09,7,7,266.6
2017,09,8,0,267.4
2017,09,8,1,267.5
2017,09,8,2,267.0
2017,09,8,3,266.9
2017,09,8,4,267.0
2017,09,8,5,267.2
2017,09,8,6,267.5
2017,09,8,7,267.0
2017,09,9,0,266.9
2017,09,9,1,267.3
2017,09,9,2,267.7
2017,09,9,3,267.7
2017,09,9,4,267.5
2017,09,9,5,267.7
2017,09,9,6,267.9
2017,09,9,7,268.0
2017,09,10,0,268.4
2017,09,10,1,268.8
2017,09,10,2,269.0
2017,09,10,3,268.8
2017,09,10,4,268.9
2017,09,10,5,268.9
2017,09,10,6,269.3
2017,09,10,7,269.4
2017,09,11,0,269.9
2017,09,11,1,269.9
2017,09,11,2,269.9
2017,09,11,3,269.7
2017,09,11,4,269.1
2017,09,11,5,268.6
2017,09,11,6,268.7
2017,09,11,7,268.7
2017,09,12,0,269.0
2017,09,12,1,269.4
2017,09,12,2,269.5
2017,09,12,3,269.7
2017,09,12,4,270.2
2017,09,12,5,270.3
2017,09,12,6,270.6
2017,09,12,7,270.9
2017,09,13,0,271.6
2017,09,13,1,271.9
2017,09,13,2,272.0
2017,09,13,3,272.0
2017,09,13,4,271.7
2017,09,13,5,271.7
2017,09,13,6,271.5
2017,09,13,7,272.3
2017,09,14,0,273.0
2017,09,14,1,273.0
2017,09,14,2,273.1
2017,09,14,3,272.8
2017,09,14,4,272.6
2017,09,14,5,270.7
2017,09,14,6,269.7
2017,09,14,7,269.9
2017,09,15,0,270.9
2017,09,15,1,271.2
2017,09,15,2,271.2
2017,09,15,3,271.2
2017,09,15,4,271.5
2017,09,15,5,271.8
2017,09,15,6,272.5
2017,09,15,7,272.2
2017,09,16,0,272.1
2017,09,16,1,271.3
2017,09,16,2,268.7
2017,09,16,3,264.8
2017,09,16,4,261.4
2017,09,16,5,260.0
2017,09,16,6,259.2
2017,09,16,7,263.4
2017,09,17,0,265.2
2017,09,17,1,266.5
2017,09,17,2,267.5
2017,09,17,3,266.7
2017,09,17,4,267.9
2017,09,17,5,267.4
2017,09,17,6,267.1
2017,09,17,7,267.2
2017,09,18,0,267.5
2017,09,18,1,267.3
2017,09,18,2,266.5
2017,09,18,3,267.2
2017,09,18,4,267.8
2017,09,18,5,266.8
2017,09,18,6,266.4
2017,09,18,7,266.2
2017,09,19,0,266.6
2017,09,19,1,266.8
2017,09,19,2,266.4
2017,09,19,3,266.5
2017,09,19,4,266.8
2017,09,19,5,266.8
2017,09,19,6,267.2
2017,09,19,7,267.5
2017,09,20,0,267.2
2017,09,20,1,266.8
2017,09,20,2,266.9
2017,09,20,3,268.3
2017,09,20,4,268.3
2017,09,20,5,267.1
2017,09,20,6,263.5
2017,09,20,7,255.5
2017,09,21,0,251.0
2017,09,21,1,250.7
2017,09,21,2,249.9
2017,09,21,3,255.7
2017,09,21,4,258.9
2017,09,21,5,260.3
2017,09,21,6,264.6
2017,09,21,7,264.3
2017,09,22,0,264.4
2017,09,22,1,265.9
2017,09,22,2,265.6
2017,09,22,3,265.2
2017,09,22,4,265.5
2017,09,22,5,265.6
2017,09,22,6,265.1
2017,09,22,7,267.5
2017,09,23,0,266.7
2017,09,23,1,266.0
2017,09,23,2,266.2
2017,09,23,3,267.4
2017,09,23,4,267.6
2017,09,23,5,267.6
2017,09,23,6,267.2
2017,09,23,7,267.2
2017,09,24,0,267.2
2017,09,24,1,267.6
2017,09,24,2,268.3
2017,09,24,3,267.4
2017,09,24,4,267.7
2017,09,24,5,268.2
2017,09,24,6,268.6
2017,09,24,7,268.8
2017,09,25,0,268.7
2017,09,25,1,269.9
2017,09,25,2,268.8
2017,09,25,3,268.0
2017,09,25,4,268.9
2017,09,25,5,270.1
2017,09,25,6,269.3
2017,09,25,7,268.4
2017,09,26,0,268.5
2017,09,26,1,269.2
2017,09,26,2,268.0
2017,09,26,3,267.1
2017,09,26,4,266.3
2017,09,26,5,265.9
2017,09,26,6,265.9
2017,09,26,7,266.4
2017,09,27,0,267.2
2017,09,27,1,268.0
2017,09,27,2,268.2
2017,09,27,3,268.0
2017,09,27,4,267.3
2017,09,27,5,267.5
2017,09,27,6,267.7
2017,09,27,7,268.1
2017,09,28,0,268.3
2017,09,28,1,268.1
2017,09,28,2,269.2
2017,09,28,3,268.9
2017,09,28,4,269.1
2017,09,28,5,269.1
2017,09,28,6,270.2
2017,09,28,7,270.3
2017,09,29,0,270.6
2017,09,29,1,270.7
2017,09,29,2,271.0
2017,09,29,3,271.2
2017,09,29,4,271.5
2017,09,29,5,271.9
2017,09,29,6,272.3
2017,09,29,7,272.4
2017,09,30,0,272.2
2017,09,30,1,272.3
2017,09,30,2,272.3
2017,09,30,3,271.8
2017,09,30,4,271.3
2017,09,30,5,271.4
2017,09,30,6,271.6
2017,09,30,7,271.2
2017,09,31,0,270.2
2017,09,31,1,269.5
2017,09,31,2,269.0
2017,09,31,3,268.7
2017,09,31,4,267.8
2017,09,31,5,267.4
2017,09,31,6,267.2
2017,09,31,7,266.7
2018,09,1,0,266.0
2018,09,1,1,265.8
2018,09,1,2,266.1
2018,09,1,3,265.8
2018,09,1,4,265.9
2018,09,1,5,266.1
2018,09,1,6,266.5
2018,09,1,7,267.0
2018,09,2,0,267.1
2018,09,2,1,267.2
2018,09,2,2,268.0
2018,09,2,3,268.2
2018,09,2,4,268.4
2018,09,2,5,268.5
2018,09,2,6,268.5
2018,09,2,7,269.0
2018,09,3,0,268.9
2018,09,3,1,268.7
2018,09,3,2,268.6
2018,09,3,3,268.2
2018,09,3,4,268.2
2018,09,3,5,268.1
2018,09,3,6,268.9
2018,09,3,7,268.5
2018,09,4,0,268.4
2018,09,4,1,268.1
2018,09,4,2,267.9
2018,09,4,3,267.6
2018,09,4,4,267.3
2018,09,4,5,267.8
2018,09,4,6,268.5
2018,09,4,7,269.9
2018,09,5,0,269.9
2018,09,5,1,269.6
2018,09,5,2,269.5
2018,09,5,3,269.2
2018,09,5,4,269.1
2018,09,5,5,268.6
2018,09,5,6,268.4
2018,09,5,7,267.7
2018,09,6,0,266.9
2018,09,6,1,266.7
2018,09,6,2,266.7
2018,09,6,3,267.4
2018,09,6,4,267.7
2018,09,6,5,266.9
2018,09,6,6,266.3
2018,09,6,7,265.1
2018,09,7,0,263.7
2018,09,7,1,264.4
2018,09,7,2,269.6
2018,09,7,3,271.2
2018,09,7,4,272.6
2018,09,7,5,273.3
2018,09,7,6,273.2
2018,09,7,7,273.3
2018,09,8,0,272.8
2018,09,8,1,271.8
2018,09,8,2,270.5
2018,09,8,3,269.5
2018,09,8,4,268.2
2018,09,8,5,267.7
2018,09,8,6,268.4
2018,09,8,7,268.2
2018,09,9,0,268.0
2018,09,9,1,267.4
2018,09,9,2,267.5
2018,09,9,3,266.9
2018,09,9,4,266.7
2018,09,9,5,266.8
2018,09,9,6,265.4
2018,09,9,7,264.8
2018,09,10,0,264.9
2018,09,10,1,265.0
2018,09,10,2,265.2
2018,09,10,3,266.0
2018,09,10,4,266.7
2018,09,10,5,265.8
2018,09,10,6,265.4
2018,09,10,7,266.2
2018,09,11,0,266.9
2018,09,11,1,267.0
2018,09,11,2,267.7
2018,09,11,3,268.1
2018,09,11,4,267.6
2018,09,11,5,267.4
2018,09,11,6,267.7
2018,09,11,7,268.0
2018,09,12,0,268.4
2018,09,12,1,269.2
2018,09,12,2,269.5
2018,09,12,3,268.6
2018,09,12,4,268.5
2018,09,12,5,268.8
2018,09,12,6,268.9
2018,09,12,7,268.5
2018,09,13,0,268.3
2018,09,13,1,269.8
2018,09,13,2,270.2
2018,09,13,3,270.8
2018,09,13,4,270.8
2018,09,13,5,270.7
2018,09,13,6,269.8
2018,09,13,7,269.5
2018,09,14,0,269.3
2018,09,14,1,269.0
2018,09,14,2,269.3
2018,09,14,3,269.2
2018,09,14,4,269.1
2018,09,14,5,269.4
2018,09,14,6,269.6
2018,09,14,7,269.5
2018,09,15,0,268.9
2018,09,15,1,268.4
2018,09,15,2,267.5
2018,09,15,3,267.2
2018,09,15,4,266.4
2018,09,15,5,265.8
2018,09,15,6,265.9
2018,09,15,7,265.7
2018,09,16,0,265.5
2018,09,16,1,265.4
2018,09,16,2,265.8
2018,09,16,3,265.6
2018,09,16,4,265.5
2018,09,16,5,265.1
2018,09,16,6,264.9
2018,09,16,7,265.8
2018,09,17,0,264.5
2018,09,17,1,265.2
2018,09,17,2,266.9
2018,09,17,3,267.6
2018,09,17,4,266.3
2018,09,17,5,267.3
2018,09,17,6,268.9
2018,09,17,7,268.5
2018,09,18,0,268.4
2018,09,18,1,269.4
2018,09,18,2,270.0
2018,09,18,3,269.6
2018,09,18,4,269.0
2018,09,18,5,268.6
2018,09,18,6,269.2
2018,09,18,7,268.3
2018,09,19,0,268.0
2018,09,19,1,267.8
2018,09,19,2,267.7
2018,09,19,3,267.0
2018,09,19,4,265.1
2018,09,19,5,264.2
2018,09,19,6,263.1
2018,09,19,7,260.7
2018,09,20,0,259.6
2018,09,20,1,257.9
2018,09,20,2,255.5
2018,09,20,3,253.5
2018,09,20,4,252.6
2018,09,20,5,252.1
2018,09,20,6,252.0
2018,09,20,7,251.6
2018,09,21,0,252.5
2018,09,21,1,254.4
2018,09,21,2,256.7
2018,09,21,3,258.3
2018,09,21,4,259.3
2018,09,21,5,259.6
2018,09,21,6,259.6
2018,09,21,7,259.0
2018,09,22,0,259.6
2018,09,22,1,260.6
2018,09,22,2,261.5
2018,09,22,3,261.7
2018,09,22,4,261.3
2018,09,22,5,261.0
2018,09,22,6,260.9
2018,09,22,7,260.9
2018,09,23,0,260.5
2018,09,23,1,260.9
2018,09,23,2,261.7
2018,09,23,3,262.1
2018,09,23,4,262.8
2018,09,23,5,263.7
2018,09,23,6,264.3
2018,09,23,7,264.5
2018,09,24,0,264.8
2018,09,24,1,265.1
2018,09,24,2,265.3
2018,09,24,3,265.7
2018,09,24,4,265.7
2018,09,24,5,265.3
2018,09,24,6,265.3
2018,09,24,7,264.5
2018,09,25,0,263.8
2018,09,25,1,263.9
2018,09,25,2,263.4
2018,09,25,3,261.6
2018,09,25,4,259.6
2018,09,25,5,255.6
2018,09,25,6,254.9
2018,09,25,7,255.7
2018,09,26,0,254.0
2018,09,26,1,253.0
2018,09,26,2,253.0
2018,09,26,3,256.1
2018,09,26,4,260.6
2018,09,26,5,260.1
2018,09,26,6,260.8
2018,09,26,7,260.5
2018,09,27,0,261.5
2018,09,27,1,263.5
2018,09,27,2,264.1
2018,09,27,3,264.9
2018,09,27,4,264.7
2018,09,27,5,265.8
2018,09,27,6,266.6
2018,09,27,7,266.7
2018,09,28,0,267.0
2018,09,28,1,266.7
2018,09,28,2,266.4
2018,09,28,3,267.2
2018,09,28,4,267.3
2018,09,28,5,267.3
2018,09,28,6,268.0
2018,09,28,7,267.8
2018,09,29,0,267.8
2018,09,29,1,268.3
2018,09,29,2,269.1
2018,09,29,3,269.1
2018,09,29,4,269.0
2018,09,29,5,268.5
2018,09,29,6,268.7
2018,09,29,7,269.1
2018,09,30,0,268.9
2018,09,30,1,269.5
2018,09,30,2,269.5
2018,09,30,3,269.4
2018,09,30,4,269.2
2018,09,30,5,268.7
2018,09,30,6,268.6
2018,09,30,7,268.5
2018,09,31,0,268.6
2018,09,31,1,269.1
2018,09,31,2,269.7
2018,09,31,3,269.3
2018,09,31,4,269.3
2018,09,31,5,270.0
2018,09,31,6,270.9
2018,09,31,7,270.7
2018,09,1,0,271.1
2018,09,1,1,271.0
2018,09,1,2,271.2
2018,09,1,3,270.7
2018,09,1,4,270.3
2018,09,1,5,269.9
2018,09,1,6,270.4
2018,09,1,7,270.2
2018,09,2,0,269.9
2018,09,2,1,270.1
2018,09,2,2,270.2
2018,09,2,3,270.2
2018,09,2,4,269.7
2018,09,2,5,269.1
2018,09,2,6,269.2
2018,09,2,7,269.1
2018,09,3,0,269.2
2018,09,3,1,269.3
2018,09,3,2,269.4
2018,09,3,3,270.1
2018,09,3,4,269.4
2018,09,3,5,268.9
2018,09,3,6,269.0
2018,09,3,7,268.7
2018,09,4,0,269.4
2018,09,4,1,269.7
2018,09,4,2,269.8
2018,09,4,3,269.8
2018,09,4,4,269.7
2018,09,4,5,269.6
2018,09,4,6,269.2
2018,09,4,7,267.9
2018,09,5,0,267.6
2018,09,5,1,267.8
2018,09,5,2,267.7
2018,09,5,3,267.3
2018,09,5,4,267.5
2018,09,5,5,267.0
2018,09,5,6,267.3
2018,09,5,7,266.1
2018,09,6,0,266.1
2018,09,6,1,266.2
2018,09,6,2,267.1
2018,09,6,3,266.7
2018,09,6,4,269.2
2018,09,6,5,268.1
2018,09,6,6,269.1
2018,09,6,7,268.5
2018,09,7,0,269.2
2018,09,7,1,269.0
2018,09,7,2,268.9
2018,09,7,3,269.1
2018,09,7,4,268.7
2018,09,7,5,268.4
2018,09,7,6,268.2
2018,09,7,7,268.7
2018,09,8,0,268.8
2018,09,8,1,269.0
2018,09,8,2,269.1
2018,09,8,3,269.3
2018,09,8,4,269.1
2018,09,8,5,269.8
2018,09,8,6,270.4
2018,09,8,7,270.4
2018,09,9,0,269.2
2018,09,9,1,269.1
2018,09,9,2,268.8
2018,09,9,3,269.2
2018,09,9,4,268.5
2018,09,9,5,268.4
2018,09,9,6,268.6
2018,09,9,7,268.3
2018,09,10,0,268.2
2018,09,10,1,268.0
2018,09,10,2,268.4
2018,09,10,3,268.0
2018,09,10,4,267.4
2018,09,10,5,266.8
2018,09,10,6,266.7
2018,09,10,7,265.5
2018,09,11,0,262.9
2018,09,11,1,263.8
2018,09,11,2,264.0
2018,09,11,3,264.8
2018,09,11,4,264.3
2018,09,11,5,264.8
2018,09,11,6,265.5
2018,09,11,7,265.6
2018,09,12,0,263.7
2018,09,12,1,260.6
2018,09,12,2,255.9
2018,09,12,3,258.0
2018,09,12,4,256.2
2018,09,12,5,254.1
2018,09,12,6,252.6
2018,09,12,7,252.4
2018,09,13,0,253.1
2018,09,13,1,253.0
2018,09,13,2,253.0
2018,09,13,3,252.8
2018,09,13,4,252.2
2018,09,13,5,253.4
2018,09,13,6,253.9
2018,09,13,7,256.5
2018,09,14,0,260.9
2018,09,14,1,262.4
2018,09,14,2,260.9
2018,09,14,3,261.3
2018,09,14,4,261.0
2018,09,14,5,259.9
2018,09,14,6,260.1
2018,09,14,7,260.3
2018,09,15,0,259.4
2018,09,15,1,260.6
2018,09,15,2,260.0
2018,09,15,3,258.3
2018,09,15,4,257.9
2018,09,15,5,258.3
2018,09,15,6,260.6
2018,09,15,7,261.1
2018,09,16,0,261.7
2018,09,16,1,262.5
2018,09,16,2,262.9
2018,09,16,3,264.9
2018,09,16,4,263.9
2018,09,16,5,264.1
2018,09,16,6,264.4
2018,09,16,7,265.2
2018,09,17,0,265.6
2018,09,17,1,266.6
2018,09,17,2,266.6
2018,09,17,3,266.9
2018,09,17,4,267.4
2018,09,17,5,267.7
2018,09,17,6,267.4
2018,09,17,7,266.6
2018,09,18,0,266.8
2018,09,18,1,267.1
2018,09,18,2,266.9
2018,09,18,3,266.6
2018,09,18,4,266.2
2018,09,18,5,266.0
2018,09,18,6,265.7
2018,09,18,7,264.8
2018,09,19,0,263.0
2018,09,19,1,259.4
2018,09,19,2,254.7
2018,09,19,3,248.9
2018,09,19,4,246.7
2018,09,19,5,245.2
2018,09,19,6,244.6
2018,09,19,7,245.2
2018,09,20,0,245.9
2018,09,20,1,245.8
2018,09,20,2,246.0
2018,09,20,3,248.9
2018,09,20,4,251.2
2018,09,20,5,251.2
2018,09,20,6,251.8
2018,09,20,7,251.7
2018,09,21,0,251.6
2018,09,21,1,251.4
2018,09,21,2,251.2
2018,09,21,3,251.1
2018,09,21,4,250.2
2018,09,21,5,249.6
2018,09,21,6,249.6
2018,09,21,7,249.5
2018,09,22,0,250.2
2018,09,22,1,250.9
2018,09,22,2,253.2
2018,09,22,3,254.3
2018,09,22,4,253.7
2018,09,22,5,253.1
2018,09,22,6,251.7
2018,09,22,7,250.2
2018,09,23,0,249.2
2018,09,23,1,248.5
2018,09,23,2,249.9
2018,09,23,3,249.6
2018,09,23,4,249.1
2018,09,23,5,248.6
2018,09,23,6,246.7
2018,09,23,7,247.2
2018,09,24,0,254.4
2018,09,24,1,255.9
2018,09,24,2,256.5
2018,09,24,3,257.0
2018,09,24,4,256.9
2018,09,24,5,256.3
2018,09,24,6,256.9
2018,09,24,7,256.7
2018,09,25,0,257.2
2018,09,25,1,258.1
2018,09,25,2,260.5
2018,09,25,3,259.8
2018,09,25,4,259.9
2018,09,25,5,260.7
2018,09,25,6,260.3
2018,09,25,7,259.3
2018,09,26,0,258.8
2018,09,26,1,258.7
2018,09,26,2,259.1
2018,09,26,3,259.3
2018,09,26,4,259.3
2018,09,26,5,258.9
2018,09,26,6,258.3
2018,09,26,7,256.2
2018,09,27,0,255.1
2018,09,27,1,254.5
2018,09,27,2,253.9
2018,09,27,3,253.4
2018,09,27,4,253.6
2018,09,27,5,253.5
2018,09,27,6,253.5
2018,09,27,7,254.3
2018,09,28,0,254.8
2018,09,28,1,255.3
2018,09,28,2,258.1
2018,09,28,3,258.9
2018,09,28,4,259.8
2018,09,28,5,260.4
2018,09,28,6,260.3
2018,09,28,7,260.3
2018,09,1,0,260.3
2018,09,1,1,261.0
2018,09,1,2,262.0
2018,09,1,3,261.4
2018,09,1,4,261.2
2018,09,1,5,260.7
2018,09,1,6,259.6
2018,09,1,7,259.4
2018,09,2,0,260.5
2018,09,2,1,259.7
2018,09,2,2,260.1
2018,09,2,3,259.6
2018,09,2,4,258.2
2018,09,2,5,263.6
2018,09,2,6,265.1
2018,09,2,7,263.5
2018,09,3,0,263.2
2018,09,3,1,262.7
2018,09,3,2,262.2
2018,09,3,3,262.6
2018,09,3,4,261.3
2018,09,3,5,257.6
2018,09,3,6,255.5
2018,09,3,7,255.0
2018,09,4,0,252.3
2018,09,4,1,250.7
2018,09,4,2,250.1
2018,09,4,3,250.4
2018,09,4,4,250.1
2018,09,4,5,249.5
2018,09,4,6,248.5
2018,09,4,7,256.2
2018,09,5,0,260.2
2018,09,5,1,259.2
2018,09,5,2,259.8
2018,09,5,3,259.9
2018,09,5,4,259.6
2018,09,5,5,259.9
2018,09,5,6,260.5
2018,09,5,7,262.0
2018,09,6,0,262.4
2018,09,6,1,263.0
2018,09,6,2,263.1
2018,09,6,3,263.5
2018,09,6,4,263.0
2018,09,6,5,263.2
2018,09,6,6,263.3
2018,09,6,7,263.8
2018,09,7,0,263.9
2018,09,7,1,264.2
2018,09,7,2,265.7
2018,09,7,3,265.6
2018,09,7,4,264.5
2018,09,7,5,263.0
2018,09,7,6,261.8
2018,09,7,7,263.4
2018,09,8,0,265.1
2018,09,8,1,266.1
2018,09,8,2,267.5
2018,09,8,3,266.2
2018,09,8,4,265.8
2018,09,8,5,265.9
2018,09,8,6,265.7
2018,09,8,7,265.2
2018,09,9,0,264.5
2018,09,9,1,264.5
2018,09,9,2,264.3
2018,09,9,3,264.1
2018,09,9,4,264.1
2018,09,9,5,263.4
2018,09,9,6,263.6
2018,09,9,7,263.2
2018,09,10,0,263.7
2018,09,10,1,264.4
2018,09,10,2,264.3
2018,09,10,3,264.0
2018,09,10,4,263.2
2018,09,10,5,262.3
2018,09,10,6,262.9
2018,09,10,7,262.5
2018,09,11,0,262.9
2018,09,11,1,263.3
2018,09,11,2,263.8
2018,09,11,3,264.8
2018,09,11,4,265.2
2018,09,11,5,265.9
2018,09,11,6,267.1
2018,09,11,7,267.7
2018,09,12,0,268.3
2018,09,12,1,269.3
2018,09,12,2,268.6
2018,09,12,3,268.9
2018,09,12,4,268.3
2018,09,12,5,267.5
2018,09,12,6,268.8
2018,09,12,7,267.2
2018,09,13,0,267.1
2018,09,13,1,267.7
2018,09,13,2,267.7
2018,09,13,3,268.2
2018,09,13,4,267.5
2018,09,13,5,266.9
2018,09,13,6,266.7
2018,09,13,7,265.9
2018,09,14,0,265.5
2018,09,14,1,265.2
2018,09,14,2,264.8
2018,09,14,3,263.6
2018,09,14,4,262.5
2018,09,14,5,260.6
2018,09,14,6,258.6
2018,09,14,7,256.9
2018,09,15,0,256.9
2018,09,15,1,255.9
2018,09,15,2,254.9
2018,09,15,3,254.6
2018,09,15,4,254.0
2018,09,15,5,253.2
2018,09,15,6,252.8
2018,09,15,7,253.6
2018,09,16,0,255.4
2018,09,16,1,257.4
2018,09,16,2,258.9
2018,09,16,3,259.5
2018,09,16,4,259.4
2018,09,16,5,258.7
2018,09,16,6,258.5
2018,09,16,7,257.1
2018,09,17,0,256.9
2018,09,17,1,254.7
2018,09,17,2,252.9
2018,09,17,3,253.9
2018,09,17,4,253.5
2018,09,17,5,252.0
2018,09,17,6,250.8
2018,09,17,7,251.1
2018,09,18,0,251.9
2018,09,18,1,252.0
2018,09,18,2,252.5
2018,09,18,3,252.7
2018,09,18,4,252.9
2018,09,18,5,254.2
2018,09,18,6,255.4
2018,09,18,7,257.0
2018,09,19,0,256.9
2018,09,19,1,256.4
2018,09,19,2,257.2
2018,09,19,3,257.3
2018,09,19,4,257.0
2018,09,19,5,257.9
2018,09,19,6,261.3
2018,09,19,7,263.6
2018,09,20,0,263.0
2018,09,20,1,263.9
2018,09,20,2,264.4
2018,09,20,3,265.8
2018,09,20,4,265.3
2018,09,20,5,265.6
2018,09,20,6,265.3
2018,09,20,7,265.6
2018,09,21,0,265.1
2018,09,21,1,264.9
2018,09,21,2,265.9
2018,09,21,3,267.1
2018,09,21,4,266.3
2018,09,21,5,265.4
2018,09,21,6,266.1
2018,09,21,7,266.2
2018,09,22,0,266.6
2018,09,22,1,267.0
2018,09,22,2,266.9
2018,09,22,3,267.9
2018,09,22,4,266.9
2018,09,22,5,265.9
2018,09,22,6,264.5
2018,09,22,7,263.3
2018,09,23,0,262.8
2018,09,23,1,262.9
2018,09,23,2,262.6
2018,09,23,3,262.4
2018,09,23,4,262.7
2018,09,23,5,262.6
2018,09,23,6,262.9
2018,09,23,7,262.4
2018,09,24,0,262.9
2018,09,24,1,263.6
2018,09,24,2,264.1
2018,09,24,3,263.5
2018,09,24,4,262.3
2018,09,24,5,261.5
2018,09,24,6,260.5
2018,09,24,7,259.0
2018,09,25,0,260.4
2018,09,25,1,261.8
2018,09,25,2,261.5
2018,09,25,3,260.1
2018,09,25,4,258.7
2018,09,25,5,257.4
2018,09,25,6,255.7
2018,09,25,7,254.8
2018,09,26,0,253.9
2018,09,26,1,256.5
2018,09,26,2,255.2
2018,09,26,3,254.7
2018,09,26,4,256.1
2018,09,26,5,258.4
2018,09,26,6,259.5
2018,09,26,7,257.9
2018,09,27,0,258.1
2018,09,27,1,261.6
2018,09,27,2,263.4
2018,09,27,3,264.2
2018,09,27,4,264.7
2018,09,27,5,264.9
2018,09,27,6,265.9
2018,09,27,7,267.0
2018,09,28,0,267.7
2018,09,28,1,268.0
2018,09,28,2,267.4
2018,09,28,3,266.9
2018,09,28,4,267.0
2018,09,28,5,266.9
2018,09,28,6,266.9
2018,09,28,7,267.8
2018,09,29,0,268.2
2018,09,29,1,268.1
2018,09,29,2,268.2
2018,09,29,3,268.4
2018,09,29,4,267.5
2018,09,29,5,267.3
2018,09,29,6,267.4
2018,09,29,7,267.4
2018,09,30,0,268.1
2018,09,30,1,268.7
2018,09,30,2,268.9
2018,09,30,3,269.4
2018,09,30,4,269.3
2018,09,30,5,268.9
2018,09,30,6,269.2
2018,09,30,7,269.0
2018,09,31,0,269.5
2018,09,31,1,270.4
2018,09,31,2,270.0
2018,09,31,3,270.9
2018,09,31,4,270.8
2018,09,31,5,270.5
2018,09,31,6,270.4
2018,09,31,7,268.5
2018,09,1,0,268.9
2018,09,1,1,268.9
2018,09,1,2,268.9
2018,09,1,3,269.1
2018,09,1,4,269.6
2018,09,1,5,269.9
2018,09,1,6,270.5
2018,09,1,7,269.3
2018,09,2,0,270.0
2018,09,2,1,270.2
2018,09,2,2,269.5
2018,09,2,3,269.5
2018,09,2,4,268.9
2018,09,2,5,267.8
2018,09,2,6,266.9
2018,09,2,7,266.1
2018,09,3,0,265.6
2018,09,3,1,264.6
2018,09,3,2,265.9
2018,09,3,3,265.7
2018,09,3,4,265.6
2018,09,3,5,265.4
2018,09,3,6,266.2
2018,09,3,7,265.3
2018,09,4,0,266.1
2018,09,4,1,266.9
2018,09,4,2,267.5
2018,09,4,3,267.4
2018,09,4,4,267.1
2018,09,4,5,265.8
2018,09,4,6,265.7
2018,09,4,7,265.4
2018,09,5,0,266.4
2018,09,5,1,267.0
2018,09,5,2,266.9
2018,09,5,3,266.3
2018,09,5,4,266.0
2018,09,5,5,266.5
2018,09,5,6,268.1
2018,09,5,7,267.5
2018,09,6,0,269.0
2018,09,6,1,269.5
2018,09,6,2,269.6
2018,09,6,3,269.4
2018,09,6,4,270.1
2018,09,6,5,270.3
2018,09,6,6,271.6
2018,09,6,7,271.9
2018,09,7,0,273.1
2018,09,7,1,273.2
2018,09,7,2,272.8
2018,09,7,3,272.8
2018,09,7,4,272.5
2018,09,7,5,272.6
2018,09,7,6,273.5
2018,09,7,7,272.4
2018,09,8,0,271.0
2018,09,8,1,269.3
2018,09,8,2,268.3
2018,09,8,3,267.6
2018,09,8,4,266.1
2018,09,8,5,266.7
2018,09,8,6,267.4
2018,09,8,7,267.8
2018,09,9,0,267.3
2018,09,9,1,268.8
2018,09,9,2,268.5
2018,09,9,3,268.5
2018,09,9,4,268.8
2018,09,9,5,269.0
2018,09,9,6,269.7
2018,09,9,7,269.1
2018,09,10,0,269.1
2018,09,10,1,269.9
2018,09,10,2,270.4
2018,09,10,3,270.5
2018,09,10,4,269.6
2018,09,10,5,270.0
2018,09,10,6,270.3
2018,09,10,7,271.1
2018,09,11,0,270.0
2018,09,11,1,269.7
2018,09,11,2,269.2
2018,09,11,3,270.6
2018,09,11,4,270.6
2018,09,11,5,270.4
2018,09,11,6,269.9
2018,09,11,7,268.6
2018,09,12,0,268.5
2018,09,12,1,268.4
2018,09,12,2,265.8
2018,09,12,3,260.6
2018,09,12,4,258.6
2018,09,12,5,256.8
2018,09,12,6,254.3
2018,09,12,7,253.5
2018,09,13,0,255.6
2018,09,13,1,258.8
2018,09,13,2,260.1
2018,09,13,3,260.4
2018,09,13,4,261.5
2018,09,13,5,262.4
2018,09,13,6,262.7
2018,09,13,7,262.8
2018,09,14,0,263.5
2018,09,14,1,264.2
2018,09,14,2,264.8
2018,09,14,3,265.3
2018,09,14,4,265.4
2018,09,14,5,265.4
2018,09,14,6,265.4
2018,09,14,7,264.6
2018,09,15,0,265.5
2018,09,15,1,265.9
2018,09,15,2,266.2
2018,09,15,3,266.6
2018,09,15,4,266.4
2018,09,15,5,265.8
2018,09,15,6,264.7
2018,09,15,7,265.0
2018,09,16,0,265.9
2018,09,16,1,265.5
2018,09,16,2,265.5
2018,09,16,3,266.3
2018,09,16,4,264.9
2018,09,16,5,263.3
2018,09,16,6,260.7
2018,09,16,7,256.9
2018,09,17,0,255.1
2018,09,17,1,254.3
2018,09,17,2,253.4
2018,09,17,3,253.1
2018,09,17,4,253.7
2018,09,17,5,257.3
2018,09,17,6,260.7
2018,09,17,7,262.7
2018,09,18,0,264.7
2018,09,18,1,265.4
2018,09,18,2,265.4
2018,09,18,3,264.0
2018,09,18,4,263.7
2018,09,18,5,263.6
2018,09,18,6,263.4
2018,09,18,7,260.6
2018,09,19,0,260.7
2018,09,19,1,261.2
2018,09,19,2,260.5
2018,09,19,3,258.4
2018,09,19,4,256.0
2018,09,19,5,255.8
2018,09,19,6,255.8
2018,09,19,7,256.4
2018,09,20,0,257.5
2018,09,20,1,258.2
2018,09,20,2,260.6
2018,09,20,3,262.2
2018,09,20,4,263.2
2018,09,20,5,266.4
2018,09,20,6,268.5
2018,09,20,7,269.3
2018,09,21,0,268.9
2018,09,21,1,269.4
2018,09,21,2,269.7
2018,09,21,3,269.6
2018,09,21,4,269.3
2018,09,21,5,268.4
2018,09,21,6,268.3
2018,09,21,7,267.3
2018,09,22,0,267.3
2018,09,22,1,267.4
2018,09,22,2,267.1
2018,09,22,3,266.9
2018,09,22,4,266.6
2018,09,22,5,266.6
2018,09,22,6,266.5
2018,09,22,7,267.5
2018,09,23,0,268.1
2018,09,23,1,268.4
2018,09,23,2,267.7
2018,09,23,3,267.4
2018,09,23,4,267.5
2018,09,23,5,267.7
2018,09,23,6,267.5
2018,09,23,7,266.9
2018,09,24,0,268.1
2018,09,24,1,268.4
2018,09,24,2,268.0
2018,09,24,3,268.1
2018,09,24,4,268.8
2018,09,24,5,269.0
2018,09,24,6,269.7
2018,09,24,7,270.1
2018,09,25,0,267.8
2018,09,25,1,268.1
2018,09,25,2,268.2
2018,09,25,3,268.4
2018,09,25,4,268.5
2018,09,25,5,269.1
2018,09,25,6,269.0
2018,09,25,7,268.1
2018,09,26,0,268.9
2018,09,26,1,269.2
2018,09,26,2,269.1
2018,09,26,3,269.2
2018,09,26,4,268.6
2018,09,26,5,268.0
2018,09,26,6,267.9
2018,09,26,7,268.2
2018,09,27,0,269.1
2018,09,27,1,269.2
2018,09,27,2,269.4
2018,09,27,3,269.5
2018,09,27,4,269.1
2018,09,27,5,268.9
2018,09,27,6,268.7
2018,09,27,7,268.4
2018,09,28,0,269.0
2018,09,28,1,269.4
2018,09,28,2,268.7
2018,09,28,3,267.7
2018,09,28,4,266.8
2018,09,28,5,265.3
2018,09,28,6,264.6
2018,09,28,7,264.2
2018,09,29,0,265.0
2018,09,29,1,265.6
2018,09,29,2,265.8
2018,09,29,3,265.2
2018,09,29,4,264.7
2018,09,29,5,263.2
2018,09,29,6,261.6
2018,09,29,7,261.7
2018,09,30,0,261.8
2018,09,30,1,261.4
2018,09,30,2,263.4
2018,09,30,3,265.3
2018,09,30,4,263.6
2018,09,30,5,262.7
2018,09,30,6,262.2
2018,09,30,7,260.8
2018,09,1,0,261.5
2018,09,1,1,259.9
2018,09,1,2,259.3
2018,09,1,3,259.4
2018,09,1,4,258.6
2018,09,1,5,258.2
2018,09,1,6,258.9
2018,09,1,7,259.4
2018,09,2,0,259.2
2018,09,2,1,257.5
2018,09,2,2,257.5
2018,09,2,3,257.5
2018,09,2,4,258.9
2018,09,2,5,259.3
2018,09,2,6,260.5
2018,09,2,7,261.0
2018,09,3,0,260.4
2018,09,3,1,260.9
2018,09,3,2,261.8
2018,09,3,3,263.1
2018,09,3,4,264.9
2018,09,3,5,265.6
2018,09,3,6,266.3
2018,09,3,7,267.3
2018,09,4,0,268.1
2018,09,4,1,269.1
2018,09,4,2,269.8
2018,09,4,3,269.4
2018,09,4,4,268.6
2018,09,4,5,267.9
2018,09,4,6,267.7
2018,09,4,7,267.2
2018,09,5,0,268.0
2018,09,5,1,268.4
2018,09,5,2,268.4
2018,09,5,3,269.5
2018,09,5,4,269.6
2018,09,5,5,270.0
2018,09,5,6,270.5
2018,09,5,7,271.1
2018,09,6,0,270.5
2018,09,6,1,270.9
2018,09,6,2,271.4
2018,09,6,3,271.4
2018,09,6,4,271.0
2018,09,6,5,271.3
2018,09,6,6,271.0
2018,09,6,7,270.4
2018,09,7,0,270.9
2018,09,7,1,271.7
2018,09,7,2,269.7
2018,09,7,3,270.7
2018,09,7,4,270.4
2018,09,7,5,270.9
2018,09,7,6,271.3
2018,09,7,7,270.7
2018,09,8,0,271.9
2018,09,8,1,272.6
2018,09,8,2,273.8
2018,09,8,3,275.3
2018,09,8,4,274.5
2018,09,8,5,273.6
2018,09,8,6,273.4
2018,09,8,7,272.2
2018,09,9,0,272.4
2018,09,9,1,272.2
2018,09,9,2,271.6
2018,09,9,3,270.8
2018,09,9,4,269.2
2018,09,9,5,268.9
2018,09,9,6,269.2
2018,09,9,7,269.8
2018,09,10,0,271.6
2018,09,10,1,272.0
2018,09,10,2,271.2
2018,09,10,3,272.4
2018,09,10,4,271.5
2018,09,10,5,271.8
2018,09,10,6,271.8
2018,09,10,7,269.9
2018,09,11,0,271.3
2018,09,11,1,271.3
2018,09,11,2,270.3
2018,09,11,3,269.9
2018,09,11,4,270.5
2018,09,11,5,271.0
2018,09,11,6,271.3
2018,09,11,7,267.3
2018,09,12,0,265.5
2018,09,12,1,261.9
2018,09,12,2,260.6
2018,09,12,3,260.5
2018,09,12,4,262.1
2018,09,12,5,263.4
2018,09,12,6,262.7
2018,09,12,7,263.8
2018,09,13,0,263.9
2018,09,13,1,263.7
2018,09,13,2,264.0
2018,09,13,3,263.8
2018,09,13,4,264.0
2018,09,13,5,264.2
2018,09,13,6,264.1
2018,09,13,7,264.6
2018,09,14,0,265.6
2018,09,14,1,265.9
2018,09,14,2,265.4
2018,09,14,3,265.4
2018,09,14,4,265.1
2018,09,14,5,264.6
2018,09,14,6,265.0
2018,09,14,7,265.3
2018,09,15,0,265.6
2018,09,15,1,265.8
2018,09,15,2,265.7
2018,09,15,3,265.6
2018,09,15,4,264.8
2018,09,15,5,264.5
2018,09,15,6,267.4
2018,09,15,7,266.3
2018,09,16,0,267.7
2018,09,16,1,267.8
2018,09,16,2,268.0
2018,09,16,3,267.9
2018,09,16,4,266.8
2018,09,16,5,265.8
2018,09,16,6,264.1
2018,09,16,7,264.9
2018,09,17,0,264.7
2018,09,17,1,264.1
2018,09,17,2,263.8
2018,09,17,3,264.3
2018,09,17,4,264.4
2018,09,17,5,265.3
2018,09,17,6,266.1
2018,09,17,7,265.6
2018,09,18,0,266.5
2018,09,18,1,266.2
2018,09,18,2,266.0
2018,09,18,3,266.5
2018,09,18,4,266.6
2018,09,18,5,267.0
2018,09,18,6,266.9
2018,09,18,7,267.1
2018,09,19,0,267.6
2018,09,19,1,267.9
2018,09,19,2,268.9
2018,09,19,3,267.4
2018,09,19,4,266.8
2018,09,19,5,266.3
2018,09,19,6,266.0
2018,09,19,7,265.8
2018,09,20,0,266.4
2018,09,20,1,267.2
2018,09,20,2,267.1
2018,09,20,3,267.2
2018,09,20,4,266.4
2018,09,20,5,266.2
2018,09,20,6,267.1
2018,09,20,7,267.2
2018,09,21,0,268.2
2018,09,21,1,268.3
2018,09,21,2,267.7
2018,09,21,3,266.9
2018,09,21,4,266.3
2018,09,21,5,265.9
2018,09,21,6,265.4
2018,09,21,7,265.7
2018,09,22,0,266.4
2018,09,22,1,266.6
2018,09,22,2,267.2
2018,09,22,3,267.3
2018,09,22,4,266.7
2018,09,22,5,266.5
2018,09,22,6,267.6
2018,09,22,7,267.3
2018,09,23,0,268.2
2018,09,23,1,268.6
2018,09,23,2,268.3
2018,09,23,3,268.3
2018,09,23,4,267.5
2018,09,23,5,267.5
2018,09,23,6,268.6
2018,09,23,7,268.0
2018,09,24,0,268.7
2018,09,24,1,269.0
2018,09,24,2,270.6
2018,09,24,3,270.7
2018,09,24,4,269.7
2018,09,24,5,269.7
2018,09,24,6,271.9
2018,09,24,7,270.6
2018,09,25,0,268.5
2018,09,25,1,267.8
2018,09,25,2,268.5
2018,09,25,3,267.2
2018,09,25,4,266.8
2018,09,25,5,265.3
2018,09,25,6,263.6
2018,09,25,7,263.7
2018,09,26,0,264.7
2018,09,26,1,264.7
2018,09,26,2,263.8
2018,09,26,3,263.9
2018,09,26,4,265.3
2018,09,26,5,264.9
2018,09,26,6,264.9
2018,09,26,7,265.7
2018,09,27,0,264.6
2018,09,27,1,264.5
2018,09,27,2,265.0
2018,09,27,3,265.6
2018,09,27,4,266.6
2018,09,27,5,267.3
2018,09,27,6,266.0
2018,09,27,7,266.9
2018,09,28,0,268.0
2018,09,28,1,268.6
2018,09,28,2,269.8
2018,09,28,3,270.3
2018,09,28,4,269.9
2018,09,28,5,270.6
2018,09,28,6,270.2
2018,09,28,7,269.5
2018,09,29,0,270.1
2018,09,29,1,270.7
2018,09,29,2,271.8
2018,09,29,3,271.7
2018,09,29,4,271.2
2018,09,29,5,271.4
2018,09,29,6,271.2
2018,09,29,7,270.6
2018,09,30,0,271.5
2018,09,30,1,271.5
2018,09,30,2,271.3
2018,09,30,3,270.6
2018,09,30,4,269.7
2018,09,30,5,269.4
2018,09,30,6,269.9
2018,09,30,7,271.2
2018,09,31,0,271.6
2018,09,31,1,272.1
2018,09,31,2,272.0
2018,09,31,3,270.9
2018,09,31,4,269.8
2018,09,31,5,269.7
2018,09,31,6,267.7
2018,09,31,7,268.4
2018,09,1,0,269.6
2018,09,1,1,270.6
2018,09,1,2,270.9
2018,09,1,3,272.2
2018,09,1,4,272.3
2018,09,1,5,272.3
2018,09,1,6,272.6
2018,09,1,7,272.6
2018,09,2,0,272.9
2018,09,2,1,274.8
2018,09,2,2,274.8
2018,09,2,3,275.1
2018,09,2,4,274.4
2018,09,2,5,273.1
2018,09,2,6,273.0
2018,09,2,7,272.9
2018,09,3,0,271.7
2018,09,3,1,271.8
2018,09,3,2,271.7
2018,09,3,3,272.1
2018,09,3,4,271.5
2018,09,3,5,271.2
2018,09,3,6,271.1
2018,09,3,7,272.4
2018,09,4,0,273.7
2018,09,4,1,274.0
2018,09,4,2,273.7
2018,09,4,3,273.4
2018,09,4,4,273.5
2018,09,4,5,273.3
2018,09,4,6,272.9
2018,09,4,7,274.2
2018,09,5,0,275.0
2018,09,5,1,274.7
2018,09,5,2,274.4
2018,09,5,3,273.9
2018,09,5,4,272.9
2018,09,5,5,272.3
2018,09,5,6,271.5
2018,09,5,7,272.6
2018,09,6,0,273.3
2018,09,6,1,272.5
2018,09,6,2,272.1
2018,09,6,3,271.7
2018,09,6,4,270.8
2018,09,6,5,270.0
2018,09,6,6,269.8
2018,09,6,7,271.1
2018,09,7,0,271.5
2018,09,7,1,271.3
2018,09,7,2,270.8
2018,09,7,3,270.4
2018,09,7,4,270.1
2018,09,7,5,270.8
2018,09,7,6,269.3
2018,09,7,7,269.9
2018,09,8,0,270.6
2018,09,8,1,270.3
2018,09,8,2,270.3
2018,09,8,3,271.9
2018,09,8,4,272.3
2018,09,8,5,271.5
2018,09,8,6,273.3
2018,09,8,7,271.1
2018,09,9,0,272.3
2018,09,9,1,273.0
2018,09,9,2,273.0
2018,09,9,3,273.1
2018,09,9,4,272.8
2018,09,9,5,273.1
2018,09,9,6,274.2
2018,09,9,7,274.6
2018,09,10,0,274.3
2018,09,10,1,275.1
2018,09,10,2,275.1
2018,09,10,3,274.8
2018,09,10,4,275.4
2018,09,10,5,274.6
2018,09,10,6,273.7
2018,09,10,7,272.5
2018,09,11,0,272.3
2018,09,11,1,273.4
2018,09,11,2,274.8
2018,09,11,3,275.6
2018,09,11,4,275.7
2018,09,11,5,275.3
2018,09,11,6,275.7
2018,09,11,7,274.8
2018,09,12,0,273.7
2018,09,12,1,273.9
2018,09,12,2,274.6
2018,09,12,3,275.8
2018,09,12,4,274.9
2018,09,12,5,274.3
2018,09,12,6,274.2
2018,09,12,7,273.1
2018,09,13,0,274.3
2018,09,13,1,274.6
2018,09,13,2,274.3
2018,09,13,3,274.4
2018,09,13,4,274.2
2018,09,13,5,275.3
2018,09,13,6,275.6
2018,09,13,7,275.2
2018,09,14,0,276.1
2018,09,14,1,276.3
2018,09,14,2,275.7
2018,09,14,3,274.8
2018,09,14,4,274.1
2018,09,14,5,273.9
2018,09,14,6,273.6
2018,09,14,7,275.5
2018,09,15,0,276.4
2018,09,15,1,276.7
2018,09,15,2,276.5
2018,09,15,3,275.9
2018,09,15,4,275.7
2018,09,15,5,275.8
2018,09,15,6,275.7
2018,09,15,7,276.7
2018,09,16,0,277.4
2018,09,16,1,277.6
2018,09,16,2,276.8
2018,09,16,3,275.6
2018,09,16,4,274.4
2018,09,16,5,273.3
2018,09,16,6,272.6
2018,09,16,7,275.8
2018,09,17,0,277.4
2018,09,17,1,276.9
2018,09,17,2,276.0
2018,09,17,3,274.5
2018,09,17,4,272.6
2018,09,17,5,270.2
2018,09,17,6,268.1
2018,09,17,7,269.4
2018,09,18,0,269.2
2018,09,18,1,268.7
2018,09,18,2,269.9
2018,09,18,3,270.6
2018,09,18,4,271.1
2018,09,18,5,272.2
2018,09,18,6,271.5
2018,09,18,7,271.4
2018,09,19,0,273.4
2018,09,19,1,273.2
2018,09,19,2,272.9
2018,09,19,3,275.0
2018,09,19,4,276.0
2018,09,19,5,276.3
2018,09,19,6,276.4
2018,09,19,7,275.7
2018,09,20,0,276.8
2018,09,20,1,277.1
2018,09,20,2,277.9
2018,09,20,3,278.5
2018,09,20,4,278.4
2018,09,20,5,278.3
2018,09,20,6,278.4
2018,09,20,7,277.6
2018,09,21,0,278.1
2018,09,21,1,277.9
2018,09,21,2,277.3
2018,09,21,3,276.9
2018,09,21,4,276.8
2018,09,21,5,276.9
2018,09,21,6,276.5
2018,09,21,7,277.2
2018,09,22,0,277.0
2018,09,22,1,276.7
2018,09,22,2,277.3
2018,09,22,3,278.2
2018,09,22,4,278.6
2018,09,22,5,278.4
2018,09,22,6,278.3
2018,09,22,7,277.9
2018,09,23,0,279.2
2018,09,23,1,279.2
2018,09,23,2,278.1
2018,09,23,3,278.0
2018,09,23,4,277.9
2018,09,23,5,278.1
2018,09,23,6,277.4
2018,09,23,7,276.9
2018,09,24,0,278.1
2018,09,24,1,278.2
2018,09,24,2,278.1
2018,09,24,3,277.8
2018,09,24,4,277.7
2018,09,24,5,277.5
2018,09,24,6,277.4
2018,09,24,7,276.2
2018,09,25,0,277.4
2018,09,25,1,277.5
2018,09,25,2,276.9
2018,09,25,3,276.8
2018,09,25,4,276.2
2018,09,25,5,276.0
2018,09,25,6,275.7
2018,09,25,7,276.9
2018,09,26,0,277.7
2018,09,26,1,277.5
2018,09,26,2,277.0
2018,09,26,3,276.7
2018,09,26,4,276.3
2018,09,26,5,276.0
2018,09,26,6,275.9
2018,09,26,7,276.7
2018,09,27,0,277.8
2018,09,27,1,278.0
2018,09,27,2,277.2
2018,09,27,3,276.7
2018,09,27,4,276.2
2018,09,27,5,276.1
2018,09,27,6,275.6
2018,09,27,7,276.8
2018,09,28,0,277.6
2018,09,28,1,277.4
2018,09,28,2,277.3
2018,09,28,3,276.9
2018,09,28,4,275.5
2018,09,28,5,274.4
2018,09,28,6,273.3
2018,09,28,7,273.7
2018,09,29,0,274.1
2018,09,29,1,274.2
2018,09,29,2,274.6
2018,09,29,3,274.4
2018,09,29,4,274.4
2018,09,29,5,273.9
2018,09,29,6,273.4
2018,09,29,7,272.9
2018,09,30,0,274.6
2018,09,30,1,274.7
2018,09,30,2,275.0
2018,09,30,3,275.3
2018,09,30,4,275.4
2018,09,30,5,275.8
2018,09,30,6,276.1
2018,09,30,7,276.7
2018,09,1,0,274.9
2018,09,1,1,274.5
2018,09,1,2,274.4
2018,09,1,3,274.1
2018,09,1,4,273.3
2018,09,1,5,273.1
2018,09,1,6,272.8
2018,09,1,7,273.6
2018,09,2,0,275.2
2018,09,2,1,274.9
2018,09,2,2,274.7
2018,09,2,3,274.6
2018,09,2,4,274.3
2018,09,2,5,274.0
2018,09,2,6,274.1
2018,09,2,7,275.2
2018,09,3,0,274.6
2018,09,3,1,274.6
2018,09,3,2,274.6
2018,09,3,3,274.4
2018,09,3,4,273.6
2018,09,3,5,273.4
2018,09,3,6,273.3
2018,09,3,7,274.9
2018,09,4,0,275.3
2018,09,4,1,274.8
2018,09,4,2,274.2
2018,09,4,3,273.9
2018,09,4,4,273.0
2018,09,4,5,272.4
2018,09,4,6,272.2
2018,09,4,7,273.4
2018,09,5,0,273.9
2018,09,5,1,273.7
2018,09,5,2,273.7
2018,09,5,3,273.8
2018,09,5,4,273.2
2018,09,5,5,273.4
2018,09,5,6,273.8
2018,09,5,7,272.6
2018,09,6,0,273.0
2018,09,6,1,273.3
2018,09,6,2,273.5
2018,09,6,3,273.1
2018,09,6,4,272.9
2018,09,6,5,273.2
2018,09,6,6,274.2
2018,09,6,7,273.1
2018,09,7,0,274.7
2018,09,7,1,274.6
2018,09,7,2,273.9
2018,09,7,3,273.6
2018,09,7,4,273.2
2018,09,7,5,272.8
2018,09,7,6,272.2
2018,09,7,7,274.1
2018,09,8,0,273.6
2018,09,8,1,274.1
2018,09,8,2,273.7
2018,09,8,3,273.4
2018,09,8,4,273.5
2018,09,8,5,274.5
2018,09,8,6,274.0
2018,09,8,7,274.8
2018,09,9,0,273.7
2018,09,9,1,274.2
2018,09,9,2,274.4
2018,09,9,3,274.2
2018,09,9,4,274.0
2018,09,9,5,273.7
2018,09,9,6,274.0
2018,09,9,7,275.0
2018,09,10,0,275.0
2018,09,10,1,274.9
2018,09,10,2,274.0
2018,09,10,3,275.1
2018,09,10,4,273.5
2018,09,10,5,273.6
2018,09,10,6,274.5
2018,09,10,7,274.5
2018,09,11,0,274.7
2018,09,11,1,274.8
2018,09,11,2,275.4
2018,09,11,3,274.4
2018,09,11,4,274.3
2018,09,11,5,274.0
2018,09,11,6,274.2
2018,09,11,7,273.5
2018,09,12,0,274.4
2018,09,12,1,274.6
2018,09,12,2,274.7
2018,09,12,3,273.8
2018,09,12,4,273.2
2018,09,12,5,273.5
2018,09,12,6,274.9
2018,09,12,7,274.0
2018,09,13,0,273.7
2018,09,13,1,273.8
2018,09,13,2,274.7
2018,09,13,3,274.2
2018,09,13,4,274.2
2018,09,13,5,274.0
2018,09,13,6,274.2
2018,09,13,7,275.5
2018,09,14,0,275.6
2018,09,14,1,274.9
2018,09,14,2,275.2
2018,09,14,3,275.3
2018,09,14,4,274.5
2018,09,14,5,274.6
2018,09,14,6,274.8
2018,09,14,7,275.1
2018,09,15,0,275.6
2018,09,15,1,275.8
2018,09,15,2,275.8
2018,09,15,3,275.8
2018,09,15,4,275.2
2018,09,15,5,275.3
2018,09,15,6,275.4
2018,09,15,7,275.4
2018,09,16,0,276.2
2018,09,16,1,276.1
2018,09,16,2,275.9
2018,09,16,3,275.6
2018,09,16,4,275.4
2018,09,16,5,276.6
2018,09,16,6,277.5
2018,09,16,7,276.0
2018,09,17,0,276.5
2018,09,17,1,276.6
2018,09,17,2,276.9
2018,09,17,3,278.2
2018,09,17,4,278.2
2018,09,17,5,277.7
2018,09,17,6,279.0
2018,09,17,7,277.3
2018,09,18,0,277.9
2018,09,18,1,277.4
2018,09,18,2,277.5
2018,09,18,3,277.5
2018,09,18,4,277.4
2018,09,18,5,276.7
2018,09,18,6,276.3
2018,09,18,7,276.7
2018,09,19,0,277.5
2018,09,19,1,278.0
2018,09,19,2,277.4
2018,09,19,3,277.1
2018,09,19,4,276.7
2018,09,19,5,276.3
2018,09,19,6,277.3
2018,09,19,7,277.3
2018,09,20,0,276.5
2018,09,20,1,276.8
2018,09,20,2,276.3
2018,09,20,3,275.3
2018,09,20,4,275.4
2018,09,20,5,275.4
2018,09,20,6,274.7
2018,09,20,7,275.3
2018,09,21,0,275.8
2018,09,21,1,276.0
2018,09,21,2,275.5
2018,09,21,3,275.2
2018,09,21,4,274.3
2018,09,21,5,273.8
2018,09,21,6,274.2
2018,09,21,7,275.8
2018,09,22,0,275.4
2018,09,22,1,274.8
2018,09,22,2,274.6
2018,09,22,3,274.3
2018,09,22,4,273.5
2018,09,22,5,274.1
2018,09,22,6,275.6
2018,09,22,7,275.6
2018,09,23,0,274.9
2018,09,23,1,275.3
2018,09,23,2,274.8
2018,09,23,3,274.6
2018,09,23,4,273.9
2018,09,23,5,274.8
2018,09,23,6,275.0
2018,09,23,7,274.5
2018,09,24,0,274.7
2018,09,24,1,274.8
2018,09,24,2,275.4
2018,09,24,3,275.5
2018,09,24,4,275.1
2018,09,24,5,275.1
2018,09,24,6,275.4
2018,09,24,7,276.4
2018,09,25,0,276.1
2018,09,25,1,276.5
2018,09,25,2,277.4
2018,09,25,3,277.2
2018,09,25,4,277.4
2018,09,25,5,277.3
2018,09,25,6,276.1
2018,09,25,7,277.2
2018,09,26,0,277.2
2018,09,26,1,276.9
2018,09,26,2,277.5
2018,09,26,3,276.7
2018,09,26,4,277.9
2018,09,26,5,277.8
2018,09,26,6,277.3
2018,09,26,7,277.9
2018,09,27,0,277.1
2018,09,27,1,276.9
2018,09,27,2,277.4
2018,09,27,3,276.8
2018,09,27,4,276.9
2018,09,27,5,277.2
2018,09,27,6,276.5
2018,09,27,7,277.8
2018,09,28,0,276.8
2018,09,28,1,276.5
2018,09,28,2,277.6
2018,09,28,3,277.0
2018,09,28,4,276.8
2018,09,28,5,276.9
2018,09,28,6,276.6
2018,09,28,7,278.0
2018,09,29,0,279.3
2018,09,29,1,279.0
2018,09,29,2,278.5
2018,09,29,3,278.2
2018,09,29,4,277.8
2018,09,29,5,277.7
2018,09,29,6,277.6
2018,09,29,7,278.0
2018,09,30,0,279.2
2018,09,30,1,279.1
2018,09,30,2,278.4
2018,09,30,3,277.9
2018,09,30,4,278.0
2018,09,30,5,278.0
2018,09,30,6,277.3
2018,09,30,7,277.4
2018,09,31,0,277.8
2018,09,31,1,278.1
2018,09,31,2,276.6
2018,09,31,3,276.3
2018,09,31,4,276.7
2018,09,31,5,277.4
2018,09,31,6,276.5
2018,09,31,7,276.9
2018,09,1,0,276.9
2018,09,1,1,276.5
2018,09,1,2,276.5
2018,09,1,3,276.1
2018,09,1,4,276.1
2018,09,1,5,276.3
2018,09,1,6,275.9
2018,09,1,7,276.4
2018,09,2,0,276.5
2018,09,2,1,276.7
2018,09,2,2,276.2
2018,09,2,3,276.2
2018,09,2,4,275.9
2018,09,2,5,275.6
2018,09,2,6,275.0
2018,09,2,7,276.1
2018,09,3,0,276.5
2018,09,3,1,277.0
2018,09,3,2,275.9
2018,09,3,3,275.5
2018,09,3,4,276.3
2018,09,3,5,277.0
2018,09,3,6,276.5
2018,09,3,7,277.3
2018,09,4,0,278.3
2018,09,4,1,278.2
2018,09,4,2,277.2
2018,09,4,3,276.7
2018,09,4,4,276.3
2018,09,4,5,275.9
2018,09,4,6,274.9
2018,09,4,7,276.0
2018,09,5,0,276.2
2018,09,5,1,276.5
2018,09,5,2,276.5
2018,09,5,3,275.9
2018,09,5,4,275.9
2018,09,5,5,276.2
2018,09,5,6,276.9
2018,09,5,7,274.9
2018,09,6,0,276.2
2018,09,6,1,276.5
2018,09,6,2,275.9
2018,09,6,3,275.7
2018,09,6,4,275.7
2018,09,6,5,276.1
2018,09,6,6,276.5
2018,09,6,7,276.0
2018,09,7,0,277.6
2018,09,7,1,278.0
2018,09,7,2,277.2
2018,09,7,3,276.9
2018,09,7,4,276.7
2018,09,7,5,277.3
2018,09,7,6,277.6
2018,09,7,7,278.0
2018,09,8,0,279.8
2018,09,8,1,280.1
2018,09,8,2,279.6
2018,09,8,3,279.6
2018,09,8,4,278.9
2018,09,8,5,278.5
2018,09,8,6,277.8
2018,09,8,7,279.9
2018,09,9,0,281.3
2018,09,9,1,281.0
2018,09,9,2,280.7
2018,09,9,3,280.2
2018,09,9,4,279.4
2018,09,9,5,279.0
2018,09,9,6,278.1
2018,09,9,7,279.4
2018,09,10,0,280.4
2018,09,10,1,280.1
2018,09,10,2,279.6
2018,09,10,3,279.5
2018,09,10,4,279.1
2018,09,10,5,278.5
2018,09,10,6,278.7
2018,09,10,7,279.6
2018,09,11,0,280.2
2018,09,11,1,280.1
2018,09,11,2,279.0
2018,09,11,3,278.4
2018,09,11,4,277.3
2018,09,11,5,277.1
2018,09,11,6,276.9
2018,09,11,7,277.5
2018,09,12,0,277.2
2018,09,12,1,277.1
2018,09,12,2,276.7
2018,09,12,3,275.9
2018,09,12,4,275.6
2018,09,12,5,275.4
2018,09,12,6,275.1
2018,09,12,7,275.7
2018,09,13,0,275.8
2018,09,13,1,276.3
2018,09,13,2,276.1
2018,09,13,3,276.2
2018,09,13,4,275.5
2018,09,13,5,275.3
2018,09,13,6,275.4
2018,09,13,7,276.9
2018,09,14,0,276.1
2018,09,14,1,276.3
2018,09,14,2,276.6
2018,09,14,3,276.3
2018,09,14,4,275.9
2018,09,14,5,275.7
2018,09,14,6,275.5
2018,09,14,7,276.4
2018,09,15,0,276.6
2018,09,15,1,277.0
2018,09,15,2,276.9
2018,09,15,3,276.4
2018,09,15,4,275.4
2018,09,15,5,274.5
2018,09,15,6,274.7
2018,09,15,7,275.9
2018,09,16,0,275.5
2018,09,16,1,275.8
2018,09,16,2,275.9
2018,09,16,3,275.2
2018,09,16,4,274.7
2018,09,16,5,275.1
2018,09,16,6,274.4
2018,09,16,7,275.5
2018,09,17,0,275.1
2018,09,17,1,274.7
2018,09,17,2,274.6
2018,09,17,3,274.4
2018,09,17,4,274.1
2018,09,17,5,273.6
2018,09,17,6,273.3
2018,09,17,7,274.6
2018,09,18,0,275.2
2018,09,18,1,275.0
2018,09,18,2,274.5
2018,09,18,3,274.3
2018,09,18,4,274.4
2018,09,18,5,277.5
2018,09,18,6,278.5
2018,09,18,7,275.4
2018,09,19,0,276.7
2018,09,19,1,276.7
2018,09,19,2,276.1
2018,09,19,3,275.5
2018,09,19,4,275.3
2018,09,19,5,275.3
2018,09,19,6,275.1
2018,09,19,7,275.8
2018,09,20,0,276.2
2018,09,20,1,276.0
2018,09,20,2,276.2
2018,09,20,3,276.4
2018,09,20,4,276.4
2018,09,20,5,276.0
2018,09,20,6,276.4
2018,09,20,7,276.2
2018,09,21,0,277.0
2018,09,21,1,276.7
2018,09,21,2,276.1
2018,09,21,3,275.6
2018,09,21,4,274.7
2018,09,21,5,274.1
2018,09,21,6,273.8
2018,09,21,7,274.7
2018,09,22,0,275.5
2018,09,22,1,275.3
2018,09,22,2,275.2
2018,09,22,3,275.0
2018,09,22,4,274.5
2018,09,22,5,273.9
2018,09,22,6,272.9
2018,09,22,7,274.2
2018,09,23,0,275.4
2018,09,23,1,275.3
2018,09,23,2,274.6
2018,09,23,3,274.4
2018,09,23,4,274.2
2018,09,23,5,274.1
2018,09,23,6,275.3
2018,09,23,7,274.7
2018,09,24,0,276.2
2018,09,24,1,276.4
2018,09,24,2,275.6
2018,09,24,3,275.1
2018,09,24,4,274.9
2018,09,24,5,274.7
2018,09,24,6,274.2
2018,09,24,7,275.3
2018,09,25,0,275.7
2018,09,25,1,275.6
2018,09,25,2,275.1
2018,09,25,3,274.8
2018,09,25,4,274.4
2018,09,25,5,274.3
2018,09,25,6,274.1
2018,09,25,7,275.2
2018,09,26,0,275.8
2018,09,26,1,275.7
2018,09,26,2,275.2
2018,09,26,3,274.8
2018,09,26,4,274.2
2018,09,26,5,273.8
2018,09,26,6,273.3
2018,09,26,7,274.8
2018,09,27,0,275.6
2018,09,27,1,275.5
2018,09,27,2,275.4
2018,09,27,3,275.3
2018,09,27,4,275.1
2018,09,27,5,275.6
2018,09,27,6,276.1
2018,09,27,7,273.7
2018,09,28,0,273.9
2018,09,28,1,273.1
2018,09,28,2,272.6
2018,09,28,3,272.5
2018,09,28,4,271.8
2018,09,28,5,272.5
2018,09,28,6,272.7
2018,09,28,7,271.3
2018,09,29,0,271.6
2018,09,29,1,272.0
2018,09,29,2,272.7
2018,09,29,3,273.0
2018,09,29,4,272.8
2018,09,29,5,272.4
2018,09,29,6,272.6
2018,09,29,7,272.7
2018,09,30,0,273.6
2018,09,30,1,273.9
2018,09,30,2,274.5
2018,09,30,3,274.7
2018,09,30,4,273.9
2018,09,30,5,273.4
2018,09,30,6,273.2
2018,09,30,7,273.2
2018,09,31,0,273.7
2018,09,31,1,273.5
2018,09,31,2,273.1
2018,09,31,3,272.5
2018,09,31,4,271.6
2018,09,31,5,270.8
2018,09,31,6,270.1
2018,09,31,7,269.9
2018,09,1,0,271.1
2018,09,1,1,270.7
2018,09,1,2,271.7
2018,09,1,3,271.6
2018,09,1,4,272.9
2018,09,1,5,272.6
2018,09,1,6,272.7
2018,09,1,7,272.1
2018,09,2,0,271.5
2018,09,2,1,272.0
2018,09,2,2,271.2
2018,09,2,3,270.6
2018,09,2,4,271.1
2018,09,2,5,270.7
2018,09,2,6,269.9
2018,09,2,7,270.3
2018,09,3,0,271.5
2018,09,3,1,271.6
2018,09,3,2,271.0
2018,09,3,3,270.1
2018,09,3,4,269.3
2018,09,3,5,268.8
2018,09,3,6,268.4
2018,09,3,7,269.7
2018,09,4,0,269.9
2018,09,4,1,270.0
2018,09,4,2,269.8
2018,09,4,3,269.5
2018,09,4,4,269.0
2018,09,4,5,268.5
2018,09,4,6,268.4
2018,09,4,7,268.4
2018,09,5,0,269.4
2018,09,5,1,269.3
2018,09,5,2,269.2
2018,09,5,3,269.7
2018,09,5,4,269.1
2018,09,5,5,268.7
2018,09,5,6,269.3
2018,09,5,7,270.1
2018,09,6,0,271.1
2018,09,6,1,270.7
2018,09,6,2,270.8
2018,09,6,3,271.2
2018,09,6,4,269.9
2018,09,6,5,269.0
2018,09,6,6,269.2
2018,09,6,7,270.8
2018,09,7,0,272.1
2018,09,7,1,271.8
2018,09,7,2,272.2
2018,09,7,3,272.9
2018,09,7,4,272.1
2018,09,7,5,273.0
2018,09,7,6,273.9
2018,09,7,7,272.4
2018,09,8,0,274.1
2018,09,8,1,274.5
2018,09,8,2,274.1
2018,09,8,3,275.5
2018,09,8,4,275.4
2018,09,8,5,274.9
2018,09,8,6,275.1
2018,09,8,7,274.9
2018,09,9,0,275.8
2018,09,9,1,275.5
2018,09,9,2,275.0
2018,09,9,3,275.0
2018,09,9,4,274.8
2018,09,9,5,274.4
2018,09,9,6,275.0
2018,09,9,7,274.2
2018,09,10,0,275.6
2018,09,10,1,275.8
2018,09,10,2,275.6
2018,09,10,3,275.8
2018,09,10,4,275.2
2018,09,10,5,274.7
2018,09,10,6,274.6
2018,09,10,7,274.7
2018,09,11,0,275.8
2018,09,11,1,275.8
2018,09,11,2,275.1
2018,09,11,3,274.9
2018,09,11,4,274.2
2018,09,11,5,273.8
2018,09,11,6,273.5
2018,09,11,7,274.1
2018,09,12,0,274.7
2018,09,12,1,274.4
2018,09,12,2,273.5
2018,09,12,3,272.6
2018,09,12,4,272.2
2018,09,12,5,271.7
2018,09,12,6,271.6
2018,09,12,7,271.1
2018,09,13,0,271.9
2018,09,13,1,272.0
2018,09,13,2,272.4
2018,09,13,3,272.2
2018,09,13,4,270.9
2018,09,13,5,270.6
2018,09,13,6,271.8
2018,09,13,7,271.2
2018,09,14,0,272.0
2018,09,14,1,272.1
2018,09,14,2,272.6
2018,09,14,3,272.5
2018,09,14,4,271.9
2018,09,14,5,271.4
2018,09,14,6,271.6
2018,09,14,7,269.8
2018,09,15,0,270.9
2018,09,15,1,270.7
2018,09,15,2,271.5
2018,09,15,3,271.2
2018,09,15,4,269.8
2018,09,15,5,269.7
2018,09,15,6,270.5
2018,09,15,7,271.1
2018,09,16,0,273.5
2018,09,16,1,274.8
2018,09,16,2,274.9
2018,09,16,3,273.7
2018,09,16,4,274.1
2018,09,16,5,273.3
2018,09,16,6,274.8
2018,09,16,7,271.9
2018,09,17,0,272.7
2018,09,17,1,273.0
2018,09,17,2,273.7
2018,09,17,3,274.1
2018,09,17,4,273.5
2018,09,17,5,273.7
2018,09,17,6,273.8
2018,09,17,7,272.1
2018,09,18,0,273.1
2018,09,18,1,273.5
2018,09,18,2,274.0
2018,09,18,3,273.7
2018,09,18,4,273.0
2018,09,18,5,272.4
2018,09,18,6,271.9
2018,09,18,7,271.8
2018,09,19,0,272.4
2018,09,19,1,272.0
2018,09,19,2,271.0
2018,09,19,3,270.2
2018,09,19,4,270.1
2018,09,19,5,270.4
2018,09,19,6,271.0
2018,09,19,7,271.1
2018,09,20,0,272.3
2018,09,20,1,273.2
2018,09,20,2,273.5
2018,09,20,3,274.0
2018,09,20,4,274.1
2018,09,20,5,274.2
2018,09,20,6,274.2
2018,09,20,7,273.4
2018,09,21,0,272.9
2018,09,21,1,272.8
2018,09,21,2,272.6
2018,09,21,3,272.4
2018,09,21,4,271.8
2018,09,21,5,271.6
2018,09,21,6,271.5
2018,09,21,7,270.9
2018,09,22,0,272.0
2018,09,22,1,272.0
2018,09,22,2,271.4
2018,09,22,3,270.6
2018,09,22,4,272.0
2018,09,22,5,272.4
2018,09,22,6,272.9
2018,09,22,7,271.2
2018,09,23,0,271.8
2018,09,23,1,271.8
2018,09,23,2,272.0
2018,09,23,3,271.9
2018,09,23,4,271.6
2018,09,23,5,271.6
2018,09,23,6,272.2
2018,09,23,7,270.9
2018,09,24,0,270.8
2018,09,24,1,270.9
2018,09,24,2,270.2
2018,09,24,3,271.8
2018,09,24,4,272.2
2018,09,24,5,271.6
2018,09,24,6,271.7
2018,09,24,7,270.8
2018,09,25,0,270.8
2018,09,25,1,271.0
2018,09,25,2,271.5
2018,09,25,3,271.8
2018,09,25,4,272.1
2018,09,25,5,272.6
2018,09,25,6,272.6
2018,09,25,7,272.1
2018,09,26,0,272.4
2018,09,26,1,272.8
2018,09,26,2,274.6
2018,09,26,3,275.7
2018,09,26,4,275.7
2018,09,26,5,276.2
2018,09,26,6,276.9
2018,09,26,7,276.7
2018,09,27,0,276.3
2018,09,27,1,277.5
2018,09,27,2,278.4
2018,09,27,3,278.9
2018,09,27,4,278.1
2018,09,27,5,276.6
2018,09,27,6,277.6
2018,09,27,7,275.6
2018,09,28,0,275.8
2018,09,28,1,275.7
2018,09,28,2,276.2
2018,09,28,3,275.8
2018,09,28,4,274.9
2018,09,28,5,274.6
2018,09,28,6,275.9
2018,09,28,7,274.4
2018,09,29,0,274.6
2018,09,29,1,274.2
2018,09,29,2,274.7
2018,09,29,3,274.8
2018,09,29,4,273.7
2018,09,29,5,272.8
2018,09,29,6,272.3
2018,09,29,7,270.9
2018,09,30,0,271.1
2018,09,30,1,271.8
2018,09,30,2,272.2
2018,09,30,3,271.8
2018,09,30,4,271.6
2018,09,30,5,271.3
2018,09,30,6,271.3
2018,09,30,7,270.5
2018,09,1,0,270.6
2018,09,1,1,270.4
2018,09,1,2,270.1
2018,09,1,3,270.7
2018,09,1,4,270.5
2018,09,1,5,270.5
2018,09,1,6,271.2
2018,09,1,7,270.3
2018,09,2,0,270.3
2018,09,2,1,270.4
2018,09,2,2,271.4
2018,09,2,3,271.9
2018,09,2,4,270.1
2018,09,2,5,270.4
2018,09,2,6,271.0
2018,09,2,7,271.7
2018,09,3,0,269.7
2018,09,3,1,269.3
2018,09,3,2,269.4
2018,09,3,3,268.7
2018,09,3,4,267.6
2018,09,3,5,266.5
2018,09,3,6,265.9
2018,09,3,7,266.1
2018,09,4,0,266.3
2018,09,4,1,265.9
2018,09,4,2,266.3
2018,09,4,3,266.7
2018,09,4,4,267.5
2018,09,4,5,267.3
2018,09,4,6,268.5
2018,09,4,7,267.8
2018,09,5,0,266.6
2018,09,5,1,266.4
2018,09,5,2,266.2
2018,09,5,3,267.7
2018,09,5,4,269.4
2018,09,5,5,270.2
2018,09,5,6,271.5
2018,09,5,7,271.0
2018,09,6,0,268.9
2018,09,6,1,269.5
2018,09,6,2,268.1
2018,09,6,3,267.2
2018,09,6,4,266.0
2018,09,6,5,265.2
2018,09,6,6,264.4
2018,09,6,7,263.3
2018,09,7,0,263.0
2018,09,7,1,262.3
2018,09,7,2,262.9
2018,09,7,3,263.7
2018,09,7,4,263.6
2018,09,7,5,264.6
2018,09,7,6,265.7
2018,09,7,7,266.6
2018,09,8,0,267.4
2018,09,8,1,268.7
2018,09,8,2,268.2
2018,09,8,3,267.6
2018,09,8,4,268.9
2018,09,8,5,268.6
2018,09,8,6,268.0
2018,09,8,7,268.3
2018,09,9,0,268.2
2018,09,9,1,268.3
2018,09,9,2,268.7
2018,09,9,3,269.0
2018,09,9,4,272.8
2018,09,9,5,274.0
2018,09,9,6,272.2
2018,09,9,7,270.3
2018,09,10,0,269.3
2018,09,10,1,268.7
2018,09,10,2,271.7
2018,09,10,3,273.0
2018,09,10,4,271.5
2018,09,10,5,270.2
2018,09,10,6,269.6
2018,09,10,7,265.2
2018,09,11,0,264.9
2018,09,11,1,264.5
2018,09,11,2,264.6
2018,09,11,3,264.4
2018,09,11,4,265.8
2018,09,11,5,265.3
2018,09,11,6,264.9
2018,09,11,7,264.4
2018,09,12,0,265.1
2018,09,12,1,265.4
2018,09,12,2,265.9
2018,09,12,3,266.0
2018,09,12,4,266.1
2018,09,12,5,266.5
2018,09,12,6,267.4
2018,09,12,7,268.1
2018,09,13,0,268.3
2018,09,13,1,268.5
2018,09,13,2,268.7
2018,09,13,3,268.3
2018,09,13,4,268.6
2018,09,13,5,269.3
2018,09,13,6,270.0
2018,09,13,7,269.5
2018,09,14,0,270.1
2018,09,14,1,270.4
2018,09,14,2,270.3
2018,09,14,3,269.8
2018,09,14,4,269.4
2018,09,14,5,269.2
2018,09,14,6,268.2
2018,09,14,7,267.0
2018,09,15,0,265.3
2018,09,15,1,263.8
2018,09,15,2,263.0
2018,09,15,3,264.0
2018,09,15,4,265.5
2018,09,15,5,267.6
2018,09,15,6,267.7
2018,09,15,7,266.6
2018,09,16,0,265.4
2018,09,16,1,265.4
2018,09,16,2,265.0
2018,09,16,3,265.1
2018,09,16,4,265.0
2018,09,16,5,264.7
2018,09,16,6,265.4
2018,09,16,7,266.2
2018,09,17,0,266.2
2018,09,17,1,266.8
2018,09,17,2,267.0
2018,09,17,3,266.3
2018,09,17,4,266.5
2018,09,17,5,266.7
2018,09,17,6,266.8
2018,09,17,7,266.2
2018,09,18,0,266.0
2018,09,18,1,265.8
2018,09,18,2,267.5
2018,09,18,3,268.9
2018,09,18,4,268.8
2018,09,18,5,269.0
2018,09,18,6,267.8
2018,09,18,7,267.9
2018,09,19,0,268.4
2018,09,19,1,268.6
2018,09,19,2,268.5
2018,09,19,3,268.1
2018,09,19,4,268.0
2018,09,19,5,267.7
2018,09,19,6,267.3
2018,09,19,7,266.9
2018,09,20,0,266.9
2018,09,20,1,267.1
2018,09,20,2,267.3
2018,09,20,3,267.6
2018,09,20,4,267.4
2018,09,20,5,268.0
2018,09,20,6,268.8
2018,09,20,7,268.3
2018,09,21,0,267.1
2018,09,21,1,266.7
2018,09,21,2,267.6
2018,09,21,3,266.5
2018,09,21,4,265.7
2018,09,21,5,266.0
2018,09,21,6,264.3
2018,09,21,7,265.3
2018,09,22,0,264.6
2018,09,22,1,264.6
2018,09,22,2,264.2
2018,09,22,3,263.8
2018,09,22,4,263.3
2018,09,22,5,263.3
2018,09,22,6,264.5
2018,09,22,7,264.5
2018,09,23,0,264.6
2018,09,23,1,264.7
2018,09,23,2,264.9
2018,09,23,3,265.5
2018,09,23,4,265.4
2018,09,23,5,266.5
2018,09,23,6,268.5
2018,09,23,7,268.4
2018,09,24,0,266.4
2018,09,24,1,266.6
2018,09,24,2,268.7
2018,09,24,3,268.4
2018,09,24,4,268.1
2018,09,24,5,268.2
2018,09,24,6,268.8
2018,09,24,7,268.3
2018,09,25,0,268.8
2018,09,25,1,268.7
2018,09,25,2,269.9
2018,09,25,3,270.8
2018,09,25,4,270.7
2018,09,25,5,271.2
2018,09,25,6,272.2
2018,09,25,7,273.3
2018,09,26,0,272.5
2018,09,26,1,273.5
2018,09,26,2,273.5
2018,09,26,3,274.1
2018,09,26,4,274.0
2018,09,26,5,273.7
2018,09,26,6,273.5
2018,09,26,7,272.8
2018,09,27,0,272.6
2018,09,27,1,273.5
2018,09,27,2,274.5
2018,09,27,3,274.8
2018,09,27,4,274.6
2018,09,27,5,274.3
2018,09,27,6,274.2
2018,09,27,7,272.8
2018,09,28,0,273.2
2018,09,28,1,273.6
2018,09,28,2,274.2
2018,09,28,3,274.4
2018,09,28,4,274.0
2018,09,28,5,273.4
2018,09,28,6,274.0
2018,09,28,7,273.3
2018,09,29,0,272.5
2018,09,29,1,272.9
2018,09,29,2,272.9
2018,09,29,3,272.2
2018,09,29,4,271.7
2018,09,29,5,271.5
2018,09,29,6,270.5
2018,09,29,7,268.8
2018,09,30,0,267.9
2018,09,30,1,267.5
2018,09,30,2,267.1
2018,09,30,3,266.1
2018,09,30,4,264.4
2018,09,30,5,264.3
2018,09,30,6,265.3
2018,09,30,7,266.7
2018,09,31,0,266.2
2018,09,31,1,266.6
2018,09,31,2,268.8
2018,09,31,3,268.4
2018,09,31,4,268.0
2018,09,31,5,268.2
2018,09,31,6,267.8
2018,09,31,7,269.5
2018,09,1,0,271.6
2018,09,1,1,271.2
2018,09,1,2,270.6
2018,09,1,3,269.0
2018,09,1,4,268.2
2018,09,1,5,266.5
2018,09,1,6,267.6
2018,09,1,7,268.0
2018,09,2,0,268.7
2018,09,2,1,269.4
2018,09,2,2,269.9
2018,09,2,3,270.9
2018,09,2,4,271.4
2018,09,2,5,270.9
2018,09,2,6,270.6
2018,09,2,7,270.9
2018,09,3,0,268.9
2018,09,3,1,269.9
2018,09,3,2,270.8
2018,09,3,3,271.9
2018,09,3,4,272.6
2018,09,3,5,272.9
2018,09,3,6,271.7
2018,09,3,7,273.4
2018,09,4,0,271.9
2018,09,4,1,271.2
2018,09,4,2,274.3
2018,09,4,3,273.5
2018,09,4,4,274.1
2018,09,4,5,275.4
2018,09,4,6,274.6
2018,09,4,7,274.0
2018,09,5,0,272.8
2018,09,5,1,273.6
2018,09,5,2,274.5
2018,09,5,3,274.1
2018,09,5,4,273.9
2018,09,5,5,273.5
2018,09,5,6,273.2
2018,09,5,7,272.5
2018,09,6,0,271.8
2018,09,6,1,271.7
2018,09,6,2,271.4
2018,09,6,3,271.3
2018,09,6,4,270.8
2018,09,6,5,269.7
2018,09,6,6,270.6
2018,09,6,7,269.5
2018,09,7,0,269.2
2018,09,7,1,269.8
2018,09,7,2,268.6
2018,09,7,3,268.1
2018,09,7,4,268.2
2018,09,7,5,268.7
2018,09,7,6,269.1
2018,09,7,7,268.6
2018,09,8,0,269.1
2018,09,8,1,269.8
2018,09,8,2,269.4
2018,09,8,3,268.5
2018,09,8,4,267.0
2018,09,8,5,265.5
2018,09,8,6,265.0
2018,09,8,7,264.7
2018,09,9,0,265.0
2018,09,9,1,265.6
2018,09,9,2,265.5
2018,09,9,3,265.2
2018,09,9,4,265.3
2018,09,9,5,266.3
2018,09,9,6,267.2
2018,09,9,7,267.8
2018,09,10,0,268.7
2018,09,10,1,269.2
2018,09,10,2,268.8
2018,09,10,3,268.3
2018,09,10,4,268.3
2018,09,10,5,268.5
2018,09,10,6,268.1
2018,09,10,7,267.4
2018,09,11,0,266.7
2018,09,11,1,266.3
2018,09,11,2,265.8
2018,09,11,3,267.3
2018,09,11,4,266.9
2018,09,11,5,268.0
2018,09,11,6,268.6
2018,09,11,7,268.3
2018,09,12,0,266.5
2018,09,12,1,266.4
2018,09,12,2,266.0
2018,09,12,3,265.9
2018,09,12,4,266.2
2018,09,12,5,266.5
2018,09,12,6,266.5
2018,09,12,7,266.5
2018,09,13,0,266.8
2018,09,13,1,267.2
2018,09,13,2,267.1
2018,09,13,3,267.4
2018,09,13,4,268.3
2018,09,13,5,267.9
2018,09,13,6,268.4
2018,09,13,7,268.0
2018,09,14,0,267.9
2018,09,14,1,267.7
2018,09,14,2,267.4
2018,09,14,3,266.9
2018,09,14,4,267.2
2018,09,14,5,267.2
2018,09,14,6,267.3
2018,09,14,7,267.4
2018,09,15,0,267.3
2018,09,15,1,267.2
2018,09,15,2,266.6
2018,09,15,3,266.2
2018,09,15,4,266.1
2018,09,15,5,266.2
2018,09,15,6,266.3
2018,09,15,7,266.2
2018,09,16,0,266.0
2018,09,16,1,266.3
2018,09,16,2,266.4
2018,09,16,3,266.1
2018,09,16,4,265.6
2018,09,16,5,265.5
2018,09,16,6,265.7
2018,09,16,7,265.2
2018,09,17,0,265.2
2018,09,17,1,265.2
2018,09,17,2,265.4
2018,09,17,3,265.7
2018,09,17,4,265.6
2018,09,17,5,265.6
2018,09,17,6,266.0
2018,09,17,7,265.2
2018,09,18,0,264.7
2018,09,18,1,264.5
2018,09,18,2,264.3
2018,09,18,3,264.2
2018,09,18,4,264.3
2018,09,18,5,264.3
2018,09,18,6,264.0
2018,09,18,7,263.9
2018,09,19,0,264.5
2018,09,19,1,264.8
2018,09,19,2,265.3
2018,09,19,3,265.6
2018,09,19,4,265.9
2018,09,19,5,266.0
2018,09,19,6,265.8
2018,09,19,7,265.5
2018,09,20,0,265.2
2018,09,20,1,265.1
2018,09,20,2,265.0
2018,09,20,3,264.5
2018,09,20,4,264.0
2018,09,20,5,264.0
2018,09,20,6,264.3
2018,09,20,7,264.5
2018,09,21,0,265.0
2018,09,21,1,265.5
2018,09,21,2,265.3
2018,09,21,3,265.5
2018,09,21,4,265.6
2018,09,21,5,266.0
2018,09,21,6,266.2
2018,09,21,7,266.5
2018,09,22,0,264.4
2018,09,22,1,265.6
2018,09,22,2,266.0
2018,09,22,3,263.2
2018,09,22,4,260.3
2018,09,22,5,259.8
2018,09,22,6,260.5
2018,09,22,7,262.1
2018,09,23,0,263.4
2018,09,23,1,264.1
2018,09,23,2,265.2
2018,09,23,3,266.0
2018,09,23,4,266.2
2018,09,23,5,266.6
2018,09,23,6,265.9
2018,09,23,7,265.7
2018,09,24,0,265.8
2018,09,24,1,265.7
2018,09,24,2,266.8
2018,09,24,3,267.5
2018,09,24,4,267.9
2018,09,24,5,267.4
2018,09,24,6,267.4
2018,09,24,7,267.5
2018,09,25,0,267.3
2018,09,25,1,267.1
2018,09,25,2,266.9
2018,09,25,3,266.9
2018,09,25,4,266.0
2018,09,25,5,265.0
2018,09,25,6,264.8
2018,09,25,7,263.9
2018,09,26,0,263.5
2018,09,26,1,264.4
2018,09,26,2,267.5
2018,09,26,3,268.8
2018,09,26,4,268.0
2018,09,26,5,268.9
2018,09,26,6,268.6
2018,09,26,7,269.7
2018,09,27,0,269.5
2018,09,27,1,269.5
2018,09,27,2,268.9
2018,09,27,3,269.0
2018,09,27,4,269.3
2018,09,27,5,269.6
2018,09,27,6,269.6
2018,09,27,7,269.2
2018,09,28,0,268.6
2018,09,28,1,268.3
2018,09,28,2,268.0
2018,09,28,3,267.5
2018,09,28,4,266.7
2018,09,28,5,266.0
2018,09,28,6,265.2
2018,09,28,7,264.5
2018,09,29,0,262.7
2018,09,29,1,262.3
2018,09,29,2,263.2
2018,09,29,3,263.9
2018,09,29,4,264.9
2018,09,29,5,261.8
2018,09,29,6,258.8
2018,09,29,7,259.6
2018,09,30,0,261.0
2018,09,30,1,260.8
2018,09,30,2,259.6
2018,09,30,3,259.2
2018,09,30,4,258.4
2018,09,30,5,259.0
2018,09,30,6,260.9
2018,09,30,7,261.1
2018,09,1,0,260.2
2018,09,1,1,259.7
2018,09,1,2,259.6
2018,09,1,3,259.1
2018,09,1,4,259.0
2018,09,1,5,258.9
2018,09,1,6,258.8
2018,09,1,7,257.0
2018,09,2,0,255.8
2018,09,2,1,253.8
2018,09,2,2,253.3
2018,09,2,3,253.4
2018,09,2,4,253.3
2018,09,2,5,252.6
2018,09,2,6,257.8
2018,09,2,7,260.4
2018,09,3,0,260.2
2018,09,3,1,261.6
2018,09,3,2,262.6
2018,09,3,3,262.6
2018,09,3,4,262.8
2018,09,3,5,262.1
2018,09,3,6,262.4
2018,09,3,7,263.1
2018,09,4,0,264.4
2018,09,4,1,265.0
2018,09,4,2,265.3
2018,09,4,3,264.8
2018,09,4,4,264.4
2018,09,4,5,263.5
2018,09,4,6,263.7
2018,09,4,7,264.6
2018,09,5,0,263.6
2018,09,5,1,263.2
2018,09,5,2,263.4
2018,09,5,3,264.0
2018,09,5,4,263.0
2018,09,5,5,261.9
2018,09,5,6,262.0
2018,09,5,7,261.4
2018,09,6,0,260.7
2018,09,6,1,260.3
2018,09,6,2,260.5
2018,09,6,3,260.5
2018,09,6,4,260.2
2018,09,6,5,260.6
2018,09,6,6,260.6
2018,09,6,7,260.9
2018,09,7,0,261.9
2018,09,7,1,262.0
2018,09,7,2,262.4
2018,09,7,3,262.4
2018,09,7,4,262.3
2018,09,7,5,263.0
2018,09,7,6,263.8
2018,09,7,7,264.9
2018,09,8,0,265.4
2018,09,8,1,265.5
2018,09,8,2,266.0
2018,09,8,3,265.9
2018,09,8,4,265.5
2018,09,8,5,265.9
2018,09,8,6,266.9
2018,09,8,7,267.2
2018,09,9,0,267.2
2018,09,9,1,267.4
2018,09,9,2,268.0
2018,09,9,3,267.8
2018,09,9,4,267.8
2018,09,9,5,268.3
2018,09,9,6,268.5
2018,09,9,7,268.0
2018,09,10,0,267.3
2018,09,10,1,266.8
2018,09,10,2,266.9
2018,09,10,3,267.1
2018,09,10,4,267.3
2018,09,10,5,267.0
2018,09,10,6,266.7
2018,09,10,7,266.0
2018,09,11,0,265.3
2018,09,11,1,264.6
2018,09,11,2,264.4
2018,09,11,3,264.5
2018,09,11,4,264.2
2018,09,11,5,264.2
2018,09,11,6,265.5
2018,09,11,7,266.5
2018,09,12,0,267.0
2018,09,12,1,267.5
2018,09,12,2,267.7
2018,09,12,3,268.1
2018,09,12,4,268.4
2018,09,12,5,266.4
2018,09,12,6,264.7
2018,09,12,7,265.0
2018,09,13,0,265.4
2018,09,13,1,266.4
2018,09,13,2,265.9
2018,09,13,3,266.0
2018,09,13,4,267.8
2018,09,13,5,267.8
2018,09,13,6,267.7
2018,09,13,7,267.6
2018,09,14,0,268.2
2018,09,14,1,268.3
2018,09,14,2,268.2
2018,09,14,3,268.4
2018,09,14,4,268.2
2018,09,14,5,267.3
2018,09,14,6,266.6
2018,09,14,7,265.8
2018,09,15,0,266.9
2018,09,15,1,267.1
2018,09,15,2,267.0
2018,09,15,3,267.4
2018,09,15,4,267.3
2018,09,15,5,267.3
2018,09,15,6,268.5
2018,09,15,7,269.2
2018,09,16,0,269.5
2018,09,16,1,269.7
2018,09,16,2,269.7
2018,09,16,3,269.6
2018,09,16,4,268.9
2018,09,16,5,268.4
2018,09,16,6,268.5
2018,09,16,7,267.4
2018,09,17,0,266.3
2018,09,17,1,265.7
2018,09,17,2,265.4
2018,09,17,3,265.6
2018,09,17,4,264.9
2018,09,17,5,264.1
2018,09,17,6,263.0
2018,09,17,7,263.1
2018,09,18,0,265.3
2018,09,18,1,267.0
2018,09,18,2,266.5
2018,09,18,3,267.4
2018,09,18,4,268.4
2018,09,18,5,269.8
2018,09,18,6,270.2
2018,09,18,7,270.4
2018,09,19,0,270.1
2018,09,19,1,270.3
2018,09,19,2,271.1
2018,09,19,3,271.2
2018,09,19,4,270.9
2018,09,19,5,271.2
2018,09,19,6,271.8
2018,09,19,7,272.1
2018,09,20,0,272.4
2018,09,20,1,272.6
2018,09,20,2,272.9
2018,09,20,3,273.4
2018,09,20,4,273.7
2018,09,20,5,273.5
2018,09,20,6,273.7
2018,09,20,7,273.3
2018,09,21,0,272.7
2018,09,21,1,271.8
2018,09,21,2,269.6
2018,09,21,3,268.2
2018,09,21,4,267.3
2018,09,21,5,266.3
2018,09,21,6,265.0
2018,09,21,7,267.3
2018,09,22,0,266.8
2018,09,22,1,265.9
2018,09,22,2,265.2
2018,09,22,3,265.5
2018,09,22,4,266.9
2018,09,22,5,267.4
2018,09,22,6,266.5
2018,09,22,7,266.5
2018,09,23,0,265.8
2018,09,23,1,265.7
2018,09,23,2,265.9
2018,09,23,3,265.7
2018,09,23,4,266.0
2018,09,23,5,266.2
2018,09,23,6,266.0
2018,09,23,7,265.4
2018,09,24,0,264.9
2018,09,24,1,265.4
2018,09,24,2,265.1
2018,09,24,3,265.5
2018,09,24,4,265.0
2018,09,24,5,264.4
2018,09,24,6,264.0
2018,09,24,7,264.3
2018,09,25,0,263.6
2018,09,25,1,262.3
2018,09,25,2,261.6
2018,09,25,3,259.5
2018,09,25,4,257.6
2018,09,25,5,258.6
2018,09,25,6,259.1
2018,09,25,7,258.9
2018,09,26,0,259.0
2018,09,26,1,260.5
2018,09,26,2,264.1
2018,09,26,3,264.6
2018,09,26,4,264.7
2018,09,26,5,263.8
2018,09,26,6,263.3
2018,09,26,7,263.3
2018,09,27,0,263.8
2018,09,27,1,263.8
2018,09,27,2,262.3
2018,09,27,3,261.1
2018,09,27,4,258.3
2018,09,27,5,254.6
2018,09,27,6,252.9
2018,09,27,7,251.9
2018,09,28,0,249.8
2018,09,28,1,249.4
2018,09,28,2,252.5
2018,09,28,3,252.3
2018,09,28,4,252.3
2018,09,28,5,255.0
2018,09,28,6,255.7
2018,09,28,7,256.9
2018,09,29,0,258.1
2018,09,29,1,259.3
2018,09,29,2,260.4
2018,09,29,3,261.4
2018,09,29,4,263.6
2018,09,29,5,265.2
2018,09,29,6,265.4
2018,09,29,7,265.7
2018,09,30,0,265.2
2018,09,30,1,265.2
2018,09,30,2,265.6
2018,09,30,3,266.3
2018,09,30,4,263.9
2018,09,30,5,264.0
2018,09,30,6,266.0
2018,09,30,7,265.7
2018,09,31,0,264.5
2018,09,31,1,262.5
2018,09,31,2,262.0
2018,09,31,3,260.6
2018,09,31,4,256.4
2018,09,31,5,252.6
2018,09,31,6,250.8
2018,09,31,7,249.3
2019,09,1,0,249.8
2019,09,1,1,251.7
2019,09,1,2,252.0
2019,09,1,3,255.7
2019,09,1,4,259.3
2019,09,1,5,260.8
2019,09,1,6,263.1
2019,09,1,7,265.4
